%YAML:1.0
---
videoName: "headShake2.mp4"
gestureLabel: 201
fps: 29
pixelSizeInCmTemp: 3.4214285714285714e-01
faceCenterPointX: 276
faceCenterPointY: 98
headPositionsX: [ 278, 277, 278, 276, 279, 279, 279, 279, 276, 275, 279,
    275, 276, 278, 275, 278, 278, 277, 278, 275, 278, 277, 278, 277, 278,
    277, 279, 277, 276, 277, 276, 279, 275, 278, 277, 275, 276, 276, 277,
    279, 276, 280, 279, 284, 287, 291, 291, 293, 292, 294, 292, 286, 283,
    276, 271, 266, 265, 263, 266, 265, 273, 278, 285, 290, 292, 289, 289,
    286, 281, 278, 275, 269, 268, 267, 268, 271, 274, 280, 281, 286, 288,
    286, 288, 284, 281, 281, 278, 276, 275, 278, 275, 273, 275, 274, 276,
    273, 275, 273, 274, 276 ]
headPositionsY: [ 98, 96, 97, 96, 97, 97, 100, 98, 96, 98, 99, 99, 97,
    98, 98, 100, 96, 101, 100, 97, 99, 99, 97, 99, 97, 100, 97, 97, 99,
    100, 96, 97, 98, 100, 101, 99, 98, 99, 97, 101, 96, 97, 100, 97, 98,
    98, 97, 98, 96, 98, 94, 99, 98, 96, 96, 99, 98, 98, 99, 96, 96, 97,
    96, 98, 96, 94, 99, 95, 96, 100, 99, 97, 98, 97, 98, 100, 97, 97, 99,
    98, 97, 96, 100, 97, 98, 99, 97, 99, 100, 99, 100, 98, 97, 99, 99,
    98, 96, 98, 101, 99 ]
