%YAML:1.0
---
videoName: "headNod26.mp4"
gestureLabel: 202
fps: 29
pixelSizeInCmTemp: 3.1513157894736843e-01
faceCenterPointX: 271
faceCenterPointY: 78
headPositionsX: [ 269, 273, 270, 273, 274, 272, 272, 273, 274, 274, 271,
    273, 271, 270, 272, 274, 273, 270, 273, 270, 271, 275, 272, 270, 274,
    274, 269, 270, 271, 271, 274, 271, 274, 272, 271, 271, 271, 270, 273,
    269, 270, 272, 272, 274, 270, 272, 271, 272, 269, 273, 270, 271, 271,
    272, 271, 273, 272, 271, 272, 269, 274, 274, 274, 274, 273, 272, 272,
    273, 274, 271, 271, 272, 272, 272, 273, 273, 272, 271, 272, 273, 268,
    269, 273, 268, 270, 269, 270, 273, 270, 273, 273, 270, 270, 272, 272,
    271, 269, 269, 271, 271 ]
headPositionsY: [ 77, 74, 74, 74, 72, 72, 70, 68, 70, 69, 66, 66, 63, 64,
    68, 68, 71, 71, 74, 75, 78, 82, 82, 83, 81, 80, 76, 75, 72, 69, 71,
    67, 70, 70, 70, 73, 75, 74, 77, 79, 78, 79, 76, 74, 75, 69, 71, 69,
    67, 67, 67, 73, 73, 73, 74, 76, 78, 76, 75, 71, 68, 66, 67, 67, 67,
    67, 70, 68, 73, 73, 75, 76, 76, 78, 77, 74, 70, 69, 69, 71, 66, 67,
    72, 68, 70, 74, 73, 79, 79, 79, 77, 81, 76, 80, 79, 79, 76, 76, 79,
    76 ]
