%YAML:1.0
---
videoName: "headShake12.mp4"
gestureLabel: 201
fps: 29
pixelSizeInCmTemp: 3.2808219178082193e-01
faceCenterPointX: 241
faceCenterPointY: 76
headPositionsX: [ 240, 240, 241, 240, 241, 241, 240, 242, 243, 243, 244,
    241, 240, 241, 240, 241, 241, 242, 244, 243, 241, 241, 241, 241, 240,
    243, 240, 239, 242, 239, 244, 243, 241, 244, 243, 240, 243, 239, 240,
    242, 239, 242, 240, 240, 243, 243, 243, 239, 243, 241, 241, 243, 240,
    242, 243, 240, 240, 243, 243, 246, 249, 253, 256, 255, 258, 258, 258,
    254, 250, 240, 235, 234, 231, 231, 239, 243, 248, 248, 254, 252, 252,
    251, 248, 243, 240, 239, 238, 236, 234, 235, 240, 239, 241, 241, 238,
    240, 241, 241, 242, 239 ]
headPositionsY: [ 77, 74, 74, 74, 75, 75, 72, 72, 73, 74, 75, 73, 76, 74,
    75, 73, 74, 72, 72, 74, 75, 73, 77, 75, 74, 74, 72, 74, 75, 72, 72,
    71, 77, 73, 73, 73, 75, 75, 74, 75, 73, 72, 74, 76, 73, 73, 73, 73,
    72, 73, 74, 72, 76, 76, 75, 74, 76, 77, 76, 75, 73, 75, 71, 71, 73,
    72, 75, 72, 75, 75, 76, 78, 74, 77, 74, 77, 77, 73, 75, 77, 73, 75,
    78, 77, 75, 76, 75, 78, 75, 77, 78, 75, 76, 78, 78, 75, 74, 73, 78,
    77 ]
