%YAML:1.0
---
videoName: "headNod23.mp4"
gestureLabel: 202
fps: 29
pixelSizeInCmTemp: 3.1933333333333330e-01
faceCenterPointX: 273
faceCenterPointY: 75
headPositionsX: [ 271, 274, 273, 273, 274, 276, 275, 275, 273, 275, 276,
    276, 272, 273, 274, 272, 275, 274, 274, 275, 276, 273, 275, 272, 274,
    276, 276, 275, 274, 277, 277, 273, 275, 276, 273, 274, 272, 276, 274,
    273, 271, 273, 270, 274, 274, 272, 271, 271, 274, 273, 276, 276, 275,
    272, 275, 273, 271, 272, 274, 271, 272, 276, 273, 274, 274, 273, 274,
    274, 275, 272, 272, 274, 274, 273, 272, 275, 273, 273, 273, 273, 275,
    273, 275, 272, 273, 274, 275, 275, 274, 276, 272, 273, 274, 274, 275,
    272, 273, 275, 274, 271 ]
headPositionsY: [ 74, 76, 78, 79, 76, 77, 75, 79, 76, 78, 74, 75, 77, 78,
    75, 79, 77, 77, 75, 76, 76, 79, 79, 74, 73, 74, 71, 69, 64, 65, 64,
    64, 67, 67, 70, 70, 74, 77, 78, 81, 83, 81, 82, 81, 77, 74, 69, 69,
    67, 69, 68, 70, 71, 72, 73, 77, 78, 78, 79, 78, 78, 78, 76, 71, 68,
    71, 71, 70, 68, 72, 73, 76, 75, 79, 78, 81, 81, 79, 75, 78, 78, 74,
    75, 75, 76, 70, 72, 74, 72, 72, 74, 76, 77, 76, 76, 75, 76, 76, 75,
    74 ]
