%YAML:1.0
---
videoName: "headNod43.mp4"
gestureLabel: 202
fps: 29
pixelSizeInCmTemp: 2.8855421686746985e-01
faceCenterPointX: 268
faceCenterPointY: 74
headPositionsX: [ 267, 270, 272, 272, 267, 270, 268, 269, 270, 268, 268,
    271, 269, 269, 268, 270, 269, 266, 268, 269, 267, 267, 269, 267, 266,
    265, 266, 269, 268, 265, 266, 263, 266, 264, 266, 265, 266, 263, 263,
    263, 266, 265, 264, 265, 263, 266, 267, 266, 267, 267, 263, 265, 262,
    264, 265, 264, 262, 263, 265, 263, 266, 263, 263, 264, 264, 263, 264,
    268, 265, 269, 269, 267, 266, 266, 267, 265, 267, 269, 267, 266, 271,
    268, 268, 268, 268, 266, 267, 268, 269, 271, 267, 270, 267, 266, 268,
    268, 268, 270, 269, 266 ]
headPositionsY: [ 72, 78, 76, 78, 75, 76, 78, 77, 74, 76, 73, 75, 74, 74,
    78, 73, 76, 76, 77, 74, 76, 74, 76, 75, 74, 77, 81, 82, 86, 89, 92,
    88, 85, 85, 81, 77, 76, 82, 82, 84, 86, 91, 90, 87, 84, 82, 81, 82,
    82, 83, 87, 92, 90, 89, 88, 85, 81, 80, 83, 83, 89, 88, 90, 90, 91,
    85, 86, 82, 78, 77, 78, 80, 84, 86, 88, 91, 91, 86, 85, 83, 77, 77,
    75, 72, 72, 72, 75, 74, 72, 71, 74, 72, 75, 76, 71, 72, 71, 75, 75,
    75 ]
