%YAML:1.0
---
videoName: "headLookUp6.mp4"
gestureLabel: 205
fps: 30
pixelSizeInCmTemp: 3.7421874999999999e-01
faceCenterPointX: 255
faceCenterPointY: 70
headPositionsX: [ 253, 255, 256, 258, 254, 255, 257, 255, 255, 255, 258,
    255, 254, 253, 258, 257, 254, 253, 257, 257, 256, 257, 255, 257, 253,
    257, 257, 255, 254, 256, 256, 254, 255, 253, 252, 254, 256, 258, 256,
    257, 252, 257, 252, 254, 254, 257, 253, 254, 256, 255, 254, 255, 257,
    257, 255, 253, 255, 254, 256, 252, 256, 255, 255, 256, 252, 257, 256,
    253, 254, 256, 252, 253, 255, 256, 257, 252, 256, 253, 253, 254, 256,
    252, 257, 254, 255, 255, 253, 256, 253, 253, 254, 252, 256, 256, 257,
    252, 256, 255, 253, 255 ]
headPositionsY: [ 69, 82, 80, 84, 84, 84, 81, 84, 85, 85, 82, 84, 84, 82,
    83, 83, 84, 85, 86, 82, 84, 83, 84, 82, 80, 82, 79, 76, 78, 74, 73,
    71, 73, 72, 71, 68, 68, 69, 68, 72, 69, 68, 69, 70, 68, 70, 67, 67,
    67, 69, 69, 68, 71, 71, 67, 70, 70, 71, 71, 72, 68, 68, 66, 69, 69,
    70, 72, 70, 71, 71, 67, 67, 70, 70, 68, 66, 70, 72, 67, 69, 70, 70,
    69, 71, 70, 66, 69, 69, 68, 70, 71, 72, 72, 72, 69, 70, 71, 69, 70,
    69 ]
