%YAML:1.0
---
videoName: "headShake2.mp4"
gestureLabel: 201
fps: 29
pixelSizeInCmTemp: 3.4214285714285714e-01
faceCenterPointX: 276
faceCenterPointY: 98
headPositionsX: [ 274, 279, 276, 275, 276, 278, 277, 277, 277, 277, 276,
    275, 276, 279, 275, 279, 276, 278, 279, 276, 277, 276, 277, 279, 276,
    276, 277, 278, 280, 279, 278, 276, 278, 277, 276, 275, 278, 279, 276,
    278, 276, 277, 282, 285, 286, 288, 292, 292, 293, 296, 289, 289, 282,
    276, 273, 266, 268, 263, 265, 269, 273, 278, 281, 290, 289, 289, 289,
    287, 283, 279, 276, 270, 267, 267, 269, 270, 275, 277, 281, 285, 286,
    286, 287, 285, 285, 279, 280, 276, 276, 276, 275, 277, 275, 275, 276,
    274, 276, 274, 276, 274 ]
headPositionsY: [ 100, 100, 98, 96, 100, 98, 96, 99, 96, 98, 97, 98, 99,
    98, 99, 96, 98, 99, 98, 97, 100, 98, 97, 97, 98, 97, 101, 96, 99, 99,
    99, 97, 99, 100, 97, 98, 97, 101, 101, 97, 96, 98, 100, 96, 97, 99,
    97, 97, 94, 99, 95, 96, 97, 99, 100, 96, 97, 100, 98, 96, 97, 97, 98,
    95, 98, 94, 96, 95, 98, 100, 100, 98, 97, 100, 97, 99, 98, 101, 96,
    97, 100, 95, 99, 99, 99, 100, 100, 98, 99, 100, 98, 99, 97, 98, 97,
    100, 100, 99, 99, 102 ]
