%YAML:1.0
---
videoName: "headLookRight6.mp4"
gestureLabel: 204
fps: 29
pixelSizeInCmTemp: 3.8015873015873014e-01
faceCenterPointX: 226
faceCenterPointY: 72
headPositionsX: [ 226, 251, 248, 248, 248, 247, 248, 251, 249, 247, 247,
    248, 248, 251, 248, 252, 249, 252, 252, 250, 251, 249, 251, 248, 249,
    248, 250, 254, 252, 253, 250, 252, 248, 250, 249, 245, 245, 238, 235,
    234, 233, 230, 228, 229, 226, 226, 225, 225, 225, 228, 226, 224, 225,
    227, 225, 229, 228, 224, 225, 227, 228, 229, 229, 222, 227, 226, 224,
    229, 227, 227, 229, 229, 230, 230, 228, 225, 226, 226, 224, 226, 228,
    227, 224, 224, 226, 225, 229, 230, 225, 227, 224, 225, 232, 226, 228,
    230, 225, 226, 227, 225 ]
headPositionsY: [ 70, 70, 72, 73, 72, 70, 70, 71, 75, 75, 73, 75, 74, 74,
    76, 76, 71, 76, 76, 74, 76, 75, 72, 74, 73, 76, 73, 73, 72, 73, 76,
    73, 73, 74, 76, 74, 73, 76, 73, 72, 72, 72, 72, 77, 75, 74, 72, 73,
    76, 73, 76, 70, 73, 75, 71, 72, 77, 73, 71, 78, 74, 76, 74, 71, 74,
    71, 72, 72, 75, 74, 76, 76, 72, 71, 74, 74, 72, 76, 75, 74, 76, 76,
    75, 71, 72, 76, 78, 77, 72, 74, 75, 72, 77, 72, 70, 75, 69, 75, 76,
    72 ]
