%YAML:1.0
---
videoName: "headLookLeft9.mp4"
gestureLabel: 203
fps: 30
pixelSizeInCmTemp: 3.2364864864864862e-01
faceCenterPointX: 273
faceCenterPointY: 69
headPositionsX: [ 271, 246, 248, 248, 245, 246, 245, 244, 245, 245, 249,
    245, 248, 248, 245, 245, 245, 246, 245, 245, 246, 245, 247, 245, 248,
    245, 245, 243, 243, 243, 245, 244, 250, 247, 252, 253, 253, 259, 261,
    259, 263, 265, 268, 270, 267, 270, 273, 271, 270, 271, 271, 273, 272,
    269, 273, 271, 275, 272, 270, 271, 273, 270, 270, 274, 274, 272, 269,
    271, 272, 269, 271, 271, 272, 272, 272, 272, 274, 268, 271, 272, 269,
    272, 271, 271, 272, 267, 270, 271, 274, 270, 271, 271, 270, 271, 271,
    272, 271, 274, 271, 271 ]
headPositionsY: [ 69, 69, 68, 71, 72, 72, 69, 72, 67, 68, 73, 69, 72, 72,
    70, 70, 71, 70, 73, 69, 70, 68, 73, 69, 70, 71, 69, 71, 73, 71, 72,
    72, 72, 69, 68, 68, 69, 69, 67, 67, 66, 68, 67, 67, 69, 69, 69, 65,
    67, 68, 66, 64, 67, 66, 66, 68, 69, 69, 67, 69, 66, 66, 70, 68, 68,
    68, 67, 68, 69, 67, 65, 66, 66, 71, 71, 66, 67, 68, 68, 68, 68, 68,
    66, 67, 69, 68, 66, 71, 67, 65, 69, 66, 67, 65, 66, 69, 72, 68, 70,
    68 ]
