%YAML:1.0
---
videoName: "headLookUp4.mp4"
gestureLabel: 205
fps: 30
pixelSizeInCmTemp: 3.6846153846153845e-01
faceCenterPointX: 256
faceCenterPointY: 68
headPositionsX: [ 255, 254, 258, 255, 257, 255, 256, 256, 257, 255, 258,
    255, 257, 258, 255, 255, 258, 257, 258, 254, 254, 257, 257, 257, 254,
    257, 254, 255, 258, 257, 256, 257, 253, 253, 258, 253, 256, 256, 255,
    253, 254, 257, 254, 257, 258, 257, 255, 255, 254, 256, 253, 255, 256,
    254, 254, 254, 254, 254, 254, 255, 256, 254, 254, 257, 255, 255, 254,
    258, 254, 256, 256, 256, 256, 255, 257, 258, 257, 258, 257, 255, 256,
    257, 256, 254, 258, 258, 256, 254, 256, 255, 257, 254, 257, 253, 258,
    254, 257, 257, 255, 255 ]
headPositionsY: [ 69, 80, 82, 80, 80, 80, 80, 83, 81, 84, 82, 82, 81, 81,
    80, 80, 81, 84, 84, 81, 82, 83, 79, 79, 80, 79, 75, 73, 76, 70, 71,
    67, 68, 71, 70, 65, 65, 67, 71, 70, 66, 70, 67, 67, 68, 71, 69, 67,
    67, 66, 71, 68, 71, 71, 69, 70, 66, 68, 68, 69, 66, 65, 66, 65, 72,
    71, 70, 68, 69, 72, 68, 68, 67, 70, 65, 68, 68, 68, 65, 70, 72, 70,
    71, 70, 69, 70, 68, 66, 72, 69, 70, 71, 72, 68, 71, 70, 71, 71, 69,
    72 ]
