%YAML:1.0
---
videoName: "headShake22.mp4"
gestureLabel: 201
fps: 29
pixelSizeInCmTemp: 3.2364864864864862e-01
faceCenterPointX: 241
faceCenterPointY: 79
headPositionsX: [ 243, 243, 243, 242, 244, 243, 244, 244, 245, 245, 244,
    245, 241, 244, 241, 243, 244, 243, 243, 241, 242, 245, 243, 241, 242,
    244, 244, 241, 244, 244, 241, 240, 242, 244, 243, 245, 244, 241, 240,
    242, 241, 242, 243, 244, 241, 241, 241, 243, 244, 244, 242, 243, 242,
    240, 244, 242, 240, 241, 240, 243, 244, 243, 239, 243, 239, 241, 243,
    244, 246, 250, 250, 252, 254, 257, 253, 251, 248, 241, 240, 238, 239,
    238, 239, 244, 246, 247, 245, 245, 244, 243, 242, 243, 239, 240, 238,
    241, 241, 238, 239, 239 ]
headPositionsY: [ 77, 78, 77, 74, 75, 74, 75, 78, 76, 76, 76, 75, 77, 75,
    78, 78, 74, 75, 75, 79, 75, 76, 75, 75, 75, 75, 78, 77, 78, 75, 78,
    75, 77, 77, 75, 74, 75, 75, 76, 78, 80, 73, 78, 79, 77, 75, 78, 77,
    75, 75, 74, 77, 75, 77, 78, 78, 74, 79, 77, 77, 78, 78, 74, 78, 75,
    76, 75, 77, 77, 75, 76, 76, 75, 75, 77, 75, 78, 76, 75, 78, 77, 79,
    77, 75, 78, 76, 77, 77, 76, 78, 78, 80, 80, 78, 79, 80, 81, 77, 78,
    78 ]
