%YAML:1.0
---
videoName: "headLookLeft3.mp4"
gestureLabel: 203
fps: 29
pixelSizeInCmTemp: 3.4214285714285714e-01
faceCenterPointX: 290
faceCenterPointY: 74
headPositionsX: [ 292, 266, 264, 263, 262, 262, 268, 267, 267, 269, 272,
    274, 279, 277, 281, 281, 285, 288, 290, 291, 289, 287, 293, 290, 285,
    287, 294, 290, 289, 281, 290, 292, 289, 293, 284, 289, 282, 290, 290,
    290, 286, 287, 288, 294, 289, 288, 286, 287, 289, 287, 292, 290, 292,
    287, 287, 287, 291, 289, 290, 290, 288, 288, 287, 287, 287, 287, 287,
    288, 286, 288, 285, 288, 288, 285, 285, 286, 289, 289, 287, 287, 285,
    288, 290, 287, 286, 285, 290, 287, 285, 289, 285, 285, 289, 286, 288,
    284, 289, 287, 289, 288 ]
headPositionsY: [ 74, 79, 75, 76, 77, 74, 80, 76, 75, 75, 75, 73, 77, 77,
    77, 72, 74, 74, 74, 72, 75, 71, 75, 77, 72, 72, 74, 77, 74, 70, 72,
    72, 76, 73, 74, 73, 72, 75, 74, 75, 75, 73, 73, 78, 76, 76, 74, 74,
    77, 71, 71, 72, 72, 76, 72, 75, 73, 75, 71, 73, 73, 74, 76, 73, 72,
    75, 73, 74, 71, 75, 73, 71, 74, 72, 74, 74, 73, 75, 74, 71, 71, 74,
    73, 73, 74, 75, 77, 74, 72, 77, 75, 75, 74, 75, 76, 77, 76, 72, 72,
    73 ]
