%YAML:1.0
---
videoName: "headShake33.mp4"
gestureLabel: 201
fps: 29
pixelSizeInCmTemp: 3.2364864864864862e-01
faceCenterPointX: 244
faceCenterPointY: 84
headPositionsX: [ 246, 247, 243, 246, 243, 246, 247, 247, 243, 247, 244,
    242, 245, 245, 243, 245, 245, 242, 246, 246, 245, 247, 250, 248, 253,
    252, 257, 260, 259, 263, 264, 261, 263, 262, 258, 256, 255, 250, 245,
    240, 236, 236, 233, 229, 227, 229, 224, 225, 227, 230, 231, 238, 240,
    247, 248, 252, 257, 258, 260, 261, 259, 258, 257, 258, 255, 251, 246,
    246, 239, 237, 236, 234, 234, 231, 234, 235, 233, 232, 234, 235, 240,
    237, 242, 242, 246, 245, 246, 245, 245, 246, 246, 245, 245, 246, 246,
    244, 242, 242, 242, 242 ]
headPositionsY: [ 84, 85, 80, 85, 80, 82, 83, 81, 82, 82, 82, 80, 85, 84,
    84, 82, 83, 83, 84, 80, 82, 84, 82, 84, 84, 82, 79, 79, 80, 80, 81,
    83, 82, 82, 82, 80, 85, 84, 82, 82, 84, 81, 84, 81, 84, 83, 82, 84,
    81, 81, 82, 81, 84, 83, 84, 81, 82, 82, 83, 82, 79, 84, 83, 84, 85,
    82, 83, 82, 84, 83, 83, 84, 84, 83, 84, 82, 84, 82, 80, 83, 83, 83,
    85, 84, 85, 83, 81, 84, 84, 86, 84, 86, 83, 82, 83, 82, 83, 85, 84,
    85 ]
