%YAML:1.0
---
videoName: "headLookDown2.mp4"
gestureLabel: 206
fps: 29
pixelSizeInCmTemp: 3.3732394366197183e-01
faceCenterPointX: 274
faceCenterPointY: 95
headPositionsX: [ 272, 275, 273, 274, 276, 275, 273, 274, 272, 272, 271,
    275, 274, 273, 274, 272, 272, 275, 272, 273, 272, 271, 273, 273, 277,
    271, 273, 273, 273, 271, 274, 273, 273, 273, 274, 273, 273, 275, 271,
    276, 273, 276, 273, 277, 273, 275, 272, 275, 274, 271, 272, 275, 273,
    273, 275, 271, 272, 273, 275, 272, 276, 274, 276, 272, 274, 277, 276,
    274, 273, 274, 274, 274, 273, 274, 277, 274, 275, 277, 273, 273, 275,
    277, 273, 277, 275, 273, 273, 277, 274, 276, 273, 275, 274, 273, 273,
    275, 277, 274, 277, 277 ]
headPositionsY: [ 94, 81, 79, 80, 78, 78, 76, 79, 77, 80, 78, 79, 77, 80,
    81, 78, 81, 78, 78, 79, 79, 81, 79, 77, 80, 80, 78, 80, 80, 77, 79,
    81, 80, 78, 81, 84, 83, 83, 85, 85, 88, 91, 89, 90, 92, 94, 96, 92,
    93, 91, 93, 95, 96, 95, 96, 93, 93, 96, 96, 94, 97, 94, 96, 97, 95,
    96, 96, 93, 94, 94, 95, 96, 94, 97, 97, 94, 97, 94, 94, 93, 96, 94,
    95, 96, 94, 96, 93, 97, 98, 94, 95, 98, 95, 94, 97, 97, 95, 94, 98,
    95 ]
