%YAML:1.0
---
videoName: "headShake39.mp4"
gestureLabel: 201
fps: 29
pixelSizeInCmTemp: 3.1933333333333330e-01
faceCenterPointX: 263
faceCenterPointY: 83
headPositionsX: [ 265, 262, 259, 260, 262, 260, 264, 260, 259, 262, 263,
    263, 259, 261, 263, 260, 259, 260, 262, 259, 261, 259, 258, 254, 254,
    250, 250, 247, 245, 245, 242, 242, 249, 251, 256, 262, 266, 272, 278,
    280, 282, 282, 275, 273, 262, 257, 253, 248, 246, 246, 247, 250, 251,
    258, 261, 267, 272, 277, 280, 280, 279, 272, 268, 266, 257, 253, 250,
    249, 248, 249, 249, 253, 252, 253, 259, 259, 260, 261, 266, 264, 263,
    264, 266, 266, 265, 269, 267, 267, 266, 266, 263, 264, 262, 262, 265,
    266, 260, 261, 261, 263 ]
headPositionsY: [ 82, 83, 85, 83, 85, 82, 85, 81, 84, 83, 81, 85, 84, 81,
    84, 83, 85, 83, 84, 82, 81, 82, 84, 84, 81, 82, 84, 81, 82, 83, 82,
    80, 82, 83, 85, 84, 84, 83, 82, 78, 80, 82, 79, 83, 85, 85, 83, 83,
    83, 80, 81, 85, 84, 83, 80, 83, 81, 79, 82, 79, 81, 83, 85, 85, 83,
    81, 79, 81, 78, 79, 78, 79, 80, 82, 82, 80, 83, 81, 84, 82, 82, 81,
    80, 84, 85, 81, 80, 82, 83, 83, 82, 85, 83, 85, 81, 81, 85, 84, 81,
    85 ]
