%YAML:1.0
---
videoName: "headShake1.mp4"
gestureLabel: 201
fps: 29
pixelSizeInCmTemp: 3.3263888888888887e-01
faceCenterPointX: 279
faceCenterPointY: 98
headPositionsX: [ 280, 277, 277, 279, 277, 281, 280, 277, 280, 277, 279,
    278, 278, 281, 276, 279, 280, 280, 281, 277, 279, 280, 279, 277, 281,
    280, 281, 279, 281, 282, 287, 288, 292, 291, 294, 292, 289, 288, 284,
    282, 277, 275, 270, 268, 271, 270, 272, 278, 281, 287, 288, 291, 294,
    289, 291, 287, 285, 281, 276, 272, 266, 265, 267, 268, 275, 276, 284,
    287, 292, 292, 293, 290, 288, 287, 282, 282, 278, 273, 273, 272, 270,
    274, 271, 270, 271, 276, 274, 279, 275, 279, 280, 278, 281, 282, 281,
    282, 281, 278, 279, 278 ]
headPositionsY: [ 100, 98, 96, 97, 96, 99, 99, 96, 95, 96, 98, 97, 96,
    96, 98, 97, 97, 95, 97, 96, 99, 99, 99, 96, 100, 98, 99, 95, 95, 94,
    99, 98, 95, 96, 96, 97, 95, 96, 95, 95, 97, 95, 95, 97, 95, 95, 96,
    97, 95, 97, 94, 97, 96, 98, 97, 96, 95, 96, 98, 95, 98, 94, 97, 93,
    96, 98, 99, 96, 95, 96, 94, 96, 96, 97, 99, 99, 96, 99, 98, 98, 94,
    96, 95, 99, 96, 98, 98, 100, 99, 98, 99, 96, 98, 98, 100, 100, 97,
    97, 95, 97 ]
