%YAML:1.0
---
videoName: "headLookLeft0.mp4"
gestureLabel: 203
fps: 29
pixelSizeInCmTemp: 3.6287878787878786e-01
faceCenterPointX: 286
faceCenterPointY: 69
headPositionsX: [ 286, 256, 254, 254, 255, 253, 254, 253, 255, 255, 254,
    254, 252, 256, 252, 255, 251, 253, 253, 252, 255, 256, 255, 254, 256,
    254, 254, 253, 256, 252, 253, 255, 255, 254, 256, 255, 253, 254, 254,
    254, 253, 257, 254, 255, 257, 254, 255, 258, 258, 253, 253, 255, 254,
    253, 257, 256, 254, 257, 254, 257, 255, 257, 256, 256, 257, 253, 252,
    254, 253, 255, 255, 257, 257, 255, 253, 256, 255, 257, 260, 261, 258,
    266, 266, 265, 270, 274, 274, 274, 285, 279, 280, 275, 279, 282, 287,
    285, 286, 286, 284, 287 ]
headPositionsY: [ 69, 70, 67, 71, 68, 68, 66, 66, 70, 70, 70, 70, 70, 68,
    68, 69, 71, 70, 67, 71, 70, 67, 71, 70, 68, 68, 69, 69, 68, 71, 70,
    72, 71, 70, 71, 71, 73, 72, 69, 69, 68, 69, 69, 73, 71, 71, 73, 73,
    69, 73, 71, 70, 73, 70, 69, 69, 73, 70, 72, 69, 71, 70, 70, 69, 73,
    71, 69, 70, 71, 71, 72, 73, 74, 72, 72, 72, 71, 70, 73, 70, 73, 72,
    73, 70, 69, 71, 67, 67, 73, 68, 68, 68, 66, 67, 71, 68, 71, 71, 71,
    67 ]
