%YAML:1.0
---
videoName: "headNod7.mp4"
gestureLabel: 202
fps: 29
pixelSizeInCmTemp: 3.2808219178082193e-01
faceCenterPointX: 261
faceCenterPointY: 71
headPositionsX: [ 263, 264, 267, 264, 268, 265, 266, 265, 266, 263, 264,
    264, 264, 266, 260, 264, 261, 262, 260, 261, 262, 260, 261, 261, 262,
    263, 261, 262, 261, 262, 262, 262, 261, 260, 264, 263, 262, 262, 260,
    262, 263, 262, 259, 260, 264, 263, 260, 263, 261, 264, 262, 261, 261,
    263, 264, 261, 261, 263, 262, 262, 261, 263, 260, 259, 264, 263, 259,
    261, 262, 258, 262, 259, 259, 261, 262, 260, 259, 263, 264, 261, 260,
    263, 262, 262, 261, 260, 263, 260, 261, 262, 263, 263, 262, 259, 260,
    259, 260, 261, 260, 262 ]
headPositionsY: [ 72, 75, 72, 74, 73, 74, 73, 74, 76, 74, 76, 74, 73, 74,
    71, 76, 72, 77, 75, 75, 76, 77, 74, 74, 77, 76, 73, 75, 75, 75, 75,
    76, 73, 76, 72, 77, 77, 77, 73, 76, 77, 77, 75, 77, 74, 75, 78, 78,
    71, 70, 72, 71, 72, 70, 71, 76, 79, 80, 79, 77, 75, 72, 72, 69, 72,
    74, 74, 79, 77, 78, 80, 76, 75, 70, 72, 69, 68, 68, 73, 75, 76, 77,
    78, 77, 81, 75, 78, 74, 73, 74, 71, 70, 70, 72, 72, 71, 73, 73, 71,
    70 ]
