%YAML:1.0
---
videoName: "headLookLeft3.mp4"
gestureLabel: 203
fps: 29
pixelSizeInCmTemp: 3.4214285714285714e-01
faceCenterPointX: 290
faceCenterPointY: 74
headPositionsX: [ 290, 266, 264, 265, 266, 265, 265, 270, 267, 271, 271,
    276, 278, 278, 281, 280, 285, 289, 286, 287, 288, 288, 291, 293, 284,
    290, 297, 288, 286, 284, 290, 291, 292, 292, 287, 289, 284, 292, 291,
    290, 290, 285, 288, 297, 289, 288, 289, 290, 290, 287, 292, 293, 288,
    287, 286, 285, 288, 286, 288, 290, 291, 291, 289, 290, 289, 287, 287,
    291, 286, 290, 285, 285, 287, 285, 287, 288, 286, 290, 285, 284, 286,
    286, 290, 288, 287, 284, 292, 287, 289, 289, 285, 285, 288, 287, 284,
    283, 287, 285, 289, 288 ]
headPositionsY: [ 73, 77, 75, 77, 76, 74, 77, 79, 77, 75, 76, 76, 73, 76,
    76, 76, 75, 75, 74, 74, 72, 72, 75, 73, 74, 71, 77, 76, 72, 72, 73,
    76, 73, 76, 74, 75, 72, 77, 73, 74, 71, 74, 73, 76, 73, 72, 75, 73,
    78, 74, 73, 74, 74, 77, 74, 76, 73, 74, 72, 73, 72, 71, 74, 75, 73,
    73, 73, 75, 74, 72, 75, 75, 75, 71, 74, 74, 76, 76, 73, 71, 75, 74,
    73, 72, 73, 72, 76, 76, 73, 74, 73, 72, 72, 74, 74, 75, 75, 74, 75,
    74 ]
