%YAML:1.0
---
videoName: "headShake24.mp4"
gestureLabel: 201
fps: 29
pixelSizeInCmTemp: 3.2808219178082193e-01
faceCenterPointX: 240
faceCenterPointY: 78
headPositionsX: [ 242, 251, 250, 251, 255, 256, 254, 256, 255, 250, 249,
    246, 243, 243, 241, 237, 235, 233, 230, 230, 232, 229, 230, 233, 232,
    235, 234, 240, 243, 241, 246, 247, 249, 250, 249, 248, 249, 250, 247,
    247, 244, 245, 240, 239, 236, 237, 237, 234, 236, 232, 235, 232, 238,
    237, 239, 241, 240, 241, 244, 247, 246, 245, 246, 247, 248, 249, 248,
    247, 244, 248, 242, 244, 240, 242, 243, 241, 238, 240, 239, 238, 238,
    237, 239, 242, 240, 239, 237, 239, 238, 240, 242, 238, 239, 242, 243,
    237, 240, 238, 238, 238 ]
headPositionsY: [ 76, 74, 76, 75, 75, 75, 75, 75, 78, 79, 77, 77, 77, 80,
    78, 75, 78, 77, 79, 77, 77, 79, 79, 76, 78, 77, 76, 79, 77, 75, 74,
    75, 75, 77, 76, 81, 78, 78, 79, 79, 80, 78, 80, 79, 76, 79, 77, 79,
    78, 78, 77, 78, 78, 77, 75, 77, 76, 77, 77, 76, 77, 78, 79, 76, 75,
    75, 80, 77, 75, 76, 77, 77, 78, 78, 79, 77, 78, 79, 78, 76, 75, 79,
    75, 80, 77, 76, 76, 79, 78, 80, 80, 77, 76, 76, 77, 77, 79, 79, 76,
    79 ]
