%YAML:1.0
---
videoName: "headNod10.mp4"
gestureLabel: 202
fps: 29
pixelSizeInCmTemp: 3.2808219178082193e-01
faceCenterPointX: 260
faceCenterPointY: 67
headPositionsX: [ 262, 259, 257, 258, 256, 257, 256, 256, 260, 258, 259,
    257, 261, 257, 260, 257, 260, 260, 259, 259, 256, 259, 259, 259, 261,
    261, 257, 259, 258, 259, 260, 259, 260, 257, 259, 258, 260, 259, 261,
    261, 257, 258, 260, 259, 258, 259, 259, 262, 260, 259, 259, 259, 260,
    261, 260, 261, 258, 258, 257, 261, 261, 259, 259, 260, 261, 262, 259,
    259, 260, 262, 258, 257, 256, 258, 260, 257, 259, 260, 258, 259, 260,
    261, 260, 259, 260, 259, 260, 257, 259, 257, 259, 258, 258, 262, 258,
    258, 258, 263, 259, 263 ]
headPositionsY: [ 68, 69, 69, 70, 70, 72, 69, 69, 69, 71, 71, 70, 69, 68,
    71, 69, 69, 68, 70, 70, 69, 70, 69, 71, 72, 68, 69, 68, 72, 69, 68,
    71, 73, 69, 69, 72, 71, 69, 73, 72, 74, 75, 71, 68, 70, 69, 65, 62,
    64, 65, 62, 68, 66, 73, 74, 74, 70, 70, 71, 65, 64, 66, 62, 65, 67,
    71, 72, 75, 76, 75, 73, 74, 69, 64, 64, 66, 64, 69, 70, 72, 77, 76,
    77, 72, 72, 71, 69, 66, 67, 69, 66, 66, 67, 64, 69, 66, 66, 69, 65,
    68 ]
