%YAML:1.0
---
videoName: "headNod19.mp4"
gestureLabel: 202
fps: 29
pixelSizeInCmTemp: 3.1933333333333330e-01
faceCenterPointX: 255
faceCenterPointY: 81
headPositionsX: [ 254, 259, 256, 259, 257, 257, 257, 254, 256, 257, 254,
    257, 257, 254, 253, 254, 253, 254, 250, 253, 251, 252, 249, 250, 250,
    251, 250, 251, 248, 251, 250, 251, 253, 251, 252, 251, 254, 256, 254,
    253, 253, 257, 257, 254, 253, 254, 254, 256, 258, 256, 258, 258, 256,
    255, 255, 253, 257, 256, 254, 257, 258, 255, 255, 255, 254, 257, 254,
    257, 253, 255, 257, 256, 258, 254, 254, 256, 258, 256, 257, 257, 255,
    255, 258, 255, 258, 256, 256, 253, 254, 253, 254, 256, 257, 254, 254,
    256, 256, 254, 255, 253 ]
headPositionsY: [ 82, 85, 85, 80, 83, 78, 76, 77, 76, 75, 76, 78, 77, 77,
    77, 77, 78, 78, 79, 76, 76, 77, 79, 80, 81, 76, 79, 79, 80, 82, 80,
    77, 76, 80, 78, 78, 79, 78, 80, 80, 81, 77, 79, 77, 78, 78, 79, 79,
    81, 79, 79, 81, 78, 80, 80, 80, 76, 81, 79, 81, 80, 79, 81, 77, 83,
    81, 76, 75, 73, 76, 74, 75, 77, 75, 80, 81, 82, 86, 83, 80, 78, 78,
    76, 78, 82, 83, 86, 83, 84, 81, 81, 83, 80, 81, 83, 84, 84, 83, 80,
    83 ]
