%YAML:1.0
---
videoName: "headNod1.mp4"
gestureLabel: 202
fps: 29
pixelSizeInCmTemp: 3.2808219178082193e-01
faceCenterPointX: 263
faceCenterPointY: 78
headPositionsX: [ 265, 263, 265, 265, 264, 263, 261, 265, 261, 264, 262,
    266, 261, 264, 261, 263, 262, 265, 263, 265, 263, 266, 265, 266, 263,
    265, 263, 264, 262, 265, 262, 263, 262, 267, 263, 263, 265, 265, 262,
    264, 268, 264, 266, 265, 267, 267, 265, 265, 266, 264, 266, 262, 262,
    262, 264, 263, 261, 264, 264, 263, 263, 265, 265, 266, 261, 262, 264,
    264, 265, 263, 262, 263, 262, 265, 263, 263, 260, 261, 264, 262, 262,
    264, 260, 263, 264, 260, 261, 265, 266, 264, 263, 262, 262, 262, 264,
    263, 265, 264, 262, 265 ]
headPositionsY: [ 79, 76, 73, 75, 74, 76, 74, 76, 73, 74, 74, 75, 75, 74,
    76, 74, 72, 75, 76, 76, 76, 74, 75, 73, 74, 74, 74, 77, 77, 76, 73,
    77, 75, 75, 73, 70, 71, 68, 65, 62, 64, 65, 65, 62, 64, 67, 70, 71,
    69, 75, 76, 80, 83, 81, 83, 80, 78, 78, 74, 73, 68, 68, 68, 63, 66,
    69, 69, 74, 73, 77, 79, 80, 77, 75, 75, 69, 66, 66, 65, 67, 66, 66,
    70, 69, 72, 76, 76, 81, 80, 80, 83, 84, 80, 79, 79, 77, 77, 80, 81,
    80 ]
