%YAML:1.0
---
videoName: "headShake14.mp4"
gestureLabel: 201
fps: 29
pixelSizeInCmTemp: 3.2364864864864862e-01
faceCenterPointX: 244
faceCenterPointY: 76
headPositionsX: [ 246, 247, 246, 247, 247, 243, 245, 243, 244, 244, 244,
    243, 246, 246, 243, 246, 245, 247, 245, 245, 247, 244, 246, 247, 246,
    248, 250, 252, 254, 260, 263, 263, 262, 261, 256, 249, 247, 240, 235,
    231, 228, 223, 225, 230, 231, 237, 242, 246, 250, 256, 255, 258, 252,
    250, 250, 244, 238, 238, 232, 234, 232, 235, 237, 237, 242, 244, 244,
    248, 249, 248, 247, 251, 250, 249, 245, 243, 243, 241, 239, 239, 239,
    238, 239, 242, 240, 240, 242, 245, 242, 246, 243, 243, 244, 243, 246,
    247, 243, 242, 245, 241 ]
headPositionsY: [ 75, 77, 74, 75, 75, 76, 77, 75, 73, 73, 76, 76, 77, 76,
    74, 74, 75, 76, 77, 77, 76, 76, 74, 75, 78, 73, 76, 72, 74, 73, 72,
    72, 73, 73, 75, 75, 75, 73, 78, 77, 73, 74, 75, 76, 77, 76, 77, 72,
    73, 74, 70, 72, 71, 72, 74, 75, 77, 76, 73, 77, 76, 76, 77, 73, 74,
    74, 78, 75, 77, 77, 75, 77, 77, 75, 75, 74, 76, 76, 74, 77, 73, 73,
    76, 76, 74, 74, 76, 76, 75, 76, 77, 78, 78, 75, 75, 78, 76, 75, 78,
    77 ]
