%YAML:1.0
---
videoName: "headShake14.mp4"
gestureLabel: 201
fps: 29
pixelSizeInCmTemp: 3.2364864864864862e-01
faceCenterPointX: 244
faceCenterPointY: 76
headPositionsX: [ 245, 246, 244, 247, 243, 246, 247, 245, 244, 246, 246,
    247, 246, 245, 245, 243, 246, 247, 246, 246, 243, 244, 244, 247, 247,
    246, 249, 251, 255, 261, 261, 260, 263, 261, 254, 252, 247, 240, 238,
    230, 225, 225, 229, 226, 232, 239, 244, 246, 253, 256, 254, 256, 252,
    252, 246, 241, 239, 237, 232, 232, 236, 236, 234, 238, 239, 244, 245,
    249, 249, 249, 247, 251, 251, 249, 247, 243, 244, 244, 243, 242, 238,
    241, 241, 240, 241, 243, 241, 244, 245, 247, 246, 245, 245, 243, 245,
    246, 243, 243, 242, 244 ]
headPositionsY: [ 76, 77, 74, 76, 78, 74, 75, 73, 74, 76, 74, 78, 77, 77,
    77, 77, 76, 73, 73, 76, 77, 77, 76, 76, 74, 76, 77, 72, 73, 76, 72,
    73, 74, 74, 74, 77, 74, 76, 78, 76, 76, 75, 77, 73, 73, 75, 74, 75,
    71, 74, 72, 72, 72, 76, 77, 77, 76, 78, 74, 76, 75, 74, 76, 76, 76,
    75, 77, 76, 76, 76, 75, 74, 78, 77, 76, 76, 75, 73, 73, 75, 76, 73,
    75, 76, 75, 78, 76, 77, 74, 76, 77, 76, 76, 78, 74, 74, 75, 77, 75,
    77 ]
