%YAML:1.0
---
videoName: "headLookRight6.mp4"
gestureLabel: 204
fps: 29
pixelSizeInCmTemp: 3.8015873015873014e-01
faceCenterPointX: 226
faceCenterPointY: 72
headPositionsX: [ 225, 251, 249, 250, 250, 249, 250, 247, 251, 246, 251,
    251, 250, 251, 251, 252, 251, 248, 252, 249, 249, 249, 252, 249, 253,
    251, 250, 250, 249, 252, 250, 248, 248, 251, 248, 246, 245, 238, 238,
    233, 232, 233, 230, 230, 228, 227, 225, 228, 222, 226, 227, 227, 226,
    228, 225, 228, 225, 227, 225, 230, 229, 229, 228, 224, 226, 226, 224,
    225, 228, 225, 226, 227, 228, 230, 227, 225, 230, 227, 224, 227, 225,
    227, 224, 225, 224, 226, 230, 228, 224, 228, 225, 227, 230, 226, 225,
    227, 224, 227, 227, 228 ]
headPositionsY: [ 74, 73, 69, 72, 72, 73, 72, 71, 74, 71, 73, 74, 75, 72,
    73, 73, 74, 76, 73, 75, 74, 74, 75, 74, 72, 74, 75, 75, 75, 76, 72,
    76, 75, 74, 74, 73, 73, 76, 71, 73, 72, 71, 74, 75, 74, 77, 73, 71,
    73, 74, 76, 71, 76, 73, 71, 76, 75, 75, 70, 75, 78, 74, 74, 72, 77,
    72, 73, 75, 77, 76, 73, 75, 75, 73, 70, 74, 73, 74, 74, 73, 74, 74,
    73, 71, 76, 74, 78, 74, 72, 72, 71, 73, 77, 76, 72, 76, 71, 74, 72,
    71 ]
