%YAML:1.0
---
videoName: "headNod22.mp4"
gestureLabel: 202
fps: 29
pixelSizeInCmTemp: 3.1513157894736843e-01
faceCenterPointX: 252
faceCenterPointY: 80
headPositionsX: [ 254, 250, 253, 251, 251, 250, 250, 253, 253, 251, 251,
    253, 252, 252, 251, 250, 252, 254, 254, 252, 254, 251, 255, 253, 254,
    252, 254, 252, 255, 256, 252, 253, 252, 252, 256, 253, 254, 253, 253,
    252, 255, 253, 255, 254, 254, 253, 253, 251, 252, 254, 253, 251, 252,
    253, 253, 251, 251, 250, 251, 254, 251, 251, 254, 250, 253, 251, 254,
    253, 250, 250, 251, 251, 252, 254, 253, 250, 250, 253, 250, 253, 250,
    250, 251, 252, 252, 251, 252, 249, 253, 253, 252, 255, 250, 252, 253,
    251, 249, 251, 252, 251 ]
headPositionsY: [ 81, 78, 80, 76, 78, 79, 76, 77, 80, 78, 80, 78, 79, 77,
    79, 76, 80, 76, 77, 78, 76, 79, 79, 80, 81, 83, 85, 82, 81, 79, 77,
    75, 72, 70, 69, 73, 76, 79, 78, 81, 86, 85, 78, 75, 76, 74, 71, 71,
    69, 76, 78, 81, 80, 85, 85, 81, 79, 77, 77, 75, 73, 70, 74, 76, 77,
    79, 79, 79, 81, 77, 75, 73, 73, 77, 78, 78, 79, 81, 82, 82, 77, 76,
    74, 79, 78, 79, 80, 79, 78, 79, 76, 78, 77, 78, 79, 80, 80, 79, 80,
    80 ]
