%YAML:1.0
---
videoName: "headNod38.mp4"
gestureLabel: 202
fps: 29
pixelSizeInCmTemp: 2.9937500000000000e-01
faceCenterPointX: 267
faceCenterPointY: 73
headPositionsX: [ 266, 266, 268, 266, 267, 265, 267, 268, 267, 269, 266,
    267, 265, 266, 267, 266, 266, 267, 266, 269, 266, 267, 265, 266, 265,
    266, 264, 268, 267, 266, 264, 266, 266, 267, 267, 266, 265, 267, 266,
    265, 265, 264, 265, 266, 264, 268, 265, 269, 270, 267, 266, 267, 268,
    265, 266, 270, 268, 270, 266, 266, 266, 268, 269, 266, 268, 270, 268,
    268, 268, 268, 269, 269, 269, 267, 266, 266, 268, 269, 268, 268, 266,
    269, 268, 265, 269, 266, 266, 269, 270, 267, 267, 266, 267, 268, 269,
    269, 267, 265, 266, 266 ]
headPositionsY: [ 71, 73, 75, 73, 79, 79, 85, 85, 86, 82, 81, 79, 76, 74,
    76, 81, 81, 87, 88, 85, 80, 79, 75, 74, 75, 76, 81, 83, 87, 86, 91,
    86, 83, 79, 76, 75, 73, 75, 77, 79, 84, 88, 87, 90, 84, 81, 81, 76,
    71, 72, 70, 70, 71, 74, 79, 82, 83, 86, 84, 82, 81, 76, 76, 73, 76,
    75, 69, 74, 73, 74, 80, 80, 84, 86, 84, 86, 84, 83, 81, 77, 75, 72,
    73, 72, 73, 74, 73, 70, 75, 72, 73, 74, 75, 74, 73, 73, 74, 71, 73,
    74 ]
