%YAML:1.0
---
videoName: "headNod6.mp4"
gestureLabel: 202
fps: 29
pixelSizeInCmTemp: 3.1513157894736843e-01
faceCenterPointX: 262
faceCenterPointY: 73
headPositionsX: [ 262, 262, 263, 261, 260, 263, 261, 261, 264, 263, 263,
    263, 263, 260, 262, 262, 265, 262, 261, 261, 265, 262, 262, 262, 265,
    264, 260, 262, 261, 264, 263, 264, 262, 263, 263, 263, 265, 262, 265,
    263, 264, 263, 259, 263, 263, 261, 258, 261, 262, 261, 262, 262, 263,
    260, 262, 260, 263, 262, 259, 259, 259, 261, 261, 263, 258, 262, 261,
    258, 259, 262, 262, 262, 261, 259, 262, 263, 259, 258, 262, 261, 259,
    262, 263, 260, 260, 261, 263, 264, 260, 264, 263, 262, 263, 260, 262,
    260, 262, 262, 259, 261 ]
headPositionsY: [ 72, 71, 71, 72, 72, 73, 76, 76, 74, 73, 74, 74, 74, 76,
    75, 76, 74, 73, 72, 74, 72, 73, 75, 74, 72, 73, 74, 75, 73, 72, 72,
    73, 71, 68, 67, 67, 67, 66, 65, 69, 71, 78, 81, 81, 83, 81, 77, 75,
    71, 67, 66, 67, 71, 77, 78, 84, 81, 80, 80, 71, 70, 67, 66, 70, 72,
    76, 78, 83, 85, 82, 80, 73, 73, 69, 68, 67, 65, 65, 71, 76, 78, 83,
    82, 84, 82, 81, 75, 73, 70, 69, 69, 69, 70, 73, 74, 74, 73, 72, 71,
    72 ]
