%YAML:1.0
---
videoName: "headNod8.mp4"
gestureLabel: 202
fps: 29
pixelSizeInCmTemp: 3.1933333333333330e-01
faceCenterPointX: 262
faceCenterPointY: 74
headPositionsX: [ 263, 263, 261, 260, 260, 261, 263, 259, 259, 259, 263,
    263, 262, 261, 263, 261, 259, 261, 262, 263, 259, 261, 262, 263, 261,
    261, 261, 259, 261, 263, 262, 259, 261, 260, 263, 262, 261, 264, 261,
    260, 263, 261, 263, 261, 260, 261, 263, 261, 260, 263, 262, 263, 262,
    261, 259, 262, 262, 261, 260, 258, 260, 261, 260, 260, 260, 262, 260,
    263, 263, 263, 261, 262, 261, 260, 262, 259, 260, 261, 260, 263, 259,
    264, 263, 261, 260, 263, 260, 261, 261, 262, 261, 265, 261, 263, 264,
    264, 263, 262, 263, 264 ]
headPositionsY: [ 76, 76, 76, 76, 78, 74, 76, 77, 76, 77, 75, 74, 75, 76,
    75, 77, 76, 74, 74, 75, 75, 77, 75, 76, 77, 76, 76, 74, 76, 77, 74,
    79, 78, 75, 76, 78, 76, 78, 74, 76, 73, 71, 67, 69, 70, 69, 66, 71,
    70, 75, 79, 79, 84, 85, 81, 81, 77, 76, 72, 69, 70, 71, 72, 74, 75,
    83, 82, 82, 80, 80, 78, 72, 73, 70, 69, 70, 71, 77, 78, 81, 83, 82,
    79, 79, 73, 73, 70, 72, 73, 70, 74, 76, 75, 77, 80, 81, 78, 79, 78,
    74 ]
