%YAML:1.0
---
videoName: "headNod24.mp4"
gestureLabel: 202
fps: 29
pixelSizeInCmTemp: 3.1513157894736843e-01
faceCenterPointX: 272
faceCenterPointY: 72
headPositionsX: [ 271, 275, 274, 273, 274, 276, 272, 275, 277, 274, 275,
    277, 275, 276, 274, 272, 275, 273, 274, 275, 272, 275, 274, 273, 271,
    274, 275, 271, 272, 272, 274, 273, 274, 275, 273, 273, 271, 272, 272,
    272, 272, 274, 270, 274, 271, 271, 274, 273, 273, 273, 272, 275, 275,
    273, 274, 270, 272, 274, 273, 272, 271, 272, 272, 271, 272, 271, 272,
    271, 273, 270, 271, 272, 270, 271, 272, 271, 270, 271, 272, 269, 271,
    271, 272, 269, 268, 272, 268, 272, 268, 271, 272, 269, 273, 271, 269,
    271, 272, 271, 273, 274 ]
headPositionsY: [ 73, 72, 73, 73, 75, 73, 71, 72, 72, 74, 74, 76, 74, 73,
    72, 76, 71, 76, 74, 72, 72, 73, 73, 75, 71, 74, 74, 73, 76, 76, 75,
    73, 74, 72, 75, 75, 73, 70, 71, 70, 69, 72, 77, 80, 79, 80, 80, 73,
    69, 68, 69, 66, 71, 74, 76, 74, 73, 71, 69, 69, 68, 66, 65, 69, 70,
    73, 75, 78, 75, 74, 74, 71, 68, 69, 69, 69, 72, 75, 76, 75, 75, 73,
    73, 69, 69, 70, 72, 72, 71, 72, 70, 71, 73, 74, 72, 71, 74, 71, 69,
    70 ]
