%YAML:1.0
---
videoName: "headNod22.mp4"
gestureLabel: 202
fps: 29
pixelSizeInCmTemp: 3.1513157894736843e-01
faceCenterPointX: 252
faceCenterPointY: 80
headPositionsX: [ 252, 253, 251, 254, 253, 251, 253, 256, 254, 250, 252,
    254, 251, 251, 254, 250, 255, 251, 255, 253, 251, 255, 253, 255, 253,
    251, 252, 255, 256, 252, 251, 252, 255, 255, 252, 255, 252, 256, 253,
    254, 254, 255, 252, 254, 250, 251, 253, 253, 255, 253, 251, 254, 250,
    250, 252, 250, 250, 253, 252, 251, 252, 255, 253, 253, 251, 251, 254,
    253, 252, 251, 253, 254, 250, 253, 252, 253, 253, 250, 252, 254, 250,
    250, 252, 251, 251, 253, 251, 248, 252, 253, 250, 251, 254, 252, 252,
    251, 251, 253, 253, 250 ]
headPositionsY: [ 80, 78, 78, 80, 79, 75, 79, 78, 79, 76, 77, 78, 76, 80,
    79, 77, 79, 78, 77, 80, 76, 80, 81, 79, 79, 85, 83, 81, 82, 79, 75,
    72, 72, 71, 73, 73, 74, 80, 80, 82, 83, 81, 81, 79, 75, 70, 72, 72,
    70, 75, 78, 79, 84, 84, 84, 81, 83, 80, 75, 72, 72, 74, 71, 72, 75,
    79, 81, 80, 81, 75, 74, 77, 77, 76, 76, 80, 79, 82, 82, 80, 78, 78,
    74, 78, 78, 81, 78, 83, 82, 81, 79, 81, 78, 80, 80, 80, 80, 81, 81,
    81 ]
