%YAML:1.0
---
videoName: "headLookUp9.mp4"
gestureLabel: 205
fps: 29
pixelSizeInCmTemp: 3.3732394366197183e-01
faceCenterPointX: 251
faceCenterPointY: 57
headPositionsX: [ 253, 250, 250, 252, 252, 251, 249, 249, 252, 253, 251,
    249, 252, 251, 252, 251, 249, 249, 251, 252, 252, 252, 251, 253, 252,
    253, 252, 250, 252, 253, 251, 251, 252, 250, 251, 249, 250, 251, 253,
    250, 249, 253, 250, 250, 252, 249, 251, 253, 252, 253, 252, 249, 251,
    250, 252, 250, 252, 253, 253, 250, 253, 253, 249, 249, 250, 252, 250,
    250, 251, 250, 253, 252, 254, 251, 252, 252, 253, 250, 252, 253, 250,
    253, 251, 251, 252, 248, 249, 251, 249, 251, 250, 251, 250, 250, 252,
    251, 251, 252, 251, 250 ]
headPositionsY: [ 59, 76, 72, 75, 71, 72, 76, 72, 75, 74, 72, 76, 75, 75,
    73, 74, 73, 75, 75, 74, 76, 74, 72, 72, 73, 75, 76, 75, 74, 75, 72,
    73, 71, 69, 69, 68, 68, 67, 65, 67, 68, 63, 65, 60, 60, 61, 63, 61,
    61, 59, 57, 60, 57, 57, 59, 57, 58, 58, 55, 55, 59, 55, 57, 56, 57,
    59, 57, 57, 59, 59, 58, 56, 57, 57, 58, 57, 59, 58, 57, 59, 55, 59,
    58, 57, 56, 57, 57, 58, 59, 56, 58, 59, 56, 57, 58, 59, 58, 57, 55,
    54 ]
