%YAML:1.0
---
videoName: "headShake3.mp4"
gestureLabel: 201
fps: 30
pixelSizeInCmTemp: 3.3263888888888887e-01
faceCenterPointX: 240
faceCenterPointY: 101
headPositionsX: [ 241, 244, 239, 239, 241, 240, 244, 240, 243, 243, 241,
    243, 241, 239, 243, 239, 243, 242, 239, 241, 243, 241, 239, 239, 241,
    239, 241, 243, 241, 241, 240, 238, 241, 244, 247, 248, 255, 254, 255,
    256, 254, 252, 248, 244, 239, 232, 228, 230, 226, 229, 232, 240, 241,
    246, 251, 253, 250, 244, 241, 239, 234, 229, 225, 226, 226, 226, 231,
    236, 239, 245, 246, 244, 243, 245, 243, 240, 240, 236, 235, 236, 234,
    233, 233, 236, 233, 238, 236, 237, 240, 237, 241, 242, 238, 241, 240,
    239, 241, 240, 243, 241 ]
headPositionsY: [ 103, 97, 101, 97, 101, 96, 99, 100, 98, 96, 100, 99,
    97, 98, 98, 97, 101, 99, 99, 98, 98, 101, 102, 100, 100, 97, 99, 98,
    96, 100, 96, 101, 101, 99, 97, 100, 99, 97, 96, 100, 100, 97, 98, 98,
    101, 99, 97, 98, 96, 100, 96, 97, 101, 96, 99, 98, 99, 99, 101, 97,
    100, 96, 99, 100, 97, 100, 99, 98, 99, 98, 98, 100, 98, 101, 98, 98,
    100, 101, 97, 102, 99, 101, 101, 101, 100, 101, 101, 100, 102, 99,
    102, 101, 98, 98, 102, 100, 101, 102, 101, 99 ]
