%YAML:1.0
---
videoName: "headNod1.mp4"
gestureLabel: 202
fps: 29
pixelSizeInCmTemp: 3.2808219178082193e-01
faceCenterPointX: 263
faceCenterPointY: 78
headPositionsX: [ 264, 265, 261, 263, 263, 263, 261, 265, 261, 263, 264,
    265, 261, 265, 263, 262, 264, 265, 263, 265, 265, 263, 267, 264, 263,
    262, 266, 265, 265, 264, 266, 264, 262, 266, 261, 264, 262, 263, 266,
    266, 264, 263, 264, 263, 265, 263, 264, 263, 263, 262, 262, 266, 263,
    263, 261, 265, 261, 262, 265, 264, 261, 263, 263, 266, 264, 263, 264,
    266, 265, 263, 261, 264, 265, 265, 265, 260, 260, 261, 260, 264, 261,
    263, 263, 261, 264, 263, 265, 261, 263, 260, 262, 260, 261, 261, 260,
    261, 262, 262, 262, 261 ]
headPositionsY: [ 77, 76, 75, 74, 76, 77, 74, 74, 76, 75, 76, 75, 74, 75,
    72, 74, 72, 74, 73, 76, 76, 76, 73, 73, 76, 74, 73, 74, 74, 73, 76,
    76, 73, 75, 73, 72, 71, 70, 64, 64, 62, 65, 63, 63, 63, 64, 68, 68,
    72, 73, 78, 80, 80, 81, 80, 82, 81, 76, 73, 74, 69, 67, 66, 67, 67,
    67, 71, 71, 74, 74, 80, 77, 79, 74, 72, 71, 66, 65, 67, 64, 68, 69,
    71, 72, 74, 76, 79, 79, 83, 80, 84, 80, 79, 82, 78, 79, 77, 78, 77,
    77 ]
