%YAML:1.0
---
videoName: "headNod38.mp4"
gestureLabel: 202
fps: 29
pixelSizeInCmTemp: 2.9937500000000000e-01
faceCenterPointX: 267
faceCenterPointY: 73
headPositionsX: [ 267, 269, 266, 268, 267, 265, 265, 268, 265, 266, 266,
    266, 267, 266, 266, 265, 268, 267, 265, 266, 264, 267, 268, 264, 269,
    265, 265, 267, 265, 265, 266, 263, 265, 267, 264, 264, 265, 263, 268,
    264, 265, 267, 268, 268, 264, 268, 264, 267, 269, 265, 268, 266, 269,
    268, 269, 268, 267, 269, 267, 267, 268, 269, 270, 268, 271, 269, 270,
    271, 268, 267, 268, 271, 267, 268, 269, 266, 270, 270, 269, 266, 266,
    270, 268, 266, 265, 267, 268, 268, 268, 267, 269, 265, 268, 268, 268,
    266, 265, 265, 270, 269 ]
headPositionsY: [ 71, 72, 75, 74, 80, 80, 83, 84, 87, 85, 82, 77, 78, 77,
    79, 83, 83, 86, 87, 85, 81, 80, 77, 75, 77, 77, 80, 83, 88, 89, 87,
    87, 81, 80, 78, 75, 73, 76, 79, 78, 80, 87, 90, 91, 85, 83, 79, 75,
    74, 73, 72, 72, 71, 75, 79, 84, 86, 85, 87, 82, 81, 77, 77, 74, 74,
    71, 69, 72, 76, 75, 79, 79, 86, 84, 84, 85, 82, 83, 79, 75, 75, 75,
    70, 71, 72, 74, 70, 74, 75, 71, 74, 74, 75, 75, 72, 73, 72, 73, 74,
    73 ]
