%YAML:1.0
---
videoName: "headLookUp2.mp4"
gestureLabel: 205
fps: 29
pixelSizeInCmTemp: 3.7421874999999999e-01
faceCenterPointX: 254
faceCenterPointY: 67
headPositionsX: [ 256, 255, 254, 258, 254, 255, 256, 254, 255, 256, 258,
    253, 254, 254, 254, 255, 256, 256, 253, 254, 255, 254, 253, 253, 253,
    256, 255, 255, 255, 256, 256, 257, 252, 256, 255, 252, 256, 255, 252,
    253, 256, 253, 255, 253, 256, 255, 254, 255, 254, 253, 254, 256, 257,
    256, 256, 254, 253, 256, 253, 254, 251, 255, 252, 251, 251, 254, 253,
    254, 252, 251, 253, 252, 254, 255, 253, 250, 255, 252, 254, 256, 254,
    252, 257, 253, 256, 253, 253, 256, 255, 256, 256, 254, 255, 255, 252,
    256, 252, 254, 253, 256 ]
headPositionsY: [ 66, 81, 79, 80, 81, 81, 79, 81, 80, 83, 81, 83, 83, 79,
    82, 80, 83, 80, 81, 80, 81, 82, 79, 83, 84, 80, 80, 83, 81, 79, 80,
    83, 83, 83, 83, 80, 79, 79, 78, 79, 81, 78, 75, 77, 78, 77, 73, 73,
    71, 70, 71, 67, 66, 69, 69, 67, 64, 67, 66, 66, 66, 66, 67, 68, 68,
    66, 68, 70, 69, 65, 65, 67, 69, 70, 71, 67, 68, 67, 68, 71, 66, 69,
    70, 65, 67, 68, 65, 69, 67, 69, 67, 69, 65, 67, 68, 64, 65, 65, 70,
    68 ]
