%YAML:1.0
---
videoName: "headShake38.mp4"
gestureLabel: 201
fps: 29
pixelSizeInCmTemp: 3.2808219178082193e-01
faceCenterPointX: 259
faceCenterPointY: 84
headPositionsX: [ 260, 262, 263, 261, 264, 265, 263, 263, 262, 263, 262,
    263, 262, 261, 265, 263, 262, 262, 264, 264, 263, 265, 265, 261, 262,
    265, 264, 261, 263, 260, 263, 264, 264, 262, 263, 263, 264, 263, 262,
    262, 264, 261, 259, 257, 254, 251, 248, 247, 250, 254, 261, 264, 274,
    278, 276, 273, 268, 264, 256, 249, 246, 251, 254, 260, 268, 271, 273,
    268, 266, 259, 252, 251, 248, 250, 250, 253, 258, 263, 264, 267, 270,
    267, 267, 267, 263, 265, 264, 259, 259, 258, 258, 260, 259, 262, 263,
    257, 261, 262, 262, 258 ]
headPositionsY: [ 83, 84, 85, 82, 82, 84, 81, 84, 84, 84, 85, 82, 82, 84,
    85, 81, 83, 84, 85, 84, 82, 81, 84, 84, 82, 85, 81, 82, 83, 83, 86,
    85, 85, 82, 85, 82, 83, 83, 83, 85, 82, 82, 85, 84, 83, 83, 83, 81,
    81, 83, 86, 82, 84, 83, 85, 80, 83, 85, 82, 85, 83, 80, 82, 84, 82,
    83, 84, 83, 84, 85, 83, 84, 85, 83, 83, 85, 82, 82, 83, 85, 82, 87,
    83, 83, 86, 86, 84, 82, 84, 85, 84, 83, 83, 86, 87, 82, 83, 84, 85,
    84 ]
