%YAML:1.0
---
videoName: "headNod45.mp4"
gestureLabel: 202
fps: 30
pixelSizeInCmTemp: 3.0316455696202532e-01
faceCenterPointX: 265
faceCenterPointY: 77
headPositionsX: [ 267, 269, 265, 267, 266, 266, 268, 266, 270, 268, 270,
    267, 265, 266, 266, 265, 268, 269, 269, 267, 268, 269, 267, 267, 266,
    268, 266, 266, 267, 267, 268, 265, 264, 266, 265, 265, 263, 266, 267,
    267, 264, 265, 264, 266, 263, 267, 264, 263, 264, 266, 266, 266, 265,
    266, 268, 267, 269, 266, 266, 267, 265, 266, 264, 264, 263, 269, 265,
    266, 265, 268, 265, 266, 268, 268, 265, 265, 266, 266, 267, 265, 267,
    266, 264, 264, 266, 267, 266, 264, 267, 265, 265, 266, 266, 267, 267,
    264, 267, 267, 264, 264 ]
headPositionsY: [ 77, 75, 74, 76, 76, 74, 77, 76, 76, 77, 78, 77, 76, 73,
    77, 77, 74, 79, 77, 79, 84, 88, 93, 96, 92, 90, 90, 88, 82, 76, 74,
    75, 70, 67, 68, 68, 68, 71, 74, 77, 80, 87, 92, 92, 91, 91, 85, 84,
    80, 79, 76, 74, 71, 74, 74, 75, 79, 79, 84, 84, 83, 82, 80, 77, 75,
    74, 74, 73, 76, 77, 78, 81, 83, 88, 86, 86, 86, 82, 84, 77, 79, 77,
    74, 77, 75, 78, 82, 80, 81, 79, 81, 78, 79, 79, 76, 79, 75, 76, 78,
    78 ]
