%YAML:1.0
---
videoName: "headShake44.mp4"
gestureLabel: 201
fps: 30
pixelSizeInCmTemp: 3.2808219178082193e-01
faceCenterPointX: 260
faceCenterPointY: 84
headPositionsX: [ 260, 262, 260, 261, 259, 259, 261, 263, 262, 261, 261,
    260, 262, 259, 260, 261, 259, 259, 260, 259, 259, 259, 259, 259, 262,
    261, 259, 263, 259, 259, 262, 261, 262, 263, 258, 262, 261, 260, 263,
    265, 265, 271, 270, 273, 273, 275, 271, 265, 264, 256, 251, 252, 248,
    254, 258, 261, 268, 269, 271, 269, 266, 260, 257, 256, 256, 254, 261,
    266, 269, 273, 271, 270, 265, 262, 257, 254, 250, 250, 253, 255, 259,
    257, 258, 263, 259, 261, 260, 264, 264, 264, 262, 261, 261, 264, 262,
    261, 259, 259, 262, 260 ]
headPositionsY: [ 85, 83, 83, 83, 82, 85, 84, 81, 84, 84, 83, 84, 81, 81,
    85, 83, 81, 82, 83, 81, 82, 84, 81, 84, 84, 80, 84, 81, 81, 84, 85,
    83, 82, 83, 83, 84, 81, 83, 85, 81, 83, 82, 80, 81, 84, 82, 80, 85,
    82, 82, 84, 83, 83, 83, 84, 85, 83, 84, 86, 83, 86, 84, 83, 82, 84,
    85, 85, 83, 84, 83, 83, 81, 83, 86, 83, 81, 83, 86, 82, 84, 85, 82,
    86, 85, 83, 86, 82, 83, 87, 84, 84, 84, 87, 85, 82, 84, 82, 86, 84,
    85 ]
