%YAML:1.0
---
videoName: "headNod46.mp4"
gestureLabel: 202
fps: 30
pixelSizeInCmTemp: 2.8511904761904761e-01
faceCenterPointX: 264
faceCenterPointY: 72
headPositionsX: [ 265, 266, 263, 263, 263, 263, 266, 264, 266, 265, 263,
    263, 262, 264, 262, 266, 262, 262, 266, 264, 266, 263, 266, 266, 264,
    266, 267, 266, 269, 269, 264, 267, 263, 262, 264, 262, 262, 260, 264,
    260, 263, 263, 264, 262, 261, 264, 264, 264, 260, 260, 263, 263, 264,
    262, 264, 264, 264, 265, 264, 262, 264, 263, 264, 264, 264, 261, 266,
    262, 266, 262, 264, 263, 267, 265, 264, 263, 263, 264, 263, 267, 263,
    261, 265, 264, 262, 262, 263, 261, 262, 263, 263, 261, 265, 266, 262,
    265, 265, 263, 264, 262 ]
headPositionsY: [ 73, 67, 70, 67, 68, 71, 70, 70, 74, 74, 78, 77, 82, 82,
    89, 89, 91, 88, 86, 86, 81, 73, 76, 71, 68, 69, 69, 72, 73, 77, 79,
    87, 88, 90, 90, 83, 82, 77, 75, 66, 67, 67, 69, 72, 73, 76, 82, 84,
    83, 85, 82, 80, 76, 72, 66, 68, 68, 66, 69, 70, 72, 77, 77, 76, 77,
    72, 72, 69, 71, 69, 68, 72, 69, 72, 76, 72, 74, 72, 71, 70, 71, 68,
    70, 72, 73, 74, 73, 76, 76, 72, 73, 70, 72, 72, 72, 72, 70, 74, 70,
    70 ]
