%YAML:1.0
---
videoName: "headNod26.mp4"
gestureLabel: 202
fps: 29
pixelSizeInCmTemp: 3.1513157894736843e-01
faceCenterPointX: 271
faceCenterPointY: 78
headPositionsX: [ 272, 274, 271, 270, 274, 270, 272, 272, 272, 271, 270,
    273, 275, 273, 275, 272, 271, 273, 273, 274, 273, 273, 274, 272, 274,
    272, 270, 272, 271, 270, 274, 269, 274, 272, 272, 270, 272, 274, 269,
    269, 272, 273, 274, 270, 273, 273, 270, 271, 272, 272, 273, 275, 274,
    274, 270, 271, 273, 273, 271, 272, 272, 274, 274, 272, 273, 274, 271,
    270, 270, 274, 273, 274, 270, 272, 274, 269, 271, 270, 270, 269, 271,
    269, 272, 269, 269, 271, 272, 270, 271, 273, 269, 273, 270, 270, 268,
    268, 269, 268, 270, 270 ]
headPositionsY: [ 79, 71, 76, 71, 74, 72, 71, 70, 70, 68, 65, 66, 66, 66,
    67, 65, 71, 73, 71, 77, 78, 81, 84, 84, 81, 82, 78, 73, 71, 68, 69,
    67, 69, 69, 72, 73, 73, 73, 78, 78, 81, 79, 80, 72, 75, 72, 69, 69,
    68, 67, 70, 72, 71, 77, 76, 75, 75, 75, 73, 69, 71, 68, 68, 67, 70,
    69, 69, 71, 69, 70, 75, 75, 74, 78, 74, 75, 73, 71, 69, 69, 68, 68,
    70, 72, 72, 75, 73, 77, 80, 77, 79, 80, 76, 79, 78, 76, 77, 79, 77,
    76 ]
