%YAML:1.0
---
videoName: "headShake23.mp4"
gestureLabel: 201
fps: 29
pixelSizeInCmTemp: 3.2808219178082193e-01
faceCenterPointX: 240
faceCenterPointY: 77
headPositionsX: [ 238, 242, 243, 241, 241, 243, 242, 240, 239, 242, 243,
    242, 240, 243, 242, 242, 243, 239, 238, 237, 241, 239, 246, 246, 251,
    248, 254, 253, 254, 254, 252, 252, 255, 248, 246, 247, 240, 240, 237,
    233, 230, 229, 230, 228, 231, 230, 229, 234, 236, 238, 240, 246, 247,
    250, 253, 252, 250, 251, 253, 249, 249, 247, 249, 242, 244, 241, 239,
    239, 235, 238, 233, 233, 235, 232, 236, 235, 236, 235, 239, 238, 237,
    238, 241, 241, 241, 243, 244, 243, 247, 244, 243, 246, 246, 245, 243,
    244, 242, 245, 242, 243 ]
headPositionsY: [ 76, 75, 75, 76, 76, 75, 79, 77, 76, 77, 76, 79, 77, 79,
    78, 79, 74, 75, 76, 76, 79, 74, 75, 77, 76, 76, 76, 79, 78, 75, 78,
    77, 77, 77, 79, 77, 75, 75, 78, 77, 77, 79, 77, 77, 77, 77, 76, 80,
    76, 76, 77, 76, 76, 75, 78, 79, 74, 78, 74, 76, 78, 79, 77, 79, 80,
    78, 78, 80, 76, 79, 77, 78, 78, 77, 77, 79, 76, 79, 78, 78, 78, 80,
    78, 79, 78, 75, 79, 76, 77, 75, 78, 78, 76, 79, 76, 78, 76, 79, 79,
    76 ]
