%YAML:1.0
---
videoName: "headNod0.mp4"
gestureLabel: 202
fps: 29
pixelSizeInCmTemp: 3.2364864864864862e-01
faceCenterPointX: 264
faceCenterPointY: 76
headPositionsX: [ 263, 269, 269, 267, 268, 266, 268, 267, 265, 267, 265,
    269, 265, 264, 264, 265, 267, 263, 263, 264, 263, 267, 267, 265, 266,
    265, 263, 266, 265, 266, 265, 266, 268, 264, 267, 265, 268, 265, 266,
    267, 267, 265, 265, 262, 264, 263, 263, 263, 266, 265, 264, 262, 262,
    265, 263, 263, 262, 263, 265, 263, 267, 264, 265, 268, 266, 265, 267,
    267, 265, 266, 266, 263, 263, 265, 266, 262, 265, 264, 265, 267, 261,
    263, 262, 266, 266, 265, 265, 266, 266, 264, 266, 266, 264, 263, 262,
    265, 265, 266, 263, 265 ]
headPositionsY: [ 76, 73, 73, 74, 73, 75, 74, 71, 76, 74, 75, 73, 72, 73,
    74, 73, 74, 73, 71, 73, 71, 73, 72, 72, 73, 76, 74, 72, 72, 69, 71,
    66, 65, 62, 64, 64, 65, 64, 66, 68, 65, 73, 72, 77, 76, 82, 80, 82,
    83, 78, 80, 73, 73, 70, 71, 66, 66, 65, 64, 67, 71, 73, 74, 73, 75,
    79, 78, 81, 78, 79, 78, 76, 72, 70, 67, 66, 68, 66, 68, 68, 69, 70,
    73, 73, 74, 78, 79, 81, 80, 79, 76, 77, 78, 77, 75, 74, 75, 74, 76,
    78 ]
