%YAML:1.0
---
videoName: "headLookLeft2.mp4"
gestureLabel: 203
fps: 29
pixelSizeInCmTemp: 3.6846153846153845e-01
faceCenterPointX: 278
faceCenterPointY: 74
headPositionsX: [ 280, 258, 259, 257, 261, 258, 260, 259, 258, 261, 262,
    261, 258, 260, 261, 262, 259, 261, 260, 262, 264, 265, 265, 268, 268,
    268, 271, 275, 273, 275, 275, 277, 275, 279, 277, 282, 280, 282, 276,
    276, 280, 279, 283, 279, 278, 278, 282, 280, 283, 278, 282, 283, 284,
    279, 278, 279, 280, 272, 281, 280, 281, 278, 280, 280, 277, 279, 279,
    283, 279, 280, 280, 279, 280, 274, 275, 283, 276, 278, 279, 282, 277,
    280, 280, 279, 284, 276, 283, 277, 279, 283, 280, 279, 282, 278, 277,
    277, 282, 282, 287, 278 ]
headPositionsY: [ 73, 74, 76, 74, 75, 77, 76, 78, 78, 76, 75, 74, 73, 77,
    76, 76, 78, 75, 75, 77, 75, 77, 76, 73, 74, 73, 74, 76, 77, 74, 73,
    73, 72, 74, 74, 76, 76, 73, 77, 75, 74, 76, 75, 74, 75, 76, 73, 77,
    78, 75, 72, 75, 72, 75, 72, 75, 76, 73, 75, 76, 77, 71, 72, 73, 75,
    75, 72, 76, 77, 71, 75, 75, 77, 72, 71, 76, 74, 77, 74, 73, 75, 74,
    75, 76, 76, 72, 72, 75, 72, 73, 76, 72, 74, 75, 72, 73, 73, 75, 75,
    75 ]
