%YAML:1.0
---
videoName: "headLookRight6.mp4"
gestureLabel: 204
fps: 29
pixelSizeInCmTemp: 3.8015873015873014e-01
faceCenterPointX: 226
faceCenterPointY: 72
headPositionsX: [ 224, 249, 248, 250, 247, 246, 247, 249, 248, 247, 249,
    251, 249, 251, 252, 252, 250, 251, 252, 251, 252, 249, 253, 251, 250,
    251, 253, 254, 252, 252, 249, 251, 250, 249, 249, 248, 244, 239, 239,
    235, 233, 231, 227, 231, 229, 225, 227, 228, 224, 225, 226, 225, 228,
    226, 227, 227, 226, 227, 228, 228, 230, 226, 231, 223, 225, 226, 224,
    229, 228, 229, 225, 227, 227, 230, 226, 226, 230, 226, 227, 228, 227,
    228, 225, 225, 227, 225, 231, 228, 225, 226, 225, 225, 228, 228, 226,
    228, 227, 225, 226, 226 ]
headPositionsY: [ 71, 74, 70, 72, 74, 72, 73, 75, 72, 75, 74, 74, 73, 71,
    74, 73, 75, 75, 75, 73, 75, 73, 73, 75, 72, 73, 74, 73, 74, 75, 72,
    73, 74, 75, 76, 76, 74, 76, 71, 72, 73, 74, 72, 74, 75, 73, 70, 71,
    75, 76, 73, 69, 77, 76, 73, 72, 73, 74, 72, 76, 76, 75, 75, 70, 74,
    70, 73, 71, 77, 75, 72, 74, 76, 71, 71, 74, 70, 75, 72, 74, 78, 77,
    71, 71, 72, 76, 76, 76, 73, 72, 71, 75, 73, 74, 68, 73, 71, 73, 74,
    71 ]
