%YAML:1.0
---
videoName: "headShake19.mp4"
gestureLabel: 201
fps: 29
pixelSizeInCmTemp: 3.1933333333333330e-01
faceCenterPointX: 243
faceCenterPointY: 78
headPositionsX: [ 245, 245, 244, 244, 244, 245, 240, 244, 242, 244, 246,
    244, 243, 243, 244, 244, 241, 244, 244, 243, 240, 241, 241, 244, 244,
    241, 244, 242, 244, 245, 240, 244, 244, 241, 244, 240, 241, 236, 233,
    232, 234, 236, 239, 242, 249, 255, 258, 259, 259, 252, 247, 244, 237,
    235, 230, 232, 233, 235, 237, 243, 246, 248, 248, 245, 248, 243, 243,
    240, 238, 234, 236, 238, 237, 239, 242, 241, 244, 246, 247, 245, 242,
    242, 244, 241, 241, 240, 239, 241, 240, 241, 239, 240, 244, 242, 245,
    241, 246, 242, 243, 242 ]
headPositionsY: [ 77, 74, 76, 76, 75, 74, 78, 75, 76, 78, 76, 76, 78, 79,
    76, 78, 77, 76, 75, 79, 74, 77, 77, 78, 76, 75, 77, 76, 76, 76, 79,
    78, 77, 77, 75, 78, 79, 78, 76, 78, 75, 77, 77, 75, 77, 78, 77, 77,
    74, 77, 76, 76, 76, 75, 74, 75, 76, 75, 75, 76, 75, 76, 76, 75, 77,
    78, 78, 76, 78, 78, 77, 78, 75, 78, 77, 76, 79, 80, 79, 78, 77, 77,
    75, 78, 78, 77, 76, 79, 79, 78, 76, 78, 79, 77, 79, 76, 79, 79, 79,
    76 ]
