%YAML:1.0
---
videoName: "headShake44.mp4"
gestureLabel: 201
fps: 30
pixelSizeInCmTemp: 3.2808219178082193e-01
faceCenterPointX: 260
faceCenterPointY: 84
headPositionsX: [ 261, 262, 260, 261, 263, 259, 259, 261, 261, 260, 260,
    262, 260, 259, 263, 259, 261, 260, 261, 261, 262, 261, 261, 263, 260,
    260, 262, 261, 259, 259, 258, 261, 262, 259, 260, 258, 261, 258, 261,
    263, 264, 268, 274, 273, 276, 274, 272, 266, 264, 257, 255, 253, 249,
    250, 254, 260, 264, 270, 271, 270, 266, 263, 257, 256, 255, 254, 261,
    264, 270, 270, 271, 269, 268, 262, 258, 252, 253, 253, 251, 254, 257,
    261, 259, 260, 262, 260, 263, 263, 261, 260, 260, 259, 261, 264, 260,
    263, 261, 259, 261, 263 ]
headPositionsY: [ 84, 82, 83, 83, 85, 85, 82, 85, 83, 82, 85, 82, 83, 82,
    83, 84, 83, 80, 84, 83, 85, 83, 81, 84, 84, 82, 84, 83, 85, 80, 84,
    85, 82, 81, 81, 84, 84, 82, 83, 82, 83, 81, 81, 81, 83, 84, 82, 86,
    83, 84, 86, 82, 84, 86, 83, 84, 83, 84, 84, 86, 85, 85, 84, 83, 86,
    82, 82, 86, 85, 82, 83, 84, 84, 83, 84, 81, 82, 85, 85, 85, 83, 82,
    86, 83, 81, 82, 82, 85, 86, 85, 84, 84, 84, 87, 84, 85, 85, 84, 83,
    86 ]
