%YAML:1.0
---
videoName: "headNod0.mp4"
gestureLabel: 202
fps: 29
pixelSizeInCmTemp: 3.2364864864864862e-01
faceCenterPointX: 264
faceCenterPointY: 76
headPositionsX: [ 263, 266, 266, 270, 269, 268, 267, 265, 268, 268, 265,
    266, 265, 264, 266, 263, 266, 266, 267, 266, 266, 265, 263, 266, 263,
    265, 265, 267, 264, 264, 263, 263, 267, 266, 265, 265, 266, 265, 266,
    265, 265, 264, 264, 266, 266, 267, 265, 266, 264, 262, 264, 265, 262,
    267, 266, 265, 266, 267, 266, 263, 266, 266, 268, 267, 268, 265, 266,
    263, 264, 265, 265, 264, 263, 264, 262, 266, 263, 264, 262, 266, 263,
    263, 264, 267, 262, 262, 262, 262, 267, 264, 266, 266, 267, 263, 265,
    262, 264, 263, 264, 264 ]
headPositionsY: [ 76, 74, 72, 73, 74, 71, 75, 74, 72, 71, 71, 72, 75, 72,
    72, 74, 75, 74, 74, 72, 75, 73, 73, 72, 74, 76, 73, 71, 75, 73, 68,
    67, 65, 66, 64, 62, 61, 61, 63, 68, 66, 69, 74, 73, 77, 83, 83, 83,
    83, 80, 79, 73, 73, 71, 67, 68, 66, 65, 64, 67, 72, 70, 71, 73, 79,
    80, 79, 82, 78, 77, 78, 76, 71, 70, 70, 69, 65, 68, 70, 69, 70, 74,
    72, 75, 76, 75, 76, 80, 81, 76, 80, 77, 78, 79, 76, 74, 73, 73, 78,
    75 ]
