%YAML:1.0
---
videoName: "headNod32.mp4"
gestureLabel: 202
fps: 29
pixelSizeInCmTemp: 2.8855421686746985e-01
faceCenterPointX: 266
faceCenterPointY: 74
headPositionsX: [ 265, 269, 269, 268, 267, 267, 265, 267, 265, 265, 268,
    264, 263, 264, 268, 264, 267, 268, 265, 265, 264, 267, 266, 268, 267,
    266, 267, 265, 264, 268, 268, 266, 266, 266, 267, 267, 268, 266, 269,
    268, 270, 269, 266, 268, 266, 268, 269, 270, 268, 268, 267, 266, 268,
    267, 268, 269, 268, 265, 269, 266, 268, 268, 267, 265, 266, 269, 266,
    269, 269, 268, 265, 268, 266, 267, 267, 265, 264, 266, 268, 267, 265,
    263, 263, 266, 265, 269, 266, 268, 268, 268, 267, 265, 270, 265, 267,
    268, 268, 264, 267, 264 ]
headPositionsY: [ 73, 77, 77, 78, 77, 80, 79, 78, 77, 80, 78, 76, 77, 77,
    79, 77, 77, 79, 78, 76, 79, 79, 79, 77, 79, 79, 80, 76, 76, 75, 78,
    80, 79, 76, 80, 77, 76, 78, 80, 78, 76, 76, 75, 76, 78, 76, 79, 75,
    76, 76, 78, 75, 79, 78, 78, 76, 76, 76, 75, 76, 70, 66, 64, 64, 67,
    69, 68, 74, 79, 80, 87, 86, 90, 85, 82, 79, 75, 73, 74, 72, 71, 71,
    70, 70, 69, 73, 76, 76, 72, 72, 74, 76, 77, 75, 75, 73, 76, 76, 74,
    76 ]
