%YAML:1.0
---
videoName: "headShake11.mp4"
gestureLabel: 201
fps: 29
pixelSizeInCmTemp: 3.2364864864864862e-01
faceCenterPointX: 244
faceCenterPointY: 76
headPositionsX: [ 243, 241, 241, 241, 241, 240, 245, 243, 240, 240, 242,
    240, 243, 240, 243, 242, 242, 242, 242, 243, 244, 244, 240, 244, 244,
    240, 242, 245, 245, 251, 254, 258, 257, 260, 263, 262, 259, 260, 253,
    249, 244, 240, 233, 230, 229, 226, 229, 230, 232, 238, 244, 252, 254,
    259, 257, 258, 256, 255, 248, 242, 241, 237, 233, 232, 228, 233, 237,
    240, 244, 249, 254, 257, 258, 259, 259, 256, 252, 250, 246, 239, 236,
    234, 234, 234, 235, 238, 242, 240, 246, 248, 246, 246, 246, 247, 245,
    247, 243, 244, 246, 245 ]
headPositionsY: [ 76, 71, 72, 72, 74, 74, 75, 72, 72, 72, 75, 74, 74, 74,
    71, 73, 74, 71, 71, 75, 72, 75, 71, 73, 72, 71, 73, 72, 74, 71, 71,
    71, 72, 70, 72, 73, 71, 71, 72, 77, 74, 75, 74, 75, 75, 72, 76, 76,
    74, 76, 73, 73, 75, 74, 74, 72, 72, 75, 74, 74, 78, 77, 76, 74, 77,
    76, 76, 75, 76, 73, 74, 73, 72, 71, 72, 71, 73, 74, 74, 76, 77, 76,
    74, 74, 73, 72, 73, 73, 74, 73, 76, 76, 73, 76, 74, 75, 75, 74, 75,
    77 ]
