%YAML:1.0
---
videoName: "headShake6.mp4"
gestureLabel: 201
fps: 29
pixelSizeInCmTemp: 3.2808219178082193e-01
faceCenterPointX: 244
faceCenterPointY: 68
headPositionsX: [ 243, 243, 247, 245, 246, 243, 245, 244, 247, 245, 245,
    243, 246, 244, 244, 247, 244, 244, 246, 244, 246, 246, 243, 242, 243,
    245, 246, 245, 251, 254, 255, 259, 259, 263, 265, 258, 256, 252, 248,
    241, 234, 230, 228, 229, 235, 237, 242, 248, 254, 255, 259, 256, 256,
    254, 246, 244, 240, 232, 233, 233, 231, 234, 235, 241, 244, 247, 250,
    253, 252, 249, 247, 243, 240, 238, 239, 238, 237, 241, 239, 242, 239,
    244, 241, 245, 243, 244, 243, 242, 246, 244, 243, 246, 245, 245, 244,
    242, 245, 243, 246, 246 ]
headPositionsY: [ 70, 69, 68, 69, 68, 66, 65, 65, 69, 67, 67, 66, 63, 65,
    65, 67, 65, 66, 66, 64, 66, 65, 66, 66, 67, 69, 66, 67, 66, 67, 66,
    65, 67, 64, 67, 63, 65, 70, 67, 67, 68, 66, 68, 65, 66, 67, 66, 67,
    67, 65, 65, 65, 66, 69, 69, 69, 68, 65, 70, 67, 68, 68, 67, 68, 66,
    69, 68, 67, 68, 69, 70, 69, 69, 67, 68, 68, 66, 66, 68, 67, 70, 66,
    66, 69, 66, 66, 71, 68, 68, 67, 67, 68, 68, 70, 70, 67, 68, 70, 66,
    68 ]
