%YAML:1.0
---
videoName: "headLookUp9.mp4"
gestureLabel: 205
fps: 29
pixelSizeInCmTemp: 3.3732394366197183e-01
faceCenterPointX: 251
faceCenterPointY: 57
headPositionsX: [ 250, 253, 251, 253, 252, 254, 252, 251, 250, 250, 250,
    250, 250, 251, 251, 253, 253, 249, 250, 250, 254, 254, 251, 249, 250,
    253, 252, 253, 249, 252, 253, 253, 252, 249, 252, 250, 250, 252, 254,
    252, 251, 250, 252, 252, 253, 251, 251, 252, 249, 249, 252, 253, 249,
    253, 251, 250, 250, 249, 250, 251, 250, 250, 253, 253, 248, 251, 251,
    253, 253, 250, 253, 251, 253, 252, 249, 251, 253, 249, 249, 252, 252,
    251, 252, 253, 251, 248, 250, 253, 250, 253, 250, 253, 249, 251, 249,
    250, 252, 250, 253, 253 ]
headPositionsY: [ 57, 75, 72, 73, 73, 73, 72, 72, 75, 75, 76, 75, 73, 73,
    77, 74, 74, 74, 76, 72, 72, 73, 76, 72, 75, 72, 76, 73, 74, 75, 72,
    74, 71, 72, 72, 70, 69, 64, 67, 66, 64, 65, 64, 59, 61, 60, 59, 59,
    59, 57, 60, 57, 58, 56, 59, 60, 57, 57, 57, 59, 57, 59, 55, 58, 57,
    58, 59, 56, 55, 58, 55, 59, 59, 58, 58, 54, 58, 56, 56, 59, 58, 55,
    58, 56, 55, 58, 56, 55, 59, 59, 59, 59, 59, 57, 55, 58, 57, 56, 57,
    56 ]
