%YAML:1.0
---
videoName: "headNod33.mp4"
gestureLabel: 202
fps: 29
pixelSizeInCmTemp: 2.9567901234567900e-01
faceCenterPointX: 268
faceCenterPointY: 74
headPositionsX: [ 268, 266, 271, 268, 269, 267, 271, 269, 269, 268, 270,
    270, 272, 268, 269, 272, 271, 270, 271, 269, 269, 272, 268, 268, 270,
    270, 271, 272, 268, 267, 271, 269, 270, 268, 267, 271, 267, 268, 269,
    272, 269, 269, 268, 268, 269, 268, 271, 270, 272, 267, 268, 266, 267,
    269, 269, 267, 267, 267, 269, 269, 267, 266, 266, 267, 267, 266, 267,
    266, 268, 266, 266, 268, 268, 270, 269, 267, 270, 268, 267, 266, 270,
    271, 270, 269, 269, 268, 270, 269, 269, 268, 266, 267, 267, 266, 268,
    266, 270, 267, 266, 267 ]
headPositionsY: [ 74, 70, 71, 71, 72, 73, 74, 70, 71, 70, 72, 71, 70, 70,
    74, 69, 73, 69, 73, 71, 72, 72, 72, 74, 71, 72, 73, 74, 72, 71, 74,
    75, 75, 73, 77, 78, 78, 77, 73, 70, 69, 66, 63, 65, 68, 68, 73, 76,
    76, 82, 85, 80, 81, 79, 74, 74, 71, 68, 70, 72, 69, 72, 70, 72, 76,
    77, 75, 79, 75, 77, 72, 73, 73, 72, 73, 69, 70, 74, 71, 72, 76, 75,
    79, 78, 77, 77, 76, 74, 77, 76, 76, 73, 75, 73, 77, 76, 75, 73, 77,
    75 ]
