%YAML:1.0
---
videoName: "headShake37.mp4"
gestureLabel: 201
fps: 30
pixelSizeInCmTemp: 3.1933333333333330e-01
faceCenterPointX: 263
faceCenterPointY: 83
headPositionsX: [ 261, 261, 259, 264, 262, 260, 262, 264, 261, 261, 262,
    263, 263, 261, 263, 263, 265, 260, 262, 264, 264, 263, 259, 262, 260,
    263, 260, 263, 260, 264, 264, 261, 263, 263, 261, 262, 260, 263, 263,
    262, 261, 263, 262, 260, 262, 262, 263, 266, 269, 269, 276, 276, 281,
    283, 283, 277, 273, 266, 260, 253, 251, 252, 257, 258, 262, 269, 268,
    273, 275, 271, 269, 265, 259, 258, 253, 251, 255, 255, 258, 259, 258,
    260, 265, 266, 267, 267, 268, 266, 264, 266, 266, 266, 264, 266, 264,
    265, 265, 262, 266, 262 ]
headPositionsY: [ 83, 80, 85, 84, 81, 82, 81, 86, 83, 83, 81, 84, 84, 83,
    85, 81, 84, 84, 85, 83, 84, 82, 84, 84, 82, 83, 82, 82, 81, 82, 81,
    85, 85, 81, 82, 81, 82, 81, 85, 83, 82, 84, 82, 81, 81, 83, 83, 83,
    82, 82, 80, 81, 82, 78, 83, 83, 82, 81, 83, 84, 81, 82, 81, 80, 84,
    82, 82, 82, 79, 84, 83, 83, 82, 84, 81, 82, 83, 81, 83, 82, 81, 83,
    84, 83, 83, 85, 82, 81, 83, 84, 86, 84, 83, 81, 84, 82, 82, 83, 83,
    80 ]
