%YAML:1.0
---
videoName: "headNod42.mp4"
gestureLabel: 202
fps: 30
pixelSizeInCmTemp: 3.0316455696202532e-01
faceCenterPointX: 265
faceCenterPointY: 77
headPositionsX: [ 263, 269, 267, 266, 268, 267, 268, 269, 270, 269, 271,
    266, 266, 268, 270, 268, 272, 269, 269, 270, 267, 271, 269, 270, 268,
    270, 268, 267, 263, 267, 265, 263, 264, 268, 267, 265, 267, 267, 268,
    265, 267, 266, 267, 263, 267, 264, 265, 264, 264, 264, 264, 262, 265,
    263, 267, 264, 265, 263, 263, 263, 267, 266, 265, 264, 266, 264, 266,
    264, 263, 267, 263, 267, 268, 265, 265, 265, 267, 265, 268, 266, 268,
    266, 264, 265, 268, 264, 266, 267, 264, 264, 266, 265, 263, 266, 264,
    266, 265, 264, 266, 266 ]
headPositionsY: [ 78, 74, 77, 76, 78, 77, 74, 75, 78, 77, 78, 75, 75, 74,
    78, 67, 68, 66, 65, 66, 69, 67, 67, 76, 78, 83, 89, 90, 90, 92, 87,
    86, 77, 74, 76, 69, 69, 67, 70, 70, 73, 80, 80, 84, 83, 82, 80, 78,
    74, 71, 70, 72, 70, 73, 72, 78, 83, 83, 84, 83, 85, 80, 80, 79, 74,
    73, 73, 75, 76, 76, 75, 81, 80, 81, 81, 77, 78, 75, 77, 71, 72, 72,
    75, 76, 80, 80, 82, 81, 79, 80, 82, 77, 76, 79, 76, 76, 79, 79, 75,
    76 ]
