%YAML:1.0
---
videoName: "headShake10.mp4"
gestureLabel: 201
fps: 29
pixelSizeInCmTemp: 3.3732394366197183e-01
faceCenterPointX: 240
faceCenterPointY: 74
headPositionsX: [ 239, 248, 247, 246, 246, 245, 246, 246, 247, 248, 246,
    247, 248, 248, 247, 248, 244, 245, 247, 248, 247, 244, 247, 248, 244,
    244, 246, 248, 247, 244, 245, 248, 248, 246, 246, 248, 243, 244, 245,
    244, 244, 246, 245, 247, 244, 243, 243, 247, 242, 246, 245, 249, 251,
    254, 258, 258, 260, 262, 258, 260, 256, 251, 248, 245, 237, 233, 234,
    229, 231, 232, 236, 241, 246, 248, 253, 254, 256, 258, 254, 256, 251,
    251, 244, 244, 245, 240, 238, 243, 241, 240, 241, 238, 242, 239, 239,
    243, 240, 240, 242, 244 ]
headPositionsY: [ 73, 74, 71, 72, 70, 72, 71, 74, 73, 75, 72, 74, 75, 74,
    75, 72, 72, 72, 75, 72, 71, 74, 72, 72, 75, 71, 71, 75, 72, 74, 73,
    72, 76, 72, 75, 73, 71, 74, 74, 75, 74, 71, 73, 71, 72, 74, 72, 74,
    74, 72, 72, 72, 73, 74, 73, 68, 69, 72, 71, 74, 72, 72, 74, 73, 74,
    76, 72, 75, 73, 73, 75, 76, 72, 75, 71, 72, 74, 73, 75, 74, 75, 77,
    74, 76, 77, 74, 74, 78, 75, 78, 73, 77, 72, 76, 76, 73, 76, 76, 77,
    75 ]
