%YAML:1.0
---
videoName: "headShake49.mp4"
gestureLabel: 201
fps: 30
pixelSizeInCmTemp: 2.8855421686746985e-01
faceCenterPointX: 259
faceCenterPointY: 84
headPositionsX: [ 261, 262, 258, 258, 259, 262, 259, 260, 262, 260, 260,
    263, 263, 260, 261, 260, 262, 260, 261, 262, 259, 263, 258, 260, 261,
    260, 259, 262, 261, 259, 260, 261, 262, 265, 269, 271, 276, 281, 285,
    284, 282, 279, 270, 267, 257, 250, 246, 250, 252, 254, 263, 269, 271,
    272, 270, 267, 264, 256, 251, 251, 245, 251, 256, 258, 265, 271, 272,
    268, 264, 260, 256, 252, 252, 253, 259, 261, 268, 266, 269, 270, 266,
    264, 259, 259, 257, 258, 256, 261, 257, 261, 257, 260, 259, 260, 260,
    260, 260, 261, 259, 260 ]
headPositionsY: [ 85, 79, 82, 80, 83, 79, 80, 80, 82, 81, 81, 81, 81, 80,
    79, 79, 82, 82, 80, 81, 79, 81, 79, 79, 81, 79, 78, 79, 82, 81, 84,
    82, 81, 82, 84, 82, 81, 80, 80, 80, 78, 82, 80, 83, 82, 83, 82, 83,
    81, 82, 84, 82, 83, 85, 82, 86, 86, 84, 86, 85, 83, 86, 86, 86, 87,
    86, 84, 86, 87, 86, 87, 86, 87, 86, 85, 86, 85, 83, 86, 84, 85, 84,
    83, 82, 83, 83, 84, 82, 84, 83, 83, 83, 83, 83, 84, 84, 85, 83, 85,
    87 ]
