%YAML:1.0
---
videoName: "headNod22.mp4"
gestureLabel: 202
fps: 29
pixelSizeInCmTemp: 3.1513157894736843e-01
faceCenterPointX: 252
faceCenterPointY: 80
headPositionsX: [ 254, 254, 251, 254, 254, 252, 252, 253, 253, 250, 255,
    255, 252, 253, 252, 250, 255, 252, 255, 252, 251, 251, 255, 254, 253,
    253, 254, 254, 254, 254, 252, 256, 255, 255, 254, 253, 253, 254, 257,
    255, 253, 255, 253, 255, 253, 252, 255, 253, 255, 250, 251, 252, 251,
    252, 252, 250, 253, 252, 253, 254, 252, 255, 255, 251, 253, 251, 251,
    251, 252, 250, 254, 254, 252, 253, 250, 251, 253, 254, 251, 255, 251,
    254, 252, 255, 250, 255, 250, 251, 252, 253, 253, 252, 251, 252, 253,
    251, 250, 249, 253, 250 ]
headPositionsY: [ 78, 78, 77, 79, 79, 77, 76, 80, 78, 79, 76, 81, 76, 81,
    78, 78, 77, 77, 79, 79, 77, 82, 79, 81, 82, 82, 84, 84, 81, 77, 74,
    76, 72, 71, 71, 72, 74, 78, 79, 84, 85, 82, 79, 76, 75, 70, 73, 73,
    73, 73, 74, 82, 84, 85, 85, 84, 83, 77, 74, 72, 71, 74, 72, 72, 74,
    79, 81, 79, 77, 79, 75, 76, 74, 76, 76, 79, 79, 81, 79, 79, 77, 78,
    74, 76, 78, 81, 82, 81, 79, 81, 79, 81, 78, 78, 80, 78, 81, 83, 79,
    81 ]
