%YAML:1.0
---
videoName: "headNod21.mp4"
gestureLabel: 202
fps: 29
pixelSizeInCmTemp: 3.2808219178082193e-01
faceCenterPointX: 253
faceCenterPointY: 78
headPositionsX: [ 254, 254, 253, 253, 256, 253, 257, 257, 256, 256, 255,
    257, 254, 255, 256, 256, 255, 256, 256, 252, 253, 255, 256, 257, 253,
    256, 254, 256, 258, 254, 256, 255, 258, 258, 256, 257, 254, 256, 257,
    255, 257, 258, 258, 256, 257, 254, 254, 257, 257, 254, 254, 256, 253,
    253, 253, 253, 253, 254, 253, 254, 252, 253, 254, 255, 253, 253, 250,
    253, 250, 251, 250, 251, 249, 251, 250, 251, 251, 251, 248, 250, 248,
    249, 248, 251, 252, 252, 252, 252, 252, 253, 254, 254, 253, 253, 255,
    252, 253, 253, 252, 253 ]
headPositionsY: [ 77, 79, 78, 81, 76, 77, 78, 76, 77, 79, 76, 77, 77, 77,
    78, 80, 80, 81, 77, 78, 79, 80, 76, 79, 80, 80, 80, 80, 82, 82, 84,
    85, 80, 78, 78, 75, 76, 77, 74, 77, 80, 81, 84, 84, 81, 82, 75, 77,
    78, 76, 82, 80, 85, 81, 82, 81, 82, 77, 77, 77, 81, 79, 82, 81, 83,
    82, 79, 80, 75, 75, 74, 78, 78, 79, 83, 84, 81, 82, 81, 79, 77, 77,
    79, 81, 77, 79, 79, 81, 78, 78, 79, 80, 78, 80, 77, 80, 79, 79, 81,
    77 ]
