%YAML:1.0
---
videoName: "headNod26.mp4"
gestureLabel: 202
fps: 29
pixelSizeInCmTemp: 3.1513157894736843e-01
faceCenterPointX: 271
faceCenterPointY: 78
headPositionsX: [ 269, 273, 274, 271, 272, 273, 273, 269, 272, 274, 270,
    274, 271, 273, 272, 270, 274, 274, 271, 270, 270, 275, 274, 273, 272,
    272, 270, 274, 273, 273, 273, 272, 270, 272, 273, 272, 270, 274, 272,
    270, 272, 270, 273, 270, 271, 271, 269, 274, 271, 274, 271, 274, 273,
    270, 269, 273, 271, 272, 273, 271, 271, 272, 272, 271, 272, 275, 273,
    272, 271, 271, 273, 271, 269, 271, 274, 270, 272, 269, 272, 273, 269,
    270, 272, 268, 272, 272, 271, 269, 272, 270, 271, 270, 271, 271, 270,
    270, 272, 271, 271, 270 ]
headPositionsY: [ 76, 73, 73, 72, 73, 70, 72, 72, 66, 69, 68, 67, 67, 64,
    67, 66, 69, 73, 73, 74, 79, 83, 85, 84, 82, 82, 78, 74, 73, 70, 68,
    68, 68, 69, 69, 70, 74, 75, 77, 78, 78, 79, 78, 75, 75, 70, 71, 67,
    68, 68, 69, 71, 71, 74, 75, 77, 78, 74, 73, 73, 69, 70, 67, 66, 68,
    69, 70, 69, 71, 74, 72, 74, 77, 77, 78, 74, 73, 68, 69, 71, 66, 71,
    72, 72, 72, 72, 77, 75, 77, 79, 78, 81, 77, 78, 76, 76, 77, 80, 76,
    78 ]
