%YAML:1.0
---
videoName: "headShake19.mp4"
gestureLabel: 201
fps: 29
pixelSizeInCmTemp: 3.1933333333333330e-01
faceCenterPointX: 243
faceCenterPointY: 78
headPositionsX: [ 244, 243, 242, 246, 242, 244, 242, 243, 241, 244, 244,
    244, 242, 243, 243, 243, 245, 241, 245, 243, 244, 243, 240, 241, 240,
    244, 244, 240, 244, 243, 240, 241, 240, 243, 241, 241, 239, 236, 236,
    232, 235, 232, 238, 244, 250, 252, 256, 257, 255, 256, 250, 243, 237,
    236, 233, 232, 235, 232, 238, 240, 244, 247, 250, 249, 248, 246, 243,
    238, 237, 238, 235, 236, 238, 238, 243, 244, 243, 246, 246, 244, 246,
    246, 242, 244, 243, 243, 240, 242, 242, 239, 242, 240, 241, 240, 245,
    242, 243, 243, 243, 243 ]
headPositionsY: [ 76, 77, 75, 79, 77, 75, 78, 74, 76, 75, 77, 79, 74, 76,
    78, 77, 79, 77, 76, 75, 77, 75, 74, 79, 77, 75, 79, 77, 75, 76, 79,
    77, 76, 77, 77, 74, 79, 76, 76, 75, 75, 78, 78, 77, 78, 75, 75, 76,
    75, 77, 77, 77, 77, 75, 74, 75, 76, 75, 78, 75, 76, 79, 79, 78, 77,
    80, 77, 78, 76, 78, 75, 76, 79, 79, 77, 75, 76, 79, 76, 80, 78, 80,
    78, 79, 79, 80, 79, 80, 78, 79, 78, 77, 80, 80, 76, 76, 80, 77, 79,
    78 ]
