%YAML:1.0
---
videoName: "headNod23.mp4"
gestureLabel: 202
fps: 29
pixelSizeInCmTemp: 3.1933333333333330e-01
faceCenterPointX: 273
faceCenterPointY: 75
headPositionsX: [ 273, 274, 273, 274, 274, 275, 275, 273, 272, 273, 275,
    277, 273, 275, 274, 276, 272, 272, 275, 274, 276, 275, 275, 274, 274,
    276, 272, 273, 276, 273, 277, 275, 275, 275, 275, 277, 275, 273, 273,
    274, 272, 269, 273, 273, 274, 271, 273, 273, 271, 272, 272, 272, 275,
    274, 273, 276, 271, 272, 272, 272, 274, 276, 274, 275, 272, 275, 275,
    275, 273, 273, 275, 275, 273, 276, 274, 274, 273, 275, 271, 275, 272,
    271, 274, 271, 275, 273, 273, 276, 273, 275, 275, 272, 273, 273, 272,
    272, 274, 271, 274, 274 ]
headPositionsY: [ 76, 74, 74, 78, 78, 75, 75, 75, 76, 75, 78, 78, 78, 75,
    75, 78, 75, 77, 76, 76, 78, 76, 75, 77, 74, 72, 71, 70, 65, 67, 62,
    66, 66, 66, 70, 69, 74, 78, 81, 79, 82, 84, 83, 79, 75, 73, 69, 71,
    66, 67, 66, 68, 69, 73, 71, 76, 77, 79, 76, 78, 78, 74, 72, 70, 70,
    70, 68, 68, 67, 69, 70, 74, 75, 78, 79, 80, 78, 80, 78, 78, 74, 75,
    75, 75, 74, 72, 71, 75, 75, 71, 72, 72, 76, 74, 76, 78, 78, 76, 77,
    76 ]
