%YAML:1.0
---
videoName: "headNod30.mp4"
gestureLabel: 202
fps: 29
pixelSizeInCmTemp: 3.2364864864864862e-01
faceCenterPointX: 271
faceCenterPointY: 72
headPositionsX: [ 271, 270, 270, 271, 270, 272, 270, 273, 270, 271, 271,
    270, 273, 270, 271, 271, 273, 273, 271, 272, 274, 272, 271, 270, 273,
    271, 272, 275, 272, 270, 275, 273, 272, 270, 269, 269, 273, 272, 272,
    272, 269, 268, 269, 269, 269, 267, 268, 267, 270, 268, 270, 271, 267,
    272, 271, 271, 269, 270, 270, 270, 273, 273, 271, 269, 271, 271, 268,
    269, 272, 272, 273, 274, 272, 270, 271, 271, 269, 270, 273, 271, 268,
    270, 271, 273, 273, 271, 270, 273, 273, 274, 271, 272, 273, 272, 269,
    272, 271, 272, 271, 272 ]
headPositionsY: [ 73, 73, 77, 75, 78, 75, 75, 77, 73, 76, 73, 77, 74, 77,
    78, 78, 77, 76, 77, 74, 77, 73, 71, 72, 70, 67, 68, 69, 66, 72, 71,
    78, 79, 84, 83, 80, 81, 80, 77, 74, 73, 73, 69, 70, 73, 76, 80, 82,
    81, 80, 75, 74, 71, 70, 72, 72, 72, 73, 73, 74, 76, 76, 75, 77, 73,
    73, 70, 67, 72, 67, 68, 73, 73, 71, 74, 73, 74, 77, 72, 70, 71, 70,
    72, 71, 70, 72, 72, 72, 75, 71, 72, 75, 75, 74, 72, 75, 74, 73, 70,
    72 ]
