%YAML:1.0
---
videoName: "headLookDown4.mp4"
gestureLabel: 206
fps: 29
pixelSizeInCmTemp: 3.4710144927536229e-01
faceCenterPointX: 275
faceCenterPointY: 97
headPositionsX: [ 273, 274, 272, 272, 273, 271, 274, 273, 275, 272, 276,
    274, 273, 270, 271, 274, 272, 274, 272, 273, 274, 273, 274, 271, 272,
    274, 274, 273, 272, 275, 275, 273, 275, 271, 274, 274, 271, 271, 274,
    272, 272, 272, 271, 275, 274, 275, 276, 273, 273, 273, 276, 272, 273,
    275, 274, 272, 275, 274, 274, 273, 272, 273, 272, 275, 274, 272, 273,
    274, 273, 275, 274, 275, 274, 276, 273, 275, 272, 276, 272, 273, 272,
    275, 277, 273, 275, 274, 275, 274, 275, 274, 274, 276, 275, 274, 274,
    275, 275, 276, 274, 275 ]
headPositionsY: [ 95, 82, 80, 80, 81, 82, 78, 78, 78, 82, 80, 82, 78, 80,
    80, 80, 80, 80, 82, 81, 83, 83, 81, 81, 80, 82, 79, 82, 79, 82, 81,
    80, 83, 81, 83, 85, 86, 84, 86, 85, 87, 86, 92, 91, 89, 94, 91, 93,
    94, 96, 94, 97, 100, 98, 99, 102, 101, 99, 99, 100, 101, 100, 100,
    103, 103, 100, 102, 97, 98, 102, 98, 97, 97, 99, 99, 98, 97, 99, 98,
    100, 98, 98, 95, 97, 98, 97, 99, 95, 98, 95, 96, 97, 99, 95, 99, 98,
    96, 95, 98, 96 ]
