%YAML:1.0
---
videoName: "headNod19.mp4"
gestureLabel: 202
fps: 29
pixelSizeInCmTemp: 3.1933333333333330e-01
faceCenterPointX: 255
faceCenterPointY: 81
headPositionsX: [ 256, 257, 255, 257, 259, 258, 257, 254, 258, 259, 254,
    258, 256, 253, 254, 256, 255, 255, 251, 255, 253, 253, 248, 251, 250,
    248, 252, 253, 248, 252, 251, 253, 250, 253, 255, 251, 251, 252, 256,
    252, 256, 257, 255, 253, 254, 254, 257, 257, 257, 255, 256, 258, 254,
    256, 257, 255, 257, 257, 253, 254, 257, 254, 256, 257, 257, 255, 256,
    258, 257, 258, 254, 255, 255, 256, 258, 253, 256, 256, 256, 254, 256,
    253, 256, 253, 255, 255, 255, 255, 257, 254, 255, 254, 253, 257, 257,
    258, 258, 256, 256, 253 ]
headPositionsY: [ 82, 86, 85, 82, 83, 77, 77, 78, 77, 78, 77, 75, 79, 79,
    79, 77, 76, 77, 76, 78, 80, 79, 77, 77, 80, 76, 78, 77, 80, 80, 81,
    80, 76, 81, 81, 77, 79, 76, 78, 81, 78, 80, 81, 80, 80, 77, 76, 79,
    79, 77, 80, 77, 77, 79, 77, 80, 76, 78, 79, 79, 81, 78, 81, 79, 81,
    82, 79, 77, 77, 74, 72, 74, 74, 77, 80, 84, 82, 85, 79, 80, 76, 76,
    77, 80, 81, 82, 83, 85, 86, 83, 84, 83, 84, 84, 81, 82, 82, 80, 81,
    80 ]
