%YAML:1.0
---
videoName: "headLookUp7.mp4"
gestureLabel: 205
fps: 29
pixelSizeInCmTemp: 3.6846153846153845e-01
faceCenterPointX: 257
faceCenterPointY: 70
headPositionsX: [ 256, 258, 258, 257, 256, 254, 256, 256, 254, 257, 256,
    255, 255, 254, 256, 255, 258, 254, 257, 255, 258, 255, 258, 258, 257,
    256, 257, 258, 256, 257, 255, 258, 255, 254, 257, 256, 257, 255, 255,
    255, 257, 258, 254, 257, 254, 253, 256, 255, 254, 256, 257, 254, 256,
    255, 255, 259, 256, 256, 254, 257, 256, 256, 258, 256, 258, 257, 258,
    255, 258, 257, 259, 255, 256, 257, 258, 258, 254, 254, 257, 259, 257,
    255, 256, 259, 257, 255, 255, 259, 255, 258, 254, 255, 256, 259, 259,
    259, 259, 255, 255, 257 ]
headPositionsY: [ 71, 83, 84, 81, 83, 81, 80, 84, 85, 84, 85, 81, 85, 84,
    83, 84, 80, 83, 81, 81, 79, 77, 78, 76, 74, 71, 74, 69, 69, 69, 69,
    69, 71, 72, 69, 68, 68, 67, 68, 70, 70, 66, 68, 68, 66, 68, 66, 66,
    69, 71, 67, 65, 71, 69, 70, 68, 69, 69, 68, 67, 70, 68, 67, 69, 68,
    69, 66, 68, 69, 68, 69, 70, 71, 69, 69, 71, 67, 71, 69, 69, 69, 70,
    67, 68, 66, 68, 70, 72, 67, 71, 68, 71, 67, 70, 71, 69, 72, 67, 70,
    69 ]
