%YAML:1.0
---
videoName: "headShake5.mp4"
gestureLabel: 201
fps: 30
pixelSizeInCmTemp: 3.3263888888888887e-01
faceCenterPointX: 275
faceCenterPointY: 73
headPositionsX: [ 276, 275, 280, 278, 279, 275, 279, 278, 278, 279, 276,
    278, 277, 277, 278, 276, 278, 279, 276, 280, 279, 277, 280, 279, 280,
    277, 280, 275, 276, 278, 280, 277, 277, 281, 284, 284, 291, 294, 295,
    297, 293, 292, 288, 283, 279, 272, 264, 263, 261, 262, 267, 273, 282,
    288, 291, 290, 286, 283, 280, 275, 270, 262, 262, 265, 268, 271, 274,
    281, 284, 283, 283, 283, 280, 280, 274, 273, 267, 269, 265, 266, 267,
    271, 273, 276, 278, 284, 282, 283, 280, 282, 279, 277, 277, 274, 275,
    275, 277, 274, 275, 275 ]
headPositionsY: [ 71, 75, 71, 75, 71, 75, 73, 72, 73, 72, 71, 72, 73, 71,
    73, 73, 73, 71, 75, 72, 73, 74, 74, 71, 76, 73, 76, 73, 76, 74, 74,
    72, 73, 71, 73, 71, 70, 71, 75, 71, 74, 70, 72, 74, 74, 76, 74, 76,
    72, 73, 73, 75, 73, 72, 72, 74, 74, 75, 77, 77, 77, 73, 76, 76, 76,
    76, 74, 75, 75, 76, 73, 76, 73, 76, 76, 71, 75, 72, 73, 70, 76, 70,
    71, 73, 73, 75, 70, 71, 70, 71, 71, 72, 74, 71, 72, 74, 73, 74, 75,
    75 ]
