%YAML:1.0
---
videoName: "headShake38.mp4"
gestureLabel: 201
fps: 29
pixelSizeInCmTemp: 3.2808219178082193e-01
faceCenterPointX: 259
faceCenterPointY: 84
headPositionsX: [ 259, 263, 265, 263, 265, 263, 264, 262, 263, 264, 264,
    264, 264, 264, 261, 263, 263, 262, 264, 263, 264, 264, 262, 261, 264,
    261, 265, 263, 261, 262, 264, 261, 261, 265, 264, 265, 262, 261, 262,
    261, 262, 263, 257, 255, 254, 252, 248, 249, 249, 253, 261, 268, 274,
    277, 280, 275, 271, 263, 253, 248, 249, 249, 256, 258, 268, 270, 272,
    268, 268, 257, 252, 250, 248, 247, 250, 255, 257, 262, 264, 266, 267,
    270, 265, 268, 266, 262, 261, 259, 263, 262, 262, 258, 260, 259, 260,
    258, 259, 262, 261, 262 ]
headPositionsY: [ 86, 83, 82, 80, 82, 81, 82, 81, 86, 84, 84, 85, 84, 81,
    83, 82, 81, 84, 81, 83, 86, 84, 85, 83, 82, 85, 85, 81, 86, 85, 83,
    83, 81, 85, 82, 82, 82, 83, 83, 81, 85, 84, 82, 81, 82, 83, 81, 80,
    81, 82, 86, 86, 82, 80, 82, 84, 85, 85, 83, 85, 85, 83, 83, 86, 85,
    81, 84, 81, 82, 82, 84, 82, 82, 85, 81, 82, 84, 85, 82, 84, 84, 85,
    82, 84, 85, 83, 84, 82, 83, 85, 85, 83, 83, 84, 86, 82, 85, 87, 82,
    85 ]
