%YAML:1.0
---
videoName: "headNod34.mp4"
gestureLabel: 202
fps: 29
pixelSizeInCmTemp: 2.9567901234567900e-01
faceCenterPointX: 266
faceCenterPointY: 78
headPositionsX: [ 266, 268, 270, 269, 269, 270, 272, 268, 270, 269, 271,
    268, 268, 268, 271, 271, 267, 267, 271, 267, 270, 269, 268, 271, 268,
    271, 269, 268, 272, 269, 270, 268, 269, 270, 268, 268, 271, 269, 268,
    272, 268, 268, 271, 269, 273, 271, 269, 269, 267, 268, 271, 267, 267,
    269, 269, 268, 268, 272, 272, 273, 270, 272, 268, 271, 268, 269, 270,
    270, 271, 271, 268, 266, 270, 267, 264, 266, 266, 266, 268, 267, 266,
    266, 264, 266, 263, 267, 267, 264, 266, 265, 267, 265, 265, 264, 266,
    266, 266, 266, 266, 268 ]
headPositionsY: [ 76, 76, 74, 77, 79, 74, 77, 74, 76, 76, 78, 76, 77, 76,
    77, 74, 78, 77, 78, 77, 77, 75, 78, 75, 79, 79, 77, 75, 76, 75, 78,
    74, 78, 78, 76, 76, 74, 72, 73, 72, 73, 73, 75, 74, 83, 86, 91, 88,
    87, 83, 78, 77, 76, 72, 71, 72, 75, 76, 81, 82, 83, 81, 81, 77, 78,
    79, 76, 79, 78, 82, 81, 84, 85, 83, 81, 78, 78, 76, 79, 79, 80, 79,
    81, 85, 81, 83, 80, 81, 78, 77, 79, 81, 79, 81, 80, 80, 82, 79, 79,
    81 ]
