%YAML:1.0
---
videoName: "headLookDown0.mp4"
gestureLabel: 206
fps: 29
pixelSizeInCmTemp: 3.3263888888888887e-01
faceCenterPointX: 273
faceCenterPointY: 93
headPositionsX: [ 272, 274, 271, 271, 275, 269, 273, 270, 274, 272, 272,
    270, 271, 271, 271, 274, 271, 271, 271, 274, 274, 271, 270, 270, 273,
    270, 271, 271, 272, 273, 272, 270, 272, 269, 273, 273, 274, 271, 272,
    273, 272, 273, 273, 274, 272, 271, 274, 274, 273, 274, 271, 269, 272,
    272, 272, 272, 270, 275, 272, 272, 271, 273, 271, 273, 269, 271, 271,
    271, 273, 272, 271, 273, 272, 271, 274, 270, 273, 274, 271, 274, 271,
    275, 271, 272, 273, 272, 271, 274, 274, 272, 273, 270, 272, 273, 271,
    273, 270, 271, 272, 274 ]
headPositionsY: [ 95, 76, 82, 79, 80, 80, 81, 78, 81, 77, 78, 80, 82, 77,
    80, 81, 80, 79, 79, 78, 79, 81, 80, 78, 79, 77, 82, 77, 81, 77, 80,
    77, 79, 82, 80, 80, 80, 80, 84, 86, 87, 87, 90, 90, 93, 96, 95, 95,
    99, 96, 97, 95, 95, 98, 98, 97, 95, 96, 95, 95, 99, 97, 98, 97, 93,
    96, 97, 93, 94, 98, 93, 97, 94, 93, 94, 97, 94, 93, 94, 94, 93, 94,
    96, 97, 95, 96, 94, 96, 95, 93, 96, 93, 93, 91, 91, 96, 96, 93, 94,
    95 ]
