%YAML:1.0
---
videoName: "headLookLeft9.mp4"
gestureLabel: 203
fps: 30
pixelSizeInCmTemp: 3.2364864864864862e-01
faceCenterPointX: 273
faceCenterPointY: 69
headPositionsX: [ 273, 245, 247, 248, 248, 247, 246, 247, 245, 247, 246,
    245, 246, 246, 248, 248, 245, 247, 244, 244, 248, 244, 244, 246, 248,
    243, 243, 245, 243, 243, 243, 246, 248, 251, 250, 252, 253, 257, 257,
    260, 263, 264, 269, 267, 268, 271, 272, 272, 271, 272, 271, 274, 269,
    268, 272, 272, 273, 272, 273, 274, 272, 273, 272, 272, 271, 272, 268,
    273, 276, 269, 269, 269, 270, 270, 275, 273, 273, 267, 272, 268, 270,
    272, 267, 268, 273, 267, 270, 269, 271, 271, 272, 270, 272, 268, 272,
    275, 271, 270, 270, 269 ]
headPositionsY: [ 69, 73, 72, 72, 69, 71, 72, 72, 71, 68, 70, 70, 69, 69,
    72, 71, 69, 71, 70, 73, 72, 70, 69, 70, 70, 72, 69, 71, 69, 72, 70,
    71, 69, 72, 70, 70, 71, 66, 68, 68, 68, 70, 69, 71, 67, 68, 66, 67,
    70, 71, 66, 68, 69, 67, 66, 67, 67, 67, 67, 69, 69, 65, 70, 67, 66,
    70, 66, 66, 68, 68, 66, 68, 67, 72, 69, 70, 69, 69, 65, 66, 69, 67,
    67, 69, 70, 67, 68, 71, 70, 66, 70, 68, 68, 67, 66, 66, 70, 71, 71,
    71 ]
