%YAML:1.0
---
videoName: "headNod42.mp4"
gestureLabel: 202
fps: 30
pixelSizeInCmTemp: 3.0316455696202532e-01
faceCenterPointX: 265
faceCenterPointY: 77
headPositionsX: [ 264, 267, 270, 268, 269, 271, 268, 269, 268, 268, 267,
    269, 268, 266, 270, 268, 269, 270, 267, 267, 267, 270, 267, 267, 270,
    267, 267, 267, 265, 266, 267, 266, 267, 267, 267, 264, 264, 268, 264,
    265, 267, 266, 265, 265, 265, 265, 266, 263, 265, 266, 268, 264, 267,
    265, 266, 264, 263, 266, 262, 264, 266, 267, 264, 263, 267, 266, 264,
    266, 263, 265, 266, 264, 268, 268, 265, 267, 268, 264, 267, 266, 265,
    264, 267, 268, 269, 267, 265, 266, 266, 264, 264, 263, 263, 265, 263,
    265, 266, 266, 266, 266 ]
headPositionsY: [ 76, 77, 75, 75, 77, 78, 78, 75, 76, 78, 77, 79, 78, 78,
    77, 69, 66, 66, 63, 67, 68, 71, 70, 76, 81, 83, 89, 91, 89, 88, 88,
    84, 78, 78, 76, 69, 69, 70, 68, 70, 76, 77, 82, 84, 85, 84, 81, 79,
    76, 75, 73, 70, 69, 70, 75, 75, 80, 86, 82, 84, 85, 82, 80, 77, 77,
    73, 74, 74, 75, 74, 75, 77, 79, 79, 82, 81, 76, 78, 78, 72, 74, 73,
    74, 79, 78, 81, 79, 82, 80, 82, 81, 78, 77, 80, 78, 77, 77, 78, 76,
    76 ]
