%YAML:1.0
---
videoName: "headShake8.mp4"
gestureLabel: 201
fps: 29
pixelSizeInCmTemp: 3.2364864864864862e-01
faceCenterPointX: 243
faceCenterPointY: 72
headPositionsX: [ 245, 243, 246, 243, 243, 244, 245, 244, 245, 246, 245,
    246, 244, 244, 242, 245, 241, 243, 244, 246, 243, 242, 243, 244, 242,
    245, 242, 244, 245, 242, 240, 245, 243, 242, 247, 251, 254, 256, 262,
    263, 267, 265, 265, 262, 256, 253, 245, 238, 233, 231, 233, 231, 231,
    237, 246, 247, 253, 260, 259, 257, 256, 255, 252, 248, 242, 236, 233,
    233, 237, 232, 234, 235, 238, 240, 241, 247, 245, 249, 249, 251, 249,
    251, 251, 249, 251, 248, 246, 248, 246, 246, 243, 245, 242, 242, 245,
    244, 243, 242, 244, 245 ]
headPositionsY: [ 70, 72, 74, 70, 72, 71, 71, 71, 72, 70, 72, 72, 74, 70,
    72, 72, 73, 70, 70, 74, 74, 70, 72, 72, 72, 74, 70, 70, 72, 70, 69,
    72, 69, 72, 72, 73, 72, 71, 71, 70, 67, 70, 71, 73, 71, 70, 70, 71,
    72, 70, 70, 73, 72, 70, 73, 69, 71, 72, 70, 71, 71, 71, 71, 69, 71,
    72, 72, 73, 71, 74, 71, 73, 72, 73, 73, 71, 72, 72, 72, 74, 72, 69,
    72, 73, 73, 73, 70, 73, 72, 70, 71, 72, 73, 72, 72, 72, 72, 73, 70,
    72 ]
