%YAML:1.0
---
videoName: "headNod11.mp4"
gestureLabel: 202
fps: 29
pixelSizeInCmTemp: 3.2364864864864862e-01
faceCenterPointX: 261
faceCenterPointY: 75
headPositionsX: [ 260, 257, 258, 261, 259, 261, 260, 261, 258, 261, 258,
    259, 261, 258, 257, 260, 257, 262, 261, 258, 260, 258, 259, 259, 262,
    260, 259, 259, 261, 262, 258, 262, 263, 260, 258, 262, 260, 262, 258,
    258, 258, 258, 261, 259, 260, 262, 260, 261, 259, 261, 261, 258, 262,
    259, 263, 261, 261, 261, 259, 260, 258, 257, 257, 260, 259, 256, 257,
    257, 259, 260, 259, 259, 257, 256, 259, 258, 258, 258, 258, 257, 257,
    259, 256, 262, 259, 261, 257, 257, 258, 260, 258, 258, 258, 257, 258,
    258, 260, 259, 261, 259 ]
headPositionsY: [ 76, 73, 72, 76, 76, 73, 75, 74, 73, 74, 72, 74, 74, 74,
    72, 74, 76, 76, 75, 74, 75, 76, 73, 75, 74, 73, 75, 74, 75, 77, 74,
    77, 77, 74, 73, 72, 75, 73, 76, 74, 74, 75, 73, 77, 74, 75, 73, 71,
    73, 70, 68, 70, 69, 66, 71, 73, 73, 78, 78, 82, 80, 80, 76, 71, 71,
    70, 66, 67, 72, 70, 73, 75, 77, 81, 83, 82, 80, 79, 77, 73, 69, 70,
    69, 71, 76, 75, 79, 80, 79, 82, 79, 76, 76, 76, 78, 78, 75, 75, 78,
    77 ]
