%YAML:1.0
---
videoName: "headNod36.mp4"
gestureLabel: 202
fps: 29
pixelSizeInCmTemp: 2.8176470588235292e-01
faceCenterPointX: 269
faceCenterPointY: 75
headPositionsX: [ 269, 268, 269, 269, 272, 268, 268, 270, 272, 273, 268,
    272, 272, 271, 269, 269, 273, 269, 269, 272, 268, 272, 270, 271, 269,
    269, 269, 271, 268, 272, 269, 271, 273, 268, 271, 269, 269, 265, 267,
    265, 268, 270, 269, 269, 269, 271, 271, 271, 271, 269, 269, 268, 269,
    271, 268, 270, 271, 270, 269, 270, 268, 268, 267, 270, 266, 267, 270,
    269, 268, 271, 270, 266, 267, 265, 269, 267, 266, 267, 269, 266, 270,
    271, 268, 268, 267, 267, 269, 271, 271, 268, 270, 270, 270, 270, 267,
    270, 270, 271, 267, 270 ]
headPositionsY: [ 76, 72, 72, 73, 73, 75, 72, 74, 76, 72, 74, 74, 76, 75,
    72, 74, 76, 78, 77, 77, 76, 79, 79, 81, 75, 77, 68, 69, 67, 62, 62,
    63, 71, 72, 79, 83, 88, 89, 89, 86, 86, 79, 75, 75, 74, 66, 66, 68,
    69, 71, 71, 72, 80, 83, 83, 87, 87, 86, 85, 84, 77, 78, 75, 72, 74,
    72, 75, 75, 81, 83, 85, 81, 78, 80, 76, 73, 73, 73, 77, 81, 83, 83,
    82, 83, 86, 82, 80, 77, 77, 79, 76, 74, 76, 75, 75, 76, 74, 78, 77,
    75 ]
