%YAML:1.0
---
videoName: "headShake42.mp4"
gestureLabel: 201
fps: 29
pixelSizeInCmTemp: 3.2808219178082193e-01
faceCenterPointX: 257
faceCenterPointY: 85
headPositionsX: [ 257, 271, 276, 277, 277, 275, 276, 277, 275, 272, 272,
    270, 269, 263, 261, 257, 250, 249, 246, 246, 245, 243, 242, 241, 241,
    246, 249, 249, 252, 259, 261, 265, 269, 277, 279, 282, 278, 279, 280,
    278, 271, 269, 269, 263, 260, 258, 253, 251, 249, 250, 244, 243, 244,
    247, 244, 245, 247, 250, 254, 258, 259, 260, 266, 264, 266, 269, 269,
    267, 270, 266, 268, 267, 267, 267, 265, 263, 263, 259, 262, 259, 258,
    255, 256, 255, 255, 255, 258, 256, 258, 257, 255, 257, 255, 258, 255,
    255, 256, 256, 256, 256 ]
headPositionsY: [ 83, 83, 80, 81, 82, 80, 82, 80, 82, 84, 83, 86, 82, 83,
    84, 81, 86, 82, 82, 84, 84, 86, 83, 87, 86, 82, 82, 84, 86, 83, 86,
    86, 81, 81, 81, 84, 81, 82, 82, 81, 83, 88, 84, 84, 86, 84, 86, 88,
    86, 86, 84, 86, 83, 87, 84, 84, 86, 86, 86, 86, 87, 84, 88, 87, 83,
    87, 83, 85, 83, 84, 88, 86, 86, 84, 85, 86, 85, 86, 87, 86, 87, 85,
    87, 83, 83, 84, 86, 87, 87, 85, 88, 87, 87, 85, 87, 85, 86, 83, 82,
    87 ]
