%YAML:1.0
---
videoName: "headShake6.mp4"
gestureLabel: 201
fps: 29
pixelSizeInCmTemp: 3.2808219178082193e-01
faceCenterPointX: 244
faceCenterPointY: 68
headPositionsX: [ 246, 244, 243, 247, 246, 243, 247, 245, 247, 245, 243,
    247, 247, 248, 246, 245, 245, 244, 244, 246, 246, 245, 243, 246, 244,
    244, 245, 247, 247, 251, 255, 258, 262, 264, 261, 262, 256, 253, 247,
    242, 235, 232, 230, 230, 232, 239, 245, 250, 253, 256, 257, 258, 255,
    252, 249, 243, 239, 236, 232, 231, 232, 233, 235, 240, 245, 249, 250,
    254, 249, 249, 245, 244, 243, 242, 238, 239, 236, 240, 241, 239, 239,
    242, 243, 245, 244, 243, 247, 246, 246, 242, 244, 243, 242, 246, 242,
    244, 243, 244, 243, 243 ]
headPositionsY: [ 67, 66, 68, 65, 65, 64, 66, 64, 68, 67, 65, 67, 67, 65,
    65, 66, 67, 65, 68, 65, 66, 65, 69, 67, 67, 65, 66, 68, 69, 66, 67,
    67, 67, 66, 65, 63, 68, 69, 69, 67, 69, 67, 67, 65, 66, 70, 68, 69,
    66, 66, 66, 66, 65, 68, 68, 67, 69, 67, 67, 65, 67, 68, 66, 66, 70,
    67, 70, 69, 65, 69, 70, 66, 69, 67, 66, 66, 65, 69, 68, 67, 69, 70,
    68, 70, 66, 67, 71, 68, 70, 70, 68, 68, 66, 67, 68, 69, 67, 70, 69,
    70 ]
