%YAML:1.0
---
videoName: "headNod25.mp4"
gestureLabel: 202
fps: 29
pixelSizeInCmTemp: 3.1933333333333330e-01
faceCenterPointX: 270
faceCenterPointY: 75
headPositionsX: [ 271, 269, 273, 271, 274, 269, 268, 272, 270, 272, 268,
    267, 267, 267, 269, 268, 271, 272, 271, 269, 270, 271, 271, 273, 270,
    273, 271, 271, 272, 273, 275, 270, 270, 274, 274, 271, 271, 273, 274,
    272, 271, 271, 272, 272, 270, 271, 270, 274, 274, 269, 271, 271, 273,
    272, 272, 271, 271, 271, 274, 270, 271, 272, 269, 271, 273, 270, 267,
    268, 271, 268, 271, 269, 271, 271, 273, 269, 269, 273, 272, 269, 272,
    271, 270, 272, 270, 272, 273, 273, 273, 270, 270, 271, 270, 273, 269,
    272, 268, 268, 272, 271 ]
headPositionsY: [ 73, 74, 75, 74, 75, 72, 72, 72, 72, 72, 74, 75, 73, 75,
    74, 73, 73, 74, 77, 77, 73, 72, 73, 73, 76, 75, 77, 74, 76, 75, 77,
    74, 75, 76, 73, 75, 75, 73, 76, 75, 75, 73, 72, 74, 75, 74, 74, 74,
    76, 72, 68, 69, 64, 67, 62, 63, 68, 68, 67, 69, 70, 76, 79, 82, 87,
    89, 88, 87, 86, 82, 78, 73, 74, 72, 67, 69, 66, 69, 70, 72, 76, 77,
    81, 78, 79, 78, 81, 79, 78, 77, 75, 78, 75, 76, 78, 74, 73, 73, 73,
    75 ]
