%YAML:1.0
---
videoName: "headShake26.mp4"
gestureLabel: 201
fps: 30
pixelSizeInCmTemp: 3.2808219178082193e-01
faceCenterPointX: 243
faceCenterPointY: 78
headPositionsX: [ 245, 238, 241, 239, 241, 241, 242, 246, 247, 248, 252,
    248, 250, 251, 252, 253, 250, 250, 245, 246, 241, 235, 235, 234, 232,
    230, 227, 230, 231, 230, 231, 233, 241, 242, 247, 248, 249, 252, 251,
    254, 256, 251, 250, 249, 244, 243, 237, 235, 234, 231, 229, 228, 230,
    232, 230, 236, 239, 239, 241, 247, 247, 248, 253, 255, 251, 250, 253,
    248, 247, 248, 247, 241, 242, 241, 236, 239, 238, 236, 235, 236, 235,
    240, 237, 237, 241, 242, 240, 240, 243, 244, 247, 245, 242, 244, 246,
    245, 244, 242, 245, 241 ]
headPositionsY: [ 77, 78, 76, 77, 75, 77, 77, 79, 76, 77, 78, 78, 79, 76,
    77, 76, 76, 79, 79, 78, 79, 78, 75, 76, 76, 76, 77, 74, 77, 75, 74,
    78, 78, 77, 77, 77, 79, 79, 75, 77, 75, 78, 79, 76, 80, 78, 76, 75,
    75, 78, 77, 76, 79, 77, 75, 75, 79, 80, 78, 78, 78, 76, 78, 78, 75,
    75, 77, 80, 77, 77, 80, 77, 79, 77, 79, 80, 78, 80, 79, 76, 76, 79,
    81, 81, 80, 76, 80, 79, 81, 79, 80, 77, 77, 77, 77, 80, 77, 78, 77,
    80 ]
