%YAML:1.0
---
videoName: "headShake9.mp4"
gestureLabel: 201
fps: 30
pixelSizeInCmTemp: 3.2808219178082193e-01
faceCenterPointX: 243
faceCenterPointY: 73
headPositionsX: [ 241, 245, 245, 244, 244, 240, 242, 242, 245, 245, 243,
    241, 243, 243, 242, 241, 244, 243, 241, 241, 244, 242, 244, 244, 242,
    242, 243, 241, 243, 244, 243, 242, 244, 244, 244, 245, 241, 245, 244,
    243, 248, 250, 251, 256, 262, 261, 266, 263, 261, 259, 255, 246, 242,
    239, 231, 231, 226, 231, 231, 236, 241, 249, 255, 259, 260, 263, 263,
    256, 254, 252, 245, 240, 232, 231, 228, 229, 228, 233, 237, 238, 243,
    248, 252, 250, 251, 250, 249, 247, 247, 247, 248, 246, 247, 245, 246,
    242, 243, 243, 241, 241 ]
headPositionsY: [ 72, 72, 70, 71, 70, 71, 73, 70, 74, 70, 70, 72, 72, 73,
    71, 73, 70, 70, 70, 71, 73, 70, 73, 71, 74, 71, 74, 72, 71, 74, 73,
    70, 75, 71, 73, 73, 74, 70, 72, 71, 72, 72, 70, 72, 72, 69, 67, 72,
    72, 73, 73, 71, 72, 72, 70, 73, 71, 74, 71, 72, 73, 73, 71, 71, 69,
    72, 70, 69, 74, 74, 72, 70, 75, 73, 71, 69, 72, 71, 71, 75, 75, 75,
    74, 73, 71, 75, 72, 75, 74, 73, 74, 74, 74, 73, 72, 71, 74, 73, 72,
    73 ]
