%YAML:1.0
---
videoName: "headLookDown8.mp4"
gestureLabel: 206
fps: 29
pixelSizeInCmTemp: 3.3732394366197183e-01
faceCenterPointX: 276
faceCenterPointY: 96
headPositionsX: [ 277, 273, 273, 274, 273, 274, 277, 276, 273, 274, 272,
    273, 273, 273, 277, 276, 276, 273, 273, 274, 276, 272, 277, 275, 275,
    274, 275, 277, 273, 272, 273, 277, 272, 277, 273, 275, 275, 271, 273,
    273, 274, 273, 273, 275, 273, 275, 278, 276, 275, 277, 277, 275, 274,
    276, 276, 278, 277, 276, 277, 275, 278, 277, 277, 277, 276, 278, 278,
    275, 277, 274, 277, 278, 277, 275, 274, 275, 275, 276, 276, 278, 277,
    279, 275, 275, 275, 276, 275, 276, 275, 277, 274, 276, 276, 274, 277,
    279, 275, 275, 275, 278 ]
headPositionsY: [ 95, 80, 80, 81, 79, 81, 82, 81, 79, 81, 80, 81, 81, 81,
    80, 79, 77, 82, 79, 82, 78, 78, 77, 79, 78, 79, 78, 78, 78, 81, 81,
    81, 80, 82, 83, 85, 83, 83, 84, 89, 87, 89, 92, 88, 93, 91, 94, 92,
    96, 96, 94, 97, 100, 99, 100, 100, 96, 99, 98, 98, 98, 100, 97, 99,
    99, 96, 96, 98, 96, 96, 97, 95, 95, 98, 95, 97, 97, 94, 99, 98, 98,
    95, 96, 94, 97, 95, 95, 97, 97, 97, 94, 98, 98, 95, 98, 98, 94, 98,
    96, 94 ]
