%YAML:1.0
---
videoName: "headLookRight0.mp4"
gestureLabel: 204
fps: 29
pixelSizeInCmTemp: 3.1933333333333330e-01
faceCenterPointX: 229
faceCenterPointY: 68
headPositionsX: [ 230, 258, 254, 255, 258, 255, 255, 258, 258, 255, 255,
    258, 256, 257, 256, 257, 258, 258, 257, 256, 256, 255, 258, 257, 258,
    254, 254, 256, 256, 257, 255, 254, 257, 253, 257, 256, 256, 257, 254,
    253, 253, 250, 250, 245, 242, 242, 238, 239, 237, 234, 233, 233, 236,
    231, 236, 236, 234, 233, 234, 233, 234, 232, 234, 234, 232, 234, 232,
    235, 233, 233, 231, 234, 235, 236, 232, 233, 230, 232, 231, 232, 232,
    232, 230, 227, 231, 230, 231, 232, 227, 231, 229, 230, 231, 230, 227,
    231, 228, 230, 226, 230 ]
headPositionsY: [ 68, 68, 67, 65, 64, 67, 62, 63, 65, 64, 68, 65, 69, 65,
    67, 69, 66, 68, 68, 69, 66, 66, 69, 67, 67, 67, 69, 66, 67, 69, 67,
    68, 69, 66, 67, 66, 69, 67, 70, 69, 65, 65, 67, 65, 68, 68, 68, 66,
    68, 68, 69, 67, 69, 71, 67, 70, 70, 66, 67, 67, 66, 69, 68, 69, 67,
    67, 68, 67, 69, 67, 65, 66, 68, 70, 70, 67, 66, 66, 70, 70, 70, 68,
    68, 66, 65, 70, 67, 70, 64, 67, 70, 70, 68, 70, 70, 66, 69, 66, 68,
    69 ]
