%YAML:1.0
---
videoName: "headLookRight0.mp4"
gestureLabel: 204
fps: 29
pixelSizeInCmTemp: 3.1933333333333330e-01
faceCenterPointX: 229
faceCenterPointY: 68
headPositionsX: [ 229, 256, 255, 254, 254, 257, 256, 258, 258, 254, 256,
    255, 254, 259, 259, 259, 254, 257, 254, 254, 255, 256, 255, 257, 256,
    256, 258, 255, 258, 256, 254, 256, 253, 254, 256, 253, 253, 253, 254,
    251, 250, 247, 249, 247, 241, 241, 238, 237, 238, 235, 232, 236, 235,
    231, 232, 236, 233, 236, 231, 231, 236, 232, 231, 236, 230, 234, 233,
    234, 233, 235, 233, 235, 232, 233, 231, 230, 230, 230, 229, 232, 233,
    233, 232, 227, 234, 232, 231, 231, 227, 231, 229, 233, 228, 229, 228,
    229, 229, 231, 228, 231 ]
headPositionsY: [ 70, 68, 67, 64, 66, 64, 66, 64, 63, 68, 65, 66, 66, 66,
    65, 68, 68, 66, 68, 69, 70, 68, 68, 65, 67, 68, 69, 65, 69, 69, 69,
    68, 70, 67, 69, 69, 67, 70, 66, 66, 68, 69, 67, 66, 66, 69, 69, 68,
    68, 65, 67, 69, 66, 71, 67, 68, 70, 70, 69, 65, 66, 66, 67, 67, 68,
    68, 68, 66, 67, 68, 66, 67, 66, 66, 67, 68, 69, 69, 70, 68, 66, 68,
    67, 69, 68, 67, 67, 69, 64, 67, 70, 70, 70, 71, 68, 66, 67, 65, 68,
    68 ]
