%YAML:1.0
---
videoName: "headNod38.mp4"
gestureLabel: 202
fps: 29
pixelSizeInCmTemp: 2.9937500000000000e-01
faceCenterPointX: 267
faceCenterPointY: 73
headPositionsX: [ 265, 269, 267, 265, 265, 269, 266, 265, 267, 267, 266,
    267, 267, 266, 266, 265, 266, 265, 264, 267, 264, 268, 266, 264, 266,
    265, 264, 266, 267, 265, 267, 263, 265, 267, 267, 263, 266, 267, 267,
    264, 265, 267, 264, 266, 268, 268, 266, 266, 268, 265, 269, 265, 267,
    265, 268, 270, 268, 266, 270, 269, 267, 266, 267, 270, 268, 269, 266,
    271, 268, 266, 269, 268, 267, 269, 265, 267, 269, 270, 270, 265, 269,
    269, 266, 268, 266, 267, 269, 267, 268, 265, 269, 267, 265, 268, 269,
    268, 266, 266, 266, 269 ]
headPositionsY: [ 75, 74, 73, 75, 80, 79, 85, 84, 88, 84, 82, 78, 76, 74,
    76, 83, 85, 86, 85, 86, 80, 77, 76, 73, 75, 76, 82, 84, 89, 87, 89,
    84, 81, 81, 78, 73, 75, 74, 75, 80, 80, 88, 86, 90, 88, 81, 81, 76,
    71, 71, 72, 69, 72, 77, 80, 83, 84, 87, 87, 81, 82, 76, 75, 76, 76,
    74, 72, 72, 74, 78, 79, 81, 82, 85, 83, 86, 86, 80, 78, 77, 73, 71,
    72, 70, 70, 73, 72, 71, 72, 70, 75, 73, 75, 73, 74, 72, 74, 74, 73,
    75 ]
