%YAML:1.0
---
videoName: "headLookDown8.mp4"
gestureLabel: 206
fps: 29
pixelSizeInCmTemp: 3.3732394366197183e-01
faceCenterPointX: 276
faceCenterPointY: 96
headPositionsX: [ 276, 276, 275, 276, 276, 275, 275, 272, 273, 275, 273,
    274, 274, 274, 277, 273, 275, 275, 274, 277, 274, 276, 276, 274, 273,
    273, 274, 275, 276, 273, 271, 273, 272, 273, 276, 272, 276, 273, 273,
    274, 273, 276, 277, 272, 275, 273, 275, 274, 276, 276, 278, 276, 274,
    274, 274, 278, 274, 277, 277, 275, 274, 277, 278, 273, 275, 275, 274,
    276, 275, 276, 276, 275, 276, 277, 274, 276, 274, 276, 274, 275, 274,
    277, 275, 278, 278, 275, 274, 275, 278, 277, 275, 276, 278, 278, 278,
    276, 274, 277, 274, 276 ]
headPositionsY: [ 95, 80, 77, 78, 80, 81, 78, 81, 82, 82, 80, 78, 78, 78,
    82, 79, 77, 79, 77, 81, 79, 81, 80, 81, 80, 78, 81, 81, 82, 79, 78,
    80, 83, 82, 82, 85, 86, 83, 84, 85, 86, 87, 91, 89, 90, 92, 92, 92,
    92, 96, 98, 96, 97, 99, 96, 100, 96, 100, 99, 96, 96, 97, 97, 99,
    100, 98, 97, 97, 95, 99, 96, 99, 97, 98, 97, 98, 99, 96, 98, 98, 95,
    99, 95, 94, 95, 96, 94, 95, 98, 96, 98, 98, 98, 98, 94, 95, 95, 99,
    95, 95 ]
