%YAML:1.0
---
videoName: "headNod39.mp4"
gestureLabel: 202
fps: 29
pixelSizeInCmTemp: 2.9937500000000000e-01
faceCenterPointX: 268
faceCenterPointY: 78
headPositionsX: [ 269, 267, 268, 265, 270, 269, 268, 265, 270, 266, 269,
    267, 269, 270, 267, 269, 267, 271, 269, 271, 269, 269, 268, 266, 269,
    268, 267, 270, 269, 271, 271, 268, 267, 267, 267, 266, 266, 268, 268,
    269, 270, 268, 267, 268, 269, 268, 267, 269, 265, 269, 268, 267, 266,
    268, 267, 265, 265, 264, 266, 268, 264, 265, 267, 268, 267, 265, 269,
    265, 268, 265, 267, 269, 265, 268, 265, 269, 269, 267, 269, 269, 265,
    269, 265, 265, 269, 267, 268, 268, 269, 268, 267, 268, 267, 269, 266,
    267, 268, 265, 269, 265 ]
headPositionsY: [ 78, 77, 78, 77, 74, 76, 76, 75, 77, 74, 76, 78, 78, 74,
    76, 75, 76, 75, 75, 77, 77, 76, 74, 74, 78, 74, 78, 76, 77, 78, 78,
    74, 75, 76, 76, 74, 75, 79, 81, 78, 81, 81, 84, 86, 84, 83, 80, 77,
    76, 77, 77, 73, 73, 74, 76, 83, 87, 93, 92, 89, 85, 82, 77, 74, 74,
    72, 75, 73, 80, 78, 82, 81, 82, 82, 76, 77, 73, 76, 77, 77, 75, 81,
    79, 83, 79, 78, 80, 77, 81, 78, 78, 76, 80, 77, 79, 79, 78, 77, 76,
    76 ]
