%YAML:1.0
---
videoName: "headNod41.mp4"
gestureLabel: 202
fps: 29
pixelSizeInCmTemp: 2.9937500000000000e-01
faceCenterPointX: 267
faceCenterPointY: 76
headPositionsX: [ 266, 269, 268, 272, 269, 269, 272, 269, 270, 272, 272,
    268, 272, 271, 272, 270, 268, 269, 269, 269, 270, 273, 269, 270, 272,
    269, 270, 268, 271, 271, 268, 270, 270, 270, 271, 269, 272, 271, 268,
    269, 268, 268, 269, 269, 268, 268, 270, 266, 268, 265, 269, 271, 267,
    267, 267, 267, 268, 270, 267, 267, 267, 270, 269, 267, 268, 270, 266,
    269, 267, 270, 268, 268, 267, 266, 268, 269, 268, 265, 266, 265, 270,
    266, 266, 269, 265, 268, 265, 269, 267, 270, 266, 266, 266, 265, 266,
    266, 266, 267, 266, 270 ]
headPositionsY: [ 75, 69, 71, 71, 75, 72, 73, 71, 73, 72, 73, 72, 76, 76,
    72, 75, 74, 75, 76, 73, 72, 76, 73, 72, 72, 72, 76, 73, 76, 76, 72,
    75, 75, 73, 73, 73, 74, 75, 76, 79, 81, 81, 88, 89, 94, 92, 90, 87,
    84, 76, 79, 69, 70, 65, 64, 65, 64, 70, 71, 79, 79, 87, 91, 95, 90,
    92, 86, 80, 80, 74, 76, 71, 69, 73, 73, 79, 81, 85, 85, 84, 81, 80,
    77, 72, 75, 75, 73, 72, 74, 74, 78, 78, 81, 81, 79, 80, 79, 75, 74,
    78 ]
