%YAML:1.0
---
videoName: "headShake28.mp4"
gestureLabel: 201
fps: 29
pixelSizeInCmTemp: 3.2808219178082193e-01
faceCenterPointX: 242
faceCenterPointY: 80
headPositionsX: [ 241, 241, 244, 239, 243, 239, 240, 241, 242, 242, 240,
    242, 239, 244, 240, 242, 242, 240, 241, 241, 244, 243, 241, 240, 239,
    244, 243, 240, 244, 243, 241, 243, 242, 242, 243, 240, 243, 244, 243,
    245, 243, 245, 245, 244, 243, 245, 242, 243, 246, 243, 238, 235, 232,
    230, 233, 234, 237, 241, 251, 252, 255, 258, 255, 249, 244, 241, 238,
    235, 230, 233, 240, 241, 247, 252, 252, 257, 254, 251, 250, 244, 243,
    239, 239, 237, 234, 236, 238, 239, 240, 239, 242, 242, 243, 242, 242,
    242, 242, 240, 243, 244 ]
headPositionsY: [ 79, 74, 79, 76, 75, 78, 79, 77, 78, 77, 81, 80, 78, 77,
    80, 80, 80, 80, 79, 80, 80, 78, 79, 79, 77, 80, 80, 81, 80, 77, 80,
    78, 77, 75, 76, 80, 79, 77, 79, 78, 76, 76, 76, 75, 75, 76, 80, 76,
    78, 77, 76, 79, 77, 78, 79, 78, 76, 79, 77, 79, 74, 78, 77, 78, 78,
    78, 80, 78, 77, 79, 78, 81, 76, 79, 78, 76, 76, 77, 79, 77, 76, 79,
    78, 80, 77, 76, 80, 80, 78, 77, 79, 82, 80, 79, 79, 79, 80, 80, 81,
    79 ]
