%YAML:1.0
---
videoName: "headShake36.mp4"
gestureLabel: 201
fps: 29
pixelSizeInCmTemp: 3.2364864864864862e-01
faceCenterPointX: 263
faceCenterPointY: 80
headPositionsX: [ 262, 263, 263, 265, 262, 264, 266, 266, 270, 271, 273,
    275, 280, 281, 281, 281, 282, 279, 279, 274, 278, 271, 269, 268, 260,
    257, 256, 252, 253, 247, 245, 247, 244, 247, 245, 246, 245, 247, 249,
    254, 259, 261, 267, 266, 273, 272, 278, 277, 279, 278, 281, 282, 280,
    278, 277, 271, 269, 266, 260, 256, 254, 256, 251, 251, 251, 251, 249,
    251, 249, 255, 257, 256, 259, 263, 263, 263, 264, 267, 265, 267, 267,
    265, 267, 264, 265, 264, 263, 263, 263, 267, 263, 262, 262, 260, 264,
    265, 263, 263, 261, 265 ]
headPositionsY: [ 78, 79, 81, 80, 81, 80, 81, 78, 82, 78, 77, 78, 76, 78,
    77, 79, 78, 76, 78, 78, 77, 82, 79, 83, 83, 82, 80, 79, 80, 81, 83,
    79, 80, 81, 83, 81, 81, 81, 81, 83, 79, 81, 80, 80, 79, 80, 81, 79,
    76, 77, 78, 77, 78, 79, 80, 77, 80, 79, 80, 78, 80, 81, 79, 78, 78,
    81, 77, 79, 80, 77, 83, 79, 80, 79, 83, 83, 83, 81, 78, 80, 78, 82,
    82, 79, 81, 80, 82, 80, 80, 82, 81, 79, 82, 82, 79, 82, 81, 82, 80,
    82 ]
