%YAML:1.0
---
videoName: "headLookRight2.mp4"
gestureLabel: 204
fps: 29
pixelSizeInCmTemp: 3.8015873015873014e-01
faceCenterPointX: 228
faceCenterPointY: 68
headPositionsX: [ 227, 252, 254, 253, 251, 250, 251, 251, 253, 253, 251,
    254, 254, 252, 252, 252, 252, 252, 252, 251, 253, 253, 250, 251, 251,
    254, 253, 251, 253, 252, 252, 256, 251, 253, 255, 253, 254, 251, 255,
    252, 253, 253, 250, 251, 253, 251, 252, 249, 250, 249, 249, 247, 244,
    242, 237, 236, 235, 233, 233, 229, 230, 227, 230, 229, 228, 227, 229,
    228, 224, 228, 228, 227, 229, 229, 225, 229, 228, 230, 228, 231, 232,
    229, 227, 226, 228, 227, 232, 228, 229, 225, 227, 226, 229, 229, 227,
    230, 228, 232, 225, 232 ]
headPositionsY: [ 70, 67, 66, 66, 66, 69, 68, 67, 68, 68, 69, 69, 67, 68,
    71, 68, 68, 69, 71, 68, 67, 71, 71, 68, 71, 69, 71, 68, 70, 69, 71,
    68, 67, 71, 69, 67, 70, 70, 68, 71, 68, 70, 68, 70, 68, 71, 72, 70,
    67, 71, 69, 68, 68, 66, 68, 68, 67, 70, 69, 71, 68, 68, 68, 69, 66,
    70, 66, 67, 70, 67, 72, 68, 70, 70, 70, 68, 72, 72, 71, 69, 70, 68,
    71, 73, 69, 67, 70, 69, 67, 70, 70, 70, 68, 69, 68, 70, 68, 69, 71,
    70 ]
