%YAML:1.0
---
videoName: "headShake31.mp4"
gestureLabel: 201
fps: 29
pixelSizeInCmTemp: 3.2808219178082193e-01
faceCenterPointX: 236
faceCenterPointY: 68
headPositionsX: [ 236, 236, 238, 235, 237, 238, 238, 239, 238, 237, 235,
    235, 236, 239, 235, 235, 238, 237, 238, 236, 235, 238, 236, 236, 237,
    235, 237, 236, 239, 238, 235, 235, 236, 239, 236, 233, 235, 239, 241,
    247, 247, 250, 254, 254, 253, 250, 245, 238, 230, 225, 223, 221, 222,
    226, 229, 234, 239, 245, 245, 247, 246, 243, 240, 235, 233, 232, 230,
    229, 231, 232, 234, 238, 241, 241, 244, 244, 244, 242, 242, 240, 236,
    238, 237, 236, 235, 236, 235, 233, 232, 235, 232, 234, 236, 235, 234,
    237, 233, 235, 236, 233 ]
headPositionsY: [ 69, 64, 68, 65, 65, 67, 65, 70, 66, 67, 68, 66, 69, 66,
    69, 68, 67, 68, 69, 67, 66, 68, 66, 66, 67, 65, 65, 65, 69, 65, 67,
    66, 68, 66, 66, 68, 65, 69, 69, 68, 65, 66, 65, 66, 65, 67, 70, 66,
    66, 69, 68, 66, 66, 70, 68, 71, 68, 69, 71, 69, 69, 71, 68, 70, 71,
    68, 68, 68, 68, 72, 67, 69, 71, 67, 69, 70, 67, 68, 70, 70, 70, 66,
    70, 67, 68, 68, 68, 72, 69, 69, 66, 67, 71, 70, 70, 67, 70, 69, 68,
    67 ]
