%YAML:1.0
---
videoName: "headNod33.mp4"
gestureLabel: 202
fps: 29
pixelSizeInCmTemp: 2.9567901234567900e-01
faceCenterPointX: 268
faceCenterPointY: 74
headPositionsX: [ 270, 268, 267, 269, 269, 268, 269, 268, 269, 272, 270,
    269, 270, 272, 271, 272, 269, 271, 270, 271, 271, 271, 270, 268, 271,
    268, 269, 269, 269, 269, 270, 270, 269, 269, 271, 267, 267, 269, 270,
    269, 270, 269, 272, 268, 270, 270, 270, 268, 268, 266, 268, 268, 270,
    269, 267, 268, 269, 269, 268, 265, 269, 265, 268, 266, 265, 268, 269,
    268, 270, 270, 267, 267, 265, 267, 266, 267, 267, 271, 271, 270, 267,
    269, 267, 265, 266, 268, 266, 267, 266, 269, 269, 269, 266, 266, 268,
    266, 266, 267, 266, 266 ]
headPositionsY: [ 75, 72, 73, 72, 71, 73, 73, 73, 70, 72, 74, 73, 72, 69,
    74, 70, 72, 70, 74, 72, 73, 72, 72, 73, 72, 72, 70, 70, 73, 71, 71,
    73, 72, 74, 76, 74, 76, 77, 74, 73, 69, 66, 67, 67, 65, 67, 69, 77,
    80, 79, 81, 83, 83, 78, 76, 74, 70, 70, 68, 72, 68, 70, 71, 71, 72,
    76, 75, 76, 75, 75, 76, 76, 73, 70, 70, 72, 71, 72, 71, 73, 76, 76,
    78, 78, 80, 75, 79, 74, 77, 78, 75, 74, 74, 77, 74, 78, 74, 76, 77,
    76 ]
