%YAML:1.0
---
videoName: "headShake23.mp4"
gestureLabel: 201
fps: 29
pixelSizeInCmTemp: 3.2808219178082193e-01
faceCenterPointX: 240
faceCenterPointY: 77
headPositionsX: [ 238, 244, 244, 241, 242, 241, 243, 241, 242, 244, 243,
    241, 239, 243, 240, 241, 243, 241, 241, 240, 241, 242, 245, 245, 247,
    250, 252, 253, 252, 254, 255, 253, 252, 250, 248, 246, 242, 236, 236,
    233, 233, 231, 229, 229, 231, 229, 233, 233, 235, 236, 243, 247, 248,
    251, 250, 250, 252, 254, 250, 250, 248, 249, 246, 244, 243, 240, 238,
    235, 237, 234, 237, 234, 235, 232, 233, 236, 235, 238, 239, 238, 239,
    238, 240, 241, 245, 243, 241, 245, 247, 244, 243, 244, 243, 243, 241,
    246, 245, 245, 239, 240 ]
headPositionsY: [ 79, 75, 77, 74, 78, 75, 75, 76, 75, 76, 77, 78, 75, 80,
    76, 77, 76, 76, 76, 79, 77, 75, 77, 79, 77, 75, 74, 78, 77, 77, 74,
    77, 75, 74, 79, 78, 79, 78, 75, 78, 77, 75, 77, 76, 76, 77, 79, 80,
    80, 78, 80, 78, 76, 76, 77, 78, 78, 77, 75, 78, 77, 78, 77, 77, 76,
    77, 77, 77, 76, 77, 76, 79, 78, 80, 79, 77, 77, 80, 78, 77, 76, 78,
    78, 76, 78, 78, 79, 78, 76, 76, 79, 80, 77, 78, 77, 79, 76, 76, 75,
    75 ]
