%YAML:1.0
---
videoName: "headNod7.mp4"
gestureLabel: 202
fps: 29
pixelSizeInCmTemp: 3.2808219178082193e-01
faceCenterPointX: 261
faceCenterPointY: 71
headPositionsX: [ 260, 268, 267, 265, 267, 263, 267, 264, 265, 263, 263,
    265, 262, 266, 263, 262, 263, 265, 264, 263, 260, 263, 262, 261, 260,
    262, 261, 263, 265, 262, 260, 261, 261, 262, 262, 263, 264, 261, 263,
    262, 259, 263, 259, 261, 262, 259, 260, 260, 263, 263, 261, 261, 264,
    263, 263, 263, 259, 262, 262, 261, 264, 263, 263, 259, 263, 260, 262,
    261, 262, 262, 259, 260, 259, 260, 261, 260, 262, 260, 261, 263, 264,
    261, 264, 260, 264, 264, 260, 260, 263, 263, 260, 263, 263, 262, 263,
    259, 262, 263, 262, 261 ]
headPositionsY: [ 73, 73, 72, 73, 75, 71, 77, 74, 75, 72, 75, 73, 76, 72,
    71, 74, 73, 77, 76, 75, 77, 77, 74, 73, 76, 78, 74, 78, 78, 75, 78,
    74, 77, 76, 75, 76, 76, 76, 76, 74, 77, 75, 78, 76, 78, 76, 75, 74,
    74, 69, 70, 72, 70, 68, 75, 74, 77, 80, 79, 77, 78, 69, 69, 68, 73,
    72, 74, 77, 81, 77, 77, 73, 72, 71, 71, 71, 69, 71, 72, 74, 75, 76,
    81, 75, 79, 79, 77, 72, 71, 70, 73, 73, 71, 69, 69, 73, 71, 70, 70,
    69 ]
