%YAML:1.0
---
videoName: "headShake42.mp4"
gestureLabel: 201
fps: 29
pixelSizeInCmTemp: 3.2808219178082193e-01
faceCenterPointX: 257
faceCenterPointY: 85
headPositionsX: [ 258, 271, 276, 276, 275, 277, 276, 275, 276, 271, 272,
    270, 268, 262, 258, 255, 252, 249, 247, 247, 245, 241, 244, 242, 241,
    244, 248, 251, 255, 257, 261, 269, 273, 277, 278, 281, 275, 280, 276,
    276, 271, 270, 267, 267, 264, 259, 255, 249, 249, 250, 248, 245, 244,
    248, 245, 247, 250, 249, 254, 258, 258, 262, 263, 264, 266, 268, 266,
    270, 266, 266, 270, 270, 266, 263, 262, 265, 263, 259, 261, 258, 257,
    257, 255, 255, 257, 255, 257, 255, 256, 256, 257, 254, 256, 259, 257,
    256, 259, 256, 255, 256 ]
headPositionsY: [ 83, 83, 84, 80, 83, 79, 82, 81, 83, 84, 81, 82, 83, 86,
    86, 85, 84, 83, 86, 81, 84, 82, 86, 83, 83, 83, 82, 86, 84, 87, 83,
    86, 81, 81, 83, 81, 82, 83, 84, 82, 85, 84, 88, 88, 85, 88, 84, 85,
    86, 85, 83, 87, 87, 86, 87, 86, 83, 86, 84, 86, 87, 87, 88, 83, 86,
    84, 86, 87, 84, 87, 87, 88, 88, 84, 85, 86, 85, 86, 86, 86, 87, 88,
    83, 86, 87, 87, 83, 86, 84, 84, 87, 86, 86, 87, 84, 86, 83, 83, 84,
    84 ]
