%YAML:1.0
---
videoName: "headNod16.mp4"
gestureLabel: 202
fps: 29
pixelSizeInCmTemp: 3.3263888888888887e-01
faceCenterPointX: 255
faceCenterPointY: 77
headPositionsX: [ 253, 261, 257, 259, 261, 261, 258, 261, 258, 261, 259,
    258, 259, 257, 257, 261, 260, 256, 257, 257, 259, 257, 259, 258, 260,
    258, 257, 257, 260, 259, 259, 259, 259, 259, 259, 257, 261, 257, 258,
    258, 259, 261, 257, 261, 259, 256, 259, 260, 257, 258, 256, 256, 258,
    258, 256, 259, 257, 256, 256, 257, 257, 260, 254, 254, 258, 256, 254,
    253, 254, 257, 257, 257, 256, 254, 255, 255, 255, 256, 257, 255, 257,
    254, 255, 257, 255, 256, 257, 253, 254, 253, 255, 254, 256, 255, 253,
    257, 255, 256, 257, 255 ]
headPositionsY: [ 79, 74, 74, 75, 75, 76, 73, 72, 75, 76, 74, 75, 76, 74,
    75, 73, 74, 72, 77, 76, 73, 72, 76, 73, 75, 76, 75, 76, 73, 73, 77,
    72, 75, 73, 77, 72, 70, 70, 66, 67, 71, 69, 71, 72, 79, 76, 82, 84,
    80, 81, 74, 73, 69, 67, 68, 71, 74, 73, 77, 82, 83, 85, 80, 81, 78,
    74, 75, 72, 68, 72, 73, 73, 77, 81, 81, 77, 80, 78, 74, 73, 73, 71,
    71, 71, 72, 75, 73, 78, 80, 76, 79, 79, 78, 76, 75, 75, 76, 76, 74,
    79 ]
