%YAML:1.0
---
videoName: "headNod38.mp4"
gestureLabel: 202
fps: 29
pixelSizeInCmTemp: 2.9937500000000000e-01
faceCenterPointX: 267
faceCenterPointY: 73
headPositionsX: [ 265, 267, 268, 267, 265, 265, 267, 267, 264, 268, 267,
    264, 264, 268, 266, 267, 264, 267, 267, 269, 267, 266, 267, 266, 269,
    265, 268, 265, 264, 263, 267, 263, 266, 267, 263, 264, 264, 266, 265,
    265, 266, 266, 264, 266, 268, 268, 265, 267, 266, 267, 268, 266, 266,
    268, 270, 268, 269, 269, 267, 266, 267, 267, 267, 270, 271, 269, 266,
    269, 266, 268, 268, 271, 268, 269, 267, 267, 270, 269, 268, 265, 269,
    269, 267, 265, 269, 270, 268, 268, 268, 266, 268, 265, 267, 267, 265,
    267, 269, 265, 268, 269 ]
headPositionsY: [ 71, 73, 75, 77, 76, 81, 81, 84, 88, 83, 78, 76, 76, 73,
    80, 81, 81, 85, 84, 84, 83, 78, 76, 74, 76, 78, 82, 86, 87, 88, 90,
    84, 80, 81, 74, 75, 76, 76, 78, 78, 82, 86, 88, 87, 86, 82, 78, 77,
    73, 72, 70, 71, 72, 75, 81, 81, 85, 85, 85, 83, 80, 79, 75, 77, 76,
    73, 73, 75, 76, 78, 77, 79, 85, 83, 85, 82, 86, 79, 79, 74, 74, 73,
    70, 70, 72, 73, 72, 74, 72, 73, 74, 73, 71, 73, 73, 72, 71, 75, 75,
    73 ]
