%YAML:1.0
---
videoName: "headNod30.mp4"
gestureLabel: 202
fps: 29
pixelSizeInCmTemp: 3.2364864864864862e-01
faceCenterPointX: 271
faceCenterPointY: 72
headPositionsX: [ 270, 272, 273, 274, 274, 269, 272, 274, 272, 271, 271,
    270, 271, 272, 273, 271, 274, 270, 271, 274, 274, 270, 272, 271, 274,
    271, 274, 274, 273, 270, 274, 273, 271, 270, 269, 271, 271, 273, 270,
    271, 268, 269, 270, 267, 270, 269, 267, 271, 269, 268, 269, 270, 268,
    271, 270, 270, 270, 273, 273, 273, 270, 273, 273, 269, 270, 274, 271,
    269, 272, 270, 273, 271, 270, 272, 272, 269, 271, 269, 273, 272, 272,
    272, 269, 272, 272, 269, 273, 273, 273, 271, 272, 274, 270, 272, 270,
    272, 273, 271, 272, 270 ]
headPositionsY: [ 73, 76, 74, 74, 75, 75, 75, 75, 76, 74, 76, 73, 74, 74,
    78, 78, 74, 73, 75, 76, 75, 76, 74, 68, 66, 69, 67, 70, 67, 73, 74,
    78, 77, 83, 83, 79, 79, 79, 74, 71, 73, 70, 73, 73, 75, 75, 78, 78,
    77, 77, 75, 76, 71, 72, 72, 72, 73, 69, 72, 75, 76, 78, 78, 76, 76,
    74, 70, 68, 68, 71, 67, 69, 69, 75, 72, 76, 74, 75, 73, 70, 70, 70,
    68, 69, 72, 71, 71, 70, 75, 73, 75, 76, 72, 75, 71, 73, 74, 74, 70,
    73 ]
