%YAML:1.0
---
videoName: "headNod19.mp4"
gestureLabel: 202
fps: 29
pixelSizeInCmTemp: 3.1933333333333330e-01
faceCenterPointX: 255
faceCenterPointY: 81
headPositionsX: [ 254, 256, 259, 255, 257, 258, 255, 258, 257, 256, 256,
    254, 256, 256, 257, 253, 254, 252, 251, 255, 250, 251, 248, 251, 251,
    251, 250, 252, 248, 254, 248, 253, 254, 252, 252, 251, 253, 254, 254,
    253, 255, 256, 253, 254, 255, 256, 254, 256, 258, 255, 258, 256, 255,
    257, 257, 255, 258, 255, 255, 253, 254, 256, 254, 257, 256, 257, 256,
    258, 253, 257, 256, 255, 257, 256, 255, 257, 255, 253, 257, 255, 255,
    256, 256, 256, 256, 255, 257, 254, 257, 255, 255, 256, 257, 257, 258,
    257, 255, 256, 254, 256 ]
headPositionsY: [ 82, 86, 83, 80, 79, 76, 77, 77, 78, 78, 78, 75, 77, 77,
    77, 77, 76, 79, 80, 77, 79, 81, 77, 80, 78, 79, 78, 76, 79, 81, 77,
    77, 76, 80, 77, 78, 79, 79, 78, 79, 80, 78, 79, 79, 80, 78, 76, 79,
    78, 76, 81, 80, 76, 79, 77, 79, 76, 77, 79, 77, 81, 79, 79, 79, 81,
    82, 79, 78, 77, 73, 74, 75, 76, 78, 79, 83, 85, 84, 81, 79, 77, 76,
    76, 76, 84, 86, 86, 85, 85, 82, 83, 82, 80, 80, 80, 84, 83, 81, 83,
    81 ]
