%YAML:1.0
---
videoName: "headLookUp0.mp4"
gestureLabel: 205
fps: 29
pixelSizeInCmTemp: 3.6846153846153845e-01
faceCenterPointX: 258
faceCenterPointY: 66
headPositionsX: [ 257, 259, 258, 257, 257, 261, 259, 257, 261, 257, 259,
    261, 257, 261, 260, 257, 259, 260, 261, 258, 259, 259, 260, 258, 261,
    260, 260, 257, 261, 262, 261, 260, 259, 260, 258, 256, 257, 260, 258,
    257, 260, 260, 260, 259, 258, 257, 256, 258, 260, 257, 259, 256, 256,
    258, 257, 258, 260, 256, 256, 257, 256, 257, 255, 258, 257, 257, 258,
    257, 260, 258, 258, 258, 258, 259, 258, 257, 260, 260, 257, 260, 256,
    257, 256, 258, 259, 256, 261, 255, 255, 256, 259, 258, 257, 256, 258,
    257, 261, 256, 258, 261 ]
headPositionsY: [ 64, 80, 79, 79, 81, 80, 79, 83, 83, 82, 82, 82, 78, 78,
    79, 75, 75, 75, 76, 73, 74, 71, 68, 69, 69, 68, 65, 65, 67, 69, 68,
    68, 66, 66, 66, 64, 64, 69, 67, 67, 65, 68, 67, 65, 68, 69, 64, 67,
    68, 68, 67, 66, 68, 67, 67, 69, 65, 68, 67, 67, 67, 70, 66, 66, 67,
    69, 68, 66, 66, 68, 67, 70, 65, 68, 69, 67, 65, 69, 67, 66, 68, 66,
    68, 70, 66, 65, 66, 69, 65, 68, 67, 70, 67, 69, 69, 69, 71, 68, 69,
    71 ]
