%YAML:1.0
---
videoName: "headLookRight7.mp4"
gestureLabel: 204
fps: 30
pixelSizeInCmTemp: 3.4710144927536229e-01
faceCenterPointX: 226
faceCenterPointY: 74
headPositionsX: [ 228, 252, 247, 252, 250, 249, 248, 249, 251, 248, 250,
    249, 250, 248, 247, 250, 251, 251, 248, 247, 248, 249, 251, 250, 252,
    248, 250, 249, 245, 247, 241, 244, 238, 238, 235, 233, 230, 226, 227,
    226, 225, 225, 223, 224, 222, 223, 224, 225, 223, 222, 225, 225, 222,
    225, 226, 226, 223, 222, 223, 226, 223, 225, 221, 224, 223, 223, 223,
    221, 224, 222, 220, 223, 223, 225, 222, 223, 222, 226, 225, 221, 222,
    221, 227, 226, 225, 221, 226, 226, 226, 226, 225, 220, 222, 223, 225,
    223, 224, 223, 226, 222 ]
headPositionsY: [ 75, 75, 75, 76, 75, 73, 76, 75, 72, 73, 74, 73, 77, 74,
    76, 72, 73, 77, 76, 72, 76, 76, 75, 74, 77, 77, 76, 74, 76, 75, 75,
    74, 74, 74, 77, 73, 77, 73, 75, 76, 74, 71, 73, 77, 76, 71, 76, 73,
    72, 76, 72, 77, 76, 73, 75, 73, 76, 73, 76, 73, 75, 71, 71, 74, 72,
    72, 72, 70, 74, 74, 76, 72, 73, 74, 77, 73, 72, 72, 75, 73, 75, 78,
    76, 74, 72, 75, 74, 73, 74, 75, 74, 76, 73, 77, 75, 72, 76, 75, 75,
    76 ]
