%YAML:1.0
---
videoName: "headShake24.mp4"
gestureLabel: 201
fps: 29
pixelSizeInCmTemp: 3.2808219178082193e-01
faceCenterPointX: 240
faceCenterPointY: 78
headPositionsX: [ 239, 250, 252, 254, 252, 255, 252, 255, 254, 252, 247,
    249, 245, 244, 242, 234, 237, 231, 230, 231, 232, 228, 232, 234, 232,
    236, 238, 239, 241, 243, 246, 249, 248, 251, 251, 249, 248, 247, 248,
    247, 246, 245, 242, 240, 239, 238, 237, 235, 234, 234, 234, 236, 238,
    234, 239, 242, 240, 241, 244, 246, 244, 244, 249, 250, 246, 245, 248,
    247, 245, 247, 243, 245, 244, 240, 240, 238, 237, 241, 238, 241, 237,
    240, 238, 241, 236, 241, 238, 240, 240, 238, 238, 239, 241, 239, 241,
    241, 241, 239, 239, 239 ]
headPositionsY: [ 80, 74, 77, 74, 75, 76, 73, 76, 77, 77, 76, 75, 76, 76,
    80, 79, 75, 77, 79, 79, 76, 79, 77, 80, 77, 76, 76, 79, 78, 79, 78,
    78, 76, 80, 78, 78, 77, 80, 79, 79, 79, 79, 78, 78, 76, 78, 75, 75,
    76, 75, 80, 78, 79, 76, 75, 78, 79, 76, 78, 79, 80, 80, 79, 75, 76,
    77, 80, 79, 78, 77, 79, 79, 79, 78, 80, 77, 78, 76, 78, 76, 79, 77,
    79, 78, 77, 79, 80, 76, 77, 79, 76, 76, 80, 76, 77, 75, 78, 79, 76,
    75 ]
