%YAML:1.0
---
videoName: "headShake23.mp4"
gestureLabel: 201
fps: 29
pixelSizeInCmTemp: 3.2808219178082193e-01
faceCenterPointX: 240
faceCenterPointY: 77
headPositionsX: [ 238, 243, 244, 240, 243, 241, 239, 242, 241, 242, 244,
    242, 242, 241, 240, 242, 240, 240, 237, 237, 242, 239, 242, 246, 250,
    250, 250, 255, 252, 256, 253, 256, 254, 249, 247, 244, 241, 237, 233,
    231, 231, 233, 230, 229, 231, 230, 231, 231, 237, 239, 243, 247, 245,
    248, 250, 252, 254, 254, 252, 253, 249, 250, 246, 242, 241, 242, 240,
    239, 238, 238, 235, 233, 232, 233, 234, 232, 236, 234, 238, 236, 237,
    242, 242, 240, 244, 244, 242, 246, 245, 246, 246, 245, 245, 242, 243,
    242, 241, 242, 243, 243 ]
headPositionsY: [ 75, 78, 77, 77, 76, 79, 78, 77, 76, 76, 76, 76, 75, 76,
    78, 75, 77, 78, 77, 76, 79, 76, 78, 75, 76, 75, 76, 79, 76, 76, 77,
    76, 78, 75, 77, 78, 78, 79, 78, 76, 77, 79, 74, 74, 79, 77, 76, 79,
    76, 80, 77, 78, 75, 78, 77, 78, 74, 76, 78, 77, 76, 77, 79, 80, 79,
    79, 78, 78, 76, 79, 76, 78, 77, 78, 79, 79, 77, 80, 79, 76, 79, 78,
    78, 79, 75, 75, 76, 77, 78, 75, 78, 78, 79, 78, 78, 78, 76, 77, 76,
    77 ]
