%YAML:1.0
---
videoName: "headNod45.mp4"
gestureLabel: 202
fps: 30
pixelSizeInCmTemp: 3.0316455696202532e-01
faceCenterPointX: 265
faceCenterPointY: 77
headPositionsX: [ 264, 269, 265, 266, 269, 269, 270, 269, 269, 270, 267,
    266, 267, 266, 266, 269, 270, 267, 268, 269, 268, 265, 268, 267, 269,
    268, 265, 266, 265, 266, 268, 267, 265, 265, 268, 264, 266, 263, 267,
    267, 268, 264, 267, 267, 267, 267, 264, 267, 267, 266, 265, 264, 266,
    266, 265, 266, 266, 268, 266, 268, 266, 269, 266, 266, 266, 269, 265,
    266, 268, 265, 266, 265, 265, 267, 265, 265, 267, 266, 266, 267, 264,
    267, 265, 264, 268, 264, 269, 264, 265, 266, 266, 264, 268, 268, 265,
    264, 266, 265, 268, 268 ]
headPositionsY: [ 75, 76, 77, 77, 73, 74, 74, 77, 75, 73, 77, 75, 74, 73,
    74, 77, 75, 76, 77, 83, 85, 90, 89, 96, 93, 93, 91, 88, 79, 77, 74,
    73, 69, 65, 66, 68, 66, 70, 75, 80, 81, 86, 91, 91, 91, 91, 86, 86,
    78, 78, 76, 71, 74, 72, 76, 73, 79, 79, 86, 84, 86, 84, 80, 76, 75,
    73, 75, 73, 73, 76, 77, 81, 81, 88, 89, 89, 84, 86, 82, 80, 79, 75,
    78, 76, 79, 80, 80, 80, 81, 77, 78, 78, 77, 80, 77, 79, 76, 76, 80,
    80 ]
