%YAML:1.0
---
videoName: "headNod38.mp4"
gestureLabel: 202
fps: 29
pixelSizeInCmTemp: 2.9937500000000000e-01
faceCenterPointX: 267
faceCenterPointY: 73
headPositionsX: [ 266, 268, 267, 264, 268, 265, 267, 266, 268, 268, 266,
    267, 267, 268, 265, 265, 266, 267, 264, 268, 265, 265, 264, 264, 265,
    263, 264, 268, 263, 266, 266, 265, 264, 267, 265, 262, 267, 264, 267,
    267, 268, 267, 264, 265, 267, 265, 266, 265, 270, 268, 267, 267, 267,
    269, 270, 270, 267, 267, 269, 268, 266, 268, 269, 269, 268, 270, 266,
    267, 269, 269, 270, 271, 270, 269, 269, 268, 268, 268, 270, 269, 268,
    267, 265, 266, 266, 267, 267, 266, 270, 269, 267, 266, 265, 269, 265,
    269, 267, 266, 268, 265 ]
headPositionsY: [ 75, 76, 72, 76, 79, 83, 85, 86, 85, 82, 82, 77, 75, 75,
    79, 83, 82, 87, 86, 86, 82, 79, 73, 77, 75, 77, 80, 84, 90, 88, 88,
    86, 82, 78, 74, 74, 73, 76, 79, 76, 82, 85, 86, 89, 88, 85, 81, 76,
    73, 72, 72, 70, 73, 73, 77, 81, 83, 84, 84, 84, 82, 76, 78, 76, 73,
    75, 69, 76, 74, 78, 79, 83, 85, 83, 83, 86, 85, 81, 77, 75, 76, 72,
    72, 73, 72, 72, 71, 74, 72, 70, 73, 72, 74, 75, 71, 71, 72, 75, 72,
    75 ]
