%YAML:1.0
---
videoName: "headLookLeft0.mp4"
gestureLabel: 203
fps: 29
pixelSizeInCmTemp: 3.6287878787878786e-01
faceCenterPointX: 286
faceCenterPointY: 69
headPositionsX: [ 286, 254, 254, 255, 255, 253, 252, 255, 254, 253, 255,
    253, 255, 253, 255, 256, 251, 251, 254, 254, 254, 252, 254, 256, 255,
    253, 254, 254, 256, 254, 257, 255, 253, 254, 254, 254, 254, 257, 257,
    255, 257, 256, 254, 258, 254, 257, 255, 257, 256, 257, 253, 255, 256,
    256, 257, 254, 256, 253, 256, 257, 254, 253, 255, 253, 254, 254, 252,
    255, 255, 256, 256, 255, 257, 256, 254, 256, 254, 257, 259, 263, 262,
    265, 265, 266, 269, 271, 273, 275, 282, 275, 278, 274, 283, 281, 288,
    285, 286, 285, 288, 285 ]
headPositionsY: [ 71, 68, 69, 67, 67, 70, 70, 67, 70, 66, 69, 70, 68, 68,
    70, 70, 71, 70, 67, 67, 70, 68, 70, 68, 71, 69, 72, 68, 68, 72, 68,
    69, 69, 70, 69, 71, 69, 71, 71, 69, 68, 71, 68, 73, 70, 70, 70, 74,
    70, 70, 73, 71, 72, 70, 72, 71, 72, 69, 70, 69, 70, 69, 74, 71, 71,
    72, 73, 72, 71, 70, 72, 71, 71, 69, 70, 73, 72, 69, 71, 71, 73, 71,
    70, 68, 71, 69, 69, 68, 70, 69, 66, 67, 66, 65, 69, 69, 70, 69, 70,
    68 ]
