%YAML:1.0
---
videoName: "headLookRight6.mp4"
gestureLabel: 204
fps: 29
pixelSizeInCmTemp: 3.8015873015873014e-01
faceCenterPointX: 226
faceCenterPointY: 72
headPositionsX: [ 225, 252, 248, 251, 249, 247, 247, 247, 250, 250, 248,
    252, 250, 250, 251, 250, 248, 251, 251, 249, 248, 251, 249, 249, 249,
    248, 250, 251, 252, 249, 250, 250, 250, 251, 247, 248, 242, 242, 238,
    237, 230, 231, 228, 229, 226, 227, 224, 225, 224, 229, 226, 227, 228,
    227, 226, 226, 227, 227, 227, 227, 229, 229, 230, 226, 226, 228, 226,
    226, 227, 227, 227, 229, 229, 228, 226, 224, 228, 224, 228, 228, 227,
    229, 226, 224, 226, 225, 228, 231, 228, 228, 228, 228, 232, 227, 224,
    228, 226, 227, 228, 224 ]
headPositionsY: [ 74, 72, 70, 74, 70, 71, 74, 71, 73, 75, 74, 72, 72, 71,
    75, 74, 74, 72, 75, 73, 74, 75, 73, 75, 74, 73, 73, 75, 73, 73, 72,
    77, 75, 76, 74, 73, 72, 75, 75, 71, 75, 73, 75, 74, 72, 75, 69, 73,
    75, 75, 77, 72, 75, 73, 75, 73, 73, 77, 72, 74, 76, 72, 74, 72, 77,
    71, 74, 72, 78, 77, 75, 73, 73, 71, 71, 74, 73, 72, 75, 74, 77, 77,
    73, 70, 75, 73, 78, 77, 73, 73, 73, 72, 76, 73, 68, 76, 69, 76, 72,
    70 ]
