%YAML:1.0
---
videoName: "headNod39.mp4"
gestureLabel: 202
fps: 29
pixelSizeInCmTemp: 2.9937500000000000e-01
faceCenterPointX: 268
faceCenterPointY: 78
headPositionsX: [ 266, 267, 268, 266, 270, 270, 271, 268, 267, 270, 268,
    267, 269, 267, 269, 268, 270, 267, 267, 271, 268, 268, 269, 269, 271,
    268, 267, 271, 266, 271, 269, 266, 268, 268, 271, 266, 269, 269, 271,
    268, 268, 266, 270, 267, 265, 269, 270, 267, 265, 269, 267, 266, 265,
    268, 265, 268, 267, 268, 268, 267, 265, 268, 268, 268, 266, 265, 267,
    266, 264, 267, 264, 266, 268, 265, 266, 268, 265, 269, 265, 269, 269,
    269, 266, 268, 266, 268, 268, 266, 269, 266, 268, 267, 268, 267, 269,
    268, 266, 266, 269, 267 ]
headPositionsY: [ 80, 79, 77, 77, 74, 78, 78, 76, 77, 78, 77, 75, 74, 77,
    75, 77, 74, 77, 75, 78, 76, 77, 75, 76, 76, 75, 77, 75, 74, 75, 78,
    77, 78, 76, 74, 75, 78, 79, 78, 78, 80, 81, 86, 88, 85, 81, 77, 74,
    75, 76, 73, 76, 76, 74, 77, 84, 86, 93, 93, 87, 86, 82, 76, 75, 75,
    71, 73, 76, 76, 78, 80, 81, 81, 82, 80, 76, 73, 73, 75, 74, 76, 79,
    78, 81, 81, 82, 78, 80, 78, 80, 78, 80, 79, 79, 80, 77, 80, 79, 79,
    80 ]
