%YAML:1.0
---
videoName: "headLookLeft8.mp4"
gestureLabel: 203
fps: 29
pixelSizeInCmTemp: 3.6287878787878786e-01
faceCenterPointX: 273
faceCenterPointY: 69
headPositionsX: [ 271, 244, 240, 243, 241, 239, 239, 240, 239, 243, 239,
    243, 243, 241, 243, 244, 245, 246, 245, 245, 248, 249, 246, 245, 245,
    247, 245, 249, 244, 246, 247, 245, 245, 246, 247, 246, 246, 246, 246,
    249, 247, 247, 243, 243, 245, 247, 248, 245, 245, 247, 248, 246, 250,
    250, 251, 253, 253, 258, 257, 261, 260, 266, 269, 272, 270, 272, 277,
    283, 283, 275, 279, 279, 276, 274, 279, 278, 273, 272, 279, 278, 278,
    276, 277, 272, 270, 273, 280, 275, 276, 274, 276, 273, 272, 277, 277,
    273, 276, 277, 272, 269 ]
headPositionsY: [ 67, 69, 69, 67, 66, 69, 66, 66, 69, 69, 70, 65, 66, 67,
    68, 69, 67, 66, 67, 68, 68, 67, 67, 71, 67, 71, 70, 70, 69, 73, 69,
    70, 71, 72, 73, 72, 69, 71, 73, 72, 71, 71, 71, 70, 72, 72, 71, 72,
    71, 72, 72, 71, 72, 70, 72, 71, 73, 70, 69, 70, 72, 69, 69, 71, 69,
    71, 69, 72, 71, 71, 68, 71, 69, 69, 68, 69, 69, 69, 68, 72, 71, 69,
    68, 70, 65, 71, 72, 69, 70, 71, 68, 69, 67, 69, 70, 71, 67, 70, 69,
    71 ]
