%YAML:1.0
---
videoName: "headShake18.mp4"
gestureLabel: 201
fps: 30
pixelSizeInCmTemp: 3.2808219178082193e-01
faceCenterPointX: 240
faceCenterPointY: 77
headPositionsX: [ 239, 242, 240, 240, 241, 242, 242, 243, 240, 244, 238,
    241, 244, 239, 243, 242, 239, 241, 241, 238, 242, 240, 238, 242, 242,
    238, 238, 240, 242, 240, 240, 240, 239, 241, 238, 242, 242, 248, 247,
    250, 251, 250, 251, 252, 245, 242, 236, 236, 233, 231, 230, 232, 237,
    240, 240, 248, 248, 247, 250, 248, 246, 242, 237, 237, 235, 232, 235,
    238, 239, 239, 244, 245, 243, 247, 243, 243, 238, 237, 236, 236, 236,
    236, 235, 238, 239, 241, 241, 243, 243, 242, 240, 241, 242, 239, 241,
    242, 242, 242, 238, 241 ]
headPositionsY: [ 75, 75, 78, 78, 75, 75, 77, 77, 73, 77, 77, 78, 74, 76,
    75, 75, 76, 78, 75, 74, 76, 76, 76, 74, 74, 78, 75, 78, 74, 75, 77,
    75, 79, 76, 78, 75, 74, 76, 76, 74, 74, 77, 74, 78, 77, 76, 75, 79,
    77, 78, 75, 77, 76, 78, 78, 78, 78, 76, 76, 77, 76, 75, 79, 79, 77,
    78, 77, 78, 78, 79, 79, 77, 78, 79, 77, 75, 79, 78, 75, 77, 76, 78,
    78, 76, 78, 77, 76, 78, 75, 79, 77, 78, 78, 75, 78, 79, 79, 75, 76,
    75 ]
