%YAML:1.0
---
videoName: "headLookUp8.mp4"
gestureLabel: 205
fps: 29
pixelSizeInCmTemp: 3.4214285714285714e-01
faceCenterPointX: 253
faceCenterPointY: 59
headPositionsX: [ 252, 253, 255, 251, 251, 252, 254, 253, 252, 250, 253,
    252, 250, 253, 253, 250, 252, 251, 251, 252, 250, 253, 253, 251, 253,
    253, 254, 250, 252, 252, 255, 251, 250, 253, 254, 250, 253, 251, 251,
    251, 251, 253, 253, 253, 253, 250, 254, 254, 255, 250, 251, 253, 250,
    251, 254, 253, 251, 251, 252, 251, 251, 250, 255, 251, 255, 255, 253,
    255, 253, 252, 255, 250, 252, 253, 252, 251, 255, 252, 255, 251, 255,
    251, 253, 252, 254, 254, 252, 255, 252, 255, 251, 253, 252, 255, 255,
    250, 251, 251, 253, 255 ]
headPositionsY: [ 58, 77, 74, 74, 78, 79, 79, 78, 75, 76, 74, 77, 77, 76,
    76, 73, 74, 69, 70, 72, 67, 69, 67, 66, 65, 69, 68, 67, 63, 63, 65,
    64, 63, 64, 63, 63, 60, 62, 61, 59, 58, 59, 59, 58, 60, 60, 60, 62,
    57, 56, 61, 56, 60, 59, 58, 56, 60, 58, 60, 58, 60, 58, 57, 58, 59,
    57, 56, 59, 58, 59, 59, 61, 60, 58, 57, 61, 61, 58, 60, 59, 59, 60,
    59, 56, 58, 58, 60, 60, 61, 61, 57, 58, 61, 58, 57, 57, 61, 60, 62,
    57 ]
