%YAML:1.0
---
videoName: "headShake30.mp4"
gestureLabel: 201
fps: 29
pixelSizeInCmTemp: 3.2808219178082193e-01
faceCenterPointX: 240
faceCenterPointY: 68
headPositionsX: [ 239, 234, 231, 234, 232, 232, 235, 231, 234, 237, 235,
    237, 239, 238, 239, 241, 243, 242, 241, 244, 244, 241, 241, 244, 243,
    244, 244, 244, 243, 242, 241, 241, 240, 242, 237, 238, 239, 239, 244,
    245, 248, 256, 255, 260, 257, 258, 258, 255, 251, 244, 240, 229, 228,
    225, 221, 225, 227, 234, 241, 248, 252, 252, 254, 251, 246, 243, 237,
    234, 228, 227, 227, 230, 234, 235, 244, 246, 248, 252, 249, 250, 250,
    242, 243, 240, 238, 237, 236, 237, 237, 240, 239, 242, 242, 243, 240,
    238, 241, 242, 239, 239 ]
headPositionsY: [ 70, 54, 56, 56, 59, 59, 62, 61, 59, 63, 65, 63, 66, 65,
    63, 67, 65, 67, 67, 63, 65, 65, 64, 66, 65, 67, 65, 65, 64, 66, 67,
    63, 67, 65, 68, 64, 67, 67, 68, 67, 64, 66, 63, 64, 65, 67, 65, 65,
    68, 68, 66, 68, 69, 66, 66, 66, 70, 69, 67, 69, 68, 64, 65, 68, 69,
    70, 67, 70, 68, 70, 71, 67, 69, 68, 67, 68, 66, 66, 67, 67, 66, 68,
    65, 66, 66, 66, 68, 67, 65, 65, 66, 69, 67, 69, 68, 66, 69, 69, 71,
    69 ]
