%YAML:1.0
---
videoName: "headLookRight0.mp4"
gestureLabel: 204
fps: 29
pixelSizeInCmTemp: 3.1933333333333330e-01
faceCenterPointX: 229
faceCenterPointY: 68
headPositionsX: [ 227, 255, 254, 256, 255, 257, 257, 255, 256, 255, 256,
    255, 257, 256, 255, 255, 255, 258, 258, 254, 257, 255, 257, 255, 257,
    256, 257, 253, 256, 257, 255, 257, 253, 257, 256, 255, 253, 255, 252,
    255, 252, 249, 249, 245, 242, 240, 236, 238, 236, 236, 235, 235, 234,
    231, 233, 233, 235, 233, 232, 234, 234, 235, 233, 232, 229, 232, 233,
    233, 232, 233, 231, 236, 231, 234, 233, 234, 229, 231, 230, 228, 234,
    231, 233, 228, 233, 229, 233, 231, 228, 231, 230, 233, 230, 230, 230,
    227, 230, 230, 229, 230 ]
headPositionsY: [ 68, 68, 66, 66, 64, 66, 66, 63, 66, 67, 67, 69, 69, 66,
    67, 66, 66, 64, 68, 68, 66, 69, 65, 68, 67, 69, 70, 67, 66, 67, 66,
    69, 68, 67, 66, 66, 67, 68, 69, 68, 67, 67, 65, 67, 65, 70, 66, 66,
    68, 68, 70, 68, 67, 70, 71, 68, 66, 67, 67, 65, 66, 69, 66, 66, 70,
    65, 67, 69, 65, 68, 66, 70, 66, 66, 67, 68, 68, 66, 69, 67, 68, 66,
    70, 66, 67, 68, 71, 68, 65, 65, 67, 68, 71, 68, 70, 67, 66, 66, 68,
    70 ]
