%YAML:1.0
---
videoName: "headNod22.mp4"
gestureLabel: 202
fps: 29
pixelSizeInCmTemp: 3.1513157894736843e-01
faceCenterPointX: 252
faceCenterPointY: 80
headPositionsX: [ 250, 254, 254, 250, 253, 251, 253, 256, 254, 252, 252,
    254, 251, 254, 255, 253, 254, 252, 253, 252, 252, 252, 252, 255, 255,
    251, 254, 252, 254, 252, 253, 256, 252, 253, 255, 256, 252, 254, 257,
    253, 252, 255, 255, 254, 252, 254, 254, 252, 254, 251, 252, 252, 254,
    251, 254, 251, 250, 251, 252, 251, 254, 252, 253, 254, 253, 251, 252,
    251, 253, 254, 255, 250, 254, 255, 251, 250, 252, 254, 250, 255, 250,
    254, 251, 253, 253, 255, 250, 250, 254, 250, 250, 252, 254, 250, 249,
    252, 251, 251, 251, 253 ]
headPositionsY: [ 78, 80, 77, 76, 79, 75, 76, 78, 77, 77, 78, 78, 76, 78,
    77, 77, 79, 76, 77, 81, 79, 81, 80, 81, 81, 84, 84, 81, 83, 79, 76,
    75, 72, 73, 73, 73, 73, 79, 80, 82, 85, 81, 79, 77, 74, 72, 69, 71,
    71, 74, 74, 82, 83, 86, 88, 82, 80, 79, 75, 72, 72, 71, 72, 72, 76,
    79, 81, 78, 78, 76, 76, 73, 75, 76, 77, 79, 78, 80, 80, 79, 80, 77,
    73, 75, 77, 77, 81, 82, 79, 81, 80, 78, 78, 80, 79, 82, 83, 80, 82,
    79 ]
