%YAML:1.0
---
videoName: "headLookLeft9.mp4"
gestureLabel: 203
fps: 30
pixelSizeInCmTemp: 3.2364864864864862e-01
faceCenterPointX: 273
faceCenterPointY: 69
headPositionsX: [ 271, 247, 246, 247, 245, 247, 249, 245, 244, 247, 247,
    247, 244, 244, 245, 246, 246, 245, 246, 246, 248, 243, 247, 245, 248,
    245, 247, 247, 247, 247, 244, 244, 246, 247, 250, 254, 254, 257, 257,
    262, 266, 266, 268, 270, 268, 268, 270, 272, 269, 272, 270, 271, 271,
    268, 271, 272, 274, 269, 270, 270, 270, 270, 271, 272, 275, 272, 268,
    272, 274, 273, 269, 273, 270, 273, 273, 271, 271, 270, 271, 270, 271,
    269, 268, 270, 271, 268, 271, 269, 271, 271, 274, 271, 274, 271, 269,
    276, 273, 273, 270, 268 ]
headPositionsY: [ 71, 73, 70, 72, 70, 72, 71, 71, 70, 70, 70, 72, 68, 71,
    71, 71, 73, 73, 71, 71, 73, 69, 70, 68, 73, 72, 71, 69, 69, 71, 72,
    69, 69, 71, 68, 72, 69, 70, 69, 69, 69, 66, 68, 67, 68, 67, 67, 68,
    67, 67, 68, 67, 67, 66, 70, 65, 66, 70, 67, 65, 66, 68, 68, 70, 70,
    69, 67, 69, 70, 66, 69, 66, 70, 68, 72, 66, 71, 69, 66, 69, 69, 67,
    68, 67, 68, 66, 69, 69, 69, 65, 69, 68, 68, 67, 67, 68, 68, 69, 67,
    71 ]
