%YAML:1.0
---
videoName: "headNod36.mp4"
gestureLabel: 202
fps: 29
pixelSizeInCmTemp: 2.8176470588235292e-01
faceCenterPointX: 269
faceCenterPointY: 75
headPositionsX: [ 270, 271, 269, 268, 273, 271, 269, 271, 271, 272, 271,
    269, 268, 271, 270, 272, 271, 273, 268, 272, 269, 270, 272, 273, 269,
    270, 269, 270, 271, 268, 271, 269, 269, 271, 268, 270, 271, 266, 270,
    268, 268, 269, 268, 272, 271, 271, 272, 270, 269, 272, 273, 268, 269,
    273, 271, 271, 272, 270, 269, 269, 271, 271, 268, 267, 269, 266, 267,
    268, 266, 269, 266, 266, 267, 265, 267, 267, 268, 266, 269, 270, 271,
    269, 267, 268, 267, 268, 271, 268, 271, 268, 269, 268, 269, 270, 271,
    268, 268, 270, 270, 270 ]
headPositionsY: [ 77, 75, 73, 76, 74, 75, 76, 74, 75, 76, 76, 74, 73, 72,
    73, 73, 74, 75, 77, 78, 76, 78, 80, 78, 75, 75, 70, 68, 67, 65, 63,
    65, 69, 73, 78, 86, 87, 91, 90, 86, 84, 78, 77, 73, 72, 69, 70, 68,
    66, 71, 71, 74, 76, 79, 84, 85, 85, 88, 86, 80, 77, 75, 73, 74, 75,
    74, 76, 78, 80, 85, 82, 84, 79, 79, 79, 74, 74, 72, 76, 80, 83, 85,
    85, 82, 85, 85, 79, 81, 76, 75, 76, 73, 78, 74, 73, 74, 77, 75, 76,
    77 ]
