%YAML:1.0
---
videoName: "headShake39.mp4"
gestureLabel: 201
fps: 29
pixelSizeInCmTemp: 3.1933333333333330e-01
faceCenterPointX: 263
faceCenterPointY: 83
headPositionsX: [ 261, 260, 259, 259, 262, 262, 264, 260, 259, 259, 263,
    260, 263, 262, 262, 260, 260, 259, 259, 258, 260, 258, 257, 252, 254,
    249, 250, 247, 245, 242, 245, 245, 246, 252, 255, 260, 266, 269, 274,
    279, 280, 279, 273, 269, 266, 261, 251, 249, 249, 245, 245, 251, 251,
    254, 263, 269, 271, 274, 281, 279, 276, 275, 271, 264, 258, 253, 249,
    251, 248, 250, 252, 251, 251, 252, 256, 259, 259, 264, 266, 267, 266,
    264, 266, 265, 268, 265, 264, 265, 265, 267, 262, 266, 261, 263, 265,
    262, 264, 261, 264, 264 ]
headPositionsY: [ 82, 85, 85, 85, 82, 82, 83, 84, 83, 82, 83, 82, 83, 84,
    85, 84, 81, 83, 83, 82, 84, 84, 82, 84, 82, 81, 81, 83, 84, 80, 83,
    82, 83, 84, 84, 84, 81, 79, 79, 77, 78, 81, 79, 81, 81, 82, 81, 83,
    85, 81, 80, 84, 83, 83, 81, 83, 81, 83, 79, 81, 81, 83, 81, 84, 81,
    82, 81, 77, 80, 79, 78, 80, 81, 82, 82, 80, 82, 84, 85, 84, 84, 82,
    83, 84, 84, 81, 82, 81, 82, 84, 82, 83, 81, 84, 82, 83, 85, 85, 85,
    81 ]
