%YAML:1.0
---
videoName: "headNod22.mp4"
gestureLabel: 202
fps: 29
pixelSizeInCmTemp: 3.1513157894736843e-01
faceCenterPointX: 252
faceCenterPointY: 80
headPositionsX: [ 251, 251, 252, 251, 254, 252, 253, 254, 252, 253, 253,
    253, 252, 251, 253, 253, 254, 253, 254, 254, 253, 255, 254, 251, 255,
    252, 254, 252, 255, 255, 251, 253, 251, 256, 254, 256, 254, 254, 257,
    255, 256, 255, 255, 255, 254, 253, 254, 255, 253, 254, 253, 255, 250,
    253, 253, 251, 249, 253, 249, 255, 251, 255, 254, 254, 253, 252, 254,
    254, 253, 252, 253, 250, 252, 252, 251, 253, 251, 250, 251, 254, 250,
    252, 251, 251, 251, 254, 253, 249, 251, 252, 250, 252, 253, 251, 249,
    252, 251, 252, 253, 249 ]
headPositionsY: [ 81, 79, 80, 76, 78, 79, 78, 80, 76, 78, 80, 81, 76, 77,
    78, 80, 77, 79, 78, 77, 78, 80, 78, 79, 79, 82, 81, 81, 82, 80, 77,
    74, 73, 72, 70, 72, 74, 76, 78, 83, 84, 85, 82, 79, 75, 72, 72, 73,
    73, 75, 77, 79, 84, 85, 87, 82, 80, 80, 75, 74, 73, 73, 72, 75, 77,
    79, 78, 81, 79, 76, 78, 75, 74, 74, 76, 80, 79, 78, 80, 82, 76, 75,
    74, 75, 78, 77, 82, 83, 80, 81, 78, 81, 80, 76, 82, 81, 81, 80, 79,
    78 ]
