%YAML:1.0
---
videoName: "headLookUp5.mp4"
gestureLabel: 205
fps: 29
pixelSizeInCmTemp: 3.6287878787878786e-01
faceCenterPointX: 256
faceCenterPointY: 67
headPositionsX: [ 256, 255, 256, 254, 254, 258, 257, 254, 255, 259, 257,
    255, 257, 259, 257, 258, 258, 258, 253, 256, 256, 255, 258, 254, 258,
    258, 254, 255, 255, 254, 257, 254, 255, 256, 258, 256, 255, 255, 255,
    257, 257, 257, 258, 256, 257, 259, 256, 257, 256, 259, 257, 255, 257,
    258, 258, 255, 256, 254, 256, 257, 258, 257, 258, 257, 254, 254, 257,
    257, 253, 255, 258, 258, 255, 256, 258, 256, 258, 257, 256, 254, 254,
    256, 256, 256, 256, 257, 254, 255, 255, 254, 255, 254, 254, 256, 254,
    257, 258, 255, 258, 257 ]
headPositionsY: [ 65, 81, 80, 79, 79, 80, 83, 81, 79, 81, 83, 82, 80, 80,
    82, 80, 79, 80, 80, 80, 83, 80, 81, 81, 83, 82, 82, 79, 80, 82, 79,
    78, 81, 78, 78, 77, 74, 73, 73, 71, 69, 67, 68, 69, 68, 71, 67, 69,
    66, 71, 70, 70, 66, 70, 66, 71, 70, 68, 66, 67, 68, 67, 71, 70, 68,
    66, 67, 65, 68, 65, 68, 67, 65, 65, 66, 66, 68, 70, 63, 70, 68, 69,
    69, 67, 69, 68, 68, 70, 69, 67, 69, 68, 66, 69, 66, 64, 68, 65, 66,
    69 ]
