%YAML:1.0
---
videoName: "headShake19.mp4"
gestureLabel: 201
fps: 29
pixelSizeInCmTemp: 3.1933333333333330e-01
faceCenterPointX: 243
faceCenterPointY: 78
headPositionsX: [ 243, 242, 245, 245, 241, 241, 242, 241, 244, 243, 242,
    245, 243, 241, 241, 242, 244, 243, 245, 243, 243, 242, 243, 242, 242,
    244, 244, 243, 245, 243, 241, 243, 240, 240, 243, 242, 239, 238, 236,
    232, 235, 235, 239, 242, 247, 254, 258, 256, 256, 252, 247, 244, 239,
    236, 231, 229, 232, 234, 239, 240, 243, 246, 249, 246, 248, 243, 243,
    237, 238, 235, 236, 237, 237, 237, 243, 244, 245, 245, 243, 247, 246,
    245, 242, 244, 240, 243, 239, 239, 239, 242, 241, 241, 241, 243, 241,
    242, 242, 242, 243, 242 ]
headPositionsY: [ 76, 76, 76, 78, 74, 78, 75, 74, 76, 74, 77, 75, 78, 75,
    79, 77, 78, 75, 77, 76, 78, 79, 75, 78, 79, 75, 75, 76, 75, 79, 77,
    78, 77, 79, 78, 74, 76, 76, 76, 79, 78, 77, 79, 75, 75, 78, 77, 73,
    75, 74, 77, 77, 75, 76, 78, 75, 77, 77, 78, 75, 77, 79, 77, 76, 80,
    80, 76, 77, 77, 79, 79, 76, 75, 78, 76, 78, 78, 78, 79, 76, 79, 76,
    74, 80, 80, 78, 77, 77, 78, 79, 79, 80, 76, 76, 77, 77, 79, 79, 80,
    80 ]
