%YAML:1.0
---
videoName: "headShake49.mp4"
gestureLabel: 201
fps: 30
pixelSizeInCmTemp: 2.8855421686746985e-01
faceCenterPointX: 259
faceCenterPointY: 84
headPositionsX: [ 258, 260, 261, 259, 259, 263, 260, 261, 261, 259, 263,
    259, 262, 259, 262, 258, 260, 262, 263, 261, 259, 261, 261, 263, 263,
    261, 260, 262, 262, 261, 259, 261, 261, 265, 270, 272, 276, 282, 283,
    286, 283, 279, 273, 266, 261, 252, 249, 248, 251, 258, 262, 270, 273,
    274, 270, 269, 260, 254, 250, 251, 248, 250, 255, 262, 263, 271, 268,
    266, 262, 258, 257, 255, 253, 253, 258, 263, 265, 266, 268, 266, 265,
    261, 263, 260, 258, 257, 258, 259, 261, 262, 260, 261, 258, 262, 259,
    260, 259, 261, 258, 260 ]
headPositionsY: [ 82, 81, 83, 80, 83, 80, 78, 81, 81, 80, 83, 79, 82, 82,
    80, 79, 81, 83, 82, 80, 78, 83, 82, 79, 78, 81, 81, 79, 83, 82, 81,
    82, 83, 83, 83, 81, 78, 79, 77, 80, 78, 79, 81, 83, 82, 84, 85, 83,
    84, 84, 83, 84, 82, 81, 85, 86, 84, 82, 87, 85, 83, 83, 86, 82, 87,
    83, 83, 85, 83, 85, 85, 86, 87, 83, 84, 84, 83, 82, 84, 86, 87, 83,
    87, 83, 83, 84, 83, 84, 83, 85, 85, 84, 86, 85, 86, 86, 87, 86, 87,
    83 ]
