%YAML:1.0
---
videoName: "headLookUp1.mp4"
gestureLabel: 205
fps: 29
pixelSizeInCmTemp: 3.7421874999999999e-01
faceCenterPointX: 258
faceCenterPointY: 66
headPositionsX: [ 257, 257, 261, 260, 259, 257, 259, 260, 258, 257, 260,
    258, 258, 261, 259, 257, 258, 256, 258, 257, 260, 261, 257, 258, 260,
    257, 262, 261, 256, 260, 259, 258, 258, 261, 257, 260, 259, 256, 256,
    261, 257, 260, 260, 259, 259, 257, 259, 260, 261, 259, 258, 255, 260,
    256, 256, 255, 257, 255, 256, 258, 260, 258, 259, 259, 257, 256, 260,
    259, 259, 256, 259, 258, 259, 259, 258, 256, 260, 259, 261, 260, 257,
    257, 261, 260, 256, 257, 255, 258, 256, 260, 256, 258, 258, 255, 259,
    255, 259, 257, 255, 259 ]
headPositionsY: [ 66, 80, 80, 82, 80, 83, 81, 80, 80, 82, 79, 79, 81, 82,
    82, 80, 80, 80, 79, 83, 80, 80, 82, 82, 79, 82, 80, 82, 82, 81, 81,
    83, 83, 81, 81, 80, 78, 80, 81, 82, 78, 78, 77, 75, 74, 70, 70, 67,
    66, 66, 66, 66, 63, 64, 66, 63, 66, 64, 64, 66, 65, 65, 68, 63, 68,
    64, 65, 64, 67, 65, 68, 64, 65, 66, 69, 67, 67, 63, 64, 65, 67, 68,
    65, 64, 64, 68, 67, 68, 65, 63, 63, 68, 67, 63, 67, 66, 64, 67, 63,
    67 ]
