%YAML:1.0
---
videoName: "headNod24.mp4"
gestureLabel: 202
fps: 29
pixelSizeInCmTemp: 3.1513157894736843e-01
faceCenterPointX: 272
faceCenterPointY: 72
headPositionsX: [ 270, 274, 275, 275, 272, 275, 276, 273, 275, 277, 273,
    277, 272, 274, 275, 274, 273, 274, 275, 272, 272, 272, 273, 274, 271,
    273, 272, 275, 272, 275, 273, 273, 272, 271, 273, 276, 275, 274, 271,
    276, 271, 271, 273, 274, 273, 272, 273, 274, 274, 271, 275, 274, 275,
    274, 272, 271, 275, 274, 270, 270, 271, 274, 272, 273, 269, 268, 273,
    271, 269, 272, 270, 268, 272, 269, 272, 272, 272, 269, 271, 268, 272,
    267, 270, 268, 271, 271, 268, 269, 271, 270, 271, 268, 272, 274, 273,
    272, 270, 274, 274, 270 ]
headPositionsY: [ 73, 72, 72, 74, 74, 73, 74, 72, 72, 72, 71, 76, 72, 73,
    71, 74, 74, 74, 72, 75, 71, 72, 73, 75, 74, 71, 72, 72, 75, 74, 75,
    74, 72, 72, 72, 75, 69, 72, 69, 70, 70, 72, 77, 81, 81, 79, 79, 77,
    69, 69, 67, 69, 71, 71, 76, 77, 76, 74, 70, 67, 64, 69, 65, 67, 71,
    75, 77, 78, 72, 72, 71, 71, 71, 69, 70, 69, 69, 72, 75, 74, 76, 75,
    74, 70, 68, 70, 68, 72, 68, 69, 70, 71, 73, 72, 72, 75, 75, 72, 73,
    71 ]
