%YAML:1.0
---
videoName: "headNod31.mp4"
gestureLabel: 202
fps: 29
pixelSizeInCmTemp: 2.8855421686746985e-01
faceCenterPointX: 267
faceCenterPointY: 75
headPositionsX: [ 268, 268, 269, 272, 270, 268, 269, 270, 269, 272, 270,
    271, 270, 268, 267, 269, 269, 270, 267, 268, 265, 267, 268, 268, 264,
    268, 264, 265, 266, 269, 266, 270, 270, 271, 271, 269, 269, 270, 268,
    268, 270, 268, 270, 266, 265, 268, 268, 267, 267, 268, 265, 265, 265,
    264, 267, 267, 266, 265, 266, 265, 268, 266, 266, 264, 268, 269, 268,
    269, 269, 266, 266, 264, 268, 268, 265, 266, 266, 267, 266, 266, 266,
    267, 265, 264, 267, 268, 265, 267, 269, 268, 268, 269, 269, 267, 265,
    265, 266, 265, 267, 266 ]
headPositionsY: [ 74, 76, 75, 74, 75, 76, 72, 65, 68, 67, 67, 68, 65, 65,
    77, 79, 83, 87, 86, 87, 87, 81, 80, 79, 75, 72, 70, 71, 68, 70, 70,
    69, 71, 74, 80, 83, 84, 85, 88, 87, 86, 83, 81, 79, 76, 74, 72, 72,
    75, 76, 83, 83, 85, 83, 81, 82, 79, 75, 74, 71, 70, 72, 67, 70, 71,
    71, 76, 77, 80, 79, 78, 79, 80, 74, 74, 73, 70, 73, 70, 72, 76, 75,
    73, 76, 77, 77, 77, 78, 77, 72, 73, 76, 73, 76, 77, 78, 78, 77, 76,
    75 ]
