%YAML:1.0
---
videoName: "headNod42.mp4"
gestureLabel: 202
fps: 30
pixelSizeInCmTemp: 3.0316455696202532e-01
faceCenterPointX: 265
faceCenterPointY: 77
headPositionsX: [ 264, 270, 266, 269, 270, 271, 268, 271, 267, 270, 270,
    269, 270, 269, 267, 268, 272, 268, 268, 268, 268, 271, 269, 267, 270,
    269, 266, 268, 263, 264, 266, 267, 264, 267, 265, 268, 267, 265, 267,
    267, 267, 265, 267, 263, 267, 267, 262, 264, 267, 266, 266, 262, 266,
    262, 263, 265, 267, 267, 264, 267, 268, 265, 263, 265, 267, 266, 268,
    266, 265, 264, 264, 267, 265, 266, 264, 265, 264, 266, 267, 264, 265,
    265, 264, 268, 268, 264, 266, 264, 267, 264, 266, 264, 266, 267, 267,
    266, 266, 264, 263, 266 ]
headPositionsY: [ 75, 75, 73, 76, 77, 75, 77, 75, 79, 78, 75, 79, 77, 76,
    75, 71, 68, 63, 66, 66, 66, 71, 70, 75, 79, 83, 89, 92, 92, 88, 87,
    85, 77, 74, 75, 71, 69, 69, 68, 69, 75, 80, 79, 83, 83, 82, 82, 77,
    75, 72, 69, 71, 70, 72, 76, 79, 83, 86, 82, 86, 86, 83, 80, 77, 76,
    75, 72, 76, 72, 73, 75, 78, 82, 83, 80, 79, 74, 76, 74, 73, 72, 73,
    75, 78, 78, 81, 79, 82, 80, 78, 81, 80, 80, 79, 78, 77, 80, 77, 78,
    77 ]
