%YAML:1.0
---
videoName: "headShake8.mp4"
gestureLabel: 201
fps: 29
pixelSizeInCmTemp: 3.2364864864864862e-01
faceCenterPointX: 243
faceCenterPointY: 72
headPositionsX: [ 244, 245, 245, 246, 244, 242, 242, 246, 243, 244, 245,
    243, 242, 242, 243, 243, 242, 245, 244, 246, 244, 243, 243, 244, 241,
    242, 244, 245, 243, 242, 242, 246, 242, 243, 245, 248, 253, 256, 261,
    262, 264, 264, 265, 263, 256, 250, 244, 239, 235, 231, 229, 232, 232,
    238, 246, 247, 254, 259, 260, 260, 258, 255, 250, 247, 242, 236, 234,
    236, 235, 234, 235, 236, 240, 239, 242, 247, 248, 249, 247, 248, 252,
    252, 249, 250, 251, 249, 246, 249, 245, 244, 244, 243, 244, 244, 242,
    244, 245, 243, 242, 243 ]
headPositionsY: [ 71, 70, 72, 73, 73, 70, 74, 73, 71, 70, 69, 72, 71, 73,
    70, 69, 71, 71, 73, 71, 72, 72, 72, 71, 70, 73, 71, 71, 71, 72, 69,
    74, 70, 73, 72, 70, 70, 72, 68, 69, 68, 71, 70, 72, 73, 70, 71, 72,
    73, 73, 69, 71, 69, 73, 71, 72, 72, 70, 69, 70, 70, 72, 71, 69, 72,
    74, 72, 70, 74, 73, 70, 70, 74, 70, 74, 73, 75, 73, 70, 74, 73, 70,
    70, 72, 73, 72, 73, 70, 73, 70, 73, 70, 71, 72, 72, 69, 71, 72, 72,
    73 ]
