%YAML:1.0
---
videoName: "headShake17.mp4"
gestureLabel: 201
fps: 29
pixelSizeInCmTemp: 3.3263888888888887e-01
faceCenterPointX: 242
faceCenterPointY: 76
headPositionsX: [ 244, 240, 239, 238, 237, 240, 238, 240, 243, 246, 251,
    256, 258, 257, 257, 255, 253, 248, 247, 241, 237, 231, 229, 226, 227,
    229, 227, 234, 235, 242, 242, 246, 251, 253, 254, 255, 253, 252, 248,
    249, 244, 240, 237, 232, 231, 232, 231, 234, 234, 238, 238, 238, 241,
    242, 245, 244, 247, 244, 247, 244, 240, 241, 243, 240, 238, 241, 242,
    239, 241, 238, 241, 240, 238, 240, 240, 240, 242, 238, 239, 240, 239,
    240, 242, 242, 243, 241, 242, 240, 239, 240, 243, 240, 243, 242, 239,
    240, 242, 241, 242, 242 ]
headPositionsY: [ 74, 77, 76, 75, 77, 75, 76, 78, 74, 77, 77, 76, 77, 74,
    76, 75, 73, 74, 79, 77, 75, 75, 75, 79, 77, 75, 78, 75, 79, 79, 76,
    76, 77, 77, 76, 73, 74, 78, 78, 76, 79, 77, 79, 77, 74, 75, 76, 78,
    75, 76, 78, 78, 78, 76, 75, 79, 77, 77, 76, 78, 74, 75, 77, 77, 74,
    75, 74, 78, 77, 76, 74, 74, 74, 76, 75, 78, 78, 75, 79, 78, 78, 74,
    78, 76, 75, 77, 78, 76, 78, 77, 74, 75, 77, 74, 74, 78, 76, 74, 74,
    75 ]
