%YAML:1.0
---
videoName: "headLookUp4.mp4"
gestureLabel: 205
fps: 30
pixelSizeInCmTemp: 3.6846153846153845e-01
faceCenterPointX: 256
faceCenterPointY: 68
headPositionsX: [ 255, 254, 258, 255, 255, 257, 254, 258, 258, 258, 256,
    256, 257, 257, 255, 256, 258, 257, 255, 258, 255, 254, 256, 257, 255,
    254, 257, 255, 256, 257, 257, 257, 257, 253, 257, 255, 257, 257, 256,
    257, 253, 256, 254, 254, 254, 257, 256, 256, 255, 255, 257, 257, 254,
    258, 257, 254, 257, 257, 255, 253, 253, 256, 257, 256, 257, 256, 257,
    254, 257, 256, 257, 257, 254, 257, 258, 259, 253, 257, 254, 254, 254,
    253, 253, 255, 254, 254, 257, 256, 258, 257, 257, 255, 255, 255, 255,
    254, 257, 259, 257, 257 ]
headPositionsY: [ 69, 83, 82, 83, 80, 84, 82, 83, 83, 81, 80, 82, 81, 83,
    81, 81, 80, 81, 81, 81, 83, 83, 80, 81, 78, 75, 74, 76, 73, 71, 68,
    68, 69, 70, 67, 67, 68, 68, 70, 70, 67, 68, 69, 67, 69, 70, 69, 70,
    68, 67, 70, 71, 68, 69, 70, 71, 70, 72, 66, 72, 65, 68, 67, 66, 72,
    72, 69, 70, 68, 71, 69, 69, 68, 71, 65, 70, 67, 67, 66, 68, 72, 69,
    68, 69, 67, 68, 71, 66, 68, 69, 71, 68, 69, 67, 68, 66, 67, 70, 68,
    71 ]
