%YAML:1.0
---
videoName: "headShake46.mp4"
gestureLabel: 201
fps: 30
pixelSizeInCmTemp: 3.2364864864864862e-01
faceCenterPointX: 262
faceCenterPointY: 85
headPositionsX: [ 264, 259, 261, 261, 259, 258, 259, 259, 261, 259, 258,
    263, 259, 261, 261, 262, 262, 263, 262, 258, 259, 262, 262, 260, 262,
    257, 260, 257, 261, 263, 265, 268, 272, 276, 276, 278, 278, 271, 268,
    257, 252, 250, 249, 250, 255, 262, 267, 269, 269, 268, 265, 259, 255,
    254, 256, 260, 261, 267, 270, 266, 264, 263, 260, 256, 255, 258, 263,
    266, 269, 269, 269, 266, 265, 257, 258, 258, 262, 264, 262, 265, 266,
    262, 265, 264, 258, 263, 260, 262, 261, 263, 261, 262, 258, 259, 259,
    260, 262, 263, 261, 262 ]
headPositionsY: [ 87, 83, 82, 86, 86, 86, 82, 85, 87, 83, 84, 85, 82, 83,
    84, 86, 83, 87, 85, 83, 86, 85, 83, 85, 85, 86, 84, 86, 83, 82, 86,
    82, 81, 81, 80, 82, 85, 85, 84, 83, 86, 86, 84, 85, 84, 84, 83, 85,
    85, 85, 84, 82, 87, 83, 87, 86, 83, 84, 86, 84, 87, 87, 86, 86, 85,
    87, 85, 83, 86, 83, 83, 84, 86, 86, 83, 87, 82, 86, 84, 87, 83, 84,
    84, 85, 83, 87, 84, 83, 87, 85, 84, 85, 83, 85, 86, 85, 83, 86, 83,
    85 ]
