%YAML:1.0
---
videoName: "headLookDown0.mp4"
gestureLabel: 206
fps: 29
pixelSizeInCmTemp: 3.3263888888888887e-01
faceCenterPointX: 273
faceCenterPointY: 93
headPositionsX: [ 273, 275, 274, 271, 275, 270, 270, 274, 274, 269, 273,
    272, 270, 274, 271, 272, 271, 270, 274, 272, 272, 273, 273, 270, 270,
    270, 272, 272, 269, 271, 274, 270, 273, 271, 271, 272, 273, 271, 270,
    270, 271, 274, 271, 274, 273, 273, 270, 274, 274, 274, 271, 272, 272,
    273, 271, 271, 274, 273, 271, 270, 270, 270, 273, 270, 271, 272, 273,
    269, 270, 273, 273, 270, 273, 273, 274, 274, 272, 270, 273, 271, 272,
    274, 271, 270, 272, 272, 273, 275, 272, 274, 272, 274, 270, 270, 271,
    271, 273, 273, 275, 272 ]
headPositionsY: [ 95, 78, 81, 81, 82, 80, 80, 78, 79, 78, 77, 78, 78, 80,
    80, 77, 77, 82, 81, 81, 78, 81, 79, 79, 79, 78, 82, 77, 81, 79, 82,
    81, 80, 82, 81, 79, 81, 80, 85, 84, 86, 87, 88, 92, 92, 92, 93, 97,
    99, 96, 97, 95, 96, 96, 96, 98, 95, 95, 98, 97, 96, 95, 97, 94, 97,
    95, 96, 97, 97, 98, 94, 94, 94, 95, 94, 98, 97, 95, 92, 95, 95, 97,
    94, 93, 95, 93, 97, 95, 95, 95, 93, 96, 94, 93, 91, 93, 95, 94, 95,
    96 ]
