%YAML:1.0
---
videoName: "headShake46.mp4"
gestureLabel: 201
fps: 30
pixelSizeInCmTemp: 3.2364864864864862e-01
faceCenterPointX: 262
faceCenterPointY: 85
headPositionsX: [ 262, 262, 261, 258, 261, 262, 262, 262, 262, 261, 262,
    260, 262, 260, 261, 258, 261, 263, 261, 258, 261, 262, 261, 262, 262,
    258, 262, 257, 259, 261, 265, 268, 274, 274, 278, 276, 276, 274, 267,
    257, 255, 250, 251, 254, 255, 261, 268, 271, 270, 267, 263, 258, 255,
    253, 254, 257, 261, 267, 270, 268, 267, 264, 260, 258, 257, 262, 265,
    268, 267, 269, 270, 267, 261, 257, 261, 259, 261, 265, 265, 267, 266,
    264, 261, 260, 262, 263, 261, 261, 259, 261, 260, 259, 259, 262, 260,
    261, 261, 261, 259, 260 ]
headPositionsY: [ 84, 82, 85, 85, 85, 84, 86, 84, 83, 86, 85, 83, 85, 82,
    87, 84, 86, 85, 84, 85, 85, 85, 86, 84, 86, 82, 84, 82, 82, 82, 83,
    84, 84, 81, 82, 83, 81, 81, 87, 82, 84, 85, 85, 86, 82, 87, 85, 86,
    83, 86, 83, 85, 85, 85, 85, 85, 87, 83, 83, 86, 84, 85, 87, 83, 87,
    87, 86, 87, 83, 85, 84, 87, 87, 83, 84, 85, 86, 86, 83, 87, 83, 86,
    85, 86, 86, 85, 84, 84, 87, 84, 86, 82, 83, 85, 84, 85, 84, 83, 85,
    85 ]
