%YAML:1.0
---
videoName: "headNod31.mp4"
gestureLabel: 202
fps: 29
pixelSizeInCmTemp: 2.8855421686746985e-01
faceCenterPointX: 267
faceCenterPointY: 75
headPositionsX: [ 269, 268, 269, 269, 269, 268, 269, 272, 269, 270, 270,
    268, 272, 269, 270, 271, 269, 270, 270, 265, 269, 264, 268, 266, 265,
    268, 264, 266, 269, 267, 267, 267, 268, 270, 270, 270, 270, 270, 270,
    267, 267, 268, 270, 269, 264, 269, 267, 265, 266, 268, 265, 269, 267,
    268, 265, 266, 269, 266, 268, 267, 265, 265, 266, 268, 265, 267, 268,
    268, 268, 267, 268, 266, 265, 268, 264, 269, 265, 267, 268, 268, 268,
    266, 266, 266, 265, 268, 264, 267, 267, 264, 269, 268, 267, 266, 267,
    268, 265, 267, 265, 266 ]
headPositionsY: [ 74, 75, 75, 72, 75, 76, 75, 66, 66, 68, 68, 65, 66, 66,
    74, 79, 80, 85, 84, 84, 87, 83, 83, 78, 76, 72, 72, 73, 68, 67, 71,
    71, 71, 77, 77, 80, 82, 84, 88, 89, 87, 82, 79, 78, 76, 76, 72, 75,
    75, 77, 79, 81, 85, 85, 81, 82, 80, 74, 75, 70, 73, 71, 69, 67, 74,
    71, 75, 79, 81, 79, 82, 81, 78, 74, 77, 73, 70, 73, 69, 72, 73, 73,
    73, 76, 79, 75, 78, 78, 77, 76, 73, 75, 76, 76, 74, 75, 76, 77, 77,
    77 ]
