%YAML:1.0
---
videoName: "headNod10.mp4"
gestureLabel: 202
fps: 29
pixelSizeInCmTemp: 3.2808219178082193e-01
faceCenterPointX: 260
faceCenterPointY: 67
headPositionsX: [ 258, 261, 259, 257, 257, 260, 256, 259, 260, 257, 260,
    257, 257, 256, 257, 260, 259, 256, 260, 257, 260, 256, 259, 260, 259,
    261, 259, 260, 258, 256, 261, 259, 257, 257, 257, 260, 261, 260, 261,
    257, 256, 260, 260, 261, 261, 259, 261, 258, 259, 263, 261, 258, 260,
    261, 262, 260, 260, 257, 261, 259, 261, 258, 258, 261, 260, 258, 260,
    257, 257, 260, 257, 258, 257, 256, 261, 259, 256, 260, 261, 261, 260,
    259, 258, 258, 259, 261, 261, 258, 260, 261, 260, 259, 261, 258, 258,
    261, 259, 263, 260, 263 ]
headPositionsY: [ 65, 73, 72, 69, 68, 71, 70, 71, 69, 70, 70, 69, 71, 72,
    70, 71, 69, 68, 70, 71, 72, 72, 70, 68, 72, 68, 72, 72, 72, 68, 68,
    69, 69, 69, 68, 72, 70, 71, 73, 72, 72, 73, 73, 71, 70, 66, 65, 64,
    60, 63, 64, 67, 66, 72, 74, 73, 73, 70, 71, 66, 64, 65, 65, 65, 64,
    69, 73, 75, 77, 75, 76, 71, 71, 64, 64, 63, 64, 65, 67, 70, 75, 78,
    76, 74, 70, 71, 66, 67, 65, 69, 65, 65, 68, 67, 66, 64, 68, 68, 67,
    68 ]
