%YAML:1.0
---
videoName: "headLookDown5.mp4"
gestureLabel: 206
fps: 29
pixelSizeInCmTemp: 3.4710144927536229e-01
faceCenterPointX: 272
faceCenterPointY: 102
headPositionsX: [ 272, 270, 269, 272, 272, 272, 273, 271, 270, 273, 273,
    270, 274, 271, 271, 273, 272, 270, 269, 269, 273, 273, 270, 273, 274,
    271, 272, 273, 273, 274, 272, 273, 271, 274, 273, 273, 272, 274, 274,
    272, 272, 274, 272, 271, 270, 269, 271, 271, 274, 270, 274, 273, 271,
    275, 274, 274, 271, 272, 275, 274, 271, 272, 271, 269, 272, 273, 270,
    271, 273, 274, 270, 270, 274, 271, 274, 273, 270, 268, 274, 273, 273,
    270, 269, 274, 274, 271, 270, 272, 272, 270, 274, 274, 273, 273, 273,
    273, 275, 271, 272, 274 ]
headPositionsY: [ 103, 83, 81, 85, 85, 83, 86, 85, 84, 85, 83, 82, 84,
    83, 82, 85, 85, 85, 84, 83, 86, 83, 85, 85, 85, 84, 84, 85, 84, 86,
    84, 84, 85, 84, 81, 82, 86, 82, 86, 82, 84, 82, 85, 84, 85, 83, 88,
    87, 87, 90, 91, 89, 89, 95, 92, 93, 93, 96, 99, 100, 98, 101, 102,
    98, 100, 102, 101, 103, 102, 103, 104, 104, 103, 105, 100, 102, 103,
    102, 105, 105, 104, 105, 104, 101, 102, 102, 102, 102, 100, 101, 101,
    104, 100, 102, 102, 102, 105, 101, 103, 104 ]
