%YAML:1.0
---
videoName: "headShake2.mp4"
gestureLabel: 201
fps: 29
pixelSizeInCmTemp: 3.4214285714285714e-01
faceCenterPointX: 276
faceCenterPointY: 98
headPositionsX: [ 275, 276, 278, 275, 276, 277, 279, 279, 275, 277, 276,
    278, 278, 278, 279, 277, 276, 279, 278, 276, 278, 275, 279, 279, 276,
    279, 279, 275, 277, 280, 275, 276, 275, 275, 278, 275, 277, 275, 279,
    276, 279, 280, 282, 282, 285, 288, 291, 294, 294, 293, 290, 286, 284,
    280, 275, 268, 266, 265, 263, 266, 272, 276, 284, 287, 291, 292, 291,
    285, 282, 281, 277, 269, 266, 268, 270, 269, 274, 280, 281, 285, 288,
    285, 285, 283, 282, 279, 278, 279, 275, 277, 277, 273, 277, 274, 272,
    273, 273, 273, 277, 275 ]
headPositionsY: [ 99, 96, 96, 100, 100, 99, 99, 97, 98, 100, 97, 96, 98,
    97, 98, 100, 96, 97, 97, 100, 101, 100, 101, 98, 97, 98, 98, 96, 102,
    99, 98, 97, 100, 99, 101, 99, 97, 99, 98, 97, 98, 96, 99, 98, 97, 96,
    96, 96, 97, 98, 96, 95, 96, 99, 100, 97, 100, 100, 98, 99, 98, 97,
    99, 99, 98, 97, 95, 95, 96, 97, 97, 100, 96, 96, 100, 99, 98, 99, 97,
    100, 97, 99, 96, 98, 99, 101, 98, 97, 99, 98, 99, 98, 99, 100, 100,
    97, 100, 98, 99, 100 ]
