%YAML:1.0
---
videoName: "headLookLeft7.mp4"
gestureLabel: 203
fps: 29
pixelSizeInCmTemp: 3.4214285714285714e-01
faceCenterPointX: 268
faceCenterPointY: 68
headPositionsX: [ 268, 245, 247, 246, 248, 244, 246, 247, 244, 245, 244,
    244, 243, 247, 244, 244, 246, 247, 247, 245, 246, 246, 246, 246, 244,
    245, 248, 246, 248, 250, 249, 249, 252, 255, 256, 257, 263, 263, 262,
    266, 268, 266, 269, 263, 265, 270, 268, 266, 265, 268, 268, 266, 268,
    266, 266, 269, 266, 268, 265, 269, 268, 270, 268, 266, 267, 266, 265,
    269, 266, 268, 268, 268, 267, 267, 269, 268, 269, 270, 265, 267, 267,
    267, 272, 267, 269, 267, 268, 271, 265, 270, 272, 269, 268, 270, 268,
    271, 267, 271, 268, 270 ]
headPositionsY: [ 68, 69, 69, 70, 68, 68, 71, 71, 70, 70, 70, 68, 72, 72,
    73, 69, 72, 70, 72, 71, 71, 68, 69, 72, 68, 72, 72, 71, 72, 70, 70,
    69, 67, 67, 67, 69, 68, 68, 66, 69, 68, 66, 68, 68, 66, 67, 68, 70,
    68, 67, 69, 69, 70, 71, 69, 68, 68, 68, 67, 69, 67, 67, 67, 72, 67,
    70, 68, 71, 69, 68, 67, 67, 69, 71, 70, 68, 70, 67, 66, 71, 65, 67,
    69, 69, 68, 70, 70, 66, 67, 71, 67, 67, 68, 67, 71, 69, 67, 70, 68,
    71 ]
