%YAML:1.0
---
videoName: "headLookUp8.mp4"
gestureLabel: 205
fps: 29
pixelSizeInCmTemp: 3.4214285714285714e-01
faceCenterPointX: 253
faceCenterPointY: 59
headPositionsX: [ 254, 251, 255, 251, 251, 252, 253, 255, 251, 251, 252,
    255, 252, 255, 254, 250, 254, 250, 252, 253, 249, 253, 253, 251, 251,
    254, 250, 250, 250, 254, 251, 250, 250, 250, 250, 254, 252, 253, 251,
    252, 253, 253, 251, 250, 252, 252, 253, 253, 251, 250, 254, 251, 254,
    250, 254, 251, 251, 251, 250, 251, 251, 253, 255, 250, 253, 255, 251,
    253, 252, 251, 252, 252, 252, 252, 253, 252, 251, 252, 252, 252, 251,
    254, 255, 251, 253, 253, 252, 252, 254, 254, 255, 253, 253, 251, 252,
    253, 255, 252, 255, 255 ]
headPositionsY: [ 61, 78, 74, 77, 78, 75, 75, 75, 77, 75, 74, 73, 73, 75,
    74, 71, 70, 68, 72, 69, 69, 67, 68, 66, 65, 66, 68, 67, 63, 62, 62,
    62, 60, 64, 60, 61, 63, 61, 59, 61, 60, 57, 58, 59, 57, 56, 59, 60,
    59, 57, 61, 59, 60, 56, 57, 60, 60, 59, 57, 57, 60, 59, 60, 61, 58,
    59, 56, 60, 61, 59, 58, 61, 59, 57, 61, 57, 57, 58, 61, 58, 57, 58,
    59, 56, 59, 59, 58, 57, 60, 57, 58, 61, 59, 57, 57, 57, 57, 61, 62,
    60 ]
