%YAML:1.0
---
videoName: "headShake38.mp4"
gestureLabel: 201
fps: 29
pixelSizeInCmTemp: 3.2808219178082193e-01
faceCenterPointX: 259
faceCenterPointY: 84
headPositionsX: [ 261, 263, 264, 263, 263, 265, 262, 262, 262, 262, 266,
    265, 266, 265, 263, 261, 261, 266, 262, 261, 264, 264, 265, 260, 262,
    263, 261, 263, 261, 264, 262, 264, 265, 263, 264, 263, 262, 265, 263,
    263, 264, 259, 257, 258, 252, 251, 249, 248, 247, 252, 259, 266, 275,
    278, 279, 272, 269, 261, 254, 251, 246, 249, 256, 258, 267, 273, 272,
    267, 267, 259, 251, 250, 248, 247, 252, 252, 261, 265, 266, 268, 268,
    268, 266, 266, 263, 265, 261, 259, 262, 259, 262, 259, 262, 262, 262,
    258, 258, 261, 262, 260 ]
headPositionsY: [ 84, 81, 83, 81, 82, 84, 85, 84, 86, 81, 83, 84, 85, 83,
    85, 84, 84, 86, 83, 82, 84, 82, 82, 84, 82, 84, 81, 82, 83, 82, 86,
    84, 85, 83, 84, 83, 83, 82, 83, 83, 81, 82, 85, 83, 85, 81, 83, 83,
    83, 85, 86, 85, 83, 82, 84, 80, 83, 82, 82, 84, 84, 80, 85, 85, 85,
    81, 85, 85, 83, 82, 85, 83, 83, 83, 81, 85, 83, 83, 83, 85, 86, 87,
    84, 84, 86, 84, 85, 86, 82, 85, 83, 85, 85, 82, 83, 84, 84, 85, 86,
    85 ]
