%YAML:1.0
---
videoName: "headShake34.mp4"
gestureLabel: 201
fps: 29
pixelSizeInCmTemp: 3.2364864864864862e-01
faceCenterPointX: 263
faceCenterPointY: 83
headPositionsX: [ 261, 265, 263, 264, 263, 266, 263, 263, 265, 262, 266,
    265, 264, 263, 265, 262, 264, 263, 263, 266, 266, 264, 265, 265, 263,
    265, 264, 264, 262, 265, 261, 264, 266, 263, 265, 263, 263, 267, 269,
    268, 269, 272, 272, 276, 277, 280, 280, 278, 279, 277, 272, 271, 263,
    258, 254, 253, 251, 252, 254, 254, 257, 258, 267, 269, 269, 272, 272,
    269, 267, 263, 256, 255, 255, 253, 255, 257, 256, 260, 263, 263, 262,
    267, 266, 263, 267, 267, 267, 265, 266, 264, 266, 263, 263, 264, 264,
    261, 261, 264, 262, 261 ]
headPositionsY: [ 84, 84, 85, 85, 82, 83, 81, 85, 80, 82, 83, 81, 83, 81,
    82, 80, 84, 84, 85, 82, 83, 83, 83, 84, 83, 81, 81, 82, 84, 82, 82,
    85, 85, 85, 85, 83, 83, 85, 81, 83, 81, 83, 84, 79, 82, 82, 81, 80,
    83, 82, 84, 83, 85, 81, 80, 80, 83, 84, 84, 84, 86, 82, 82, 80, 83,
    81, 85, 83, 86, 82, 85, 84, 83, 83, 82, 82, 85, 82, 85, 85, 82, 84,
    81, 84, 85, 85, 81, 82, 81, 83, 82, 85, 86, 82, 85, 84, 82, 84, 86,
    85 ]
