%YAML:1.0
---
videoName: "headLookLeft8.mp4"
gestureLabel: 203
fps: 29
pixelSizeInCmTemp: 3.6287878787878786e-01
faceCenterPointX: 273
faceCenterPointY: 69
headPositionsX: [ 275, 240, 240, 243, 240, 241, 240, 240, 243, 240, 242,
    240, 241, 244, 241, 243, 245, 244, 246, 247, 249, 248, 248, 246, 246,
    246, 248, 246, 246, 249, 247, 246, 247, 249, 246, 244, 243, 248, 245,
    247, 246, 243, 244, 245, 247, 245, 248, 245, 244, 246, 244, 245, 248,
    248, 249, 252, 255, 256, 260, 262, 264, 269, 268, 272, 268, 275, 277,
    281, 284, 274, 276, 277, 279, 278, 279, 279, 274, 274, 278, 280, 280,
    280, 278, 273, 270, 273, 278, 279, 274, 274, 275, 276, 276, 275, 278,
    272, 274, 273, 274, 272 ]
headPositionsY: [ 71, 69, 66, 67, 65, 70, 65, 69, 69, 66, 68, 69, 66, 70,
    66, 68, 70, 70, 67, 70, 70, 67, 69, 70, 70, 71, 72, 72, 71, 70, 72,
    69, 70, 73, 70, 70, 72, 73, 72, 74, 71, 70, 71, 70, 73, 72, 73, 70,
    72, 73, 74, 75, 72, 72, 70, 70, 70, 71, 69, 71, 71, 72, 68, 70, 70,
    69, 70, 71, 69, 69, 71, 67, 69, 70, 71, 67, 70, 68, 67, 69, 70, 71,
    68, 67, 67, 67, 72, 70, 68, 70, 67, 69, 69, 69, 71, 69, 70, 71, 67,
    68 ]
