%YAML:1.0
---
videoName: "headNod41.mp4"
gestureLabel: 202
fps: 29
pixelSizeInCmTemp: 2.9937500000000000e-01
faceCenterPointX: 267
faceCenterPointY: 76
headPositionsX: [ 268, 271, 269, 272, 269, 270, 272, 269, 268, 272, 271,
    269, 270, 269, 271, 272, 269, 270, 273, 271, 270, 272, 270, 269, 268,
    268, 267, 268, 267, 269, 272, 269, 269, 269, 269, 271, 271, 269, 271,
    270, 269, 270, 267, 267, 270, 267, 270, 267, 268, 266, 266, 271, 267,
    271, 271, 267, 270, 271, 271, 269, 271, 268, 269, 268, 270, 268, 267,
    268, 269, 266, 270, 267, 268, 266, 269, 267, 267, 266, 265, 267, 266,
    265, 266, 269, 265, 266, 269, 269, 269, 268, 268, 265, 268, 267, 266,
    265, 270, 268, 268, 270 ]
headPositionsY: [ 76, 69, 75, 74, 73, 74, 75, 71, 71, 71, 72, 73, 74, 76,
    73, 73, 72, 74, 76, 74, 74, 74, 76, 72, 76, 74, 73, 73, 72, 74, 74,
    75, 73, 71, 73, 73, 75, 73, 78, 77, 79, 85, 85, 86, 91, 90, 92, 88,
    86, 79, 78, 69, 72, 68, 63, 64, 67, 71, 71, 75, 82, 85, 90, 95, 90,
    88, 84, 82, 79, 75, 73, 69, 72, 69, 69, 75, 80, 84, 81, 83, 83, 77,
    75, 76, 76, 74, 73, 75, 73, 72, 78, 82, 79, 81, 78, 80, 78, 78, 77,
    78 ]
