%YAML:1.0
---
videoName: "headShake11.mp4"
gestureLabel: 201
fps: 29
pixelSizeInCmTemp: 3.2364864864864862e-01
faceCenterPointX: 244
faceCenterPointY: 76
headPositionsX: [ 243, 241, 239, 243, 244, 243, 244, 242, 240, 241, 243,
    244, 240, 243, 239, 241, 242, 243, 243, 241, 241, 243, 240, 244, 241,
    241, 244, 245, 246, 251, 252, 255, 257, 259, 262, 264, 260, 257, 255,
    247, 245, 237, 232, 228, 228, 227, 228, 230, 233, 239, 244, 248, 254,
    257, 261, 259, 255, 255, 249, 246, 238, 233, 230, 231, 230, 232, 234,
    237, 242, 247, 252, 253, 258, 259, 256, 256, 251, 248, 244, 241, 237,
    236, 237, 235, 235, 237, 238, 240, 244, 245, 247, 247, 246, 246, 249,
    245, 244, 248, 243, 246 ]
headPositionsY: [ 74, 72, 71, 71, 71, 70, 71, 70, 74, 71, 73, 72, 75, 71,
    74, 75, 71, 74, 74, 74, 74, 75, 72, 71, 72, 72, 74, 72, 73, 75, 73,
    70, 71, 73, 71, 71, 71, 72, 72, 75, 74, 75, 76, 76, 76, 74, 75, 76,
    73, 76, 76, 72, 73, 73, 76, 72, 73, 74, 75, 76, 74, 76, 77, 76, 75,
    76, 76, 73, 76, 74, 72, 71, 75, 73, 76, 72, 73, 76, 75, 74, 77, 73,
    76, 72, 75, 72, 73, 74, 74, 76, 75, 73, 76, 75, 74, 74, 76, 77, 77,
    77 ]
