%YAML:1.0
---
videoName: "headShake41.mp4"
gestureLabel: 201
fps: 29
pixelSizeInCmTemp: 3.2364864864864862e-01
faceCenterPointX: 264
faceCenterPointY: 85
headPositionsX: [ 265, 259, 260, 262, 261, 262, 260, 263, 264, 263, 260,
    261, 262, 263, 262, 261, 260, 261, 263, 261, 264, 261, 264, 266, 264,
    267, 273, 274, 276, 278, 280, 277, 282, 282, 280, 283, 280, 281, 280,
    275, 276, 269, 267, 264, 257, 255, 252, 251, 248, 246, 242, 244, 244,
    244, 246, 248, 249, 254, 255, 260, 266, 265, 270, 274, 276, 277, 279,
    277, 276, 275, 279, 274, 273, 273, 272, 266, 266, 268, 265, 266, 265,
    264, 265, 264, 261, 264, 264, 262, 260, 261, 261, 263, 262, 262, 264,
    261, 261, 262, 262, 266 ]
headPositionsY: [ 85, 81, 84, 83, 84, 85, 83, 81, 86, 84, 82, 82, 83, 83,
    83, 86, 83, 86, 83, 84, 83, 83, 82, 84, 83, 85, 80, 81, 82, 80, 82,
    83, 81, 80, 79, 80, 82, 82, 82, 80, 82, 82, 83, 87, 81, 84, 85, 85,
    83, 84, 81, 82, 84, 84, 86, 87, 81, 84, 87, 86, 85, 86, 83, 85, 84,
    85, 86, 82, 86, 85, 84, 84, 85, 83, 83, 83, 86, 85, 83, 85, 85, 84,
    83, 82, 85, 82, 83, 85, 86, 86, 84, 86, 86, 86, 85, 84, 86, 82, 82,
    84 ]
