%YAML:1.0
---
videoName: "headNod5.mp4"
gestureLabel: 202
fps: 29
pixelSizeInCmTemp: 3.1513157894736843e-01
faceCenterPointX: 263
faceCenterPointY: 75
headPositionsX: [ 264, 263, 261, 261, 263, 261, 262, 263, 264, 264, 263,
    260, 264, 261, 263, 261, 262, 265, 263, 266, 267, 267, 265, 263, 263,
    267, 263, 267, 266, 264, 264, 266, 264, 267, 264, 266, 264, 265, 268,
    264, 268, 267, 266, 266, 266, 265, 265, 267, 263, 266, 264, 264, 267,
    263, 261, 263, 264, 266, 264, 263, 263, 265, 266, 265, 263, 266, 262,
    266, 267, 265, 264, 264, 265, 266, 264, 266, 263, 263, 262, 266, 266,
    266, 263, 264, 263, 262, 263, 264, 263, 262, 263, 264, 262, 259, 265,
    260, 262, 263, 262, 262 ]
headPositionsY: [ 77, 75, 75, 74, 75, 75, 74, 75, 76, 73, 75, 75, 75, 73,
    75, 74, 76, 76, 74, 77, 73, 76, 74, 77, 76, 73, 76, 74, 77, 77, 76,
    79, 78, 74, 80, 77, 78, 75, 80, 74, 77, 78, 79, 76, 78, 76, 79, 76,
    80, 76, 81, 81, 82, 82, 86, 81, 78, 76, 77, 72, 77, 80, 81, 87, 89,
    86, 83, 83, 79, 74, 74, 74, 76, 82, 81, 84, 85, 86, 80, 77, 75, 75,
    75, 75, 76, 76, 77, 81, 83, 79, 81, 77, 75, 75, 76, 76, 75, 76, 75,
    73 ]
