%YAML:1.0
---
videoName: "headLookUp8.mp4"
gestureLabel: 205
fps: 29
pixelSizeInCmTemp: 3.4214285714285714e-01
faceCenterPointX: 253
faceCenterPointY: 59
headPositionsX: [ 253, 253, 254, 252, 250, 252, 254, 252, 252, 254, 254,
    253, 250, 251, 250, 252, 253, 252, 250, 252, 253, 251, 252, 249, 254,
    254, 253, 253, 251, 251, 251, 254, 253, 252, 254, 254, 253, 253, 254,
    251, 252, 250, 253, 254, 252, 253, 250, 251, 251, 252, 252, 254, 250,
    252, 252, 252, 252, 254, 254, 251, 254, 252, 254, 250, 252, 252, 252,
    255, 252, 253, 252, 250, 254, 252, 253, 254, 252, 254, 255, 255, 254,
    252, 254, 251, 251, 253, 254, 255, 251, 255, 252, 252, 254, 251, 251,
    251, 254, 255, 251, 252 ]
headPositionsY: [ 58, 79, 74, 75, 77, 78, 75, 76, 77, 78, 77, 73, 75, 73,
    72, 70, 72, 68, 71, 69, 67, 68, 67, 67, 68, 65, 64, 66, 65, 63, 63,
    60, 62, 62, 60, 61, 61, 59, 62, 58, 61, 61, 60, 59, 57, 59, 56, 59,
    57, 59, 57, 59, 57, 57, 57, 57, 59, 57, 58, 58, 59, 58, 56, 59, 59,
    60, 56, 58, 57, 61, 61, 60, 60, 59, 58, 57, 58, 60, 59, 57, 58, 59,
    61, 60, 59, 59, 60, 57, 59, 60, 59, 60, 61, 59, 60, 58, 57, 58, 62,
    61 ]
