%YAML:1.0
---
videoName: "headShake8.mp4"
gestureLabel: 201
fps: 29
pixelSizeInCmTemp: 3.2364864864864862e-01
faceCenterPointX: 243
faceCenterPointY: 72
headPositionsX: [ 244, 245, 243, 242, 243, 243, 243, 245, 242, 245, 245,
    244, 242, 246, 242, 243, 243, 241, 241, 242, 243, 244, 242, 242, 244,
    244, 244, 245, 242, 244, 242, 246, 241, 246, 244, 251, 250, 257, 260,
    266, 267, 264, 265, 263, 256, 249, 244, 242, 236, 232, 229, 233, 234,
    236, 244, 247, 254, 259, 258, 260, 256, 256, 251, 246, 244, 236, 235,
    232, 236, 233, 235, 237, 241, 238, 244, 246, 245, 247, 251, 251, 249,
    252, 249, 249, 250, 251, 247, 248, 248, 246, 247, 245, 246, 243, 241,
    245, 241, 243, 241, 245 ]
headPositionsY: [ 73, 70, 71, 71, 70, 74, 70, 72, 70, 71, 73, 74, 71, 73,
    70, 70, 72, 71, 70, 70, 73, 71, 71, 74, 70, 72, 73, 72, 74, 73, 69,
    71, 69, 74, 72, 69, 70, 70, 69, 71, 67, 71, 72, 73, 72, 70, 70, 71,
    71, 73, 73, 72, 69, 71, 70, 69, 71, 68, 67, 68, 72, 72, 73, 69, 71,
    73, 70, 69, 71, 74, 70, 73, 71, 73, 74, 74, 71, 71, 72, 73, 73, 70,
    70, 70, 69, 74, 71, 74, 73, 70, 72, 72, 73, 71, 73, 70, 70, 74, 73,
    72 ]
