%YAML:1.0
---
videoName: "headLookDown5.mp4"
gestureLabel: 206
fps: 29
pixelSizeInCmTemp: 3.4710144927536229e-01
faceCenterPointX: 272
faceCenterPointY: 102
headPositionsX: [ 270, 274, 272, 274, 272, 269, 271, 271, 273, 274, 271,
    274, 270, 272, 269, 271, 271, 270, 273, 269, 272, 273, 270, 272, 270,
    270, 271, 273, 271, 270, 272, 272, 272, 270, 271, 270, 271, 270, 271,
    271, 273, 272, 272, 272, 270, 269, 274, 269, 270, 269, 270, 270, 270,
    271, 271, 273, 273, 271, 273, 272, 271, 272, 272, 273, 270, 273, 271,
    272, 272, 273, 271, 271, 274, 272, 273, 269, 269, 270, 273, 275, 273,
    274, 270, 273, 272, 275, 274, 271, 274, 273, 274, 271, 271, 274, 270,
    275, 275, 273, 276, 270 ]
headPositionsY: [ 100, 83, 85, 85, 83, 84, 82, 82, 83, 86, 82, 84, 84,
    82, 83, 82, 82, 81, 83, 84, 86, 83, 81, 84, 82, 85, 85, 86, 83, 85,
    84, 83, 83, 81, 81, 84, 83, 84, 86, 83, 82, 85, 81, 85, 84, 85, 86,
    84, 85, 87, 90, 90, 93, 92, 94, 95, 95, 97, 96, 97, 100, 100, 102,
    102, 99, 99, 101, 100, 99, 99, 101, 104, 102, 103, 103, 102, 104,
    102, 102, 106, 104, 103, 104, 100, 103, 103, 101, 100, 102, 104, 105,
    100, 100, 101, 101, 100, 101, 100, 103, 103 ]
