%YAML:1.0
---
videoName: "headLookDown0.mp4"
gestureLabel: 206
fps: 29
pixelSizeInCmTemp: 3.3263888888888887e-01
faceCenterPointX: 273
faceCenterPointY: 93
headPositionsX: [ 272, 274, 272, 271, 273, 271, 272, 272, 271, 273, 274,
    270, 271, 270, 273, 274, 270, 274, 274, 272, 273, 272, 274, 271, 272,
    274, 271, 273, 270, 270, 271, 273, 273, 273, 270, 273, 273, 270, 269,
    271, 274, 274, 270, 273, 274, 273, 270, 271, 272, 273, 270, 270, 269,
    270, 271, 274, 274, 272, 269, 270, 270, 272, 273, 273, 269, 272, 271,
    271, 271, 274, 272, 269, 272, 272, 275, 271, 271, 271, 272, 275, 274,
    275, 275, 273, 272, 272, 275, 273, 273, 270, 274, 272, 271, 270, 271,
    271, 272, 271, 275, 273 ]
headPositionsY: [ 92, 79, 82, 79, 79, 80, 79, 78, 81, 77, 81, 79, 81, 78,
    78, 78, 79, 81, 80, 78, 81, 81, 78, 78, 78, 79, 79, 79, 82, 78, 79,
    79, 81, 80, 81, 81, 82, 80, 85, 84, 86, 86, 87, 89, 93, 93, 94, 94,
    99, 96, 97, 95, 99, 95, 99, 95, 94, 99, 97, 94, 99, 96, 98, 97, 95,
    94, 94, 95, 96, 98, 95, 96, 94, 96, 94, 97, 94, 95, 94, 94, 96, 94,
    93, 95, 93, 97, 95, 93, 96, 95, 96, 94, 94, 91, 95, 96, 92, 92, 91,
    94 ]
