%YAML:1.0
---
videoName: "headLookLeft6.mp4"
gestureLabel: 203
fps: 29
pixelSizeInCmTemp: 3.2808219178082193e-01
faceCenterPointX: 267
faceCenterPointY: 69
headPositionsX: [ 269, 243, 244, 244, 242, 244, 247, 246, 244, 246, 244,
    244, 246, 246, 245, 245, 245, 245, 247, 245, 243, 243, 246, 245, 246,
    245, 248, 250, 249, 251, 254, 257, 259, 262, 262, 265, 266, 269, 268,
    268, 269, 271, 269, 266, 268, 268, 270, 271, 268, 269, 270, 265, 270,
    266, 265, 270, 267, 269, 266, 268, 266, 268, 270, 268, 270, 268, 268,
    267, 268, 268, 267, 266, 267, 268, 265, 269, 264, 266, 271, 271, 268,
    266, 267, 268, 268, 266, 268, 266, 265, 271, 266, 267, 269, 268, 266,
    265, 266, 264, 267, 265 ]
headPositionsY: [ 71, 70, 73, 70, 74, 72, 74, 73, 69, 71, 71, 74, 71, 70,
    70, 71, 71, 71, 72, 72, 74, 73, 74, 74, 73, 72, 72, 73, 71, 71, 72,
    70, 68, 70, 71, 70, 69, 70, 70, 71, 70, 69, 68, 71, 71, 70, 67, 68,
    70, 70, 67, 67, 68, 67, 70, 71, 69, 69, 68, 71, 71, 68, 68, 67, 69,
    71, 70, 70, 68, 69, 71, 69, 68, 70, 67, 69, 71, 69, 72, 72, 70, 68,
    69, 69, 68, 71, 72, 68, 70, 71, 69, 70, 71, 70, 69, 70, 71, 68, 68,
    70 ]
