%YAML:1.0
---
videoName: "headShake14.mp4"
gestureLabel: 201
fps: 29
pixelSizeInCmTemp: 3.2364864864864862e-01
faceCenterPointX: 244
faceCenterPointY: 76
headPositionsX: [ 244, 245, 246, 245, 245, 247, 248, 246, 244, 243, 244,
    246, 243, 243, 246, 243, 245, 246, 243, 246, 245, 244, 242, 246, 247,
    247, 252, 252, 256, 261, 261, 259, 262, 258, 254, 252, 249, 239, 234,
    228, 227, 223, 229, 228, 233, 237, 242, 246, 250, 256, 255, 259, 253,
    248, 249, 242, 236, 235, 234, 233, 234, 233, 237, 240, 242, 242, 242,
    249, 250, 249, 248, 251, 250, 247, 246, 242, 244, 243, 242, 241, 238,
    239, 239, 242, 241, 243, 244, 242, 246, 245, 243, 246, 246, 247, 244,
    247, 243, 245, 242, 241 ]
headPositionsY: [ 74, 74, 75, 74, 74, 78, 76, 74, 73, 77, 75, 75, 76, 73,
    77, 77, 73, 76, 75, 76, 75, 78, 77, 75, 74, 75, 76, 74, 71, 73, 73,
    74, 70, 76, 76, 76, 77, 74, 76, 76, 74, 72, 74, 74, 73, 74, 74, 76,
    71, 72, 71, 75, 74, 76, 73, 76, 74, 74, 76, 74, 76, 77, 77, 76, 78,
    74, 77, 77, 76, 76, 75, 78, 76, 78, 74, 78, 77, 74, 74, 74, 77, 76,
    75, 77, 74, 78, 76, 75, 78, 76, 74, 74, 76, 75, 76, 74, 77, 76, 75,
    77 ]
