%YAML:1.0
---
videoName: "headNod23.mp4"
gestureLabel: 202
fps: 29
pixelSizeInCmTemp: 3.1933333333333330e-01
faceCenterPointX: 273
faceCenterPointY: 75
headPositionsX: [ 274, 271, 277, 276, 274, 275, 272, 274, 273, 276, 274,
    275, 273, 276, 274, 273, 274, 274, 273, 275, 273, 274, 274, 274, 273,
    274, 272, 277, 274, 275, 274, 276, 276, 274, 275, 274, 273, 276, 273,
    272, 271, 270, 274, 271, 273, 275, 273, 272, 274, 276, 272, 274, 276,
    276, 275, 275, 271, 274, 275, 275, 272, 276, 274, 274, 274, 275, 272,
    274, 275, 272, 272, 275, 272, 275, 275, 271, 273, 274, 273, 276, 275,
    275, 272, 272, 274, 276, 274, 276, 275, 275, 272, 274, 272, 275, 273,
    276, 275, 273, 275, 275 ]
headPositionsY: [ 75, 77, 75, 76, 75, 74, 76, 75, 79, 76, 77, 75, 75, 76,
    77, 77, 78, 76, 74, 79, 77, 77, 75, 77, 73, 71, 68, 69, 65, 67, 62,
    65, 64, 65, 70, 69, 71, 78, 78, 80, 82, 82, 82, 77, 77, 73, 73, 68,
    70, 70, 65, 67, 68, 69, 73, 74, 76, 77, 76, 77, 76, 74, 72, 74, 68,
    71, 67, 70, 67, 71, 70, 74, 74, 78, 79, 81, 79, 79, 79, 77, 74, 75,
    74, 71, 74, 70, 71, 72, 71, 73, 76, 74, 75, 74, 74, 76, 76, 77, 74,
    74 ]
