%YAML:1.0
---
videoName: "headLookLeft1.mp4"
gestureLabel: 203
fps: 30
pixelSizeInCmTemp: 3.6287878787878786e-01
faceCenterPointX: 276
faceCenterPointY: 73
headPositionsX: [ 277, 255, 255, 257, 255, 256, 256, 258, 255, 257, 255,
    258, 254, 256, 258, 256, 256, 258, 257, 256, 257, 256, 255, 258, 258,
    258, 256, 258, 259, 258, 257, 256, 255, 257, 258, 257, 256, 254, 257,
    256, 257, 259, 255, 256, 258, 257, 258, 258, 254, 257, 255, 257, 253,
    256, 254, 254, 256, 255, 258, 259, 262, 260, 262, 267, 268, 269, 270,
    273, 275, 275, 279, 278, 275, 271, 272, 280, 277, 277, 277, 277, 279,
    280, 279, 278, 280, 278, 278, 281, 279, 278, 277, 277, 279, 276, 275,
    278, 278, 275, 279, 276 ]
headPositionsY: [ 73, 75, 77, 77, 75, 75, 75, 78, 78, 76, 77, 75, 75, 74,
    77, 78, 77, 77, 77, 75, 76, 79, 75, 79, 79, 79, 77, 77, 79, 80, 80,
    80, 80, 79, 80, 75, 80, 78, 79, 76, 78, 79, 79, 76, 80, 81, 78, 81,
    76, 78, 79, 79, 76, 78, 79, 76, 78, 76, 80, 79, 79, 77, 75, 77, 75,
    77, 77, 79, 75, 77, 75, 73, 77, 75, 72, 73, 77, 75, 78, 75, 78, 74,
    74, 74, 78, 78, 76, 75, 73, 74, 77, 75, 76, 73, 74, 73, 75, 78, 73,
    73 ]
