%YAML:1.0
---
videoName: "headShake28.mp4"
gestureLabel: 201
fps: 29
pixelSizeInCmTemp: 3.2808219178082193e-01
faceCenterPointX: 242
faceCenterPointY: 80
headPositionsX: [ 242, 243, 241, 243, 241, 239, 239, 241, 242, 243, 240,
    240, 241, 241, 240, 242, 244, 240, 243, 243, 243, 240, 241, 241, 243,
    242, 242, 244, 242, 242, 243, 241, 240, 242, 241, 243, 242, 242, 241,
    245, 242, 246, 243, 242, 243, 243, 243, 245, 242, 244, 240, 235, 233,
    231, 230, 235, 239, 242, 247, 251, 253, 254, 252, 251, 246, 241, 236,
    232, 230, 237, 239, 243, 247, 252, 252, 254, 254, 253, 248, 245, 244,
    240, 238, 236, 236, 235, 240, 240, 238, 239, 245, 244, 242, 244, 240,
    244, 242, 243, 244, 244 ]
headPositionsY: [ 79, 75, 75, 77, 77, 77, 77, 78, 77, 78, 81, 77, 80, 80,
    79, 77, 78, 79, 80, 79, 78, 76, 79, 79, 78, 81, 80, 81, 81, 78, 78,
    76, 80, 76, 77, 79, 78, 77, 75, 77, 77, 78, 77, 77, 78, 78, 76, 79,
    76, 75, 79, 78, 75, 78, 78, 78, 79, 78, 79, 75, 76, 74, 79, 79, 80,
    80, 78, 80, 78, 79, 79, 77, 78, 77, 78, 75, 78, 78, 78, 78, 78, 78,
    81, 78, 77, 78, 80, 78, 79, 79, 78, 82, 79, 82, 79, 78, 81, 82, 80,
    82 ]
