%YAML:1.0
---
videoName: "headNod20.mp4"
gestureLabel: 202
fps: 30
pixelSizeInCmTemp: 3.2808219178082193e-01
faceCenterPointX: 253
faceCenterPointY: 80
headPositionsX: [ 251, 258, 255, 255, 255, 255, 253, 258, 254, 255, 257,
    257, 253, 253, 256, 257, 257, 255, 253, 254, 257, 255, 257, 257, 257,
    254, 257, 254, 258, 255, 254, 256, 254, 258, 256, 252, 255, 254, 256,
    255, 253, 253, 253, 255, 256, 255, 256, 250, 254, 254, 253, 250, 250,
    252, 251, 250, 250, 253, 249, 251, 250, 254, 254, 253, 250, 253, 251,
    253, 253, 251, 255, 251, 251, 254, 254, 254, 251, 252, 253, 252, 252,
    254, 255, 251, 254, 253, 252, 253, 251, 252, 253, 253, 251, 251, 254,
    255, 253, 253, 251, 255 ]
headPositionsY: [ 79, 77, 76, 77, 76, 77, 79, 78, 78, 76, 80, 76, 80, 77,
    79, 76, 80, 79, 78, 79, 79, 76, 80, 76, 77, 76, 79, 80, 81, 83, 85,
    86, 86, 89, 87, 83, 81, 76, 76, 71, 73, 73, 71, 73, 78, 81, 84, 89,
    90, 87, 85, 85, 79, 80, 78, 77, 78, 79, 82, 83, 85, 82, 79, 79, 79,
    77, 82, 78, 81, 84, 81, 81, 77, 80, 76, 81, 83, 81, 84, 82, 79, 82,
    79, 81, 79, 78, 81, 80, 83, 83, 82, 80, 78, 79, 80, 81, 78, 82, 80,
    82 ]
