%YAML:1.0
---
videoName: "headNod26.mp4"
gestureLabel: 202
fps: 29
pixelSizeInCmTemp: 3.1513157894736843e-01
faceCenterPointX: 271
faceCenterPointY: 78
headPositionsX: [ 270, 274, 270, 273, 274, 273, 271, 273, 272, 272, 271,
    274, 275, 271, 272, 272, 274, 273, 274, 272, 271, 272, 271, 274, 273,
    271, 273, 271, 270, 273, 274, 270, 271, 273, 270, 274, 273, 270, 271,
    269, 271, 270, 273, 270, 270, 270, 272, 271, 271, 270, 269, 274, 270,
    271, 271, 272, 270, 270, 272, 273, 272, 274, 274, 274, 273, 272, 273,
    273, 272, 270, 271, 270, 270, 271, 273, 272, 271, 269, 268, 272, 272,
    272, 271, 269, 269, 271, 268, 272, 272, 272, 272, 270, 269, 270, 269,
    271, 273, 269, 273, 270 ]
headPositionsY: [ 80, 72, 75, 72, 75, 74, 73, 71, 69, 69, 68, 65, 64, 63,
    67, 68, 70, 69, 75, 74, 77, 80, 82, 84, 83, 80, 76, 76, 70, 69, 69,
    67, 69, 68, 69, 71, 71, 74, 76, 78, 78, 77, 77, 74, 73, 72, 69, 71,
    70, 70, 70, 72, 73, 75, 77, 79, 74, 74, 72, 73, 69, 69, 67, 66, 70,
    69, 70, 69, 73, 72, 72, 77, 78, 76, 75, 76, 71, 69, 70, 70, 66, 71,
    72, 68, 73, 74, 74, 76, 77, 78, 79, 81, 76, 80, 75, 78, 78, 77, 76,
    77 ]
