%YAML:1.0
---
videoName: "headShake36.mp4"
gestureLabel: 201
fps: 29
pixelSizeInCmTemp: 3.2364864864864862e-01
faceCenterPointX: 263
faceCenterPointY: 80
headPositionsX: [ 265, 266, 262, 261, 265, 265, 264, 266, 272, 273, 275,
    277, 276, 280, 277, 284, 283, 278, 280, 278, 277, 273, 269, 265, 260,
    257, 255, 251, 250, 248, 248, 245, 245, 247, 245, 246, 245, 246, 249,
    252, 255, 261, 266, 270, 272, 272, 277, 276, 281, 278, 282, 282, 280,
    275, 273, 274, 272, 265, 264, 257, 253, 255, 250, 251, 252, 247, 251,
    251, 252, 252, 256, 256, 261, 260, 265, 266, 264, 266, 267, 266, 267,
    266, 266, 264, 265, 266, 263, 265, 264, 266, 263, 264, 262, 262, 263,
    262, 263, 262, 263, 262 ]
headPositionsY: [ 80, 78, 81, 80, 80, 78, 78, 78, 81, 80, 77, 78, 80, 79,
    75, 78, 77, 76, 78, 79, 80, 81, 79, 82, 83, 82, 83, 80, 82, 79, 82,
    83, 82, 82, 79, 80, 81, 81, 83, 81, 83, 80, 84, 83, 80, 78, 82, 78,
    78, 77, 79, 78, 76, 77, 80, 77, 82, 82, 82, 81, 80, 80, 81, 78, 76,
    82, 79, 79, 81, 81, 79, 78, 79, 83, 82, 81, 83, 78, 78, 79, 82, 79,
    81, 77, 79, 80, 82, 79, 78, 81, 79, 79, 82, 80, 83, 81, 81, 81, 81,
    81 ]
