%YAML:1.0
---
videoName: "headNod18.mp4"
gestureLabel: 202
fps: 29
pixelSizeInCmTemp: 3.3263888888888887e-01
faceCenterPointX: 255
faceCenterPointY: 77
headPositionsX: [ 253, 259, 258, 254, 258, 258, 259, 254, 258, 254, 254,
    258, 254, 254, 257, 257, 257, 253, 257, 254, 254, 255, 252, 257, 253,
    254, 257, 255, 255, 255, 258, 256, 254, 254, 256, 255, 254, 257, 253,
    256, 255, 257, 255, 253, 255, 254, 255, 253, 255, 256, 252, 253, 256,
    255, 256, 253, 255, 256, 253, 253, 254, 254, 254, 253, 253, 256, 252,
    254, 252, 256, 255, 253, 252, 252, 255, 255, 254, 257, 255, 252, 254,
    257, 254, 256, 255, 253, 255, 256, 256, 253, 255, 252, 252, 257, 252,
    254, 257, 254, 254, 257 ]
headPositionsY: [ 79, 77, 79, 77, 80, 76, 79, 75, 76, 76, 75, 76, 75, 77,
    78, 77, 77, 79, 80, 80, 77, 77, 76, 81, 78, 77, 78, 79, 77, 79, 77,
    80, 79, 77, 80, 80, 76, 80, 76, 76, 73, 76, 72, 72, 71, 71, 70, 70,
    76, 73, 76, 80, 77, 84, 81, 78, 77, 75, 73, 74, 73, 72, 77, 78, 82,
    84, 80, 78, 73, 74, 73, 74, 79, 78, 81, 85, 84, 78, 78, 77, 74, 75,
    73, 79, 80, 80, 82, 84, 80, 80, 78, 76, 75, 77, 76, 78, 81, 79, 75,
    76 ]
