%YAML:1.0
---
videoName: "headNod6.mp4"
gestureLabel: 202
fps: 29
pixelSizeInCmTemp: 3.1513157894736843e-01
faceCenterPointX: 262
faceCenterPointY: 73
headPositionsX: [ 262, 262, 263, 262, 262, 263, 261, 262, 264, 263, 261,
    260, 262, 264, 262, 262, 265, 260, 262, 261, 265, 264, 261, 263, 265,
    262, 261, 263, 265, 263, 260, 264, 264, 262, 262, 261, 264, 262, 264,
    261, 262, 264, 259, 261, 264, 260, 258, 262, 258, 259, 262, 261, 262,
    262, 262, 263, 262, 261, 262, 260, 261, 261, 258, 261, 261, 261, 259,
    258, 262, 261, 259, 262, 261, 260, 263, 263, 261, 260, 262, 262, 261,
    264, 259, 263, 260, 261, 259, 263, 261, 262, 263, 259, 261, 264, 259,
    262, 260, 261, 260, 260 ]
headPositionsY: [ 73, 74, 73, 75, 74, 71, 72, 72, 74, 74, 74, 76, 71, 76,
    73, 73, 74, 75, 72, 73, 72, 76, 74, 76, 73, 76, 73, 73, 76, 73, 73,
    74, 69, 69, 68, 65, 64, 64, 68, 70, 74, 79, 79, 83, 86, 83, 79, 72,
    68, 70, 66, 70, 71, 74, 81, 84, 81, 81, 77, 72, 69, 68, 66, 70, 73,
    72, 78, 81, 82, 79, 79, 74, 71, 69, 68, 67, 67, 69, 71, 75, 77, 84,
    84, 83, 81, 81, 73, 73, 69, 71, 69, 70, 68, 70, 74, 74, 71, 73, 71,
    73 ]
