%YAML:1.0
---
videoName: "headLookLeft4.mp4"
gestureLabel: 203
fps: 29
pixelSizeInCmTemp: 3.4710144927536229e-01
faceCenterPointX: 288
faceCenterPointY: 74
headPositionsX: [ 286, 262, 265, 266, 264, 267, 270, 268, 272, 275, 277,
    280, 282, 286, 287, 289, 294, 294, 297, 296, 294, 292, 293, 297, 289,
    297, 293, 295, 299, 294, 295, 295, 295, 291, 292, 292, 294, 292, 293,
    293, 292, 292, 292, 297, 294, 288, 290, 290, 290, 292, 290, 290, 291,
    289, 288, 286, 287, 289, 288, 290, 287, 290, 289, 287, 287, 292, 287,
    290, 289, 288, 287, 293, 288, 290, 289, 290, 294, 287, 291, 292, 289,
    292, 293, 294, 291, 291, 291, 290, 292, 292, 290, 290, 291, 290, 290,
    289, 288, 290, 287, 291 ]
headPositionsY: [ 72, 78, 79, 80, 81, 81, 78, 79, 78, 78, 79, 76, 78, 76,
    78, 79, 77, 78, 78, 80, 73, 75, 73, 76, 76, 77, 75, 77, 76, 79, 75,
    79, 79, 78, 77, 73, 78, 75, 78, 74, 75, 75, 75, 74, 77, 72, 76, 74,
    74, 76, 76, 76, 74, 74, 73, 73, 73, 75, 71, 76, 76, 73, 77, 76, 73,
    74, 75, 73, 75, 75, 75, 72, 76, 78, 75, 74, 76, 74, 76, 76, 75, 74,
    78, 75, 76, 73, 76, 73, 76, 77, 76, 73, 77, 75, 73, 72, 77, 73, 76,
    74 ]
