%YAML:1.0
---
videoName: "headNod37.mp4"
gestureLabel: 202
fps: 29
pixelSizeInCmTemp: 2.9207317073170730e-01
faceCenterPointX: 269
faceCenterPointY: 78
headPositionsX: [ 268, 269, 273, 271, 270, 269, 272, 270, 269, 269, 272,
    268, 272, 270, 272, 270, 267, 269, 268, 268, 268, 270, 269, 268, 269,
    269, 270, 270, 270, 270, 269, 271, 267, 268, 269, 271, 268, 269, 269,
    270, 271, 267, 267, 268, 269, 269, 268, 269, 269, 272, 271, 269, 270,
    271, 270, 272, 270, 270, 269, 270, 269, 267, 268, 267, 268, 267, 266,
    266, 265, 266, 267, 266, 267, 266, 270, 268, 268, 270, 271, 270, 271,
    268, 272, 270, 271, 268, 267, 270, 272, 269, 269, 269, 267, 269, 271,
    267, 267, 270, 268, 271 ]
headPositionsY: [ 77, 77, 73, 74, 73, 75, 77, 74, 75, 73, 72, 78, 74, 77,
    77, 73, 75, 77, 73, 74, 75, 75, 76, 73, 74, 77, 76, 75, 73, 76, 78,
    74, 76, 78, 78, 76, 73, 78, 74, 78, 77, 74, 77, 73, 74, 74, 78, 75,
    77, 78, 77, 74, 74, 71, 66, 66, 66, 64, 69, 69, 72, 70, 78, 83, 87,
    90, 89, 85, 81, 78, 74, 70, 67, 67, 69, 67, 67, 66, 65, 71, 74, 76,
    77, 80, 83, 84, 84, 84, 82, 80, 80, 80, 78, 77, 79, 79, 76, 76, 76,
    76 ]
