%YAML:1.0
---
videoName: "headNod40.mp4"
gestureLabel: 202
fps: 29
pixelSizeInCmTemp: 2.8511904761904761e-01
faceCenterPointX: 267
faceCenterPointY: 78
headPositionsX: [ 267, 267, 268, 267, 268, 268, 266, 267, 266, 266, 270,
    266, 266, 270, 266, 270, 269, 267, 269, 269, 269, 269, 267, 269, 269,
    268, 270, 266, 266, 268, 270, 266, 268, 266, 270, 269, 266, 267, 269,
    269, 268, 269, 266, 266, 265, 263, 266, 265, 268, 267, 265, 266, 268,
    264, 266, 267, 264, 268, 267, 264, 265, 264, 268, 266, 266, 268, 267,
    267, 265, 267, 269, 267, 270, 268, 266, 267, 268, 268, 267, 267, 267,
    266, 268, 269, 266, 265, 268, 265, 268, 265, 265, 267, 266, 266, 266,
    266, 264, 268, 268, 269 ]
headPositionsY: [ 76, 76, 77, 77, 78, 75, 78, 75, 76, 74, 78, 73, 79, 77,
    78, 78, 74, 76, 75, 74, 77, 78, 77, 73, 77, 75, 78, 76, 76, 74, 73,
    76, 77, 75, 76, 76, 77, 73, 76, 73, 80, 86, 91, 93, 94, 95, 94, 90,
    85, 83, 78, 79, 80, 67, 66, 71, 71, 69, 69, 74, 82, 85, 84, 87, 82,
    81, 81, 80, 76, 74, 73, 71, 71, 76, 72, 75, 78, 81, 79, 79, 78, 80,
    78, 81, 77, 80, 77, 77, 77, 77, 78, 76, 78, 75, 79, 76, 77, 79, 78,
    76 ]
