%YAML:1.0
---
videoName: "headShake42.mp4"
gestureLabel: 201
fps: 29
pixelSizeInCmTemp: 3.2808219178082193e-01
faceCenterPointX: 257
faceCenterPointY: 85
headPositionsX: [ 257, 272, 273, 274, 278, 278, 279, 275, 275, 273, 273,
    269, 269, 265, 259, 255, 250, 252, 245, 247, 243, 245, 243, 243, 241,
    246, 249, 252, 253, 260, 261, 269, 269, 275, 279, 281, 279, 279, 277,
    274, 274, 270, 269, 263, 264, 260, 253, 251, 248, 251, 246, 244, 246,
    248, 245, 249, 250, 249, 253, 255, 261, 259, 262, 265, 265, 267, 267,
    271, 270, 267, 267, 266, 266, 265, 264, 265, 260, 260, 258, 260, 259,
    257, 256, 259, 259, 257, 257, 255, 258, 255, 258, 257, 257, 259, 257,
    259, 256, 259, 255, 257 ]
headPositionsY: [ 83, 83, 80, 81, 80, 82, 80, 83, 84, 81, 81, 85, 85, 86,
    84, 83, 85, 84, 82, 84, 84, 84, 83, 84, 84, 81, 84, 85, 85, 87, 83,
    85, 85, 80, 85, 81, 83, 84, 84, 84, 83, 84, 87, 85, 86, 87, 86, 87,
    87, 88, 83, 83, 84, 85, 87, 84, 87, 86, 87, 88, 87, 83, 87, 85, 87,
    88, 83, 83, 87, 85, 85, 84, 88, 87, 84, 86, 87, 84, 85, 87, 84, 86,
    87, 86, 86, 87, 85, 84, 85, 86, 87, 84, 84, 85, 84, 84, 85, 83, 82,
    87 ]
