%YAML:1.0
---
videoName: "headNod21.mp4"
gestureLabel: 202
fps: 29
pixelSizeInCmTemp: 3.2808219178082193e-01
faceCenterPointX: 253
faceCenterPointY: 78
headPositionsX: [ 253, 254, 255, 253, 253, 253, 254, 256, 257, 257, 257,
    255, 253, 257, 255, 253, 253, 257, 256, 253, 253, 256, 253, 253, 256,
    253, 254, 256, 258, 253, 256, 257, 256, 254, 258, 257, 256, 254, 255,
    257, 254, 258, 254, 254, 253, 255, 256, 255, 257, 254, 254, 254, 253,
    255, 257, 254, 252, 253, 256, 253, 253, 251, 251, 253, 250, 253, 251,
    250, 251, 254, 250, 251, 251, 248, 250, 252, 249, 248, 248, 252, 252,
    251, 249, 252, 249, 252, 253, 250, 255, 254, 255, 254, 254, 252, 253,
    255, 252, 253, 256, 255 ]
headPositionsY: [ 79, 77, 77, 80, 80, 80, 77, 78, 80, 77, 79, 78, 76, 79,
    78, 79, 79, 81, 80, 78, 76, 78, 78, 80, 78, 81, 78, 81, 81, 81, 82,
    85, 84, 80, 76, 76, 75, 74, 76, 78, 79, 82, 86, 86, 80, 79, 77, 75,
    78, 79, 81, 81, 86, 84, 84, 83, 82, 76, 78, 75, 82, 79, 80, 84, 83,
    82, 81, 76, 77, 75, 78, 76, 82, 82, 84, 81, 83, 82, 78, 79, 76, 79,
    76, 80, 79, 78, 82, 80, 81, 79, 80, 76, 80, 77, 77, 79, 77, 81, 77,
    79 ]
