%YAML:1.0
---
videoName: "headNod23.mp4"
gestureLabel: 202
fps: 29
pixelSizeInCmTemp: 3.1933333333333330e-01
faceCenterPointX: 273
faceCenterPointY: 75
headPositionsX: [ 272, 275, 274, 275, 276, 274, 273, 274, 273, 272, 272,
    277, 274, 274, 273, 276, 274, 275, 274, 275, 276, 276, 275, 276, 271,
    273, 274, 277, 274, 275, 276, 277, 274, 275, 273, 273, 275, 275, 271,
    270, 272, 270, 270, 272, 270, 272, 271, 274, 274, 275, 273, 275, 273,
    274, 273, 272, 274, 273, 273, 275, 272, 273, 274, 276, 271, 272, 273,
    276, 273, 272, 274, 274, 273, 273, 273, 275, 273, 272, 271, 272, 275,
    271, 272, 274, 275, 274, 275, 274, 273, 276, 273, 274, 272, 273, 271,
    273, 273, 274, 275, 271 ]
headPositionsY: [ 74, 76, 74, 75, 79, 78, 76, 77, 75, 74, 75, 75, 75, 78,
    75, 78, 78, 78, 75, 79, 75, 76, 76, 73, 73, 70, 67, 69, 65, 64, 66,
    65, 68, 66, 67, 70, 71, 76, 80, 80, 84, 83, 80, 81, 77, 75, 73, 69,
    70, 66, 67, 70, 70, 70, 71, 73, 74, 80, 80, 78, 77, 76, 75, 70, 72,
    68, 68, 71, 69, 69, 69, 75, 77, 79, 77, 80, 81, 79, 76, 76, 78, 76,
    74, 72, 76, 70, 74, 71, 74, 71, 72, 75, 73, 78, 74, 78, 74, 75, 75,
    77 ]
