%YAML:1.0
---
videoName: "headLookDown5.mp4"
gestureLabel: 206
fps: 29
pixelSizeInCmTemp: 3.4710144927536229e-01
faceCenterPointX: 272
faceCenterPointY: 102
headPositionsX: [ 273, 274, 271, 270, 273, 273, 271, 269, 270, 274, 272,
    271, 274, 270, 270, 272, 274, 273, 269, 273, 272, 271, 272, 271, 272,
    270, 271, 274, 270, 274, 272, 271, 273, 272, 271, 271, 274, 271, 274,
    269, 272, 270, 269, 273, 270, 269, 273, 269, 274, 273, 270, 272, 272,
    275, 274, 272, 272, 274, 272, 270, 273, 271, 271, 271, 270, 272, 271,
    272, 269, 270, 270, 273, 273, 271, 271, 269, 269, 269, 274, 274, 272,
    270, 269, 270, 272, 275, 270, 270, 274, 270, 273, 273, 274, 271, 273,
    274, 275, 272, 275, 274 ]
headPositionsY: [ 101, 86, 82, 86, 82, 84, 84, 82, 84, 84, 86, 84, 83,
    84, 83, 85, 84, 83, 84, 81, 85, 86, 81, 84, 85, 83, 83, 85, 81, 84,
    84, 82, 83, 83, 83, 84, 84, 83, 86, 84, 81, 85, 81, 85, 85, 86, 88,
    86, 87, 86, 89, 87, 90, 94, 96, 96, 93, 98, 100, 98, 101, 100, 100,
    99, 102, 100, 103, 101, 103, 100, 102, 103, 104, 103, 104, 104, 103,
    102, 102, 106, 103, 105, 103, 101, 102, 104, 101, 102, 102, 100, 102,
    100, 103, 102, 103, 100, 105, 102, 103, 101 ]
