%YAML:1.0
---
videoName: "headNod27.mp4"
gestureLabel: 202
fps: 29
pixelSizeInCmTemp: 3.0705128205128202e-01
faceCenterPointX: 271
faceCenterPointY: 77
headPositionsX: [ 271, 274, 270, 270, 271, 274, 270, 273, 273, 271, 269,
    275, 274, 273, 274, 274, 272, 271, 272, 271, 271, 272, 272, 273, 270,
    274, 272, 270, 273, 272, 271, 272, 270, 269, 269, 267, 268, 271, 268,
    267, 267, 268, 270, 267, 271, 270, 271, 271, 270, 271, 268, 268, 269,
    268, 269, 268, 272, 272, 272, 269, 272, 271, 269, 270, 267, 267, 265,
    269, 267, 268, 268, 271, 266, 271, 266, 269, 269, 270, 269, 267, 271,
    269, 267, 268, 269, 272, 271, 271, 270, 271, 271, 269, 272, 270, 271,
    270, 272, 271, 271, 269 ]
headPositionsY: [ 78, 71, 74, 73, 73, 74, 75, 74, 76, 75, 73, 74, 73, 76,
    75, 73, 76, 76, 73, 76, 72, 72, 68, 65, 64, 62, 66, 63, 62, 67, 69,
    79, 81, 83, 83, 84, 83, 78, 73, 72, 67, 69, 70, 68, 68, 70, 77, 76,
    80, 81, 79, 76, 74, 74, 69, 69, 69, 73, 73, 76, 76, 80, 81, 85, 79,
    78, 77, 76, 73, 72, 73, 70, 74, 76, 75, 77, 79, 76, 75, 74, 71, 70,
    70, 72, 73, 73, 76, 76, 81, 77, 80, 77, 79, 75, 79, 78, 75, 77, 79,
    77 ]
