%YAML:1.0
---
videoName: "headShake30.mp4"
gestureLabel: 201
fps: 29
pixelSizeInCmTemp: 3.2808219178082193e-01
faceCenterPointX: 240
faceCenterPointY: 68
headPositionsX: [ 242, 234, 231, 233, 233, 234, 234, 232, 236, 234, 235,
    234, 238, 236, 241, 242, 240, 240, 243, 243, 242, 241, 244, 241, 242,
    240, 243, 241, 242, 241, 240, 241, 238, 239, 241, 237, 241, 239, 244,
    246, 250, 254, 258, 259, 257, 259, 256, 255, 252, 246, 236, 231, 226,
    222, 221, 226, 227, 233, 238, 247, 252, 250, 251, 251, 248, 244, 236,
    234, 228, 225, 226, 226, 232, 237, 242, 243, 247, 250, 252, 247, 247,
    244, 242, 238, 235, 235, 237, 235, 238, 239, 239, 240, 242, 239, 238,
    238, 242, 242, 238, 241 ]
headPositionsY: [ 70, 56, 56, 55, 59, 59, 59, 57, 63, 63, 63, 64, 65, 64,
    66, 66, 64, 67, 65, 64, 65, 64, 63, 67, 67, 64, 67, 64, 66, 65, 63,
    67, 68, 68, 64, 66, 65, 68, 65, 67, 67, 63, 66, 63, 67, 66, 65, 65,
    67, 65, 68, 64, 68, 66, 67, 66, 68, 68, 68, 70, 65, 67, 64, 67, 68,
    71, 67, 70, 67, 70, 68, 68, 69, 67, 68, 68, 64, 67, 69, 64, 67, 66,
    67, 70, 65, 65, 66, 70, 65, 68, 70, 68, 68, 68, 69, 68, 68, 66, 69,
    66 ]
