%YAML:1.0
---
videoName: "headShake37.mp4"
gestureLabel: 201
fps: 30
pixelSizeInCmTemp: 3.1933333333333330e-01
faceCenterPointX: 263
faceCenterPointY: 83
headPositionsX: [ 264, 261, 263, 263, 261, 260, 261, 262, 263, 264, 264,
    264, 260, 264, 261, 261, 264, 262, 261, 263, 261, 263, 260, 265, 260,
    261, 262, 261, 263, 263, 262, 262, 263, 263, 262, 262, 261, 260, 262,
    260, 262, 263, 263, 261, 260, 261, 262, 263, 267, 272, 276, 275, 280,
    281, 279, 279, 271, 264, 258, 254, 254, 254, 257, 258, 262, 267, 269,
    273, 274, 271, 267, 266, 260, 258, 253, 253, 255, 254, 256, 255, 260,
    263, 262, 265, 264, 268, 265, 265, 267, 264, 264, 266, 266, 265, 261,
    264, 263, 263, 262, 262 ]
headPositionsY: [ 85, 83, 82, 85, 83, 81, 83, 86, 82, 85, 85, 83, 82, 84,
    83, 81, 82, 82, 83, 85, 83, 85, 81, 83, 83, 85, 83, 81, 81, 83, 83,
    82, 82, 82, 82, 85, 85, 81, 83, 84, 85, 84, 83, 82, 82, 84, 81, 83,
    81, 84, 81, 82, 79, 78, 79, 84, 84, 83, 81, 84, 83, 80, 83, 84, 84,
    85, 80, 81, 81, 81, 83, 84, 82, 84, 82, 82, 84, 83, 85, 82, 84, 82,
    84, 81, 85, 81, 82, 82, 83, 83, 83, 85, 84, 84, 82, 84, 84, 82, 84,
    80 ]
