%YAML:1.0
---
videoName: "headLookUp7.mp4"
gestureLabel: 205
fps: 29
pixelSizeInCmTemp: 3.6846153846153845e-01
faceCenterPointX: 257
faceCenterPointY: 70
headPositionsX: [ 256, 259, 257, 258, 254, 258, 255, 256, 255, 254, 256,
    258, 257, 256, 258, 256, 255, 258, 256, 256, 256, 256, 256, 254, 256,
    259, 254, 256, 255, 257, 256, 259, 258, 254, 257, 253, 259, 256, 256,
    255, 255, 257, 254, 257, 258, 256, 258, 255, 256, 258, 254, 258, 256,
    257, 254, 255, 256, 257, 253, 257, 254, 255, 257, 256, 254, 255, 255,
    257, 254, 257, 255, 255, 255, 255, 259, 256, 255, 254, 258, 259, 255,
    255, 259, 258, 254, 259, 254, 258, 254, 257, 258, 258, 256, 259, 258,
    257, 258, 258, 256, 259 ]
headPositionsY: [ 72, 81, 82, 84, 82, 84, 81, 85, 84, 83, 85, 83, 85, 81,
    83, 83, 83, 82, 80, 80, 79, 80, 77, 74, 74, 75, 74, 70, 73, 71, 67,
    71, 69, 69, 68, 70, 69, 67, 69, 70, 67, 66, 69, 67, 70, 70, 66, 67,
    68, 67, 70, 69, 68, 70, 68, 69, 68, 71, 67, 69, 67, 72, 70, 71, 66,
    67, 68, 67, 67, 71, 70, 70, 68, 70, 69, 70, 69, 69, 69, 67, 67, 71,
    71, 68, 69, 71, 67, 71, 66, 68, 66, 69, 67, 70, 70, 72, 68, 66, 72,
    71 ]
