%YAML:1.0
---
videoName: "headShake49.mp4"
gestureLabel: 201
fps: 30
pixelSizeInCmTemp: 2.8855421686746985e-01
faceCenterPointX: 259
faceCenterPointY: 84
headPositionsX: [ 260, 263, 258, 258, 260, 260, 262, 262, 263, 258, 260,
    260, 262, 260, 261, 262, 261, 260, 260, 263, 263, 259, 258, 260, 261,
    262, 261, 262, 260, 259, 260, 260, 262, 263, 266, 273, 278, 279, 284,
    282, 281, 277, 269, 264, 260, 250, 247, 247, 252, 257, 260, 270, 274,
    274, 271, 268, 263, 254, 249, 247, 249, 252, 254, 262, 265, 268, 271,
    267, 264, 258, 257, 254, 252, 254, 255, 261, 267, 266, 269, 266, 269,
    262, 262, 259, 256, 257, 259, 259, 258, 260, 260, 262, 256, 261, 261,
    259, 258, 257, 261, 258 ]
headPositionsY: [ 85, 79, 79, 78, 81, 83, 82, 83, 78, 82, 80, 78, 83, 82,
    78, 78, 80, 82, 82, 80, 78, 83, 79, 83, 79, 80, 82, 79, 80, 80, 84,
    80, 82, 81, 83, 80, 80, 80, 80, 82, 81, 82, 81, 84, 83, 85, 84, 83,
    82, 85, 83, 84, 84, 84, 84, 85, 86, 83, 85, 84, 85, 82, 87, 86, 84,
    85, 85, 83, 83, 85, 83, 84, 83, 86, 85, 86, 82, 82, 83, 86, 86, 87,
    84, 84, 83, 84, 86, 83, 83, 85, 83, 86, 84, 87, 82, 83, 84, 82, 84,
    85 ]
