%YAML:1.0
---
videoName: "headLookLeft3.mp4"
gestureLabel: 203
fps: 29
pixelSizeInCmTemp: 3.4214285714285714e-01
faceCenterPointX: 290
faceCenterPointY: 74
headPositionsX: [ 290, 265, 261, 265, 266, 266, 264, 270, 267, 269, 274,
    275, 278, 276, 283, 282, 286, 285, 289, 291, 291, 287, 294, 293, 288,
    287, 298, 291, 288, 283, 291, 290, 290, 293, 284, 291, 283, 289, 289,
    287, 288, 288, 289, 295, 288, 289, 289, 289, 289, 288, 290, 290, 290,
    288, 287, 286, 289, 288, 288, 292, 292, 291, 287, 286, 288, 289, 291,
    288, 286, 288, 286, 287, 289, 287, 288, 285, 285, 286, 285, 287, 286,
    286, 290, 288, 290, 284, 291, 289, 289, 290, 287, 284, 289, 287, 284,
    286, 291, 287, 286, 285 ]
headPositionsY: [ 72, 79, 78, 77, 78, 78, 80, 79, 79, 76, 76, 76, 76, 75,
    75, 75, 73, 77, 74, 76, 76, 73, 77, 74, 72, 72, 76, 74, 76, 72, 71,
    76, 76, 75, 75, 74, 73, 73, 75, 72, 73, 75, 71, 77, 75, 75, 74, 72,
    74, 75, 73, 71, 75, 76, 76, 74, 74, 72, 71, 76, 74, 73, 75, 75, 72,
    72, 75, 76, 73, 75, 75, 73, 74, 73, 74, 75, 74, 75, 76, 74, 71, 76,
    73, 72, 76, 74, 77, 72, 73, 73, 74, 74, 75, 73, 74, 75, 73, 75, 76,
    76 ]
