%YAML:1.0
---
videoName: "headLookLeft3.mp4"
gestureLabel: 203
fps: 29
pixelSizeInCmTemp: 3.4214285714285714e-01
faceCenterPointX: 290
faceCenterPointY: 74
headPositionsX: [ 289, 264, 261, 265, 265, 264, 266, 268, 267, 269, 270,
    275, 279, 278, 282, 284, 284, 286, 286, 290, 291, 288, 295, 293, 285,
    288, 296, 289, 290, 281, 291, 289, 292, 289, 287, 292, 284, 291, 290,
    286, 289, 289, 287, 297, 291, 290, 286, 286, 289, 289, 292, 291, 289,
    287, 288, 286, 288, 290, 289, 291, 289, 292, 289, 288, 288, 289, 288,
    289, 285, 287, 288, 285, 289, 284, 287, 286, 287, 290, 285, 284, 286,
    287, 290, 284, 287, 284, 292, 290, 285, 287, 288, 284, 290, 286, 284,
    282, 291, 289, 288, 287 ]
headPositionsY: [ 73, 77, 75, 79, 76, 76, 77, 77, 77, 75, 74, 75, 76, 75,
    73, 75, 73, 74, 73, 75, 73, 74, 76, 75, 74, 70, 77, 76, 74, 70, 72,
    73, 76, 73, 76, 77, 71, 74, 72, 72, 72, 75, 75, 75, 75, 72, 76, 72,
    76, 74, 74, 72, 71, 76, 75, 76, 73, 72, 73, 74, 74, 71, 74, 72, 76,
    76, 72, 73, 73, 76, 75, 74, 73, 75, 75, 75, 76, 77, 73, 73, 71, 73,
    73, 72, 76, 75, 75, 73, 72, 73, 75, 72, 76, 73, 75, 76, 73, 72, 76,
    72 ]
