%YAML:1.0
---
videoName: "headNod2.mp4"
gestureLabel: 202
fps: 29
pixelSizeInCmTemp: 3.2364864864864862e-01
faceCenterPointX: 263
faceCenterPointY: 70
headPositionsX: [ 262, 264, 260, 262, 262, 262, 265, 262, 262, 263, 262,
    266, 263, 263, 264, 263, 262, 264, 265, 265, 266, 264, 265, 261, 262,
    261, 263, 260, 262, 261, 264, 260, 260, 263, 260, 260, 263, 264, 262,
    259, 262, 260, 260, 262, 262, 263, 261, 263, 262, 261, 260, 262, 261,
    261, 264, 264, 263, 264, 262, 263, 263, 263, 261, 262, 263, 261, 265,
    261, 261, 260, 264, 264, 265, 263, 263, 263, 265, 262, 263, 262, 263,
    265, 264, 262, 264, 265, 264, 262, 262, 261, 262, 262, 263, 262, 261,
    266, 263, 265, 262, 262 ]
headPositionsY: [ 72, 77, 76, 77, 75, 77, 75, 78, 76, 76, 77, 77, 74, 76,
    77, 77, 74, 76, 76, 73, 76, 73, 76, 77, 75, 74, 76, 74, 74, 73, 74,
    75, 76, 74, 76, 75, 74, 76, 75, 76, 73, 73, 74, 75, 75, 76, 74, 72,
    74, 70, 72, 70, 70, 73, 76, 78, 80, 79, 78, 74, 70, 73, 73, 75, 77,
    73, 72, 71, 69, 72, 69, 70, 72, 75, 74, 73, 76, 69, 69, 72, 75, 75,
    73, 77, 77, 76, 72, 69, 67, 68, 73, 72, 69, 73, 69, 71, 71, 68, 70,
    68 ]
