%YAML:1.0
---
videoName: "headShake2.mp4"
gestureLabel: 201
fps: 29
pixelSizeInCmTemp: 3.4214285714285714e-01
faceCenterPointX: 276
faceCenterPointY: 98
headPositionsX: [ 277, 278, 279, 276, 280, 278, 278, 275, 276, 276, 279,
    276, 278, 276, 277, 279, 278, 279, 279, 277, 278, 276, 280, 277, 279,
    278, 277, 276, 279, 277, 276, 280, 276, 276, 279, 275, 277, 275, 276,
    276, 279, 278, 278, 283, 289, 289, 292, 294, 296, 293, 289, 289, 281,
    276, 273, 269, 266, 263, 267, 268, 275, 276, 285, 286, 289, 289, 290,
    288, 285, 281, 273, 271, 269, 269, 269, 269, 273, 280, 282, 285, 288,
    284, 287, 284, 285, 280, 279, 275, 279, 275, 276, 275, 277, 275, 275,
    274, 275, 274, 275, 275 ]
headPositionsY: [ 97, 98, 99, 96, 97, 99, 97, 99, 97, 98, 99, 99, 101,
    97, 100, 96, 100, 99, 99, 100, 101, 100, 99, 100, 98, 99, 100, 99,
    100, 100, 99, 101, 96, 97, 98, 99, 100, 97, 97, 100, 99, 96, 97, 98,
    99, 97, 97, 96, 95, 95, 94, 97, 99, 100, 99, 98, 97, 98, 95, 95, 99,
    97, 95, 96, 98, 97, 95, 96, 96, 97, 97, 96, 96, 96, 100, 97, 100,
    101, 96, 99, 98, 96, 97, 98, 102, 97, 99, 100, 100, 97, 98, 98, 101,
    100, 96, 97, 97, 102, 100, 99 ]
