%YAML:1.0
---
videoName: "headNod45.mp4"
gestureLabel: 202
fps: 30
pixelSizeInCmTemp: 3.0316455696202532e-01
faceCenterPointX: 265
faceCenterPointY: 77
headPositionsX: [ 266, 268, 267, 267, 269, 267, 269, 268, 270, 269, 266,
    268, 269, 269, 268, 267, 266, 265, 270, 269, 267, 266, 269, 270, 268,
    265, 266, 265, 265, 264, 268, 268, 265, 268, 265, 266, 263, 266, 267,
    265, 268, 267, 267, 267, 264, 264, 263, 267, 267, 264, 266, 265, 268,
    269, 266, 268, 266, 265, 266, 268, 269, 268, 266, 266, 264, 265, 267,
    267, 265, 268, 265, 268, 264, 266, 267, 267, 266, 265, 265, 263, 268,
    264, 265, 266, 265, 268, 265, 267, 264, 263, 267, 268, 267, 266, 268,
    266, 264, 265, 265, 267 ]
headPositionsY: [ 77, 73, 75, 75, 76, 76, 76, 77, 77, 73, 78, 73, 76, 76,
    75, 75, 77, 79, 77, 82, 87, 89, 90, 93, 94, 90, 92, 87, 83, 75, 74,
    75, 68, 65, 68, 67, 66, 69, 75, 76, 82, 87, 91, 91, 91, 89, 88, 85,
    80, 79, 74, 71, 74, 74, 76, 73, 80, 82, 83, 88, 83, 82, 80, 78, 76,
    75, 71, 74, 73, 74, 76, 82, 81, 89, 90, 88, 85, 83, 82, 79, 79, 76,
    78, 75, 79, 78, 82, 80, 79, 77, 77, 77, 79, 80, 78, 78, 77, 77, 78,
    77 ]
