%YAML:1.0
---
videoName: "headNod17.mp4"
gestureLabel: 202
fps: 30
pixelSizeInCmTemp: 3.2808219178082193e-01
faceCenterPointX: 253
faceCenterPointY: 76
headPositionsX: [ 255, 257, 254, 254, 253, 256, 255, 254, 254, 257, 255,
    257, 254, 254, 257, 257, 254, 253, 253, 258, 254, 253, 254, 257, 255,
    257, 256, 258, 254, 256, 257, 254, 257, 256, 255, 255, 253, 256, 253,
    254, 253, 251, 254, 255, 252, 255, 254, 255, 253, 251, 253, 255, 256,
    252, 256, 251, 254, 253, 256, 255, 255, 253, 253, 255, 257, 253, 253,
    256, 254, 255, 254, 254, 254, 254, 252, 253, 256, 253, 254, 254, 254,
    255, 253, 254, 254, 253, 253, 255, 253, 257, 253, 254, 256, 253, 254,
    256, 254, 254, 256, 254 ]
headPositionsY: [ 78, 79, 77, 75, 77, 76, 78, 76, 76, 76, 78, 75, 78, 80,
    78, 79, 77, 77, 77, 79, 75, 74, 74, 74, 73, 69, 67, 68, 66, 68, 64,
    68, 67, 67, 67, 68, 71, 74, 76, 79, 78, 80, 85, 85, 83, 86, 83, 82,
    79, 79, 79, 77, 75, 73, 72, 70, 71, 69, 71, 70, 73, 69, 76, 74, 80,
    80, 80, 82, 79, 77, 76, 78, 78, 78, 75, 77, 79, 77, 80, 80, 74, 78,
    78, 74, 77, 77, 75, 76, 78, 79, 75, 78, 77, 73, 80, 74, 78, 79, 74,
    77 ]
