%YAML:1.0
---
videoName: "headLookRight2.mp4"
gestureLabel: 204
fps: 29
pixelSizeInCmTemp: 3.8015873015873014e-01
faceCenterPointX: 228
faceCenterPointY: 68
headPositionsX: [ 228, 253, 251, 249, 253, 249, 249, 249, 253, 253, 250,
    251, 250, 250, 253, 252, 254, 250, 253, 250, 254, 255, 251, 250, 252,
    254, 254, 252, 253, 255, 252, 255, 255, 254, 255, 252, 256, 251, 251,
    253, 253, 252, 252, 254, 251, 251, 252, 249, 252, 248, 248, 247, 247,
    242, 238, 236, 234, 234, 233, 230, 226, 229, 232, 229, 227, 225, 229,
    226, 223, 225, 229, 228, 227, 229, 224, 226, 229, 229, 228, 227, 232,
    232, 229, 230, 227, 227, 231, 228, 227, 229, 226, 230, 227, 232, 228,
    229, 229, 228, 228, 230 ]
headPositionsY: [ 70, 67, 68, 66, 69, 69, 69, 69, 70, 68, 67, 69, 70, 70,
    71, 70, 69, 72, 68, 69, 67, 71, 68, 71, 68, 68, 71, 72, 72, 69, 70,
    71, 69, 71, 71, 68, 70, 70, 70, 69, 68, 70, 71, 68, 71, 69, 72, 70,
    70, 71, 68, 70, 68, 68, 67, 68, 70, 69, 68, 68, 66, 67, 70, 68, 67,
    66, 69, 68, 72, 69, 70, 69, 69, 67, 69, 70, 73, 72, 72, 72, 71, 69,
    70, 70, 71, 68, 70, 71, 67, 68, 69, 69, 71, 67, 68, 68, 69, 69, 71,
    70 ]
