%YAML:1.0
---
videoName: "headShake38.mp4"
gestureLabel: 201
fps: 29
pixelSizeInCmTemp: 3.2808219178082193e-01
faceCenterPointX: 259
faceCenterPointY: 84
headPositionsX: [ 257, 265, 261, 262, 262, 263, 262, 264, 265, 261, 264,
    261, 266, 264, 262, 265, 263, 262, 262, 261, 262, 263, 264, 263, 265,
    264, 262, 262, 263, 264, 265, 260, 261, 262, 263, 261, 263, 261, 265,
    263, 262, 259, 258, 254, 255, 252, 249, 248, 246, 252, 257, 266, 275,
    275, 279, 276, 269, 260, 252, 251, 247, 250, 254, 259, 267, 269, 270,
    271, 266, 260, 252, 247, 245, 248, 249, 255, 260, 266, 268, 267, 268,
    268, 268, 268, 266, 262, 260, 259, 259, 258, 258, 261, 260, 261, 263,
    258, 262, 262, 258, 261 ]
headPositionsY: [ 82, 81, 83, 84, 81, 85, 82, 83, 83, 80, 82, 82, 84, 81,
    85, 81, 85, 82, 82, 86, 82, 84, 86, 84, 82, 84, 82, 85, 83, 81, 83,
    83, 82, 82, 83, 83, 82, 86, 84, 83, 81, 86, 85, 84, 85, 79, 82, 83,
    82, 85, 84, 83, 81, 82, 84, 84, 82, 84, 83, 86, 83, 83, 85, 82, 86,
    83, 84, 81, 82, 83, 85, 82, 85, 85, 81, 86, 81, 82, 85, 83, 85, 83,
    86, 87, 84, 84, 87, 86, 82, 84, 82, 83, 82, 86, 86, 86, 83, 83, 82,
    83 ]
