%YAML:1.0
---
videoName: "headShake12.mp4"
gestureLabel: 201
fps: 29
pixelSizeInCmTemp: 3.2808219178082193e-01
faceCenterPointX: 241
faceCenterPointY: 76
headPositionsX: [ 243, 238, 240, 241, 243, 243, 244, 243, 241, 241, 244,
    242, 241, 244, 239, 241, 241, 240, 243, 240, 240, 244, 244, 240, 243,
    242, 240, 242, 240, 239, 242, 244, 244, 242, 239, 242, 244, 239, 241,
    239, 239, 239, 240, 243, 243, 242, 244, 240, 244, 241, 242, 244, 243,
    242, 240, 243, 242, 242, 243, 246, 248, 254, 253, 259, 258, 260, 257,
    252, 249, 244, 239, 232, 229, 234, 235, 240, 244, 251, 252, 254, 251,
    248, 248, 245, 241, 239, 237, 236, 236, 238, 238, 238, 241, 240, 242,
    240, 240, 240, 240, 241 ]
headPositionsY: [ 74, 71, 73, 72, 76, 71, 75, 75, 74, 74, 73, 76, 72, 72,
    75, 72, 73, 71, 76, 76, 71, 74, 75, 74, 72, 77, 73, 76, 73, 71, 73,
    72, 77, 72, 75, 72, 74, 74, 73, 72, 73, 73, 73, 73, 74, 74, 73, 73,
    75, 77, 75, 74, 75, 74, 72, 74, 75, 75, 76, 72, 73, 72, 73, 74, 74,
    73, 75, 73, 77, 76, 77, 74, 78, 75, 75, 75, 75, 76, 76, 73, 73, 76,
    76, 77, 74, 74, 76, 78, 77, 74, 74, 74, 76, 75, 78, 78, 76, 74, 77,
    74 ]
