%YAML:1.0
---
videoName: "headLookRight4.mp4"
gestureLabel: 204
fps: 30
pixelSizeInCmTemp: 3.4214285714285714e-01
faceCenterPointX: 228
faceCenterPointY: 75
headPositionsX: [ 226, 252, 255, 253, 254, 254, 252, 253, 252, 254, 253,
    253, 253, 251, 253, 252, 255, 254, 254, 252, 254, 254, 254, 249, 251,
    255, 253, 254, 250, 253, 250, 250, 247, 246, 244, 241, 240, 239, 237,
    232, 232, 234, 230, 232, 228, 227, 228, 230, 229, 230, 229, 227, 229,
    229, 230, 226, 225, 226, 230, 227, 227, 227, 228, 226, 224, 225, 227,
    226, 226, 226, 226, 226, 226, 222, 226, 227, 227, 223, 228, 228, 225,
    227, 227, 226, 225, 226, 225, 223, 225, 231, 226, 225, 227, 228, 226,
    225, 227, 228, 228, 227 ]
headPositionsY: [ 73, 73, 73, 74, 71, 73, 73, 72, 70, 69, 72, 72, 70, 74,
    73, 73, 72, 74, 74, 73, 71, 74, 74, 72, 74, 73, 71, 71, 72, 72, 74,
    74, 72, 74, 72, 74, 73, 72, 74, 74, 70, 74, 71, 71, 71, 71, 74, 74,
    72, 74, 74, 75, 74, 72, 72, 73, 75, 73, 73, 72, 73, 73, 73, 77, 72,
    75, 76, 77, 73, 74, 77, 74, 74, 75, 74, 73, 75, 77, 78, 77, 76, 76,
    73, 73, 74, 77, 74, 73, 73, 77, 73, 72, 76, 75, 77, 74, 73, 75, 73,
    75 ]
