%YAML:1.0
---
videoName: "headShake0.mp4"
gestureLabel: 201
fps: 29
pixelSizeInCmTemp: 3.2808219178082193e-01
faceCenterPointX: 279
faceCenterPointY: 94
headPositionsX: [ 280, 280, 279, 279, 280, 277, 279, 277, 277, 279, 279,
    277, 280, 277, 278, 279, 277, 277, 277, 278, 278, 281, 277, 280, 277,
    277, 280, 281, 278, 280, 280, 280, 279, 276, 276, 279, 281, 279, 279,
    277, 278, 282, 285, 285, 290, 294, 298, 299, 300, 298, 296, 293, 289,
    282, 278, 275, 271, 273, 272, 279, 283, 284, 290, 291, 291, 290, 288,
    281, 279, 277, 275, 271, 273, 278, 279, 280, 284, 282, 282, 281, 280,
    280, 275, 274, 277, 275, 276, 277, 279, 278, 277, 278, 281, 277, 281,
    279, 277, 279, 280, 279 ]
headPositionsY: [ 95, 93, 93, 92, 95, 91, 92, 94, 93, 92, 91, 90, 94, 91,
    95, 92, 91, 91, 94, 94, 94, 93, 93, 92, 91, 92, 91, 94, 95, 94, 92,
    93, 93, 93, 94, 91, 93, 92, 92, 94, 92, 93, 92, 92, 89, 91, 89, 90,
    94, 91, 92, 93, 93, 93, 92, 91, 91, 94, 94, 90, 94, 94, 93, 91, 90,
    92, 95, 95, 94, 93, 92, 95, 90, 92, 93, 92, 92, 94, 95, 95, 95, 92,
    92, 92, 92, 93, 94, 91, 93, 96, 95, 96, 92, 96, 94, 92, 96, 94, 95,
    95 ]
