%YAML:1.0
---
videoName: "headShake42.mp4"
gestureLabel: 201
fps: 29
pixelSizeInCmTemp: 3.2808219178082193e-01
faceCenterPointX: 257
faceCenterPointY: 85
headPositionsX: [ 259, 271, 274, 274, 275, 277, 278, 278, 274, 272, 273,
    271, 269, 263, 261, 255, 253, 251, 245, 244, 243, 242, 241, 244, 245,
    245, 248, 250, 255, 258, 262, 267, 272, 278, 277, 278, 278, 277, 277,
    277, 272, 272, 269, 266, 262, 256, 257, 253, 248, 249, 248, 246, 246,
    244, 247, 249, 250, 251, 253, 258, 261, 259, 265, 264, 269, 268, 268,
    268, 267, 268, 269, 266, 267, 266, 264, 262, 263, 261, 262, 261, 261,
    256, 259, 257, 255, 256, 254, 255, 258, 257, 258, 257, 254, 258, 257,
    257, 258, 256, 259, 257 ]
headPositionsY: [ 86, 85, 82, 81, 83, 83, 82, 81, 80, 81, 84, 83, 84, 85,
    83, 84, 84, 82, 83, 83, 86, 86, 86, 83, 86, 85, 83, 86, 83, 87, 84,
    84, 85, 82, 85, 85, 85, 83, 81, 84, 85, 85, 88, 84, 89, 88, 86, 86,
    86, 84, 87, 83, 84, 85, 85, 86, 86, 88, 86, 85, 87, 86, 86, 87, 86,
    85, 84, 85, 87, 87, 87, 87, 86, 87, 84, 86, 87, 83, 85, 87, 88, 88,
    83, 84, 83, 83, 86, 84, 87, 86, 87, 84, 84, 84, 85, 83, 83, 86, 83,
    85 ]
