%YAML:1.0
---
videoName: "headShake9.mp4"
gestureLabel: 201
fps: 30
pixelSizeInCmTemp: 3.2808219178082193e-01
faceCenterPointX: 243
faceCenterPointY: 73
headPositionsX: [ 241, 246, 242, 244, 241, 242, 244, 243, 243, 242, 245,
    242, 240, 244, 241, 243, 242, 243, 244, 242, 243, 245, 244, 243, 241,
    241, 243, 244, 242, 244, 241, 244, 242, 241, 244, 241, 240, 243, 245,
    246, 247, 251, 252, 259, 262, 260, 265, 263, 259, 258, 252, 249, 241,
    240, 235, 231, 226, 227, 230, 235, 239, 249, 254, 255, 262, 261, 264,
    257, 256, 250, 245, 238, 235, 229, 228, 227, 229, 234, 237, 240, 243,
    248, 250, 249, 249, 250, 248, 248, 247, 244, 244, 244, 245, 246, 243,
    241, 244, 244, 241, 243 ]
headPositionsY: [ 74, 72, 71, 74, 71, 73, 71, 70, 70, 74, 70, 72, 73, 73,
    70, 75, 72, 74, 71, 75, 73, 71, 72, 71, 72, 71, 73, 72, 72, 71, 70,
    70, 73, 72, 74, 74, 74, 71, 74, 71, 71, 71, 71, 70, 69, 69, 69, 71,
    70, 70, 72, 72, 73, 72, 70, 74, 74, 71, 72, 74, 74, 72, 72, 70, 69,
    69, 70, 69, 70, 73, 72, 74, 75, 70, 72, 73, 72, 72, 75, 73, 75, 74,
    70, 72, 73, 74, 71, 72, 75, 75, 71, 74, 74, 74, 75, 74, 72, 72, 73,
    74 ]
