%YAML:1.0
---
videoName: "headNod1.mp4"
gestureLabel: 202
fps: 29
pixelSizeInCmTemp: 3.2808219178082193e-01
faceCenterPointX: 263
faceCenterPointY: 78
headPositionsX: [ 265, 262, 265, 265, 262, 264, 263, 263, 261, 262, 262,
    263, 261, 263, 262, 262, 262, 264, 263, 262, 262, 264, 267, 266, 263,
    265, 265, 264, 264, 265, 263, 265, 264, 266, 265, 266, 266, 262, 265,
    265, 265, 262, 263, 265, 267, 263, 263, 267, 263, 266, 265, 265, 265,
    265, 264, 262, 262, 261, 265, 264, 264, 262, 264, 264, 263, 264, 266,
    266, 261, 263, 262, 265, 264, 261, 262, 261, 262, 262, 261, 262, 260,
    261, 260, 262, 262, 262, 261, 262, 263, 264, 264, 264, 261, 264, 260,
    260, 261, 265, 263, 261 ]
headPositionsY: [ 80, 74, 75, 75, 75, 75, 77, 75, 77, 77, 75, 73, 77, 76,
    73, 76, 73, 75, 77, 75, 75, 76, 73, 76, 76, 74, 77, 75, 77, 77, 73,
    76, 75, 75, 73, 73, 68, 68, 66, 62, 66, 64, 61, 63, 67, 68, 68, 72,
    70, 77, 78, 77, 80, 81, 81, 83, 81, 76, 73, 73, 69, 67, 67, 64, 64,
    67, 69, 73, 72, 78, 76, 77, 75, 77, 73, 69, 69, 64, 68, 66, 65, 66,
    68, 70, 76, 73, 79, 81, 82, 84, 81, 83, 80, 80, 82, 77, 81, 80, 78,
    80 ]
