%YAML:1.0
---
videoName: "headNod3.mp4"
gestureLabel: 202
fps: 29
pixelSizeInCmTemp: 3.1933333333333330e-01
faceCenterPointX: 264
faceCenterPointY: 76
headPositionsX: [ 264, 265, 266, 265, 263, 261, 264, 264, 266, 266, 266,
    267, 266, 265, 266, 266, 266, 267, 267, 264, 264, 263, 264, 267, 267,
    263, 264, 267, 263, 266, 266, 268, 267, 265, 265, 265, 265, 265, 264,
    266, 265, 267, 265, 263, 267, 267, 263, 263, 266, 267, 265, 267, 264,
    263, 266, 263, 265, 263, 265, 266, 266, 261, 265, 262, 263, 263, 264,
    264, 264, 266, 262, 263, 262, 265, 262, 265, 262, 263, 262, 266, 263,
    262, 266, 266, 265, 264, 262, 261, 265, 263, 264, 263, 264, 266, 265,
    262, 266, 264, 266, 264 ]
headPositionsY: [ 77, 76, 76, 77, 78, 78, 77, 78, 77, 74, 73, 72, 74, 75,
    72, 71, 74, 73, 72, 74, 72, 73, 71, 72, 75, 72, 72, 74, 74, 77, 72,
    76, 77, 74, 75, 74, 73, 76, 76, 73, 74, 75, 73, 74, 74, 67, 70, 66,
    65, 68, 68, 70, 73, 75, 77, 78, 84, 85, 83, 78, 74, 74, 69, 68, 66,
    65, 69, 74, 75, 76, 80, 81, 83, 82, 79, 75, 73, 70, 65, 66, 65, 68,
    69, 71, 74, 73, 75, 79, 82, 82, 77, 78, 77, 77, 77, 77, 74, 78, 74,
    75 ]
