%YAML:1.0
---
videoName: "headLookLeft5.mp4"
gestureLabel: 203
fps: 30
pixelSizeInCmTemp: 3.5746268656716418e-01
faceCenterPointX: 284
faceCenterPointY: 67
headPositionsX: [ 285, 260, 257, 259, 260, 259, 259, 261, 258, 258, 260,
    259, 261, 263, 264, 262, 262, 263, 263, 262, 264, 268, 266, 270, 269,
    272, 275, 278, 276, 279, 280, 282, 284, 280, 284, 288, 286, 287, 284,
    288, 284, 286, 281, 284, 287, 284, 288, 286, 287, 287, 286, 284, 285,
    280, 283, 282, 284, 285, 286, 282, 284, 282, 281, 285, 282, 282, 285,
    283, 282, 283, 286, 285, 283, 285, 284, 285, 286, 286, 283, 286, 285,
    288, 285, 285, 286, 284, 283, 284, 286, 285, 283, 284, 287, 286, 287,
    286, 284, 284, 284, 282 ]
headPositionsY: [ 69, 71, 73, 71, 73, 69, 71, 71, 70, 71, 70, 69, 71, 74,
    69, 69, 71, 74, 74, 72, 72, 70, 71, 68, 69, 71, 72, 69, 67, 67, 67,
    68, 71, 69, 68, 70, 69, 67, 67, 69, 70, 71, 68, 70, 69, 67, 67, 70,
    67, 68, 69, 71, 68, 66, 69, 66, 65, 66, 66, 67, 66, 67, 69, 67, 70,
    69, 70, 66, 69, 71, 69, 67, 71, 66, 70, 68, 68, 69, 67, 65, 70, 67,
    66, 70, 70, 71, 67, 67, 68, 69, 70, 69, 71, 70, 70, 67, 70, 68, 67,
    68 ]
