%YAML:1.0
---
videoName: "headNod11.mp4"
gestureLabel: 202
fps: 29
pixelSizeInCmTemp: 3.2364864864864862e-01
faceCenterPointX: 261
faceCenterPointY: 75
headPositionsX: [ 260, 260, 262, 260, 261, 261, 258, 258, 260, 259, 258,
    260, 260, 259, 261, 258, 261, 259, 258, 257, 261, 261, 260, 262, 262,
    260, 258, 259, 259, 263, 261, 259, 262, 260, 261, 259, 260, 260, 259,
    259, 262, 258, 262, 262, 262, 260, 259, 258, 260, 261, 261, 261, 263,
    259, 260, 262, 260, 259, 257, 259, 258, 259, 259, 256, 259, 260, 256,
    258, 258, 259, 257, 258, 258, 257, 260, 254, 257, 257, 256, 259, 256,
    259, 256, 260, 261, 260, 261, 257, 258, 258, 260, 258, 259, 261, 262,
    260, 258, 262, 261, 261 ]
headPositionsY: [ 75, 72, 76, 73, 74, 73, 74, 77, 73, 72, 75, 75, 76, 73,
    72, 73, 76, 75, 72, 75, 72, 72, 73, 75, 76, 73, 72, 73, 75, 78, 74,
    77, 73, 72, 75, 74, 77, 75, 77, 73, 77, 77, 76, 75, 76, 75, 75, 71,
    71, 69, 68, 67, 67, 68, 69, 70, 72, 75, 76, 82, 80, 77, 75, 74, 70,
    67, 67, 68, 72, 71, 74, 75, 79, 79, 80, 79, 81, 78, 77, 75, 70, 70,
    72, 71, 76, 76, 78, 81, 80, 78, 79, 79, 79, 78, 77, 78, 77, 74, 76,
    73 ]
