%YAML:1.0
---
videoName: "headShake41.mp4"
gestureLabel: 201
fps: 29
pixelSizeInCmTemp: 3.2364864864864862e-01
faceCenterPointX: 264
faceCenterPointY: 85
headPositionsX: [ 265, 261, 260, 264, 263, 261, 259, 263, 262, 261, 262,
    259, 259, 259, 263, 263, 260, 260, 261, 261, 263, 264, 263, 265, 268,
    270, 271, 271, 274, 279, 277, 281, 281, 280, 279, 284, 282, 280, 280,
    277, 276, 272, 267, 262, 255, 256, 249, 251, 247, 246, 246, 245, 243,
    246, 249, 252, 252, 253, 257, 261, 265, 267, 269, 274, 273, 275, 278,
    276, 277, 278, 276, 276, 273, 272, 273, 270, 267, 268, 263, 265, 265,
    264, 262, 262, 262, 264, 263, 265, 259, 260, 261, 264, 260, 261, 260,
    260, 263, 262, 263, 264 ]
headPositionsY: [ 83, 83, 85, 86, 84, 85, 82, 84, 84, 81, 84, 84, 83, 85,
    82, 85, 82, 84, 86, 81, 84, 82, 86, 85, 81, 81, 81, 81, 79, 80, 81,
    79, 79, 82, 80, 80, 83, 81, 82, 81, 83, 81, 85, 87, 85, 85, 86, 82,
    80, 83, 84, 83, 83, 86, 83, 86, 83, 85, 84, 85, 86, 86, 84, 83, 83,
    86, 84, 83, 82, 85, 83, 86, 86, 85, 83, 85, 84, 83, 86, 82, 84, 81,
    82, 86, 83, 82, 83, 83, 86, 83, 82, 86, 86, 85, 86, 86, 86, 86, 86,
    83 ]
