%YAML:1.0
---
videoName: "headLookLeft1.mp4"
gestureLabel: 203
fps: 30
pixelSizeInCmTemp: 3.6287878787878786e-01
faceCenterPointX: 276
faceCenterPointY: 73
headPositionsX: [ 275, 256, 255, 254, 255, 255, 255, 255, 255, 257, 256,
    258, 254, 258, 258, 257, 254, 254, 254, 254, 257, 255, 256, 255, 255,
    255, 254, 258, 258, 258, 256, 259, 257, 256, 257, 254, 258, 256, 257,
    255, 258, 257, 253, 257, 258, 254, 257, 256, 256, 257, 254, 255, 256,
    254, 253, 256, 257, 256, 257, 261, 261, 263, 263, 266, 268, 268, 274,
    276, 272, 276, 278, 277, 272, 274, 273, 278, 276, 274, 275, 275, 278,
    279, 277, 279, 278, 279, 275, 279, 281, 275, 278, 278, 279, 276, 274,
    277, 280, 275, 277, 273 ]
headPositionsY: [ 73, 74, 74, 75, 76, 77, 75, 78, 75, 75, 77, 75, 74, 76,
    75, 76, 75, 75, 76, 75, 78, 77, 78, 79, 79, 76, 75, 80, 77, 76, 77,
    77, 80, 79, 78, 76, 78, 77, 78, 78, 79, 78, 78, 77, 76, 77, 78, 77,
    76, 77, 79, 76, 79, 77, 77, 76, 78, 80, 81, 77, 80, 80, 77, 76, 78,
    77, 78, 78, 75, 81, 77, 77, 74, 77, 76, 73, 76, 75, 78, 78, 75, 73,
    72, 75, 79, 75, 76, 76, 76, 76, 73, 73, 76, 73, 77, 77, 75, 75, 73,
    72 ]
