%YAML:1.0
---
videoName: "headLookLeft0.mp4"
gestureLabel: 203
fps: 29
pixelSizeInCmTemp: 3.6287878787878786e-01
faceCenterPointX: 286
faceCenterPointY: 69
headPositionsX: [ 286, 255, 254, 255, 254, 253, 251, 252, 255, 254, 253,
    253, 255, 253, 252, 253, 254, 251, 252, 252, 252, 254, 252, 257, 253,
    256, 254, 253, 252, 256, 254, 256, 253, 254, 254, 254, 254, 255, 253,
    258, 253, 257, 254, 256, 254, 257, 256, 256, 254, 253, 253, 256, 256,
    256, 255, 257, 255, 254, 254, 256, 255, 257, 254, 255, 256, 255, 256,
    254, 253, 255, 254, 257, 254, 253, 257, 257, 256, 256, 258, 260, 261,
    265, 267, 265, 269, 274, 273, 276, 284, 278, 282, 278, 283, 281, 284,
    284, 284, 285, 288, 285 ]
headPositionsY: [ 68, 68, 66, 70, 69, 71, 67, 67, 68, 70, 70, 70, 70, 70,
    72, 68, 70, 70, 70, 71, 72, 68, 68, 72, 68, 72, 70, 72, 67, 68, 70,
    69, 72, 72, 73, 73, 70, 69, 70, 71, 68, 68, 70, 71, 69, 73, 73, 71,
    71, 70, 73, 70, 73, 72, 69, 71, 71, 71, 71, 73, 71, 73, 73, 72, 70,
    72, 70, 71, 73, 72, 72, 70, 73, 73, 69, 70, 70, 70, 72, 70, 72, 68,
    71, 71, 69, 71, 71, 71, 73, 68, 64, 65, 64, 69, 70, 71, 67, 70, 68,
    67 ]
