%YAML:1.0
---
videoName: "headLookRight5.mp4"
gestureLabel: 204
fps: 29
pixelSizeInCmTemp: 3.1513157894736843e-01
faceCenterPointX: 228
faceCenterPointY: 76
headPositionsX: [ 230, 251, 248, 249, 248, 247, 247, 248, 248, 251, 249,
    250, 251, 246, 250, 248, 248, 252, 250, 248, 247, 250, 250, 251, 250,
    251, 247, 250, 249, 246, 250, 248, 246, 247, 241, 242, 240, 238, 234,
    230, 232, 230, 227, 227, 226, 224, 226, 224, 224, 229, 225, 225, 221,
    225, 225, 226, 226, 225, 226, 223, 223, 221, 227, 228, 229, 229, 224,
    224, 224, 228, 228, 222, 223, 225, 226, 225, 225, 227, 228, 222, 221,
    227, 227, 225, 222, 228, 226, 221, 224, 226, 224, 225, 225, 228, 225,
    225, 226, 223, 225, 226 ]
headPositionsY: [ 75, 76, 72, 76, 75, 74, 73, 76, 74, 76, 76, 76, 75, 76,
    77, 73, 77, 76, 75, 76, 74, 75, 73, 74, 75, 77, 77, 75, 77, 77, 74,
    77, 77, 73, 74, 75, 72, 71, 75, 72, 71, 72, 75, 75, 73, 75, 73, 73,
    75, 77, 73, 75, 75, 74, 74, 74, 76, 75, 75, 76, 74, 73, 75, 74, 73,
    73, 74, 73, 76, 76, 72, 77, 76, 75, 73, 72, 71, 77, 74, 70, 73, 74,
    73, 75, 71, 74, 76, 74, 76, 73, 73, 73, 76, 74, 73, 74, 72, 75, 74,
    76 ]
