%YAML:1.0
---
videoName: "headShake12.mp4"
gestureLabel: 201
fps: 29
pixelSizeInCmTemp: 3.2808219178082193e-01
faceCenterPointX: 241
faceCenterPointY: 76
headPositionsX: [ 240, 240, 240, 240, 242, 241, 240, 244, 241, 240, 244,
    241, 244, 243, 240, 244, 240, 243, 240, 243, 241, 243, 242, 244, 241,
    242, 241, 242, 244, 241, 242, 240, 243, 242, 242, 244, 241, 243, 242,
    242, 242, 240, 243, 242, 240, 240, 241, 243, 242, 242, 240, 243, 243,
    243, 241, 240, 243, 240, 241, 247, 250, 252, 255, 259, 258, 258, 256,
    251, 246, 240, 236, 233, 229, 233, 235, 241, 244, 247, 250, 253, 250,
    248, 246, 246, 239, 242, 237, 238, 237, 235, 240, 240, 241, 237, 239,
    242, 240, 238, 239, 242 ]
headPositionsY: [ 74, 70, 74, 74, 76, 73, 73, 74, 76, 71, 74, 76, 74, 73,
    76, 73, 73, 73, 74, 76, 72, 74, 74, 75, 74, 73, 72, 72, 72, 71, 75,
    72, 77, 74, 72, 73, 74, 75, 74, 73, 73, 73, 75, 72, 72, 74, 75, 73,
    76, 73, 73, 74, 73, 74, 72, 73, 73, 76, 72, 75, 73, 76, 71, 72, 74,
    74, 75, 72, 75, 76, 78, 75, 75, 75, 78, 76, 74, 74, 75, 73, 75, 73,
    78, 77, 74, 74, 77, 76, 77, 76, 78, 77, 74, 77, 79, 78, 77, 73, 79,
    76 ]
