%YAML:1.0
---
videoName: "headShake34.mp4"
gestureLabel: 201
fps: 29
pixelSizeInCmTemp: 3.2364864864864862e-01
faceCenterPointX: 263
faceCenterPointY: 83
headPositionsX: [ 263, 263, 263, 266, 261, 264, 265, 266, 264, 264, 266,
    265, 263, 264, 266, 266, 262, 262, 265, 266, 263, 263, 266, 263, 263,
    265, 264, 262, 266, 262, 262, 262, 263, 263, 263, 264, 266, 265, 266,
    271, 269, 274, 273, 277, 274, 277, 278, 279, 276, 277, 274, 270, 264,
    258, 254, 251, 250, 254, 251, 255, 259, 262, 266, 269, 271, 269, 268,
    266, 267, 261, 257, 253, 255, 256, 255, 258, 260, 259, 263, 267, 262,
    267, 266, 263, 266, 265, 267, 267, 266, 263, 265, 264, 264, 262, 262,
    264, 264, 264, 261, 263 ]
headPositionsY: [ 85, 83, 84, 82, 81, 86, 84, 82, 82, 82, 83, 81, 83, 83,
    84, 80, 80, 85, 85, 81, 84, 82, 81, 82, 83, 84, 83, 81, 86, 82, 84,
    81, 85, 85, 86, 84, 85, 81, 84, 85, 83, 80, 81, 82, 81, 83, 81, 80,
    79, 83, 81, 84, 81, 81, 83, 81, 80, 82, 81, 82, 86, 84, 82, 83, 83,
    84, 83, 83, 83, 84, 85, 82, 81, 81, 81, 85, 81, 83, 84, 81, 82, 85,
    81, 85, 86, 85, 81, 83, 83, 86, 82, 81, 82, 82, 85, 83, 83, 82, 82,
    86 ]
