%YAML:1.0
---
videoName: "headShake3.mp4"
gestureLabel: 201
fps: 30
pixelSizeInCmTemp: 3.3263888888888887e-01
faceCenterPointX: 240
faceCenterPointY: 101
headPositionsX: [ 239, 243, 242, 239, 244, 241, 242, 241, 239, 240, 240,
    239, 239, 241, 242, 241, 244, 244, 242, 241, 241, 242, 243, 240, 240,
    243, 241, 243, 238, 241, 237, 241, 240, 241, 248, 247, 254, 253, 254,
    257, 256, 250, 249, 242, 237, 233, 230, 229, 229, 233, 235, 239, 243,
    250, 250, 253, 251, 246, 241, 237, 234, 231, 227, 224, 224, 228, 229,
    232, 237, 244, 247, 248, 247, 244, 244, 244, 239, 237, 235, 235, 231,
    230, 232, 235, 235, 237, 235, 237, 240, 237, 239, 239, 238, 239, 238,
    242, 242, 241, 240, 242 ]
headPositionsY: [ 99, 99, 100, 101, 97, 99, 99, 99, 97, 98, 100, 96, 97,
    97, 98, 98, 97, 97, 97, 99, 99, 101, 100, 99, 101, 97, 100, 101, 97,
    97, 99, 100, 100, 100, 99, 99, 99, 97, 96, 98, 96, 97, 97, 98, 97,
    100, 97, 96, 97, 100, 96, 101, 100, 96, 98, 97, 98, 100, 101, 101,
    101, 97, 100, 99, 99, 98, 100, 97, 100, 99, 101, 98, 99, 101, 99,
    101, 97, 98, 100, 98, 102, 99, 101, 99, 99, 99, 101, 98, 98, 102,
    103, 99, 99, 100, 103, 101, 103, 100, 103, 101 ]
