%YAML:1.0
---
videoName: "headLookRight7.mp4"
gestureLabel: 204
fps: 30
pixelSizeInCmTemp: 3.4710144927536229e-01
faceCenterPointX: 226
faceCenterPointY: 74
headPositionsX: [ 228, 250, 248, 251, 251, 251, 248, 249, 251, 249, 247,
    248, 252, 251, 248, 249, 249, 251, 250, 251, 248, 249, 251, 250, 252,
    249, 249, 249, 249, 247, 244, 242, 240, 239, 234, 231, 230, 227, 228,
    228, 229, 224, 222, 221, 223, 221, 223, 226, 225, 224, 223, 226, 225,
    225, 226, 223, 222, 223, 227, 225, 226, 222, 224, 222, 225, 222, 222,
    222, 224, 225, 220, 227, 227, 227, 224, 225, 224, 223, 223, 222, 223,
    221, 227, 224, 222, 221, 228, 225, 223, 225, 224, 221, 222, 222, 224,
    223, 225, 226, 225, 226 ]
headPositionsY: [ 73, 75, 76, 73, 76, 75, 75, 74, 74, 73, 72, 76, 73, 75,
    75, 74, 72, 76, 76, 74, 74, 75, 72, 75, 73, 75, 76, 76, 75, 72, 73,
    75, 74, 75, 73, 75, 76, 74, 74, 73, 73, 75, 73, 74, 76, 75, 72, 76,
    73, 74, 72, 77, 75, 74, 72, 76, 75, 71, 75, 74, 75, 70, 74, 73, 73,
    76, 76, 70, 75, 74, 77, 71, 74, 74, 77, 71, 72, 71, 74, 75, 71, 77,
    72, 77, 73, 77, 74, 74, 72, 76, 78, 76, 77, 73, 71, 73, 72, 73, 71,
    73 ]
