%YAML:1.0
---
videoName: "headShake38.mp4"
gestureLabel: 201
fps: 29
pixelSizeInCmTemp: 3.2808219178082193e-01
faceCenterPointX: 259
faceCenterPointY: 84
headPositionsX: [ 258, 263, 261, 265, 264, 263, 264, 261, 263, 263, 265,
    265, 262, 265, 263, 265, 262, 264, 264, 265, 264, 263, 262, 260, 262,
    261, 261, 265, 264, 263, 264, 262, 262, 262, 262, 265, 260, 265, 263,
    262, 260, 263, 257, 255, 256, 250, 248, 248, 247, 254, 258, 265, 273,
    275, 280, 276, 267, 260, 256, 248, 248, 249, 255, 259, 266, 273, 273,
    268, 267, 259, 255, 247, 245, 247, 249, 256, 257, 265, 265, 269, 271,
    270, 265, 265, 267, 262, 263, 260, 262, 261, 258, 258, 261, 259, 262,
    261, 260, 261, 258, 259 ]
headPositionsY: [ 86, 85, 83, 83, 84, 81, 83, 85, 82, 84, 85, 82, 81, 85,
    81, 83, 81, 85, 82, 82, 83, 85, 86, 81, 81, 83, 84, 84, 86, 81, 82,
    81, 84, 82, 82, 85, 85, 84, 81, 85, 82, 82, 84, 84, 84, 82, 84, 84,
    84, 82, 83, 83, 84, 84, 82, 84, 86, 86, 86, 83, 86, 80, 81, 86, 86,
    82, 82, 82, 84, 85, 82, 80, 82, 81, 83, 84, 82, 82, 84, 83, 85, 86,
    83, 86, 86, 84, 84, 83, 83, 84, 83, 85, 86, 82, 85, 82, 82, 85, 83,
    82 ]
