%YAML:1.0
---
videoName: "headLookDown2.mp4"
gestureLabel: 206
fps: 29
pixelSizeInCmTemp: 3.3732394366197183e-01
faceCenterPointX: 274
faceCenterPointY: 95
headPositionsX: [ 276, 275, 276, 273, 276, 272, 271, 274, 272, 274, 274,
    275, 274, 272, 275, 272, 273, 275, 275, 276, 272, 272, 273, 275, 274,
    271, 272, 275, 276, 272, 273, 273, 274, 272, 275, 274, 274, 275, 272,
    273, 272, 275, 276, 273, 273, 276, 276, 276, 272, 274, 275, 275, 274,
    274, 274, 271, 275, 276, 274, 272, 275, 273, 273, 274, 274, 273, 275,
    272, 273, 274, 274, 273, 276, 277, 274, 275, 274, 276, 275, 277, 277,
    276, 273, 275, 274, 272, 274, 273, 277, 275, 277, 273, 274, 276, 276,
    275, 275, 276, 273, 275 ]
headPositionsY: [ 94, 77, 79, 78, 79, 77, 78, 79, 78, 78, 80, 79, 77, 80,
    77, 80, 78, 79, 80, 80, 81, 80, 78, 81, 80, 81, 79, 79, 80, 77, 78,
    81, 80, 79, 81, 80, 82, 85, 85, 87, 88, 91, 89, 89, 92, 94, 95, 95,
    92, 93, 94, 94, 96, 93, 94, 93, 95, 96, 93, 94, 93, 97, 92, 96, 93,
    95, 93, 93, 93, 96, 95, 94, 95, 97, 96, 97, 94, 96, 95, 95, 96, 93,
    94, 95, 94, 95, 96, 97, 97, 93, 96, 98, 95, 97, 96, 97, 96, 94, 98,
    97 ]
