%YAML:1.0
---
videoName: "headNod2.mp4"
gestureLabel: 202
fps: 29
pixelSizeInCmTemp: 3.2364864864864862e-01
faceCenterPointX: 263
faceCenterPointY: 70
headPositionsX: [ 265, 262, 260, 264, 261, 264, 264, 263, 265, 262, 264,
    266, 262, 262, 266, 263, 263, 262, 264, 264, 264, 265, 265, 264, 264,
    261, 263, 262, 265, 263, 262, 260, 262, 263, 261, 264, 261, 264, 262,
    259, 261, 261, 262, 260, 260, 261, 260, 260, 262, 262, 264, 264, 264,
    260, 264, 262, 263, 264, 263, 260, 262, 264, 260, 261, 260, 261, 261,
    262, 262, 264, 263, 261, 263, 265, 260, 261, 265, 261, 265, 263, 263,
    263, 261, 264, 260, 265, 262, 265, 262, 264, 264, 263, 265, 263, 261,
    266, 265, 266, 263, 262 ]
headPositionsY: [ 71, 77, 77, 78, 76, 76, 74, 75, 76, 75, 76, 76, 76, 76,
    74, 74, 75, 77, 75, 76, 75, 76, 74, 77, 75, 74, 76, 74, 75, 72, 74,
    73, 75, 74, 76, 74, 73, 74, 73, 72, 76, 76, 74, 73, 72, 73, 75, 72,
    75, 73, 71, 71, 68, 70, 75, 78, 78, 80, 74, 72, 69, 72, 71, 72, 76,
    77, 72, 73, 70, 69, 72, 71, 72, 78, 74, 76, 72, 69, 71, 70, 74, 72,
    74, 76, 74, 74, 71, 70, 71, 72, 71, 70, 69, 71, 73, 72, 68, 71, 72,
    68 ]
