%YAML:1.0
---
videoName: "headNod4.mp4"
gestureLabel: 202
fps: 29
pixelSizeInCmTemp: 3.2808219178082193e-01
faceCenterPointX: 264
faceCenterPointY: 72
headPositionsX: [ 263, 271, 267, 270, 268, 270, 270, 269, 269, 271, 270,
    269, 268, 270, 271, 268, 267, 270, 267, 268, 269, 269, 266, 266, 266,
    269, 270, 269, 269, 266, 269, 266, 269, 267, 269, 265, 265, 269, 267,
    269, 267, 270, 265, 268, 266, 268, 268, 268, 266, 270, 266, 267, 265,
    266, 265, 267, 264, 264, 268, 266, 265, 265, 263, 267, 267, 264, 263,
    267, 263, 263, 265, 263, 266, 262, 263, 262, 264, 262, 266, 264, 265,
    264, 267, 265, 264, 266, 263, 266, 264, 266, 264, 264, 267, 265, 265,
    267, 263, 266, 263, 266 ]
headPositionsY: [ 73, 73, 74, 73, 75, 73, 76, 72, 74, 74, 73, 73, 74, 73,
    76, 73, 73, 73, 74, 75, 74, 73, 74, 75, 74, 76, 74, 73, 73, 77, 75,
    73, 76, 72, 75, 75, 73, 75, 73, 72, 77, 74, 74, 75, 70, 71, 70, 68,
    65, 63, 66, 67, 71, 76, 79, 82, 83, 81, 81, 78, 74, 74, 67, 68, 69,
    71, 75, 76, 82, 79, 82, 83, 80, 79, 75, 71, 69, 70, 70, 69, 68, 73,
    74, 78, 79, 80, 81, 81, 83, 82, 83, 82, 80, 79, 74, 78, 74, 76, 75,
    74 ]
