%YAML:1.0
---
videoName: "headLookLeft1.mp4"
gestureLabel: 203
fps: 30
pixelSizeInCmTemp: 3.6287878787878786e-01
faceCenterPointX: 276
faceCenterPointY: 73
headPositionsX: [ 276, 258, 256, 256, 256, 259, 257, 257, 258, 254, 255,
    257, 258, 257, 255, 257, 258, 255, 254, 254, 259, 256, 259, 254, 255,
    256, 255, 255, 257, 255, 257, 259, 257, 258, 258, 257, 257, 254, 255,
    257, 257, 256, 257, 258, 254, 254, 257, 257, 255, 255, 255, 257, 257,
    256, 253, 255, 257, 254, 255, 260, 258, 264, 262, 268, 267, 269, 272,
    276, 276, 276, 277, 275, 276, 271, 273, 281, 280, 275, 277, 278, 278,
    277, 277, 280, 279, 277, 277, 282, 277, 279, 279, 278, 276, 277, 274,
    274, 280, 274, 276, 273 ]
headPositionsY: [ 75, 77, 74, 73, 77, 74, 78, 76, 77, 76, 74, 75, 76, 76,
    76, 76, 76, 75, 77, 79, 77, 77, 75, 76, 79, 80, 78, 78, 76, 76, 76,
    76, 77, 78, 79, 79, 78, 79, 78, 76, 80, 80, 79, 76, 78, 78, 80, 79,
    78, 76, 80, 80, 78, 76, 76, 79, 81, 79, 79, 77, 80, 81, 78, 77, 78,
    75, 78, 78, 78, 79, 77, 75, 76, 76, 73, 75, 75, 77, 79, 74, 77, 74,
    74, 75, 76, 76, 73, 76, 77, 76, 77, 77, 75, 73, 76, 77, 76, 78, 72,
    75 ]
