%YAML:1.0
---
videoName: "headShake20.mp4"
gestureLabel: 201
fps: 29
pixelSizeInCmTemp: 3.3263888888888887e-01
faceCenterPointX: 242
faceCenterPointY: 78
headPositionsX: [ 240, 242, 246, 244, 243, 245, 244, 242, 243, 245, 243,
    241, 242, 242, 243, 244, 244, 242, 241, 243, 241, 244, 245, 245, 244,
    242, 245, 241, 242, 241, 243, 243, 244, 243, 245, 242, 242, 240, 246,
    246, 248, 253, 253, 259, 258, 257, 259, 253, 248, 244, 235, 232, 231,
    232, 232, 235, 239, 243, 250, 249, 253, 250, 249, 246, 241, 238, 237,
    235, 233, 232, 233, 238, 242, 244, 245, 244, 248, 243, 243, 241, 239,
    242, 241, 238, 240, 242, 244, 243, 244, 244, 241, 246, 244, 244, 242,
    241, 244, 243, 240, 241 ]
headPositionsY: [ 76, 77, 76, 75, 77, 76, 77, 74, 78, 79, 74, 75, 76, 78,
    76, 74, 75, 75, 76, 77, 78, 76, 74, 76, 76, 75, 74, 76, 78, 79, 76,
    75, 78, 74, 75, 76, 77, 78, 78, 76, 76, 75, 76, 74, 72, 74, 73, 79,
    76, 76, 78, 78, 78, 75, 76, 77, 75, 74, 76, 76, 75, 73, 76, 74, 76,
    74, 77, 76, 77, 79, 75, 79, 75, 79, 79, 79, 75, 78, 79, 78, 77, 77,
    78, 77, 76, 78, 78, 77, 79, 79, 79, 79, 77, 80, 76, 75, 76, 75, 75,
    75 ]
