%YAML:1.0
---
videoName: "headNod15.mp4"
gestureLabel: 202
fps: 29
pixelSizeInCmTemp: 3.1933333333333330e-01
faceCenterPointX: 255
faceCenterPointY: 74
headPositionsX: [ 255, 256, 256, 254, 258, 259, 255, 257, 255, 257, 258,
    259, 255, 257, 254, 254, 255, 256, 255, 255, 254, 256, 253, 257, 255,
    255, 257, 254, 253, 256, 257, 256, 255, 255, 256, 258, 257, 255, 256,
    257, 257, 257, 254, 254, 256, 253, 256, 254, 254, 256, 257, 256, 257,
    254, 254, 256, 256, 255, 254, 256, 256, 254, 254, 254, 254, 258, 256,
    258, 255, 253, 253, 257, 255, 255, 254, 252, 253, 254, 253, 255, 252,
    254, 254, 256, 254, 255, 255, 256, 252, 254, 255, 252, 255, 255, 256,
    254, 256, 254, 256, 252 ]
headPositionsY: [ 72, 75, 72, 72, 72, 76, 71, 74, 75, 75, 72, 76, 71, 74,
    75, 72, 72, 76, 72, 73, 74, 76, 73, 74, 75, 72, 75, 74, 72, 72, 75,
    75, 76, 74, 76, 76, 76, 76, 81, 82, 83, 80, 77, 79, 74, 73, 69, 72,
    69, 75, 77, 79, 82, 82, 79, 79, 73, 72, 71, 71, 71, 74, 76, 77, 80,
    84, 84, 83, 78, 77, 75, 73, 68, 69, 74, 75, 74, 77, 77, 77, 73, 72,
    69, 71, 68, 72, 69, 70, 74, 73, 72, 72, 75, 70, 74, 73, 71, 73, 74,
    72 ]
