%YAML:1.0
---
videoName: "headLookLeft2.mp4"
gestureLabel: 203
fps: 29
pixelSizeInCmTemp: 3.6846153846153845e-01
faceCenterPointX: 278
faceCenterPointY: 74
headPositionsX: [ 280, 259, 261, 257, 258, 258, 259, 257, 258, 260, 258,
    260, 257, 258, 259, 259, 258, 259, 261, 260, 263, 266, 266, 267, 268,
    270, 270, 273, 272, 276, 278, 277, 278, 277, 278, 283, 281, 281, 279,
    276, 280, 279, 281, 280, 282, 279, 279, 280, 285, 282, 280, 283, 284,
    281, 278, 280, 280, 274, 281, 278, 285, 279, 278, 282, 279, 278, 281,
    283, 282, 281, 278, 281, 283, 277, 275, 279, 279, 278, 279, 283, 277,
    279, 278, 280, 284, 278, 282, 281, 279, 284, 281, 281, 285, 280, 276,
    278, 280, 283, 287, 279 ]
headPositionsY: [ 73, 75, 73, 75, 74, 77, 74, 75, 77, 76, 77, 78, 74, 73,
    74, 77, 77, 73, 78, 75, 73, 77, 75, 77, 76, 75, 75, 75, 74, 74, 73,
    75, 72, 76, 75, 78, 74, 73, 75, 74, 73, 74, 74, 74, 73, 76, 75, 75,
    77, 74, 72, 74, 74, 74, 74, 73, 74, 72, 71, 73, 73, 73, 73, 74, 72,
    72, 72, 78, 74, 75, 76, 75, 73, 73, 75, 74, 75, 77, 72, 76, 75, 72,
    73, 76, 76, 74, 76, 76, 73, 74, 74, 75, 76, 72, 72, 73, 73, 75, 77,
    75 ]
