%YAML:1.0
---
videoName: "headNod20.mp4"
gestureLabel: 202
fps: 30
pixelSizeInCmTemp: 3.2808219178082193e-01
faceCenterPointX: 253
faceCenterPointY: 80
headPositionsX: [ 254, 258, 257, 255, 254, 257, 256, 258, 255, 258, 253,
    254, 257, 253, 255, 257, 258, 258, 257, 258, 254, 256, 254, 254, 255,
    253, 256, 253, 256, 255, 255, 253, 253, 257, 255, 252, 253, 254, 254,
    253, 254, 251, 255, 254, 253, 254, 254, 253, 252, 250, 251, 252, 252,
    251, 251, 251, 250, 252, 250, 250, 254, 252, 254, 253, 253, 254, 253,
    252, 253, 254, 253, 251, 252, 253, 255, 252, 255, 251, 252, 253, 254,
    252, 255, 255, 252, 252, 254, 254, 251, 254, 253, 251, 254, 253, 253,
    253, 254, 252, 251, 256 ]
headPositionsY: [ 81, 79, 77, 79, 79, 76, 80, 79, 78, 79, 77, 76, 78, 79,
    77, 77, 81, 79, 80, 77, 80, 79, 80, 78, 78, 78, 80, 79, 79, 83, 83,
    86, 88, 86, 88, 81, 79, 79, 74, 70, 72, 69, 74, 75, 78, 78, 82, 89,
    87, 88, 85, 84, 83, 76, 78, 76, 78, 77, 82, 84, 85, 85, 81, 81, 80,
    77, 82, 79, 81, 83, 84, 82, 79, 77, 77, 81, 81, 82, 80, 80, 80, 80,
    81, 79, 82, 80, 82, 80, 83, 83, 82, 79, 79, 81, 81, 78, 80, 82, 81,
    82 ]
