%YAML:1.0
---
videoName: "headShake35.mp4"
gestureLabel: 201
fps: 29
pixelSizeInCmTemp: 3.2364864864864862e-01
faceCenterPointX: 267
faceCenterPointY: 82
headPositionsX: [ 265, 269, 268, 264, 268, 267, 267, 267, 270, 267, 269,
    266, 269, 267, 270, 270, 269, 269, 270, 269, 266, 269, 267, 266, 270,
    269, 266, 269, 266, 269, 270, 269, 267, 267, 268, 268, 267, 270, 270,
    268, 267, 268, 267, 268, 266, 266, 266, 267, 267, 270, 266, 269, 267,
    267, 266, 269, 267, 266, 268, 266, 270, 269, 270, 273, 272, 274, 276,
    281, 279, 279, 278, 270, 266, 262, 261, 258, 261, 263, 267, 271, 274,
    274, 275, 272, 268, 268, 265, 262, 263, 261, 265, 266, 263, 265, 265,
    267, 265, 266, 265, 266 ]
headPositionsY: [ 81, 77, 82, 79, 79, 78, 79, 78, 78, 80, 78, 81, 82, 82,
    81, 80, 80, 78, 79, 80, 78, 77, 82, 80, 78, 78, 79, 82, 80, 80, 81,
    80, 81, 79, 80, 80, 79, 82, 80, 82, 79, 78, 79, 79, 82, 79, 83, 78,
    78, 83, 81, 80, 79, 81, 81, 83, 82, 79, 79, 82, 80, 83, 78, 81, 81,
    78, 80, 80, 81, 83, 79, 83, 78, 79, 79, 80, 80, 84, 83, 82, 84, 82,
    80, 83, 84, 80, 79, 83, 83, 80, 82, 80, 82, 80, 80, 80, 82, 81, 80,
    83 ]
