%YAML:1.0
---
videoName: "headNod23.mp4"
gestureLabel: 202
fps: 29
pixelSizeInCmTemp: 3.1933333333333330e-01
faceCenterPointX: 273
faceCenterPointY: 75
headPositionsX: [ 274, 275, 273, 276, 275, 274, 272, 274, 272, 276, 274,
    275, 273, 274, 275, 275, 272, 275, 272, 275, 275, 277, 274, 272, 275,
    275, 276, 274, 277, 276, 275, 273, 274, 276, 276, 273, 273, 272, 273,
    270, 272, 272, 270, 272, 273, 271, 270, 270, 271, 275, 274, 274, 273,
    273, 272, 273, 273, 273, 271, 271, 273, 274, 274, 272, 274, 272, 275,
    276, 274, 272, 273, 274, 275, 275, 275, 274, 275, 272, 271, 272, 271,
    274, 275, 274, 276, 273, 272, 277, 273, 275, 274, 274, 271, 275, 273,
    276, 275, 271, 273, 274 ]
headPositionsY: [ 74, 78, 76, 75, 76, 74, 75, 78, 75, 76, 75, 76, 79, 75,
    75, 75, 78, 78, 76, 79, 78, 79, 79, 75, 72, 73, 69, 69, 65, 66, 65,
    62, 68, 65, 68, 69, 71, 75, 77, 83, 80, 84, 81, 79, 78, 73, 71, 70,
    66, 69, 66, 69, 71, 70, 71, 77, 75, 77, 79, 78, 76, 76, 76, 74, 72,
    70, 71, 68, 70, 72, 69, 74, 77, 76, 77, 80, 77, 78, 76, 78, 74, 77,
    74, 72, 74, 74, 71, 73, 71, 72, 74, 73, 76, 75, 75, 78, 77, 77, 75,
    77 ]
