%YAML:1.0
---
videoName: "headNod34.mp4"
gestureLabel: 202
fps: 29
pixelSizeInCmTemp: 2.9567901234567900e-01
faceCenterPointX: 266
faceCenterPointY: 78
headPositionsX: [ 266, 269, 271, 268, 267, 270, 271, 271, 270, 268, 271,
    270, 269, 268, 270, 268, 269, 267, 271, 266, 268, 271, 270, 268, 271,
    271, 268, 270, 271, 267, 270, 270, 267, 271, 268, 271, 268, 271, 271,
    268, 271, 271, 270, 270, 269, 270, 272, 269, 269, 270, 270, 270, 271,
    268, 267, 271, 270, 268, 272, 271, 270, 269, 270, 270, 271, 270, 271,
    269, 268, 268, 268, 267, 270, 268, 265, 268, 266, 265, 266, 266, 264,
    264, 266, 264, 264, 265, 264, 266, 267, 268, 267, 265, 266, 264, 264,
    266, 264, 268, 265, 269 ]
headPositionsY: [ 78, 75, 77, 77, 77, 75, 74, 74, 75, 74, 78, 75, 78, 76,
    77, 76, 79, 75, 75, 77, 79, 76, 76, 79, 78, 76, 77, 74, 76, 74, 77,
    77, 77, 77, 78, 76, 76, 75, 73, 69, 72, 70, 72, 73, 83, 84, 88, 86,
    85, 83, 78, 74, 75, 74, 70, 75, 73, 79, 78, 82, 83, 85, 79, 79, 77,
    78, 74, 78, 80, 83, 84, 85, 85, 82, 82, 81, 77, 79, 78, 80, 77, 82,
    82, 86, 84, 81, 81, 78, 81, 80, 76, 80, 77, 80, 81, 79, 82, 79, 81,
    80 ]
