%YAML:1.0
---
videoName: "headNod11.mp4"
gestureLabel: 202
fps: 29
pixelSizeInCmTemp: 3.2364864864864862e-01
faceCenterPointX: 261
faceCenterPointY: 75
headPositionsX: [ 261, 260, 262, 260, 260, 258, 261, 262, 257, 260, 260,
    257, 258, 261, 259, 257, 258, 258, 262, 261, 261, 262, 261, 261, 259,
    262, 258, 262, 262, 259, 260, 262, 262, 257, 259, 259, 261, 262, 261,
    259, 261, 259, 262, 261, 260, 262, 262, 260, 262, 259, 263, 261, 259,
    260, 261, 262, 263, 259, 260, 261, 260, 257, 261, 258, 259, 257, 260,
    259, 255, 260, 256, 258, 259, 256, 257, 254, 259, 256, 257, 258, 258,
    258, 258, 260, 260, 261, 258, 259, 259, 258, 260, 262, 258, 258, 262,
    258, 261, 260, 258, 258 ]
headPositionsY: [ 77, 76, 72, 76, 76, 76, 76, 76, 72, 76, 72, 76, 72, 74,
    72, 75, 73, 76, 72, 72, 74, 75, 76, 75, 73, 73, 76, 73, 74, 76, 75,
    77, 76, 73, 77, 75, 77, 74, 74, 76, 75, 77, 75, 73, 76, 77, 75, 73,
    74, 71, 68, 69, 68, 67, 70, 71, 74, 77, 77, 78, 79, 78, 79, 73, 72,
    68, 68, 70, 69, 72, 74, 77, 78, 79, 81, 81, 79, 76, 78, 72, 70, 71,
    73, 70, 73, 74, 77, 80, 80, 78, 79, 79, 77, 78, 74, 78, 74, 75, 75,
    77 ]
