%YAML:1.0
---
videoName: "headNod15.mp4"
gestureLabel: 202
fps: 29
pixelSizeInCmTemp: 3.1933333333333330e-01
faceCenterPointX: 255
faceCenterPointY: 74
headPositionsX: [ 254, 257, 257, 255, 258, 255, 255, 259, 254, 259, 257,
    258, 257, 258, 254, 255, 255, 257, 255, 256, 256, 256, 255, 256, 256,
    256, 258, 254, 255, 255, 256, 253, 255, 256, 256, 256, 253, 257, 254,
    255, 255, 253, 257, 255, 254, 254, 255, 253, 256, 256, 253, 255, 253,
    256, 256, 256, 256, 256, 254, 254, 252, 253, 253, 254, 253, 257, 258,
    256, 256, 253, 257, 254, 255, 254, 254, 251, 251, 252, 251, 254, 254,
    255, 255, 253, 255, 254, 255, 252, 255, 253, 254, 252, 252, 255, 254,
    256, 252, 256, 256, 255 ]
headPositionsY: [ 73, 74, 76, 73, 74, 75, 75, 71, 71, 75, 73, 73, 74, 75,
    73, 72, 71, 73, 71, 72, 74, 74, 71, 71, 75, 71, 71, 75, 75, 75, 73,
    76, 75, 75, 74, 74, 77, 80, 79, 80, 81, 84, 78, 75, 76, 73, 72, 69,
    71, 72, 79, 81, 80, 82, 79, 78, 77, 74, 69, 71, 71, 74, 73, 80, 79,
    81, 84, 83, 80, 77, 73, 73, 70, 72, 70, 76, 78, 80, 79, 74, 72, 70,
    69, 70, 68, 68, 73, 70, 73, 72, 74, 76, 73, 72, 75, 72, 74, 71, 73,
    72 ]
