%YAML:1.0
---
videoName: "headShake44.mp4"
gestureLabel: 201
fps: 30
pixelSizeInCmTemp: 3.2808219178082193e-01
faceCenterPointX: 260
faceCenterPointY: 84
headPositionsX: [ 259, 260, 262, 259, 262, 263, 261, 260, 260, 260, 260,
    261, 259, 263, 260, 262, 262, 260, 262, 263, 262, 260, 260, 261, 260,
    258, 259, 261, 263, 262, 258, 259, 259, 261, 260, 262, 261, 261, 263,
    263, 264, 269, 271, 276, 277, 274, 273, 269, 260, 255, 255, 250, 250,
    252, 254, 264, 268, 272, 269, 270, 269, 264, 257, 256, 254, 258, 258,
    266, 267, 273, 271, 271, 267, 264, 257, 256, 254, 251, 255, 255, 258,
    258, 258, 262, 263, 261, 260, 260, 263, 264, 260, 262, 259, 263, 258,
    261, 261, 261, 259, 259 ]
headPositionsY: [ 83, 85, 80, 82, 81, 82, 82, 84, 81, 82, 84, 81, 82, 81,
    85, 80, 83, 82, 81, 80, 81, 84, 84, 83, 84, 83, 85, 81, 81, 83, 84,
    83, 84, 84, 84, 83, 84, 82, 83, 85, 82, 82, 83, 80, 80, 82, 80, 87,
    86, 84, 85, 85, 85, 85, 82, 85, 82, 83, 83, 85, 85, 83, 83, 82, 86,
    83, 86, 82, 83, 82, 84, 85, 85, 83, 83, 84, 84, 84, 86, 86, 82, 85,
    82, 85, 84, 83, 83, 84, 87, 86, 83, 83, 85, 84, 86, 83, 82, 84, 85,
    85 ]
