%YAML:1.0
---
videoName: "headNod34.mp4"
gestureLabel: 202
fps: 29
pixelSizeInCmTemp: 2.9567901234567900e-01
faceCenterPointX: 266
faceCenterPointY: 78
headPositionsX: [ 265, 268, 268, 268, 271, 270, 268, 268, 271, 266, 269,
    266, 269, 271, 268, 269, 270, 267, 268, 269, 268, 270, 269, 268, 271,
    269, 270, 269, 270, 271, 270, 270, 270, 270, 269, 269, 268, 270, 270,
    272, 268, 270, 270, 268, 269, 269, 272, 268, 271, 271, 269, 267, 270,
    267, 270, 267, 269, 271, 273, 270, 270, 271, 272, 269, 268, 268, 269,
    269, 271, 267, 269, 267, 270, 267, 266, 265, 265, 268, 265, 266, 268,
    265, 263, 264, 264, 267, 267, 267, 265, 266, 266, 267, 265, 264, 267,
    267, 265, 265, 267, 266 ]
headPositionsY: [ 78, 77, 76, 77, 76, 74, 78, 77, 79, 74, 78, 78, 78, 77,
    74, 77, 79, 76, 76, 77, 75, 74, 78, 78, 77, 78, 77, 76, 74, 76, 75,
    78, 74, 79, 76, 76, 77, 72, 70, 71, 70, 73, 76, 75, 79, 86, 89, 85,
    85, 83, 79, 77, 75, 74, 71, 73, 72, 76, 78, 80, 83, 82, 80, 81, 77,
    81, 74, 80, 77, 83, 81, 86, 85, 83, 81, 78, 78, 79, 75, 76, 78, 79,
    83, 85, 84, 82, 81, 77, 77, 79, 78, 80, 80, 81, 80, 79, 81, 78, 80,
    79 ]
