%YAML:1.0
---
videoName: "headLookRight1.mp4"
gestureLabel: 204
fps: 29
pixelSizeInCmTemp: 3.3263888888888887e-01
faceCenterPointX: 232
faceCenterPointY: 68
headPositionsX: [ 232, 258, 258, 255, 258, 254, 254, 256, 254, 254, 258,
    258, 255, 256, 254, 254, 254, 255, 256, 255, 257, 254, 254, 258, 253,
    256, 254, 254, 253, 256, 253, 251, 250, 247, 247, 244, 242, 240, 238,
    233, 233, 233, 229, 232, 232, 232, 231, 225, 228, 232, 231, 231, 233,
    229, 234, 231, 232, 235, 233, 235, 233, 232, 232, 231, 231, 234, 232,
    233, 233, 232, 234, 230, 230, 231, 238, 234, 229, 231, 233, 233, 233,
    231, 231, 232, 232, 231, 232, 233, 232, 233, 232, 232, 232, 229, 230,
    230, 233, 233, 231, 233 ]
headPositionsY: [ 68, 67, 69, 68, 70, 66, 67, 70, 69, 69, 69, 69, 69, 67,
    67, 68, 66, 68, 67, 67, 68, 69, 66, 69, 69, 70, 69, 67, 69, 71, 69,
    70, 68, 67, 69, 68, 66, 69, 67, 69, 69, 70, 68, 66, 66, 67, 66, 71,
    69, 70, 71, 69, 72, 67, 66, 70, 68, 67, 67, 67, 68, 69, 70, 69, 69,
    68, 66, 67, 67, 68, 68, 66, 67, 67, 67, 70, 70, 66, 68, 67, 68, 66,
    69, 67, 66, 68, 67, 68, 66, 69, 67, 66, 65, 68, 69, 66, 66, 67, 69,
    68 ]
