%YAML:1.0
---
videoName: "headNod20.mp4"
gestureLabel: 202
fps: 30
pixelSizeInCmTemp: 3.2808219178082193e-01
faceCenterPointX: 253
faceCenterPointY: 80
headPositionsX: [ 255, 255, 254, 257, 257, 255, 257, 255, 256, 254, 256,
    257, 254, 256, 258, 256, 254, 258, 257, 256, 253, 256, 256, 253, 254,
    257, 258, 256, 256, 254, 254, 256, 254, 257, 254, 252, 252, 255, 255,
    252, 254, 253, 253, 251, 252, 251, 255, 251, 252, 250, 254, 253, 254,
    250, 253, 251, 253, 251, 249, 253, 254, 251, 252, 250, 252, 254, 252,
    254, 253, 252, 253, 252, 253, 251, 251, 251, 255, 252, 250, 250, 251,
    252, 255, 253, 253, 250, 251, 254, 252, 253, 255, 253, 254, 252, 255,
    253, 254, 253, 254, 252 ]
headPositionsY: [ 78, 76, 77, 76, 77, 78, 76, 79, 78, 76, 79, 78, 78, 78,
    78, 79, 77, 79, 77, 80, 77, 80, 78, 77, 79, 77, 81, 80, 81, 84, 85,
    84, 88, 88, 88, 84, 78, 78, 77, 72, 70, 71, 72, 74, 78, 81, 84, 88,
    89, 86, 86, 84, 81, 76, 78, 74, 78, 81, 81, 83, 81, 85, 81, 78, 77,
    76, 79, 78, 79, 82, 81, 82, 78, 76, 76, 81, 82, 79, 80, 83, 82, 80,
    80, 79, 80, 81, 81, 83, 80, 80, 80, 82, 82, 81, 82, 81, 82, 78, 81,
    83 ]
