%YAML:1.0
---
videoName: "headLookLeft8.mp4"
gestureLabel: 203
fps: 29
pixelSizeInCmTemp: 3.6287878787878786e-01
faceCenterPointX: 273
faceCenterPointY: 69
headPositionsX: [ 272, 244, 241, 240, 243, 242, 243, 243, 243, 240, 242,
    243, 242, 241, 245, 242, 246, 245, 249, 249, 249, 247, 245, 245, 245,
    249, 246, 245, 245, 248, 245, 244, 245, 249, 249, 247, 243, 244, 244,
    245, 245, 246, 247, 245, 246, 245, 245, 246, 246, 245, 248, 246, 249,
    247, 251, 249, 252, 257, 258, 260, 264, 265, 269, 274, 267, 272, 276,
    283, 283, 276, 278, 276, 276, 276, 276, 276, 273, 274, 278, 280, 279,
    280, 278, 273, 274, 273, 279, 276, 275, 276, 277, 277, 275, 273, 277,
    271, 276, 275, 273, 271 ]
headPositionsY: [ 68, 68, 68, 67, 68, 68, 66, 68, 66, 67, 68, 66, 69, 66,
    68, 66, 67, 69, 71, 69, 71, 71, 68, 70, 67, 70, 69, 69, 72, 73, 73,
    69, 71, 74, 72, 74, 72, 71, 70, 72, 73, 69, 72, 71, 74, 73, 73, 72,
    72, 74, 71, 73, 75, 73, 71, 72, 74, 69, 71, 71, 71, 72, 68, 70, 69,
    71, 71, 71, 69, 71, 71, 70, 72, 71, 68, 68, 69, 67, 70, 69, 72, 69,
    71, 68, 66, 68, 71, 71, 67, 70, 69, 68, 67, 71, 72, 69, 69, 70, 68,
    70 ]
