%YAML:1.0
---
videoName: "headLookLeft1.mp4"
gestureLabel: 203
fps: 30
pixelSizeInCmTemp: 3.6287878787878786e-01
faceCenterPointX: 276
faceCenterPointY: 73
headPositionsX: [ 278, 258, 256, 258, 259, 255, 256, 257, 256, 255, 257,
    257, 256, 258, 254, 254, 254, 258, 255, 256, 259, 254, 255, 254, 254,
    257, 258, 258, 255, 257, 258, 258, 256, 254, 255, 257, 254, 257, 255,
    255, 255, 255, 255, 254, 258, 253, 257, 254, 257, 257, 253, 257, 254,
    256, 256, 255, 257, 257, 255, 257, 261, 264, 261, 266, 266, 270, 272,
    275, 273, 276, 278, 277, 275, 273, 270, 277, 279, 277, 275, 278, 280,
    277, 278, 280, 277, 280, 277, 282, 277, 277, 278, 277, 276, 277, 274,
    275, 279, 277, 277, 275 ]
headPositionsY: [ 71, 74, 77, 74, 74, 76, 77, 74, 77, 77, 73, 77, 73, 74,
    74, 77, 76, 75, 75, 77, 78, 76, 78, 76, 78, 79, 79, 76, 79, 77, 78,
    76, 79, 78, 80, 78, 76, 79, 80, 78, 80, 80, 78, 78, 80, 80, 77, 80,
    77, 78, 79, 80, 76, 79, 78, 78, 77, 78, 81, 80, 79, 77, 75, 77, 76,
    77, 77, 79, 78, 80, 76, 77, 77, 77, 75, 74, 73, 75, 77, 74, 76, 73,
    73, 75, 77, 76, 75, 76, 74, 78, 73, 75, 75, 77, 77, 75, 77, 78, 76,
    71 ]
