%YAML:1.0
---
videoName: "headShake0.mp4"
gestureLabel: 201
fps: 29
pixelSizeInCmTemp: 3.2808219178082193e-01
faceCenterPointX: 279
faceCenterPointY: 94
headPositionsX: [ 279, 280, 279, 280, 278, 277, 278, 277, 279, 279, 278,
    279, 280, 277, 276, 281, 277, 281, 278, 277, 279, 278, 277, 280, 279,
    280, 280, 280, 277, 279, 276, 278, 278, 276, 276, 278, 279, 278, 277,
    281, 280, 283, 287, 286, 292, 295, 299, 302, 303, 298, 296, 293, 287,
    282, 276, 273, 271, 271, 276, 275, 282, 285, 291, 288, 290, 288, 288,
    284, 278, 276, 271, 272, 273, 274, 281, 284, 284, 284, 283, 281, 280,
    281, 278, 276, 275, 276, 275, 277, 277, 280, 279, 277, 280, 281, 278,
    280, 277, 279, 277, 278 ]
headPositionsY: [ 92, 95, 95, 93, 93, 95, 92, 91, 94, 94, 95, 94, 91, 92,
    91, 91, 92, 95, 95, 93, 92, 94, 93, 95, 92, 95, 95, 92, 93, 93, 94,
    93, 95, 91, 91, 95, 94, 93, 91, 95, 92, 93, 91, 93, 93, 92, 92, 91,
    94, 90, 93, 93, 94, 91, 93, 92, 93, 91, 91, 94, 93, 92, 91, 92, 92,
    93, 94, 91, 94, 94, 94, 93, 90, 94, 92, 93, 91, 91, 93, 93, 93, 92,
    92, 94, 92, 92, 92, 92, 93, 96, 93, 95, 93, 94, 95, 93, 96, 97, 93,
    97 ]
