%YAML:1.0
---
videoName: "headShake14.mp4"
gestureLabel: 201
fps: 29
pixelSizeInCmTemp: 3.2364864864864862e-01
faceCenterPointX: 244
faceCenterPointY: 76
headPositionsX: [ 244, 246, 243, 248, 244, 244, 248, 243, 246, 244, 245,
    243, 243, 244, 244, 243, 242, 244, 246, 245, 243, 244, 244, 245, 246,
    247, 250, 251, 254, 257, 262, 263, 262, 260, 258, 252, 245, 239, 237,
    230, 227, 224, 229, 226, 231, 237, 245, 249, 254, 256, 257, 259, 254,
    248, 248, 243, 240, 236, 233, 234, 232, 233, 237, 236, 242, 242, 242,
    249, 246, 247, 250, 251, 248, 246, 248, 246, 243, 240, 241, 239, 241,
    240, 241, 242, 242, 241, 245, 246, 244, 244, 243, 245, 242, 243, 246,
    244, 243, 244, 244, 243 ]
headPositionsY: [ 76, 76, 75, 77, 76, 77, 76, 76, 75, 74, 78, 74, 75, 75,
    73, 73, 77, 76, 76, 77, 74, 76, 74, 76, 75, 73, 75, 73, 75, 76, 73,
    72, 73, 76, 72, 77, 74, 75, 77, 77, 75, 76, 77, 72, 76, 73, 76, 72,
    72, 73, 70, 72, 74, 76, 76, 73, 73, 77, 73, 74, 77, 77, 73, 76, 77,
    73, 78, 74, 78, 75, 74, 77, 76, 77, 76, 75, 76, 73, 74, 74, 74, 75,
    75, 74, 76, 76, 78, 74, 74, 78, 77, 78, 75, 74, 77, 74, 77, 77, 78,
    75 ]
