%YAML:1.0
---
videoName: "headNod3.mp4"
gestureLabel: 202
fps: 29
pixelSizeInCmTemp: 3.1933333333333330e-01
faceCenterPointX: 264
faceCenterPointY: 76
headPositionsX: [ 266, 262, 263, 265, 264, 265, 265, 263, 267, 266, 269,
    266, 265, 265, 268, 266, 266, 264, 267, 263, 265, 264, 266, 263, 265,
    264, 267, 264, 267, 264, 265, 265, 268, 267, 267, 268, 264, 264, 266,
    267, 264, 265, 265, 265, 266, 265, 266, 266, 266, 265, 265, 266, 266,
    264, 262, 264, 262, 262, 265, 263, 262, 262, 261, 263, 263, 262, 262,
    263, 262, 262, 263, 266, 261, 263, 261, 263, 264, 266, 263, 264, 263,
    261, 266, 262, 266, 261, 266, 262, 266, 266, 263, 266, 264, 265, 264,
    264, 266, 264, 262, 267 ]
headPositionsY: [ 76, 78, 78, 77, 76, 74, 78, 75, 75, 74, 75, 75, 73, 74,
    71, 71, 74, 72, 75, 73, 73, 70, 72, 74, 75, 73, 75, 74, 75, 76, 73,
    73, 76, 74, 77, 73, 72, 77, 76, 76, 73, 75, 74, 71, 72, 71, 68, 68,
    67, 64, 68, 69, 71, 75, 76, 78, 83, 81, 80, 76, 75, 72, 70, 67, 68,
    65, 69, 73, 76, 78, 83, 83, 83, 80, 79, 72, 70, 70, 65, 66, 66, 65,
    67, 71, 75, 75, 75, 78, 80, 78, 80, 76, 78, 77, 78, 79, 77, 78, 77,
    75 ]
