%YAML:1.0
---
videoName: "headLookRight5.mp4"
gestureLabel: 204
fps: 29
pixelSizeInCmTemp: 3.1513157894736843e-01
faceCenterPointX: 228
faceCenterPointY: 76
headPositionsX: [ 226, 250, 251, 248, 251, 248, 250, 252, 251, 249, 251,
    247, 252, 249, 248, 251, 249, 252, 247, 249, 248, 251, 251, 247, 250,
    248, 247, 251, 251, 248, 249, 248, 245, 245, 241, 239, 236, 237, 235,
    232, 232, 229, 224, 225, 223, 227, 225, 224, 225, 229, 226, 225, 219,
    227, 223, 227, 226, 226, 225, 223, 226, 223, 229, 225, 226, 225, 227,
    224, 226, 229, 228, 221, 227, 228, 224, 227, 229, 226, 226, 226, 223,
    224, 225, 225, 222, 226, 225, 222, 227, 228, 225, 226, 223, 227, 224,
    224, 223, 224, 223, 225 ]
headPositionsY: [ 78, 73, 74, 75, 75, 76, 73, 75, 77, 75, 75, 73, 76, 72,
    77, 73, 74, 77, 76, 77, 75, 74, 75, 73, 72, 76, 74, 77, 74, 73, 73,
    77, 75, 73, 74, 72, 73, 71, 75, 73, 71, 73, 73, 73, 75, 76, 74, 75,
    75, 75, 71, 72, 72, 74, 76, 77, 76, 74, 77, 77, 77, 75, 75, 75, 76,
    74, 75, 74, 74, 74, 75, 75, 74, 75, 71, 75, 71, 77, 72, 72, 77, 74,
    77, 76, 75, 75, 76, 72, 72, 76, 73, 75, 76, 77, 71, 76, 74, 75, 75,
    72 ]
