%YAML:1.0
---
videoName: "headShake36.mp4"
gestureLabel: 201
fps: 29
pixelSizeInCmTemp: 3.2364864864864862e-01
faceCenterPointX: 263
faceCenterPointY: 80
headPositionsX: [ 261, 263, 260, 261, 265, 265, 267, 266, 268, 274, 273,
    275, 280, 281, 280, 282, 286, 279, 278, 276, 277, 271, 271, 268, 260,
    258, 255, 255, 250, 247, 245, 247, 244, 244, 245, 245, 248, 247, 248,
    251, 256, 259, 267, 269, 269, 275, 276, 277, 278, 278, 281, 281, 281,
    275, 276, 272, 269, 267, 262, 257, 253, 256, 251, 252, 250, 250, 251,
    253, 251, 253, 254, 256, 259, 262, 261, 266, 266, 265, 268, 268, 269,
    265, 264, 267, 268, 264, 267, 263, 266, 265, 262, 265, 262, 264, 262,
    262, 263, 263, 265, 262 ]
headPositionsY: [ 79, 81, 77, 80, 79, 79, 78, 81, 79, 76, 79, 79, 79, 77,
    77, 78, 77, 79, 78, 78, 78, 82, 81, 83, 82, 82, 80, 77, 79, 78, 83,
    83, 83, 83, 83, 79, 80, 79, 79, 82, 82, 80, 81, 83, 77, 79, 80, 81,
    78, 79, 77, 78, 76, 78, 77, 81, 81, 79, 82, 81, 80, 81, 77, 78, 76,
    79, 77, 80, 80, 79, 81, 80, 82, 79, 81, 81, 79, 79, 79, 83, 82, 79,
    79, 79, 80, 79, 81, 82, 79, 81, 79, 82, 81, 78, 82, 80, 82, 80, 80,
    80 ]
