%YAML:1.0
---
videoName: "headLookLeft6.mp4"
gestureLabel: 203
fps: 29
pixelSizeInCmTemp: 3.2808219178082193e-01
faceCenterPointX: 267
faceCenterPointY: 69
headPositionsX: [ 266, 242, 244, 246, 245, 245, 246, 244, 247, 248, 246,
    243, 247, 247, 243, 245, 243, 247, 246, 246, 244, 243, 246, 247, 247,
    248, 248, 249, 251, 255, 252, 259, 258, 260, 263, 265, 269, 266, 267,
    269, 267, 271, 270, 265, 267, 269, 270, 271, 267, 269, 269, 267, 270,
    267, 265, 269, 268, 268, 269, 269, 266, 266, 269, 268, 268, 265, 266,
    265, 268, 265, 268, 269, 268, 265, 266, 268, 268, 266, 271, 269, 265,
    267, 265, 265, 267, 268, 268, 268, 266, 267, 267, 267, 266, 265, 266,
    267, 263, 264, 266, 265 ]
headPositionsY: [ 70, 73, 71, 74, 71, 71, 70, 69, 70, 74, 71, 73, 71, 73,
    71, 71, 74, 73, 72, 74, 74, 73, 70, 73, 70, 71, 71, 74, 72, 72, 69,
    73, 72, 72, 69, 68, 68, 69, 71, 72, 67, 72, 67, 72, 69, 69, 67, 69,
    71, 71, 70, 69, 68, 69, 69, 68, 71, 68, 72, 69, 71, 67, 68, 69, 68,
    69, 69, 68, 71, 72, 71, 70, 69, 72, 70, 71, 72, 70, 71, 72, 71, 71,
    69, 68, 68, 70, 69, 67, 69, 69, 70, 67, 68, 68, 68, 69, 72, 70, 68,
    69 ]
