%YAML:1.0
---
videoName: "headNod13.mp4"
gestureLabel: 202
fps: 29
pixelSizeInCmTemp: 3.2364864864864862e-01
faceCenterPointX: 253
faceCenterPointY: 79
headPositionsX: [ 251, 249, 253, 255, 250, 254, 252, 251, 252, 255, 256,
    253, 255, 255, 253, 254, 256, 255, 253, 253, 255, 252, 253, 256, 253,
    252, 253, 255, 255, 252, 253, 252, 256, 254, 252, 255, 252, 255, 251,
    255, 255, 251, 251, 254, 252, 253, 254, 253, 255, 254, 252, 253, 256,
    254, 252, 253, 256, 252, 256, 251, 256, 253, 251, 255, 252, 251, 254,
    252, 254, 253, 255, 256, 252, 252, 253, 254, 254, 253, 255, 252, 255,
    256, 255, 256, 252, 253, 255, 255, 252, 255, 253, 253, 254, 255, 254,
    251, 252, 252, 252, 253 ]
headPositionsY: [ 78, 73, 73, 74, 75, 75, 76, 71, 75, 76, 73, 74, 74, 72,
    74, 72, 72, 72, 75, 73, 73, 73, 71, 73, 73, 76, 72, 72, 75, 75, 72,
    74, 74, 74, 72, 76, 75, 75, 76, 74, 76, 74, 74, 72, 74, 76, 74, 75,
    72, 74, 68, 70, 68, 66, 67, 69, 74, 76, 74, 78, 79, 80, 79, 76, 75,
    73, 70, 70, 69, 70, 71, 74, 75, 78, 80, 81, 81, 76, 75, 75, 71, 72,
    73, 71, 74, 76, 76, 76, 80, 78, 79, 81, 78, 82, 76, 77, 80, 77, 81,
    79 ]
