%YAML:1.0
---
videoName: "headNod37.mp4"
gestureLabel: 202
fps: 29
pixelSizeInCmTemp: 2.9207317073170730e-01
faceCenterPointX: 269
faceCenterPointY: 78
headPositionsX: [ 269, 270, 269, 269, 270, 270, 273, 267, 268, 268, 272,
    268, 271, 271, 272, 269, 268, 268, 269, 268, 270, 267, 269, 268, 267,
    271, 268, 269, 266, 268, 268, 271, 269, 269, 269, 271, 271, 271, 268,
    272, 268, 271, 267, 270, 268, 271, 272, 269, 272, 268, 268, 268, 271,
    269, 269, 272, 269, 267, 268, 270, 269, 268, 267, 270, 268, 264, 265,
    265, 268, 267, 266, 268, 268, 267, 266, 268, 267, 271, 271, 268, 269,
    270, 269, 268, 272, 271, 271, 268, 271, 268, 272, 267, 270, 271, 267,
    271, 267, 269, 267, 267 ]
headPositionsY: [ 78, 74, 76, 75, 74, 74, 75, 76, 75, 76, 75, 77, 75, 75,
    76, 75, 75, 76, 77, 77, 76, 73, 78, 75, 75, 74, 76, 77, 77, 77, 78,
    76, 76, 79, 75, 77, 74, 76, 73, 74, 76, 75, 75, 75, 77, 75, 75, 76,
    78, 76, 75, 75, 74, 71, 68, 68, 67, 67, 68, 69, 71, 73, 77, 83, 87,
    90, 87, 87, 83, 81, 74, 72, 68, 66, 65, 68, 67, 65, 67, 68, 74, 73,
    77, 82, 83, 84, 84, 83, 81, 79, 80, 79, 80, 75, 79, 79, 75, 79, 80,
    79 ]
