%YAML:1.0
---
videoName: "headShake37.mp4"
gestureLabel: 201
fps: 30
pixelSizeInCmTemp: 3.1933333333333330e-01
faceCenterPointX: 263
faceCenterPointY: 83
headPositionsX: [ 263, 260, 260, 264, 261, 261, 260, 262, 264, 263, 261,
    263, 264, 260, 265, 262, 263, 262, 261, 262, 261, 262, 259, 261, 261,
    262, 262, 263, 262, 263, 264, 262, 260, 262, 261, 263, 261, 261, 265,
    264, 261, 261, 261, 261, 260, 261, 263, 266, 266, 268, 275, 277, 279,
    282, 282, 275, 273, 267, 257, 256, 251, 253, 253, 256, 261, 269, 272,
    270, 272, 272, 268, 266, 263, 257, 254, 255, 254, 254, 256, 256, 257,
    261, 262, 264, 266, 265, 264, 266, 268, 268, 263, 264, 262, 263, 263,
    264, 265, 262, 264, 263 ]
headPositionsY: [ 84, 83, 84, 83, 84, 81, 84, 84, 84, 85, 85, 84, 83, 81,
    82, 83, 82, 84, 85, 85, 85, 81, 83, 83, 83, 84, 85, 85, 85, 82, 81,
    83, 83, 83, 81, 84, 83, 84, 85, 85, 81, 83, 82, 82, 82, 84, 84, 85,
    82, 80, 82, 81, 80, 80, 81, 81, 84, 81, 81, 81, 83, 80, 83, 83, 84,
    83, 80, 78, 79, 81, 80, 85, 82, 82, 85, 80, 81, 81, 82, 84, 85, 82,
    84, 81, 83, 82, 83, 83, 81, 82, 83, 81, 85, 81, 84, 81, 84, 81, 84,
    80 ]
