%YAML:1.0
---
videoName: "headLookRight8.mp4"
gestureLabel: 204
fps: 29
pixelSizeInCmTemp: 3.1513157894736843e-01
faceCenterPointX: 218
faceCenterPointY: 80
headPositionsX: [ 219, 248, 247, 247, 248, 248, 248, 248, 246, 248, 249,
    247, 247, 246, 244, 248, 249, 248, 248, 244, 246, 247, 246, 247, 245,
    245, 247, 248, 246, 245, 246, 245, 246, 249, 248, 246, 245, 247, 248,
    245, 247, 244, 244, 248, 248, 245, 248, 248, 248, 246, 248, 243, 246,
    244, 248, 247, 248, 246, 244, 248, 244, 248, 244, 248, 248, 244, 245,
    245, 242, 245, 241, 241, 236, 235, 230, 228, 227, 224, 221, 220, 221,
    221, 218, 218, 219, 217, 220, 216, 218, 219, 218, 219, 220, 218, 222,
    216, 216, 220, 219, 216 ]
headPositionsY: [ 82, 76, 72, 75, 75, 74, 73, 75, 71, 72, 77, 75, 75, 74,
    74, 76, 75, 78, 77, 76, 76, 75, 78, 76, 76, 76, 75, 75, 77, 75, 74,
    77, 76, 76, 76, 78, 77, 76, 75, 77, 78, 78, 75, 77, 77, 77, 76, 75,
    76, 75, 76, 78, 77, 78, 76, 77, 74, 78, 77, 79, 77, 78, 77, 75, 77,
    75, 78, 76, 76, 75, 77, 80, 75, 78, 75, 76, 76, 75, 73, 75, 73, 80,
    75, 82, 75, 82, 78, 80, 79, 80, 82, 80, 74, 76, 75, 81, 78, 78, 82,
    80 ]
