%YAML:1.0
---
videoName: "headShake10.mp4"
gestureLabel: 201
fps: 29
pixelSizeInCmTemp: 3.3732394366197183e-01
faceCenterPointX: 240
faceCenterPointY: 74
headPositionsX: [ 242, 247, 246, 244, 247, 244, 246, 247, 244, 246, 245,
    247, 247, 246, 247, 247, 248, 245, 244, 247, 245, 247, 245, 246, 246,
    247, 244, 245, 244, 247, 244, 248, 246, 244, 245, 244, 244, 246, 245,
    248, 244, 246, 246, 245, 245, 245, 244, 243, 243, 245, 244, 249, 249,
    255, 258, 259, 260, 262, 261, 258, 257, 250, 247, 241, 238, 235, 233,
    229, 231, 233, 238, 241, 245, 247, 254, 255, 258, 256, 258, 252, 249,
    250, 247, 243, 242, 240, 239, 241, 240, 240, 238, 241, 240, 242, 242,
    239, 242, 243, 239, 242 ]
headPositionsY: [ 76, 71, 72, 73, 71, 74, 74, 73, 71, 71, 71, 76, 72, 74,
    71, 73, 73, 73, 75, 72, 71, 75, 73, 75, 71, 74, 74, 74, 74, 74, 74,
    72, 74, 71, 73, 74, 75, 70, 73, 72, 74, 74, 72, 75, 73, 72, 73, 76,
    71, 73, 75, 75, 74, 74, 70, 72, 70, 72, 69, 70, 72, 72, 76, 76, 74,
    73, 75, 72, 74, 73, 75, 73, 72, 71, 74, 71, 74, 71, 71, 76, 72, 77,
    73, 74, 75, 74, 74, 75, 77, 75, 76, 76, 74, 73, 77, 75, 76, 75, 76,
    77 ]
