%YAML:1.0
---
videoName: "headShake45.mp4"
gestureLabel: 201
fps: 30
pixelSizeInCmTemp: 3.3263888888888887e-01
faceCenterPointX: 262
faceCenterPointY: 84
headPositionsX: [ 261, 262, 264, 262, 260, 263, 263, 263, 264, 264, 264,
    262, 263, 263, 263, 263, 264, 262, 263, 263, 263, 262, 260, 261, 264,
    262, 259, 261, 263, 262, 262, 262, 264, 261, 260, 261, 263, 262, 259,
    256, 256, 257, 257, 264, 268, 273, 278, 281, 280, 279, 274, 265, 261,
    254, 256, 255, 258, 260, 268, 273, 275, 274, 274, 267, 266, 258, 258,
    253, 255, 261, 266, 268, 273, 271, 270, 267, 267, 261, 258, 258, 259,
    257, 262, 260, 263, 264, 261, 262, 258, 261, 261, 262, 262, 259, 264,
    264, 264, 263, 262, 260 ]
headPositionsY: [ 85, 79, 81, 81, 84, 80, 81, 82, 82, 83, 81, 82, 82, 83,
    82, 82, 80, 85, 84, 82, 80, 83, 81, 80, 82, 80, 83, 80, 81, 80, 80,
    85, 81, 81, 80, 80, 85, 83, 84, 83, 80, 80, 83, 81, 84, 79, 81, 79,
    78, 80, 85, 84, 84, 83, 83, 86, 83, 81, 80, 80, 81, 82, 81, 84, 82,
    81, 85, 81, 82, 80, 84, 84, 82, 81, 84, 80, 85, 82, 81, 80, 84, 82,
    83, 84, 83, 84, 83, 85, 86, 84, 85, 83, 82, 84, 83, 84, 84, 82, 81,
    83 ]
