%YAML:1.0
---
videoName: "headNod8.mp4"
gestureLabel: 202
fps: 29
pixelSizeInCmTemp: 3.1933333333333330e-01
faceCenterPointX: 262
faceCenterPointY: 74
headPositionsX: [ 263, 262, 262, 262, 260, 263, 262, 261, 262, 262, 263,
    260, 264, 262, 259, 260, 262, 261, 259, 261, 259, 263, 261, 264, 262,
    262, 263, 261, 262, 262, 260, 259, 260, 263, 259, 263, 261, 264, 262,
    262, 264, 262, 262, 260, 264, 260, 264, 264, 263, 263, 262, 259, 261,
    262, 263, 260, 263, 257, 260, 260, 263, 258, 263, 263, 260, 260, 263,
    260, 263, 263, 261, 260, 261, 260, 262, 258, 260, 262, 259, 263, 260,
    260, 261, 260, 263, 264, 261, 261, 265, 261, 262, 262, 261, 261, 261,
    264, 264, 261, 261, 262 ]
headPositionsY: [ 74, 78, 75, 74, 75, 76, 76, 79, 79, 74, 75, 74, 77, 78,
    78, 78, 79, 77, 76, 78, 76, 77, 75, 74, 78, 77, 77, 77, 76, 74, 77,
    78, 79, 78, 77, 75, 78, 78, 77, 75, 74, 70, 68, 69, 70, 66, 67, 71,
    69, 73, 75, 78, 83, 82, 81, 81, 77, 75, 73, 70, 72, 71, 71, 74, 76,
    81, 83, 85, 83, 81, 77, 76, 69, 69, 68, 73, 73, 74, 77, 81, 83, 83,
    79, 80, 74, 72, 74, 73, 72, 74, 73, 75, 76, 80, 79, 77, 77, 75, 77,
    74 ]
