%YAML:1.0
---
videoName: "headLookLeft4.mp4"
gestureLabel: 203
fps: 29
pixelSizeInCmTemp: 3.4710144927536229e-01
faceCenterPointX: 288
faceCenterPointY: 74
headPositionsX: [ 289, 264, 268, 263, 265, 265, 269, 269, 271, 274, 274,
    278, 283, 283, 284, 290, 294, 295, 297, 295, 295, 292, 295, 297, 293,
    296, 294, 297, 297, 294, 295, 296, 293, 295, 293, 292, 296, 294, 293,
    293, 290, 288, 294, 297, 295, 289, 288, 290, 288, 288, 291, 292, 292,
    290, 289, 287, 287, 290, 290, 288, 287, 287, 289, 289, 291, 290, 290,
    290, 286, 289, 286, 289, 291, 294, 287, 289, 293, 286, 293, 288, 293,
    288, 293, 293, 288, 291, 288, 290, 291, 289, 288, 289, 292, 287, 292,
    290, 288, 287, 289, 290 ]
headPositionsY: [ 75, 80, 80, 81, 77, 80, 81, 77, 80, 75, 78, 79, 75, 76,
    78, 75, 78, 77, 75, 81, 77, 77, 73, 78, 73, 74, 74, 80, 76, 75, 78,
    79, 80, 77, 73, 74, 78, 72, 78, 76, 75, 75, 74, 75, 74, 74, 74, 75,
    73, 76, 72, 74, 74, 76, 73, 75, 73, 75, 74, 77, 74, 73, 74, 76, 72,
    75, 74, 76, 73, 72, 73, 73, 73, 74, 76, 75, 77, 72, 77, 72, 74, 73,
    75, 74, 72, 75, 76, 74, 77, 76, 75, 75, 76, 74, 76, 74, 75, 72, 73,
    75 ]
