%YAML:1.0
---
videoName: "headNod12.mp4"
gestureLabel: 202
fps: 29
pixelSizeInCmTemp: 3.2808219178082193e-01
faceCenterPointX: 254
faceCenterPointY: 69
headPositionsX: [ 253, 255, 252, 253, 253, 254, 254, 252, 253, 257, 256,
    255, 256, 256, 256, 255, 255, 254, 256, 259, 256, 256, 256, 256, 257,
    257, 255, 254, 255, 253, 255, 254, 257, 256, 255, 254, 256, 254, 252,
    253, 252, 257, 256, 254, 256, 256, 257, 253, 252, 256, 254, 255, 253,
    253, 253, 251, 255, 256, 255, 252, 255, 252, 257, 253, 254, 255, 257,
    253, 255, 253, 252, 254, 254, 254, 255, 256, 255, 253, 254, 254, 255,
    253, 254, 255, 255, 256, 255, 257, 255, 256, 255, 255, 256, 255, 256,
    254, 254, 254, 253, 256 ]
headPositionsY: [ 71, 76, 72, 73, 70, 72, 73, 71, 73, 75, 75, 74, 76, 71,
    71, 75, 72, 74, 71, 71, 73, 71, 75, 71, 76, 73, 72, 73, 73, 73, 76,
    75, 73, 71, 72, 73, 70, 68, 64, 65, 61, 60, 61, 61, 62, 65, 70, 69,
    72, 74, 77, 81, 76, 75, 77, 72, 73, 65, 67, 63, 64, 65, 64, 67, 67,
    66, 71, 73, 75, 72, 78, 75, 76, 75, 74, 71, 71, 68, 70, 65, 67, 68,
    66, 66, 70, 71, 70, 74, 75, 75, 74, 72, 72, 74, 73, 73, 71, 69, 69,
    72 ]
