%YAML:1.0
---
videoName: "headShake37.mp4"
gestureLabel: 201
fps: 30
pixelSizeInCmTemp: 3.1933333333333330e-01
faceCenterPointX: 263
faceCenterPointY: 83
headPositionsX: [ 261, 262, 263, 264, 260, 260, 259, 262, 264, 263, 264,
    263, 264, 263, 263, 262, 264, 264, 262, 262, 260, 264, 260, 262, 261,
    261, 263, 262, 262, 264, 260, 264, 262, 260, 264, 265, 261, 263, 261,
    262, 260, 262, 260, 260, 262, 260, 262, 265, 266, 269, 273, 275, 282,
    282, 280, 276, 270, 264, 260, 253, 252, 251, 253, 260, 261, 269, 271,
    273, 275, 272, 266, 267, 259, 256, 254, 251, 252, 254, 255, 256, 257,
    261, 265, 266, 264, 265, 268, 265, 268, 268, 266, 264, 264, 263, 260,
    264, 262, 264, 266, 264 ]
headPositionsY: [ 85, 83, 82, 85, 82, 84, 84, 86, 83, 85, 84, 83, 83, 84,
    84, 82, 85, 81, 81, 84, 85, 81, 81, 85, 85, 82, 81, 82, 83, 83, 83,
    83, 82, 83, 85, 84, 83, 82, 82, 82, 84, 85, 81, 84, 85, 85, 81, 81,
    85, 82, 82, 81, 78, 80, 79, 82, 82, 84, 81, 82, 80, 81, 84, 84, 82,
    81, 80, 82, 82, 83, 80, 82, 82, 85, 83, 82, 85, 83, 81, 84, 83, 84,
    85, 83, 83, 81, 81, 82, 82, 82, 85, 83, 81, 82, 81, 83, 83, 84, 81,
    82 ]
