%YAML:1.0
---
videoName: "headShake16.mp4"
gestureLabel: 201
fps: 29
pixelSizeInCmTemp: 3.2364864864864862e-01
faceCenterPointX: 242
faceCenterPointY: 77
headPositionsX: [ 244, 244, 243, 242, 243, 244, 246, 241, 243, 245, 242,
    244, 242, 245, 246, 241, 241, 246, 241, 245, 243, 244, 242, 242, 244,
    242, 243, 244, 243, 241, 242, 244, 241, 241, 240, 242, 243, 242, 247,
    247, 251, 254, 254, 254, 253, 249, 249, 246, 239, 236, 236, 235, 236,
    236, 241, 241, 245, 248, 250, 251, 247, 246, 246, 241, 242, 239, 238,
    233, 233, 235, 237, 238, 239, 238, 242, 241, 243, 245, 245, 243, 245,
    239, 240, 242, 240, 238, 239, 237, 238, 240, 241, 240, 244, 244, 240,
    243, 244, 244, 244, 244 ]
headPositionsY: [ 76, 75, 74, 77, 75, 77, 75, 75, 77, 74, 74, 76, 77, 78,
    77, 77, 75, 76, 78, 74, 74, 78, 76, 75, 74, 78, 73, 74, 74, 76, 76,
    76, 74, 75, 76, 76, 76, 76, 78, 74, 74, 76, 75, 77, 75, 74, 78, 77,
    76, 78, 76, 75, 77, 76, 75, 77, 76, 75, 76, 75, 75, 78, 75, 78, 79,
    77, 74, 75, 77, 79, 79, 78, 74, 78, 79, 77, 78, 76, 77, 76, 78, 76,
    78, 75, 75, 74, 75, 76, 76, 79, 75, 74, 78, 75, 78, 74, 74, 79, 75,
    76 ]
