%YAML:1.0
---
videoName: "headNod19.mp4"
gestureLabel: 202
fps: 29
pixelSizeInCmTemp: 3.1933333333333330e-01
faceCenterPointX: 255
faceCenterPointY: 81
headPositionsX: [ 257, 259, 259, 258, 256, 257, 255, 258, 258, 256, 256,
    255, 258, 254, 254, 255, 253, 252, 253, 253, 253, 254, 251, 251, 250,
    250, 249, 249, 249, 254, 250, 250, 250, 251, 253, 254, 252, 252, 252,
    255, 254, 253, 255, 253, 257, 258, 257, 256, 257, 257, 257, 254, 254,
    254, 254, 255, 257, 257, 255, 256, 258, 252, 257, 256, 254, 257, 253,
    254, 255, 255, 255, 257, 257, 256, 255, 256, 257, 256, 255, 256, 257,
    254, 256, 254, 256, 255, 256, 254, 254, 256, 253, 255, 257, 254, 254,
    255, 256, 254, 258, 253 ]
headPositionsY: [ 82, 84, 84, 83, 82, 80, 77, 79, 77, 78, 75, 75, 77, 79,
    76, 79, 79, 76, 80, 80, 80, 81, 76, 79, 79, 79, 77, 77, 80, 79, 80,
    77, 76, 78, 77, 78, 81, 77, 78, 80, 77, 80, 78, 77, 77, 79, 79, 77,
    80, 77, 78, 79, 76, 81, 80, 79, 80, 80, 79, 77, 81, 78, 77, 77, 79,
    80, 76, 76, 74, 73, 73, 76, 76, 75, 82, 84, 84, 86, 83, 80, 78, 76,
    77, 77, 84, 83, 85, 86, 86, 82, 80, 80, 80, 80, 82, 83, 85, 83, 83,
    82 ]
