%YAML:1.0
---
videoName: "headShake20.mp4"
gestureLabel: 201
fps: 29
pixelSizeInCmTemp: 3.3263888888888887e-01
faceCenterPointX: 242
faceCenterPointY: 78
headPositionsX: [ 243, 244, 243, 242, 242, 242, 246, 243, 246, 244, 242,
    242, 244, 241, 242, 245, 241, 243, 245, 245, 243, 241, 242, 245, 242,
    244, 243, 245, 245, 242, 242, 245, 245, 243, 244, 241, 244, 242, 242,
    245, 248, 249, 253, 256, 261, 258, 257, 254, 248, 244, 236, 235, 230,
    232, 231, 231, 238, 242, 249, 250, 252, 253, 252, 247, 244, 239, 234,
    234, 232, 233, 233, 236, 242, 241, 247, 248, 245, 243, 241, 243, 240,
    238, 238, 239, 239, 239, 246, 243, 241, 243, 241, 244, 244, 243, 245,
    244, 241, 242, 241, 243 ]
headPositionsY: [ 78, 76, 75, 76, 78, 78, 77, 76, 75, 78, 74, 74, 74, 75,
    76, 78, 76, 76, 74, 78, 76, 78, 74, 76, 76, 75, 75, 74, 74, 76, 77,
    76, 75, 78, 77, 77, 75, 74, 75, 78, 75, 76, 73, 74, 76, 75, 77, 76,
    79, 76, 76, 78, 79, 75, 75, 75, 75, 78, 75, 74, 73, 74, 73, 76, 76,
    74, 77, 79, 77, 79, 77, 78, 79, 79, 78, 75, 77, 79, 75, 75, 79, 77,
    76, 75, 79, 76, 75, 78, 79, 80, 79, 79, 77, 76, 77, 77, 79, 79, 75,
    78 ]
