%YAML:1.0
---
videoName: "headShake20.mp4"
gestureLabel: 201
fps: 29
pixelSizeInCmTemp: 3.3263888888888887e-01
faceCenterPointX: 242
faceCenterPointY: 78
headPositionsX: [ 242, 246, 245, 245, 243, 243, 245, 243, 243, 243, 244,
    245, 242, 243, 244, 241, 242, 244, 243, 242, 245, 244, 243, 244, 244,
    245, 243, 245, 245, 241, 244, 241, 242, 245, 241, 241, 242, 240, 246,
    244, 245, 252, 255, 260, 261, 259, 257, 255, 248, 245, 236, 232, 229,
    230, 228, 231, 237, 244, 249, 250, 254, 251, 252, 244, 245, 236, 236,
    232, 230, 231, 236, 236, 243, 241, 246, 245, 245, 246, 245, 243, 241,
    239, 241, 239, 241, 240, 245, 241, 242, 243, 244, 242, 241, 241, 243,
    241, 243, 243, 242, 240 ]
headPositionsY: [ 80, 78, 75, 78, 75, 75, 78, 77, 75, 79, 77, 78, 76, 77,
    74, 78, 74, 76, 78, 77, 76, 77, 78, 76, 78, 78, 76, 74, 75, 78, 78,
    75, 77, 77, 76, 78, 77, 77, 76, 78, 74, 77, 74, 73, 73, 77, 73, 75,
    78, 78, 77, 78, 77, 74, 77, 77, 74, 77, 78, 76, 76, 77, 76, 75, 77,
    75, 79, 75, 75, 79, 76, 76, 79, 76, 78, 76, 76, 76, 77, 75, 78, 77,
    76, 76, 78, 79, 78, 75, 76, 78, 78, 80, 74, 80, 78, 76, 76, 78, 79,
    78 ]
