%YAML:1.0
---
videoName: "headNod0.mp4"
gestureLabel: 202
fps: 29
pixelSizeInCmTemp: 3.2364864864864862e-01
faceCenterPointX: 264
faceCenterPointY: 76
headPositionsX: [ 262, 267, 267, 266, 267, 265, 269, 266, 265, 268, 267,
    267, 267, 268, 266, 266, 265, 267, 267, 266, 264, 267, 266, 267, 263,
    265, 264, 263, 267, 264, 266, 264, 264, 264, 266, 267, 265, 266, 265,
    268, 265, 268, 266, 265, 265, 264, 263, 263, 264, 264, 263, 265, 265,
    267, 264, 263, 266, 264, 266, 263, 263, 264, 266, 268, 267, 267, 264,
    267, 267, 265, 263, 263, 266, 267, 262, 263, 263, 262, 265, 267, 264,
    263, 265, 264, 263, 262, 266, 266, 267, 264, 266, 265, 267, 265, 262,
    263, 262, 265, 266, 262 ]
headPositionsY: [ 75, 71, 72, 75, 71, 75, 74, 73, 75, 72, 75, 73, 75, 75,
    75, 71, 75, 75, 73, 71, 74, 73, 73, 72, 74, 75, 74, 73, 73, 73, 68,
    66, 65, 63, 64, 62, 65, 64, 64, 68, 69, 69, 75, 76, 78, 81, 81, 83,
    80, 79, 80, 73, 72, 71, 67, 66, 69, 67, 67, 70, 68, 69, 71, 72, 76,
    78, 77, 81, 78, 78, 78, 74, 74, 68, 70, 69, 68, 69, 68, 72, 70, 71,
    71, 75, 74, 75, 79, 80, 81, 77, 80, 75, 76, 78, 74, 77, 77, 75, 77,
    78 ]
