%YAML:1.0
---
videoName: "headLookDown4.mp4"
gestureLabel: 206
fps: 29
pixelSizeInCmTemp: 3.4710144927536229e-01
faceCenterPointX: 275
faceCenterPointY: 97
headPositionsX: [ 274, 274, 273, 273, 275, 275, 273, 270, 274, 274, 276,
    275, 275, 271, 272, 271, 274, 275, 272, 271, 272, 272, 273, 273, 273,
    273, 273, 274, 270, 275, 271, 272, 272, 274, 273, 275, 271, 272, 275,
    275, 272, 275, 273, 272, 272, 276, 274, 273, 274, 275, 276, 272, 274,
    275, 275, 273, 274, 274, 274, 272, 275, 271, 276, 272, 274, 274, 274,
    275, 274, 274, 274, 275, 274, 275, 272, 275, 275, 272, 274, 275, 274,
    274, 277, 275, 277, 274, 273, 277, 274, 272, 274, 272, 276, 274, 276,
    272, 274, 275, 274, 276 ]
headPositionsY: [ 98, 81, 83, 83, 81, 83, 77, 81, 79, 83, 80, 80, 78, 79,
    81, 81, 80, 79, 79, 80, 82, 81, 80, 81, 79, 79, 79, 83, 81, 78, 80,
    81, 80, 85, 84, 84, 82, 84, 85, 85, 86, 86, 90, 92, 92, 94, 93, 93,
    97, 94, 96, 96, 98, 100, 101, 101, 103, 99, 99, 99, 99, 99, 100, 102,
    100, 100, 98, 97, 99, 99, 98, 100, 98, 97, 99, 98, 100, 100, 97, 99,
    97, 98, 98, 97, 98, 98, 98, 99, 97, 97, 97, 98, 98, 99, 99, 98, 99,
    98, 98, 98 ]
