%YAML:1.0
---
videoName: "headLookRight3.mp4"
gestureLabel: 204
fps: 29
pixelSizeInCmTemp: 3.5746268656716418e-01
faceCenterPointX: 232
faceCenterPointY: 71
headPositionsX: [ 233, 252, 255, 253, 252, 254, 251, 253, 252, 256, 256,
    252, 253, 252, 252, 255, 253, 253, 253, 253, 256, 254, 252, 255, 257,
    256, 252, 257, 254, 254, 254, 256, 254, 253, 253, 255, 254, 253, 252,
    249, 250, 249, 245, 244, 244, 240, 240, 237, 235, 237, 236, 231, 235,
    234, 234, 236, 232, 231, 232, 232, 233, 233, 234, 230, 230, 230, 229,
    233, 234, 229, 234, 234, 233, 233, 231, 231, 231, 232, 231, 230, 235,
    232, 234, 235, 235, 231, 233, 232, 233, 231, 235, 233, 230, 234, 230,
    232, 232, 232, 235, 232 ]
headPositionsY: [ 70, 71, 70, 69, 71, 68, 67, 72, 71, 67, 72, 68, 70, 72,
    68, 73, 71, 71, 72, 72, 69, 70, 72, 71, 71, 71, 74, 74, 70, 72, 73,
    69, 73, 73, 73, 71, 71, 71, 69, 71, 70, 71, 70, 69, 70, 72, 68, 70,
    69, 71, 70, 69, 70, 73, 71, 73, 70, 71, 73, 74, 73, 73, 70, 73, 71,
    70, 74, 74, 73, 74, 73, 71, 72, 71, 71, 73, 73, 69, 69, 70, 71, 70,
    72, 71, 71, 74, 71, 72, 70, 69, 71, 73, 74, 72, 70, 71, 70, 68, 73,
    72 ]
