%YAML:1.0
---
videoName: "headNod14.mp4"
gestureLabel: 202
fps: 29
pixelSizeInCmTemp: 3.2808219178082193e-01
faceCenterPointX: 257
faceCenterPointY: 71
headPositionsX: [ 259, 256, 257, 260, 257, 255, 256, 261, 257, 259, 257,
    256, 257, 260, 256, 257, 259, 261, 256, 256, 260, 260, 256, 260, 258,
    260, 260, 256, 260, 257, 259, 260, 261, 257, 257, 258, 260, 260, 260,
    260, 258, 258, 258, 260, 262, 257, 260, 259, 258, 258, 260, 260, 260,
    257, 256, 259, 261, 259, 257, 259, 257, 258, 259, 257, 260, 257, 257,
    258, 258, 260, 261, 260, 259, 258, 257, 258, 256, 259, 257, 259, 260,
    259, 259, 256, 256, 255, 260, 255, 258, 255, 257, 257, 260, 258, 255,
    257, 257, 258, 258, 257 ]
headPositionsY: [ 73, 78, 75, 79, 78, 75, 75, 76, 75, 76, 79, 77, 79, 78,
    75, 79, 74, 78, 76, 75, 78, 76, 76, 80, 75, 78, 77, 77, 79, 76, 79,
    79, 80, 77, 79, 78, 76, 78, 75, 76, 74, 74, 70, 71, 71, 66, 68, 72,
    71, 71, 75, 77, 79, 81, 82, 81, 82, 79, 79, 77, 73, 69, 68, 71, 73,
    72, 76, 78, 77, 78, 83, 80, 79, 78, 76, 73, 70, 70, 67, 72, 73, 74,
    76, 78, 81, 79, 81, 75, 77, 74, 71, 70, 71, 68, 68, 68, 71, 69, 69,
    69 ]
