%YAML:1.0
---
videoName: "headNod41.mp4"
gestureLabel: 202
fps: 29
pixelSizeInCmTemp: 2.9937500000000000e-01
faceCenterPointX: 267
faceCenterPointY: 76
headPositionsX: [ 266, 269, 268, 271, 272, 272, 268, 270, 269, 270, 268,
    271, 270, 271, 269, 268, 272, 273, 272, 273, 272, 270, 270, 270, 269,
    267, 270, 269, 268, 270, 269, 271, 272, 271, 271, 268, 270, 270, 271,
    267, 271, 268, 267, 268, 267, 271, 270, 268, 267, 265, 266, 270, 268,
    270, 268, 268, 266, 270, 271, 268, 271, 268, 269, 268, 268, 269, 267,
    267, 268, 270, 270, 266, 269, 268, 268, 265, 266, 265, 267, 268, 267,
    266, 268, 267, 269, 266, 265, 266, 267, 268, 267, 265, 266, 268, 268,
    266, 270, 265, 268, 270 ]
headPositionsY: [ 78, 70, 75, 71, 71, 73, 72, 72, 75, 71, 72, 72, 74, 75,
    75, 75, 72, 76, 72, 73, 75, 72, 72, 74, 75, 74, 76, 72, 74, 72, 75,
    73, 74, 71, 75, 75, 74, 73, 78, 79, 78, 82, 84, 90, 92, 94, 92, 89,
    83, 77, 77, 71, 70, 68, 63, 65, 65, 68, 72, 79, 83, 88, 91, 94, 91,
    90, 87, 82, 79, 72, 73, 70, 69, 69, 69, 77, 81, 83, 84, 86, 83, 77,
    78, 72, 72, 73, 72, 75, 75, 74, 80, 80, 81, 81, 78, 76, 78, 76, 76,
    79 ]
