%YAML:1.0
---
videoName: "headLookLeft6.mp4"
gestureLabel: 203
fps: 29
pixelSizeInCmTemp: 3.2808219178082193e-01
faceCenterPointX: 267
faceCenterPointY: 69
headPositionsX: [ 266, 243, 242, 245, 245, 244, 245, 245, 244, 245, 246,
    245, 245, 244, 245, 247, 245, 246, 244, 248, 244, 247, 245, 247, 245,
    245, 248, 252, 252, 255, 253, 258, 261, 259, 265, 264, 269, 266, 269,
    271, 269, 270, 268, 269, 267, 271, 270, 271, 266, 269, 266, 265, 267,
    269, 267, 268, 266, 271, 266, 270, 269, 265, 266, 270, 271, 266, 268,
    269, 265, 268, 267, 266, 267, 267, 266, 267, 267, 267, 268, 267, 268,
    268, 268, 266, 267, 268, 266, 266, 266, 271, 267, 266, 269, 266, 269,
    266, 266, 268, 270, 267 ]
headPositionsY: [ 68, 72, 73, 74, 74, 72, 74, 73, 69, 73, 72, 72, 72, 70,
    71, 73, 74, 71, 74, 74, 73, 72, 73, 71, 71, 73, 71, 73, 70, 72, 73,
    69, 70, 71, 73, 70, 69, 70, 70, 69, 69, 69, 70, 70, 69, 70, 66, 69,
    71, 69, 70, 71, 70, 71, 71, 69, 68, 72, 70, 71, 70, 69, 72, 67, 68,
    70, 72, 69, 71, 71, 72, 71, 70, 72, 67, 70, 68, 69, 69, 69, 72, 71,
    72, 71, 68, 69, 69, 67, 70, 71, 72, 69, 70, 68, 68, 67, 71, 67, 71,
    69 ]
