%YAML:1.0
---
videoName: "headLookLeft4.mp4"
gestureLabel: 203
fps: 29
pixelSizeInCmTemp: 3.4710144927536229e-01
faceCenterPointX: 288
faceCenterPointY: 74
headPositionsX: [ 290, 266, 266, 267, 268, 266, 267, 270, 273, 273, 277,
    278, 281, 283, 285, 291, 295, 294, 297, 295, 295, 294, 296, 294, 293,
    296, 291, 299, 299, 293, 296, 292, 292, 295, 294, 295, 296, 293, 296,
    293, 289, 291, 296, 295, 294, 288, 291, 291, 288, 288, 290, 289, 291,
    293, 290, 287, 291, 289, 286, 289, 289, 288, 291, 287, 289, 292, 289,
    290, 285, 289, 286, 290, 290, 290, 288, 291, 292, 287, 294, 288, 292,
    290, 294, 294, 291, 293, 288, 289, 294, 293, 290, 290, 292, 289, 289,
    288, 289, 288, 287, 288 ]
headPositionsY: [ 74, 79, 79, 79, 78, 78, 78, 80, 80, 76, 76, 77, 78, 76,
    75, 79, 79, 79, 77, 79, 75, 78, 74, 75, 75, 75, 78, 78, 79, 78, 76,
    80, 76, 74, 74, 76, 82, 72, 78, 75, 74, 72, 72, 74, 75, 74, 74, 74,
    72, 76, 73, 75, 74, 72, 75, 73, 75, 74, 75, 77, 74, 73, 78, 76, 73,
    75, 76, 75, 72, 72, 72, 72, 75, 76, 74, 73, 75, 73, 78, 73, 74, 76,
    78, 75, 72, 73, 74, 75, 75, 77, 76, 75, 76, 76, 77, 72, 74, 75, 76,
    76 ]
