%YAML:1.0
---
videoName: "headNod17.mp4"
gestureLabel: 202
fps: 30
pixelSizeInCmTemp: 3.2808219178082193e-01
faceCenterPointX: 253
faceCenterPointY: 76
headPositionsX: [ 254, 253, 254, 254, 254, 255, 253, 257, 255, 253, 256,
    257, 253, 254, 256, 253, 257, 253, 256, 258, 254, 256, 255, 253, 256,
    256, 255, 255, 258, 256, 254, 258, 255, 258, 254, 256, 254, 257, 253,
    254, 254, 253, 252, 253, 255, 253, 253, 255, 253, 253, 255, 256, 256,
    255, 254, 254, 254, 256, 255, 256, 254, 253, 253, 256, 254, 253, 255,
    252, 253, 253, 253, 254, 254, 253, 252, 256, 255, 256, 253, 256, 255,
    255, 254, 252, 253, 253, 257, 256, 252, 257, 253, 255, 256, 254, 255,
    256, 254, 252, 255, 254 ]
headPositionsY: [ 74, 76, 75, 79, 77, 76, 78, 77, 76, 75, 79, 76, 76, 79,
    76, 78, 76, 79, 80, 78, 74, 74, 74, 73, 71, 69, 68, 67, 68, 68, 64,
    65, 69, 71, 67, 72, 73, 75, 76, 76, 77, 79, 82, 85, 84, 83, 84, 81,
    80, 81, 75, 78, 72, 74, 71, 71, 68, 70, 70, 71, 70, 69, 76, 75, 76,
    80, 82, 79, 79, 81, 77, 78, 78, 74, 77, 77, 79, 78, 77, 76, 76, 79,
    76, 77, 75, 78, 79, 79, 76, 80, 79, 77, 76, 74, 77, 78, 76, 75, 74,
    79 ]
