%YAML:1.0
---
videoName: "headLookRight9.mp4"
gestureLabel: 204
fps: 29
pixelSizeInCmTemp: 2.8511904761904761e-01
faceCenterPointX: 217
faceCenterPointY: 75
headPositionsX: [ 218, 244, 243, 244, 243, 245, 243, 241, 243, 244, 242,
    244, 243, 241, 241, 244, 245, 245, 241, 244, 243, 243, 241, 243, 241,
    245, 245, 242, 241, 242, 241, 239, 235, 234, 233, 228, 230, 224, 221,
    221, 219, 219, 217, 214, 216, 217, 216, 216, 215, 217, 216, 216, 214,
    214, 214, 215, 212, 212, 216, 216, 212, 211, 219, 212, 220, 218, 217,
    214, 216, 215, 213, 210, 210, 214, 214, 213, 215, 214, 215, 218, 217,
    216, 217, 218, 214, 219, 215, 218, 215, 215, 218, 213, 215, 217, 213,
    218, 216, 217, 221, 220 ]
headPositionsY: [ 75, 73, 73, 74, 75, 76, 72, 76, 75, 75, 73, 73, 77, 75,
    73, 75, 74, 72, 73, 74, 76, 76, 76, 75, 75, 77, 75, 74, 76, 76, 73,
    73, 73, 75, 73, 73, 71, 73, 73, 72, 77, 72, 71, 82, 72, 70, 70, 71,
    73, 71, 69, 71, 73, 72, 75, 74, 72, 74, 70, 71, 71, 73, 71, 74, 76,
    79, 73, 72, 72, 72, 72, 76, 78, 70, 72, 70, 70, 75, 72, 74, 74, 71,
    71, 74, 74, 73, 69, 74, 74, 70, 74, 69, 75, 71, 69, 73, 74, 76, 73,
    75 ]
