%YAML:1.0
---
videoName: "headShake11.mp4"
gestureLabel: 201
fps: 29
pixelSizeInCmTemp: 3.2364864864864862e-01
faceCenterPointX: 244
faceCenterPointY: 76
headPositionsX: [ 242, 243, 241, 241, 241, 243, 244, 240, 243, 244, 243,
    242, 241, 241, 242, 242, 243, 244, 244, 241, 240, 243, 240, 243, 244,
    240, 242, 242, 249, 251, 256, 258, 258, 262, 261, 263, 260, 259, 253,
    249, 242, 238, 234, 231, 225, 225, 231, 233, 232, 242, 248, 249, 256,
    258, 257, 257, 256, 251, 251, 246, 237, 237, 231, 231, 229, 231, 234,
    238, 241, 250, 250, 256, 256, 256, 255, 253, 253, 247, 246, 238, 236,
    237, 236, 234, 236, 235, 242, 240, 244, 245, 248, 250, 250, 246, 245,
    245, 243, 246, 244, 244 ]
headPositionsY: [ 75, 71, 72, 73, 71, 73, 72, 74, 73, 75, 75, 74, 72, 74,
    72, 71, 72, 75, 71, 75, 75, 73, 73, 72, 73, 73, 74, 75, 71, 73, 71,
    74, 72, 71, 73, 74, 75, 72, 71, 77, 73, 72, 74, 75, 73, 75, 75, 73,
    77, 73, 74, 72, 71, 72, 76, 73, 74, 72, 77, 74, 75, 74, 78, 75, 76,
    74, 74, 73, 76, 77, 72, 72, 72, 70, 75, 71, 74, 76, 75, 76, 76, 73,
    75, 76, 72, 75, 77, 73, 75, 77, 76, 77, 73, 72, 76, 73, 73, 76, 76,
    75 ]
