%YAML:1.0
---
videoName: "headNod5.mp4"
gestureLabel: 202
fps: 29
pixelSizeInCmTemp: 3.1513157894736843e-01
faceCenterPointX: 263
faceCenterPointY: 75
headPositionsX: [ 263, 265, 263, 263, 260, 262, 262, 263, 260, 261, 263,
    261, 264, 261, 263, 265, 262, 263, 266, 262, 265, 267, 266, 263, 265,
    263, 266, 264, 265, 265, 266, 265, 264, 263, 266, 267, 266, 267, 265,
    267, 265, 265, 264, 264, 264, 265, 268, 267, 263, 265, 266, 267, 265,
    264, 264, 262, 264, 263, 266, 262, 264, 264, 262, 265, 262, 264, 265,
    265, 266, 264, 265, 264, 264, 267, 265, 265, 263, 263, 262, 263, 262,
    263, 264, 265, 265, 263, 262, 263, 263, 266, 265, 262, 264, 262, 265,
    261, 261, 264, 263, 263 ]
headPositionsY: [ 75, 72, 76, 75, 73, 71, 74, 72, 73, 72, 77, 76, 74, 74,
    75, 73, 76, 75, 77, 77, 73, 74, 77, 75, 75, 77, 76, 76, 76, 77, 78,
    79, 76, 73, 78, 76, 78, 75, 78, 75, 79, 76, 75, 76, 76, 76, 76, 78,
    76, 76, 79, 83, 84, 84, 83, 83, 78, 78, 75, 72, 78, 80, 83, 87, 89,
    86, 84, 81, 81, 76, 75, 77, 78, 78, 82, 85, 85, 85, 80, 79, 74, 73,
    74, 75, 77, 77, 78, 82, 83, 80, 80, 76, 74, 76, 74, 72, 73, 75, 76,
    76 ]
