%YAML:1.0
---
videoName: "headShake46.mp4"
gestureLabel: 201
fps: 30
pixelSizeInCmTemp: 3.2364864864864862e-01
faceCenterPointX: 262
faceCenterPointY: 85
headPositionsX: [ 262, 258, 262, 258, 258, 259, 261, 260, 259, 259, 260,
    259, 262, 262, 261, 262, 259, 262, 261, 260, 263, 260, 262, 261, 260,
    259, 260, 257, 259, 259, 263, 266, 272, 274, 277, 279, 275, 274, 267,
    259, 253, 252, 252, 254, 256, 264, 267, 271, 267, 268, 264, 258, 254,
    254, 253, 261, 265, 265, 267, 267, 268, 262, 258, 257, 258, 261, 263,
    266, 271, 271, 268, 266, 262, 261, 257, 260, 259, 265, 263, 264, 263,
    263, 262, 263, 259, 259, 259, 262, 262, 260, 260, 262, 258, 259, 258,
    263, 260, 262, 259, 260 ]
headPositionsY: [ 84, 82, 85, 85, 86, 86, 82, 83, 87, 84, 83, 83, 86, 84,
    87, 84, 86, 87, 85, 83, 85, 82, 86, 83, 87, 86, 85, 83, 82, 83, 86,
    82, 84, 81, 82, 81, 85, 81, 86, 83, 86, 85, 83, 86, 82, 84, 86, 82,
    85, 83, 86, 86, 83, 87, 83, 85, 87, 84, 82, 84, 87, 83, 84, 86, 84,
    84, 85, 87, 83, 85, 84, 84, 87, 85, 85, 83, 84, 83, 86, 87, 87, 83,
    83, 85, 86, 86, 82, 84, 83, 83, 83, 82, 87, 86, 84, 83, 83, 85, 86,
    85 ]
