%YAML:1.0
---
videoName: "headNod11.mp4"
gestureLabel: 202
fps: 29
pixelSizeInCmTemp: 3.2364864864864862e-01
faceCenterPointX: 261
faceCenterPointY: 75
headPositionsX: [ 263, 259, 261, 260, 257, 260, 261, 262, 259, 259, 257,
    258, 261, 262, 257, 260, 261, 260, 261, 261, 258, 262, 262, 261, 262,
    262, 259, 262, 259, 263, 259, 258, 259, 257, 259, 261, 261, 261, 260,
    262, 259, 258, 259, 263, 260, 262, 261, 258, 259, 261, 260, 262, 259,
    260, 263, 262, 259, 263, 260, 260, 260, 259, 260, 257, 260, 259, 259,
    258, 259, 256, 258, 256, 257, 256, 258, 258, 258, 259, 259, 256, 257,
    259, 257, 259, 261, 261, 257, 258, 258, 257, 260, 262, 257, 257, 258,
    258, 262, 259, 262, 262 ]
headPositionsY: [ 74, 76, 75, 76, 77, 77, 74, 74, 73, 72, 75, 74, 72, 76,
    72, 72, 75, 73, 76, 73, 76, 76, 73, 74, 73, 75, 73, 73, 73, 74, 73,
    73, 73, 75, 76, 76, 78, 76, 73, 74, 74, 78, 77, 77, 74, 76, 75, 72,
    70, 69, 69, 70, 69, 68, 72, 72, 73, 75, 77, 79, 78, 81, 79, 72, 69,
    71, 66, 69, 71, 71, 72, 77, 78, 82, 82, 79, 78, 76, 76, 73, 72, 68,
    71, 74, 73, 75, 78, 82, 78, 81, 81, 77, 76, 78, 74, 74, 76, 77, 75,
    73 ]
