%YAML:1.0
---
videoName: "headNod17.mp4"
gestureLabel: 202
fps: 30
pixelSizeInCmTemp: 3.2808219178082193e-01
faceCenterPointX: 253
faceCenterPointY: 76
headPositionsX: [ 252, 257, 257, 254, 253, 256, 254, 253, 255, 253, 257,
    256, 255, 258, 253, 256, 255, 255, 253, 256, 254, 255, 254, 255, 253,
    256, 256, 258, 258, 256, 254, 256, 254, 256, 255, 254, 257, 257, 255,
    254, 254, 253, 253, 255, 253, 254, 254, 253, 251, 255, 252, 256, 254,
    255, 254, 251, 253, 256, 253, 253, 257, 253, 256, 257, 256, 256, 253,
    252, 254, 252, 252, 254, 256, 255, 254, 252, 257, 256, 251, 254, 253,
    254, 256, 256, 256, 254, 253, 257, 253, 256, 256, 257, 256, 253, 257,
    255, 256, 254, 252, 255 ]
headPositionsY: [ 74, 77, 75, 76, 76, 80, 78, 80, 75, 75, 78, 79, 75, 79,
    76, 78, 76, 75, 78, 76, 74, 78, 76, 71, 72, 70, 69, 70, 70, 65, 65,
    68, 68, 67, 69, 70, 72, 72, 75, 76, 77, 79, 85, 86, 85, 87, 85, 84,
    83, 78, 78, 76, 72, 72, 71, 70, 70, 67, 68, 69, 71, 69, 76, 77, 79,
    79, 80, 78, 80, 77, 80, 78, 74, 74, 78, 80, 77, 80, 78, 77, 75, 76,
    77, 76, 76, 75, 78, 80, 76, 78, 75, 77, 78, 75, 79, 78, 80, 79, 78,
    77 ]
