%YAML:1.0
---
videoName: "headShake26.mp4"
gestureLabel: 201
fps: 30
pixelSizeInCmTemp: 3.2808219178082193e-01
faceCenterPointX: 243
faceCenterPointY: 78
headPositionsX: [ 244, 240, 238, 240, 241, 243, 243, 243, 247, 246, 251,
    249, 249, 250, 253, 254, 251, 250, 247, 243, 241, 239, 237, 232, 228,
    230, 228, 232, 231, 229, 233, 236, 238, 240, 247, 245, 251, 252, 252,
    254, 254, 252, 252, 250, 243, 242, 240, 237, 234, 231, 230, 231, 229,
    228, 231, 234, 239, 238, 241, 245, 248, 248, 253, 253, 252, 254, 252,
    249, 249, 249, 243, 241, 242, 239, 240, 237, 234, 238, 235, 236, 238,
    237, 240, 241, 239, 239, 239, 244, 242, 242, 247, 244, 244, 246, 246,
    243, 246, 242, 243, 244 ]
headPositionsY: [ 79, 77, 75, 76, 75, 75, 79, 79, 78, 75, 76, 80, 79, 79,
    76, 77, 79, 79, 76, 79, 80, 79, 77, 78, 77, 76, 77, 74, 77, 75, 77,
    78, 79, 76, 76, 75, 76, 76, 74, 78, 76, 78, 77, 80, 79, 77, 77, 78,
    77, 77, 75, 73, 76, 77, 77, 76, 77, 76, 76, 78, 80, 75, 78, 78, 75,
    77, 79, 79, 77, 76, 79, 81, 78, 78, 81, 81, 78, 80, 76, 76, 80, 79,
    81, 78, 76, 80, 80, 78, 79, 81, 80, 77, 79, 77, 77, 79, 76, 80, 81,
    78 ]
