%YAML:1.0
---
videoName: "headShake7.mp4"
gestureLabel: 201
fps: 29
pixelSizeInCmTemp: 3.3263888888888887e-01
faceCenterPointX: 244
faceCenterPointY: 72
headPositionsX: [ 242, 241, 243, 243, 243, 242, 240, 243, 243, 242, 247,
    246, 252, 255, 255, 256, 259, 262, 257, 255, 251, 247, 238, 233, 233,
    234, 237, 242, 244, 254, 257, 260, 259, 257, 253, 249, 243, 239, 231,
    231, 227, 226, 228, 237, 240, 248, 250, 255, 257, 257, 251, 251, 243,
    244, 236, 234, 231, 227, 231, 235, 241, 244, 247, 254, 254, 254, 256,
    256, 251, 251, 248, 244, 238, 236, 235, 235, 234, 235, 235, 239, 237,
    240, 244, 244, 246, 247, 248, 249, 249, 247, 245, 244, 244, 245, 246,
    242, 241, 245, 244, 245 ]
headPositionsY: [ 70, 70, 72, 70, 71, 71, 71, 70, 69, 71, 73, 69, 72, 71,
    68, 70, 68, 70, 68, 70, 70, 70, 70, 71, 70, 71, 72, 73, 70, 71, 68,
    67, 71, 72, 71, 70, 72, 73, 70, 71, 70, 72, 71, 70, 71, 71, 72, 68,
    68, 71, 71, 70, 71, 70, 73, 72, 73, 70, 72, 70, 69, 70, 71, 68, 70,
    71, 68, 67, 68, 70, 70, 71, 71, 68, 73, 70, 72, 72, 68, 69, 73, 71,
    72, 74, 71, 72, 72, 70, 72, 73, 74, 71, 72, 73, 73, 72, 73, 70, 73,
    72 ]
