%YAML:1.0
---
videoName: "headNod47.mp4"
gestureLabel: 202
fps: 29
pixelSizeInCmTemp: 3.0316455696202532e-01
faceCenterPointX: 266
faceCenterPointY: 70
headPositionsX: [ 266, 269, 268, 265, 269, 267, 268, 264, 265, 265, 264,
    265, 267, 266, 263, 262, 264, 262, 262, 265, 264, 265, 265, 264, 267,
    265, 267, 266, 267, 267, 267, 268, 270, 266, 266, 268, 269, 266, 268,
    270, 265, 267, 266, 269, 266, 264, 265, 264, 265, 268, 268, 269, 265,
    269, 267, 269, 268, 265, 267, 266, 267, 268, 267, 267, 266, 265, 264,
    268, 265, 265, 265, 268, 269, 264, 268, 267, 264, 267, 266, 267, 268,
    264, 268, 266, 267, 266, 266, 267, 269, 265, 264, 265, 264, 263, 263,
    268, 267, 267, 265, 265 ]
headPositionsY: [ 72, 63, 62, 57, 60, 57, 58, 60, 62, 69, 71, 75, 81, 83,
    79, 74, 74, 73, 70, 69, 65, 66, 69, 67, 72, 76, 77, 77, 79, 75, 76,
    70, 70, 70, 67, 68, 69, 73, 72, 77, 78, 77, 79, 78, 77, 71, 71, 67,
    66, 70, 68, 69, 73, 72, 75, 76, 75, 72, 73, 69, 70, 66, 67, 69, 68,
    70, 69, 74, 73, 73, 76, 71, 71, 69, 67, 68, 69, 68, 71, 73, 73, 73,
    74, 74, 74, 70, 71, 68, 72, 72, 72, 69, 69, 70, 72, 72, 69, 72, 68,
    71 ]
