%YAML:1.0
---
videoName: "headLookRight0.mp4"
gestureLabel: 204
fps: 29
pixelSizeInCmTemp: 3.1933333333333330e-01
faceCenterPointX: 229
faceCenterPointY: 68
headPositionsX: [ 227, 257, 254, 254, 258, 255, 257, 256, 258, 254, 257,
    258, 254, 259, 257, 255, 256, 254, 258, 254, 256, 259, 254, 254, 257,
    255, 254, 256, 258, 255, 253, 254, 255, 254, 254, 255, 253, 257, 255,
    251, 251, 249, 250, 243, 242, 240, 238, 235, 238, 237, 232, 236, 234,
    231, 232, 234, 234, 235, 233, 230, 235, 234, 233, 232, 229, 235, 235,
    234, 231, 233, 233, 236, 235, 236, 232, 232, 231, 233, 230, 230, 232,
    230, 233, 231, 231, 228, 234, 232, 229, 230, 231, 229, 232, 227, 228,
    230, 232, 229, 229, 230 ]
headPositionsY: [ 67, 68, 67, 66, 65, 64, 62, 62, 64, 66, 68, 65, 65, 66,
    67, 69, 65, 64, 65, 68, 70, 67, 68, 68, 65, 67, 70, 66, 69, 68, 66,
    67, 66, 65, 70, 67, 66, 70, 69, 67, 69, 67, 65, 65, 68, 69, 69, 69,
    70, 66, 70, 67, 67, 70, 69, 68, 66, 68, 67, 69, 67, 67, 68, 70, 68,
    68, 66, 66, 68, 66, 66, 68, 70, 67, 66, 68, 66, 66, 67, 69, 67, 66,
    70, 69, 66, 68, 69, 68, 66, 66, 67, 66, 69, 68, 69, 66, 66, 67, 70,
    69 ]
