%YAML:1.0
---
videoName: "headNod9.mp4"
gestureLabel: 202
fps: 29
pixelSizeInCmTemp: 3.1513157894736843e-01
faceCenterPointX: 261
faceCenterPointY: 75
headPositionsX: [ 263, 262, 263, 263, 261, 262, 258, 262, 260, 263, 259,
    262, 261, 260, 258, 260, 261, 261, 261, 260, 261, 262, 260, 262, 258,
    262, 263, 259, 260, 259, 262, 262, 259, 262, 262, 261, 261, 260, 260,
    260, 261, 261, 263, 260, 260, 258, 260, 257, 261, 258, 260, 262, 262,
    260, 261, 262, 261, 261, 260, 262, 261, 258, 258, 261, 260, 259, 261,
    263, 260, 260, 261, 259, 259, 261, 260, 259, 261, 260, 258, 260, 256,
    259, 259, 257, 259, 257, 257, 258, 260, 259, 259, 260, 260, 258, 258,
    260, 261, 262, 258, 258 ]
headPositionsY: [ 73, 76, 77, 75, 76, 77, 76, 74, 77, 77, 73, 77, 77, 76,
    76, 76, 75, 77, 76, 74, 77, 74, 73, 78, 78, 73, 74, 77, 73, 74, 75,
    75, 78, 80, 79, 78, 78, 75, 74, 75, 73, 76, 75, 79, 82, 89, 87, 85,
    82, 77, 75, 76, 77, 76, 80, 85, 87, 82, 81, 77, 73, 73, 73, 72, 76,
    81, 80, 82, 84, 82, 81, 78, 76, 71, 70, 70, 71, 73, 77, 81, 82, 82,
    84, 81, 81, 75, 78, 76, 76, 73, 72, 74, 71, 72, 77, 75, 75, 76, 72,
    76 ]
