%YAML:1.0
---
videoName: "headShake7.mp4"
gestureLabel: 201
fps: 29
pixelSizeInCmTemp: 3.3263888888888887e-01
faceCenterPointX: 244
faceCenterPointY: 72
headPositionsX: [ 244, 242, 241, 243, 241, 242, 244, 245, 241, 244, 244,
    249, 249, 254, 254, 259, 261, 260, 257, 257, 252, 247, 242, 237, 233,
    232, 237, 238, 244, 251, 259, 260, 261, 257, 255, 249, 244, 236, 232,
    227, 227, 229, 228, 233, 242, 247, 250, 251, 254, 256, 253, 251, 243,
    242, 237, 231, 229, 230, 231, 233, 237, 242, 247, 253, 255, 255, 256,
    253, 251, 252, 248, 245, 241, 236, 236, 233, 236, 233, 235, 240, 241,
    241, 244, 247, 246, 244, 245, 249, 249, 246, 248, 243, 244, 245, 242,
    246, 241, 242, 242, 241 ]
headPositionsY: [ 71, 72, 70, 72, 69, 72, 71, 70, 69, 71, 72, 72, 72, 70,
    72, 70, 67, 68, 69, 71, 72, 73, 71, 69, 71, 69, 72, 72, 73, 72, 66,
    70, 67, 71, 73, 70, 70, 71, 69, 71, 71, 72, 72, 71, 70, 70, 69, 70,
    71, 72, 72, 73, 69, 71, 72, 73, 73, 67, 71, 69, 71, 73, 69, 70, 69,
    67, 67, 69, 70, 69, 68, 69, 73, 71, 72, 72, 73, 71, 70, 71, 73, 71,
    71, 71, 73, 69, 71, 72, 72, 73, 72, 72, 71, 71, 73, 71, 72, 72, 71,
    74 ]
