%YAML:1.0
---
videoName: "headNod19.mp4"
gestureLabel: 202
fps: 29
pixelSizeInCmTemp: 3.1933333333333330e-01
faceCenterPointX: 255
faceCenterPointY: 81
headPositionsX: [ 254, 256, 256, 255, 257, 256, 255, 256, 255, 257, 254,
    255, 254, 253, 254, 255, 251, 255, 252, 255, 250, 251, 250, 250, 252,
    251, 252, 249, 250, 253, 252, 252, 250, 254, 252, 255, 253, 253, 252,
    253, 252, 254, 254, 255, 253, 255, 257, 259, 254, 256, 256, 254, 257,
    256, 257, 254, 258, 257, 254, 256, 254, 254, 256, 255, 254, 258, 252,
    254, 256, 257, 256, 256, 258, 256, 255, 257, 255, 257, 257, 253, 255,
    257, 258, 257, 256, 257, 253, 254, 256, 257, 256, 258, 256, 257, 257,
    255, 258, 253, 258, 257 ]
headPositionsY: [ 83, 82, 86, 82, 80, 76, 77, 78, 76, 78, 77, 76, 75, 75,
    77, 78, 75, 80, 76, 79, 78, 81, 77, 78, 77, 80, 79, 80, 81, 82, 80,
    79, 77, 81, 81, 78, 78, 78, 76, 81, 79, 77, 79, 76, 78, 81, 77, 80,
    80, 80, 81, 77, 78, 77, 81, 77, 76, 81, 80, 77, 82, 77, 81, 78, 80,
    78, 77, 78, 77, 75, 71, 72, 75, 77, 79, 82, 82, 85, 82, 81, 78, 77,
    76, 77, 84, 82, 83, 84, 86, 82, 81, 81, 80, 80, 81, 80, 85, 82, 81,
    80 ]
