%YAML:1.0
---
videoName: "headNod40.mp4"
gestureLabel: 202
fps: 29
pixelSizeInCmTemp: 2.8511904761904761e-01
faceCenterPointX: 267
faceCenterPointY: 78
headPositionsX: [ 269, 265, 266, 269, 266, 269, 269, 268, 269, 269, 269,
    266, 266, 270, 268, 269, 268, 269, 267, 268, 266, 269, 270, 267, 266,
    270, 266, 268, 269, 268, 267, 267, 269, 266, 266, 269, 269, 266, 269,
    268, 270, 269, 266, 266, 268, 266, 266, 264, 268, 266, 264, 266, 266,
    267, 264, 268, 266, 266, 268, 268, 266, 267, 268, 263, 264, 267, 264,
    267, 269, 265, 268, 270, 270, 268, 270, 270, 268, 265, 265, 268, 269,
    269, 267, 266, 269, 269, 266, 269, 267, 267, 264, 266, 265, 265, 265,
    266, 265, 266, 265, 268 ]
headPositionsY: [ 78, 78, 78, 74, 75, 75, 78, 75, 76, 77, 74, 75, 78, 75,
    78, 74, 74, 75, 74, 76, 74, 78, 78, 73, 75, 74, 75, 74, 75, 73, 73,
    75, 73, 76, 74, 73, 77, 77, 73, 73, 83, 87, 91, 95, 98, 95, 96, 91,
    86, 84, 77, 79, 79, 66, 68, 69, 70, 69, 67, 76, 78, 86, 87, 87, 86,
    80, 81, 78, 73, 75, 75, 74, 73, 76, 75, 75, 82, 81, 81, 80, 77, 78,
    78, 79, 78, 79, 77, 78, 79, 80, 78, 76, 79, 75, 78, 78, 75, 77, 77,
    77 ]
