%YAML:1.0
---
videoName: "headShake7.mp4"
gestureLabel: 201
fps: 29
pixelSizeInCmTemp: 3.3263888888888887e-01
faceCenterPointX: 244
faceCenterPointY: 72
headPositionsX: [ 245, 244, 242, 242, 245, 245, 244, 241, 242, 245, 247,
    250, 252, 256, 254, 255, 258, 259, 258, 256, 249, 248, 241, 234, 235,
    235, 233, 240, 248, 251, 257, 259, 262, 256, 255, 251, 244, 240, 231,
    227, 225, 228, 232, 233, 241, 244, 250, 254, 255, 257, 252, 249, 245,
    241, 236, 233, 231, 227, 229, 235, 239, 244, 248, 252, 257, 257, 260,
    255, 255, 253, 247, 243, 240, 236, 234, 235, 233, 234, 234, 240, 237,
    239, 242, 247, 246, 246, 245, 246, 245, 247, 247, 244, 244, 245, 243,
    244, 243, 243, 242, 241 ]
headPositionsY: [ 72, 70, 71, 71, 70, 73, 71, 69, 70, 70, 72, 69, 68, 71,
    71, 67, 69, 66, 69, 69, 72, 71, 70, 72, 71, 69, 69, 71, 72, 69, 69,
    66, 69, 70, 72, 70, 73, 73, 69, 70, 73, 73, 70, 69, 69, 71, 70, 68,
    71, 68, 72, 71, 70, 72, 69, 73, 73, 71, 68, 71, 69, 72, 73, 71, 69,
    68, 71, 68, 69, 73, 70, 71, 71, 69, 72, 72, 71, 69, 69, 69, 70, 72,
    71, 72, 74, 70, 69, 73, 73, 69, 70, 73, 74, 70, 73, 74, 74, 70, 73,
    70 ]
