%YAML:1.0
---
videoName: "headNod47.mp4"
gestureLabel: 202
fps: 29
pixelSizeInCmTemp: 3.0316455696202532e-01
faceCenterPointX: 266
faceCenterPointY: 70
headPositionsX: [ 268, 265, 269, 266, 269, 269, 267, 266, 264, 266, 265,
    267, 263, 264, 263, 265, 266, 266, 266, 267, 266, 264, 263, 264, 268,
    268, 265, 266, 264, 269, 267, 270, 266, 268, 267, 266, 267, 270, 269,
    269, 268, 269, 270, 268, 266, 264, 267, 264, 264, 268, 264, 269, 268,
    267, 269, 266, 268, 267, 268, 265, 268, 269, 266, 266, 268, 268, 267,
    266, 264, 266, 266, 269, 266, 268, 266, 269, 264, 266, 264, 266, 264,
    266, 266, 264, 267, 267, 267, 265, 265, 266, 263, 267, 264, 265, 267,
    266, 265, 266, 267, 264 ]
headPositionsY: [ 69, 60, 61, 59, 57, 59, 57, 59, 64, 68, 69, 74, 79, 81,
    83, 78, 73, 71, 68, 68, 68, 64, 67, 69, 73, 72, 76, 78, 75, 77, 75,
    74, 69, 68, 67, 68, 70, 69, 72, 73, 79, 80, 79, 80, 74, 71, 69, 71,
    69, 70, 68, 71, 70, 72, 77, 74, 74, 72, 73, 72, 67, 69, 68, 67, 69,
    71, 71, 76, 72, 74, 75, 71, 73, 73, 67, 69, 70, 68, 71, 70, 71, 75,
    72, 73, 71, 71, 73, 71, 70, 68, 68, 68, 72, 68, 73, 70, 70, 69, 70,
    69 ]
