%YAML:1.0
---
videoName: "headLookLeft3.mp4"
gestureLabel: 203
fps: 29
pixelSizeInCmTemp: 3.4214285714285714e-01
faceCenterPointX: 290
faceCenterPointY: 74
headPositionsX: [ 288, 265, 263, 264, 264, 266, 268, 269, 271, 271, 274,
    273, 279, 276, 283, 282, 285, 285, 289, 289, 289, 285, 294, 290, 284,
    289, 297, 292, 287, 283, 289, 289, 289, 290, 284, 290, 283, 293, 293,
    290, 287, 286, 288, 297, 289, 289, 287, 286, 292, 287, 293, 291, 288,
    288, 286, 288, 288, 288, 289, 294, 289, 289, 289, 287, 288, 287, 290,
    287, 288, 291, 288, 285, 285, 288, 288, 288, 289, 287, 288, 288, 288,
    288, 287, 287, 288, 284, 290, 289, 289, 287, 284, 288, 288, 289, 287,
    285, 291, 289, 287, 284 ]
headPositionsY: [ 72, 75, 74, 79, 75, 75, 78, 80, 75, 77, 78, 73, 75, 75,
    73, 73, 73, 75, 76, 75, 73, 73, 75, 77, 73, 74, 75, 77, 75, 73, 75,
    76, 76, 77, 72, 77, 71, 77, 72, 74, 74, 71, 71, 78, 72, 76, 74, 75,
    74, 75, 74, 75, 72, 74, 74, 74, 75, 71, 71, 77, 75, 73, 72, 71, 74,
    73, 73, 73, 73, 72, 74, 74, 75, 74, 75, 75, 74, 74, 75, 71, 75, 73,
    75, 74, 73, 72, 73, 76, 73, 76, 74, 74, 73, 76, 75, 76, 72, 72, 73,
    72 ]
