%YAML:1.0
---
videoName: "headShake13.mp4"
gestureLabel: 201
fps: 29
pixelSizeInCmTemp: 3.2364864864864862e-01
faceCenterPointX: 241
faceCenterPointY: 77
headPositionsX: [ 243, 243, 241, 239, 240, 239, 243, 242, 241, 243, 242,
    244, 241, 241, 242, 240, 244, 241, 242, 240, 239, 241, 242, 243, 241,
    243, 243, 242, 243, 238, 239, 237, 239, 242, 242, 246, 253, 256, 261,
    260, 263, 262, 259, 257, 252, 242, 238, 235, 230, 227, 232, 234, 234,
    239, 244, 247, 249, 248, 247, 247, 243, 240, 237, 234, 232, 230, 233,
    232, 236, 241, 247, 248, 253, 251, 251, 253, 248, 246, 241, 238, 238,
    235, 233, 234, 236, 233, 239, 241, 242, 243, 243, 244, 245, 244, 241,
    243, 243, 244, 241, 239 ]
headPositionsY: [ 77, 75, 74, 75, 75, 77, 78, 76, 78, 76, 77, 78, 78, 79,
    76, 78, 77, 76, 77, 76, 78, 77, 74, 74, 75, 73, 78, 78, 76, 74, 78,
    75, 78, 75, 76, 75, 73, 73, 76, 73, 75, 72, 77, 74, 79, 78, 76, 75,
    78, 79, 77, 76, 74, 77, 76, 78, 76, 74, 77, 76, 78, 78, 76, 77, 75,
    78, 77, 74, 78, 78, 75, 75, 76, 77, 74, 76, 76, 75, 78, 77, 74, 77,
    75, 74, 75, 77, 75, 74, 78, 77, 74, 75, 75, 75, 78, 77, 78, 75, 78,
    77 ]
