%YAML:1.0
---
videoName: "headLookLeft4.mp4"
gestureLabel: 203
fps: 29
pixelSizeInCmTemp: 3.4710144927536229e-01
faceCenterPointX: 288
faceCenterPointY: 74
headPositionsX: [ 288, 265, 266, 264, 267, 265, 267, 268, 275, 272, 276,
    280, 282, 286, 286, 291, 292, 296, 296, 294, 295, 292, 293, 298, 290,
    293, 291, 296, 299, 292, 294, 292, 296, 293, 292, 292, 292, 295, 295,
    294, 291, 288, 296, 297, 294, 288, 289, 291, 290, 291, 294, 290, 289,
    291, 292, 290, 287, 292, 288, 289, 288, 287, 289, 288, 288, 292, 289,
    289, 288, 291, 287, 291, 287, 294, 291, 288, 291, 289, 294, 289, 289,
    289, 293, 291, 290, 289, 287, 290, 292, 292, 288, 288, 288, 287, 292,
    286, 288, 291, 289, 289 ]
headPositionsY: [ 75, 80, 81, 80, 81, 78, 80, 77, 79, 76, 80, 79, 76, 75,
    76, 76, 76, 76, 77, 81, 77, 76, 76, 78, 73, 75, 75, 81, 79, 76, 76,
    78, 80, 78, 73, 74, 79, 72, 76, 75, 74, 74, 74, 73, 73, 74, 74, 78,
    73, 75, 73, 74, 73, 72, 73, 72, 73, 76, 73, 75, 73, 75, 77, 72, 76,
    73, 73, 72, 72, 72, 74, 73, 73, 78, 73, 74, 79, 72, 79, 74, 75, 75,
    78, 76, 75, 73, 76, 77, 74, 74, 74, 75, 76, 75, 73, 76, 77, 72, 74,
    73 ]
