%YAML:1.0
---
videoName: "headNod10.mp4"
gestureLabel: 202
fps: 29
pixelSizeInCmTemp: 3.2808219178082193e-01
faceCenterPointX: 260
faceCenterPointY: 67
headPositionsX: [ 260, 257, 261, 259, 256, 259, 258, 258, 258, 258, 257,
    259, 259, 257, 257, 257, 257, 260, 259, 256, 260, 257, 260, 261, 261,
    258, 261, 260, 260, 259, 259, 257, 261, 257, 256, 260, 260, 260, 259,
    258, 259, 259, 259, 259, 262, 262, 261, 259, 260, 260, 261, 260, 262,
    259, 261, 259, 257, 257, 259, 262, 260, 258, 259, 260, 260, 262, 262,
    261, 259, 258, 258, 258, 260, 260, 257, 259, 257, 261, 259, 257, 257,
    259, 256, 259, 260, 257, 260, 257, 260, 260, 259, 260, 260, 258, 259,
    261, 259, 261, 260, 262 ]
headPositionsY: [ 69, 71, 72, 71, 68, 68, 71, 72, 69, 68, 71, 68, 70, 72,
    72, 68, 70, 70, 71, 71, 70, 71, 71, 72, 70, 70, 69, 72, 72, 68, 69,
    71, 71, 71, 71, 73, 73, 68, 70, 73, 72, 74, 71, 69, 69, 65, 64, 62,
    64, 63, 66, 68, 66, 73, 75, 76, 71, 72, 68, 65, 63, 63, 63, 67, 65,
    71, 72, 74, 77, 74, 73, 73, 69, 65, 63, 66, 67, 66, 71, 70, 75, 75,
    76, 76, 71, 69, 67, 68, 65, 66, 67, 64, 66, 64, 68, 67, 65, 68, 67,
    66 ]
