%YAML:1.0
---
videoName: "headShake16.mp4"
gestureLabel: 201
fps: 29
pixelSizeInCmTemp: 3.2364864864864862e-01
faceCenterPointX: 242
faceCenterPointY: 77
headPositionsX: [ 244, 245, 245, 244, 242, 243, 242, 244, 242, 243, 243,
    242, 244, 246, 245, 241, 244, 245, 242, 245, 245, 245, 242, 243, 240,
    241, 243, 242, 243, 243, 244, 245, 243, 242, 243, 241, 244, 244, 248,
    248, 250, 251, 255, 252, 252, 248, 246, 243, 243, 239, 234, 236, 235,
    236, 240, 241, 246, 245, 250, 250, 247, 248, 247, 242, 241, 241, 235,
    235, 234, 236, 235, 238, 235, 238, 241, 241, 241, 247, 242, 243, 245,
    242, 238, 238, 237, 240, 239, 240, 238, 242, 240, 240, 241, 241, 243,
    241, 242, 244, 240, 245 ]
headPositionsY: [ 77, 76, 74, 78, 73, 75, 73, 77, 76, 76, 76, 77, 77, 74,
    78, 76, 75, 74, 78, 78, 78, 76, 73, 75, 76, 76, 77, 78, 73, 76, 75,
    74, 73, 77, 73, 76, 74, 76, 77, 77, 76, 73, 73, 76, 73, 74, 74, 75,
    77, 74, 75, 79, 78, 75, 76, 75, 79, 76, 77, 76, 75, 79, 77, 77, 75,
    77, 75, 76, 78, 75, 78, 75, 78, 79, 79, 78, 77, 78, 76, 78, 80, 79,
    77, 78, 75, 77, 79, 77, 77, 78, 73, 78, 75, 77, 79, 77, 78, 78, 75,
    79 ]
