%YAML:1.0
---
videoName: "headNod23.mp4"
gestureLabel: 202
fps: 29
pixelSizeInCmTemp: 3.1933333333333330e-01
faceCenterPointX: 273
faceCenterPointY: 75
headPositionsX: [ 274, 273, 275, 277, 272, 276, 273, 274, 272, 274, 275,
    274, 274, 277, 276, 273, 276, 275, 275, 275, 275, 275, 275, 273, 275,
    277, 274, 275, 277, 277, 275, 276, 273, 274, 274, 275, 276, 275, 272,
    273, 274, 272, 274, 271, 270, 274, 273, 272, 274, 272, 272, 272, 273,
    274, 274, 275, 273, 272, 274, 271, 275, 274, 272, 272, 272, 271, 273,
    273, 274, 274, 276, 275, 272, 275, 274, 271, 272, 275, 271, 274, 275,
    274, 274, 271, 274, 276, 276, 273, 276, 275, 275, 273, 275, 275, 275,
    276, 275, 273, 276, 271 ]
headPositionsY: [ 75, 74, 77, 78, 76, 75, 76, 76, 78, 77, 74, 76, 77, 77,
    76, 79, 77, 75, 74, 77, 75, 79, 78, 73, 73, 70, 70, 68, 64, 66, 65,
    65, 65, 68, 68, 69, 75, 78, 79, 79, 82, 80, 82, 79, 78, 76, 70, 70,
    70, 69, 69, 71, 69, 71, 74, 75, 76, 80, 78, 79, 76, 74, 72, 72, 68,
    69, 70, 70, 69, 73, 71, 73, 74, 77, 79, 78, 78, 77, 77, 77, 74, 77,
    76, 73, 72, 70, 72, 75, 74, 71, 73, 75, 74, 77, 76, 77, 76, 75, 76,
    77 ]
