%YAML:1.0
---
videoName: "headShake25.mp4"
gestureLabel: 201
fps: 30
pixelSizeInCmTemp: 3.2364864864864862e-01
faceCenterPointX: 241
faceCenterPointY: 79
headPositionsX: [ 241, 252, 252, 251, 251, 249, 251, 246, 248, 242, 238,
    237, 238, 236, 231, 232, 231, 231, 231, 231, 230, 234, 235, 238, 241,
    239, 243, 248, 249, 250, 248, 250, 249, 249, 248, 243, 244, 241, 236,
    235, 233, 234, 233, 229, 232, 232, 229, 232, 234, 235, 240, 240, 243,
    244, 247, 248, 252, 250, 253, 251, 252, 248, 248, 246, 246, 241, 241,
    236, 236, 235, 234, 234, 236, 236, 234, 236, 236, 233, 238, 236, 236,
    241, 240, 242, 239, 243, 242, 242, 243, 242, 240, 242, 240, 243, 241,
    240, 244, 241, 243, 239 ]
headPositionsY: [ 80, 76, 77, 79, 77, 78, 77, 76, 76, 76, 79, 79, 79, 78,
    76, 80, 78, 76, 79, 76, 76, 80, 77, 76, 80, 77, 80, 76, 77, 80, 77,
    79, 77, 79, 78, 77, 79, 76, 77, 80, 79, 79, 80, 79, 77, 80, 80, 77,
    80, 80, 79, 76, 79, 78, 81, 77, 82, 78, 79, 77, 78, 80, 78, 78, 79,
    80, 78, 80, 80, 80, 77, 79, 80, 80, 76, 78, 76, 79, 78, 77, 78, 79,
    78, 80, 78, 78, 80, 79, 79, 81, 78, 81, 81, 79, 81, 79, 77, 79, 80,
    80 ]
