%YAML:1.0
---
videoName: "headShake3.mp4"
gestureLabel: 201
fps: 30
pixelSizeInCmTemp: 3.3263888888888887e-01
faceCenterPointX: 240
faceCenterPointY: 101
headPositionsX: [ 242, 241, 243, 241, 240, 241, 240, 239, 241, 241, 239,
    243, 243, 239, 243, 242, 242, 244, 240, 242, 239, 243, 241, 243, 243,
    239, 240, 241, 240, 241, 239, 240, 238, 243, 247, 249, 254, 254, 258,
    255, 254, 251, 248, 243, 236, 231, 229, 230, 228, 230, 231, 237, 243,
    249, 252, 251, 250, 246, 243, 240, 235, 228, 226, 227, 226, 229, 233,
    233, 238, 244, 244, 244, 244, 244, 242, 243, 242, 237, 236, 233, 234,
    231, 236, 236, 234, 236, 236, 237, 239, 237, 242, 238, 240, 242, 242,
    240, 242, 240, 241, 240 ]
headPositionsY: [ 99, 97, 98, 98, 98, 99, 97, 97, 98, 97, 101, 98, 99,
    100, 97, 99, 101, 101, 101, 101, 99, 100, 101, 99, 97, 97, 101, 100,
    99, 100, 96, 99, 97, 98, 100, 96, 98, 96, 100, 97, 98, 98, 98, 96,
    99, 100, 100, 96, 99, 100, 98, 101, 97, 99, 100, 99, 98, 96, 101, 97,
    100, 96, 99, 99, 99, 98, 96, 97, 99, 98, 99, 97, 96, 98, 99, 101, 99,
    102, 100, 98, 102, 97, 102, 101, 102, 100, 101, 99, 99, 100, 100, 98,
    99, 98, 100, 101, 101, 101, 101, 99 ]
