%YAML:1.0
---
videoName: "headShake44.mp4"
gestureLabel: 201
fps: 30
pixelSizeInCmTemp: 3.2808219178082193e-01
faceCenterPointX: 260
faceCenterPointY: 84
headPositionsX: [ 258, 263, 261, 260, 260, 260, 262, 262, 258, 262, 263,
    262, 263, 263, 261, 259, 261, 261, 260, 261, 261, 263, 259, 262, 261,
    261, 262, 259, 260, 259, 260, 263, 259, 262, 259, 261, 262, 262, 263,
    264, 267, 269, 274, 275, 275, 274, 271, 265, 260, 255, 255, 249, 250,
    253, 256, 260, 267, 271, 269, 269, 267, 262, 259, 255, 256, 258, 260,
    265, 269, 272, 269, 271, 265, 261, 257, 252, 252, 251, 255, 256, 258,
    258, 258, 261, 260, 263, 264, 262, 261, 260, 262, 258, 262, 264, 259,
    259, 259, 263, 260, 260 ]
headPositionsY: [ 82, 81, 84, 83, 81, 85, 83, 81, 82, 85, 81, 84, 84, 84,
    83, 81, 82, 84, 82, 82, 85, 82, 85, 83, 83, 80, 83, 82, 84, 80, 81,
    84, 85, 85, 81, 82, 81, 85, 83, 84, 85, 81, 80, 83, 81, 83, 84, 87,
    85, 82, 86, 83, 86, 84, 82, 83, 82, 82, 82, 86, 87, 83, 83, 83, 86,
    85, 85, 83, 84, 85, 84, 81, 83, 82, 84, 81, 83, 83, 84, 84, 85, 86,
    85, 84, 81, 84, 82, 84, 86, 84, 85, 83, 87, 87, 84, 87, 83, 86, 86,
    86 ]
