%YAML:1.0
---
videoName: "headShake33.mp4"
gestureLabel: 201
fps: 29
pixelSizeInCmTemp: 3.2364864864864862e-01
faceCenterPointX: 244
faceCenterPointY: 84
headPositionsX: [ 243, 247, 244, 244, 244, 247, 247, 246, 246, 247, 244,
    243, 244, 244, 247, 245, 247, 243, 245, 247, 243, 247, 246, 251, 250,
    252, 256, 261, 258, 260, 263, 263, 263, 262, 257, 255, 253, 251, 247,
    241, 237, 235, 234, 230, 226, 225, 225, 229, 227, 234, 235, 239, 239,
    243, 252, 253, 254, 257, 259, 261, 260, 261, 259, 254, 255, 251, 249,
    246, 242, 236, 237, 232, 231, 232, 230, 232, 230, 232, 234, 234, 239,
    238, 241, 242, 243, 246, 245, 249, 249, 248, 246, 246, 245, 243, 243,
    245, 242, 244, 246, 242 ]
headPositionsY: [ 82, 81, 82, 84, 80, 83, 84, 83, 83, 82, 84, 83, 81, 84,
    81, 81, 84, 84, 85, 83, 85, 84, 81, 84, 81, 81, 82, 82, 80, 81, 80,
    79, 80, 81, 82, 84, 82, 81, 83, 83, 82, 83, 81, 83, 80, 80, 81, 82,
    82, 84, 81, 81, 82, 83, 82, 83, 82, 80, 81, 78, 80, 82, 80, 82, 84,
    82, 84, 82, 81, 81, 84, 86, 81, 84, 80, 82, 80, 85, 82, 81, 84, 83,
    83, 84, 82, 84, 85, 85, 83, 82, 85, 86, 85, 81, 83, 85, 82, 81, 85,
    82 ]
