%YAML:1.0
---
videoName: "headNod15.mp4"
gestureLabel: 202
fps: 29
pixelSizeInCmTemp: 3.1933333333333330e-01
faceCenterPointX: 255
faceCenterPointY: 74
headPositionsX: [ 257, 256, 258, 255, 259, 257, 259, 259, 258, 257, 258,
    255, 254, 257, 256, 257, 258, 255, 254, 257, 257, 258, 253, 254, 258,
    256, 258, 253, 256, 255, 255, 257, 256, 253, 254, 256, 257, 253, 256,
    255, 256, 256, 256, 254, 256, 254, 256, 254, 252, 257, 255, 254, 254,
    254, 257, 253, 253, 252, 254, 254, 253, 257, 252, 254, 256, 254, 258,
    255, 254, 254, 253, 254, 253, 253, 254, 255, 252, 255, 254, 252, 254,
    255, 253, 254, 256, 252, 252, 256, 252, 256, 254, 256, 255, 256, 256,
    256, 255, 255, 253, 254 ]
headPositionsY: [ 76, 74, 74, 72, 75, 75, 73, 73, 73, 74, 71, 72, 73, 74,
    71, 73, 73, 74, 72, 71, 72, 76, 74, 72, 75, 71, 73, 75, 72, 73, 71,
    75, 72, 74, 72, 73, 76, 78, 79, 79, 82, 83, 78, 77, 73, 70, 71, 68,
    72, 74, 76, 81, 82, 81, 77, 79, 75, 70, 69, 71, 71, 73, 75, 80, 80,
    83, 83, 82, 80, 76, 75, 69, 69, 73, 71, 74, 75, 80, 78, 74, 72, 71,
    71, 71, 68, 70, 71, 70, 72, 72, 74, 76, 72, 72, 74, 75, 74, 72, 72,
    71 ]
