%YAML:1.0
---
videoName: "headShake14.mp4"
gestureLabel: 201
fps: 29
pixelSizeInCmTemp: 3.2364864864864862e-01
faceCenterPointX: 244
faceCenterPointY: 76
headPositionsX: [ 243, 247, 244, 247, 246, 243, 244, 247, 243, 247, 245,
    247, 245, 243, 246, 245, 246, 247, 243, 247, 246, 243, 246, 246, 248,
    247, 250, 250, 257, 257, 259, 260, 259, 258, 254, 249, 246, 243, 236,
    230, 227, 222, 229, 229, 233, 236, 243, 248, 253, 258, 256, 256, 253,
    251, 250, 243, 236, 235, 233, 234, 235, 236, 236, 238, 243, 243, 244,
    249, 248, 249, 249, 247, 251, 248, 248, 243, 244, 240, 242, 242, 240,
    238, 239, 241, 241, 240, 244, 246, 246, 244, 243, 244, 243, 243, 246,
    246, 241, 242, 243, 243 ]
headPositionsY: [ 77, 77, 73, 76, 76, 75, 78, 74, 75, 74, 76, 77, 76, 73,
    77, 75, 77, 74, 77, 73, 76, 75, 74, 77, 75, 76, 76, 76, 73, 72, 74,
    71, 74, 72, 73, 75, 75, 75, 78, 77, 75, 76, 75, 73, 74, 77, 76, 76,
    73, 73, 70, 72, 74, 75, 74, 74, 73, 76, 74, 74, 75, 75, 76, 73, 77,
    76, 74, 75, 78, 78, 76, 78, 75, 78, 77, 74, 75, 74, 74, 73, 73, 73,
    77, 76, 76, 77, 74, 77, 77, 76, 78, 74, 76, 74, 77, 75, 77, 74, 79,
    76 ]
