%YAML:1.0
---
videoName: "headLookUp8.mp4"
gestureLabel: 205
fps: 29
pixelSizeInCmTemp: 3.4214285714285714e-01
faceCenterPointX: 253
faceCenterPointY: 59
headPositionsX: [ 253, 252, 252, 251, 252, 255, 252, 253, 252, 250, 250,
    255, 252, 251, 250, 253, 253, 253, 250, 251, 253, 254, 251, 251, 251,
    251, 254, 252, 249, 254, 251, 250, 254, 252, 253, 252, 253, 250, 254,
    254, 250, 251, 254, 252, 255, 252, 251, 250, 251, 249, 250, 252, 250,
    250, 252, 253, 251, 254, 253, 253, 251, 251, 255, 253, 251, 254, 250,
    251, 254, 251, 254, 250, 253, 254, 253, 254, 254, 251, 253, 255, 254,
    254, 253, 254, 252, 253, 253, 254, 254, 255, 252, 252, 253, 251, 254,
    254, 254, 252, 255, 255 ]
headPositionsY: [ 61, 78, 78, 78, 74, 75, 78, 77, 77, 76, 78, 75, 75, 77,
    76, 70, 74, 72, 70, 68, 70, 69, 66, 68, 67, 66, 66, 67, 64, 63, 65,
    61, 63, 61, 60, 61, 59, 58, 61, 60, 60, 57, 62, 57, 58, 60, 59, 58,
    59, 60, 60, 56, 58, 60, 58, 60, 58, 60, 57, 57, 60, 57, 60, 57, 57,
    61, 60, 60, 60, 58, 58, 59, 59, 61, 58, 60, 58, 58, 60, 59, 57, 60,
    59, 56, 60, 58, 61, 57, 60, 59, 58, 61, 58, 58, 57, 57, 58, 60, 59,
    60 ]
