%YAML:1.0
---
videoName: "headLookUp5.mp4"
gestureLabel: 205
fps: 29
pixelSizeInCmTemp: 3.6287878787878786e-01
faceCenterPointX: 256
faceCenterPointY: 67
headPositionsX: [ 258, 255, 256, 255, 258, 256, 255, 256, 257, 257, 254,
    258, 254, 256, 258, 258, 254, 256, 256, 256, 258, 254, 258, 254, 255,
    257, 257, 257, 257, 256, 254, 256, 258, 254, 255, 258, 255, 256, 258,
    257, 259, 255, 254, 257, 257, 259, 254, 258, 253, 257, 259, 258, 255,
    257, 258, 257, 256, 256, 255, 257, 258, 253, 258, 253, 254, 255, 258,
    255, 254, 258, 254, 256, 257, 256, 255, 256, 255, 256, 258, 255, 258,
    256, 254, 258, 258, 254, 255, 256, 258, 255, 258, 258, 255, 256, 254,
    256, 256, 258, 254, 254 ]
headPositionsY: [ 68, 84, 81, 81, 82, 80, 80, 83, 80, 84, 81, 84, 81, 83,
    82, 80, 80, 82, 79, 81, 80, 80, 80, 83, 80, 80, 80, 81, 82, 79, 79,
    78, 77, 78, 78, 77, 77, 75, 71, 72, 70, 71, 71, 68, 67, 68, 67, 70,
    70, 70, 70, 68, 70, 68, 66, 69, 66, 70, 68, 69, 67, 69, 67, 68, 66,
    69, 69, 66, 68, 68, 69, 67, 67, 67, 69, 66, 70, 68, 65, 67, 68, 69,
    67, 67, 66, 68, 67, 66, 69, 69, 70, 67, 65, 68, 64, 65, 66, 69, 66,
    68 ]
