%YAML:1.0
---
videoName: "headShake45.mp4"
gestureLabel: 201
fps: 30
pixelSizeInCmTemp: 3.3263888888888887e-01
faceCenterPointX: 262
faceCenterPointY: 84
headPositionsX: [ 263, 261, 264, 261, 263, 264, 262, 264, 261, 264, 261,
    261, 260, 262, 260, 262, 261, 264, 261, 264, 260, 263, 261, 262, 262,
    263, 260, 261, 262, 263, 260, 262, 260, 259, 262, 261, 259, 260, 259,
    255, 257, 255, 261, 266, 271, 275, 281, 281, 279, 276, 272, 266, 262,
    257, 253, 253, 257, 261, 270, 273, 273, 276, 272, 268, 264, 258, 258,
    255, 254, 261, 266, 268, 269, 273, 272, 270, 265, 259, 255, 254, 258,
    258, 258, 264, 263, 266, 264, 263, 259, 258, 260, 260, 263, 259, 260,
    262, 262, 264, 261, 262 ]
headPositionsY: [ 84, 80, 83, 83, 82, 79, 80, 79, 81, 81, 83, 83, 83, 84,
    83, 83, 81, 84, 83, 84, 80, 82, 81, 82, 82, 81, 81, 80, 84, 84, 82,
    85, 83, 80, 81, 80, 84, 84, 84, 84, 81, 84, 83, 82, 82, 82, 80, 80,
    80, 80, 84, 85, 82, 80, 82, 85, 82, 84, 81, 82, 79, 82, 80, 82, 83,
    81, 82, 82, 82, 83, 84, 80, 84, 80, 83, 81, 81, 85, 82, 82, 84, 80,
    83, 83, 85, 81, 83, 83, 82, 83, 83, 83, 85, 84, 83, 85, 83, 82, 81,
    84 ]
