%YAML:1.0
---
videoName: "headNod24.mp4"
gestureLabel: 202
fps: 29
pixelSizeInCmTemp: 3.1513157894736843e-01
faceCenterPointX: 272
faceCenterPointY: 72
headPositionsX: [ 271, 276, 275, 277, 276, 273, 276, 274, 276, 274, 274,
    273, 273, 277, 273, 274, 273, 275, 272, 274, 273, 274, 274, 271, 274,
    273, 275, 275, 271, 273, 272, 273, 275, 273, 273, 273, 274, 272, 273,
    272, 275, 274, 271, 271, 269, 271, 273, 273, 272, 271, 274, 273, 274,
    275, 274, 271, 272, 270, 273, 271, 271, 272, 269, 270, 271, 268, 273,
    269, 272, 272, 274, 272, 273, 269, 272, 272, 269, 269, 273, 268, 271,
    267, 270, 272, 269, 271, 271, 271, 270, 269, 273, 270, 270, 270, 273,
    274, 273, 274, 271, 272 ]
headPositionsY: [ 73, 71, 71, 71, 74, 75, 74, 72, 72, 74, 75, 74, 73, 73,
    73, 74, 75, 74, 73, 73, 71, 71, 72, 71, 73, 73, 73, 73, 73, 75, 74,
    76, 73, 74, 72, 74, 69, 72, 71, 71, 68, 74, 74, 80, 83, 82, 78, 76,
    71, 67, 66, 65, 70, 70, 75, 74, 76, 73, 72, 70, 68, 68, 65, 67, 71,
    73, 77, 75, 74, 71, 73, 67, 67, 70, 70, 69, 70, 75, 75, 74, 76, 75,
    76, 72, 71, 69, 70, 69, 70, 72, 70, 69, 74, 74, 73, 73, 75, 71, 69,
    71 ]
