%YAML:1.0
---
videoName: "headShake37.mp4"
gestureLabel: 201
fps: 30
pixelSizeInCmTemp: 3.1933333333333330e-01
faceCenterPointX: 263
faceCenterPointY: 83
headPositionsX: [ 263, 260, 261, 263, 260, 263, 263, 265, 263, 260, 264,
    261, 261, 263, 261, 262, 263, 263, 264, 260, 260, 265, 262, 261, 260,
    260, 261, 262, 263, 263, 262, 260, 263, 263, 260, 263, 262, 264, 265,
    262, 260, 261, 260, 259, 260, 263, 259, 263, 267, 271, 272, 278, 280,
    279, 281, 279, 269, 265, 259, 255, 253, 254, 255, 258, 261, 269, 268,
    271, 271, 271, 270, 265, 261, 257, 254, 251, 256, 253, 254, 257, 260,
    260, 261, 263, 264, 268, 265, 264, 268, 265, 263, 264, 262, 264, 260,
    264, 262, 262, 266, 263 ]
headPositionsY: [ 81, 83, 85, 85, 82, 81, 83, 82, 85, 83, 84, 81, 84, 83,
    84, 83, 81, 81, 81, 82, 81, 84, 83, 81, 82, 83, 81, 81, 85, 80, 82,
    84, 81, 84, 82, 82, 82, 83, 81, 81, 81, 85, 85, 81, 83, 81, 84, 82,
    84, 82, 81, 81, 81, 82, 82, 84, 82, 82, 83, 81, 81, 81, 80, 83, 80,
    84, 82, 82, 79, 83, 83, 83, 85, 81, 83, 84, 83, 82, 82, 81, 81, 80,
    82, 83, 85, 85, 82, 81, 83, 84, 84, 85, 83, 82, 82, 82, 84, 82, 83,
    84 ]
