%YAML:1.0
---
videoName: "headLookUp5.mp4"
gestureLabel: 205
fps: 29
pixelSizeInCmTemp: 3.6287878787878786e-01
faceCenterPointX: 256
faceCenterPointY: 67
headPositionsX: [ 255, 258, 258, 254, 257, 256, 257, 257, 254, 257, 258,
    256, 257, 255, 258, 254, 257, 254, 257, 254, 258, 255, 257, 254, 255,
    255, 258, 254, 256, 257, 257, 258, 257, 257, 256, 258, 258, 255, 254,
    259, 256, 257, 257, 257, 257, 259, 254, 255, 253, 255, 255, 256, 256,
    254, 256, 258, 255, 255, 256, 253, 259, 255, 257, 257, 255, 254, 256,
    255, 256, 255, 254, 255, 256, 254, 255, 255, 257, 257, 255, 255, 257,
    255, 254, 255, 254, 255, 256, 255, 257, 254, 256, 258, 257, 256, 253,
    255, 255, 254, 254, 255 ]
headPositionsY: [ 67, 80, 82, 79, 80, 84, 82, 79, 81, 83, 81, 80, 81, 82,
    80, 79, 83, 81, 79, 83, 83, 82, 81, 79, 81, 79, 81, 80, 82, 80, 80,
    82, 79, 81, 78, 79, 75, 73, 74, 69, 70, 68, 70, 67, 69, 70, 69, 66,
    68, 71, 68, 67, 68, 70, 70, 70, 69, 69, 69, 69, 70, 68, 67, 67, 67,
    68, 70, 68, 68, 68, 68, 66, 69, 68, 68, 67, 67, 70, 65, 70, 65, 68,
    70, 68, 67, 67, 66, 68, 67, 66, 68, 67, 66, 67, 67, 67, 66, 69, 66,
    67 ]
