%YAML:1.0
---
videoName: "headShake18.mp4"
gestureLabel: 201
fps: 30
pixelSizeInCmTemp: 3.2808219178082193e-01
faceCenterPointX: 240
faceCenterPointY: 77
headPositionsX: [ 239, 243, 240, 241, 242, 243, 242, 241, 243, 240, 240,
    239, 244, 239, 239, 242, 240, 239, 239, 238, 242, 242, 240, 241, 242,
    239, 240, 241, 239, 240, 240, 237, 240, 240, 238, 243, 245, 248, 251,
    252, 251, 252, 251, 249, 246, 244, 238, 235, 232, 231, 230, 232, 237,
    238, 241, 245, 248, 247, 246, 245, 245, 238, 236, 236, 234, 235, 235,
    234, 237, 242, 242, 243, 243, 247, 242, 242, 238, 237, 235, 238, 235,
    239, 237, 240, 237, 239, 244, 243, 243, 244, 240, 240, 244, 240, 242,
    239, 239, 240, 240, 239 ]
headPositionsY: [ 77, 74, 76, 78, 78, 76, 75, 73, 76, 76, 73, 78, 75, 78,
    77, 76, 78, 77, 78, 78, 73, 78, 77, 75, 76, 76, 73, 78, 75, 76, 78,
    73, 78, 75, 76, 74, 78, 77, 75, 74, 74, 76, 73, 76, 76, 78, 74, 78,
    76, 75, 75, 76, 77, 79, 78, 79, 77, 76, 77, 76, 78, 78, 76, 77, 78,
    75, 77, 74, 76, 78, 76, 76, 78, 77, 80, 75, 77, 78, 79, 78, 77, 77,
    78, 75, 77, 78, 78, 79, 76, 79, 76, 75, 79, 75, 79, 76, 75, 79, 78,
    77 ]
