%YAML:1.0
---
videoName: "headNod10.mp4"
gestureLabel: 202
fps: 29
pixelSizeInCmTemp: 3.2808219178082193e-01
faceCenterPointX: 260
faceCenterPointY: 67
headPositionsX: [ 261, 257, 260, 258, 260, 259, 257, 257, 260, 257, 258,
    259, 259, 257, 259, 257, 257, 256, 259, 256, 257, 257, 258, 260, 260,
    259, 261, 260, 259, 257, 261, 257, 259, 258, 256, 259, 260, 261, 259,
    259, 258, 261, 261, 261, 261, 263, 262, 261, 260, 262, 263, 259, 260,
    258, 259, 257, 259, 259, 257, 261, 259, 262, 259, 261, 258, 261, 259,
    258, 261, 258, 256, 256, 257, 258, 257, 261, 260, 259, 259, 261, 258,
    260, 259, 259, 259, 258, 261, 258, 260, 257, 258, 259, 260, 258, 258,
    258, 262, 263, 258, 261 ]
headPositionsY: [ 67, 72, 71, 68, 68, 70, 68, 72, 68, 69, 72, 71, 71, 72,
    71, 68, 70, 68, 72, 71, 69, 70, 71, 72, 72, 70, 70, 72, 69, 70, 70,
    68, 70, 71, 72, 73, 72, 68, 71, 71, 73, 72, 70, 71, 69, 69, 66, 63,
    64, 63, 64, 65, 70, 73, 76, 73, 70, 71, 67, 67, 65, 64, 62, 66, 68,
    68, 71, 74, 77, 77, 72, 71, 68, 66, 65, 67, 63, 65, 67, 72, 77, 75,
    76, 75, 69, 69, 67, 69, 69, 69, 65, 68, 67, 66, 66, 68, 67, 68, 68,
    70 ]
