%YAML:1.0
---
videoName: "headLookLeft1.mp4"
gestureLabel: 203
fps: 30
pixelSizeInCmTemp: 3.6287878787878786e-01
faceCenterPointX: 276
faceCenterPointY: 73
headPositionsX: [ 274, 256, 257, 254, 257, 258, 259, 258, 254, 253, 256,
    258, 257, 257, 254, 253, 254, 255, 256, 256, 257, 255, 256, 254, 255,
    256, 256, 254, 256, 258, 255, 255, 258, 254, 258, 254, 258, 257, 259,
    254, 258, 255, 256, 254, 257, 256, 254, 255, 254, 254, 257, 253, 253,
    256, 254, 254, 257, 255, 257, 261, 261, 260, 263, 265, 268, 269, 273,
    273, 276, 277, 278, 279, 273, 275, 273, 278, 278, 275, 276, 275, 281,
    276, 278, 278, 278, 279, 275, 278, 281, 277, 277, 279, 279, 275, 276,
    278, 278, 278, 277, 276 ]
headPositionsY: [ 75, 74, 74, 73, 77, 74, 76, 76, 75, 77, 76, 76, 73, 76,
    77, 75, 74, 76, 75, 77, 75, 75, 76, 75, 79, 79, 77, 76, 75, 77, 80,
    76, 80, 80, 79, 78, 79, 81, 79, 79, 78, 77, 76, 77, 79, 77, 77, 79,
    78, 80, 77, 79, 79, 79, 79, 77, 78, 80, 81, 77, 80, 80, 75, 76, 76,
    79, 79, 75, 78, 77, 76, 73, 75, 74, 72, 73, 77, 75, 77, 74, 78, 76,
    75, 74, 78, 76, 75, 76, 75, 75, 73, 77, 76, 75, 77, 76, 78, 76, 75,
    74 ]
