%YAML:1.0
---
videoName: "headShake25.mp4"
gestureLabel: 201
fps: 30
pixelSizeInCmTemp: 3.2364864864864862e-01
faceCenterPointX: 241
faceCenterPointY: 79
headPositionsX: [ 242, 254, 253, 252, 251, 253, 250, 250, 246, 245, 239,
    235, 236, 232, 233, 233, 231, 227, 231, 232, 230, 230, 233, 237, 237,
    243, 245, 244, 246, 251, 249, 250, 248, 246, 245, 247, 242, 241, 236,
    237, 235, 234, 232, 228, 229, 231, 232, 232, 235, 238, 240, 241, 242,
    247, 248, 246, 248, 252, 249, 252, 249, 250, 249, 246, 245, 242, 243,
    239, 236, 238, 234, 233, 234, 236, 236, 236, 234, 236, 238, 238, 238,
    240, 242, 242, 241, 242, 240, 241, 243, 241, 241, 240, 244, 242, 240,
    240, 242, 239, 240, 242 ]
headPositionsY: [ 77, 78, 76, 75, 75, 79, 78, 76, 77, 78, 77, 75, 78, 76,
    75, 79, 80, 80, 78, 80, 77, 80, 79, 78, 78, 76, 80, 77, 81, 77, 78,
    76, 80, 81, 77, 77, 80, 80, 81, 79, 79, 77, 78, 79, 77, 79, 78, 77,
    79, 81, 79, 80, 77, 79, 81, 80, 80, 76, 75, 77, 78, 77, 78, 80, 79,
    77, 77, 80, 77, 79, 78, 77, 80, 77, 80, 78, 79, 79, 79, 78, 80, 78,
    80, 79, 80, 78, 78, 77, 77, 79, 79, 80, 79, 78, 81, 81, 77, 79, 80,
    78 ]
