%YAML:1.0
---
videoName: "headNod39.mp4"
gestureLabel: 202
fps: 29
pixelSizeInCmTemp: 2.9937500000000000e-01
faceCenterPointX: 268
faceCenterPointY: 78
headPositionsX: [ 267, 266, 269, 266, 267, 269, 268, 266, 269, 270, 270,
    269, 269, 267, 267, 268, 269, 270, 268, 271, 269, 271, 270, 266, 267,
    269, 268, 270, 270, 268, 268, 266, 267, 268, 270, 267, 269, 270, 269,
    270, 269, 267, 270, 268, 266, 267, 266, 268, 269, 267, 266, 265, 267,
    267, 267, 267, 267, 267, 268, 265, 264, 264, 265, 266, 268, 267, 265,
    269, 264, 264, 264, 267, 267, 269, 267, 266, 269, 269, 268, 268, 267,
    270, 268, 269, 269, 266, 270, 268, 266, 266, 268, 268, 266, 266, 269,
    266, 268, 265, 269, 267 ]
headPositionsY: [ 79, 77, 76, 78, 76, 78, 79, 77, 74, 77, 74, 77, 76, 75,
    74, 74, 75, 76, 78, 77, 75, 77, 76, 77, 74, 78, 78, 75, 74, 78, 78,
    75, 76, 75, 77, 76, 79, 77, 79, 78, 83, 83, 87, 86, 82, 82, 78, 75,
    73, 74, 75, 74, 77, 75, 78, 84, 90, 89, 91, 88, 87, 80, 78, 73, 71,
    71, 72, 76, 77, 82, 83, 85, 81, 81, 79, 77, 75, 73, 77, 75, 77, 81,
    81, 81, 80, 81, 81, 78, 79, 79, 78, 78, 78, 80, 76, 78, 80, 77, 76,
    77 ]
