%YAML:1.0
---
videoName: "headShake3.mp4"
gestureLabel: 201
fps: 30
pixelSizeInCmTemp: 3.3263888888888887e-01
faceCenterPointX: 240
faceCenterPointY: 101
headPositionsX: [ 240, 241, 239, 242, 242, 240, 241, 239, 243, 239, 243,
    240, 243, 242, 244, 241, 240, 242, 242, 239, 242, 239, 243, 242, 243,
    240, 239, 240, 242, 242, 236, 240, 241, 242, 245, 249, 253, 255, 256,
    257, 255, 251, 247, 240, 238, 233, 232, 228, 227, 229, 235, 237, 242,
    246, 251, 249, 249, 248, 242, 236, 234, 228, 227, 224, 222, 226, 230,
    236, 239, 241, 243, 246, 243, 246, 244, 240, 241, 239, 234, 234, 233,
    232, 233, 234, 233, 237, 236, 237, 237, 237, 240, 240, 239, 241, 242,
    240, 242, 243, 240, 240 ]
headPositionsY: [ 100, 98, 101, 97, 97, 99, 99, 98, 100, 99, 100, 100,
    99, 99, 98, 99, 101, 97, 98, 101, 98, 97, 100, 98, 97, 98, 100, 99,
    98, 99, 96, 100, 98, 100, 99, 98, 98, 96, 98, 96, 100, 98, 98, 98,
    98, 97, 99, 96, 99, 99, 99, 97, 97, 98, 99, 100, 98, 98, 100, 100,
    100, 97, 97, 99, 97, 98, 97, 99, 97, 100, 100, 97, 100, 99, 99, 97,
    100, 98, 100, 101, 101, 100, 99, 100, 99, 101, 98, 102, 100, 100,
    102, 100, 98, 102, 102, 103, 99, 100, 101, 101 ]
