%YAML:1.0
---
videoName: "headNod48.mp4"
gestureLabel: 202
fps: 29
pixelSizeInCmTemp: 2.8855421686746985e-01
faceCenterPointX: 264
faceCenterPointY: 72
headPositionsX: [ 263, 264, 266, 267, 264, 266, 263, 263, 265, 263, 265,
    264, 265, 264, 264, 261, 264, 263, 261, 260, 260, 262, 261, 261, 259,
    258, 260, 263, 262, 260, 259, 260, 262, 264, 260, 261, 263, 262, 261,
    264, 260, 261, 261, 260, 259, 262, 262, 261, 261, 260, 263, 261, 261,
    260, 260, 259, 260, 264, 262, 263, 262, 264, 265, 263, 263, 263, 263,
    265, 262, 262, 263, 263, 267, 266, 262, 264, 267, 266, 266, 263, 265,
    264, 266, 263, 264, 267, 264, 266, 267, 267, 266, 266, 267, 264, 268,
    263, 266, 266, 264, 265 ]
headPositionsY: [ 70, 75, 75, 78, 78, 76, 72, 70, 69, 66, 65, 60, 61, 65,
    65, 71, 73, 78, 83, 87, 86, 86, 84, 82, 76, 73, 71, 67, 68, 65, 63,
    68, 63, 65, 70, 73, 74, 78, 82, 83, 81, 83, 79, 80, 75, 76, 72, 73,
    72, 69, 71, 72, 75, 77, 78, 77, 77, 75, 75, 72, 69, 70, 72, 70, 73,
    75, 76, 76, 76, 76, 78, 72, 75, 71, 72, 71, 72, 72, 69, 75, 75, 75,
    72, 73, 76, 73, 72, 71, 73, 71, 73, 72, 74, 75, 75, 70, 71, 70, 74,
    70 ]
