%YAML:1.0
---
videoName: "headShake12.mp4"
gestureLabel: 201
fps: 29
pixelSizeInCmTemp: 3.2808219178082193e-01
faceCenterPointX: 241
faceCenterPointY: 76
headPositionsX: [ 240, 239, 240, 243, 240, 243, 240, 244, 244, 243, 244,
    244, 242, 242, 240, 241, 243, 239, 244, 241, 239, 242, 243, 244, 240,
    241, 244, 243, 242, 243, 241, 241, 242, 241, 243, 241, 241, 242, 242,
    241, 242, 243, 240, 241, 241, 239, 243, 242, 243, 243, 240, 244, 241,
    243, 243, 243, 243, 242, 243, 248, 246, 253, 253, 257, 259, 261, 257,
    251, 247, 242, 239, 231, 230, 234, 236, 239, 248, 249, 250, 252, 250,
    248, 248, 244, 241, 241, 237, 235, 234, 236, 239, 238, 241, 240, 240,
    238, 237, 242, 238, 241 ]
headPositionsY: [ 77, 70, 75, 72, 74, 74, 73, 71, 73, 74, 73, 73, 76, 74,
    72, 72, 72, 75, 75, 73, 72, 71, 75, 75, 72, 75, 76, 73, 73, 71, 73,
    71, 77, 72, 76, 73, 76, 73, 76, 73, 74, 72, 75, 74, 73, 72, 73, 72,
    74, 76, 72, 75, 75, 74, 74, 73, 72, 75, 76, 73, 75, 72, 72, 75, 72,
    72, 74, 75, 75, 77, 74, 78, 74, 77, 77, 78, 75, 77, 73, 75, 75, 74,
    76, 75, 77, 75, 77, 74, 74, 73, 76, 73, 76, 78, 76, 74, 77, 76, 76,
    74 ]
