%YAML:1.0
---
videoName: "headNod12.mp4"
gestureLabel: 202
fps: 29
pixelSizeInCmTemp: 3.2808219178082193e-01
faceCenterPointX: 254
faceCenterPointY: 69
headPositionsX: [ 252, 251, 254, 252, 255, 251, 254, 255, 256, 253, 254,
    259, 256, 254, 257, 255, 253, 256, 256, 259, 256, 257, 258, 255, 258,
    254, 256, 255, 257, 253, 258, 253, 258, 255, 253, 253, 253, 256, 253,
    252, 256, 254, 255, 253, 252, 254, 256, 254, 256, 257, 256, 254, 253,
    253, 255, 254, 253, 252, 255, 253, 254, 252, 256, 255, 256, 252, 256,
    254, 253, 255, 255, 253, 255, 256, 253, 255, 252, 253, 254, 255, 253,
    254, 255, 256, 256, 252, 253, 256, 256, 254, 257, 257, 257, 257, 253,
    252, 252, 252, 252, 252 ]
headPositionsY: [ 71, 76, 71, 72, 74, 71, 73, 74, 75, 74, 76, 74, 73, 73,
    73, 75, 74, 74, 74, 73, 75, 75, 73, 73, 75, 72, 72, 73, 74, 76, 74,
    76, 75, 74, 73, 73, 72, 67, 67, 65, 64, 62, 61, 64, 66, 64, 67, 73,
    72, 76, 78, 80, 76, 75, 75, 73, 71, 67, 66, 64, 64, 61, 63, 64, 67,
    66, 71, 69, 74, 75, 76, 75, 78, 74, 74, 72, 70, 70, 70, 68, 67, 68,
    66, 64, 67, 67, 67, 71, 74, 73, 74, 74, 71, 73, 74, 70, 73, 71, 68,
    72 ]
