%YAML:1.0
---
videoName: "headLookRight0.mp4"
gestureLabel: 204
fps: 29
pixelSizeInCmTemp: 3.1933333333333330e-01
faceCenterPointX: 229
faceCenterPointY: 68
headPositionsX: [ 227, 255, 258, 257, 256, 254, 254, 255, 258, 254, 258,
    258, 258, 258, 255, 255, 258, 257, 257, 254, 255, 255, 258, 254, 259,
    255, 258, 256, 255, 255, 254, 257, 255, 257, 256, 256, 254, 254, 255,
    255, 249, 248, 247, 247, 241, 242, 239, 236, 236, 236, 236, 235, 233,
    234, 235, 236, 231, 234, 231, 234, 235, 231, 234, 232, 232, 233, 235,
    232, 232, 234, 232, 236, 233, 234, 234, 230, 232, 232, 229, 231, 236,
    231, 234, 228, 233, 228, 230, 232, 227, 229, 231, 229, 232, 230, 229,
    228, 228, 231, 225, 228 ]
headPositionsY: [ 69, 68, 63, 63, 64, 66, 63, 66, 67, 68, 66, 67, 66, 68,
    69, 69, 68, 66, 69, 66, 70, 66, 69, 67, 68, 68, 67, 69, 66, 68, 68,
    70, 66, 66, 67, 66, 68, 68, 70, 70, 66, 67, 68, 69, 67, 68, 66, 66,
    67, 65, 70, 70, 69, 67, 70, 67, 70, 68, 69, 69, 66, 70, 69, 66, 67,
    65, 68, 69, 69, 67, 66, 69, 67, 68, 67, 69, 69, 67, 67, 66, 68, 69,
    66, 66, 66, 68, 69, 70, 68, 66, 66, 66, 71, 71, 66, 68, 66, 64, 69,
    67 ]
