%YAML:1.0
---
videoName: "headLookDown9.mp4"
gestureLabel: 206
fps: 29
pixelSizeInCmTemp: 3.5220588235294115e-01
faceCenterPointX: 274
faceCenterPointY: 97
headPositionsX: [ 274, 272, 273, 272, 272, 274, 271, 272, 270, 270, 273,
    273, 270, 275, 273, 275, 271, 271, 270, 275, 272, 273, 274, 272, 270,
    272, 275, 274, 274, 274, 274, 272, 275, 271, 274, 272, 274, 273, 272,
    271, 271, 273, 274, 275, 272, 272, 272, 273, 273, 273, 273, 273, 271,
    272, 275, 272, 271, 273, 272, 272, 274, 271, 270, 273, 273, 271, 273,
    275, 273, 272, 271, 270, 273, 270, 272, 273, 272, 271, 274, 273, 272,
    274, 271, 274, 273, 271, 275, 272, 273, 275, 273, 272, 275, 276, 271,
    274, 273, 272, 273, 274 ]
headPositionsY: [ 95, 80, 80, 80, 78, 82, 81, 81, 82, 80, 81, 78, 77, 82,
    80, 78, 81, 80, 82, 79, 78, 81, 79, 82, 82, 80, 81, 82, 78, 80, 83,
    82, 81, 80, 83, 86, 82, 82, 85, 88, 90, 89, 91, 92, 93, 94, 98, 95,
    97, 96, 96, 96, 101, 100, 99, 97, 98, 96, 97, 98, 101, 98, 98, 97,
    99, 100, 96, 97, 98, 95, 100, 95, 97, 97, 96, 98, 97, 96, 99, 98, 95,
    97, 97, 98, 99, 95, 99, 96, 95, 94, 97, 97, 97, 96, 98, 99, 96, 94,
    98, 94 ]
