%YAML:1.0
---
videoName: "headLookRight9.mp4"
gestureLabel: 204
fps: 29
pixelSizeInCmTemp: 2.8511904761904761e-01
faceCenterPointX: 217
faceCenterPointY: 75
headPositionsX: [ 216, 243, 242, 246, 245, 245, 243, 242, 242, 244, 243,
    245, 242, 244, 243, 245, 243, 243, 241, 242, 244, 240, 241, 242, 244,
    241, 244, 245, 243, 241, 241, 239, 236, 234, 233, 232, 229, 224, 224,
    220, 219, 216, 217, 217, 219, 216, 214, 216, 216, 213, 215, 213, 212,
    217, 214, 212, 211, 214, 216, 217, 211, 213, 217, 214, 217, 219, 214,
    216, 213, 214, 216, 211, 207, 217, 211, 214, 215, 215, 217, 215, 216,
    217, 215, 215, 215, 217, 215, 219, 217, 219, 216, 214, 214, 217, 216,
    214, 219, 220, 218, 218 ]
headPositionsY: [ 76, 75, 75, 75, 75, 75, 72, 72, 74, 75, 76, 72, 74, 75,
    77, 77, 74, 72, 74, 76, 76, 72, 76, 77, 73, 75, 75, 74, 75, 73, 73,
    76, 74, 75, 72, 76, 72, 74, 76, 75, 76, 71, 72, 80, 72, 74, 73, 75,
    69, 71, 69, 71, 73, 73, 72, 75, 73, 74, 69, 71, 71, 69, 75, 71, 77,
    79, 75, 72, 74, 69, 70, 79, 80, 68, 72, 70, 73, 74, 75, 74, 75, 72,
    73, 71, 74, 70, 70, 71, 73, 71, 74, 71, 74, 75, 73, 73, 77, 72, 73,
    78 ]
