%YAML:1.0
---
videoName: "headShake47.mp4"
gestureLabel: 201
fps: 29
pixelSizeInCmTemp: 3.2364864864864862e-01
faceCenterPointX: 258
faceCenterPointY: 86
headPositionsX: [ 258, 258, 259, 259, 260, 259, 258, 259, 258, 263, 258,
    259, 260, 261, 262, 261, 260, 262, 261, 261, 257, 259, 260, 262, 259,
    259, 259, 261, 258, 259, 261, 260, 260, 257, 254, 257, 253, 251, 248,
    249, 247, 249, 253, 254, 259, 265, 267, 267, 265, 263, 260, 255, 252,
    254, 252, 259, 261, 265, 268, 264, 264, 258, 255, 253, 253, 254, 257,
    260, 263, 264, 264, 262, 256, 255, 253, 256, 258, 257, 261, 265, 263,
    263, 260, 255, 255, 252, 256, 254, 258, 257, 257, 259, 255, 257, 259,
    256, 257, 260, 259, 258 ]
headPositionsY: [ 86, 84, 83, 83, 85, 86, 87, 85, 84, 87, 83, 85, 83, 86,
    86, 86, 82, 85, 87, 85, 85, 84, 86, 84, 86, 86, 85, 87, 86, 86, 85,
    84, 87, 86, 83, 87, 83, 84, 86, 83, 84, 86, 88, 88, 87, 87, 87, 88,
    90, 89, 88, 91, 88, 89, 88, 88, 89, 87, 91, 87, 89, 88, 85, 85, 85,
    85, 85, 85, 87, 88, 90, 87, 87, 85, 87, 87, 87, 85, 86, 87, 85, 87,
    85, 88, 89, 87, 86, 84, 84, 84, 84, 87, 84, 86, 88, 86, 84, 89, 85,
    86 ]
