%YAML:1.0
---
videoName: "headLookUp0.mp4"
gestureLabel: 205
fps: 29
pixelSizeInCmTemp: 3.6846153846153845e-01
faceCenterPointX: 258
faceCenterPointY: 66
headPositionsX: [ 256, 261, 260, 261, 258, 259, 258, 257, 260, 260, 259,
    262, 261, 257, 258, 261, 257, 261, 257, 262, 260, 257, 262, 257, 258,
    258, 257, 258, 261, 258, 258, 261, 258, 260, 259, 258, 260, 260, 257,
    259, 259, 256, 260, 256, 259, 258, 256, 257, 258, 259, 258, 256, 260,
    259, 260, 260, 256, 259, 260, 256, 260, 261, 257, 257, 258, 259, 259,
    255, 259, 260, 258, 257, 258, 258, 261, 259, 260, 258, 255, 257, 257,
    257, 260, 261, 255, 258, 260, 257, 259, 259, 259, 259, 259, 256, 258,
    259, 259, 258, 257, 260 ]
headPositionsY: [ 67, 83, 81, 80, 82, 80, 80, 79, 79, 80, 82, 79, 78, 81,
    75, 75, 77, 75, 73, 74, 72, 72, 69, 67, 68, 67, 67, 68, 66, 69, 68,
    66, 64, 67, 68, 67, 68, 68, 66, 65, 67, 65, 68, 65, 67, 70, 66, 65,
    65, 69, 69, 68, 65, 69, 67, 68, 67, 65, 68, 65, 65, 69, 67, 69, 69,
    67, 66, 66, 70, 67, 67, 68, 65, 65, 67, 66, 69, 66, 70, 69, 67, 66,
    66, 70, 70, 65, 66, 67, 68, 65, 69, 66, 67, 69, 66, 66, 67, 65, 66,
    68 ]
