%YAML:1.0
---
videoName: "headLookDown3.mp4"
gestureLabel: 206
fps: 29
pixelSizeInCmTemp: 3.5746268656716418e-01
faceCenterPointX: 273
faceCenterPointY: 98
headPositionsX: [ 274, 274, 275, 273, 273, 273, 273, 273, 271, 273, 275,
    272, 272, 272, 272, 272, 274, 272, 272, 272, 271, 273, 271, 273, 272,
    274, 273, 271, 274, 274, 273, 275, 274, 272, 273, 274, 272, 270, 270,
    274, 273, 274, 273, 271, 270, 271, 273, 273, 271, 273, 271, 271, 274,
    270, 273, 275, 275, 271, 273, 274, 271, 273, 272, 272, 271, 271, 273,
    272, 272, 269, 271, 270, 272, 273, 270, 268, 271, 273, 269, 270, 271,
    273, 272, 273, 271, 270, 274, 273, 273, 271, 270, 275, 273, 275, 272,
    274, 274, 273, 272, 271 ]
headPositionsY: [ 96, 76, 80, 77, 77, 78, 80, 77, 80, 80, 77, 78, 80, 77,
    79, 78, 79, 77, 78, 81, 81, 78, 77, 81, 81, 78, 78, 79, 79, 78, 81,
    81, 77, 81, 82, 79, 80, 81, 81, 79, 83, 83, 85, 85, 84, 85, 86, 87,
    89, 90, 91, 92, 90, 90, 92, 92, 94, 98, 98, 99, 98, 97, 99, 98, 98,
    99, 99, 99, 100, 102, 99, 102, 103, 102, 101, 99, 99, 103, 101, 99,
    102, 99, 100, 102, 100, 103, 102, 100, 103, 100, 101, 101, 102, 98,
    101, 100, 99, 101, 98, 100 ]
