%YAML:1.0
---
videoName: "headNod46.mp4"
gestureLabel: 202
fps: 30
pixelSizeInCmTemp: 2.8511904761904761e-01
faceCenterPointX: 264
faceCenterPointY: 72
headPositionsX: [ 263, 265, 265, 267, 264, 264, 265, 265, 267, 266, 264,
    264, 262, 264, 266, 265, 264, 264, 265, 263, 264, 265, 266, 268, 268,
    265, 264, 266, 269, 268, 264, 265, 267, 262, 265, 264, 260, 261, 264,
    260, 261, 262, 263, 264, 262, 264, 262, 260, 260, 262, 261, 264, 262,
    264, 264, 263, 262, 265, 262, 265, 264, 263, 263, 263, 262, 265, 266,
    262, 262, 261, 264, 264, 263, 263, 267, 262, 265, 262, 266, 265, 267,
    263, 263, 263, 264, 261, 265, 264, 264, 261, 261, 263, 262, 264, 262,
    265, 265, 263, 264, 266 ]
headPositionsY: [ 73, 66, 68, 71, 70, 67, 67, 71, 73, 74, 78, 78, 83, 84,
    85, 90, 88, 87, 85, 82, 79, 76, 75, 70, 69, 70, 69, 72, 70, 76, 80,
    84, 86, 91, 86, 84, 80, 74, 75, 69, 67, 70, 70, 73, 73, 77, 80, 86,
    86, 83, 81, 78, 76, 69, 70, 68, 66, 65, 69, 73, 73, 78, 78, 78, 78,
    75, 74, 68, 71, 67, 66, 70, 71, 73, 74, 73, 76, 73, 74, 70, 69, 69,
    72, 70, 74, 75, 73, 76, 75, 73, 72, 73, 72, 74, 72, 69, 70, 72, 70,
    70 ]
