%YAML:1.0
---
videoName: "headShake37.mp4"
gestureLabel: 201
fps: 30
pixelSizeInCmTemp: 3.1933333333333330e-01
faceCenterPointX: 263
faceCenterPointY: 83
headPositionsX: [ 261, 262, 261, 264, 261, 264, 261, 262, 263, 264, 265,
    260, 262, 260, 261, 260, 263, 260, 263, 262, 260, 261, 259, 265, 263,
    261, 264, 261, 262, 261, 262, 263, 262, 264, 263, 264, 261, 261, 264,
    260, 262, 263, 259, 260, 261, 260, 260, 264, 269, 268, 275, 279, 279,
    283, 283, 277, 270, 265, 256, 257, 254, 254, 254, 257, 264, 267, 272,
    274, 275, 274, 267, 264, 261, 259, 252, 251, 254, 251, 255, 258, 257,
    261, 263, 264, 264, 265, 266, 265, 267, 266, 262, 263, 265, 264, 261,
    264, 263, 265, 266, 265 ]
headPositionsY: [ 84, 84, 81, 84, 82, 83, 81, 83, 84, 83, 81, 85, 85, 81,
    81, 83, 85, 84, 82, 83, 85, 83, 83, 81, 83, 83, 81, 85, 85, 81, 81,
    86, 83, 81, 82, 83, 82, 85, 84, 85, 84, 83, 84, 84, 85, 84, 83, 81,
    84, 80, 80, 82, 80, 78, 79, 84, 84, 82, 83, 83, 82, 83, 80, 80, 81,
    81, 83, 81, 79, 83, 84, 81, 81, 81, 85, 84, 83, 80, 82, 84, 81, 80,
    81, 83, 81, 84, 82, 82, 81, 84, 86, 84, 81, 81, 80, 84, 82, 83, 83,
    83 ]
