%YAML:1.0
---
videoName: "headNod19.mp4"
gestureLabel: 202
fps: 29
pixelSizeInCmTemp: 3.1933333333333330e-01
faceCenterPointX: 255
faceCenterPointY: 81
headPositionsX: [ 254, 259, 256, 255, 256, 254, 256, 254, 256, 257, 256,
    256, 254, 256, 253, 254, 253, 253, 254, 255, 251, 250, 252, 250, 251,
    248, 251, 251, 248, 251, 251, 252, 251, 254, 251, 254, 255, 255, 255,
    254, 256, 257, 253, 256, 255, 258, 253, 256, 255, 255, 256, 258, 254,
    257, 257, 254, 257, 254, 254, 254, 255, 253, 253, 258, 255, 254, 253,
    255, 256, 257, 255, 255, 258, 254, 256, 257, 255, 257, 257, 253, 254,
    257, 257, 256, 256, 256, 257, 256, 253, 254, 255, 257, 257, 255, 257,
    254, 255, 257, 254, 257 ]
headPositionsY: [ 83, 84, 84, 80, 82, 77, 78, 76, 76, 78, 75, 75, 77, 76,
    75, 79, 75, 80, 78, 79, 79, 78, 77, 80, 80, 80, 78, 76, 78, 80, 78,
    77, 79, 78, 77, 78, 77, 80, 79, 80, 78, 81, 78, 79, 80, 78, 78, 78,
    80, 79, 78, 78, 78, 80, 80, 77, 76, 78, 77, 78, 82, 80, 77, 79, 82,
    80, 78, 77, 73, 75, 73, 73, 75, 78, 81, 80, 85, 86, 83, 80, 75, 76,
    77, 77, 81, 86, 86, 82, 83, 83, 82, 81, 80, 81, 83, 80, 82, 83, 81,
    80 ]
