%YAML:1.0
---
videoName: "headShake33.mp4"
gestureLabel: 201
fps: 29
pixelSizeInCmTemp: 3.2364864864864862e-01
faceCenterPointX: 244
faceCenterPointY: 84
headPositionsX: [ 242, 246, 244, 246, 244, 247, 248, 243, 243, 246, 243,
    244, 243, 246, 243, 246, 243, 243, 244, 247, 244, 247, 246, 248, 250,
    254, 257, 258, 259, 263, 264, 260, 262, 260, 258, 255, 251, 247, 244,
    243, 238, 235, 231, 229, 229, 226, 224, 225, 227, 233, 233, 239, 240,
    246, 249, 254, 257, 258, 257, 262, 260, 257, 258, 255, 254, 252, 248,
    245, 243, 237, 237, 235, 233, 233, 232, 232, 233, 235, 233, 238, 237,
    238, 241, 242, 243, 244, 246, 249, 246, 246, 245, 244, 245, 244, 243,
    247, 246, 242, 246, 242 ]
headPositionsY: [ 86, 81, 84, 83, 83, 85, 81, 80, 85, 81, 83, 80, 81, 84,
    81, 83, 80, 81, 82, 84, 82, 83, 85, 85, 82, 84, 82, 79, 81, 82, 83,
    80, 82, 83, 80, 83, 85, 82, 81, 85, 84, 85, 81, 83, 84, 82, 83, 82,
    84, 85, 85, 85, 84, 82, 84, 83, 83, 80, 81, 81, 79, 83, 81, 81, 83,
    85, 84, 85, 82, 81, 83, 83, 81, 82, 80, 82, 80, 82, 84, 85, 82, 82,
    81, 83, 83, 83, 83, 82, 84, 86, 82, 82, 83, 83, 81, 82, 82, 83, 82,
    83 ]
