%YAML:1.0
---
videoName: "headLookLeft4.mp4"
gestureLabel: 203
fps: 29
pixelSizeInCmTemp: 3.4710144927536229e-01
faceCenterPointX: 288
faceCenterPointY: 74
headPositionsX: [ 288, 266, 267, 267, 265, 267, 270, 271, 274, 271, 278,
    281, 283, 284, 288, 288, 293, 293, 295, 294, 295, 294, 293, 296, 289,
    296, 293, 297, 295, 295, 295, 296, 294, 292, 293, 293, 294, 294, 296,
    292, 291, 289, 293, 297, 293, 288, 288, 292, 289, 290, 294, 292, 293,
    291, 290, 287, 287, 291, 288, 290, 288, 291, 290, 286, 288, 294, 291,
    289, 289, 288, 290, 289, 288, 294, 288, 288, 292, 285, 294, 292, 290,
    291, 292, 294, 292, 291, 287, 288, 290, 292, 291, 289, 290, 290, 288,
    290, 288, 287, 288, 290 ]
headPositionsY: [ 73, 78, 78, 78, 78, 80, 78, 78, 80, 76, 78, 80, 78, 78,
    78, 76, 76, 76, 77, 81, 76, 75, 76, 75, 77, 75, 76, 79, 76, 75, 78,
    76, 76, 75, 73, 73, 81, 75, 74, 76, 78, 74, 74, 73, 73, 73, 72, 78,
    76, 73, 72, 73, 72, 75, 76, 75, 75, 74, 73, 76, 73, 74, 78, 72, 73,
    77, 72, 76, 73, 76, 76, 75, 73, 76, 75, 73, 75, 75, 78, 74, 76, 73,
    79, 75, 74, 74, 73, 75, 73, 73, 75, 73, 75, 73, 76, 75, 75, 75, 74,
    74 ]
