%YAML:1.0
---
videoName: "headShake6.mp4"
gestureLabel: 201
fps: 29
pixelSizeInCmTemp: 3.2808219178082193e-01
faceCenterPointX: 244
faceCenterPointY: 68
headPositionsX: [ 245, 244, 245, 247, 245, 247, 245, 243, 246, 245, 247,
    244, 247, 247, 246, 247, 247, 247, 245, 247, 247, 245, 244, 245, 244,
    243, 243, 245, 247, 251, 254, 258, 261, 263, 262, 259, 260, 251, 249,
    241, 237, 233, 228, 232, 235, 241, 243, 249, 255, 257, 257, 257, 257,
    256, 247, 241, 238, 233, 231, 229, 232, 235, 235, 240, 245, 248, 251,
    254, 251, 251, 248, 243, 244, 240, 236, 240, 238, 239, 238, 238, 239,
    240, 241, 244, 245, 243, 247, 245, 246, 245, 241, 244, 246, 244, 242,
    242, 244, 244, 244, 246 ]
headPositionsY: [ 66, 66, 65, 69, 67, 64, 68, 67, 67, 66, 68, 68, 66, 68,
    67, 67, 68, 69, 65, 65, 68, 64, 67, 68, 68, 69, 65, 66, 67, 69, 68,
    63, 63, 65, 67, 64, 64, 67, 68, 70, 69, 65, 66, 66, 68, 66, 68, 71,
    67, 68, 69, 68, 66, 70, 67, 68, 67, 65, 67, 69, 67, 67, 66, 67, 70,
    68, 67, 66, 67, 66, 66, 70, 68, 67, 68, 66, 68, 66, 70, 70, 70, 67,
    70, 67, 69, 66, 69, 69, 68, 70, 66, 67, 67, 68, 67, 69, 69, 68, 68,
    70 ]
