%YAML:1.0
---
videoName: "headNod29.mp4"
gestureLabel: 202
fps: 29
pixelSizeInCmTemp: 3.1933333333333330e-01
faceCenterPointX: 271
faceCenterPointY: 70
headPositionsX: [ 272, 273, 272, 273, 272, 272, 275, 272, 274, 274, 271,
    274, 271, 271, 271, 273, 271, 273, 272, 271, 270, 272, 274, 272, 272,
    274, 270, 273, 271, 272, 269, 268, 271, 269, 272, 272, 271, 272, 272,
    272, 273, 272, 269, 269, 271, 270, 272, 269, 271, 269, 269, 271, 271,
    273, 272, 272, 269, 272, 270, 271, 268, 271, 267, 270, 271, 268, 270,
    269, 269, 272, 269, 273, 272, 271, 272, 271, 270, 271, 269, 274, 269,
    269, 271, 271, 273, 273, 271, 271, 272, 269, 269, 270, 269, 269, 271,
    271, 270, 270, 272, 272 ]
headPositionsY: [ 68, 72, 73, 72, 72, 78, 76, 76, 81, 78, 81, 81, 76, 73,
    72, 69, 69, 68, 68, 68, 66, 67, 66, 72, 73, 75, 80, 79, 80, 80, 79,
    78, 75, 73, 73, 71, 71, 69, 72, 72, 73, 79, 80, 77, 81, 77, 79, 74,
    75, 71, 74, 72, 75, 81, 80, 83, 80, 82, 76, 75, 77, 73, 74, 78, 79,
    76, 77, 79, 74, 76, 74, 72, 71, 69, 68, 73, 73, 72, 76, 79, 74, 74,
    73, 71, 72, 72, 72, 70, 72, 70, 70, 71, 69, 70, 68, 70, 71, 69, 70,
    70 ]
