%YAML:1.0
---
videoName: "headNod38.mp4"
gestureLabel: 202
fps: 29
pixelSizeInCmTemp: 2.9937500000000000e-01
faceCenterPointX: 267
faceCenterPointY: 73
headPositionsX: [ 269, 265, 268, 266, 265, 268, 268, 266, 267, 267, 264,
    266, 265, 266, 265, 269, 265, 266, 264, 265, 268, 267, 267, 266, 268,
    264, 266, 266, 263, 266, 266, 263, 264, 265, 266, 263, 263, 263, 267,
    263, 265, 265, 265, 266, 265, 268, 268, 268, 267, 267, 267, 268, 269,
    266, 269, 270, 268, 268, 267, 268, 266, 267, 270, 269, 271, 267, 268,
    267, 270, 267, 271, 271, 267, 269, 265, 266, 270, 267, 270, 266, 265,
    268, 269, 266, 266, 269, 268, 270, 270, 267, 270, 267, 268, 269, 267,
    268, 265, 265, 270, 267 ]
headPositionsY: [ 74, 74, 75, 75, 80, 83, 83, 86, 85, 85, 79, 77, 77, 77,
    80, 79, 84, 87, 86, 83, 83, 81, 74, 77, 76, 77, 80, 85, 88, 86, 89,
    87, 84, 78, 77, 76, 75, 75, 77, 77, 84, 84, 90, 90, 86, 85, 78, 76,
    73, 69, 73, 71, 71, 73, 79, 83, 84, 88, 85, 82, 82, 78, 77, 75, 76,
    72, 70, 76, 75, 78, 79, 82, 86, 87, 87, 86, 86, 81, 77, 75, 76, 75,
    71, 71, 74, 70, 73, 74, 73, 70, 75, 74, 71, 73, 75, 72, 75, 71, 74,
    76 ]
