%YAML:1.0
---
videoName: "headShake27.mp4"
gestureLabel: 201
fps: 29
pixelSizeInCmTemp: 3.3263888888888887e-01
faceCenterPointX: 244
faceCenterPointY: 78
headPositionsX: [ 243, 245, 246, 247, 250, 253, 253, 254, 257, 257, 254,
    254, 254, 255, 255, 252, 247, 245, 246, 244, 243, 237, 237, 236, 234,
    234, 233, 233, 231, 235, 232, 236, 233, 235, 240, 238, 241, 240, 246,
    248, 248, 247, 248, 251, 250, 252, 248, 249, 247, 245, 244, 243, 240,
    241, 237, 235, 235, 234, 236, 235, 231, 232, 236, 236, 237, 238, 237,
    239, 240, 239, 243, 244, 245, 245, 250, 246, 247, 246, 247, 246, 246,
    249, 247, 245, 248, 248, 245, 247, 243, 243, 244, 246, 242, 242, 244,
    244, 242, 246, 247, 243 ]
headPositionsY: [ 77, 78, 77, 75, 79, 78, 78, 77, 75, 74, 78, 74, 74, 76,
    81, 76, 79, 79, 76, 79, 77, 76, 77, 80, 76, 77, 78, 76, 80, 80, 79,
    77, 79, 78, 77, 80, 80, 78, 79, 79, 78, 77, 79, 77, 80, 79, 78, 79,
    81, 80, 79, 78, 78, 78, 76, 78, 80, 80, 80, 80, 80, 79, 81, 78, 79,
    81, 78, 81, 82, 81, 79, 80, 79, 77, 77, 81, 80, 80, 77, 78, 80, 78,
    78, 78, 79, 79, 81, 81, 80, 81, 78, 78, 77, 81, 80, 81, 79, 80, 80,
    82 ]
