%YAML:1.0
---
videoName: "headShake36.mp4"
gestureLabel: 201
fps: 29
pixelSizeInCmTemp: 3.2364864864864862e-01
faceCenterPointX: 263
faceCenterPointY: 80
headPositionsX: [ 265, 263, 262, 262, 264, 263, 267, 266, 269, 273, 274,
    277, 278, 279, 279, 284, 285, 280, 279, 276, 278, 273, 268, 269, 263,
    257, 256, 253, 253, 251, 249, 246, 248, 246, 249, 243, 247, 246, 247,
    251, 259, 258, 263, 270, 271, 273, 275, 278, 277, 279, 278, 280, 279,
    279, 277, 271, 270, 265, 261, 259, 256, 256, 253, 250, 249, 250, 247,
    251, 251, 255, 253, 257, 257, 263, 265, 267, 267, 267, 269, 268, 268,
    266, 264, 267, 266, 265, 267, 264, 263, 267, 262, 262, 262, 264, 264,
    263, 263, 263, 263, 262 ]
headPositionsY: [ 80, 79, 79, 81, 81, 78, 77, 78, 79, 76, 80, 77, 79, 75,
    75, 75, 78, 78, 79, 81, 81, 78, 80, 83, 79, 79, 79, 78, 78, 80, 81,
    81, 83, 80, 82, 81, 79, 79, 80, 83, 79, 82, 80, 82, 81, 78, 79, 79,
    76, 80, 78, 79, 80, 79, 78, 79, 83, 83, 81, 82, 79, 79, 78, 78, 77,
    79, 79, 82, 79, 80, 80, 81, 82, 82, 82, 80, 79, 78, 81, 79, 78, 81,
    82, 79, 82, 81, 83, 80, 80, 83, 79, 81, 83, 78, 81, 82, 82, 81, 81,
    78 ]
