%YAML:1.0
---
videoName: "headNod37.mp4"
gestureLabel: 202
fps: 29
pixelSizeInCmTemp: 2.9207317073170730e-01
faceCenterPointX: 269
faceCenterPointY: 78
headPositionsX: [ 268, 270, 272, 271, 268, 271, 271, 269, 272, 271, 269,
    271, 271, 271, 272, 270, 269, 269, 267, 269, 270, 269, 269, 266, 268,
    271, 272, 268, 269, 272, 272, 272, 267, 269, 270, 268, 268, 270, 272,
    271, 270, 269, 270, 270, 271, 271, 270, 271, 273, 271, 267, 271, 269,
    270, 271, 270, 268, 267, 268, 268, 270, 267, 268, 266, 266, 264, 265,
    265, 266, 268, 267, 266, 267, 267, 266, 270, 270, 271, 270, 269, 272,
    272, 268, 268, 269, 271, 269, 268, 268, 268, 272, 269, 269, 271, 267,
    268, 266, 268, 268, 269 ]
headPositionsY: [ 78, 76, 77, 75, 75, 75, 75, 76, 74, 73, 72, 77, 73, 75,
    75, 73, 74, 74, 73, 77, 77, 75, 75, 75, 74, 76, 75, 75, 77, 78, 74,
    78, 74, 76, 74, 77, 77, 76, 75, 74, 75, 75, 74, 76, 76, 77, 75, 78,
    75, 76, 75, 72, 74, 71, 66, 68, 66, 67, 67, 65, 69, 71, 81, 86, 89,
    90, 89, 86, 83, 81, 77, 74, 68, 68, 67, 66, 63, 66, 69, 68, 72, 73,
    79, 80, 84, 81, 80, 81, 79, 82, 81, 81, 80, 75, 78, 75, 76, 78, 80,
    78 ]
