%YAML:1.0
---
videoName: "headNod26.mp4"
gestureLabel: 202
fps: 29
pixelSizeInCmTemp: 3.1513157894736843e-01
faceCenterPointX: 271
faceCenterPointY: 78
headPositionsX: [ 269, 271, 273, 271, 274, 273, 273, 271, 270, 270, 274,
    273, 275, 270, 275, 272, 271, 272, 274, 273, 274, 271, 272, 274, 271,
    271, 270, 273, 272, 272, 272, 269, 270, 273, 274, 272, 273, 271, 273,
    273, 270, 269, 271, 272, 273, 274, 273, 273, 272, 273, 273, 273, 271,
    272, 271, 272, 274, 272, 275, 269, 274, 270, 270, 274, 271, 273, 271,
    272, 274, 272, 272, 270, 271, 270, 270, 270, 273, 269, 272, 271, 268,
    273, 272, 269, 269, 270, 271, 269, 272, 270, 272, 273, 270, 270, 270,
    268, 271, 270, 270, 271 ]
headPositionsY: [ 78, 75, 76, 75, 72, 72, 73, 72, 67, 69, 68, 66, 63, 65,
    69, 66, 72, 70, 74, 77, 79, 81, 84, 83, 81, 81, 79, 73, 73, 69, 69,
    67, 68, 70, 72, 69, 75, 76, 79, 77, 79, 77, 78, 72, 74, 70, 67, 69,
    68, 68, 68, 69, 74, 74, 77, 77, 74, 74, 74, 70, 69, 70, 67, 66, 69,
    71, 70, 68, 73, 71, 72, 73, 74, 76, 77, 76, 70, 70, 70, 69, 69, 71,
    72, 71, 72, 73, 73, 79, 76, 78, 78, 80, 80, 77, 76, 76, 79, 76, 76,
    79 ]
