%YAML:1.0
---
videoName: "headNod36.mp4"
gestureLabel: 202
fps: 29
pixelSizeInCmTemp: 2.8176470588235292e-01
faceCenterPointX: 269
faceCenterPointY: 75
headPositionsX: [ 271, 269, 270, 271, 269, 272, 272, 270, 271, 272, 272,
    269, 271, 268, 272, 269, 271, 270, 269, 270, 270, 269, 273, 271, 271,
    273, 268, 267, 269, 272, 272, 270, 269, 268, 272, 267, 267, 265, 267,
    267, 269, 270, 269, 268, 269, 269, 269, 272, 270, 270, 271, 271, 273,
    272, 271, 272, 270, 267, 268, 272, 267, 268, 271, 267, 268, 270, 266,
    268, 269, 269, 267, 270, 267, 265, 269, 267, 268, 267, 268, 269, 269,
    270, 269, 269, 268, 270, 268, 269, 271, 270, 269, 269, 269, 269, 270,
    269, 267, 269, 270, 267 ]
headPositionsY: [ 74, 72, 74, 75, 75, 75, 74, 72, 73, 76, 74, 77, 74, 73,
    74, 74, 74, 78, 74, 75, 79, 76, 81, 77, 76, 73, 67, 68, 68, 64, 66,
    63, 69, 75, 78, 86, 87, 87, 88, 89, 85, 78, 78, 74, 71, 67, 68, 68,
    67, 71, 71, 73, 79, 81, 86, 85, 85, 87, 86, 81, 79, 74, 76, 71, 75,
    71, 76, 75, 82, 83, 83, 82, 79, 76, 79, 73, 76, 72, 77, 77, 81, 84,
    84, 82, 86, 83, 83, 80, 76, 79, 78, 75, 75, 77, 74, 75, 77, 77, 73,
    74 ]
