%YAML:1.0
---
videoName: "headNod17.mp4"
gestureLabel: 202
fps: 30
pixelSizeInCmTemp: 3.2808219178082193e-01
faceCenterPointX: 253
faceCenterPointY: 76
headPositionsX: [ 253, 254, 254, 255, 253, 253, 257, 254, 256, 256, 257,
    254, 253, 258, 254, 257, 256, 256, 256, 255, 254, 255, 253, 257, 254,
    253, 254, 256, 254, 256, 255, 255, 253, 255, 255, 253, 255, 253, 254,
    256, 255, 255, 252, 253, 252, 253, 252, 254, 253, 254, 251, 254, 256,
    254, 254, 252, 255, 255, 257, 255, 256, 256, 255, 254, 254, 257, 254,
    255, 255, 252, 254, 256, 253, 255, 253, 256, 256, 254, 254, 254, 254,
    255, 254, 253, 254, 254, 253, 253, 255, 253, 255, 255, 256, 256, 254,
    256, 257, 253, 252, 254 ]
headPositionsY: [ 77, 77, 79, 75, 76, 78, 76, 80, 77, 75, 78, 77, 76, 76,
    78, 77, 79, 75, 80, 79, 76, 74, 73, 72, 71, 72, 68, 69, 66, 66, 64,
    66, 68, 68, 69, 71, 71, 74, 75, 78, 79, 79, 85, 84, 85, 87, 82, 83,
    82, 77, 75, 77, 74, 71, 69, 68, 69, 68, 71, 70, 72, 71, 73, 74, 76,
    79, 80, 81, 80, 80, 76, 75, 75, 74, 79, 76, 81, 79, 80, 79, 77, 75,
    77, 77, 75, 76, 77, 80, 79, 77, 75, 75, 77, 75, 77, 77, 77, 76, 76,
    75 ]
