%YAML:1.0
---
videoName: "headLookLeft6.mp4"
gestureLabel: 203
fps: 29
pixelSizeInCmTemp: 3.2808219178082193e-01
faceCenterPointX: 267
faceCenterPointY: 69
headPositionsX: [ 269, 244, 245, 244, 246, 246, 246, 246, 244, 244, 248,
    246, 243, 247, 245, 243, 244, 245, 246, 245, 247, 244, 243, 243, 243,
    244, 247, 248, 251, 254, 252, 257, 260, 259, 262, 265, 268, 266, 268,
    269, 267, 268, 270, 265, 269, 271, 267, 269, 266, 271, 268, 266, 271,
    268, 269, 268, 267, 269, 266, 267, 267, 268, 270, 270, 269, 267, 265,
    269, 267, 268, 268, 267, 268, 265, 263, 265, 266, 266, 269, 270, 268,
    265, 264, 267, 265, 267, 268, 266, 266, 268, 269, 269, 265, 265, 269,
    265, 265, 264, 270, 266 ]
headPositionsY: [ 68, 72, 72, 74, 73, 74, 72, 71, 70, 73, 73, 72, 70, 72,
    71, 71, 71, 73, 73, 70, 71, 73, 71, 72, 73, 72, 73, 71, 69, 70, 69,
    71, 71, 71, 70, 71, 72, 68, 70, 69, 70, 69, 71, 68, 71, 71, 68, 71,
    69, 72, 67, 68, 71, 71, 72, 72, 70, 72, 70, 71, 68, 67, 72, 70, 69,
    72, 70, 71, 69, 68, 72, 70, 72, 71, 66, 70, 69, 68, 69, 71, 71, 71,
    71, 67, 68, 71, 72, 67, 72, 69, 72, 70, 69, 69, 72, 71, 72, 67, 68,
    66 ]
