%YAML:1.0
---
videoName: "headShake36.mp4"
gestureLabel: 201
fps: 29
pixelSizeInCmTemp: 3.2364864864864862e-01
faceCenterPointX: 263
faceCenterPointY: 80
headPositionsX: [ 265, 266, 261, 261, 262, 265, 263, 268, 269, 272, 272,
    276, 277, 281, 281, 282, 286, 281, 282, 278, 276, 273, 270, 269, 261,
    257, 257, 252, 249, 249, 246, 245, 244, 246, 247, 246, 248, 247, 251,
    254, 259, 259, 263, 266, 270, 274, 276, 276, 281, 279, 278, 280, 280,
    275, 276, 271, 269, 266, 263, 257, 253, 254, 249, 252, 252, 250, 247,
    250, 252, 255, 254, 259, 260, 260, 264, 265, 268, 266, 267, 267, 269,
    267, 264, 267, 264, 266, 263, 265, 267, 263, 262, 264, 266, 263, 265,
    265, 262, 261, 262, 261 ]
headPositionsY: [ 78, 79, 81, 80, 79, 80, 79, 79, 78, 76, 76, 76, 79, 78,
    75, 79, 75, 77, 80, 81, 77, 80, 82, 80, 81, 79, 82, 81, 82, 78, 80,
    82, 83, 79, 83, 82, 83, 78, 81, 81, 80, 81, 82, 80, 77, 76, 79, 80,
    79, 77, 79, 78, 77, 80, 77, 81, 80, 79, 81, 78, 79, 78, 79, 81, 80,
    78, 79, 82, 77, 79, 80, 79, 78, 79, 82, 80, 81, 78, 82, 81, 82, 83,
    79, 77, 79, 82, 80, 82, 80, 79, 81, 83, 83, 79, 82, 81, 82, 79, 80,
    78 ]
