%YAML:1.0
---
videoName: "headShake4.mp4"
gestureLabel: 201
fps: 30
pixelSizeInCmTemp: 3.2364864864864862e-01
faceCenterPointX: 237
faceCenterPointY: 101
headPositionsX: [ 239, 241, 244, 247, 249, 254, 256, 255, 255, 250, 242,
    239, 230, 227, 226, 222, 224, 231, 234, 242, 247, 250, 254, 251, 252,
    247, 242, 233, 229, 222, 224, 222, 227, 228, 236, 240, 248, 252, 255,
    257, 257, 254, 247, 243, 236, 233, 228, 225, 224, 224, 228, 231, 235,
    240, 240, 246, 247, 247, 248, 246, 248, 246, 241, 237, 234, 232, 229,
    231, 231, 230, 232, 233, 237, 236, 241, 239, 241, 244, 239, 241, 242,
    241, 242, 238, 238, 238, 238, 235, 235, 240, 238, 238, 235, 238, 239,
    236, 238, 237, 235, 237 ]
headPositionsY: [ 100, 98, 99, 100, 101, 99, 99, 98, 99, 97, 101, 100,
    97, 97, 100, 99, 97, 99, 98, 98, 96, 101, 96, 98, 101, 99, 102, 100,
    99, 100, 96, 100, 96, 98, 99, 102, 101, 100, 100, 101, 99, 96, 99,
    100, 99, 97, 99, 99, 98, 101, 98, 98, 98, 101, 99, 100, 97, 102, 99,
    98, 100, 99, 99, 100, 98, 99, 101, 100, 100, 101, 99, 101, 101, 98,
    102, 98, 100, 101, 101, 99, 102, 103, 102, 98, 102, 101, 99, 100,
    100, 102, 98, 102, 98, 100, 99, 102, 100, 98, 102, 98 ]
