%YAML:1.0
---
videoName: "headLookLeft8.mp4"
gestureLabel: 203
fps: 29
pixelSizeInCmTemp: 3.6287878787878786e-01
faceCenterPointX: 273
faceCenterPointY: 69
headPositionsX: [ 272, 243, 240, 241, 242, 242, 243, 240, 241, 240, 242,
    239, 243, 241, 242, 243, 247, 247, 246, 245, 249, 247, 248, 247, 248,
    246, 247, 245, 247, 248, 244, 248, 246, 249, 248, 246, 246, 245, 246,
    247, 245, 245, 243, 244, 244, 247, 245, 244, 247, 248, 247, 245, 246,
    247, 250, 252, 253, 255, 257, 261, 260, 267, 266, 273, 271, 273, 277,
    281, 284, 276, 279, 278, 279, 276, 277, 276, 273, 272, 278, 277, 278,
    278, 277, 272, 271, 273, 279, 279, 273, 273, 273, 277, 274, 274, 275,
    274, 277, 277, 274, 271 ]
headPositionsY: [ 68, 67, 68, 65, 65, 67, 67, 65, 70, 67, 67, 67, 70, 67,
    70, 68, 66, 70, 67, 71, 70, 71, 71, 70, 67, 71, 71, 72, 72, 73, 69,
    70, 74, 71, 73, 72, 69, 73, 73, 72, 69, 71, 69, 73, 72, 74, 70, 70,
    71, 71, 71, 72, 75, 70, 70, 74, 70, 71, 68, 69, 69, 70, 68, 74, 67,
    72, 71, 73, 71, 68, 69, 70, 70, 71, 70, 70, 71, 71, 70, 69, 68, 69,
    68, 67, 68, 69, 69, 67, 67, 68, 69, 70, 67, 67, 73, 71, 69, 67, 71,
    70 ]
