%YAML:1.0
---
videoName: "headLookUp7.mp4"
gestureLabel: 205
fps: 29
pixelSizeInCmTemp: 3.6846153846153845e-01
faceCenterPointX: 257
faceCenterPointY: 70
headPositionsX: [ 257, 256, 255, 255, 256, 256, 255, 255, 256, 257, 259,
    255, 256, 258, 254, 258, 254, 255, 255, 256, 255, 254, 257, 256, 255,
    257, 254, 255, 256, 255, 255, 258, 255, 255, 259, 256, 258, 255, 255,
    256, 256, 258, 258, 254, 256, 253, 254, 258, 255, 254, 257, 254, 253,
    257, 255, 256, 258, 255, 257, 255, 255, 255, 257, 256, 258, 255, 254,
    259, 257, 255, 255, 258, 256, 258, 258, 257, 254, 254, 257, 258, 254,
    258, 255, 257, 258, 257, 255, 258, 258, 256, 256, 257, 258, 256, 259,
    259, 256, 258, 255, 257 ]
headPositionsY: [ 70, 84, 84, 82, 82, 85, 82, 85, 81, 84, 83, 83, 85, 81,
    82, 81, 84, 83, 82, 81, 82, 78, 76, 74, 72, 75, 74, 70, 70, 68, 70,
    68, 71, 69, 68, 69, 70, 69, 70, 69, 70, 67, 69, 69, 67, 71, 68, 67,
    70, 69, 68, 66, 71, 66, 70, 68, 70, 70, 70, 66, 68, 70, 69, 71, 67,
    70, 67, 70, 68, 69, 67, 69, 67, 72, 67, 70, 66, 70, 71, 70, 71, 70,
    68, 70, 70, 67, 69, 72, 68, 70, 66, 69, 67, 72, 70, 71, 72, 66, 68,
    71 ]
