%YAML:1.0
---
videoName: "headShake6.mp4"
gestureLabel: 201
fps: 29
pixelSizeInCmTemp: 3.2808219178082193e-01
faceCenterPointX: 244
faceCenterPointY: 68
headPositionsX: [ 244, 243, 243, 246, 244, 243, 247, 246, 248, 244, 245,
    244, 246, 246, 243, 244, 246, 248, 246, 246, 244, 243, 244, 243, 243,
    243, 244, 245, 247, 251, 254, 259, 262, 264, 264, 262, 260, 254, 249,
    241, 237, 233, 231, 233, 235, 237, 243, 247, 256, 259, 260, 259, 256,
    253, 250, 245, 239, 232, 231, 233, 231, 233, 237, 243, 244, 246, 249,
    253, 251, 249, 244, 242, 240, 242, 238, 240, 239, 239, 237, 239, 240,
    243, 243, 241, 242, 243, 243, 246, 246, 242, 243, 246, 242, 244, 242,
    245, 243, 246, 244, 246 ]
headPositionsY: [ 70, 68, 65, 65, 64, 68, 65, 67, 68, 64, 68, 67, 67, 64,
    65, 65, 67, 69, 64, 65, 65, 66, 66, 65, 66, 66, 66, 65, 66, 67, 64,
    63, 63, 65, 69, 63, 64, 69, 67, 66, 68, 68, 68, 65, 66, 68, 70, 69,
    67, 65, 69, 67, 68, 70, 68, 67, 67, 65, 67, 66, 66, 68, 69, 69, 66,
    68, 69, 67, 68, 68, 67, 70, 67, 67, 69, 67, 66, 66, 70, 70, 69, 70,
    70, 66, 66, 70, 67, 66, 68, 68, 68, 69, 70, 68, 69, 67, 67, 70, 66,
    70 ]
