%YAML:1.0
---
videoName: "headShake17.mp4"
gestureLabel: 201
fps: 29
pixelSizeInCmTemp: 3.3263888888888887e-01
faceCenterPointX: 242
faceCenterPointY: 76
headPositionsX: [ 243, 239, 236, 238, 235, 240, 238, 244, 245, 247, 252,
    255, 261, 258, 258, 259, 254, 248, 243, 241, 237, 234, 229, 225, 228,
    228, 231, 232, 237, 241, 242, 247, 250, 252, 254, 251, 255, 254, 248,
    247, 243, 239, 236, 235, 233, 231, 230, 234, 234, 236, 237, 242, 244,
    243, 244, 247, 247, 246, 246, 242, 242, 243, 242, 239, 240, 237, 242,
    240, 242, 242, 239, 242, 239, 240, 239, 243, 241, 242, 241, 242, 239,
    241, 239, 240, 239, 241, 241, 242, 242, 240, 241, 243, 243, 243, 243,
    243, 240, 239, 242, 241 ]
headPositionsY: [ 74, 76, 74, 78, 77, 75, 74, 76, 77, 73, 76, 75, 75, 73,
    74, 77, 77, 75, 79, 77, 76, 78, 79, 79, 78, 78, 78, 77, 79, 79, 74,
    77, 78, 73, 74, 72, 74, 77, 77, 80, 78, 77, 78, 75, 75, 78, 74, 77,
    76, 78, 77, 78, 75, 76, 79, 79, 78, 79, 78, 76, 76, 76, 77, 77, 77,
    75, 74, 77, 76, 77, 76, 75, 76, 77, 76, 77, 78, 77, 75, 77, 75, 77,
    78, 76, 78, 77, 77, 75, 75, 78, 75, 75, 76, 77, 78, 77, 78, 75, 78,
    76 ]
