%YAML:1.0
---
videoName: "headNod1.mp4"
gestureLabel: 202
fps: 29
pixelSizeInCmTemp: 3.2808219178082193e-01
faceCenterPointX: 263
faceCenterPointY: 78
headPositionsX: [ 265, 265, 265, 264, 264, 262, 262, 262, 261, 262, 261,
    263, 263, 263, 263, 264, 263, 263, 264, 265, 264, 262, 265, 263, 265,
    265, 263, 263, 265, 263, 264, 264, 263, 267, 265, 264, 266, 265, 263,
    267, 267, 263, 266, 266, 266, 267, 267, 265, 263, 263, 262, 266, 262,
    264, 260, 261, 262, 263, 264, 262, 264, 264, 265, 265, 262, 262, 265,
    265, 262, 265, 260, 263, 261, 262, 262, 264, 261, 261, 264, 260, 260,
    261, 263, 264, 261, 263, 263, 263, 262, 262, 261, 264, 263, 261, 262,
    263, 261, 264, 265, 261 ]
headPositionsY: [ 78, 73, 74, 72, 76, 77, 74, 76, 73, 77, 75, 77, 74, 74,
    74, 77, 72, 72, 76, 77, 74, 73, 73, 75, 77, 73, 73, 77, 76, 76, 76,
    75, 72, 72, 72, 71, 68, 70, 67, 66, 65, 61, 64, 62, 66, 68, 70, 69,
    71, 75, 79, 80, 84, 84, 83, 81, 79, 75, 73, 72, 70, 67, 68, 64, 65,
    67, 69, 73, 76, 77, 80, 78, 77, 75, 73, 70, 66, 68, 64, 66, 67, 65,
    70, 69, 73, 73, 77, 82, 81, 83, 84, 83, 78, 78, 79, 77, 80, 77, 77,
    80 ]
