%YAML:1.0
---
videoName: "headNod42.mp4"
gestureLabel: 202
fps: 30
pixelSizeInCmTemp: 3.0316455696202532e-01
faceCenterPointX: 265
faceCenterPointY: 77
headPositionsX: [ 265, 267, 268, 266, 268, 270, 267, 270, 267, 268, 269,
    267, 268, 270, 268, 270, 268, 267, 269, 271, 266, 268, 268, 266, 268,
    268, 268, 267, 266, 268, 265, 264, 267, 267, 266, 265, 264, 267, 266,
    264, 267, 263, 263, 266, 264, 265, 264, 264, 266, 267, 267, 263, 266,
    266, 265, 267, 263, 264, 265, 263, 265, 263, 265, 267, 265, 266, 264,
    266, 263, 267, 263, 263, 265, 268, 264, 267, 267, 267, 266, 265, 266,
    264, 265, 268, 269, 265, 264, 265, 264, 266, 266, 267, 263, 266, 263,
    267, 264, 268, 265, 267 ]
headPositionsY: [ 76, 76, 74, 78, 75, 75, 77, 77, 79, 79, 77, 75, 77, 75,
    74, 68, 70, 67, 67, 68, 68, 67, 71, 74, 78, 84, 89, 91, 93, 88, 90,
    86, 78, 74, 76, 69, 67, 70, 71, 72, 74, 77, 83, 83, 85, 81, 78, 76,
    73, 72, 70, 70, 73, 73, 73, 79, 83, 85, 82, 83, 83, 83, 79, 75, 75,
    75, 74, 74, 73, 76, 76, 78, 79, 80, 78, 78, 75, 75, 74, 72, 74, 75,
    76, 79, 81, 79, 79, 83, 82, 78, 79, 81, 78, 79, 78, 79, 80, 75, 75,
    76 ]
