%YAML:1.0
---
videoName: "headShake7.mp4"
gestureLabel: 201
fps: 29
pixelSizeInCmTemp: 3.3263888888888887e-01
faceCenterPointX: 244
faceCenterPointY: 72
headPositionsX: [ 246, 244, 241, 242, 241, 242, 240, 245, 244, 242, 243,
    246, 251, 256, 257, 259, 259, 258, 259, 253, 252, 247, 240, 234, 232,
    231, 233, 239, 248, 251, 259, 256, 261, 256, 257, 248, 244, 237, 235,
    231, 228, 226, 232, 237, 239, 248, 251, 255, 255, 257, 251, 250, 244,
    241, 239, 234, 231, 229, 231, 233, 237, 244, 245, 253, 256, 254, 256,
    255, 251, 251, 247, 243, 241, 238, 234, 235, 234, 235, 237, 236, 238,
    241, 245, 247, 245, 246, 247, 248, 247, 246, 245, 246, 246, 245, 245,
    243, 242, 242, 246, 241 ]
headPositionsY: [ 70, 69, 73, 73, 69, 71, 70, 70, 72, 71, 70, 71, 70, 71,
    71, 69, 66, 69, 71, 68, 69, 69, 69, 71, 73, 71, 70, 72, 71, 70, 69,
    69, 70, 71, 72, 70, 69, 72, 70, 72, 73, 72, 70, 71, 73, 69, 72, 67,
    68, 69, 68, 71, 71, 71, 71, 71, 69, 68, 72, 70, 72, 73, 72, 68, 70,
    69, 68, 71, 69, 69, 69, 73, 71, 68, 72, 72, 73, 72, 69, 69, 73, 70,
    72, 72, 71, 70, 71, 73, 70, 71, 70, 69, 74, 72, 72, 70, 73, 72, 71,
    70 ]
