%YAML:1.0
---
videoName: "headNod32.mp4"
gestureLabel: 202
fps: 29
pixelSizeInCmTemp: 2.8855421686746985e-01
faceCenterPointX: 266
faceCenterPointY: 74
headPositionsX: [ 265, 269, 266, 267, 267, 268, 268, 265, 264, 268, 265,
    263, 265, 265, 266, 263, 268, 264, 266, 268, 265, 265, 265, 267, 269,
    265, 265, 265, 265, 264, 267, 266, 264, 266, 268, 269, 269, 268, 268,
    267, 270, 270, 267, 268, 268, 265, 269, 267, 269, 265, 269, 269, 265,
    265, 265, 267, 268, 267, 267, 267, 265, 269, 268, 266, 267, 269, 266,
    265, 266, 264, 267, 267, 265, 265, 268, 264, 267, 267, 266, 266, 264,
    263, 263, 266, 263, 268, 266, 267, 269, 268, 267, 269, 270, 268, 264,
    267, 267, 266, 265, 266 ]
headPositionsY: [ 76, 79, 78, 79, 77, 76, 80, 78, 79, 80, 75, 76, 80, 79,
    79, 79, 79, 78, 76, 77, 77, 75, 77, 78, 78, 79, 80, 76, 78, 77, 81,
    80, 78, 76, 77, 77, 79, 77, 79, 76, 76, 77, 75, 78, 80, 75, 79, 78,
    79, 77, 79, 79, 76, 78, 76, 75, 73, 77, 74, 76, 66, 69, 65, 63, 64,
    70, 70, 72, 78, 81, 87, 89, 90, 87, 83, 81, 78, 73, 71, 72, 71, 69,
    73, 73, 72, 74, 74, 75, 73, 73, 75, 75, 77, 74, 74, 74, 75, 74, 75,
    72 ]
