%YAML:1.0
---
videoName: "headNod47.mp4"
gestureLabel: 202
fps: 29
pixelSizeInCmTemp: 3.0316455696202532e-01
faceCenterPointX: 266
faceCenterPointY: 70
headPositionsX: [ 266, 268, 266, 268, 269, 269, 265, 266, 264, 267, 264,
    265, 266, 266, 265, 266, 267, 266, 265, 266, 267, 267, 263, 266, 267,
    264, 266, 266, 265, 267, 267, 269, 270, 269, 265, 269, 270, 270, 269,
    269, 269, 269, 266, 270, 266, 264, 266, 268, 267, 265, 264, 269, 264,
    266, 266, 269, 268, 265, 268, 269, 264, 267, 265, 265, 265, 264, 264,
    267, 265, 264, 264, 269, 268, 267, 269, 269, 267, 266, 266, 268, 265,
    268, 268, 264, 266, 267, 264, 267, 267, 266, 267, 268, 268, 266, 263,
    266, 265, 264, 265, 266 ]
headPositionsY: [ 70, 62, 58, 57, 61, 57, 59, 59, 66, 69, 71, 74, 79, 81,
    80, 75, 76, 72, 66, 68, 67, 64, 65, 68, 71, 75, 77, 78, 77, 73, 76,
    71, 71, 67, 67, 68, 68, 69, 72, 74, 78, 81, 78, 78, 77, 74, 71, 70,
    69, 70, 71, 70, 70, 74, 73, 73, 73, 70, 73, 72, 68, 69, 67, 66, 70,
    69, 71, 74, 73, 76, 75, 73, 74, 72, 69, 67, 71, 68, 68, 71, 72, 73,
    71, 72, 74, 73, 72, 72, 68, 68, 69, 68, 69, 70, 70, 73, 73, 72, 70,
    70 ]
