%YAML:1.0
---
videoName: "headShake9.mp4"
gestureLabel: 201
fps: 30
pixelSizeInCmTemp: 3.2808219178082193e-01
faceCenterPointX: 243
faceCenterPointY: 73
headPositionsX: [ 245, 244, 243, 243, 241, 240, 246, 241, 241, 244, 244,
    245, 244, 243, 241, 244, 243, 241, 245, 241, 244, 242, 242, 242, 241,
    244, 240, 245, 243, 243, 244, 241, 245, 243, 244, 241, 244, 243, 242,
    242, 246, 249, 255, 258, 262, 263, 262, 267, 263, 257, 252, 247, 242,
    239, 233, 232, 226, 231, 232, 237, 242, 248, 252, 259, 260, 263, 262,
    260, 257, 249, 243, 237, 232, 231, 232, 229, 230, 232, 237, 241, 245,
    249, 250, 251, 250, 251, 252, 247, 247, 246, 244, 245, 244, 246, 246,
    244, 242, 243, 243, 241 ]
headPositionsY: [ 71, 71, 74, 71, 72, 73, 72, 70, 72, 70, 70, 74, 72, 70,
    70, 73, 74, 70, 74, 71, 70, 72, 72, 71, 71, 71, 72, 70, 73, 75, 72,
    72, 75, 74, 71, 74, 74, 71, 72, 75, 70, 70, 71, 68, 69, 70, 70, 69,
    72, 70, 72, 74, 75, 74, 74, 73, 72, 71, 74, 71, 72, 73, 72, 69, 70,
    71, 71, 72, 73, 70, 74, 70, 73, 71, 73, 70, 70, 72, 74, 73, 72, 73,
    72, 72, 71, 72, 71, 72, 73, 72, 75, 71, 75, 72, 72, 73, 72, 73, 72,
    73 ]
