%YAML:1.0
---
videoName: "headShake20.mp4"
gestureLabel: 201
fps: 29
pixelSizeInCmTemp: 3.3263888888888887e-01
faceCenterPointX: 242
faceCenterPointY: 78
headPositionsX: [ 244, 245, 245, 245, 243, 242, 245, 245, 243, 242, 240,
    241, 246, 244, 241, 245, 241, 246, 243, 243, 245, 241, 243, 241, 242,
    245, 245, 244, 244, 245, 243, 242, 242, 242, 244, 243, 243, 242, 246,
    245, 249, 251, 254, 256, 260, 259, 258, 251, 249, 245, 235, 232, 229,
    232, 231, 234, 240, 243, 248, 253, 250, 250, 251, 248, 241, 239, 236,
    233, 231, 230, 235, 239, 243, 245, 247, 248, 245, 246, 241, 240, 241,
    240, 240, 242, 243, 240, 243, 244, 244, 246, 244, 242, 245, 241, 245,
    245, 242, 241, 240, 240 ]
headPositionsY: [ 79, 74, 77, 76, 74, 77, 78, 76, 74, 75, 74, 76, 77, 78,
    74, 78, 77, 76, 75, 78, 76, 74, 78, 76, 77, 77, 75, 77, 75, 76, 79,
    74, 77, 76, 78, 77, 78, 76, 77, 78, 74, 76, 75, 75, 73, 75, 77, 76,
    76, 75, 78, 78, 78, 74, 74, 75, 75, 74, 78, 75, 77, 73, 74, 75, 75,
    78, 75, 77, 78, 78, 77, 78, 75, 78, 76, 79, 79, 77, 79, 75, 78, 79,
    76, 79, 77, 78, 78, 76, 79, 78, 76, 76, 74, 79, 75, 76, 78, 77, 77,
    75 ]
