%YAML:1.0
---
videoName: "headShake39.mp4"
gestureLabel: 201
fps: 29
pixelSizeInCmTemp: 3.1933333333333330e-01
faceCenterPointX: 263
faceCenterPointY: 83
headPositionsX: [ 265, 260, 261, 261, 259, 263, 264, 261, 261, 262, 263,
    261, 262, 260, 259, 263, 262, 258, 261, 260, 261, 259, 258, 253, 250,
    250, 250, 247, 243, 242, 242, 242, 245, 249, 256, 261, 265, 271, 274,
    281, 281, 282, 276, 273, 266, 261, 252, 250, 246, 249, 244, 250, 254,
    255, 261, 269, 274, 276, 279, 279, 279, 275, 270, 266, 260, 255, 252,
    250, 247, 246, 251, 249, 251, 256, 257, 256, 261, 264, 263, 266, 265,
    267, 268, 268, 269, 265, 267, 268, 263, 263, 263, 264, 261, 264, 264,
    265, 261, 264, 264, 262 ]
headPositionsY: [ 82, 83, 81, 81, 81, 84, 85, 83, 81, 81, 80, 84, 82, 82,
    83, 83, 81, 82, 81, 85, 82, 84, 82, 81, 83, 84, 82, 80, 83, 84, 83,
    82, 82, 82, 85, 85, 80, 79, 80, 78, 79, 78, 81, 84, 83, 85, 81, 81,
    82, 82, 84, 84, 84, 82, 83, 83, 80, 83, 78, 80, 83, 82, 82, 84, 83,
    84, 80, 78, 81, 79, 77, 78, 82, 81, 84, 84, 85, 83, 85, 80, 83, 85,
    83, 81, 83, 84, 80, 82, 81, 84, 85, 83, 84, 85, 82, 84, 85, 85, 82,
    82 ]
