%YAML:1.0
---
videoName: "headNod25.mp4"
gestureLabel: 202
fps: 29
pixelSizeInCmTemp: 3.1933333333333330e-01
faceCenterPointX: 270
faceCenterPointY: 75
headPositionsX: [ 272, 270, 270, 273, 270, 271, 271, 271, 271, 269, 268,
    270, 270, 268, 269, 269, 272, 269, 273, 272, 270, 272, 270, 273, 274,
    271, 275, 272, 271, 271, 274, 273, 272, 270, 271, 271, 270, 270, 273,
    271, 273, 273, 273, 270, 270, 273, 273, 273, 273, 272, 270, 271, 273,
    273, 270, 274, 271, 273, 270, 273, 273, 269, 269, 272, 271, 270, 269,
    272, 268, 271, 269, 269, 272, 269, 271, 270, 269, 273, 273, 270, 272,
    271, 273, 270, 271, 268, 271, 269, 272, 272, 271, 270, 273, 269, 270,
    273, 270, 270, 272, 272 ]
headPositionsY: [ 75, 73, 71, 75, 72, 75, 74, 76, 74, 73, 73, 74, 73, 76,
    75, 75, 75, 74, 74, 73, 77, 72, 75, 77, 72, 76, 73, 75, 73, 75, 73,
    75, 76, 72, 76, 75, 77, 73, 76, 74, 74, 77, 73, 75, 73, 75, 74, 76,
    75, 69, 69, 68, 64, 65, 66, 66, 65, 66, 68, 71, 70, 76, 77, 85, 89,
    88, 87, 85, 82, 79, 77, 75, 70, 70, 71, 68, 69, 68, 72, 73, 73, 77,
    79, 81, 79, 82, 77, 78, 80, 77, 74, 77, 74, 76, 74, 74, 74, 76, 73,
    73 ]
