%YAML:1.0
---
videoName: "headShake41.mp4"
gestureLabel: 201
fps: 29
pixelSizeInCmTemp: 3.2364864864864862e-01
faceCenterPointX: 264
faceCenterPointY: 85
headPositionsX: [ 263, 259, 263, 261, 259, 262, 262, 260, 264, 260, 261,
    260, 260, 261, 261, 260, 262, 263, 259, 258, 261, 261, 263, 266, 265,
    269, 270, 272, 272, 278, 278, 278, 282, 281, 277, 280, 279, 280, 280,
    278, 276, 269, 265, 262, 256, 255, 252, 250, 245, 244, 244, 248, 243,
    246, 249, 252, 251, 254, 255, 262, 264, 269, 269, 271, 273, 277, 276,
    278, 277, 277, 279, 278, 276, 273, 272, 269, 268, 267, 266, 264, 265,
    263, 264, 261, 264, 265, 260, 264, 261, 263, 263, 261, 260, 264, 264,
    264, 262, 262, 264, 262 ]
headPositionsY: [ 86, 80, 85, 83, 83, 83, 83, 83, 86, 84, 84, 85, 83, 85,
    82, 85, 82, 85, 84, 84, 83, 82, 82, 85, 85, 82, 84, 80, 79, 79, 80,
    82, 83, 80, 82, 81, 83, 83, 85, 80, 84, 82, 82, 87, 84, 85, 83, 82,
    84, 83, 82, 86, 83, 86, 84, 87, 85, 85, 85, 83, 84, 85, 84, 83, 84,
    83, 86, 85, 82, 82, 86, 82, 82, 87, 84, 84, 87, 83, 84, 82, 84, 83,
    86, 84, 82, 83, 84, 83, 84, 84, 83, 85, 83, 84, 83, 83, 83, 83, 82,
    86 ]
