%YAML:1.0
---
videoName: "headNod33.mp4"
gestureLabel: 202
fps: 29
pixelSizeInCmTemp: 2.9567901234567900e-01
faceCenterPointX: 268
faceCenterPointY: 74
headPositionsX: [ 270, 269, 271, 268, 266, 269, 269, 271, 268, 270, 269,
    269, 270, 271, 268, 272, 269, 271, 272, 269, 272, 269, 270, 271, 271,
    269, 267, 270, 271, 268, 271, 268, 271, 270, 271, 271, 270, 268, 269,
    270, 268, 268, 270, 270, 271, 270, 269, 271, 271, 269, 269, 266, 269,
    266, 268, 267, 269, 269, 267, 267, 266, 268, 265, 266, 267, 266, 268,
    266, 269, 268, 268, 268, 266, 267, 269, 269, 267, 268, 269, 267, 271,
    271, 269, 269, 269, 265, 270, 265, 268, 269, 266, 265, 266, 269, 267,
    267, 267, 266, 270, 267 ]
headPositionsY: [ 72, 70, 70, 70, 70, 72, 70, 71, 71, 73, 70, 72, 71, 71,
    74, 69, 74, 71, 73, 71, 73, 70, 69, 70, 70, 74, 71, 71, 71, 72, 74,
    75, 72, 74, 77, 76, 75, 74, 74, 73, 67, 66, 65, 65, 68, 66, 69, 75,
    79, 83, 81, 83, 80, 76, 76, 73, 69, 70, 68, 70, 67, 70, 72, 73, 74,
    78, 74, 80, 77, 77, 72, 76, 75, 71, 72, 69, 71, 74, 74, 73, 77, 75,
    79, 78, 79, 75, 79, 77, 78, 74, 76, 74, 74, 77, 75, 76, 74, 75, 74,
    75 ]
