%YAML:1.0
---
videoName: "headShake29.mp4"
gestureLabel: 201
fps: 29
pixelSizeInCmTemp: 3.3263888888888887e-01
faceCenterPointX: 243
faceCenterPointY: 76
headPositionsX: [ 242, 240, 240, 241, 242, 244, 240, 243, 244, 240, 242,
    242, 241, 244, 240, 240, 242, 241, 243, 241, 242, 242, 243, 239, 240,
    240, 239, 238, 237, 240, 244, 247, 253, 252, 255, 257, 254, 250, 249,
    244, 236, 235, 231, 229, 226, 228, 234, 239, 243, 248, 251, 252, 252,
    251, 247, 248, 243, 237, 232, 233, 229, 227, 232, 235, 240, 243, 245,
    251, 253, 251, 253, 253, 250, 244, 245, 242, 239, 238, 234, 234, 233,
    235, 233, 237, 238, 236, 239, 243, 242, 240, 241, 243, 243, 244, 241,
    244, 243, 241, 242, 245 ]
headPositionsY: [ 75, 75, 75, 74, 75, 75, 76, 78, 78, 76, 76, 74, 77, 77,
    77, 75, 77, 75, 75, 78, 77, 77, 76, 76, 74, 74, 78, 78, 76, 77, 74,
    75, 77, 75, 72, 73, 75, 73, 77, 74, 75, 75, 75, 78, 76, 78, 77, 76,
    78, 77, 74, 78, 76, 75, 75, 77, 77, 78, 76, 78, 77, 75, 76, 76, 80,
    78, 78, 77, 75, 76, 74, 77, 77, 78, 74, 76, 77, 78, 75, 75, 74, 76,
    76, 77, 79, 77, 75, 78, 78, 75, 77, 80, 77, 76, 76, 77, 79, 75, 77,
    78 ]
