%YAML:1.0
---
videoName: "headNod26.mp4"
gestureLabel: 202
fps: 29
pixelSizeInCmTemp: 3.1513157894736843e-01
faceCenterPointX: 271
faceCenterPointY: 78
headPositionsX: [ 271, 274, 271, 271, 272, 273, 274, 269, 273, 272, 270,
    273, 271, 271, 271, 271, 274, 272, 271, 273, 271, 275, 272, 274, 272,
    272, 273, 270, 269, 274, 273, 270, 273, 273, 271, 274, 273, 273, 270,
    271, 273, 270, 272, 271, 274, 274, 270, 274, 269, 272, 270, 271, 274,
    274, 273, 274, 274, 273, 273, 269, 272, 271, 273, 270, 273, 275, 271,
    273, 270, 273, 274, 274, 271, 273, 271, 270, 272, 269, 270, 271, 269,
    271, 270, 271, 270, 270, 272, 272, 271, 270, 273, 273, 271, 271, 270,
    269, 273, 271, 271, 269 ]
headPositionsY: [ 78, 74, 74, 71, 74, 70, 72, 72, 68, 67, 67, 65, 64, 65,
    68, 69, 71, 72, 75, 73, 76, 80, 83, 84, 81, 80, 76, 73, 73, 68, 70,
    66, 67, 68, 72, 73, 75, 73, 76, 77, 81, 78, 80, 75, 72, 71, 70, 70,
    68, 69, 69, 69, 75, 74, 75, 76, 78, 75, 73, 71, 70, 69, 68, 68, 69,
    71, 70, 72, 69, 72, 73, 74, 75, 76, 75, 72, 73, 70, 71, 68, 66, 67,
    68, 72, 70, 73, 75, 77, 76, 77, 78, 77, 77, 80, 77, 79, 79, 79, 80,
    79 ]
