%YAML:1.0
---
videoName: "headNod37.mp4"
gestureLabel: 202
fps: 29
pixelSizeInCmTemp: 2.9207317073170730e-01
faceCenterPointX: 269
faceCenterPointY: 78
headPositionsX: [ 270, 269, 272, 271, 269, 272, 271, 268, 271, 267, 270,
    268, 271, 269, 270, 268, 271, 271, 270, 268, 270, 267, 270, 267, 268,
    268, 271, 268, 269, 272, 272, 268, 271, 272, 268, 271, 267, 269, 269,
    270, 271, 267, 267, 267, 269, 267, 272, 267, 269, 268, 271, 267, 271,
    273, 271, 272, 269, 267, 271, 267, 270, 268, 270, 269, 268, 268, 268,
    264, 267, 268, 267, 266, 265, 269, 270, 268, 268, 268, 270, 268, 271,
    271, 268, 269, 272, 270, 268, 271, 269, 269, 269, 271, 271, 270, 270,
    270, 268, 267, 269, 269 ]
headPositionsY: [ 77, 77, 76, 74, 75, 75, 76, 76, 76, 76, 73, 78, 73, 73,
    76, 73, 75, 73, 76, 73, 74, 74, 74, 75, 74, 73, 74, 77, 73, 76, 74,
    76, 74, 79, 74, 76, 76, 75, 77, 75, 74, 75, 78, 76, 77, 75, 75, 76,
    75, 76, 75, 76, 72, 72, 65, 67, 65, 67, 68, 69, 69, 70, 80, 82, 89,
    86, 85, 87, 82, 82, 74, 71, 70, 65, 66, 68, 65, 65, 65, 69, 72, 73,
    78, 80, 80, 84, 83, 80, 83, 78, 81, 79, 80, 76, 79, 79, 76, 77, 80,
    79 ]
