%YAML:1.0
---
videoName: "headShake16.mp4"
gestureLabel: 201
fps: 29
pixelSizeInCmTemp: 3.2364864864864862e-01
faceCenterPointX: 242
faceCenterPointY: 77
headPositionsX: [ 240, 241, 246, 246, 241, 244, 244, 241, 245, 241, 245,
    241, 242, 242, 245, 242, 243, 243, 244, 243, 244, 243, 244, 242, 240,
    242, 242, 243, 243, 245, 241, 245, 240, 240, 242, 240, 244, 246, 247,
    246, 252, 255, 257, 254, 255, 251, 249, 242, 243, 237, 237, 234, 233,
    238, 240, 242, 243, 246, 248, 248, 247, 248, 247, 242, 243, 238, 235,
    235, 232, 237, 235, 235, 237, 239, 244, 243, 243, 244, 245, 242, 242,
    242, 242, 242, 237, 238, 236, 239, 239, 238, 241, 243, 242, 243, 243,
    244, 242, 240, 242, 242 ]
headPositionsY: [ 79, 77, 78, 78, 74, 75, 77, 75, 76, 78, 74, 78, 77, 77,
    78, 74, 77, 78, 77, 74, 74, 77, 74, 77, 76, 76, 74, 76, 75, 76, 75,
    77, 73, 76, 74, 76, 74, 78, 77, 78, 75, 74, 73, 74, 74, 75, 75, 75,
    76, 74, 77, 77, 76, 76, 75, 78, 79, 78, 74, 77, 75, 75, 75, 77, 75,
    79, 75, 78, 76, 75, 79, 79, 74, 75, 79, 75, 76, 77, 79, 76, 79, 75,
    75, 75, 78, 77, 78, 75, 76, 77, 76, 74, 78, 75, 78, 76, 75, 78, 74,
    77 ]
