%YAML:1.0
---
videoName: "headLookLeft7.mp4"
gestureLabel: 203
fps: 29
pixelSizeInCmTemp: 3.4214285714285714e-01
faceCenterPointX: 268
faceCenterPointY: 68
headPositionsX: [ 266, 244, 244, 247, 246, 243, 245, 248, 245, 247, 246,
    244, 247, 245, 246, 246, 243, 247, 245, 246, 243, 246, 244, 243, 246,
    244, 248, 248, 244, 247, 250, 249, 254, 254, 256, 261, 261, 265, 264,
    267, 266, 263, 266, 264, 268, 268, 269, 267, 266, 266, 264, 269, 267,
    269, 267, 267, 268, 268, 269, 271, 268, 270, 266, 269, 269, 266, 266,
    271, 264, 269, 269, 265, 270, 267, 267, 270, 271, 268, 268, 270, 265,
    271, 269, 268, 268, 268, 269, 270, 264, 272, 269, 266, 268, 268, 268,
    271, 269, 271, 270, 271 ]
headPositionsY: [ 70, 69, 67, 69, 69, 68, 69, 72, 69, 70, 67, 72, 70, 71,
    70, 71, 71, 69, 72, 70, 71, 68, 68, 68, 69, 71, 72, 69, 71, 70, 72,
    71, 68, 69, 69, 66, 69, 68, 70, 70, 66, 65, 68, 68, 65, 69, 68, 68,
    67, 70, 70, 67, 66, 70, 67, 67, 68, 68, 69, 67, 67, 68, 66, 71, 70,
    70, 68, 72, 68, 67, 69, 69, 71, 68, 70, 69, 67, 67, 67, 69, 67, 67,
    70, 70, 70, 67, 69, 68, 67, 71, 68, 68, 71, 67, 70, 69, 66, 68, 69,
    69 ]
