%YAML:1.0
---
videoName: "headShake40.mp4"
gestureLabel: 201
fps: 29
pixelSizeInCmTemp: 3.2808219178082193e-01
faceCenterPointX: 261
faceCenterPointY: 86
headPositionsX: [ 263, 263, 262, 261, 263, 260, 259, 262, 260, 259, 262,
    261, 260, 261, 261, 259, 262, 262, 261, 259, 260, 260, 262, 259, 263,
    261, 260, 258, 257, 260, 256, 255, 252, 255, 252, 252, 256, 259, 263,
    270, 273, 280, 278, 281, 277, 272, 272, 263, 260, 256, 251, 248, 246,
    245, 248, 252, 258, 259, 266, 266, 269, 270, 268, 267, 269, 264, 263,
    258, 259, 259, 258, 257, 260, 259, 261, 263, 267, 265, 265, 266, 264,
    262, 263, 260, 259, 261, 256, 258, 259, 257, 260, 260, 257, 259, 261,
    258, 261, 261, 261, 260 ]
headPositionsY: [ 87, 83, 85, 84, 84, 81, 81, 84, 85, 85, 82, 82, 85, 85,
    86, 84, 84, 81, 83, 84, 82, 82, 84, 86, 83, 81, 85, 84, 84, 84, 81,
    81, 82, 81, 81, 84, 81, 82, 85, 81, 79, 79, 81, 81, 80, 80, 82, 84,
    81, 83, 83, 84, 79, 83, 84, 82, 85, 86, 83, 81, 84, 82, 85, 84, 85,
    82, 81, 83, 85, 82, 84, 82, 84, 85, 84, 81, 81, 85, 81, 84, 81, 82,
    82, 83, 85, 84, 82, 82, 84, 85, 85, 85, 83, 83, 85, 85, 88, 87, 86,
    85 ]
