%YAML:1.0
---
videoName: "headNod43.mp4"
gestureLabel: 202
fps: 29
pixelSizeInCmTemp: 2.8855421686746985e-01
faceCenterPointX: 268
faceCenterPointY: 74
headPositionsX: [ 269, 270, 269, 271, 267, 268, 269, 271, 268, 268, 269,
    269, 271, 270, 270, 266, 267, 270, 269, 268, 269, 269, 267, 270, 265,
    269, 268, 265, 268, 264, 265, 264, 264, 266, 267, 266, 265, 265, 266,
    265, 264, 266, 267, 266, 264, 265, 266, 268, 267, 267, 263, 262, 264,
    263, 265, 262, 265, 264, 265, 267, 263, 264, 263, 266, 263, 263, 266,
    268, 265, 266, 269, 269, 270, 270, 268, 264, 266, 266, 265, 267, 269,
    267, 267, 267, 269, 268, 271, 267, 270, 271, 267, 267, 268, 266, 271,
    271, 270, 266, 270, 268 ]
headPositionsY: [ 74, 79, 76, 75, 78, 78, 78, 77, 78, 77, 74, 76, 76, 73,
    78, 75, 73, 74, 77, 76, 76, 73, 76, 78, 76, 79, 82, 85, 87, 92, 89,
    86, 89, 82, 81, 76, 77, 79, 81, 86, 86, 91, 88, 87, 86, 83, 81, 81,
    83, 87, 88, 93, 89, 88, 86, 84, 84, 83, 81, 85, 89, 89, 92, 92, 91,
    85, 82, 80, 77, 80, 78, 80, 83, 85, 88, 92, 88, 86, 83, 83, 76, 73,
    75, 71, 72, 73, 75, 74, 75, 73, 73, 73, 76, 73, 72, 76, 72, 73, 76,
    72 ]
