%YAML:1.0
---
videoName: "headNod44.mp4"
gestureLabel: 202
fps: 29
pixelSizeInCmTemp: 2.9567901234567900e-01
faceCenterPointX: 268
faceCenterPointY: 78
headPositionsX: [ 267, 270, 269, 268, 271, 267, 268, 267, 271, 268, 266,
    267, 267, 267, 270, 271, 271, 267, 271, 269, 270, 268, 270, 266, 270,
    267, 267, 265, 269, 267, 270, 267, 266, 266, 270, 266, 266, 266, 268,
    267, 264, 265, 266, 264, 267, 268, 267, 267, 268, 267, 265, 269, 269,
    267, 268, 267, 266, 268, 268, 269, 267, 271, 268, 270, 266, 266, 266,
    266, 268, 266, 267, 266, 272, 268, 267, 268, 268, 270, 268, 267, 268,
    268, 268, 267, 266, 269, 267, 271, 266, 266, 267, 269, 270, 268, 265,
    267, 265, 269, 269, 268 ]
headPositionsY: [ 76, 76, 75, 73, 75, 76, 75, 72, 72, 74, 75, 75, 72, 73,
    77, 73, 77, 75, 79, 80, 85, 86, 94, 95, 93, 92, 90, 84, 82, 77, 73,
    72, 68, 70, 71, 76, 78, 83, 87, 90, 88, 84, 80, 79, 75, 70, 71, 76,
    77, 81, 83, 90, 92, 88, 85, 84, 77, 76, 76, 76, 76, 75, 77, 83, 86,
    83, 86, 81, 80, 79, 74, 79, 77, 79, 78, 82, 82, 88, 87, 85, 82, 84,
    82, 77, 80, 78, 76, 76, 78, 77, 75, 80, 76, 79, 78, 78, 77, 76, 80,
    76 ]
