%YAML:1.0
---
videoName: "headShake47.mp4"
gestureLabel: 201
fps: 29
pixelSizeInCmTemp: 3.2364864864864862e-01
faceCenterPointX: 258
faceCenterPointY: 86
headPositionsX: [ 257, 258, 259, 261, 262, 258, 258, 260, 260, 263, 258,
    261, 259, 260, 261, 261, 259, 258, 260, 259, 261, 260, 259, 263, 259,
    261, 262, 262, 262, 263, 262, 260, 258, 257, 256, 256, 254, 254, 250,
    250, 249, 248, 251, 254, 263, 267, 265, 266, 266, 262, 259, 255, 254,
    254, 253, 258, 263, 264, 267, 264, 262, 257, 252, 252, 253, 252, 259,
    262, 264, 264, 265, 261, 257, 253, 255, 253, 254, 261, 261, 264, 263,
    264, 260, 255, 254, 255, 255, 255, 255, 258, 256, 259, 258, 259, 259,
    257, 259, 256, 255, 259 ]
headPositionsY: [ 85, 87, 86, 86, 83, 83, 83, 86, 85, 83, 84, 86, 86, 84,
    83, 87, 84, 87, 84, 88, 83, 84, 84, 86, 84, 85, 85, 86, 85, 83, 86,
    87, 87, 87, 83, 88, 85, 87, 85, 84, 87, 85, 86, 89, 88, 87, 89, 89,
    87, 87, 88, 87, 89, 89, 91, 88, 91, 87, 89, 86, 87, 88, 87, 87, 85,
    85, 88, 86, 89, 86, 88, 85, 88, 85, 87, 87, 84, 87, 88, 87, 88, 87,
    89, 85, 85, 84, 86, 87, 84, 84, 86, 88, 85, 89, 84, 86, 85, 86, 83,
    87 ]
