%YAML:1.0
---
videoName: "headShake38.mp4"
gestureLabel: 201
fps: 29
pixelSizeInCmTemp: 3.2808219178082193e-01
faceCenterPointX: 259
faceCenterPointY: 84
headPositionsX: [ 258, 262, 265, 262, 264, 263, 266, 264, 262, 264, 266,
    261, 262, 263, 265, 263, 264, 263, 262, 262, 264, 262, 264, 262, 261,
    265, 264, 265, 261, 261, 262, 260, 262, 262, 260, 265, 264, 262, 261,
    262, 264, 262, 261, 257, 253, 250, 249, 247, 248, 252, 257, 266, 272,
    276, 277, 276, 267, 262, 255, 248, 249, 250, 255, 261, 266, 270, 273,
    269, 267, 261, 251, 248, 249, 246, 252, 252, 258, 263, 266, 268, 271,
    270, 267, 264, 263, 265, 262, 260, 263, 259, 261, 261, 261, 259, 260,
    257, 258, 261, 262, 261 ]
headPositionsY: [ 84, 83, 82, 81, 84, 81, 83, 81, 85, 82, 81, 84, 83, 84,
    82, 81, 83, 86, 83, 84, 84, 83, 83, 85, 84, 84, 81, 81, 82, 83, 85,
    85, 83, 82, 83, 84, 84, 86, 81, 82, 84, 82, 85, 82, 84, 83, 84, 83,
    85, 85, 84, 84, 81, 83, 85, 81, 85, 85, 82, 83, 82, 84, 81, 86, 86,
    84, 86, 83, 83, 82, 86, 82, 86, 84, 85, 85, 84, 82, 85, 82, 86, 86,
    85, 84, 85, 83, 85, 83, 82, 83, 86, 86, 84, 82, 85, 84, 84, 83, 82,
    86 ]
