%YAML:1.0
---
videoName: "headShake10.mp4"
gestureLabel: 201
fps: 29
pixelSizeInCmTemp: 3.3732394366197183e-01
faceCenterPointX: 240
faceCenterPointY: 74
headPositionsX: [ 240, 244, 247, 246, 246, 247, 247, 246, 247, 247, 246,
    245, 248, 245, 248, 244, 248, 245, 245, 246, 244, 248, 248, 244, 246,
    248, 246, 245, 246, 247, 248, 246, 247, 245, 248, 244, 247, 245, 244,
    248, 243, 248, 245, 245, 247, 243, 246, 246, 245, 247, 245, 251, 248,
    255, 254, 255, 263, 262, 260, 258, 257, 250, 249, 245, 238, 235, 231,
    229, 232, 233, 238, 241, 248, 251, 252, 258, 254, 257, 258, 256, 253,
    250, 247, 245, 244, 240, 241, 239, 239, 242, 239, 239, 241, 241, 238,
    243, 239, 243, 243, 241 ]
headPositionsY: [ 76, 74, 71, 74, 72, 72, 70, 74, 71, 72, 71, 72, 74, 75,
    74, 75, 75, 73, 74, 73, 75, 73, 73, 71, 74, 71, 74, 74, 71, 74, 71,
    72, 75, 75, 74, 75, 73, 71, 74, 72, 72, 74, 72, 73, 72, 74, 70, 76,
    70, 73, 73, 71, 74, 72, 74, 70, 71, 73, 69, 70, 72, 73, 73, 76, 73,
    73, 73, 75, 75, 75, 73, 76, 74, 72, 74, 73, 75, 71, 75, 76, 75, 74,
    76, 73, 73, 76, 73, 74, 74, 75, 77, 76, 73, 76, 77, 74, 74, 76, 76,
    78 ]
