%YAML:1.0
---
videoName: "headShake15.mp4"
gestureLabel: 201
fps: 29
pixelSizeInCmTemp: 3.3263888888888887e-01
faceCenterPointX: 243
faceCenterPointY: 76
headPositionsX: [ 241, 243, 243, 243, 242, 242, 244, 245, 243, 246, 245,
    243, 245, 246, 242, 242, 242, 243, 244, 245, 242, 244, 242, 243, 242,
    241, 242, 241, 241, 241, 243, 242, 240, 241, 243, 242, 245, 243, 244,
    242, 242, 241, 241, 242, 243, 242, 244, 242, 244, 244, 242, 244, 244,
    240, 244, 244, 242, 243, 244, 243, 244, 242, 246, 246, 252, 251, 254,
    260, 257, 260, 258, 254, 248, 249, 242, 238, 238, 237, 239, 239, 238,
    245, 243, 247, 245, 244, 244, 245, 243, 242, 244, 240, 243, 240, 241,
    240, 244, 242, 244, 244 ]
headPositionsY: [ 75, 76, 78, 75, 75, 77, 75, 74, 74, 75, 77, 75, 76, 76,
    75, 74, 75, 73, 74, 75, 78, 73, 77, 77, 75, 73, 76, 73, 77, 75, 75,
    74, 74, 72, 76, 77, 75, 74, 73, 76, 77, 74, 74, 77, 73, 78, 74, 73,
    77, 73, 75, 75, 75, 74, 76, 74, 77, 78, 78, 74, 76, 73, 77, 75, 77,
    73, 72, 72, 75, 73, 76, 77, 74, 77, 79, 75, 77, 77, 75, 76, 78, 76,
    79, 77, 77, 74, 77, 77, 75, 75, 74, 78, 78, 75, 76, 74, 74, 77, 75,
    76 ]
