%YAML:1.0
---
videoName: "headLookUp9.mp4"
gestureLabel: 205
fps: 29
pixelSizeInCmTemp: 3.3732394366197183e-01
faceCenterPointX: 251
faceCenterPointY: 57
headPositionsX: [ 249, 254, 254, 250, 249, 252, 253, 249, 252, 250, 250,
    251, 252, 252, 253, 250, 250, 253, 253, 250, 254, 252, 250, 251, 252,
    253, 252, 252, 250, 252, 251, 254, 253, 250, 250, 249, 250, 253, 251,
    250, 250, 250, 253, 251, 252, 250, 251, 253, 252, 250, 254, 251, 252,
    251, 250, 249, 252, 252, 250, 252, 252, 253, 250, 250, 248, 251, 251,
    251, 250, 251, 252, 249, 253, 249, 251, 250, 250, 251, 251, 253, 252,
    252, 253, 253, 249, 248, 249, 251, 253, 252, 249, 253, 253, 252, 251,
    250, 250, 252, 250, 249 ]
headPositionsY: [ 56, 75, 72, 72, 73, 73, 72, 75, 74, 73, 72, 76, 75, 73,
    77, 75, 75, 75, 75, 76, 72, 76, 76, 74, 75, 71, 73, 73, 75, 71, 71,
    71, 70, 70, 71, 67, 66, 64, 67, 65, 65, 62, 61, 60, 61, 60, 61, 62,
    57, 59, 59, 61, 61, 56, 60, 61, 58, 59, 55, 58, 61, 58, 56, 59, 57,
    59, 55, 55, 59, 60, 56, 57, 56, 56, 59, 54, 58, 55, 59, 56, 56, 56,
    55, 59, 56, 58, 58, 59, 59, 57, 58, 57, 59, 59, 56, 58, 57, 57, 58,
    57 ]
