%YAML:1.0
---
videoName: "headNod31.mp4"
gestureLabel: 202
fps: 29
pixelSizeInCmTemp: 2.8855421686746985e-01
faceCenterPointX: 267
faceCenterPointY: 75
headPositionsX: [ 268, 269, 270, 268, 272, 268, 270, 268, 268, 272, 269,
    269, 271, 272, 270, 269, 267, 267, 266, 266, 269, 268, 265, 265, 265,
    268, 268, 266, 267, 270, 270, 269, 270, 267, 269, 271, 268, 270, 267,
    268, 270, 269, 270, 265, 266, 265, 268, 265, 267, 268, 269, 265, 264,
    265, 265, 264, 269, 268, 265, 266, 267, 265, 264, 268, 267, 269, 265,
    267, 268, 265, 267, 264, 264, 268, 268, 265, 266, 265, 266, 268, 270,
    264, 267, 265, 267, 264, 267, 268, 269, 268, 266, 265, 265, 265, 268,
    265, 267, 266, 268, 268 ]
headPositionsY: [ 73, 73, 76, 72, 76, 76, 73, 68, 65, 64, 68, 68, 65, 65,
    76, 78, 80, 83, 85, 84, 85, 85, 80, 75, 73, 73, 74, 74, 70, 67, 69,
    70, 74, 77, 77, 81, 85, 85, 88, 88, 86, 81, 82, 76, 76, 72, 74, 73,
    74, 76, 80, 81, 83, 86, 81, 82, 79, 73, 72, 69, 73, 71, 70, 71, 71,
    71, 75, 78, 78, 82, 80, 80, 78, 77, 74, 72, 71, 71, 70, 73, 75, 73,
    76, 79, 76, 76, 75, 75, 73, 76, 73, 75, 74, 75, 73, 76, 75, 74, 74,
    77 ]
