%YAML:1.0
---
videoName: "headLookRight4.mp4"
gestureLabel: 204
fps: 30
pixelSizeInCmTemp: 3.4214285714285714e-01
faceCenterPointX: 228
faceCenterPointY: 75
headPositionsX: [ 230, 255, 252, 256, 255, 254, 255, 254, 253, 255, 254,
    254, 255, 254, 251, 254, 254, 252, 252, 252, 253, 254, 252, 250, 254,
    255, 249, 252, 254, 253, 252, 250, 250, 245, 243, 240, 240, 239, 238,
    236, 235, 230, 230, 231, 232, 231, 232, 227, 230, 227, 227, 230, 225,
    227, 230, 227, 226, 227, 228, 227, 225, 224, 225, 225, 227, 223, 227,
    227, 226, 223, 223, 228, 226, 225, 225, 226, 226, 227, 226, 227, 225,
    225, 229, 226, 224, 226, 226, 223, 226, 229, 224, 225, 223, 227, 229,
    225, 223, 228, 228, 226 ]
headPositionsY: [ 74, 71, 71, 71, 72, 70, 71, 70, 71, 69, 74, 70, 71, 70,
    71, 71, 72, 75, 73, 75, 71, 75, 75, 74, 76, 72, 72, 72, 71, 72, 73,
    73, 74, 71, 73, 74, 73, 71, 74, 75, 71, 75, 74, 71, 72, 72, 75, 71,
    72, 71, 75, 73, 73, 75, 73, 74, 75, 75, 73, 75, 76, 72, 74, 74, 75,
    72, 72, 75, 72, 75, 73, 74, 74, 74, 74, 75, 76, 73, 74, 74, 76, 77,
    75, 77, 71, 74, 76, 75, 72, 76, 74, 74, 73, 77, 76, 75, 73, 74, 74,
    73 ]
