%YAML:1.0
---
videoName: "headLookLeft6.mp4"
gestureLabel: 203
fps: 29
pixelSizeInCmTemp: 3.2808219178082193e-01
faceCenterPointX: 267
faceCenterPointY: 69
headPositionsX: [ 266, 245, 245, 244, 243, 245, 245, 247, 245, 248, 246,
    246, 246, 247, 244, 245, 243, 246, 246, 248, 243, 244, 243, 246, 244,
    246, 249, 248, 252, 251, 256, 256, 260, 261, 263, 267, 267, 268, 268,
    270, 267, 271, 270, 269, 270, 270, 268, 268, 268, 269, 269, 267, 270,
    269, 268, 269, 265, 267, 266, 267, 267, 267, 267, 267, 268, 266, 268,
    266, 269, 268, 268, 266, 269, 265, 265, 266, 268, 269, 268, 267, 266,
    269, 265, 267, 267, 266, 266, 269, 265, 268, 268, 268, 268, 268, 267,
    266, 265, 267, 267, 268 ]
headPositionsY: [ 69, 70, 70, 72, 74, 71, 72, 72, 72, 72, 72, 70, 72, 71,
    72, 73, 72, 75, 73, 70, 70, 72, 72, 70, 73, 74, 72, 71, 70, 72, 73,
    72, 68, 73, 69, 67, 72, 68, 70, 72, 68, 69, 67, 68, 71, 68, 67, 68,
    71, 71, 68, 70, 69, 68, 72, 69, 72, 69, 71, 68, 71, 70, 69, 69, 70,
    71, 72, 69, 69, 71, 68, 69, 70, 72, 69, 70, 69, 67, 71, 68, 71, 69,
    70, 70, 69, 67, 68, 67, 72, 71, 68, 70, 72, 70, 69, 70, 68, 68, 72,
    70 ]
