%YAML:1.0
---
videoName: "headNod47.mp4"
gestureLabel: 202
fps: 29
pixelSizeInCmTemp: 3.0316455696202532e-01
faceCenterPointX: 266
faceCenterPointY: 70
headPositionsX: [ 266, 266, 269, 265, 268, 269, 267, 268, 267, 266, 265,
    268, 263, 265, 262, 263, 265, 263, 265, 263, 264, 266, 267, 266, 264,
    264, 265, 269, 266, 268, 268, 267, 266, 266, 267, 267, 266, 266, 266,
    268, 265, 268, 269, 268, 268, 264, 267, 265, 268, 266, 267, 266, 265,
    267, 268, 269, 269, 265, 266, 266, 265, 266, 266, 264, 266, 264, 268,
    268, 266, 265, 264, 269, 266, 266, 265, 266, 264, 266, 268, 269, 267,
    266, 268, 266, 267, 263, 265, 264, 268, 264, 263, 267, 267, 265, 263,
    264, 266, 264, 266, 268 ]
headPositionsY: [ 68, 60, 60, 61, 61, 57, 61, 61, 62, 67, 73, 75, 82, 84,
    83, 78, 72, 72, 68, 66, 67, 63, 68, 71, 72, 74, 76, 77, 76, 77, 74,
    74, 69, 69, 65, 70, 70, 72, 73, 76, 77, 81, 78, 79, 78, 72, 72, 71,
    66, 69, 68, 71, 69, 73, 77, 74, 72, 70, 72, 68, 70, 66, 69, 66, 67,
    67, 73, 74, 76, 74, 72, 74, 74, 69, 70, 68, 69, 66, 71, 70, 71, 75,
    73, 75, 70, 70, 69, 71, 71, 68, 70, 71, 73, 69, 71, 70, 73, 71, 68,
    71 ]
