%YAML:1.0
---
videoName: "headShake32.mp4"
gestureLabel: 201
fps: 29
pixelSizeInCmTemp: 3.2808219178082193e-01
faceCenterPointX: 237
faceCenterPointY: 77
headPositionsX: [ 238, 236, 238, 238, 238, 237, 239, 239, 239, 239, 237,
    239, 239, 242, 239, 239, 239, 242, 240, 240, 242, 242, 240, 242, 240,
    242, 239, 240, 241, 238, 241, 240, 239, 238, 241, 241, 239, 239, 241,
    242, 242, 243, 248, 249, 248, 251, 248, 252, 252, 251, 250, 247, 244,
    241, 241, 237, 237, 234, 233, 233, 230, 230, 229, 226, 225, 225, 228,
    232, 229, 231, 234, 236, 241, 243, 246, 250, 250, 249, 250, 247, 246,
    245, 244, 243, 245, 242, 242, 238, 238, 241, 237, 240, 235, 239, 240,
    239, 239, 237, 240, 237 ]
headPositionsY: [ 78, 73, 74, 74, 76, 75, 70, 71, 75, 72, 75, 75, 73, 74,
    75, 72, 72, 75, 73, 72, 76, 71, 75, 73, 72, 77, 74, 76, 74, 75, 73,
    76, 76, 74, 77, 77, 75, 76, 72, 75, 76, 74, 74, 71, 73, 74, 72, 75,
    71, 72, 74, 76, 77, 75, 76, 74, 76, 74, 76, 74, 78, 75, 77, 76, 75,
    75, 77, 76, 77, 74, 76, 74, 77, 77, 73, 74, 74, 77, 75, 74, 77, 75,
    77, 79, 78, 79, 76, 78, 75, 78, 75, 78, 76, 78, 80, 79, 77, 78, 75,
    80 ]
