%YAML:1.0
---
videoName: "headNod39.mp4"
gestureLabel: 202
fps: 29
pixelSizeInCmTemp: 2.9937500000000000e-01
faceCenterPointX: 268
faceCenterPointY: 78
headPositionsX: [ 270, 270, 265, 266, 269, 271, 270, 265, 268, 270, 270,
    266, 266, 267, 267, 267, 269, 268, 271, 270, 267, 269, 270, 269, 268,
    270, 268, 269, 270, 269, 268, 268, 268, 267, 267, 268, 270, 271, 269,
    270, 269, 269, 268, 268, 268, 266, 270, 268, 269, 265, 268, 269, 267,
    266, 266, 267, 269, 266, 264, 267, 264, 264, 268, 267, 266, 268, 268,
    269, 266, 268, 265, 268, 269, 268, 267, 265, 265, 269, 268, 266, 268,
    266, 266, 268, 269, 266, 270, 267, 270, 267, 265, 267, 270, 269, 265,
    267, 265, 266, 268, 264 ]
headPositionsY: [ 78, 75, 74, 78, 74, 77, 76, 76, 74, 77, 77, 78, 78, 75,
    75, 74, 74, 78, 77, 77, 76, 76, 76, 78, 78, 75, 77, 76, 78, 76, 79,
    78, 75, 77, 74, 78, 77, 78, 80, 79, 81, 85, 87, 85, 84, 83, 78, 73,
    74, 74, 75, 77, 77, 77, 76, 86, 90, 92, 89, 90, 83, 82, 79, 73, 74,
    75, 73, 75, 78, 80, 81, 82, 81, 79, 78, 75, 74, 75, 77, 76, 78, 79,
    78, 82, 78, 80, 80, 78, 81, 80, 79, 79, 78, 76, 79, 79, 78, 80, 77,
    79 ]
