%YAML:1.0
---
videoName: "headLookUp4.mp4"
gestureLabel: 205
fps: 30
pixelSizeInCmTemp: 3.6846153846153845e-01
faceCenterPointX: 256
faceCenterPointY: 68
headPositionsX: [ 256, 257, 257, 255, 255, 258, 254, 256, 256, 258, 257,
    259, 256, 254, 255, 255, 258, 258, 258, 257, 256, 256, 254, 255, 255,
    255, 255, 258, 258, 258, 259, 258, 255, 257, 258, 256, 256, 258, 253,
    254, 256, 258, 256, 253, 258, 255, 254, 254, 258, 254, 256, 254, 257,
    254, 255, 254, 256, 253, 257, 253, 255, 254, 255, 258, 255, 255, 257,
    256, 254, 256, 258, 258, 257, 259, 256, 259, 257, 254, 257, 255, 257,
    254, 256, 254, 255, 255, 258, 252, 258, 258, 259, 254, 258, 257, 258,
    255, 256, 256, 254, 257 ]
headPositionsY: [ 67, 84, 81, 83, 81, 80, 82, 85, 80, 80, 83, 81, 81, 81,
    80, 81, 84, 81, 80, 84, 84, 81, 82, 80, 81, 78, 78, 75, 75, 69, 68,
    68, 68, 70, 68, 65, 68, 68, 72, 68, 66, 72, 67, 67, 66, 71, 67, 68,
    67, 65, 71, 70, 68, 69, 69, 67, 67, 72, 66, 71, 68, 69, 65, 69, 69,
    71, 72, 69, 70, 69, 67, 67, 67, 70, 65, 70, 66, 69, 69, 68, 68, 67,
    69, 71, 67, 69, 72, 67, 68, 70, 67, 67, 71, 68, 71, 67, 68, 68, 70,
    71 ]
