%YAML:1.0
---
videoName: "headNod11.mp4"
gestureLabel: 202
fps: 29
pixelSizeInCmTemp: 3.2364864864864862e-01
faceCenterPointX: 261
faceCenterPointY: 75
headPositionsX: [ 260, 260, 259, 260, 259, 260, 257, 260, 259, 257, 259,
    260, 257, 258, 258, 261, 260, 258, 262, 258, 259, 261, 259, 261, 259,
    259, 258, 262, 259, 259, 258, 259, 263, 260, 262, 260, 262, 261, 262,
    260, 262, 259, 261, 259, 259, 258, 261, 258, 262, 259, 262, 258, 260,
    259, 262, 263, 263, 263, 259, 259, 260, 257, 259, 258, 259, 258, 256,
    260, 255, 256, 256, 255, 258, 256, 259, 254, 257, 256, 256, 258, 260,
    258, 260, 258, 259, 257, 260, 258, 258, 257, 260, 258, 259, 258, 258,
    260, 260, 259, 261, 260 ]
headPositionsY: [ 73, 72, 75, 74, 77, 77, 72, 76, 76, 73, 74, 76, 75, 75,
    75, 74, 73, 72, 76, 76, 76, 75, 74, 73, 75, 74, 74, 73, 76, 75, 73,
    76, 73, 73, 77, 74, 74, 75, 74, 75, 75, 76, 74, 77, 73, 73, 73, 71,
    72, 71, 71, 68, 68, 69, 69, 73, 76, 74, 79, 82, 79, 80, 76, 73, 70,
    68, 69, 69, 70, 71, 73, 77, 76, 82, 82, 83, 81, 79, 77, 74, 71, 69,
    69, 71, 76, 74, 76, 80, 78, 81, 78, 80, 79, 78, 78, 78, 75, 75, 76,
    76 ]
