%YAML:1.0
---
videoName: "headNod32.mp4"
gestureLabel: 202
fps: 29
pixelSizeInCmTemp: 2.8855421686746985e-01
faceCenterPointX: 266
faceCenterPointY: 74
headPositionsX: [ 265, 271, 268, 268, 269, 269, 264, 265, 268, 268, 264,
    264, 264, 263, 266, 265, 266, 266, 267, 266, 265, 265, 266, 268, 269,
    269, 267, 266, 266, 264, 266, 268, 267, 268, 269, 266, 267, 268, 267,
    267, 269, 267, 269, 266, 268, 268, 267, 268, 266, 266, 268, 267, 267,
    268, 265, 265, 267, 265, 267, 265, 268, 267, 265, 269, 265, 270, 269,
    267, 265, 267, 266, 266, 268, 266, 264, 265, 265, 266, 268, 267, 265,
    266, 264, 263, 266, 266, 265, 265, 267, 265, 267, 266, 266, 267, 265,
    268, 266, 268, 268, 267 ]
headPositionsY: [ 73, 79, 80, 77, 77, 80, 77, 79, 78, 76, 77, 76, 78, 80,
    78, 77, 76, 79, 77, 79, 79, 75, 76, 78, 77, 79, 76, 78, 79, 79, 81,
    76, 78, 77, 80, 75, 79, 78, 80, 80, 77, 80, 78, 78, 76, 76, 77, 78,
    79, 77, 78, 78, 80, 76, 76, 77, 73, 75, 73, 77, 66, 69, 65, 63, 66,
    70, 69, 73, 78, 81, 89, 87, 86, 85, 82, 82, 77, 76, 72, 72, 71, 73,
    70, 72, 71, 72, 76, 75, 75, 72, 77, 77, 76, 75, 76, 77, 73, 73, 76,
    76 ]
