%YAML:1.0
---
videoName: "headNod3.mp4"
gestureLabel: 202
fps: 29
pixelSizeInCmTemp: 3.1933333333333330e-01
faceCenterPointX: 264
faceCenterPointY: 76
headPositionsX: [ 263, 266, 266, 263, 265, 263, 267, 263, 264, 266, 267,
    264, 263, 267, 264, 263, 263, 265, 266, 266, 262, 266, 263, 265, 267,
    267, 267, 267, 267, 268, 265, 267, 265, 266, 264, 268, 268, 267, 265,
    264, 265, 265, 265, 265, 264, 264, 265, 266, 266, 265, 267, 263, 265,
    264, 264, 264, 263, 264, 264, 262, 266, 263, 263, 266, 261, 264, 264,
    267, 262, 266, 264, 263, 264, 263, 262, 264, 261, 263, 262, 263, 265,
    265, 266, 264, 263, 261, 265, 263, 266, 265, 261, 266, 264, 266, 261,
    264, 265, 264, 262, 266 ]
headPositionsY: [ 77, 74, 79, 74, 77, 78, 76, 74, 78, 76, 74, 72, 71, 73,
    73, 71, 72, 74, 74, 74, 73, 71, 72, 71, 71, 74, 74, 76, 73, 74, 73,
    74, 76, 73, 76, 75, 74, 77, 73, 75, 73, 72, 73, 72, 74, 71, 68, 66,
    68, 65, 67, 71, 74, 76, 77, 78, 84, 82, 84, 79, 77, 73, 71, 71, 69,
    69, 69, 74, 76, 80, 79, 83, 80, 79, 75, 72, 70, 67, 67, 64, 67, 67,
    70, 69, 73, 74, 76, 79, 81, 78, 80, 77, 78, 76, 74, 78, 77, 75, 76,
    76 ]
