%YAML:1.0
---
videoName: "headNod3.mp4"
gestureLabel: 202
fps: 29
pixelSizeInCmTemp: 3.1933333333333330e-01
faceCenterPointX: 264
faceCenterPointY: 76
headPositionsX: [ 266, 265, 262, 263, 264, 262, 264, 264, 266, 265, 266,
    267, 265, 264, 265, 263, 265, 264, 266, 263, 264, 267, 265, 263, 266,
    265, 263, 263, 264, 265, 265, 266, 268, 265, 264, 266, 266, 265, 265,
    264, 267, 265, 265, 267, 268, 265, 266, 267, 267, 266, 265, 264, 266,
    265, 262, 265, 262, 266, 262, 263, 263, 265, 265, 265, 263, 266, 265,
    264, 261, 262, 264, 265, 262, 264, 265, 261, 262, 262, 265, 262, 264,
    264, 263, 265, 266, 264, 265, 263, 262, 264, 264, 263, 265, 263, 262,
    265, 264, 265, 264, 264 ]
headPositionsY: [ 77, 77, 77, 78, 79, 75, 78, 78, 76, 72, 73, 76, 71, 73,
    74, 75, 71, 73, 74, 73, 71, 72, 70, 74, 71, 74, 73, 72, 76, 76, 74,
    74, 74, 72, 76, 75, 76, 76, 74, 72, 76, 76, 76, 71, 72, 71, 69, 65,
    65, 64, 66, 71, 71, 75, 79, 80, 82, 84, 81, 80, 76, 73, 69, 70, 69,
    69, 68, 74, 75, 80, 79, 82, 80, 78, 76, 76, 73, 70, 69, 68, 65, 67,
    70, 71, 71, 76, 75, 77, 82, 79, 77, 78, 79, 76, 76, 76, 75, 74, 76,
    77 ]
