%YAML:1.0
---
videoName: "headLookUp7.mp4"
gestureLabel: 205
fps: 29
pixelSizeInCmTemp: 3.6846153846153845e-01
faceCenterPointX: 257
faceCenterPointY: 70
headPositionsX: [ 256, 259, 258, 254, 258, 254, 258, 255, 255, 258, 258,
    254, 256, 258, 256, 258, 256, 258, 259, 257, 254, 258, 258, 255, 256,
    259, 256, 257, 256, 256, 254, 258, 258, 254, 257, 254, 255, 254, 256,
    256, 254, 254, 255, 258, 257, 255, 257, 259, 253, 255, 255, 257, 255,
    257, 258, 259, 256, 257, 256, 255, 258, 255, 258, 258, 258, 258, 257,
    255, 255, 255, 258, 254, 257, 256, 259, 258, 256, 257, 255, 258, 257,
    254, 258, 255, 254, 255, 255, 257, 255, 258, 258, 255, 257, 255, 255,
    255, 256, 256, 255, 258 ]
headPositionsY: [ 69, 82, 83, 84, 83, 85, 81, 83, 81, 81, 82, 80, 84, 81,
    83, 84, 83, 81, 81, 79, 80, 78, 79, 76, 74, 72, 74, 71, 72, 67, 69,
    72, 69, 70, 68, 69, 71, 67, 70, 67, 66, 70, 67, 66, 67, 67, 68, 70,
    68, 69, 68, 66, 67, 68, 66, 69, 70, 67, 69, 67, 67, 72, 69, 68, 66,
    68, 67, 69, 67, 71, 68, 68, 70, 71, 67, 70, 70, 68, 69, 67, 70, 68,
    67, 68, 70, 68, 68, 69, 66, 72, 69, 68, 70, 71, 70, 71, 72, 67, 68,
    71 ]
