%YAML:1.0
---
videoName: "headLookLeft2.mp4"
gestureLabel: 203
fps: 29
pixelSizeInCmTemp: 3.6846153846153845e-01
faceCenterPointX: 278
faceCenterPointY: 74
headPositionsX: [ 280, 260, 261, 258, 259, 258, 260, 259, 258, 261, 261,
    260, 257, 260, 261, 262, 260, 262, 263, 264, 263, 267, 265, 267, 266,
    268, 272, 273, 274, 277, 275, 276, 274, 278, 278, 281, 277, 283, 280,
    279, 280, 280, 282, 280, 281, 280, 282, 284, 287, 281, 279, 281, 283,
    279, 280, 282, 278, 274, 279, 278, 284, 279, 280, 280, 279, 277, 279,
    282, 283, 280, 278, 280, 283, 277, 279, 280, 277, 281, 277, 282, 280,
    280, 278, 280, 281, 280, 286, 277, 275, 281, 280, 277, 284, 281, 279,
    280, 282, 282, 288, 278 ]
headPositionsY: [ 74, 73, 75, 76, 76, 76, 75, 78, 78, 75, 73, 75, 76, 76,
    78, 74, 74, 76, 76, 77, 74, 75, 77, 76, 73, 73, 72, 76, 74, 74, 75,
    73, 75, 72, 75, 75, 73, 74, 76, 73, 76, 77, 73, 76, 74, 77, 75, 77,
    78, 73, 72, 76, 73, 75, 72, 74, 76, 72, 71, 73, 76, 74, 75, 74, 74,
    73, 73, 77, 75, 71, 74, 73, 77, 75, 73, 73, 72, 75, 72, 75, 76, 72,
    72, 73, 76, 71, 72, 73, 74, 75, 75, 72, 75, 72, 71, 72, 73, 77, 75,
    71 ]
