%YAML:1.0
---
videoName: "headShake26.mp4"
gestureLabel: 201
fps: 30
pixelSizeInCmTemp: 3.2808219178082193e-01
faceCenterPointX: 243
faceCenterPointY: 78
headPositionsX: [ 245, 238, 241, 239, 239, 244, 242, 245, 249, 250, 250,
    251, 252, 249, 253, 251, 249, 247, 248, 244, 240, 236, 235, 235, 231,
    231, 229, 230, 228, 229, 231, 234, 240, 239, 247, 246, 248, 253, 251,
    251, 254, 252, 252, 249, 244, 242, 237, 234, 232, 230, 228, 228, 229,
    232, 233, 233, 237, 239, 243, 245, 247, 248, 251, 252, 251, 252, 251,
    252, 250, 246, 243, 245, 241, 242, 237, 236, 238, 237, 236, 237, 239,
    236, 240, 241, 242, 239, 240, 240, 245, 243, 243, 246, 244, 245, 247,
    245, 243, 245, 241, 244 ]
headPositionsY: [ 79, 79, 76, 75, 78, 77, 80, 79, 78, 76, 77, 80, 78, 78,
    79, 78, 76, 78, 77, 80, 81, 80, 77, 76, 79, 78, 75, 77, 78, 76, 76,
    79, 75, 79, 76, 77, 78, 77, 75, 76, 76, 76, 79, 77, 80, 78, 80, 75,
    75, 76, 76, 77, 79, 75, 78, 78, 79, 76, 79, 77, 77, 78, 79, 78, 76,
    78, 76, 79, 80, 76, 78, 80, 78, 77, 78, 78, 77, 79, 79, 80, 79, 79,
    79, 80, 80, 80, 79, 78, 78, 79, 81, 81, 80, 77, 77, 77, 76, 80, 79,
    80 ]
