%YAML:1.0
---
videoName: "headShake15.mp4"
gestureLabel: 201
fps: 29
pixelSizeInCmTemp: 3.3263888888888887e-01
faceCenterPointX: 243
faceCenterPointY: 76
headPositionsX: [ 243, 243, 245, 243, 243, 242, 242, 243, 243, 242, 242,
    245, 242, 246, 244, 242, 245, 243, 245, 244, 243, 241, 242, 244, 241,
    242, 242, 243, 245, 244, 242, 243, 241, 244, 242, 242, 244, 242, 241,
    243, 242, 244, 241, 244, 243, 244, 243, 240, 241, 245, 242, 241, 240,
    242, 244, 244, 241, 244, 243, 242, 241, 243, 245, 247, 248, 253, 256,
    260, 258, 257, 257, 255, 251, 248, 245, 237, 238, 235, 239, 238, 241,
    243, 242, 246, 248, 247, 248, 243, 246, 241, 244, 242, 244, 242, 244,
    244, 241, 244, 240, 245 ]
headPositionsY: [ 77, 73, 76, 77, 78, 76, 77, 78, 76, 76, 77, 76, 77, 76,
    75, 75, 76, 75, 77, 76, 76, 75, 74, 74, 74, 73, 76, 74, 75, 76, 75,
    75, 74, 74, 74, 74, 75, 73, 73, 76, 73, 75, 76, 74, 77, 78, 77, 73,
    75, 73, 76, 78, 78, 77, 76, 73, 77, 78, 78, 78, 78, 74, 76, 75, 75,
    74, 74, 76, 74, 76, 75, 76, 75, 76, 79, 78, 75, 74, 76, 77, 77, 79,
    79, 77, 75, 76, 76, 75, 76, 78, 77, 79, 78, 78, 78, 76, 75, 78, 75,
    76 ]
