%YAML:1.0
---
videoName: "headLookUp3.mp4"
gestureLabel: 205
fps: 29
pixelSizeInCmTemp: 3.7421874999999999e-01
faceCenterPointX: 254
faceCenterPointY: 68
headPositionsX: [ 252, 254, 257, 256, 254, 257, 257, 255, 256, 256, 256,
    254, 254, 256, 258, 257, 255, 257, 255, 255, 255, 258, 255, 255, 255,
    256, 255, 257, 255, 255, 255, 256, 256, 257, 255, 255, 255, 254, 254,
    256, 254, 254, 254, 257, 255, 254, 257, 253, 256, 258, 257, 257, 255,
    255, 255, 258, 255, 254, 256, 256, 256, 257, 252, 258, 257, 252, 254,
    255, 256, 254, 254, 256, 257, 255, 252, 258, 255, 254, 257, 255, 257,
    256, 255, 252, 254, 253, 258, 255, 258, 257, 257, 258, 255, 255, 254,
    256, 253, 255, 255, 254 ]
headPositionsY: [ 67, 84, 81, 84, 81, 84, 84, 83, 83, 81, 82, 81, 83, 81,
    82, 82, 79, 84, 83, 79, 83, 84, 82, 83, 82, 81, 84, 79, 84, 80, 83,
    82, 84, 82, 84, 82, 80, 80, 81, 78, 80, 76, 77, 76, 72, 73, 69, 72,
    71, 67, 67, 66, 66, 70, 68, 67, 69, 65, 67, 65, 67, 68, 69, 67, 69,
    68, 66, 66, 69, 70, 69, 66, 66, 65, 66, 68, 68, 69, 67, 66, 67, 67,
    69, 68, 69, 69, 66, 66, 67, 67, 67, 68, 67, 68, 65, 70, 69, 70, 70,
    65 ]
