%YAML:1.0
---
videoName: "headShake45.mp4"
gestureLabel: 201
fps: 30
pixelSizeInCmTemp: 3.3263888888888887e-01
faceCenterPointX: 262
faceCenterPointY: 84
headPositionsX: [ 264, 263, 261, 264, 264, 261, 265, 264, 264, 263, 262,
    264, 261, 264, 264, 261, 261, 264, 261, 264, 264, 261, 261, 262, 261,
    261, 261, 261, 262, 262, 262, 263, 262, 261, 260, 259, 263, 261, 258,
    256, 253, 258, 260, 266, 272, 276, 278, 284, 282, 277, 274, 266, 263,
    253, 254, 256, 258, 260, 270, 273, 272, 273, 274, 269, 264, 257, 258,
    256, 254, 261, 263, 267, 272, 272, 271, 270, 263, 260, 258, 254, 255,
    256, 260, 263, 262, 266, 261, 261, 258, 259, 262, 262, 260, 259, 262,
    262, 263, 260, 261, 260 ]
headPositionsY: [ 82, 79, 82, 81, 81, 79, 79, 79, 82, 82, 82, 83, 84, 81,
    84, 83, 84, 82, 81, 80, 82, 81, 82, 83, 81, 82, 83, 82, 82, 80, 80,
    82, 84, 83, 84, 80, 84, 80, 82, 80, 81, 82, 81, 83, 81, 81, 78, 78,
    79, 80, 82, 82, 82, 82, 83, 84, 81, 85, 80, 83, 81, 80, 83, 84, 82,
    84, 85, 82, 82, 84, 83, 81, 81, 79, 83, 81, 85, 84, 81, 84, 83, 81,
    81, 80, 84, 84, 83, 81, 84, 82, 83, 82, 82, 83, 84, 84, 84, 83, 82,
    84 ]
