%YAML:1.0
---
videoName: "headShake3.mp4"
gestureLabel: 201
fps: 30
pixelSizeInCmTemp: 3.3263888888888887e-01
faceCenterPointX: 240
faceCenterPointY: 101
headPositionsX: [ 238, 240, 240, 240, 242, 239, 243, 240, 243, 243, 239,
    242, 243, 239, 244, 243, 242, 243, 242, 239, 241, 242, 241, 243, 243,
    239, 240, 243, 241, 239, 237, 237, 242, 241, 248, 251, 252, 255, 257,
    255, 253, 250, 250, 241, 239, 231, 229, 231, 229, 229, 233, 240, 241,
    249, 252, 250, 247, 246, 241, 236, 231, 228, 224, 227, 226, 229, 230,
    236, 240, 242, 243, 248, 244, 246, 243, 241, 241, 235, 237, 235, 235,
    232, 232, 236, 233, 236, 237, 239, 237, 236, 239, 242, 241, 241, 239,
    242, 239, 242, 243, 241 ]
headPositionsY: [ 103, 97, 98, 101, 98, 96, 100, 96, 99, 98, 98, 99, 100,
    99, 98, 97, 97, 100, 99, 100, 98, 101, 100, 100, 99, 99, 100, 99, 98,
    99, 99, 97, 99, 99, 96, 96, 99, 96, 100, 97, 98, 99, 98, 100, 99, 97,
    100, 98, 100, 100, 96, 98, 98, 96, 99, 99, 100, 100, 97, 101, 98, 96,
    99, 98, 99, 98, 99, 99, 97, 100, 97, 97, 96, 98, 99, 98, 98, 102, 97,
    99, 102, 97, 102, 101, 99, 98, 99, 98, 98, 102, 99, 98, 101, 102,
    100, 103, 99, 102, 102, 98 ]
