%YAML:1.0
---
videoName: "headNod38.mp4"
gestureLabel: 202
fps: 29
pixelSizeInCmTemp: 2.9937500000000000e-01
faceCenterPointX: 267
faceCenterPointY: 73
headPositionsX: [ 265, 265, 269, 264, 266, 267, 264, 267, 268, 267, 265,
    264, 264, 267, 266, 265, 264, 267, 265, 269, 267, 268, 267, 265, 265,
    263, 264, 266, 264, 263, 264, 267, 264, 264, 264, 265, 264, 264, 268,
    264, 267, 266, 265, 267, 268, 267, 266, 267, 270, 267, 267, 267, 268,
    266, 267, 270, 266, 269, 268, 268, 270, 270, 268, 268, 267, 268, 266,
    269, 270, 269, 271, 269, 270, 270, 267, 267, 270, 270, 269, 266, 265,
    268, 266, 265, 266, 266, 268, 269, 270, 269, 267, 265, 269, 267, 265,
    267, 268, 266, 266, 266 ]
headPositionsY: [ 74, 73, 75, 73, 80, 83, 83, 88, 87, 85, 81, 78, 76, 74,
    80, 83, 85, 85, 87, 86, 84, 77, 77, 73, 79, 77, 79, 87, 90, 88, 91,
    88, 82, 78, 74, 75, 73, 75, 78, 77, 80, 87, 90, 87, 87, 81, 77, 77,
    75, 71, 70, 72, 73, 74, 80, 84, 85, 86, 87, 81, 81, 79, 75, 73, 74,
    75, 73, 72, 75, 76, 76, 83, 82, 87, 85, 86, 82, 80, 80, 75, 75, 75,
    70, 71, 71, 70, 70, 72, 74, 74, 71, 74, 71, 75, 74, 71, 75, 72, 75,
    74 ]
