%YAML:1.0
---
videoName: "headLookRight0.mp4"
gestureLabel: 204
fps: 29
pixelSizeInCmTemp: 3.1933333333333330e-01
faceCenterPointX: 229
faceCenterPointY: 68
headPositionsX: [ 227, 255, 258, 254, 256, 254, 255, 256, 258, 258, 257,
    256, 257, 256, 259, 258, 257, 257, 257, 254, 257, 256, 257, 255, 259,
    256, 255, 255, 255, 256, 257, 255, 256, 254, 254, 254, 257, 255, 253,
    255, 252, 247, 246, 245, 242, 241, 238, 238, 234, 236, 233, 236, 235,
    235, 236, 232, 235, 233, 233, 233, 234, 231, 235, 235, 233, 235, 231,
    233, 231, 234, 234, 238, 235, 236, 231, 233, 229, 229, 232, 229, 235,
    231, 233, 227, 234, 228, 230, 230, 229, 231, 232, 233, 232, 227, 229,
    231, 229, 231, 225, 229 ]
headPositionsY: [ 68, 65, 65, 67, 64, 63, 65, 65, 67, 67, 68, 69, 69, 69,
    68, 68, 66, 66, 69, 67, 66, 68, 69, 67, 65, 68, 66, 65, 65, 66, 68,
    68, 67, 66, 70, 67, 68, 68, 67, 68, 69, 69, 65, 69, 65, 67, 69, 68,
    70, 69, 69, 66, 67, 70, 68, 67, 66, 68, 68, 65, 68, 69, 70, 67, 67,
    66, 69, 69, 65, 67, 65, 68, 68, 68, 69, 67, 70, 68, 70, 66, 70, 66,
    70, 66, 69, 67, 70, 69, 68, 66, 66, 68, 69, 71, 66, 68, 70, 68, 67,
    70 ]
