%YAML:1.0
---
videoName: "headShake36.mp4"
gestureLabel: 201
fps: 29
pixelSizeInCmTemp: 3.2364864864864862e-01
faceCenterPointX: 263
faceCenterPointY: 80
headPositionsX: [ 264, 265, 262, 263, 265, 263, 263, 266, 269, 272, 276,
    279, 276, 280, 281, 282, 285, 279, 279, 276, 275, 272, 269, 268, 260,
    261, 255, 251, 250, 248, 248, 249, 247, 245, 247, 247, 247, 246, 251,
    254, 256, 260, 263, 268, 269, 274, 277, 275, 279, 281, 281, 279, 280,
    275, 277, 271, 268, 267, 264, 257, 256, 252, 251, 251, 251, 251, 248,
    253, 249, 253, 257, 259, 258, 261, 261, 264, 268, 264, 269, 267, 269,
    268, 265, 266, 264, 263, 265, 264, 267, 267, 264, 261, 262, 260, 263,
    261, 262, 261, 264, 265 ]
headPositionsY: [ 78, 79, 81, 78, 78, 82, 78, 79, 80, 80, 77, 80, 77, 75,
    77, 78, 75, 77, 78, 81, 78, 82, 83, 84, 82, 82, 81, 80, 82, 78, 83,
    81, 82, 80, 80, 78, 80, 82, 79, 81, 79, 81, 82, 79, 79, 77, 78, 81,
    77, 78, 79, 79, 79, 77, 77, 78, 81, 81, 79, 79, 78, 82, 81, 78, 80,
    79, 78, 79, 80, 81, 79, 80, 79, 82, 84, 83, 81, 79, 79, 81, 79, 79,
    79, 78, 80, 79, 83, 80, 82, 82, 80, 79, 80, 79, 83, 82, 82, 81, 81,
    79 ]
