%YAML:1.0
---
videoName: "headShake26.mp4"
gestureLabel: 201
fps: 30
pixelSizeInCmTemp: 3.2808219178082193e-01
faceCenterPointX: 243
faceCenterPointY: 78
headPositionsX: [ 242, 241, 240, 239, 238, 242, 246, 247, 247, 246, 251,
    248, 250, 250, 250, 251, 251, 250, 248, 246, 241, 239, 234, 234, 229,
    228, 227, 231, 229, 231, 233, 237, 238, 240, 244, 248, 251, 251, 250,
    254, 254, 252, 252, 249, 243, 243, 238, 234, 235, 231, 230, 229, 228,
    229, 231, 235, 236, 241, 244, 246, 250, 249, 252, 255, 252, 253, 251,
    251, 248, 248, 246, 243, 242, 238, 240, 236, 235, 236, 234, 235, 239,
    238, 236, 239, 238, 239, 240, 242, 242, 243, 246, 243, 245, 246, 246,
    244, 246, 245, 244, 243 ]
headPositionsY: [ 80, 77, 75, 77, 78, 78, 77, 77, 80, 75, 78, 80, 77, 76,
    76, 77, 77, 78, 76, 78, 78, 80, 79, 79, 78, 76, 78, 75, 77, 79, 76,
    77, 75, 75, 79, 76, 79, 76, 76, 78, 76, 76, 79, 78, 76, 79, 77, 76,
    79, 77, 77, 77, 77, 78, 74, 79, 79, 77, 77, 80, 80, 78, 77, 79, 75,
    77, 80, 80, 81, 78, 80, 77, 78, 81, 77, 78, 78, 76, 78, 76, 79, 81,
    78, 78, 80, 80, 81, 80, 78, 79, 80, 81, 80, 78, 77, 80, 80, 76, 79,
    78 ]
