%YAML:1.0
---
videoName: "headLookUp5.mp4"
gestureLabel: 205
fps: 29
pixelSizeInCmTemp: 3.6287878787878786e-01
faceCenterPointX: 256
faceCenterPointY: 67
headPositionsX: [ 256, 259, 257, 256, 254, 257, 256, 256, 257, 258, 255,
    257, 255, 259, 256, 258, 257, 256, 257, 258, 258, 258, 254, 255, 258,
    256, 257, 254, 256, 253, 254, 254, 255, 255, 256, 255, 258, 256, 254,
    257, 258, 258, 256, 256, 257, 255, 255, 257, 257, 259, 257, 258, 256,
    254, 255, 256, 253, 254, 253, 255, 259, 256, 255, 254, 258, 254, 258,
    253, 255, 256, 254, 254, 258, 255, 255, 254, 255, 256, 256, 257, 257,
    254, 255, 258, 256, 256, 257, 258, 254, 256, 255, 257, 253, 258, 255,
    257, 256, 254, 256, 257 ]
headPositionsY: [ 66, 84, 80, 83, 81, 80, 81, 82, 80, 81, 80, 82, 79, 82,
    81, 81, 80, 81, 82, 81, 80, 83, 79, 80, 82, 83, 82, 81, 80, 82, 79,
    82, 77, 80, 76, 78, 78, 76, 73, 70, 69, 70, 72, 67, 65, 71, 68, 66,
    68, 67, 66, 69, 68, 69, 70, 70, 70, 68, 67, 67, 67, 66, 68, 67, 66,
    65, 67, 67, 69, 67, 66, 67, 66, 69, 68, 68, 66, 68, 63, 66, 68, 66,
    68, 67, 66, 66, 66, 67, 67, 68, 69, 69, 66, 69, 64, 66, 69, 67, 65,
    69 ]
