%YAML:1.0
---
videoName: "headLookRight9.mp4"
gestureLabel: 204
fps: 29
pixelSizeInCmTemp: 2.8511904761904761e-01
faceCenterPointX: 217
faceCenterPointY: 75
headPositionsX: [ 216, 242, 245, 245, 243, 243, 243, 242, 243, 244, 242,
    243, 241, 241, 242, 245, 243, 241, 243, 245, 244, 241, 243, 246, 243,
    245, 244, 243, 242, 240, 242, 237, 238, 234, 233, 231, 228, 226, 224,
    219, 218, 218, 215, 217, 217, 217, 213, 212, 215, 215, 214, 213, 213,
    214, 211, 213, 213, 212, 217, 213, 212, 212, 215, 213, 217, 220, 217,
    216, 213, 213, 217, 210, 209, 218, 214, 214, 214, 213, 215, 215, 216,
    216, 216, 215, 217, 220, 214, 215, 217, 215, 216, 213, 215, 217, 212,
    217, 218, 220, 219, 220 ]
headPositionsY: [ 76, 74, 76, 72, 75, 73, 76, 72, 73, 74, 75, 72, 75, 75,
    76, 77, 75, 75, 73, 73, 73, 76, 74, 76, 73, 74, 74, 77, 76, 75, 77,
    74, 76, 72, 74, 73, 74, 71, 75, 73, 75, 74, 74, 82, 73, 72, 70, 71,
    72, 71, 72, 71, 70, 71, 73, 76, 73, 72, 69, 71, 72, 72, 71, 70, 76,
    76, 73, 75, 72, 73, 72, 80, 80, 69, 75, 70, 70, 76, 73, 72, 73, 69,
    70, 71, 74, 70, 72, 72, 74, 72, 74, 71, 73, 74, 71, 70, 74, 72, 73,
    77 ]
