%YAML:1.0
---
videoName: "headShake23.mp4"
gestureLabel: 201
fps: 29
pixelSizeInCmTemp: 3.2808219178082193e-01
faceCenterPointX: 240
faceCenterPointY: 77
headPositionsX: [ 242, 242, 241, 244, 240, 243, 241, 241, 239, 243, 241,
    239, 242, 243, 241, 241, 240, 239, 239, 241, 238, 242, 244, 246, 249,
    252, 251, 253, 252, 257, 252, 254, 255, 250, 249, 247, 242, 236, 236,
    233, 230, 233, 230, 231, 230, 229, 232, 233, 235, 239, 244, 246, 245,
    250, 252, 252, 251, 252, 253, 249, 248, 249, 249, 246, 244, 242, 240,
    237, 235, 234, 235, 233, 234, 235, 234, 232, 234, 235, 239, 235, 241,
    241, 239, 242, 245, 245, 243, 243, 244, 244, 244, 247, 247, 245, 241,
    245, 242, 245, 239, 239 ]
headPositionsY: [ 79, 74, 78, 75, 78, 76, 78, 75, 78, 74, 79, 75, 78, 76,
    76, 77, 75, 78, 78, 75, 76, 78, 76, 79, 77, 74, 77, 76, 74, 76, 78,
    74, 78, 78, 79, 79, 75, 77, 75, 74, 76, 79, 74, 76, 77, 78, 76, 79,
    80, 78, 80, 75, 76, 77, 75, 75, 77, 76, 77, 75, 79, 78, 77, 79, 76,
    80, 80, 77, 78, 80, 77, 78, 78, 77, 78, 77, 76, 80, 78, 77, 77, 79,
    77, 76, 75, 75, 75, 79, 78, 75, 80, 80, 76, 79, 75, 76, 75, 78, 78,
    75 ]
