%YAML:1.0
---
videoName: "headLookRight7.mp4"
gestureLabel: 204
fps: 30
pixelSizeInCmTemp: 3.4710144927536229e-01
faceCenterPointX: 226
faceCenterPointY: 74
headPositionsX: [ 224, 251, 250, 250, 252, 252, 247, 252, 250, 247, 251,
    251, 252, 248, 249, 250, 249, 248, 248, 247, 249, 251, 248, 250, 248,
    247, 249, 246, 249, 247, 243, 240, 238, 235, 234, 230, 230, 228, 228,
    227, 228, 226, 225, 225, 222, 224, 222, 225, 222, 223, 221, 225, 222,
    224, 224, 225, 224, 225, 223, 226, 223, 223, 222, 222, 224, 222, 224,
    221, 222, 223, 217, 227, 226, 225, 222, 227, 223, 222, 223, 224, 220,
    224, 223, 225, 225, 220, 225, 225, 223, 224, 223, 221, 224, 223, 224,
    224, 221, 226, 226, 224 ]
headPositionsY: [ 75, 73, 72, 75, 75, 75, 73, 76, 75, 77, 72, 76, 77, 74,
    76, 75, 74, 76, 74, 72, 75, 74, 76, 76, 76, 75, 74, 76, 73, 72, 76,
    73, 73, 75, 75, 75, 75, 75, 74, 73, 75, 73, 74, 75, 73, 73, 76, 76,
    72, 75, 76, 75, 77, 72, 76, 74, 74, 74, 75, 73, 73, 71, 75, 74, 75,
    74, 72, 70, 75, 76, 80, 72, 72, 77, 75, 74, 74, 71, 76, 74, 74, 76,
    76, 75, 72, 75, 74, 74, 74, 76, 74, 73, 74, 74, 74, 76, 76, 74, 74,
    75 ]
