%YAML:1.0
---
videoName: "headLookUp6.mp4"
gestureLabel: 205
fps: 30
pixelSizeInCmTemp: 3.7421874999999999e-01
faceCenterPointX: 255
faceCenterPointY: 70
headPositionsX: [ 253, 257, 254, 257, 255, 256, 255, 254, 258, 257, 256,
    256, 257, 255, 258, 257, 256, 256, 253, 256, 252, 255, 254, 253, 256,
    256, 254, 258, 256, 257, 255, 258, 255, 253, 254, 254, 255, 255, 254,
    257, 252, 253, 254, 255, 254, 255, 251, 256, 257, 253, 255, 256, 256,
    255, 254, 256, 256, 255, 255, 256, 256, 255, 254, 254, 252, 254, 257,
    256, 256, 254, 254, 255, 255, 256, 257, 255, 253, 255, 253, 255, 257,
    256, 253, 256, 257, 251, 256, 254, 256, 257, 253, 253, 255, 253, 257,
    254, 252, 256, 256, 256 ]
headPositionsY: [ 68, 81, 82, 85, 82, 84, 84, 82, 85, 81, 82, 81, 83, 85,
    84, 82, 81, 82, 82, 84, 82, 85, 82, 80, 81, 81, 81, 79, 78, 75, 74,
    70, 72, 72, 70, 71, 72, 69, 68, 72, 68, 71, 69, 70, 72, 70, 65, 67,
    70, 70, 67, 70, 67, 67, 69, 69, 69, 70, 71, 68, 68, 68, 70, 70, 70,
    71, 71, 69, 71, 71, 66, 69, 69, 70, 67, 67, 70, 72, 67, 70, 68, 70,
    71, 71, 69, 69, 70, 68, 69, 69, 69, 71, 70, 68, 67, 71, 70, 70, 71,
    67 ]
