%YAML:1.0
---
videoName: "headNod2.mp4"
gestureLabel: 202
fps: 29
pixelSizeInCmTemp: 3.2364864864864862e-01
faceCenterPointX: 263
faceCenterPointY: 70
headPositionsX: [ 265, 263, 260, 261, 264, 263, 265, 262, 265, 262, 264,
    264, 265, 265, 262, 262, 263, 263, 262, 262, 263, 265, 263, 262, 261,
    262, 264, 264, 262, 264, 264, 263, 263, 264, 263, 262, 263, 264, 264,
    259, 264, 262, 263, 263, 264, 263, 260, 260, 262, 265, 260, 262, 262,
    263, 263, 263, 265, 262, 260, 260, 264, 262, 264, 261, 261, 261, 263,
    262, 265, 260, 261, 263, 263, 263, 264, 262, 265, 261, 261, 264, 264,
    262, 262, 265, 260, 261, 264, 263, 264, 265, 262, 265, 261, 263, 263,
    266, 264, 265, 265, 264 ]
headPositionsY: [ 71, 73, 74, 75, 75, 73, 77, 76, 77, 75, 75, 76, 75, 77,
    73, 78, 76, 74, 73, 73, 75, 76, 77, 75, 73, 75, 74, 72, 76, 74, 75,
    74, 76, 76, 72, 73, 74, 74, 72, 76, 75, 72, 76, 74, 75, 75, 76, 75,
    72, 72, 71, 71, 68, 74, 73, 78, 79, 78, 74, 71, 72, 70, 70, 72, 74,
    73, 74, 70, 72, 72, 68, 74, 73, 76, 76, 77, 74, 71, 71, 71, 72, 76,
    77, 76, 74, 74, 74, 73, 68, 70, 73, 71, 73, 70, 72, 70, 72, 68, 68,
    71 ]
