%YAML:1.0
---
videoName: "headNod30.mp4"
gestureLabel: 202
fps: 29
pixelSizeInCmTemp: 3.2364864864864862e-01
faceCenterPointX: 271
faceCenterPointY: 72
headPositionsX: [ 273, 270, 272, 270, 274, 273, 270, 273, 270, 271, 274,
    270, 270, 270, 273, 273, 270, 272, 270, 272, 274, 272, 270, 270, 271,
    274, 273, 273, 272, 270, 274, 274, 271, 272, 269, 270, 272, 270, 268,
    271, 270, 272, 269, 269, 268, 269, 268, 268, 268, 269, 270, 268, 270,
    271, 269, 270, 271, 271, 271, 269, 271, 270, 272, 273, 272, 273, 271,
    273, 270, 270, 269, 274, 270, 274, 272, 271, 270, 272, 271, 270, 271,
    273, 270, 272, 269, 273, 271, 271, 271, 273, 273, 271, 273, 273, 270,
    270, 272, 272, 271, 272 ]
headPositionsY: [ 70, 74, 76, 77, 75, 76, 77, 78, 76, 76, 74, 74, 74, 77,
    77, 78, 78, 73, 76, 75, 76, 75, 72, 71, 68, 65, 65, 68, 67, 72, 71,
    76, 76, 81, 81, 79, 79, 80, 75, 71, 71, 73, 69, 72, 75, 74, 79, 82,
    80, 80, 75, 73, 72, 74, 71, 71, 71, 72, 71, 75, 76, 74, 74, 76, 76,
    73, 72, 69, 70, 71, 70, 69, 69, 72, 75, 73, 75, 76, 72, 70, 70, 69,
    71, 71, 71, 70, 73, 70, 72, 72, 73, 73, 73, 74, 74, 73, 73, 75, 71,
    73 ]
