%YAML:1.0
---
videoName: "headNod2.mp4"
gestureLabel: 202
fps: 29
pixelSizeInCmTemp: 3.2364864864864862e-01
faceCenterPointX: 263
faceCenterPointY: 70
headPositionsX: [ 264, 260, 263, 262, 263, 260, 262, 263, 263, 265, 262,
    262, 265, 265, 265, 263, 266, 263, 264, 262, 266, 261, 265, 264, 263,
    265, 263, 260, 262, 262, 263, 262, 263, 264, 262, 260, 264, 262, 261,
    259, 264, 260, 260, 264, 264, 263, 264, 264, 263, 262, 263, 261, 264,
    260, 261, 260, 265, 261, 262, 259, 260, 261, 264, 260, 264, 262, 264,
    262, 263, 264, 262, 263, 264, 261, 262, 262, 262, 264, 265, 264, 265,
    265, 263, 264, 260, 265, 262, 261, 265, 265, 262, 263, 264, 262, 265,
    262, 263, 264, 265, 263 ]
headPositionsY: [ 70, 77, 74, 75, 75, 77, 77, 74, 76, 77, 75, 76, 77, 75,
    74, 76, 74, 73, 76, 74, 76, 75, 75, 76, 75, 75, 75, 76, 74, 72, 72,
    76, 72, 72, 73, 72, 74, 76, 72, 76, 74, 73, 75, 72, 74, 72, 74, 74,
    72, 74, 70, 72, 72, 74, 75, 77, 77, 76, 77, 71, 73, 74, 71, 76, 76,
    77, 75, 73, 71, 68, 71, 71, 76, 78, 73, 76, 72, 72, 73, 72, 73, 73,
    73, 77, 75, 75, 71, 69, 71, 72, 72, 71, 70, 72, 73, 70, 72, 71, 69,
    69 ]
