%YAML:1.0
---
videoName: "headLookDown9.mp4"
gestureLabel: 206
fps: 29
pixelSizeInCmTemp: 3.5220588235294115e-01
faceCenterPointX: 274
faceCenterPointY: 97
headPositionsX: [ 273, 273, 271, 274, 273, 272, 275, 271, 272, 273, 272,
    271, 272, 274, 271, 274, 273, 272, 270, 274, 271, 272, 275, 275, 273,
    273, 275, 273, 271, 270, 272, 273, 271, 273, 271, 274, 274, 274, 274,
    272, 272, 272, 273, 272, 271, 274, 271, 274, 271, 274, 270, 270, 273,
    273, 275, 272, 275, 269, 274, 275, 272, 274, 271, 270, 270, 271, 270,
    271, 273, 269, 273, 271, 275, 273, 273, 275, 272, 273, 272, 274, 270,
    271, 270, 272, 273, 275, 275, 274, 273, 271, 274, 275, 274, 275, 272,
    274, 275, 271, 271, 272 ]
headPositionsY: [ 97, 81, 83, 80, 79, 81, 79, 79, 83, 81, 84, 78, 80, 78,
    81, 79, 82, 79, 80, 79, 78, 78, 80, 80, 81, 82, 82, 83, 78, 83, 81,
    82, 81, 84, 84, 85, 85, 84, 85, 86, 88, 92, 90, 90, 91, 91, 94, 97,
    96, 96, 98, 100, 100, 100, 100, 97, 98, 100, 97, 99, 98, 99, 100, 97,
    100, 97, 95, 99, 96, 99, 97, 96, 97, 97, 97, 94, 95, 96, 97, 97, 95,
    98, 96, 99, 99, 98, 98, 99, 98, 97, 97, 95, 96, 96, 95, 98, 97, 97,
    96, 94 ]
