%YAML:1.0
---
videoName: "headShake44.mp4"
gestureLabel: 201
fps: 30
pixelSizeInCmTemp: 3.2808219178082193e-01
faceCenterPointX: 260
faceCenterPointY: 84
headPositionsX: [ 262, 261, 259, 259, 260, 263, 258, 260, 261, 262, 264,
    263, 260, 262, 262, 260, 260, 263, 263, 262, 260, 260, 260, 262, 262,
    260, 263, 262, 262, 259, 261, 263, 259, 260, 260, 259, 261, 260, 262,
    262, 264, 269, 274, 276, 273, 276, 273, 266, 262, 255, 251, 249, 249,
    254, 255, 263, 265, 271, 272, 268, 266, 261, 257, 256, 252, 258, 257,
    263, 267, 269, 270, 269, 268, 263, 257, 255, 251, 253, 253, 257, 256,
    260, 260, 264, 263, 261, 260, 263, 262, 263, 263, 259, 259, 263, 258,
    262, 258, 261, 261, 259 ]
headPositionsY: [ 83, 81, 82, 81, 84, 84, 81, 85, 81, 84, 84, 82, 82, 82,
    82, 84, 81, 84, 83, 81, 84, 82, 83, 83, 82, 82, 81, 82, 83, 80, 81,
    83, 83, 83, 84, 84, 81, 84, 84, 85, 83, 85, 80, 83, 83, 80, 83, 86,
    82, 82, 86, 82, 84, 84, 83, 83, 85, 81, 85, 84, 86, 84, 84, 83, 85,
    82, 85, 82, 83, 83, 84, 85, 84, 86, 81, 81, 85, 83, 82, 86, 83, 85,
    86, 86, 81, 84, 84, 86, 83, 84, 84, 86, 86, 85, 83, 86, 86, 88, 86,
    85 ]
