%YAML:1.0
---
videoName: "headNod15.mp4"
gestureLabel: 202
fps: 29
pixelSizeInCmTemp: 3.1933333333333330e-01
faceCenterPointX: 255
faceCenterPointY: 74
headPositionsX: [ 253, 255, 259, 257, 258, 257, 258, 259, 257, 258, 255,
    255, 256, 257, 257, 257, 256, 254, 255, 254, 256, 257, 255, 258, 254,
    256, 254, 254, 257, 256, 254, 257, 258, 252, 257, 256, 257, 254, 254,
    257, 255, 257, 255, 253, 256, 252, 257, 257, 256, 254, 254, 257, 254,
    254, 253, 256, 254, 254, 253, 254, 253, 254, 253, 254, 254, 254, 258,
    256, 257, 257, 256, 256, 256, 253, 252, 251, 255, 251, 253, 255, 251,
    251, 255, 255, 252, 255, 252, 253, 252, 257, 256, 254, 251, 253, 253,
    254, 255, 254, 256, 253 ]
headPositionsY: [ 75, 73, 76, 72, 75, 76, 73, 71, 71, 74, 74, 76, 75, 73,
    73, 76, 72, 72, 73, 72, 75, 72, 71, 74, 73, 73, 73, 75, 76, 75, 71,
    72, 74, 71, 76, 77, 79, 77, 78, 83, 80, 81, 81, 75, 76, 71, 72, 70,
    70, 74, 78, 79, 80, 83, 81, 78, 76, 70, 69, 68, 70, 73, 76, 78, 80,
    81, 81, 81, 81, 78, 75, 71, 69, 71, 71, 73, 74, 80, 76, 76, 75, 72,
    70, 70, 70, 70, 70, 70, 71, 75, 72, 73, 71, 72, 74, 72, 71, 74, 75,
    71 ]
