%YAML:1.0
---
videoName: "headShake17.mp4"
gestureLabel: 201
fps: 29
pixelSizeInCmTemp: 3.3263888888888887e-01
faceCenterPointX: 242
faceCenterPointY: 76
headPositionsX: [ 242, 241, 236, 236, 235, 239, 238, 241, 247, 247, 249,
    256, 260, 259, 257, 257, 255, 251, 245, 241, 234, 232, 227, 227, 225,
    228, 229, 232, 234, 238, 245, 246, 252, 250, 252, 253, 252, 253, 248,
    247, 241, 240, 236, 236, 231, 231, 229, 231, 235, 236, 239, 242, 243,
    243, 243, 245, 245, 243, 243, 241, 243, 242, 242, 240, 237, 241, 240,
    239, 241, 239, 241, 242, 239, 241, 242, 241, 240, 241, 241, 241, 240,
    242, 240, 241, 241, 243, 242, 243, 240, 241, 239, 240, 243, 242, 239,
    239, 242, 242, 242, 239 ]
headPositionsY: [ 77, 76, 73, 78, 75, 74, 74, 76, 74, 73, 74, 75, 73, 75,
    75, 76, 75, 77, 77, 76, 75, 79, 77, 77, 75, 75, 76, 78, 78, 78, 75,
    74, 77, 75, 75, 72, 77, 76, 74, 78, 77, 79, 77, 75, 74, 77, 75, 75,
    77, 78, 76, 75, 75, 77, 79, 76, 77, 75, 78, 75, 77, 78, 76, 77, 75,
    76, 76, 74, 74, 76, 74, 78, 75, 77, 74, 78, 77, 77, 78, 75, 75, 76,
    79, 75, 75, 77, 75, 76, 74, 76, 74, 76, 74, 75, 74, 76, 78, 77, 75,
    77 ]
