%YAML:1.0
---
videoName: "headShake43.mp4"
gestureLabel: 201
fps: 29
pixelSizeInCmTemp: 3.2808219178082193e-01
faceCenterPointX: 257
faceCenterPointY: 84
headPositionsX: [ 259, 261, 260, 258, 261, 260, 258, 262, 261, 259, 263,
    261, 259, 258, 262, 258, 261, 262, 261, 258, 260, 260, 262, 259, 262,
    261, 263, 265, 270, 268, 270, 275, 277, 279, 280, 282, 280, 279, 277,
    277, 269, 268, 260, 256, 251, 249, 242, 245, 241, 244, 246, 254, 258,
    261, 268, 269, 271, 275, 275, 273, 270, 266, 261, 258, 251, 246, 244,
    242, 244, 246, 247, 249, 254, 258, 264, 268, 268, 270, 270, 267, 267,
    265, 267, 262, 261, 262, 262, 258, 260, 258, 258, 258, 259, 259, 257,
    255, 257, 258, 259, 256 ]
headPositionsY: [ 86, 83, 87, 86, 86, 83, 84, 84, 86, 85, 88, 86, 86, 87,
    87, 83, 85, 84, 86, 86, 86, 88, 85, 87, 83, 85, 82, 86, 84, 82, 85,
    81, 84, 83, 81, 83, 83, 81, 81, 82, 85, 87, 86, 86, 83, 84, 81, 85,
    82, 83, 85, 83, 85, 87, 84, 84, 83, 81, 82, 84, 81, 86, 83, 84, 83,
    82, 82, 82, 84, 82, 86, 87, 84, 87, 84, 84, 81, 82, 82, 85, 83, 85,
    86, 86, 85, 87, 85, 85, 82, 83, 85, 83, 81, 83, 84, 82, 83, 82, 82,
    85 ]
