%YAML:1.0
---
videoName: "headLookUp3.mp4"
gestureLabel: 205
fps: 29
pixelSizeInCmTemp: 3.7421874999999999e-01
faceCenterPointX: 254
faceCenterPointY: 68
headPositionsX: [ 254, 256, 254, 253, 253, 256, 256, 254, 253, 256, 256,
    253, 254, 255, 258, 258, 256, 259, 259, 255, 259, 255, 256, 257, 258,
    257, 258, 255, 256, 257, 258, 257, 259, 257, 257, 256, 254, 258, 257,
    257, 257, 258, 253, 254, 254, 254, 254, 254, 255, 258, 255, 258, 255,
    256, 254, 255, 253, 257, 252, 255, 256, 256, 252, 257, 256, 253, 254,
    255, 254, 255, 254, 254, 253, 258, 253, 257, 253, 253, 256, 257, 258,
    254, 254, 255, 256, 253, 258, 255, 257, 254, 258, 258, 255, 256, 256,
    253, 255, 258, 255, 255 ]
headPositionsY: [ 66, 85, 85, 83, 80, 83, 81, 82, 81, 81, 82, 81, 83, 81,
    84, 84, 80, 84, 80, 80, 83, 82, 83, 83, 82, 82, 83, 81, 80, 83, 84,
    82, 81, 81, 81, 82, 82, 80, 79, 80, 82, 78, 76, 73, 75, 70, 73, 69,
    71, 68, 65, 69, 68, 70, 66, 68, 71, 68, 67, 68, 64, 68, 66, 69, 68,
    66, 66, 68, 66, 67, 67, 66, 66, 67, 68, 66, 68, 66, 66, 69, 67, 69,
    70, 66, 67, 65, 69, 70, 67, 70, 68, 68, 67, 70, 69, 67, 68, 67, 70,
    65 ]
