%YAML:1.0
---
videoName: "headShake49.mp4"
gestureLabel: 201
fps: 30
pixelSizeInCmTemp: 2.8855421686746985e-01
faceCenterPointX: 259
faceCenterPointY: 84
headPositionsX: [ 260, 260, 261, 260, 261, 260, 260, 258, 260, 260, 259,
    259, 260, 261, 262, 262, 263, 260, 263, 259, 263, 260, 258, 261, 260,
    260, 262, 261, 263, 263, 262, 260, 263, 266, 269, 275, 277, 280, 283,
    286, 281, 276, 270, 268, 259, 252, 249, 247, 251, 256, 261, 268, 271,
    272, 272, 269, 262, 256, 252, 249, 248, 249, 254, 261, 266, 268, 271,
    266, 262, 260, 257, 253, 255, 254, 255, 260, 266, 270, 272, 267, 268,
    265, 260, 259, 260, 255, 259, 259, 259, 259, 258, 259, 258, 261, 258,
    257, 258, 261, 261, 258 ]
headPositionsY: [ 84, 83, 82, 78, 82, 82, 79, 82, 80, 82, 79, 80, 79, 79,
    80, 82, 82, 80, 83, 79, 79, 82, 80, 80, 78, 81, 78, 83, 83, 78, 80,
    79, 83, 83, 82, 80, 79, 81, 80, 79, 78, 81, 80, 85, 85, 82, 84, 84,
    81, 85, 85, 84, 85, 84, 86, 83, 84, 84, 86, 83, 84, 84, 84, 83, 83,
    85, 86, 84, 84, 86, 84, 83, 85, 86, 83, 82, 85, 85, 82, 86, 86, 87,
    85, 84, 82, 85, 87, 84, 83, 86, 85, 82, 82, 87, 82, 85, 84, 83, 86,
    84 ]
