%YAML:1.0
---
videoName: "headNod36.mp4"
gestureLabel: 202
fps: 29
pixelSizeInCmTemp: 2.8176470588235292e-01
faceCenterPointX: 269
faceCenterPointY: 75
headPositionsX: [ 268, 270, 271, 271, 270, 269, 272, 271, 270, 273, 270,
    270, 268, 268, 270, 268, 270, 271, 269, 272, 272, 268, 272, 273, 269,
    272, 270, 268, 269, 269, 271, 270, 272, 271, 272, 268, 270, 267, 266,
    267, 266, 267, 270, 272, 270, 269, 271, 271, 270, 273, 271, 269, 273,
    272, 272, 272, 269, 269, 267, 271, 269, 269, 267, 270, 270, 268, 266,
    265, 266, 268, 268, 266, 267, 266, 265, 267, 268, 267, 268, 266, 269,
    267, 271, 267, 267, 267, 267, 271, 271, 269, 270, 268, 269, 266, 267,
    268, 270, 272, 266, 269 ]
headPositionsY: [ 74, 74, 73, 76, 73, 76, 74, 73, 75, 76, 74, 74, 76, 76,
    72, 76, 72, 76, 76, 75, 80, 80, 80, 81, 77, 76, 66, 69, 68, 65, 62,
    64, 69, 72, 77, 85, 87, 91, 91, 85, 86, 81, 74, 75, 74, 70, 67, 66,
    67, 70, 71, 74, 76, 82, 82, 86, 86, 85, 82, 81, 77, 78, 75, 75, 72,
    73, 74, 75, 81, 81, 86, 83, 79, 76, 78, 73, 75, 75, 77, 81, 83, 81,
    86, 85, 85, 85, 82, 81, 80, 76, 78, 77, 76, 75, 76, 75, 75, 75, 77,
    74 ]
