%YAML:1.0
---
videoName: "headLookDown3.mp4"
gestureLabel: 206
fps: 29
pixelSizeInCmTemp: 3.5746268656716418e-01
faceCenterPointX: 273
faceCenterPointY: 98
headPositionsX: [ 271, 271, 272, 272, 274, 270, 274, 273, 274, 271, 274,
    274, 270, 273, 274, 271, 272, 272, 274, 275, 271, 273, 273, 272, 272,
    271, 273, 274, 273, 272, 273, 275, 274, 270, 271, 270, 273, 272, 273,
    271, 273, 270, 270, 272, 272, 273, 270, 271, 274, 272, 272, 272, 273,
    274, 274, 271, 273, 272, 273, 273, 273, 273, 269, 271, 270, 272, 269,
    270, 271, 272, 272, 272, 271, 270, 273, 269, 271, 274, 273, 274, 273,
    272, 270, 273, 272, 272, 273, 271, 273, 273, 272, 271, 274, 274, 272,
    274, 275, 272, 273, 275 ]
headPositionsY: [ 97, 78, 76, 76, 79, 78, 79, 79, 76, 77, 80, 76, 80, 76,
    80, 76, 76, 79, 80, 78, 77, 79, 76, 79, 80, 77, 78, 81, 77, 78, 79,
    79, 78, 78, 78, 78, 80, 82, 79, 83, 82, 82, 82, 82, 88, 87, 84, 91,
    88, 90, 92, 92, 92, 92, 94, 96, 97, 98, 99, 98, 97, 100, 97, 96, 100,
    101, 99, 99, 100, 101, 101, 101, 100, 101, 100, 100, 101, 103, 101,
    99, 102, 100, 100, 103, 103, 103, 99, 98, 102, 100, 102, 103, 103,
    98, 104, 98, 100, 98, 98, 102 ]
