%YAML:1.0
---
videoName: "headShake31.mp4"
gestureLabel: 201
fps: 29
pixelSizeInCmTemp: 3.2808219178082193e-01
faceCenterPointX: 236
faceCenterPointY: 68
headPositionsX: [ 238, 238, 239, 235, 236, 237, 236, 236, 239, 239, 238,
    234, 236, 235, 236, 237, 236, 239, 238, 234, 234, 237, 239, 236, 234,
    237, 235, 236, 236, 235, 235, 236, 237, 239, 237, 235, 233, 236, 242,
    247, 248, 251, 251, 251, 253, 250, 245, 238, 233, 227, 221, 221, 222,
    222, 226, 233, 237, 242, 248, 248, 247, 244, 239, 237, 232, 232, 228,
    229, 228, 230, 234, 237, 238, 242, 243, 243, 242, 243, 240, 240, 237,
    235, 237, 237, 236, 236, 233, 236, 235, 237, 236, 237, 237, 233, 236,
    234, 234, 236, 238, 237 ]
headPositionsY: [ 66, 64, 67, 68, 65, 68, 68, 70, 65, 69, 65, 64, 66, 67,
    65, 68, 67, 70, 70, 66, 69, 67, 66, 67, 65, 68, 66, 65, 67, 68, 66,
    65, 68, 68, 68, 66, 67, 65, 65, 67, 67, 65, 65, 64, 68, 65, 68, 69,
    69, 69, 67, 66, 68, 71, 71, 68, 68, 69, 71, 67, 69, 71, 70, 71, 67,
    69, 68, 67, 70, 71, 71, 68, 68, 69, 71, 69, 66, 69, 67, 68, 70, 67,
    69, 67, 68, 68, 66, 69, 69, 69, 70, 68, 70, 66, 66, 70, 69, 68, 70,
    71 ]
