%YAML:1.0
---
videoName: "headNod31.mp4"
gestureLabel: 202
fps: 29
pixelSizeInCmTemp: 2.8855421686746985e-01
faceCenterPointX: 267
faceCenterPointY: 75
headPositionsX: [ 267, 270, 268, 272, 272, 272, 269, 270, 270, 270, 271,
    269, 269, 269, 268, 271, 269, 269, 269, 269, 268, 265, 266, 264, 268,
    267, 266, 267, 268, 270, 269, 270, 271, 270, 267, 267, 268, 271, 266,
    269, 266, 266, 268, 265, 267, 269, 268, 265, 269, 265, 267, 265, 265,
    265, 268, 263, 268, 268, 268, 268, 266, 265, 266, 268, 267, 269, 265,
    266, 269, 268, 265, 268, 267, 267, 268, 266, 265, 266, 268, 268, 267,
    264, 263, 268, 269, 266, 267, 266, 265, 268, 266, 268, 268, 269, 265,
    266, 268, 266, 266, 264 ]
headPositionsY: [ 77, 76, 76, 76, 73, 75, 76, 69, 65, 68, 65, 68, 65, 67,
    74, 80, 81, 87, 88, 87, 87, 82, 83, 76, 75, 74, 72, 72, 68, 66, 71,
    69, 75, 75, 76, 82, 86, 85, 88, 85, 84, 81, 80, 79, 76, 72, 75, 73,
    77, 79, 79, 83, 84, 84, 83, 80, 79, 77, 74, 73, 69, 70, 70, 69, 70,
    74, 75, 77, 81, 82, 79, 79, 78, 74, 73, 71, 70, 72, 69, 74, 75, 73,
    75, 76, 75, 77, 77, 77, 76, 76, 73, 73, 72, 73, 73, 77, 76, 76, 76,
    75 ]
