%YAML:1.0
---
videoName: "headShake2.mp4"
gestureLabel: 201
fps: 29
pixelSizeInCmTemp: 3.4214285714285714e-01
faceCenterPointX: 276
faceCenterPointY: 98
headPositionsX: [ 274, 277, 276, 277, 276, 277, 279, 278, 276, 279, 276,
    275, 278, 278, 278, 279, 277, 279, 276, 276, 275, 275, 279, 278, 276,
    276, 279, 279, 277, 276, 275, 280, 278, 278, 276, 278, 274, 277, 279,
    275, 276, 277, 278, 285, 285, 288, 293, 296, 293, 296, 291, 287, 282,
    276, 274, 267, 267, 265, 267, 268, 271, 279, 281, 288, 291, 291, 289,
    288, 283, 279, 273, 270, 268, 268, 269, 269, 273, 281, 282, 286, 288,
    287, 286, 286, 284, 281, 279, 279, 278, 276, 274, 273, 275, 276, 275,
    277, 273, 275, 277, 276 ]
headPositionsY: [ 98, 97, 99, 99, 98, 97, 96, 97, 96, 96, 100, 98, 101,
    98, 96, 99, 99, 98, 100, 100, 98, 97, 101, 97, 97, 99, 99, 99, 99,
    97, 100, 98, 97, 98, 99, 101, 98, 97, 98, 101, 99, 97, 98, 98, 96,
    95, 97, 95, 95, 95, 98, 95, 98, 98, 98, 95, 97, 100, 97, 99, 98, 99,
    96, 97, 96, 95, 95, 97, 98, 97, 97, 99, 96, 97, 100, 98, 98, 99, 99,
    98, 97, 95, 96, 101, 100, 99, 101, 97, 100, 99, 97, 99, 98, 99, 99,
    99, 100, 100, 99, 101 ]
