%YAML:1.0
---
videoName: "headNod4.mp4"
gestureLabel: 202
fps: 29
pixelSizeInCmTemp: 3.2808219178082193e-01
faceCenterPointX: 264
faceCenterPointY: 72
headPositionsX: [ 264, 268, 270, 271, 271, 270, 269, 268, 270, 269, 268,
    267, 270, 270, 268, 268, 266, 271, 269, 270, 270, 267, 266, 268, 267,
    269, 270, 270, 267, 266, 265, 265, 267, 265, 265, 266, 268, 265, 267,
    269, 267, 270, 264, 269, 267, 269, 266, 268, 270, 267, 266, 270, 269,
    269, 267, 268, 264, 268, 268, 267, 267, 265, 266, 265, 263, 265, 265,
    265, 267, 263, 266, 264, 264, 264, 266, 263, 265, 266, 265, 265, 265,
    266, 265, 262, 264, 266, 266, 265, 266, 267, 265, 264, 266, 263, 265,
    264, 265, 266, 264, 267 ]
headPositionsY: [ 70, 73, 75, 73, 72, 74, 72, 76, 75, 75, 74, 74, 77, 74,
    75, 76, 73, 77, 76, 75, 73, 76, 72, 75, 71, 77, 73, 74, 75, 73, 76,
    73, 74, 75, 76, 74, 74, 76, 75, 74, 74, 75, 75, 76, 70, 68, 69, 65,
    68, 65, 65, 67, 71, 76, 78, 81, 80, 80, 80, 78, 74, 73, 70, 67, 71,
    70, 72, 77, 81, 81, 84, 79, 81, 76, 77, 74, 69, 68, 68, 67, 67, 73,
    73, 78, 77, 83, 84, 82, 82, 83, 83, 78, 81, 76, 75, 76, 74, 75, 73,
    76 ]
