%YAML:1.0
---
videoName: "headNod35.mp4"
gestureLabel: 202
fps: 30
pixelSizeInCmTemp: 2.9937500000000000e-01
faceCenterPointX: 268
faceCenterPointY: 78
headPositionsX: [ 266, 266, 267, 269, 271, 267, 269, 268, 268, 270, 272,
    270, 272, 269, 272, 271, 270, 271, 269, 269, 267, 270, 268, 272, 271,
    271, 268, 271, 270, 271, 271, 271, 271, 268, 268, 272, 271, 271, 268,
    267, 270, 266, 267, 267, 269, 266, 267, 268, 271, 270, 272, 271, 271,
    267, 270, 267, 269, 270, 269, 266, 270, 269, 268, 270, 271, 270, 270,
    268, 267, 268, 271, 269, 270, 268, 268, 266, 269, 269, 271, 271, 266,
    266, 265, 269, 265, 265, 265, 269, 267, 265, 265, 268, 269, 266, 266,
    268, 266, 266, 267, 266 ]
headPositionsY: [ 78, 78, 74, 76, 73, 74, 74, 76, 77, 77, 77, 78, 79, 78,
    75, 78, 77, 76, 78, 77, 79, 74, 78, 76, 78, 75, 78, 72, 70, 67, 69,
    69, 71, 69, 72, 78, 79, 82, 91, 94, 91, 89, 87, 86, 78, 75, 73, 73,
    72, 77, 77, 79, 83, 86, 87, 91, 86, 86, 83, 83, 73, 74, 73, 74, 75,
    77, 76, 79, 85, 88, 85, 86, 81, 80, 74, 76, 76, 72, 76, 79, 83, 83,
    87, 88, 85, 85, 85, 83, 83, 78, 78, 78, 81, 80, 77, 76, 80, 77, 79,
    79 ]
