%YAML:1.0
---
videoName: "headNod16.mp4"
gestureLabel: 202
fps: 29
pixelSizeInCmTemp: 3.3263888888888887e-01
faceCenterPointX: 255
faceCenterPointY: 77
headPositionsX: [ 254, 260, 260, 259, 257, 259, 258, 259, 258, 257, 261,
    259, 260, 259, 260, 257, 259, 259, 259, 260, 259, 260, 261, 260, 257,
    258, 261, 261, 259, 258, 257, 259, 261, 259, 259, 260, 259, 258, 260,
    260, 261, 261, 257, 262, 261, 260, 257, 259, 257, 258, 257, 259, 257,
    256, 257, 256, 257, 258, 259, 257, 257, 258, 255, 258, 255, 253, 256,
    253, 257, 255, 255, 256, 253, 254, 257, 255, 255, 256, 257, 256, 256,
    255, 254, 255, 255, 257, 253, 253, 257, 254, 253, 258, 257, 257, 256,
    257, 255, 253, 256, 255 ]
headPositionsY: [ 78, 74, 74, 74, 76, 73, 73, 74, 77, 74, 77, 78, 76, 72,
    75, 76, 76, 72, 74, 75, 73, 72, 76, 73, 78, 74, 77, 73, 72, 75, 74,
    74, 76, 73, 75, 71, 72, 69, 70, 69, 68, 69, 69, 73, 77, 77, 80, 84,
    82, 77, 77, 75, 70, 70, 68, 70, 73, 76, 78, 82, 81, 85, 79, 80, 77,
    77, 72, 72, 70, 72, 71, 74, 73, 79, 80, 77, 82, 79, 73, 73, 71, 68,
    71, 69, 74, 75, 77, 80, 77, 79, 75, 78, 78, 75, 77, 76, 76, 78, 77,
    79 ]
