%YAML:1.0
---
videoName: "headLookLeft8.mp4"
gestureLabel: 203
fps: 29
pixelSizeInCmTemp: 3.6287878787878786e-01
faceCenterPointX: 273
faceCenterPointY: 69
headPositionsX: [ 272, 241, 241, 239, 239, 239, 242, 241, 243, 243, 240,
    243, 242, 241, 241, 243, 243, 247, 247, 246, 247, 249, 246, 247, 247,
    246, 247, 246, 246, 248, 244, 246, 247, 245, 245, 246, 247, 244, 247,
    246, 245, 247, 245, 245, 246, 246, 248, 245, 248, 246, 244, 245, 250,
    247, 248, 252, 254, 258, 258, 260, 263, 265, 270, 272, 270, 275, 274,
    281, 282, 276, 279, 275, 278, 275, 277, 276, 273, 274, 275, 281, 280,
    277, 277, 271, 271, 274, 280, 279, 274, 273, 277, 277, 273, 277, 274,
    272, 276, 277, 271, 269 ]
headPositionsY: [ 71, 68, 69, 65, 65, 68, 66, 68, 70, 66, 70, 69, 70, 67,
    70, 66, 68, 68, 71, 71, 69, 70, 68, 71, 69, 71, 72, 71, 70, 73, 69,
    73, 74, 74, 71, 74, 69, 71, 74, 70, 72, 73, 70, 72, 71, 70, 74, 70,
    73, 73, 75, 75, 75, 71, 70, 73, 74, 70, 69, 68, 72, 72, 71, 72, 68,
    71, 68, 72, 71, 70, 70, 67, 69, 68, 68, 69, 69, 71, 71, 70, 69, 69,
    72, 71, 65, 71, 69, 68, 68, 68, 67, 69, 70, 69, 69, 70, 68, 67, 69,
    71 ]
