%YAML:1.0
---
videoName: "headShake41.mp4"
gestureLabel: 201
fps: 29
pixelSizeInCmTemp: 3.2364864864864862e-01
faceCenterPointX: 264
faceCenterPointY: 85
headPositionsX: [ 264, 260, 263, 262, 263, 259, 263, 262, 263, 262, 260,
    259, 260, 260, 259, 263, 261, 263, 263, 262, 264, 261, 264, 265, 267,
    271, 270, 271, 274, 275, 276, 280, 283, 284, 280, 283, 281, 279, 276,
    278, 272, 272, 266, 263, 257, 252, 252, 250, 244, 244, 243, 245, 245,
    247, 248, 251, 252, 251, 257, 259, 266, 269, 270, 273, 273, 275, 278,
    276, 276, 279, 279, 278, 276, 272, 270, 269, 267, 267, 265, 264, 266,
    264, 265, 263, 262, 265, 262, 263, 263, 261, 261, 265, 261, 265, 264,
    264, 264, 261, 265, 262 ]
headPositionsY: [ 84, 83, 81, 82, 84, 84, 84, 85, 86, 80, 85, 85, 81, 85,
    82, 85, 83, 82, 82, 85, 84, 86, 84, 86, 85, 83, 80, 83, 79, 80, 81,
    79, 80, 78, 82, 83, 82, 83, 85, 81, 85, 85, 83, 84, 81, 84, 82, 84,
    83, 84, 84, 83, 82, 85, 84, 85, 82, 83, 87, 84, 86, 83, 84, 84, 83,
    82, 85, 85, 84, 85, 84, 86, 83, 83, 87, 87, 87, 84, 86, 86, 85, 81,
    84, 86, 83, 85, 85, 86, 85, 83, 86, 87, 86, 83, 86, 83, 82, 85, 86,
    85 ]
