%YAML:1.0
---
videoName: "headShake29.mp4"
gestureLabel: 201
fps: 29
pixelSizeInCmTemp: 3.3263888888888887e-01
faceCenterPointX: 243
faceCenterPointY: 76
headPositionsX: [ 244, 241, 243, 242, 244, 242, 242, 241, 244, 242, 242,
    245, 245, 242, 241, 242, 245, 244, 244, 243, 243, 244, 242, 243, 242,
    240, 237, 236, 240, 241, 241, 246, 251, 251, 254, 257, 253, 253, 249,
    240, 238, 234, 232, 228, 229, 232, 231, 240, 240, 246, 249, 251, 250,
    252, 248, 245, 239, 239, 235, 230, 230, 228, 230, 235, 236, 241, 247,
    249, 249, 251, 253, 251, 249, 248, 243, 238, 238, 238, 235, 235, 236,
    236, 234, 237, 236, 238, 238, 240, 242, 240, 242, 245, 245, 245, 243,
    242, 242, 244, 240, 241 ]
headPositionsY: [ 78, 75, 77, 77, 74, 76, 76, 77, 78, 74, 78, 78, 77, 74,
    77, 78, 75, 74, 76, 77, 75, 79, 78, 76, 76, 76, 75, 77, 76, 77, 75,
    75, 78, 76, 76, 73, 73, 75, 73, 76, 77, 77, 73, 75, 74, 78, 75, 75,
    75, 76, 78, 74, 75, 77, 78, 76, 76, 75, 76, 79, 74, 76, 75, 74, 78,
    77, 75, 76, 76, 74, 75, 77, 74, 74, 78, 76, 75, 74, 76, 77, 76, 77,
    74, 77, 78, 75, 76, 77, 77, 77, 74, 77, 76, 75, 75, 78, 78, 74, 78,
    77 ]
