%YAML:1.0
---
videoName: "headNod17.mp4"
gestureLabel: 202
fps: 30
pixelSizeInCmTemp: 3.2808219178082193e-01
faceCenterPointX: 253
faceCenterPointY: 76
headPositionsX: [ 251, 254, 256, 255, 255, 257, 255, 255, 255, 257, 257,
    256, 256, 257, 255, 256, 257, 257, 254, 256, 253, 257, 256, 257, 257,
    253, 256, 254, 256, 257, 256, 256, 253, 255, 253, 254, 254, 255, 253,
    256, 254, 252, 251, 255, 253, 253, 254, 252, 251, 255, 252, 254, 253,
    254, 254, 253, 255, 256, 255, 257, 254, 254, 254, 257, 253, 256, 255,
    253, 255, 254, 253, 256, 252, 252, 254, 253, 255, 253, 251, 253, 253,
    255, 253, 255, 255, 254, 255, 254, 255, 256, 254, 256, 256, 252, 256,
    256, 256, 253, 255, 255 ]
headPositionsY: [ 75, 76, 76, 78, 76, 78, 78, 79, 74, 77, 79, 77, 76, 80,
    77, 80, 77, 76, 77, 77, 78, 78, 75, 71, 72, 69, 69, 69, 67, 69, 64,
    65, 70, 67, 71, 72, 69, 75, 76, 79, 79, 79, 81, 83, 85, 85, 81, 84,
    83, 80, 79, 75, 73, 74, 70, 69, 71, 70, 71, 69, 69, 70, 73, 75, 79,
    81, 83, 80, 78, 78, 76, 78, 76, 74, 77, 78, 77, 81, 80, 77, 76, 78,
    77, 73, 77, 78, 79, 79, 76, 79, 77, 78, 76, 76, 76, 74, 76, 75, 75,
    75 ]
