%YAML:1.0
---
videoName: "headNod42.mp4"
gestureLabel: 202
fps: 30
pixelSizeInCmTemp: 3.0316455696202532e-01
faceCenterPointX: 265
faceCenterPointY: 77
headPositionsX: [ 263, 268, 270, 269, 269, 270, 268, 268, 271, 268, 271,
    266, 268, 269, 266, 269, 272, 270, 269, 267, 269, 268, 269, 270, 269,
    270, 266, 266, 265, 267, 266, 265, 265, 264, 267, 267, 267, 265, 267,
    267, 265, 263, 265, 263, 263, 263, 265, 266, 264, 266, 264, 262, 263,
    263, 267, 266, 267, 265, 263, 263, 267, 266, 264, 264, 264, 264, 264,
    263, 265, 264, 266, 266, 266, 266, 263, 265, 265, 267, 265, 264, 268,
    267, 267, 267, 267, 266, 267, 265, 264, 263, 266, 267, 263, 268, 263,
    266, 266, 268, 266, 266 ]
headPositionsY: [ 77, 75, 73, 78, 78, 76, 76, 78, 77, 75, 75, 75, 74, 75,
    75, 67, 69, 67, 65, 66, 65, 70, 71, 72, 81, 82, 87, 93, 93, 92, 86,
    85, 79, 78, 74, 71, 67, 67, 68, 70, 77, 76, 81, 85, 85, 85, 82, 80,
    72, 71, 70, 69, 69, 71, 76, 78, 82, 82, 84, 83, 86, 84, 78, 76, 74,
    74, 72, 73, 72, 73, 75, 81, 81, 79, 82, 78, 74, 78, 78, 72, 72, 75,
    74, 79, 80, 78, 78, 81, 81, 80, 81, 80, 77, 77, 76, 77, 77, 78, 77,
    78 ]
