%YAML:1.0
---
videoName: "headLookLeft8.mp4"
gestureLabel: 203
fps: 29
pixelSizeInCmTemp: 3.6287878787878786e-01
faceCenterPointX: 273
faceCenterPointY: 69
headPositionsX: [ 271, 240, 241, 242, 240, 242, 239, 242, 242, 240, 241,
    242, 243, 243, 243, 243, 243, 245, 247, 246, 246, 247, 249, 247, 248,
    245, 246, 249, 246, 245, 246, 244, 245, 248, 247, 246, 244, 244, 248,
    246, 243, 244, 247, 247, 244, 247, 246, 245, 245, 246, 245, 248, 249,
    250, 248, 253, 254, 255, 260, 261, 261, 266, 266, 273, 268, 271, 275,
    282, 280, 276, 276, 276, 279, 275, 278, 275, 276, 275, 275, 278, 276,
    277, 276, 270, 273, 277, 277, 278, 273, 277, 277, 274, 275, 276, 275,
    271, 277, 276, 273, 273 ]
headPositionsY: [ 67, 69, 69, 66, 65, 66, 68, 68, 67, 69, 66, 69, 68, 66,
    67, 69, 66, 67, 67, 67, 71, 70, 71, 70, 71, 68, 70, 71, 69, 70, 70,
    72, 74, 70, 74, 70, 70, 70, 74, 74, 72, 70, 73, 71, 74, 73, 74, 71,
    73, 75, 73, 75, 73, 74, 71, 70, 74, 68, 70, 68, 70, 71, 67, 72, 70,
    68, 69, 72, 72, 68, 68, 69, 70, 72, 69, 70, 70, 68, 69, 72, 69, 71,
    68, 67, 65, 71, 71, 70, 70, 68, 69, 69, 68, 71, 70, 70, 71, 67, 69,
    71 ]
