%YAML:1.0
---
videoName: "headShake37.mp4"
gestureLabel: 201
fps: 30
pixelSizeInCmTemp: 3.1933333333333330e-01
faceCenterPointX: 263
faceCenterPointY: 83
headPositionsX: [ 261, 259, 263, 264, 261, 264, 261, 264, 262, 262, 264,
    261, 261, 264, 261, 260, 265, 264, 262, 263, 264, 262, 259, 263, 264,
    260, 262, 260, 263, 262, 263, 262, 259, 264, 261, 262, 261, 261, 264,
    261, 264, 262, 263, 263, 258, 260, 259, 262, 269, 269, 274, 279, 278,
    281, 281, 279, 271, 268, 258, 255, 253, 255, 256, 260, 261, 269, 272,
    270, 275, 273, 266, 267, 260, 259, 252, 252, 255, 253, 255, 255, 257,
    263, 262, 267, 267, 266, 265, 265, 264, 264, 266, 265, 263, 263, 260,
    261, 264, 261, 266, 264 ]
headPositionsY: [ 85, 80, 82, 86, 81, 85, 83, 84, 85, 82, 81, 82, 81, 83,
    82, 85, 82, 80, 85, 83, 85, 81, 84, 84, 85, 83, 81, 82, 85, 83, 81,
    86, 81, 82, 81, 84, 84, 82, 84, 83, 83, 82, 81, 85, 84, 83, 84, 83,
    82, 83, 82, 78, 79, 82, 82, 80, 82, 83, 80, 80, 81, 83, 82, 80, 81,
    82, 79, 80, 79, 81, 84, 85, 84, 85, 82, 81, 83, 81, 81, 84, 83, 84,
    84, 83, 81, 83, 85, 84, 82, 82, 85, 81, 82, 83, 81, 84, 85, 85, 81,
    83 ]
