%YAML:1.0
---
videoName: "headLookDown8.mp4"
gestureLabel: 206
fps: 29
pixelSizeInCmTemp: 3.3732394366197183e-01
faceCenterPointX: 276
faceCenterPointY: 96
headPositionsX: [ 274, 273, 274, 272, 275, 273, 277, 273, 275, 277, 276,
    275, 275, 274, 274, 277, 274, 274, 273, 274, 274, 272, 278, 276, 275,
    275, 277, 277, 273, 272, 275, 277, 272, 274, 272, 274, 273, 275, 274,
    274, 275, 274, 273, 273, 274, 273, 278, 276, 276, 274, 278, 274, 274,
    273, 278, 278, 274, 278, 274, 275, 278, 277, 278, 273, 276, 277, 274,
    276, 277, 275, 277, 277, 276, 278, 277, 277, 276, 275, 276, 278, 276,
    277, 275, 277, 274, 278, 276, 276, 277, 275, 275, 275, 275, 277, 278,
    277, 278, 276, 277, 278 ]
headPositionsY: [ 94, 79, 77, 78, 81, 80, 80, 81, 82, 82, 81, 78, 78, 81,
    78, 79, 80, 80, 78, 82, 78, 79, 77, 78, 80, 80, 80, 78, 81, 78, 80,
    78, 83, 81, 85, 85, 82, 85, 84, 85, 85, 88, 92, 89, 91, 91, 95, 92,
    95, 96, 96, 98, 99, 96, 97, 99, 99, 97, 99, 96, 96, 96, 96, 99, 98,
    97, 100, 96, 99, 99, 97, 96, 95, 97, 94, 97, 97, 97, 99, 95, 97, 95,
    95, 95, 97, 98, 95, 95, 95, 99, 96, 97, 99, 98, 94, 98, 94, 99, 94,
    97 ]
