%YAML:1.0
---
videoName: "headNod31.mp4"
gestureLabel: 202
fps: 29
pixelSizeInCmTemp: 2.8855421686746985e-01
faceCenterPointX: 267
faceCenterPointY: 75
headPositionsX: [ 266, 272, 268, 270, 269, 268, 271, 270, 268, 268, 272,
    272, 270, 271, 267, 271, 270, 269, 268, 268, 266, 264, 266, 264, 267,
    268, 268, 265, 267, 269, 266, 267, 272, 269, 267, 268, 267, 270, 266,
    268, 266, 265, 266, 269, 265, 269, 267, 267, 268, 265, 269, 265, 266,
    265, 268, 266, 269, 266, 265, 267, 268, 266, 266, 264, 268, 270, 266,
    267, 265, 265, 268, 265, 265, 268, 266, 267, 264, 266, 268, 267, 270,
    268, 266, 264, 268, 264, 264, 269, 265, 265, 265, 269, 266, 265, 265,
    267, 266, 267, 269, 264 ]
headPositionsY: [ 76, 72, 76, 76, 72, 72, 76, 68, 66, 65, 66, 67, 66, 65,
    77, 80, 80, 84, 84, 87, 83, 83, 80, 76, 73, 74, 73, 72, 66, 66, 69,
    67, 75, 76, 80, 81, 86, 88, 89, 86, 84, 83, 82, 75, 75, 74, 73, 76,
    77, 76, 79, 82, 84, 85, 84, 81, 80, 73, 72, 69, 69, 68, 67, 68, 73,
    73, 77, 77, 77, 79, 81, 78, 76, 75, 75, 73, 71, 73, 72, 73, 76, 74,
    73, 76, 77, 75, 77, 76, 75, 74, 76, 73, 73, 75, 77, 74, 76, 74, 76,
    75 ]
