%YAML:1.0
---
videoName: "headNod14.mp4"
gestureLabel: 202
fps: 29
pixelSizeInCmTemp: 3.2808219178082193e-01
faceCenterPointX: 257
faceCenterPointY: 71
headPositionsX: [ 259, 256, 259, 260, 259, 259, 260, 261, 259, 261, 258,
    260, 258, 259, 259, 260, 259, 260, 256, 256, 260, 256, 258, 258, 259,
    260, 258, 258, 257, 260, 259, 256, 260, 260, 260, 258, 259, 259, 258,
    258, 261, 258, 260, 256, 260, 258, 259, 261, 261, 259, 258, 260, 259,
    257, 257, 257, 257, 258, 257, 258, 261, 260, 257, 257, 260, 259, 257,
    257, 260, 256, 260, 258, 258, 258, 258, 257, 256, 259, 255, 259, 260,
    259, 256, 257, 259, 259, 258, 256, 258, 256, 257, 255, 256, 255, 257,
    255, 258, 256, 257, 257 ]
headPositionsY: [ 71, 79, 75, 75, 79, 74, 78, 77, 75, 75, 76, 76, 80, 75,
    77, 77, 74, 79, 77, 78, 79, 78, 75, 79, 79, 79, 77, 79, 77, 77, 80,
    77, 76, 77, 77, 76, 77, 77, 78, 76, 75, 71, 72, 69, 68, 70, 68, 73,
    71, 71, 73, 77, 82, 80, 84, 79, 81, 78, 75, 74, 72, 70, 71, 72, 70,
    70, 74, 78, 77, 81, 83, 82, 82, 75, 77, 72, 71, 68, 70, 69, 69, 72,
    73, 80, 79, 81, 78, 76, 76, 76, 73, 73, 71, 69, 69, 69, 70, 70, 72,
    72 ]
