%YAML:1.0
---
videoName: "headShake27.mp4"
gestureLabel: 201
fps: 29
pixelSizeInCmTemp: 3.3263888888888887e-01
faceCenterPointX: 244
faceCenterPointY: 78
headPositionsX: [ 246, 246, 247, 251, 250, 253, 254, 255, 255, 255, 256,
    257, 255, 254, 252, 248, 247, 244, 244, 243, 240, 239, 236, 238, 236,
    233, 233, 230, 229, 231, 232, 236, 236, 237, 240, 239, 238, 243, 244,
    248, 250, 246, 248, 250, 251, 248, 248, 249, 250, 248, 246, 243, 241,
    241, 238, 239, 236, 235, 236, 232, 233, 231, 232, 232, 237, 237, 234,
    240, 243, 240, 243, 245, 246, 248, 250, 247, 246, 246, 246, 246, 249,
    245, 247, 245, 245, 246, 244, 248, 243, 245, 247, 244, 244, 242, 246,
    243, 245, 242, 245, 242 ]
headPositionsY: [ 79, 77, 78, 77, 77, 77, 76, 74, 76, 74, 76, 77, 74, 76,
    78, 79, 79, 77, 76, 76, 81, 78, 79, 80, 76, 77, 77, 77, 76, 78, 80,
    81, 80, 77, 77, 77, 81, 80, 81, 79, 78, 78, 79, 77, 80, 81, 82, 78,
    79, 80, 81, 78, 80, 79, 78, 79, 78, 76, 77, 80, 78, 76, 80, 80, 77,
    77, 78, 77, 78, 79, 78, 82, 79, 78, 80, 78, 77, 80, 80, 78, 77, 81,
    81, 82, 81, 78, 78, 82, 77, 80, 82, 80, 77, 80, 80, 77, 81, 77, 80,
    81 ]
