%YAML:1.0
---
videoName: "headNod41.mp4"
gestureLabel: 202
fps: 29
pixelSizeInCmTemp: 2.9937500000000000e-01
faceCenterPointX: 267
faceCenterPointY: 76
headPositionsX: [ 265, 267, 269, 271, 270, 268, 268, 268, 268, 270, 271,
    268, 269, 270, 268, 270, 270, 271, 273, 271, 269, 273, 273, 270, 272,
    268, 268, 270, 270, 270, 270, 270, 271, 268, 267, 271, 271, 269, 272,
    270, 271, 272, 267, 271, 270, 269, 267, 270, 271, 268, 268, 268, 269,
    271, 269, 267, 267, 271, 271, 267, 269, 267, 267, 269, 266, 270, 269,
    268, 269, 266, 267, 269, 269, 268, 267, 267, 269, 265, 266, 267, 267,
    269, 266, 266, 266, 268, 266, 269, 270, 270, 270, 268, 266, 265, 267,
    269, 267, 268, 265, 269 ]
headPositionsY: [ 75, 69, 75, 75, 73, 71, 74, 71, 74, 71, 71, 72, 73, 72,
    76, 75, 72, 76, 74, 74, 76, 76, 76, 74, 74, 74, 76, 75, 76, 72, 73,
    74, 74, 72, 72, 72, 73, 76, 77, 79, 80, 82, 86, 88, 90, 93, 92, 86,
    84, 79, 78, 70, 70, 66, 63, 64, 66, 71, 72, 77, 81, 85, 92, 91, 90,
    92, 85, 79, 80, 73, 74, 73, 73, 73, 70, 77, 82, 84, 85, 82, 84, 78,
    76, 74, 72, 74, 74, 73, 74, 74, 77, 78, 77, 80, 77, 77, 78, 76, 75,
    75 ]
