%YAML:1.0
---
videoName: "headShake15.mp4"
gestureLabel: 201
fps: 29
pixelSizeInCmTemp: 3.3263888888888887e-01
faceCenterPointX: 243
faceCenterPointY: 76
headPositionsX: [ 242, 246, 243, 242, 246, 244, 246, 243, 243, 242, 241,
    245, 242, 243, 241, 242, 242, 243, 243, 241, 241, 242, 241, 241, 240,
    243, 242, 242, 242, 242, 241, 241, 242, 244, 241, 243, 242, 245, 242,
    241, 243, 243, 245, 245, 244, 240, 243, 243, 244, 242, 243, 243, 241,
    242, 241, 241, 243, 242, 243, 243, 244, 242, 246, 247, 252, 251, 256,
    257, 257, 258, 257, 252, 248, 246, 243, 240, 240, 236, 235, 237, 241,
    242, 243, 246, 245, 245, 248, 246, 246, 241, 243, 244, 241, 244, 242,
    240, 245, 241, 242, 246 ]
headPositionsY: [ 75, 77, 78, 77, 78, 74, 76, 77, 76, 78, 76, 74, 74, 75,
    72, 77, 74, 75, 75, 74, 76, 73, 78, 76, 76, 77, 74, 77, 75, 73, 73,
    75, 74, 75, 73, 73, 74, 74, 74, 75, 77, 73, 73, 77, 74, 76, 77, 76,
    75, 73, 75, 76, 76, 77, 75, 73, 76, 77, 76, 75, 76, 75, 79, 75, 73,
    75, 74, 72, 76, 74, 75, 75, 74, 78, 77, 78, 78, 76, 77, 77, 74, 76,
    76, 77, 79, 76, 79, 78, 78, 76, 76, 77, 77, 79, 79, 78, 77, 75, 75,
    78 ]
