%YAML:1.0
---
videoName: "headShake32.mp4"
gestureLabel: 201
fps: 29
pixelSizeInCmTemp: 3.2808219178082193e-01
faceCenterPointX: 237
faceCenterPointY: 77
headPositionsX: [ 239, 235, 237, 234, 239, 237, 239, 240, 238, 241, 236,
    240, 240, 238, 238, 238, 241, 239, 241, 239, 243, 243, 239, 240, 242,
    241, 238, 243, 240, 238, 241, 241, 240, 237, 241, 240, 237, 239, 240,
    243, 245, 247, 248, 248, 249, 250, 252, 253, 251, 252, 250, 246, 246,
    243, 242, 237, 235, 233, 235, 231, 231, 230, 225, 226, 227, 226, 227,
    232, 232, 231, 237, 235, 241, 241, 248, 250, 249, 251, 251, 251, 246,
    249, 246, 246, 243, 244, 242, 239, 238, 239, 240, 239, 238, 236, 240,
    235, 238, 236, 237, 240 ]
headPositionsY: [ 76, 73, 76, 71, 75, 72, 71, 73, 73, 74, 71, 73, 73, 75,
    74, 74, 72, 76, 75, 73, 74, 72, 72, 72, 76, 74, 75, 76, 73, 72, 74,
    73, 72, 75, 75, 76, 74, 76, 73, 74, 75, 76, 72, 73, 72, 71, 74, 75,
    75, 73, 75, 75, 73, 74, 75, 78, 76, 76, 75, 75, 76, 77, 74, 75, 78,
    77, 75, 75, 77, 77, 78, 77, 78, 77, 77, 76, 76, 77, 74, 74, 78, 76,
    75, 79, 78, 77, 78, 77, 78, 78, 79, 79, 76, 76, 79, 76, 78, 75, 77,
    76 ]
