%YAML:1.0
---
videoName: "headNod35.mp4"
gestureLabel: 202
fps: 30
pixelSizeInCmTemp: 2.9937500000000000e-01
faceCenterPointX: 268
faceCenterPointY: 78
headPositionsX: [ 270, 268, 268, 269, 271, 270, 271, 271, 269, 270, 272,
    271, 272, 267, 268, 270, 268, 269, 269, 268, 270, 267, 270, 270, 267,
    268, 268, 268, 272, 270, 272, 271, 269, 268, 268, 272, 269, 267, 265,
    267, 266, 268, 266, 265, 270, 266, 269, 269, 271, 271, 271, 267, 268,
    270, 269, 266, 267, 269, 266, 268, 270, 267, 266, 269, 269, 268, 270,
    268, 270, 269, 270, 267, 268, 269, 270, 270, 268, 268, 269, 270, 268,
    268, 268, 268, 269, 267, 268, 269, 268, 267, 266, 266, 267, 266, 265,
    267, 265, 267, 267, 267 ]
headPositionsY: [ 79, 77, 75, 77, 73, 74, 76, 75, 74, 76, 78, 78, 75, 77,
    74, 76, 77, 74, 75, 77, 77, 78, 79, 75, 76, 78, 77, 74, 68, 71, 69,
    65, 69, 71, 68, 78, 77, 82, 89, 93, 93, 93, 87, 85, 78, 75, 74, 76,
    74, 76, 77, 82, 84, 86, 87, 87, 89, 85, 79, 83, 73, 71, 74, 73, 71,
    73, 75, 81, 82, 88, 87, 84, 84, 78, 77, 77, 72, 72, 76, 77, 80, 83,
    89, 86, 86, 85, 81, 81, 82, 82, 77, 80, 80, 80, 79, 78, 81, 75, 80,
    79 ]
