%YAML:1.0
---
videoName: "headLookUp6.mp4"
gestureLabel: 205
fps: 30
pixelSizeInCmTemp: 3.7421874999999999e-01
faceCenterPointX: 255
faceCenterPointY: 70
headPositionsX: [ 256, 253, 253, 254, 257, 256, 256, 256, 254, 255, 256,
    256, 255, 257, 256, 255, 255, 256, 255, 253, 254, 257, 258, 257, 254,
    253, 257, 256, 257, 257, 257, 258, 256, 254, 255, 254, 255, 258, 254,
    257, 253, 256, 254, 254, 254, 256, 251, 254, 254, 255, 256, 252, 255,
    257, 256, 254, 253, 253, 254, 254, 256, 254, 255, 254, 254, 254, 255,
    257, 256, 256, 251, 252, 256, 254, 254, 254, 255, 254, 254, 257, 258,
    255, 254, 257, 257, 255, 253, 253, 255, 257, 253, 253, 253, 255, 254,
    254, 256, 256, 254, 256 ]
headPositionsY: [ 68, 84, 83, 82, 81, 83, 81, 81, 83, 85, 81, 84, 86, 84,
    85, 82, 85, 81, 85, 84, 83, 82, 83, 84, 82, 81, 78, 78, 78, 75, 74,
    73, 70, 70, 70, 70, 69, 66, 68, 70, 68, 70, 70, 69, 72, 70, 68, 68,
    68, 70, 68, 71, 70, 67, 68, 67, 71, 68, 69, 70, 71, 67, 68, 68, 66,
    70, 70, 66, 69, 72, 68, 70, 69, 67, 71, 68, 68, 71, 68, 68, 70, 67,
    70, 70, 68, 70, 69, 71, 72, 68, 68, 71, 68, 72, 68, 67, 68, 69, 71,
    66 ]
