%YAML:1.0
---
videoName: "headNod16.mp4"
gestureLabel: 202
fps: 29
pixelSizeInCmTemp: 3.3263888888888887e-01
faceCenterPointX: 255
faceCenterPointY: 77
headPositionsX: [ 253, 259, 261, 258, 259, 259, 259, 259, 257, 259, 260,
    257, 260, 259, 258, 258, 259, 257, 258, 260, 259, 259, 259, 258, 260,
    259, 260, 258, 259, 261, 257, 258, 258, 258, 259, 259, 260, 257, 258,
    258, 261, 257, 259, 262, 259, 260, 260, 258, 259, 258, 256, 258, 259,
    257, 260, 260, 259, 256, 258, 256, 255, 259, 257, 254, 257, 255, 255,
    255, 257, 255, 254, 253, 256, 254, 253, 255, 256, 255, 253, 254, 253,
    256, 255, 256, 257, 257, 256, 254, 253, 254, 254, 258, 254, 255, 255,
    253, 254, 255, 254, 255 ]
headPositionsY: [ 76, 77, 73, 75, 74, 74, 77, 72, 73, 76, 74, 74, 76, 74,
    75, 72, 74, 75, 74, 75, 73, 72, 76, 75, 77, 74, 77, 73, 74, 74, 74,
    76, 73, 75, 73, 73, 70, 68, 69, 69, 70, 67, 72, 73, 78, 78, 81, 80,
    82, 81, 76, 75, 70, 70, 69, 69, 71, 76, 76, 79, 83, 84, 80, 78, 80,
    73, 71, 71, 69, 73, 73, 76, 77, 79, 81, 80, 78, 77, 73, 70, 69, 70,
    71, 71, 74, 73, 75, 76, 76, 75, 79, 77, 75, 75, 73, 75, 75, 74, 75,
    79 ]
