%YAML:1.0
---
videoName: "headNod11.mp4"
gestureLabel: 202
fps: 29
pixelSizeInCmTemp: 3.2364864864864862e-01
faceCenterPointX: 261
faceCenterPointY: 75
headPositionsX: [ 262, 259, 259, 257, 261, 257, 257, 258, 259, 258, 257,
    257, 260, 259, 257, 257, 258, 262, 261, 259, 262, 258, 258, 260, 261,
    262, 261, 258, 260, 263, 260, 262, 261, 257, 259, 262, 262, 262, 260,
    259, 262, 260, 261, 263, 262, 262, 259, 259, 258, 262, 260, 261, 260,
    260, 261, 260, 262, 260, 257, 260, 257, 261, 261, 258, 260, 257, 260,
    258, 255, 256, 255, 255, 258, 258, 257, 257, 255, 259, 256, 257, 257,
    256, 257, 258, 261, 259, 260, 258, 261, 257, 261, 261, 260, 260, 261,
    259, 261, 261, 262, 260 ]
headPositionsY: [ 75, 74, 74, 72, 74, 73, 73, 74, 75, 72, 74, 75, 75, 77,
    76, 72, 75, 76, 73, 73, 75, 76, 72, 75, 76, 76, 76, 77, 77, 76, 76,
    76, 75, 76, 77, 76, 78, 77, 73, 75, 76, 75, 75, 73, 75, 75, 76, 73,
    70, 72, 69, 69, 68, 66, 71, 72, 73, 74, 75, 82, 81, 81, 77, 72, 71,
    69, 67, 71, 69, 70, 72, 74, 80, 80, 83, 79, 78, 76, 74, 74, 73, 71,
    70, 74, 74, 77, 78, 82, 78, 81, 78, 80, 77, 78, 76, 74, 78, 77, 78,
    75 ]
