%YAML:1.0
---
videoName: "headLookRight1.mp4"
gestureLabel: 204
fps: 29
pixelSizeInCmTemp: 3.3263888888888887e-01
faceCenterPointX: 232
faceCenterPointY: 68
headPositionsX: [ 234, 254, 256, 254, 256, 257, 256, 256, 256, 258, 254,
    257, 255, 259, 255, 253, 255, 257, 258, 256, 257, 253, 255, 258, 255,
    253, 254, 257, 256, 255, 252, 254, 252, 248, 248, 244, 240, 237, 238,
    237, 235, 234, 230, 231, 231, 234, 233, 225, 231, 230, 230, 232, 230,
    233, 231, 231, 232, 235, 233, 234, 234, 232, 230, 231, 232, 231, 232,
    235, 233, 233, 233, 234, 231, 231, 236, 232, 231, 234, 233, 231, 231,
    233, 232, 230, 232, 231, 230, 234, 233, 232, 231, 229, 233, 233, 233,
    232, 234, 231, 232, 233 ]
headPositionsY: [ 67, 67, 67, 68, 68, 66, 70, 67, 70, 69, 68, 66, 69, 69,
    70, 67, 69, 67, 70, 68, 68, 67, 69, 66, 66, 67, 66, 68, 68, 67, 70,
    67, 66, 70, 69, 69, 70, 65, 67, 68, 67, 68, 67, 69, 67, 67, 66, 71,
    67, 67, 69, 68, 71, 67, 69, 66, 70, 68, 67, 66, 66, 66, 70, 69, 70,
    68, 65, 67, 69, 70, 65, 67, 67, 70, 69, 67, 70, 66, 68, 70, 68, 69,
    67, 68, 66, 68, 70, 66, 66, 70, 67, 67, 68, 69, 69, 69, 67, 69, 70,
    69 ]
