%YAML:1.0
---
videoName: "headLookDown4.mp4"
gestureLabel: 206
fps: 29
pixelSizeInCmTemp: 3.4710144927536229e-01
faceCenterPointX: 275
faceCenterPointY: 97
headPositionsX: [ 274, 273, 272, 271, 274, 275, 271, 272, 273, 271, 272,
    273, 274, 270, 272, 274, 273, 272, 273, 274, 272, 275, 270, 272, 275,
    275, 273, 275, 270, 271, 272, 271, 271, 275, 272, 272, 272, 272, 274,
    274, 274, 274, 273, 272, 273, 272, 273, 273, 274, 273, 272, 274, 272,
    272, 273, 273, 271, 272, 272, 272, 276, 273, 276, 275, 272, 276, 274,
    271, 276, 275, 272, 272, 276, 276, 274, 275, 275, 275, 275, 277, 276,
    273, 273, 274, 277, 275, 273, 276, 276, 272, 273, 276, 274, 272, 277,
    275, 275, 276, 276, 275 ]
headPositionsY: [ 98, 82, 82, 80, 80, 80, 77, 78, 82, 82, 79, 81, 78, 82,
    82, 81, 79, 81, 80, 82, 80, 81, 82, 82, 82, 83, 82, 83, 80, 78, 81,
    81, 84, 84, 83, 84, 86, 86, 87, 88, 88, 88, 90, 88, 89, 93, 94, 95,
    97, 95, 98, 98, 98, 98, 101, 100, 103, 103, 99, 99, 98, 100, 99, 99,
    103, 99, 98, 99, 100, 98, 100, 100, 97, 96, 99, 98, 99, 100, 98, 97,
    95, 99, 95, 99, 96, 99, 97, 96, 98, 95, 96, 95, 99, 96, 99, 98, 98,
    99, 96, 96 ]
