%YAML:1.0
---
videoName: "headLookRight1.mp4"
gestureLabel: 204
fps: 29
pixelSizeInCmTemp: 3.3263888888888887e-01
faceCenterPointX: 232
faceCenterPointY: 68
headPositionsX: [ 231, 254, 257, 258, 257, 258, 257, 254, 255, 256, 258,
    255, 253, 259, 258, 255, 255, 257, 257, 257, 257, 256, 256, 256, 255,
    257, 253, 255, 256, 254, 256, 253, 250, 247, 248, 243, 242, 238, 236,
    237, 236, 232, 229, 232, 231, 232, 233, 226, 229, 229, 229, 232, 229,
    231, 234, 234, 234, 237, 235, 234, 234, 230, 233, 230, 231, 231, 228,
    234, 232, 232, 231, 234, 234, 232, 236, 231, 230, 234, 230, 234, 231,
    232, 231, 232, 229, 233, 232, 231, 231, 233, 231, 230, 234, 231, 233,
    233, 232, 231, 230, 234 ]
headPositionsY: [ 67, 65, 67, 68, 66, 68, 66, 67, 69, 67, 70, 67, 66, 69,
    69, 69, 68, 70, 67, 68, 71, 67, 66, 70, 70, 71, 70, 67, 67, 70, 70,
    67, 67, 68, 68, 69, 66, 67, 70, 68, 70, 69, 70, 67, 69, 68, 68, 68,
    66, 68, 67, 69, 68, 67, 69, 70, 69, 70, 68, 65, 68, 68, 69, 66, 68,
    69, 67, 70, 69, 67, 69, 67, 70, 68, 67, 68, 68, 68, 67, 67, 68, 68,
    69, 69, 66, 69, 70, 67, 69, 67, 69, 65, 65, 68, 68, 67, 66, 69, 69,
    68 ]
