%YAML:1.0
---
videoName: "headShake19.mp4"
gestureLabel: 201
fps: 29
pixelSizeInCmTemp: 3.1933333333333330e-01
faceCenterPointX: 243
faceCenterPointY: 78
headPositionsX: [ 241, 241, 242, 244, 243, 245, 242, 244, 245, 244, 243,
    242, 241, 245, 243, 241, 245, 244, 241, 245, 243, 243, 241, 244, 244,
    241, 242, 244, 243, 241, 243, 240, 242, 241, 243, 239, 237, 236, 236,
    233, 231, 232, 236, 242, 248, 253, 255, 255, 256, 254, 247, 243, 240,
    235, 231, 231, 231, 231, 240, 241, 245, 249, 247, 247, 246, 245, 243,
    238, 238, 237, 237, 237, 236, 239, 241, 241, 242, 245, 246, 246, 244,
    246, 241, 243, 239, 241, 240, 238, 240, 238, 243, 240, 243, 240, 244,
    243, 243, 245, 244, 242 ]
headPositionsY: [ 79, 77, 77, 79, 76, 76, 77, 76, 79, 74, 78, 79, 74, 78,
    77, 77, 75, 74, 76, 78, 76, 76, 74, 77, 76, 75, 78, 76, 77, 75, 77,
    79, 74, 78, 79, 76, 75, 75, 77, 75, 77, 76, 77, 79, 78, 75, 78, 77,
    76, 78, 75, 79, 75, 76, 76, 74, 77, 74, 78, 75, 75, 77, 76, 78, 78,
    76, 77, 79, 78, 80, 76, 76, 75, 77, 76, 77, 80, 76, 76, 76, 79, 78,
    78, 79, 78, 80, 77, 79, 78, 78, 79, 79, 80, 79, 76, 76, 79, 80, 78,
    76 ]
