%YAML:1.0
---
videoName: "headNod33.mp4"
gestureLabel: 202
fps: 29
pixelSizeInCmTemp: 2.9567901234567900e-01
faceCenterPointX: 268
faceCenterPointY: 74
headPositionsX: [ 267, 270, 271, 271, 267, 271, 269, 268, 268, 272, 270,
    272, 269, 268, 268, 272, 271, 269, 269, 268, 269, 272, 271, 271, 271,
    267, 269, 271, 268, 268, 270, 269, 271, 268, 271, 268, 270, 267, 270,
    268, 270, 270, 271, 270, 271, 271, 270, 270, 272, 267, 271, 269, 269,
    270, 267, 266, 269, 266, 268, 265, 268, 265, 265, 269, 265, 266, 266,
    266, 266, 270, 265, 268, 269, 266, 267, 270, 268, 270, 269, 267, 270,
    271, 267, 266, 269, 265, 270, 269, 269, 265, 266, 266, 266, 269, 268,
    269, 266, 269, 267, 267 ]
headPositionsY: [ 76, 73, 72, 73, 72, 71, 72, 71, 72, 70, 73, 70, 72, 72,
    73, 70, 70, 71, 72, 68, 75, 69, 69, 72, 70, 71, 69, 73, 70, 74, 71,
    72, 73, 76, 75, 74, 77, 74, 72, 71, 66, 66, 64, 67, 65, 64, 72, 77,
    79, 79, 83, 84, 80, 78, 74, 74, 71, 72, 70, 71, 67, 71, 72, 75, 72,
    77, 77, 79, 79, 76, 72, 76, 75, 73, 71, 69, 73, 70, 73, 73, 75, 75,
    77, 77, 76, 76, 76, 75, 74, 75, 77, 77, 77, 73, 75, 78, 77, 75, 75,
    77 ]
