%YAML:1.0
---
videoName: "headLookUp4.mp4"
gestureLabel: 205
fps: 30
pixelSizeInCmTemp: 3.6846153846153845e-01
faceCenterPointX: 256
faceCenterPointY: 68
headPositionsX: [ 258, 254, 257, 256, 258, 258, 258, 256, 255, 254, 256,
    259, 258, 254, 256, 255, 257, 258, 257, 255, 258, 258, 257, 256, 254,
    257, 255, 256, 257, 257, 259, 257, 257, 255, 258, 256, 255, 258, 253,
    256, 255, 255, 257, 255, 256, 258, 254, 255, 257, 254, 257, 255, 255,
    256, 257, 256, 258, 254, 256, 257, 255, 256, 255, 257, 256, 257, 254,
    255, 255, 256, 256, 257, 255, 256, 255, 259, 257, 256, 256, 254, 255,
    253, 253, 258, 256, 255, 259, 254, 259, 256, 256, 255, 258, 257, 257,
    255, 255, 256, 255, 256 ]
headPositionsY: [ 67, 84, 82, 83, 83, 83, 80, 84, 81, 83, 80, 80, 84, 83,
    81, 81, 83, 82, 81, 81, 83, 82, 78, 82, 81, 78, 78, 76, 73, 73, 71,
    69, 71, 70, 70, 67, 67, 68, 68, 70, 68, 72, 66, 70, 69, 69, 69, 67,
    69, 69, 71, 70, 68, 68, 68, 70, 69, 70, 70, 70, 65, 66, 69, 66, 70,
    68, 69, 68, 72, 68, 71, 68, 67, 70, 66, 67, 66, 67, 67, 68, 69, 69,
    70, 70, 69, 67, 68, 66, 71, 72, 68, 71, 71, 68, 68, 67, 67, 72, 66,
    69 ]
