%YAML:1.0
---
videoName: "headShake35.mp4"
gestureLabel: 201
fps: 29
pixelSizeInCmTemp: 3.2364864864864862e-01
faceCenterPointX: 267
faceCenterPointY: 82
headPositionsX: [ 265, 266, 269, 264, 265, 268, 270, 267, 269, 268, 266,
    269, 268, 268, 266, 267, 270, 271, 270, 269, 266, 269, 266, 266, 267,
    268, 266, 266, 269, 270, 270, 266, 269, 267, 270, 267, 269, 270, 269,
    268, 270, 265, 269, 266, 266, 266, 268, 267, 268, 266, 266, 269, 266,
    267, 266, 268, 267, 268, 268, 266, 267, 268, 266, 269, 273, 274, 276,
    282, 278, 279, 275, 271, 267, 262, 258, 258, 259, 264, 264, 270, 273,
    275, 273, 275, 269, 269, 264, 264, 264, 261, 264, 262, 263, 269, 267,
    269, 266, 267, 269, 270 ]
headPositionsY: [ 83, 81, 79, 80, 79, 78, 79, 79, 78, 78, 79, 80, 82, 80,
    79, 81, 78, 79, 79, 82, 81, 79, 78, 79, 79, 79, 77, 80, 82, 82, 80,
    78, 81, 81, 80, 82, 79, 80, 79, 78, 80, 81, 79, 82, 80, 79, 79, 79,
    78, 83, 78, 82, 81, 78, 78, 83, 82, 80, 78, 78, 81, 81, 78, 82, 81,
    78, 82, 78, 80, 80, 79, 82, 82, 82, 82, 81, 82, 83, 84, 80, 81, 82,
    83, 81, 80, 82, 83, 82, 83, 79, 79, 80, 81, 80, 80, 81, 81, 82, 82,
    83 ]
