%YAML:1.0
---
videoName: "headLookRight8.mp4"
gestureLabel: 204
fps: 29
pixelSizeInCmTemp: 3.1513157894736843e-01
faceCenterPointX: 218
faceCenterPointY: 80
headPositionsX: [ 218, 251, 250, 248, 249, 247, 249, 246, 246, 249, 248,
    247, 244, 248, 245, 247, 246, 248, 245, 247, 244, 249, 247, 247, 245,
    248, 249, 244, 245, 246, 244, 246, 248, 246, 248, 249, 248, 247, 248,
    245, 246, 245, 244, 245, 245, 244, 247, 246, 246, 246, 244, 246, 248,
    244, 245, 247, 245, 247, 244, 248, 244, 244, 247, 247, 247, 243, 246,
    244, 242, 241, 242, 238, 236, 234, 230, 230, 225, 225, 224, 221, 221,
    217, 217, 216, 217, 218, 220, 220, 217, 218, 218, 220, 220, 215, 219,
    220, 218, 216, 216, 217 ]
headPositionsY: [ 80, 73, 75, 73, 76, 73, 73, 74, 72, 76, 76, 74, 75, 74,
    74, 75, 77, 76, 77, 77, 75, 79, 75, 74, 76, 76, 75, 75, 77, 78, 78,
    75, 76, 74, 77, 79, 77, 75, 75, 78, 75, 77, 78, 76, 75, 78, 79, 74,
    78, 76, 78, 79, 75, 78, 77, 78, 78, 78, 78, 75, 75, 77, 78, 77, 80,
    79, 79, 79, 76, 79, 76, 77, 75, 77, 76, 73, 74, 74, 73, 72, 75, 77,
    75, 78, 72, 82, 80, 80, 78, 80, 79, 81, 74, 75, 75, 80, 79, 79, 82,
    82 ]
