%YAML:1.0
---
videoName: "StaticHandsUp03.mp4"
gestureLabel: 3
fps: 29
pixelSizeInCmTemp: 3.3732394366197183e-01
faceCenterPointX: 279
faceCenterPointY: 106
LHandPositionsX: [ 317, 317, 320, 317, 320, 316, 319, 316, 319, 317, 316,
    319, 320, 319, 318, 320, 316, 317, 317, 318, 318, 317, 318, 320, 316,
    319, 318, 317, 319, 317, 317, 316, 318, 320, 320, 320, 319, 317, 317,
    318, 320, 320, 319, 317, 320, 316, 317, 317, 317, 318, 318, 319, 318,
    318, 319, 318, 317, 315, 318, 317, 319, 316, 319, 316, 317, 318, 318,
    318, 317, 319, 315, 316, 319, 315, 318, 315, 319, 319, 318, 316, 317,
    319, 319, 317, 318, 315, 319, 319 ]
LHandPositionsY: [ 54, 53, 56, 57, 53, 54, 57, 54, 56, 54, 56, 55, 56,
    53, 53, 57, 56, 56, 55, 56, 55, 55, 54, 55, 55, 55, 56, 56, 55, 54,
    53, 57, 54, 53, 56, 56, 55, 54, 53, 53, 51, 51, 52, 50, 53, 53, 50,
    53, 53, 52, 48, 52, 49, 47, 50, 50, 49, 48, 50, 47, 45, 46, 45, 45,
    47, 49, 48, 47, 46, 48, 44, 47, 48, 43, 44, 46, 44, 46, 44, 47, 47,
    44, 46, 45, 45, 47, 43, 45 ]
RHandPositionsX: [ 203, 202, 201, 204, 202, 203, 204, 201, 204, 200, 200,
    200, 204, 200, 203, 203, 204, 204, 202, 203, 203, 203, 200, 200, 202,
    202, 202, 204, 202, 201, 201, 200, 201, 203, 200, 201, 201, 201, 200,
    204, 203, 204, 200, 203, 203, 204, 202, 204, 204, 202, 203, 202, 199,
    203, 200, 203, 203, 202, 199, 200, 202, 199, 202, 200, 203, 200, 202,
    201, 199, 202, 203, 199, 203, 202, 199, 199, 202, 199, 203, 199, 201,
    199, 199, 199, 203, 199, 200, 203 ]
RHandPositionsY: [ 38, 39, 39, 36, 39, 37, 36, 39, 38, 40, 40, 39, 37,
    40, 37, 36, 40, 38, 38, 39, 38, 37, 40, 39, 36, 37, 36, 37, 37, 40,
    38, 37, 36, 39, 39, 40, 38, 38, 39, 39, 39, 38, 37, 35, 34, 34, 38,
    34, 38, 34, 36, 36, 37, 37, 37, 36, 36, 36, 36, 36, 37, 35, 36, 35,
    36, 37, 34, 38, 35, 38, 36, 38, 36, 32, 34, 34, 35, 33, 34, 31, 33,
    31, 34, 31, 31, 33, 33, 33 ]
