%YAML:1.0
---
videoName: "StaticHandsUp03.mp4"
gestureLabel: 3
fps: 29
pixelSizeInCmTemp: 3.3732394366197183e-01
faceCenterPointX: 279
faceCenterPointY: 106
LHandPositionsX: [ 319, 320, 319, 317, 320, 319, 318, 318, 319, 317, 320,
    320, 320, 320, 318, 320, 317, 316, 317, 317, 317, 320, 316, 317, 319,
    319, 318, 318, 318, 320, 320, 319, 316, 317, 318, 318, 316, 317, 320,
    317, 317, 316, 319, 317, 316, 317, 319, 318, 316, 317, 316, 315, 316,
    319, 319, 317, 316, 315, 318, 316, 315, 318, 318, 317, 317, 315, 317,
    318, 316, 316, 316, 319, 317, 316, 317, 316, 317, 316, 315, 318, 318,
    315, 319, 318, 318, 319, 319, 317 ]
LHandPositionsY: [ 54, 56, 54, 53, 53, 53, 56, 53, 56, 55, 57, 53, 57,
    57, 57, 56, 55, 54, 56, 56, 57, 53, 56, 53, 54, 56, 55, 56, 53, 53,
    56, 55, 55, 53, 56, 57, 56, 52, 56, 55, 55, 55, 54, 54, 52, 51, 51,
    52, 52, 50, 52, 49, 50, 47, 49, 47, 49, 46, 46, 46, 46, 48, 46, 47,
    45, 47, 46, 46, 49, 45, 46, 44, 48, 45, 46, 43, 47, 47, 43, 45, 44,
    46, 45, 47, 44, 47, 44, 43 ]
RHandPositionsX: [ 203, 201, 203, 204, 201, 203, 201, 204, 201, 201, 202,
    204, 202, 204, 200, 200, 204, 200, 202, 200, 204, 201, 201, 200, 203,
    203, 202, 201, 202, 202, 200, 204, 203, 201, 200, 201, 204, 203, 203,
    200, 204, 200, 202, 204, 203, 203, 203, 200, 201, 201, 201, 203, 203,
    200, 200, 203, 200, 201, 199, 199, 201, 203, 202, 202, 200, 203, 202,
    203, 200, 202, 201, 203, 201, 203, 201, 201, 203, 199, 203, 203, 199,
    202, 203, 202, 201, 202, 202, 200 ]
RHandPositionsY: [ 39, 36, 39, 38, 37, 40, 37, 36, 39, 37, 39, 36, 40,
    39, 36, 39, 36, 39, 36, 38, 36, 37, 40, 36, 38, 39, 38, 39, 36, 38,
    37, 36, 37, 39, 39, 37, 38, 37, 38, 37, 37, 38, 35, 38, 37, 38, 35,
    34, 34, 38, 35, 36, 35, 38, 36, 36, 36, 34, 37, 36, 35, 35, 38, 34,
    36, 34, 37, 35, 35, 34, 38, 38, 34, 32, 32, 34, 31, 33, 34, 32, 34,
    31, 33, 35, 33, 32, 34, 32 ]
