%YAML:1.0
---
videoName: "StaticHandsUp03.mp4"
gestureLabel: 3
fps: 29
pixelSizeInCmTemp: 3.3732394366197183e-01
faceCenterPointX: 279
faceCenterPointY: 106
LHandPositionsX: [ 318, 320, 316, 317, 318, 318, 320, 317, 320, 319, 317,
    319, 316, 320, 320, 320, 319, 316, 318, 316, 316, 318, 317, 317, 319,
    318, 320, 317, 320, 317, 316, 317, 318, 318, 316, 316, 317, 317, 318,
    319, 316, 316, 317, 320, 320, 318, 319, 319, 317, 315, 318, 315, 315,
    316, 317, 317, 318, 319, 316, 318, 315, 316, 315, 316, 319, 315, 317,
    319, 316, 318, 316, 319, 319, 317, 319, 319, 316, 315, 316, 319, 316,
    316, 316, 318, 317, 317, 315, 315 ]
LHandPositionsY: [ 54, 57, 55, 57, 55, 54, 53, 56, 54, 54, 53, 56, 54,
    53, 54, 53, 53, 53, 56, 54, 55, 53, 54, 57, 53, 53, 57, 57, 53, 55,
    54, 53, 57, 56, 53, 56, 54, 56, 55, 55, 55, 54, 51, 52, 51, 51, 50,
    50, 49, 52, 49, 51, 47, 48, 51, 50, 50, 49, 46, 46, 46, 46, 47, 47,
    47, 46, 49, 49, 48, 45, 48, 48, 48, 43, 46, 47, 47, 45, 47, 47, 44,
    47, 45, 47, 47, 46, 44, 43 ]
RHandPositionsX: [ 201, 203, 200, 201, 204, 202, 204, 203, 204, 204, 204,
    201, 202, 204, 202, 200, 200, 203, 202, 202, 202, 201, 201, 203, 201,
    202, 200, 201, 204, 204, 200, 203, 202, 202, 201, 200, 202, 201, 203,
    202, 204, 204, 200, 204, 202, 204, 201, 202, 202, 202, 202, 203, 202,
    203, 200, 203, 199, 201, 199, 202, 200, 203, 202, 199, 200, 200, 202,
    201, 199, 202, 199, 201, 201, 199, 203, 199, 203, 201, 199, 201, 203,
    202, 203, 199, 203, 200, 199, 200 ]
RHandPositionsY: [ 37, 38, 40, 37, 39, 40, 36, 37, 38, 40, 40, 40, 40,
    37, 38, 40, 36, 40, 37, 40, 40, 39, 40, 40, 38, 36, 37, 39, 37, 37,
    37, 39, 36, 39, 36, 38, 38, 40, 37, 40, 36, 35, 37, 34, 36, 34, 35,
    35, 37, 35, 37, 38, 36, 34, 34, 36, 35, 36, 36, 37, 37, 37, 36, 35,
    38, 36, 34, 37, 34, 35, 35, 34, 34, 32, 34, 34, 33, 33, 35, 33, 33,
    34, 35, 35, 34, 34, 32, 34 ]
