%YAML:1.0
---
videoName: "StaticHandsUp03.mp4"
gestureLabel: 3
fps: 29
pixelSizeInCmTemp: 3.3732394366197183e-01
faceCenterPointX: 279
faceCenterPointY: 106
LHandPositionsX: [ 320, 318, 319, 317, 318, 316, 317, 319, 319, 318, 318,
    316, 320, 318, 318, 319, 319, 316, 318, 319, 316, 316, 320, 320, 317,
    317, 317, 316, 320, 316, 316, 316, 316, 317, 317, 320, 318, 316, 320,
    319, 316, 319, 317, 319, 317, 319, 317, 315, 318, 317, 316, 318, 317,
    319, 315, 315, 315, 317, 317, 317, 317, 315, 317, 319, 317, 319, 315,
    315, 315, 318, 315, 315, 315, 316, 317, 318, 319, 319, 315, 319, 316,
    319, 319, 317, 316, 316, 319, 318 ]
LHandPositionsY: [ 57, 54, 53, 53, 57, 56, 55, 54, 54, 54, 56, 56, 54,
    57, 54, 55, 53, 55, 54, 56, 54, 57, 54, 55, 57, 53, 56, 54, 56, 55,
    54, 57, 57, 56, 56, 55, 53, 52, 52, 53, 53, 54, 51, 52, 52, 52, 51,
    50, 53, 52, 50, 49, 48, 51, 48, 48, 47, 46, 46, 47, 46, 45, 47, 48,
    47, 46, 46, 49, 48, 47, 48, 47, 45, 46, 47, 44, 43, 47, 46, 45, 44,
    47, 44, 45, 44, 45, 46, 46 ]
RHandPositionsX: [ 201, 203, 202, 204, 204, 203, 202, 204, 204, 201, 203,
    201, 202, 200, 204, 202, 203, 204, 202, 200, 203, 201, 203, 202, 204,
    201, 201, 200, 200, 204, 204, 204, 202, 204, 202, 203, 204, 203, 201,
    200, 200, 201, 200, 202, 202, 202, 203, 204, 202, 202, 200, 202, 202,
    199, 201, 203, 200, 200, 202, 200, 201, 203, 203, 202, 202, 202, 203,
    201, 203, 199, 199, 203, 203, 201, 201, 199, 201, 201, 201, 199, 199,
    202, 200, 200, 202, 202, 201, 203 ]
RHandPositionsY: [ 37, 36, 40, 38, 39, 39, 37, 37, 40, 36, 39, 36, 38,
    38, 37, 38, 36, 39, 40, 38, 39, 40, 39, 37, 40, 40, 40, 40, 36, 36,
    40, 37, 37, 37, 39, 37, 37, 36, 38, 36, 35, 37, 38, 38, 37, 36, 38,
    38, 38, 34, 35, 35, 38, 34, 38, 36, 35, 38, 37, 37, 34, 34, 36, 35,
    36, 34, 37, 37, 37, 34, 34, 36, 35, 32, 32, 34, 33, 35, 33, 35, 34,
    35, 35, 31, 33, 35, 31, 33 ]
