%YAML:1.0
---
videoName: "StaticHandsUp03.mp4"
gestureLabel: 3
fps: 29
pixelSizeInCmTemp: 3.3732394366197183e-01
faceCenterPointX: 279
faceCenterPointY: 106
LHandPositionsX: [ 318, 319, 320, 319, 317, 318, 320, 318, 319, 319, 316,
    319, 317, 316, 319, 318, 320, 318, 316, 316, 320, 316, 320, 318, 319,
    316, 319, 316, 316, 318, 320, 316, 318, 316, 317, 320, 316, 319, 320,
    318, 318, 317, 317, 317, 320, 319, 318, 316, 317, 319, 318, 316, 318,
    319, 316, 318, 318, 317, 316, 318, 315, 315, 319, 318, 319, 315, 315,
    315, 319, 317, 316, 319, 315, 316, 315, 317, 315, 315, 317, 316, 318,
    316, 316, 315, 315, 319, 317, 316 ]
LHandPositionsY: [ 56, 57, 54, 53, 56, 56, 53, 57, 53, 54, 57, 56, 53,
    56, 55, 54, 53, 53, 57, 57, 57, 57, 57, 56, 57, 54, 56, 53, 53, 54,
    56, 55, 54, 54, 55, 53, 57, 56, 54, 55, 55, 52, 55, 54, 50, 51, 53,
    53, 50, 51, 51, 52, 49, 49, 48, 48, 46, 48, 46, 46, 46, 49, 46, 46,
    47, 46, 48, 45, 47, 47, 47, 46, 45, 45, 44, 46, 45, 43, 47, 44, 47,
    44, 47, 47, 46, 47, 44, 47 ]
RHandPositionsX: [ 201, 202, 200, 200, 200, 204, 200, 201, 202, 200, 203,
    202, 202, 200, 204, 200, 201, 201, 200, 200, 204, 202, 201, 203, 200,
    201, 203, 204, 201, 204, 201, 200, 202, 200, 204, 201, 200, 204, 200,
    201, 200, 201, 201, 203, 201, 203, 201, 200, 201, 200, 201, 202, 203,
    201, 199, 200, 203, 202, 200, 200, 203, 201, 203, 201, 199, 203, 202,
    202, 200, 202, 199, 202, 201, 200, 200, 202, 199, 202, 202, 199, 202,
    203, 199, 203, 202, 200, 201, 199 ]
RHandPositionsY: [ 38, 37, 39, 36, 38, 36, 40, 39, 40, 39, 38, 40, 40,
    39, 37, 36, 37, 38, 38, 39, 38, 38, 36, 37, 39, 37, 39, 38, 39, 39,
    40, 37, 38, 40, 40, 37, 39, 39, 36, 37, 35, 37, 39, 34, 33, 36, 37,
    37, 36, 34, 36, 35, 37, 35, 36, 36, 37, 38, 35, 34, 38, 37, 36, 37,
    38, 34, 37, 34, 36, 34, 34, 35, 36, 34, 33, 34, 34, 35, 33, 33, 31,
    35, 34, 34, 35, 33, 32, 32 ]
