%YAML:1.0
---
videoName: "StaticHandsUp03.mp4"
gestureLabel: 3
fps: 29
pixelSizeInCmTemp: 3.3732394366197183e-01
faceCenterPointX: 279
faceCenterPointY: 106
LHandPositionsX: [ 316, 317, 316, 316, 318, 317, 316, 318, 318, 316, 318,
    318, 316, 320, 316, 318, 317, 316, 316, 320, 316, 318, 316, 316, 320,
    320, 317, 317, 318, 316, 320, 316, 320, 320, 318, 318, 317, 316, 319,
    317, 320, 317, 320, 320, 319, 318, 318, 318, 315, 315, 317, 315, 316,
    315, 315, 318, 316, 315, 319, 318, 319, 315, 319, 319, 319, 316, 315,
    316, 319, 318, 318, 317, 318, 319, 318, 316, 315, 316, 316, 317, 317,
    317, 318, 318, 317, 319, 319, 318 ]
LHandPositionsY: [ 55, 55, 53, 53, 53, 55, 55, 54, 56, 55, 54, 57, 57,
    57, 56, 57, 57, 54, 56, 54, 54, 57, 55, 57, 57, 54, 53, 55, 57, 55,
    53, 53, 55, 53, 56, 53, 55, 53, 56, 55, 53, 55, 53, 52, 54, 51, 49,
    49, 53, 51, 49, 48, 48, 48, 48, 49, 48, 47, 49, 48, 47, 46, 45, 49,
    46, 45, 46, 49, 48, 47, 45, 47, 47, 43, 45, 43, 46, 43, 47, 43, 47,
    46, 45, 44, 44, 47, 47, 43 ]
RHandPositionsX: [ 204, 202, 200, 203, 203, 203, 200, 202, 201, 200, 201,
    201, 203, 200, 203, 202, 202, 200, 200, 202, 203, 204, 200, 200, 201,
    204, 200, 203, 203, 203, 201, 200, 200, 201, 201, 203, 202, 201, 203,
    202, 200, 200, 200, 202, 200, 204, 200, 200, 200, 201, 203, 201, 200,
    202, 203, 202, 201, 200, 202, 201, 201, 202, 199, 202, 202, 199, 199,
    201, 199, 200, 201, 201, 199, 200, 201, 203, 202, 199, 199, 200, 200,
    203, 202, 201, 203, 202, 203, 199 ]
RHandPositionsY: [ 39, 39, 38, 37, 39, 38, 38, 40, 37, 37, 40, 39, 38,
    38, 38, 36, 39, 40, 40, 39, 38, 39, 38, 38, 39, 38, 40, 40, 36, 39,
    38, 36, 36, 38, 38, 37, 39, 36, 36, 36, 37, 39, 37, 34, 33, 35, 36,
    37, 36, 35, 35, 34, 35, 37, 38, 38, 34, 35, 35, 38, 34, 36, 34, 38,
    34, 38, 37, 38, 36, 37, 36, 37, 34, 32, 32, 35, 34, 32, 32, 32, 32,
    34, 31, 32, 31, 32, 34, 34 ]
