%YAML:1.0
---
videoName: "StaticHandsUp03.mp4"
gestureLabel: 3
fps: 29
pixelSizeInCmTemp: 3.3732394366197183e-01
faceCenterPointX: 279
faceCenterPointY: 106
LHandPositionsX: [ 316, 319, 318, 319, 319, 319, 319, 317, 317, 317, 319,
    319, 320, 320, 320, 320, 319, 319, 316, 316, 319, 318, 320, 316, 319,
    318, 320, 320, 320, 317, 319, 318, 316, 318, 316, 317, 319, 317, 316,
    319, 317, 320, 316, 317, 316, 318, 317, 317, 318, 318, 318, 319, 319,
    318, 318, 316, 319, 319, 317, 319, 315, 316, 315, 319, 319, 317, 316,
    315, 315, 319, 316, 316, 317, 319, 316, 315, 317, 319, 318, 315, 318,
    318, 316, 317, 316, 318, 319, 319 ]
LHandPositionsY: [ 53, 56, 53, 54, 56, 54, 57, 56, 56, 55, 53, 57, 53,
    56, 57, 53, 53, 55, 53, 56, 56, 57, 53, 54, 54, 57, 54, 57, 56, 54,
    54, 56, 53, 57, 57, 57, 54, 56, 54, 53, 52, 52, 55, 50, 54, 53, 53,
    50, 53, 51, 50, 49, 51, 47, 48, 49, 49, 46, 48, 48, 48, 48, 45, 47,
    45, 46, 49, 49, 45, 48, 45, 45, 44, 46, 43, 44, 47, 46, 44, 43, 47,
    46, 43, 46, 46, 46, 45, 43 ]
RHandPositionsX: [ 204, 202, 202, 201, 201, 203, 200, 203, 203, 204, 200,
    202, 204, 200, 203, 200, 200, 203, 201, 200, 203, 204, 202, 200, 201,
    203, 201, 202, 204, 204, 200, 201, 201, 204, 204, 204, 204, 204, 200,
    204, 202, 202, 202, 202, 204, 203, 200, 203, 204, 201, 202, 199, 200,
    201, 200, 202, 202, 200, 199, 201, 203, 200, 199, 201, 201, 202, 200,
    202, 200, 203, 199, 200, 203, 199, 202, 203, 201, 200, 199, 203, 201,
    199, 201, 202, 203, 200, 202, 199 ]
RHandPositionsY: [ 40, 36, 37, 39, 40, 40, 40, 37, 36, 38, 36, 39, 37,
    39, 36, 36, 40, 39, 39, 36, 36, 39, 39, 38, 40, 36, 36, 36, 36, 37,
    40, 37, 36, 39, 38, 36, 36, 37, 40, 37, 36, 36, 36, 34, 33, 37, 37,
    37, 35, 38, 36, 36, 37, 36, 34, 37, 36, 37, 38, 38, 38, 37, 34, 38,
    35, 38, 38, 34, 34, 37, 36, 37, 33, 33, 33, 34, 35, 31, 32, 34, 35,
    35, 34, 31, 33, 33, 34, 33 ]
