%YAML:1.0
---
videoName: "StaticHandsUp03.mp4"
gestureLabel: 3
fps: 29
pixelSizeInCmTemp: 3.3732394366197183e-01
faceCenterPointX: 279
faceCenterPointY: 106
LHandPositionsX: [ 318, 319, 320, 319, 316, 316, 317, 318, 317, 320, 320,
    316, 318, 318, 320, 318, 317, 318, 318, 320, 320, 318, 319, 316, 318,
    319, 316, 318, 317, 319, 316, 320, 318, 318, 318, 318, 316, 317, 316,
    319, 318, 320, 320, 316, 317, 316, 319, 317, 316, 319, 315, 315, 316,
    317, 316, 317, 318, 318, 318, 319, 318, 319, 318, 318, 317, 316, 315,
    318, 317, 315, 317, 319, 319, 318, 318, 318, 318, 318, 317, 318, 316,
    319, 317, 318, 317, 316, 319, 317 ]
LHandPositionsY: [ 57, 57, 53, 56, 56, 55, 55, 54, 57, 53, 54, 56, 55,
    53, 55, 54, 57, 57, 56, 56, 55, 57, 57, 57, 55, 56, 56, 57, 53, 53,
    57, 55, 55, 55, 56, 57, 54, 53, 54, 55, 54, 55, 54, 52, 51, 53, 53,
    51, 49, 49, 48, 48, 49, 48, 47, 47, 48, 48, 47, 48, 47, 48, 46, 47,
    48, 45, 49, 49, 46, 44, 45, 47, 47, 46, 43, 45, 46, 47, 45, 45, 45,
    46, 43, 46, 43, 47, 46, 44 ]
RHandPositionsX: [ 202, 200, 204, 203, 201, 202, 202, 201, 200, 200, 204,
    201, 201, 202, 201, 203, 200, 203, 201, 204, 202, 200, 204, 203, 203,
    202, 203, 203, 200, 201, 204, 204, 204, 202, 200, 200, 204, 203, 201,
    202, 200, 201, 201, 201, 204, 203, 202, 202, 202, 204, 200, 199, 202,
    203, 201, 203, 199, 199, 199, 199, 201, 201, 199, 199, 200, 201, 201,
    200, 203, 200, 200, 200, 201, 201, 201, 202, 200, 203, 201, 203, 203,
    200, 199, 199, 199, 202, 201, 201 ]
RHandPositionsY: [ 39, 38, 38, 39, 40, 37, 38, 38, 36, 36, 39, 36, 37,
    40, 38, 37, 40, 39, 39, 39, 36, 40, 40, 38, 37, 38, 40, 40, 37, 37,
    40, 39, 40, 40, 37, 38, 38, 36, 37, 38, 36, 38, 36, 38, 33, 35, 34,
    37, 37, 36, 34, 34, 34, 37, 38, 36, 35, 38, 35, 35, 36, 37, 34, 38,
    38, 38, 38, 37, 36, 37, 34, 37, 36, 36, 35, 33, 34, 33, 35, 33, 35,
    34, 34, 33, 33, 32, 33, 32 ]
