%YAML:1.0
---
videoName: "StaticHandsUp03.mp4"
gestureLabel: 3
fps: 29
pixelSizeInCmTemp: 3.3732394366197183e-01
faceCenterPointX: 279
faceCenterPointY: 106
LHandPositionsX: [ 319, 319, 317, 320, 316, 317, 317, 319, 316, 317, 317,
    318, 319, 316, 316, 316, 320, 317, 320, 320, 319, 320, 316, 317, 316,
    316, 317, 320, 318, 320, 316, 317, 319, 318, 316, 317, 318, 317, 318,
    317, 318, 316, 318, 317, 317, 319, 320, 315, 315, 315, 318, 319, 318,
    317, 317, 316, 318, 318, 316, 318, 317, 316, 316, 316, 316, 318, 315,
    317, 319, 316, 315, 316, 319, 316, 319, 319, 318, 319, 318, 316, 317,
    316, 318, 317, 315, 319, 318, 318 ]
LHandPositionsY: [ 53, 56, 56, 54, 56, 56, 56, 54, 53, 56, 57, 54, 55,
    55, 54, 54, 55, 55, 55, 53, 53, 53, 57, 57, 56, 57, 56, 56, 57, 55,
    56, 57, 57, 53, 53, 56, 56, 52, 54, 53, 51, 54, 52, 52, 52, 52, 53,
    51, 51, 48, 49, 52, 51, 50, 47, 47, 47, 46, 47, 48, 46, 48, 48, 49,
    46, 47, 45, 48, 49, 46, 48, 46, 47, 46, 44, 43, 45, 43, 47, 47, 45,
    46, 47, 44, 47, 45, 46, 47 ]
RHandPositionsX: [ 202, 200, 204, 203, 203, 201, 200, 200, 202, 204, 200,
    203, 203, 203, 202, 201, 200, 204, 200, 200, 204, 203, 204, 204, 204,
    202, 204, 204, 200, 203, 200, 204, 201, 203, 202, 202, 201, 203, 200,
    201, 201, 202, 200, 203, 201, 201, 203, 200, 201, 201, 201, 203, 200,
    199, 199, 199, 199, 202, 199, 203, 203, 202, 201, 202, 200, 202, 202,
    201, 200, 203, 199, 201, 202, 203, 202, 200, 202, 203, 202, 199, 199,
    199, 199, 199, 199, 203, 201, 200 ]
RHandPositionsY: [ 39, 38, 39, 38, 36, 38, 38, 36, 37, 39, 38, 40, 39,
    38, 36, 36, 37, 36, 39, 37, 37, 38, 39, 36, 40, 37, 36, 38, 38, 38,
    39, 36, 40, 38, 39, 37, 36, 36, 36, 38, 36, 38, 37, 37, 33, 35, 35,
    35, 35, 38, 38, 37, 38, 38, 34, 34, 34, 37, 37, 35, 34, 34, 36, 34,
    38, 36, 35, 36, 36, 38, 35, 36, 34, 35, 31, 31, 33, 33, 35, 33, 35,
    32, 35, 31, 32, 32, 31, 32 ]
