%YAML:1.0
---
videoName: "StaticHandsUp03.mp4"
gestureLabel: 3
fps: 29
pixelSizeInCmTemp: 3.3732394366197183e-01
faceCenterPointX: 279
faceCenterPointY: 106
LHandPositionsX: [ 316, 317, 318, 316, 320, 320, 317, 316, 320, 320, 319,
    318, 320, 316, 320, 316, 316, 318, 317, 320, 320, 320, 318, 316, 317,
    317, 316, 316, 320, 318, 320, 316, 317, 320, 318, 319, 317, 318, 320,
    319, 319, 316, 318, 318, 317, 319, 316, 316, 317, 316, 319, 315, 317,
    317, 317, 316, 315, 317, 315, 318, 318, 316, 316, 315, 316, 319, 319,
    315, 315, 316, 315, 317, 318, 315, 316, 318, 318, 318, 319, 317, 317,
    319, 319, 317, 317, 318, 317, 316 ]
LHandPositionsY: [ 56, 54, 56, 55, 56, 56, 53, 53, 55, 53, 55, 53, 55,
    55, 54, 54, 53, 53, 54, 55, 57, 56, 57, 57, 56, 53, 57, 55, 54, 54,
    54, 54, 54, 54, 56, 55, 55, 55, 56, 52, 53, 55, 52, 54, 51, 52, 49,
    52, 50, 51, 48, 50, 49, 47, 47, 48, 49, 48, 50, 46, 45, 48, 46, 47,
    46, 47, 48, 49, 47, 47, 46, 45, 46, 45, 46, 44, 43, 46, 47, 44, 47,
    45, 46, 47, 44, 44, 43, 47 ]
RHandPositionsX: [ 200, 202, 201, 200, 201, 204, 201, 202, 200, 203, 200,
    202, 201, 204, 200, 200, 202, 204, 202, 200, 203, 204, 202, 201, 200,
    204, 202, 202, 201, 201, 201, 201, 202, 202, 204, 204, 203, 203, 200,
    203, 201, 203, 200, 204, 203, 201, 200, 203, 203, 201, 202, 201, 201,
    203, 199, 200, 202, 201, 203, 199, 200, 199, 200, 199, 200, 203, 203,
    201, 201, 200, 201, 199, 203, 200, 201, 200, 202, 203, 203, 199, 203,
    203, 199, 201, 201, 199, 201, 203 ]
RHandPositionsY: [ 40, 38, 37, 39, 40, 38, 40, 36, 36, 38, 39, 40, 37,
    39, 36, 38, 39, 38, 40, 36, 39, 40, 38, 37, 39, 38, 37, 40, 40, 36,
    39, 40, 38, 39, 36, 40, 39, 36, 38, 40, 36, 36, 35, 35, 37, 35, 37,
    34, 38, 35, 34, 34, 38, 35, 37, 37, 38, 34, 34, 35, 34, 36, 35, 34,
    34, 38, 34, 35, 34, 37, 34, 37, 34, 34, 35, 32, 33, 33, 32, 34, 34,
    33, 33, 35, 33, 33, 35, 34 ]
