%YAML:1.0
---
videoName: "StaticHandsUp00.mp4"
gestureLabel: 3
fps: 29
pixelSizeInCmTemp: 3.4710144927536229e-01
faceCenterPointX: 281
faceCenterPointY: 110
LHandPositionsX: [ 387, 385, 384, 385, 388, 388, 388, 387, 388, 387, 386,
    386, 387, 387, 384, 387, 388, 384, 387, 386, 388, 388, 386, 387, 387,
    386, 385, 385, 385, 388, 387, 386, 385, 385, 385, 384, 387, 388, 387,
    387, 385, 385, 384, 387, 384, 384, 387, 388, 386, 386, 385, 387, 387,
    384, 384, 388, 386, 385, 387, 388, 387, 386, 388, 386, 384, 384, 387,
    388, 387, 388, 386, 386, 386, 388, 385, 388, 384, 387, 386, 386, 385,
    385, 386, 385, 388, 386, 386, 386 ]
LHandPositionsY: [ 38, 38, 39, 39, 41, 40, 42, 40, 38, 38, 41, 38, 41,
    38, 41, 41, 42, 39, 42, 40, 38, 38, 38, 40, 39, 38, 40, 39, 38, 40,
    39, 40, 40, 39, 40, 42, 40, 38, 39, 39, 40, 38, 40, 39, 41, 41, 38,
    42, 38, 39, 39, 41, 38, 38, 39, 40, 39, 40, 38, 38, 38, 39, 42, 41,
    38, 41, 38, 41, 40, 39, 39, 41, 38, 39, 39, 40, 42, 38, 38, 42, 39,
    41, 39, 39, 41, 41, 39, 40 ]
RHandPositionsX: [ 164, 166, 164, 164, 167, 163, 164, 165, 166, 166, 167,
    167, 165, 163, 163, 163, 167, 163, 165, 165, 165, 164, 164, 164, 163,
    163, 167, 165, 167, 164, 167, 166, 164, 167, 164, 165, 164, 164, 164,
    164, 167, 166, 163, 167, 163, 163, 165, 167, 166, 165, 165, 167, 166,
    166, 167, 167, 167, 166, 166, 167, 166, 164, 165, 167, 166, 164, 167,
    165, 165, 164, 166, 165, 166, 163, 167, 164, 167, 163, 166, 167, 164,
    164, 167, 164, 163, 167, 167, 165 ]
RHandPositionsY: [ 37, 37, 33, 33, 35, 37, 34, 37, 33, 35, 37, 34, 35,
    36, 37, 35, 34, 34, 35, 35, 34, 35, 34, 33, 35, 34, 33, 36, 36, 36,
    37, 33, 35, 34, 36, 33, 35, 35, 37, 34, 34, 37, 34, 34, 35, 36, 37,
    34, 36, 33, 36, 33, 37, 36, 33, 36, 36, 34, 35, 33, 35, 33, 33, 33,
    34, 36, 33, 33, 34, 34, 37, 37, 34, 34, 36, 35, 36, 34, 36, 35, 34,
    37, 34, 35, 33, 33, 35, 34 ]
