%YAML:1.0
---
videoName: "StaticHandsUp03.mp4"
gestureLabel: 3
fps: 29
pixelSizeInCmTemp: 3.3732394366197183e-01
faceCenterPointX: 279
faceCenterPointY: 106
LHandPositionsX: [ 316, 318, 317, 317, 318, 317, 316, 318, 317, 319, 320,
    317, 316, 318, 318, 318, 316, 318, 319, 316, 316, 317, 319, 319, 319,
    320, 318, 319, 317, 320, 317, 319, 317, 318, 316, 318, 320, 318, 317,
    318, 318, 318, 319, 320, 318, 318, 316, 315, 315, 315, 319, 315, 317,
    317, 315, 317, 317, 318, 316, 315, 319, 319, 319, 315, 318, 315, 319,
    316, 319, 315, 316, 315, 315, 315, 315, 318, 319, 319, 317, 315, 319,
    317, 316, 319, 315, 317, 315, 318 ]
LHandPositionsY: [ 57, 56, 56, 53, 54, 55, 54, 55, 57, 56, 53, 57, 57,
    56, 54, 53, 53, 56, 56, 57, 56, 54, 55, 53, 53, 57, 53, 54, 57, 56,
    56, 53, 56, 53, 56, 54, 55, 56, 52, 52, 51, 55, 54, 52, 54, 54, 50,
    52, 50, 52, 50, 52, 47, 51, 48, 51, 47, 49, 50, 50, 46, 48, 48, 46,
    48, 48, 46, 46, 49, 47, 48, 48, 47, 47, 46, 47, 46, 43, 46, 45, 45,
    47, 47, 44, 45, 45, 44, 44 ]
RHandPositionsX: [ 200, 201, 200, 202, 201, 204, 200, 202, 201, 202, 203,
    204, 203, 202, 201, 204, 204, 200, 204, 204, 202, 203, 203, 202, 203,
    202, 202, 202, 202, 200, 203, 201, 200, 203, 203, 204, 203, 201, 200,
    204, 202, 200, 203, 203, 203, 204, 201, 203, 203, 201, 202, 203, 199,
    201, 200, 203, 199, 200, 203, 203, 201, 201, 199, 201, 202, 200, 200,
    199, 200, 199, 201, 201, 201, 199, 200, 201, 199, 203, 202, 203, 202,
    199, 201, 203, 201, 200, 202, 200 ]
RHandPositionsY: [ 37, 40, 38, 36, 40, 38, 39, 39, 40, 39, 36, 39, 39,
    37, 37, 40, 38, 37, 36, 40, 38, 36, 40, 40, 36, 40, 38, 36, 36, 39,
    39, 40, 39, 38, 40, 37, 39, 37, 39, 39, 35, 39, 37, 37, 34, 36, 38,
    35, 38, 38, 38, 34, 38, 38, 36, 36, 37, 35, 34, 34, 37, 34, 37, 38,
    35, 38, 37, 36, 36, 35, 34, 38, 33, 32, 34, 32, 34, 34, 33, 33, 35,
    34, 32, 31, 33, 33, 31, 33 ]
