%YAML:1.0
---
videoName: "StaticHandsUp03.mp4"
gestureLabel: 3
fps: 29
pixelSizeInCmTemp: 3.3732394366197183e-01
faceCenterPointX: 279
faceCenterPointY: 106
LHandPositionsX: [ 318, 320, 318, 316, 319, 317, 320, 316, 318, 317, 317,
    319, 316, 316, 319, 318, 317, 319, 318, 319, 320, 317, 320, 319, 319,
    316, 317, 317, 319, 318, 317, 319, 319, 318, 318, 316, 317, 317, 317,
    316, 316, 319, 318, 318, 319, 316, 318, 316, 315, 317, 316, 316, 318,
    319, 316, 317, 315, 318, 315, 316, 316, 315, 316, 319, 317, 317, 316,
    315, 315, 317, 315, 318, 316, 318, 319, 317, 316, 315, 317, 315, 318,
    319, 315, 316, 315, 317, 318, 319 ]
LHandPositionsY: [ 53, 55, 57, 53, 56, 55, 54, 54, 55, 53, 57, 54, 55,
    56, 56, 57, 57, 55, 57, 53, 55, 55, 55, 57, 57, 53, 54, 57, 54, 57,
    55, 55, 54, 53, 53, 56, 57, 54, 56, 56, 54, 52, 51, 51, 53, 53, 50,
    49, 50, 51, 49, 52, 51, 51, 47, 51, 50, 50, 49, 49, 48, 49, 46, 46,
    49, 47, 48, 48, 49, 48, 45, 46, 44, 47, 43, 43, 46, 46, 43, 46, 43,
    47, 46, 47, 47, 45, 46, 47 ]
RHandPositionsX: [ 204, 201, 202, 203, 202, 200, 202, 203, 203, 201, 201,
    203, 200, 200, 204, 202, 201, 200, 203, 204, 203, 204, 204, 202, 200,
    203, 204, 203, 204, 203, 204, 202, 203, 202, 200, 200, 204, 201, 203,
    204, 204, 201, 201, 201, 200, 204, 202, 200, 203, 203, 202, 202, 199,
    199, 203, 200, 200, 199, 200, 203, 203, 200, 200, 200, 201, 200, 203,
    199, 201, 203, 201, 202, 201, 202, 202, 201, 202, 199, 199, 200, 199,
    202, 199, 202, 200, 201, 201, 199 ]
RHandPositionsY: [ 38, 37, 39, 38, 37, 40, 39, 38, 36, 36, 37, 40, 40,
    37, 40, 38, 38, 39, 38, 38, 37, 40, 38, 39, 40, 40, 37, 38, 37, 37,
    36, 36, 37, 37, 36, 38, 36, 40, 40, 37, 39, 38, 37, 34, 36, 38, 37,
    38, 36, 34, 37, 36, 37, 34, 35, 35, 37, 35, 38, 36, 35, 36, 38, 35,
    37, 35, 37, 36, 38, 37, 38, 37, 37, 34, 34, 34, 35, 34, 32, 32, 35,
    33, 35, 35, 33, 34, 33, 34 ]
