%YAML:1.0
---
videoName: "StaticHandsUp03.mp4"
gestureLabel: 3
fps: 29
pixelSizeInCmTemp: 3.3732394366197183e-01
faceCenterPointX: 279
faceCenterPointY: 106
LHandPositionsX: [ 319, 318, 316, 317, 316, 320, 320, 320, 320, 317, 319,
    317, 318, 319, 317, 316, 317, 318, 320, 317, 316, 318, 320, 318, 317,
    318, 320, 318, 320, 318, 316, 319, 318, 316, 318, 319, 317, 318, 318,
    318, 316, 317, 317, 317, 319, 316, 319, 318, 319, 315, 319, 319, 317,
    315, 315, 317, 316, 318, 319, 316, 317, 317, 315, 316, 317, 317, 315,
    316, 317, 317, 316, 318, 318, 319, 318, 319, 315, 315, 319, 318, 317,
    319, 315, 317, 316, 319, 315, 315 ]
LHandPositionsY: [ 55, 57, 54, 53, 53, 53, 54, 53, 54, 55, 56, 53, 56,
    57, 55, 53, 54, 56, 54, 53, 53, 56, 54, 57, 54, 56, 57, 54, 55, 56,
    56, 54, 56, 57, 53, 54, 54, 52, 52, 53, 51, 55, 54, 51, 52, 52, 50,
    52, 52, 49, 49, 52, 50, 47, 50, 50, 46, 46, 47, 47, 49, 49, 47, 47,
    46, 47, 46, 47, 46, 44, 44, 46, 44, 45, 45, 46, 46, 44, 43, 47, 45,
    45, 46, 46, 46, 47, 46, 44 ]
RHandPositionsX: [ 204, 202, 202, 200, 200, 202, 202, 200, 202, 203, 204,
    203, 203, 203, 201, 204, 204, 201, 201, 201, 201, 200, 201, 202, 200,
    200, 200, 202, 201, 202, 200, 202, 203, 204, 200, 202, 203, 200, 200,
    201, 201, 202, 201, 200, 204, 200, 203, 201, 202, 202, 204, 200, 202,
    199, 200, 202, 202, 202, 199, 203, 202, 199, 199, 201, 203, 203, 199,
    202, 199, 202, 199, 201, 200, 201, 199, 200, 202, 201, 200, 202, 202,
    200, 202, 200, 201, 202, 201, 199 ]
RHandPositionsY: [ 38, 37, 37, 36, 40, 37, 37, 38, 40, 40, 36, 38, 39,
    40, 37, 40, 38, 37, 38, 38, 36, 39, 37, 37, 39, 37, 39, 38, 39, 39,
    36, 40, 36, 37, 39, 38, 36, 38, 39, 36, 39, 39, 36, 38, 37, 34, 37,
    36, 34, 36, 34, 37, 35, 38, 38, 37, 34, 36, 35, 37, 35, 36, 36, 38,
    38, 34, 35, 36, 38, 35, 38, 38, 34, 36, 31, 32, 35, 34, 34, 34, 33,
    35, 32, 33, 32, 32, 33, 35 ]
