%YAML:1.0
---
videoName: "StaticHandsUp03.mp4"
gestureLabel: 3
fps: 29
pixelSizeInCmTemp: 3.3732394366197183e-01
faceCenterPointX: 279
faceCenterPointY: 106
LHandPositionsX: [ 316, 320, 317, 317, 316, 320, 317, 316, 317, 316, 317,
    319, 320, 319, 318, 317, 320, 320, 316, 317, 316, 319, 316, 317, 318,
    319, 318, 317, 319, 320, 320, 318, 318, 320, 320, 320, 316, 317, 318,
    319, 320, 316, 318, 316, 317, 318, 318, 316, 316, 316, 315, 317, 317,
    315, 317, 315, 319, 316, 317, 316, 317, 315, 317, 317, 319, 318, 319,
    318, 318, 315, 319, 317, 315, 316, 319, 319, 319, 319, 317, 318, 317,
    319, 317, 319, 319, 316, 318, 315 ]
LHandPositionsY: [ 55, 57, 53, 57, 55, 57, 56, 54, 54, 55, 56, 55, 53,
    54, 55, 57, 53, 55, 56, 53, 57, 53, 55, 53, 53, 56, 53, 53, 55, 55,
    54, 54, 57, 53, 53, 53, 53, 55, 54, 54, 55, 53, 51, 53, 52, 51, 51,
    51, 51, 50, 50, 48, 49, 47, 47, 48, 47, 46, 49, 49, 49, 47, 48, 48,
    45, 45, 45, 49, 48, 48, 47, 44, 45, 45, 43, 47, 46, 43, 44, 45, 43,
    47, 47, 46, 43, 45, 43, 47 ]
RHandPositionsX: [ 204, 201, 200, 203, 202, 200, 204, 200, 204, 201, 204,
    201, 202, 203, 204, 202, 202, 202, 203, 202, 201, 204, 204, 203, 201,
    203, 200, 201, 201, 204, 201, 202, 201, 201, 204, 200, 203, 200, 203,
    203, 202, 200, 201, 204, 202, 203, 203, 203, 204, 204, 204, 202, 199,
    200, 199, 203, 201, 199, 203, 200, 199, 202, 203, 200, 200, 200, 203,
    199, 202, 201, 202, 203, 200, 203, 203, 201, 199, 203, 201, 199, 200,
    202, 203, 201, 203, 199, 203, 203 ]
RHandPositionsY: [ 36, 37, 36, 40, 37, 38, 40, 36, 37, 37, 40, 36, 39,
    40, 37, 40, 38, 39, 37, 38, 36, 36, 36, 40, 36, 37, 40, 39, 39, 37,
    39, 37, 38, 38, 40, 37, 40, 36, 37, 37, 39, 39, 39, 37, 35, 36, 38,
    34, 38, 38, 36, 38, 38, 36, 35, 34, 35, 34, 38, 36, 38, 38, 37, 38,
    38, 37, 37, 34, 34, 34, 37, 35, 37, 33, 35, 31, 35, 35, 33, 31, 35,
    35, 35, 32, 31, 34, 33, 31 ]
