%YAML:1.0
---
videoName: "StaticHandsUp03.mp4"
gestureLabel: 3
fps: 29
pixelSizeInCmTemp: 3.3732394366197183e-01
faceCenterPointX: 279
faceCenterPointY: 106
LHandPositionsX: [ 320, 320, 320, 318, 316, 318, 317, 317, 319, 319, 319,
    316, 316, 317, 319, 316, 318, 316, 318, 319, 318, 319, 316, 319, 319,
    319, 317, 318, 318, 319, 319, 318, 318, 316, 316, 317, 317, 318, 317,
    319, 317, 318, 317, 316, 318, 319, 320, 318, 316, 319, 315, 317, 315,
    319, 315, 315, 315, 319, 317, 316, 318, 318, 315, 315, 316, 317, 319,
    319, 317, 317, 316, 319, 316, 319, 315, 316, 318, 317, 319, 315, 317,
    319, 315, 318, 315, 316, 318, 315 ]
LHandPositionsY: [ 55, 56, 56, 55, 56, 57, 56, 56, 57, 55, 55, 57, 55,
    55, 54, 56, 53, 54, 56, 54, 53, 54, 55, 55, 55, 57, 56, 53, 57, 57,
    56, 56, 55, 55, 53, 57, 53, 52, 54, 53, 52, 52, 55, 54, 52, 53, 53,
    49, 50, 49, 51, 48, 49, 50, 47, 49, 47, 46, 48, 50, 45, 49, 47, 47,
    46, 48, 45, 48, 46, 45, 47, 46, 47, 46, 45, 46, 45, 45, 46, 44, 43,
    46, 44, 44, 44, 47, 43, 45 ]
RHandPositionsX: [ 203, 204, 203, 203, 202, 202, 204, 201, 200, 202, 201,
    203, 202, 204, 201, 204, 200, 201, 202, 203, 203, 203, 203, 203, 200,
    204, 200, 202, 203, 201, 201, 201, 201, 202, 202, 204, 200, 202, 200,
    204, 202, 203, 203, 204, 200, 203, 202, 202, 204, 200, 200, 201, 199,
    203, 202, 201, 203, 202, 199, 199, 202, 200, 202, 199, 200, 200, 199,
    200, 203, 199, 201, 199, 203, 202, 202, 200, 202, 202, 201, 199, 200,
    203, 203, 199, 201, 199, 199, 203 ]
RHandPositionsY: [ 40, 40, 37, 39, 36, 39, 36, 36, 37, 38, 37, 38, 39,
    36, 37, 38, 36, 36, 39, 37, 38, 40, 37, 37, 38, 38, 39, 39, 38, 38,
    39, 40, 37, 40, 36, 39, 36, 37, 40, 39, 39, 36, 36, 36, 34, 38, 36,
    38, 34, 37, 35, 36, 34, 34, 38, 35, 34, 37, 36, 37, 35, 38, 38, 34,
    35, 38, 37, 37, 34, 34, 38, 36, 34, 35, 32, 32, 34, 35, 34, 33, 32,
    33, 35, 34, 34, 33, 31, 34 ]
