%YAML:1.0
---
videoName: "StaticHandsUp03.mp4"
gestureLabel: 3
fps: 29
pixelSizeInCmTemp: 3.3732394366197183e-01
faceCenterPointX: 279
faceCenterPointY: 106
LHandPositionsX: [ 318, 318, 316, 318, 317, 316, 316, 316, 316, 316, 317,
    318, 319, 317, 320, 319, 317, 319, 319, 316, 318, 319, 318, 320, 316,
    320, 320, 319, 319, 320, 316, 316, 320, 318, 316, 319, 319, 316, 320,
    317, 319, 320, 316, 317, 317, 317, 317, 318, 317, 319, 316, 316, 315,
    316, 315, 317, 315, 318, 316, 317, 315, 315, 316, 317, 318, 316, 318,
    317, 318, 315, 318, 315, 317, 315, 317, 315, 315, 316, 315, 319, 316,
    316, 318, 319, 316, 316, 319, 318 ]
LHandPositionsY: [ 54, 53, 54, 55, 53, 54, 54, 54, 56, 56, 55, 53, 57,
    53, 56, 56, 55, 56, 54, 55, 56, 54, 56, 56, 55, 56, 54, 57, 55, 53,
    53, 57, 53, 55, 56, 55, 56, 56, 53, 54, 54, 55, 51, 52, 54, 54, 50,
    49, 51, 52, 48, 50, 50, 49, 48, 50, 50, 47, 49, 46, 45, 46, 47, 46,
    48, 47, 48, 45, 48, 44, 44, 48, 48, 47, 46, 47, 43, 47, 45, 47, 43,
    44, 46, 46, 43, 46, 44, 44 ]
RHandPositionsX: [ 201, 200, 203, 201, 204, 202, 202, 203, 202, 201, 200,
    203, 200, 204, 202, 204, 204, 203, 200, 203, 201, 202, 203, 203, 201,
    200, 201, 202, 204, 203, 200, 201, 200, 204, 203, 203, 204, 201, 203,
    203, 203, 200, 203, 203, 203, 202, 204, 204, 204, 200, 200, 199, 202,
    200, 200, 201, 199, 202, 203, 200, 200, 199, 201, 200, 201, 202, 203,
    200, 201, 201, 203, 203, 202, 201, 199, 203, 200, 200, 203, 203, 202,
    199, 202, 203, 202, 201, 200, 199 ]
RHandPositionsY: [ 36, 37, 39, 40, 37, 37, 40, 37, 36, 37, 37, 37, 40,
    38, 37, 38, 40, 39, 37, 39, 40, 38, 36, 36, 37, 38, 38, 40, 38, 39,
    39, 37, 39, 40, 37, 36, 40, 36, 37, 38, 37, 36, 38, 35, 34, 36, 37,
    34, 35, 37, 38, 35, 36, 34, 38, 37, 36, 35, 34, 35, 36, 34, 34, 34,
    35, 38, 36, 35, 38, 34, 34, 36, 36, 34, 32, 34, 35, 35, 34, 33, 35,
    31, 34, 35, 34, 31, 35, 35 ]
