%YAML:1.0
---
videoName: "StaticHandsUp03.mp4"
gestureLabel: 3
fps: 29
pixelSizeInCmTemp: 3.3732394366197183e-01
faceCenterPointX: 279
faceCenterPointY: 106
LHandPositionsX: [ 317, 319, 317, 318, 317, 319, 317, 318, 318, 320, 320,
    317, 320, 317, 319, 318, 318, 317, 318, 316, 317, 320, 318, 318, 318,
    316, 319, 318, 320, 318, 316, 320, 320, 320, 320, 318, 318, 320, 320,
    316, 318, 317, 320, 320, 319, 320, 318, 318, 318, 318, 318, 319, 319,
    317, 315, 315, 317, 319, 317, 315, 318, 316, 319, 316, 316, 315, 319,
    315, 319, 315, 315, 317, 317, 315, 318, 317, 315, 317, 319, 318, 319,
    315, 319, 317, 316, 316, 316, 315 ]
LHandPositionsY: [ 57, 54, 53, 57, 56, 56, 53, 57, 54, 54, 53, 57, 54,
    56, 57, 56, 53, 56, 55, 53, 55, 56, 54, 53, 53, 57, 55, 57, 53, 54,
    53, 53, 54, 56, 53, 55, 56, 53, 56, 55, 52, 52, 55, 51, 50, 51, 50,
    50, 49, 48, 48, 51, 47, 51, 50, 48, 49, 48, 49, 47, 49, 46, 46, 47,
    48, 45, 48, 49, 46, 47, 44, 47, 47, 46, 47, 44, 45, 43, 47, 46, 44,
    46, 47, 45, 44, 47, 43, 47 ]
RHandPositionsX: [ 200, 204, 204, 203, 203, 203, 201, 204, 204, 204, 202,
    201, 204, 204, 200, 203, 202, 203, 203, 203, 202, 200, 203, 204, 203,
    201, 202, 202, 200, 202, 202, 204, 201, 203, 204, 201, 201, 204, 200,
    200, 201, 201, 202, 201, 200, 203, 204, 200, 204, 200, 200, 199, 203,
    203, 201, 202, 202, 201, 203, 202, 199, 200, 202, 199, 200, 202, 202,
    203, 202, 203, 199, 202, 203, 199, 201, 200, 203, 202, 199, 201, 200,
    199, 200, 201, 202, 202, 203, 202 ]
RHandPositionsY: [ 38, 36, 39, 38, 37, 40, 37, 38, 40, 38, 40, 40, 36,
    38, 36, 38, 38, 39, 38, 37, 39, 38, 40, 37, 40, 39, 38, 38, 37, 36,
    37, 40, 40, 38, 37, 36, 39, 36, 37, 38, 39, 37, 36, 35, 34, 37, 35,
    36, 36, 34, 37, 37, 35, 38, 36, 34, 38, 37, 34, 37, 38, 37, 38, 38,
    35, 37, 36, 38, 35, 37, 38, 37, 37, 35, 32, 35, 35, 32, 32, 32, 35,
    32, 31, 32, 34, 33, 34, 31 ]
