%YAML:1.0
---
videoName: "StaticHandsUp03.mp4"
gestureLabel: 3
fps: 29
pixelSizeInCmTemp: 3.3732394366197183e-01
faceCenterPointX: 279
faceCenterPointY: 106
LHandPositionsX: [ 318, 317, 319, 319, 319, 316, 317, 320, 318, 316, 319,
    319, 318, 317, 320, 317, 317, 316, 317, 320, 319, 317, 319, 318, 317,
    318, 319, 316, 319, 318, 316, 320, 320, 318, 316, 319, 316, 320, 320,
    319, 318, 319, 316, 320, 317, 320, 318, 316, 319, 315, 316, 318, 316,
    319, 318, 315, 315, 318, 319, 317, 318, 317, 317, 318, 317, 318, 316,
    318, 316, 316, 315, 316, 315, 316, 319, 316, 316, 318, 318, 317, 316,
    319, 315, 317, 318, 315, 315, 319 ]
LHandPositionsY: [ 56, 54, 54, 54, 53, 54, 54, 55, 53, 56, 55, 57, 55,
    57, 56, 54, 56, 54, 55, 54, 53, 53, 53, 53, 55, 57, 56, 56, 56, 55,
    53, 55, 56, 53, 53, 56, 57, 52, 55, 55, 55, 54, 54, 50, 52, 50, 49,
    49, 52, 51, 48, 49, 49, 49, 51, 49, 47, 46, 46, 48, 47, 49, 48, 45,
    49, 45, 46, 49, 47, 47, 45, 46, 45, 46, 45, 47, 46, 43, 46, 45, 47,
    46, 45, 47, 44, 47, 47, 43 ]
RHandPositionsX: [ 203, 201, 204, 202, 204, 202, 200, 202, 203, 200, 204,
    202, 203, 200, 203, 204, 204, 203, 200, 203, 202, 201, 202, 204, 201,
    202, 204, 203, 201, 201, 204, 200, 202, 204, 201, 203, 203, 202, 200,
    203, 202, 204, 201, 203, 204, 203, 201, 201, 201, 203, 202, 203, 200,
    203, 203, 201, 200, 202, 201, 200, 202, 201, 199, 203, 203, 201, 199,
    202, 202, 201, 201, 203, 200, 202, 200, 203, 200, 202, 199, 203, 201,
    200, 199, 202, 202, 200, 203, 200 ]
RHandPositionsY: [ 36, 40, 38, 38, 36, 36, 36, 40, 40, 39, 38, 39, 38,
    37, 40, 37, 39, 37, 38, 40, 39, 37, 36, 39, 40, 38, 37, 36, 40, 40,
    40, 37, 37, 40, 40, 37, 37, 36, 37, 37, 38, 37, 39, 37, 37, 34, 35,
    35, 34, 38, 37, 38, 36, 35, 35, 34, 37, 38, 38, 38, 36, 36, 36, 34,
    34, 37, 36, 34, 37, 34, 38, 37, 36, 33, 34, 35, 32, 32, 35, 32, 34,
    31, 33, 33, 31, 33, 33, 32 ]
