%YAML:1.0
---
videoName: "StaticHandsUp03.mp4"
gestureLabel: 3
fps: 29
pixelSizeInCmTemp: 3.3732394366197183e-01
faceCenterPointX: 279
faceCenterPointY: 106
LHandPositionsX: [ 320, 320, 318, 318, 317, 320, 317, 319, 318, 316, 320,
    320, 319, 319, 317, 320, 316, 319, 319, 316, 320, 319, 317, 317, 318,
    320, 320, 317, 320, 319, 318, 320, 316, 320, 317, 317, 318, 319, 316,
    318, 317, 317, 320, 317, 316, 319, 316, 315, 318, 315, 317, 319, 315,
    317, 317, 316, 319, 315, 316, 315, 319, 316, 319, 318, 318, 317, 316,
    319, 316, 318, 315, 319, 318, 318, 317, 319, 317, 316, 316, 317, 317,
    316, 317, 319, 318, 315, 316, 319 ]
LHandPositionsY: [ 53, 54, 54, 55, 56, 54, 56, 57, 57, 55, 57, 54, 54,
    55, 53, 57, 53, 56, 56, 53, 56, 54, 53, 56, 54, 54, 55, 57, 56, 55,
    54, 54, 53, 53, 55, 55, 54, 53, 52, 56, 52, 55, 52, 54, 50, 54, 49,
    49, 49, 48, 50, 49, 47, 51, 49, 48, 47, 48, 48, 46, 47, 48, 46, 48,
    49, 48, 49, 46, 49, 48, 44, 47, 47, 43, 44, 44, 43, 44, 43, 46, 43,
    46, 45, 46, 47, 45, 43, 44 ]
RHandPositionsX: [ 202, 201, 201, 202, 201, 202, 202, 203, 201, 200, 202,
    203, 203, 203, 203, 203, 200, 201, 200, 203, 204, 204, 203, 201, 204,
    204, 200, 201, 203, 200, 203, 201, 202, 204, 201, 202, 200, 201, 200,
    203, 200, 200, 204, 200, 200, 201, 204, 202, 202, 200, 203, 199, 202,
    201, 200, 199, 200, 199, 203, 202, 203, 201, 202, 199, 199, 199, 200,
    201, 199, 203, 199, 200, 202, 199, 199, 200, 202, 203, 201, 199, 199,
    201, 202, 203, 201, 201, 203, 201 ]
RHandPositionsY: [ 36, 37, 39, 37, 37, 38, 39, 36, 38, 39, 40, 36, 38,
    36, 36, 40, 36, 36, 38, 38, 39, 37, 40, 40, 38, 37, 38, 39, 40, 39,
    39, 38, 37, 39, 39, 39, 37, 36, 38, 37, 39, 37, 38, 38, 34, 34, 38,
    34, 37, 35, 35, 37, 36, 34, 35, 38, 35, 37, 36, 37, 36, 34, 35, 34,
    38, 37, 34, 34, 38, 35, 35, 34, 34, 32, 32, 34, 33, 31, 33, 33, 33,
    33, 32, 31, 35, 33, 35, 35 ]
