%YAML:1.0
---
videoName: "StaticHandsUp03.mp4"
gestureLabel: 3
fps: 29
pixelSizeInCmTemp: 3.3732394366197183e-01
faceCenterPointX: 279
faceCenterPointY: 106
LHandPositionsX: [ 317, 319, 319, 320, 320, 316, 320, 318, 316, 319, 318,
    316, 319, 318, 316, 316, 320, 320, 318, 319, 316, 316, 318, 317, 319,
    320, 320, 319, 317, 318, 319, 320, 319, 317, 318, 319, 317, 320, 318,
    316, 317, 320, 319, 317, 316, 320, 317, 318, 319, 318, 317, 318, 315,
    319, 317, 315, 317, 316, 319, 318, 319, 318, 315, 317, 315, 317, 316,
    316, 315, 316, 317, 317, 315, 315, 316, 316, 316, 317, 318, 316, 316,
    315, 317, 318, 315, 316, 317, 317 ]
LHandPositionsY: [ 53, 56, 54, 56, 57, 54, 56, 54, 54, 53, 56, 54, 55,
    55, 56, 55, 53, 55, 54, 53, 55, 55, 53, 56, 54, 56, 53, 56, 53, 57,
    57, 55, 53, 56, 56, 57, 55, 53, 56, 56, 53, 53, 54, 51, 54, 50, 52,
    53, 52, 50, 51, 50, 48, 51, 50, 51, 46, 49, 48, 50, 49, 45, 46, 49,
    47, 46, 49, 45, 47, 48, 46, 47, 48, 45, 44, 47, 47, 43, 46, 44, 45,
    46, 43, 45, 44, 45, 43, 43 ]
RHandPositionsX: [ 203, 202, 204, 200, 202, 203, 200, 200, 200, 203, 200,
    203, 202, 204, 202, 204, 204, 200, 203, 204, 200, 203, 201, 202, 200,
    200, 202, 200, 203, 200, 200, 201, 203, 201, 204, 202, 203, 202, 201,
    203, 201, 202, 203, 202, 200, 202, 200, 201, 200, 200, 200, 203, 200,
    202, 201, 200, 199, 199, 200, 203, 203, 202, 201, 202, 200, 199, 199,
    203, 201, 202, 202, 203, 200, 202, 199, 199, 200, 200, 201, 203, 199,
    199, 200, 199, 200, 201, 202, 199 ]
RHandPositionsY: [ 40, 40, 39, 38, 37, 36, 37, 36, 37, 36, 36, 37, 37,
    38, 39, 38, 40, 38, 39, 37, 36, 39, 40, 37, 37, 36, 36, 40, 38, 36,
    37, 38, 40, 36, 38, 36, 38, 39, 38, 37, 38, 35, 39, 36, 35, 36, 35,
    37, 37, 34, 35, 34, 37, 37, 36, 36, 36, 35, 37, 34, 35, 38, 36, 35,
    38, 35, 37, 37, 37, 37, 34, 36, 37, 36, 31, 32, 33, 34, 31, 34, 35,
    31, 34, 32, 31, 32, 35, 35 ]
