%YAML:1.0
---
videoName: "StaticHandsUp03.mp4"
gestureLabel: 3
fps: 29
pixelSizeInCmTemp: 3.3732394366197183e-01
faceCenterPointX: 279
faceCenterPointY: 106
LHandPositionsX: [ 317, 317, 316, 316, 317, 318, 319, 319, 318, 318, 318,
    319, 317, 318, 316, 319, 320, 316, 317, 320, 317, 316, 318, 316, 319,
    319, 319, 317, 316, 318, 320, 317, 319, 318, 316, 319, 320, 320, 318,
    317, 320, 320, 316, 318, 320, 318, 320, 315, 319, 316, 317, 315, 315,
    319, 315, 315, 317, 317, 316, 318, 316, 317, 316, 318, 315, 317, 315,
    318, 316, 315, 315, 316, 319, 316, 318, 317, 319, 318, 318, 317, 317,
    317, 317, 318, 317, 319, 318, 316 ]
LHandPositionsY: [ 55, 53, 57, 54, 55, 54, 55, 54, 53, 57, 55, 55, 55,
    54, 54, 56, 56, 53, 56, 56, 57, 56, 53, 55, 53, 56, 53, 54, 54, 54,
    54, 57, 56, 54, 57, 53, 53, 53, 52, 56, 54, 55, 53, 52, 52, 52, 53,
    52, 51, 49, 49, 49, 50, 49, 48, 48, 47, 49, 46, 50, 46, 48, 48, 49,
    49, 49, 45, 47, 47, 44, 47, 44, 46, 45, 46, 46, 45, 47, 43, 43, 47,
    44, 47, 43, 43, 43, 47, 46 ]
RHandPositionsX: [ 204, 202, 203, 202, 200, 204, 202, 201, 202, 200, 202,
    204, 204, 202, 202, 203, 202, 200, 202, 200, 204, 202, 203, 204, 200,
    203, 202, 201, 203, 201, 200, 203, 204, 201, 201, 201, 204, 202, 202,
    203, 201, 200, 203, 200, 201, 204, 201, 202, 204, 202, 200, 203, 201,
    200, 203, 200, 201, 199, 199, 199, 199, 203, 203, 201, 199, 201, 199,
    202, 202, 203, 203, 201, 200, 203, 202, 199, 202, 201, 200, 201, 201,
    201, 199, 203, 202, 199, 200, 199 ]
RHandPositionsY: [ 39, 36, 38, 37, 40, 40, 39, 36, 40, 36, 37, 40, 38,
    36, 39, 38, 36, 40, 38, 38, 39, 38, 36, 39, 39, 40, 36, 40, 37, 40,
    38, 38, 40, 38, 38, 36, 40, 40, 36, 40, 39, 37, 35, 36, 36, 34, 38,
    36, 34, 36, 34, 37, 38, 36, 37, 37, 35, 38, 37, 37, 38, 37, 34, 34,
    38, 36, 35, 37, 38, 36, 38, 35, 36, 35, 32, 33, 33, 34, 32, 35, 34,
    34, 33, 35, 31, 34, 33, 35 ]
