%YAML:1.0
---
videoName: "StaticHandsUp04.mp4"
gestureLabel: 3
fps: 29
pixelSizeInCmTemp: 3.4214285714285714e-01
faceCenterPointX: 286
faceCenterPointY: 105
LHandPositionsX: [ 445, 445, 445, 443, 444, 447, 444, 443, 445, 443, 447,
    444, 447, 447, 445, 446, 444, 443, 445, 447, 445, 444, 444, 444, 446,
    443, 443, 447, 445, 446, 446, 443, 444, 447, 446, 443, 447, 446, 446,
    444, 445, 443, 444, 446, 445, 447, 447, 447, 445, 446, 446, 445, 447,
    444, 446, 444, 444, 443, 444, 446, 447, 443, 444, 447, 447, 443, 447,
    443, 443, 447, 446, 444, 443, 443, 447, 444, 446, 446, 443, 445, 444,
    445, 444, 445, 444, 444, 445, 446 ]
LHandPositionsY: [ 67, 66, 66, 64, 67, 67, 65, 63, 63, 66, 66, 64, 64,
    65, 65, 64, 64, 65, 66, 63, 66, 63, 67, 65, 64, 63, 66, 63, 65, 67,
    67, 66, 66, 66, 66, 64, 65, 66, 67, 64, 64, 63, 67, 66, 66, 65, 66,
    67, 63, 64, 65, 67, 65, 63, 64, 66, 64, 65, 64, 66, 66, 64, 64, 64,
    64, 65, 66, 65, 65, 65, 67, 64, 66, 64, 63, 64, 66, 64, 67, 66, 64,
    67, 66, 64, 66, 64, 63, 64 ]
RHandPositionsX: [ 90, 90, 90, 92, 93, 94, 90, 93, 92, 91, 92, 93, 90,
    92, 93, 90, 90, 94, 92, 94, 90, 90, 92, 93, 93, 94, 94, 91, 92, 90,
    93, 93, 90, 92, 94, 94, 92, 91, 90, 91, 93, 94, 90, 90, 90, 90, 93,
    90, 93, 92, 94, 93, 93, 91, 93, 91, 90, 93, 90, 92, 92, 94, 92, 91,
    93, 94, 94, 90, 94, 94, 93, 91, 95, 94, 92, 92, 92, 90, 93, 93, 94,
    90, 94, 94, 90, 90, 92, 92 ]
RHandPositionsY: [ 44, 44, 45, 45, 47, 46, 44, 47, 44, 44, 45, 47, 44,
    45, 43, 44, 44, 43, 44, 45, 43, 45, 43, 45, 46, 43, 47, 43, 44, 47,
    46, 44, 47, 45, 44, 43, 47, 46, 43, 45, 47, 46, 44, 47, 44, 43, 47,
    43, 46, 43, 43, 45, 44, 45, 43, 45, 44, 43, 43, 47, 46, 44, 47, 46,
    46, 48, 46, 45, 44, 46, 48, 45, 45, 49, 49, 48, 49, 48, 47, 45, 47,
    46, 47, 45, 48, 47, 47, 46 ]
