%YAML:1.0
---
videoName: "StaticHandsUp03.mp4"
gestureLabel: 3
fps: 29
pixelSizeInCmTemp: 3.3732394366197183e-01
faceCenterPointX: 279
faceCenterPointY: 106
LHandPositionsX: [ 320, 319, 316, 318, 318, 318, 316, 316, 320, 317, 319,
    317, 317, 316, 320, 317, 317, 317, 320, 317, 316, 316, 320, 318, 318,
    317, 317, 317, 319, 317, 318, 316, 316, 320, 317, 318, 316, 317, 316,
    320, 320, 319, 316, 317, 316, 319, 317, 319, 316, 319, 318, 318, 315,
    319, 317, 317, 315, 319, 317, 319, 315, 317, 315, 316, 318, 316, 319,
    316, 319, 317, 318, 319, 315, 317, 316, 315, 319, 317, 316, 319, 319,
    318, 315, 319, 319, 318, 318, 316 ]
LHandPositionsY: [ 56, 56, 56, 56, 53, 53, 54, 56, 53, 55, 54, 55, 57,
    56, 55, 56, 54, 53, 54, 54, 55, 56, 57, 53, 53, 57, 53, 56, 57, 53,
    55, 54, 53, 55, 57, 57, 56, 56, 54, 54, 53, 51, 54, 53, 54, 52, 49,
    51, 49, 49, 49, 51, 51, 47, 48, 50, 50, 49, 49, 47, 48, 49, 45, 49,
    49, 47, 48, 47, 47, 48, 47, 46, 44, 47, 43, 47, 47, 43, 43, 43, 43,
    45, 47, 44, 44, 46, 44, 47 ]
RHandPositionsX: [ 200, 204, 203, 202, 203, 202, 201, 200, 204, 202, 200,
    203, 201, 204, 200, 202, 204, 200, 202, 202, 201, 203, 202, 200, 204,
    202, 202, 201, 201, 203, 201, 201, 203, 202, 200, 202, 204, 200, 202,
    202, 201, 202, 201, 204, 204, 204, 200, 203, 201, 203, 200, 203, 199,
    199, 202, 203, 202, 200, 200, 199, 201, 202, 199, 202, 203, 202, 203,
    201, 199, 202, 199, 200, 202, 200, 202, 199, 199, 200, 199, 200, 201,
    203, 199, 203, 202, 201, 201, 203 ]
RHandPositionsY: [ 37, 37, 40, 39, 40, 36, 39, 39, 39, 40, 37, 38, 36,
    39, 40, 40, 39, 38, 36, 39, 36, 39, 40, 40, 38, 38, 37, 39, 39, 40,
    37, 39, 36, 40, 37, 38, 38, 38, 40, 37, 36, 36, 37, 38, 36, 38, 35,
    34, 37, 35, 35, 34, 37, 38, 38, 38, 37, 36, 37, 37, 34, 35, 35, 35,
    38, 38, 36, 37, 36, 37, 38, 37, 33, 32, 31, 34, 31, 31, 32, 34, 33,
    31, 33, 35, 34, 33, 35, 34 ]
