%YAML:1.0
---
videoName: "StaticHandsUp03.mp4"
gestureLabel: 3
fps: 29
pixelSizeInCmTemp: 3.3732394366197183e-01
faceCenterPointX: 279
faceCenterPointY: 106
LHandPositionsX: [ 319, 317, 318, 319, 317, 318, 317, 316, 317, 320, 320,
    319, 320, 320, 319, 320, 317, 316, 319, 320, 319, 317, 318, 317, 320,
    319, 320, 316, 320, 318, 317, 317, 320, 319, 318, 318, 319, 316, 317,
    319, 319, 319, 320, 316, 318, 320, 318, 316, 316, 317, 315, 317, 319,
    315, 319, 316, 319, 315, 316, 318, 319, 318, 319, 315, 316, 318, 315,
    316, 317, 317, 317, 318, 316, 316, 315, 315, 317, 317, 318, 319, 315,
    316, 319, 317, 318, 319, 315, 316 ]
LHandPositionsY: [ 56, 53, 56, 56, 56, 53, 54, 55, 56, 55, 56, 57, 54,
    55, 54, 56, 56, 57, 55, 54, 54, 53, 54, 54, 53, 53, 53, 54, 55, 55,
    55, 55, 55, 53, 57, 54, 53, 53, 54, 54, 53, 54, 54, 52, 51, 51, 53,
    49, 52, 48, 50, 50, 48, 49, 48, 49, 50, 50, 48, 47, 46, 49, 47, 48,
    48, 47, 48, 45, 45, 45, 48, 45, 46, 46, 46, 46, 43, 45, 43, 45, 43,
    45, 47, 44, 43, 44, 44, 44 ]
RHandPositionsX: [ 201, 204, 203, 203, 204, 200, 200, 201, 201, 204, 200,
    200, 201, 201, 203, 203, 203, 200, 201, 201, 200, 203, 202, 201, 200,
    204, 202, 201, 200, 203, 202, 200, 204, 201, 201, 204, 200, 200, 201,
    201, 204, 200, 201, 204, 201, 201, 204, 202, 201, 201, 200, 201, 202,
    200, 201, 200, 200, 203, 199, 202, 200, 200, 199, 202, 202, 202, 203,
    201, 199, 200, 203, 201, 200, 203, 203, 202, 199, 203, 200, 200, 201,
    203, 201, 203, 199, 199, 199, 200 ]
RHandPositionsY: [ 36, 36, 37, 38, 40, 38, 36, 36, 38, 37, 39, 37, 37,
    39, 37, 39, 39, 37, 37, 36, 38, 40, 38, 40, 36, 36, 40, 38, 37, 36,
    37, 36, 36, 39, 39, 39, 38, 38, 37, 38, 36, 38, 37, 36, 37, 36, 35,
    38, 34, 36, 35, 35, 35, 35, 38, 35, 37, 35, 38, 35, 34, 34, 37, 35,
    34, 34, 36, 37, 34, 38, 35, 38, 34, 34, 35, 32, 35, 34, 34, 31, 31,
    32, 35, 34, 35, 33, 31, 34 ]
