%YAML:1.0
---
videoName: "StaticHandsUp03.mp4"
gestureLabel: 3
fps: 29
pixelSizeInCmTemp: 3.3732394366197183e-01
faceCenterPointX: 279
faceCenterPointY: 106
LHandPositionsX: [ 319, 320, 318, 320, 320, 318, 316, 317, 320, 318, 317,
    316, 320, 318, 319, 320, 316, 320, 317, 320, 317, 317, 317, 318, 317,
    320, 318, 319, 316, 316, 319, 320, 318, 317, 318, 320, 320, 319, 319,
    317, 317, 319, 319, 317, 317, 317, 320, 315, 315, 319, 316, 316, 317,
    319, 315, 318, 317, 319, 316, 315, 318, 318, 316, 315, 315, 318, 315,
    319, 315, 316, 315, 315, 319, 318, 317, 319, 317, 315, 318, 317, 318,
    317, 318, 315, 316, 316, 316, 317 ]
LHandPositionsY: [ 54, 56, 55, 54, 55, 53, 54, 57, 57, 55, 57, 54, 57,
    56, 53, 56, 57, 56, 57, 57, 57, 53, 56, 57, 53, 54, 53, 55, 53, 57,
    57, 57, 56, 55, 55, 57, 57, 55, 53, 55, 53, 55, 53, 54, 52, 52, 53,
    49, 49, 51, 51, 48, 47, 51, 51, 48, 48, 50, 46, 50, 45, 47, 47, 46,
    49, 46, 45, 49, 46, 44, 46, 45, 47, 43, 43, 46, 47, 45, 43, 45, 43,
    46, 44, 44, 44, 43, 47, 43 ]
RHandPositionsX: [ 203, 200, 204, 202, 203, 203, 202, 203, 202, 200, 202,
    200, 200, 203, 201, 201, 201, 202, 200, 200, 204, 200, 202, 203, 201,
    200, 202, 203, 201, 200, 203, 201, 204, 200, 200, 203, 203, 202, 201,
    200, 204, 201, 200, 201, 201, 204, 202, 201, 201, 204, 204, 202, 201,
    199, 201, 203, 202, 203, 202, 200, 203, 200, 199, 200, 202, 203, 203,
    199, 202, 202, 202, 203, 199, 200, 201, 199, 203, 200, 199, 201, 200,
    202, 200, 200, 199, 202, 199, 202 ]
RHandPositionsY: [ 37, 40, 40, 38, 38, 38, 40, 40, 36, 38, 38, 36, 37,
    37, 38, 36, 38, 36, 37, 36, 37, 37, 39, 39, 37, 39, 37, 40, 38, 36,
    38, 36, 40, 38, 39, 38, 40, 40, 40, 39, 37, 37, 39, 34, 37, 37, 37,
    35, 36, 34, 37, 38, 38, 38, 37, 35, 36, 34, 37, 34, 35, 37, 35, 38,
    38, 34, 37, 37, 37, 36, 35, 36, 37, 36, 33, 35, 31, 34, 35, 31, 35,
    32, 33, 34, 32, 33, 34, 31 ]
