%YAML:1.0
---
videoName: "headLookDown9.mp4"
gestureLabel: 206
fps: 29
pixelSizeInCmTemp: 3.5220588235294115e-01
faceCenterPointX: 274
faceCenterPointY: 97
headPositionsX: [ 273, 272, 271, 271, 271, 273, 275, 270, 274, 270, 274,
    275, 271, 272, 270, 272, 270, 274, 271, 271, 272, 271, 271, 272, 272,
    272, 271, 272, 274, 274, 271, 273, 274, 274, 271, 274, 273, 273, 274,
    274, 271, 273, 273, 275, 271, 272, 271, 272, 275, 272, 270, 273, 273,
    273, 275, 271, 272, 272, 272, 273, 271, 274, 269, 274, 271, 272, 273,
    272, 269, 272, 273, 272, 274, 272, 271, 273, 272, 270, 270, 272, 271,
    271, 272, 274, 275, 274, 272, 270, 273, 271, 274, 271, 274, 276, 271,
    271, 274, 270, 275, 274 ]
headPositionsY: [ 99, 78, 83, 78, 80, 81, 77, 81, 80, 78, 84, 81, 77, 78,
    79, 82, 78, 78, 82, 77, 80, 80, 80, 79, 81, 78, 80, 79, 79, 79, 79,
    83, 80, 80, 84, 87, 86, 82, 87, 85, 91, 88, 90, 91, 95, 93, 98, 94,
    95, 98, 98, 100, 100, 100, 101, 97, 98, 96, 97, 98, 101, 97, 100, 96,
    100, 100, 95, 96, 97, 96, 99, 96, 96, 97, 98, 95, 98, 95, 97, 99, 97,
    95, 98, 98, 99, 99, 95, 98, 99, 98, 95, 95, 94, 95, 99, 97, 97, 97,
    95, 95 ]
