%YAML:1.0
---
videoName: "headLookDown8.mp4"
gestureLabel: 206
fps: 29
pixelSizeInCmTemp: 3.3732394366197183e-01
faceCenterPointX: 276
faceCenterPointY: 96
headPositionsX: [ 276, 275, 274, 275, 272, 275, 276, 275, 275, 275, 275,
    274, 274, 274, 274, 276, 277, 273, 275, 276, 275, 272, 277, 274, 273,
    276, 277, 276, 276, 275, 273, 274, 276, 277, 272, 276, 273, 274, 276,
    275, 272, 273, 273, 276, 274, 275, 277, 277, 274, 274, 277, 276, 277,
    276, 276, 274, 274, 277, 275, 277, 275, 276, 274, 274, 274, 274, 275,
    277, 273, 275, 275, 277, 276, 276, 276, 274, 273, 274, 278, 274, 276,
    277, 277, 276, 278, 274, 278, 276, 274, 277, 275, 278, 278, 277, 275,
    275, 274, 276, 278, 278 ]
headPositionsY: [ 98, 81, 79, 81, 81, 79, 79, 77, 80, 81, 78, 80, 78, 80,
    81, 80, 81, 80, 78, 80, 78, 81, 78, 81, 80, 79, 80, 78, 80, 81, 82,
    82, 83, 83, 82, 84, 83, 84, 87, 88, 86, 89, 89, 90, 91, 91, 94, 91,
    94, 97, 95, 97, 100, 98, 98, 99, 96, 97, 100, 99, 96, 100, 96, 99,
    96, 98, 100, 99, 99, 98, 98, 97, 98, 100, 94, 98, 95, 94, 95, 96, 98,
    96, 95, 95, 97, 96, 97, 96, 98, 95, 96, 94, 95, 98, 98, 95, 98, 98,
    96, 97 ]
