%YAML:1.0
---
videoName: "headLookDown6.mp4"
gestureLabel: 206
fps: 29
pixelSizeInCmTemp: 3.4710144927536229e-01
faceCenterPointX: 276
faceCenterPointY: 98
headPositionsX: [ 276, 273, 274, 273, 277, 273, 276, 273, 275, 275, 277,
    277, 275, 273, 276, 276, 276, 276, 274, 276, 277, 275, 277, 275, 277,
    277, 272, 275, 275, 277, 274, 274, 276, 275, 274, 274, 277, 274, 275,
    272, 277, 278, 274, 275, 275, 273, 274, 276, 273, 278, 276, 275, 276,
    279, 276, 275, 276, 277, 276, 275, 276, 277, 276, 276, 275, 275, 274,
    275, 276, 275, 276, 274, 276, 276, 273, 277, 274, 275, 272, 275, 274,
    275, 277, 278, 277, 273, 276, 277, 277, 276, 276, 275, 274, 278, 277,
    276, 276, 273, 275, 277 ]
headPositionsY: [ 99, 80, 81, 79, 83, 79, 80, 80, 81, 82, 81, 80, 80, 82,
    81, 81, 79, 80, 83, 82, 80, 82, 83, 84, 80, 81, 83, 81, 85, 85, 83,
    81, 80, 83, 83, 81, 81, 81, 84, 84, 81, 86, 83, 88, 86, 89, 92, 91,
    92, 91, 92, 93, 95, 96, 97, 96, 96, 98, 95, 100, 96, 96, 100, 99, 99,
    101, 100, 98, 97, 101, 96, 98, 98, 98, 99, 97, 98, 99, 99, 100, 98,
    98, 96, 97, 98, 97, 97, 98, 97, 97, 101, 97, 96, 98, 96, 96, 98, 97,
    98, 96 ]
