%YAML:1.0
---
videoName: "headLookDown8.mp4"
gestureLabel: 206
fps: 29
pixelSizeInCmTemp: 3.3732394366197183e-01
faceCenterPointX: 276
faceCenterPointY: 96
headPositionsX: [ 276, 272, 272, 273, 273, 275, 273, 274, 275, 274, 273,
    277, 274, 276, 276, 275, 276, 277, 273, 278, 275, 272, 275, 275, 275,
    277, 273, 273, 274, 276, 271, 276, 276, 276, 273, 274, 273, 274, 276,
    274, 275, 277, 277, 273, 277, 274, 278, 275, 273, 276, 278, 275, 274,
    275, 274, 274, 277, 275, 277, 275, 278, 274, 277, 275, 274, 275, 277,
    273, 277, 275, 276, 274, 273, 274, 273, 278, 275, 278, 276, 274, 274,
    278, 276, 278, 276, 275, 274, 277, 277, 278, 276, 274, 276, 277, 275,
    278, 278, 276, 277, 278 ]
headPositionsY: [ 97, 77, 77, 78, 77, 80, 79, 78, 82, 78, 78, 80, 79, 78,
    82, 82, 80, 81, 77, 79, 77, 78, 78, 77, 80, 81, 81, 82, 78, 81, 82,
    79, 82, 83, 81, 85, 85, 84, 86, 86, 85, 91, 91, 91, 93, 94, 93, 91,
    96, 95, 97, 98, 99, 97, 98, 97, 99, 98, 100, 98, 95, 98, 100, 99, 98,
    98, 99, 97, 97, 99, 97, 96, 98, 100, 98, 98, 98, 98, 96, 97, 94, 95,
    95, 96, 95, 97, 94, 98, 97, 96, 96, 95, 98, 95, 96, 95, 98, 96, 95,
    94 ]
