%YAML:1.0
---
videoName: "headLookDown3.mp4"
gestureLabel: 206
fps: 29
pixelSizeInCmTemp: 3.5746268656716418e-01
faceCenterPointX: 273
faceCenterPointY: 98
headPositionsX: [ 275, 270, 273, 273, 273, 270, 273, 272, 273, 271, 272,
    271, 274, 274, 273, 274, 272, 274, 274, 271, 270, 274, 271, 272, 275,
    274, 274, 273, 270, 271, 273, 272, 274, 273, 272, 274, 272, 269, 274,
    274, 272, 271, 270, 270, 272, 274, 272, 274, 271, 272, 274, 272, 274,
    271, 271, 273, 275, 271, 271, 272, 272, 274, 272, 271, 272, 269, 269,
    272, 270, 271, 270, 273, 270, 269, 271, 270, 273, 273, 269, 273, 272,
    272, 273, 270, 271, 270, 274, 273, 274, 272, 271, 274, 274, 272, 273,
    273, 272, 270, 274, 272 ]
headPositionsY: [ 97, 79, 76, 78, 77, 80, 78, 80, 79, 78, 78, 80, 78, 77,
    79, 79, 78, 79, 80, 78, 80, 77, 76, 77, 78, 77, 80, 77, 78, 78, 80,
    79, 81, 78, 78, 81, 82, 81, 82, 82, 80, 81, 83, 84, 84, 88, 87, 88,
    88, 92, 92, 90, 93, 94, 94, 96, 98, 95, 95, 98, 99, 97, 97, 98, 99,
    102, 102, 100, 99, 102, 100, 104, 101, 102, 103, 99, 103, 104, 102,
    99, 99, 101, 99, 99, 99, 99, 98, 99, 102, 100, 102, 99, 102, 100,
    100, 98, 102, 97, 99, 99 ]
