%YAML:1.0
---
videoName: "headLookDown5.mp4"
gestureLabel: 206
fps: 29
pixelSizeInCmTemp: 3.4710144927536229e-01
faceCenterPointX: 272
faceCenterPointY: 102
headPositionsX: [ 272, 272, 268, 273, 272, 273, 271, 269, 270, 274, 273,
    270, 272, 273, 271, 274, 270, 272, 273, 270, 272, 273, 269, 269, 273,
    269, 272, 270, 271, 271, 272, 271, 273, 274, 273, 271, 273, 272, 270,
    271, 272, 273, 270, 273, 273, 269, 272, 269, 274, 269, 271, 273, 270,
    273, 274, 274, 273, 271, 275, 271, 269, 272, 273, 272, 271, 272, 271,
    271, 269, 273, 271, 271, 270, 274, 274, 269, 273, 270, 270, 275, 270,
    274, 272, 271, 275, 274, 271, 272, 271, 270, 274, 270, 272, 275, 272,
    274, 275, 274, 273, 273 ]
headPositionsY: [ 101, 86, 81, 86, 82, 85, 84, 84, 85, 83, 84, 83, 82,
    82, 83, 82, 81, 85, 83, 84, 82, 85, 82, 85, 84, 81, 81, 85, 83, 82,
    82, 84, 84, 85, 84, 81, 86, 86, 83, 81, 84, 84, 81, 83, 85, 86, 86,
    84, 89, 89, 87, 90, 89, 94, 93, 94, 97, 98, 100, 97, 101, 100, 100,
    98, 100, 98, 100, 100, 103, 100, 104, 100, 105, 103, 101, 102, 100,
    100, 105, 106, 104, 104, 103, 100, 104, 105, 105, 101, 100, 104, 101,
    103, 102, 105, 99, 100, 101, 101, 102, 103 ]
