%YAML:1.0
---
videoName: "headLookDown2.mp4"
gestureLabel: 206
fps: 29
pixelSizeInCmTemp: 3.3732394366197183e-01
faceCenterPointX: 274
faceCenterPointY: 95
headPositionsX: [ 274, 276, 276, 273, 274, 276, 273, 274, 274, 274, 271,
    274, 276, 275, 276, 273, 274, 273, 273, 272, 271, 273, 274, 273, 276,
    275, 275, 275, 275, 273, 271, 273, 275, 271, 275, 275, 275, 276, 275,
    276, 276, 274, 273, 275, 274, 274, 273, 274, 274, 273, 275, 271, 274,
    272, 272, 273, 275, 274, 273, 274, 272, 273, 275, 275, 274, 276, 273,
    276, 277, 277, 272, 276, 273, 277, 274, 275, 275, 276, 277, 276, 275,
    276, 276, 274, 274, 276, 275, 273, 276, 274, 277, 274, 276, 274, 272,
    274, 274, 274, 275, 276 ]
headPositionsY: [ 94, 77, 79, 78, 78, 81, 77, 81, 80, 78, 76, 81, 77, 80,
    81, 81, 78, 80, 79, 77, 78, 78, 79, 77, 79, 81, 82, 77, 78, 80, 77,
    79, 80, 81, 80, 80, 83, 82, 85, 84, 88, 90, 90, 92, 91, 92, 94, 92,
    92, 94, 96, 93, 95, 95, 94, 96, 92, 95, 96, 94, 95, 97, 94, 97, 95,
    97, 94, 97, 93, 97, 96, 94, 93, 96, 93, 95, 94, 97, 93, 96, 93, 93,
    96, 97, 93, 95, 95, 94, 96, 94, 97, 97, 97, 95, 94, 96, 96, 95, 94,
    97 ]
