%YAML:1.0
---
videoName: "headLookDown0.mp4"
gestureLabel: 206
fps: 29
pixelSizeInCmTemp: 3.3263888888888887e-01
faceCenterPointX: 273
faceCenterPointY: 93
headPositionsX: [ 271, 275, 271, 270, 273, 272, 271, 271, 272, 270, 271,
    271, 272, 270, 270, 273, 273, 274, 270, 271, 273, 271, 271, 274, 274,
    272, 269, 271, 272, 272, 270, 269, 273, 269, 271, 270, 270, 270, 271,
    269, 272, 271, 270, 274, 271, 272, 272, 272, 272, 270, 273, 271, 269,
    274, 273, 270, 270, 271, 272, 271, 271, 271, 272, 273, 270, 274, 273,
    270, 274, 272, 271, 269, 273, 273, 272, 270, 274, 272, 273, 275, 274,
    271, 273, 271, 271, 272, 273, 271, 273, 272, 274, 271, 270, 274, 272,
    275, 274, 272, 271, 271 ]
headPositionsY: [ 92, 76, 82, 79, 81, 81, 80, 80, 79, 79, 81, 78, 78, 78,
    82, 77, 81, 78, 79, 81, 81, 80, 81, 78, 82, 78, 79, 81, 79, 77, 81,
    77, 78, 80, 80, 80, 81, 82, 84, 83, 86, 89, 90, 88, 93, 94, 96, 96,
    96, 99, 96, 95, 96, 96, 99, 95, 97, 97, 94, 98, 99, 97, 94, 96, 96,
    97, 97, 97, 94, 96, 96, 96, 96, 93, 94, 98, 96, 94, 94, 93, 94, 95,
    93, 94, 95, 94, 97, 97, 92, 95, 95, 94, 93, 93, 94, 95, 94, 95, 94,
    92 ]
