%YAML:1.0
---
videoName: "headLookDown5.mp4"
gestureLabel: 206
fps: 29
pixelSizeInCmTemp: 3.4710144927536229e-01
faceCenterPointX: 272
faceCenterPointY: 102
headPositionsX: [ 274, 273, 268, 274, 273, 273, 270, 271, 273, 270, 271,
    270, 273, 270, 273, 272, 273, 272, 273, 271, 272, 272, 273, 269, 274,
    270, 269, 270, 270, 274, 273, 271, 270, 270, 273, 273, 273, 271, 273,
    270, 270, 273, 269, 271, 273, 271, 271, 269, 272, 273, 272, 272, 272,
    271, 271, 272, 270, 274, 272, 270, 270, 272, 273, 270, 271, 271, 273,
    270, 273, 271, 270, 273, 274, 271, 274, 272, 272, 271, 274, 273, 272,
    270, 272, 274, 275, 274, 274, 270, 274, 270, 274, 271, 272, 272, 273,
    271, 275, 273, 273, 273 ]
headPositionsY: [ 104, 83, 85, 85, 85, 81, 82, 82, 86, 85, 86, 86, 81,
    86, 85, 82, 81, 81, 84, 81, 84, 82, 81, 82, 86, 85, 84, 83, 82, 86,
    81, 85, 85, 85, 82, 82, 86, 83, 82, 82, 81, 83, 81, 86, 81, 82, 86,
    87, 89, 87, 91, 90, 92, 94, 92, 94, 96, 96, 97, 101, 100, 98, 102,
    101, 100, 98, 99, 104, 100, 100, 101, 104, 103, 103, 100, 102, 100,
    100, 105, 104, 103, 101, 102, 103, 105, 102, 103, 102, 103, 104, 105,
    103, 103, 101, 103, 102, 104, 104, 105, 101 ]
