%YAML:1.0
---
videoName: "headLookDown4.mp4"
gestureLabel: 206
fps: 29
pixelSizeInCmTemp: 3.4710144927536229e-01
faceCenterPointX: 275
faceCenterPointY: 97
headPositionsX: [ 277, 274, 273, 272, 275, 272, 271, 273, 274, 275, 276,
    273, 272, 273, 271, 271, 273, 275, 273, 275, 272, 274, 271, 273, 271,
    275, 272, 275, 270, 271, 275, 272, 271, 275, 272, 275, 273, 273, 272,
    275, 274, 274, 275, 272, 273, 274, 272, 273, 276, 276, 274, 272, 274,
    273, 271, 274, 275, 274, 274, 271, 273, 274, 276, 273, 276, 272, 274,
    275, 275, 276, 274, 272, 275, 272, 272, 274, 274, 273, 276, 274, 275,
    273, 275, 276, 276, 277, 277, 273, 275, 273, 276, 273, 272, 274, 274,
    275, 274, 276, 273, 277 ]
headPositionsY: [ 95, 81, 81, 82, 82, 79, 78, 81, 79, 82, 79, 78, 78, 82,
    80, 82, 79, 80, 78, 79, 80, 81, 82, 81, 80, 82, 83, 81, 78, 82, 80,
    79, 80, 81, 83, 85, 83, 85, 84, 89, 89, 88, 88, 91, 92, 91, 95, 93,
    94, 96, 97, 97, 96, 100, 101, 99, 100, 100, 101, 98, 99, 102, 102,
    99, 99, 99, 98, 99, 97, 100, 99, 101, 97, 96, 97, 96, 97, 100, 99,
    99, 95, 95, 98, 97, 98, 96, 98, 99, 99, 99, 96, 98, 95, 98, 95, 95,
    96, 96, 100, 96 ]
