%YAML:1.0
---
videoName: "headLookDown4.mp4"
gestureLabel: 206
fps: 29
pixelSizeInCmTemp: 3.4710144927536229e-01
faceCenterPointX: 275
faceCenterPointY: 97
headPositionsX: [ 274, 275, 274, 275, 272, 275, 274, 270, 275, 275, 275,
    273, 272, 272, 273, 272, 275, 271, 274, 275, 275, 271, 271, 274, 275,
    275, 274, 274, 270, 275, 275, 275, 272, 274, 275, 273, 275, 272, 272,
    275, 274, 276, 273, 276, 273, 276, 276, 272, 273, 274, 272, 276, 276,
    273, 275, 275, 273, 273, 272, 275, 274, 275, 275, 272, 272, 276, 276,
    274, 275, 275, 276, 272, 272, 275, 275, 275, 272, 275, 273, 277, 275,
    273, 275, 275, 273, 274, 277, 275, 276, 273, 274, 272, 276, 276, 275,
    274, 276, 276, 276, 274 ]
headPositionsY: [ 99, 83, 83, 81, 83, 80, 78, 81, 82, 82, 82, 82, 79, 78,
    81, 79, 83, 78, 82, 79, 82, 82, 79, 81, 80, 81, 81, 82, 79, 79, 83,
    83, 81, 81, 84, 85, 86, 82, 85, 86, 90, 86, 89, 91, 93, 91, 92, 95,
    93, 96, 98, 97, 99, 98, 98, 100, 103, 100, 98, 98, 100, 100, 100,
    100, 103, 101, 99, 101, 101, 102, 101, 101, 100, 96, 100, 98, 97, 97,
    99, 98, 96, 99, 96, 98, 98, 100, 98, 98, 97, 97, 97, 99, 97, 96, 97,
    94, 99, 96, 97, 96 ]
