%YAML:1.0
---
videoName: "headLookDown2.mp4"
gestureLabel: 206
fps: 29
pixelSizeInCmTemp: 3.3732394366197183e-01
faceCenterPointX: 274
faceCenterPointY: 95
headPositionsX: [ 276, 273, 272, 274, 276, 275, 274, 274, 274, 276, 273,
    273, 276, 272, 274, 272, 275, 276, 272, 272, 271, 274, 272, 273, 273,
    275, 272, 275, 275, 275, 274, 273, 273, 272, 275, 274, 276, 272, 272,
    275, 272, 276, 272, 275, 275, 276, 275, 276, 275, 274, 275, 271, 272,
    275, 273, 274, 273, 275, 272, 273, 274, 276, 273, 274, 275, 273, 277,
    272, 275, 276, 275, 276, 276, 275, 273, 277, 274, 273, 274, 276, 276,
    278, 276, 273, 274, 275, 273, 276, 273, 275, 273, 276, 276, 274, 273,
    275, 275, 272, 277, 276 ]
headPositionsY: [ 95, 77, 80, 79, 78, 79, 80, 78, 79, 80, 76, 78, 81, 81,
    77, 80, 78, 80, 79, 77, 80, 80, 78, 80, 78, 79, 81, 81, 78, 78, 80,
    79, 78, 79, 82, 80, 82, 85, 83, 85, 87, 90, 90, 92, 91, 93, 96, 93,
    92, 95, 96, 92, 96, 93, 96, 95, 92, 95, 94, 95, 93, 94, 92, 97, 96,
    93, 96, 97, 95, 95, 96, 95, 97, 95, 95, 94, 95, 97, 94, 96, 95, 93,
    93, 95, 96, 94, 96, 93, 98, 94, 94, 98, 93, 97, 93, 97, 96, 97, 97,
    96 ]
