%YAML:1.0
---
videoName: "headLookDown4.mp4"
gestureLabel: 206
fps: 29
pixelSizeInCmTemp: 3.4710144927536229e-01
faceCenterPointX: 275
faceCenterPointY: 97
headPositionsX: [ 274, 275, 273, 271, 274, 271, 272, 270, 271, 271, 274,
    274, 273, 271, 271, 273, 276, 275, 273, 272, 272, 272, 274, 274, 271,
    273, 273, 275, 273, 275, 273, 275, 274, 274, 273, 275, 271, 273, 272,
    272, 271, 274, 275, 272, 274, 274, 272, 272, 274, 276, 273, 273, 276,
    272, 275, 272, 271, 272, 272, 275, 272, 272, 276, 275, 273, 273, 274,
    274, 274, 276, 273, 273, 276, 275, 272, 276, 272, 276, 273, 276, 273,
    277, 275, 272, 275, 276, 275, 276, 277, 272, 274, 272, 273, 273, 275,
    275, 275, 276, 276, 275 ]
headPositionsY: [ 96, 83, 81, 82, 79, 82, 79, 78, 78, 83, 80, 80, 82, 79,
    78, 79, 80, 78, 79, 82, 80, 81, 80, 79, 81, 80, 79, 83, 78, 79, 80,
    79, 81, 83, 86, 85, 86, 83, 85, 88, 89, 89, 88, 92, 89, 94, 95, 92,
    97, 97, 98, 97, 96, 96, 102, 102, 102, 103, 101, 102, 102, 100, 102,
    101, 99, 100, 100, 100, 98, 100, 98, 97, 100, 96, 98, 98, 99, 96, 96,
    99, 95, 97, 95, 99, 98, 96, 96, 96, 96, 97, 99, 95, 96, 98, 97, 97,
    99, 96, 100, 96 ]
