%YAML:1.0
---
videoName: "headLookDown1.mp4"
gestureLabel: 206
fps: 29
pixelSizeInCmTemp: 3.4710144927536229e-01
faceCenterPointX: 271
faceCenterPointY: 97
headPositionsX: [ 269, 270, 271, 271, 269, 271, 271, 270, 269, 272, 271,
    269, 272, 268, 272, 272, 270, 272, 273, 269, 269, 273, 269, 273, 272,
    269, 270, 269, 272, 270, 270, 271, 272, 271, 270, 274, 272, 269, 272,
    272, 271, 272, 272, 269, 271, 272, 270, 270, 273, 273, 273, 272, 270,
    270, 273, 271, 270, 272, 269, 273, 272, 272, 273, 272, 269, 268, 271,
    269, 270, 272, 273, 269, 269, 270, 274, 269, 272, 271, 272, 272, 270,
    269, 271, 273, 273, 270, 273, 269, 271, 270, 271, 271, 273, 271, 270,
    273, 272, 273, 269, 273 ]
headPositionsY: [ 95, 79, 75, 78, 80, 79, 81, 79, 77, 77, 80, 79, 79, 81,
    81, 79, 77, 79, 79, 80, 79, 80, 78, 77, 80, 77, 77, 82, 79, 81, 80,
    79, 81, 80, 80, 80, 82, 80, 81, 78, 78, 81, 82, 80, 82, 85, 87, 89,
    90, 93, 94, 96, 95, 97, 96, 98, 98, 97, 99, 100, 98, 97, 100, 101,
    97, 99, 100, 100, 98, 97, 97, 99, 99, 99, 99, 99, 98, 100, 97, 98,
    95, 99, 100, 97, 99, 98, 97, 96, 96, 100, 98, 95, 98, 99, 97, 99, 96,
    96, 95, 99 ]
