%YAML:1.0
---
videoName: "headLookDown8.mp4"
gestureLabel: 206
fps: 29
pixelSizeInCmTemp: 3.3732394366197183e-01
faceCenterPointX: 276
faceCenterPointY: 96
headPositionsX: [ 276, 272, 274, 274, 273, 273, 274, 274, 275, 277, 275,
    275, 276, 273, 275, 276, 274, 275, 273, 274, 273, 275, 278, 275, 273,
    274, 273, 274, 273, 273, 271, 277, 274, 274, 276, 272, 276, 275, 272,
    274, 274, 275, 273, 272, 274, 274, 274, 273, 273, 278, 276, 278, 274,
    276, 278, 276, 274, 277, 276, 274, 276, 275, 278, 273, 275, 275, 277,
    276, 273, 275, 274, 274, 274, 276, 276, 277, 276, 276, 275, 274, 275,
    279, 275, 278, 276, 274, 274, 275, 277, 279, 275, 275, 278, 277, 277,
    275, 278, 277, 278, 277 ]
headPositionsY: [ 95, 78, 79, 79, 78, 78, 81, 80, 78, 82, 78, 79, 79, 79,
    81, 79, 81, 80, 80, 78, 80, 77, 78, 80, 82, 78, 79, 79, 81, 82, 81,
    79, 83, 83, 83, 86, 83, 83, 83, 89, 87, 87, 89, 88, 90, 94, 94, 92,
    96, 96, 94, 98, 97, 96, 96, 98, 95, 98, 96, 95, 98, 96, 98, 100, 100,
    99, 97, 96, 98, 99, 99, 97, 97, 99, 98, 99, 95, 96, 96, 99, 98, 97,
    96, 98, 95, 97, 94, 97, 97, 99, 94, 97, 98, 95, 98, 95, 98, 98, 97,
    97 ]
