%YAML:1.0
---
videoName: "headLookDown1.mp4"
gestureLabel: 206
fps: 29
pixelSizeInCmTemp: 3.4710144927536229e-01
faceCenterPointX: 271
faceCenterPointY: 97
headPositionsX: [ 270, 272, 268, 272, 271, 271, 272, 269, 271, 271, 269,
    270, 268, 269, 272, 270, 273, 271, 269, 273, 273, 272, 271, 273, 272,
    270, 270, 269, 269, 269, 269, 270, 271, 271, 272, 273, 271, 269, 269,
    272, 270, 269, 273, 268, 272, 271, 269, 270, 271, 272, 270, 269, 269,
    269, 270, 268, 272, 272, 271, 271, 270, 269, 269, 270, 271, 270, 271,
    269, 272, 269, 271, 268, 272, 270, 274, 270, 273, 271, 272, 273, 269,
    271, 270, 270, 272, 270, 270, 272, 273, 272, 271, 269, 274, 274, 274,
    273, 271, 271, 271, 270 ]
headPositionsY: [ 95, 77, 76, 80, 78, 79, 80, 77, 81, 79, 80, 79, 78, 81,
    77, 80, 78, 80, 82, 76, 77, 79, 81, 80, 81, 77, 79, 81, 78, 77, 80,
    81, 79, 78, 81, 80, 81, 77, 82, 80, 82, 81, 82, 83, 86, 86, 84, 90,
    89, 93, 90, 94, 95, 95, 95, 99, 98, 100, 99, 101, 98, 101, 99, 97,
    100, 97, 98, 97, 100, 100, 101, 99, 99, 101, 98, 98, 99, 96, 98, 98,
    98, 96, 97, 99, 98, 97, 96, 96, 96, 97, 100, 95, 98, 99, 95, 98, 97,
    97, 96, 99 ]
