%YAML:1.0
---
videoName: "headLookDown2.mp4"
gestureLabel: 206
fps: 29
pixelSizeInCmTemp: 3.3732394366197183e-01
faceCenterPointX: 274
faceCenterPointY: 95
headPositionsX: [ 272, 274, 273, 273, 272, 274, 273, 276, 275, 274, 271,
    272, 272, 275, 272, 272, 276, 274, 275, 272, 274, 272, 271, 276, 274,
    271, 274, 275, 274, 274, 271, 274, 272, 275, 272, 276, 272, 273, 275,
    272, 274, 274, 275, 275, 273, 275, 275, 273, 273, 274, 274, 275, 272,
    272, 274, 275, 276, 276, 276, 274, 272, 276, 273, 273, 277, 273, 276,
    275, 273, 277, 276, 277, 276, 277, 276, 277, 275, 273, 274, 274, 274,
    274, 274, 277, 276, 276, 277, 276, 276, 276, 273, 277, 273, 273, 273,
    274, 275, 274, 276, 273 ]
headPositionsY: [ 95, 80, 81, 78, 78, 78, 78, 81, 77, 78, 80, 78, 78, 77,
    78, 77, 77, 78, 77, 80, 78, 81, 79, 80, 80, 81, 79, 77, 78, 81, 79,
    80, 82, 78, 80, 83, 80, 83, 82, 86, 85, 88, 90, 90, 91, 92, 92, 96,
    96, 92, 94, 92, 96, 94, 95, 96, 92, 94, 94, 93, 95, 95, 92, 97, 95,
    93, 95, 97, 96, 94, 94, 95, 96, 94, 97, 95, 96, 95, 96, 93, 96, 97,
    95, 96, 96, 93, 93, 96, 94, 96, 94, 94, 97, 95, 95, 96, 97, 93, 94,
    95 ]
