%YAML:1.0
---
videoName: "headLookDown2.mp4"
gestureLabel: 206
fps: 29
pixelSizeInCmTemp: 3.3732394366197183e-01
faceCenterPointX: 274
faceCenterPointY: 95
headPositionsX: [ 273, 276, 272, 276, 274, 272, 275, 272, 274, 274, 272,
    274, 275, 275, 272, 275, 275, 273, 271, 274, 272, 275, 272, 272, 275,
    271, 273, 273, 275, 271, 273, 275, 273, 275, 275, 274, 274, 272, 274,
    276, 275, 272, 275, 275, 273, 274, 276, 275, 275, 275, 273, 271, 276,
    274, 272, 273, 274, 276, 276, 272, 273, 273, 276, 276, 274, 277, 276,
    273, 277, 273, 274, 277, 276, 277, 276, 275, 274, 275, 277, 274, 273,
    276, 276, 274, 275, 274, 274, 276, 275, 274, 275, 273, 276, 275, 273,
    275, 273, 273, 276, 274 ]
headPositionsY: [ 95, 79, 79, 81, 79, 77, 80, 80, 78, 81, 79, 77, 78, 80,
    78, 78, 78, 80, 78, 78, 78, 77, 79, 79, 79, 77, 80, 80, 78, 79, 77,
    81, 80, 82, 80, 83, 83, 85, 85, 86, 85, 90, 88, 92, 93, 94, 95, 96,
    96, 93, 92, 94, 96, 96, 94, 94, 96, 94, 95, 92, 97, 97, 96, 96, 95,
    93, 96, 97, 95, 95, 93, 95, 97, 96, 94, 96, 97, 97, 96, 95, 93, 97,
    94, 97, 94, 95, 92, 94, 95, 96, 96, 95, 96, 98, 97, 93, 95, 96, 98,
    95 ]
