%YAML:1.0
---
videoName: "headLookDown9.mp4"
gestureLabel: 206
fps: 29
pixelSizeInCmTemp: 3.5220588235294115e-01
faceCenterPointX: 274
faceCenterPointY: 97
headPositionsX: [ 276, 271, 271, 271, 272, 271, 271, 271, 272, 270, 271,
    273, 271, 273, 273, 274, 274, 272, 274, 271, 274, 272, 274, 273, 271,
    271, 272, 270, 271, 270, 274, 274, 274, 273, 272, 272, 271, 273, 272,
    272, 273, 274, 271, 275, 270, 274, 275, 271, 271, 271, 270, 272, 275,
    273, 271, 274, 273, 272, 271, 271, 271, 275, 269, 272, 273, 271, 272,
    274, 270, 269, 270, 271, 275, 273, 270, 273, 274, 273, 271, 272, 270,
    272, 273, 272, 273, 273, 275, 270, 274, 272, 272, 271, 272, 274, 274,
    273, 274, 270, 275, 273 ]
headPositionsY: [ 99, 80, 83, 78, 79, 81, 80, 81, 80, 82, 82, 82, 78, 78,
    82, 80, 80, 79, 80, 77, 82, 79, 80, 78, 78, 79, 81, 79, 80, 82, 82,
    80, 84, 84, 85, 83, 86, 84, 88, 88, 88, 88, 90, 91, 94, 92, 94, 95,
    94, 99, 95, 99, 100, 99, 101, 98, 99, 100, 98, 100, 99, 99, 101, 96,
    97, 100, 98, 96, 97, 97, 100, 96, 100, 96, 97, 96, 98, 95, 98, 99,
    95, 95, 99, 97, 96, 99, 96, 98, 98, 95, 99, 97, 94, 97, 96, 98, 98,
    96, 97, 94 ]
