%YAML:1.0
---
videoName: "headLookDown6.mp4"
gestureLabel: 206
fps: 29
pixelSizeInCmTemp: 3.4710144927536229e-01
faceCenterPointX: 276
faceCenterPointY: 98
headPositionsX: [ 276, 273, 273, 276, 275, 277, 274, 273, 277, 274, 277,
    273, 275, 277, 273, 275, 276, 275, 275, 277, 277, 275, 275, 276, 276,
    273, 272, 274, 276, 273, 277, 276, 273, 274, 277, 275, 274, 273, 277,
    276, 276, 277, 277, 274, 275, 274, 278, 278, 277, 276, 274, 273, 275,
    279, 276, 277, 273, 275, 277, 276, 272, 276, 274, 274, 274, 277, 274,
    273, 273, 276, 273, 277, 277, 275, 275, 274, 274, 277, 272, 273, 274,
    274, 273, 277, 277, 274, 274, 276, 274, 278, 278, 276, 276, 275, 275,
    275, 279, 273, 278, 275 ]
headPositionsY: [ 100, 80, 82, 83, 80, 79, 80, 83, 80, 81, 79, 81, 83,
    79, 81, 81, 79, 80, 83, 82, 83, 82, 82, 81, 82, 83, 83, 83, 84, 85,
    83, 85, 82, 83, 83, 80, 82, 83, 84, 82, 82, 84, 86, 89, 86, 87, 90,
    90, 92, 90, 93, 94, 92, 93, 98, 95, 96, 98, 97, 100, 98, 96, 97, 96,
    96, 100, 99, 96, 100, 99, 98, 99, 97, 100, 99, 99, 97, 100, 98, 101,
    100, 99, 98, 97, 99, 96, 100, 99, 100, 101, 98, 97, 96, 101, 97, 96,
    99, 96, 97, 97 ]
