%YAML:1.0
---
videoName: "headLookDown9.mp4"
gestureLabel: 206
fps: 29
pixelSizeInCmTemp: 3.5220588235294115e-01
faceCenterPointX: 274
faceCenterPointY: 97
headPositionsX: [ 273, 271, 275, 270, 274, 271, 272, 273, 272, 271, 271,
    271, 272, 273, 272, 271, 273, 273, 273, 273, 275, 273, 274, 275, 270,
    275, 272, 274, 273, 270, 271, 273, 271, 271, 274, 272, 272, 273, 272,
    271, 271, 274, 274, 275, 272, 274, 271, 271, 274, 271, 273, 270, 271,
    271, 275, 270, 274, 270, 275, 273, 273, 272, 271, 273, 271, 270, 273,
    272, 271, 273, 270, 272, 271, 273, 272, 274, 272, 274, 274, 272, 274,
    273, 274, 272, 272, 275, 274, 271, 271, 274, 275, 275, 271, 275, 274,
    273, 271, 272, 271, 271 ]
headPositionsY: [ 98, 82, 79, 78, 79, 80, 80, 82, 82, 82, 84, 79, 77, 82,
    78, 80, 81, 81, 78, 77, 78, 79, 77, 78, 81, 78, 83, 79, 80, 79, 82,
    81, 84, 81, 84, 83, 82, 84, 86, 87, 91, 89, 90, 91, 92, 94, 95, 94,
    95, 98, 97, 96, 97, 96, 97, 98, 101, 97, 99, 97, 98, 100, 99, 96, 97,
    100, 96, 96, 97, 98, 98, 96, 97, 98, 96, 96, 95, 98, 98, 96, 99, 97,
    96, 95, 95, 97, 97, 97, 98, 97, 96, 98, 96, 96, 99, 98, 98, 96, 96,
    94 ]
