%YAML:1.0
---
videoName: "headLookDown3.mp4"
gestureLabel: 206
fps: 29
pixelSizeInCmTemp: 3.5746268656716418e-01
faceCenterPointX: 273
faceCenterPointY: 98
headPositionsX: [ 271, 273, 273, 272, 272, 271, 273, 273, 272, 275, 272,
    274, 271, 272, 273, 271, 273, 273, 274, 274, 274, 272, 273, 271, 274,
    273, 275, 273, 273, 275, 272, 275, 272, 273, 273, 271, 275, 270, 273,
    274, 273, 272, 269, 272, 271, 271, 272, 275, 272, 271, 270, 275, 273,
    273, 271, 271, 274, 274, 270, 270, 273, 271, 269, 272, 273, 270, 271,
    272, 270, 269, 272, 271, 272, 270, 273, 269, 271, 273, 271, 273, 272,
    272, 271, 272, 269, 274, 273, 271, 271, 272, 274, 275, 271, 271, 272,
    272, 275, 274, 273, 272 ]
headPositionsY: [ 99, 79, 77, 78, 77, 76, 78, 80, 80, 77, 77, 77, 78, 79,
    79, 80, 78, 80, 78, 79, 78, 77, 76, 79, 80, 79, 80, 80, 76, 79, 78,
    81, 81, 77, 82, 79, 78, 82, 83, 80, 81, 84, 86, 84, 84, 85, 88, 89,
    88, 90, 92, 92, 91, 90, 94, 94, 98, 94, 99, 98, 98, 98, 96, 97, 101,
    99, 100, 99, 102, 100, 102, 102, 99, 102, 103, 102, 100, 104, 102,
    99, 102, 102, 102, 100, 99, 99, 100, 102, 99, 99, 100, 101, 101, 100,
    101, 99, 101, 100, 99, 100 ]
