%YAML:1.0
---
videoName: "headLookDown7.mp4"
gestureLabel: 206
fps: 30
pixelSizeInCmTemp: 3.3732394366197183e-01
faceCenterPointX: 274
faceCenterPointY: 95
headPositionsX: [ 274, 275, 275, 275, 274, 272, 275, 274, 275, 276, 273,
    272, 274, 274, 273, 274, 274, 272, 271, 275, 273, 275, 276, 274, 274,
    274, 275, 276, 273, 273, 275, 271, 271, 275, 274, 274, 275, 273, 275,
    273, 272, 274, 272, 273, 271, 274, 276, 273, 271, 275, 276, 277, 275,
    274, 274, 273, 275, 275, 277, 277, 273, 275, 274, 276, 273, 275, 272,
    273, 272, 274, 273, 272, 275, 275, 276, 273, 273, 276, 274, 275, 277,
    276, 277, 274, 276, 272, 274, 277, 275, 277, 275, 274, 275, 272, 276,
    276, 276, 274, 274, 273 ]
headPositionsY: [ 95, 82, 82, 81, 81, 84, 83, 80, 81, 82, 83, 83, 83, 81,
    80, 81, 82, 80, 80, 84, 80, 84, 82, 83, 85, 81, 82, 83, 83, 83, 82,
    84, 80, 83, 81, 82, 83, 81, 85, 82, 84, 81, 82, 83, 84, 84, 84, 85,
    84, 84, 86, 85, 85, 88, 86, 90, 89, 92, 92, 95, 95, 96, 92, 94, 96,
    93, 95, 93, 95, 97, 94, 93, 95, 95, 94, 93, 97, 97, 97, 94, 96, 96,
    97, 96, 97, 97, 98, 97, 96, 97, 95, 94, 98, 95, 97, 98, 98, 96, 96,
    97 ]
