%YAML:1.0
---
videoName: "headLookDown9.mp4"
gestureLabel: 206
fps: 29
pixelSizeInCmTemp: 3.5220588235294115e-01
faceCenterPointX: 274
faceCenterPointY: 97
headPositionsX: [ 274, 272, 275, 271, 273, 272, 271, 270, 272, 272, 273,
    271, 269, 271, 271, 271, 270, 274, 272, 274, 273, 270, 275, 275, 271,
    274, 273, 273, 272, 274, 273, 271, 273, 273, 273, 274, 273, 272, 273,
    272, 273, 272, 275, 274, 272, 273, 273, 273, 271, 272, 274, 274, 275,
    270, 272, 273, 271, 271, 273, 272, 271, 274, 270, 270, 272, 272, 272,
    275, 272, 271, 274, 270, 272, 271, 270, 271, 271, 274, 270, 275, 270,
    270, 274, 271, 274, 275, 273, 270, 271, 272, 275, 274, 271, 276, 271,
    272, 272, 272, 275, 273 ]
headPositionsY: [ 95, 79, 79, 82, 78, 83, 78, 79, 83, 78, 81, 80, 81, 78,
    81, 81, 79, 80, 78, 81, 80, 79, 79, 80, 81, 82, 80, 79, 81, 83, 81,
    83, 84, 84, 83, 83, 83, 82, 86, 88, 89, 89, 92, 93, 93, 92, 94, 96,
    96, 96, 96, 97, 98, 98, 97, 100, 98, 96, 98, 101, 99, 100, 98, 97,
    96, 100, 99, 99, 98, 97, 98, 98, 98, 96, 96, 94, 99, 99, 99, 99, 96,
    98, 95, 98, 97, 97, 95, 97, 96, 96, 98, 99, 95, 96, 98, 95, 97, 97,
    95, 94 ]
