%YAML:1.0
---
videoName: "headLookDown7.mp4"
gestureLabel: 206
fps: 30
pixelSizeInCmTemp: 3.3732394366197183e-01
faceCenterPointX: 274
faceCenterPointY: 95
headPositionsX: [ 274, 273, 274, 272, 274, 272, 271, 273, 273, 273, 273,
    272, 273, 272, 276, 272, 275, 271, 273, 274, 274, 274, 275, 276, 272,
    272, 275, 274, 272, 273, 273, 271, 273, 273, 273, 273, 271, 271, 272,
    273, 272, 271, 274, 272, 275, 274, 275, 273, 273, 274, 273, 275, 275,
    276, 274, 272, 277, 274, 273, 275, 277, 274, 273, 276, 275, 275, 274,
    272, 272, 276, 275, 274, 276, 272, 274, 273, 273, 276, 276, 276, 276,
    275, 276, 273, 277, 275, 278, 274, 277, 276, 275, 274, 278, 276, 275,
    276, 274, 276, 276, 277 ]
headPositionsY: [ 94, 85, 84, 84, 81, 82, 81, 83, 83, 82, 82, 83, 85, 83,
    83, 82, 83, 84, 84, 83, 84, 81, 81, 84, 81, 85, 81, 85, 82, 83, 81,
    81, 81, 83, 81, 84, 85, 81, 83, 81, 81, 84, 81, 82, 84, 82, 85, 82,
    82, 86, 87, 85, 84, 88, 88, 91, 89, 93, 93, 92, 93, 92, 95, 97, 95,
    93, 95, 97, 93, 96, 94, 94, 97, 97, 97, 94, 95, 95, 94, 98, 94, 96,
    95, 95, 96, 93, 96, 95, 95, 99, 94, 97, 99, 98, 98, 98, 94, 94, 96,
    95 ]
