%YAML:1.0
---
videoName: "headLookDown9.mp4"
gestureLabel: 206
fps: 29
pixelSizeInCmTemp: 3.5220588235294115e-01
faceCenterPointX: 274
faceCenterPointY: 97
headPositionsX: [ 273, 270, 271, 272, 271, 274, 272, 272, 270, 272, 272,
    274, 269, 271, 272, 272, 270, 272, 273, 272, 271, 272, 271, 272, 270,
    274, 273, 273, 274, 274, 273, 274, 272, 272, 272, 270, 273, 273, 275,
    275, 273, 275, 273, 274, 270, 270, 273, 273, 272, 274, 273, 270, 275,
    270, 271, 271, 273, 271, 272, 271, 273, 275, 269, 272, 270, 270, 272,
    272, 273, 269, 274, 274, 274, 270, 274, 275, 274, 271, 273, 273, 272,
    274, 274, 271, 275, 275, 275, 272, 273, 271, 275, 272, 274, 274, 274,
    271, 274, 274, 271, 272 ]
headPositionsY: [ 95, 79, 81, 79, 81, 82, 80, 78, 81, 80, 83, 78, 79, 80,
    82, 81, 82, 82, 81, 81, 82, 79, 78, 81, 78, 81, 83, 79, 80, 82, 81,
    79, 81, 81, 81, 87, 85, 82, 89, 89, 87, 88, 90, 93, 94, 92, 98, 94,
    94, 97, 98, 97, 101, 96, 97, 99, 99, 100, 99, 100, 98, 98, 100, 99,
    98, 100, 99, 98, 97, 98, 100, 97, 96, 98, 96, 97, 95, 98, 99, 96, 97,
    98, 97, 95, 96, 97, 99, 99, 97, 97, 96, 98, 96, 95, 96, 98, 97, 94,
    95, 98 ]
