%YAML:1.0
---
videoName: "headLookDown3.mp4"
gestureLabel: 206
fps: 29
pixelSizeInCmTemp: 3.5746268656716418e-01
faceCenterPointX: 273
faceCenterPointY: 98
headPositionsX: [ 274, 271, 273, 272, 271, 270, 274, 274, 272, 275, 272,
    274, 272, 273, 274, 271, 271, 271, 272, 273, 272, 273, 271, 272, 273,
    272, 271, 275, 274, 271, 271, 273, 271, 270, 271, 271, 275, 273, 272,
    272, 273, 270, 271, 270, 272, 275, 270, 271, 273, 273, 271, 274, 270,
    272, 274, 272, 271, 273, 273, 273, 270, 274, 271, 272, 270, 271, 270,
    271, 272, 272, 273, 274, 269, 270, 272, 269, 270, 270, 273, 274, 272,
    271, 271, 271, 270, 274, 270, 271, 272, 273, 274, 272, 273, 272, 275,
    273, 275, 271, 273, 272 ]
headPositionsY: [ 100, 76, 80, 76, 80, 76, 78, 77, 79, 76, 80, 76, 76,
    80, 80, 80, 79, 80, 78, 80, 80, 78, 76, 77, 80, 77, 80, 80, 77, 81,
    77, 80, 79, 79, 81, 78, 80, 78, 80, 79, 83, 84, 84, 85, 84, 86, 86,
    88, 91, 89, 89, 90, 92, 94, 95, 92, 97, 97, 99, 96, 100, 101, 100,
    97, 101, 101, 98, 101, 98, 101, 100, 104, 103, 102, 102, 100, 103,
    104, 103, 101, 99, 103, 102, 100, 100, 100, 102, 99, 101, 102, 98,
    99, 101, 102, 102, 98, 102, 98, 102, 101 ]
