%YAML:1.0
---
videoName: "headLookDown7.mp4"
gestureLabel: 206
fps: 30
pixelSizeInCmTemp: 3.3732394366197183e-01
faceCenterPointX: 274
faceCenterPointY: 95
headPositionsX: [ 272, 273, 271, 272, 273, 274, 271, 271, 272, 273, 273,
    274, 276, 271, 273, 275, 271, 271, 275, 271, 273, 272, 275, 274, 272,
    272, 276, 272, 275, 274, 273, 274, 271, 272, 271, 273, 272, 272, 275,
    275, 272, 275, 275, 271, 272, 271, 273, 272, 271, 274, 276, 275, 272,
    273, 272, 276, 274, 273, 275, 274, 275, 275, 274, 274, 273, 275, 275,
    274, 274, 273, 274, 273, 276, 272, 272, 272, 276, 274, 276, 274, 277,
    273, 273, 274, 277, 275, 278, 276, 276, 277, 272, 275, 276, 272, 277,
    274, 275, 275, 272, 276 ]
headPositionsY: [ 93, 81, 84, 83, 81, 82, 84, 81, 81, 82, 83, 85, 83, 81,
    84, 81, 84, 81, 83, 84, 80, 83, 82, 81, 84, 82, 84, 81, 81, 81, 81,
    82, 80, 85, 83, 82, 84, 82, 84, 83, 82, 85, 84, 84, 81, 86, 85, 83,
    86, 86, 83, 88, 86, 89, 89, 88, 89, 90, 94, 94, 95, 94, 92, 97, 96,
    92, 97, 97, 96, 93, 95, 95, 94, 95, 97, 94, 96, 97, 95, 94, 96, 94,
    95, 95, 93, 95, 98, 97, 96, 97, 97, 97, 96, 96, 94, 98, 95, 98, 94,
    96 ]
