%YAML:1.0
---
videoName: "headLookDown8.mp4"
gestureLabel: 206
fps: 29
pixelSizeInCmTemp: 3.3732394366197183e-01
faceCenterPointX: 276
faceCenterPointY: 96
headPositionsX: [ 277, 273, 276, 272, 275, 273, 277, 273, 274, 275, 272,
    275, 273, 277, 274, 276, 277, 273, 275, 278, 274, 274, 278, 273, 272,
    273, 273, 274, 274, 272, 272, 273, 273, 274, 272, 272, 272, 273, 272,
    277, 276, 277, 277, 275, 274, 276, 276, 273, 274, 274, 278, 275, 278,
    274, 275, 277, 274, 277, 276, 274, 277, 274, 274, 275, 274, 276, 278,
    277, 275, 276, 274, 276, 277, 274, 274, 276, 275, 274, 277, 277, 278,
    278, 274, 278, 276, 277, 274, 278, 277, 275, 275, 274, 276, 278, 277,
    275, 274, 278, 274, 278 ]
headPositionsY: [ 94, 81, 81, 79, 81, 78, 79, 77, 80, 80, 81, 78, 79, 81,
    81, 82, 79, 82, 80, 82, 79, 77, 77, 81, 79, 79, 80, 81, 81, 82, 79,
    79, 80, 83, 82, 85, 82, 82, 86, 87, 89, 89, 88, 90, 91, 91, 94, 91,
    93, 96, 96, 97, 99, 97, 97, 96, 96, 97, 96, 98, 99, 97, 97, 100, 96,
    100, 98, 98, 96, 98, 95, 95, 97, 99, 94, 95, 99, 96, 96, 96, 98, 95,
    96, 96, 95, 95, 98, 97, 99, 99, 94, 94, 96, 99, 95, 94, 97, 98, 94,
    95 ]
