%YAML:1.0
---
videoName: "headLookDown6.mp4"
gestureLabel: 206
fps: 29
pixelSizeInCmTemp: 3.4710144927536229e-01
faceCenterPointX: 276
faceCenterPointY: 98
headPositionsX: [ 277, 273, 273, 274, 276, 273, 277, 275, 277, 275, 274,
    276, 277, 277, 277, 273, 276, 276, 277, 277, 275, 275, 277, 275, 273,
    276, 275, 276, 275, 274, 276, 274, 275, 274, 276, 276, 277, 275, 273,
    276, 274, 278, 273, 277, 275, 275, 278, 278, 277, 274, 278, 276, 277,
    277, 278, 274, 277, 273, 277, 277, 273, 273, 276, 276, 275, 277, 275,
    272, 276, 274, 272, 277, 274, 277, 277, 276, 275, 276, 272, 275, 273,
    277, 274, 275, 276, 274, 277, 274, 274, 278, 274, 278, 275, 276, 273,
    275, 277, 277, 278, 275 ]
headPositionsY: [ 97, 80, 82, 80, 79, 81, 80, 81, 80, 81, 80, 82, 80, 79,
    80, 82, 81, 82, 83, 81, 81, 80, 84, 83, 82, 82, 81, 83, 82, 85, 82,
    82, 80, 83, 85, 82, 83, 83, 84, 81, 85, 85, 85, 87, 88, 86, 89, 91,
    93, 94, 92, 94, 94, 96, 95, 94, 98, 97, 99, 96, 94, 97, 96, 99, 100,
    99, 97, 95, 98, 101, 99, 98, 97, 101, 98, 97, 99, 97, 100, 100, 98,
    100, 99, 100, 97, 97, 100, 100, 99, 101, 98, 97, 96, 99, 95, 96, 97,
    95, 97, 98 ]
