%YAML:1.0
---
videoName: "headLookDown9.mp4"
gestureLabel: 206
fps: 29
pixelSizeInCmTemp: 3.5220588235294115e-01
faceCenterPointX: 274
faceCenterPointY: 97
headPositionsX: [ 273, 271, 273, 274, 271, 273, 272, 270, 272, 271, 272,
    274, 271, 272, 272, 273, 274, 272, 272, 273, 274, 271, 275, 271, 272,
    273, 273, 274, 273, 270, 274, 273, 273, 272, 275, 270, 274, 271, 272,
    275, 272, 271, 273, 271, 273, 273, 272, 270, 271, 275, 273, 274, 273,
    270, 275, 273, 274, 273, 274, 273, 272, 273, 270, 272, 274, 270, 274,
    274, 270, 271, 271, 274, 275, 270, 272, 272, 271, 274, 271, 275, 270,
    274, 272, 273, 271, 274, 271, 270, 273, 271, 272, 273, 274, 275, 274,
    273, 271, 273, 273, 272 ]
headPositionsY: [ 98, 79, 80, 79, 80, 81, 81, 79, 81, 82, 84, 82, 81, 79,
    78, 81, 79, 78, 79, 78, 82, 78, 80, 79, 79, 79, 82, 82, 78, 79, 79,
    82, 81, 84, 82, 84, 82, 86, 88, 87, 90, 90, 91, 92, 91, 91, 95, 95,
    95, 97, 98, 99, 100, 98, 99, 98, 101, 97, 99, 97, 101, 97, 101, 97,
    98, 98, 96, 99, 96, 99, 99, 95, 96, 95, 100, 94, 99, 95, 95, 99, 95,
    96, 95, 99, 99, 95, 98, 98, 96, 98, 95, 95, 95, 96, 95, 99, 97, 97,
    97, 94 ]
