%YAML:1.0
---
videoName: "headLookDown4.mp4"
gestureLabel: 206
fps: 29
pixelSizeInCmTemp: 3.4710144927536229e-01
faceCenterPointX: 275
faceCenterPointY: 97
headPositionsX: [ 277, 272, 272, 275, 274, 273, 270, 271, 272, 275, 272,
    275, 275, 273, 272, 275, 274, 271, 275, 271, 271, 272, 273, 274, 272,
    271, 274, 272, 273, 274, 271, 274, 272, 274, 274, 271, 273, 273, 273,
    275, 275, 275, 273, 273, 275, 272, 273, 271, 272, 272, 275, 276, 273,
    271, 275, 273, 274, 275, 274, 275, 275, 275, 273, 273, 275, 275, 272,
    271, 273, 274, 274, 272, 276, 275, 275, 276, 276, 275, 274, 275, 275,
    274, 274, 274, 273, 274, 274, 275, 274, 273, 275, 276, 276, 274, 274,
    273, 274, 272, 277, 277 ]
headPositionsY: [ 98, 82, 83, 81, 80, 79, 81, 78, 79, 79, 82, 81, 81, 78,
    78, 82, 83, 82, 82, 81, 79, 81, 82, 82, 81, 79, 79, 79, 78, 79, 83,
    79, 82, 83, 84, 82, 84, 82, 84, 87, 89, 87, 88, 90, 89, 92, 92, 93,
    94, 94, 94, 98, 98, 99, 98, 102, 99, 99, 102, 102, 98, 102, 101, 103,
    101, 98, 102, 98, 98, 102, 100, 99, 98, 99, 97, 96, 96, 96, 96, 96,
    96, 95, 99, 95, 96, 100, 95, 98, 95, 95, 97, 98, 97, 97, 95, 95, 97,
    96, 100, 96 ]
