%YAML:1.0
---
videoName: "headLookDown6.mp4"
gestureLabel: 206
fps: 29
pixelSizeInCmTemp: 3.4710144927536229e-01
faceCenterPointX: 276
faceCenterPointY: 98
headPositionsX: [ 275, 273, 273, 273, 275, 275, 273, 276, 275, 276, 274,
    273, 276, 275, 274, 273, 274, 273, 276, 278, 276, 273, 273, 277, 277,
    275, 276, 276, 275, 276, 277, 276, 277, 275, 276, 273, 274, 274, 276,
    273, 273, 276, 277, 274, 275, 274, 276, 278, 277, 277, 275, 273, 277,
    279, 277, 274, 275, 277, 275, 277, 275, 276, 277, 272, 277, 274, 276,
    275, 273, 275, 273, 277, 275, 277, 274, 273, 273, 275, 275, 275, 274,
    273, 275, 275, 274, 275, 278, 278, 278, 276, 275, 274, 277, 276, 274,
    274, 279, 277, 279, 278 ]
headPositionsY: [ 97, 81, 80, 79, 79, 83, 83, 79, 82, 83, 80, 82, 83, 80,
    82, 82, 83, 83, 79, 83, 81, 84, 84, 81, 82, 81, 81, 81, 83, 81, 81,
    82, 84, 83, 85, 81, 82, 85, 86, 83, 81, 83, 84, 88, 87, 89, 89, 89,
    92, 92, 95, 96, 96, 94, 96, 97, 99, 96, 98, 98, 97, 98, 99, 100, 99,
    99, 100, 96, 96, 97, 98, 100, 99, 97, 101, 101, 98, 100, 96, 97, 101,
    99, 100, 101, 101, 99, 98, 100, 97, 100, 98, 99, 98, 100, 98, 99,
    100, 98, 96, 96 ]
