%YAML:1.0
---
videoName: "headLookDown6.mp4"
gestureLabel: 206
fps: 29
pixelSizeInCmTemp: 3.4710144927536229e-01
faceCenterPointX: 276
faceCenterPointY: 98
headPositionsX: [ 275, 277, 274, 276, 273, 275, 274, 275, 275, 273, 275,
    277, 275, 274, 274, 276, 276, 275, 275, 275, 276, 274, 276, 275, 276,
    273, 276, 275, 274, 277, 275, 274, 277, 275, 276, 276, 274, 274, 277,
    272, 274, 274, 275, 277, 278, 273, 275, 276, 273, 277, 277, 275, 273,
    279, 277, 277, 277, 275, 275, 275, 273, 275, 275, 275, 277, 276, 275,
    274, 277, 276, 273, 274, 274, 276, 276, 273, 273, 277, 272, 275, 273,
    277, 277, 274, 274, 274, 277, 276, 278, 277, 277, 275, 277, 274, 275,
    275, 276, 276, 277, 278 ]
headPositionsY: [ 97, 80, 81, 79, 82, 81, 79, 81, 82, 81, 81, 83, 79, 82,
    79, 79, 80, 82, 83, 82, 84, 81, 82, 84, 80, 83, 80, 80, 81, 81, 82,
    82, 82, 82, 84, 81, 81, 85, 86, 84, 81, 86, 85, 89, 84, 86, 89, 89,
    90, 94, 91, 96, 94, 96, 94, 96, 99, 97, 95, 99, 96, 96, 96, 98, 98,
    97, 96, 97, 100, 100, 97, 97, 101, 101, 99, 98, 101, 97, 96, 100,
    102, 99, 98, 97, 97, 97, 101, 97, 100, 101, 100, 100, 99, 97, 99, 97,
    100, 96, 98, 99 ]
