%YAML:1.0
---
videoName: "headLookDown9.mp4"
gestureLabel: 206
fps: 29
pixelSizeInCmTemp: 3.5220588235294115e-01
faceCenterPointX: 274
faceCenterPointY: 97
headPositionsX: [ 273, 272, 271, 274, 271, 274, 275, 271, 272, 273, 273,
    274, 270, 271, 274, 273, 274, 275, 274, 271, 272, 271, 273, 272, 272,
    272, 273, 274, 272, 272, 271, 275, 272, 274, 274, 273, 273, 273, 271,
    272, 272, 272, 274, 275, 270, 272, 275, 274, 273, 274, 274, 270, 273,
    274, 272, 271, 275, 270, 272, 273, 271, 272, 273, 270, 273, 270, 274,
    272, 269, 269, 273, 273, 272, 272, 270, 273, 271, 270, 270, 273, 274,
    272, 274, 271, 273, 271, 274, 274, 275, 272, 272, 272, 271, 273, 273,
    275, 271, 273, 272, 271 ]
headPositionsY: [ 99, 80, 80, 78, 80, 79, 77, 80, 79, 80, 84, 82, 81, 80,
    81, 78, 82, 79, 82, 77, 80, 78, 77, 81, 79, 78, 82, 80, 82, 82, 83,
    80, 80, 81, 81, 83, 85, 86, 86, 86, 91, 90, 89, 92, 92, 93, 96, 97,
    95, 95, 99, 99, 97, 99, 97, 97, 102, 100, 99, 101, 99, 101, 100, 100,
    96, 99, 97, 97, 98, 97, 98, 95, 97, 97, 96, 96, 95, 96, 98, 95, 96,
    96, 96, 96, 95, 96, 99, 96, 96, 95, 97, 97, 94, 96, 96, 98, 95, 97,
    96, 98 ]
