%YAML:1.0
---
videoName: "headLookDown0.mp4"
gestureLabel: 206
fps: 29
pixelSizeInCmTemp: 3.3263888888888887e-01
faceCenterPointX: 273
faceCenterPointY: 93
headPositionsX: [ 274, 274, 273, 273, 272, 272, 273, 271, 274, 269, 271,
    272, 272, 274, 271, 270, 274, 270, 273, 271, 271, 271, 274, 273, 272,
    271, 273, 270, 273, 270, 274, 270, 271, 270, 269, 274, 271, 272, 273,
    272, 270, 272, 270, 272, 274, 272, 270, 274, 275, 272, 273, 272, 273,
    271, 274, 272, 270, 272, 269, 273, 272, 272, 272, 272, 269, 274, 270,
    273, 273, 273, 273, 273, 273, 271, 274, 274, 270, 271, 274, 274, 271,
    274, 275, 274, 274, 273, 275, 274, 273, 270, 273, 271, 272, 272, 272,
    275, 274, 270, 275, 272 ]
headPositionsY: [ 93, 76, 81, 79, 81, 77, 78, 78, 79, 79, 78, 78, 80, 77,
    81, 77, 79, 81, 81, 79, 79, 82, 80, 80, 82, 81, 82, 80, 80, 77, 82,
    80, 82, 78, 82, 79, 79, 81, 81, 82, 85, 86, 87, 91, 91, 94, 96, 95,
    97, 96, 95, 97, 98, 98, 98, 96, 95, 95, 94, 96, 98, 96, 94, 95, 95,
    98, 94, 97, 94, 98, 96, 98, 94, 97, 94, 96, 95, 97, 92, 93, 95, 93,
    93, 93, 93, 94, 97, 93, 95, 95, 92, 96, 92, 93, 95, 95, 92, 91, 91,
    96 ]
