%YAML:1.0
---
videoName: "headLookDown7.mp4"
gestureLabel: 206
fps: 30
pixelSizeInCmTemp: 3.3732394366197183e-01
faceCenterPointX: 274
faceCenterPointY: 95
headPositionsX: [ 276, 274, 271, 273, 272, 273, 272, 273, 272, 274, 272,
    275, 276, 273, 274, 275, 272, 274, 273, 275, 275, 274, 274, 273, 273,
    273, 275, 274, 276, 275, 275, 274, 271, 274, 273, 275, 271, 272, 275,
    274, 274, 273, 273, 274, 274, 275, 274, 276, 275, 276, 274, 273, 272,
    276, 276, 275, 276, 277, 275, 277, 273, 273, 274, 276, 273, 275, 276,
    274, 274, 274, 276, 274, 273, 275, 272, 273, 274, 276, 277, 277, 275,
    274, 275, 276, 275, 276, 277, 274, 274, 278, 276, 277, 276, 275, 274,
    277, 276, 274, 273, 277 ]
headPositionsY: [ 94, 85, 81, 82, 81, 80, 81, 80, 81, 85, 81, 82, 81, 80,
    82, 81, 82, 82, 84, 85, 81, 84, 81, 80, 85, 85, 81, 83, 83, 82, 83,
    80, 84, 83, 83, 84, 83, 84, 84, 83, 82, 84, 84, 84, 85, 84, 82, 83,
    85, 84, 85, 84, 86, 88, 88, 90, 90, 93, 91, 91, 94, 95, 95, 94, 94,
    93, 93, 96, 95, 96, 97, 94, 93, 95, 93, 93, 98, 97, 96, 98, 94, 94,
    95, 98, 97, 93, 97, 95, 94, 97, 95, 95, 96, 97, 95, 98, 98, 97, 96,
    97 ]
