%YAML:1.0
---
videoName: "headLookDown5.mp4"
gestureLabel: 206
fps: 29
pixelSizeInCmTemp: 3.4710144927536229e-01
faceCenterPointX: 272
faceCenterPointY: 102
headPositionsX: [ 271, 270, 271, 270, 273, 273, 270, 273, 271, 273, 273,
    273, 271, 269, 271, 270, 274, 271, 270, 272, 274, 270, 269, 270, 273,
    269, 270, 271, 271, 270, 269, 271, 271, 271, 269, 270, 270, 271, 272,
    271, 272, 274, 269, 272, 270, 269, 272, 270, 270, 272, 274, 273, 272,
    275, 275, 270, 273, 271, 272, 274, 273, 271, 270, 273, 269, 273, 270,
    270, 271, 274, 273, 272, 273, 272, 273, 271, 270, 271, 273, 274, 269,
    274, 272, 271, 275, 271, 274, 273, 271, 271, 272, 273, 275, 274, 272,
    273, 274, 271, 275, 274 ]
headPositionsY: [ 104, 86, 85, 86, 86, 83, 82, 84, 85, 82, 86, 83, 81,
    84, 85, 83, 82, 81, 83, 84, 84, 85, 83, 84, 85, 81, 82, 85, 85, 83,
    84, 84, 84, 81, 85, 81, 82, 83, 85, 82, 84, 84, 84, 84, 81, 82, 87,
    85, 85, 86, 91, 90, 91, 92, 96, 93, 97, 97, 96, 97, 97, 98, 99, 99,
    99, 100, 103, 100, 100, 99, 100, 100, 101, 101, 101, 102, 104, 103,
    101, 104, 102, 103, 104, 101, 105, 104, 104, 100, 102, 100, 105, 100,
    101, 101, 102, 103, 102, 102, 104, 101 ]
