%YAML:1.0
---
videoName: "headLookDown8.mp4"
gestureLabel: 206
fps: 29
pixelSizeInCmTemp: 3.3732394366197183e-01
faceCenterPointX: 276
faceCenterPointY: 96
headPositionsX: [ 276, 275, 276, 273, 273, 273, 276, 272, 273, 275, 272,
    273, 273, 277, 277, 276, 273, 274, 273, 276, 274, 272, 275, 274, 272,
    277, 273, 276, 275, 276, 271, 273, 272, 273, 272, 275, 275, 274, 273,
    276, 275, 277, 273, 273, 277, 274, 277, 277, 277, 274, 275, 278, 275,
    275, 276, 278, 278, 274, 278, 275, 278, 276, 275, 273, 274, 277, 278,
    275, 274, 278, 278, 274, 277, 274, 274, 278, 274, 277, 275, 278, 276,
    278, 277, 275, 274, 277, 276, 278, 277, 275, 275, 275, 276, 277, 276,
    278, 274, 279, 274, 278 ]
headPositionsY: [ 98, 81, 77, 80, 78, 81, 81, 77, 79, 82, 78, 79, 77, 77,
    79, 82, 78, 78, 81, 80, 78, 79, 81, 81, 78, 78, 82, 82, 80, 82, 80,
    82, 79, 81, 83, 83, 86, 82, 87, 85, 86, 91, 89, 88, 90, 91, 92, 94,
    96, 95, 96, 97, 98, 98, 98, 100, 98, 97, 98, 95, 97, 96, 99, 97, 98,
    100, 97, 98, 99, 99, 95, 97, 96, 96, 98, 99, 99, 97, 96, 97, 97, 97,
    98, 94, 94, 98, 98, 96, 99, 98, 98, 97, 98, 97, 94, 98, 95, 97, 96,
    94 ]
