%YAML:1.0
---
videoName: "headLookDown2.mp4"
gestureLabel: 206
fps: 29
pixelSizeInCmTemp: 3.3732394366197183e-01
faceCenterPointX: 274
faceCenterPointY: 95
headPositionsX: [ 274, 275, 276, 272, 273, 274, 274, 275, 272, 274, 273,
    272, 274, 274, 275, 275, 273, 274, 271, 275, 273, 274, 271, 274, 276,
    275, 272, 272, 276, 272, 272, 272, 273, 271, 275, 274, 273, 275, 275,
    274, 275, 272, 273, 277, 275, 275, 275, 272, 273, 275, 274, 273, 272,
    275, 273, 272, 272, 276, 276, 276, 276, 275, 276, 275, 273, 273, 276,
    274, 275, 273, 272, 273, 276, 277, 275, 277, 277, 277, 274, 275, 277,
    278, 275, 277, 274, 275, 274, 273, 277, 276, 274, 277, 273, 274, 273,
    273, 275, 273, 276, 273 ]
headPositionsY: [ 97, 81, 80, 79, 78, 80, 78, 79, 80, 79, 79, 77, 77, 81,
    81, 81, 78, 77, 81, 77, 77, 77, 80, 77, 82, 78, 82, 78, 80, 79, 78,
    81, 81, 82, 80, 80, 81, 82, 85, 87, 88, 87, 92, 91, 92, 94, 92, 96,
    94, 94, 96, 95, 96, 92, 92, 94, 92, 96, 93, 96, 97, 94, 96, 93, 96,
    96, 93, 97, 97, 96, 93, 92, 94, 94, 97, 94, 94, 94, 93, 96, 97, 93,
    96, 93, 97, 93, 92, 97, 97, 93, 97, 97, 93, 98, 95, 96, 96, 97, 95,
    97 ]
