%YAML:1.0
---
videoName: "headLookDown6.mp4"
gestureLabel: 206
fps: 29
pixelSizeInCmTemp: 3.4710144927536229e-01
faceCenterPointX: 276
faceCenterPointY: 98
headPositionsX: [ 278, 274, 277, 275, 277, 274, 274, 273, 275, 275, 274,
    276, 274, 277, 273, 274, 275, 276, 276, 278, 274, 273, 273, 276, 274,
    275, 274, 277, 276, 276, 275, 278, 277, 276, 278, 276, 274, 273, 274,
    275, 275, 274, 273, 277, 276, 273, 274, 274, 274, 275, 275, 276, 273,
    275, 275, 277, 276, 274, 275, 276, 275, 273, 276, 273, 275, 277, 276,
    274, 274, 274, 273, 277, 274, 274, 277, 277, 275, 275, 276, 275, 273,
    276, 273, 278, 273, 273, 278, 276, 276, 274, 276, 278, 274, 277, 274,
    274, 277, 273, 275, 274 ]
headPositionsY: [ 100, 80, 82, 80, 81, 82, 83, 83, 80, 83, 79, 80, 83,
    82, 79, 82, 82, 79, 82, 82, 82, 83, 80, 80, 79, 83, 81, 84, 82, 82,
    84, 85, 84, 83, 85, 84, 81, 81, 84, 85, 82, 86, 83, 87, 84, 87, 91,
    89, 93, 90, 95, 95, 96, 95, 95, 95, 96, 95, 99, 98, 94, 98, 99, 96,
    99, 100, 100, 96, 96, 97, 95, 98, 100, 100, 101, 97, 97, 100, 96,
    100, 100, 98, 100, 99, 100, 98, 97, 100, 98, 99, 98, 100, 96, 101,
    99, 96, 96, 95, 96, 97 ]
