%YAML:1.0
---
videoName: "headLookDown4.mp4"
gestureLabel: 206
fps: 29
pixelSizeInCmTemp: 3.4710144927536229e-01
faceCenterPointX: 275
faceCenterPointY: 97
headPositionsX: [ 274, 273, 273, 275, 274, 275, 270, 270, 273, 272, 276,
    275, 273, 272, 274, 275, 273, 275, 271, 273, 272, 275, 273, 271, 272,
    272, 272, 272, 271, 274, 272, 273, 273, 273, 272, 275, 274, 270, 272,
    271, 275, 275, 275, 272, 273, 272, 276, 273, 276, 272, 275, 272, 276,
    271, 273, 275, 271, 272, 274, 271, 274, 273, 276, 272, 274, 272, 274,
    273, 274, 274, 274, 276, 276, 272, 274, 272, 273, 273, 274, 275, 275,
    277, 276, 274, 277, 276, 277, 276, 277, 276, 273, 276, 275, 276, 277,
    274, 275, 274, 277, 275 ]
headPositionsY: [ 95, 80, 82, 79, 80, 83, 81, 82, 81, 79, 80, 81, 79, 78,
    82, 82, 83, 81, 82, 83, 82, 82, 78, 81, 79, 83, 83, 81, 81, 80, 82,
    82, 84, 82, 85, 86, 83, 86, 86, 88, 90, 87, 88, 92, 91, 94, 94, 92,
    94, 93, 94, 98, 98, 99, 99, 102, 100, 102, 100, 98, 100, 98, 99, 101,
    100, 98, 102, 100, 97, 102, 101, 100, 99, 99, 98, 98, 97, 97, 100,
    98, 98, 97, 95, 96, 95, 99, 96, 96, 95, 99, 96, 97, 97, 96, 99, 94,
    97, 99, 96, 95 ]
