%YAML:1.0
---
videoName: "headLookDown5.mp4"
gestureLabel: 206
fps: 29
pixelSizeInCmTemp: 3.4710144927536229e-01
faceCenterPointX: 272
faceCenterPointY: 102
headPositionsX: [ 271, 272, 269, 272, 271, 270, 272, 269, 274, 273, 269,
    272, 273, 270, 270, 270, 274, 271, 269, 273, 274, 273, 270, 272, 271,
    270, 271, 273, 271, 271, 273, 269, 270, 271, 271, 270, 274, 270, 271,
    273, 273, 271, 271, 271, 270, 273, 272, 272, 270, 272, 272, 270, 271,
    272, 273, 274, 270, 273, 272, 271, 272, 271, 274, 271, 273, 269, 270,
    271, 270, 274, 270, 271, 272, 275, 273, 270, 270, 270, 273, 271, 271,
    272, 269, 274, 272, 275, 272, 271, 271, 273, 272, 272, 273, 271, 272,
    274, 275, 273, 274, 274 ]
headPositionsY: [ 100, 83, 83, 83, 82, 84, 85, 85, 86, 85, 82, 84, 85,
    82, 81, 85, 85, 83, 85, 82, 86, 82, 81, 81, 83, 82, 81, 83, 84, 82,
    84, 83, 84, 84, 82, 82, 86, 83, 85, 81, 85, 84, 83, 82, 84, 83, 86,
    83, 86, 86, 87, 87, 91, 91, 93, 93, 94, 98, 99, 97, 100, 99, 100,
    101, 103, 102, 103, 103, 101, 103, 103, 104, 103, 103, 100, 103, 104,
    99, 104, 105, 104, 105, 100, 101, 103, 106, 102, 102, 104, 104, 105,
    103, 103, 101, 100, 101, 104, 103, 102, 100 ]
