%YAML:1.0
---
videoName: "headLookDown1.mp4"
gestureLabel: 206
fps: 29
pixelSizeInCmTemp: 3.4710144927536229e-01
faceCenterPointX: 271
faceCenterPointY: 97
headPositionsX: [ 270, 268, 269, 272, 272, 272, 268, 270, 271, 269, 272,
    270, 268, 270, 268, 269, 269, 272, 270, 273, 273, 270, 269, 271, 271,
    270, 274, 270, 273, 272, 272, 270, 270, 273, 272, 272, 274, 273, 270,
    270, 269, 272, 269, 269, 271, 272, 270, 271, 273, 270, 271, 269, 273,
    271, 273, 272, 271, 269, 270, 269, 271, 271, 273, 272, 270, 269, 269,
    271, 270, 270, 270, 268, 272, 272, 273, 272, 271, 273, 268, 271, 271,
    273, 273, 272, 269, 270, 271, 271, 269, 269, 270, 269, 270, 274, 272,
    273, 272, 274, 272, 272 ]
headPositionsY: [ 96, 79, 79, 78, 77, 78, 78, 81, 80, 81, 79, 78, 80, 77,
    77, 81, 80, 78, 78, 78, 80, 79, 77, 78, 82, 81, 77, 82, 80, 81, 81,
    80, 77, 77, 81, 81, 79, 78, 79, 81, 79, 79, 80, 80, 83, 87, 84, 86,
    88, 90, 91, 96, 97, 97, 97, 99, 99, 97, 99, 101, 100, 99, 98, 99, 98,
    100, 99, 101, 101, 97, 100, 98, 98, 100, 99, 100, 100, 97, 95, 97,
    95, 98, 96, 100, 100, 100, 96, 100, 97, 99, 98, 96, 98, 97, 99, 97,
    96, 97, 96, 96 ]
