%YAML:1.0
---
videoName: "headLookDown5.mp4"
gestureLabel: 206
fps: 29
pixelSizeInCmTemp: 3.4710144927536229e-01
faceCenterPointX: 272
faceCenterPointY: 102
headPositionsX: [ 273, 272, 268, 273, 270, 269, 270, 269, 273, 274, 272,
    272, 270, 271, 273, 270, 271, 273, 272, 272, 274, 271, 271, 272, 270,
    272, 269, 272, 272, 272, 273, 270, 273, 273, 272, 269, 274, 270, 271,
    270, 270, 270, 272, 274, 272, 273, 270, 271, 272, 273, 274, 273, 270,
    273, 273, 272, 273, 273, 274, 271, 272, 270, 272, 270, 273, 273, 273,
    273, 272, 271, 272, 272, 270, 272, 272, 269, 273, 268, 274, 274, 271,
    272, 269, 273, 272, 275, 270, 273, 274, 274, 274, 270, 274, 273, 270,
    275, 271, 273, 274, 273 ]
headPositionsY: [ 100, 86, 82, 83, 82, 82, 85, 83, 82, 83, 84, 83, 82,
    85, 81, 84, 85, 85, 82, 81, 84, 84, 85, 82, 86, 83, 81, 83, 84, 85,
    84, 83, 82, 81, 85, 85, 82, 86, 85, 82, 83, 83, 85, 85, 81, 86, 85,
    84, 89, 89, 87, 90, 92, 94, 92, 94, 93, 97, 99, 97, 101, 102, 100,
    98, 101, 100, 103, 102, 102, 100, 102, 104, 103, 103, 102, 102, 100,
    103, 103, 104, 101, 101, 104, 102, 105, 103, 103, 104, 103, 104, 103,
    102, 101, 105, 99, 101, 105, 100, 105, 102 ]
