%YAML:1.0
---
videoName: "headLookDown6.mp4"
gestureLabel: 206
fps: 29
pixelSizeInCmTemp: 3.4710144927536229e-01
faceCenterPointX: 276
faceCenterPointY: 98
headPositionsX: [ 274, 274, 277, 276, 275, 277, 273, 275, 274, 273, 274,
    273, 273, 277, 274, 277, 276, 272, 277, 274, 276, 273, 275, 275, 275,
    273, 274, 277, 273, 275, 273, 277, 275, 273, 277, 277, 273, 274, 276,
    274, 277, 277, 277, 275, 275, 275, 277, 275, 277, 274, 275, 277, 274,
    275, 277, 274, 277, 276, 276, 273, 272, 276, 275, 273, 276, 273, 276,
    276, 274, 277, 272, 277, 275, 277, 273, 276, 276, 274, 272, 275, 276,
    276, 277, 274, 273, 277, 277, 278, 276, 275, 277, 277, 275, 277, 275,
    274, 279, 273, 279, 278 ]
headPositionsY: [ 99, 83, 79, 79, 81, 81, 81, 81, 80, 79, 80, 80, 82, 83,
    83, 83, 82, 81, 83, 83, 80, 82, 84, 80, 83, 82, 84, 81, 84, 81, 82,
    84, 84, 83, 83, 81, 81, 83, 85, 83, 85, 86, 85, 89, 85, 88, 91, 89,
    94, 92, 92, 95, 94, 93, 97, 95, 98, 94, 96, 96, 98, 99, 96, 100, 99,
    99, 97, 97, 99, 100, 96, 99, 97, 100, 97, 98, 100, 98, 99, 101, 98,
    100, 96, 97, 97, 98, 100, 98, 97, 101, 99, 100, 100, 99, 95, 100, 96,
    95, 99, 100 ]
