%YAML:1.0
---
videoName: "headLookDown7.mp4"
gestureLabel: 206
fps: 30
pixelSizeInCmTemp: 3.3732394366197183e-01
faceCenterPointX: 274
faceCenterPointY: 95
headPositionsX: [ 274, 272, 274, 276, 273, 274, 275, 271, 274, 274, 273,
    272, 276, 273, 272, 274, 271, 275, 275, 273, 274, 271, 276, 276, 274,
    274, 273, 274, 273, 275, 273, 274, 273, 272, 275, 274, 274, 275, 274,
    272, 276, 275, 272, 275, 271, 274, 275, 274, 272, 276, 275, 273, 276,
    274, 274, 272, 273, 273, 273, 275, 277, 276, 275, 276, 274, 275, 272,
    275, 272, 276, 276, 272, 273, 276, 274, 273, 272, 275, 277, 276, 275,
    273, 276, 275, 274, 274, 278, 275, 276, 275, 276, 277, 278, 276, 277,
    277, 276, 276, 274, 276 ]
headPositionsY: [ 95, 82, 81, 84, 81, 83, 84, 81, 82, 82, 83, 82, 84, 81,
    82, 81, 81, 81, 84, 81, 82, 81, 82, 81, 82, 81, 85, 83, 82, 82, 83,
    83, 81, 84, 83, 82, 83, 85, 84, 83, 85, 83, 81, 81, 82, 85, 83, 86,
    86, 84, 85, 88, 84, 89, 88, 88, 88, 92, 91, 92, 96, 96, 93, 93, 94,
    93, 94, 97, 97, 93, 94, 95, 94, 95, 97, 93, 97, 93, 97, 94, 95, 93,
    98, 98, 95, 97, 95, 97, 95, 99, 97, 95, 97, 97, 94, 96, 98, 98, 97,
    98 ]
