%YAML:1.0
---
videoName: "headLookDown5.mp4"
gestureLabel: 206
fps: 29
pixelSizeInCmTemp: 3.4710144927536229e-01
faceCenterPointX: 272
faceCenterPointY: 102
headPositionsX: [ 271, 270, 269, 274, 272, 272, 274, 273, 274, 271, 272,
    273, 270, 271, 269, 270, 274, 269, 269, 271, 270, 270, 269, 272, 272,
    273, 272, 272, 273, 270, 273, 270, 274, 272, 272, 273, 271, 273, 274,
    270, 272, 273, 270, 271, 273, 270, 274, 273, 273, 269, 272, 269, 272,
    272, 272, 271, 272, 270, 271, 274, 272, 272, 272, 272, 272, 272, 273,
    274, 271, 270, 272, 272, 274, 271, 274, 273, 273, 271, 272, 273, 272,
    274, 270, 273, 271, 274, 274, 270, 274, 271, 273, 270, 271, 274, 269,
    274, 274, 272, 274, 273 ]
headPositionsY: [ 101, 82, 85, 82, 82, 82, 85, 86, 84, 84, 83, 85, 85,
    84, 84, 82, 81, 85, 81, 83, 83, 86, 84, 84, 83, 84, 85, 85, 81, 84,
    84, 85, 82, 82, 82, 81, 82, 86, 83, 83, 84, 82, 81, 86, 82, 83, 88,
    85, 86, 87, 87, 90, 92, 93, 96, 93, 96, 96, 97, 99, 99, 102, 99, 99,
    101, 98, 99, 100, 102, 100, 101, 100, 104, 103, 103, 103, 100, 99,
    104, 106, 101, 105, 103, 101, 104, 106, 103, 103, 104, 103, 104, 104,
    103, 105, 103, 103, 104, 102, 101, 101 ]
