%YAML:1.0
---
videoName: "headLookDown6.mp4"
gestureLabel: 206
fps: 29
pixelSizeInCmTemp: 3.4710144927536229e-01
faceCenterPointX: 276
faceCenterPointY: 98
headPositionsX: [ 275, 276, 275, 274, 276, 273, 274, 272, 276, 277, 275,
    277, 274, 273, 275, 277, 277, 276, 273, 278, 278, 276, 275, 277, 274,
    276, 272, 274, 275, 273, 276, 274, 273, 274, 278, 277, 275, 276, 277,
    276, 273, 274, 274, 276, 274, 274, 278, 278, 275, 275, 274, 275, 276,
    278, 278, 277, 274, 274, 275, 277, 275, 276, 273, 275, 273, 274, 276,
    272, 275, 273, 273, 273, 273, 274, 275, 275, 276, 273, 273, 275, 277,
    273, 273, 274, 275, 273, 276, 277, 275, 278, 276, 274, 278, 275, 274,
    278, 277, 276, 275, 275 ]
headPositionsY: [ 100, 81, 79, 83, 81, 83, 81, 79, 79, 81, 80, 81, 79,
    81, 80, 82, 81, 79, 79, 83, 83, 80, 80, 80, 82, 81, 84, 80, 85, 81,
    83, 81, 84, 82, 83, 84, 85, 85, 82, 85, 84, 83, 83, 85, 85, 90, 92,
    92, 93, 90, 93, 95, 93, 96, 95, 96, 95, 96, 95, 97, 96, 97, 99, 98,
    100, 100, 97, 97, 96, 98, 98, 96, 101, 99, 101, 99, 100, 98, 99, 100,
    99, 99, 97, 98, 101, 96, 97, 99, 101, 97, 97, 97, 96, 100, 95, 100,
    99, 98, 99, 96 ]
