%YAML:1.0
---
videoName: "headLookDown5.mp4"
gestureLabel: 206
fps: 29
pixelSizeInCmTemp: 3.4710144927536229e-01
faceCenterPointX: 272
faceCenterPointY: 102
headPositionsX: [ 271, 271, 271, 272, 273, 271, 271, 271, 272, 272, 272,
    270, 274, 271, 270, 273, 272, 270, 272, 269, 272, 271, 271, 273, 270,
    270, 273, 273, 271, 274, 272, 271, 273, 274, 271, 269, 273, 274, 270,
    270, 272, 274, 273, 273, 271, 273, 271, 269, 274, 269, 270, 270, 270,
    271, 274, 270, 274, 273, 272, 272, 272, 273, 274, 271, 269, 273, 272,
    273, 271, 270, 273, 272, 271, 275, 273, 273, 273, 272, 270, 275, 273,
    273, 270, 272, 275, 274, 273, 269, 270, 274, 274, 272, 272, 271, 272,
    271, 273, 275, 276, 271 ]
headPositionsY: [ 102, 84, 81, 84, 84, 82, 85, 82, 84, 82, 82, 84, 82,
    83, 82, 86, 81, 84, 84, 82, 86, 86, 84, 82, 84, 82, 85, 82, 85, 84,
    82, 84, 82, 81, 85, 84, 84, 85, 83, 82, 85, 85, 82, 86, 82, 86, 84,
    85, 88, 89, 91, 87, 89, 91, 96, 95, 96, 98, 96, 98, 97, 101, 99, 100,
    100, 99, 99, 102, 103, 103, 101, 102, 103, 101, 100, 103, 100, 100,
    103, 103, 102, 105, 102, 101, 101, 104, 101, 104, 104, 104, 102, 104,
    103, 105, 99, 100, 104, 104, 103, 101 ]
