%YAML:1.0
---
videoName: "headLookDown6.mp4"
gestureLabel: 206
fps: 29
pixelSizeInCmTemp: 3.4710144927536229e-01
faceCenterPointX: 276
faceCenterPointY: 98
headPositionsX: [ 275, 274, 276, 276, 276, 274, 275, 275, 274, 277, 273,
    276, 277, 277, 274, 275, 274, 273, 274, 278, 277, 275, 275, 274, 275,
    274, 275, 276, 277, 275, 275, 277, 275, 276, 276, 277, 277, 275, 277,
    273, 274, 274, 273, 278, 277, 277, 277, 276, 274, 277, 278, 277, 277,
    275, 277, 277, 273, 276, 276, 273, 273, 276, 274, 276, 274, 276, 276,
    273, 277, 274, 273, 274, 273, 278, 276, 277, 275, 277, 272, 276, 274,
    277, 274, 277, 273, 275, 277, 277, 274, 278, 274, 275, 278, 275, 275,
    278, 275, 274, 278, 275 ]
headPositionsY: [ 98, 80, 81, 81, 81, 81, 79, 81, 82, 80, 83, 79, 81, 82,
    79, 83, 82, 82, 81, 81, 84, 83, 83, 80, 79, 81, 80, 83, 83, 82, 82,
    85, 82, 81, 85, 83, 83, 85, 85, 85, 83, 85, 87, 89, 85, 89, 90, 90,
    94, 90, 94, 94, 94, 95, 96, 94, 95, 98, 99, 96, 95, 97, 100, 100,
    100, 100, 100, 98, 96, 101, 98, 100, 100, 100, 97, 99, 101, 97, 99,
    99, 98, 101, 100, 99, 98, 96, 101, 101, 97, 97, 98, 100, 99, 101, 96,
    98, 97, 95, 98, 97 ]
