%YAML:1.0
---
videoName: "headLookDown6.mp4"
gestureLabel: 206
fps: 29
pixelSizeInCmTemp: 3.4710144927536229e-01
faceCenterPointX: 276
faceCenterPointY: 98
headPositionsX: [ 274, 274, 273, 276, 277, 273, 273, 272, 273, 275, 277,
    274, 276, 273, 273, 274, 275, 276, 276, 274, 278, 274, 275, 274, 274,
    274, 273, 276, 274, 273, 273, 276, 276, 277, 275, 274, 277, 276, 274,
    272, 276, 274, 277, 277, 274, 277, 278, 277, 276, 275, 277, 277, 275,
    278, 277, 273, 277, 275, 278, 274, 276, 273, 273, 272, 275, 275, 274,
    273, 276, 273, 275, 277, 273, 277, 277, 273, 277, 274, 274, 273, 273,
    274, 277, 276, 274, 276, 278, 276, 274, 275, 276, 276, 276, 274, 276,
    276, 277, 276, 275, 274 ]
headPositionsY: [ 98, 80, 79, 82, 79, 79, 83, 83, 80, 82, 82, 81, 80, 81,
    83, 82, 83, 81, 81, 82, 82, 82, 84, 80, 79, 82, 82, 84, 84, 83, 82,
    85, 81, 83, 84, 84, 85, 84, 85, 81, 81, 87, 84, 89, 88, 90, 89, 89,
    92, 91, 93, 92, 95, 93, 95, 94, 95, 96, 96, 99, 95, 96, 99, 99, 98,
    101, 100, 99, 100, 100, 97, 100, 100, 98, 99, 97, 99, 98, 99, 100,
    98, 101, 99, 101, 101, 97, 101, 100, 101, 98, 101, 96, 99, 101, 97,
    99, 96, 98, 98, 98 ]
