%YAML:1.0
---
videoName: "headLookDown4.mp4"
gestureLabel: 206
fps: 29
pixelSizeInCmTemp: 3.4710144927536229e-01
faceCenterPointX: 275
faceCenterPointY: 97
headPositionsX: [ 275, 272, 273, 273, 271, 271, 272, 274, 272, 272, 272,
    273, 272, 274, 275, 273, 272, 274, 272, 272, 273, 274, 274, 275, 274,
    274, 274, 273, 274, 271, 272, 274, 275, 275, 272, 273, 274, 272, 272,
    274, 275, 273, 274, 273, 276, 276, 272, 274, 276, 274, 275, 273, 275,
    273, 273, 273, 275, 273, 272, 272, 272, 271, 274, 274, 272, 273, 276,
    271, 272, 272, 273, 275, 274, 272, 273, 273, 275, 274, 276, 274, 275,
    275, 273, 273, 275, 274, 273, 274, 273, 272, 272, 273, 273, 273, 273,
    272, 276, 272, 276, 275 ]
headPositionsY: [ 97, 81, 83, 79, 82, 80, 79, 80, 79, 80, 81, 81, 79, 81,
    79, 80, 83, 79, 82, 82, 83, 80, 82, 80, 82, 81, 81, 83, 79, 79, 80,
    80, 84, 84, 82, 84, 83, 84, 83, 85, 89, 90, 88, 89, 90, 91, 95, 93,
    96, 95, 97, 99, 99, 98, 98, 99, 102, 103, 102, 101, 98, 99, 102, 102,
    101, 100, 102, 101, 100, 99, 98, 101, 100, 96, 100, 97, 96, 98, 98,
    100, 96, 97, 99, 98, 98, 98, 97, 97, 99, 97, 99, 98, 98, 99, 98, 98,
    98, 96, 100, 99 ]
