%YAML:1.0
---
videoName: "headLookDown7.mp4"
gestureLabel: 206
fps: 30
pixelSizeInCmTemp: 3.3732394366197183e-01
faceCenterPointX: 274
faceCenterPointY: 95
headPositionsX: [ 272, 273, 275, 273, 272, 275, 271, 274, 272, 275, 273,
    273, 272, 273, 276, 276, 274, 271, 273, 273, 275, 272, 272, 275, 274,
    275, 274, 272, 274, 272, 276, 273, 275, 274, 272, 273, 272, 274, 273,
    272, 275, 272, 272, 275, 275, 275, 273, 275, 274, 273, 272, 274, 273,
    273, 272, 274, 276, 275, 273, 275, 274, 276, 276, 273, 274, 272, 276,
    275, 274, 274, 274, 275, 275, 272, 273, 271, 273, 274, 277, 275, 277,
    273, 276, 275, 273, 273, 276, 277, 277, 278, 276, 277, 274, 275, 277,
    274, 275, 274, 275, 277 ]
headPositionsY: [ 94, 85, 82, 82, 82, 80, 82, 81, 81, 81, 84, 83, 82, 80,
    83, 80, 82, 80, 82, 83, 83, 85, 81, 81, 81, 85, 85, 82, 84, 82, 83,
    84, 81, 81, 81, 83, 82, 85, 82, 85, 81, 84, 85, 81, 82, 83, 84, 85,
    82, 85, 84, 85, 86, 89, 90, 89, 92, 89, 91, 94, 94, 94, 93, 97, 95,
    94, 95, 96, 96, 95, 95, 94, 97, 95, 97, 97, 96, 95, 97, 98, 98, 96,
    94, 97, 93, 94, 97, 93, 96, 99, 95, 97, 99, 96, 96, 98, 96, 94, 97,
    95 ]
