%YAML:1.0
---
videoName: "headLookDown4.mp4"
gestureLabel: 206
fps: 29
pixelSizeInCmTemp: 3.4710144927536229e-01
faceCenterPointX: 275
faceCenterPointY: 97
headPositionsX: [ 274, 273, 273, 275, 271, 274, 271, 274, 271, 271, 273,
    272, 273, 270, 272, 272, 274, 274, 271, 272, 273, 272, 274, 273, 272,
    275, 273, 271, 273, 274, 275, 271, 273, 272, 273, 271, 272, 271, 274,
    271, 275, 276, 274, 273, 275, 274, 276, 271, 274, 273, 272, 273, 273,
    275, 271, 275, 272, 276, 272, 275, 272, 272, 273, 272, 273, 274, 272,
    271, 275, 272, 276, 272, 274, 276, 273, 272, 274, 272, 274, 273, 275,
    273, 273, 272, 276, 276, 276, 274, 275, 276, 276, 276, 276, 272, 276,
    274, 273, 276, 274, 276 ]
headPositionsY: [ 98, 81, 79, 81, 82, 79, 77, 78, 82, 83, 81, 79, 80, 79,
    79, 80, 82, 78, 79, 79, 83, 80, 78, 79, 83, 82, 82, 80, 78, 79, 83,
    83, 82, 82, 86, 86, 85, 86, 85, 89, 86, 86, 91, 89, 90, 92, 95, 96,
    95, 93, 97, 99, 97, 97, 101, 99, 102, 101, 99, 98, 98, 99, 102, 99,
    103, 98, 98, 98, 99, 100, 99, 101, 101, 100, 98, 96, 99, 96, 98, 96,
    99, 96, 95, 98, 95, 99, 98, 99, 97, 97, 95, 99, 95, 99, 98, 97, 97,
    96, 97, 96 ]
