%YAML:1.0
---
videoName: "headLookDown3.mp4"
gestureLabel: 206
fps: 29
pixelSizeInCmTemp: 3.5746268656716418e-01
faceCenterPointX: 273
faceCenterPointY: 98
headPositionsX: [ 273, 273, 271, 271, 270, 271, 272, 272, 272, 274, 274,
    272, 274, 271, 271, 272, 270, 275, 273, 273, 270, 272, 271, 271, 271,
    272, 275, 271, 274, 272, 273, 272, 271, 272, 273, 274, 273, 271, 270,
    270, 270, 272, 273, 269, 271, 271, 272, 271, 274, 271, 271, 271, 272,
    272, 275, 273, 272, 271, 273, 273, 273, 273, 270, 270, 273, 270, 272,
    272, 272, 271, 270, 271, 273, 271, 273, 269, 271, 270, 272, 271, 269,
    270, 273, 272, 272, 272, 272, 269, 270, 274, 274, 272, 273, 273, 276,
    276, 272, 273, 274, 273 ]
headPositionsY: [ 100, 80, 76, 77, 79, 80, 76, 80, 76, 79, 81, 80, 78,
    76, 80, 76, 76, 78, 77, 78, 78, 77, 80, 81, 77, 76, 80, 77, 80, 78,
    81, 78, 77, 80, 79, 80, 82, 79, 83, 80, 83, 83, 82, 82, 87, 86, 88,
    91, 91, 92, 92, 92, 90, 92, 93, 93, 98, 95, 95, 97, 98, 101, 96, 96,
    102, 103, 98, 100, 99, 103, 99, 100, 99, 99, 101, 103, 102, 102, 103,
    103, 103, 103, 100, 102, 102, 101, 102, 99, 100, 103, 101, 102, 102,
    98, 101, 99, 99, 99, 100, 99 ]
