%YAML:1.0
---
videoName: "headLookDown0.mp4"
gestureLabel: 206
fps: 29
pixelSizeInCmTemp: 3.3263888888888887e-01
faceCenterPointX: 273
faceCenterPointY: 93
headPositionsX: [ 275, 275, 274, 270, 273, 272, 273, 272, 274, 270, 271,
    271, 274, 272, 274, 271, 270, 272, 274, 270, 270, 272, 272, 271, 272,
    272, 271, 271, 270, 270, 274, 269, 271, 271, 270, 271, 273, 273, 270,
    271, 272, 274, 271, 273, 271, 270, 271, 274, 272, 272, 271, 272, 272,
    271, 270, 274, 274, 273, 272, 273, 270, 272, 274, 271, 271, 271, 270,
    270, 271, 274, 273, 272, 271, 272, 272, 270, 273, 271, 270, 271, 273,
    275, 271, 273, 272, 271, 271, 273, 273, 272, 275, 271, 271, 270, 271,
    273, 272, 273, 273, 272 ]
headPositionsY: [ 91, 77, 80, 80, 78, 79, 78, 78, 79, 77, 80, 82, 79, 78,
    78, 77, 79, 78, 80, 82, 79, 80, 81, 79, 78, 77, 78, 77, 79, 81, 81,
    78, 80, 79, 78, 81, 83, 84, 85, 83, 84, 88, 91, 91, 94, 96, 97, 95,
    97, 98, 97, 95, 96, 96, 95, 99, 95, 95, 94, 94, 96, 98, 98, 98, 96,
    94, 96, 95, 96, 95, 93, 97, 97, 94, 94, 94, 96, 96, 95, 96, 95, 95,
    96, 93, 93, 97, 96, 94, 95, 93, 94, 93, 92, 95, 94, 92, 94, 92, 93,
    96 ]
