%YAML:1.0
---
videoName: "headLookDown9.mp4"
gestureLabel: 206
fps: 29
pixelSizeInCmTemp: 3.5220588235294115e-01
faceCenterPointX: 274
faceCenterPointY: 97
headPositionsX: [ 272, 270, 275, 274, 274, 271, 271, 271, 270, 274, 275,
    273, 272, 273, 273, 275, 270, 274, 271, 271, 273, 271, 274, 273, 273,
    273, 274, 270, 274, 274, 271, 273, 275, 271, 273, 273, 270, 273, 273,
    272, 270, 275, 271, 273, 270, 272, 273, 271, 272, 271, 270, 272, 274,
    274, 274, 271, 272, 270, 273, 275, 270, 272, 270, 270, 271, 271, 270,
    271, 269, 271, 271, 273, 272, 270, 273, 275, 274, 270, 272, 274, 271,
    274, 271, 272, 271, 274, 273, 274, 272, 275, 276, 274, 273, 276, 271,
    273, 274, 272, 272, 274 ]
headPositionsY: [ 99, 80, 80, 81, 81, 83, 80, 80, 80, 81, 82, 79, 80, 79,
    78, 81, 80, 78, 78, 80, 80, 82, 80, 80, 80, 80, 79, 81, 81, 79, 81,
    79, 80, 84, 85, 86, 85, 83, 89, 89, 91, 89, 91, 94, 92, 91, 95, 96,
    95, 95, 95, 98, 100, 100, 99, 99, 99, 100, 97, 100, 100, 99, 97, 97,
    99, 96, 96, 97, 98, 99, 98, 96, 99, 96, 99, 97, 98, 98, 99, 98, 95,
    98, 98, 96, 95, 96, 98, 96, 96, 95, 96, 99, 95, 96, 95, 98, 95, 96,
    94, 95 ]
