%YAML:1.0
---
videoName: "headLookDown5.mp4"
gestureLabel: 206
fps: 29
pixelSizeInCmTemp: 3.4710144927536229e-01
faceCenterPointX: 272
faceCenterPointY: 102
headPositionsX: [ 270, 273, 271, 270, 271, 269, 273, 270, 270, 273, 273,
    272, 271, 269, 272, 273, 274, 273, 269, 271, 271, 273, 273, 271, 272,
    272, 272, 273, 272, 272, 270, 272, 272, 272, 272, 273, 272, 270, 271,
    269, 269, 270, 272, 272, 269, 270, 274, 271, 274, 272, 271, 269, 272,
    274, 275, 272, 271, 274, 273, 273, 271, 271, 270, 269, 269, 271, 271,
    272, 269, 270, 274, 271, 270, 273, 273, 272, 270, 270, 274, 274, 271,
    273, 272, 273, 274, 271, 274, 270, 270, 270, 272, 272, 275, 273, 269,
    274, 274, 275, 272, 272 ]
headPositionsY: [ 100, 84, 84, 85, 83, 85, 86, 82, 83, 82, 82, 85, 85,
    86, 81, 83, 81, 84, 83, 83, 84, 84, 81, 81, 83, 83, 84, 86, 85, 82,
    83, 81, 86, 85, 82, 81, 86, 86, 82, 85, 85, 82, 85, 82, 81, 84, 88,
    85, 88, 88, 91, 88, 92, 94, 94, 95, 93, 94, 97, 98, 99, 99, 99, 99,
    101, 102, 102, 103, 99, 99, 101, 100, 101, 103, 100, 103, 101, 99,
    105, 106, 104, 101, 103, 101, 105, 104, 104, 101, 101, 100, 103, 103,
    103, 101, 102, 102, 101, 100, 101, 102 ]
