%YAML:1.0
---
videoName: "headLookDown1.mp4"
gestureLabel: 206
fps: 29
pixelSizeInCmTemp: 3.4710144927536229e-01
faceCenterPointX: 271
faceCenterPointY: 97
headPositionsX: [ 272, 272, 270, 273, 270, 268, 272, 269, 272, 270, 270,
    269, 272, 272, 270, 269, 269, 271, 270, 271, 273, 273, 268, 272, 272,
    273, 272, 273, 271, 272, 269, 271, 272, 269, 270, 270, 270, 269, 273,
    271, 272, 272, 269, 270, 269, 269, 270, 274, 273, 273, 272, 268, 271,
    271, 272, 270, 272, 271, 272, 269, 270, 269, 271, 272, 271, 269, 268,
    271, 268, 268, 271, 271, 272, 274, 273, 272, 274, 271, 268, 271, 272,
    271, 273, 273, 270, 270, 272, 270, 272, 270, 270, 271, 274, 272, 270,
    274, 270, 271, 273, 271 ]
headPositionsY: [ 98, 79, 75, 79, 80, 77, 81, 78, 79, 79, 79, 80, 78, 78,
    78, 78, 79, 81, 79, 77, 81, 79, 77, 78, 79, 79, 78, 80, 78, 78, 78,
    82, 80, 80, 82, 80, 79, 80, 79, 79, 82, 79, 83, 83, 82, 84, 86, 90,
    92, 91, 93, 93, 94, 94, 96, 97, 98, 99, 100, 99, 97, 97, 100, 99, 97,
    97, 98, 99, 101, 98, 98, 99, 100, 98, 98, 99, 100, 97, 99, 99, 97,
    98, 98, 97, 98, 97, 98, 96, 100, 100, 98, 96, 99, 97, 95, 96, 97, 99,
    99, 99 ]
