%YAML:1.0
---
videoName: "headLookDown3.mp4"
gestureLabel: 206
fps: 29
pixelSizeInCmTemp: 3.5746268656716418e-01
faceCenterPointX: 273
faceCenterPointY: 98
headPositionsX: [ 271, 270, 273, 272, 272, 272, 270, 274, 272, 272, 273,
    271, 271, 272, 270, 273, 273, 271, 274, 272, 273, 273, 273, 272, 271,
    273, 273, 272, 271, 272, 275, 275, 272, 274, 273, 270, 275, 273, 274,
    270, 274, 273, 271, 273, 273, 275, 274, 274, 275, 273, 271, 271, 274,
    271, 272, 271, 274, 271, 273, 273, 269, 274, 270, 271, 273, 272, 271,
    268, 272, 272, 271, 272, 272, 272, 272, 270, 269, 271, 271, 270, 269,
    271, 270, 273, 269, 272, 274, 271, 271, 274, 274, 274, 273, 271, 276,
    275, 275, 270, 273, 271 ]
headPositionsY: [ 98, 77, 76, 76, 78, 77, 78, 76, 79, 80, 77, 77, 79, 76,
    77, 76, 80, 78, 79, 79, 81, 79, 77, 81, 79, 78, 79, 81, 77, 80, 80,
    79, 81, 79, 81, 78, 78, 82, 83, 83, 81, 85, 84, 83, 86, 86, 84, 90,
    89, 88, 89, 92, 92, 94, 91, 93, 97, 95, 97, 98, 100, 99, 98, 98, 99,
    99, 102, 103, 100, 101, 102, 102, 99, 101, 103, 100, 100, 104, 99,
    101, 103, 103, 99, 99, 99, 100, 101, 102, 103, 101, 101, 102, 104,
    101, 100, 102, 102, 100, 98, 100 ]
