%YAML:1.0
---
videoName: "headLookDown1.mp4"
gestureLabel: 206
fps: 29
pixelSizeInCmTemp: 3.4710144927536229e-01
faceCenterPointX: 271
faceCenterPointY: 97
headPositionsX: [ 269, 270, 270, 270, 272, 270, 270, 272, 269, 272, 270,
    268, 271, 271, 268, 271, 269, 273, 269, 269, 271, 270, 272, 273, 271,
    272, 273, 273, 272, 271, 271, 271, 273, 272, 270, 272, 274, 270, 273,
    272, 272, 269, 273, 268, 270, 271, 271, 270, 269, 273, 269, 270, 269,
    272, 272, 270, 272, 271, 272, 273, 269, 268, 269, 269, 268, 269, 268,
    272, 268, 269, 272, 271, 271, 270, 271, 269, 271, 271, 272, 273, 272,
    269, 270, 271, 269, 271, 271, 270, 273, 273, 271, 270, 271, 274, 272,
    270, 271, 271, 270, 273 ]
headPositionsY: [ 98, 78, 75, 78, 77, 79, 81, 80, 77, 81, 78, 81, 77, 80,
    80, 77, 80, 80, 79, 76, 81, 77, 79, 80, 82, 79, 79, 78, 78, 79, 79,
    79, 78, 79, 79, 81, 79, 78, 80, 80, 81, 79, 80, 82, 86, 83, 85, 90,
    91, 93, 93, 94, 94, 95, 98, 96, 97, 96, 97, 101, 99, 98, 98, 98, 100,
    96, 98, 101, 100, 100, 101, 98, 98, 97, 97, 99, 100, 96, 96, 96, 94,
    97, 97, 100, 97, 96, 98, 97, 100, 98, 98, 98, 97, 95, 98, 100, 97,
    96, 97, 100 ]
