%YAML:1.0
---
videoName: "headLookDown6.mp4"
gestureLabel: 206
fps: 29
pixelSizeInCmTemp: 3.4710144927536229e-01
faceCenterPointX: 276
faceCenterPointY: 98
headPositionsX: [ 277, 276, 275, 276, 274, 277, 273, 272, 274, 273, 274,
    276, 275, 273, 274, 273, 275, 276, 274, 276, 274, 274, 274, 276, 277,
    275, 273, 275, 276, 274, 275, 275, 274, 274, 274, 275, 274, 276, 276,
    275, 275, 275, 277, 277, 276, 274, 276, 274, 273, 275, 275, 274, 273,
    275, 274, 276, 274, 275, 278, 273, 272, 277, 274, 275, 275, 273, 274,
    276, 273, 273, 275, 277, 273, 278, 273, 275, 276, 273, 275, 277, 275,
    277, 277, 276, 274, 273, 276, 275, 275, 276, 275, 276, 277, 277, 276,
    276, 279, 273, 279, 276 ]
headPositionsY: [ 97, 83, 80, 79, 80, 79, 82, 83, 80, 83, 80, 79, 81, 82,
    83, 79, 80, 79, 83, 80, 80, 84, 80, 81, 80, 81, 84, 82, 82, 82, 84,
    82, 82, 85, 83, 81, 85, 83, 85, 81, 81, 85, 85, 85, 85, 86, 88, 92,
    93, 93, 92, 96, 96, 96, 95, 95, 95, 98, 98, 98, 97, 98, 98, 100, 96,
    97, 97, 99, 100, 100, 95, 97, 101, 98, 99, 98, 99, 101, 97, 98, 98,
    97, 96, 100, 98, 96, 101, 99, 98, 100, 100, 99, 97, 100, 95, 100, 96,
    95, 99, 98 ]
