%YAML:1.0
---
videoName: "headLookDown2.mp4"
gestureLabel: 206
fps: 29
pixelSizeInCmTemp: 3.3732394366197183e-01
faceCenterPointX: 274
faceCenterPointY: 95
headPositionsX: [ 272, 274, 275, 272, 273, 272, 271, 273, 275, 274, 272,
    276, 275, 274, 272, 274, 274, 274, 271, 275, 272, 273, 272, 272, 273,
    273, 272, 274, 273, 275, 273, 272, 272, 271, 273, 275, 273, 274, 272,
    272, 272, 276, 274, 275, 276, 273, 274, 275, 273, 271, 275, 274, 275,
    276, 271, 275, 272, 274, 276, 273, 275, 274, 276, 275, 274, 276, 277,
    274, 277, 277, 275, 276, 276, 274, 276, 274, 276, 276, 275, 274, 274,
    277, 276, 275, 275, 275, 273, 276, 276, 275, 276, 276, 275, 277, 275,
    274, 273, 274, 276, 277 ]
headPositionsY: [ 93, 81, 80, 80, 78, 77, 76, 77, 77, 79, 79, 77, 78, 81,
    80, 77, 79, 77, 77, 77, 81, 77, 81, 80, 79, 78, 80, 77, 81, 81, 77,
    81, 82, 78, 83, 81, 84, 83, 83, 86, 88, 88, 88, 92, 93, 92, 93, 96,
    95, 91, 95, 96, 95, 96, 95, 95, 94, 96, 95, 93, 96, 97, 93, 94, 95,
    94, 93, 94, 96, 97, 92, 95, 95, 97, 93, 96, 97, 97, 96, 95, 95, 95,
    94, 96, 96, 94, 94, 93, 95, 93, 94, 98, 97, 97, 96, 94, 95, 96, 98,
    98 ]
