%YAML:1.0
---
videoName: "headLookDown5.mp4"
gestureLabel: 206
fps: 29
pixelSizeInCmTemp: 3.4710144927536229e-01
faceCenterPointX: 272
faceCenterPointY: 102
headPositionsX: [ 271, 270, 268, 274, 272, 272, 273, 269, 273, 270, 272,
    270, 273, 270, 271, 270, 270, 271, 269, 271, 270, 272, 270, 271, 274,
    271, 270, 273, 269, 274, 273, 270, 271, 273, 270, 271, 271, 272, 274,
    273, 273, 273, 270, 273, 269, 269, 270, 272, 272, 269, 271, 271, 269,
    275, 273, 270, 270, 272, 275, 273, 269, 273, 271, 270, 272, 270, 271,
    272, 270, 274, 272, 274, 270, 272, 274, 273, 270, 271, 273, 275, 270,
    272, 271, 271, 272, 273, 274, 269, 271, 272, 270, 271, 271, 275, 270,
    271, 275, 275, 274, 273 ]
headPositionsY: [ 104, 85, 84, 84, 83, 81, 83, 86, 86, 82, 85, 84, 84,
    85, 85, 82, 84, 85, 84, 81, 85, 83, 81, 81, 83, 83, 82, 83, 82, 85,
    82, 82, 86, 84, 84, 81, 83, 82, 85, 83, 85, 85, 82, 86, 82, 84, 85,
    83, 86, 86, 89, 91, 91, 91, 92, 96, 94, 98, 100, 99, 101, 98, 99,
    101, 99, 102, 100, 100, 99, 102, 100, 104, 102, 102, 100, 103, 104,
    100, 103, 105, 102, 104, 103, 100, 102, 104, 105, 101, 100, 100, 104,
    100, 101, 104, 103, 103, 103, 103, 102, 100 ]
