%YAML:1.0
---
videoName: "headLookDown6.mp4"
gestureLabel: 206
fps: 29
pixelSizeInCmTemp: 3.4710144927536229e-01
faceCenterPointX: 276
faceCenterPointY: 98
headPositionsX: [ 278, 276, 274, 273, 276, 273, 274, 274, 276, 275, 276,
    273, 275, 275, 275, 277, 274, 275, 274, 278, 274, 273, 276, 278, 273,
    275, 275, 275, 277, 274, 274, 275, 273, 277, 275, 275, 275, 274, 273,
    272, 274, 277, 276, 276, 276, 276, 274, 278, 277, 277, 276, 275, 274,
    276, 276, 273, 274, 277, 276, 275, 273, 275, 277, 276, 276, 273, 272,
    274, 273, 273, 273, 276, 277, 277, 274, 274, 274, 277, 275, 277, 277,
    277, 273, 276, 276, 274, 275, 274, 278, 274, 276, 278, 276, 278, 274,
    277, 276, 277, 279, 274 ]
headPositionsY: [ 100, 81, 79, 81, 83, 80, 83, 80, 82, 82, 81, 83, 83,
    79, 80, 81, 82, 79, 83, 83, 80, 83, 83, 83, 82, 82, 83, 84, 84, 81,
    82, 85, 83, 83, 81, 80, 84, 85, 83, 82, 82, 85, 87, 87, 85, 88, 92,
    93, 90, 92, 94, 96, 95, 94, 94, 96, 98, 94, 97, 96, 96, 97, 96, 96,
    99, 99, 96, 98, 96, 101, 99, 96, 99, 99, 100, 100, 98, 98, 98, 97,
    99, 100, 98, 98, 98, 96, 97, 97, 99, 99, 97, 97, 98, 100, 95, 99, 99,
    99, 97, 98 ]
