%YAML:1.0
---
videoName: "headLookDown3.mp4"
gestureLabel: 206
fps: 29
pixelSizeInCmTemp: 3.5746268656716418e-01
faceCenterPointX: 273
faceCenterPointY: 98
headPositionsX: [ 273, 271, 273, 271, 274, 272, 273, 273, 270, 271, 275,
    275, 272, 270, 273, 274, 270, 275, 274, 275, 270, 271, 272, 270, 274,
    272, 273, 272, 273, 273, 275, 271, 273, 273, 273, 273, 271, 273, 270,
    271, 274, 272, 270, 269, 271, 271, 271, 274, 275, 274, 272, 271, 272,
    270, 273, 272, 271, 273, 272, 270, 269, 273, 272, 269, 272, 269, 270,
    271, 269, 269, 272, 270, 270, 272, 270, 268, 270, 271, 272, 271, 270,
    271, 269, 270, 271, 273, 274, 272, 273, 274, 274, 273, 273, 272, 272,
    275, 272, 271, 275, 271 ]
headPositionsY: [ 98, 78, 76, 80, 78, 77, 77, 77, 80, 76, 80, 80, 79, 80,
    77, 78, 76, 78, 80, 79, 80, 77, 76, 78, 80, 80, 77, 78, 78, 80, 80,
    80, 80, 78, 80, 81, 82, 80, 79, 79, 81, 81, 84, 85, 87, 85, 86, 89,
    87, 91, 91, 90, 93, 94, 93, 96, 97, 96, 98, 96, 100, 97, 96, 100, 99,
    102, 102, 103, 101, 102, 99, 104, 102, 102, 100, 100, 100, 102, 100,
    99, 99, 102, 103, 100, 103, 99, 102, 101, 102, 99, 102, 99, 100, 99,
    104, 102, 101, 98, 98, 99 ]
