%YAML:1.0
---
videoName: "headLookDown8.mp4"
gestureLabel: 206
fps: 29
pixelSizeInCmTemp: 3.3732394366197183e-01
faceCenterPointX: 276
faceCenterPointY: 96
headPositionsX: [ 276, 273, 275, 274, 273, 275, 274, 273, 277, 275, 273,
    277, 276, 277, 274, 274, 274, 275, 273, 275, 275, 275, 277, 274, 275,
    273, 275, 276, 277, 273, 274, 277, 273, 277, 276, 275, 276, 272, 276,
    273, 273, 276, 277, 274, 276, 274, 275, 277, 273, 275, 277, 274, 277,
    276, 274, 278, 275, 278, 278, 275, 275, 276, 275, 273, 278, 277, 278,
    275, 273, 274, 274, 276, 275, 276, 275, 277, 274, 276, 276, 274, 278,
    278, 274, 278, 274, 274, 277, 277, 276, 279, 277, 274, 278, 276, 274,
    279, 277, 279, 275, 274 ]
headPositionsY: [ 96, 77, 79, 78, 80, 82, 82, 80, 79, 80, 77, 78, 81, 80,
    80, 78, 78, 80, 79, 82, 79, 79, 80, 78, 79, 81, 82, 80, 82, 80, 80,
    81, 82, 80, 83, 85, 86, 82, 87, 87, 86, 90, 92, 91, 90, 91, 92, 91,
    93, 94, 97, 99, 96, 98, 96, 96, 97, 98, 100, 96, 98, 99, 97, 100, 97,
    100, 100, 98, 97, 100, 96, 95, 96, 96, 98, 98, 99, 97, 98, 97, 98,
    99, 99, 94, 97, 98, 96, 95, 96, 95, 96, 98, 95, 99, 96, 94, 97, 99,
    95, 95 ]
