%YAML:1.0
---
videoName: "headLookDown1.mp4"
gestureLabel: 206
fps: 29
pixelSizeInCmTemp: 3.4710144927536229e-01
faceCenterPointX: 271
faceCenterPointY: 97
headPositionsX: [ 272, 272, 270, 273, 271, 268, 269, 272, 272, 269, 269,
    271, 270, 269, 271, 270, 270, 271, 271, 272, 272, 269, 271, 272, 271,
    269, 272, 271, 272, 272, 271, 272, 270, 269, 269, 272, 272, 272, 271,
    273, 269, 271, 269, 269, 268, 269, 273, 271, 273, 272, 270, 269, 272,
    270, 273, 272, 270, 272, 268, 273, 270, 272, 270, 273, 267, 268, 268,
    272, 270, 269, 271, 268, 269, 273, 274, 271, 272, 271, 268, 270, 271,
    273, 269, 273, 272, 270, 270, 269, 270, 271, 273, 271, 272, 270, 274,
    273, 269, 270, 270, 271 ]
headPositionsY: [ 99, 76, 79, 77, 77, 79, 81, 79, 77, 81, 78, 80, 77, 79,
    77, 77, 77, 79, 79, 78, 77, 81, 78, 80, 81, 81, 80, 82, 81, 78, 81,
    81, 80, 80, 81, 82, 79, 78, 80, 77, 80, 79, 84, 83, 84, 85, 84, 89,
    90, 93, 94, 94, 93, 94, 95, 95, 96, 99, 96, 97, 99, 100, 100, 97,
    100, 100, 98, 98, 98, 99, 97, 100, 97, 99, 101, 101, 99, 96, 99, 99,
    94, 95, 100, 98, 97, 96, 97, 97, 100, 100, 97, 97, 96, 95, 95, 96,
    97, 96, 98, 97 ]
