%YAML:1.0
---
videoName: "headLookDown9.mp4"
gestureLabel: 206
fps: 29
pixelSizeInCmTemp: 3.5220588235294115e-01
faceCenterPointX: 274
faceCenterPointY: 97
headPositionsX: [ 272, 272, 271, 274, 273, 271, 273, 272, 273, 271, 274,
    275, 272, 275, 272, 273, 271, 272, 273, 274, 272, 271, 271, 272, 274,
    271, 271, 272, 271, 272, 274, 272, 275, 274, 275, 274, 271, 271, 273,
    275, 274, 271, 274, 275, 272, 273, 273, 273, 274, 271, 272, 272, 275,
    274, 274, 274, 275, 272, 274, 275, 274, 275, 272, 271, 270, 270, 271,
    273, 269, 271, 270, 271, 271, 274, 271, 271, 275, 274, 274, 272, 272,
    273, 272, 274, 275, 271, 272, 271, 274, 275, 276, 272, 275, 276, 275,
    271, 274, 272, 274, 274 ]
headPositionsY: [ 96, 79, 79, 79, 80, 83, 79, 80, 79, 82, 82, 79, 80, 78,
    82, 78, 81, 78, 78, 81, 79, 81, 78, 82, 81, 80, 79, 83, 78, 79, 81,
    80, 83, 82, 83, 87, 83, 83, 86, 85, 87, 88, 90, 93, 91, 91, 94, 95,
    96, 99, 95, 98, 100, 100, 99, 97, 99, 100, 100, 97, 98, 101, 100,
    100, 97, 99, 99, 100, 98, 95, 98, 99, 97, 95, 96, 96, 98, 98, 98, 98,
    97, 95, 96, 95, 98, 96, 95, 99, 95, 94, 95, 95, 95, 95, 99, 96, 96,
    96, 96, 98 ]
