%YAML:1.0
---
videoName: "headLookDown2.mp4"
gestureLabel: 206
fps: 29
pixelSizeInCmTemp: 3.3732394366197183e-01
faceCenterPointX: 274
faceCenterPointY: 95
headPositionsX: [ 274, 276, 272, 273, 274, 272, 271, 276, 276, 274, 272,
    273, 275, 273, 274, 276, 274, 273, 273, 273, 275, 273, 273, 272, 275,
    271, 276, 274, 275, 271, 275, 271, 274, 274, 274, 276, 276, 273, 274,
    275, 274, 273, 276, 277, 277, 272, 273, 273, 272, 273, 274, 275, 273,
    274, 273, 271, 272, 274, 276, 272, 273, 274, 274, 273, 276, 277, 276,
    274, 273, 277, 273, 273, 275, 276, 273, 274, 276, 274, 277, 274, 274,
    278, 274, 273, 277, 276, 274, 274, 274, 275, 277, 275, 272, 274, 276,
    273, 277, 274, 277, 275 ]
headPositionsY: [ 94, 78, 79, 80, 77, 81, 76, 81, 77, 81, 80, 78, 79, 81,
    79, 80, 77, 77, 77, 77, 79, 79, 80, 81, 82, 78, 81, 79, 82, 77, 80,
    79, 80, 80, 81, 80, 80, 84, 85, 87, 86, 89, 91, 89, 92, 96, 92, 94,
    95, 91, 92, 96, 92, 93, 93, 92, 93, 94, 93, 95, 94, 96, 94, 95, 93,
    96, 97, 95, 93, 94, 92, 92, 93, 93, 96, 96, 96, 97, 96, 93, 96, 93,
    94, 97, 93, 97, 94, 95, 94, 94, 95, 95, 96, 96, 93, 94, 94, 93, 95,
    98 ]
