%YAML:1.0
---
videoName: "headLookDown7.mp4"
gestureLabel: 206
fps: 30
pixelSizeInCmTemp: 3.3732394366197183e-01
faceCenterPointX: 274
faceCenterPointY: 95
headPositionsX: [ 275, 272, 273, 272, 273, 271, 273, 272, 273, 273, 273,
    274, 273, 275, 273, 272, 274, 272, 275, 274, 274, 275, 276, 275, 275,
    276, 273, 276, 272, 275, 276, 275, 272, 275, 274, 275, 275, 275, 271,
    271, 274, 272, 275, 273, 274, 273, 274, 274, 273, 275, 276, 273, 274,
    273, 276, 272, 277, 274, 274, 274, 273, 276, 276, 276, 275, 274, 272,
    272, 276, 275, 273, 276, 275, 274, 275, 274, 273, 274, 277, 276, 275,
    275, 277, 273, 276, 276, 278, 273, 277, 274, 276, 277, 275, 273, 274,
    277, 277, 275, 274, 276 ]
headPositionsY: [ 94, 82, 83, 84, 84, 84, 80, 81, 81, 82, 83, 82, 83, 81,
    81, 84, 85, 80, 82, 81, 80, 82, 82, 83, 81, 83, 84, 82, 82, 84, 83,
    80, 81, 84, 84, 83, 81, 85, 84, 84, 84, 83, 85, 84, 84, 85, 83, 82,
    82, 83, 87, 88, 84, 89, 87, 90, 91, 92, 91, 94, 95, 92, 95, 93, 92,
    95, 94, 94, 96, 97, 95, 93, 93, 94, 97, 96, 97, 95, 93, 94, 98, 94,
    94, 98, 93, 97, 95, 94, 96, 95, 95, 97, 98, 98, 96, 95, 96, 97, 93,
    97 ]
