%YAML:1.0
---
videoName: "headLookDown5.mp4"
gestureLabel: 206
fps: 29
pixelSizeInCmTemp: 3.4710144927536229e-01
faceCenterPointX: 272
faceCenterPointY: 102
headPositionsX: [ 273, 272, 269, 272, 269, 270, 274, 269, 271, 271, 269,
    272, 273, 269, 270, 273, 272, 272, 273, 273, 274, 274, 273, 269, 270,
    270, 269, 271, 271, 270, 269, 269, 274, 274, 269, 272, 272, 271, 274,
    272, 269, 274, 273, 272, 269, 269, 274, 273, 272, 270, 270, 273, 269,
    275, 272, 271, 271, 270, 272, 274, 272, 270, 274, 271, 270, 272, 273,
    270, 269, 273, 274, 274, 270, 275, 272, 269, 270, 270, 270, 274, 270,
    272, 272, 274, 273, 274, 273, 271, 270, 274, 272, 274, 271, 275, 270,
    271, 273, 273, 272, 271 ]
headPositionsY: [ 102, 84, 82, 82, 83, 85, 86, 83, 86, 86, 85, 82, 81,
    86, 82, 84, 82, 81, 83, 81, 82, 85, 84, 82, 86, 83, 85, 83, 83, 84,
    85, 85, 84, 83, 83, 82, 86, 83, 82, 83, 83, 84, 81, 83, 83, 82, 84,
    86, 87, 88, 88, 88, 90, 92, 96, 95, 93, 94, 100, 101, 98, 102, 101,
    101, 101, 98, 100, 101, 101, 101, 101, 102, 104, 105, 100, 103, 104,
    102, 103, 105, 101, 104, 101, 101, 102, 103, 105, 103, 103, 100, 104,
    100, 104, 103, 99, 101, 101, 103, 104, 103 ]
