%YAML:1.0
---
videoName: "headLookDown9.mp4"
gestureLabel: 206
fps: 29
pixelSizeInCmTemp: 3.5220588235294115e-01
faceCenterPointX: 274
faceCenterPointY: 97
headPositionsX: [ 275, 272, 271, 271, 273, 274, 273, 270, 271, 271, 275,
    273, 272, 274, 272, 271, 273, 271, 274, 273, 274, 270, 271, 274, 270,
    274, 273, 270, 274, 271, 272, 273, 272, 272, 271, 273, 274, 270, 273,
    272, 272, 272, 271, 275, 274, 274, 275, 274, 274, 274, 274, 270, 275,
    274, 271, 274, 272, 270, 274, 271, 272, 271, 269, 272, 271, 273, 271,
    274, 273, 269, 272, 274, 274, 272, 274, 271, 275, 270, 273, 272, 270,
    273, 273, 274, 273, 271, 272, 271, 273, 274, 272, 275, 274, 273, 272,
    273, 272, 274, 273, 272 ]
headPositionsY: [ 97, 81, 82, 81, 81, 83, 78, 80, 83, 78, 81, 79, 78, 80,
    80, 81, 81, 82, 80, 79, 80, 80, 78, 80, 80, 79, 79, 80, 78, 81, 82,
    80, 80, 81, 85, 87, 85, 82, 88, 86, 89, 90, 91, 92, 95, 91, 97, 97,
    94, 99, 98, 100, 100, 100, 99, 100, 100, 98, 97, 100, 101, 100, 101,
    96, 99, 96, 99, 100, 100, 95, 98, 99, 97, 98, 99, 97, 96, 98, 95, 95,
    96, 98, 99, 95, 97, 98, 96, 98, 98, 96, 95, 95, 95, 96, 99, 97, 97,
    97, 95, 94 ]
