%YAML:1.0
---
videoName: "headLookDown7.mp4"
gestureLabel: 206
fps: 30
pixelSizeInCmTemp: 3.3732394366197183e-01
faceCenterPointX: 274
faceCenterPointY: 95
headPositionsX: [ 272, 273, 272, 276, 275, 272, 272, 274, 272, 272, 271,
    273, 274, 271, 273, 272, 275, 273, 275, 274, 273, 273, 276, 272, 273,
    275, 273, 272, 276, 274, 273, 271, 274, 274, 271, 272, 274, 274, 272,
    273, 275, 275, 274, 273, 273, 272, 275, 273, 274, 272, 273, 273, 273,
    276, 274, 276, 273, 274, 277, 276, 273, 275, 272, 273, 275, 275, 276,
    273, 273, 273, 272, 272, 275, 273, 273, 272, 272, 275, 277, 274, 273,
    277, 275, 277, 275, 275, 275, 273, 277, 276, 274, 273, 278, 275, 277,
    273, 273, 276, 272, 276 ]
headPositionsY: [ 95, 84, 84, 84, 83, 81, 81, 81, 81, 82, 84, 82, 85, 82,
    84, 81, 85, 81, 82, 84, 80, 81, 81, 80, 83, 84, 85, 85, 83, 84, 85,
    83, 84, 85, 80, 82, 84, 85, 81, 81, 81, 83, 84, 83, 81, 86, 84, 82,
    84, 85, 86, 84, 88, 86, 86, 88, 89, 89, 91, 91, 92, 95, 96, 94, 92,
    93, 93, 97, 94, 95, 95, 94, 97, 94, 96, 95, 94, 96, 96, 94, 94, 93,
    96, 95, 97, 97, 98, 94, 95, 96, 94, 97, 96, 98, 94, 96, 97, 94, 94,
    95 ]
