%YAML:1.0
---
videoName: "headLookDown8.mp4"
gestureLabel: 206
fps: 29
pixelSizeInCmTemp: 3.3732394366197183e-01
faceCenterPointX: 276
faceCenterPointY: 96
headPositionsX: [ 275, 275, 274, 273, 276, 275, 276, 274, 273, 276, 273,
    273, 274, 273, 275, 276, 275, 273, 276, 277, 273, 272, 278, 274, 274,
    273, 275, 277, 274, 272, 274, 274, 275, 276, 272, 273, 274, 275, 272,
    277, 274, 274, 276, 274, 274, 274, 274, 277, 275, 275, 275, 278, 278,
    277, 277, 276, 278, 274, 278, 277, 278, 274, 278, 275, 276, 278, 277,
    274, 273, 275, 274, 275, 276, 274, 274, 276, 277, 278, 275, 274, 276,
    279, 274, 275, 278, 278, 276, 277, 276, 276, 277, 275, 275, 276, 277,
    276, 278, 278, 274, 277 ]
headPositionsY: [ 95, 78, 81, 78, 81, 78, 81, 81, 79, 82, 81, 80, 78, 81,
    81, 81, 78, 81, 79, 81, 79, 77, 80, 81, 80, 82, 81, 78, 81, 79, 82,
    78, 81, 80, 82, 82, 85, 83, 83, 88, 88, 88, 88, 91, 90, 90, 92, 92,
    94, 93, 98, 95, 100, 96, 98, 97, 95, 99, 99, 95, 95, 96, 98, 99, 100,
    100, 100, 99, 96, 98, 99, 95, 95, 97, 94, 96, 96, 98, 95, 97, 97, 97,
    95, 98, 95, 96, 97, 96, 97, 97, 95, 97, 97, 99, 95, 96, 96, 95, 95,
    98 ]
