%YAML:1.0
---
videoName: "headLookDown3.mp4"
gestureLabel: 206
fps: 29
pixelSizeInCmTemp: 3.5746268656716418e-01
faceCenterPointX: 273
faceCenterPointY: 98
headPositionsX: [ 271, 274, 272, 272, 270, 270, 273, 275, 273, 273, 275,
    273, 272, 272, 273, 274, 273, 272, 273, 271, 271, 274, 271, 274, 273,
    271, 271, 272, 270, 272, 274, 273, 273, 273, 274, 271, 271, 270, 274,
    271, 271, 270, 270, 269, 274, 275, 274, 272, 274, 270, 270, 275, 270,
    274, 274, 275, 272, 273, 272, 272, 271, 272, 272, 269, 271, 272, 270,
    270, 268, 273, 272, 273, 269, 273, 270, 268, 270, 272, 269, 272, 273,
    274, 269, 271, 270, 271, 273, 271, 272, 271, 272, 275, 272, 275, 276,
    275, 275, 274, 273, 271 ]
headPositionsY: [ 99, 77, 77, 80, 76, 77, 76, 80, 76, 77, 77, 80, 80, 79,
    77, 80, 80, 81, 78, 80, 80, 81, 78, 81, 80, 79, 81, 80, 80, 80, 80,
    78, 77, 77, 78, 78, 80, 79, 83, 82, 81, 84, 82, 86, 84, 86, 84, 90,
    89, 91, 89, 92, 93, 90, 94, 93, 94, 94, 98, 100, 100, 100, 98, 100,
    98, 99, 100, 101, 101, 103, 101, 101, 100, 101, 101, 101, 100, 103,
    101, 103, 102, 103, 102, 103, 99, 101, 100, 98, 102, 100, 99, 102,
    103, 99, 100, 100, 102, 98, 98, 101 ]
