%YAML:1.0
---
videoName: "headLookDown7.mp4"
gestureLabel: 206
fps: 30
pixelSizeInCmTemp: 3.3732394366197183e-01
faceCenterPointX: 274
faceCenterPointY: 95
headPositionsX: [ 276, 276, 272, 275, 274, 272, 273, 271, 272, 275, 272,
    274, 272, 274, 274, 273, 275, 274, 273, 273, 271, 275, 274, 275, 273,
    276, 273, 272, 276, 275, 274, 271, 273, 275, 275, 271, 274, 273, 273,
    274, 276, 271, 274, 273, 275, 273, 272, 274, 274, 273, 273, 275, 274,
    273, 274, 276, 276, 277, 277, 277, 274, 276, 274, 272, 276, 273, 274,
    273, 275, 274, 275, 274, 276, 274, 276, 272, 273, 275, 275, 274, 277,
    276, 273, 273, 277, 275, 274, 273, 273, 276, 273, 277, 275, 273, 276,
    277, 276, 277, 274, 273 ]
headPositionsY: [ 95, 82, 84, 81, 81, 84, 81, 83, 81, 85, 83, 82, 84, 83,
    83, 81, 82, 83, 81, 82, 83, 84, 80, 83, 84, 81, 81, 84, 84, 84, 85,
    80, 81, 81, 80, 84, 81, 82, 82, 82, 85, 84, 83, 85, 83, 86, 85, 86,
    83, 84, 83, 88, 88, 90, 86, 88, 90, 91, 91, 92, 96, 94, 96, 96, 93,
    94, 94, 95, 96, 94, 96, 96, 96, 94, 93, 95, 94, 95, 96, 98, 98, 93,
    98, 97, 96, 94, 98, 95, 98, 95, 97, 95, 99, 96, 98, 98, 97, 94, 96,
    97 ]
