%YAML:1.0
---
videoName: "headLookDown5.mp4"
gestureLabel: 206
fps: 29
pixelSizeInCmTemp: 3.4710144927536229e-01
faceCenterPointX: 272
faceCenterPointY: 102
headPositionsX: [ 274, 273, 269, 273, 272, 269, 271, 272, 274, 273, 270,
    273, 271, 269, 270, 270, 271, 271, 273, 271, 274, 274, 270, 271, 270,
    270, 273, 273, 270, 270, 270, 272, 270, 272, 273, 269, 273, 270, 272,
    270, 270, 271, 269, 270, 269, 272, 273, 272, 272, 273, 273, 270, 269,
    275, 273, 273, 273, 270, 275, 273, 270, 269, 273, 270, 269, 272, 269,
    274, 273, 273, 274, 271, 271, 271, 274, 270, 270, 268, 274, 274, 269,
    274, 272, 270, 275, 275, 274, 273, 272, 272, 271, 273, 275, 271, 271,
    272, 272, 271, 275, 272 ]
headPositionsY: [ 101, 84, 85, 85, 85, 81, 84, 85, 82, 82, 85, 86, 85,
    85, 85, 86, 85, 83, 81, 84, 82, 82, 82, 84, 86, 82, 81, 83, 83, 82,
    83, 85, 83, 83, 81, 83, 83, 84, 84, 82, 82, 85, 82, 84, 84, 86, 87,
    86, 86, 90, 91, 87, 92, 92, 94, 97, 97, 95, 98, 101, 101, 102, 102,
    99, 100, 98, 102, 101, 99, 103, 104, 100, 104, 101, 100, 100, 103,
    101, 105, 105, 101, 105, 102, 101, 105, 103, 102, 101, 100, 101, 101,
    102, 104, 102, 100, 100, 105, 103, 103, 104 ]
