%YAML:1.0
---
videoName: "headLookDown9.mp4"
gestureLabel: 206
fps: 29
pixelSizeInCmTemp: 3.5220588235294115e-01
faceCenterPointX: 274
faceCenterPointY: 97
headPositionsX: [ 272, 271, 275, 274, 273, 273, 272, 271, 272, 273, 273,
    273, 272, 271, 270, 274, 274, 274, 272, 274, 275, 271, 271, 272, 274,
    271, 272, 274, 272, 270, 270, 275, 273, 270, 274, 273, 271, 273, 275,
    272, 270, 275, 275, 272, 271, 274, 272, 270, 272, 271, 271, 270, 275,
    274, 274, 270, 274, 270, 273, 275, 272, 273, 270, 274, 272, 271, 272,
    275, 272, 272, 271, 271, 273, 273, 273, 274, 275, 273, 270, 275, 272,
    274, 274, 270, 271, 273, 274, 272, 274, 272, 275, 274, 272, 274, 272,
    271, 273, 273, 271, 275 ]
headPositionsY: [ 95, 80, 81, 78, 79, 83, 78, 81, 82, 79, 80, 78, 78, 78,
    80, 82, 79, 81, 79, 77, 79, 80, 80, 80, 79, 78, 80, 80, 79, 82, 83,
    81, 82, 84, 82, 87, 84, 83, 88, 86, 87, 91, 90, 93, 93, 91, 95, 96,
    96, 98, 96, 100, 98, 100, 100, 97, 100, 96, 97, 97, 101, 99, 99, 96,
    96, 99, 99, 98, 96, 99, 97, 99, 97, 98, 98, 95, 97, 95, 99, 96, 98,
    99, 97, 95, 97, 96, 96, 97, 96, 98, 99, 95, 95, 99, 96, 98, 95, 96,
    94, 94 ]
