%YAML:1.0
---
videoName: "headLookDown9.mp4"
gestureLabel: 206
fps: 29
pixelSizeInCmTemp: 3.5220588235294115e-01
faceCenterPointX: 274
faceCenterPointY: 97
headPositionsX: [ 274, 270, 275, 274, 272, 275, 271, 274, 270, 273, 272,
    273, 273, 273, 271, 272, 274, 275, 272, 271, 274, 273, 274, 273, 270,
    272, 274, 272, 272, 270, 271, 275, 271, 272, 271, 273, 271, 272, 272,
    274, 273, 275, 272, 272, 274, 272, 274, 272, 273, 272, 270, 271, 273,
    274, 274, 273, 273, 273, 271, 275, 272, 273, 272, 273, 273, 270, 271,
    272, 269, 270, 273, 273, 271, 271, 274, 274, 274, 270, 270, 271, 274,
    271, 274, 273, 273, 275, 274, 271, 275, 273, 272, 274, 271, 275, 272,
    274, 275, 271, 273, 272 ]
headPositionsY: [ 95, 79, 81, 78, 79, 80, 81, 78, 79, 79, 82, 80, 78, 78,
    80, 82, 80, 79, 80, 77, 80, 80, 77, 80, 82, 78, 83, 80, 81, 82, 80,
    80, 84, 80, 81, 83, 86, 83, 85, 87, 89, 89, 92, 92, 93, 92, 98, 96,
    97, 96, 96, 96, 100, 100, 100, 96, 100, 100, 97, 101, 97, 99, 98, 96,
    97, 100, 97, 99, 98, 97, 99, 99, 100, 99, 98, 96, 98, 99, 96, 96, 97,
    98, 95, 97, 95, 98, 95, 98, 96, 96, 99, 98, 95, 99, 97, 98, 98, 95,
    94, 94 ]
