%YAML:1.0
---
videoName: "headLookDown1.mp4"
gestureLabel: 206
fps: 29
pixelSizeInCmTemp: 3.4710144927536229e-01
faceCenterPointX: 271
faceCenterPointY: 97
headPositionsX: [ 273, 270, 271, 273, 272, 271, 272, 270, 272, 272, 272,
    272, 270, 269, 271, 271, 272, 273, 271, 273, 269, 269, 270, 274, 270,
    270, 271, 269, 270, 272, 269, 272, 271, 273, 270, 273, 273, 272, 269,
    269, 269, 272, 271, 268, 272, 271, 270, 270, 273, 271, 272, 269, 269,
    271, 273, 269, 270, 269, 269, 273, 270, 268, 272, 270, 270, 270, 267,
    271, 268, 268, 272, 268, 269, 271, 274, 269, 270, 269, 268, 270, 272,
    271, 270, 271, 273, 273, 271, 269, 272, 273, 273, 270, 273, 270, 273,
    274, 270, 273, 273, 271 ]
headPositionsY: [ 95, 77, 75, 80, 78, 78, 79, 80, 79, 80, 79, 79, 80, 79,
    79, 79, 77, 80, 79, 77, 80, 77, 78, 80, 81, 78, 78, 82, 81, 80, 79,
    78, 78, 80, 82, 79, 80, 78, 81, 79, 82, 81, 81, 81, 86, 85, 88, 90,
    88, 91, 90, 94, 97, 98, 98, 96, 95, 97, 98, 99, 96, 98, 98, 98, 97,
    100, 97, 98, 99, 99, 99, 98, 98, 99, 97, 98, 98, 99, 99, 99, 95, 96,
    99, 99, 96, 99, 96, 97, 100, 98, 97, 98, 97, 98, 95, 97, 97, 95, 97,
    97 ]
