%YAML:1.0
---
videoName: "headLookDown3.mp4"
gestureLabel: 206
fps: 29
pixelSizeInCmTemp: 3.5746268656716418e-01
faceCenterPointX: 273
faceCenterPointY: 98
headPositionsX: [ 274, 274, 271, 275, 271, 272, 271, 274, 270, 272, 275,
    271, 274, 273, 274, 272, 273, 273, 273, 273, 274, 275, 272, 270, 275,
    271, 271, 274, 273, 274, 273, 275, 273, 272, 271, 270, 272, 270, 273,
    273, 271, 271, 273, 272, 272, 272, 271, 274, 273, 271, 273, 271, 270,
    274, 272, 271, 275, 274, 270, 271, 269, 272, 269, 269, 272, 271, 270,
    272, 270, 273, 271, 272, 270, 271, 269, 272, 269, 274, 273, 272, 272,
    271, 273, 271, 272, 270, 274, 273, 272, 273, 273, 271, 271, 271, 275,
    276, 275, 272, 271, 271 ]
headPositionsY: [ 98, 80, 76, 79, 80, 80, 77, 76, 80, 76, 79, 77, 79, 80,
    80, 80, 76, 81, 81, 78, 81, 80, 76, 81, 79, 76, 80, 81, 80, 80, 81,
    77, 81, 81, 79, 77, 82, 82, 82, 80, 80, 84, 86, 84, 88, 86, 85, 88,
    87, 88, 91, 93, 92, 92, 91, 94, 96, 96, 97, 99, 100, 99, 99, 99, 100,
    100, 102, 101, 99, 101, 103, 104, 103, 99, 103, 103, 103, 102, 100,
    101, 101, 99, 99, 103, 100, 102, 100, 98, 101, 100, 99, 103, 103,
    100, 103, 98, 100, 100, 102, 99 ]
