%YAML:1.0
---
videoName: "headLookDown6.mp4"
gestureLabel: 206
fps: 29
pixelSizeInCmTemp: 3.4710144927536229e-01
faceCenterPointX: 276
faceCenterPointY: 98
headPositionsX: [ 274, 275, 273, 273, 276, 277, 275, 276, 276, 273, 276,
    277, 273, 274, 277, 275, 273, 274, 277, 278, 277, 273, 276, 278, 273,
    277, 272, 277, 275, 273, 275, 278, 277, 275, 275, 277, 275, 277, 275,
    276, 276, 276, 273, 274, 275, 276, 276, 278, 273, 277, 276, 276, 275,
    275, 277, 276, 273, 274, 276, 277, 273, 273, 274, 276, 274, 275, 274,
    274, 274, 276, 272, 275, 276, 274, 274, 277, 275, 274, 276, 277, 273,
    277, 274, 274, 273, 277, 275, 278, 277, 274, 278, 276, 275, 278, 277,
    276, 278, 274, 275, 274 ]
headPositionsY: [ 99, 83, 79, 79, 81, 81, 79, 83, 83, 79, 79, 83, 80, 83,
    82, 83, 79, 83, 81, 80, 80, 83, 82, 82, 82, 81, 80, 84, 81, 82, 80,
    83, 84, 81, 85, 83, 85, 83, 83, 84, 81, 84, 84, 88, 86, 88, 88, 93,
    91, 94, 93, 96, 92, 96, 97, 94, 97, 98, 98, 97, 98, 98, 98, 98, 98,
    98, 100, 98, 98, 99, 98, 99, 100, 100, 97, 100, 99, 99, 99, 99, 101,
    100, 98, 97, 100, 98, 98, 100, 99, 101, 98, 100, 97, 98, 98, 96, 99,
    96, 96, 100 ]
