%YAML:1.0
---
videoName: "headLookDown4.mp4"
gestureLabel: 206
fps: 29
pixelSizeInCmTemp: 3.4710144927536229e-01
faceCenterPointX: 275
faceCenterPointY: 97
headPositionsX: [ 277, 274, 271, 272, 273, 273, 270, 270, 274, 271, 273,
    271, 274, 272, 274, 274, 275, 271, 275, 275, 274, 271, 274, 271, 271,
    273, 273, 275, 271, 274, 274, 272, 273, 272, 274, 271, 273, 271, 276,
    275, 271, 273, 272, 276, 274, 274, 274, 275, 274, 276, 275, 274, 274,
    272, 273, 275, 274, 274, 274, 275, 272, 275, 272, 274, 275, 272, 273,
    274, 274, 274, 276, 276, 274, 276, 275, 273, 274, 275, 276, 276, 276,
    273, 277, 275, 274, 277, 274, 274, 275, 272, 275, 274, 275, 276, 277,
    274, 275, 274, 275, 276 ]
headPositionsY: [ 99, 82, 80, 81, 79, 81, 80, 82, 80, 83, 79, 82, 79, 78,
    80, 82, 83, 79, 79, 81, 81, 80, 78, 79, 79, 79, 82, 83, 78, 79, 81,
    82, 84, 85, 82, 83, 85, 84, 85, 88, 86, 89, 89, 92, 91, 91, 95, 93,
    95, 94, 95, 95, 100, 96, 102, 103, 99, 99, 99, 98, 101, 98, 98, 101,
    102, 100, 101, 98, 97, 98, 98, 97, 99, 98, 99, 97, 99, 98, 100, 98,
    97, 95, 95, 96, 95, 97, 99, 96, 96, 96, 99, 98, 98, 98, 98, 98, 95,
    97, 99, 98 ]
