%YAML:1.0
---
videoName: "headLookDown4.mp4"
gestureLabel: 206
fps: 29
pixelSizeInCmTemp: 3.4710144927536229e-01
faceCenterPointX: 275
faceCenterPointY: 97
headPositionsX: [ 276, 274, 271, 271, 275, 271, 273, 273, 272, 274, 276,
    275, 275, 272, 274, 275, 272, 274, 275, 275, 275, 274, 271, 274, 271,
    275, 274, 273, 274, 271, 272, 272, 274, 274, 276, 275, 272, 273, 273,
    275, 271, 276, 274, 273, 276, 273, 276, 272, 274, 273, 272, 273, 272,
    274, 273, 272, 274, 276, 273, 275, 272, 273, 272, 275, 274, 275, 275,
    273, 274, 274, 272, 272, 276, 272, 272, 272, 276, 274, 275, 277, 276,
    276, 277, 273, 277, 275, 276, 273, 275, 273, 273, 272, 274, 272, 275,
    273, 274, 276, 275, 276 ]
headPositionsY: [ 99, 79, 83, 83, 79, 79, 79, 79, 79, 79, 83, 82, 81, 81,
    78, 80, 82, 81, 79, 80, 80, 82, 81, 81, 81, 83, 80, 82, 82, 81, 79,
    79, 84, 81, 86, 84, 83, 86, 87, 88, 86, 88, 90, 92, 93, 93, 92, 92,
    94, 97, 96, 95, 99, 99, 100, 99, 99, 100, 100, 102, 102, 98, 99, 99,
    101, 101, 102, 100, 97, 99, 101, 99, 99, 97, 97, 95, 99, 100, 100,
    99, 95, 96, 99, 95, 99, 98, 95, 95, 95, 99, 95, 99, 96, 96, 96, 98,
    96, 99, 97, 99 ]
