%YAML:1.0
---
videoName: "headLookDown2.mp4"
gestureLabel: 206
fps: 29
pixelSizeInCmTemp: 3.3732394366197183e-01
faceCenterPointX: 274
faceCenterPointY: 95
headPositionsX: [ 275, 275, 274, 274, 272, 274, 272, 274, 272, 274, 275,
    276, 275, 272, 272, 275, 272, 276, 275, 276, 274, 273, 275, 273, 276,
    272, 273, 272, 275, 275, 273, 273, 274, 273, 273, 274, 272, 273, 272,
    275, 273, 276, 273, 277, 273, 274, 275, 276, 272, 275, 275, 271, 276,
    272, 273, 273, 274, 273, 272, 272, 273, 273, 274, 276, 276, 277, 274,
    274, 276, 276, 273, 274, 277, 275, 275, 278, 277, 276, 275, 276, 274,
    274, 273, 274, 276, 272, 273, 276, 277, 276, 277, 277, 274, 274, 275,
    272, 275, 275, 277, 276 ]
headPositionsY: [ 93, 80, 79, 77, 77, 80, 76, 80, 78, 79, 78, 77, 81, 78,
    80, 81, 78, 77, 79, 81, 77, 78, 79, 79, 80, 79, 82, 78, 80, 78, 78,
    82, 79, 82, 82, 82, 81, 85, 82, 87, 86, 90, 89, 89, 95, 93, 94, 92,
    95, 92, 96, 95, 96, 92, 96, 95, 94, 95, 96, 94, 93, 94, 95, 95, 93,
    96, 95, 97, 97, 95, 93, 93, 95, 95, 94, 95, 94, 97, 93, 96, 95, 96,
    93, 94, 95, 97, 92, 94, 98, 96, 94, 97, 94, 96, 93, 93, 96, 94, 96,
    98 ]
