%YAML:1.0
---
videoName: "headLookDown4.mp4"
gestureLabel: 206
fps: 29
pixelSizeInCmTemp: 3.4710144927536229e-01
faceCenterPointX: 275
faceCenterPointY: 97
headPositionsX: [ 274, 271, 275, 273, 274, 274, 272, 271, 275, 272, 275,
    273, 273, 272, 275, 271, 275, 273, 271, 271, 271, 273, 270, 273, 273,
    273, 272, 273, 273, 275, 273, 274, 272, 271, 272, 271, 275, 271, 276,
    275, 272, 276, 275, 275, 274, 276, 275, 275, 273, 276, 273, 275, 272,
    272, 275, 273, 273, 273, 273, 273, 273, 272, 274, 275, 273, 272, 273,
    274, 274, 273, 276, 273, 275, 275, 275, 273, 273, 272, 272, 277, 274,
    277, 273, 273, 273, 273, 273, 277, 273, 273, 273, 275, 274, 273, 276,
    274, 275, 274, 275, 276 ]
headPositionsY: [ 97, 83, 81, 82, 79, 81, 80, 81, 80, 82, 81, 81, 79, 82,
    81, 81, 83, 80, 80, 82, 81, 81, 81, 82, 79, 80, 82, 82, 79, 82, 81,
    82, 83, 84, 84, 84, 86, 86, 87, 85, 88, 86, 92, 91, 89, 92, 92, 95,
    96, 93, 97, 96, 99, 98, 100, 101, 100, 100, 100, 102, 98, 101, 99,
    99, 101, 100, 98, 101, 97, 102, 99, 100, 99, 100, 96, 97, 99, 100,
    96, 100, 95, 96, 98, 95, 96, 100, 98, 99, 98, 97, 98, 99, 95, 98, 99,
    97, 95, 97, 97, 99 ]
