%YAML:1.0
---
videoName: "headLookDown8.mp4"
gestureLabel: 206
fps: 29
pixelSizeInCmTemp: 3.3732394366197183e-01
faceCenterPointX: 276
faceCenterPointY: 96
headPositionsX: [ 278, 275, 273, 273, 276, 273, 274, 275, 276, 277, 275,
    275, 274, 273, 276, 277, 273, 273, 275, 278, 273, 275, 278, 276, 276,
    277, 275, 275, 274, 276, 272, 273, 273, 274, 275, 272, 276, 272, 273,
    276, 276, 275, 276, 274, 275, 274, 274, 277, 274, 276, 278, 277, 274,
    276, 274, 278, 276, 274, 278, 275, 275, 275, 274, 274, 277, 277, 277,
    273, 276, 275, 275, 278, 275, 277, 274, 278, 277, 275, 277, 276, 275,
    278, 278, 278, 277, 275, 278, 276, 275, 275, 275, 276, 276, 278, 275,
    279, 274, 278, 274, 277 ]
headPositionsY: [ 98, 79, 78, 81, 80, 78, 78, 78, 82, 80, 79, 81, 81, 81,
    79, 78, 78, 79, 77, 81, 80, 80, 79, 77, 82, 79, 79, 81, 79, 81, 78,
    82, 82, 83, 81, 84, 82, 82, 85, 85, 86, 90, 90, 91, 92, 93, 93, 91,
    96, 96, 95, 98, 99, 99, 99, 96, 97, 99, 99, 95, 97, 96, 98, 97, 99,
    100, 100, 96, 96, 98, 96, 99, 97, 99, 96, 97, 98, 94, 95, 95, 96, 97,
    95, 96, 97, 97, 96, 98, 95, 95, 98, 98, 98, 99, 94, 98, 97, 97, 94,
    96 ]
