%YAML:1.0
---
videoName: "headLookDown3.mp4"
gestureLabel: 206
fps: 29
pixelSizeInCmTemp: 3.5746268656716418e-01
faceCenterPointX: 273
faceCenterPointY: 98
headPositionsX: [ 273, 274, 275, 274, 271, 272, 274, 271, 272, 271, 272,
    274, 271, 273, 274, 271, 272, 271, 274, 273, 271, 272, 274, 271, 271,
    274, 274, 274, 272, 274, 274, 275, 271, 271, 274, 271, 275, 271, 273,
    274, 270, 274, 272, 269, 273, 274, 274, 275, 272, 273, 272, 275, 273,
    272, 274, 275, 273, 270, 270, 273, 271, 274, 268, 270, 273, 273, 272,
    271, 268, 269, 270, 274, 271, 272, 272, 272, 271, 270, 271, 270, 272,
    274, 271, 272, 269, 274, 270, 272, 272, 271, 272, 272, 273, 272, 274,
    272, 274, 274, 274, 274 ]
headPositionsY: [ 97, 77, 76, 78, 80, 80, 76, 77, 76, 78, 77, 77, 76, 78,
    76, 80, 78, 78, 81, 80, 78, 80, 79, 80, 79, 77, 78, 80, 77, 79, 81,
    81, 80, 79, 78, 79, 81, 80, 82, 81, 81, 84, 86, 86, 85, 85, 88, 89,
    90, 92, 89, 94, 94, 94, 95, 96, 95, 94, 96, 100, 101, 100, 97, 98,
    101, 99, 100, 99, 99, 99, 101, 102, 100, 101, 104, 99, 101, 101, 101,
    100, 100, 100, 103, 100, 100, 101, 101, 102, 100, 101, 100, 100, 101,
    99, 103, 98, 98, 99, 102, 99 ]
