%YAML:1.0
---
videoName: "headLookDown2.mp4"
gestureLabel: 206
fps: 29
pixelSizeInCmTemp: 3.3732394366197183e-01
faceCenterPointX: 274
faceCenterPointY: 95
headPositionsX: [ 275, 272, 275, 272, 275, 276, 273, 275, 274, 272, 271,
    272, 275, 273, 273, 276, 273, 275, 273, 272, 275, 272, 271, 275, 273,
    272, 276, 276, 276, 271, 273, 274, 276, 272, 274, 272, 275, 276, 272,
    274, 273, 274, 274, 273, 273, 274, 275, 276, 273, 275, 274, 272, 274,
    274, 271, 274, 276, 273, 276, 273, 272, 273, 275, 274, 275, 274, 276,
    275, 276, 274, 272, 277, 274, 277, 274, 277, 277, 274, 277, 276, 276,
    278, 276, 277, 273, 275, 273, 276, 277, 274, 274, 273, 276, 277, 273,
    274, 275, 274, 277, 276 ]
headPositionsY: [ 97, 79, 81, 80, 77, 77, 76, 79, 77, 77, 79, 78, 77, 77,
    77, 79, 79, 81, 77, 81, 77, 80, 77, 79, 80, 78, 79, 80, 81, 79, 79,
    78, 82, 80, 79, 81, 84, 82, 84, 85, 89, 91, 90, 92, 91, 94, 93, 93,
    93, 95, 96, 93, 94, 92, 95, 93, 94, 96, 94, 93, 94, 96, 95, 94, 94,
    97, 95, 94, 96, 93, 92, 96, 95, 94, 93, 94, 94, 94, 96, 95, 93, 96,
    95, 97, 94, 94, 92, 93, 94, 95, 96, 96, 94, 97, 95, 94, 94, 97, 98,
    98 ]
