%YAML:1.0
---
videoName: "headLookDown4.mp4"
gestureLabel: 206
fps: 29
pixelSizeInCmTemp: 3.4710144927536229e-01
faceCenterPointX: 275
faceCenterPointY: 97
headPositionsX: [ 274, 273, 271, 271, 274, 274, 273, 271, 271, 271, 274,
    273, 271, 272, 271, 271, 274, 275, 275, 275, 275, 275, 273, 272, 273,
    271, 271, 271, 273, 273, 273, 275, 273, 273, 276, 271, 274, 270, 275,
    273, 274, 276, 274, 276, 274, 275, 272, 271, 274, 276, 272, 273, 276,
    271, 275, 272, 271, 275, 275, 275, 276, 274, 276, 272, 275, 274, 274,
    275, 276, 273, 275, 273, 272, 274, 272, 276, 272, 272, 273, 276, 276,
    275, 275, 276, 274, 274, 275, 277, 276, 275, 272, 274, 273, 273, 275,
    272, 276, 274, 274, 277 ]
headPositionsY: [ 98, 79, 80, 80, 80, 79, 80, 82, 81, 81, 83, 81, 78, 78,
    81, 80, 83, 81, 78, 82, 80, 79, 82, 80, 79, 83, 79, 82, 81, 78, 82,
    80, 82, 81, 84, 84, 82, 85, 87, 85, 87, 87, 90, 92, 90, 92, 91, 95,
    93, 96, 98, 98, 99, 96, 101, 100, 99, 103, 98, 102, 102, 98, 100,
    103, 103, 102, 102, 98, 99, 101, 100, 98, 101, 99, 97, 97, 99, 96,
    100, 96, 95, 95, 95, 99, 99, 97, 98, 98, 98, 95, 95, 98, 97, 95, 96,
    96, 96, 97, 98, 95 ]
