%YAML:1.0
---
videoName: "headLookDown9.mp4"
gestureLabel: 206
fps: 29
pixelSizeInCmTemp: 3.5220588235294115e-01
faceCenterPointX: 274
faceCenterPointY: 97
headPositionsX: [ 275, 273, 273, 274, 274, 275, 275, 271, 271, 270, 274,
    271, 271, 274, 274, 274, 272, 274, 270, 272, 272, 271, 275, 275, 273,
    271, 271, 270, 273, 271, 273, 271, 274, 274, 274, 271, 272, 270, 275,
    273, 273, 272, 274, 273, 273, 272, 274, 271, 274, 272, 270, 271, 274,
    273, 273, 272, 274, 272, 273, 274, 272, 273, 271, 273, 274, 269, 271,
    274, 269, 270, 273, 271, 275, 272, 272, 272, 274, 270, 272, 275, 270,
    273, 272, 272, 274, 273, 271, 271, 275, 274, 272, 275, 272, 276, 274,
    274, 275, 271, 274, 271 ]
headPositionsY: [ 96, 81, 81, 78, 79, 82, 79, 80, 82, 82, 84, 78, 81, 78,
    82, 78, 81, 80, 81, 79, 80, 82, 77, 79, 79, 78, 82, 80, 81, 82, 83,
    83, 84, 82, 82, 87, 85, 83, 89, 88, 89, 91, 91, 93, 95, 91, 96, 94,
    95, 99, 98, 98, 98, 97, 99, 97, 102, 97, 98, 101, 100, 97, 101, 99,
    97, 100, 99, 97, 97, 95, 96, 96, 100, 98, 100, 97, 97, 96, 97, 98,
    96, 98, 95, 97, 97, 97, 99, 96, 97, 97, 99, 97, 97, 97, 99, 99, 94,
    96, 94, 96 ]
