%YAML:1.0
---
videoName: "headLookDown5.mp4"
gestureLabel: 206
fps: 29
pixelSizeInCmTemp: 3.4710144927536229e-01
faceCenterPointX: 272
faceCenterPointY: 102
headPositionsX: [ 271, 273, 268, 273, 270, 269, 273, 270, 270, 273, 273,
    271, 270, 270, 270, 273, 270, 271, 269, 272, 270, 274, 270, 272, 270,
    270, 269, 273, 270, 272, 271, 270, 273, 270, 270, 270, 270, 273, 272,
    271, 269, 273, 271, 272, 269, 270, 272, 270, 272, 273, 273, 269, 270,
    271, 271, 270, 271, 270, 271, 270, 269, 272, 272, 271, 269, 270, 271,
    271, 269, 273, 270, 270, 274, 275, 271, 273, 272, 272, 270, 275, 270,
    272, 272, 272, 273, 271, 272, 271, 273, 270, 270, 270, 272, 274, 272,
    273, 273, 275, 273, 273 ]
headPositionsY: [ 104, 82, 83, 84, 82, 81, 86, 86, 82, 84, 86, 85, 84,
    86, 84, 83, 84, 81, 81, 85, 83, 82, 81, 84, 85, 85, 84, 84, 83, 86,
    83, 85, 85, 84, 84, 81, 84, 83, 83, 83, 81, 82, 85, 82, 82, 85, 84,
    87, 87, 89, 89, 90, 89, 95, 92, 93, 93, 95, 99, 99, 98, 100, 100,
    102, 103, 99, 99, 102, 99, 100, 101, 103, 105, 102, 103, 104, 103,
    100, 101, 102, 101, 101, 102, 104, 104, 102, 104, 103, 100, 104, 101,
    104, 101, 102, 102, 101, 101, 101, 101, 103 ]
