%YAML:1.0
---
videoName: "headLookDown7.mp4"
gestureLabel: 206
fps: 30
pixelSizeInCmTemp: 3.3732394366197183e-01
faceCenterPointX: 274
faceCenterPointY: 95
headPositionsX: [ 276, 274, 271, 272, 272, 271, 272, 271, 275, 273, 271,
    274, 272, 273, 274, 276, 272, 274, 272, 271, 272, 271, 276, 274, 273,
    275, 275, 276, 274, 276, 276, 275, 274, 273, 275, 274, 272, 275, 271,
    274, 272, 273, 271, 274, 273, 275, 276, 272, 273, 272, 276, 275, 276,
    273, 276, 273, 273, 274, 277, 275, 276, 272, 274, 274, 274, 275, 274,
    273, 273, 276, 272, 272, 272, 273, 273, 274, 274, 276, 277, 275, 275,
    274, 277, 274, 274, 275, 278, 276, 276, 277, 274, 275, 276, 273, 275,
    274, 276, 275, 274, 276 ]
headPositionsY: [ 94, 83, 84, 82, 82, 81, 81, 81, 84, 82, 84, 85, 82, 82,
    81, 81, 85, 81, 83, 81, 80, 82, 83, 82, 85, 81, 85, 82, 83, 82, 81,
    81, 80, 81, 83, 84, 81, 82, 82, 81, 84, 85, 83, 83, 83, 86, 83, 83,
    84, 83, 86, 84, 88, 86, 88, 90, 89, 91, 94, 94, 94, 96, 93, 95, 92,
    92, 97, 96, 97, 94, 94, 96, 94, 97, 94, 97, 96, 94, 93, 97, 97, 93,
    98, 96, 96, 93, 97, 95, 94, 99, 97, 94, 96, 94, 94, 97, 94, 97, 93,
    95 ]
