%YAML:1.0
---
videoName: "headLookDown8.mp4"
gestureLabel: 206
fps: 29
pixelSizeInCmTemp: 3.3732394366197183e-01
faceCenterPointX: 276
faceCenterPointY: 96
headPositionsX: [ 275, 275, 276, 272, 276, 276, 276, 274, 275, 278, 275,
    274, 276, 277, 274, 276, 273, 277, 274, 278, 273, 273, 274, 272, 273,
    273, 275, 276, 273, 276, 271, 275, 276, 276, 273, 275, 276, 271, 273,
    277, 274, 274, 275, 272, 277, 276, 277, 274, 277, 276, 278, 276, 276,
    276, 275, 276, 276, 278, 275, 276, 277, 276, 277, 277, 276, 276, 278,
    277, 276, 275, 275, 275, 275, 277, 276, 275, 273, 275, 276, 275, 277,
    277, 277, 274, 274, 277, 276, 277, 274, 276, 276, 277, 275, 277, 278,
    277, 275, 278, 277, 277 ]
headPositionsY: [ 94, 79, 81, 80, 80, 81, 78, 80, 78, 80, 80, 82, 77, 77,
    82, 78, 77, 81, 77, 78, 81, 81, 81, 78, 78, 82, 78, 80, 80, 79, 80,
    78, 80, 80, 85, 83, 85, 83, 83, 87, 87, 87, 88, 91, 93, 93, 95, 92,
    92, 94, 98, 97, 98, 97, 100, 96, 98, 99, 98, 98, 98, 97, 100, 96, 99,
    100, 97, 97, 96, 98, 97, 97, 97, 98, 94, 98, 95, 97, 95, 97, 95, 99,
    99, 95, 96, 97, 97, 97, 96, 98, 96, 96, 97, 96, 94, 94, 98, 97, 97,
    97 ]
