%YAML:1.0
---
videoName: "headLookDown4.mp4"
gestureLabel: 206
fps: 29
pixelSizeInCmTemp: 3.4710144927536229e-01
faceCenterPointX: 275
faceCenterPointY: 97
headPositionsX: [ 277, 275, 273, 275, 275, 271, 270, 271, 272, 271, 272,
    274, 274, 270, 273, 275, 276, 272, 274, 275, 274, 272, 270, 273, 271,
    275, 274, 273, 270, 275, 275, 272, 274, 274, 274, 273, 272, 273, 274,
    274, 273, 276, 273, 275, 275, 274, 276, 273, 276, 276, 272, 276, 273,
    272, 275, 273, 274, 275, 272, 275, 272, 274, 272, 275, 275, 275, 274,
    272, 274, 272, 273, 272, 275, 275, 274, 275, 276, 276, 273, 277, 273,
    275, 276, 276, 273, 273, 273, 277, 275, 273, 276, 273, 276, 273, 274,
    273, 273, 276, 274, 273 ]
headPositionsY: [ 97, 82, 83, 81, 80, 82, 78, 79, 78, 82, 79, 79, 81, 80,
    81, 83, 81, 79, 82, 82, 82, 79, 82, 81, 82, 80, 83, 79, 82, 79, 83,
    80, 84, 85, 86, 84, 85, 85, 84, 85, 89, 90, 90, 89, 89, 91, 92, 93,
    93, 97, 98, 97, 97, 96, 101, 100, 100, 100, 99, 102, 102, 100, 102,
    99, 102, 100, 100, 97, 100, 98, 98, 97, 97, 96, 97, 96, 98, 100, 98,
    99, 99, 99, 96, 95, 96, 96, 99, 97, 97, 95, 96, 97, 95, 96, 96, 97,
    97, 96, 96, 99 ]
