%YAML:1.0
---
videoName: "headLookDown4.mp4"
gestureLabel: 206
fps: 29
pixelSizeInCmTemp: 3.4710144927536229e-01
faceCenterPointX: 275
faceCenterPointY: 97
headPositionsX: [ 276, 272, 275, 274, 272, 271, 270, 271, 271, 272, 275,
    273, 271, 272, 272, 273, 274, 272, 275, 274, 275, 275, 271, 271, 273,
    271, 275, 271, 271, 271, 274, 273, 275, 275, 276, 275, 274, 274, 272,
    273, 273, 274, 271, 276, 276, 272, 273, 271, 272, 272, 272, 275, 275,
    271, 275, 272, 273, 273, 273, 275, 274, 271, 272, 273, 273, 272, 273,
    275, 275, 274, 273, 272, 276, 276, 276, 275, 272, 275, 275, 277, 274,
    276, 276, 273, 275, 275, 277, 276, 276, 273, 273, 275, 275, 274, 277,
    272, 274, 273, 275, 274 ]
headPositionsY: [ 97, 80, 83, 83, 83, 81, 78, 82, 82, 83, 82, 82, 81, 79,
    78, 80, 80, 79, 82, 83, 79, 82, 82, 82, 82, 81, 81, 80, 79, 78, 80,
    81, 81, 83, 86, 86, 86, 82, 85, 85, 86, 88, 91, 88, 92, 94, 91, 95,
    95, 94, 94, 95, 97, 99, 102, 103, 103, 103, 100, 102, 98, 102, 100,
    102, 102, 100, 102, 97, 98, 99, 97, 98, 101, 96, 98, 96, 96, 99, 97,
    96, 99, 96, 99, 96, 96, 97, 96, 95, 99, 97, 95, 97, 99, 98, 96, 97,
    96, 95, 97, 95 ]
