%YAML:1.0
---
videoName: "headLookDown8.mp4"
gestureLabel: 206
fps: 29
pixelSizeInCmTemp: 3.3732394366197183e-01
faceCenterPointX: 276
faceCenterPointY: 96
headPositionsX: [ 275, 273, 272, 274, 273, 277, 276, 272, 273, 276, 272,
    276, 273, 273, 274, 274, 273, 276, 277, 275, 272, 274, 275, 276, 276,
    275, 274, 276, 277, 276, 273, 276, 273, 276, 273, 272, 274, 275, 272,
    274, 273, 275, 275, 275, 273, 276, 277, 277, 276, 275, 276, 278, 277,
    277, 277, 277, 276, 274, 277, 274, 277, 275, 277, 277, 276, 278, 277,
    275, 274, 278, 276, 275, 274, 277, 275, 275, 277, 277, 276, 277, 276,
    278, 276, 278, 275, 274, 276, 275, 275, 275, 274, 278, 277, 278, 276,
    278, 276, 277, 275, 274 ]
headPositionsY: [ 97, 77, 77, 77, 81, 81, 81, 81, 79, 79, 80, 82, 81, 81,
    79, 78, 79, 80, 79, 78, 81, 78, 78, 77, 78, 80, 79, 81, 79, 80, 78,
    81, 79, 82, 82, 82, 84, 82, 87, 89, 88, 87, 91, 89, 90, 92, 91, 93,
    93, 93, 95, 97, 97, 97, 98, 96, 97, 97, 98, 99, 99, 100, 100, 98, 97,
    99, 96, 97, 96, 100, 96, 98, 98, 97, 95, 96, 95, 96, 97, 99, 98, 98,
    95, 98, 98, 97, 95, 94, 96, 97, 98, 95, 98, 98, 94, 95, 98, 95, 97,
    94 ]
