%YAML:1.0
---
videoName: "headLookDown1.mp4"
gestureLabel: 206
fps: 29
pixelSizeInCmTemp: 3.4710144927536229e-01
faceCenterPointX: 271
faceCenterPointY: 97
headPositionsX: [ 272, 271, 270, 273, 269, 269, 269, 268, 268, 272, 272,
    271, 268, 268, 271, 270, 272, 273, 271, 271, 273, 272, 268, 272, 274,
    270, 270, 273, 272, 270, 270, 270, 272, 270, 273, 273, 270, 270, 273,
    272, 270, 269, 273, 271, 272, 270, 272, 273, 270, 272, 269, 272, 271,
    270, 273, 271, 271, 269, 269, 270, 272, 268, 273, 270, 270, 271, 271,
    269, 270, 270, 273, 268, 273, 274, 272, 269, 272, 269, 271, 273, 272,
    273, 270, 270, 271, 271, 271, 272, 270, 273, 271, 272, 271, 272, 271,
    271, 273, 272, 273, 271 ]
headPositionsY: [ 99, 78, 77, 81, 76, 79, 78, 78, 78, 78, 80, 78, 79, 81,
    78, 79, 80, 77, 80, 78, 80, 77, 81, 81, 80, 79, 79, 78, 77, 78, 77,
    81, 80, 77, 82, 80, 78, 80, 82, 80, 78, 81, 82, 81, 85, 87, 85, 90,
    91, 92, 94, 93, 94, 95, 98, 96, 97, 96, 98, 99, 100, 97, 101, 101,
    98, 99, 96, 97, 101, 101, 97, 101, 96, 100, 99, 98, 98, 98, 96, 99,
    98, 98, 97, 98, 97, 96, 99, 97, 100, 96, 97, 96, 96, 97, 99, 98, 99,
    99, 95, 98 ]
