%YAML:1.0
---
videoName: "headLookDown3.mp4"
gestureLabel: 206
fps: 29
pixelSizeInCmTemp: 3.5746268656716418e-01
faceCenterPointX: 273
faceCenterPointY: 98
headPositionsX: [ 274, 271, 272, 272, 270, 271, 274, 275, 271, 275, 274,
    271, 270, 271, 273, 271, 273, 274, 271, 273, 271, 275, 270, 270, 273,
    270, 271, 273, 271, 273, 275, 271, 271, 271, 271, 270, 274, 273, 270,
    273, 272, 271, 270, 271, 272, 275, 273, 271, 271, 271, 271, 274, 272,
    271, 271, 273, 275, 271, 273, 273, 270, 270, 270, 271, 271, 271, 271,
    268, 268, 270, 271, 272, 273, 271, 273, 269, 269, 272, 273, 273, 271,
    273, 270, 274, 273, 273, 273, 273, 270, 271, 270, 273, 273, 273, 273,
    273, 273, 272, 275, 272 ]
headPositionsY: [ 100, 80, 79, 79, 79, 79, 77, 78, 76, 76, 80, 76, 80,
    80, 77, 79, 79, 77, 79, 77, 77, 80, 80, 80, 80, 79, 81, 77, 77, 78,
    77, 80, 79, 77, 80, 80, 78, 79, 82, 82, 80, 82, 82, 82, 86, 88, 85,
    89, 87, 92, 89, 93, 90, 91, 94, 94, 96, 94, 97, 99, 101, 98, 98, 96,
    101, 103, 101, 102, 102, 102, 101, 102, 101, 99, 101, 99, 103, 100,
    103, 99, 102, 99, 99, 103, 103, 100, 101, 100, 101, 102, 100, 101,
    103, 98, 104, 101, 101, 98, 101, 99 ]
