%YAML:1.0
---
videoName: "headLookDown1.mp4"
gestureLabel: 206
fps: 29
pixelSizeInCmTemp: 3.4710144927536229e-01
faceCenterPointX: 271
faceCenterPointY: 97
headPositionsX: [ 270, 269, 272, 269, 270, 269, 272, 268, 272, 270, 269,
    272, 271, 269, 268, 270, 269, 271, 270, 273, 273, 272, 269, 273, 271,
    272, 271, 269, 271, 270, 271, 269, 273, 269, 271, 271, 274, 269, 271,
    273, 270, 269, 272, 270, 269, 270, 273, 273, 269, 270, 272, 269, 269,
    272, 271, 268, 273, 273, 270, 271, 271, 269, 270, 272, 269, 268, 268,
    271, 269, 271, 270, 268, 270, 270, 271, 272, 271, 270, 269, 271, 270,
    273, 269, 269, 271, 269, 273, 273, 269, 271, 272, 269, 271, 272, 274,
    270, 270, 270, 272, 271 ]
headPositionsY: [ 96, 78, 78, 78, 76, 79, 77, 81, 80, 78, 81, 81, 78, 78,
    79, 77, 80, 79, 79, 77, 79, 78, 81, 80, 78, 77, 80, 81, 78, 77, 81,
    80, 81, 81, 82, 81, 80, 77, 78, 79, 80, 81, 84, 83, 83, 83, 88, 89,
    88, 90, 90, 96, 93, 94, 95, 98, 97, 96, 97, 100, 96, 100, 101, 100,
    98, 99, 99, 97, 98, 101, 97, 100, 96, 97, 101, 98, 97, 99, 97, 97,
    97, 97, 96, 100, 98, 99, 100, 96, 100, 99, 100, 96, 95, 99, 99, 97,
    99, 97, 95, 97 ]
