%YAML:1.0
---
videoName: "headLookDown2.mp4"
gestureLabel: 206
fps: 29
pixelSizeInCmTemp: 3.3732394366197183e-01
faceCenterPointX: 274
faceCenterPointY: 95
headPositionsX: [ 273, 276, 272, 275, 276, 272, 271, 275, 275, 272, 272,
    275, 272, 272, 272, 272, 273, 274, 272, 274, 272, 273, 275, 275, 274,
    275, 272, 274, 274, 275, 271, 272, 274, 273, 272, 272, 276, 276, 275,
    275, 273, 273, 273, 277, 273, 274, 275, 276, 271, 272, 274, 273, 274,
    276, 271, 274, 272, 272, 275, 276, 276, 273, 273, 272, 277, 274, 276,
    274, 275, 276, 275, 273, 273, 276, 273, 274, 276, 277, 276, 276, 277,
    275, 273, 275, 275, 273, 276, 274, 274, 274, 276, 274, 272, 274, 275,
    276, 275, 275, 274, 274 ]
headPositionsY: [ 94, 77, 78, 78, 79, 78, 76, 78, 77, 81, 79, 81, 79, 78,
    79, 78, 78, 80, 77, 81, 80, 81, 81, 81, 81, 78, 78, 77, 79, 80, 80,
    82, 81, 81, 80, 84, 82, 83, 84, 88, 87, 90, 89, 89, 92, 94, 96, 93,
    94, 91, 92, 93, 94, 95, 93, 95, 92, 97, 97, 95, 94, 97, 95, 93, 94,
    95, 93, 94, 94, 95, 92, 95, 95, 93, 96, 96, 94, 94, 96, 97, 93, 96,
    96, 94, 95, 93, 94, 93, 94, 97, 98, 96, 95, 97, 97, 95, 96, 93, 94,
    94 ]
