%YAML:1.0
---
videoName: "headLookDown7.mp4"
gestureLabel: 206
fps: 30
pixelSizeInCmTemp: 3.3732394366197183e-01
faceCenterPointX: 274
faceCenterPointY: 95
headPositionsX: [ 276, 273, 271, 276, 274, 274, 274, 271, 274, 274, 272,
    272, 273, 272, 273, 274, 275, 274, 272, 275, 271, 273, 274, 275, 274,
    272, 272, 272, 273, 276, 272, 271, 275, 271, 273, 272, 273, 275, 274,
    275, 272, 273, 275, 274, 273, 273, 274, 276, 274, 276, 272, 277, 274,
    276, 276, 274, 275, 273, 273, 274, 274, 276, 275, 274, 273, 274, 274,
    273, 276, 273, 272, 275, 272, 275, 272, 272, 275, 275, 276, 277, 274,
    273, 273, 274, 275, 273, 275, 276, 273, 276, 274, 275, 274, 274, 273,
    274, 275, 276, 274, 275 ]
headPositionsY: [ 93, 81, 85, 80, 83, 82, 83, 84, 80, 81, 82, 83, 85, 81,
    81, 83, 85, 80, 81, 84, 81, 81, 84, 80, 84, 81, 84, 82, 82, 81, 81,
    80, 82, 81, 80, 82, 85, 82, 84, 81, 85, 82, 84, 84, 85, 82, 81, 85,
    85, 85, 87, 88, 86, 90, 90, 87, 90, 93, 93, 91, 92, 93, 92, 95, 94,
    92, 94, 95, 94, 94, 97, 95, 96, 96, 96, 96, 94, 93, 93, 94, 98, 95,
    94, 94, 93, 97, 96, 93, 98, 99, 96, 98, 96, 97, 98, 95, 98, 94, 95,
    94 ]
