%YAML:1.0
---
videoName: "headLookDown2.mp4"
gestureLabel: 206
fps: 29
pixelSizeInCmTemp: 3.3732394366197183e-01
faceCenterPointX: 274
faceCenterPointY: 95
headPositionsX: [ 272, 275, 274, 274, 275, 272, 271, 272, 272, 272, 273,
    272, 274, 275, 273, 272, 273, 273, 273, 272, 272, 273, 272, 275, 276,
    274, 272, 275, 276, 273, 272, 275, 272, 272, 274, 272, 272, 276, 273,
    273, 272, 272, 273, 273, 274, 273, 274, 276, 272, 273, 275, 271, 274,
    272, 275, 271, 275, 275, 276, 273, 275, 275, 275, 276, 275, 274, 274,
    274, 276, 273, 273, 276, 277, 273, 274, 274, 273, 273, 276, 276, 274,
    276, 275, 273, 276, 276, 275, 273, 276, 275, 274, 276, 272, 275, 276,
    273, 276, 276, 275, 273 ]
headPositionsY: [ 94, 78, 78, 80, 78, 79, 78, 81, 81, 80, 79, 79, 81, 80,
    77, 77, 81, 81, 79, 81, 78, 78, 78, 80, 79, 79, 81, 80, 78, 79, 77,
    78, 82, 82, 83, 83, 82, 83, 84, 84, 87, 89, 90, 93, 95, 95, 95, 93,
    92, 93, 92, 94, 94, 94, 95, 96, 92, 95, 96, 94, 93, 97, 93, 94, 95,
    96, 95, 96, 96, 94, 93, 92, 96, 95, 97, 97, 93, 97, 96, 95, 96, 97,
    96, 93, 97, 93, 96, 94, 95, 95, 97, 94, 96, 97, 94, 95, 94, 95, 94,
    94 ]
