%YAML:1.0
---
videoName: "headLookDown4.mp4"
gestureLabel: 206
fps: 29
pixelSizeInCmTemp: 3.4710144927536229e-01
faceCenterPointX: 275
faceCenterPointY: 97
headPositionsX: [ 273, 273, 272, 273, 275, 274, 272, 274, 272, 272, 274,
    275, 274, 274, 273, 272, 272, 275, 274, 271, 271, 275, 274, 275, 272,
    275, 273, 272, 272, 272, 271, 272, 275, 272, 276, 271, 273, 271, 274,
    271, 274, 275, 271, 274, 274, 272, 273, 272, 274, 275, 272, 276, 273,
    272, 273, 276, 274, 273, 273, 274, 276, 271, 275, 273, 276, 272, 274,
    275, 272, 274, 274, 274, 272, 272, 272, 273, 273, 273, 276, 275, 276,
    274, 275, 276, 273, 273, 277, 273, 277, 276, 276, 272, 276, 274, 276,
    274, 277, 274, 277, 276 ]
headPositionsY: [ 98, 80, 80, 83, 82, 81, 80, 78, 78, 81, 79, 82, 79, 80,
    79, 82, 79, 78, 81, 80, 81, 80, 78, 78, 82, 83, 81, 82, 81, 82, 81,
    83, 81, 81, 83, 86, 84, 86, 87, 85, 87, 88, 88, 92, 92, 91, 93, 94,
    96, 96, 95, 98, 98, 99, 101, 99, 99, 102, 101, 99, 99, 99, 100, 102,
    100, 102, 101, 97, 101, 99, 101, 98, 97, 100, 97, 99, 99, 98, 100,
    97, 96, 96, 96, 97, 95, 99, 98, 98, 95, 98, 98, 99, 95, 98, 96, 98,
    95, 97, 96, 98 ]
