%YAML:1.0
---
videoName: "headLookDown2.mp4"
gestureLabel: 206
fps: 29
pixelSizeInCmTemp: 3.3732394366197183e-01
faceCenterPointX: 274
faceCenterPointY: 95
headPositionsX: [ 276, 272, 273, 276, 276, 274, 275, 274, 274, 272, 274,
    275, 275, 272, 276, 275, 272, 275, 272, 273, 274, 275, 272, 272, 277,
    272, 273, 276, 272, 272, 271, 275, 274, 273, 276, 275, 276, 276, 273,
    272, 273, 275, 272, 273, 275, 276, 274, 273, 272, 273, 274, 273, 275,
    274, 273, 274, 272, 275, 272, 273, 274, 275, 276, 274, 275, 276, 275,
    273, 277, 273, 275, 273, 275, 277, 273, 274, 277, 276, 275, 274, 275,
    276, 277, 277, 275, 276, 274, 277, 275, 277, 273, 277, 275, 275, 275,
    275, 276, 272, 273, 274 ]
headPositionsY: [ 94, 77, 78, 77, 81, 80, 77, 79, 78, 79, 77, 79, 80, 80,
    77, 77, 77, 78, 78, 78, 79, 77, 80, 77, 79, 78, 81, 79, 80, 80, 78,
    79, 82, 82, 82, 83, 83, 85, 84, 87, 87, 89, 88, 91, 94, 93, 92, 95,
    94, 94, 93, 96, 92, 94, 92, 96, 92, 96, 94, 94, 96, 97, 96, 96, 95,
    97, 97, 95, 94, 96, 92, 92, 94, 96, 95, 93, 94, 95, 94, 96, 95, 94,
    97, 97, 93, 95, 92, 96, 95, 95, 96, 97, 95, 94, 96, 97, 94, 93, 98,
    96 ]
