%YAML:1.0
---
videoName: "headLookDown8.mp4"
gestureLabel: 206
fps: 29
pixelSizeInCmTemp: 3.3732394366197183e-01
faceCenterPointX: 276
faceCenterPointY: 96
headPositionsX: [ 277, 273, 273, 273, 275, 277, 274, 275, 275, 277, 276,
    276, 273, 277, 276, 273, 274, 274, 275, 277, 276, 274, 278, 273, 272,
    277, 277, 275, 275, 274, 273, 276, 274, 273, 274, 274, 276, 272, 272,
    273, 275, 273, 274, 274, 275, 277, 278, 273, 276, 275, 277, 274, 277,
    273, 276, 276, 276, 275, 277, 275, 275, 276, 278, 273, 277, 275, 274,
    273, 277, 274, 276, 277, 276, 278, 273, 277, 273, 274, 276, 275, 274,
    277, 274, 277, 277, 276, 274, 277, 274, 277, 274, 274, 275, 277, 274,
    276, 276, 279, 275, 274 ]
headPositionsY: [ 98, 77, 77, 81, 78, 80, 80, 81, 78, 78, 79, 80, 79, 77,
    81, 79, 80, 79, 77, 80, 77, 80, 80, 77, 80, 81, 82, 80, 78, 81, 78,
    78, 79, 84, 81, 84, 85, 83, 84, 87, 85, 89, 91, 88, 91, 90, 92, 93,
    95, 96, 96, 97, 100, 99, 100, 96, 95, 96, 98, 97, 97, 98, 98, 96, 99,
    99, 100, 98, 99, 96, 96, 95, 95, 99, 97, 99, 96, 98, 99, 98, 95, 95,
    97, 96, 95, 97, 97, 98, 97, 96, 95, 95, 97, 97, 95, 94, 95, 97, 94,
    94 ]
