%YAML:1.0
---
videoName: "headLookDown9.mp4"
gestureLabel: 206
fps: 29
pixelSizeInCmTemp: 3.5220588235294115e-01
faceCenterPointX: 274
faceCenterPointY: 97
headPositionsX: [ 275, 271, 275, 271, 271, 271, 271, 274, 271, 273, 274,
    271, 269, 271, 274, 273, 270, 275, 271, 273, 273, 271, 273, 272, 271,
    274, 274, 273, 271, 274, 274, 275, 275, 272, 273, 271, 273, 271, 274,
    275, 273, 274, 274, 272, 270, 271, 271, 271, 272, 271, 274, 272, 273,
    270, 271, 274, 272, 272, 274, 271, 273, 271, 269, 274, 273, 273, 274,
    272, 269, 271, 273, 271, 273, 274, 270, 273, 273, 272, 274, 275, 270,
    272, 270, 272, 271, 275, 274, 273, 273, 273, 273, 272, 272, 275, 275,
    274, 274, 271, 275, 273 ]
headPositionsY: [ 97, 81, 80, 80, 78, 81, 77, 79, 80, 80, 81, 80, 79, 78,
    78, 80, 79, 78, 82, 80, 81, 79, 78, 79, 79, 79, 80, 80, 81, 83, 79,
    79, 83, 84, 81, 84, 86, 83, 89, 89, 91, 89, 91, 90, 95, 93, 96, 93,
    96, 96, 97, 100, 100, 98, 98, 97, 100, 97, 99, 101, 97, 97, 101, 99,
    99, 98, 99, 99, 99, 95, 96, 99, 99, 99, 97, 97, 99, 95, 95, 99, 98,
    99, 95, 97, 98, 96, 98, 95, 99, 94, 97, 98, 95, 96, 99, 98, 97, 93,
    98, 97 ]
