%YAML:1.0
---
videoName: "headLookDown9.mp4"
gestureLabel: 206
fps: 29
pixelSizeInCmTemp: 3.5220588235294115e-01
faceCenterPointX: 274
faceCenterPointY: 97
headPositionsX: [ 275, 273, 271, 274, 273, 273, 271, 271, 274, 274, 273,
    272, 269, 272, 270, 274, 273, 274, 270, 271, 275, 272, 271, 272, 271,
    274, 274, 271, 270, 270, 272, 273, 274, 274, 275, 274, 271, 271, 275,
    274, 270, 275, 271, 273, 270, 270, 271, 270, 275, 274, 273, 272, 273,
    272, 271, 271, 271, 271, 275, 272, 272, 273, 271, 274, 273, 269, 273,
    274, 269, 270, 273, 272, 272, 273, 272, 274, 273, 274, 270, 273, 271,
    271, 274, 270, 271, 273, 274, 274, 273, 272, 275, 274, 274, 272, 271,
    273, 275, 273, 272, 271 ]
headPositionsY: [ 98, 80, 83, 82, 80, 80, 81, 80, 80, 82, 80, 78, 81, 80,
    78, 78, 80, 78, 79, 78, 80, 81, 77, 79, 78, 80, 81, 81, 81, 81, 82,
    80, 80, 80, 85, 87, 84, 84, 85, 87, 91, 88, 90, 91, 95, 91, 96, 95,
    95, 95, 96, 96, 99, 97, 101, 97, 100, 100, 97, 97, 101, 98, 98, 96,
    99, 97, 96, 99, 99, 99, 98, 95, 98, 95, 97, 97, 99, 98, 99, 99, 95,
    96, 96, 99, 99, 99, 96, 95, 96, 94, 99, 97, 98, 99, 96, 95, 95, 97,
    98, 94 ]
