%YAML:1.0
---
videoName: "headLookDown8.mp4"
gestureLabel: 206
fps: 29
pixelSizeInCmTemp: 3.3732394366197183e-01
faceCenterPointX: 276
faceCenterPointY: 96
headPositionsX: [ 274, 273, 272, 275, 274, 276, 274, 272, 277, 277, 275,
    276, 274, 276, 274, 277, 273, 274, 275, 276, 273, 274, 278, 274, 276,
    275, 274, 277, 277, 273, 272, 273, 274, 276, 273, 274, 272, 275, 272,
    273, 272, 276, 274, 273, 276, 275, 278, 276, 274, 278, 278, 278, 276,
    275, 275, 274, 275, 274, 277, 275, 277, 277, 276, 277, 276, 278, 277,
    274, 274, 278, 275, 276, 273, 278, 276, 276, 275, 278, 278, 277, 274,
    276, 275, 276, 277, 278, 274, 275, 275, 275, 274, 277, 277, 276, 274,
    278, 274, 276, 276, 277 ]
headPositionsY: [ 96, 80, 81, 79, 78, 78, 79, 79, 82, 78, 78, 78, 78, 77,
    78, 79, 81, 82, 78, 78, 79, 81, 80, 77, 79, 82, 78, 82, 79, 80, 81,
    78, 80, 81, 85, 84, 83, 82, 84, 89, 85, 90, 88, 90, 89, 94, 91, 94,
    96, 96, 95, 97, 99, 98, 97, 96, 99, 99, 97, 95, 95, 98, 100, 100, 96,
    98, 98, 99, 98, 98, 99, 99, 98, 100, 97, 98, 98, 97, 95, 98, 98, 97,
    96, 94, 95, 98, 97, 95, 96, 95, 97, 98, 99, 95, 94, 94, 95, 98, 94,
    97 ]
