%YAML:1.0
---
videoName: "headLookDown7.mp4"
gestureLabel: 206
fps: 30
pixelSizeInCmTemp: 3.3732394366197183e-01
faceCenterPointX: 274
faceCenterPointY: 95
headPositionsX: [ 273, 276, 272, 272, 275, 271, 272, 271, 271, 274, 272,
    272, 275, 275, 274, 275, 275, 275, 271, 275, 273, 275, 274, 276, 276,
    274, 273, 276, 272, 276, 274, 275, 275, 274, 271, 271, 271, 273, 275,
    273, 275, 274, 274, 271, 271, 275, 274, 274, 272, 273, 273, 276, 272,
    272, 272, 274, 274, 274, 273, 277, 274, 273, 272, 275, 274, 272, 276,
    276, 275, 273, 274, 273, 273, 273, 273, 275, 275, 273, 275, 273, 276,
    277, 277, 277, 277, 275, 278, 275, 273, 278, 274, 274, 275, 273, 276,
    274, 277, 277, 274, 277 ]
headPositionsY: [ 93, 81, 83, 84, 81, 81, 82, 80, 80, 85, 81, 83, 82, 84,
    82, 84, 82, 83, 83, 81, 82, 81, 83, 84, 83, 84, 85, 82, 82, 83, 85,
    84, 80, 82, 82, 82, 82, 82, 81, 85, 82, 82, 83, 82, 83, 84, 81, 84,
    83, 85, 83, 86, 87, 90, 89, 87, 92, 89, 93, 94, 92, 93, 94, 96, 94,
    96, 93, 95, 95, 94, 96, 95, 97, 95, 95, 96, 95, 95, 94, 96, 98, 94,
    98, 98, 94, 97, 96, 95, 96, 99, 97, 97, 99, 95, 97, 95, 96, 95, 93,
    94 ]
