%YAML:1.0
---
videoName: "headLookDown7.mp4"
gestureLabel: 206
fps: 30
pixelSizeInCmTemp: 3.3732394366197183e-01
faceCenterPointX: 274
faceCenterPointY: 95
headPositionsX: [ 272, 276, 274, 275, 273, 271, 275, 272, 271, 272, 271,
    276, 272, 274, 273, 275, 271, 274, 271, 274, 275, 275, 276, 276, 273,
    275, 275, 274, 272, 276, 273, 271, 271, 274, 273, 272, 272, 275, 272,
    275, 275, 275, 273, 275, 273, 271, 275, 272, 271, 272, 276, 277, 273,
    275, 272, 273, 273, 277, 274, 276, 275, 272, 276, 275, 276, 274, 273,
    274, 272, 273, 275, 275, 272, 274, 274, 274, 276, 276, 273, 274, 276,
    273, 274, 276, 273, 274, 278, 275, 277, 275, 276, 273, 274, 275, 275,
    276, 276, 276, 272, 273 ]
headPositionsY: [ 95, 81, 84, 84, 82, 83, 83, 82, 82, 82, 83, 85, 81, 81,
    81, 83, 82, 82, 81, 82, 83, 85, 81, 82, 85, 85, 82, 82, 82, 83, 85,
    80, 82, 84, 84, 81, 82, 81, 81, 81, 84, 84, 84, 84, 82, 83, 84, 84,
    84, 84, 86, 86, 88, 90, 90, 90, 89, 93, 90, 95, 96, 93, 92, 94, 96,
    94, 93, 94, 97, 93, 97, 95, 96, 97, 94, 96, 98, 94, 96, 96, 97, 97,
    97, 94, 93, 94, 98, 95, 96, 96, 97, 98, 96, 94, 95, 98, 96, 96, 96,
    96 ]
