%YAML:1.0
---
videoName: "headLookDown9.mp4"
gestureLabel: 206
fps: 29
pixelSizeInCmTemp: 3.5220588235294115e-01
faceCenterPointX: 274
faceCenterPointY: 97
headPositionsX: [ 273, 272, 275, 270, 274, 272, 271, 270, 272, 271, 274,
    272, 270, 275, 274, 272, 272, 272, 274, 275, 275, 274, 274, 272, 271,
    273, 272, 270, 273, 270, 273, 272, 275, 270, 275, 274, 270, 273, 272,
    274, 274, 271, 272, 274, 270, 270, 274, 270, 273, 272, 273, 273, 275,
    272, 271, 271, 271, 273, 273, 271, 273, 271, 272, 273, 272, 270, 272,
    273, 272, 272, 273, 274, 275, 271, 271, 275, 272, 272, 274, 271, 270,
    270, 271, 274, 274, 271, 272, 272, 275, 275, 275, 275, 273, 275, 274,
    271, 271, 274, 274, 271 ]
headPositionsY: [ 96, 81, 80, 82, 78, 80, 80, 81, 79, 80, 81, 81, 79, 79,
    80, 80, 79, 81, 82, 78, 79, 81, 77, 78, 81, 78, 80, 80, 82, 81, 83,
    83, 82, 82, 82, 86, 85, 82, 89, 87, 88, 92, 91, 90, 91, 95, 96, 94,
    98, 99, 99, 98, 99, 97, 100, 99, 101, 98, 98, 98, 100, 98, 98, 100,
    97, 97, 99, 98, 100, 97, 96, 99, 97, 97, 97, 94, 97, 99, 95, 98, 99,
    99, 95, 99, 95, 96, 96, 96, 96, 94, 96, 95, 98, 98, 99, 99, 95, 94,
    98, 97 ]
