%YAML:1.0
---
videoName: "headLookDown3.mp4"
gestureLabel: 206
fps: 29
pixelSizeInCmTemp: 3.5746268656716418e-01
faceCenterPointX: 273
faceCenterPointY: 98
headPositionsX: [ 275, 271, 273, 275, 273, 273, 273, 275, 271, 273, 271,
    273, 274, 274, 270, 273, 270, 273, 273, 272, 272, 271, 272, 272, 271,
    271, 273, 275, 273, 273, 273, 272, 272, 274, 273, 270, 271, 269, 270,
    273, 272, 274, 270, 269, 271, 274, 272, 274, 272, 272, 274, 271, 272,
    271, 271, 271, 272, 274, 272, 270, 269, 273, 270, 272, 272, 270, 271,
    268, 272, 270, 269, 272, 273, 273, 269, 269, 271, 274, 271, 271, 270,
    272, 270, 274, 273, 271, 273, 269, 272, 271, 274, 274, 274, 274, 272,
    275, 273, 274, 272, 275 ]
headPositionsY: [ 98, 78, 80, 78, 80, 79, 80, 77, 80, 77, 77, 77, 76, 79,
    77, 78, 77, 78, 81, 79, 79, 77, 79, 80, 79, 80, 81, 80, 76, 78, 81,
    77, 79, 79, 80, 78, 82, 79, 80, 80, 81, 83, 84, 84, 86, 86, 85, 90,
    88, 89, 90, 94, 93, 94, 91, 95, 95, 94, 97, 98, 97, 100, 97, 99, 98,
    102, 100, 102, 100, 101, 101, 103, 103, 100, 104, 103, 101, 104, 101,
    99, 103, 102, 102, 100, 103, 101, 99, 101, 102, 102, 102, 103, 103,
    101, 100, 98, 98, 99, 102, 98 ]
