%YAML:1.0
---
videoName: "headLookDown2.mp4"
gestureLabel: 206
fps: 29
pixelSizeInCmTemp: 3.3732394366197183e-01
faceCenterPointX: 274
faceCenterPointY: 95
headPositionsX: [ 275, 274, 274, 276, 276, 276, 272, 273, 272, 272, 274,
    276, 276, 272, 276, 273, 273, 274, 274, 273, 274, 273, 273, 274, 274,
    274, 272, 273, 273, 273, 274, 272, 272, 275, 273, 274, 273, 274, 275,
    275, 273, 274, 273, 274, 277, 273, 275, 273, 271, 275, 275, 275, 273,
    272, 274, 271, 274, 275, 274, 274, 276, 276, 275, 273, 274, 273, 277,
    274, 276, 276, 273, 274, 277, 276, 275, 277, 273, 275, 274, 277, 277,
    276, 274, 277, 277, 276, 276, 276, 277, 273, 277, 276, 276, 276, 275,
    274, 276, 273, 273, 277 ]
headPositionsY: [ 95, 79, 78, 78, 79, 80, 77, 79, 79, 81, 78, 80, 80, 77,
    77, 81, 81, 81, 79, 81, 78, 77, 81, 81, 78, 81, 81, 78, 82, 81, 81,
    80, 78, 79, 79, 81, 80, 85, 84, 85, 88, 89, 91, 89, 93, 94, 92, 96,
    95, 94, 95, 93, 95, 95, 94, 92, 94, 94, 93, 95, 96, 97, 92, 93, 93,
    96, 93, 93, 96, 93, 96, 95, 95, 96, 94, 95, 97, 93, 96, 94, 93, 94,
    97, 97, 97, 94, 92, 93, 98, 95, 97, 96, 95, 95, 97, 96, 97, 96, 94,
    95 ]
