%YAML:1.0
---
videoName: "headLookDown4.mp4"
gestureLabel: 206
fps: 29
pixelSizeInCmTemp: 3.4710144927536229e-01
faceCenterPointX: 275
faceCenterPointY: 97
headPositionsX: [ 275, 272, 271, 271, 274, 274, 271, 272, 272, 275, 274,
    274, 271, 270, 272, 273, 275, 275, 275, 272, 275, 273, 270, 273, 271,
    275, 275, 272, 270, 273, 274, 273, 273, 275, 274, 271, 272, 271, 273,
    271, 273, 272, 275, 273, 275, 275, 272, 271, 276, 272, 273, 275, 273,
    275, 273, 272, 271, 274, 276, 272, 275, 271, 274, 274, 276, 275, 275,
    271, 274, 275, 276, 273, 276, 275, 275, 276, 275, 275, 275, 274, 275,
    276, 277, 275, 277, 277, 274, 275, 275, 273, 276, 273, 273, 273, 276,
    274, 275, 276, 274, 277 ]
headPositionsY: [ 96, 83, 80, 79, 79, 79, 81, 79, 82, 80, 81, 81, 80, 78,
    82, 81, 81, 82, 82, 79, 80, 82, 82, 78, 81, 81, 82, 81, 82, 79, 80,
    83, 80, 83, 84, 84, 83, 82, 85, 88, 86, 88, 89, 91, 90, 94, 95, 94,
    93, 93, 97, 98, 96, 99, 100, 102, 102, 101, 101, 98, 100, 100, 100,
    103, 100, 100, 102, 101, 101, 102, 97, 99, 101, 99, 96, 98, 100, 98,
    100, 99, 97, 96, 99, 96, 98, 99, 95, 98, 99, 98, 96, 95, 97, 98, 98,
    95, 99, 98, 99, 96 ]
