%YAML:1.0
---
videoName: "headLookDown5.mp4"
gestureLabel: 206
fps: 29
pixelSizeInCmTemp: 3.4710144927536229e-01
faceCenterPointX: 272
faceCenterPointY: 102
headPositionsX: [ 274, 272, 270, 274, 272, 272, 272, 273, 274, 272, 271,
    272, 271, 269, 272, 271, 270, 270, 271, 272, 273, 270, 273, 272, 273,
    269, 273, 272, 270, 272, 273, 271, 271, 273, 269, 271, 274, 271, 274,
    273, 273, 274, 271, 270, 272, 269, 274, 271, 273, 273, 270, 270, 273,
    271, 275, 272, 272, 274, 271, 271, 271, 269, 272, 271, 270, 271, 273,
    273, 272, 274, 273, 274, 273, 272, 273, 270, 270, 271, 273, 275, 270,
    272, 270, 270, 271, 271, 272, 273, 270, 274, 274, 273, 272, 274, 269,
    274, 275, 271, 274, 270 ]
headPositionsY: [ 103, 85, 82, 83, 85, 85, 83, 84, 85, 82, 84, 84, 82,
    85, 85, 83, 83, 84, 85, 81, 82, 85, 83, 83, 83, 85, 83, 82, 82, 83,
    82, 81, 86, 82, 82, 81, 86, 85, 84, 84, 81, 82, 81, 83, 85, 86, 85,
    83, 85, 90, 88, 89, 90, 92, 92, 95, 95, 95, 98, 98, 100, 98, 98, 101,
    102, 101, 103, 103, 99, 103, 100, 104, 102, 104, 102, 102, 101, 103,
    104, 105, 102, 102, 104, 102, 101, 104, 105, 101, 101, 104, 103, 102,
    101, 104, 101, 104, 103, 103, 103, 103 ]
