%YAML:1.0
---
videoName: "headLookDown2.mp4"
gestureLabel: 206
fps: 29
pixelSizeInCmTemp: 3.3732394366197183e-01
faceCenterPointX: 274
faceCenterPointY: 95
headPositionsX: [ 273, 272, 272, 276, 275, 275, 275, 275, 273, 272, 275,
    274, 275, 275, 273, 274, 275, 272, 272, 273, 274, 275, 272, 276, 277,
    273, 274, 272, 272, 271, 275, 273, 272, 275, 272, 274, 272, 274, 272,
    273, 275, 274, 275, 276, 275, 276, 272, 274, 274, 275, 274, 275, 276,
    275, 271, 275, 275, 274, 273, 274, 275, 272, 275, 273, 274, 276, 274,
    274, 274, 273, 272, 277, 276, 276, 274, 276, 276, 274, 273, 274, 274,
    274, 273, 275, 277, 275, 275, 274, 275, 277, 277, 276, 273, 274, 276,
    276, 276, 275, 277, 274 ]
headPositionsY: [ 95, 80, 81, 77, 81, 77, 76, 77, 81, 78, 76, 80, 79, 77,
    79, 77, 80, 77, 79, 78, 80, 80, 80, 80, 78, 79, 79, 79, 78, 77, 79,
    81, 80, 82, 80, 84, 83, 82, 82, 88, 89, 90, 90, 90, 92, 93, 96, 96,
    94, 93, 95, 96, 93, 96, 96, 95, 96, 94, 96, 96, 97, 93, 93, 97, 95,
    95, 93, 95, 96, 96, 94, 92, 94, 96, 96, 97, 96, 97, 94, 94, 97, 97,
    97, 93, 97, 96, 92, 95, 95, 93, 97, 97, 96, 98, 95, 93, 98, 93, 98,
    97 ]
