%YAML:1.0
---
videoName: "headLookDown6.mp4"
gestureLabel: 206
fps: 29
pixelSizeInCmTemp: 3.4710144927536229e-01
faceCenterPointX: 276
faceCenterPointY: 98
headPositionsX: [ 277, 273, 273, 274, 276, 276, 277, 273, 274, 277, 275,
    274, 276, 276, 273, 276, 276, 276, 276, 278, 275, 277, 273, 277, 276,
    274, 276, 277, 273, 277, 275, 276, 274, 275, 276, 275, 273, 275, 277,
    273, 274, 276, 273, 278, 274, 276, 275, 277, 276, 276, 275, 275, 274,
    276, 276, 277, 274, 273, 274, 276, 275, 275, 276, 275, 273, 273, 275,
    272, 273, 276, 273, 274, 276, 277, 276, 275, 275, 275, 274, 276, 274,
    274, 274, 277, 275, 277, 276, 277, 274, 278, 275, 278, 276, 274, 275,
    276, 276, 277, 278, 277 ]
headPositionsY: [ 99, 83, 82, 82, 83, 83, 83, 82, 82, 83, 79, 83, 81, 80,
    82, 81, 83, 82, 79, 80, 84, 80, 84, 81, 83, 84, 82, 81, 84, 83, 83,
    84, 82, 82, 83, 81, 84, 84, 83, 83, 82, 84, 87, 86, 88, 90, 88, 91,
    94, 92, 94, 95, 94, 97, 95, 94, 96, 96, 99, 98, 96, 100, 97, 99, 96,
    99, 98, 96, 99, 100, 97, 96, 98, 99, 97, 98, 97, 98, 96, 98, 98, 101,
    96, 100, 100, 97, 101, 97, 100, 97, 97, 97, 97, 98, 95, 97, 100, 97,
    98, 98 ]
