%YAML:1.0
---
videoName: "headLookDown0.mp4"
gestureLabel: 206
fps: 29
pixelSizeInCmTemp: 3.3263888888888887e-01
faceCenterPointX: 273
faceCenterPointY: 93
headPositionsX: [ 271, 275, 271, 274, 274, 273, 273, 274, 270, 273, 271,
    270, 272, 270, 273, 272, 271, 270, 271, 272, 270, 273, 273, 270, 270,
    270, 273, 270, 269, 270, 272, 269, 270, 273, 271, 270, 270, 273, 269,
    270, 273, 273, 272, 273, 273, 271, 273, 273, 273, 271, 270, 272, 272,
    272, 271, 272, 273, 274, 273, 272, 272, 271, 274, 271, 273, 272, 271,
    270, 274, 271, 274, 271, 273, 270, 273, 273, 274, 271, 273, 271, 275,
    273, 275, 272, 270, 271, 272, 274, 275, 271, 273, 270, 272, 273, 273,
    272, 274, 271, 273, 274 ]
headPositionsY: [ 91, 77, 80, 81, 82, 80, 81, 79, 77, 79, 80, 79, 80, 79,
    79, 77, 81, 80, 82, 80, 81, 82, 82, 82, 82, 78, 78, 78, 81, 79, 82,
    79, 81, 79, 82, 80, 82, 81, 81, 86, 86, 88, 89, 92, 94, 96, 93, 96,
    98, 98, 97, 95, 99, 97, 96, 97, 98, 99, 98, 96, 98, 98, 97, 96, 94,
    97, 96, 94, 96, 97, 97, 97, 94, 94, 97, 97, 96, 94, 94, 93, 93, 94,
    95, 96, 92, 93, 94, 95, 93, 92, 92, 95, 92, 93, 95, 96, 94, 95, 92,
    93 ]
