%YAML:1.0
---
videoName: "headLookDown6.mp4"
gestureLabel: 206
fps: 29
pixelSizeInCmTemp: 3.4710144927536229e-01
faceCenterPointX: 276
faceCenterPointY: 98
headPositionsX: [ 277, 276, 275, 274, 275, 276, 277, 273, 275, 273, 277,
    273, 273, 276, 276, 275, 277, 276, 273, 274, 278, 273, 277, 275, 277,
    273, 273, 277, 276, 275, 274, 278, 276, 274, 275, 276, 277, 274, 275,
    274, 274, 275, 277, 276, 274, 277, 274, 276, 273, 276, 276, 275, 274,
    278, 274, 276, 274, 274, 274, 277, 273, 276, 275, 275, 277, 277, 273,
    276, 275, 275, 273, 274, 273, 275, 276, 274, 273, 277, 275, 275, 276,
    275, 276, 277, 276, 273, 278, 278, 277, 276, 276, 275, 275, 275, 274,
    274, 277, 274, 279, 277 ]
headPositionsY: [ 97, 82, 81, 81, 80, 79, 82, 82, 79, 83, 80, 83, 80, 83,
    80, 82, 79, 82, 79, 83, 80, 81, 80, 80, 82, 82, 82, 82, 83, 82, 80,
    85, 80, 85, 84, 83, 82, 85, 82, 81, 81, 83, 83, 86, 87, 86, 90, 89,
    92, 92, 92, 95, 95, 97, 97, 98, 96, 94, 97, 100, 98, 98, 99, 100, 99,
    97, 96, 97, 100, 98, 98, 98, 97, 101, 98, 98, 98, 99, 100, 100, 98,
    101, 98, 97, 97, 99, 99, 101, 100, 97, 100, 97, 98, 99, 95, 100, 97,
    99, 97, 97 ]
