%YAML:1.0
---
videoName: "headLookDown6.mp4"
gestureLabel: 206
fps: 29
pixelSizeInCmTemp: 3.4710144927536229e-01
faceCenterPointX: 276
faceCenterPointY: 98
headPositionsX: [ 277, 274, 273, 274, 277, 275, 276, 275, 275, 277, 275,
    273, 276, 274, 276, 274, 274, 273, 277, 278, 274, 274, 277, 275, 274,
    277, 275, 274, 275, 277, 277, 278, 277, 273, 274, 275, 275, 273, 274,
    272, 275, 277, 273, 274, 276, 273, 278, 275, 274, 275, 275, 273, 276,
    276, 275, 277, 274, 275, 274, 276, 276, 275, 273, 272, 277, 274, 274,
    276, 276, 277, 275, 276, 276, 278, 276, 277, 274, 275, 273, 273, 277,
    274, 276, 278, 273, 274, 275, 274, 275, 278, 278, 276, 275, 276, 275,
    278, 278, 273, 279, 274 ]
headPositionsY: [ 96, 82, 80, 80, 81, 82, 83, 83, 83, 80, 83, 83, 79, 82,
    82, 82, 83, 83, 83, 84, 83, 80, 84, 82, 81, 84, 82, 81, 85, 82, 84,
    83, 81, 85, 85, 81, 84, 83, 86, 84, 82, 85, 83, 86, 85, 86, 92, 93,
    91, 94, 91, 93, 94, 97, 94, 98, 98, 97, 99, 97, 98, 99, 96, 99, 96,
    98, 97, 95, 98, 99, 97, 98, 97, 101, 100, 101, 99, 101, 97, 99, 101,
    98, 99, 101, 97, 98, 98, 99, 99, 98, 100, 100, 98, 100, 95, 99, 98,
    99, 97, 97 ]
