%YAML:1.0
---
videoName: "headLookDown5.mp4"
gestureLabel: 206
fps: 29
pixelSizeInCmTemp: 3.4710144927536229e-01
faceCenterPointX: 272
faceCenterPointY: 102
headPositionsX: [ 274, 273, 270, 272, 272, 271, 272, 270, 272, 273, 269,
    274, 271, 273, 271, 271, 273, 271, 270, 270, 271, 270, 271, 272, 274,
    272, 271, 272, 270, 273, 273, 272, 270, 272, 272, 270, 271, 273, 274,
    269, 269, 272, 271, 272, 269, 271, 272, 270, 274, 270, 272, 270, 273,
    275, 272, 270, 271, 272, 273, 270, 269, 273, 274, 272, 271, 270, 270,
    270, 271, 274, 272, 271, 272, 272, 271, 272, 271, 272, 271, 273, 269,
    270, 271, 274, 273, 275, 272, 269, 274, 270, 270, 271, 271, 273, 272,
    274, 271, 273, 276, 274 ]
headPositionsY: [ 103, 83, 85, 86, 83, 81, 86, 82, 86, 84, 82, 84, 85,
    84, 81, 84, 83, 84, 85, 83, 84, 85, 85, 83, 84, 83, 84, 86, 84, 83,
    82, 81, 84, 85, 82, 84, 84, 84, 84, 81, 85, 85, 84, 86, 84, 83, 85,
    86, 86, 87, 88, 87, 91, 93, 93, 96, 97, 98, 100, 98, 101, 100, 101,
    98, 100, 102, 101, 102, 101, 103, 101, 104, 105, 102, 101, 100, 100,
    103, 102, 106, 105, 104, 100, 100, 103, 105, 104, 103, 103, 101, 101,
    101, 101, 102, 103, 103, 105, 101, 101, 102 ]
