%YAML:1.0
---
videoName: "headLookDown9.mp4"
gestureLabel: 206
fps: 29
pixelSizeInCmTemp: 3.5220588235294115e-01
faceCenterPointX: 274
faceCenterPointY: 97
headPositionsX: [ 275, 273, 273, 273, 271, 271, 273, 272, 274, 272, 275,
    275, 273, 275, 271, 272, 270, 273, 270, 273, 273, 273, 272, 271, 274,
    275, 273, 273, 274, 271, 274, 272, 275, 274, 272, 270, 271, 272, 273,
    272, 273, 273, 271, 271, 271, 274, 275, 272, 271, 272, 272, 270, 271,
    271, 272, 272, 271, 270, 273, 271, 272, 273, 270, 272, 271, 271, 273,
    274, 269, 272, 274, 274, 272, 273, 270, 271, 273, 271, 270, 272, 272,
    273, 270, 274, 271, 275, 275, 273, 271, 272, 275, 274, 271, 272, 272,
    271, 273, 271, 275, 275 ]
headPositionsY: [ 96, 80, 80, 78, 82, 79, 79, 81, 82, 78, 81, 82, 78, 79,
    79, 80, 79, 80, 79, 80, 78, 82, 78, 80, 79, 81, 83, 79, 79, 82, 79,
    83, 80, 83, 85, 84, 85, 84, 85, 86, 88, 90, 92, 90, 93, 91, 95, 95,
    98, 96, 95, 96, 97, 97, 97, 98, 101, 97, 98, 100, 100, 97, 100, 98,
    98, 96, 95, 99, 98, 97, 99, 98, 96, 99, 97, 98, 99, 96, 96, 95, 95,
    97, 97, 99, 96, 99, 95, 98, 98, 98, 97, 98, 94, 96, 95, 95, 96, 97,
    97, 97 ]
