%YAML:1.0
---
videoName: "headLookDown7.mp4"
gestureLabel: 206
fps: 30
pixelSizeInCmTemp: 3.3732394366197183e-01
faceCenterPointX: 274
faceCenterPointY: 95
headPositionsX: [ 275, 273, 274, 275, 274, 271, 272, 274, 275, 272, 271,
    272, 272, 274, 272, 276, 272, 275, 274, 271, 273, 275, 272, 276, 272,
    276, 276, 273, 274, 272, 276, 271, 272, 271, 275, 274, 275, 271, 271,
    274, 272, 274, 272, 272, 274, 275, 275, 274, 274, 275, 274, 277, 272,
    273, 274, 274, 274, 273, 276, 273, 273, 273, 274, 275, 274, 273, 272,
    274, 273, 273, 274, 276, 276, 274, 275, 273, 276, 276, 276, 275, 274,
    276, 276, 274, 277, 275, 278, 274, 276, 278, 276, 275, 275, 275, 276,
    277, 274, 274, 273, 276 ]
headPositionsY: [ 95, 83, 82, 83, 80, 83, 83, 81, 80, 82, 82, 84, 83, 83,
    83, 80, 81, 83, 83, 83, 82, 84, 82, 82, 84, 81, 85, 81, 85, 81, 85,
    81, 81, 81, 81, 83, 82, 84, 83, 84, 84, 83, 83, 83, 81, 82, 83, 82,
    83, 87, 86, 86, 87, 87, 86, 89, 90, 91, 91, 92, 94, 96, 92, 97, 96,
    94, 93, 97, 96, 97, 93, 94, 97, 94, 95, 95, 98, 93, 96, 97, 95, 96,
    94, 98, 97, 97, 98, 93, 97, 98, 96, 94, 97, 95, 94, 99, 96, 96, 96,
    96 ]
