%YAML:1.0
---
videoName: "headLookDown9.mp4"
gestureLabel: 206
fps: 29
pixelSizeInCmTemp: 3.5220588235294115e-01
faceCenterPointX: 274
faceCenterPointY: 97
headPositionsX: [ 276, 271, 273, 274, 273, 274, 272, 274, 273, 271, 273,
    274, 270, 274, 273, 273, 272, 275, 273, 273, 272, 274, 272, 273, 272,
    272, 273, 274, 271, 271, 274, 275, 271, 274, 274, 270, 270, 273, 274,
    273, 274, 272, 271, 274, 270, 271, 271, 272, 271, 273, 274, 270, 271,
    272, 275, 274, 275, 273, 274, 273, 274, 273, 273, 274, 271, 270, 271,
    271, 271, 270, 274, 272, 274, 273, 274, 275, 271, 270, 274, 272, 270,
    273, 272, 273, 271, 274, 275, 271, 271, 272, 273, 271, 274, 275, 271,
    271, 271, 270, 273, 275 ]
headPositionsY: [ 97, 79, 79, 78, 79, 80, 81, 81, 79, 81, 83, 80, 78, 80,
    78, 78, 80, 80, 82, 81, 82, 80, 81, 81, 78, 80, 79, 82, 82, 79, 79,
    82, 82, 80, 85, 85, 86, 82, 86, 85, 90, 92, 92, 93, 91, 91, 94, 97,
    97, 95, 97, 100, 97, 99, 101, 99, 101, 96, 101, 99, 98, 97, 97, 100,
    98, 99, 99, 100, 99, 95, 97, 97, 100, 99, 100, 96, 98, 95, 99, 96,
    97, 95, 98, 97, 99, 96, 96, 95, 99, 98, 98, 96, 94, 97, 95, 95, 98,
    94, 96, 96 ]
