%YAML:1.0
---
videoName: "headLookDown8.mp4"
gestureLabel: 206
fps: 29
pixelSizeInCmTemp: 3.3732394366197183e-01
faceCenterPointX: 276
faceCenterPointY: 96
headPositionsX: [ 278, 276, 273, 272, 274, 273, 277, 273, 275, 276, 273,
    274, 274, 273, 273, 275, 277, 275, 277, 277, 275, 274, 274, 276, 273,
    275, 273, 275, 274, 272, 274, 275, 272, 275, 276, 274, 273, 275, 273,
    275, 276, 273, 275, 272, 275, 277, 274, 273, 274, 274, 277, 275, 278,
    275, 275, 274, 275, 277, 274, 278, 275, 274, 275, 273, 277, 274, 277,
    276, 274, 277, 278, 278, 275, 276, 274, 274, 274, 278, 275, 276, 276,
    279, 276, 278, 274, 277, 275, 277, 278, 275, 277, 276, 277, 278, 276,
    279, 274, 277, 277, 274 ]
headPositionsY: [ 98, 80, 79, 79, 80, 79, 80, 80, 81, 78, 80, 78, 77, 79,
    81, 79, 80, 79, 79, 81, 80, 80, 77, 79, 79, 81, 80, 81, 78, 78, 79,
    79, 83, 82, 83, 85, 82, 86, 83, 88, 88, 89, 90, 92, 90, 94, 93, 91,
    96, 94, 98, 95, 96, 97, 98, 99, 95, 98, 98, 96, 98, 99, 100, 98, 97,
    97, 98, 98, 99, 100, 97, 99, 99, 98, 97, 95, 96, 98, 96, 99, 97, 95,
    95, 94, 94, 97, 96, 95, 99, 99, 94, 96, 97, 99, 96, 97, 98, 96, 98,
    97 ]
