%YAML:1.0
---
videoName: "headLookDown6.mp4"
gestureLabel: 206
fps: 29
pixelSizeInCmTemp: 3.4710144927536229e-01
faceCenterPointX: 276
faceCenterPointY: 98
headPositionsX: [ 276, 273, 275, 276, 276, 274, 276, 273, 274, 274, 275,
    273, 275, 275, 276, 273, 274, 276, 273, 278, 275, 277, 276, 274, 276,
    276, 275, 275, 277, 273, 277, 276, 276, 277, 277, 276, 274, 277, 274,
    276, 274, 275, 273, 278, 274, 273, 278, 275, 274, 276, 277, 274, 275,
    277, 277, 274, 275, 276, 277, 273, 273, 273, 273, 276, 277, 273, 276,
    275, 275, 275, 275, 274, 277, 274, 277, 276, 273, 273, 273, 273, 276,
    273, 274, 278, 274, 277, 274, 277, 277, 275, 276, 275, 274, 276, 274,
    276, 277, 277, 277, 278 ]
headPositionsY: [ 96, 81, 79, 82, 81, 81, 80, 79, 80, 82, 83, 81, 80, 79,
    82, 83, 79, 82, 79, 83, 80, 82, 82, 83, 79, 82, 82, 84, 81, 83, 81,
    82, 83, 82, 85, 81, 81, 81, 83, 84, 84, 83, 87, 87, 85, 88, 89, 92,
    93, 90, 92, 93, 93, 97, 96, 98, 95, 95, 96, 98, 97, 98, 98, 98, 96,
    99, 100, 99, 97, 98, 97, 97, 101, 100, 99, 97, 100, 97, 100, 101,
    101, 101, 100, 101, 101, 97, 98, 97, 101, 101, 99, 100, 98, 97, 99,
    99, 99, 96, 100, 96 ]
