%YAML:1.0
---
videoName: "headLookDown0.mp4"
gestureLabel: 206
fps: 29
pixelSizeInCmTemp: 3.3263888888888887e-01
faceCenterPointX: 273
faceCenterPointY: 93
headPositionsX: [ 273, 272, 274, 272, 274, 270, 270, 271, 273, 271, 270,
    272, 273, 274, 273, 270, 270, 273, 270, 274, 272, 271, 274, 274, 272,
    270, 271, 273, 270, 272, 274, 270, 270, 270, 269, 271, 271, 271, 272,
    271, 272, 274, 270, 270, 273, 270, 274, 270, 271, 272, 272, 273, 270,
    274, 273, 271, 271, 275, 269, 271, 273, 272, 270, 272, 270, 273, 271,
    273, 272, 274, 273, 272, 271, 269, 271, 271, 271, 270, 272, 275, 273,
    273, 272, 270, 271, 274, 275, 275, 273, 271, 275, 271, 274, 273, 272,
    271, 271, 271, 274, 271 ]
headPositionsY: [ 92, 80, 78, 78, 78, 79, 79, 79, 80, 77, 78, 80, 79, 80,
    81, 80, 80, 81, 82, 82, 80, 81, 78, 80, 80, 81, 81, 77, 81, 80, 82,
    81, 80, 79, 82, 82, 79, 81, 81, 82, 85, 87, 91, 92, 90, 96, 95, 95,
    96, 97, 99, 97, 99, 95, 96, 99, 98, 96, 96, 98, 97, 96, 94, 94, 96,
    98, 97, 95, 98, 98, 96, 94, 94, 96, 94, 97, 94, 97, 92, 94, 93, 93,
    94, 97, 94, 93, 96, 94, 95, 95, 95, 93, 92, 91, 94, 92, 95, 95, 91,
    93 ]
