%YAML:1.0
---
videoName: "headLookDown5.mp4"
gestureLabel: 206
fps: 29
pixelSizeInCmTemp: 3.4710144927536229e-01
faceCenterPointX: 272
faceCenterPointY: 102
headPositionsX: [ 274, 273, 271, 274, 271, 273, 272, 270, 274, 270, 270,
    272, 271, 269, 269, 274, 273, 273, 269, 271, 274, 273, 272, 272, 274,
    270, 271, 271, 272, 271, 271, 273, 274, 273, 270, 269, 272, 270, 271,
    271, 272, 272, 270, 271, 270, 269, 272, 269, 273, 273, 270, 269, 273,
    273, 272, 274, 271, 274, 275, 273, 272, 270, 272, 273, 271, 269, 270,
    272, 269, 272, 273, 271, 274, 272, 270, 273, 271, 268, 274, 274, 273,
    270, 268, 271, 272, 271, 271, 270, 270, 272, 271, 272, 272, 271, 269,
    272, 273, 274, 274, 273 ]
headPositionsY: [ 100, 83, 83, 82, 82, 83, 82, 83, 84, 82, 86, 82, 81,
    84, 84, 84, 85, 85, 84, 82, 82, 85, 84, 85, 85, 85, 83, 85, 81, 86,
    81, 83, 82, 85, 84, 81, 82, 84, 86, 84, 83, 82, 83, 85, 84, 82, 87,
    87, 86, 86, 89, 90, 89, 93, 94, 94, 95, 98, 96, 98, 97, 100, 101, 98,
    100, 102, 100, 100, 100, 101, 102, 104, 102, 105, 100, 104, 101, 100,
    102, 103, 104, 102, 104, 104, 104, 103, 104, 102, 104, 102, 102, 103,
    104, 103, 99, 102, 102, 101, 102, 103 ]
