%YAML:1.0
---
videoName: "headLookDown7.mp4"
gestureLabel: 206
fps: 30
pixelSizeInCmTemp: 3.3732394366197183e-01
faceCenterPointX: 274
faceCenterPointY: 95
headPositionsX: [ 276, 276, 275, 272, 275, 271, 275, 274, 273, 274, 275,
    272, 272, 272, 272, 273, 272, 275, 272, 274, 274, 273, 274, 272, 272,
    275, 273, 276, 276, 276, 274, 272, 272, 273, 275, 271, 271, 275, 272,
    274, 274, 275, 274, 274, 275, 272, 272, 273, 272, 274, 273, 273, 276,
    274, 275, 276, 277, 277, 273, 274, 276, 274, 275, 275, 275, 274, 273,
    273, 273, 272, 274, 272, 274, 274, 272, 274, 275, 275, 275, 275, 275,
    273, 273, 276, 277, 272, 276, 275, 277, 277, 273, 274, 278, 273, 274,
    273, 274, 273, 273, 274 ]
headPositionsY: [ 96, 82, 85, 83, 81, 82, 84, 80, 82, 81, 82, 85, 81, 83,
    82, 84, 85, 83, 83, 81, 83, 83, 81, 82, 85, 83, 81, 85, 83, 84, 83,
    84, 80, 85, 84, 82, 84, 82, 83, 85, 83, 82, 82, 84, 84, 84, 84, 83,
    84, 85, 84, 87, 88, 89, 88, 87, 88, 92, 94, 94, 94, 95, 96, 95, 94,
    96, 94, 94, 94, 94, 93, 96, 96, 96, 94, 97, 94, 95, 97, 96, 98, 94,
    94, 95, 94, 94, 97, 93, 97, 97, 95, 98, 99, 97, 97, 98, 97, 96, 95,
    96 ]
