%YAML:1.0
---
videoName: "headLookDown4.mp4"
gestureLabel: 206
fps: 29
pixelSizeInCmTemp: 3.4710144927536229e-01
faceCenterPointX: 275
faceCenterPointY: 97
headPositionsX: [ 276, 275, 272, 272, 273, 272, 272, 270, 275, 273, 274,
    271, 274, 272, 272, 274, 276, 274, 273, 275, 275, 274, 270, 274, 275,
    275, 273, 274, 270, 274, 272, 273, 275, 272, 273, 274, 271, 274, 274,
    272, 271, 272, 272, 276, 276, 273, 272, 275, 274, 274, 276, 272, 276,
    271, 272, 273, 272, 274, 275, 272, 275, 274, 274, 275, 273, 272, 276,
    275, 276, 274, 275, 272, 272, 272, 275, 274, 274, 273, 275, 273, 272,
    275, 274, 275, 277, 276, 276, 277, 274, 275, 275, 273, 276, 272, 275,
    274, 277, 276, 274, 274 ]
headPositionsY: [ 96, 83, 81, 80, 80, 81, 80, 81, 78, 81, 79, 78, 80, 79,
    80, 81, 79, 79, 79, 82, 81, 80, 80, 81, 79, 82, 83, 80, 81, 82, 80,
    81, 82, 85, 82, 86, 83, 85, 86, 86, 86, 89, 88, 88, 93, 94, 95, 93,
    93, 93, 94, 97, 96, 96, 98, 102, 102, 103, 101, 101, 101, 99, 101,
    99, 103, 101, 102, 99, 101, 99, 100, 98, 101, 97, 100, 95, 96, 100,
    98, 99, 99, 98, 99, 96, 97, 96, 97, 97, 99, 95, 95, 98, 97, 99, 95,
    96, 96, 98, 96, 97 ]
