%YAML:1.0
---
videoName: "headLookDown7.mp4"
gestureLabel: 206
fps: 30
pixelSizeInCmTemp: 3.3732394366197183e-01
faceCenterPointX: 274
faceCenterPointY: 95
headPositionsX: [ 276, 275, 272, 275, 272, 274, 273, 275, 274, 273, 272,
    272, 276, 273, 273, 273, 271, 273, 272, 271, 275, 271, 276, 273, 276,
    276, 273, 274, 272, 273, 272, 274, 273, 275, 271, 274, 274, 273, 272,
    273, 275, 274, 274, 274, 273, 273, 272, 272, 273, 275, 273, 276, 274,
    273, 273, 275, 274, 274, 274, 277, 275, 276, 276, 274, 275, 274, 275,
    273, 275, 273, 274, 272, 274, 273, 273, 273, 276, 272, 276, 277, 277,
    277, 273, 273, 274, 274, 278, 274, 275, 278, 274, 274, 278, 273, 276,
    276, 277, 276, 275, 275 ]
headPositionsY: [ 94, 85, 84, 84, 81, 83, 81, 83, 80, 84, 82, 82, 81, 81,
    81, 83, 83, 80, 82, 81, 83, 84, 82, 83, 82, 82, 83, 83, 85, 83, 82,
    82, 81, 84, 81, 83, 84, 85, 81, 83, 85, 82, 82, 82, 83, 86, 85, 83,
    83, 87, 83, 86, 85, 86, 89, 87, 89, 90, 93, 95, 95, 92, 93, 97, 96,
    95, 94, 97, 93, 96, 94, 94, 95, 94, 97, 96, 97, 95, 93, 95, 97, 94,
    94, 95, 93, 97, 98, 93, 98, 99, 94, 95, 96, 96, 96, 96, 95, 98, 97,
    98 ]
