%YAML:1.0
---
videoName: "headLookDown4.mp4"
gestureLabel: 206
fps: 29
pixelSizeInCmTemp: 3.4710144927536229e-01
faceCenterPointX: 275
faceCenterPointY: 97
headPositionsX: [ 277, 271, 274, 273, 272, 271, 272, 274, 273, 274, 275,
    275, 272, 272, 275, 274, 273, 271, 275, 274, 271, 273, 274, 274, 272,
    271, 275, 271, 270, 271, 272, 271, 275, 273, 274, 272, 272, 270, 275,
    275, 273, 275, 273, 275, 274, 275, 273, 275, 274, 272, 275, 272, 275,
    274, 272, 276, 274, 276, 273, 275, 274, 275, 272, 275, 273, 274, 273,
    271, 276, 273, 273, 274, 275, 274, 276, 276, 275, 276, 273, 275, 273,
    273, 274, 276, 273, 275, 276, 273, 275, 274, 275, 276, 275, 275, 273,
    272, 275, 273, 276, 277 ]
headPositionsY: [ 96, 79, 82, 81, 82, 83, 77, 79, 79, 81, 82, 80, 82, 79,
    78, 82, 80, 80, 82, 83, 81, 79, 82, 78, 79, 80, 81, 83, 79, 81, 79,
    81, 81, 82, 82, 85, 82, 85, 86, 87, 90, 88, 90, 88, 90, 90, 92, 96,
    93, 93, 97, 95, 99, 96, 101, 102, 100, 99, 102, 102, 98, 102, 100,
    102, 99, 102, 102, 99, 97, 98, 99, 100, 99, 100, 96, 95, 98, 96, 98,
    100, 97, 95, 99, 99, 97, 99, 99, 99, 96, 96, 96, 98, 95, 99, 99, 96,
    98, 96, 98, 98 ]
