%YAML:1.0
---
videoName: "headLookDown7.mp4"
gestureLabel: 206
fps: 30
pixelSizeInCmTemp: 3.3732394366197183e-01
faceCenterPointX: 274
faceCenterPointY: 95
headPositionsX: [ 274, 275, 274, 275, 271, 273, 272, 271, 272, 274, 271,
    275, 276, 273, 275, 272, 274, 275, 275, 275, 275, 274, 274, 275, 276,
    272, 272, 276, 273, 273, 275, 271, 275, 271, 273, 272, 274, 274, 275,
    275, 273, 275, 272, 275, 273, 272, 273, 273, 274, 276, 276, 273, 273,
    274, 274, 275, 274, 277, 276, 277, 274, 272, 273, 275, 274, 272, 274,
    275, 275, 274, 274, 274, 272, 272, 275, 272, 272, 274, 274, 273, 274,
    274, 275, 277, 274, 276, 277, 276, 274, 274, 276, 275, 278, 274, 273,
    273, 275, 275, 272, 274 ]
headPositionsY: [ 93, 84, 82, 83, 84, 81, 83, 84, 83, 81, 80, 81, 81, 84,
    81, 83, 85, 80, 82, 85, 80, 85, 81, 81, 84, 81, 84, 82, 84, 83, 83,
    81, 81, 83, 83, 82, 83, 82, 83, 84, 85, 85, 82, 83, 82, 83, 82, 83,
    82, 86, 86, 88, 84, 90, 87, 90, 91, 89, 91, 93, 96, 95, 92, 97, 92,
    93, 96, 95, 95, 95, 95, 97, 97, 95, 97, 94, 95, 96, 96, 95, 97, 97,
    98, 95, 93, 96, 94, 96, 97, 99, 94, 98, 95, 95, 98, 97, 95, 96, 96,
    94 ]
