%YAML:1.0
---
videoName: "headLookDown8.mp4"
gestureLabel: 206
fps: 29
pixelSizeInCmTemp: 3.3732394366197183e-01
faceCenterPointX: 276
faceCenterPointY: 96
headPositionsX: [ 277, 276, 276, 275, 272, 274, 273, 276, 273, 274, 274,
    275, 276, 273, 276, 276, 275, 277, 274, 274, 276, 274, 278, 275, 272,
    274, 275, 275, 273, 276, 273, 275, 273, 274, 274, 272, 272, 272, 273,
    274, 275, 273, 275, 276, 276, 275, 274, 274, 274, 275, 275, 276, 278,
    275, 274, 277, 274, 274, 275, 278, 275, 277, 277, 277, 275, 276, 277,
    275, 273, 276, 278, 278, 276, 277, 277, 277, 274, 278, 274, 277, 276,
    275, 278, 274, 274, 275, 277, 278, 274, 279, 277, 278, 276, 278, 274,
    279, 278, 277, 276, 277 ]
headPositionsY: [ 97, 78, 78, 77, 79, 82, 78, 77, 78, 80, 79, 79, 79, 81,
    81, 81, 81, 78, 80, 79, 81, 77, 80, 79, 79, 82, 80, 80, 81, 81, 80,
    82, 83, 84, 81, 84, 82, 84, 83, 89, 87, 90, 91, 91, 90, 92, 95, 92,
    96, 95, 94, 99, 98, 99, 97, 100, 98, 100, 96, 97, 97, 96, 99, 100,
    99, 99, 96, 96, 98, 97, 99, 96, 99, 98, 98, 95, 95, 95, 95, 98, 98,
    99, 96, 94, 94, 98, 98, 97, 95, 96, 95, 94, 98, 98, 98, 95, 97, 95,
    95, 97 ]
