%YAML:1.0
---
videoName: "headLookDown6.mp4"
gestureLabel: 206
fps: 29
pixelSizeInCmTemp: 3.4710144927536229e-01
faceCenterPointX: 276
faceCenterPointY: 98
headPositionsX: [ 275, 277, 275, 276, 276, 273, 277, 275, 275, 275, 273,
    274, 277, 274, 275, 273, 273, 275, 274, 277, 276, 274, 277, 277, 276,
    275, 274, 275, 273, 274, 276, 276, 273, 275, 275, 275, 275, 275, 275,
    275, 273, 274, 277, 275, 275, 274, 276, 277, 273, 278, 277, 275, 274,
    275, 276, 274, 275, 277, 274, 274, 274, 275, 275, 274, 274, 274, 276,
    272, 273, 276, 276, 276, 277, 278, 274, 275, 273, 275, 275, 276, 277,
    274, 274, 275, 275, 277, 277, 278, 278, 274, 275, 276, 278, 274, 275,
    275, 277, 277, 279, 277 ]
headPositionsY: [ 97, 83, 83, 82, 82, 83, 83, 81, 79, 80, 82, 80, 79, 81,
    82, 81, 82, 81, 83, 84, 80, 81, 81, 80, 80, 83, 84, 80, 84, 85, 83,
    85, 81, 82, 82, 84, 85, 83, 83, 84, 81, 85, 83, 86, 84, 89, 90, 93,
    94, 90, 94, 96, 92, 93, 94, 96, 98, 98, 97, 97, 95, 97, 97, 99, 98,
    99, 98, 97, 99, 100, 98, 99, 98, 98, 99, 97, 97, 100, 98, 98, 99,
    100, 98, 97, 97, 99, 98, 97, 98, 97, 101, 96, 96, 98, 99, 97, 99, 98,
    97, 98 ]
