%YAML:1.0
---
videoName: "headLookDown2.mp4"
gestureLabel: 206
fps: 29
pixelSizeInCmTemp: 3.3732394366197183e-01
faceCenterPointX: 274
faceCenterPointY: 95
headPositionsX: [ 272, 272, 275, 274, 276, 274, 271, 273, 272, 274, 273,
    272, 275, 273, 274, 272, 276, 272, 271, 273, 272, 274, 272, 273, 274,
    273, 274, 274, 274, 275, 274, 274, 276, 271, 275, 273, 273, 272, 273,
    272, 275, 273, 274, 273, 274, 276, 273, 276, 274, 274, 271, 271, 273,
    273, 272, 272, 273, 274, 276, 275, 272, 275, 275, 275, 273, 275, 274,
    275, 277, 273, 276, 274, 276, 276, 275, 276, 276, 275, 274, 277, 273,
    274, 273, 275, 276, 274, 277, 274, 274, 275, 277, 274, 273, 276, 273,
    273, 277, 272, 277, 276 ]
headPositionsY: [ 93, 81, 79, 77, 81, 79, 78, 79, 81, 77, 76, 78, 78, 77,
    81, 80, 78, 78, 78, 80, 79, 79, 81, 78, 80, 80, 82, 79, 80, 80, 77,
    81, 80, 81, 83, 80, 84, 82, 83, 88, 85, 90, 88, 93, 91, 93, 96, 95,
    93, 91, 94, 93, 93, 92, 93, 93, 96, 94, 97, 93, 96, 94, 95, 97, 95,
    97, 94, 97, 97, 93, 92, 92, 95, 96, 95, 97, 93, 97, 93, 96, 97, 97,
    96, 93, 97, 94, 96, 95, 94, 95, 94, 95, 96, 96, 97, 94, 96, 97, 94,
    97 ]
