%YAML:1.0
---
videoName: "headLookDown1.mp4"
gestureLabel: 206
fps: 29
pixelSizeInCmTemp: 3.4710144927536229e-01
faceCenterPointX: 271
faceCenterPointY: 97
headPositionsX: [ 273, 271, 272, 269, 268, 271, 271, 269, 272, 272, 268,
    270, 272, 272, 268, 272, 271, 272, 272, 271, 273, 273, 268, 274, 273,
    272, 273, 271, 272, 270, 269, 272, 270, 271, 271, 272, 270, 269, 269,
    270, 269, 269, 270, 269, 270, 272, 269, 273, 269, 269, 269, 271, 271,
    271, 271, 270, 270, 272, 271, 273, 272, 271, 272, 269, 269, 269, 268,
    270, 269, 269, 271, 268, 269, 270, 274, 271, 271, 271, 269, 273, 269,
    272, 270, 271, 273, 270, 272, 272, 271, 273, 270, 271, 274, 271, 274,
    270, 269, 270, 272, 271 ]
headPositionsY: [ 95, 77, 76, 78, 76, 76, 77, 78, 77, 77, 79, 79, 78, 79,
    81, 81, 79, 81, 82, 78, 78, 80, 79, 80, 82, 80, 80, 82, 78, 79, 78,
    79, 77, 79, 78, 78, 81, 79, 80, 81, 78, 81, 81, 83, 83, 84, 85, 86,
    91, 91, 92, 95, 93, 96, 97, 95, 95, 96, 99, 98, 97, 99, 99, 100, 98,
    97, 98, 100, 98, 98, 98, 98, 100, 101, 99, 97, 99, 97, 97, 97, 97,
    99, 96, 98, 98, 97, 97, 97, 96, 100, 100, 98, 98, 95, 97, 97, 99, 98,
    99, 99 ]
