%YAML:1.0
---
videoName: "headLookDown8.mp4"
gestureLabel: 206
fps: 29
pixelSizeInCmTemp: 3.3732394366197183e-01
faceCenterPointX: 276
faceCenterPointY: 96
headPositionsX: [ 278, 272, 274, 274, 274, 277, 275, 272, 277, 276, 275,
    276, 276, 277, 277, 277, 277, 273, 277, 277, 274, 273, 277, 272, 272,
    277, 273, 273, 273, 276, 274, 273, 275, 275, 274, 276, 272, 271, 272,
    273, 273, 277, 274, 275, 277, 274, 274, 277, 275, 276, 279, 275, 274,
    277, 275, 277, 275, 275, 278, 275, 275, 274, 275, 277, 278, 278, 277,
    277, 277, 277, 274, 275, 274, 278, 275, 275, 277, 278, 274, 275, 274,
    277, 278, 275, 275, 274, 277, 275, 278, 276, 276, 275, 276, 277, 274,
    277, 275, 277, 278, 275 ]
headPositionsY: [ 98, 79, 81, 79, 79, 78, 80, 79, 82, 78, 81, 79, 77, 78,
    79, 82, 80, 78, 81, 79, 80, 77, 79, 77, 80, 79, 81, 79, 78, 82, 82,
    81, 81, 81, 83, 85, 84, 86, 84, 88, 86, 87, 89, 90, 92, 91, 91, 91,
    92, 97, 98, 95, 99, 99, 99, 96, 96, 99, 96, 98, 99, 96, 96, 100, 96,
    98, 97, 97, 98, 97, 95, 98, 98, 98, 94, 95, 96, 96, 98, 99, 96, 95,
    99, 95, 95, 96, 96, 97, 98, 99, 97, 95, 99, 97, 98, 98, 94, 96, 95,
    97 ]
