%YAML:1.0
---
videoName: "headLookDown6.mp4"
gestureLabel: 206
fps: 29
pixelSizeInCmTemp: 3.4710144927536229e-01
faceCenterPointX: 276
faceCenterPointY: 98
headPositionsX: [ 277, 274, 277, 272, 275, 273, 273, 275, 276, 274, 276,
    273, 276, 277, 273, 275, 274, 273, 276, 274, 277, 275, 274, 275, 277,
    276, 274, 275, 274, 273, 275, 274, 276, 275, 275, 273, 277, 274, 277,
    274, 275, 278, 277, 275, 278, 274, 277, 278, 276, 274, 275, 273, 273,
    279, 278, 276, 274, 274, 277, 274, 275, 277, 274, 274, 277, 276, 274,
    276, 274, 277, 272, 276, 274, 275, 275, 275, 277, 274, 274, 275, 276,
    276, 276, 274, 274, 274, 276, 275, 278, 277, 278, 274, 275, 276, 274,
    277, 278, 274, 275, 276 ]
headPositionsY: [ 99, 83, 82, 79, 81, 81, 80, 79, 83, 83, 82, 80, 79, 80,
    81, 81, 83, 81, 81, 83, 84, 82, 82, 82, 80, 83, 84, 80, 82, 84, 81,
    81, 81, 83, 85, 80, 84, 81, 84, 84, 85, 85, 87, 88, 84, 90, 90, 90,
    94, 90, 92, 94, 94, 95, 96, 95, 95, 97, 98, 98, 97, 98, 97, 96, 98,
    100, 98, 97, 98, 98, 97, 99, 98, 101, 97, 101, 101, 100, 97, 99, 98,
    100, 96, 100, 97, 100, 97, 99, 99, 98, 100, 97, 97, 99, 95, 98, 96,
    96, 100, 100 ]
