%YAML:1.0
---
videoName: "headLookDown0.mp4"
gestureLabel: 206
fps: 29
pixelSizeInCmTemp: 3.3263888888888887e-01
faceCenterPointX: 273
faceCenterPointY: 93
headPositionsX: [ 274, 273, 273, 273, 275, 270, 274, 271, 270, 271, 272,
    270, 272, 271, 273, 270, 272, 274, 273, 274, 274, 270, 271, 274, 271,
    274, 271, 271, 273, 270, 272, 270, 271, 273, 273, 272, 271, 272, 270,
    273, 271, 274, 271, 274, 270, 273, 273, 272, 271, 271, 272, 270, 272,
    273, 272, 270, 273, 273, 270, 272, 270, 270, 273, 273, 272, 273, 272,
    272, 274, 273, 274, 272, 272, 269, 275, 273, 274, 270, 270, 271, 274,
    274, 273, 272, 272, 271, 273, 272, 272, 274, 271, 274, 273, 274, 274,
    274, 273, 272, 275, 273 ]
headPositionsY: [ 94, 76, 82, 79, 79, 79, 79, 80, 80, 79, 80, 81, 82, 78,
    78, 80, 81, 82, 81, 81, 78, 80, 82, 78, 81, 81, 79, 77, 81, 80, 80,
    77, 81, 82, 81, 82, 79, 80, 84, 85, 84, 88, 89, 90, 90, 92, 94, 96,
    98, 97, 95, 94, 98, 97, 99, 96, 96, 98, 95, 97, 97, 94, 95, 95, 95,
    94, 95, 95, 94, 97, 94, 95, 96, 95, 97, 96, 93, 95, 94, 96, 94, 97,
    97, 97, 93, 97, 95, 97, 92, 92, 92, 93, 93, 91, 91, 93, 96, 94, 91,
    93 ]
