%YAML:1.0
---
videoName: "headLookDown8.mp4"
gestureLabel: 206
fps: 29
pixelSizeInCmTemp: 3.3732394366197183e-01
faceCenterPointX: 276
faceCenterPointY: 96
headPositionsX: [ 275, 275, 274, 276, 272, 274, 277, 272, 274, 275, 274,
    277, 276, 274, 273, 273, 276, 277, 277, 277, 274, 276, 275, 275, 272,
    276, 275, 277, 276, 276, 273, 273, 272, 275, 276, 273, 276, 275, 273,
    277, 274, 273, 274, 275, 277, 276, 275, 274, 275, 276, 279, 274, 276,
    276, 277, 274, 274, 275, 276, 275, 275, 276, 278, 277, 276, 276, 276,
    273, 276, 277, 276, 278, 276, 276, 276, 278, 275, 275, 278, 274, 276,
    275, 277, 277, 275, 278, 275, 277, 278, 275, 276, 277, 279, 277, 278,
    277, 277, 277, 274, 275 ]
headPositionsY: [ 96, 78, 81, 77, 77, 78, 78, 77, 80, 82, 77, 78, 81, 78,
    82, 80, 81, 78, 81, 82, 81, 78, 81, 77, 82, 82, 82, 78, 80, 78, 82,
    79, 83, 82, 83, 84, 82, 82, 84, 87, 86, 89, 89, 89, 89, 92, 92, 95,
    94, 93, 94, 95, 97, 97, 98, 96, 95, 97, 100, 95, 95, 100, 96, 98, 99,
    97, 100, 100, 99, 100, 96, 95, 99, 96, 96, 95, 97, 98, 96, 97, 98,
    95, 96, 96, 97, 96, 95, 96, 97, 99, 98, 94, 99, 95, 97, 94, 95, 95,
    96, 96 ]
