%YAML:1.0
---
videoName: "headLookDown0.mp4"
gestureLabel: 206
fps: 29
pixelSizeInCmTemp: 3.3263888888888887e-01
faceCenterPointX: 273
faceCenterPointY: 93
headPositionsX: [ 274, 272, 274, 273, 273, 271, 273, 271, 272, 272, 271,
    272, 273, 273, 270, 272, 274, 270, 273, 270, 271, 273, 273, 274, 274,
    271, 271, 272, 273, 273, 271, 269, 270, 273, 272, 274, 274, 270, 269,
    269, 274, 274, 271, 273, 270, 270, 270, 271, 275, 274, 274, 273, 270,
    270, 270, 273, 274, 274, 273, 273, 272, 271, 272, 271, 272, 272, 272,
    271, 270, 273, 270, 271, 274, 272, 271, 273, 270, 270, 273, 274, 274,
    274, 272, 271, 272, 273, 272, 275, 272, 271, 275, 274, 274, 272, 272,
    275, 270, 274, 272, 270 ]
headPositionsY: [ 94, 80, 80, 77, 79, 80, 81, 79, 77, 77, 79, 82, 79, 79,
    80, 78, 79, 79, 79, 79, 81, 81, 78, 78, 81, 81, 81, 80, 79, 79, 79,
    81, 80, 82, 80, 83, 80, 81, 83, 86, 84, 87, 89, 89, 91, 93, 94, 95,
    96, 98, 98, 94, 98, 99, 96, 95, 94, 95, 94, 94, 96, 94, 98, 96, 93,
    95, 98, 97, 94, 96, 93, 97, 97, 96, 94, 95, 96, 93, 92, 95, 96, 96,
    94, 97, 92, 95, 93, 95, 93, 94, 96, 94, 96, 91, 91, 93, 95, 94, 95,
    92 ]
