%YAML:1.0
---
videoName: "headLookDown2.mp4"
gestureLabel: 206
fps: 29
pixelSizeInCmTemp: 3.3732394366197183e-01
faceCenterPointX: 274
faceCenterPointY: 95
headPositionsX: [ 274, 272, 276, 272, 274, 274, 273, 276, 272, 276, 273,
    272, 272, 275, 274, 273, 274, 275, 274, 273, 275, 275, 273, 276, 276,
    271, 273, 276, 274, 272, 271, 271, 273, 274, 274, 275, 272, 275, 273,
    272, 272, 276, 273, 273, 276, 272, 275, 274, 274, 274, 271, 271, 273,
    276, 273, 275, 274, 275, 275, 273, 275, 273, 273, 276, 276, 275, 276,
    275, 277, 274, 275, 277, 276, 273, 274, 278, 273, 273, 274, 275, 274,
    278, 277, 273, 273, 273, 277, 273, 274, 277, 275, 273, 274, 276, 276,
    274, 276, 274, 276, 276 ]
headPositionsY: [ 96, 77, 81, 79, 79, 79, 80, 79, 80, 79, 76, 79, 77, 78,
    78, 78, 81, 78, 80, 77, 81, 81, 81, 79, 81, 77, 81, 78, 78, 80, 77,
    82, 78, 82, 83, 82, 82, 86, 82, 86, 89, 90, 91, 92, 95, 92, 93, 95,
    96, 93, 94, 96, 96, 96, 93, 93, 93, 93, 93, 92, 93, 93, 94, 94, 95,
    95, 95, 95, 95, 95, 95, 93, 97, 96, 94, 97, 93, 95, 94, 97, 93, 95,
    93, 93, 96, 94, 93, 97, 94, 96, 96, 95, 93, 94, 95, 94, 95, 94, 96,
    97 ]
