%YAML:1.0
---
videoName: "headLookDown5.mp4"
gestureLabel: 206
fps: 29
pixelSizeInCmTemp: 3.4710144927536229e-01
faceCenterPointX: 272
faceCenterPointY: 102
headPositionsX: [ 274, 273, 270, 271, 270, 273, 272, 272, 271, 273, 269,
    271, 274, 272, 269, 273, 270, 270, 272, 272, 271, 274, 273, 269, 271,
    269, 271, 274, 271, 273, 271, 273, 271, 271, 271, 272, 274, 274, 274,
    271, 272, 270, 271, 273, 272, 272, 271, 271, 272, 273, 270, 273, 270,
    271, 273, 272, 274, 270, 274, 271, 272, 272, 273, 272, 272, 270, 271,
    270, 271, 274, 270, 273, 274, 273, 272, 271, 272, 270, 274, 275, 272,
    271, 268, 272, 273, 274, 272, 269, 270, 272, 272, 273, 271, 271, 269,
    275, 275, 271, 272, 270 ]
headPositionsY: [ 103, 82, 83, 86, 85, 81, 82, 86, 86, 85, 86, 86, 82,
    85, 85, 86, 84, 84, 82, 81, 85, 86, 84, 82, 85, 85, 84, 83, 84, 85,
    82, 84, 86, 84, 81, 84, 82, 86, 84, 81, 82, 85, 81, 82, 82, 85, 87,
    87, 88, 90, 90, 91, 90, 93, 96, 97, 95, 96, 99, 100, 98, 102, 98,
    100, 103, 102, 102, 100, 103, 101, 104, 100, 101, 105, 103, 103, 100,
    102, 101, 105, 101, 102, 103, 102, 105, 105, 105, 101, 102, 100, 101,
    102, 104, 105, 101, 104, 104, 101, 101, 104 ]
