%YAML:1.0
---
videoName: "headLookDown9.mp4"
gestureLabel: 206
fps: 29
pixelSizeInCmTemp: 3.5220588235294115e-01
faceCenterPointX: 274
faceCenterPointY: 97
headPositionsX: [ 272, 273, 272, 274, 270, 275, 271, 273, 274, 270, 272,
    272, 272, 272, 274, 274, 271, 271, 272, 271, 273, 270, 275, 272, 274,
    272, 271, 270, 270, 272, 272, 275, 273, 270, 275, 271, 271, 273, 275,
    272, 274, 273, 275, 272, 270, 271, 273, 272, 275, 274, 272, 272, 273,
    273, 271, 274, 275, 272, 275, 272, 271, 274, 269, 272, 274, 271, 274,
    271, 270, 273, 272, 271, 275, 271, 273, 275, 273, 272, 274, 273, 272,
    272, 273, 274, 272, 273, 275, 274, 274, 274, 276, 274, 274, 276, 275,
    275, 274, 270, 273, 275 ]
headPositionsY: [ 99, 80, 83, 78, 82, 81, 77, 78, 81, 80, 83, 79, 81, 81,
    82, 81, 79, 79, 82, 79, 78, 80, 81, 78, 79, 80, 80, 82, 82, 81, 82,
    82, 82, 84, 81, 83, 85, 83, 87, 89, 91, 88, 90, 90, 92, 95, 97, 93,
    94, 97, 97, 100, 100, 96, 100, 96, 101, 98, 99, 101, 97, 99, 99, 97,
    99, 97, 96, 97, 100, 96, 100, 96, 99, 99, 98, 94, 98, 96, 98, 95, 99,
    95, 99, 99, 95, 96, 97, 97, 97, 97, 99, 95, 95, 95, 99, 97, 95, 95,
    96, 95 ]
