%YAML:1.0
---
videoName: "headLookDown3.mp4"
gestureLabel: 206
fps: 29
pixelSizeInCmTemp: 3.5746268656716418e-01
faceCenterPointX: 273
faceCenterPointY: 98
headPositionsX: [ 271, 274, 274, 275, 273, 274, 272, 271, 272, 271, 272,
    274, 274, 273, 271, 274, 274, 275, 274, 273, 274, 273, 272, 273, 273,
    274, 273, 273, 274, 271, 271, 274, 273, 274, 273, 271, 272, 271, 273,
    272, 273, 271, 270, 270, 272, 273, 272, 274, 275, 273, 270, 275, 271,
    272, 272, 271, 273, 270, 270, 271, 273, 272, 269, 269, 271, 269, 272,
    271, 272, 273, 269, 270, 269, 273, 269, 268, 273, 273, 273, 273, 270,
    273, 270, 273, 269, 274, 271, 273, 273, 272, 274, 272, 272, 271, 274,
    272, 275, 271, 273, 272 ]
headPositionsY: [ 97, 79, 76, 80, 78, 76, 77, 79, 79, 77, 79, 79, 77, 77,
    77, 79, 80, 81, 79, 78, 80, 79, 79, 81, 80, 80, 77, 77, 78, 78, 78,
    80, 77, 77, 78, 81, 82, 79, 81, 83, 81, 81, 85, 82, 84, 86, 87, 90,
    90, 90, 91, 93, 90, 91, 95, 96, 98, 95, 97, 98, 100, 100, 96, 99, 99,
    100, 98, 99, 102, 102, 100, 100, 102, 99, 101, 99, 102, 101, 102,
    101, 103, 103, 100, 101, 101, 101, 98, 98, 103, 102, 98, 99, 101,
    101, 104, 102, 98, 98, 102, 100 ]
