%YAML:1.0
---
videoName: "headLookDown8.mp4"
gestureLabel: 206
fps: 29
pixelSizeInCmTemp: 3.3732394366197183e-01
faceCenterPointX: 276
faceCenterPointY: 96
headPositionsX: [ 277, 273, 273, 274, 274, 275, 276, 275, 276, 274, 276,
    275, 277, 275, 275, 273, 273, 273, 276, 278, 275, 273, 278, 275, 273,
    273, 273, 277, 275, 272, 272, 273, 276, 273, 272, 272, 275, 272, 273,
    273, 273, 275, 274, 272, 273, 274, 276, 277, 273, 278, 275, 274, 278,
    274, 275, 274, 275, 276, 275, 274, 278, 274, 275, 275, 274, 277, 278,
    275, 273, 274, 278, 274, 276, 275, 273, 278, 275, 276, 278, 277, 274,
    278, 277, 277, 276, 276, 277, 274, 274, 275, 275, 277, 278, 278, 278,
    279, 278, 276, 278, 278 ]
headPositionsY: [ 97, 78, 78, 78, 81, 81, 81, 81, 79, 82, 81, 80, 77, 81,
    81, 81, 79, 78, 81, 79, 81, 77, 77, 81, 78, 82, 81, 78, 79, 79, 78,
    80, 81, 80, 82, 86, 84, 85, 84, 89, 85, 91, 92, 89, 93, 93, 91, 94,
    96, 93, 96, 97, 99, 97, 100, 98, 98, 96, 96, 95, 98, 99, 99, 99, 97,
    98, 98, 96, 95, 98, 95, 98, 98, 97, 95, 95, 95, 97, 98, 99, 94, 97,
    98, 97, 95, 97, 97, 95, 99, 95, 94, 96, 99, 98, 98, 94, 96, 95, 98,
    96 ]
