%YAML:1.0
---
videoName: "headLookDown1.mp4"
gestureLabel: 206
fps: 29
pixelSizeInCmTemp: 3.4710144927536229e-01
faceCenterPointX: 271
faceCenterPointY: 97
headPositionsX: [ 269, 271, 270, 273, 271, 272, 271, 270, 269, 271, 269,
    269, 269, 268, 270, 271, 271, 273, 273, 270, 271, 271, 270, 273, 270,
    270, 272, 272, 272, 272, 270, 270, 271, 269, 272, 273, 274, 272, 272,
    272, 271, 269, 273, 271, 269, 273, 269, 271, 273, 270, 269, 270, 271,
    273, 272, 269, 273, 269, 269, 269, 269, 272, 270, 272, 268, 271, 268,
    272, 268, 272, 270, 269, 271, 274, 274, 270, 273, 269, 272, 269, 270,
    270, 270, 270, 273, 272, 269, 273, 272, 271, 273, 269, 270, 271, 270,
    274, 269, 272, 271, 271 ]
headPositionsY: [ 97, 80, 78, 77, 78, 78, 79, 77, 77, 77, 77, 78, 80, 81,
    80, 78, 77, 78, 78, 79, 78, 77, 81, 81, 81, 81, 77, 81, 79, 78, 78,
    80, 80, 78, 78, 78, 79, 77, 82, 79, 82, 79, 83, 81, 86, 84, 84, 86,
    90, 89, 94, 94, 97, 97, 94, 99, 98, 97, 98, 101, 97, 98, 101, 97,
    101, 97, 97, 100, 100, 101, 101, 97, 100, 100, 99, 101, 98, 100, 96,
    97, 98, 96, 100, 98, 100, 97, 97, 100, 99, 100, 100, 95, 99, 95, 99,
    100, 99, 98, 97, 97 ]
