%YAML:1.0
---
videoName: "headLookDown4.mp4"
gestureLabel: 206
fps: 29
pixelSizeInCmTemp: 3.4710144927536229e-01
faceCenterPointX: 275
faceCenterPointY: 97
headPositionsX: [ 273, 272, 275, 273, 275, 271, 274, 273, 271, 271, 274,
    275, 273, 271, 273, 271, 272, 272, 275, 275, 273, 271, 274, 275, 273,
    274, 271, 271, 270, 275, 272, 274, 275, 275, 274, 271, 273, 272, 274,
    272, 271, 273, 274, 276, 276, 274, 276, 272, 273, 276, 276, 276, 272,
    272, 273, 274, 274, 275, 272, 275, 276, 275, 275, 273, 272, 275, 272,
    275, 275, 275, 276, 274, 274, 273, 276, 272, 272, 272, 272, 273, 272,
    276, 277, 273, 277, 273, 273, 274, 276, 276, 276, 274, 273, 276, 274,
    276, 275, 275, 276, 273 ]
headPositionsY: [ 97, 79, 79, 81, 79, 79, 80, 81, 82, 79, 82, 82, 79, 81,
    80, 81, 80, 80, 81, 79, 82, 79, 79, 81, 80, 83, 82, 80, 79, 79, 79,
    81, 80, 85, 82, 82, 83, 82, 83, 87, 88, 87, 92, 90, 89, 90, 95, 92,
    94, 95, 95, 95, 99, 97, 100, 100, 102, 103, 100, 100, 98, 101, 101,
    103, 99, 101, 102, 101, 99, 99, 99, 98, 98, 98, 97, 99, 96, 100, 96,
    98, 96, 99, 99, 95, 97, 97, 97, 96, 99, 99, 99, 98, 98, 99, 96, 98,
    99, 96, 97, 98 ]
