%YAML:1.0
---
videoName: "headLookDown5.mp4"
gestureLabel: 206
fps: 29
pixelSizeInCmTemp: 3.4710144927536229e-01
faceCenterPointX: 272
faceCenterPointY: 102
headPositionsX: [ 273, 270, 272, 274, 273, 269, 271, 273, 272, 271, 271,
    271, 270, 270, 272, 272, 270, 271, 271, 269, 270, 273, 271, 271, 274,
    273, 273, 274, 271, 273, 273, 272, 272, 270, 272, 273, 273, 273, 272,
    269, 272, 273, 273, 272, 271, 270, 271, 271, 274, 270, 270, 271, 270,
    273, 272, 272, 272, 272, 271, 274, 270, 273, 272, 273, 269, 272, 272,
    270, 271, 270, 273, 273, 271, 271, 272, 271, 269, 272, 270, 271, 270,
    273, 271, 270, 274, 274, 272, 271, 270, 270, 272, 270, 275, 275, 271,
    273, 275, 273, 272, 272 ]
headPositionsY: [ 100, 86, 81, 83, 86, 83, 82, 83, 82, 83, 85, 82, 85,
    85, 85, 83, 81, 83, 81, 82, 83, 83, 82, 85, 83, 85, 83, 83, 84, 85,
    85, 81, 85, 85, 83, 84, 84, 83, 83, 82, 81, 86, 81, 84, 81, 83, 85,
    85, 87, 87, 88, 87, 89, 91, 94, 97, 94, 95, 99, 97, 101, 101, 99,
    101, 103, 100, 100, 103, 103, 100, 103, 100, 101, 101, 102, 102, 104,
    100, 102, 104, 103, 104, 102, 104, 104, 105, 105, 100, 103, 103, 105,
    104, 101, 102, 99, 103, 105, 102, 103, 101 ]
