%YAML:1.0
---
videoName: "headLookDown8.mp4"
gestureLabel: 206
fps: 29
pixelSizeInCmTemp: 3.3732394366197183e-01
faceCenterPointX: 276
faceCenterPointY: 96
headPositionsX: [ 278, 272, 273, 273, 276, 275, 274, 275, 277, 274, 276,
    277, 277, 276, 274, 276, 275, 277, 277, 274, 275, 275, 275, 275, 274,
    276, 274, 274, 276, 276, 274, 274, 276, 274, 272, 273, 276, 271, 273,
    273, 272, 276, 276, 274, 277, 273, 276, 276, 275, 274, 279, 275, 276,
    273, 276, 276, 278, 274, 278, 275, 274, 275, 276, 275, 277, 276, 277,
    274, 273, 277, 276, 275, 277, 274, 276, 278, 276, 274, 276, 277, 275,
    275, 277, 275, 278, 275, 276, 274, 275, 275, 278, 278, 276, 274, 276,
    275, 277, 279, 277, 276 ]
headPositionsY: [ 98, 77, 81, 79, 80, 81, 79, 80, 82, 79, 79, 78, 80, 77,
    80, 81, 81, 82, 78, 78, 77, 79, 78, 78, 80, 80, 82, 82, 80, 82, 81,
    80, 82, 81, 81, 84, 82, 83, 86, 88, 88, 91, 89, 88, 90, 93, 94, 95,
    92, 93, 97, 98, 97, 96, 99, 99, 97, 97, 99, 95, 99, 98, 98, 97, 96,
    97, 96, 100, 97, 98, 96, 96, 97, 100, 95, 96, 96, 98, 99, 97, 95, 95,
    98, 96, 98, 96, 96, 97, 98, 97, 96, 94, 98, 99, 95, 97, 95, 98, 95,
    98 ]
