%YAML:1.0
---
videoName: "headLookDown7.mp4"
gestureLabel: 206
fps: 30
pixelSizeInCmTemp: 3.3732394366197183e-01
faceCenterPointX: 274
faceCenterPointY: 95
headPositionsX: [ 273, 275, 273, 274, 275, 275, 271, 271, 275, 272, 272,
    273, 275, 275, 272, 272, 272, 271, 272, 272, 275, 275, 272, 276, 275,
    274, 273, 276, 276, 274, 275, 275, 271, 273, 271, 275, 273, 273, 275,
    275, 272, 273, 273, 272, 274, 275, 273, 275, 273, 274, 273, 277, 274,
    272, 275, 275, 274, 273, 276, 274, 273, 274, 274, 275, 275, 273, 272,
    276, 275, 273, 274, 273, 275, 272, 275, 271, 276, 273, 275, 274, 274,
    276, 273, 273, 276, 276, 274, 277, 274, 274, 274, 273, 277, 272, 276,
    275, 277, 276, 276, 276 ]
headPositionsY: [ 96, 83, 82, 84, 83, 80, 81, 82, 80, 85, 84, 81, 83, 81,
    82, 84, 81, 84, 80, 82, 82, 82, 82, 81, 84, 85, 82, 81, 82, 81, 82,
    84, 80, 82, 82, 80, 84, 83, 84, 83, 81, 82, 82, 84, 84, 82, 81, 84,
    83, 84, 84, 84, 88, 90, 86, 87, 91, 91, 94, 91, 95, 96, 92, 94, 92,
    93, 94, 97, 97, 93, 95, 94, 97, 97, 94, 96, 98, 97, 95, 97, 98, 96,
    94, 96, 93, 93, 95, 96, 95, 97, 96, 96, 98, 96, 95, 98, 95, 96, 93,
    97 ]
