%YAML:1.0
---
videoName: "headLookDown7.mp4"
gestureLabel: 206
fps: 30
pixelSizeInCmTemp: 3.3732394366197183e-01
faceCenterPointX: 274
faceCenterPointY: 95
headPositionsX: [ 274, 276, 274, 272, 274, 275, 271, 275, 271, 273, 274,
    272, 273, 274, 273, 272, 274, 271, 272, 271, 274, 271, 276, 276, 275,
    274, 276, 275, 275, 273, 273, 272, 273, 272, 272, 272, 274, 275, 274,
    272, 275, 271, 271, 271, 273, 272, 276, 275, 274, 275, 273, 277, 276,
    276, 276, 275, 276, 276, 276, 276, 274, 274, 275, 276, 272, 273, 272,
    274, 275, 272, 273, 273, 275, 274, 275, 275, 276, 275, 276, 277, 276,
    276, 277, 274, 274, 273, 277, 277, 277, 276, 275, 275, 276, 272, 275,
    276, 276, 273, 273, 276 ]
headPositionsY: [ 96, 84, 81, 81, 81, 81, 82, 80, 82, 83, 83, 84, 85, 80,
    84, 80, 83, 83, 84, 83, 83, 81, 81, 82, 82, 84, 83, 84, 83, 85, 83,
    80, 82, 82, 83, 84, 82, 84, 82, 84, 82, 84, 82, 82, 81, 84, 84, 84,
    82, 87, 86, 88, 84, 86, 90, 91, 89, 93, 91, 95, 95, 93, 94, 96, 92,
    95, 96, 93, 97, 96, 94, 95, 97, 97, 93, 93, 97, 96, 94, 94, 95, 94,
    97, 97, 97, 97, 95, 95, 97, 99, 96, 96, 97, 95, 97, 99, 95, 94, 97,
    97 ]
