%YAML:1.0
---
videoName: "headLookDown4.mp4"
gestureLabel: 206
fps: 29
pixelSizeInCmTemp: 3.4710144927536229e-01
faceCenterPointX: 275
faceCenterPointY: 97
headPositionsX: [ 276, 274, 273, 271, 274, 273, 270, 274, 271, 272, 274,
    272, 273, 272, 273, 271, 274, 271, 272, 274, 274, 274, 274, 274, 274,
    273, 273, 271, 270, 271, 272, 273, 275, 272, 272, 272, 275, 274, 275,
    274, 274, 276, 275, 274, 275, 273, 276, 272, 275, 276, 272, 274, 272,
    271, 274, 275, 271, 274, 275, 272, 273, 271, 276, 275, 273, 276, 273,
    273, 272, 272, 274, 272, 273, 273, 274, 272, 273, 275, 272, 275, 276,
    275, 275, 275, 275, 277, 273, 274, 274, 272, 276, 275, 273, 273, 274,
    272, 273, 276, 275, 273 ]
headPositionsY: [ 95, 82, 82, 81, 79, 79, 78, 81, 79, 82, 79, 80, 82, 80,
    82, 82, 82, 79, 80, 79, 79, 81, 82, 78, 79, 80, 82, 83, 82, 80, 82,
    79, 83, 81, 82, 84, 85, 84, 84, 86, 89, 89, 92, 88, 90, 91, 93, 93,
    96, 95, 95, 97, 100, 97, 98, 99, 99, 99, 98, 100, 100, 101, 98, 103,
    101, 98, 100, 99, 99, 102, 99, 97, 100, 98, 97, 96, 97, 98, 98, 96,
    95, 97, 98, 99, 96, 96, 96, 99, 98, 99, 99, 98, 95, 98, 95, 97, 97,
    98, 100, 96 ]
