%YAML:1.0
---
videoName: "headLookDown6.mp4"
gestureLabel: 206
fps: 29
pixelSizeInCmTemp: 3.4710144927536229e-01
faceCenterPointX: 276
faceCenterPointY: 98
headPositionsX: [ 274, 276, 276, 276, 277, 273, 273, 275, 273, 273, 273,
    277, 277, 273, 277, 275, 275, 274, 274, 274, 276, 274, 277, 275, 274,
    273, 274, 276, 276, 277, 276, 278, 275, 273, 278, 275, 273, 277, 274,
    275, 275, 274, 274, 278, 275, 276, 274, 276, 273, 276, 276, 273, 273,
    276, 277, 276, 277, 276, 277, 273, 273, 275, 277, 276, 276, 273, 276,
    272, 277, 277, 274, 275, 277, 275, 273, 275, 273, 274, 276, 277, 275,
    274, 274, 276, 276, 275, 276, 276, 274, 276, 276, 278, 277, 277, 276,
    277, 279, 277, 275, 276 ]
headPositionsY: [ 96, 81, 83, 80, 82, 83, 83, 81, 80, 83, 82, 81, 81, 79,
    81, 80, 79, 79, 80, 84, 80, 81, 83, 80, 79, 83, 80, 84, 81, 82, 80,
    84, 84, 81, 84, 83, 85, 82, 86, 84, 84, 83, 85, 89, 87, 89, 89, 89,
    93, 93, 92, 95, 93, 93, 96, 97, 97, 97, 96, 97, 96, 100, 98, 99, 97,
    100, 99, 96, 96, 97, 96, 98, 100, 101, 98, 101, 101, 97, 97, 99, 102,
    101, 97, 98, 98, 97, 99, 97, 99, 100, 100, 100, 100, 100, 96, 100,
    97, 96, 97, 98 ]
