%YAML:1.0
---
videoName: "headLookDown8.mp4"
gestureLabel: 206
fps: 29
pixelSizeInCmTemp: 3.3732394366197183e-01
faceCenterPointX: 276
faceCenterPointY: 96
headPositionsX: [ 276, 273, 276, 274, 274, 277, 277, 275, 276, 274, 275,
    276, 277, 276, 273, 274, 275, 274, 277, 275, 274, 272, 278, 275, 275,
    276, 274, 275, 275, 272, 274, 277, 272, 273, 276, 272, 273, 274, 275,
    277, 272, 277, 277, 272, 274, 274, 274, 277, 276, 275, 279, 276, 277,
    276, 278, 276, 276, 278, 274, 278, 277, 278, 277, 274, 274, 274, 274,
    275, 274, 275, 277, 275, 274, 277, 275, 276, 277, 275, 278, 277, 276,
    276, 278, 275, 278, 278, 277, 274, 274, 277, 275, 275, 275, 278, 278,
    275, 274, 277, 278, 278 ]
headPositionsY: [ 96, 81, 80, 80, 78, 82, 82, 78, 78, 80, 77, 79, 81, 80,
    79, 82, 80, 79, 81, 78, 81, 77, 80, 80, 79, 82, 82, 81, 82, 82, 78,
    80, 80, 80, 83, 83, 82, 82, 84, 86, 89, 89, 88, 90, 90, 92, 92, 92,
    95, 94, 95, 95, 98, 98, 98, 97, 97, 96, 100, 95, 97, 98, 98, 98, 98,
    100, 96, 99, 96, 99, 97, 98, 96, 100, 95, 96, 95, 96, 95, 96, 94, 97,
    98, 98, 97, 95, 94, 98, 99, 95, 97, 94, 96, 98, 98, 95, 97, 96, 96,
    98 ]
