%YAML:1.0
---
videoName: "headLookDown3.mp4"
gestureLabel: 206
fps: 29
pixelSizeInCmTemp: 3.5746268656716418e-01
faceCenterPointX: 273
faceCenterPointY: 98
headPositionsX: [ 272, 273, 273, 275, 271, 271, 270, 271, 274, 273, 271,
    273, 271, 273, 274, 271, 271, 273, 272, 272, 274, 274, 272, 271, 271,
    274, 273, 272, 270, 274, 273, 272, 273, 272, 271, 274, 272, 273, 273,
    274, 272, 272, 271, 273, 273, 274, 273, 275, 272, 274, 270, 275, 274,
    272, 273, 273, 271, 274, 272, 272, 269, 270, 270, 269, 274, 269, 272,
    270, 270, 272, 273, 270, 273, 269, 273, 270, 270, 270, 272, 272, 270,
    271, 271, 270, 272, 273, 272, 273, 270, 271, 272, 272, 274, 272, 273,
    273, 273, 273, 275, 273 ]
headPositionsY: [ 97, 79, 76, 80, 77, 77, 79, 77, 76, 78, 77, 77, 77, 80,
    80, 76, 77, 81, 80, 81, 80, 80, 78, 78, 81, 76, 79, 78, 76, 79, 78,
    81, 77, 80, 79, 78, 81, 79, 83, 83, 80, 84, 86, 82, 87, 87, 86, 88,
    90, 89, 90, 90, 91, 94, 94, 93, 98, 97, 97, 97, 99, 100, 96, 97, 98,
    103, 100, 102, 100, 103, 99, 102, 102, 103, 104, 101, 102, 102, 99,
    99, 103, 100, 99, 103, 103, 103, 98, 99, 100, 99, 99, 103, 100, 98,
    100, 99, 101, 101, 102, 101 ]
