%YAML:1.0
---
videoName: "headLookDown9.mp4"
gestureLabel: 206
fps: 29
pixelSizeInCmTemp: 3.5220588235294115e-01
faceCenterPointX: 274
faceCenterPointY: 97
headPositionsX: [ 272, 273, 273, 274, 273, 274, 272, 270, 270, 270, 271,
    273, 271, 273, 271, 271, 271, 274, 270, 275, 272, 272, 274, 273, 271,
    272, 271, 274, 270, 272, 273, 272, 274, 272, 273, 272, 273, 270, 275,
    272, 273, 271, 273, 272, 270, 274, 274, 273, 274, 275, 271, 273, 272,
    273, 271, 273, 275, 272, 275, 272, 273, 274, 271, 272, 272, 269, 273,
    273, 269, 273, 271, 273, 274, 273, 273, 274, 271, 271, 270, 274, 270,
    272, 274, 271, 273, 275, 273, 274, 271, 273, 274, 272, 274, 274, 274,
    275, 271, 271, 275, 271 ]
headPositionsY: [ 96, 79, 79, 80, 81, 83, 77, 82, 82, 78, 83, 82, 79, 82,
    79, 81, 82, 78, 81, 78, 80, 81, 77, 82, 80, 78, 83, 81, 81, 79, 82,
    79, 81, 84, 83, 84, 86, 82, 88, 86, 87, 92, 90, 93, 94, 94, 98, 93,
    96, 97, 97, 98, 99, 98, 98, 98, 99, 98, 101, 101, 99, 100, 99, 99,
    96, 98, 95, 98, 97, 98, 98, 96, 97, 98, 99, 97, 98, 96, 99, 98, 95,
    98, 96, 99, 99, 96, 96, 98, 97, 97, 97, 98, 98, 98, 97, 98, 96, 96,
    95, 98 ]
