%YAML:1.0
---
videoName: "headLookDown9.mp4"
gestureLabel: 206
fps: 29
pixelSizeInCmTemp: 3.5220588235294115e-01
faceCenterPointX: 274
faceCenterPointY: 97
headPositionsX: [ 273, 274, 274, 273, 273, 271, 275, 273, 273, 270, 271,
    271, 270, 271, 272, 271, 273, 275, 270, 271, 274, 272, 272, 272, 274,
    273, 275, 271, 271, 274, 272, 275, 271, 271, 271, 272, 271, 271, 272,
    274, 271, 272, 273, 274, 270, 270, 274, 272, 275, 274, 274, 273, 275,
    273, 273, 274, 273, 271, 275, 272, 274, 271, 273, 270, 270, 270, 271,
    273, 270, 273, 271, 273, 271, 271, 272, 271, 274, 273, 271, 275, 272,
    274, 274, 274, 271, 271, 272, 272, 272, 275, 273, 272, 272, 275, 272,
    273, 271, 274, 274, 274 ]
headPositionsY: [ 95, 82, 82, 78, 79, 79, 81, 81, 81, 80, 80, 79, 77, 79,
    82, 82, 80, 82, 79, 81, 80, 82, 80, 81, 79, 78, 81, 79, 82, 80, 80,
    82, 81, 80, 82, 86, 83, 85, 89, 87, 91, 88, 90, 91, 95, 94, 95, 95,
    95, 96, 97, 96, 99, 99, 98, 99, 100, 97, 101, 98, 100, 101, 101, 99,
    99, 99, 98, 99, 97, 96, 98, 96, 99, 97, 100, 95, 97, 98, 95, 98, 97,
    99, 99, 95, 98, 97, 96, 98, 96, 95, 97, 98, 94, 96, 98, 99, 96, 96,
    98, 98 ]
