%YAML:1.0
---
videoName: "headLookDown2.mp4"
gestureLabel: 206
fps: 29
pixelSizeInCmTemp: 3.3732394366197183e-01
faceCenterPointX: 274
faceCenterPointY: 95
headPositionsX: [ 273, 274, 272, 273, 274, 273, 275, 275, 273, 276, 275,
    275, 275, 274, 275, 274, 275, 273, 272, 273, 274, 272, 272, 274, 275,
    271, 272, 275, 273, 272, 275, 272, 274, 272, 276, 274, 275, 273, 273,
    275, 275, 274, 276, 273, 274, 273, 272, 276, 274, 272, 271, 274, 272,
    274, 275, 271, 275, 272, 274, 273, 274, 272, 274, 274, 274, 275, 275,
    274, 275, 275, 272, 277, 274, 275, 274, 275, 273, 276, 273, 273, 274,
    276, 276, 277, 275, 276, 274, 274, 277, 275, 274, 275, 275, 276, 275,
    273, 277, 272, 274, 276 ]
headPositionsY: [ 97, 79, 80, 78, 78, 79, 77, 79, 78, 81, 76, 77, 80, 77,
    77, 79, 80, 77, 77, 77, 80, 77, 77, 77, 79, 78, 78, 77, 81, 80, 77,
    81, 79, 81, 83, 82, 82, 83, 84, 88, 89, 91, 92, 93, 95, 96, 93, 96,
    95, 93, 96, 93, 93, 93, 93, 96, 96, 93, 93, 95, 94, 96, 92, 97, 93,
    93, 97, 97, 94, 93, 93, 92, 95, 95, 94, 96, 95, 93, 95, 97, 95, 95,
    96, 94, 94, 96, 92, 95, 96, 97, 95, 96, 95, 95, 97, 95, 96, 97, 98,
    97 ]
