%YAML:1.0
---
videoName: "headLookDown5.mp4"
gestureLabel: 206
fps: 29
pixelSizeInCmTemp: 3.4710144927536229e-01
faceCenterPointX: 272
faceCenterPointY: 102
headPositionsX: [ 273, 272, 268, 270, 270, 271, 270, 271, 271, 273, 269,
    272, 273, 271, 272, 271, 271, 270, 271, 270, 273, 270, 270, 271, 273,
    272, 269, 272, 272, 272, 272, 272, 273, 274, 273, 272, 273, 274, 273,
    269, 269, 273, 273, 274, 271, 269, 274, 270, 273, 273, 274, 270, 273,
    274, 273, 272, 274, 270, 271, 271, 269, 273, 272, 272, 270, 271, 271,
    274, 270, 272, 273, 273, 271, 272, 271, 272, 273, 272, 274, 271, 270,
    274, 269, 271, 273, 274, 271, 272, 271, 271, 274, 273, 271, 273, 270,
    273, 274, 275, 273, 270 ]
headPositionsY: [ 101, 82, 85, 85, 84, 85, 84, 86, 82, 82, 86, 83, 81,
    86, 83, 85, 83, 84, 82, 83, 82, 86, 82, 82, 86, 83, 82, 82, 84, 84,
    81, 82, 82, 84, 84, 84, 84, 86, 83, 81, 85, 85, 84, 82, 85, 83, 86,
    83, 86, 90, 89, 90, 89, 95, 92, 94, 96, 98, 98, 99, 100, 101, 101,
    100, 101, 102, 102, 104, 102, 102, 100, 100, 101, 105, 102, 103, 102,
    99, 104, 103, 104, 101, 103, 104, 102, 103, 102, 100, 100, 101, 101,
    103, 102, 101, 102, 100, 104, 101, 104, 102 ]
