%YAML:1.0
---
videoName: "headLookDown2.mp4"
gestureLabel: 206
fps: 29
pixelSizeInCmTemp: 3.3732394366197183e-01
faceCenterPointX: 274
faceCenterPointY: 95
headPositionsX: [ 275, 272, 274, 274, 272, 275, 274, 275, 276, 273, 272,
    273, 274, 276, 273, 275, 275, 273, 272, 275, 273, 272, 274, 274, 273,
    271, 276, 275, 273, 274, 272, 274, 275, 273, 274, 276, 273, 274, 272,
    273, 275, 276, 273, 273, 275, 275, 273, 272, 271, 275, 275, 274, 276,
    272, 274, 275, 274, 273, 273, 275, 274, 272, 275, 272, 273, 276, 274,
    276, 275, 274, 276, 277, 275, 276, 274, 274, 277, 277, 273, 274, 277,
    277, 273, 276, 275, 272, 275, 274, 273, 276, 275, 275, 273, 275, 274,
    274, 276, 275, 275, 277 ]
headPositionsY: [ 93, 77, 80, 80, 81, 81, 79, 80, 77, 78, 79, 77, 79, 77,
    78, 78, 77, 79, 80, 80, 81, 78, 78, 77, 78, 81, 79, 77, 82, 79, 78,
    80, 82, 78, 80, 80, 83, 86, 86, 86, 89, 91, 88, 89, 92, 96, 92, 95,
    92, 92, 94, 96, 96, 96, 96, 92, 92, 93, 97, 92, 97, 96, 93, 93, 97,
    95, 96, 94, 95, 95, 96, 92, 97, 93, 95, 94, 94, 97, 96, 94, 93, 94,
    95, 94, 94, 96, 93, 95, 96, 93, 97, 97, 96, 95, 96, 95, 96, 95, 98,
    95 ]
