%YAML:1.0
---
videoName: "headLookDown7.mp4"
gestureLabel: 206
fps: 30
pixelSizeInCmTemp: 3.3732394366197183e-01
faceCenterPointX: 274
faceCenterPointY: 95
headPositionsX: [ 273, 276, 275, 274, 274, 271, 271, 272, 273, 274, 273,
    272, 276, 273, 272, 275, 275, 271, 275, 272, 272, 272, 274, 275, 274,
    274, 276, 276, 272, 276, 275, 271, 274, 271, 274, 272, 273, 274, 273,
    271, 273, 273, 273, 275, 272, 272, 273, 273, 271, 272, 274, 276, 276,
    274, 275, 275, 275, 276, 275, 274, 274, 276, 276, 273, 275, 275, 272,
    272, 274, 274, 274, 273, 276, 276, 272, 273, 273, 272, 276, 275, 273,
    277, 275, 277, 275, 276, 274, 275, 276, 277, 273, 276, 278, 272, 275,
    275, 276, 276, 272, 273 ]
headPositionsY: [ 96, 83, 84, 80, 82, 84, 81, 84, 80, 85, 84, 85, 83, 82,
    82, 83, 82, 84, 81, 81, 84, 84, 82, 83, 81, 82, 84, 83, 81, 85, 81,
    81, 80, 81, 82, 82, 81, 84, 82, 82, 83, 85, 84, 82, 83, 85, 81, 82,
    84, 86, 84, 88, 85, 89, 88, 88, 89, 90, 94, 91, 92, 96, 93, 95, 93,
    95, 94, 93, 93, 96, 96, 93, 93, 97, 96, 95, 97, 96, 96, 96, 98, 93,
    98, 94, 95, 94, 95, 97, 95, 96, 98, 97, 96, 95, 97, 97, 96, 96, 93,
    95 ]
