%YAML:1.0
---
videoName: "headLookDown7.mp4"
gestureLabel: 206
fps: 30
pixelSizeInCmTemp: 3.3732394366197183e-01
faceCenterPointX: 274
faceCenterPointY: 95
headPositionsX: [ 275, 272, 272, 276, 274, 274, 273, 273, 274, 272, 273,
    274, 274, 275, 275, 276, 273, 275, 273, 271, 275, 273, 275, 274, 274,
    274, 274, 272, 273, 275, 273, 272, 273, 274, 272, 273, 272, 273, 271,
    274, 272, 271, 273, 272, 272, 271, 274, 274, 274, 274, 273, 273, 274,
    274, 273, 272, 275, 273, 276, 276, 273, 272, 274, 274, 276, 275, 276,
    272, 273, 275, 275, 276, 276, 274, 276, 274, 276, 274, 276, 274, 274,
    274, 276, 277, 273, 276, 276, 277, 277, 274, 275, 275, 276, 274, 274,
    277, 276, 274, 276, 273 ]
headPositionsY: [ 93, 85, 84, 83, 83, 83, 83, 80, 82, 83, 81, 81, 82, 84,
    84, 82, 81, 80, 80, 83, 81, 84, 84, 81, 83, 85, 81, 83, 81, 84, 83,
    81, 82, 83, 81, 83, 81, 81, 85, 81, 82, 83, 84, 85, 85, 83, 81, 82,
    84, 86, 83, 87, 87, 87, 88, 89, 90, 92, 91, 91, 93, 92, 95, 95, 93,
    93, 97, 94, 95, 94, 94, 96, 97, 94, 96, 93, 98, 94, 93, 98, 94, 96,
    94, 98, 95, 93, 96, 96, 95, 99, 97, 94, 96, 95, 97, 99, 96, 97, 97,
    97 ]
