%YAML:1.0
---
videoName: "headLookDown6.mp4"
gestureLabel: 206
fps: 29
pixelSizeInCmTemp: 3.4710144927536229e-01
faceCenterPointX: 276
faceCenterPointY: 98
headPositionsX: [ 278, 274, 274, 274, 273, 275, 277, 272, 275, 277, 273,
    277, 275, 273, 277, 276, 276, 272, 277, 274, 277, 277, 276, 278, 277,
    274, 272, 277, 273, 276, 276, 278, 275, 277, 274, 275, 277, 277, 276,
    272, 277, 278, 276, 276, 277, 274, 274, 277, 275, 275, 274, 273, 277,
    279, 275, 274, 275, 277, 274, 273, 272, 273, 276, 274, 273, 273, 274,
    274, 277, 275, 272, 275, 276, 275, 274, 273, 273, 273, 272, 274, 274,
    273, 274, 278, 274, 274, 274, 274, 277, 278, 278, 276, 277, 278, 276,
    274, 275, 273, 279, 275 ]
headPositionsY: [ 99, 79, 80, 80, 81, 80, 82, 81, 83, 80, 79, 83, 81, 82,
    79, 79, 79, 80, 81, 84, 80, 80, 80, 80, 81, 82, 82, 82, 82, 83, 84,
    83, 84, 81, 82, 80, 84, 84, 82, 85, 84, 83, 84, 86, 88, 87, 89, 90,
    90, 93, 94, 93, 95, 94, 97, 96, 98, 95, 97, 100, 96, 99, 97, 99, 99,
    100, 100, 95, 97, 99, 99, 96, 98, 98, 101, 99, 101, 97, 98, 100, 101,
    101, 100, 98, 97, 96, 101, 100, 97, 98, 97, 100, 97, 99, 97, 99, 99,
    99, 99, 96 ]
