%YAML:1.0
---
videoName: "headLookDown2.mp4"
gestureLabel: 206
fps: 29
pixelSizeInCmTemp: 3.3732394366197183e-01
faceCenterPointX: 274
faceCenterPointY: 95
headPositionsX: [ 272, 276, 275, 273, 272, 275, 272, 275, 275, 272, 273,
    275, 274, 275, 276, 272, 276, 273, 271, 275, 274, 272, 275, 272, 275,
    272, 272, 272, 276, 275, 271, 271, 272, 272, 272, 275, 273, 275, 273,
    274, 274, 274, 275, 275, 277, 272, 273, 275, 273, 275, 274, 273, 272,
    275, 274, 271, 273, 276, 274, 273, 273, 275, 274, 276, 275, 277, 277,
    273, 275, 275, 272, 274, 275, 273, 274, 276, 273, 273, 274, 274, 275,
    278, 277, 273, 276, 272, 277, 275, 276, 273, 275, 274, 276, 274, 275,
    274, 277, 272, 277, 277 ]
headPositionsY: [ 96, 79, 78, 78, 77, 77, 80, 79, 78, 77, 80, 78, 78, 78,
    78, 78, 77, 80, 78, 81, 78, 79, 78, 77, 79, 77, 82, 78, 79, 80, 79,
    81, 82, 78, 81, 82, 82, 86, 83, 85, 85, 88, 89, 93, 95, 96, 94, 95,
    95, 91, 95, 93, 93, 95, 94, 94, 94, 97, 96, 92, 93, 96, 95, 95, 94,
    96, 94, 94, 97, 96, 94, 95, 95, 94, 93, 97, 97, 97, 97, 96, 93, 96,
    93, 96, 97, 93, 94, 94, 98, 97, 96, 97, 93, 95, 96, 94, 97, 96, 94,
    94 ]
