%YAML:1.0
---
videoName: "headLookDown0.mp4"
gestureLabel: 206
fps: 29
pixelSizeInCmTemp: 3.3263888888888887e-01
faceCenterPointX: 273
faceCenterPointY: 93
headPositionsX: [ 273, 272, 273, 271, 271, 271, 273, 271, 270, 273, 271,
    272, 271, 274, 270, 270, 270, 272, 274, 271, 274, 274, 274, 273, 274,
    270, 273, 270, 269, 271, 273, 269, 274, 269, 271, 271, 271, 273, 272,
    272, 271, 271, 274, 271, 271, 271, 272, 273, 274, 274, 271, 269, 271,
    271, 274, 271, 272, 275, 270, 271, 273, 272, 274, 270, 272, 273, 273,
    269, 272, 274, 272, 270, 273, 273, 274, 273, 274, 272, 270, 271, 274,
    273, 273, 271, 271, 275, 275, 273, 273, 274, 275, 272, 270, 270, 274,
    275, 271, 270, 272, 271 ]
headPositionsY: [ 91, 78, 78, 77, 80, 80, 79, 81, 81, 79, 80, 78, 79, 81,
    80, 80, 81, 80, 82, 82, 78, 81, 81, 80, 81, 79, 79, 77, 82, 78, 80,
    80, 79, 79, 79, 82, 80, 83, 84, 85, 86, 86, 91, 91, 90, 93, 94, 96,
    99, 95, 96, 98, 99, 98, 97, 95, 96, 97, 95, 95, 96, 96, 98, 97, 95,
    96, 96, 93, 98, 94, 97, 97, 96, 94, 95, 98, 94, 97, 93, 93, 97, 96,
    97, 96, 96, 96, 97, 93, 94, 93, 94, 94, 92, 92, 93, 95, 92, 91, 91,
    96 ]
