%YAML:1.0
---
videoName: "headLookDown1.mp4"
gestureLabel: 206
fps: 29
pixelSizeInCmTemp: 3.4710144927536229e-01
faceCenterPointX: 271
faceCenterPointY: 97
headPositionsX: [ 269, 269, 268, 271, 272, 271, 269, 271, 270, 269, 272,
    270, 272, 272, 269, 271, 272, 272, 273, 269, 271, 270, 268, 270, 270,
    269, 274, 271, 272, 269, 273, 270, 273, 270, 269, 271, 273, 269, 269,
    273, 271, 271, 270, 269, 270, 272, 270, 272, 270, 273, 272, 268, 273,
    273, 272, 270, 270, 273, 272, 271, 269, 272, 269, 270, 268, 268, 270,
    270, 271, 269, 270, 271, 273, 273, 270, 272, 273, 272, 272, 270, 270,
    272, 272, 272, 272, 269, 269, 272, 273, 273, 273, 271, 270, 274, 273,
    271, 273, 271, 272, 271 ]
headPositionsY: [ 99, 76, 78, 77, 76, 76, 78, 79, 78, 79, 79, 79, 80, 77,
    79, 78, 78, 78, 80, 77, 80, 81, 78, 77, 78, 81, 81, 78, 78, 79, 79,
    82, 78, 80, 80, 78, 80, 78, 79, 77, 82, 83, 80, 84, 82, 84, 85, 87,
    92, 90, 94, 92, 95, 94, 95, 98, 97, 97, 99, 97, 98, 99, 98, 97, 97,
    98, 98, 97, 97, 100, 100, 97, 99, 97, 100, 99, 96, 98, 97, 96, 97,
    96, 100, 96, 98, 98, 100, 99, 96, 96, 97, 98, 97, 97, 97, 97, 97, 96,
    99, 98 ]
