%YAML:1.0
---
videoName: "headLookDown0.mp4"
gestureLabel: 206
fps: 29
pixelSizeInCmTemp: 3.3263888888888887e-01
faceCenterPointX: 273
faceCenterPointY: 93
headPositionsX: [ 272, 274, 274, 274, 275, 271, 273, 273, 271, 273, 271,
    273, 270, 272, 274, 273, 272, 272, 273, 274, 272, 274, 272, 271, 271,
    272, 272, 273, 273, 271, 274, 269, 270, 271, 272, 270, 270, 270, 272,
    273, 273, 274, 272, 270, 273, 272, 271, 270, 273, 271, 274, 271, 272,
    274, 271, 274, 270, 272, 269, 272, 273, 269, 271, 270, 269, 271, 273,
    270, 270, 272, 272, 271, 274, 271, 272, 273, 274, 271, 270, 275, 271,
    273, 272, 270, 274, 272, 273, 275, 273, 274, 271, 274, 273, 271, 271,
    274, 274, 273, 272, 270 ]
headPositionsY: [ 91, 79, 79, 80, 78, 81, 78, 82, 79, 77, 77, 80, 78, 77,
    78, 80, 77, 80, 79, 78, 80, 78, 79, 81, 78, 81, 79, 80, 81, 79, 79,
    77, 82, 80, 80, 83, 79, 80, 82, 84, 85, 88, 88, 90, 91, 95, 96, 97,
    96, 98, 95, 97, 96, 99, 95, 97, 96, 99, 98, 96, 96, 97, 94, 96, 97,
    97, 98, 94, 98, 95, 96, 94, 96, 97, 97, 96, 94, 93, 95, 97, 95, 97,
    95, 96, 96, 97, 97, 97, 95, 93, 92, 92, 96, 94, 93, 92, 96, 94, 95,
    92 ]
