%YAML:1.0
---
videoName: "headLookDown7.mp4"
gestureLabel: 206
fps: 30
pixelSizeInCmTemp: 3.3732394366197183e-01
faceCenterPointX: 274
faceCenterPointY: 95
headPositionsX: [ 275, 273, 271, 275, 275, 272, 275, 275, 275, 275, 273,
    276, 276, 271, 274, 275, 274, 273, 275, 272, 272, 271, 276, 275, 276,
    276, 273, 276, 273, 272, 272, 273, 275, 273, 273, 273, 275, 275, 271,
    274, 274, 272, 272, 272, 274, 271, 272, 276, 272, 272, 273, 274, 272,
    272, 273, 273, 274, 275, 277, 276, 274, 274, 272, 273, 272, 276, 274,
    275, 275, 275, 274, 275, 274, 275, 273, 272, 274, 275, 275, 273, 276,
    276, 274, 273, 274, 273, 277, 277, 274, 276, 275, 276, 275, 272, 277,
    274, 277, 273, 272, 277 ]
headPositionsY: [ 95, 84, 83, 80, 84, 80, 82, 80, 84, 81, 80, 82, 84, 80,
    84, 84, 82, 83, 83, 82, 83, 81, 84, 81, 85, 82, 84, 82, 84, 84, 82,
    81, 80, 83, 82, 84, 83, 85, 83, 85, 83, 83, 82, 83, 84, 82, 83, 84,
    83, 85, 84, 85, 86, 86, 88, 88, 89, 91, 90, 92, 95, 94, 95, 97, 92,
    96, 95, 94, 97, 96, 95, 93, 94, 94, 94, 95, 97, 96, 97, 94, 94, 95,
    95, 94, 95, 94, 95, 95, 95, 97, 95, 94, 96, 95, 95, 98, 97, 97, 94,
    97 ]
