%YAML:1.0
---
videoName: "headLookDown8.mp4"
gestureLabel: 206
fps: 29
pixelSizeInCmTemp: 3.3732394366197183e-01
faceCenterPointX: 276
faceCenterPointY: 96
headPositionsX: [ 277, 274, 276, 275, 274, 276, 277, 276, 276, 278, 274,
    276, 273, 276, 277, 275, 276, 276, 275, 276, 272, 273, 274, 274, 276,
    277, 277, 275, 277, 275, 272, 274, 276, 273, 276, 275, 273, 272, 276,
    275, 272, 273, 277, 276, 274, 276, 275, 276, 276, 276, 276, 277, 274,
    275, 277, 274, 278, 278, 275, 278, 275, 276, 278, 274, 278, 275, 277,
    276, 275, 276, 275, 275, 276, 277, 276, 274, 276, 274, 277, 274, 277,
    275, 277, 277, 275, 276, 275, 274, 276, 277, 274, 275, 278, 276, 277,
    279, 276, 275, 274, 278 ]
headPositionsY: [ 97, 81, 78, 78, 78, 81, 79, 79, 78, 78, 78, 80, 79, 81,
    78, 79, 78, 80, 79, 81, 79, 79, 80, 79, 82, 79, 82, 81, 78, 78, 79,
    81, 81, 80, 83, 84, 86, 83, 84, 85, 86, 90, 88, 89, 92, 94, 92, 91,
    95, 96, 96, 95, 100, 96, 100, 99, 97, 96, 99, 98, 99, 99, 97, 98, 97,
    99, 100, 96, 99, 96, 95, 96, 99, 100, 96, 95, 96, 94, 95, 99, 94, 98,
    96, 97, 94, 99, 98, 94, 97, 97, 96, 94, 97, 95, 96, 98, 96, 98, 95,
    94 ]
