%YAML:1.0
---
videoName: "headLookDown0.mp4"
gestureLabel: 206
fps: 29
pixelSizeInCmTemp: 3.3263888888888887e-01
faceCenterPointX: 273
faceCenterPointY: 93
headPositionsX: [ 273, 272, 275, 274, 275, 271, 272, 271, 274, 270, 274,
    270, 274, 270, 274, 271, 274, 270, 272, 271, 273, 270, 270, 272, 271,
    273, 269, 274, 272, 272, 271, 270, 271, 269, 272, 271, 273, 271, 271,
    272, 272, 274, 273, 273, 272, 270, 274, 273, 274, 272, 271, 269, 271,
    274, 270, 272, 272, 273, 269, 272, 273, 271, 274, 274, 272, 273, 273,
    269, 273, 273, 274, 269, 271, 271, 273, 272, 272, 271, 271, 275, 273,
    272, 272, 272, 274, 274, 271, 271, 273, 274, 272, 274, 273, 272, 273,
    274, 271, 273, 273, 274 ]
headPositionsY: [ 91, 80, 80, 78, 80, 81, 81, 82, 80, 78, 78, 81, 78, 81,
    82, 77, 78, 82, 80, 80, 79, 82, 81, 82, 79, 79, 78, 78, 78, 80, 79,
    80, 79, 78, 81, 82, 80, 80, 85, 85, 88, 87, 89, 88, 93, 95, 93, 96,
    99, 97, 97, 94, 97, 98, 98, 95, 95, 95, 96, 98, 98, 96, 95, 98, 95,
    98, 97, 96, 98, 95, 94, 94, 95, 97, 93, 94, 96, 96, 96, 93, 95, 94,
    95, 93, 96, 97, 97, 97, 93, 93, 93, 94, 93, 92, 94, 93, 96, 92, 95,
    95 ]
