%YAML:1.0
---
videoName: "headLookDown1.mp4"
gestureLabel: 206
fps: 29
pixelSizeInCmTemp: 3.4710144927536229e-01
faceCenterPointX: 271
faceCenterPointY: 97
headPositionsX: [ 272, 268, 269, 270, 272, 269, 271, 269, 268, 268, 270,
    272, 269, 271, 268, 268, 273, 269, 271, 269, 271, 273, 268, 274, 272,
    273, 271, 271, 273, 268, 273, 270, 270, 269, 269, 270, 270, 273, 269,
    270, 270, 273, 270, 270, 270, 269, 272, 272, 272, 272, 270, 272, 272,
    271, 270, 271, 272, 269, 272, 271, 269, 271, 272, 270, 269, 267, 267,
    269, 271, 270, 270, 271, 270, 274, 271, 271, 270, 269, 270, 270, 269,
    273, 271, 271, 270, 269, 270, 273, 272, 269, 272, 270, 270, 274, 271,
    271, 269, 273, 269, 271 ]
headPositionsY: [ 99, 78, 78, 79, 79, 76, 79, 79, 79, 80, 78, 81, 77, 78,
    79, 81, 81, 80, 79, 79, 77, 80, 78, 80, 79, 79, 81, 79, 77, 77, 81,
    80, 80, 78, 79, 80, 82, 77, 80, 79, 78, 82, 81, 84, 85, 84, 84, 89,
    91, 90, 94, 92, 94, 94, 94, 97, 98, 99, 96, 97, 97, 100, 100, 101,
    99, 96, 96, 99, 98, 100, 101, 101, 98, 99, 100, 98, 99, 99, 97, 98,
    98, 95, 97, 97, 98, 98, 98, 97, 96, 100, 96, 98, 98, 96, 97, 97, 95,
    97, 99, 99 ]
