%YAML:1.0
---
videoName: "headLookDown8.mp4"
gestureLabel: 206
fps: 29
pixelSizeInCmTemp: 3.3732394366197183e-01
faceCenterPointX: 276
faceCenterPointY: 96
headPositionsX: [ 276, 272, 276, 275, 275, 274, 273, 274, 273, 278, 275,
    274, 273, 275, 275, 274, 274, 275, 275, 274, 276, 273, 276, 274, 272,
    277, 273, 275, 274, 274, 271, 277, 273, 276, 274, 272, 273, 271, 272,
    275, 274, 273, 276, 275, 275, 274, 278, 274, 276, 276, 276, 277, 275,
    273, 278, 274, 274, 278, 275, 278, 275, 274, 277, 274, 275, 277, 275,
    276, 275, 275, 278, 274, 277, 278, 275, 275, 273, 278, 278, 276, 276,
    276, 274, 278, 276, 274, 274, 274, 277, 275, 275, 276, 277, 275, 274,
    279, 276, 279, 277, 276 ]
headPositionsY: [ 95, 81, 79, 79, 81, 82, 82, 77, 81, 79, 77, 82, 79, 80,
    79, 80, 78, 82, 81, 81, 78, 79, 81, 81, 81, 80, 78, 78, 81, 80, 82,
    80, 80, 84, 82, 83, 83, 86, 84, 88, 87, 91, 88, 88, 93, 90, 92, 93,
    95, 93, 97, 99, 98, 98, 96, 98, 96, 96, 99, 96, 99, 98, 98, 100, 97,
    97, 99, 96, 96, 98, 99, 95, 96, 99, 98, 98, 96, 94, 98, 96, 96, 99,
    98, 95, 96, 98, 97, 94, 99, 99, 97, 96, 95, 97, 94, 94, 96, 99, 95,
    98 ]
