%YAML:1.0
---
videoName: "headLookDown2.mp4"
gestureLabel: 206
fps: 29
pixelSizeInCmTemp: 3.3732394366197183e-01
faceCenterPointX: 274
faceCenterPointY: 95
headPositionsX: [ 275, 276, 276, 275, 276, 274, 275, 276, 274, 275, 273,
    275, 274, 274, 273, 273, 276, 274, 273, 275, 273, 272, 272, 276, 273,
    274, 276, 274, 276, 273, 271, 275, 273, 271, 273, 275, 273, 276, 271,
    275, 276, 275, 276, 275, 273, 276, 274, 273, 274, 275, 272, 272, 274,
    272, 274, 275, 273, 273, 276, 272, 273, 276, 273, 275, 273, 274, 273,
    275, 273, 273, 275, 275, 275, 273, 274, 278, 274, 275, 276, 273, 276,
    276, 273, 273, 277, 274, 273, 275, 274, 274, 273, 277, 275, 273, 274,
    273, 275, 274, 277, 273 ]
headPositionsY: [ 97, 79, 81, 80, 80, 79, 77, 81, 80, 77, 76, 77, 80, 78,
    81, 77, 79, 81, 77, 78, 77, 78, 81, 77, 82, 80, 81, 79, 81, 79, 77,
    79, 81, 79, 79, 82, 84, 84, 86, 87, 86, 91, 91, 91, 92, 93, 95, 92,
    95, 94, 96, 92, 94, 93, 95, 93, 96, 93, 95, 96, 94, 96, 94, 94, 95,
    96, 95, 97, 97, 94, 93, 93, 94, 93, 95, 95, 96, 93, 95, 96, 96, 95,
    95, 97, 93, 97, 96, 94, 96, 95, 97, 94, 96, 95, 95, 95, 97, 96, 97,
    94 ]
