%YAML:1.0
---
videoName: "headLookDown9.mp4"
gestureLabel: 206
fps: 29
pixelSizeInCmTemp: 3.5220588235294115e-01
faceCenterPointX: 274
faceCenterPointY: 97
headPositionsX: [ 272, 274, 275, 271, 274, 273, 274, 271, 272, 273, 272,
    272, 270, 273, 271, 272, 270, 273, 271, 273, 275, 270, 275, 271, 271,
    271, 272, 271, 272, 274, 270, 275, 275, 273, 271, 274, 272, 273, 273,
    273, 274, 272, 273, 275, 274, 270, 272, 270, 272, 274, 274, 270, 272,
    270, 274, 273, 271, 269, 273, 275, 270, 272, 271, 272, 274, 273, 272,
    271, 271, 272, 274, 270, 275, 271, 270, 274, 275, 270, 272, 272, 273,
    270, 273, 271, 272, 274, 275, 271, 274, 273, 272, 274, 272, 272, 271,
    275, 275, 273, 274, 273 ]
headPositionsY: [ 95, 80, 80, 82, 82, 83, 81, 78, 80, 80, 82, 81, 81, 78,
    80, 80, 81, 79, 81, 78, 81, 82, 80, 79, 79, 80, 79, 79, 80, 83, 81,
    80, 81, 83, 83, 87, 84, 84, 87, 86, 88, 88, 90, 93, 94, 93, 94, 94,
    96, 98, 97, 100, 100, 100, 98, 99, 98, 100, 97, 100, 98, 99, 99, 97,
    99, 100, 95, 98, 98, 97, 100, 96, 98, 95, 100, 95, 95, 96, 96, 95,
    96, 98, 98, 98, 99, 96, 95, 96, 97, 98, 99, 96, 97, 98, 95, 96, 94,
    94, 97, 98 ]
