%YAML:1.0
---
videoName: "headLookDown8.mp4"
gestureLabel: 206
fps: 29
pixelSizeInCmTemp: 3.3732394366197183e-01
faceCenterPointX: 276
faceCenterPointY: 96
headPositionsX: [ 274, 274, 276, 273, 272, 274, 277, 272, 276, 277, 273,
    275, 273, 277, 274, 275, 274, 274, 274, 278, 275, 275, 275, 275, 273,
    274, 275, 277, 275, 275, 273, 276, 273, 275, 272, 275, 275, 273, 275,
    276, 272, 277, 275, 273, 273, 275, 277, 274, 274, 277, 278, 277, 276,
    277, 278, 277, 277, 278, 274, 278, 274, 276, 278, 275, 278, 278, 276,
    273, 273, 274, 274, 274, 276, 277, 276, 278, 277, 274, 277, 276, 276,
    276, 274, 278, 275, 278, 274, 274, 277, 276, 276, 277, 279, 275, 276,
    278, 275, 276, 274, 276 ]
headPositionsY: [ 97, 78, 80, 81, 80, 80, 79, 77, 80, 81, 77, 80, 79, 79,
    82, 81, 78, 82, 77, 78, 78, 80, 80, 77, 82, 78, 78, 78, 80, 81, 81,
    79, 80, 83, 82, 84, 84, 86, 84, 86, 85, 89, 90, 89, 90, 91, 93, 95,
    94, 97, 98, 98, 99, 97, 99, 97, 98, 100, 98, 98, 98, 96, 96, 96, 99,
    98, 96, 97, 97, 97, 98, 95, 96, 100, 97, 95, 96, 97, 97, 99, 96, 95,
    95, 96, 97, 96, 97, 98, 98, 97, 95, 94, 95, 98, 96, 97, 97, 96, 94,
    94 ]
