%YAML:1.0
---
videoName: "headLookDown4.mp4"
gestureLabel: 206
fps: 29
pixelSizeInCmTemp: 3.4710144927536229e-01
faceCenterPointX: 275
faceCenterPointY: 97
headPositionsX: [ 274, 275, 272, 271, 275, 271, 274, 274, 275, 271, 275,
    271, 273, 272, 275, 273, 275, 272, 274, 275, 273, 274, 273, 273, 274,
    273, 274, 272, 270, 273, 274, 273, 273, 273, 273, 275, 274, 274, 276,
    272, 272, 272, 273, 272, 276, 273, 273, 275, 276, 272, 274, 272, 274,
    273, 272, 276, 274, 273, 274, 271, 276, 273, 275, 274, 275, 274, 276,
    275, 276, 276, 273, 273, 274, 274, 275, 272, 273, 274, 275, 277, 275,
    275, 276, 273, 277, 273, 277, 275, 276, 273, 272, 275, 276, 272, 273,
    276, 275, 273, 273, 274 ]
headPositionsY: [ 97, 79, 79, 79, 79, 82, 80, 79, 79, 81, 81, 82, 82, 78,
    78, 82, 79, 79, 79, 80, 83, 82, 78, 79, 79, 81, 82, 82, 80, 80, 81,
    79, 83, 82, 84, 84, 82, 82, 84, 86, 89, 86, 88, 90, 90, 91, 92, 96,
    95, 95, 97, 99, 99, 97, 98, 100, 103, 100, 100, 99, 99, 102, 102, 99,
    101, 101, 100, 101, 101, 102, 98, 97, 97, 98, 96, 98, 98, 100, 98,
    97, 98, 97, 96, 99, 97, 99, 99, 95, 95, 99, 95, 97, 99, 99, 95, 98,
    97, 96, 100, 98 ]
