%YAML:1.0
---
videoName: "headLookDown4.mp4"
gestureLabel: 206
fps: 29
pixelSizeInCmTemp: 3.4710144927536229e-01
faceCenterPointX: 275
faceCenterPointY: 97
headPositionsX: [ 277, 275, 273, 272, 275, 271, 274, 273, 272, 273, 273,
    272, 272, 272, 275, 274, 273, 274, 273, 274, 271, 273, 271, 271, 275,
    273, 275, 274, 272, 275, 271, 274, 273, 275, 276, 273, 273, 273, 272,
    273, 272, 274, 272, 276, 275, 276, 276, 271, 272, 272, 274, 273, 275,
    275, 275, 272, 272, 276, 275, 271, 275, 274, 273, 274, 273, 275, 275,
    275, 274, 273, 276, 276, 276, 274, 275, 275, 272, 275, 275, 274, 274,
    275, 274, 273, 274, 274, 274, 276, 276, 273, 275, 275, 275, 273, 273,
    275, 276, 274, 276, 277 ]
headPositionsY: [ 97, 83, 81, 80, 81, 81, 77, 78, 79, 81, 83, 78, 80, 79,
    81, 80, 83, 80, 79, 81, 79, 80, 79, 80, 83, 79, 80, 80, 78, 80, 80,
    82, 80, 82, 82, 85, 85, 83, 83, 86, 86, 86, 90, 91, 89, 93, 91, 94,
    97, 93, 97, 95, 100, 100, 102, 100, 100, 99, 101, 99, 98, 99, 102,
    101, 102, 102, 99, 97, 99, 101, 100, 100, 99, 97, 98, 97, 100, 97,
    97, 98, 95, 97, 97, 95, 96, 97, 96, 99, 95, 97, 99, 96, 99, 98, 99,
    98, 98, 98, 100, 98 ]
