%YAML:1.0
---
videoName: "headLookDown5.mp4"
gestureLabel: 206
fps: 29
pixelSizeInCmTemp: 3.4710144927536229e-01
faceCenterPointX: 272
faceCenterPointY: 102
headPositionsX: [ 272, 271, 269, 274, 270, 273, 270, 270, 271, 270, 270,
    274, 272, 272, 271, 273, 273, 273, 271, 271, 272, 271, 269, 270, 271,
    271, 273, 274, 271, 273, 271, 273, 271, 271, 269, 271, 270, 272, 274,
    272, 269, 274, 273, 271, 270, 271, 270, 273, 274, 272, 274, 270, 272,
    275, 271, 274, 272, 273, 275, 274, 270, 271, 274, 269, 271, 270, 272,
    272, 271, 274, 272, 274, 274, 274, 274, 273, 272, 270, 274, 274, 271,
    272, 268, 270, 275, 274, 274, 270, 271, 272, 270, 273, 274, 272, 269,
    273, 274, 271, 273, 272 ]
headPositionsY: [ 102, 83, 84, 85, 86, 81, 84, 85, 84, 83, 82, 84, 81,
    86, 85, 82, 81, 84, 82, 84, 86, 82, 82, 81, 83, 82, 83, 84, 84, 85,
    85, 83, 84, 82, 84, 84, 83, 83, 86, 81, 85, 82, 85, 84, 84, 85, 84,
    84, 89, 87, 91, 91, 92, 92, 95, 97, 94, 97, 96, 101, 101, 100, 100,
    99, 99, 99, 99, 104, 100, 102, 102, 101, 104, 104, 100, 104, 102,
    100, 103, 103, 101, 103, 101, 101, 102, 102, 101, 104, 100, 103, 104,
    103, 103, 104, 101, 102, 104, 101, 101, 103 ]
