%YAML:1.0
---
videoName: "headLookDown7.mp4"
gestureLabel: 206
fps: 30
pixelSizeInCmTemp: 3.3732394366197183e-01
faceCenterPointX: 274
faceCenterPointY: 95
headPositionsX: [ 276, 274, 272, 274, 272, 271, 275, 275, 275, 273, 271,
    273, 276, 274, 276, 275, 272, 274, 273, 271, 274, 272, 274, 276, 274,
    274, 275, 276, 272, 276, 272, 271, 273, 275, 275, 271, 272, 272, 271,
    274, 276, 272, 272, 274, 273, 274, 275, 272, 274, 273, 275, 275, 273,
    272, 272, 272, 275, 273, 274, 274, 275, 276, 272, 272, 275, 272, 273,
    273, 273, 273, 273, 275, 272, 274, 272, 271, 273, 273, 276, 275, 277,
    276, 273, 273, 275, 276, 275, 276, 276, 276, 272, 273, 275, 276, 276,
    273, 274, 273, 276, 277 ]
headPositionsY: [ 93, 81, 81, 81, 81, 80, 81, 80, 81, 84, 81, 85, 81, 84,
    81, 81, 82, 80, 83, 81, 82, 81, 82, 83, 83, 84, 81, 82, 81, 81, 81,
    84, 80, 82, 84, 81, 84, 81, 84, 82, 84, 85, 85, 85, 83, 82, 81, 86,
    83, 87, 83, 84, 86, 88, 89, 89, 90, 93, 91, 91, 92, 92, 96, 97, 94,
    95, 96, 97, 94, 96, 95, 93, 95, 97, 95, 93, 95, 95, 94, 94, 97, 97,
    97, 95, 94, 94, 98, 94, 95, 95, 95, 96, 97, 98, 98, 95, 96, 94, 93,
    97 ]
