%YAML:1.0
---
videoName: "headLookDown0.mp4"
gestureLabel: 206
fps: 29
pixelSizeInCmTemp: 3.3263888888888887e-01
faceCenterPointX: 273
faceCenterPointY: 93
headPositionsX: [ 274, 271, 272, 271, 271, 273, 270, 270, 272, 270, 270,
    274, 274, 271, 271, 271, 273, 271, 270, 274, 274, 271, 270, 270, 274,
    273, 269, 272, 271, 271, 274, 269, 273, 272, 270, 271, 272, 271, 269,
    270, 270, 272, 273, 272, 270, 270, 274, 270, 273, 273, 272, 271, 270,
    270, 274, 272, 272, 273, 271, 273, 272, 270, 274, 271, 271, 270, 270,
    271, 272, 272, 271, 271, 274, 271, 272, 272, 270, 273, 272, 273, 272,
    274, 273, 272, 270, 273, 273, 271, 273, 270, 274, 270, 274, 270, 273,
    275, 270, 272, 272, 272 ]
headPositionsY: [ 91, 79, 79, 80, 81, 78, 78, 79, 79, 78, 81, 79, 80, 80,
    82, 79, 79, 81, 80, 81, 81, 78, 80, 82, 81, 81, 80, 81, 81, 80, 80,
    79, 82, 78, 82, 81, 82, 81, 85, 86, 84, 88, 90, 91, 90, 96, 93, 96,
    96, 98, 99, 96, 97, 96, 95, 99, 97, 99, 98, 94, 98, 97, 97, 96, 93,
    95, 98, 97, 96, 96, 96, 95, 95, 94, 95, 97, 94, 93, 94, 97, 96, 93,
    96, 94, 92, 96, 93, 94, 95, 92, 94, 92, 93, 92, 94, 95, 93, 95, 93,
    93 ]
