%YAML:1.0
---
videoName: "headLookDown7.mp4"
gestureLabel: 206
fps: 30
pixelSizeInCmTemp: 3.3732394366197183e-01
faceCenterPointX: 274
faceCenterPointY: 95
headPositionsX: [ 275, 273, 271, 275, 275, 273, 274, 274, 271, 274, 272,
    274, 274, 271, 275, 272, 271, 272, 271, 274, 273, 272, 272, 274, 274,
    276, 272, 274, 274, 275, 273, 274, 272, 271, 275, 273, 272, 274, 271,
    272, 275, 273, 272, 271, 274, 274, 273, 273, 275, 275, 272, 276, 273,
    272, 273, 274, 275, 276, 276, 276, 277, 276, 272, 275, 275, 276, 274,
    276, 274, 273, 273, 272, 276, 273, 272, 275, 276, 275, 274, 276, 275,
    275, 277, 276, 276, 273, 277, 275, 275, 275, 276, 274, 275, 274, 276,
    273, 275, 275, 274, 273 ]
headPositionsY: [ 95, 84, 83, 84, 84, 81, 84, 84, 84, 83, 82, 81, 83, 81,
    80, 81, 81, 84, 82, 83, 84, 85, 83, 81, 82, 84, 81, 81, 83, 85, 84,
    81, 83, 85, 83, 82, 81, 82, 82, 81, 84, 81, 84, 81, 84, 86, 85, 84,
    82, 86, 84, 87, 84, 87, 88, 90, 92, 93, 93, 92, 95, 93, 96, 95, 94,
    92, 95, 94, 94, 93, 95, 97, 97, 96, 93, 95, 97, 94, 95, 98, 94, 97,
    95, 94, 96, 94, 96, 96, 94, 96, 97, 98, 99, 97, 98, 98, 96, 96, 94,
    95 ]
