%YAML:1.0
---
videoName: "headLookDown8.mp4"
gestureLabel: 206
fps: 29
pixelSizeInCmTemp: 3.3732394366197183e-01
faceCenterPointX: 276
faceCenterPointY: 96
headPositionsX: [ 278, 272, 276, 276, 272, 273, 274, 275, 276, 278, 272,
    274, 273, 277, 273, 274, 276, 276, 274, 275, 273, 275, 278, 272, 272,
    275, 277, 274, 276, 273, 272, 277, 274, 276, 272, 273, 273, 271, 273,
    273, 275, 277, 277, 272, 277, 273, 277, 277, 274, 276, 277, 276, 276,
    277, 275, 276, 275, 274, 278, 275, 274, 275, 278, 273, 276, 277, 278,
    273, 277, 275, 275, 278, 273, 274, 274, 275, 277, 278, 275, 277, 277,
    277, 276, 274, 278, 274, 277, 276, 278, 277, 275, 277, 277, 275, 278,
    275, 278, 275, 278, 276 ]
headPositionsY: [ 98, 77, 77, 79, 80, 82, 80, 80, 81, 78, 80, 81, 79, 78,
    82, 78, 77, 79, 77, 81, 81, 78, 81, 81, 81, 78, 80, 82, 78, 78, 78,
    78, 79, 81, 82, 85, 82, 86, 85, 89, 89, 91, 88, 92, 93, 94, 94, 94,
    95, 95, 96, 97, 100, 95, 97, 97, 98, 99, 99, 97, 96, 98, 99, 97, 99,
    96, 100, 97, 97, 98, 99, 96, 98, 100, 96, 98, 95, 97, 98, 99, 97, 96,
    99, 96, 98, 99, 94, 96, 95, 97, 94, 97, 96, 95, 95, 97, 95, 96, 97,
    95 ]
