%YAML:1.0
---
videoName: "headLookDown4.mp4"
gestureLabel: 206
fps: 29
pixelSizeInCmTemp: 3.4710144927536229e-01
faceCenterPointX: 275
faceCenterPointY: 97
headPositionsX: [ 277, 273, 271, 275, 273, 271, 272, 273, 273, 274, 276,
    272, 273, 273, 274, 275, 273, 274, 272, 275, 271, 275, 271, 272, 274,
    275, 275, 273, 270, 275, 273, 274, 272, 274, 275, 274, 274, 271, 272,
    274, 275, 273, 274, 274, 273, 276, 273, 273, 275, 272, 272, 272, 274,
    272, 274, 273, 272, 276, 276, 272, 275, 275, 275, 275, 274, 272, 273,
    273, 276, 276, 272, 276, 273, 274, 273, 273, 275, 274, 276, 277, 276,
    275, 277, 275, 277, 276, 276, 277, 276, 275, 273, 274, 272, 276, 273,
    276, 273, 272, 274, 277 ]
headPositionsY: [ 97, 81, 80, 81, 82, 82, 81, 80, 79, 83, 79, 81, 81, 82,
    80, 83, 79, 82, 81, 80, 79, 83, 79, 81, 81, 81, 80, 82, 80, 82, 79,
    79, 81, 81, 86, 83, 85, 84, 83, 89, 87, 87, 90, 90, 90, 91, 94, 96,
    95, 96, 94, 99, 96, 96, 102, 102, 99, 99, 100, 98, 102, 101, 100,
    102, 102, 100, 98, 97, 98, 101, 97, 98, 98, 98, 96, 99, 98, 98, 100,
    97, 95, 97, 99, 96, 99, 98, 96, 95, 95, 99, 96, 96, 99, 95, 98, 97,
    98, 97, 96, 96 ]
