%YAML:1.0
---
videoName: "headLookDown2.mp4"
gestureLabel: 206
fps: 29
pixelSizeInCmTemp: 3.3732394366197183e-01
faceCenterPointX: 274
faceCenterPointY: 95
headPositionsX: [ 275, 276, 272, 274, 274, 276, 271, 276, 273, 273, 272,
    276, 273, 276, 272, 275, 276, 272, 274, 273, 275, 274, 274, 272, 274,
    273, 276, 274, 274, 271, 275, 273, 274, 271, 275, 276, 274, 276, 273,
    272, 276, 275, 276, 276, 275, 272, 272, 272, 274, 271, 271, 274, 275,
    274, 273, 274, 274, 274, 276, 274, 274, 272, 276, 275, 276, 276, 274,
    274, 275, 277, 274, 274, 274, 276, 277, 274, 275, 273, 273, 276, 273,
    278, 274, 273, 276, 275, 276, 273, 277, 277, 273, 276, 272, 276, 272,
    272, 274, 273, 277, 275 ]
headPositionsY: [ 95, 80, 78, 79, 81, 78, 76, 78, 77, 81, 77, 78, 81, 78,
    79, 80, 80, 79, 77, 80, 81, 80, 78, 78, 78, 80, 82, 77, 78, 78, 77,
    78, 79, 78, 81, 84, 80, 86, 82, 86, 86, 91, 88, 91, 93, 95, 95, 95,
    92, 92, 92, 96, 92, 94, 94, 95, 94, 95, 96, 93, 97, 94, 94, 94, 93,
    94, 95, 95, 93, 94, 93, 93, 96, 95, 96, 93, 95, 93, 96, 95, 93, 95,
    95, 93, 96, 95, 95, 96, 98, 97, 97, 98, 96, 96, 95, 93, 94, 94, 97,
    96 ]
