%YAML:1.0
---
videoName: "headLookDown7.mp4"
gestureLabel: 206
fps: 30
pixelSizeInCmTemp: 3.3732394366197183e-01
faceCenterPointX: 274
faceCenterPointY: 95
headPositionsX: [ 274, 272, 273, 273, 271, 271, 271, 272, 273, 275, 273,
    273, 275, 274, 274, 273, 272, 274, 274, 272, 274, 272, 273, 273, 273,
    275, 272, 276, 272, 274, 273, 273, 273, 271, 271, 273, 273, 271, 271,
    272, 276, 271, 275, 274, 274, 274, 272, 276, 274, 276, 273, 275, 276,
    274, 272, 276, 274, 274, 275, 276, 274, 276, 275, 272, 274, 273, 274,
    273, 276, 273, 272, 275, 273, 274, 272, 272, 272, 274, 276, 273, 276,
    273, 275, 275, 276, 276, 277, 273, 274, 274, 276, 273, 277, 275, 273,
    276, 273, 274, 273, 275 ]
headPositionsY: [ 93, 83, 85, 84, 81, 84, 84, 82, 81, 82, 80, 84, 81, 81,
    81, 80, 81, 81, 84, 81, 81, 84, 81, 83, 82, 81, 82, 85, 83, 82, 85,
    84, 80, 83, 81, 83, 82, 83, 84, 84, 84, 83, 82, 85, 85, 84, 81, 85,
    85, 85, 87, 85, 85, 89, 90, 87, 91, 93, 94, 94, 92, 96, 95, 93, 92,
    94, 95, 94, 94, 95, 97, 93, 97, 97, 94, 94, 94, 93, 96, 95, 95, 94,
    95, 97, 96, 94, 96, 95, 98, 98, 97, 98, 99, 98, 98, 99, 94, 94, 97,
    98 ]
