%YAML:1.0
---
videoName: "headLookDown1.mp4"
gestureLabel: 206
fps: 29
pixelSizeInCmTemp: 3.4710144927536229e-01
faceCenterPointX: 271
faceCenterPointY: 97
headPositionsX: [ 271, 268, 269, 271, 271, 272, 269, 269, 271, 270, 271,
    270, 268, 268, 272, 269, 272, 269, 269, 271, 273, 269, 270, 272, 274,
    273, 273, 270, 272, 272, 271, 269, 270, 272, 273, 274, 274, 269, 271,
    273, 272, 270, 273, 268, 268, 272, 269, 273, 270, 273, 271, 268, 271,
    271, 273, 268, 272, 272, 270, 269, 269, 268, 273, 271, 270, 271, 268,
    270, 268, 268, 271, 268, 273, 270, 273, 273, 274, 270, 271, 272, 269,
    270, 273, 270, 270, 272, 271, 270, 271, 269, 271, 270, 272, 272, 274,
    270, 272, 272, 272, 272 ]
headPositionsY: [ 97, 80, 77, 79, 80, 79, 78, 81, 81, 81, 77, 81, 81, 77,
    79, 77, 77, 77, 78, 78, 78, 77, 81, 80, 81, 77, 77, 78, 80, 81, 79,
    81, 78, 80, 82, 79, 82, 80, 78, 80, 78, 82, 80, 82, 84, 87, 85, 87,
    91, 90, 94, 94, 95, 94, 97, 99, 95, 96, 100, 97, 100, 101, 97, 99,
    100, 96, 99, 100, 99, 98, 100, 98, 97, 101, 100, 98, 99, 97, 95, 98,
    97, 96, 99, 99, 96, 100, 98, 97, 97, 99, 99, 95, 97, 95, 95, 97, 99,
    96, 96, 97 ]
