%YAML:1.0
---
videoName: "headLookDown4.mp4"
gestureLabel: 206
fps: 29
pixelSizeInCmTemp: 3.4710144927536229e-01
faceCenterPointX: 275
faceCenterPointY: 97
headPositionsX: [ 276, 272, 272, 271, 272, 275, 270, 273, 275, 275, 275,
    273, 274, 270, 275, 274, 273, 273, 275, 273, 272, 274, 273, 271, 273,
    271, 274, 272, 273, 274, 274, 275, 273, 271, 273, 274, 272, 273, 275,
    274, 274, 275, 274, 274, 276, 272, 272, 274, 274, 273, 276, 275, 272,
    272, 273, 274, 274, 272, 272, 273, 273, 271, 275, 274, 275, 273, 273,
    271, 275, 274, 273, 273, 272, 275, 275, 273, 272, 275, 274, 275, 276,
    273, 274, 272, 273, 275, 274, 275, 275, 274, 275, 275, 276, 272, 273,
    274, 275, 272, 273, 274 ]
headPositionsY: [ 98, 83, 79, 82, 82, 82, 78, 80, 78, 81, 83, 78, 81, 81,
    81, 79, 80, 80, 78, 79, 80, 81, 80, 78, 81, 82, 80, 82, 79, 79, 82,
    80, 83, 85, 86, 84, 83, 86, 86, 89, 88, 89, 88, 92, 89, 91, 95, 94,
    93, 96, 98, 96, 97, 99, 101, 99, 101, 103, 99, 98, 99, 101, 102, 102,
    100, 98, 102, 97, 101, 98, 97, 97, 101, 99, 99, 99, 98, 100, 100, 97,
    99, 99, 95, 99, 98, 97, 95, 96, 97, 96, 96, 95, 96, 96, 95, 95, 96,
    96, 97, 97 ]
