%YAML:1.0
---
videoName: "headLookDown7.mp4"
gestureLabel: 206
fps: 30
pixelSizeInCmTemp: 3.3732394366197183e-01
faceCenterPointX: 274
faceCenterPointY: 95
headPositionsX: [ 275, 272, 273, 275, 272, 274, 274, 271, 273, 272, 272,
    273, 275, 275, 274, 275, 273, 274, 272, 275, 274, 272, 272, 273, 272,
    276, 276, 274, 276, 276, 272, 273, 273, 275, 275, 271, 271, 275, 274,
    272, 274, 275, 275, 271, 271, 275, 275, 273, 272, 273, 276, 274, 276,
    272, 273, 276, 275, 275, 273, 277, 273, 272, 273, 273, 276, 274, 272,
    275, 273, 276, 273, 273, 275, 275, 272, 272, 272, 276, 273, 273, 276,
    277, 275, 273, 276, 272, 276, 275, 275, 275, 272, 277, 274, 276, 274,
    275, 277, 276, 274, 276 ]
headPositionsY: [ 94, 85, 85, 84, 82, 84, 80, 83, 84, 81, 81, 84, 85, 84,
    81, 81, 85, 82, 83, 82, 83, 82, 80, 80, 82, 85, 85, 84, 85, 84, 85,
    83, 82, 81, 81, 82, 81, 83, 82, 82, 83, 85, 85, 83, 85, 84, 83, 86,
    82, 86, 83, 85, 87, 90, 88, 87, 92, 90, 91, 95, 95, 93, 92, 93, 95,
    95, 93, 96, 94, 94, 93, 96, 95, 95, 95, 97, 98, 96, 96, 97, 94, 93,
    94, 94, 94, 97, 98, 97, 95, 96, 94, 98, 95, 98, 94, 96, 96, 95, 95,
    95 ]
