%YAML:1.0
---
videoName: "headLookDown3.mp4"
gestureLabel: 206
fps: 29
pixelSizeInCmTemp: 3.5746268656716418e-01
faceCenterPointX: 273
faceCenterPointY: 98
headPositionsX: [ 275, 274, 273, 274, 272, 270, 274, 274, 273, 273, 272,
    272, 274, 270, 272, 270, 274, 272, 275, 274, 271, 272, 273, 274, 274,
    270, 272, 274, 273, 273, 273, 275, 273, 274, 272, 274, 271, 269, 270,
    272, 271, 270, 269, 271, 270, 275, 271, 274, 272, 273, 271, 273, 271,
    270, 271, 271, 274, 271, 271, 273, 273, 272, 272, 271, 270, 269, 273,
    268, 269, 270, 273, 272, 269, 269, 271, 270, 270, 274, 273, 274, 273,
    273, 273, 270, 272, 271, 272, 273, 272, 272, 273, 275, 271, 271, 276,
    276, 273, 273, 272, 273 ]
headPositionsY: [ 100, 78, 79, 80, 79, 76, 80, 79, 78, 77, 77, 78, 76,
    79, 78, 76, 76, 77, 81, 77, 80, 78, 78, 78, 78, 76, 80, 77, 80, 77,
    80, 81, 80, 80, 78, 79, 80, 78, 82, 83, 82, 81, 83, 86, 88, 85, 86,
    89, 88, 92, 92, 93, 94, 92, 92, 94, 96, 96, 98, 99, 101, 98, 98, 97,
    99, 101, 98, 100, 101, 100, 103, 100, 100, 102, 104, 101, 101, 102,
    100, 102, 102, 100, 101, 100, 100, 103, 99, 101, 99, 101, 99, 102,
    102, 100, 104, 98, 100, 98, 102, 101 ]
