%YAML:1.0
---
videoName: "headLookDown9.mp4"
gestureLabel: 206
fps: 29
pixelSizeInCmTemp: 3.5220588235294115e-01
faceCenterPointX: 274
faceCenterPointY: 97
headPositionsX: [ 275, 271, 275, 273, 272, 273, 274, 270, 274, 274, 274,
    273, 273, 271, 274, 274, 271, 275, 271, 271, 271, 271, 274, 275, 270,
    272, 272, 270, 272, 270, 272, 274, 273, 272, 272, 272, 270, 272, 271,
    274, 274, 272, 271, 275, 274, 270, 275, 272, 275, 273, 270, 272, 275,
    270, 273, 270, 273, 272, 271, 272, 270, 274, 270, 273, 272, 273, 272,
    273, 269, 272, 274, 272, 275, 274, 273, 275, 274, 270, 272, 271, 271,
    274, 273, 274, 271, 271, 272, 271, 272, 271, 272, 272, 271, 275, 274,
    274, 273, 270, 273, 273 ]
headPositionsY: [ 99, 81, 81, 78, 82, 83, 81, 80, 82, 82, 82, 80, 81, 79,
    79, 82, 82, 79, 81, 77, 82, 80, 77, 80, 78, 80, 79, 83, 81, 83, 83,
    80, 83, 81, 85, 84, 85, 83, 87, 87, 88, 89, 93, 93, 91, 94, 95, 94,
    95, 96, 98, 98, 98, 100, 98, 97, 102, 100, 99, 100, 100, 100, 97, 97,
    100, 99, 99, 96, 96, 98, 100, 96, 98, 99, 100, 98, 99, 97, 95, 97,
    98, 97, 96, 98, 98, 95, 98, 98, 97, 97, 95, 99, 98, 99, 99, 97, 98,
    95, 96, 95 ]
