%YAML:1.0
---
videoName: "headLookDown8.mp4"
gestureLabel: 206
fps: 29
pixelSizeInCmTemp: 3.3732394366197183e-01
faceCenterPointX: 276
faceCenterPointY: 96
headPositionsX: [ 276, 275, 274, 274, 276, 273, 277, 273, 275, 277, 275,
    274, 277, 276, 277, 273, 276, 275, 273, 274, 275, 274, 277, 274, 276,
    277, 276, 274, 273, 274, 275, 274, 272, 273, 276, 275, 275, 275, 276,
    275, 273, 275, 277, 274, 274, 275, 276, 276, 277, 274, 277, 274, 274,
    273, 274, 276, 278, 276, 275, 278, 274, 275, 276, 276, 274, 278, 274,
    276, 277, 278, 278, 277, 274, 274, 273, 278, 274, 277, 278, 274, 275,
    275, 278, 274, 277, 276, 274, 276, 274, 275, 278, 274, 278, 274, 274,
    277, 278, 278, 277, 275 ]
headPositionsY: [ 95, 77, 80, 81, 81, 78, 82, 78, 82, 81, 79, 81, 77, 78,
    79, 80, 79, 81, 81, 82, 77, 80, 78, 81, 82, 82, 78, 79, 80, 78, 82,
    82, 81, 83, 81, 86, 83, 85, 84, 88, 88, 87, 89, 88, 93, 91, 91, 94,
    95, 93, 96, 98, 99, 97, 97, 99, 97, 97, 97, 97, 96, 100, 97, 98, 100,
    98, 99, 97, 96, 96, 99, 98, 95, 99, 94, 97, 96, 95, 99, 95, 97, 95,
    96, 98, 94, 98, 95, 96, 98, 95, 94, 97, 96, 95, 94, 95, 96, 97, 95,
    96 ]
