%YAML:1.0
---
videoName: "headLookDown8.mp4"
gestureLabel: 206
fps: 29
pixelSizeInCmTemp: 3.3732394366197183e-01
faceCenterPointX: 276
faceCenterPointY: 96
headPositionsX: [ 276, 274, 274, 272, 274, 274, 273, 274, 274, 276, 275,
    274, 277, 275, 276, 274, 275, 277, 273, 278, 274, 273, 275, 273, 272,
    276, 273, 274, 275, 274, 274, 274, 275, 275, 272, 275, 275, 274, 276,
    275, 273, 277, 273, 275, 277, 274, 275, 277, 275, 275, 277, 278, 278,
    277, 277, 278, 277, 276, 277, 278, 274, 277, 275, 274, 275, 277, 277,
    275, 274, 276, 275, 278, 276, 277, 276, 276, 273, 277, 277, 276, 277,
    278, 274, 277, 276, 276, 277, 274, 274, 278, 275, 276, 278, 275, 277,
    277, 275, 275, 278, 278 ]
headPositionsY: [ 95, 77, 78, 80, 80, 79, 78, 79, 80, 78, 80, 79, 78, 81,
    79, 79, 81, 82, 81, 78, 80, 81, 78, 77, 80, 78, 82, 81, 80, 82, 79,
    82, 79, 83, 85, 86, 84, 85, 87, 87, 85, 89, 91, 91, 91, 91, 91, 91,
    94, 96, 98, 98, 98, 98, 100, 96, 99, 99, 97, 97, 95, 99, 97, 99, 97,
    98, 97, 98, 99, 100, 99, 98, 98, 100, 96, 97, 96, 98, 96, 97, 97, 98,
    95, 95, 95, 97, 96, 96, 95, 99, 97, 97, 99, 99, 97, 96, 98, 99, 97,
    98 ]
