%YAML:1.0
---
videoName: "headLookDown1.mp4"
gestureLabel: 206
fps: 29
pixelSizeInCmTemp: 3.4710144927536229e-01
faceCenterPointX: 271
faceCenterPointY: 97
headPositionsX: [ 271, 268, 270, 271, 270, 271, 268, 270, 268, 271, 270,
    269, 269, 270, 272, 269, 272, 271, 273, 271, 271, 272, 272, 273, 270,
    269, 272, 269, 272, 270, 270, 271, 269, 271, 269, 273, 270, 273, 270,
    271, 268, 273, 269, 272, 268, 269, 271, 270, 273, 270, 269, 270, 271,
    273, 273, 272, 273, 270, 271, 272, 272, 271, 273, 270, 269, 271, 271,
    271, 268, 270, 273, 269, 269, 271, 271, 271, 274, 269, 271, 270, 270,
    273, 272, 270, 271, 271, 272, 273, 273, 270, 272, 272, 273, 270, 272,
    273, 272, 273, 270, 271 ]
headPositionsY: [ 99, 78, 78, 77, 78, 78, 81, 80, 79, 77, 80, 81, 78, 81,
    80, 79, 77, 77, 81, 80, 77, 80, 80, 77, 81, 80, 80, 79, 81, 79, 79,
    82, 81, 77, 81, 80, 80, 77, 81, 77, 82, 81, 80, 83, 83, 84, 85, 87,
    90, 91, 92, 96, 94, 95, 95, 96, 95, 100, 98, 99, 98, 98, 97, 99, 97,
    96, 99, 98, 100, 97, 98, 98, 100, 101, 100, 98, 96, 96, 95, 97, 98,
    95, 99, 99, 100, 97, 97, 99, 99, 99, 97, 97, 99, 95, 99, 96, 98, 95,
    99, 99 ]
