%YAML:1.0
---
videoName: "headLookDown6.mp4"
gestureLabel: 206
fps: 29
pixelSizeInCmTemp: 3.4710144927536229e-01
faceCenterPointX: 276
faceCenterPointY: 98
headPositionsX: [ 277, 274, 276, 273, 273, 274, 273, 272, 276, 275, 274,
    275, 275, 273, 275, 273, 274, 273, 277, 277, 274, 275, 276, 275, 277,
    273, 274, 275, 273, 274, 274, 278, 277, 277, 274, 273, 275, 273, 277,
    273, 274, 278, 275, 274, 276, 273, 278, 275, 275, 276, 274, 274, 277,
    276, 275, 274, 273, 276, 275, 273, 274, 274, 276, 272, 273, 277, 274,
    272, 275, 273, 274, 276, 276, 276, 276, 274, 277, 277, 272, 277, 274,
    274, 277, 275, 276, 274, 277, 276, 274, 275, 275, 274, 277, 274, 277,
    276, 278, 273, 278, 276 ]
headPositionsY: [ 100, 79, 79, 79, 80, 82, 79, 79, 83, 83, 80, 82, 79,
    79, 81, 80, 79, 82, 82, 80, 83, 82, 81, 81, 81, 83, 81, 81, 83, 84,
    83, 84, 82, 82, 83, 81, 81, 83, 84, 83, 85, 85, 87, 87, 88, 90, 88,
    93, 90, 94, 93, 95, 96, 96, 98, 96, 97, 95, 96, 97, 94, 97, 97, 100,
    97, 97, 98, 98, 97, 101, 96, 96, 101, 98, 101, 100, 98, 99, 97, 97,
    102, 100, 98, 101, 99, 98, 100, 98, 98, 101, 100, 96, 99, 98, 98, 98,
    96, 98, 97, 99 ]
