%YAML:1.0
---
videoName: "StaticHandsUp04.mp4"
gestureLabel: 3
fps: 29
pixelSizeInCmTemp: 3.4214285714285714e-01
faceCenterPointX: 286
faceCenterPointY: 105
LHandPositionsX: [ 447, 443, 446, 445, 444, 444, 447, 444, 447, 447, 446,
    445, 446, 443, 444, 444, 446, 446, 446, 444, 445, 444, 445, 446, 446,
    443, 445, 445, 446, 443, 445, 444, 445, 447, 446, 443, 444, 446, 446,
    445, 443, 443, 443, 445, 444, 446, 443, 446, 445, 446, 447, 446, 446,
    445, 446, 443, 445, 446, 444, 444, 447, 446, 444, 447, 445, 446, 443,
    445, 447, 445, 445, 446, 445, 444, 444, 443, 445, 447, 446, 446, 445,
    446, 447, 446, 444, 447, 446, 443 ]
LHandPositionsY: [ 64, 66, 66, 67, 67, 64, 67, 64, 63, 67, 67, 64, 63,
    65, 64, 63, 66, 66, 66, 66, 67, 64, 63, 67, 66, 65, 63, 66, 67, 63,
    63, 67, 63, 66, 66, 65, 65, 64, 64, 65, 63, 66, 63, 65, 67, 67, 64,
    65, 67, 65, 64, 65, 64, 65, 65, 67, 66, 65, 66, 66, 64, 67, 64, 65,
    67, 66, 64, 64, 65, 64, 66, 67, 66, 67, 65, 63, 66, 65, 63, 66, 63,
    66, 67, 66, 65, 66, 64, 67 ]
RHandPositionsX: [ 94, 93, 90, 91, 91, 91, 92, 94, 94, 92, 94, 94, 90,
    92, 90, 93, 93, 90, 92, 91, 91, 94, 93, 91, 92, 91, 90, 94, 92, 93,
    92, 91, 91, 92, 91, 93, 90, 94, 91, 93, 92, 93, 91, 90, 91, 92, 94,
    94, 94, 90, 93, 94, 91, 90, 92, 94, 90, 92, 92, 91, 91, 92, 94, 92,
    93, 92, 91, 91, 94, 90, 92, 91, 91, 92, 92, 93, 92, 93, 92, 91, 91,
    94, 94, 92, 90, 92, 91, 92 ]
RHandPositionsY: [ 47, 46, 47, 44, 45, 46, 46, 43, 47, 46, 43, 44, 46,
    44, 43, 43, 43, 43, 45, 46, 46, 43, 43, 44, 46, 44, 44, 43, 45, 43,
    47, 45, 44, 45, 44, 45, 45, 45, 46, 46, 47, 44, 47, 43, 45, 46, 45,
    44, 46, 47, 47, 44, 46, 44, 43, 44, 47, 45, 47, 45, 45, 47, 46, 48,
    47, 47, 46, 47, 44, 46, 48, 47, 46, 46, 47, 48, 48, 45, 49, 47, 47,
    45, 47, 49, 48, 48, 48, 46 ]
