%YAML:1.0
---
videoName: "StaticHandsUp02.mp4"
gestureLabel: 3
fps: 29
pixelSizeInCmTemp: 3.5746268656716418e-01
faceCenterPointX: 284
faceCenterPointY: 111
LHandPositionsX: [ 387, 389, 387, 389, 385, 385, 386, 389, 388, 387, 385,
    386, 388, 388, 388, 387, 386, 386, 386, 387, 387, 388, 387, 386, 387,
    389, 386, 387, 386, 388, 387, 386, 385, 388, 389, 387, 389, 385, 386,
    388, 387, 388, 385, 389, 389, 385, 388, 388, 389, 385, 386, 387, 389,
    387, 389, 386, 385, 385, 386, 387, 388, 385, 388, 388, 386, 385, 386,
    386, 386, 386, 388, 385, 385, 388, 387, 388, 388, 386, 385, 385, 389,
    385, 389, 386, 388, 386, 388, 387 ]
LHandPositionsY: [ 48, 47, 46, 48, 45, 46, 49, 46, 48, 46, 47, 48, 45,
    47, 48, 45, 49, 48, 47, 47, 45, 46, 49, 46, 47, 47, 46, 47, 45, 47,
    48, 46, 47, 47, 49, 48, 48, 45, 45, 47, 47, 47, 48, 46, 47, 49, 48,
    46, 46, 47, 47, 47, 45, 48, 47, 48, 45, 45, 47, 47, 47, 46, 47, 49,
    49, 47, 48, 47, 49, 46, 49, 46, 47, 45, 48, 44, 47, 44, 46, 46, 48,
    46, 46, 45, 46, 46, 48, 46 ]
RHandPositionsX: [ 171, 171, 175, 175, 171, 172, 175, 173, 174, 174, 171,
    174, 172, 171, 171, 174, 175, 173, 173, 171, 171, 174, 174, 171, 175,
    172, 175, 171, 171, 175, 174, 172, 173, 172, 175, 175, 172, 174, 172,
    174, 174, 174, 171, 171, 171, 174, 173, 175, 175, 173, 175, 172, 173,
    174, 174, 172, 175, 175, 172, 171, 171, 171, 172, 173, 173, 171, 171,
    175, 173, 171, 175, 172, 174, 172, 174, 175, 173, 171, 172, 174, 174,
    172, 171, 174, 174, 172, 172, 175 ]
RHandPositionsY: [ 41, 40, 42, 43, 44, 44, 42, 42, 41, 43, 40, 43, 43,
    44, 40, 40, 43, 42, 44, 40, 41, 44, 43, 44, 44, 44, 43, 41, 41, 40,
    41, 40, 41, 44, 41, 44, 42, 44, 41, 44, 44, 42, 41, 42, 40, 39, 40,
    42, 39, 39, 40, 41, 43, 43, 42, 42, 39, 43, 41, 39, 43, 40, 39, 42,
    41, 41, 39, 43, 41, 43, 41, 43, 39, 41, 40, 42, 40, 43, 39, 40, 39,
    42, 42, 41, 42, 39, 43, 42 ]
