%YAML:1.0
---
videoName: "StaticHandsUp03.mp4"
gestureLabel: 3
fps: 29
pixelSizeInCmTemp: 3.3732394366197183e-01
faceCenterPointX: 279
faceCenterPointY: 106
LHandPositionsX: [ 317, 318, 318, 320, 317, 319, 319, 317, 320, 318, 316,
    320, 316, 319, 320, 317, 319, 317, 316, 320, 318, 320, 319, 319, 318,
    316, 317, 319, 319, 316, 319, 317, 317, 320, 316, 316, 319, 317, 320,
    317, 318, 316, 319, 320, 319, 320, 318, 316, 319, 319, 318, 317, 318,
    319, 317, 319, 318, 319, 315, 319, 319, 315, 315, 318, 317, 317, 319,
    318, 315, 316, 318, 316, 315, 315, 317, 317, 315, 316, 318, 315, 319,
    315, 319, 315, 319, 315, 317, 317 ]
LHandPositionsY: [ 55, 57, 57, 56, 54, 57, 57, 56, 56, 54, 57, 57, 55,
    53, 54, 56, 57, 57, 57, 56, 55, 57, 53, 56, 55, 54, 57, 55, 56, 57,
    55, 55, 54, 57, 57, 54, 56, 54, 53, 52, 51, 54, 52, 54, 53, 53, 52,
    52, 51, 51, 51, 49, 48, 49, 49, 51, 50, 48, 48, 49, 49, 47, 45, 47,
    46, 46, 49, 46, 46, 45, 44, 45, 47, 47, 46, 46, 43, 46, 43, 46, 46,
    46, 46, 46, 43, 46, 45, 45 ]
RHandPositionsX: [ 201, 200, 201, 204, 202, 201, 202, 202, 202, 201, 201,
    204, 202, 204, 202, 201, 204, 202, 200, 201, 203, 203, 203, 202, 200,
    204, 200, 200, 201, 204, 202, 204, 203, 200, 200, 200, 200, 203, 204,
    200, 200, 200, 200, 200, 200, 201, 200, 203, 203, 204, 204, 199, 200,
    200, 200, 203, 201, 200, 200, 203, 202, 199, 199, 203, 201, 203, 200,
    201, 199, 202, 202, 202, 200, 199, 203, 202, 203, 202, 200, 199, 201,
    203, 201, 202, 203, 199, 200, 203 ]
RHandPositionsY: [ 38, 37, 38, 37, 36, 37, 39, 40, 38, 39, 39, 40, 40,
    37, 36, 36, 36, 36, 39, 38, 38, 36, 38, 37, 37, 39, 39, 37, 38, 38,
    36, 38, 38, 37, 40, 38, 37, 39, 39, 38, 39, 39, 36, 38, 33, 36, 38,
    36, 34, 37, 35, 38, 34, 34, 36, 34, 38, 38, 34, 37, 34, 37, 38, 34,
    38, 38, 36, 36, 37, 34, 37, 34, 35, 36, 34, 35, 32, 33, 31, 33, 33,
    33, 33, 33, 32, 32, 34, 31 ]
