%YAML:1.0
---
videoName: "StaticHandsUp03.mp4"
gestureLabel: 3
fps: 29
pixelSizeInCmTemp: 3.3732394366197183e-01
faceCenterPointX: 279
faceCenterPointY: 106
LHandPositionsX: [ 318, 318, 320, 317, 317, 320, 319, 316, 317, 318, 316,
    319, 320, 316, 317, 318, 319, 319, 316, 319, 316, 318, 318, 318, 316,
    319, 319, 319, 320, 317, 316, 318, 320, 318, 318, 318, 320, 316, 319,
    316, 318, 320, 317, 317, 316, 316, 319, 319, 318, 315, 318, 319, 319,
    315, 319, 315, 315, 318, 318, 319, 319, 316, 317, 317, 315, 315, 317,
    319, 315, 318, 318, 318, 317, 316, 317, 319, 316, 318, 316, 316, 315,
    315, 317, 316, 315, 316, 316, 317 ]
LHandPositionsY: [ 54, 54, 55, 54, 56, 53, 56, 53, 55, 53, 55, 54, 53,
    56, 55, 53, 56, 55, 53, 56, 54, 55, 54, 56, 57, 53, 54, 57, 53, 55,
    54, 56, 53, 53, 55, 55, 56, 53, 55, 56, 51, 51, 53, 54, 53, 54, 49,
    51, 52, 49, 49, 52, 50, 48, 47, 49, 50, 48, 46, 47, 45, 48, 49, 49,
    48, 49, 48, 46, 45, 44, 48, 47, 45, 47, 44, 47, 44, 45, 47, 44, 47,
    46, 47, 43, 46, 43, 47, 46 ]
RHandPositionsX: [ 200, 202, 202, 203, 202, 201, 201, 200, 202, 204, 202,
    201, 201, 202, 204, 204, 204, 204, 200, 203, 200, 202, 203, 201, 201,
    204, 200, 203, 203, 202, 204, 200, 201, 203, 204, 201, 203, 204, 203,
    202, 201, 200, 203, 200, 203, 200, 202, 203, 204, 202, 203, 200, 200,
    203, 202, 202, 203, 203, 199, 200, 201, 199, 200, 199, 199, 202, 202,
    201, 199, 202, 201, 201, 199, 202, 202, 199, 201, 202, 202, 203, 199,
    200, 199, 199, 199, 201, 203, 199 ]
RHandPositionsY: [ 39, 39, 39, 37, 38, 38, 36, 39, 38, 39, 38, 37, 38,
    39, 40, 39, 40, 37, 36, 40, 36, 36, 39, 40, 36, 40, 37, 40, 36, 38,
    36, 39, 38, 40, 36, 37, 40, 39, 37, 40, 37, 39, 35, 37, 34, 37, 37,
    35, 37, 34, 34, 34, 36, 34, 37, 35, 38, 37, 38, 36, 35, 36, 35, 34,
    38, 37, 35, 36, 36, 35, 36, 36, 37, 36, 35, 32, 32, 33, 33, 33, 31,
    34, 33, 31, 31, 35, 35, 31 ]
