%YAML:1.0
---
videoName: "StaticHandsUp03.mp4"
gestureLabel: 3
fps: 29
pixelSizeInCmTemp: 3.3732394366197183e-01
faceCenterPointX: 279
faceCenterPointY: 106
LHandPositionsX: [ 318, 320, 316, 318, 319, 320, 317, 320, 317, 317, 316,
    319, 316, 319, 320, 316, 319, 320, 318, 319, 316, 316, 320, 317, 317,
    316, 318, 316, 317, 317, 320, 316, 320, 319, 320, 320, 316, 317, 319,
    319, 318, 320, 317, 318, 320, 317, 316, 317, 318, 316, 318, 319, 319,
    319, 316, 316, 315, 317, 317, 317, 317, 316, 315, 315, 317, 317, 315,
    319, 318, 317, 315, 315, 318, 317, 316, 317, 318, 316, 315, 316, 316,
    318, 318, 316, 318, 317, 316, 318 ]
LHandPositionsY: [ 57, 56, 53, 53, 53, 54, 54, 53, 57, 57, 56, 54, 55,
    55, 54, 55, 55, 55, 57, 54, 57, 56, 55, 56, 56, 57, 55, 54, 57, 54,
    54, 54, 54, 54, 56, 55, 54, 53, 54, 56, 52, 52, 52, 52, 52, 53, 52,
    51, 52, 50, 49, 49, 49, 48, 47, 47, 47, 47, 46, 50, 49, 47, 49, 46,
    45, 47, 45, 48, 45, 48, 46, 48, 47, 43, 43, 46, 45, 44, 46, 44, 43,
    45, 47, 44, 47, 44, 47, 45 ]
RHandPositionsX: [ 202, 200, 202, 202, 202, 203, 203, 200, 200, 202, 203,
    203, 200, 201, 201, 201, 204, 201, 200, 202, 201, 202, 200, 202, 202,
    201, 204, 201, 203, 200, 201, 201, 202, 202, 203, 203, 202, 201, 201,
    200, 203, 204, 204, 203, 203, 200, 204, 203, 202, 204, 201, 201, 199,
    201, 199, 200, 200, 200, 200, 200, 203, 202, 201, 200, 201, 202, 199,
    200, 199, 201, 203, 203, 201, 202, 199, 200, 199, 203, 202, 200, 202,
    199, 201, 200, 202, 201, 202, 201 ]
RHandPositionsY: [ 38, 39, 39, 38, 40, 39, 37, 37, 40, 39, 40, 40, 39,
    37, 38, 39, 40, 40, 36, 40, 37, 37, 38, 40, 36, 37, 37, 40, 40, 36,
    36, 36, 37, 38, 38, 38, 38, 38, 38, 36, 38, 37, 35, 36, 37, 37, 34,
    37, 35, 35, 36, 35, 35, 37, 34, 38, 34, 37, 38, 35, 34, 37, 36, 38,
    35, 38, 37, 37, 37, 37, 38, 36, 34, 34, 34, 35, 33, 33, 33, 32, 31,
    33, 35, 31, 34, 33, 35, 31 ]
