%YAML:1.0
---
videoName: "StaticHandsUp03.mp4"
gestureLabel: 3
fps: 29
pixelSizeInCmTemp: 3.3732394366197183e-01
faceCenterPointX: 279
faceCenterPointY: 106
LHandPositionsX: [ 316, 317, 317, 319, 316, 317, 320, 317, 319, 319, 318,
    317, 317, 320, 316, 320, 317, 320, 317, 317, 319, 316, 318, 319, 317,
    318, 317, 316, 320, 316, 316, 319, 316, 316, 316, 316, 317, 318, 319,
    317, 318, 316, 316, 320, 316, 317, 320, 319, 316, 318, 315, 315, 319,
    318, 316, 317, 315, 317, 315, 318, 317, 319, 318, 319, 315, 319, 316,
    317, 318, 318, 319, 318, 316, 318, 315, 319, 319, 316, 319, 315, 316,
    316, 315, 318, 316, 318, 315, 319 ]
LHandPositionsY: [ 53, 56, 55, 53, 55, 54, 56, 56, 56, 54, 57, 57, 55,
    53, 56, 54, 55, 54, 57, 55, 55, 53, 55, 55, 56, 57, 56, 53, 55, 55,
    55, 56, 53, 56, 57, 56, 54, 55, 52, 54, 53, 52, 52, 52, 51, 54, 49,
    49, 51, 51, 50, 50, 49, 48, 47, 50, 48, 49, 46, 49, 46, 46, 46, 48,
    45, 45, 45, 49, 48, 47, 48, 45, 45, 46, 45, 47, 47, 43, 47, 44, 47,
    45, 45, 47, 46, 44, 43, 45 ]
RHandPositionsX: [ 201, 201, 203, 200, 201, 201, 203, 203, 202, 204, 201,
    201, 202, 201, 200, 203, 203, 201, 201, 202, 203, 203, 202, 200, 202,
    201, 203, 202, 202, 202, 201, 203, 204, 200, 204, 200, 203, 201, 204,
    204, 202, 200, 201, 201, 200, 204, 200, 204, 204, 203, 203, 203, 203,
    202, 199, 200, 200, 200, 199, 199, 202, 203, 199, 202, 201, 199, 202,
    199, 200, 201, 199, 199, 202, 202, 203, 199, 200, 201, 201, 203, 199,
    201, 200, 203, 200, 201, 203, 202 ]
RHandPositionsY: [ 37, 36, 40, 39, 36, 38, 40, 39, 38, 39, 36, 38, 38,
    36, 37, 38, 36, 37, 38, 39, 39, 39, 37, 37, 36, 39, 40, 37, 40, 37,
    39, 36, 39, 38, 38, 37, 40, 36, 40, 36, 37, 38, 38, 35, 33, 35, 36,
    38, 37, 37, 37, 34, 34, 38, 36, 38, 37, 35, 35, 38, 37, 38, 37, 38,
    35, 34, 36, 36, 34, 36, 38, 34, 33, 36, 33, 32, 31, 35, 32, 31, 35,
    34, 34, 34, 34, 34, 31, 32 ]
