%YAML:1.0
---
videoName: "StaticHandsUp03.mp4"
gestureLabel: 3
fps: 29
pixelSizeInCmTemp: 3.3732394366197183e-01
faceCenterPointX: 279
faceCenterPointY: 106
LHandPositionsX: [ 317, 316, 317, 317, 319, 317, 319, 316, 316, 320, 319,
    320, 320, 318, 320, 317, 316, 318, 320, 320, 318, 316, 319, 318, 319,
    316, 319, 316, 319, 319, 316, 317, 320, 319, 318, 320, 318, 317, 317,
    319, 319, 316, 319, 317, 319, 320, 317, 315, 319, 316, 317, 317, 316,
    319, 316, 319, 318, 318, 318, 316, 316, 318, 317, 316, 316, 315, 317,
    318, 319, 316, 319, 316, 317, 319, 319, 317, 316, 318, 316, 315, 315,
    316, 316, 315, 316, 318, 316, 315 ]
LHandPositionsY: [ 56, 54, 54, 56, 55, 53, 53, 55, 54, 57, 55, 54, 55,
    56, 55, 54, 55, 56, 54, 55, 55, 55, 53, 54, 53, 54, 53, 57, 54, 55,
    57, 54, 56, 53, 53, 57, 57, 52, 53, 53, 55, 54, 51, 54, 51, 51, 51,
    50, 49, 52, 51, 49, 47, 49, 51, 48, 48, 48, 48, 46, 46, 45, 47, 45,
    45, 47, 48, 45, 46, 46, 45, 44, 46, 44, 44, 43, 45, 45, 43, 45, 46,
    47, 43, 46, 45, 44, 44, 45 ]
RHandPositionsX: [ 200, 202, 201, 201, 201, 201, 203, 201, 202, 200, 202,
    204, 204, 204, 202, 203, 203, 200, 200, 201, 204, 200, 202, 201, 202,
    200, 200, 202, 203, 202, 204, 204, 201, 200, 204, 200, 202, 204, 202,
    202, 204, 204, 201, 202, 203, 203, 202, 203, 203, 204, 200, 201, 201,
    199, 200, 200, 200, 199, 201, 202, 200, 203, 200, 202, 203, 199, 201,
    203, 199, 200, 203, 200, 201, 203, 203, 202, 199, 202, 199, 199, 199,
    200, 202, 199, 202, 203, 202, 201 ]
RHandPositionsY: [ 36, 40, 36, 40, 40, 38, 40, 38, 36, 38, 37, 38, 36,
    40, 37, 37, 39, 40, 36, 37, 38, 38, 37, 40, 36, 39, 39, 40, 36, 36,
    36, 40, 37, 40, 39, 39, 38, 39, 38, 38, 37, 39, 36, 35, 35, 38, 36,
    37, 38, 37, 34, 37, 35, 38, 36, 34, 35, 37, 34, 36, 38, 36, 37, 35,
    37, 36, 35, 35, 34, 34, 34, 37, 36, 36, 32, 35, 33, 35, 31, 34, 33,
    34, 32, 32, 31, 32, 33, 32 ]
