%YAML:1.0
---
videoName: "StaticHandsUp03.mp4"
gestureLabel: 3
fps: 29
pixelSizeInCmTemp: 3.3732394366197183e-01
faceCenterPointX: 279
faceCenterPointY: 106
LHandPositionsX: [ 320, 317, 318, 320, 317, 320, 320, 320, 320, 319, 316,
    318, 319, 318, 318, 319, 317, 318, 318, 318, 317, 318, 316, 319, 318,
    317, 320, 320, 319, 317, 320, 318, 318, 316, 320, 317, 318, 320, 319,
    319, 316, 319, 317, 318, 316, 318, 316, 317, 317, 319, 317, 318, 317,
    316, 319, 316, 318, 315, 315, 317, 316, 316, 315, 318, 315, 318, 318,
    319, 316, 316, 319, 318, 319, 316, 316, 317, 318, 319, 319, 319, 316,
    319, 316, 315, 317, 319, 315, 316 ]
LHandPositionsY: [ 53, 56, 55, 53, 57, 55, 56, 55, 57, 53, 57, 53, 53,
    53, 56, 56, 53, 57, 55, 55, 56, 54, 57, 54, 53, 56, 54, 55, 56, 53,
    55, 54, 57, 53, 56, 57, 57, 53, 54, 56, 55, 51, 52, 54, 53, 52, 52,
    50, 52, 50, 48, 48, 49, 49, 50, 51, 48, 48, 46, 49, 45, 47, 49, 45,
    46, 49, 47, 47, 49, 45, 46, 45, 46, 46, 43, 43, 46, 46, 45, 46, 47,
    44, 46, 46, 47, 46, 46, 43 ]
RHandPositionsX: [ 200, 200, 202, 203, 204, 200, 200, 201, 200, 202, 202,
    203, 201, 200, 201, 204, 204, 201, 203, 203, 204, 203, 201, 200, 204,
    201, 200, 202, 200, 202, 200, 204, 201, 201, 201, 203, 204, 200, 201,
    200, 203, 201, 203, 201, 200, 201, 203, 201, 200, 204, 201, 200, 203,
    200, 199, 200, 199, 199, 199, 203, 201, 200, 199, 200, 202, 200, 200,
    200, 201, 200, 200, 201, 199, 203, 199, 199, 199, 200, 202, 200, 200,
    199, 199, 203, 203, 202, 200, 201 ]
RHandPositionsY: [ 40, 40, 39, 37, 38, 37, 37, 40, 36, 40, 38, 40, 39,
    38, 36, 36, 40, 37, 39, 39, 39, 38, 39, 40, 40, 38, 39, 36, 40, 37,
    37, 39, 39, 40, 40, 36, 40, 39, 38, 38, 37, 37, 35, 37, 33, 35, 34,
    34, 38, 36, 37, 36, 38, 34, 34, 37, 34, 34, 36, 36, 35, 35, 37, 37,
    38, 36, 38, 34, 38, 34, 36, 36, 33, 35, 31, 31, 31, 34, 34, 32, 31,
    32, 31, 32, 34, 33, 32, 35 ]
