%YAML:1.0
---
videoName: "StaticHandsUp03.mp4"
gestureLabel: 3
fps: 29
pixelSizeInCmTemp: 3.3732394366197183e-01
faceCenterPointX: 279
faceCenterPointY: 106
LHandPositionsX: [ 316, 316, 320, 316, 316, 319, 316, 316, 317, 317, 319,
    318, 320, 316, 319, 319, 318, 319, 318, 316, 320, 318, 318, 319, 317,
    318, 316, 316, 317, 318, 319, 317, 318, 319, 320, 319, 317, 319, 316,
    318, 316, 320, 316, 320, 319, 317, 317, 319, 316, 317, 318, 318, 318,
    317, 317, 318, 315, 315, 315, 315, 318, 316, 315, 317, 319, 317, 315,
    316, 318, 318, 319, 316, 317, 317, 317, 317, 319, 315, 318, 318, 316,
    315, 315, 316, 318, 317, 319, 315 ]
LHandPositionsY: [ 53, 57, 56, 55, 54, 56, 53, 53, 53, 57, 54, 54, 57,
    57, 55, 53, 55, 56, 53, 54, 53, 55, 56, 54, 57, 54, 57, 57, 53, 56,
    54, 53, 57, 57, 56, 56, 57, 52, 55, 54, 54, 54, 53, 50, 54, 52, 50,
    50, 50, 49, 50, 52, 50, 49, 47, 47, 47, 48, 48, 46, 46, 46, 48, 46,
    47, 45, 46, 46, 48, 48, 48, 45, 44, 44, 45, 44, 44, 47, 46, 43, 47,
    47, 43, 47, 43, 46, 43, 45 ]
RHandPositionsX: [ 201, 201, 201, 203, 204, 202, 202, 204, 201, 201, 203,
    200, 204, 202, 201, 202, 203, 204, 201, 202, 202, 204, 203, 202, 202,
    204, 200, 200, 204, 200, 202, 201, 202, 203, 202, 203, 202, 201, 202,
    203, 201, 201, 201, 200, 200, 202, 203, 203, 203, 204, 204, 200, 201,
    199, 200, 203, 202, 202, 200, 202, 203, 201, 200, 201, 202, 200, 203,
    203, 203, 201, 202, 199, 202, 202, 200, 200, 199, 201, 199, 200, 201,
    202, 202, 200, 203, 199, 203, 200 ]
RHandPositionsY: [ 39, 40, 37, 40, 36, 36, 39, 37, 40, 36, 37, 36, 37,
    38, 38, 37, 38, 40, 36, 36, 40, 38, 38, 38, 39, 38, 37, 40, 40, 40,
    37, 38, 39, 37, 40, 39, 38, 39, 39, 39, 38, 37, 37, 35, 37, 35, 37,
    36, 36, 38, 34, 37, 35, 35, 36, 35, 34, 36, 37, 38, 38, 36, 35, 36,
    34, 36, 38, 38, 37, 34, 35, 36, 33, 34, 31, 32, 35, 33, 34, 32, 34,
    32, 32, 33, 34, 32, 31, 33 ]
