%YAML:1.0
---
videoName: "StaticHandsUp03.mp4"
gestureLabel: 3
fps: 29
pixelSizeInCmTemp: 3.3732394366197183e-01
faceCenterPointX: 279
faceCenterPointY: 106
LHandPositionsX: [ 316, 316, 317, 320, 317, 319, 320, 319, 320, 317, 318,
    317, 317, 318, 319, 320, 317, 317, 319, 320, 320, 319, 319, 317, 320,
    317, 320, 317, 320, 319, 317, 320, 316, 317, 316, 318, 316, 318, 316,
    316, 318, 316, 318, 316, 317, 320, 317, 317, 317, 318, 316, 318, 319,
    318, 319, 315, 319, 315, 318, 316, 315, 318, 315, 315, 318, 317, 315,
    315, 315, 319, 316, 319, 319, 317, 316, 315, 317, 318, 316, 315, 319,
    316, 318, 316, 319, 315, 316, 318 ]
LHandPositionsY: [ 54, 57, 55, 55, 53, 54, 53, 56, 57, 53, 55, 55, 55,
    57, 56, 54, 53, 55, 55, 57, 57, 54, 54, 56, 54, 53, 53, 56, 54, 56,
    54, 56, 56, 55, 53, 57, 57, 55, 52, 55, 51, 52, 53, 53, 51, 53, 50,
    50, 52, 51, 51, 49, 51, 47, 51, 51, 49, 50, 50, 46, 47, 48, 48, 49,
    49, 49, 49, 46, 46, 44, 46, 47, 44, 44, 43, 44, 47, 47, 46, 45, 44,
    44, 46, 43, 46, 45, 46, 45 ]
RHandPositionsX: [ 204, 204, 204, 201, 200, 200, 203, 200, 200, 204, 201,
    202, 200, 202, 200, 200, 201, 203, 200, 200, 204, 203, 201, 200, 200,
    203, 200, 202, 203, 200, 200, 203, 200, 200, 200, 201, 203, 203, 203,
    200, 204, 204, 201, 201, 204, 202, 202, 201, 204, 204, 201, 199, 202,
    200, 203, 202, 199, 199, 203, 200, 203, 199, 200, 200, 203, 203, 199,
    200, 202, 202, 202, 203, 200, 201, 201, 203, 199, 200, 203, 202, 199,
    199, 203, 200, 202, 203, 203, 199 ]
RHandPositionsY: [ 39, 38, 36, 36, 36, 39, 36, 36, 39, 38, 37, 40, 37,
    36, 39, 40, 40, 36, 36, 39, 40, 40, 38, 37, 40, 38, 37, 36, 36, 37,
    37, 38, 36, 36, 39, 36, 36, 36, 38, 39, 38, 35, 39, 35, 35, 35, 34,
    36, 35, 34, 36, 34, 35, 38, 38, 38, 34, 35, 36, 36, 37, 36, 37, 37,
    34, 35, 35, 38, 38, 37, 36, 38, 35, 33, 35, 34, 35, 35, 31, 33, 35,
    34, 32, 31, 31, 34, 35, 35 ]
