%YAML:1.0
---
videoName: "StaticHandsUp03.mp4"
gestureLabel: 3
fps: 29
pixelSizeInCmTemp: 3.3732394366197183e-01
faceCenterPointX: 279
faceCenterPointY: 106
LHandPositionsX: [ 320, 318, 316, 317, 317, 319, 320, 317, 316, 320, 316,
    318, 319, 320, 318, 318, 318, 316, 320, 316, 319, 316, 319, 316, 319,
    317, 317, 320, 317, 318, 317, 317, 316, 319, 317, 318, 316, 319, 320,
    318, 316, 316, 318, 320, 319, 319, 317, 319, 316, 317, 318, 318, 316,
    318, 315, 319, 315, 315, 319, 317, 316, 318, 317, 318, 318, 318, 316,
    317, 317, 318, 318, 317, 319, 315, 316, 319, 317, 316, 316, 319, 318,
    319, 315, 316, 316, 318, 319, 316 ]
LHandPositionsY: [ 57, 53, 53, 53, 54, 55, 53, 55, 55, 55, 55, 53, 55,
    55, 54, 55, 55, 53, 53, 55, 53, 56, 53, 56, 56, 57, 56, 56, 55, 57,
    54, 54, 53, 56, 53, 55, 55, 52, 53, 56, 55, 55, 54, 53, 51, 52, 51,
    50, 49, 51, 52, 48, 49, 49, 51, 50, 48, 50, 49, 47, 48, 47, 46, 47,
    46, 48, 46, 45, 46, 45, 45, 46, 44, 46, 47, 46, 46, 46, 44, 45, 44,
    45, 46, 44, 43, 44, 44, 44 ]
RHandPositionsX: [ 202, 203, 202, 202, 201, 202, 203, 200, 202, 200, 200,
    201, 204, 204, 203, 201, 202, 201, 201, 204, 201, 201, 203, 200, 201,
    202, 201, 203, 201, 201, 203, 203, 204, 204, 202, 200, 203, 201, 200,
    204, 202, 204, 200, 200, 204, 200, 204, 202, 204, 204, 200, 199, 202,
    201, 203, 199, 201, 203, 203, 201, 203, 199, 202, 199, 202, 199, 199,
    199, 200, 202, 199, 202, 201, 202, 201, 201, 202, 203, 200, 203, 200,
    203, 201, 203, 199, 202, 199, 203 ]
RHandPositionsY: [ 37, 37, 37, 40, 38, 37, 36, 36, 38, 40, 37, 37, 38,
    36, 40, 39, 36, 38, 37, 39, 40, 39, 38, 39, 40, 38, 36, 36, 36, 36,
    39, 38, 36, 38, 37, 38, 36, 40, 38, 39, 36, 35, 38, 38, 36, 37, 36,
    37, 38, 37, 37, 34, 37, 38, 34, 37, 34, 34, 37, 37, 34, 34, 35, 37,
    35, 34, 36, 36, 37, 35, 36, 38, 34, 33, 32, 31, 34, 34, 34, 34, 33,
    35, 31, 33, 32, 34, 34, 35 ]
