%YAML:1.0
---
videoName: "StaticHandsUp00.mp4"
gestureLabel: 3
fps: 29
pixelSizeInCmTemp: 3.4710144927536229e-01
faceCenterPointX: 281
faceCenterPointY: 110
LHandPositionsX: [ 386, 384, 386, 386, 384, 387, 387, 384, 387, 388, 388,
    386, 386, 388, 386, 385, 388, 387, 386, 385, 384, 386, 387, 386, 385,
    387, 386, 386, 388, 385, 387, 386, 386, 385, 384, 388, 386, 385, 387,
    388, 388, 385, 385, 384, 387, 384, 386, 386, 384, 387, 384, 386, 387,
    384, 388, 387, 388, 388, 385, 384, 388, 384, 386, 388, 388, 384, 387,
    384, 387, 385, 385, 385, 387, 387, 385, 384, 385, 388, 387, 385, 384,
    387, 385, 384, 386, 385, 386, 385 ]
LHandPositionsY: [ 40, 40, 41, 38, 39, 40, 38, 38, 40, 40, 40, 38, 39,
    38, 40, 39, 40, 42, 41, 41, 41, 38, 41, 40, 39, 41, 40, 39, 40, 42,
    38, 40, 41, 39, 40, 41, 39, 41, 39, 39, 41, 39, 42, 40, 40, 41, 42,
    38, 38, 41, 38, 42, 41, 39, 42, 42, 39, 38, 42, 38, 38, 40, 40, 41,
    42, 41, 38, 39, 41, 41, 38, 38, 39, 38, 40, 38, 38, 41, 42, 39, 38,
    42, 40, 41, 39, 40, 42, 38 ]
RHandPositionsX: [ 167, 164, 165, 166, 165, 163, 166, 165, 164, 164, 166,
    167, 167, 165, 167, 165, 164, 166, 164, 164, 167, 164, 167, 163, 165,
    166, 165, 165, 167, 165, 166, 163, 163, 167, 163, 163, 166, 164, 163,
    165, 163, 166, 163, 163, 165, 166, 163, 164, 164, 165, 167, 166, 166,
    165, 164, 165, 164, 167, 164, 164, 164, 167, 163, 163, 163, 167, 165,
    165, 166, 165, 163, 166, 163, 165, 164, 166, 164, 166, 164, 165, 167,
    163, 165, 163, 163, 167, 166, 167 ]
RHandPositionsY: [ 36, 35, 37, 35, 33, 34, 37, 37, 34, 33, 37, 33, 37,
    37, 34, 37, 37, 34, 37, 37, 36, 35, 37, 35, 37, 34, 34, 33, 34, 33,
    34, 34, 34, 34, 36, 34, 34, 33, 34, 34, 35, 34, 35, 37, 37, 33, 34,
    33, 37, 36, 34, 36, 37, 33, 37, 37, 37, 37, 34, 34, 33, 36, 37, 37,
    34, 34, 37, 37, 35, 36, 33, 36, 33, 35, 35, 34, 37, 33, 35, 35, 37,
    36, 37, 36, 33, 34, 33, 34 ]
