%YAML:1.0
---
videoName: "StaticHandsUp03.mp4"
gestureLabel: 3
fps: 29
pixelSizeInCmTemp: 3.3732394366197183e-01
faceCenterPointX: 279
faceCenterPointY: 106
LHandPositionsX: [ 318, 317, 319, 318, 316, 317, 320, 318, 319, 316, 316,
    317, 317, 317, 319, 320, 317, 320, 317, 316, 317, 317, 320, 318, 317,
    319, 318, 316, 316, 319, 318, 317, 316, 320, 316, 317, 318, 319, 317,
    320, 317, 320, 320, 319, 319, 319, 318, 319, 319, 316, 316, 319, 315,
    316, 317, 315, 315, 316, 315, 317, 315, 317, 318, 318, 317, 315, 319,
    318, 316, 319, 316, 319, 318, 315, 317, 318, 315, 319, 317, 319, 319,
    318, 315, 317, 318, 317, 317, 315 ]
LHandPositionsY: [ 57, 56, 57, 54, 55, 57, 57, 55, 56, 57, 57, 56, 54,
    56, 57, 57, 54, 54, 55, 56, 56, 57, 55, 53, 56, 56, 57, 54, 55, 57,
    54, 54, 55, 53, 53, 54, 55, 55, 54, 52, 52, 52, 51, 51, 54, 53, 49,
    49, 51, 50, 51, 51, 48, 49, 48, 50, 50, 48, 47, 50, 47, 47, 48, 48,
    47, 48, 45, 48, 48, 47, 47, 45, 48, 44, 46, 43, 45, 43, 43, 47, 46,
    46, 44, 47, 46, 47, 45, 46 ]
RHandPositionsX: [ 200, 202, 203, 204, 203, 204, 202, 200, 200, 200, 200,
    203, 202, 204, 201, 204, 203, 204, 203, 200, 201, 202, 202, 204, 204,
    204, 200, 201, 203, 204, 203, 204, 204, 203, 202, 203, 201, 204, 203,
    201, 204, 203, 201, 201, 203, 200, 200, 203, 201, 201, 204, 199, 200,
    199, 201, 200, 199, 202, 203, 199, 200, 202, 201, 203, 201, 203, 200,
    199, 202, 202, 201, 203, 199, 203, 200, 199, 203, 201, 200, 200, 202,
    201, 199, 199, 200, 201, 200, 202 ]
RHandPositionsY: [ 38, 37, 37, 37, 38, 36, 39, 36, 36, 40, 37, 37, 38,
    38, 36, 39, 37, 36, 36, 40, 36, 37, 38, 38, 38, 38, 38, 40, 37, 37,
    37, 37, 40, 37, 39, 39, 38, 36, 36, 38, 39, 39, 38, 36, 33, 34, 35,
    36, 37, 37, 37, 36, 34, 35, 34, 36, 37, 34, 35, 37, 38, 38, 38, 34,
    37, 35, 37, 35, 38, 36, 36, 34, 33, 36, 33, 35, 32, 35, 33, 32, 31,
    34, 33, 34, 34, 35, 34, 35 ]
