%YAML:1.0
---
videoName: "StaticHandsUp02.mp4"
gestureLabel: 3
fps: 29
pixelSizeInCmTemp: 3.5746268656716418e-01
faceCenterPointX: 284
faceCenterPointY: 111
LHandPositionsX: [ 388, 385, 386, 387, 387, 386, 386, 388, 388, 387, 389,
    387, 385, 386, 387, 386, 389, 388, 386, 387, 387, 387, 386, 386, 389,
    385, 386, 386, 389, 386, 388, 386, 387, 387, 389, 389, 388, 388, 386,
    389, 388, 386, 388, 388, 387, 388, 388, 388, 388, 386, 388, 387, 387,
    388, 389, 388, 388, 385, 389, 389, 387, 387, 385, 388, 385, 387, 385,
    389, 389, 388, 388, 385, 388, 386, 385, 387, 387, 388, 389, 387, 388,
    389, 387, 388, 386, 385, 386, 385 ]
LHandPositionsY: [ 45, 48, 49, 46, 46, 49, 45, 47, 47, 47, 49, 45, 48,
    49, 48, 47, 49, 48, 46, 45, 49, 48, 48, 45, 47, 47, 49, 46, 46, 46,
    47, 45, 47, 47, 49, 45, 47, 47, 48, 48, 48, 47, 47, 46, 47, 47, 47,
    46, 49, 46, 45, 46, 48, 49, 47, 46, 49, 47, 45, 46, 46, 47, 49, 46,
    46, 47, 46, 48, 45, 47, 48, 49, 44, 48, 44, 47, 48, 47, 46, 45, 46,
    46, 46, 45, 47, 48, 45, 45 ]
RHandPositionsX: [ 174, 172, 172, 172, 175, 172, 171, 173, 174, 175, 173,
    171, 171, 174, 175, 172, 174, 174, 171, 172, 174, 175, 172, 175, 171,
    171, 172, 173, 174, 173, 174, 171, 175, 175, 174, 173, 175, 174, 175,
    172, 173, 173, 171, 173, 174, 171, 171, 172, 175, 175, 171, 175, 173,
    172, 175, 174, 173, 171, 171, 174, 171, 172, 174, 171, 174, 172, 173,
    174, 175, 172, 175, 173, 174, 171, 173, 174, 171, 172, 174, 171, 173,
    174, 172, 171, 172, 174, 171, 174 ]
RHandPositionsY: [ 42, 44, 42, 42, 44, 42, 41, 42, 40, 43, 40, 42, 44,
    41, 44, 44, 44, 41, 43, 42, 43, 44, 42, 40, 40, 44, 40, 44, 41, 44,
    40, 41, 44, 44, 41, 42, 40, 42, 41, 41, 41, 42, 40, 43, 39, 41, 43,
    43, 42, 41, 42, 43, 40, 41, 42, 42, 40, 39, 40, 43, 43, 43, 42, 43,
    42, 41, 39, 39, 40, 43, 39, 39, 40, 41, 42, 41, 39, 40, 39, 39, 41,
    43, 43, 39, 41, 39, 42, 40 ]
