%YAML:1.0
---
videoName: "StaticHandsUp03.mp4"
gestureLabel: 3
fps: 29
pixelSizeInCmTemp: 3.3732394366197183e-01
faceCenterPointX: 279
faceCenterPointY: 106
LHandPositionsX: [ 319, 317, 317, 319, 319, 317, 319, 320, 318, 319, 316,
    317, 320, 319, 316, 318, 319, 316, 319, 320, 316, 319, 317, 316, 318,
    320, 319, 319, 318, 320, 316, 318, 320, 316, 320, 317, 317, 316, 320,
    318, 320, 319, 316, 316, 320, 319, 320, 318, 315, 318, 315, 317, 317,
    318, 315, 316, 317, 318, 315, 319, 316, 318, 317, 319, 315, 318, 318,
    319, 319, 317, 319, 318, 319, 316, 316, 319, 316, 315, 317, 317, 317,
    315, 316, 315, 317, 317, 319, 316 ]
LHandPositionsY: [ 55, 54, 56, 56, 54, 53, 57, 57, 56, 57, 54, 53, 53,
    56, 55, 54, 54, 56, 55, 55, 54, 55, 57, 55, 53, 54, 56, 57, 57, 56,
    55, 54, 53, 55, 57, 55, 55, 55, 52, 54, 53, 54, 52, 51, 52, 53, 53,
    50, 50, 48, 48, 49, 47, 48, 49, 47, 50, 48, 49, 47, 49, 47, 48, 47,
    46, 49, 45, 49, 45, 46, 44, 44, 46, 47, 46, 44, 47, 44, 47, 47, 46,
    44, 46, 43, 45, 45, 45, 45 ]
RHandPositionsX: [ 201, 200, 200, 200, 202, 203, 200, 202, 200, 201, 200,
    204, 204, 203, 201, 202, 204, 200, 204, 204, 202, 204, 202, 203, 201,
    202, 201, 202, 200, 203, 200, 201, 203, 203, 200, 200, 200, 200, 201,
    202, 201, 204, 203, 203, 203, 202, 203, 204, 203, 204, 201, 202, 203,
    203, 202, 203, 202, 203, 199, 201, 203, 200, 201, 202, 203, 203, 203,
    199, 199, 199, 199, 199, 200, 202, 200, 200, 200, 199, 199, 202, 199,
    203, 200, 201, 199, 199, 199, 199 ]
RHandPositionsY: [ 37, 40, 40, 38, 39, 39, 36, 38, 40, 40, 38, 36, 36,
    37, 37, 40, 40, 38, 38, 36, 40, 36, 39, 39, 40, 38, 37, 39, 39, 39,
    39, 37, 37, 38, 40, 40, 36, 39, 36, 36, 35, 38, 37, 38, 37, 37, 34,
    36, 35, 36, 36, 35, 35, 35, 38, 36, 35, 38, 34, 34, 37, 38, 36, 35,
    35, 35, 36, 35, 37, 36, 37, 34, 33, 35, 34, 32, 31, 34, 35, 35, 35,
    35, 31, 33, 33, 34, 34, 31 ]
