%YAML:1.0
---
videoName: "StaticHandsUp03.mp4"
gestureLabel: 3
fps: 29
pixelSizeInCmTemp: 3.3732394366197183e-01
faceCenterPointX: 279
faceCenterPointY: 106
LHandPositionsX: [ 317, 319, 316, 316, 316, 318, 317, 316, 318, 318, 316,
    320, 317, 318, 318, 319, 320, 319, 318, 320, 316, 319, 316, 316, 317,
    320, 320, 317, 316, 316, 317, 316, 320, 320, 316, 320, 318, 316, 318,
    319, 319, 318, 320, 319, 317, 318, 316, 316, 315, 318, 315, 316, 316,
    319, 319, 318, 319, 317, 316, 318, 315, 319, 318, 317, 317, 315, 319,
    317, 316, 319, 319, 319, 318, 315, 317, 315, 318, 315, 315, 319, 318,
    315, 316, 319, 316, 315, 316, 317 ]
LHandPositionsY: [ 56, 56, 56, 56, 53, 54, 57, 53, 56, 57, 56, 53, 53,
    53, 57, 55, 57, 56, 55, 53, 55, 53, 55, 53, 53, 55, 54, 54, 56, 56,
    57, 54, 55, 55, 55, 55, 53, 53, 53, 53, 55, 53, 51, 54, 52, 53, 53,
    52, 49, 51, 49, 51, 49, 50, 47, 50, 46, 46, 47, 46, 49, 48, 47, 47,
    46, 48, 45, 45, 45, 47, 47, 47, 47, 44, 47, 47, 46, 43, 43, 44, 46,
    46, 43, 45, 47, 44, 45, 47 ]
RHandPositionsX: [ 202, 203, 201, 201, 201, 201, 202, 202, 202, 200, 200,
    203, 203, 202, 202, 201, 200, 203, 203, 200, 201, 203, 200, 201, 200,
    200, 204, 204, 203, 201, 201, 202, 200, 203, 202, 201, 202, 204, 201,
    203, 204, 200, 202, 203, 200, 200, 201, 201, 201, 204, 201, 202, 202,
    201, 200, 200, 199, 199, 199, 202, 200, 199, 203, 202, 201, 203, 202,
    203, 203, 202, 202, 200, 200, 202, 203, 200, 203, 203, 202, 199, 203,
    200, 203, 200, 203, 201, 202, 202 ]
RHandPositionsY: [ 40, 38, 40, 39, 39, 38, 38, 36, 37, 38, 36, 36, 38,
    36, 40, 38, 38, 36, 37, 36, 38, 36, 37, 38, 36, 40, 37, 40, 37, 36,
    40, 38, 37, 39, 39, 38, 39, 39, 40, 39, 35, 38, 35, 36, 33, 36, 37,
    35, 38, 35, 35, 35, 38, 35, 36, 38, 38, 37, 35, 34, 38, 38, 37, 36,
    36, 34, 34, 36, 38, 37, 34, 35, 37, 36, 35, 31, 32, 35, 31, 35, 31,
    32, 34, 32, 34, 33, 33, 35 ]
