%YAML:1.0
---
videoName: "StaticHandsUp00.mp4"
gestureLabel: 3
fps: 29
pixelSizeInCmTemp: 3.4710144927536229e-01
faceCenterPointX: 281
faceCenterPointY: 110
LHandPositionsX: [ 388, 388, 387, 387, 385, 384, 386, 388, 385, 384, 384,
    387, 384, 387, 386, 385, 387, 386, 388, 386, 388, 388, 387, 384, 384,
    388, 386, 386, 386, 386, 386, 386, 388, 388, 386, 386, 386, 388, 388,
    388, 385, 387, 386, 385, 386, 388, 387, 387, 384, 385, 384, 387, 388,
    385, 384, 384, 384, 387, 387, 386, 386, 384, 388, 388, 385, 387, 384,
    386, 387, 386, 385, 384, 387, 385, 385, 387, 384, 386, 388, 388, 386,
    387, 386, 386, 387, 386, 388, 385 ]
LHandPositionsY: [ 41, 41, 42, 40, 41, 39, 38, 39, 41, 40, 39, 41, 38,
    39, 41, 41, 39, 42, 42, 38, 38, 40, 41, 40, 41, 42, 39, 42, 38, 39,
    39, 42, 38, 40, 42, 42, 42, 38, 39, 41, 42, 42, 38, 38, 41, 42, 41,
    42, 38, 41, 42, 38, 38, 40, 41, 38, 38, 40, 38, 41, 42, 41, 42, 41,
    38, 42, 39, 42, 40, 42, 41, 40, 39, 38, 41, 39, 41, 39, 42, 41, 39,
    38, 38, 40, 38, 40, 38, 38 ]
RHandPositionsX: [ 165, 163, 164, 166, 164, 167, 166, 164, 165, 166, 163,
    165, 164, 164, 167, 167, 164, 165, 167, 163, 165, 166, 164, 167, 166,
    166, 166, 166, 167, 165, 167, 167, 163, 167, 166, 163, 166, 166, 166,
    167, 164, 167, 166, 165, 165, 164, 163, 167, 164, 165, 165, 163, 164,
    165, 166, 166, 165, 167, 163, 166, 165, 165, 163, 163, 164, 166, 167,
    165, 164, 166, 164, 167, 167, 165, 166, 167, 164, 164, 164, 165, 167,
    164, 164, 167, 165, 165, 165, 165 ]
RHandPositionsY: [ 34, 36, 35, 35, 34, 34, 35, 33, 33, 33, 33, 33, 33,
    34, 34, 37, 33, 35, 36, 35, 33, 34, 35, 34, 37, 35, 35, 36, 36, 37,
    34, 33, 34, 33, 34, 36, 34, 35, 33, 35, 36, 36, 34, 35, 34, 35, 36,
    36, 36, 36, 36, 35, 34, 33, 35, 33, 35, 36, 34, 34, 35, 35, 35, 37,
    35, 37, 35, 33, 37, 33, 33, 35, 36, 35, 36, 37, 37, 35, 37, 35, 37,
    36, 33, 35, 33, 37, 33, 35 ]
