%YAML:1.0
---
videoName: "StaticHandsUp04.mp4"
gestureLabel: 3
fps: 29
pixelSizeInCmTemp: 3.4214285714285714e-01
faceCenterPointX: 286
faceCenterPointY: 105
LHandPositionsX: [ 443, 444, 443, 447, 444, 445, 444, 447, 446, 444, 445,
    444, 446, 444, 446, 447, 444, 445, 444, 445, 443, 447, 445, 446, 443,
    445, 443, 443, 443, 445, 446, 446, 446, 447, 447, 445, 446, 443, 446,
    443, 444, 444, 443, 447, 445, 443, 444, 445, 444, 444, 446, 446, 445,
    446, 447, 443, 447, 445, 444, 446, 447, 446, 445, 446, 447, 444, 447,
    446, 444, 444, 444, 447, 447, 444, 447, 444, 443, 446, 444, 446, 446,
    446, 444, 447, 443, 445, 443, 446 ]
LHandPositionsY: [ 67, 65, 67, 64, 63, 65, 67, 64, 64, 66, 67, 66, 66,
    63, 64, 64, 67, 67, 64, 64, 64, 63, 65, 65, 64, 66, 64, 67, 65, 65,
    67, 63, 67, 65, 65, 65, 64, 67, 66, 67, 66, 67, 64, 66, 66, 67, 66,
    64, 67, 63, 66, 64, 64, 63, 66, 65, 65, 67, 65, 63, 64, 67, 63, 67,
    66, 66, 64, 67, 64, 65, 65, 64, 66, 66, 64, 63, 65, 67, 63, 67, 64,
    65, 67, 66, 66, 63, 65, 65 ]
RHandPositionsX: [ 93, 90, 91, 91, 91, 92, 94, 90, 92, 92, 90, 91, 92,
    94, 92, 92, 93, 92, 93, 94, 90, 92, 90, 91, 90, 92, 90, 91, 91, 91,
    92, 93, 91, 92, 90, 90, 92, 93, 92, 91, 91, 90, 90, 91, 93, 90, 90,
    93, 93, 94, 90, 90, 90, 91, 93, 90, 90, 94, 94, 95, 92, 90, 93, 94,
    94, 91, 91, 91, 90, 93, 94, 93, 91, 94, 91, 94, 94, 91, 90, 93, 94,
    93, 93, 92, 93, 90, 90, 93 ]
RHandPositionsY: [ 46, 44, 46, 47, 43, 43, 46, 46, 44, 47, 45, 47, 46,
    44, 47, 43, 45, 45, 45, 45, 43, 44, 45, 44, 45, 47, 47, 43, 44, 43,
    43, 47, 47, 45, 43, 44, 43, 45, 44, 47, 43, 43, 45, 43, 46, 46, 46,
    44, 47, 44, 44, 46, 45, 44, 44, 43, 47, 47, 46, 46, 48, 47, 45, 47,
    44, 48, 48, 45, 45, 44, 44, 47, 49, 46, 48, 45, 45, 46, 47, 45, 47,
    46, 46, 48, 47, 45, 49, 49 ]
