%YAML:1.0
---
videoName: "StaticHandsUp03.mp4"
gestureLabel: 3
fps: 29
pixelSizeInCmTemp: 3.3732394366197183e-01
faceCenterPointX: 279
faceCenterPointY: 106
LHandPositionsX: [ 319, 316, 317, 319, 316, 320, 320, 320, 319, 320, 316,
    317, 318, 316, 317, 320, 317, 317, 316, 319, 320, 320, 320, 320, 316,
    316, 316, 318, 320, 320, 317, 319, 319, 316, 319, 319, 318, 319, 320,
    318, 316, 319, 317, 316, 318, 317, 319, 318, 318, 319, 319, 315, 315,
    318, 318, 315, 317, 315, 317, 315, 319, 318, 319, 316, 316, 319, 318,
    319, 317, 317, 317, 317, 315, 319, 319, 317, 315, 316, 316, 318, 316,
    319, 318, 315, 318, 318, 316, 315 ]
LHandPositionsY: [ 56, 55, 57, 53, 53, 56, 54, 57, 57, 55, 54, 56, 53,
    56, 57, 55, 56, 53, 56, 57, 56, 56, 57, 55, 56, 55, 53, 56, 53, 53,
    55, 55, 56, 55, 57, 55, 54, 56, 54, 52, 52, 51, 51, 50, 54, 54, 53,
    52, 53, 52, 49, 48, 47, 50, 49, 49, 46, 49, 46, 46, 47, 49, 48, 45,
    45, 45, 49, 47, 47, 48, 48, 46, 44, 46, 43, 44, 44, 45, 43, 46, 43,
    44, 47, 43, 47, 45, 44, 45 ]
RHandPositionsX: [ 203, 200, 200, 202, 200, 204, 201, 203, 201, 201, 201,
    203, 204, 201, 203, 204, 202, 201, 203, 203, 203, 200, 201, 201, 204,
    202, 202, 203, 200, 204, 201, 203, 204, 204, 203, 203, 202, 204, 203,
    202, 201, 201, 201, 202, 204, 201, 200, 203, 202, 203, 202, 200, 200,
    200, 199, 202, 203, 199, 202, 199, 200, 200, 199, 201, 201, 199, 199,
    200, 202, 200, 203, 203, 200, 203, 203, 202, 203, 203, 203, 202, 200,
    200, 199, 203, 203, 199, 201, 201 ]
RHandPositionsY: [ 36, 38, 36, 40, 40, 40, 40, 40, 39, 39, 40, 38, 39,
    40, 37, 37, 39, 39, 37, 36, 40, 40, 38, 37, 39, 40, 40, 38, 36, 38,
    36, 39, 40, 38, 39, 36, 36, 36, 40, 36, 37, 35, 37, 34, 34, 36, 34,
    34, 38, 34, 36, 36, 36, 38, 35, 38, 37, 37, 34, 38, 35, 36, 36, 37,
    37, 37, 36, 37, 36, 38, 36, 34, 34, 34, 34, 32, 35, 31, 31, 31, 32,
    32, 34, 33, 33, 31, 31, 35 ]
