%YAML:1.0
---
videoName: "StaticHandsUp03.mp4"
gestureLabel: 3
fps: 29
pixelSizeInCmTemp: 3.3732394366197183e-01
faceCenterPointX: 279
faceCenterPointY: 106
LHandPositionsX: [ 319, 319, 318, 318, 317, 318, 320, 318, 319, 317, 317,
    316, 317, 319, 320, 316, 318, 317, 320, 318, 319, 316, 316, 316, 316,
    319, 318, 316, 318, 319, 316, 317, 317, 318, 316, 317, 316, 320, 319,
    320, 319, 319, 320, 318, 318, 320, 318, 315, 319, 318, 316, 318, 315,
    319, 318, 319, 317, 316, 316, 315, 317, 319, 317, 319, 316, 319, 319,
    315, 317, 315, 315, 315, 315, 316, 316, 317, 316, 316, 316, 318, 317,
    316, 319, 318, 319, 318, 316, 316 ]
LHandPositionsY: [ 54, 55, 55, 55, 53, 57, 57, 53, 54, 54, 57, 53, 55,
    55, 56, 54, 53, 57, 55, 57, 54, 55, 53, 54, 55, 54, 54, 55, 56, 55,
    57, 55, 53, 56, 57, 55, 56, 55, 52, 53, 54, 53, 54, 53, 50, 54, 53,
    49, 49, 51, 52, 51, 47, 48, 50, 47, 46, 50, 49, 49, 48, 49, 45, 45,
    46, 48, 45, 47, 48, 45, 48, 47, 48, 44, 44, 43, 47, 43, 47, 46, 46,
    45, 47, 46, 44, 46, 44, 44 ]
RHandPositionsX: [ 203, 204, 201, 201, 203, 202, 204, 201, 201, 202, 203,
    204, 204, 203, 201, 203, 201, 200, 200, 202, 200, 204, 203, 203, 200,
    202, 200, 201, 204, 204, 202, 200, 202, 202, 202, 204, 202, 202, 201,
    204, 202, 204, 202, 203, 203, 201, 204, 203, 202, 202, 202, 199, 201,
    199, 199, 200, 200, 200, 203, 200, 200, 199, 200, 203, 203, 199, 203,
    202, 200, 199, 199, 202, 199, 200, 199, 200, 203, 201, 203, 199, 199,
    199, 201, 203, 199, 200, 200, 202 ]
RHandPositionsY: [ 37, 37, 38, 39, 38, 36, 36, 38, 38, 40, 36, 38, 36,
    40, 38, 40, 36, 36, 40, 40, 38, 39, 37, 37, 40, 36, 38, 36, 37, 36,
    36, 39, 38, 36, 36, 37, 36, 39, 38, 39, 39, 37, 35, 37, 37, 38, 36,
    36, 37, 37, 36, 34, 35, 38, 35, 36, 34, 37, 34, 38, 36, 37, 35, 37,
    34, 38, 36, 37, 38, 35, 34, 37, 37, 33, 32, 31, 34, 35, 34, 33, 32,
    34, 31, 35, 31, 32, 34, 31 ]
