%YAML:1.0
---
videoName: "StaticHandsUp03.mp4"
gestureLabel: 3
fps: 29
pixelSizeInCmTemp: 3.3732394366197183e-01
faceCenterPointX: 279
faceCenterPointY: 106
LHandPositionsX: [ 318, 320, 320, 319, 318, 319, 317, 318, 319, 318, 318,
    316, 318, 318, 316, 318, 317, 319, 316, 319, 319, 320, 318, 316, 319,
    316, 317, 316, 319, 320, 320, 317, 320, 318, 317, 320, 318, 319, 318,
    317, 319, 320, 320, 320, 320, 318, 317, 315, 316, 316, 316, 318, 316,
    315, 317, 317, 316, 317, 317, 317, 317, 317, 318, 318, 315, 317, 315,
    315, 317, 316, 319, 319, 316, 316, 315, 315, 319, 315, 317, 315, 318,
    315, 319, 318, 317, 315, 319, 316 ]
LHandPositionsY: [ 54, 54, 55, 53, 56, 53, 55, 55, 56, 56, 53, 57, 57,
    57, 56, 53, 57, 55, 55, 54, 53, 54, 57, 57, 53, 55, 55, 57, 54, 57,
    54, 54, 54, 56, 57, 57, 57, 55, 52, 56, 54, 52, 52, 52, 50, 53, 51,
    49, 51, 50, 49, 50, 47, 50, 50, 48, 50, 46, 50, 49, 48, 49, 49, 48,
    46, 48, 48, 45, 46, 44, 47, 47, 48, 46, 43, 46, 47, 44, 47, 46, 46,
    43, 46, 46, 43, 47, 45, 46 ]
RHandPositionsX: [ 204, 203, 200, 202, 201, 204, 200, 204, 203, 201, 200,
    200, 200, 201, 202, 201, 202, 203, 200, 203, 203, 202, 204, 202, 201,
    201, 203, 202, 204, 202, 201, 203, 202, 202, 200, 201, 200, 204, 204,
    204, 200, 203, 200, 203, 201, 201, 201, 200, 201, 204, 203, 201, 202,
    200, 202, 201, 202, 202, 200, 202, 202, 200, 201, 202, 202, 202, 202,
    199, 201, 200, 200, 199, 203, 201, 202, 200, 201, 202, 199, 202, 200,
    200, 199, 202, 199, 202, 203, 199 ]
RHandPositionsY: [ 39, 40, 38, 37, 37, 36, 37, 38, 39, 40, 39, 39, 38,
    37, 37, 39, 40, 36, 40, 40, 38, 40, 37, 36, 39, 40, 39, 40, 38, 40,
    40, 39, 36, 38, 38, 40, 36, 37, 40, 40, 38, 35, 38, 37, 37, 36, 36,
    38, 35, 34, 37, 34, 36, 35, 34, 35, 34, 34, 35, 37, 36, 34, 34, 37,
    35, 36, 35, 34, 35, 37, 34, 34, 37, 34, 35, 32, 31, 31, 35, 31, 33,
    31, 35, 31, 31, 32, 32, 33 ]
