%YAML:1.0
---
videoName: "StaticHandsUp03.mp4"
gestureLabel: 3
fps: 29
pixelSizeInCmTemp: 3.3732394366197183e-01
faceCenterPointX: 279
faceCenterPointY: 106
LHandPositionsX: [ 319, 319, 318, 316, 317, 316, 316, 317, 318, 320, 319,
    316, 316, 320, 317, 319, 319, 318, 320, 318, 319, 319, 319, 318, 319,
    316, 317, 317, 320, 319, 319, 318, 318, 317, 316, 316, 317, 316, 319,
    320, 318, 319, 318, 319, 319, 320, 319, 316, 317, 315, 318, 316, 317,
    318, 319, 319, 318, 319, 316, 319, 317, 318, 315, 316, 316, 318, 316,
    319, 318, 317, 316, 315, 318, 315, 315, 317, 316, 317, 315, 316, 318,
    317, 318, 315, 317, 318, 315, 315 ]
LHandPositionsY: [ 57, 54, 53, 57, 57, 54, 56, 56, 55, 53, 54, 54, 54,
    54, 55, 56, 54, 53, 55, 55, 54, 55, 56, 56, 55, 56, 53, 54, 55, 54,
    55, 53, 53, 53, 53, 57, 54, 52, 54, 53, 55, 53, 53, 50, 50, 54, 53,
    51, 53, 49, 51, 52, 48, 51, 51, 51, 46, 50, 49, 48, 46, 47, 48, 45,
    46, 48, 48, 49, 47, 44, 45, 47, 44, 46, 43, 43, 47, 44, 44, 43, 44,
    44, 47, 47, 46, 47, 43, 46 ]
RHandPositionsX: [ 202, 204, 201, 203, 203, 204, 202, 204, 204, 203, 201,
    202, 201, 203, 200, 200, 200, 200, 204, 204, 204, 201, 201, 202, 200,
    203, 202, 203, 200, 204, 200, 203, 203, 203, 201, 204, 204, 203, 204,
    200, 202, 200, 201, 201, 204, 202, 201, 204, 202, 202, 201, 202, 202,
    201, 201, 199, 200, 199, 200, 200, 203, 200, 199, 199, 202, 203, 200,
    199, 203, 203, 203, 202, 203, 203, 199, 200, 202, 201, 201, 202, 199,
    201, 203, 199, 201, 202, 201, 203 ]
RHandPositionsY: [ 37, 39, 40, 37, 40, 37, 36, 39, 40, 36, 36, 39, 38,
    40, 38, 40, 36, 39, 40, 40, 40, 38, 40, 38, 37, 39, 36, 39, 39, 38,
    36, 38, 40, 38, 36, 40, 38, 37, 37, 40, 36, 35, 39, 34, 33, 35, 35,
    38, 35, 38, 34, 37, 34, 38, 37, 38, 37, 38, 36, 36, 38, 35, 36, 37,
    38, 37, 37, 38, 34, 37, 35, 35, 33, 36, 35, 33, 32, 32, 31, 34, 35,
    33, 33, 34, 31, 35, 34, 31 ]
