%YAML:1.0
---
videoName: "StaticHandsUp03.mp4"
gestureLabel: 3
fps: 29
pixelSizeInCmTemp: 3.3732394366197183e-01
faceCenterPointX: 279
faceCenterPointY: 106
LHandPositionsX: [ 317, 319, 317, 320, 317, 320, 318, 317, 320, 316, 320,
    318, 319, 319, 319, 319, 319, 316, 317, 318, 316, 318, 316, 320, 318,
    316, 316, 320, 317, 320, 318, 317, 317, 319, 320, 319, 320, 318, 317,
    317, 318, 319, 320, 320, 319, 319, 316, 319, 316, 319, 317, 316, 316,
    318, 318, 317, 315, 316, 315, 316, 317, 318, 315, 316, 316, 316, 315,
    319, 315, 318, 316, 316, 316, 315, 316, 318, 319, 315, 316, 317, 319,
    316, 317, 316, 319, 319, 319, 317 ]
LHandPositionsY: [ 54, 54, 56, 54, 53, 56, 54, 57, 55, 54, 56, 57, 56,
    57, 56, 57, 55, 53, 56, 54, 54, 53, 54, 53, 57, 56, 55, 56, 54, 53,
    57, 54, 55, 53, 56, 54, 54, 54, 52, 53, 55, 54, 53, 51, 51, 53, 52,
    53, 50, 52, 52, 49, 50, 50, 50, 49, 49, 47, 49, 49, 46, 48, 48, 45,
    49, 48, 46, 46, 49, 47, 46, 45, 46, 44, 43, 45, 44, 46, 47, 44, 45,
    43, 47, 45, 47, 45, 44, 45 ]
RHandPositionsX: [ 202, 201, 201, 201, 203, 204, 202, 200, 201, 202, 202,
    202, 204, 202, 203, 200, 204, 201, 204, 204, 203, 202, 203, 204, 201,
    201, 204, 200, 201, 203, 203, 201, 204, 203, 200, 201, 201, 200, 204,
    203, 202, 201, 203, 202, 202, 200, 204, 200, 202, 200, 202, 200, 200,
    199, 202, 200, 201, 203, 202, 203, 200, 201, 203, 200, 203, 199, 201,
    202, 202, 203, 199, 202, 202, 201, 200, 203, 203, 203, 200, 203, 200,
    203, 200, 201, 200, 199, 203, 200 ]
RHandPositionsY: [ 36, 38, 38, 39, 36, 37, 40, 37, 40, 36, 40, 38, 36,
    37, 39, 36, 39, 39, 38, 37, 39, 40, 40, 40, 39, 40, 40, 36, 37, 37,
    39, 39, 40, 38, 39, 37, 39, 36, 40, 37, 38, 35, 38, 37, 34, 34, 37,
    38, 34, 37, 35, 36, 34, 38, 38, 36, 38, 38, 37, 35, 35, 36, 38, 35,
    36, 35, 38, 34, 37, 38, 37, 38, 37, 33, 32, 31, 33, 35, 34, 35, 32,
    33, 32, 34, 35, 34, 32, 35 ]
