%YAML:1.0
---
videoName: "StaticHandsUp03.mp4"
gestureLabel: 3
fps: 29
pixelSizeInCmTemp: 3.3732394366197183e-01
faceCenterPointX: 279
faceCenterPointY: 106
LHandPositionsX: [ 320, 317, 318, 316, 319, 319, 318, 319, 317, 318, 320,
    317, 316, 319, 318, 320, 317, 319, 320, 318, 316, 318, 320, 316, 320,
    317, 318, 319, 319, 316, 317, 320, 317, 316, 319, 318, 316, 316, 318,
    317, 316, 320, 318, 320, 318, 319, 320, 319, 319, 315, 316, 319, 317,
    315, 319, 318, 319, 317, 316, 315, 317, 317, 317, 315, 319, 317, 317,
    316, 317, 315, 315, 317, 318, 315, 317, 317, 317, 319, 315, 317, 315,
    317, 319, 317, 318, 317, 317, 316 ]
LHandPositionsY: [ 56, 54, 54, 53, 56, 57, 55, 53, 55, 53, 54, 56, 56,
    54, 53, 53, 54, 57, 55, 57, 54, 53, 57, 56, 54, 57, 56, 57, 57, 54,
    57, 56, 53, 53, 54, 56, 54, 53, 53, 54, 55, 55, 55, 51, 52, 54, 52,
    52, 53, 52, 52, 49, 50, 47, 48, 51, 50, 46, 46, 47, 48, 46, 46, 48,
    46, 49, 49, 47, 49, 47, 44, 45, 47, 44, 44, 46, 47, 45, 47, 43, 47,
    45, 47, 47, 43, 46, 43, 46 ]
RHandPositionsX: [ 201, 201, 202, 203, 204, 202, 202, 201, 203, 203, 201,
    203, 203, 201, 202, 204, 200, 203, 202, 203, 203, 203, 204, 204, 202,
    203, 204, 200, 200, 200, 200, 200, 201, 200, 202, 202, 204, 203, 201,
    203, 200, 200, 202, 203, 202, 201, 203, 200, 204, 200, 200, 203, 202,
    203, 202, 199, 199, 200, 201, 199, 199, 199, 202, 201, 203, 200, 199,
    202, 203, 199, 200, 199, 200, 200, 199, 202, 202, 199, 203, 202, 201,
    200, 202, 203, 202, 203, 199, 202 ]
RHandPositionsY: [ 36, 38, 37, 37, 39, 38, 40, 36, 38, 37, 36, 37, 40,
    39, 39, 40, 39, 38, 37, 39, 40, 36, 37, 40, 39, 40, 38, 38, 39, 40,
    37, 40, 39, 38, 38, 36, 38, 38, 40, 36, 37, 37, 37, 35, 35, 35, 34,
    35, 36, 35, 38, 37, 36, 34, 36, 34, 37, 35, 37, 34, 37, 35, 35, 34,
    38, 38, 36, 36, 34, 36, 34, 37, 36, 34, 35, 31, 32, 34, 32, 31, 31,
    32, 35, 32, 32, 35, 31, 32 ]
