%YAML:1.0
---
videoName: "StaticHandsUp03.mp4"
gestureLabel: 3
fps: 29
pixelSizeInCmTemp: 3.3732394366197183e-01
faceCenterPointX: 279
faceCenterPointY: 106
LHandPositionsX: [ 319, 318, 319, 319, 320, 319, 319, 317, 316, 318, 320,
    318, 318, 320, 320, 317, 316, 318, 320, 318, 317, 317, 318, 320, 320,
    317, 320, 318, 319, 320, 318, 316, 319, 317, 319, 320, 319, 320, 320,
    320, 316, 320, 319, 319, 319, 319, 316, 317, 319, 316, 319, 316, 317,
    316, 319, 317, 316, 317, 316, 318, 318, 317, 315, 318, 316, 318, 319,
    317, 315, 318, 316, 316, 316, 318, 315, 315, 317, 315, 317, 319, 318,
    317, 318, 318, 318, 319, 318, 319 ]
LHandPositionsY: [ 55, 54, 55, 54, 56, 55, 54, 57, 53, 55, 53, 55, 55,
    57, 55, 53, 54, 57, 53, 54, 56, 57, 57, 54, 57, 54, 54, 55, 57, 54,
    55, 53, 57, 56, 55, 57, 56, 52, 53, 56, 52, 54, 51, 50, 50, 51, 53,
    49, 50, 51, 49, 48, 47, 51, 48, 51, 50, 47, 48, 49, 47, 47, 46, 47,
    46, 47, 48, 49, 46, 46, 47, 46, 48, 44, 43, 47, 47, 47, 44, 43, 44,
    44, 45, 45, 45, 45, 43, 45 ]
RHandPositionsX: [ 202, 204, 201, 200, 204, 202, 202, 202, 201, 201, 204,
    204, 202, 200, 204, 200, 201, 200, 200, 202, 200, 200, 203, 201, 200,
    203, 203, 203, 204, 202, 201, 201, 200, 200, 200, 203, 203, 200, 201,
    202, 200, 204, 204, 200, 201, 200, 200, 202, 202, 200, 203, 202, 199,
    199, 199, 200, 200, 200, 200, 200, 203, 201, 199, 199, 201, 200, 201,
    200, 200, 199, 202, 203, 203, 202, 200, 202, 203, 201, 201, 200, 202,
    199, 199, 203, 200, 202, 201, 200 ]
RHandPositionsY: [ 36, 36, 38, 36, 38, 37, 36, 40, 38, 38, 40, 38, 39,
    37, 39, 38, 37, 38, 37, 36, 37, 40, 37, 39, 37, 37, 39, 39, 37, 40,
    37, 39, 37, 36, 39, 38, 36, 36, 39, 39, 37, 35, 37, 34, 36, 38, 36,
    36, 38, 34, 35, 35, 36, 35, 35, 37, 38, 38, 35, 38, 37, 37, 37, 37,
    37, 35, 35, 38, 35, 35, 35, 36, 36, 35, 32, 32, 32, 33, 35, 32, 31,
    33, 34, 32, 31, 32, 33, 32 ]
