%YAML:1.0
---
videoName: "StaticHandsUp03.mp4"
gestureLabel: 3
fps: 29
pixelSizeInCmTemp: 3.3732394366197183e-01
faceCenterPointX: 279
faceCenterPointY: 106
LHandPositionsX: [ 320, 320, 317, 317, 317, 319, 318, 320, 318, 317, 318,
    318, 318, 319, 318, 316, 317, 317, 318, 316, 319, 316, 316, 319, 316,
    316, 318, 320, 318, 320, 318, 318, 317, 316, 320, 320, 317, 319, 318,
    317, 320, 317, 319, 318, 318, 316, 317, 318, 317, 318, 316, 319, 318,
    315, 316, 318, 318, 315, 317, 319, 319, 319, 318, 318, 316, 317, 319,
    319, 319, 318, 319, 316, 318, 315, 319, 319, 317, 319, 319, 316, 318,
    317, 319, 319, 318, 316, 319, 318 ]
LHandPositionsY: [ 56, 53, 53, 55, 56, 57, 57, 56, 55, 53, 57, 54, 56,
    53, 53, 56, 55, 53, 55, 56, 56, 57, 55, 56, 54, 54, 54, 55, 54, 56,
    56, 53, 54, 57, 55, 56, 53, 55, 56, 55, 54, 52, 52, 53, 51, 53, 50,
    53, 51, 52, 48, 50, 50, 51, 51, 47, 48, 47, 48, 49, 46, 46, 47, 47,
    48, 48, 49, 48, 49, 48, 46, 46, 47, 46, 43, 45, 46, 43, 44, 44, 45,
    46, 44, 45, 44, 45, 45, 45 ]
RHandPositionsX: [ 202, 203, 201, 203, 203, 200, 204, 203, 204, 203, 200,
    201, 202, 204, 201, 201, 204, 200, 202, 200, 201, 201, 201, 202, 200,
    204, 204, 203, 200, 200, 203, 203, 201, 202, 200, 200, 204, 203, 202,
    200, 200, 204, 203, 203, 204, 203, 200, 204, 201, 200, 200, 199, 199,
    202, 200, 199, 201, 200, 199, 203, 202, 202, 200, 199, 201, 202, 201,
    203, 199, 201, 203, 203, 199, 199, 201, 199, 200, 201, 202, 203, 201,
    202, 203, 203, 200, 199, 200, 201 ]
RHandPositionsY: [ 37, 37, 40, 40, 40, 38, 38, 37, 36, 37, 36, 37, 36,
    36, 36, 37, 40, 36, 39, 36, 38, 37, 39, 36, 36, 37, 40, 37, 39, 38,
    39, 36, 36, 38, 37, 38, 38, 39, 38, 36, 38, 36, 38, 35, 33, 36, 38,
    35, 37, 38, 38, 34, 37, 34, 38, 37, 36, 37, 34, 37, 38, 36, 37, 38,
    38, 34, 34, 38, 38, 38, 35, 34, 33, 36, 31, 34, 34, 33, 35, 33, 35,
    35, 33, 31, 31, 33, 33, 32 ]
