%YAML:1.0
---
videoName: "StaticHandsUp00.mp4"
gestureLabel: 3
fps: 29
pixelSizeInCmTemp: 3.4710144927536229e-01
faceCenterPointX: 281
faceCenterPointY: 110
LHandPositionsX: [ 386, 384, 388, 387, 385, 384, 385, 384, 388, 385, 388,
    384, 387, 387, 386, 384, 384, 384, 387, 385, 386, 385, 385, 387, 387,
    388, 384, 385, 387, 388, 384, 387, 386, 387, 384, 387, 387, 384, 388,
    385, 387, 386, 385, 388, 385, 385, 388, 387, 388, 386, 388, 384, 388,
    384, 385, 385, 386, 385, 388, 388, 388, 385, 387, 384, 387, 386, 387,
    384, 385, 385, 386, 388, 388, 385, 384, 385, 384, 387, 386, 384, 386,
    385, 386, 388, 386, 386, 384, 388 ]
LHandPositionsY: [ 41, 38, 41, 41, 40, 41, 39, 40, 40, 39, 38, 42, 41,
    38, 38, 42, 40, 39, 42, 40, 39, 39, 41, 42, 40, 38, 40, 41, 40, 42,
    38, 41, 42, 39, 41, 41, 39, 39, 39, 40, 39, 40, 39, 39, 40, 40, 42,
    39, 41, 41, 39, 39, 41, 42, 42, 38, 38, 38, 38, 39, 41, 40, 41, 41,
    40, 38, 39, 40, 41, 40, 40, 38, 39, 42, 42, 38, 38, 41, 38, 41, 41,
    39, 38, 39, 38, 42, 42, 38 ]
RHandPositionsX: [ 164, 166, 164, 164, 164, 165, 166, 167, 163, 163, 163,
    165, 166, 164, 166, 166, 165, 163, 167, 167, 167, 163, 166, 165, 167,
    165, 167, 165, 163, 164, 167, 165, 165, 164, 164, 166, 167, 163, 164,
    167, 166, 165, 165, 164, 164, 166, 167, 164, 165, 164, 165, 166, 167,
    164, 166, 165, 167, 165, 167, 163, 163, 164, 163, 166, 166, 165, 164,
    164, 166, 163, 163, 167, 166, 166, 164, 166, 167, 164, 165, 166, 166,
    164, 165, 167, 164, 167, 165, 165 ]
RHandPositionsY: [ 34, 35, 33, 36, 34, 34, 36, 36, 33, 37, 34, 33, 33,
    37, 33, 34, 36, 34, 33, 35, 36, 35, 36, 35, 36, 34, 33, 36, 33, 37,
    35, 36, 34, 37, 37, 36, 33, 33, 35, 36, 36, 33, 34, 37, 35, 35, 36,
    34, 34, 35, 36, 34, 34, 36, 35, 34, 36, 33, 37, 36, 36, 37, 33, 33,
    36, 35, 34, 36, 37, 35, 36, 33, 35, 33, 35, 35, 36, 34, 34, 36, 37,
    35, 34, 36, 37, 36, 36, 37 ]
