%YAML:1.0
---
videoName: "StaticHandsUp03.mp4"
gestureLabel: 3
fps: 29
pixelSizeInCmTemp: 3.3732394366197183e-01
faceCenterPointX: 279
faceCenterPointY: 106
LHandPositionsX: [ 318, 317, 319, 320, 319, 320, 319, 320, 317, 316, 317,
    320, 319, 316, 318, 318, 320, 320, 319, 320, 320, 318, 319, 320, 316,
    320, 316, 320, 319, 319, 317, 320, 318, 320, 316, 318, 319, 320, 316,
    318, 319, 318, 317, 317, 318, 316, 318, 317, 316, 318, 317, 318, 315,
    315, 317, 315, 317, 316, 318, 318, 318, 317, 317, 317, 317, 318, 315,
    317, 316, 319, 319, 319, 316, 318, 319, 317, 316, 317, 318, 316, 318,
    315, 316, 315, 319, 318, 315, 319 ]
LHandPositionsY: [ 55, 54, 54, 55, 54, 57, 56, 53, 53, 55, 57, 57, 56,
    54, 55, 54, 54, 53, 57, 54, 57, 56, 55, 54, 57, 55, 57, 57, 55, 57,
    57, 56, 54, 56, 57, 53, 57, 56, 54, 56, 51, 54, 54, 52, 50, 52, 49,
    50, 50, 50, 48, 49, 51, 48, 48, 49, 50, 50, 46, 47, 49, 46, 45, 49,
    45, 49, 46, 49, 49, 45, 45, 47, 46, 47, 43, 47, 44, 45, 43, 46, 46,
    47, 44, 46, 46, 43, 47, 43 ]
RHandPositionsX: [ 203, 204, 200, 204, 200, 201, 203, 203, 203, 201, 202,
    202, 203, 204, 201, 202, 203, 200, 201, 201, 203, 202, 203, 203, 200,
    203, 201, 202, 203, 200, 203, 202, 203, 200, 202, 204, 203, 200, 204,
    204, 203, 203, 202, 200, 204, 202, 204, 204, 202, 202, 203, 202, 203,
    201, 201, 203, 200, 203, 203, 201, 203, 201, 201, 201, 202, 202, 203,
    202, 199, 203, 202, 200, 202, 202, 203, 199, 202, 203, 199, 202, 203,
    202, 201, 202, 202, 199, 201, 203 ]
RHandPositionsY: [ 39, 36, 39, 40, 39, 38, 36, 39, 39, 38, 37, 39, 39,
    39, 38, 36, 36, 39, 37, 39, 36, 38, 36, 39, 37, 37, 38, 37, 37, 36,
    38, 38, 39, 39, 37, 36, 39, 40, 36, 40, 36, 38, 38, 37, 37, 37, 36,
    36, 37, 34, 34, 37, 38, 36, 35, 37, 37, 34, 36, 36, 34, 35, 35, 37,
    36, 36, 37, 38, 38, 37, 34, 36, 34, 34, 35, 35, 35, 34, 33, 33, 31,
    32, 32, 32, 35, 34, 31, 33 ]
