%YAML:1.0
---
videoName: "StaticHandsUp04.mp4"
gestureLabel: 3
fps: 29
pixelSizeInCmTemp: 3.4214285714285714e-01
faceCenterPointX: 286
faceCenterPointY: 105
LHandPositionsX: [ 444, 445, 447, 446, 445, 445, 446, 445, 447, 443, 443,
    446, 444, 444, 445, 446, 447, 446, 447, 443, 443, 446, 443, 446, 446,
    447, 443, 444, 444, 443, 447, 443, 443, 444, 443, 446, 446, 447, 444,
    443, 447, 444, 445, 447, 446, 443, 444, 447, 445, 443, 444, 443, 447,
    444, 447, 446, 443, 444, 443, 443, 445, 443, 446, 445, 444, 443, 447,
    447, 443, 447, 445, 443, 445, 447, 443, 444, 444, 447, 446, 444, 447,
    446, 443, 443, 447, 446, 443, 445 ]
LHandPositionsY: [ 66, 64, 67, 63, 67, 66, 65, 63, 63, 64, 66, 65, 66,
    65, 67, 67, 67, 63, 67, 64, 66, 67, 67, 65, 67, 66, 63, 67, 67, 65,
    64, 66, 66, 67, 64, 65, 67, 66, 65, 66, 64, 66, 64, 65, 63, 66, 63,
    66, 63, 65, 64, 64, 65, 67, 67, 67, 67, 65, 64, 65, 67, 65, 66, 66,
    66, 66, 64, 64, 66, 67, 66, 67, 63, 67, 64, 66, 66, 63, 63, 64, 67,
    63, 64, 67, 67, 67, 65, 65 ]
RHandPositionsX: [ 91, 91, 93, 91, 94, 92, 91, 91, 91, 91, 93, 92, 90,
    94, 93, 93, 91, 92, 91, 93, 90, 90, 94, 92, 92, 92, 93, 92, 94, 93,
    94, 91, 91, 91, 91, 92, 90, 90, 94, 94, 94, 93, 94, 90, 94, 90, 91,
    91, 91, 91, 90, 92, 91, 93, 92, 92, 92, 92, 92, 93, 90, 94, 92, 92,
    93, 91, 90, 93, 92, 90, 93, 92, 92, 91, 92, 93, 91, 92, 92, 90, 92,
    90, 91, 93, 91, 91, 91, 94 ]
RHandPositionsY: [ 44, 47, 43, 47, 44, 44, 44, 47, 46, 47, 46, 44, 43,
    46, 46, 43, 46, 44, 44, 44, 44, 43, 47, 46, 47, 45, 44, 45, 45, 43,
    47, 44, 46, 46, 44, 43, 47, 43, 43, 44, 43, 44, 45, 46, 43, 44, 43,
    44, 44, 43, 45, 47, 45, 46, 47, 46, 44, 45, 46, 47, 45, 46, 48, 45,
    45, 44, 47, 47, 45, 46, 47, 45, 45, 49, 47, 45, 49, 45, 46, 49, 47,
    49, 46, 49, 45, 46, 46, 49 ]
