%YAML:1.0
---
videoName: "headShake27.mp4"
gestureLabel: 5
fps: 29
pixelSizeInCmTemp: 3.3263888888888887e-01
faceCenterPointX: 244
faceCenterPointY: 78
headPositionsX: [ 244, 246, 246, 249, 250, 252, 254, 254, 255, 256, 256,
    256, 254, 254, 253, 250, 248, 246, 244, 242, 241, 238, 237, 236, 234,
    234, 232, 232, 231, 233, 233, 234, 234, 235, 238, 240, 240, 242, 245,
    247, 248, 248, 249, 249, 250, 250, 250, 249, 248, 247, 246, 243, 242,
    241, 237, 237, 235, 233, 234, 233, 232, 233, 234, 234, 235, 236, 236,
    238, 241, 240, 242, 244, 245, 246, 248, 247, 248, 248, 248, 247, 247,
    247, 246, 246, 246, 246, 245, 246, 245, 245, 245, 244, 244, 244, 245,
    244, 244, 244, 245, 244 ]
headPositionsY: [ 78, 78, 77, 77, 77, 76, 77, 76, 76, 76, 76, 76, 76, 76,
    79, 78, 79, 78, 78, 78, 79, 78, 78, 79, 78, 79, 78, 78, 78, 78, 79,
    79, 79, 78, 79, 79, 79, 79, 80, 79, 80, 79, 80, 79, 80, 79, 80, 79,
    79, 79, 80, 79, 79, 80, 78, 80, 79, 78, 79, 78, 78, 78, 79, 79, 79,
    79, 79, 79, 80, 79, 79, 80, 78, 79, 79, 80, 79, 80, 79, 80, 78, 80,
    79, 80, 80, 79, 80, 80, 79, 80, 80, 79, 79, 80, 80, 79, 79, 79, 79,
    80 ]
