%YAML:1.0
---
videoName: "headShake33.mp4"
gestureLabel: 5
fps: 29
pixelSizeInCmTemp: 3.2364864864864862e-01
faceCenterPointX: 244
faceCenterPointY: 84
headPositionsX: [ 244, 245, 245, 245, 245, 245, 246, 245, 245, 245, 245,
    244, 245, 245, 245, 245, 245, 244, 245, 245, 245, 248, 248, 250, 251,
    254, 257, 259, 260, 262, 262, 262, 263, 260, 259, 256, 253, 249, 245,
    241, 237, 235, 232, 230, 228, 227, 226, 227, 228, 232, 233, 237, 241,
    245, 250, 252, 256, 259, 258, 260, 260, 259, 258, 256, 254, 251, 247,
    245, 241, 238, 236, 234, 232, 231, 232, 233, 232, 233, 235, 236, 238,
    238, 240, 242, 244, 245, 245, 247, 247, 247, 247, 246, 246, 245, 245,
    245, 244, 244, 244, 244 ]
headPositionsY: [ 84, 83, 82, 83, 82, 83, 83, 82, 83, 82, 83, 82, 83, 82,
    83, 83, 82, 83, 83, 82, 83, 83, 83, 83, 82, 82, 81, 81, 81, 80, 81,
    81, 81, 82, 81, 82, 84, 83, 82, 83, 82, 83, 83, 82, 82, 82, 81, 82,
    83, 83, 83, 83, 83, 83, 83, 82, 81, 81, 81, 80, 81, 82, 82, 82, 83,
    84, 83, 83, 83, 83, 83, 84, 82, 82, 82, 82, 82, 83, 82, 83, 84, 83,
    83, 83, 83, 83, 83, 83, 83, 84, 83, 84, 83, 83, 83, 84, 82, 83, 83,
    83 ]
