%YAML:1.0
---
videoName: "headShake12.mp4"
gestureLabel: 5
fps: 29
pixelSizeInCmTemp: 3.2808219178082193e-01
faceCenterPointX: 241
faceCenterPointY: 76
headPositionsX: [ 241, 240, 240, 241, 242, 242, 242, 242, 242, 241, 243,
    242, 242, 242, 241, 242, 242, 241, 242, 242, 241, 242, 242, 242, 242,
    242, 242, 241, 242, 241, 242, 242, 242, 242, 241, 242, 242, 241, 242,
    241, 241, 241, 241, 241, 242, 241, 242, 241, 242, 242, 242, 242, 241,
    242, 241, 241, 241, 242, 243, 246, 248, 252, 254, 257, 258, 259, 257,
    252, 248, 242, 237, 233, 231, 232, 237, 241, 246, 249, 252, 254, 252,
    250, 248, 245, 241, 240, 236, 237, 236, 237, 238, 238, 239, 239, 240,
    240, 239, 240, 240, 240 ]
headPositionsY: [ 76, 72, 73, 72, 74, 73, 74, 73, 74, 73, 73, 74, 74, 73,
    74, 73, 74, 73, 74, 74, 73, 73, 75, 74, 73, 75, 74, 74, 74, 73, 74,
    73, 75, 74, 74, 74, 74, 74, 74, 74, 74, 74, 74, 74, 74, 74, 74, 74,
    74, 75, 74, 74, 74, 74, 74, 74, 74, 75, 74, 73, 73, 74, 73, 73, 73,
    73, 73, 74, 76, 76, 76, 76, 76, 76, 76, 76, 76, 75, 75, 75, 75, 75,
    76, 77, 76, 76, 75, 76, 76, 75, 76, 75, 76, 76, 77, 76, 76, 75, 77,
    76 ]
