%YAML:1.0
---
videoName: "LHShake03.mp4"
gestureLabel: 2
fps: 30
pixelSizeInCmTemp: 3.2808219178082193e-01
faceCenterPointX: 251
faceCenterPointY: 79
LHandPositionsX: [ 343, 346, 350, 355, 356, 356, 353, 348, 337, 327, 315,
    316, 316, 315, 315, 320, 325, 332, 335, 335, 340, 338, 334, 330, 325,
    323, 323, 322, 325, 330, 334, 341, 343, 339, 334, 322, 317, 313, 311,
    312, 315, 321, 327, 332, 335, 335, 332, 328, 324, 323, 324, 327, 332,
    338, 343, 343, 338, 335, 337, 336, 336, 328, 321, 318, 315, 312, 307,
    303, 301, 299, 297, 296, 296, 295, 294, 292, 291, 291, 291, 291, 290,
    290, 290, 288, 287, 287, 287, 286, 286, 285, 285 ]
LHandPositionsY: [ 141, 135, 127, 120, 114, 109, 105, 103, 97, 98, 105,
    105, 104, 100, 97, 94, 91, 88, 87, 87, 83, 86, 89, 88, 88, 89, 90,
    90, 88, 86, 86, 84, 80, 84, 85, 90, 93, 95, 96, 95, 91, 91, 90, 88,
    87, 88, 86, 87, 90, 91, 91, 92, 91, 87, 87, 88, 92, 95, 97, 101, 113,
    131, 142, 155, 166, 177, 186, 196, 206, 214, 222, 222, 225, 228, 232,
    236, 240, 243, 246, 249, 249, 249, 250, 252, 254, 253, 253, 253, 253,
    253, 253 ]
RHandPositionsX: [ 214, 214, 214, 214, 214, 214, 213, 213, 213, 213, 213,
    213, 213, 213, 213, 213, 213, 213, 213, 213, 213, 213, 213, 213, 213,
    213, 213, 213, 213, 213, 213, 213, 213, 213, 213, 213, 213, 213, 213,
    213, 213, 213, 213, 213, 213, 213, 213, 213, 213, 213, 213, 213, 213,
    213, 213, 213, 212, 212, 212, 212, 212, 212, 212, 212, 212, 212, 212,
    212, 212, 212, 212, 212, 212, 212, 212, 212, 212, 212, 212, 212, 212,
    212, 212, 212, 212, 212, 212, 212, 212, 212, 212 ]
RHandPositionsY: [ 257, 256, 256, 256, 255, 254, 254, 254, 254, 254, 254,
    254, 254, 254, 254, 254, 254, 254, 254, 253, 253, 253, 253, 253, 253,
    253, 253, 253, 253, 253, 253, 253, 253, 253, 253, 253, 253, 253, 253,
    253, 253, 253, 253, 253, 253, 253, 253, 253, 253, 253, 253, 253, 253,
    253, 253, 253, 253, 253, 253, 253, 253, 253, 253, 253, 253, 253, 253,
    253, 253, 253, 253, 253, 253, 253, 253, 253, 253, 253, 253, 253, 253,
    253, 253, 253, 253, 253, 253, 253, 253, 253, 253 ]
