%YAML:1.0
---
videoName: "LHShake16.mp4"
gestureLabel: 2
fps: 30
pixelSizeInCmTemp: 3.3732394366197183e-01
faceCenterPointX: 247
faceCenterPointY: 66
LHandPositionsX: [ 324, 324, 325, 327, 329, 337, 345, 353, 363, 373, 383,
    393, 403, 410, 406, 402, 400, 391, 376, 363, 355, 357, 364, 371, 381,
    399, 395, 392, 390, 385, 374, 369, 370, 370, 371, 380, 389, 388, 402,
    396, 385, 374, 367, 367, 365, 370, 374, 384, 399, 407, 397, 385, 372,
    363, 363, 362, 363, 368, 375, 392, 387, 384, 388, 382, 374, 366, 357,
    349, 344, 335, 334, 332, 331, 330, 330, 329, 329, 329, 329, 329, 328,
    328, 327, 327, 327, 327, 326, 326, 326, 326, 326 ]
LHandPositionsY: [ 254, 254, 253, 252, 251, 245, 234, 222, 209, 195, 181,
    168, 154, 148, 142, 136, 123, 116, 117, 112, 118, 119, 125, 116, 114,
    115, 117, 118, 117, 116, 121, 130, 130, 134, 127, 119, 119, 121, 120,
    118, 117, 127, 133, 132, 135, 136, 131, 126, 125, 123, 122, 130, 137,
    144, 144, 145, 146, 144, 134, 127, 129, 129, 125, 132, 142, 151, 160,
    170, 181, 197, 206, 215, 225, 227, 231, 234, 237, 237, 238, 239, 240,
    241, 242, 243, 244, 243, 243, 243, 243, 243, 243 ]
RHandPositionsX: [ 177, 177, 177, 177, 177, 177, 177, 177, 177, 177, 177,
    177, 177, 177, 177, 177, 177, 177, 177, 177, 177, 177, 177, 177, 177,
    177, 177, 177, 177, 177, 177, 177, 177, 177, 177, 177, 177, 177, 177,
    177, 177, 177, 177, 177, 177, 177, 177, 177, 177, 177, 177, 177, 177,
    177, 177, 177, 177, 177, 177, 177, 177, 177, 177, 177, 177, 177, 177,
    177, 177, 177, 177, 177, 177, 177, 177, 177, 177, 177, 177, 177, 177,
    177, 177, 177, 177, 177, 177, 177, 177, 177, 177 ]
RHandPositionsY: [ 260, 260, 260, 260, 260, 260, 260, 260, 260, 260, 260,
    260, 260, 260, 260, 260, 260, 260, 260, 260, 260, 260, 260, 260, 260,
    260, 260, 260, 260, 260, 260, 260, 260, 260, 260, 260, 260, 260, 260,
    260, 260, 260, 260, 260, 260, 260, 260, 260, 260, 260, 260, 260, 260,
    260, 260, 260, 260, 260, 260, 260, 260, 260, 260, 260, 260, 260, 260,
    260, 260, 260, 260, 260, 260, 260, 260, 260, 260, 260, 260, 260, 260,
    260, 260, 260, 260, 260, 260, 260, 260, 260, 260 ]
