%YAML:1.0
---
videoName: "headLookRight2.mp4"
gestureLabel: 204
fps: 29
pixelSizeInCmTemp: 3.8015873015873014e-01
faceCenterPointX: 228
faceCenterPointY: 68
headPositionsX: [ 226, 249, 252, 253, 252, 249, 250, 253, 250, 252, 250,
    250, 252, 251, 250, 254, 254, 254, 253, 251, 254, 252, 253, 250, 254,
    253, 254, 254, 251, 252, 255, 255, 251, 252, 256, 254, 253, 251, 251,
    253, 252, 254, 251, 252, 251, 255, 253, 251, 249, 247, 248, 244, 247,
    240, 241, 236, 232, 233, 233, 231, 230, 228, 231, 227, 226, 225, 226,
    227, 225, 225, 226, 230, 229, 228, 228, 228, 230, 230, 231, 227, 229,
    229, 227, 227, 231, 230, 232, 225, 227, 226, 225, 229, 230, 228, 228,
    228, 228, 229, 225, 231 ]
headPositionsY: [ 67, 65, 66, 66, 69, 68, 69, 70, 69, 70, 67, 71, 70, 68,
    71, 68, 72, 70, 67, 70, 71, 68, 67, 69, 70, 70, 70, 72, 69, 68, 70,
    71, 67, 69, 69, 67, 69, 67, 70, 67, 68, 71, 67, 69, 68, 69, 68, 68,
    70, 70, 70, 68, 68, 68, 67, 68, 68, 68, 68, 68, 65, 70, 70, 65, 69,
    70, 68, 66, 71, 69, 70, 68, 70, 69, 69, 68, 72, 73, 69, 69, 71, 68,
    71, 73, 69, 67, 68, 70, 69, 68, 70, 69, 71, 69, 69, 67, 71, 68, 69,
    69 ]
