%YAML:1.0
---
videoName: "headLookRight3.mp4"
gestureLabel: 204
fps: 29
pixelSizeInCmTemp: 3.5746268656716418e-01
faceCenterPointX: 232
faceCenterPointY: 71
headPositionsX: [ 233, 252, 251, 251, 251, 251, 255, 254, 251, 255, 256,
    253, 253, 255, 254, 256, 253, 256, 256, 255, 256, 253, 255, 255, 255,
    254, 256, 253, 253, 256, 252, 253, 254, 257, 254, 255, 252, 253, 252,
    250, 250, 247, 247, 246, 243, 243, 240, 238, 237, 237, 235, 231, 232,
    231, 233, 232, 233, 233, 231, 233, 232, 233, 232, 232, 230, 230, 232,
    233, 231, 230, 234, 233, 232, 232, 231, 234, 234, 230, 232, 232, 238,
    232, 232, 232, 232, 235, 230, 232, 232, 233, 232, 234, 233, 231, 234,
    232, 232, 234, 236, 230 ]
headPositionsY: [ 71, 70, 68, 67, 71, 71, 70, 69, 70, 69, 70, 68, 72, 69,
    72, 73, 73, 70, 71, 70, 70, 72, 69, 70, 73, 72, 70, 70, 70, 72, 69,
    72, 69, 72, 70, 73, 71, 71, 71, 73, 73, 69, 70, 70, 69, 68, 72, 70,
    69, 71, 72, 69, 73, 72, 71, 70, 73, 73, 71, 74, 71, 71, 73, 74, 73,
    73, 75, 73, 73, 74, 70, 69, 71, 69, 69, 70, 70, 70, 70, 74, 74, 72,
    72, 72, 70, 70, 72, 71, 73, 69, 71, 70, 73, 69, 69, 72, 71, 70, 70,
    72 ]
