%YAML:1.0
---
videoName: "headLookRight7.mp4"
gestureLabel: 204
fps: 30
pixelSizeInCmTemp: 3.4710144927536229e-01
faceCenterPointX: 226
faceCenterPointY: 74
headPositionsX: [ 226, 248, 250, 249, 249, 252, 250, 250, 252, 248, 251,
    249, 248, 251, 250, 247, 248, 249, 250, 251, 248, 250, 249, 251, 249,
    248, 247, 247, 245, 243, 244, 242, 241, 237, 238, 231, 232, 227, 230,
    226, 228, 226, 221, 221, 223, 220, 222, 224, 222, 220, 223, 225, 226,
    225, 226, 224, 222, 223, 223, 225, 225, 222, 222, 221, 226, 223, 225,
    225, 222, 226, 217, 226, 226, 224, 222, 223, 223, 225, 224, 221, 222,
    224, 224, 223, 225, 224, 224, 226, 224, 225, 225, 220, 220, 225, 227,
    224, 225, 223, 223, 224 ]
headPositionsY: [ 75, 74, 74, 75, 76, 77, 76, 76, 72, 77, 75, 76, 73, 72,
    75, 76, 75, 77, 75, 76, 76, 76, 73, 74, 76, 73, 75, 74, 75, 76, 74,
    77, 73, 73, 76, 77, 75, 77, 75, 73, 74, 74, 74, 75, 74, 71, 72, 73,
    74, 76, 72, 74, 77, 72, 75, 73, 74, 74, 74, 74, 74, 73, 74, 75, 72,
    72, 73, 71, 75, 75, 78, 73, 74, 76, 76, 71, 75, 70, 75, 71, 75, 77,
    76, 74, 74, 77, 74, 73, 72, 73, 75, 75, 73, 76, 72, 72, 72, 73, 75,
    75 ]
