%YAML:1.0
---
videoName: "headLookRight1.mp4"
gestureLabel: 204
fps: 29
pixelSizeInCmTemp: 3.3263888888888887e-01
faceCenterPointX: 232
faceCenterPointY: 68
headPositionsX: [ 231, 256, 257, 254, 254, 256, 256, 258, 256, 255, 254,
    256, 255, 255, 255, 256, 258, 256, 255, 257, 256, 255, 256, 255, 256,
    253, 254, 257, 254, 254, 253, 252, 252, 249, 247, 247, 242, 239, 236,
    237, 233, 235, 231, 231, 229, 233, 230, 228, 230, 229, 232, 233, 229,
    232, 230, 234, 234, 237, 232, 236, 233, 230, 229, 230, 231, 231, 228,
    235, 233, 234, 232, 233, 233, 231, 236, 233, 233, 230, 230, 234, 231,
    232, 230, 233, 232, 229, 233, 231, 233, 235, 233, 229, 233, 233, 233,
    232, 231, 230, 234, 233 ]
headPositionsY: [ 67, 67, 70, 66, 68, 66, 69, 70, 68, 70, 67, 69, 68, 68,
    66, 67, 68, 67, 70, 69, 68, 71, 66, 66, 68, 71, 70, 70, 67, 70, 68,
    70, 66, 67, 69, 67, 69, 65, 69, 69, 70, 66, 68, 66, 65, 69, 68, 67,
    66, 66, 71, 69, 71, 69, 70, 66, 67, 66, 66, 68, 69, 66, 69, 70, 68,
    67, 68, 67, 69, 70, 66, 69, 67, 70, 70, 70, 67, 68, 67, 70, 66, 67,
    69, 66, 70, 68, 67, 67, 70, 71, 71, 68, 67, 70, 69, 66, 70, 69, 68,
    69 ]
