%YAML:1.0
---
videoName: "headLookRight9.mp4"
gestureLabel: 204
fps: 29
pixelSizeInCmTemp: 2.8511904761904761e-01
faceCenterPointX: 217
faceCenterPointY: 75
headPositionsX: [ 219, 245, 244, 242, 243, 244, 245, 243, 242, 245, 245,
    241, 244, 244, 242, 245, 241, 244, 244, 242, 244, 240, 242, 242, 242,
    244, 244, 242, 242, 243, 242, 241, 236, 233, 233, 230, 230, 222, 223,
    220, 218, 220, 216, 217, 217, 217, 217, 215, 216, 215, 215, 213, 212,
    214, 213, 214, 213, 214, 214, 217, 214, 215, 215, 215, 219, 217, 217,
    215, 217, 214, 216, 209, 208, 218, 215, 217, 213, 212, 217, 218, 215,
    219, 213, 218, 217, 218, 216, 217, 217, 218, 219, 210, 214, 214, 215,
    216, 218, 218, 217, 218 ]
headPositionsY: [ 75, 74, 76, 76, 76, 72, 76, 73, 73, 76, 76, 75, 77, 73,
    73, 74, 74, 72, 75, 75, 72, 76, 73, 75, 76, 74, 72, 74, 74, 73, 74,
    75, 75, 74, 72, 73, 71, 74, 72, 75, 76, 71, 74, 78, 70, 74, 70, 73,
    73, 73, 71, 69, 73, 75, 76, 73, 72, 74, 70, 71, 70, 71, 74, 70, 76,
    79, 73, 72, 73, 71, 72, 79, 80, 72, 72, 71, 73, 72, 74, 72, 74, 72,
    70, 71, 71, 72, 69, 74, 72, 70, 75, 69, 72, 75, 73, 72, 75, 72, 72,
    76 ]
