%YAML:1.0
---
videoName: "headLookRight5.mp4"
gestureLabel: 204
fps: 29
pixelSizeInCmTemp: 3.1513157894736843e-01
faceCenterPointX: 228
faceCenterPointY: 76
headPositionsX: [ 229, 249, 247, 251, 251, 248, 250, 248, 250, 249, 248,
    250, 251, 249, 251, 247, 251, 249, 251, 249, 246, 247, 250, 248, 249,
    251, 247, 247, 251, 247, 249, 249, 248, 245, 243, 242, 238, 237, 235,
    232, 229, 228, 225, 227, 224, 225, 226, 225, 225, 227, 226, 225, 222,
    226, 226, 227, 223, 228, 223, 226, 223, 222, 228, 226, 227, 227, 224,
    226, 224, 227, 227, 225, 227, 226, 224, 224, 228, 229, 226, 224, 222,
    225, 227, 226, 226, 226, 226, 225, 223, 226, 223, 227, 222, 226, 226,
    224, 226, 224, 225, 226 ]
headPositionsY: [ 76, 76, 74, 73, 75, 74, 72, 76, 75, 76, 72, 75, 72, 74,
    73, 76, 73, 76, 77, 76, 76, 73, 76, 74, 74, 75, 74, 75, 73, 77, 75,
    77, 77, 74, 77, 73, 71, 72, 75, 73, 71, 76, 73, 73, 75, 76, 72, 73,
    72, 74, 73, 76, 74, 74, 73, 77, 76, 76, 73, 75, 77, 76, 74, 72, 77,
    74, 76, 73, 72, 75, 74, 75, 73, 77, 73, 72, 74, 74, 76, 69, 76, 74,
    75, 77, 72, 73, 75, 75, 73, 75, 72, 74, 75, 75, 74, 76, 72, 75, 75,
    76 ]
