%YAML:1.0
---
videoName: "headLookRight6.mp4"
gestureLabel: 204
fps: 29
pixelSizeInCmTemp: 3.8015873015873014e-01
faceCenterPointX: 226
faceCenterPointY: 72
headPositionsX: [ 227, 249, 248, 249, 250, 248, 250, 249, 250, 249, 248,
    248, 251, 247, 252, 251, 252, 249, 250, 253, 249, 250, 249, 249, 249,
    248, 251, 251, 250, 249, 250, 252, 249, 250, 246, 247, 243, 239, 239,
    235, 231, 232, 227, 228, 225, 227, 228, 226, 223, 227, 225, 227, 225,
    224, 226, 228, 227, 225, 228, 229, 231, 226, 228, 222, 227, 227, 223,
    229, 227, 229, 229, 227, 226, 227, 225, 225, 227, 228, 226, 229, 226,
    226, 227, 225, 224, 228, 227, 230, 228, 227, 228, 226, 229, 227, 226,
    229, 227, 228, 227, 224 ]
headPositionsY: [ 74, 73, 69, 74, 74, 70, 72, 71, 74, 73, 74, 72, 73, 72,
    74, 72, 72, 73, 75, 74, 74, 76, 74, 76, 74, 73, 75, 73, 72, 73, 75,
    77, 74, 76, 73, 75, 76, 75, 72, 71, 73, 75, 74, 77, 73, 75, 73, 70,
    75, 73, 74, 69, 75, 73, 72, 75, 74, 74, 70, 76, 74, 73, 75, 73, 75,
    70, 74, 73, 75, 76, 74, 75, 73, 74, 73, 70, 74, 75, 75, 77, 75, 73,
    73, 72, 73, 74, 76, 76, 76, 76, 71, 76, 75, 75, 72, 75, 71, 75, 74,
    69 ]
