%YAML:1.0
---
videoName: "headLookRight8.mp4"
gestureLabel: 204
fps: 29
pixelSizeInCmTemp: 3.1513157894736843e-01
faceCenterPointX: 218
faceCenterPointY: 80
headPositionsX: [ 217, 248, 247, 248, 247, 247, 248, 249, 249, 250, 248,
    249, 244, 247, 244, 247, 249, 247, 247, 243, 244, 247, 245, 246, 247,
    248, 245, 247, 244, 245, 246, 248, 247, 246, 247, 249, 247, 245, 247,
    248, 244, 247, 244, 247, 245, 247, 247, 246, 245, 245, 247, 247, 245,
    247, 247, 247, 246, 248, 244, 248, 246, 247, 248, 246, 246, 247, 243,
    244, 244, 241, 244, 239, 237, 232, 233, 226, 227, 221, 224, 221, 220,
    220, 217, 215, 220, 216, 219, 219, 218, 220, 218, 220, 218, 217, 220,
    220, 219, 220, 218, 218 ]
headPositionsY: [ 82, 76, 73, 72, 74, 73, 76, 72, 73, 73, 74, 75, 75, 75,
    74, 74, 75, 77, 77, 73, 77, 76, 76, 76, 77, 75, 75, 78, 77, 75, 78,
    77, 75, 77, 77, 79, 78, 76, 77, 75, 77, 75, 78, 78, 75, 75, 75, 78,
    79, 75, 74, 77, 76, 80, 75, 79, 75, 79, 79, 76, 77, 78, 76, 79, 79,
    75, 79, 78, 77, 75, 78, 78, 77, 75, 78, 74, 76, 74, 73, 74, 75, 80,
    71, 80, 75, 82, 80, 79, 81, 80, 81, 81, 76, 76, 74, 79, 82, 80, 81,
    81 ]
