%YAML:1.0
---
videoName: "headLookRight7.mp4"
gestureLabel: 204
fps: 30
pixelSizeInCmTemp: 3.4710144927536229e-01
faceCenterPointX: 226
faceCenterPointY: 74
headPositionsX: [ 226, 249, 250, 251, 251, 248, 247, 251, 251, 250, 249,
    252, 248, 251, 248, 251, 247, 249, 250, 249, 247, 247, 251, 251, 250,
    248, 247, 250, 246, 245, 242, 244, 240, 239, 238, 232, 233, 226, 230,
    226, 225, 223, 224, 224, 221, 221, 224, 223, 223, 223, 224, 227, 226,
    224, 222, 224, 223, 223, 224, 225, 225, 223, 225, 223, 226, 222, 226,
    222, 221, 223, 220, 224, 225, 227, 223, 223, 226, 224, 225, 223, 224,
    220, 227, 226, 224, 220, 227, 223, 224, 225, 224, 224, 224, 224, 226,
    220, 222, 226, 225, 223 ]
headPositionsY: [ 76, 73, 76, 74, 72, 74, 73, 76, 72, 77, 75, 75, 75, 75,
    77, 73, 72, 75, 77, 75, 76, 77, 73, 74, 73, 75, 73, 74, 75, 75, 75,
    75, 77, 73, 76, 75, 76, 74, 73, 76, 71, 74, 70, 75, 72, 75, 76, 76,
    74, 75, 72, 75, 74, 75, 74, 75, 72, 74, 73, 73, 73, 72, 72, 72, 75,
    73, 75, 73, 74, 73, 76, 72, 71, 77, 76, 73, 75, 70, 74, 71, 74, 76,
    72, 74, 72, 77, 73, 77, 73, 75, 76, 75, 74, 74, 71, 72, 72, 77, 71,
    73 ]
