%YAML:1.0
---
videoName: "headLookRight4.mp4"
gestureLabel: 204
fps: 30
pixelSizeInCmTemp: 3.4214285714285714e-01
faceCenterPointX: 228
faceCenterPointY: 75
headPositionsX: [ 226, 253, 252, 253, 253, 254, 253, 253, 253, 253, 253,
    253, 253, 251, 252, 255, 254, 254, 254, 250, 254, 253, 250, 250, 254,
    255, 252, 250, 253, 250, 252, 248, 250, 246, 245, 244, 242, 236, 235,
    232, 232, 231, 230, 230, 230, 227, 231, 229, 227, 227, 230, 229, 226,
    225, 228, 226, 223, 225, 228, 227, 227, 225, 228, 227, 223, 224, 224,
    225, 224, 223, 226, 227, 227, 221, 224, 229, 226, 225, 227, 226, 224,
    225, 225, 226, 225, 228, 228, 226, 225, 230, 224, 228, 226, 230, 229,
    228, 225, 226, 228, 229 ]
headPositionsY: [ 74, 74, 72, 74, 72, 73, 73, 70, 70, 72, 73, 74, 72, 73,
    75, 75, 71, 75, 74, 72, 72, 71, 73, 71, 73, 75, 73, 75, 71, 74, 71,
    73, 72, 71, 71, 74, 70, 75, 72, 72, 70, 72, 70, 75, 71, 72, 73, 71,
    72, 74, 72, 71, 75, 74, 72, 74, 74, 72, 76, 75, 77, 73, 76, 77, 73,
    71, 72, 77, 72, 72, 75, 76, 77, 76, 76, 74, 76, 73, 76, 76, 72, 75,
    73, 73, 75, 73, 77, 74, 74, 76, 76, 72, 74, 77, 75, 72, 75, 77, 75,
    74 ]
