%YAML:1.0
---
videoName: "headLookRight7.mp4"
gestureLabel: 204
fps: 30
pixelSizeInCmTemp: 3.4710144927536229e-01
faceCenterPointX: 226
faceCenterPointY: 74
headPositionsX: [ 227, 249, 247, 252, 248, 250, 251, 250, 249, 250, 249,
    248, 249, 247, 248, 250, 248, 249, 250, 248, 249, 249, 248, 250, 250,
    249, 250, 250, 247, 245, 242, 240, 240, 238, 236, 232, 233, 228, 226,
    228, 229, 224, 225, 224, 221, 223, 222, 226, 222, 220, 223, 223, 223,
    226, 222, 226, 224, 226, 224, 223, 226, 222, 222, 221, 223, 223, 224,
    221, 225, 224, 219, 225, 227, 225, 224, 223, 222, 224, 226, 225, 223,
    221, 225, 224, 222, 224, 226, 223, 223, 222, 226, 221, 224, 222, 225,
    224, 222, 224, 223, 223 ]
headPositionsY: [ 73, 73, 74, 74, 75, 74, 74, 75, 75, 76, 74, 72, 76, 76,
    76, 72, 75, 74, 75, 72, 77, 75, 75, 74, 73, 76, 76, 76, 73, 72, 73,
    73, 77, 73, 77, 75, 73, 73, 72, 73, 74, 74, 74, 73, 75, 73, 76, 76,
    75, 74, 74, 76, 76, 73, 73, 76, 74, 73, 74, 73, 76, 74, 73, 72, 72,
    75, 72, 70, 73, 72, 78, 74, 72, 77, 77, 72, 73, 74, 72, 72, 74, 74,
    74, 78, 74, 75, 75, 74, 75, 74, 77, 72, 76, 73, 75, 72, 76, 75, 73,
    73 ]
