%YAML:1.0
---
videoName: "headLookRight8.mp4"
gestureLabel: 204
fps: 29
pixelSizeInCmTemp: 3.1513157894736843e-01
faceCenterPointX: 218
faceCenterPointY: 80
headPositionsX: [ 220, 251, 250, 251, 248, 249, 247, 250, 249, 249, 250,
    247, 246, 246, 247, 246, 247, 245, 246, 243, 247, 245, 248, 247, 245,
    246, 248, 248, 244, 246, 248, 249, 249, 247, 246, 246, 248, 249, 245,
    249, 244, 247, 244, 244, 246, 247, 246, 244, 244, 247, 248, 244, 247,
    246, 246, 247, 248, 246, 247, 249, 244, 244, 248, 248, 245, 247, 244,
    246, 244, 241, 240, 238, 234, 234, 231, 227, 224, 224, 223, 218, 221,
    221, 215, 217, 219, 220, 217, 216, 219, 220, 220, 219, 218, 217, 222,
    218, 219, 216, 219, 217 ]
headPositionsY: [ 81, 73, 76, 75, 74, 74, 75, 75, 71, 74, 76, 77, 77, 77,
    75, 73, 74, 78, 74, 76, 76, 77, 76, 74, 75, 77, 75, 75, 79, 76, 78,
    75, 74, 74, 78, 78, 78, 78, 77, 78, 75, 78, 79, 76, 74, 75, 77, 78,
    79, 76, 77, 76, 75, 77, 78, 76, 75, 76, 76, 79, 75, 78, 77, 78, 78,
    75, 78, 78, 78, 77, 80, 80, 77, 74, 75, 74, 77, 76, 74, 74, 75, 78,
    73, 80, 75, 79, 81, 78, 79, 82, 82, 82, 77, 76, 76, 81, 78, 81, 78,
    78 ]
