%YAML:1.0
---
videoName: "headLookRight9.mp4"
gestureLabel: 204
fps: 29
pixelSizeInCmTemp: 2.8511904761904761e-01
faceCenterPointX: 217
faceCenterPointY: 75
headPositionsX: [ 216, 242, 245, 245, 243, 244, 245, 242, 243, 242, 246,
    242, 244, 245, 241, 244, 241, 245, 245, 243, 243, 240, 244, 246, 241,
    243, 245, 244, 244, 243, 242, 238, 237, 232, 233, 228, 226, 223, 222,
    219, 219, 219, 217, 217, 218, 213, 213, 215, 213, 213, 216, 213, 213,
    214, 214, 211, 214, 210, 213, 213, 214, 214, 219, 213, 220, 218, 217,
    216, 214, 216, 215, 211, 209, 216, 212, 213, 217, 215, 216, 218, 216,
    217, 216, 218, 218, 219, 214, 219, 217, 216, 216, 211, 214, 217, 214,
    216, 218, 219, 218, 219 ]
headPositionsY: [ 75, 74, 73, 74, 77, 73, 74, 72, 73, 72, 73, 72, 77, 76,
    75, 77, 75, 74, 73, 72, 74, 75, 76, 73, 72, 73, 75, 76, 75, 76, 74,
    73, 73, 72, 75, 73, 72, 70, 72, 74, 74, 71, 71, 82, 71, 71, 73, 74,
    70, 71, 69, 72, 70, 71, 76, 76, 72, 76, 69, 72, 69, 70, 72, 73, 77,
    77, 73, 72, 71, 72, 71, 77, 76, 69, 74, 70, 74, 72, 72, 75, 75, 71,
    74, 72, 73, 72, 70, 71, 73, 73, 77, 71, 72, 74, 71, 71, 76, 74, 73,
    77 ]
