%YAML:1.0
---
videoName: "headLookRight9.mp4"
gestureLabel: 204
fps: 29
pixelSizeInCmTemp: 2.8511904761904761e-01
faceCenterPointX: 217
faceCenterPointY: 75
headPositionsX: [ 216, 245, 246, 242, 246, 245, 244, 241, 241, 245, 246,
    242, 241, 243, 244, 245, 241, 244, 241, 243, 242, 243, 245, 245, 243,
    245, 245, 245, 245, 240, 241, 241, 239, 232, 235, 228, 227, 225, 224,
    220, 218, 217, 213, 214, 218, 217, 214, 215, 217, 216, 213, 213, 211,
    217, 211, 215, 214, 213, 214, 214, 214, 213, 216, 215, 219, 217, 213,
    214, 216, 214, 214, 210, 209, 215, 212, 217, 217, 212, 217, 217, 216,
    217, 215, 217, 218, 218, 213, 217, 215, 217, 217, 211, 217, 218, 216,
    217, 218, 217, 217, 220 ]
headPositionsY: [ 74, 72, 75, 72, 73, 74, 75, 74, 75, 73, 73, 74, 76, 75,
    76, 73, 76, 73, 75, 72, 72, 74, 73, 76, 75, 74, 76, 76, 73, 75, 76,
    75, 74, 74, 74, 72, 73, 73, 72, 73, 75, 74, 74, 80, 73, 71, 73, 73,
    69, 69, 71, 71, 73, 73, 76, 76, 72, 73, 71, 72, 70, 70, 74, 72, 80,
    76, 75, 72, 72, 73, 72, 79, 78, 70, 73, 74, 72, 76, 72, 73, 74, 70,
    74, 75, 74, 72, 71, 71, 76, 73, 76, 69, 75, 72, 70, 70, 75, 73, 72,
    75 ]
