%YAML:1.0
---
videoName: "headLookRight1.mp4"
gestureLabel: 204
fps: 29
pixelSizeInCmTemp: 3.3263888888888887e-01
faceCenterPointX: 232
faceCenterPointY: 68
headPositionsX: [ 234, 256, 257, 257, 256, 255, 255, 256, 258, 257, 254,
    254, 253, 257, 254, 255, 254, 256, 255, 257, 256, 257, 256, 255, 254,
    256, 252, 253, 254, 255, 256, 250, 253, 248, 247, 245, 243, 241, 239,
    236, 232, 234, 232, 232, 229, 232, 230, 228, 231, 233, 233, 233, 231,
    231, 230, 235, 230, 236, 231, 236, 231, 232, 232, 234, 234, 233, 228,
    231, 231, 234, 231, 231, 234, 231, 237, 230, 231, 234, 231, 234, 232,
    232, 230, 232, 229, 229, 230, 233, 231, 233, 235, 230, 233, 233, 232,
    231, 232, 232, 234, 233 ]
headPositionsY: [ 70, 65, 67, 68, 67, 70, 69, 70, 68, 67, 70, 68, 69, 70,
    66, 69, 66, 66, 70, 66, 69, 69, 66, 66, 68, 70, 70, 66, 68, 71, 68,
    69, 66, 67, 71, 66, 67, 66, 69, 68, 66, 70, 68, 66, 68, 69, 68, 67,
    67, 66, 69, 71, 69, 67, 66, 70, 71, 68, 65, 65, 68, 65, 69, 69, 67,
    69, 68, 68, 66, 69, 69, 70, 68, 70, 68, 70, 69, 68, 69, 70, 66, 66,
    71, 66, 70, 67, 68, 66, 68, 69, 67, 69, 65, 67, 68, 68, 70, 68, 70,
    66 ]
