%YAML:1.0
---
videoName: "headLookRight6.mp4"
gestureLabel: 204
fps: 29
pixelSizeInCmTemp: 3.8015873015873014e-01
faceCenterPointX: 226
faceCenterPointY: 72
headPositionsX: [ 228, 249, 249, 247, 250, 246, 247, 250, 248, 248, 251,
    248, 249, 249, 250, 250, 250, 248, 251, 252, 252, 251, 249, 250, 253,
    248, 251, 251, 251, 251, 249, 249, 249, 247, 245, 245, 242, 240, 239,
    235, 231, 229, 228, 231, 225, 227, 226, 227, 222, 229, 227, 223, 227,
    228, 228, 229, 227, 228, 227, 229, 229, 225, 229, 225, 228, 226, 224,
    227, 231, 229, 226, 228, 227, 228, 225, 226, 230, 226, 226, 227, 225,
    229, 224, 224, 224, 229, 231, 232, 225, 225, 224, 227, 232, 224, 228,
    227, 227, 229, 226, 226 ]
headPositionsY: [ 73, 72, 73, 71, 71, 73, 72, 72, 73, 73, 73, 72, 72, 73,
    76, 75, 75, 76, 72, 74, 74, 76, 73, 75, 76, 74, 72, 72, 73, 76, 74,
    77, 72, 73, 74, 73, 74, 73, 71, 73, 74, 72, 74, 73, 75, 73, 72, 74,
    74, 74, 75, 68, 73, 75, 74, 74, 77, 76, 72, 76, 74, 73, 74, 73, 76,
    70, 72, 72, 75, 76, 75, 72, 72, 75, 71, 71, 71, 72, 74, 74, 75, 76,
    71, 71, 76, 73, 77, 73, 74, 73, 74, 74, 73, 76, 71, 74, 70, 76, 74,
    72 ]
