%YAML:1.0
---
videoName: "headLookRight3.mp4"
gestureLabel: 204
fps: 29
pixelSizeInCmTemp: 3.5746268656716418e-01
faceCenterPointX: 232
faceCenterPointY: 71
headPositionsX: [ 234, 253, 255, 253, 251, 254, 255, 253, 254, 255, 256,
    252, 252, 253, 253, 252, 252, 253, 255, 253, 253, 257, 254, 256, 254,
    252, 256, 253, 253, 255, 253, 256, 253, 254, 252, 256, 255, 252, 255,
    249, 251, 248, 247, 245, 241, 240, 241, 235, 234, 234, 233, 231, 233,
    232, 232, 236, 234, 232, 234, 234, 231, 233, 233, 233, 230, 231, 233,
    230, 234, 232, 232, 232, 234, 235, 233, 231, 232, 230, 230, 228, 234,
    230, 235, 231, 235, 231, 234, 231, 234, 232, 231, 232, 233, 230, 234,
    233, 233, 231, 238, 234 ]
headPositionsY: [ 71, 71, 71, 70, 70, 71, 70, 68, 71, 68, 72, 72, 70, 69,
    70, 71, 69, 69, 72, 69, 71, 73, 73, 72, 74, 69, 70, 74, 70, 70, 71,
    71, 69, 70, 71, 72, 71, 69, 73, 72, 69, 72, 73, 70, 68, 69, 69, 69,
    72, 70, 70, 69, 70, 74, 71, 73, 72, 70, 69, 74, 72, 73, 70, 74, 74,
    71, 76, 74, 71, 72, 70, 73, 73, 72, 72, 70, 74, 72, 71, 73, 74, 72,
    70, 71, 71, 74, 70, 71, 69, 72, 69, 72, 72, 69, 73, 69, 73, 71, 73,
    71 ]
