%YAML:1.0
---
videoName: "headLookRight8.mp4"
gestureLabel: 204
fps: 29
pixelSizeInCmTemp: 3.1513157894736843e-01
faceCenterPointX: 218
faceCenterPointY: 80
headPositionsX: [ 219, 248, 250, 248, 251, 247, 248, 249, 249, 248, 250,
    246, 245, 246, 245, 247, 247, 247, 246, 245, 244, 245, 248, 248, 245,
    245, 247, 248, 248, 247, 246, 245, 246, 248, 245, 245, 247, 246, 248,
    245, 244, 244, 244, 248, 248, 246, 248, 246, 248, 248, 245, 245, 248,
    246, 247, 246, 244, 244, 244, 246, 245, 246, 244, 248, 245, 246, 245,
    246, 243, 242, 242, 239, 234, 234, 229, 230, 226, 225, 224, 219, 221,
    217, 214, 218, 216, 216, 217, 218, 220, 216, 218, 216, 218, 218, 222,
    217, 216, 220, 219, 216 ]
headPositionsY: [ 78, 75, 75, 74, 74, 74, 76, 71, 75, 75, 73, 74, 77, 73,
    74, 74, 76, 74, 73, 73, 74, 78, 75, 74, 79, 75, 74, 77, 76, 76, 74,
    75, 77, 77, 78, 77, 78, 78, 78, 75, 77, 78, 76, 76, 77, 76, 79, 78,
    75, 75, 76, 76, 78, 76, 75, 78, 74, 76, 76, 79, 78, 78, 78, 79, 80,
    77, 76, 78, 77, 75, 80, 76, 77, 76, 74, 75, 75, 77, 72, 72, 72, 79,
    74, 79, 72, 78, 78, 80, 81, 81, 79, 79, 77, 76, 75, 79, 82, 81, 82,
    79 ]
