%YAML:1.0
---
videoName: "headLookRight8.mp4"
gestureLabel: 204
fps: 29
pixelSizeInCmTemp: 3.1513157894736843e-01
faceCenterPointX: 218
faceCenterPointY: 80
headPositionsX: [ 216, 249, 249, 249, 249, 250, 251, 246, 248, 249, 247,
    249, 244, 245, 245, 248, 246, 248, 246, 244, 244, 245, 247, 245, 249,
    249, 248, 244, 245, 245, 244, 247, 247, 245, 246, 245, 245, 248, 245,
    246, 247, 248, 247, 246, 244, 248, 246, 247, 248, 248, 244, 245, 245,
    244, 245, 247, 247, 247, 245, 249, 244, 244, 245, 246, 248, 244, 247,
    247, 243, 241, 242, 239, 235, 235, 230, 226, 224, 221, 224, 219, 220,
    218, 216, 218, 217, 220, 217, 216, 220, 220, 220, 216, 217, 217, 220,
    218, 219, 220, 217, 218 ]
headPositionsY: [ 79, 76, 74, 72, 72, 72, 73, 74, 75, 74, 76, 77, 75, 75,
    75, 73, 75, 75, 74, 76, 78, 75, 75, 76, 78, 78, 77, 75, 79, 75, 77,
    76, 76, 74, 75, 78, 79, 78, 75, 78, 74, 79, 75, 75, 74, 79, 76, 77,
    79, 75, 74, 76, 75, 77, 76, 78, 76, 78, 75, 77, 76, 77, 77, 78, 78,
    78, 80, 78, 75, 78, 80, 79, 75, 76, 75, 73, 75, 77, 74, 74, 75, 77,
    73, 82, 74, 80, 81, 79, 80, 78, 78, 82, 76, 77, 76, 82, 78, 81, 80,
    80 ]
