%YAML:1.0
---
videoName: "headLookRight4.mp4"
gestureLabel: 204
fps: 30
pixelSizeInCmTemp: 3.4214285714285714e-01
faceCenterPointX: 228
faceCenterPointY: 75
headPositionsX: [ 226, 253, 255, 253, 255, 252, 254, 253, 255, 251, 252,
    256, 255, 253, 252, 255, 254, 254, 254, 253, 255, 253, 253, 250, 252,
    251, 251, 252, 251, 249, 248, 248, 249, 245, 245, 242, 238, 236, 236,
    236, 232, 232, 231, 229, 230, 228, 229, 230, 229, 229, 227, 227, 227,
    228, 230, 225, 226, 228, 226, 229, 229, 223, 225, 228, 223, 227, 227,
    224, 226, 225, 223, 228, 227, 225, 223, 226, 228, 226, 226, 228, 228,
    229, 226, 226, 223, 227, 225, 227, 227, 231, 224, 227, 227, 227, 230,
    228, 227, 228, 228, 225 ]
headPositionsY: [ 75, 72, 72, 72, 70, 72, 72, 71, 70, 71, 73, 71, 73, 74,
    72, 73, 71, 72, 74, 75, 75, 72, 73, 71, 73, 72, 72, 73, 75, 75, 74,
    73, 73, 75, 73, 73, 70, 75, 70, 75, 73, 75, 71, 71, 75, 71, 74, 75,
    73, 71, 75, 75, 72, 74, 72, 73, 73, 71, 76, 75, 74, 75, 73, 73, 73,
    72, 72, 77, 72, 72, 77, 75, 75, 75, 77, 75, 74, 77, 74, 76, 75, 78,
    75, 73, 71, 75, 76, 77, 75, 75, 74, 74, 73, 74, 76, 72, 74, 76, 76,
    73 ]
