%YAML:1.0
---
videoName: "headLookRight0.mp4"
gestureLabel: 204
fps: 29
pixelSizeInCmTemp: 3.1933333333333330e-01
faceCenterPointX: 229
faceCenterPointY: 68
headPositionsX: [ 230, 258, 254, 257, 256, 256, 254, 258, 255, 256, 254,
    255, 257, 255, 259, 255, 255, 256, 254, 255, 259, 255, 254, 253, 256,
    256, 254, 253, 257, 257, 256, 258, 255, 253, 255, 255, 256, 255, 252,
    252, 250, 248, 250, 246, 243, 242, 240, 239, 236, 236, 236, 237, 236,
    232, 232, 234, 235, 233, 234, 233, 234, 235, 232, 232, 233, 232, 234,
    234, 232, 233, 233, 235, 231, 234, 234, 234, 230, 229, 232, 230, 235,
    231, 233, 228, 232, 229, 234, 232, 230, 231, 230, 233, 230, 230, 231,
    231, 231, 232, 225, 231 ]
headPositionsY: [ 69, 68, 67, 64, 66, 67, 66, 66, 67, 67, 67, 66, 69, 68,
    68, 67, 66, 66, 69, 69, 69, 67, 65, 67, 68, 69, 69, 67, 65, 66, 66,
    67, 67, 69, 66, 69, 66, 68, 66, 70, 68, 65, 69, 67, 67, 68, 65, 70,
    68, 66, 67, 67, 65, 69, 67, 68, 66, 66, 66, 68, 67, 69, 67, 70, 69,
    68, 66, 66, 67, 70, 68, 70, 68, 68, 68, 66, 69, 69, 68, 68, 66, 67,
    66, 68, 69, 68, 70, 68, 64, 65, 67, 70, 68, 67, 70, 67, 68, 66, 70,
    67 ]
