%YAML:1.0
---
videoName: "headLookRight7.mp4"
gestureLabel: 204
fps: 30
pixelSizeInCmTemp: 3.4710144927536229e-01
faceCenterPointX: 226
faceCenterPointY: 74
headPositionsX: [ 228, 248, 251, 248, 251, 250, 247, 250, 248, 247, 251,
    250, 248, 249, 251, 250, 250, 248, 249, 248, 249, 247, 248, 251, 252,
    247, 246, 248, 245, 243, 242, 240, 238, 237, 234, 232, 231, 227, 227,
    229, 225, 224, 222, 221, 223, 222, 224, 223, 222, 223, 223, 227, 224,
    225, 225, 226, 226, 226, 223, 226, 225, 224, 225, 224, 223, 224, 222,
    223, 221, 226, 220, 227, 226, 223, 222, 223, 222, 224, 222, 222, 220,
    221, 224, 223, 223, 222, 227, 227, 225, 222, 226, 221, 220, 224, 225,
    222, 221, 225, 227, 224 ]
headPositionsY: [ 74, 76, 73, 73, 75, 77, 77, 75, 76, 75, 74, 76, 76, 74,
    73, 75, 74, 73, 74, 73, 75, 74, 75, 73, 73, 73, 75, 74, 77, 72, 74,
    76, 75, 76, 77, 75, 77, 75, 74, 74, 72, 74, 71, 74, 73, 75, 72, 72,
    72, 74, 76, 74, 78, 74, 73, 75, 74, 74, 74, 73, 72, 74, 71, 71, 72,
    73, 75, 72, 74, 76, 79, 71, 73, 77, 74, 75, 72, 71, 75, 71, 74, 76,
    73, 75, 72, 77, 74, 74, 72, 72, 76, 73, 75, 73, 71, 74, 74, 75, 72,
    75 ]
