%YAML:1.0
---
videoName: "headLookRight7.mp4"
gestureLabel: 204
fps: 30
pixelSizeInCmTemp: 3.4710144927536229e-01
faceCenterPointX: 226
faceCenterPointY: 74
headPositionsX: [ 226, 252, 247, 248, 249, 249, 250, 248, 248, 249, 251,
    250, 250, 250, 248, 247, 251, 251, 252, 251, 248, 251, 250, 248, 252,
    250, 247, 247, 249, 245, 244, 244, 241, 236, 238, 230, 233, 227, 228,
    227, 227, 227, 225, 222, 221, 224, 223, 223, 226, 223, 224, 223, 225,
    226, 222, 223, 224, 223, 224, 223, 222, 222, 224, 221, 223, 225, 226,
    223, 223, 224, 218, 223, 225, 226, 221, 226, 226, 222, 222, 222, 221,
    223, 225, 223, 222, 224, 225, 223, 227, 225, 226, 220, 222, 224, 223,
    223, 221, 226, 224, 224 ]
headPositionsY: [ 72, 77, 74, 75, 76, 73, 74, 74, 76, 73, 72, 75, 76, 73,
    75, 72, 72, 75, 77, 72, 76, 74, 76, 74, 74, 73, 76, 75, 77, 73, 73,
    73, 77, 76, 76, 76, 75, 74, 75, 73, 71, 73, 70, 76, 73, 71, 74, 76,
    73, 76, 76, 73, 77, 75, 75, 75, 73, 74, 74, 76, 73, 71, 71, 74, 74,
    72, 73, 73, 72, 75, 77, 75, 74, 76, 77, 72, 75, 71, 72, 73, 72, 78,
    75, 76, 72, 75, 73, 76, 76, 74, 78, 72, 74, 75, 72, 75, 76, 75, 75,
    77 ]
