%YAML:1.0
---
videoName: "headLookRight4.mp4"
gestureLabel: 204
fps: 30
pixelSizeInCmTemp: 3.4214285714285714e-01
faceCenterPointX: 228
faceCenterPointY: 75
headPositionsX: [ 230, 252, 254, 254, 251, 254, 253, 252, 254, 255, 255,
    255, 255, 251, 255, 252, 254, 252, 252, 252, 254, 250, 251, 249, 250,
    254, 249, 254, 253, 251, 248, 247, 247, 248, 245, 242, 238, 237, 235,
    236, 231, 234, 229, 230, 232, 229, 231, 231, 231, 227, 231, 228, 227,
    227, 230, 227, 223, 229, 230, 229, 226, 225, 225, 229, 226, 227, 227,
    224, 225, 226, 226, 229, 225, 223, 224, 225, 230, 227, 227, 225, 224,
    225, 229, 227, 225, 227, 226, 224, 226, 228, 224, 226, 223, 228, 228,
    226, 226, 228, 224, 228 ]
headPositionsY: [ 77, 71, 70, 73, 72, 71, 73, 69, 71, 71, 74, 70, 72, 73,
    71, 74, 75, 73, 71, 72, 71, 74, 71, 71, 75, 76, 74, 72, 72, 75, 75,
    73, 75, 75, 73, 70, 74, 71, 70, 71, 70, 74, 72, 71, 75, 72, 72, 74,
    72, 73, 72, 71, 72, 76, 72, 75, 76, 75, 75, 74, 77, 73, 75, 75, 74,
    75, 75, 78, 74, 73, 77, 72, 73, 74, 74, 72, 75, 75, 76, 76, 72, 77,
    75, 73, 72, 77, 77, 76, 76, 77, 72, 72, 76, 74, 77, 73, 77, 75, 73,
    72 ]
