%YAML:1.0
---
videoName: "headLookRight4.mp4"
gestureLabel: 204
fps: 30
pixelSizeInCmTemp: 3.4214285714285714e-01
faceCenterPointX: 228
faceCenterPointY: 75
headPositionsX: [ 227, 254, 254, 252, 255, 255, 255, 255, 254, 251, 255,
    255, 253, 253, 255, 254, 253, 255, 251, 250, 254, 252, 253, 251, 254,
    252, 250, 252, 252, 249, 252, 251, 248, 248, 243, 243, 238, 239, 235,
    233, 235, 230, 230, 229, 230, 229, 228, 229, 228, 230, 230, 229, 229,
    227, 227, 229, 226, 226, 226, 229, 227, 223, 225, 227, 227, 224, 228,
    224, 226, 226, 227, 227, 226, 221, 226, 229, 230, 224, 228, 229, 225,
    226, 226, 226, 225, 225, 225, 224, 224, 228, 228, 227, 223, 228, 226,
    227, 227, 226, 225, 226 ]
headPositionsY: [ 73, 71, 73, 71, 70, 71, 73, 72, 74, 71, 72, 73, 73, 72,
    75, 73, 74, 74, 72, 75, 73, 72, 74, 73, 75, 74, 70, 75, 73, 73, 75,
    73, 74, 74, 71, 73, 71, 73, 72, 72, 72, 71, 73, 71, 71, 70, 76, 73,
    73, 73, 76, 73, 73, 74, 75, 73, 74, 75, 74, 73, 74, 75, 77, 76, 74,
    73, 73, 77, 72, 72, 77, 75, 77, 74, 77, 74, 73, 77, 74, 77, 74, 78,
    73, 74, 75, 73, 74, 74, 76, 76, 74, 73, 72, 78, 75, 76, 76, 75, 73,
    74 ]
