%YAML:1.0
---
videoName: "headLookRight9.mp4"
gestureLabel: 204
fps: 29
pixelSizeInCmTemp: 2.8511904761904761e-01
faceCenterPointX: 217
faceCenterPointY: 75
headPositionsX: [ 219, 245, 245, 243, 242, 243, 244, 243, 244, 245, 243,
    243, 241, 243, 245, 245, 244, 244, 245, 241, 241, 241, 241, 242, 240,
    244, 244, 245, 243, 244, 240, 238, 236, 232, 233, 231, 230, 223, 224,
    220, 222, 219, 214, 216, 219, 215, 213, 212, 215, 213, 213, 214, 210,
    218, 215, 214, 210, 214, 215, 214, 211, 211, 217, 215, 221, 221, 217,
    213, 214, 217, 217, 207, 211, 218, 213, 217, 217, 213, 217, 215, 215,
    217, 214, 219, 218, 219, 216, 216, 216, 215, 218, 211, 215, 218, 214,
    217, 217, 217, 219, 219 ]
headPositionsY: [ 76, 75, 74, 76, 77, 75, 76, 74, 75, 73, 76, 74, 76, 76,
    74, 76, 76, 76, 72, 72, 74, 75, 76, 75, 74, 74, 72, 74, 75, 75, 74,
    75, 75, 73, 72, 72, 72, 72, 72, 76, 74, 73, 73, 80, 73, 72, 72, 74,
    69, 73, 73, 69, 73, 71, 72, 72, 75, 74, 69, 70, 70, 72, 71, 70, 79,
    78, 74, 72, 72, 69, 70, 76, 76, 72, 74, 72, 71, 72, 73, 71, 72, 70,
    72, 73, 70, 72, 72, 72, 72, 70, 77, 69, 75, 72, 71, 74, 74, 76, 74,
    75 ]
