%YAML:1.0
---
videoName: "headLookRight8.mp4"
gestureLabel: 204
fps: 29
pixelSizeInCmTemp: 3.1513157894736843e-01
faceCenterPointX: 218
faceCenterPointY: 80
headPositionsX: [ 216, 247, 249, 248, 248, 247, 251, 247, 249, 248, 250,
    247, 244, 248, 247, 247, 249, 247, 247, 245, 248, 248, 245, 246, 246,
    245, 247, 244, 247, 249, 248, 247, 245, 247, 247, 245, 246, 248, 247,
    248, 244, 244, 246, 244, 246, 246, 246, 245, 248, 246, 246, 243, 247,
    246, 248, 245, 247, 246, 245, 245, 247, 245, 245, 246, 247, 247, 246,
    248, 242, 244, 240, 240, 234, 233, 229, 226, 227, 224, 221, 221, 221,
    217, 217, 217, 218, 218, 219, 219, 216, 217, 216, 219, 217, 215, 221,
    220, 216, 216, 219, 218 ]
headPositionsY: [ 78, 77, 75, 74, 73, 76, 75, 73, 75, 73, 77, 73, 77, 75,
    73, 74, 74, 74, 74, 75, 75, 77, 76, 76, 76, 76, 75, 76, 79, 77, 78,
    75, 74, 76, 76, 77, 79, 78, 74, 77, 75, 79, 76, 79, 78, 79, 77, 76,
    78, 75, 76, 76, 75, 76, 76, 78, 74, 76, 78, 78, 78, 79, 77, 79, 77,
    79, 76, 78, 78, 79, 79, 77, 77, 74, 78, 74, 77, 77, 73, 76, 72, 78,
    71, 78, 71, 78, 78, 78, 82, 82, 78, 80, 75, 75, 74, 79, 79, 78, 81,
    79 ]
