%YAML:1.0
---
videoName: "headLookRight9.mp4"
gestureLabel: 204
fps: 29
pixelSizeInCmTemp: 2.8511904761904761e-01
faceCenterPointX: 217
faceCenterPointY: 75
headPositionsX: [ 218, 245, 242, 246, 243, 241, 245, 243, 245, 244, 245,
    245, 245, 244, 241, 244, 242, 242, 244, 243, 244, 240, 244, 246, 241,
    242, 241, 245, 242, 243, 240, 240, 236, 233, 232, 231, 227, 224, 224,
    220, 218, 219, 217, 216, 217, 217, 216, 212, 214, 213, 214, 214, 212,
    215, 213, 212, 210, 214, 215, 215, 211, 215, 218, 214, 217, 220, 214,
    215, 215, 215, 216, 207, 210, 217, 213, 213, 213, 216, 213, 219, 218,
    218, 217, 219, 214, 217, 215, 217, 215, 216, 217, 212, 214, 215, 214,
    216, 216, 216, 218, 218 ]
headPositionsY: [ 76, 74, 72, 76, 73, 73, 73, 76, 75, 72, 73, 75, 77, 72,
    73, 75, 72, 73, 73, 75, 73, 76, 74, 77, 72, 73, 75, 75, 76, 73, 77,
    74, 73, 72, 73, 76, 71, 71, 73, 76, 74, 73, 70, 81, 70, 73, 70, 72,
    71, 73, 69, 71, 72, 74, 75, 75, 74, 73, 71, 73, 69, 72, 75, 70, 76,
    80, 74, 74, 70, 70, 69, 78, 77, 68, 76, 72, 70, 73, 75, 75, 74, 71,
    74, 74, 71, 70, 70, 73, 75, 71, 75, 71, 72, 75, 71, 74, 74, 74, 75,
    75 ]
