%YAML:1.0
---
videoName: "headLookRight1.mp4"
gestureLabel: 204
fps: 29
pixelSizeInCmTemp: 3.3263888888888887e-01
faceCenterPointX: 232
faceCenterPointY: 68
headPositionsX: [ 231, 258, 256, 258, 258, 255, 258, 258, 256, 256, 254,
    256, 253, 256, 255, 254, 254, 256, 254, 253, 256, 253, 256, 256, 256,
    256, 252, 254, 256, 254, 254, 253, 250, 250, 246, 246, 240, 239, 238,
    233, 232, 234, 232, 229, 228, 233, 230, 228, 230, 231, 233, 233, 229,
    233, 234, 232, 230, 234, 231, 234, 234, 234, 230, 233, 234, 234, 232,
    233, 230, 232, 234, 232, 234, 232, 238, 231, 232, 232, 234, 234, 231,
    231, 231, 233, 231, 230, 234, 232, 232, 232, 234, 232, 232, 230, 231,
    230, 234, 234, 230, 232 ]
headPositionsY: [ 69, 68, 66, 68, 67, 70, 69, 70, 67, 66, 68, 70, 70, 68,
    70, 69, 66, 66, 66, 67, 67, 71, 70, 67, 67, 69, 66, 68, 66, 68, 69,
    70, 66, 67, 67, 68, 68, 68, 70, 70, 69, 66, 66, 67, 69, 69, 69, 68,
    66, 68, 67, 67, 71, 68, 70, 67, 67, 70, 66, 66, 66, 65, 70, 70, 67,
    70, 69, 69, 67, 68, 69, 67, 66, 70, 68, 68, 71, 70, 65, 70, 66, 68,
    70, 66, 70, 67, 66, 68, 68, 69, 71, 66, 68, 68, 66, 70, 66, 69, 68,
    68 ]
