%YAML:1.0
---
videoName: "headLookRight7.mp4"
gestureLabel: 204
fps: 30
pixelSizeInCmTemp: 3.4710144927536229e-01
faceCenterPointX: 226
faceCenterPointY: 74
headPositionsX: [ 227, 252, 248, 249, 252, 251, 247, 249, 251, 249, 251,
    249, 251, 250, 251, 248, 247, 247, 251, 248, 249, 250, 247, 249, 251,
    250, 249, 246, 246, 245, 241, 240, 239, 236, 238, 234, 233, 229, 227,
    225, 228, 226, 222, 223, 220, 223, 225, 224, 224, 221, 224, 227, 226,
    224, 222, 226, 226, 224, 226, 224, 224, 222, 224, 223, 223, 224, 225,
    223, 224, 226, 221, 226, 224, 223, 222, 226, 224, 223, 222, 224, 221,
    224, 225, 226, 226, 222, 226, 225, 224, 222, 224, 221, 220, 225, 227,
    220, 222, 226, 225, 223 ]
headPositionsY: [ 76, 74, 75, 75, 76, 77, 75, 73, 75, 73, 72, 75, 75, 75,
    77, 73, 75, 73, 75, 76, 76, 74, 74, 76, 77, 74, 73, 74, 74, 75, 76,
    73, 73, 73, 73, 74, 75, 73, 74, 74, 71, 73, 73, 73, 74, 75, 73, 76,
    76, 74, 73, 77, 74, 72, 72, 74, 74, 73, 72, 72, 72, 73, 71, 75, 76,
    75, 73, 70, 71, 75, 78, 72, 75, 75, 75, 73, 74, 71, 72, 74, 72, 78,
    76, 78, 74, 73, 74, 73, 74, 75, 76, 73, 73, 76, 75, 73, 72, 77, 75,
    76 ]
