%YAML:1.0
---
videoName: "headLookRight9.mp4"
gestureLabel: 204
fps: 29
pixelSizeInCmTemp: 2.8511904761904761e-01
faceCenterPointX: 217
faceCenterPointY: 75
headPositionsX: [ 218, 246, 245, 242, 245, 243, 241, 244, 245, 245, 243,
    245, 242, 242, 243, 245, 244, 244, 241, 243, 244, 242, 244, 243, 240,
    245, 244, 241, 243, 244, 244, 240, 238, 234, 231, 228, 229, 223, 221,
    219, 221, 218, 213, 216, 215, 216, 216, 216, 216, 213, 213, 214, 212,
    217, 211, 214, 210, 212, 216, 213, 213, 212, 219, 213, 220, 218, 215,
    215, 215, 213, 217, 208, 209, 218, 214, 214, 213, 215, 213, 216, 215,
    215, 213, 215, 215, 219, 215, 216, 215, 219, 218, 213, 214, 218, 213,
    216, 219, 218, 217, 218 ]
headPositionsY: [ 75, 72, 75, 75, 74, 75, 73, 76, 72, 76, 74, 76, 73, 76,
    77, 77, 74, 72, 76, 76, 75, 74, 76, 75, 75, 75, 72, 73, 73, 73, 75,
    74, 72, 72, 73, 73, 74, 71, 72, 76, 74, 72, 70, 80, 74, 71, 71, 74,
    70, 70, 71, 69, 72, 74, 75, 73, 73, 75, 71, 70, 69, 70, 73, 70, 76,
    77, 74, 72, 71, 72, 69, 76, 77, 71, 75, 70, 74, 72, 72, 72, 73, 70,
    73, 72, 73, 70, 70, 73, 76, 70, 74, 69, 75, 71, 71, 73, 78, 74, 74,
    77 ]
