%YAML:1.0
---
videoName: "headLookRight2.mp4"
gestureLabel: 204
fps: 29
pixelSizeInCmTemp: 3.8015873015873014e-01
faceCenterPointX: 228
faceCenterPointY: 68
headPositionsX: [ 226, 252, 252, 253, 251, 251, 252, 251, 250, 253, 251,
    251, 250, 250, 252, 254, 253, 251, 252, 251, 250, 254, 252, 252, 252,
    252, 255, 255, 254, 253, 253, 252, 252, 251, 256, 252, 255, 250, 252,
    253, 255, 251, 251, 253, 252, 252, 251, 249, 250, 249, 247, 246, 244,
    238, 239, 236, 234, 233, 230, 229, 226, 227, 230, 226, 227, 225, 229,
    226, 224, 225, 228, 229, 230, 230, 226, 228, 226, 232, 231, 229, 231,
    229, 228, 227, 228, 226, 231, 228, 228, 225, 226, 229, 230, 230, 228,
    229, 231, 232, 226, 232 ]
headPositionsY: [ 69, 67, 68, 69, 69, 68, 69, 70, 66, 70, 69, 67, 70, 67,
    67, 69, 69, 72, 70, 70, 68, 68, 67, 68, 69, 68, 68, 69, 70, 68, 69,
    69, 68, 67, 68, 68, 69, 71, 69, 71, 67, 71, 68, 67, 70, 71, 70, 71,
    70, 69, 69, 70, 67, 70, 71, 71, 68, 68, 68, 69, 68, 69, 66, 69, 68,
    66, 69, 66, 71, 67, 68, 67, 69, 70, 70, 70, 73, 72, 70, 71, 70, 68,
    68, 71, 68, 71, 68, 70, 67, 69, 72, 69, 69, 68, 69, 67, 71, 68, 70,
    71 ]
