%YAML:1.0
---
videoName: "headLookRight2.mp4"
gestureLabel: 204
fps: 29
pixelSizeInCmTemp: 3.8015873015873014e-01
faceCenterPointX: 228
faceCenterPointY: 68
headPositionsX: [ 229, 251, 253, 250, 252, 253, 251, 252, 251, 252, 249,
    250, 253, 253, 252, 254, 251, 251, 253, 251, 253, 255, 254, 250, 253,
    251, 255, 251, 253, 256, 252, 255, 252, 252, 256, 254, 254, 252, 254,
    255, 255, 251, 250, 255, 253, 251, 251, 252, 251, 247, 249, 247, 245,
    238, 239, 234, 234, 232, 232, 230, 227, 229, 228, 227, 227, 225, 227,
    229, 224, 227, 230, 231, 227, 230, 228, 226, 228, 229, 228, 231, 229,
    230, 227, 230, 227, 226, 230, 225, 228, 229, 225, 227, 230, 232, 228,
    231, 228, 229, 227, 231 ]
headPositionsY: [ 69, 65, 69, 69, 68, 70, 69, 70, 70, 70, 68, 68, 71, 69,
    71, 67, 70, 70, 68, 70, 70, 69, 68, 69, 71, 70, 71, 71, 68, 70, 70,
    68, 69, 71, 69, 70, 69, 71, 69, 71, 68, 68, 70, 68, 70, 67, 69, 67,
    70, 71, 69, 68, 69, 68, 70, 71, 70, 72, 71, 71, 65, 69, 66, 67, 66,
    70, 69, 69, 73, 69, 70, 67, 67, 70, 71, 72, 70, 70, 70, 68, 70, 68,
    72, 71, 68, 69, 68, 68, 71, 66, 69, 70, 70, 70, 67, 70, 70, 71, 70,
    69 ]
