%YAML:1.0
---
videoName: "headLookRight8.mp4"
gestureLabel: 204
fps: 29
pixelSizeInCmTemp: 3.1513157894736843e-01
faceCenterPointX: 218
faceCenterPointY: 80
headPositionsX: [ 219, 248, 248, 249, 251, 250, 251, 249, 248, 249, 248,
    247, 248, 244, 244, 247, 245, 247, 247, 243, 244, 246, 246, 248, 249,
    246, 246, 246, 246, 249, 245, 248, 247, 248, 246, 245, 246, 245, 244,
    247, 248, 246, 245, 244, 244, 248, 245, 244, 244, 245, 248, 243, 248,
    246, 246, 244, 248, 245, 247, 246, 244, 248, 245, 245, 244, 247, 246,
    245, 243, 242, 240, 238, 234, 232, 229, 229, 228, 225, 224, 221, 218,
    221, 214, 217, 216, 216, 216, 220, 220, 218, 217, 220, 217, 215, 218,
    219, 217, 216, 216, 216 ]
headPositionsY: [ 81, 77, 75, 73, 76, 74, 76, 74, 72, 73, 74, 77, 74, 77,
    77, 73, 75, 74, 73, 76, 74, 79, 75, 78, 77, 76, 77, 76, 78, 78, 74,
    74, 76, 75, 79, 79, 77, 79, 74, 78, 74, 75, 77, 76, 76, 78, 79, 77,
    75, 78, 75, 76, 75, 78, 76, 77, 74, 75, 76, 79, 78, 79, 79, 78, 78,
    79, 79, 76, 75, 76, 76, 78, 76, 75, 75, 75, 77, 76, 74, 73, 72, 79,
    75, 82, 71, 81, 79, 80, 78, 78, 80, 78, 75, 79, 75, 79, 80, 78, 79,
    78 ]
