%YAML:1.0
---
videoName: "headLookRight8.mp4"
gestureLabel: 204
fps: 29
pixelSizeInCmTemp: 3.1513157894736843e-01
faceCenterPointX: 218
faceCenterPointY: 80
headPositionsX: [ 217, 248, 248, 250, 247, 250, 247, 247, 246, 250, 246,
    248, 244, 244, 246, 247, 247, 248, 245, 246, 245, 247, 248, 248, 245,
    246, 246, 248, 244, 249, 246, 248, 245, 247, 245, 247, 248, 248, 245,
    247, 245, 247, 244, 247, 248, 246, 248, 248, 248, 247, 246, 244, 248,
    245, 244, 248, 244, 248, 244, 248, 248, 245, 245, 246, 246, 247, 243,
    244, 243, 244, 242, 241, 235, 232, 233, 230, 225, 224, 223, 220, 218,
    220, 218, 218, 217, 218, 216, 219, 218, 217, 218, 217, 220, 217, 220,
    218, 220, 218, 217, 218 ]
headPositionsY: [ 80, 73, 75, 76, 72, 73, 76, 72, 75, 74, 73, 74, 73, 77,
    73, 73, 75, 76, 77, 73, 74, 75, 77, 75, 79, 74, 74, 77, 78, 77, 77,
    77, 76, 77, 75, 75, 75, 75, 76, 75, 76, 75, 77, 76, 77, 76, 75, 77,
    75, 75, 75, 75, 79, 77, 75, 79, 74, 75, 75, 76, 75, 77, 78, 78, 77,
    78, 78, 77, 76, 78, 76, 79, 77, 77, 76, 76, 76, 75, 74, 75, 76, 79,
    73, 79, 73, 82, 82, 80, 82, 78, 79, 78, 77, 79, 78, 79, 80, 80, 80,
    81 ]
