%YAML:1.0
---
videoName: "headLookRight7.mp4"
gestureLabel: 204
fps: 30
pixelSizeInCmTemp: 3.4710144927536229e-01
faceCenterPointX: 226
faceCenterPointY: 74
headPositionsX: [ 225, 248, 249, 250, 249, 250, 250, 252, 250, 248, 250,
    248, 250, 251, 247, 248, 251, 250, 251, 247, 251, 251, 250, 247, 252,
    250, 250, 248, 246, 245, 242, 241, 237, 236, 236, 233, 229, 228, 226,
    228, 225, 226, 223, 222, 220, 222, 226, 225, 224, 221, 225, 226, 222,
    225, 226, 226, 225, 223, 225, 222, 223, 224, 224, 221, 223, 225, 223,
    221, 225, 225, 219, 225, 225, 225, 223, 225, 223, 225, 224, 221, 224,
    222, 224, 222, 225, 222, 226, 224, 225, 222, 223, 220, 223, 224, 225,
    224, 221, 223, 226, 224 ]
headPositionsY: [ 73, 76, 75, 74, 73, 77, 74, 76, 76, 76, 72, 72, 75, 72,
    74, 72, 75, 77, 76, 75, 77, 77, 72, 77, 76, 73, 75, 73, 75, 74, 75,
    76, 73, 73, 75, 73, 77, 77, 73, 73, 73, 72, 73, 73, 73, 74, 75, 72,
    72, 75, 76, 73, 77, 74, 75, 72, 73, 74, 76, 75, 76, 73, 71, 74, 73,
    74, 72, 71, 72, 74, 76, 75, 72, 74, 73, 72, 76, 73, 74, 72, 73, 74,
    76, 77, 73, 75, 73, 77, 72, 72, 77, 75, 75, 74, 73, 73, 72, 75, 73,
    74 ]
