%YAML:1.0
---
videoName: "headLookRight6.mp4"
gestureLabel: 204
fps: 29
pixelSizeInCmTemp: 3.8015873015873014e-01
faceCenterPointX: 226
faceCenterPointY: 72
headPositionsX: [ 227, 251, 248, 248, 250, 248, 249, 251, 247, 247, 248,
    249, 251, 249, 251, 249, 252, 249, 251, 249, 249, 251, 252, 252, 249,
    248, 253, 252, 250, 250, 252, 250, 251, 248, 248, 246, 245, 239, 236,
    236, 234, 232, 229, 230, 227, 229, 224, 227, 224, 225, 227, 227, 227,
    224, 226, 226, 225, 227, 226, 226, 228, 228, 231, 223, 225, 225, 225,
    229, 229, 227, 228, 229, 226, 229, 224, 226, 226, 227, 226, 227, 227,
    228, 227, 224, 224, 225, 229, 230, 227, 224, 225, 228, 232, 228, 227,
    227, 225, 227, 226, 224 ]
headPositionsY: [ 72, 74, 73, 71, 72, 73, 73, 73, 72, 72, 70, 74, 73, 75,
    75, 76, 74, 75, 76, 75, 73, 74, 73, 75, 76, 76, 76, 75, 73, 74, 72,
    77, 76, 76, 75, 74, 75, 72, 75, 75, 72, 73, 73, 74, 73, 75, 69, 74,
    75, 73, 73, 72, 75, 74, 73, 76, 76, 74, 72, 75, 74, 72, 74, 72, 77,
    70, 74, 71, 78, 73, 74, 76, 73, 72, 72, 73, 71, 75, 73, 77, 78, 76,
    73, 71, 74, 76, 77, 76, 72, 75, 71, 76, 77, 76, 68, 74, 72, 74, 72,
    70 ]
