%YAML:1.0
---
videoName: "headLookRight8.mp4"
gestureLabel: 204
fps: 29
pixelSizeInCmTemp: 3.1513157894736843e-01
faceCenterPointX: 218
faceCenterPointY: 80
headPositionsX: [ 219, 247, 248, 248, 249, 247, 248, 250, 246, 250, 249,
    246, 244, 245, 248, 247, 249, 247, 244, 245, 244, 247, 245, 248, 247,
    247, 245, 244, 247, 247, 248, 245, 248, 245, 246, 247, 245, 247, 248,
    245, 248, 248, 247, 247, 246, 247, 246, 245, 248, 246, 245, 246, 244,
    248, 248, 247, 245, 248, 246, 247, 246, 245, 245, 247, 247, 245, 245,
    245, 245, 241, 242, 241, 238, 235, 229, 227, 224, 221, 223, 217, 221,
    221, 216, 215, 216, 218, 216, 216, 218, 216, 219, 218, 217, 218, 220,
    218, 218, 218, 220, 220 ]
headPositionsY: [ 79, 75, 73, 74, 72, 75, 76, 75, 71, 76, 74, 74, 74, 75,
    75, 73, 78, 78, 75, 74, 77, 77, 74, 74, 77, 76, 77, 75, 77, 76, 77,
    74, 74, 78, 77, 75, 75, 75, 78, 79, 76, 77, 78, 78, 78, 77, 77, 76,
    76, 79, 77, 78, 77, 76, 77, 76, 75, 78, 79, 75, 78, 77, 79, 78, 76,
    78, 80, 76, 77, 75, 77, 77, 78, 74, 74, 74, 74, 76, 73, 73, 74, 76,
    75, 80, 72, 81, 80, 82, 78, 78, 82, 79, 74, 75, 77, 82, 79, 81, 82,
    78 ]
