%YAML:1.0
---
videoName: "headLookRight7.mp4"
gestureLabel: 204
fps: 30
pixelSizeInCmTemp: 3.4710144927536229e-01
faceCenterPointX: 226
faceCenterPointY: 74
headPositionsX: [ 226, 250, 250, 251, 250, 250, 250, 248, 251, 250, 248,
    248, 252, 249, 251, 249, 251, 247, 252, 248, 249, 247, 249, 248, 250,
    250, 248, 246, 248, 245, 244, 244, 238, 236, 237, 233, 230, 230, 227,
    226, 227, 225, 223, 223, 222, 221, 226, 226, 224, 220, 225, 227, 226,
    224, 222, 222, 222, 223, 226, 222, 224, 225, 221, 220, 226, 226, 225,
    225, 225, 226, 219, 224, 226, 226, 221, 225, 223, 225, 225, 223, 223,
    224, 225, 226, 225, 220, 224, 223, 223, 224, 224, 224, 220, 224, 224,
    221, 224, 225, 227, 226 ]
headPositionsY: [ 73, 74, 75, 73, 72, 73, 75, 76, 76, 77, 75, 73, 77, 75,
    75, 74, 76, 73, 76, 74, 76, 74, 75, 73, 75, 75, 73, 74, 76, 74, 73,
    76, 76, 73, 77, 74, 75, 74, 75, 74, 74, 74, 71, 74, 73, 74, 75, 72,
    75, 75, 73, 75, 76, 74, 72, 75, 75, 71, 72, 75, 75, 73, 74, 71, 74,
    74, 73, 72, 75, 76, 78, 74, 74, 74, 73, 74, 75, 73, 76, 72, 72, 77,
    76, 75, 74, 76, 74, 74, 72, 72, 75, 73, 73, 75, 75, 74, 76, 77, 73,
    77 ]
