%YAML:1.0
---
videoName: "headLookRight0.mp4"
gestureLabel: 204
fps: 29
pixelSizeInCmTemp: 3.1933333333333330e-01
faceCenterPointX: 229
faceCenterPointY: 68
headPositionsX: [ 227, 259, 257, 254, 254, 258, 257, 255, 257, 256, 257,
    257, 255, 257, 257, 258, 256, 258, 254, 254, 257, 255, 257, 257, 255,
    255, 257, 255, 257, 259, 253, 256, 254, 254, 257, 257, 253, 255, 256,
    251, 250, 248, 246, 246, 241, 240, 240, 236, 235, 233, 232, 236, 233,
    233, 233, 236, 235, 236, 233, 231, 232, 231, 233, 236, 233, 233, 232,
    231, 231, 236, 234, 236, 234, 234, 232, 233, 228, 233, 230, 228, 236,
    230, 233, 227, 230, 228, 232, 231, 228, 229, 233, 233, 230, 227, 228,
    228, 231, 232, 228, 229 ]
headPositionsY: [ 68, 67, 63, 63, 65, 64, 62, 66, 64, 68, 67, 65, 65, 67,
    69, 66, 66, 67, 65, 67, 69, 67, 68, 69, 68, 68, 69, 68, 66, 69, 69,
    69, 70, 65, 69, 69, 66, 69, 66, 68, 65, 66, 68, 66, 67, 70, 67, 68,
    67, 65, 69, 67, 65, 71, 71, 70, 68, 66, 69, 68, 69, 68, 70, 70, 68,
    69, 66, 67, 67, 66, 68, 66, 67, 66, 69, 69, 66, 65, 67, 70, 69, 69,
    70, 66, 67, 70, 68, 69, 65, 67, 67, 69, 69, 67, 68, 66, 70, 67, 66,
    70 ]
