%YAML:1.0
---
videoName: "headLookRight2.mp4"
gestureLabel: 204
fps: 29
pixelSizeInCmTemp: 3.8015873015873014e-01
faceCenterPointX: 228
faceCenterPointY: 68
headPositionsX: [ 226, 251, 254, 250, 251, 252, 250, 253, 253, 251, 251,
    253, 250, 249, 251, 250, 251, 252, 250, 250, 254, 254, 251, 254, 254,
    251, 254, 255, 250, 253, 253, 252, 255, 252, 252, 250, 256, 250, 251,
    255, 253, 251, 252, 255, 254, 251, 252, 253, 251, 248, 248, 245, 244,
    242, 239, 238, 234, 232, 231, 232, 228, 229, 228, 230, 230, 227, 225,
    229, 223, 224, 228, 229, 226, 227, 228, 226, 230, 229, 228, 230, 231,
    231, 230, 230, 230, 229, 230, 228, 230, 227, 225, 229, 230, 230, 228,
    228, 227, 229, 225, 229 ]
headPositionsY: [ 66, 69, 69, 66, 69, 67, 68, 69, 70, 67, 70, 69, 67, 68,
    68, 71, 68, 71, 71, 67, 70, 69, 70, 68, 67, 70, 69, 70, 72, 71, 69,
    70, 70, 68, 70, 66, 71, 67, 71, 67, 68, 70, 67, 71, 71, 70, 72, 71,
    69, 71, 68, 68, 70, 66, 71, 69, 67, 68, 71, 69, 68, 68, 66, 68, 67,
    69, 66, 70, 74, 71, 68, 68, 71, 67, 72, 69, 73, 70, 72, 71, 69, 68,
    68, 73, 70, 70, 67, 70, 70, 70, 71, 68, 71, 69, 69, 70, 69, 68, 71,
    71 ]
