%YAML:1.0
---
videoName: "headLookRight4.mp4"
gestureLabel: 204
fps: 30
pixelSizeInCmTemp: 3.4214285714285714e-01
faceCenterPointX: 228
faceCenterPointY: 75
headPositionsX: [ 227, 253, 254, 255, 252, 253, 254, 255, 256, 253, 256,
    255, 253, 253, 255, 254, 254, 254, 251, 253, 251, 253, 252, 252, 251,
    254, 249, 250, 253, 249, 249, 249, 247, 247, 247, 242, 239, 238, 234,
    236, 233, 232, 232, 232, 228, 228, 232, 227, 229, 229, 229, 229, 227,
    227, 230, 228, 224, 226, 230, 228, 225, 227, 229, 229, 223, 223, 227,
    227, 224, 223, 225, 228, 225, 223, 222, 228, 227, 225, 230, 228, 227,
    227, 228, 226, 225, 226, 228, 223, 226, 230, 224, 229, 226, 228, 229,
    227, 225, 224, 227, 226 ]
headPositionsY: [ 75, 70, 73, 74, 70, 70, 69, 69, 73, 72, 74, 71, 73, 74,
    72, 71, 71, 75, 74, 71, 72, 71, 72, 72, 74, 72, 74, 75, 73, 73, 71,
    75, 73, 72, 74, 72, 70, 73, 72, 72, 72, 74, 70, 74, 71, 74, 74, 71,
    72, 74, 73, 73, 74, 74, 76, 75, 74, 73, 72, 74, 73, 73, 77, 75, 73,
    73, 74, 78, 72, 73, 73, 73, 76, 76, 76, 75, 74, 73, 76, 76, 72, 78,
    74, 74, 74, 74, 77, 73, 76, 77, 73, 72, 76, 78, 76, 75, 73, 77, 75,
    72 ]
