%YAML:1.0
---
videoName: "headLookRight6.mp4"
gestureLabel: 204
fps: 29
pixelSizeInCmTemp: 3.8015873015873014e-01
faceCenterPointX: 226
faceCenterPointY: 72
headPositionsX: [ 225, 251, 247, 248, 250, 248, 251, 248, 250, 249, 249,
    251, 248, 247, 250, 251, 251, 250, 252, 251, 248, 252, 251, 252, 251,
    250, 251, 251, 251, 249, 252, 251, 250, 247, 248, 246, 245, 241, 236,
    235, 231, 229, 229, 231, 228, 228, 224, 228, 224, 226, 227, 226, 226,
    225, 224, 228, 227, 224, 227, 226, 229, 229, 228, 223, 228, 226, 226,
    226, 228, 227, 228, 226, 227, 227, 224, 226, 230, 228, 224, 226, 225,
    226, 227, 224, 225, 227, 227, 228, 225, 227, 224, 229, 228, 224, 227,
    230, 223, 228, 226, 228 ]
headPositionsY: [ 70, 73, 69, 75, 72, 73, 74, 73, 75, 73, 70, 74, 72, 74,
    74, 74, 75, 73, 73, 73, 73, 75, 75, 73, 74, 73, 75, 73, 76, 72, 72,
    77, 74, 77, 73, 72, 75, 76, 71, 74, 75, 74, 71, 74, 74, 75, 70, 71,
    73, 74, 74, 71, 74, 74, 75, 74, 74, 75, 70, 74, 78, 74, 76, 73, 77,
    70, 73, 71, 76, 77, 73, 73, 73, 74, 72, 72, 74, 72, 76, 75, 74, 74,
    72, 71, 73, 75, 74, 75, 74, 74, 74, 75, 74, 73, 71, 73, 71, 72, 74,
    72 ]
