%YAML:1.0
---
videoName: "headLookRight3.mp4"
gestureLabel: 204
fps: 29
pixelSizeInCmTemp: 3.5746268656716418e-01
faceCenterPointX: 232
faceCenterPointY: 71
headPositionsX: [ 231, 251, 252, 252, 254, 252, 253, 252, 253, 254, 254,
    253, 256, 254, 255, 253, 253, 252, 253, 254, 252, 255, 252, 257, 257,
    254, 256, 257, 257, 255, 255, 257, 256, 253, 254, 254, 255, 255, 251,
    252, 253, 248, 247, 246, 240, 241, 237, 235, 235, 233, 234, 234, 232,
    233, 232, 232, 234, 234, 234, 232, 233, 230, 231, 232, 234, 230, 233,
    230, 234, 229, 234, 234, 232, 234, 232, 235, 232, 230, 234, 231, 234,
    233, 232, 233, 233, 233, 230, 231, 234, 231, 235, 231, 234, 230, 233,
    233, 232, 230, 238, 233 ]
headPositionsY: [ 70, 70, 70, 68, 70, 70, 69, 69, 71, 67, 68, 72, 70, 68,
    71, 70, 69, 71, 70, 73, 70, 70, 71, 69, 73, 72, 74, 74, 69, 69, 73,
    72, 72, 70, 71, 72, 71, 73, 69, 72, 71, 72, 70, 72, 70, 72, 72, 71,
    70, 72, 74, 73, 70, 73, 73, 73, 72, 72, 72, 73, 74, 73, 74, 71, 72,
    73, 73, 70, 71, 74, 73, 69, 72, 70, 71, 72, 73, 73, 73, 74, 74, 70,
    70, 70, 71, 74, 70, 73, 70, 72, 70, 70, 74, 71, 69, 73, 71, 69, 72,
    71 ]
