%YAML:1.0
---
videoName: "headLookRight6.mp4"
gestureLabel: 204
fps: 29
pixelSizeInCmTemp: 3.8015873015873014e-01
faceCenterPointX: 226
faceCenterPointY: 72
headPositionsX: [ 224, 250, 250, 251, 249, 246, 249, 247, 250, 246, 248,
    248, 251, 251, 251, 251, 251, 252, 249, 251, 249, 252, 251, 252, 250,
    251, 253, 250, 251, 252, 252, 248, 249, 247, 249, 247, 243, 242, 236,
    233, 231, 232, 227, 229, 226, 226, 228, 228, 222, 226, 224, 223, 226,
    227, 227, 230, 228, 225, 225, 227, 232, 226, 228, 226, 229, 225, 223,
    229, 231, 226, 228, 227, 230, 226, 225, 225, 228, 224, 226, 230, 225,
    228, 228, 228, 227, 229, 231, 232, 226, 225, 225, 225, 231, 227, 225,
    226, 227, 228, 227, 226 ]
headPositionsY: [ 73, 74, 70, 71, 74, 72, 70, 74, 71, 72, 73, 74, 75, 75,
    72, 73, 72, 74, 72, 74, 76, 75, 74, 75, 75, 75, 74, 76, 72, 76, 74,
    75, 73, 74, 76, 75, 74, 72, 72, 72, 72, 71, 73, 76, 74, 77, 73, 74,
    77, 72, 77, 68, 74, 73, 74, 72, 73, 73, 74, 77, 75, 72, 78, 69, 75,
    73, 75, 73, 75, 75, 75, 76, 73, 75, 74, 73, 73, 73, 73, 77, 78, 75,
    71, 70, 76, 75, 74, 74, 76, 76, 75, 76, 76, 73, 72, 73, 71, 73, 76,
    71 ]
