%YAML:1.0
---
videoName: "headLookRight3.mp4"
gestureLabel: 204
fps: 29
pixelSizeInCmTemp: 3.5746268656716418e-01
faceCenterPointX: 232
faceCenterPointY: 71
headPositionsX: [ 233, 252, 252, 252, 254, 253, 255, 255, 253, 253, 256,
    251, 255, 256, 252, 254, 256, 254, 256, 255, 255, 255, 256, 255, 253,
    252, 253, 256, 255, 256, 255, 255, 252, 255, 256, 253, 252, 253, 253,
    251, 252, 249, 247, 246, 243, 243, 239, 236, 234, 235, 234, 232, 233,
    233, 232, 235, 233, 232, 231, 231, 230, 232, 233, 234, 233, 229, 229,
    234, 232, 229, 230, 231, 234, 231, 232, 231, 235, 232, 230, 231, 234,
    232, 234, 232, 233, 231, 232, 232, 235, 230, 234, 233, 231, 230, 233,
    232, 235, 232, 236, 234 ]
headPositionsY: [ 72, 69, 68, 69, 68, 72, 71, 69, 70, 69, 68, 69, 71, 71,
    71, 69, 69, 68, 70, 72, 72, 69, 71, 70, 70, 71, 73, 74, 69, 72, 69,
    73, 72, 73, 72, 72, 69, 71, 72, 70, 70, 71, 70, 68, 72, 69, 71, 71,
    73, 73, 70, 72, 70, 73, 69, 70, 71, 74, 70, 75, 71, 72, 73, 74, 70,
    71, 72, 70, 73, 75, 73, 73, 72, 72, 70, 74, 73, 70, 72, 71, 71, 72,
    72, 70, 74, 73, 70, 72, 70, 70, 72, 72, 73, 70, 71, 70, 70, 70, 70,
    73 ]
