%YAML:1.0
---
videoName: "headLookRight2.mp4"
gestureLabel: 204
fps: 29
pixelSizeInCmTemp: 3.8015873015873014e-01
faceCenterPointX: 228
faceCenterPointY: 68
headPositionsX: [ 226, 250, 250, 249, 250, 249, 250, 252, 251, 252, 249,
    252, 251, 250, 250, 252, 253, 250, 253, 250, 250, 251, 251, 254, 253,
    253, 251, 254, 251, 254, 255, 255, 253, 251, 253, 252, 256, 252, 251,
    252, 252, 252, 251, 254, 250, 251, 252, 251, 252, 250, 249, 244, 244,
    240, 240, 238, 234, 234, 233, 230, 228, 229, 229, 229, 228, 228, 229,
    225, 221, 228, 228, 229, 228, 228, 227, 230, 230, 229, 229, 227, 229,
    232, 228, 228, 228, 228, 230, 228, 228, 228, 228, 226, 231, 230, 227,
    228, 231, 232, 228, 229 ]
headPositionsY: [ 68, 69, 68, 67, 66, 66, 69, 66, 69, 68, 69, 68, 68, 67,
    68, 70, 68, 71, 68, 67, 69, 71, 69, 67, 69, 71, 68, 70, 68, 69, 68,
    70, 67, 69, 67, 66, 69, 68, 67, 68, 70, 68, 68, 70, 70, 71, 71, 70,
    68, 68, 70, 69, 67, 66, 70, 70, 71, 68, 68, 68, 69, 70, 67, 68, 68,
    66, 69, 67, 72, 69, 69, 67, 67, 66, 72, 70, 72, 73, 72, 70, 70, 68,
    71, 70, 68, 71, 71, 70, 69, 67, 70, 70, 71, 70, 68, 68, 68, 68, 70,
    71 ]
