%YAML:1.0
---
videoName: "headLookRight2.mp4"
gestureLabel: 204
fps: 29
pixelSizeInCmTemp: 3.8015873015873014e-01
faceCenterPointX: 228
faceCenterPointY: 68
headPositionsX: [ 227, 251, 252, 250, 251, 250, 253, 250, 253, 252, 251,
    251, 250, 253, 251, 252, 251, 253, 251, 250, 253, 252, 254, 253, 252,
    254, 253, 251, 254, 252, 255, 254, 254, 254, 255, 254, 254, 252, 251,
    253, 253, 254, 251, 252, 250, 252, 252, 250, 252, 247, 247, 244, 246,
    241, 238, 237, 236, 231, 231, 232, 227, 229, 231, 229, 227, 229, 226,
    227, 224, 225, 228, 227, 228, 231, 228, 227, 229, 228, 228, 229, 229,
    231, 227, 228, 231, 228, 229, 228, 229, 227, 228, 229, 229, 228, 228,
    231, 230, 231, 229, 232 ]
headPositionsY: [ 67, 65, 70, 69, 66, 68, 66, 67, 66, 66, 66, 70, 67, 70,
    70, 67, 70, 69, 67, 68, 69, 68, 70, 71, 69, 68, 71, 71, 68, 71, 72,
    69, 67, 69, 69, 70, 69, 71, 71, 67, 68, 70, 67, 71, 68, 69, 70, 68,
    67, 68, 66, 69, 70, 68, 67, 71, 68, 72, 69, 71, 68, 69, 69, 68, 66,
    68, 70, 66, 73, 68, 69, 69, 71, 68, 71, 70, 73, 71, 70, 71, 68, 69,
    70, 72, 71, 71, 71, 72, 71, 70, 69, 66, 70, 70, 69, 68, 70, 70, 72,
    68 ]
