%YAML:1.0
---
videoName: "headLookRight9.mp4"
gestureLabel: 204
fps: 29
pixelSizeInCmTemp: 2.8511904761904761e-01
faceCenterPointX: 217
faceCenterPointY: 75
headPositionsX: [ 216, 244, 242, 244, 246, 243, 245, 243, 243, 245, 242,
    243, 241, 245, 241, 244, 241, 243, 245, 245, 244, 244, 241, 242, 240,
    242, 242, 245, 245, 244, 243, 237, 238, 232, 232, 228, 228, 224, 220,
    220, 221, 217, 214, 215, 217, 213, 213, 215, 217, 213, 215, 217, 211,
    218, 215, 212, 214, 210, 217, 217, 213, 212, 217, 215, 217, 220, 214,
    213, 217, 215, 217, 207, 208, 216, 215, 213, 217, 213, 213, 218, 217,
    215, 217, 216, 218, 217, 215, 217, 216, 217, 218, 210, 213, 217, 212,
    214, 218, 219, 219, 219 ]
headPositionsY: [ 74, 76, 72, 74, 76, 73, 74, 74, 74, 73, 75, 72, 75, 72,
    74, 73, 73, 74, 76, 76, 72, 72, 75, 76, 73, 73, 72, 77, 73, 72, 77,
    73, 75, 76, 74, 72, 73, 72, 75, 72, 76, 72, 71, 79, 70, 70, 73, 71,
    71, 69, 69, 73, 71, 74, 74, 72, 75, 76, 70, 72, 72, 70, 72, 71, 76,
    76, 74, 73, 70, 71, 73, 77, 80, 70, 72, 73, 73, 76, 75, 73, 73, 70,
    74, 71, 73, 72, 72, 73, 76, 70, 78, 73, 72, 75, 73, 71, 76, 72, 71,
    78 ]
