%YAML:1.0
---
videoName: "headLookRight7.mp4"
gestureLabel: 204
fps: 30
pixelSizeInCmTemp: 3.4710144927536229e-01
faceCenterPointX: 226
faceCenterPointY: 74
headPositionsX: [ 227, 249, 247, 252, 248, 251, 249, 248, 248, 248, 250,
    249, 249, 249, 247, 250, 251, 247, 250, 247, 251, 247, 251, 249, 249,
    250, 250, 247, 247, 246, 244, 242, 241, 237, 236, 233, 230, 229, 229,
    226, 225, 225, 223, 222, 222, 222, 225, 223, 224, 224, 225, 223, 222,
    226, 226, 224, 226, 225, 225, 225, 224, 224, 221, 224, 222, 223, 224,
    224, 221, 223, 221, 225, 224, 225, 221, 226, 225, 223, 223, 221, 223,
    223, 225, 226, 224, 224, 227, 225, 225, 223, 224, 220, 222, 223, 225,
    221, 221, 225, 226, 222 ]
headPositionsY: [ 75, 75, 73, 77, 72, 75, 73, 77, 72, 77, 74, 73, 73, 76,
    75, 73, 76, 75, 77, 72, 73, 74, 73, 73, 75, 77, 73, 74, 73, 72, 76,
    73, 77, 75, 73, 74, 77, 75, 72, 74, 72, 73, 74, 76, 73, 73, 74, 72,
    76, 73, 73, 76, 75, 74, 74, 74, 76, 70, 72, 73, 73, 74, 72, 74, 72,
    75, 76, 71, 75, 74, 80, 74, 71, 77, 76, 73, 74, 74, 72, 71, 71, 75,
    73, 77, 75, 75, 73, 73, 72, 75, 74, 73, 77, 74, 75, 73, 75, 74, 73,
    76 ]
