%YAML:1.0
---
videoName: "headLookRight6.mp4"
gestureLabel: 204
fps: 29
pixelSizeInCmTemp: 3.8015873015873014e-01
faceCenterPointX: 226
faceCenterPointY: 72
headPositionsX: [ 224, 251, 249, 247, 250, 247, 247, 248, 248, 249, 250,
    248, 250, 251, 250, 248, 248, 248, 252, 250, 252, 251, 251, 251, 253,
    252, 253, 254, 253, 253, 253, 252, 247, 251, 249, 247, 244, 240, 237,
    233, 233, 229, 227, 230, 227, 229, 227, 226, 224, 226, 227, 227, 226,
    226, 227, 230, 228, 227, 229, 226, 228, 225, 230, 225, 229, 225, 223,
    226, 230, 225, 229, 225, 230, 226, 224, 226, 227, 227, 227, 229, 226,
    228, 226, 227, 225, 228, 231, 231, 225, 225, 225, 228, 231, 225, 227,
    227, 223, 227, 226, 228 ]
headPositionsY: [ 74, 74, 73, 75, 70, 72, 72, 72, 75, 75, 71, 71, 71, 72,
    72, 74, 74, 76, 75, 77, 72, 76, 74, 74, 76, 76, 75, 73, 74, 76, 72,
    75, 72, 74, 74, 74, 75, 76, 75, 71, 71, 73, 75, 76, 74, 75, 71, 71,
    74, 73, 77, 70, 76, 72, 72, 72, 73, 73, 74, 78, 76, 73, 76, 72, 75,
    71, 73, 74, 78, 74, 74, 76, 76, 73, 70, 73, 70, 74, 75, 73, 78, 73,
    75, 70, 75, 73, 75, 76, 73, 72, 71, 72, 73, 73, 68, 76, 71, 75, 76,
    71 ]
