%YAML:1.0
---
videoName: "headLookRight3.mp4"
gestureLabel: 204
fps: 29
pixelSizeInCmTemp: 3.5746268656716418e-01
faceCenterPointX: 232
faceCenterPointY: 71
headPositionsX: [ 231, 252, 251, 251, 255, 255, 252, 255, 255, 256, 252,
    252, 255, 252, 255, 255, 254, 254, 252, 254, 253, 255, 255, 256, 257,
    253, 253, 256, 256, 253, 255, 253, 252, 254, 254, 253, 253, 255, 255,
    253, 250, 247, 246, 242, 241, 240, 238, 234, 233, 234, 234, 235, 233,
    232, 235, 235, 231, 235, 231, 233, 231, 230, 230, 233, 233, 229, 231,
    232, 231, 232, 233, 233, 234, 233, 230, 231, 232, 230, 231, 228, 238,
    233, 233, 234, 231, 232, 233, 231, 233, 230, 233, 230, 232, 230, 232,
    231, 233, 233, 235, 234 ]
headPositionsY: [ 73, 71, 71, 70, 69, 71, 68, 71, 68, 71, 71, 69, 72, 72,
    68, 73, 71, 71, 71, 70, 71, 71, 72, 71, 73, 71, 71, 70, 71, 69, 70,
    70, 71, 71, 70, 72, 73, 70, 71, 71, 72, 72, 69, 69, 71, 71, 70, 73,
    70, 70, 72, 72, 72, 73, 73, 70, 72, 72, 72, 73, 70, 72, 71, 71, 74,
    72, 72, 71, 70, 75, 69, 72, 73, 71, 73, 73, 71, 72, 69, 73, 74, 71,
    69, 70, 71, 71, 73, 69, 70, 70, 72, 69, 71, 69, 69, 70, 71, 70, 74,
    74 ]
