%YAML:1.0
---
videoName: "headLookRight0.mp4"
gestureLabel: 204
fps: 29
pixelSizeInCmTemp: 3.1933333333333330e-01
faceCenterPointX: 229
faceCenterPointY: 68
headPositionsX: [ 231, 256, 256, 254, 258, 254, 254, 257, 258, 255, 257,
    256, 254, 255, 257, 256, 254, 256, 258, 257, 257, 259, 256, 255, 259,
    255, 255, 255, 254, 258, 253, 255, 255, 254, 256, 257, 254, 254, 255,
    254, 250, 247, 246, 245, 240, 239, 240, 236, 236, 234, 235, 237, 234,
    231, 235, 232, 231, 234, 235, 231, 233, 231, 231, 235, 233, 235, 233,
    234, 231, 235, 231, 234, 233, 233, 233, 233, 231, 229, 230, 230, 234,
    233, 231, 229, 232, 231, 233, 230, 230, 228, 229, 232, 232, 230, 230,
    227, 229, 232, 227, 227 ]
headPositionsY: [ 70, 64, 65, 64, 67, 66, 62, 62, 63, 65, 68, 69, 66, 67,
    67, 65, 67, 65, 68, 69, 66, 67, 67, 65, 66, 65, 67, 69, 68, 70, 67,
    70, 68, 69, 67, 66, 67, 69, 69, 69, 66, 66, 68, 66, 65, 66, 69, 70,
    66, 65, 68, 69, 67, 70, 67, 70, 66, 69, 67, 67, 68, 70, 67, 67, 69,
    67, 66, 66, 67, 66, 67, 67, 69, 68, 70, 67, 67, 66, 70, 70, 66, 67,
    68, 67, 67, 70, 71, 69, 68, 66, 68, 68, 70, 70, 66, 67, 70, 66, 67,
    68 ]
