%YAML:1.0
---
videoName: "headLookRight1.mp4"
gestureLabel: 204
fps: 29
pixelSizeInCmTemp: 3.3263888888888887e-01
faceCenterPointX: 232
faceCenterPointY: 68
headPositionsX: [ 231, 255, 257, 255, 254, 257, 258, 256, 258, 257, 257,
    254, 257, 257, 255, 257, 258, 255, 257, 257, 258, 257, 255, 255, 253,
    255, 252, 254, 253, 254, 253, 251, 253, 250, 247, 247, 241, 238, 235,
    236, 234, 231, 231, 230, 231, 234, 231, 226, 229, 230, 233, 233, 229,
    230, 233, 235, 231, 234, 234, 234, 230, 233, 231, 232, 232, 230, 229,
    233, 230, 231, 230, 234, 233, 234, 234, 231, 233, 231, 234, 235, 231,
    231, 232, 233, 231, 233, 234, 232, 233, 231, 234, 230, 234, 229, 234,
    234, 231, 230, 231, 231 ]
headPositionsY: [ 69, 66, 66, 69, 66, 69, 70, 66, 69, 70, 69, 67, 70, 66,
    70, 67, 68, 66, 66, 67, 69, 71, 67, 67, 69, 69, 67, 68, 70, 71, 67,
    69, 70, 70, 69, 67, 69, 65, 70, 67, 66, 69, 69, 66, 66, 69, 69, 71,
    68, 69, 69, 71, 68, 67, 66, 70, 68, 66, 66, 66, 67, 67, 66, 69, 66,
    66, 66, 70, 70, 68, 66, 67, 69, 71, 67, 66, 71, 67, 68, 71, 67, 70,
    70, 70, 69, 68, 67, 70, 67, 70, 71, 67, 67, 68, 70, 67, 70, 69, 66,
    68 ]
