%YAML:1.0
---
videoName: "headLookRight2.mp4"
gestureLabel: 204
fps: 29
pixelSizeInCmTemp: 3.8015873015873014e-01
faceCenterPointX: 228
faceCenterPointY: 68
headPositionsX: [ 228, 249, 251, 252, 254, 253, 250, 249, 251, 253, 252,
    254, 253, 250, 251, 253, 253, 251, 254, 250, 253, 254, 253, 251, 255,
    252, 255, 253, 251, 256, 252, 252, 252, 254, 252, 250, 253, 252, 254,
    252, 254, 255, 251, 254, 251, 254, 252, 249, 251, 247, 248, 247, 246,
    238, 238, 238, 235, 233, 230, 230, 228, 228, 232, 227, 229, 226, 225,
    228, 221, 227, 227, 229, 226, 228, 224, 230, 228, 230, 229, 229, 232,
    232, 229, 229, 227, 228, 229, 226, 230, 227, 227, 228, 230, 228, 226,
    230, 227, 229, 228, 228 ]
headPositionsY: [ 67, 68, 70, 66, 67, 69, 69, 68, 68, 70, 68, 71, 70, 69,
    68, 71, 72, 71, 69, 67, 67, 68, 69, 69, 68, 71, 70, 71, 71, 68, 70,
    70, 71, 67, 69, 67, 69, 70, 67, 67, 70, 71, 70, 70, 67, 71, 71, 71,
    69, 67, 67, 68, 68, 67, 70, 67, 70, 70, 68, 70, 65, 68, 66, 68, 66,
    70, 68, 67, 74, 70, 71, 69, 68, 67, 68, 71, 70, 71, 72, 68, 70, 69,
    68, 73, 68, 71, 68, 68, 70, 67, 68, 69, 71, 71, 66, 67, 68, 69, 71,
    68 ]
