%YAML:1.0
---
videoName: "headLookRight6.mp4"
gestureLabel: 204
fps: 29
pixelSizeInCmTemp: 3.8015873015873014e-01
faceCenterPointX: 226
faceCenterPointY: 72
headPositionsX: [ 224, 252, 251, 251, 248, 249, 249, 251, 251, 246, 248,
    251, 249, 250, 250, 250, 249, 249, 251, 249, 248, 251, 249, 250, 249,
    249, 251, 252, 249, 251, 249, 248, 247, 247, 249, 245, 244, 240, 239,
    234, 233, 229, 229, 229, 228, 229, 225, 224, 223, 227, 224, 224, 225,
    227, 225, 226, 226, 226, 229, 229, 231, 228, 229, 222, 226, 228, 225,
    227, 228, 225, 226, 225, 226, 227, 225, 223, 226, 227, 227, 226, 227,
    227, 224, 224, 226, 227, 229, 230, 224, 226, 225, 225, 232, 227, 226,
    230, 227, 229, 226, 224 ]
headPositionsY: [ 73, 72, 72, 71, 72, 74, 72, 71, 72, 72, 73, 75, 75, 72,
    73, 73, 71, 75, 72, 73, 72, 73, 72, 74, 76, 72, 76, 76, 76, 75, 73,
    77, 76, 74, 73, 75, 76, 73, 72, 71, 72, 73, 72, 73, 72, 77, 73, 74,
    73, 76, 77, 72, 76, 73, 72, 76, 76, 73, 72, 74, 76, 74, 78, 72, 73,
    73, 72, 73, 77, 77, 75, 76, 75, 73, 74, 71, 74, 76, 74, 76, 76, 76,
    71, 70, 73, 73, 75, 73, 75, 76, 72, 74, 74, 75, 70, 73, 69, 73, 73,
    71 ]
