%YAML:1.0
---
videoName: "headLookRight8.mp4"
gestureLabel: 204
fps: 29
pixelSizeInCmTemp: 3.1513157894736843e-01
faceCenterPointX: 218
faceCenterPointY: 80
headPositionsX: [ 220, 251, 251, 247, 248, 247, 247, 249, 246, 247, 246,
    247, 246, 244, 246, 245, 247, 246, 246, 247, 246, 249, 245, 248, 246,
    249, 245, 246, 247, 245, 246, 246, 249, 247, 245, 248, 248, 246, 247,
    247, 245, 245, 247, 244, 247, 247, 247, 244, 244, 248, 246, 246, 246,
    244, 244, 246, 248, 248, 246, 249, 246, 245, 245, 248, 244, 247, 245,
    247, 243, 241, 243, 240, 236, 234, 229, 229, 224, 224, 221, 218, 220,
    217, 218, 214, 218, 218, 216, 219, 219, 217, 217, 216, 218, 217, 220,
    219, 216, 216, 219, 219 ]
headPositionsY: [ 80, 77, 75, 72, 74, 72, 75, 73, 72, 75, 76, 75, 76, 77,
    77, 77, 74, 76, 74, 74, 74, 76, 78, 74, 77, 78, 78, 77, 77, 77, 78,
    78, 78, 78, 78, 79, 75, 78, 77, 76, 74, 78, 79, 77, 75, 79, 79, 77,
    78, 79, 75, 78, 78, 80, 75, 79, 78, 79, 77, 77, 74, 76, 79, 77, 80,
    78, 79, 80, 76, 79, 79, 79, 76, 76, 74, 75, 74, 74, 75, 73, 76, 78,
    73, 82, 72, 81, 79, 78, 81, 80, 82, 82, 77, 77, 78, 79, 82, 82, 79,
    79 ]
