%YAML:1.0
---
videoName: "headLookRight1.mp4"
gestureLabel: 204
fps: 29
pixelSizeInCmTemp: 3.3263888888888887e-01
faceCenterPointX: 232
faceCenterPointY: 68
headPositionsX: [ 230, 258, 254, 255, 258, 256, 254, 258, 258, 255, 256,
    254, 255, 258, 256, 257, 258, 257, 257, 254, 254, 253, 253, 254, 254,
    255, 253, 253, 257, 257, 254, 252, 249, 250, 246, 244, 243, 241, 239,
    233, 232, 234, 232, 229, 232, 231, 229, 228, 231, 233, 231, 233, 233,
    230, 232, 231, 233, 233, 231, 232, 232, 230, 232, 232, 232, 234, 229,
    232, 233, 232, 233, 231, 233, 231, 236, 232, 230, 231, 234, 232, 229,
    230, 231, 230, 232, 230, 234, 231, 234, 233, 233, 230, 230, 231, 230,
    234, 233, 233, 233, 232 ]
headPositionsY: [ 68, 65, 69, 68, 67, 68, 68, 68, 67, 68, 69, 68, 69, 68,
    69, 67, 68, 68, 66, 67, 71, 67, 70, 69, 68, 67, 67, 68, 69, 69, 68,
    70, 67, 69, 71, 68, 69, 69, 68, 70, 66, 68, 66, 66, 65, 66, 70, 69,
    70, 67, 67, 68, 69, 67, 66, 67, 67, 66, 69, 68, 66, 66, 66, 66, 67,
    70, 66, 67, 70, 68, 65, 66, 69, 70, 70, 70, 68, 70, 69, 68, 69, 69,
    68, 70, 68, 70, 68, 68, 69, 68, 70, 66, 68, 70, 68, 67, 68, 68, 67,
    67 ]
