%YAML:1.0
---
videoName: "headLookRight6.mp4"
gestureLabel: 204
fps: 29
pixelSizeInCmTemp: 3.8015873015873014e-01
faceCenterPointX: 226
faceCenterPointY: 72
headPositionsX: [ 225, 249, 249, 250, 247, 248, 250, 250, 251, 250, 248,
    248, 250, 251, 251, 251, 249, 252, 251, 249, 251, 250, 249, 249, 253,
    252, 253, 252, 253, 249, 251, 250, 251, 247, 248, 244, 242, 239, 235,
    234, 230, 229, 229, 231, 225, 226, 228, 227, 224, 225, 225, 223, 226,
    227, 227, 229, 228, 227, 225, 227, 228, 227, 228, 223, 225, 224, 227,
    227, 231, 227, 225, 229, 229, 230, 228, 223, 230, 228, 225, 227, 226,
    228, 228, 226, 227, 229, 228, 228, 225, 226, 224, 225, 229, 225, 224,
    227, 225, 226, 229, 228 ]
headPositionsY: [ 70, 74, 71, 73, 73, 72, 74, 71, 73, 73, 72, 74, 72, 71,
    73, 74, 71, 73, 76, 75, 72, 77, 74, 75, 75, 76, 75, 75, 75, 74, 74,
    75, 75, 77, 74, 74, 76, 73, 71, 71, 75, 75, 74, 76, 74, 75, 71, 70,
    74, 73, 75, 71, 73, 76, 71, 72, 73, 76, 73, 77, 76, 76, 77, 72, 74,
    72, 72, 74, 74, 76, 73, 73, 76, 71, 73, 72, 74, 73, 74, 77, 75, 77,
    73, 69, 76, 74, 74, 73, 74, 73, 73, 74, 77, 76, 71, 73, 72, 76, 74,
    72 ]
