%YAML:1.0
---
videoName: "headLookRight5.mp4"
gestureLabel: 204
fps: 29
pixelSizeInCmTemp: 3.1513157894736843e-01
faceCenterPointX: 228
faceCenterPointY: 76
headPositionsX: [ 228, 252, 251, 252, 249, 248, 251, 252, 251, 248, 247,
    247, 248, 247, 248, 250, 249, 248, 249, 248, 250, 250, 248, 247, 247,
    248, 250, 248, 249, 246, 248, 246, 245, 244, 244, 240, 236, 235, 231,
    229, 230, 231, 226, 228, 225, 226, 223, 225, 226, 226, 225, 225, 219,
    228, 224, 226, 226, 225, 223, 223, 226, 222, 228, 228, 229, 226, 223,
    227, 224, 225, 226, 224, 225, 225, 223, 225, 228, 227, 227, 223, 221,
    226, 226, 224, 226, 224, 225, 221, 223, 226, 223, 226, 225, 227, 223,
    225, 226, 224, 223, 227 ]
headPositionsY: [ 78, 75, 72, 75, 76, 76, 76, 72, 77, 72, 72, 73, 72, 72,
    74, 74, 74, 73, 76, 75, 75, 73, 73, 74, 76, 73, 76, 76, 73, 73, 76,
    76, 73, 73, 75, 73, 71, 71, 74, 75, 74, 74, 76, 74, 74, 73, 75, 73,
    73, 77, 73, 73, 72, 73, 73, 75, 73, 72, 77, 76, 76, 75, 73, 74, 73,
    74, 73, 74, 76, 75, 74, 76, 75, 77, 72, 73, 73, 75, 73, 70, 77, 72,
    77, 73, 74, 74, 75, 74, 74, 73, 72, 73, 76, 76, 71, 72, 76, 72, 75,
    74 ]
