%YAML:1.0
---
videoName: "headLookRight2.mp4"
gestureLabel: 204
fps: 29
pixelSizeInCmTemp: 3.8015873015873014e-01
faceCenterPointX: 228
faceCenterPointY: 68
headPositionsX: [ 229, 249, 252, 253, 253, 252, 252, 249, 250, 250, 249,
    252, 250, 250, 254, 252, 254, 254, 253, 254, 254, 254, 253, 250, 251,
    254, 252, 251, 254, 255, 256, 252, 254, 255, 255, 251, 255, 251, 253,
    254, 253, 251, 251, 255, 250, 253, 250, 249, 248, 251, 245, 243, 244,
    240, 239, 238, 235, 235, 229, 232, 226, 228, 230, 229, 229, 227, 228,
    226, 221, 228, 230, 231, 227, 229, 228, 227, 226, 230, 230, 230, 231,
    231, 228, 229, 229, 229, 232, 225, 229, 226, 228, 229, 229, 231, 227,
    230, 231, 229, 225, 231 ]
headPositionsY: [ 67, 65, 68, 66, 66, 70, 67, 66, 66, 67, 70, 69, 68, 67,
    68, 69, 68, 69, 69, 69, 71, 69, 67, 69, 69, 70, 68, 71, 71, 72, 69,
    67, 69, 71, 68, 69, 68, 70, 71, 71, 67, 70, 68, 67, 70, 68, 70, 70,
    69, 70, 66, 68, 69, 70, 70, 69, 71, 72, 69, 68, 65, 70, 69, 68, 67,
    67, 66, 68, 73, 70, 72, 68, 69, 69, 69, 69, 69, 72, 69, 68, 70, 71,
    71, 73, 70, 67, 70, 69, 69, 67, 69, 67, 67, 71, 69, 67, 69, 71, 73,
    68 ]
