%YAML:1.0
---
videoName: "headLookRight7.mp4"
gestureLabel: 204
fps: 30
pixelSizeInCmTemp: 3.4710144927536229e-01
faceCenterPointX: 226
faceCenterPointY: 74
headPositionsX: [ 228, 252, 250, 249, 251, 249, 251, 248, 251, 250, 247,
    251, 248, 249, 249, 248, 249, 250, 249, 247, 248, 251, 248, 249, 249,
    247, 250, 249, 249, 243, 243, 240, 239, 235, 236, 230, 232, 226, 228,
    225, 229, 225, 222, 225, 222, 223, 226, 226, 225, 223, 225, 225, 226,
    222, 223, 223, 224, 223, 224, 223, 222, 221, 221, 223, 224, 222, 222,
    223, 221, 223, 218, 226, 225, 223, 221, 224, 224, 225, 223, 224, 224,
    221, 224, 224, 222, 221, 225, 224, 224, 224, 222, 222, 223, 226, 224,
    223, 225, 223, 227, 223 ]
headPositionsY: [ 75, 73, 75, 77, 74, 73, 75, 77, 76, 75, 73, 76, 75, 72,
    74, 76, 75, 77, 75, 75, 77, 76, 75, 75, 74, 77, 76, 74, 77, 72, 73,
    76, 77, 74, 73, 77, 77, 77, 74, 72, 74, 74, 72, 73, 75, 71, 76, 74,
    73, 72, 74, 74, 76, 73, 76, 74, 75, 70, 74, 74, 74, 71, 71, 71, 73,
    75, 73, 70, 74, 75, 80, 73, 72, 73, 75, 72, 74, 73, 74, 71, 75, 74,
    73, 76, 75, 74, 73, 73, 73, 73, 77, 74, 75, 75, 75, 72, 74, 74, 72,
    74 ]
