%YAML:1.0
---
videoName: "headLookRight4.mp4"
gestureLabel: 204
fps: 30
pixelSizeInCmTemp: 3.4214285714285714e-01
faceCenterPointX: 228
faceCenterPointY: 75
headPositionsX: [ 226, 251, 253, 252, 255, 251, 251, 255, 255, 251, 253,
    255, 255, 253, 251, 254, 254, 251, 252, 254, 252, 252, 254, 249, 252,
    253, 252, 250, 253, 251, 248, 249, 250, 247, 246, 241, 238, 237, 238,
    235, 235, 232, 230, 229, 231, 227, 230, 230, 228, 227, 228, 230, 226,
    229, 227, 228, 226, 227, 229, 229, 228, 227, 227, 229, 224, 227, 226,
    225, 227, 223, 224, 229, 226, 225, 223, 228, 229, 226, 227, 228, 227,
    229, 226, 229, 225, 225, 226, 223, 224, 231, 227, 225, 223, 229, 226,
    225, 227, 224, 226, 226 ]
headPositionsY: [ 76, 73, 71, 71, 73, 69, 70, 71, 71, 73, 73, 70, 70, 72,
    75, 73, 72, 73, 73, 72, 74, 72, 71, 71, 75, 72, 70, 73, 71, 74, 75,
    71, 75, 71, 73, 71, 73, 73, 72, 75, 72, 75, 70, 73, 72, 74, 76, 71,
    74, 74, 74, 71, 72, 72, 74, 73, 76, 71, 76, 74, 74, 76, 74, 73, 76,
    71, 72, 77, 74, 75, 77, 75, 76, 72, 77, 74, 72, 75, 77, 74, 72, 75,
    73, 77, 72, 76, 75, 77, 76, 77, 76, 72, 75, 75, 73, 74, 74, 74, 72,
    72 ]
