%YAML:1.0
---
videoName: "headLookRight2.mp4"
gestureLabel: 204
fps: 29
pixelSizeInCmTemp: 3.8015873015873014e-01
faceCenterPointX: 228
faceCenterPointY: 68
headPositionsX: [ 229, 249, 252, 251, 250, 253, 252, 249, 250, 250, 253,
    251, 254, 249, 251, 253, 253, 254, 253, 252, 253, 254, 250, 251, 252,
    253, 255, 254, 252, 256, 252, 253, 252, 251, 256, 252, 254, 251, 254,
    252, 252, 255, 253, 254, 251, 252, 252, 253, 252, 249, 248, 246, 246,
    241, 237, 235, 233, 233, 230, 228, 226, 227, 229, 229, 226, 225, 228,
    229, 224, 225, 230, 230, 226, 228, 228, 228, 229, 232, 231, 231, 232,
    228, 231, 229, 227, 230, 229, 225, 226, 229, 229, 228, 230, 229, 228,
    229, 228, 232, 226, 229 ]
headPositionsY: [ 69, 67, 67, 65, 67, 67, 66, 68, 69, 70, 66, 71, 69, 66,
    70, 70, 68, 68, 70, 67, 70, 68, 68, 69, 70, 70, 70, 68, 68, 68, 70,
    68, 70, 68, 67, 68, 71, 71, 70, 67, 68, 70, 67, 67, 68, 68, 72, 70,
    68, 70, 68, 71, 71, 70, 71, 70, 68, 72, 71, 68, 66, 69, 66, 66, 68,
    67, 67, 68, 70, 67, 71, 66, 68, 70, 72, 70, 70, 73, 70, 69, 70, 70,
    71, 70, 67, 71, 67, 72, 69, 68, 70, 70, 67, 70, 66, 70, 67, 72, 72,
    68 ]
