%YAML:1.0
---
videoName: "headLookRight6.mp4"
gestureLabel: 204
fps: 29
pixelSizeInCmTemp: 3.8015873015873014e-01
faceCenterPointX: 226
faceCenterPointY: 72
headPositionsX: [ 225, 250, 249, 248, 246, 248, 250, 247, 250, 247, 247,
    249, 252, 249, 252, 250, 249, 251, 249, 253, 252, 249, 253, 250, 251,
    248, 250, 253, 249, 251, 249, 251, 248, 249, 247, 245, 243, 239, 238,
    234, 231, 232, 230, 231, 227, 225, 225, 226, 225, 227, 223, 226, 228,
    226, 228, 230, 227, 224, 226, 230, 230, 227, 231, 224, 229, 224, 227,
    227, 230, 226, 227, 225, 228, 227, 226, 223, 227, 227, 225, 226, 224,
    227, 224, 225, 226, 226, 227, 229, 224, 227, 226, 227, 228, 227, 228,
    228, 227, 225, 225, 225 ]
headPositionsY: [ 70, 70, 70, 72, 74, 73, 72, 71, 75, 74, 71, 75, 74, 71,
    75, 76, 72, 75, 76, 74, 74, 77, 74, 74, 72, 72, 72, 74, 72, 74, 74,
    74, 74, 77, 75, 75, 75, 76, 72, 72, 72, 74, 72, 74, 74, 76, 69, 73,
    75, 72, 75, 72, 76, 74, 74, 75, 74, 76, 70, 78, 74, 73, 77, 73, 74,
    72, 72, 73, 74, 76, 72, 73, 72, 75, 70, 72, 74, 76, 74, 77, 75, 75,
    72, 71, 74, 76, 75, 76, 73, 76, 75, 72, 75, 76, 68, 74, 73, 76, 76,
    69 ]
