%YAML:1.0
---
videoName: "headLookRight2.mp4"
gestureLabel: 204
fps: 29
pixelSizeInCmTemp: 3.8015873015873014e-01
faceCenterPointX: 228
faceCenterPointY: 68
headPositionsX: [ 230, 253, 254, 249, 250, 251, 251, 250, 251, 253, 251,
    252, 251, 252, 250, 252, 251, 253, 253, 252, 254, 253, 252, 254, 254,
    253, 255, 254, 253, 252, 256, 252, 255, 254, 252, 252, 256, 253, 252,
    255, 252, 254, 253, 251, 253, 255, 251, 250, 251, 247, 245, 244, 243,
    239, 237, 235, 235, 231, 231, 228, 230, 226, 230, 227, 229, 226, 229,
    225, 225, 228, 230, 228, 227, 229, 227, 229, 229, 230, 231, 228, 230,
    228, 231, 227, 229, 230, 229, 227, 229, 225, 225, 230, 228, 228, 227,
    229, 229, 232, 228, 232 ]
headPositionsY: [ 67, 67, 68, 68, 69, 68, 67, 66, 66, 68, 69, 69, 67, 68,
    71, 68, 71, 70, 71, 69, 68, 70, 67, 70, 69, 68, 72, 68, 71, 71, 72,
    70, 67, 71, 69, 66, 69, 71, 69, 69, 70, 68, 67, 71, 69, 69, 69, 67,
    67, 68, 68, 68, 67, 70, 70, 70, 70, 72, 71, 72, 65, 68, 69, 67, 70,
    66, 68, 69, 71, 69, 69, 70, 70, 70, 68, 68, 72, 69, 68, 72, 71, 68,
    71, 71, 67, 67, 68, 70, 70, 68, 70, 67, 68, 69, 70, 70, 68, 71, 70,
    70 ]
