%YAML:1.0
---
videoName: "headLookRight6.mp4"
gestureLabel: 204
fps: 29
pixelSizeInCmTemp: 3.8015873015873014e-01
faceCenterPointX: 226
faceCenterPointY: 72
headPositionsX: [ 224, 251, 250, 247, 246, 250, 247, 250, 249, 248, 248,
    251, 250, 248, 251, 250, 252, 248, 248, 249, 249, 250, 252, 250, 252,
    251, 252, 253, 250, 251, 253, 251, 250, 251, 249, 244, 242, 241, 237,
    233, 231, 231, 228, 228, 226, 229, 224, 225, 223, 225, 223, 226, 228,
    224, 224, 228, 228, 226, 229, 226, 229, 227, 230, 226, 228, 227, 227,
    228, 227, 225, 229, 227, 227, 230, 227, 227, 227, 226, 225, 227, 228,
    227, 225, 226, 227, 227, 227, 229, 224, 226, 226, 227, 232, 227, 224,
    227, 227, 226, 227, 224 ]
headPositionsY: [ 72, 70, 69, 74, 74, 74, 73, 72, 73, 71, 74, 74, 72, 74,
    74, 76, 73, 76, 72, 76, 74, 74, 75, 73, 73, 76, 73, 72, 76, 76, 72,
    74, 76, 73, 72, 72, 72, 73, 72, 73, 75, 73, 72, 75, 74, 77, 70, 70,
    76, 74, 75, 68, 74, 74, 73, 73, 77, 74, 71, 78, 77, 73, 76, 70, 73,
    72, 73, 72, 75, 76, 75, 73, 72, 74, 73, 70, 70, 76, 74, 75, 77, 76,
    75, 69, 75, 74, 78, 75, 75, 75, 75, 73, 76, 72, 69, 77, 73, 76, 73,
    69 ]
