%YAML:1.0
---
videoName: "headLookRight5.mp4"
gestureLabel: 204
fps: 29
pixelSizeInCmTemp: 3.1513157894736843e-01
faceCenterPointX: 228
faceCenterPointY: 76
headPositionsX: [ 226, 248, 247, 250, 248, 251, 248, 251, 250, 249, 250,
    250, 248, 248, 251, 250, 250, 252, 250, 251, 249, 249, 248, 250, 251,
    251, 248, 251, 252, 250, 248, 246, 248, 244, 244, 241, 236, 237, 234,
    228, 228, 230, 227, 225, 226, 225, 225, 226, 227, 228, 225, 224, 222,
    227, 225, 224, 224, 225, 226, 225, 226, 222, 225, 226, 228, 227, 224,
    228, 227, 228, 225, 223, 225, 228, 225, 226, 229, 228, 227, 225, 221,
    224, 224, 223, 226, 226, 228, 225, 225, 226, 221, 225, 222, 229, 224,
    224, 225, 226, 227, 223 ]
headPositionsY: [ 75, 76, 75, 73, 75, 74, 74, 74, 77, 72, 72, 74, 74, 75,
    74, 73, 74, 77, 76, 77, 76, 72, 77, 76, 72, 76, 77, 75, 77, 75, 76,
    77, 76, 72, 74, 72, 72, 72, 76, 73, 73, 76, 76, 76, 76, 75, 72, 73,
    75, 73, 71, 72, 75, 75, 76, 77, 76, 74, 73, 75, 75, 75, 75, 75, 76,
    74, 73, 76, 72, 75, 75, 74, 76, 77, 73, 73, 73, 74, 72, 71, 77, 74,
    75, 73, 72, 77, 76, 72, 73, 73, 71, 76, 75, 77, 71, 73, 73, 73, 74,
    73 ]
