%YAML:1.0
---
videoName: "headLookRight3.mp4"
gestureLabel: 204
fps: 29
pixelSizeInCmTemp: 3.5746268656716418e-01
faceCenterPointX: 232
faceCenterPointY: 71
headPositionsX: [ 232, 251, 253, 255, 252, 255, 252, 255, 251, 256, 255,
    255, 255, 253, 254, 252, 254, 255, 255, 253, 256, 257, 252, 253, 254,
    253, 256, 257, 256, 253, 256, 254, 254, 257, 254, 255, 253, 256, 253,
    250, 251, 248, 249, 244, 244, 242, 240, 235, 235, 234, 233, 232, 232,
    232, 232, 236, 231, 231, 230, 235, 233, 232, 232, 233, 230, 233, 232,
    231, 233, 233, 233, 234, 230, 234, 234, 233, 232, 229, 233, 232, 236,
    232, 232, 233, 232, 232, 230, 233, 233, 232, 234, 233, 233, 231, 234,
    232, 235, 232, 235, 231 ]
headPositionsY: [ 69, 70, 69, 70, 71, 72, 68, 69, 70, 70, 72, 69, 72, 70,
    71, 70, 73, 70, 70, 71, 71, 71, 72, 71, 72, 70, 70, 70, 72, 72, 73,
    71, 70, 70, 69, 71, 70, 73, 73, 72, 69, 72, 71, 69, 69, 68, 69, 72,
    69, 72, 71, 71, 73, 74, 71, 70, 73, 70, 73, 72, 73, 72, 72, 72, 71,
    70, 72, 74, 72, 72, 72, 71, 73, 71, 71, 71, 71, 70, 72, 70, 72, 71,
    69, 72, 74, 73, 69, 70, 70, 69, 69, 73, 74, 70, 69, 73, 71, 68, 72,
    72 ]
