%YAML:1.0
---
videoName: "headLookRight4.mp4"
gestureLabel: 204
fps: 30
pixelSizeInCmTemp: 3.4214285714285714e-01
faceCenterPointX: 228
faceCenterPointY: 75
headPositionsX: [ 227, 252, 251, 254, 251, 251, 253, 253, 256, 254, 256,
    255, 256, 254, 253, 255, 252, 251, 251, 252, 253, 250, 250, 252, 251,
    252, 250, 254, 250, 253, 249, 247, 247, 248, 245, 243, 239, 240, 238,
    232, 235, 230, 232, 228, 229, 229, 231, 231, 228, 228, 230, 230, 227,
    229, 227, 228, 224, 229, 228, 228, 229, 227, 227, 226, 226, 223, 225,
    224, 227, 225, 225, 226, 225, 222, 224, 229, 229, 225, 230, 225, 227,
    228, 229, 228, 227, 227, 227, 223, 228, 231, 224, 229, 224, 229, 230,
    226, 226, 227, 224, 225 ]
headPositionsY: [ 77, 71, 73, 74, 70, 71, 73, 73, 71, 71, 72, 73, 70, 74,
    73, 73, 74, 75, 74, 74, 72, 74, 72, 74, 75, 75, 73, 73, 72, 75, 74,
    74, 71, 73, 72, 72, 74, 73, 72, 75, 71, 72, 72, 74, 73, 74, 74, 75,
    71, 74, 76, 72, 76, 76, 74, 77, 75, 72, 74, 72, 74, 74, 75, 73, 74,
    71, 75, 74, 72, 76, 76, 74, 73, 75, 76, 72, 74, 75, 76, 76, 73, 75,
    72, 77, 73, 75, 73, 77, 74, 74, 72, 71, 74, 74, 74, 73, 74, 77, 72,
    75 ]
