%YAML:1.0
---
videoName: "headLookRight8.mp4"
gestureLabel: 204
fps: 29
pixelSizeInCmTemp: 3.1513157894736843e-01
faceCenterPointX: 218
faceCenterPointY: 80
headPositionsX: [ 217, 250, 251, 247, 249, 247, 249, 250, 248, 248, 249,
    250, 248, 246, 248, 247, 249, 245, 245, 243, 244, 248, 245, 248, 248,
    249, 247, 248, 248, 247, 244, 249, 247, 249, 247, 245, 247, 246, 244,
    248, 246, 245, 248, 247, 248, 246, 247, 247, 248, 246, 248, 247, 247,
    244, 247, 244, 247, 245, 246, 247, 245, 245, 248, 247, 247, 244, 243,
    247, 243, 243, 243, 240, 236, 233, 233, 229, 224, 222, 222, 221, 220,
    220, 215, 218, 217, 218, 219, 219, 217, 220, 220, 217, 216, 215, 222,
    219, 216, 217, 216, 217 ]
headPositionsY: [ 81, 73, 75, 73, 76, 73, 73, 71, 72, 75, 76, 75, 74, 76,
    77, 77, 74, 78, 73, 74, 76, 75, 74, 78, 75, 76, 77, 76, 79, 75, 77,
    78, 76, 75, 75, 79, 76, 75, 77, 76, 74, 76, 79, 77, 78, 75, 79, 75,
    76, 75, 78, 77, 77, 76, 75, 78, 74, 75, 78, 75, 78, 76, 78, 79, 78,
    78, 79, 76, 77, 76, 80, 80, 78, 74, 74, 75, 77, 74, 73, 72, 75, 77,
    73, 79, 74, 78, 80, 79, 78, 80, 79, 78, 77, 75, 74, 81, 81, 81, 78,
    82 ]
