%YAML:1.0
---
videoName: "headLookRight5.mp4"
gestureLabel: 204
fps: 29
pixelSizeInCmTemp: 3.1513157894736843e-01
faceCenterPointX: 228
faceCenterPointY: 76
headPositionsX: [ 227, 251, 248, 250, 250, 251, 250, 250, 251, 247, 251,
    248, 249, 246, 249, 247, 249, 248, 248, 251, 247, 247, 252, 248, 248,
    249, 250, 251, 252, 246, 249, 248, 248, 247, 245, 240, 239, 234, 235,
    229, 228, 229, 225, 228, 225, 226, 226, 224, 228, 228, 227, 225, 220,
    227, 227, 224, 225, 225, 224, 224, 223, 224, 226, 228, 226, 226, 226,
    225, 225, 226, 224, 222, 226, 229, 227, 226, 227, 227, 225, 224, 225,
    224, 224, 225, 222, 226, 225, 224, 223, 224, 222, 224, 226, 229, 224,
    226, 223, 223, 226, 224 ]
headPositionsY: [ 78, 72, 75, 73, 75, 73, 74, 74, 74, 75, 76, 73, 75, 75,
    73, 76, 75, 73, 74, 73, 73, 76, 75, 76, 73, 77, 76, 75, 74, 77, 72,
    76, 73, 73, 75, 72, 72, 72, 76, 71, 72, 72, 73, 73, 73, 75, 72, 73,
    75, 74, 75, 76, 74, 75, 72, 74, 76, 75, 73, 73, 76, 75, 77, 75, 74,
    76, 75, 75, 75, 73, 75, 74, 76, 74, 74, 74, 72, 76, 73, 69, 73, 73,
    77, 76, 71, 77, 76, 75, 72, 73, 72, 76, 73, 75, 71, 72, 76, 75, 73,
    76 ]
