%YAML:1.0
---
videoName: "headLookRight4.mp4"
gestureLabel: 204
fps: 30
pixelSizeInCmTemp: 3.4214285714285714e-01
faceCenterPointX: 228
faceCenterPointY: 75
headPositionsX: [ 226, 255, 255, 256, 251, 255, 254, 255, 254, 255, 255,
    252, 252, 252, 252, 255, 255, 251, 255, 250, 254, 252, 251, 253, 254,
    252, 249, 252, 252, 249, 248, 248, 246, 248, 243, 240, 238, 238, 234,
    232, 231, 234, 228, 230, 230, 231, 232, 227, 231, 228, 229, 227, 225,
    227, 228, 228, 223, 229, 229, 225, 229, 227, 227, 225, 226, 227, 228,
    224, 227, 226, 226, 229, 226, 224, 224, 226, 229, 225, 228, 227, 225,
    226, 227, 227, 226, 226, 225, 223, 227, 231, 225, 228, 226, 231, 230,
    229, 225, 225, 228, 229 ]
headPositionsY: [ 75, 71, 71, 73, 70, 72, 71, 71, 74, 70, 72, 70, 70, 70,
    75, 73, 71, 76, 72, 75, 75, 71, 72, 71, 74, 73, 73, 72, 71, 72, 72,
    75, 73, 73, 73, 70, 73, 72, 73, 73, 74, 72, 71, 72, 73, 74, 72, 74,
    73, 75, 74, 71, 73, 73, 72, 75, 72, 74, 72, 73, 75, 74, 77, 77, 75,
    73, 74, 74, 72, 75, 76, 76, 76, 75, 74, 74, 75, 75, 76, 76, 75, 78,
    72, 77, 73, 76, 76, 75, 74, 78, 75, 74, 72, 78, 74, 76, 75, 74, 72,
    75 ]
