%YAML:1.0
---
videoName: "headLookRight7.mp4"
gestureLabel: 204
fps: 30
pixelSizeInCmTemp: 3.4710144927536229e-01
faceCenterPointX: 226
faceCenterPointY: 74
headPositionsX: [ 228, 250, 251, 251, 252, 248, 248, 249, 251, 250, 250,
    252, 250, 251, 251, 248, 249, 247, 251, 249, 250, 247, 247, 250, 250,
    250, 247, 248, 248, 245, 244, 241, 237, 235, 235, 232, 231, 226, 230,
    226, 225, 223, 225, 222, 221, 222, 223, 222, 222, 220, 224, 225, 226,
    226, 222, 223, 223, 223, 223, 223, 226, 222, 225, 220, 225, 223, 222,
    223, 222, 222, 217, 226, 223, 223, 222, 223, 222, 222, 226, 221, 220,
    224, 225, 222, 222, 224, 226, 225, 224, 225, 225, 223, 222, 223, 223,
    224, 221, 226, 224, 225 ]
headPositionsY: [ 73, 75, 75, 74, 75, 75, 73, 73, 72, 76, 74, 72, 75, 72,
    76, 75, 72, 74, 73, 75, 74, 74, 76, 73, 76, 76, 75, 77, 75, 73, 75,
    75, 77, 73, 75, 74, 76, 75, 76, 75, 73, 74, 71, 73, 75, 73, 74, 76,
    76, 72, 75, 77, 77, 72, 76, 75, 74, 71, 73, 76, 73, 74, 71, 72, 75,
    76, 72, 74, 72, 72, 77, 71, 72, 74, 76, 71, 75, 71, 75, 73, 74, 78,
    75, 76, 75, 74, 76, 74, 72, 72, 75, 75, 77, 76, 75, 73, 73, 76, 74,
    74 ]
