%YAML:1.0
---
videoName: "headLookRight2.mp4"
gestureLabel: 204
fps: 29
pixelSizeInCmTemp: 3.8015873015873014e-01
faceCenterPointX: 228
faceCenterPointY: 68
headPositionsX: [ 226, 252, 253, 253, 251, 249, 251, 252, 252, 254, 249,
    252, 250, 250, 251, 252, 251, 253, 252, 253, 252, 253, 253, 251, 253,
    253, 254, 252, 251, 255, 255, 253, 253, 252, 255, 251, 253, 252, 253,
    251, 253, 254, 251, 254, 252, 253, 253, 251, 251, 251, 249, 243, 244,
    239, 237, 236, 233, 233, 232, 231, 229, 227, 229, 229, 230, 228, 229,
    228, 222, 228, 227, 227, 228, 227, 225, 229, 227, 230, 227, 227, 231,
    228, 229, 229, 230, 230, 229, 228, 226, 229, 227, 227, 227, 231, 227,
    229, 227, 231, 229, 228 ]
headPositionsY: [ 66, 69, 67, 68, 68, 68, 68, 70, 69, 67, 66, 70, 71, 68,
    71, 71, 68, 72, 67, 67, 68, 69, 69, 69, 71, 72, 69, 69, 70, 68, 70,
    71, 69, 67, 70, 68, 67, 67, 69, 68, 68, 70, 68, 68, 68, 67, 68, 67,
    71, 70, 67, 71, 68, 70, 71, 70, 70, 71, 71, 68, 65, 68, 68, 68, 67,
    66, 68, 68, 74, 67, 70, 66, 68, 68, 71, 72, 70, 72, 69, 70, 68, 71,
    68, 73, 69, 67, 67, 68, 71, 68, 72, 68, 67, 71, 68, 69, 67, 72, 70,
    69 ]
