%YAML:1.0
---
videoName: "headLookRight0.mp4"
gestureLabel: 204
fps: 29
pixelSizeInCmTemp: 3.1933333333333330e-01
faceCenterPointX: 229
faceCenterPointY: 68
headPositionsX: [ 227, 255, 258, 255, 256, 254, 256, 257, 256, 256, 257,
    259, 256, 255, 257, 257, 254, 258, 255, 258, 258, 256, 256, 255, 256,
    256, 257, 257, 256, 256, 255, 254, 256, 256, 258, 253, 254, 255, 253,
    255, 251, 248, 249, 244, 241, 238, 236, 235, 237, 237, 236, 236, 234,
    235, 234, 233, 231, 235, 235, 231, 235, 235, 234, 236, 229, 231, 235,
    233, 234, 235, 234, 235, 233, 234, 233, 233, 231, 233, 230, 231, 234,
    233, 233, 228, 230, 232, 234, 232, 230, 232, 231, 233, 231, 230, 227,
    228, 230, 232, 229, 229 ]
headPositionsY: [ 70, 67, 67, 63, 66, 66, 64, 64, 65, 65, 66, 69, 65, 65,
    66, 68, 66, 65, 68, 68, 68, 69, 69, 69, 69, 69, 68, 66, 66, 66, 67,
    67, 68, 68, 66, 70, 70, 69, 66, 67, 68, 66, 68, 65, 67, 66, 69, 67,
    70, 69, 71, 67, 66, 68, 71, 69, 69, 68, 68, 66, 66, 70, 66, 66, 68,
    67, 69, 68, 65, 66, 68, 67, 68, 69, 66, 69, 66, 65, 70, 69, 69, 66,
    70, 67, 65, 67, 70, 66, 65, 65, 70, 66, 70, 69, 68, 66, 70, 66, 69,
    67 ]
