%YAML:1.0
---
videoName: "headLookRight5.mp4"
gestureLabel: 204
fps: 29
pixelSizeInCmTemp: 3.1513157894736843e-01
faceCenterPointX: 228
faceCenterPointY: 76
headPositionsX: [ 229, 248, 250, 252, 252, 250, 251, 252, 247, 247, 249,
    251, 251, 247, 252, 251, 250, 249, 251, 248, 249, 248, 250, 249, 249,
    250, 247, 251, 251, 248, 249, 246, 249, 244, 244, 239, 236, 237, 231,
    231, 228, 230, 226, 228, 226, 225, 223, 225, 225, 229, 225, 225, 223,
    228, 226, 225, 226, 227, 225, 224, 227, 224, 225, 224, 228, 227, 225,
    227, 225, 227, 224, 223, 224, 227, 223, 225, 229, 227, 227, 226, 225,
    223, 227, 226, 222, 224, 227, 225, 225, 227, 224, 226, 226, 225, 224,
    224, 223, 222, 225, 227 ]
headPositionsY: [ 76, 74, 76, 73, 76, 77, 72, 76, 77, 72, 72, 74, 72, 75,
    77, 73, 76, 75, 77, 77, 75, 73, 75, 73, 72, 73, 77, 77, 74, 73, 73,
    75, 73, 73, 74, 74, 75, 75, 75, 73, 72, 73, 76, 77, 75, 73, 73, 73,
    75, 73, 75, 75, 73, 75, 73, 75, 73, 73, 76, 74, 74, 74, 75, 76, 75,
    73, 73, 72, 74, 73, 74, 73, 75, 74, 73, 73, 74, 76, 72, 69, 75, 74,
    73, 76, 71, 74, 76, 71, 74, 76, 74, 76, 76, 77, 72, 76, 72, 72, 74,
    75 ]
