%YAML:1.0
---
videoName: "headLookRight6.mp4"
gestureLabel: 204
fps: 29
pixelSizeInCmTemp: 3.8015873015873014e-01
faceCenterPointX: 226
faceCenterPointY: 72
headPositionsX: [ 226, 252, 250, 247, 246, 246, 249, 249, 248, 246, 249,
    250, 251, 249, 250, 249, 248, 252, 248, 249, 251, 251, 250, 248, 250,
    250, 253, 253, 252, 250, 253, 250, 249, 251, 249, 247, 244, 241, 238,
    236, 234, 231, 228, 228, 227, 226, 225, 224, 222, 227, 226, 227, 228,
    225, 224, 229, 228, 227, 227, 226, 231, 226, 227, 223, 228, 227, 225,
    226, 230, 227, 225, 225, 230, 226, 228, 227, 227, 224, 228, 228, 224,
    230, 227, 227, 227, 229, 228, 228, 224, 227, 228, 229, 229, 228, 224,
    228, 227, 227, 226, 226 ]
headPositionsY: [ 71, 71, 73, 72, 72, 71, 72, 73, 75, 72, 72, 71, 72, 72,
    74, 72, 73, 73, 76, 73, 73, 73, 74, 73, 76, 75, 72, 74, 73, 75, 72,
    73, 75, 74, 74, 75, 72, 72, 71, 71, 72, 73, 72, 74, 72, 77, 69, 72,
    76, 73, 75, 70, 75, 75, 75, 73, 77, 77, 70, 76, 77, 76, 74, 72, 75,
    71, 74, 75, 75, 74, 76, 72, 72, 75, 74, 72, 70, 73, 72, 75, 74, 77,
    72, 73, 76, 75, 78, 77, 76, 74, 73, 76, 74, 76, 72, 74, 72, 74, 74,
    69 ]
