%YAML:1.0
---
videoName: "headLookRight5.mp4"
gestureLabel: 204
fps: 29
pixelSizeInCmTemp: 3.1513157894736843e-01
faceCenterPointX: 228
faceCenterPointY: 76
headPositionsX: [ 227, 250, 249, 250, 250, 247, 249, 252, 249, 251, 248,
    249, 248, 250, 250, 250, 247, 250, 251, 249, 250, 251, 252, 248, 249,
    250, 249, 251, 249, 249, 249, 248, 246, 247, 242, 241, 240, 235, 233,
    228, 231, 228, 227, 224, 226, 227, 227, 225, 225, 227, 223, 226, 219,
    225, 227, 224, 227, 224, 224, 223, 224, 224, 226, 224, 225, 225, 225,
    228, 227, 228, 228, 224, 226, 229, 225, 228, 228, 227, 226, 223, 222,
    225, 227, 227, 224, 226, 229, 221, 223, 225, 223, 225, 225, 225, 225,
    224, 226, 222, 225, 225 ]
headPositionsY: [ 76, 75, 73, 73, 72, 75, 74, 72, 76, 76, 73, 75, 76, 72,
    74, 73, 77, 76, 74, 77, 76, 73, 77, 76, 75, 76, 77, 76, 76, 74, 74,
    73, 74, 74, 75, 72, 75, 72, 72, 73, 75, 74, 72, 74, 75, 74, 73, 76,
    76, 75, 73, 75, 75, 77, 74, 75, 75, 72, 77, 73, 77, 73, 73, 72, 75,
    77, 75, 72, 74, 72, 75, 75, 75, 74, 75, 71, 72, 73, 74, 72, 73, 73,
    74, 73, 72, 76, 73, 72, 75, 77, 73, 74, 76, 78, 74, 76, 75, 73, 76,
    74 ]
