%YAML:1.0
---
videoName: "headLookRight2.mp4"
gestureLabel: 204
fps: 29
pixelSizeInCmTemp: 3.8015873015873014e-01
faceCenterPointX: 228
faceCenterPointY: 68
headPositionsX: [ 227, 252, 250, 251, 253, 250, 249, 250, 252, 254, 251,
    254, 254, 250, 251, 254, 251, 253, 254, 251, 250, 254, 252, 252, 251,
    252, 255, 253, 253, 256, 253, 256, 254, 252, 253, 251, 256, 251, 254,
    251, 253, 252, 254, 251, 253, 253, 252, 250, 250, 247, 248, 245, 246,
    238, 240, 237, 234, 233, 229, 232, 226, 226, 229, 230, 226, 229, 228,
    228, 221, 225, 228, 228, 229, 229, 228, 227, 229, 232, 231, 230, 229,
    229, 229, 229, 229, 228, 232, 224, 227, 226, 226, 229, 231, 230, 228,
    231, 229, 231, 227, 228 ]
headPositionsY: [ 67, 66, 68, 66, 69, 70, 68, 68, 66, 68, 69, 70, 69, 69,
    70, 69, 72, 70, 67, 69, 70, 69, 68, 71, 68, 69, 68, 72, 69, 68, 69,
    70, 70, 71, 68, 69, 70, 70, 68, 67, 71, 69, 67, 69, 67, 70, 68, 71,
    67, 71, 67, 71, 70, 70, 71, 67, 67, 69, 69, 70, 66, 68, 66, 67, 69,
    66, 67, 68, 71, 70, 68, 70, 67, 69, 68, 71, 70, 72, 68, 70, 70, 68,
    72, 74, 68, 69, 67, 69, 68, 66, 68, 69, 71, 69, 66, 66, 69, 68, 71,
    68 ]
