%YAML:1.0
---
videoName: "headLookRight2.mp4"
gestureLabel: 204
fps: 29
pixelSizeInCmTemp: 3.8015873015873014e-01
faceCenterPointX: 228
faceCenterPointY: 68
headPositionsX: [ 228, 249, 251, 250, 250, 253, 253, 249, 253, 250, 252,
    254, 254, 252, 250, 253, 251, 254, 250, 252, 250, 253, 254, 250, 254,
    252, 252, 252, 254, 255, 254, 256, 253, 253, 256, 250, 256, 251, 251,
    252, 255, 252, 253, 254, 254, 253, 252, 253, 248, 250, 245, 247, 247,
    238, 240, 236, 234, 233, 229, 230, 226, 228, 232, 226, 228, 227, 226,
    225, 222, 226, 227, 231, 227, 229, 226, 229, 228, 228, 227, 230, 231,
    232, 229, 226, 228, 228, 229, 226, 227, 227, 227, 229, 227, 232, 228,
    231, 229, 228, 226, 228 ]
headPositionsY: [ 66, 69, 66, 65, 66, 69, 68, 69, 66, 69, 68, 68, 67, 67,
    69, 68, 68, 69, 69, 71, 70, 68, 71, 68, 70, 68, 69, 71, 68, 70, 70,
    69, 68, 68, 71, 70, 71, 67, 68, 70, 68, 69, 67, 70, 68, 69, 68, 68,
    70, 71, 68, 70, 69, 67, 70, 67, 67, 70, 71, 71, 66, 68, 69, 69, 67,
    69, 66, 68, 73, 68, 70, 70, 68, 67, 69, 68, 73, 69, 71, 68, 68, 68,
    68, 70, 69, 70, 67, 69, 69, 67, 71, 67, 67, 70, 69, 70, 71, 72, 73,
    71 ]
