%YAML:1.0
---
videoName: "headLookRight4.mp4"
gestureLabel: 204
fps: 30
pixelSizeInCmTemp: 3.4214285714285714e-01
faceCenterPointX: 228
faceCenterPointY: 75
headPositionsX: [ 228, 253, 254, 255, 255, 251, 251, 254, 252, 254, 254,
    255, 253, 251, 253, 255, 251, 253, 251, 254, 253, 253, 250, 253, 254,
    255, 252, 254, 251, 252, 250, 247, 250, 248, 245, 240, 241, 239, 238,
    235, 233, 230, 232, 229, 229, 228, 231, 227, 229, 226, 230, 230, 225,
    225, 229, 225, 223, 227, 228, 229, 227, 227, 228, 229, 227, 227, 224,
    226, 224, 227, 223, 228, 229, 223, 225, 226, 226, 227, 226, 227, 226,
    228, 229, 227, 225, 227, 225, 227, 227, 229, 224, 225, 225, 228, 230,
    225, 225, 226, 226, 228 ]
headPositionsY: [ 77, 70, 72, 72, 71, 70, 73, 71, 73, 72, 73, 72, 70, 71,
    73, 73, 75, 73, 74, 75, 75, 72, 72, 72, 75, 75, 71, 71, 75, 75, 72,
    71, 72, 73, 71, 74, 71, 73, 73, 72, 74, 71, 74, 73, 73, 74, 74, 75,
    74, 74, 74, 72, 76, 75, 75, 73, 73, 72, 74, 75, 76, 72, 77, 74, 76,
    71, 74, 78, 76, 75, 75, 73, 77, 72, 77, 74, 76, 73, 78, 76, 74, 74,
    74, 75, 74, 77, 74, 76, 76, 78, 73, 73, 74, 76, 73, 75, 75, 75, 75,
    74 ]
