%YAML:1.0
---
videoName: "headLookRight2.mp4"
gestureLabel: 204
fps: 29
pixelSizeInCmTemp: 3.8015873015873014e-01
faceCenterPointX: 228
faceCenterPointY: 68
headPositionsX: [ 229, 249, 251, 251, 252, 250, 250, 249, 252, 251, 251,
    250, 252, 251, 250, 253, 251, 254, 251, 251, 251, 251, 250, 252, 255,
    254, 251, 255, 250, 255, 256, 256, 253, 255, 253, 254, 252, 254, 252,
    252, 251, 254, 254, 254, 252, 254, 250, 253, 248, 248, 245, 245, 246,
    238, 240, 235, 235, 233, 230, 230, 230, 230, 228, 230, 228, 228, 226,
    227, 222, 227, 226, 227, 228, 228, 228, 228, 226, 231, 228, 230, 230,
    229, 229, 228, 231, 228, 231, 227, 228, 225, 226, 230, 229, 231, 230,
    231, 228, 228, 228, 231 ]
headPositionsY: [ 67, 66, 68, 68, 69, 68, 68, 69, 69, 69, 67, 71, 69, 66,
    67, 68, 70, 70, 70, 67, 71, 70, 69, 71, 69, 69, 69, 71, 68, 70, 72,
    71, 71, 67, 67, 70, 70, 71, 71, 68, 69, 70, 70, 71, 67, 68, 71, 70,
    70, 67, 67, 69, 70, 66, 71, 69, 68, 71, 67, 72, 65, 69, 69, 69, 67,
    66, 68, 70, 72, 71, 71, 69, 71, 67, 68, 71, 69, 72, 70, 70, 71, 72,
    70, 71, 70, 71, 69, 71, 67, 67, 68, 68, 67, 68, 68, 66, 71, 72, 73,
    69 ]
