%YAML:1.0
---
videoName: "headLookRight7.mp4"
gestureLabel: 204
fps: 30
pixelSizeInCmTemp: 3.4710144927536229e-01
faceCenterPointX: 226
faceCenterPointY: 74
headPositionsX: [ 226, 251, 249, 248, 249, 248, 250, 249, 248, 249, 250,
    252, 249, 251, 248, 251, 249, 249, 251, 247, 247, 248, 250, 250, 251,
    250, 250, 247, 246, 244, 241, 243, 240, 238, 237, 230, 229, 226, 230,
    226, 226, 226, 225, 221, 223, 224, 224, 224, 224, 222, 222, 224, 224,
    224, 226, 223, 225, 222, 226, 226, 223, 225, 225, 223, 223, 226, 225,
    223, 224, 226, 221, 223, 224, 224, 221, 226, 223, 223, 224, 225, 221,
    221, 226, 225, 226, 224, 227, 227, 227, 226, 223, 220, 223, 226, 225,
    222, 223, 227, 226, 223 ]
headPositionsY: [ 72, 74, 72, 74, 72, 73, 77, 74, 75, 76, 74, 76, 74, 72,
    75, 75, 73, 74, 77, 75, 74, 76, 73, 75, 73, 73, 76, 77, 74, 75, 76,
    77, 73, 75, 75, 77, 73, 73, 75, 72, 72, 71, 71, 77, 72, 73, 74, 75,
    74, 72, 72, 77, 77, 72, 72, 76, 74, 74, 73, 75, 75, 72, 71, 71, 76,
    74, 73, 73, 72, 75, 79, 73, 71, 76, 74, 74, 73, 71, 72, 73, 72, 75,
    75, 77, 72, 73, 75, 77, 73, 76, 76, 76, 74, 75, 75, 75, 72, 75, 73,
    73 ]
