%YAML:1.0
---
videoName: "headLookRight9.mp4"
gestureLabel: 204
fps: 29
pixelSizeInCmTemp: 2.8511904761904761e-01
faceCenterPointX: 217
faceCenterPointY: 75
headPositionsX: [ 219, 246, 242, 245, 243, 242, 242, 244, 242, 243, 244,
    244, 243, 243, 242, 241, 243, 243, 242, 242, 243, 243, 245, 246, 241,
    242, 241, 243, 245, 240, 241, 238, 238, 233, 235, 231, 227, 225, 223,
    221, 219, 219, 215, 218, 218, 214, 215, 212, 214, 216, 213, 213, 212,
    218, 214, 212, 214, 212, 217, 216, 214, 213, 216, 216, 221, 221, 214,
    215, 214, 213, 213, 210, 209, 217, 212, 213, 217, 212, 215, 215, 214,
    219, 216, 215, 218, 220, 217, 218, 215, 216, 219, 214, 214, 218, 214,
    215, 216, 220, 220, 219 ]
headPositionsY: [ 75, 76, 75, 75, 77, 72, 72, 76, 76, 74, 75, 75, 75, 73,
    73, 76, 76, 72, 73, 75, 72, 76, 76, 74, 73, 75, 72, 73, 75, 73, 77,
    73, 72, 76, 75, 73, 73, 74, 73, 72, 75, 73, 71, 80, 70, 72, 74, 75,
    72, 69, 69, 71, 71, 73, 72, 74, 74, 75, 72, 70, 71, 70, 74, 71, 78,
    78, 74, 75, 72, 73, 70, 78, 76, 69, 76, 70, 73, 74, 75, 74, 73, 72,
    72, 73, 71, 74, 71, 73, 75, 73, 74, 70, 74, 72, 70, 73, 76, 76, 71,
    78 ]
