%YAML:1.0
---
videoName: "headLookRight2.mp4"
gestureLabel: 204
fps: 29
pixelSizeInCmTemp: 3.8015873015873014e-01
faceCenterPointX: 228
faceCenterPointY: 68
headPositionsX: [ 227, 252, 253, 253, 254, 249, 253, 250, 254, 253, 251,
    253, 250, 250, 254, 254, 254, 254, 250, 253, 254, 254, 254, 252, 255,
    254, 251, 255, 253, 252, 254, 253, 253, 251, 255, 251, 256, 251, 251,
    252, 253, 251, 251, 255, 252, 251, 250, 249, 250, 250, 248, 243, 246,
    240, 241, 237, 235, 234, 233, 230, 227, 228, 231, 227, 226, 227, 226,
    229, 221, 227, 229, 227, 227, 229, 224, 227, 228, 232, 227, 231, 231,
    230, 227, 226, 228, 230, 230, 226, 230, 228, 229, 228, 229, 232, 228,
    229, 227, 230, 228, 228 ]
headPositionsY: [ 70, 69, 67, 69, 67, 68, 70, 68, 68, 68, 67, 67, 68, 70,
    68, 71, 71, 70, 67, 67, 67, 69, 71, 70, 68, 70, 72, 72, 69, 70, 71,
    70, 67, 71, 69, 69, 67, 71, 69, 70, 69, 70, 69, 71, 67, 68, 68, 71,
    70, 69, 67, 68, 69, 68, 68, 70, 71, 71, 68, 72, 65, 69, 66, 68, 66,
    70, 66, 69, 74, 70, 72, 66, 68, 69, 70, 71, 70, 72, 72, 72, 71, 68,
    71, 74, 71, 71, 70, 68, 69, 66, 70, 69, 69, 71, 67, 70, 71, 68, 71,
    69 ]
