%YAML:1.0
---
videoName: "headLookRight0.mp4"
gestureLabel: 204
fps: 29
pixelSizeInCmTemp: 3.1933333333333330e-01
faceCenterPointX: 229
faceCenterPointY: 68
headPositionsX: [ 230, 257, 255, 256, 257, 257, 255, 256, 258, 257, 256,
    255, 258, 259, 259, 257, 255, 258, 255, 254, 257, 255, 254, 257, 255,
    257, 255, 256, 258, 255, 257, 256, 255, 253, 258, 256, 256, 256, 253,
    255, 249, 250, 248, 246, 240, 238, 237, 238, 235, 235, 235, 237, 234,
    234, 236, 233, 232, 236, 233, 234, 235, 235, 232, 236, 232, 232, 234,
    234, 235, 234, 231, 236, 232, 234, 235, 233, 232, 232, 229, 230, 232,
    232, 233, 228, 232, 232, 234, 233, 231, 231, 231, 230, 231, 230, 228,
    227, 232, 229, 225, 228 ]
headPositionsY: [ 69, 66, 64, 63, 64, 67, 63, 66, 64, 66, 64, 66, 66, 66,
    67, 67, 65, 66, 66, 68, 69, 67, 66, 65, 65, 69, 68, 69, 67, 70, 68,
    68, 68, 65, 66, 70, 66, 66, 69, 69, 68, 66, 66, 69, 66, 66, 68, 69,
    66, 68, 67, 66, 69, 70, 71, 69, 70, 69, 68, 67, 67, 66, 68, 69, 69,
    66, 67, 68, 66, 66, 66, 68, 67, 70, 69, 66, 68, 67, 71, 70, 67, 67,
    70, 66, 67, 69, 67, 68, 64, 66, 70, 67, 70, 69, 69, 70, 66, 64, 68,
    67 ]
