%YAML:1.0
---
videoName: "headLookRight0.mp4"
gestureLabel: 204
fps: 29
pixelSizeInCmTemp: 3.1933333333333330e-01
faceCenterPointX: 229
faceCenterPointY: 68
headPositionsX: [ 231, 258, 258, 257, 256, 256, 257, 256, 257, 257, 258,
    257, 258, 259, 255, 255, 257, 255, 257, 258, 256, 258, 254, 255, 257,
    255, 256, 255, 257, 256, 256, 254, 255, 257, 257, 254, 254, 257, 253,
    252, 253, 247, 247, 244, 241, 241, 237, 238, 234, 236, 236, 237, 233,
    234, 233, 234, 233, 234, 233, 231, 234, 233, 233, 235, 233, 233, 232,
    231, 235, 236, 231, 237, 232, 235, 235, 230, 231, 232, 232, 228, 234,
    231, 230, 230, 233, 232, 231, 230, 228, 228, 232, 232, 229, 226, 229,
    231, 228, 232, 228, 230 ]
headPositionsY: [ 67, 65, 65, 67, 67, 65, 65, 66, 66, 66, 64, 69, 65, 66,
    68, 67, 68, 64, 68, 68, 68, 67, 69, 66, 66, 66, 66, 66, 67, 67, 67,
    68, 69, 69, 67, 68, 67, 70, 68, 70, 69, 67, 65, 69, 69, 68, 67, 68,
    68, 65, 70, 70, 66, 69, 71, 66, 70, 66, 68, 67, 69, 69, 69, 69, 69,
    65, 65, 70, 65, 67, 66, 66, 69, 67, 69, 66, 69, 66, 70, 67, 66, 68,
    69, 65, 69, 69, 71, 68, 64, 65, 70, 66, 67, 68, 68, 67, 70, 66, 70,
    67 ]
