%YAML:1.0
---
videoName: "headLookRight8.mp4"
gestureLabel: 204
fps: 29
pixelSizeInCmTemp: 3.1513157894736843e-01
faceCenterPointX: 218
faceCenterPointY: 80
headPositionsX: [ 216, 247, 251, 249, 247, 249, 250, 246, 250, 248, 249,
    247, 248, 245, 244, 247, 246, 249, 244, 247, 248, 249, 245, 244, 249,
    247, 249, 246, 246, 245, 244, 247, 246, 246, 249, 246, 248, 245, 248,
    245, 246, 248, 248, 248, 248, 245, 247, 245, 248, 248, 245, 247, 244,
    248, 246, 244, 248, 245, 246, 247, 244, 245, 248, 247, 248, 243, 243,
    244, 246, 245, 240, 241, 238, 234, 232, 229, 225, 222, 222, 217, 219,
    218, 215, 218, 219, 216, 220, 219, 218, 218, 217, 220, 216, 217, 221,
    216, 220, 218, 219, 216 ]
headPositionsY: [ 82, 73, 76, 76, 74, 75, 73, 72, 75, 73, 73, 75, 76, 76,
    77, 73, 77, 77, 74, 74, 75, 78, 75, 78, 75, 77, 75, 78, 76, 76, 75,
    74, 74, 75, 77, 78, 76, 76, 76, 76, 77, 75, 76, 76, 78, 79, 77, 75,
    78, 78, 75, 76, 75, 77, 75, 77, 76, 76, 77, 76, 77, 77, 77, 78, 77,
    75, 79, 77, 75, 77, 77, 77, 77, 74, 76, 75, 76, 74, 73, 76, 76, 78,
    72, 82, 75, 81, 79, 78, 80, 78, 79, 81, 78, 79, 77, 78, 82, 79, 82,
    78 ]
