%YAML:1.0
---
videoName: "headLookRight2.mp4"
gestureLabel: 204
fps: 29
pixelSizeInCmTemp: 3.8015873015873014e-01
faceCenterPointX: 228
faceCenterPointY: 68
headPositionsX: [ 227, 249, 253, 251, 252, 252, 253, 252, 252, 251, 251,
    250, 253, 253, 254, 253, 253, 254, 253, 253, 250, 252, 254, 253, 255,
    252, 253, 253, 254, 256, 256, 256, 254, 253, 255, 250, 254, 252, 254,
    253, 254, 252, 251, 255, 250, 254, 254, 250, 250, 247, 248, 247, 243,
    242, 240, 236, 236, 233, 230, 230, 227, 228, 230, 228, 227, 226, 228,
    228, 221, 227, 230, 229, 229, 229, 226, 230, 229, 232, 231, 231, 232,
    228, 229, 227, 231, 229, 231, 224, 229, 228, 227, 229, 228, 232, 230,
    228, 227, 232, 229, 229 ]
headPositionsY: [ 68, 65, 70, 66, 67, 69, 70, 68, 68, 66, 68, 71, 71, 67,
    67, 68, 71, 70, 71, 68, 69, 68, 69, 67, 67, 72, 69, 70, 72, 72, 70,
    68, 68, 67, 70, 69, 69, 69, 70, 67, 68, 71, 69, 67, 68, 71, 70, 70,
    69, 71, 70, 70, 71, 66, 70, 70, 69, 68, 71, 69, 67, 68, 70, 68, 69,
    66, 67, 70, 74, 69, 68, 68, 67, 68, 71, 71, 72, 72, 71, 70, 68, 69,
    69, 74, 69, 68, 69, 72, 68, 69, 69, 68, 68, 70, 66, 68, 69, 70, 73,
    72 ]
