%YAML:1.0
---
videoName: "headLookRight7.mp4"
gestureLabel: 204
fps: 30
pixelSizeInCmTemp: 3.4710144927536229e-01
faceCenterPointX: 226
faceCenterPointY: 74
headPositionsX: [ 227, 250, 248, 248, 249, 251, 249, 251, 250, 247, 251,
    251, 249, 248, 247, 249, 250, 249, 251, 249, 250, 247, 251, 247, 248,
    250, 249, 249, 249, 245, 242, 244, 241, 236, 234, 230, 230, 229, 227,
    229, 225, 224, 224, 221, 221, 222, 225, 224, 225, 221, 222, 226, 225,
    222, 225, 224, 224, 223, 223, 222, 226, 222, 225, 223, 222, 223, 226,
    221, 224, 222, 217, 226, 226, 226, 224, 224, 223, 225, 222, 221, 224,
    221, 223, 224, 224, 220, 227, 226, 227, 224, 223, 220, 224, 226, 226,
    224, 222, 227, 224, 222 ]
headPositionsY: [ 74, 73, 74, 77, 75, 75, 74, 75, 72, 75, 74, 75, 76, 74,
    76, 72, 73, 76, 73, 75, 74, 74, 76, 74, 73, 77, 76, 76, 76, 74, 77,
    73, 76, 76, 77, 77, 76, 77, 72, 75, 71, 71, 72, 74, 76, 72, 73, 72,
    74, 75, 76, 76, 76, 73, 74, 75, 74, 72, 73, 75, 73, 74, 72, 74, 75,
    74, 73, 74, 75, 74, 80, 74, 71, 77, 73, 73, 75, 73, 74, 71, 75, 76,
    75, 74, 76, 74, 73, 76, 74, 76, 77, 72, 77, 74, 74, 75, 75, 75, 72,
    73 ]
