%YAML:1.0
---
videoName: "headLookRight1.mp4"
gestureLabel: 204
fps: 29
pixelSizeInCmTemp: 3.3263888888888887e-01
faceCenterPointX: 232
faceCenterPointY: 68
headPositionsX: [ 230, 255, 256, 257, 256, 254, 255, 258, 258, 257, 256,
    255, 254, 257, 254, 255, 258, 254, 255, 254, 255, 254, 254, 255, 255,
    253, 253, 254, 255, 255, 252, 251, 249, 248, 246, 244, 239, 239, 238,
    235, 236, 234, 232, 230, 230, 235, 233, 228, 232, 229, 229, 234, 233,
    231, 232, 233, 230, 235, 233, 233, 231, 232, 232, 234, 233, 230, 232,
    234, 232, 235, 230, 232, 230, 231, 238, 233, 231, 231, 232, 235, 230,
    231, 231, 234, 230, 229, 231, 234, 234, 235, 232, 231, 233, 232, 232,
    233, 233, 232, 232, 231 ]
headPositionsY: [ 70, 69, 67, 69, 69, 67, 68, 66, 67, 66, 68, 68, 70, 69,
    66, 68, 66, 66, 69, 70, 67, 71, 67, 70, 70, 69, 66, 69, 69, 71, 71,
    68, 68, 66, 67, 67, 67, 66, 66, 70, 66, 70, 68, 68, 66, 67, 67, 67,
    66, 69, 71, 71, 72, 70, 66, 66, 70, 66, 65, 69, 68, 67, 66, 67, 69,
    66, 67, 69, 66, 67, 65, 67, 67, 71, 69, 67, 67, 66, 67, 71, 67, 68,
    67, 66, 67, 67, 70, 67, 67, 68, 68, 69, 67, 66, 70, 68, 67, 71, 67,
    70 ]
