%YAML:1.0
---
videoName: "headLookRight4.mp4"
gestureLabel: 204
fps: 30
pixelSizeInCmTemp: 3.4214285714285714e-01
faceCenterPointX: 228
faceCenterPointY: 75
headPositionsX: [ 226, 253, 253, 254, 254, 251, 253, 256, 255, 255, 255,
    255, 253, 253, 254, 254, 255, 252, 252, 254, 252, 251, 253, 249, 254,
    251, 251, 253, 254, 249, 252, 247, 248, 248, 246, 242, 239, 239, 234,
    234, 233, 234, 231, 232, 230, 231, 231, 231, 227, 228, 230, 229, 225,
    226, 228, 227, 223, 225, 226, 225, 226, 225, 227, 228, 223, 226, 226,
    225, 227, 227, 225, 225, 226, 223, 224, 226, 227, 225, 229, 228, 225,
    228, 229, 226, 226, 225, 227, 225, 224, 231, 224, 227, 225, 228, 228,
    227, 224, 226, 226, 229 ]
headPositionsY: [ 76, 72, 71, 70, 71, 73, 72, 69, 72, 73, 72, 72, 74, 73,
    73, 74, 72, 76, 72, 73, 71, 72, 74, 75, 75, 73, 74, 75, 74, 76, 75,
    74, 75, 75, 74, 73, 70, 71, 72, 72, 74, 72, 73, 72, 72, 72, 72, 73,
    72, 71, 75, 75, 74, 75, 76, 73, 73, 75, 73, 74, 76, 76, 76, 76, 72,
    72, 74, 78, 72, 76, 77, 75, 73, 72, 76, 75, 75, 76, 75, 73, 72, 75,
    72, 76, 71, 73, 76, 77, 73, 76, 73, 70, 72, 74, 75, 72, 75, 73, 76,
    73 ]
