%YAML:1.0
---
videoName: "headLookRight9.mp4"
gestureLabel: 204
fps: 29
pixelSizeInCmTemp: 2.8511904761904761e-01
faceCenterPointX: 217
faceCenterPointY: 75
headPositionsX: [ 218, 243, 242, 246, 245, 242, 242, 243, 242, 242, 245,
    242, 245, 243, 245, 244, 241, 241, 243, 241, 244, 244, 245, 245, 244,
    242, 245, 243, 241, 244, 244, 240, 237, 233, 231, 230, 230, 226, 223,
    223, 221, 217, 213, 217, 215, 217, 213, 216, 216, 213, 216, 214, 212,
    215, 211, 211, 211, 210, 213, 215, 211, 215, 219, 215, 218, 221, 214,
    216, 213, 215, 216, 208, 207, 217, 212, 217, 215, 214, 215, 215, 218,
    216, 217, 217, 214, 220, 214, 215, 218, 218, 218, 212, 217, 216, 212,
    214, 217, 217, 221, 219 ]
headPositionsY: [ 76, 73, 73, 75, 77, 73, 73, 72, 72, 75, 76, 73, 75, 75,
    77, 76, 73, 72, 73, 72, 72, 73, 76, 74, 72, 73, 72, 73, 77, 74, 74,
    73, 76, 76, 73, 72, 73, 73, 75, 73, 76, 72, 71, 78, 73, 71, 73, 75,
    71, 70, 72, 71, 72, 73, 74, 75, 74, 73, 71, 70, 71, 73, 73, 74, 80,
    76, 74, 75, 71, 70, 72, 79, 80, 69, 73, 72, 74, 73, 73, 71, 73, 71,
    73, 75, 74, 74, 69, 71, 75, 72, 74, 71, 71, 74, 73, 73, 75, 76, 74,
    77 ]
