%YAML:1.0
---
videoName: "headLookRight2.mp4"
gestureLabel: 204
fps: 29
pixelSizeInCmTemp: 3.8015873015873014e-01
faceCenterPointX: 228
faceCenterPointY: 68
headPositionsX: [ 229, 249, 252, 250, 250, 250, 251, 253, 254, 251, 250,
    251, 252, 252, 251, 254, 250, 251, 251, 254, 253, 252, 253, 251, 255,
    253, 253, 251, 253, 253, 253, 252, 255, 251, 252, 252, 252, 253, 253,
    252, 254, 254, 253, 254, 251, 252, 251, 252, 248, 249, 249, 245, 247,
    238, 237, 234, 236, 233, 232, 229, 229, 229, 231, 228, 229, 225, 225,
    229, 225, 227, 226, 229, 229, 231, 228, 227, 227, 228, 231, 228, 232,
    232, 228, 230, 228, 229, 229, 227, 228, 225, 225, 228, 230, 229, 226,
    229, 230, 229, 227, 229 ]
headPositionsY: [ 69, 67, 68, 69, 66, 70, 66, 66, 68, 66, 69, 67, 68, 68,
    69, 67, 69, 72, 68, 68, 71, 69, 70, 71, 71, 71, 70, 71, 68, 70, 71,
    70, 69, 67, 68, 66, 71, 69, 70, 70, 70, 69, 69, 67, 68, 71, 69, 71,
    69, 68, 67, 68, 71, 67, 67, 68, 70, 68, 71, 68, 69, 67, 66, 68, 69,
    66, 68, 66, 74, 71, 72, 69, 70, 68, 68, 71, 69, 73, 70, 68, 70, 71,
    71, 71, 68, 69, 70, 72, 69, 66, 72, 66, 68, 68, 66, 70, 71, 68, 70,
    68 ]
