%YAML:1.0
---
videoName: "headLookRight2.mp4"
gestureLabel: 204
fps: 29
pixelSizeInCmTemp: 3.8015873015873014e-01
faceCenterPointX: 228
faceCenterPointY: 68
headPositionsX: [ 226, 251, 252, 251, 254, 250, 249, 253, 250, 252, 251,
    251, 250, 249, 251, 251, 253, 253, 252, 253, 251, 255, 253, 253, 251,
    252, 254, 253, 254, 253, 252, 254, 254, 252, 252, 251, 254, 254, 251,
    254, 254, 254, 254, 254, 251, 254, 251, 252, 252, 247, 247, 245, 244,
    242, 240, 234, 234, 231, 229, 229, 230, 229, 229, 226, 227, 225, 226,
    228, 223, 227, 227, 229, 230, 231, 224, 227, 226, 228, 228, 230, 231,
    228, 231, 228, 231, 228, 232, 226, 228, 229, 225, 230, 228, 228, 226,
    229, 227, 231, 229, 229 ]
headPositionsY: [ 69, 65, 70, 67, 68, 67, 70, 68, 67, 69, 69, 69, 71, 68,
    70, 68, 72, 72, 71, 67, 68, 68, 67, 68, 71, 69, 70, 70, 71, 69, 71,
    68, 69, 67, 70, 67, 69, 69, 71, 69, 68, 71, 70, 70, 68, 68, 69, 69,
    70, 70, 66, 67, 70, 70, 71, 68, 71, 69, 71, 72, 65, 66, 69, 69, 70,
    68, 66, 66, 70, 69, 68, 66, 69, 66, 70, 68, 69, 70, 72, 71, 71, 71,
    71, 71, 70, 68, 68, 68, 68, 66, 68, 69, 69, 70, 68, 67, 69, 68, 69,
    68 ]
