%YAML:1.0
---
videoName: "headLookRight2.mp4"
gestureLabel: 204
fps: 29
pixelSizeInCmTemp: 3.8015873015873014e-01
faceCenterPointX: 228
faceCenterPointY: 68
headPositionsX: [ 227, 252, 252, 253, 251, 252, 249, 249, 254, 251, 252,
    251, 250, 251, 252, 252, 252, 251, 251, 252, 251, 253, 250, 250, 255,
    251, 253, 253, 250, 256, 253, 252, 254, 253, 254, 253, 252, 251, 255,
    254, 254, 251, 252, 252, 251, 253, 252, 252, 249, 248, 245, 245, 243,
    240, 240, 236, 234, 232, 232, 231, 226, 230, 232, 227, 227, 226, 225,
    226, 222, 225, 228, 228, 227, 231, 224, 227, 227, 231, 229, 228, 228,
    232, 229, 226, 230, 227, 232, 224, 226, 228, 225, 226, 228, 228, 230,
    227, 227, 230, 227, 232 ]
headPositionsY: [ 66, 69, 69, 66, 70, 68, 69, 68, 67, 69, 66, 69, 71, 69,
    68, 67, 71, 70, 70, 67, 69, 68, 68, 71, 71, 72, 70, 72, 70, 71, 70,
    70, 71, 68, 71, 68, 70, 68, 69, 71, 70, 70, 68, 71, 70, 70, 68, 67,
    68, 69, 66, 71, 71, 68, 69, 67, 69, 69, 67, 69, 69, 68, 69, 67, 70,
    69, 70, 66, 74, 68, 70, 67, 71, 67, 71, 68, 69, 73, 71, 68, 71, 69,
    68, 74, 70, 68, 70, 71, 69, 68, 69, 67, 69, 71, 70, 66, 68, 72, 73,
    69 ]
