%YAML:1.0
---
videoName: "headLookRight1.mp4"
gestureLabel: 204
fps: 29
pixelSizeInCmTemp: 3.3263888888888887e-01
faceCenterPointX: 232
faceCenterPointY: 68
headPositionsX: [ 231, 258, 254, 257, 258, 256, 256, 257, 255, 256, 254,
    257, 255, 259, 258, 255, 257, 253, 254, 253, 255, 254, 257, 254, 254,
    256, 254, 255, 254, 254, 255, 252, 251, 250, 246, 246, 241, 241, 235,
    236, 234, 233, 229, 230, 229, 233, 232, 229, 231, 233, 233, 232, 230,
    232, 230, 231, 231, 237, 232, 234, 232, 231, 231, 233, 233, 231, 231,
    231, 230, 235, 232, 232, 232, 232, 235, 234, 231, 233, 234, 232, 233,
    232, 232, 233, 231, 233, 233, 234, 231, 232, 234, 232, 234, 231, 231,
    230, 233, 231, 232, 232 ]
headPositionsY: [ 67, 65, 69, 66, 66, 66, 69, 66, 68, 67, 70, 69, 66, 68,
    70, 70, 69, 68, 69, 66, 67, 71, 70, 67, 69, 69, 68, 68, 66, 68, 70,
    66, 70, 69, 70, 69, 68, 68, 66, 66, 67, 69, 69, 67, 66, 67, 66, 71,
    69, 66, 71, 69, 71, 70, 70, 68, 67, 70, 65, 66, 66, 66, 67, 70, 70,
    70, 66, 69, 68, 66, 68, 67, 70, 68, 70, 66, 68, 67, 67, 68, 65, 67,
    67, 67, 69, 69, 68, 66, 69, 70, 67, 65, 69, 70, 70, 67, 69, 71, 68,
    67 ]
