%YAML:1.0
---
videoName: "headLookRight1.mp4"
gestureLabel: 204
fps: 29
pixelSizeInCmTemp: 3.3263888888888887e-01
faceCenterPointX: 232
faceCenterPointY: 68
headPositionsX: [ 231, 258, 255, 257, 254, 254, 255, 258, 257, 254, 254,
    257, 253, 256, 257, 257, 258, 257, 257, 254, 254, 257, 256, 258, 257,
    257, 254, 253, 254, 255, 256, 253, 249, 247, 246, 246, 241, 239, 237,
    235, 236, 233, 228, 231, 231, 232, 230, 226, 232, 229, 229, 232, 231,
    230, 230, 233, 231, 237, 235, 235, 231, 234, 232, 230, 231, 233, 229,
    235, 232, 232, 231, 231, 231, 233, 235, 233, 229, 230, 233, 231, 229,
    234, 231, 230, 233, 229, 233, 230, 231, 233, 234, 232, 233, 232, 230,
    233, 235, 233, 230, 230 ]
headPositionsY: [ 68, 69, 67, 70, 68, 68, 67, 69, 69, 66, 69, 70, 67, 66,
    66, 67, 66, 67, 68, 67, 71, 69, 69, 70, 68, 69, 70, 70, 67, 71, 67,
    67, 66, 66, 70, 70, 67, 66, 67, 70, 68, 69, 68, 70, 68, 66, 68, 69,
    69, 66, 71, 68, 72, 71, 68, 66, 71, 70, 65, 68, 66, 66, 66, 70, 68,
    67, 68, 71, 69, 69, 69, 68, 68, 71, 67, 68, 67, 67, 67, 70, 69, 68,
    68, 70, 70, 71, 66, 68, 70, 67, 69, 66, 69, 69, 69, 69, 69, 68, 67,
    69 ]
