%YAML:1.0
---
videoName: "headLookRight9.mp4"
gestureLabel: 204
fps: 29
pixelSizeInCmTemp: 2.8511904761904761e-01
faceCenterPointX: 217
faceCenterPointY: 75
headPositionsX: [ 218, 242, 243, 244, 245, 244, 241, 243, 242, 242, 243,
    242, 244, 243, 242, 241, 242, 245, 245, 242, 244, 240, 244, 245, 244,
    242, 241, 242, 245, 244, 243, 237, 238, 233, 232, 229, 230, 225, 220,
    219, 220, 217, 214, 214, 217, 216, 216, 214, 214, 216, 217, 214, 210,
    214, 213, 215, 214, 213, 214, 217, 212, 213, 219, 212, 221, 217, 213,
    212, 215, 215, 214, 209, 209, 216, 213, 213, 215, 214, 213, 218, 214,
    219, 216, 216, 217, 220, 214, 216, 218, 215, 219, 212, 215, 215, 214,
    214, 217, 220, 217, 217 ]
headPositionsY: [ 75, 73, 76, 73, 75, 76, 72, 74, 75, 75, 75, 75, 73, 72,
    76, 75, 76, 72, 72, 74, 72, 73, 76, 76, 73, 75, 76, 74, 73, 76, 73,
    74, 75, 74, 73, 72, 73, 72, 73, 74, 73, 70, 71, 82, 73, 70, 74, 73,
    69, 72, 69, 73, 70, 71, 75, 75, 75, 74, 72, 70, 71, 72, 73, 73, 77,
    76, 72, 75, 73, 70, 70, 76, 77, 68, 73, 72, 71, 76, 76, 72, 75, 70,
    72, 71, 71, 74, 72, 70, 76, 71, 75, 73, 73, 73, 72, 74, 76, 76, 74,
    75 ]
