%YAML:1.0
---
videoName: "headLookRight7.mp4"
gestureLabel: 204
fps: 30
pixelSizeInCmTemp: 3.4710144927536229e-01
faceCenterPointX: 226
faceCenterPointY: 74
headPositionsX: [ 224, 248, 251, 250, 251, 251, 248, 250, 251, 247, 247,
    249, 252, 250, 248, 247, 250, 247, 252, 247, 250, 247, 250, 248, 248,
    251, 250, 246, 246, 246, 243, 244, 239, 237, 237, 232, 232, 227, 229,
    227, 226, 224, 221, 223, 220, 221, 226, 222, 223, 224, 223, 224, 222,
    226, 223, 223, 226, 223, 226, 225, 223, 224, 224, 222, 226, 224, 226,
    225, 223, 222, 219, 226, 224, 224, 221, 225, 226, 225, 224, 221, 221,
    224, 225, 226, 223, 222, 225, 223, 227, 223, 223, 220, 221, 225, 225,
    220, 224, 225, 224, 224 ]
headPositionsY: [ 74, 76, 73, 76, 76, 75, 77, 74, 76, 75, 74, 72, 75, 73,
    74, 72, 72, 77, 74, 74, 77, 73, 75, 74, 74, 76, 76, 75, 73, 76, 76,
    73, 76, 76, 76, 77, 73, 74, 72, 73, 72, 72, 72, 76, 74, 71, 72, 72,
    76, 74, 73, 74, 77, 75, 75, 75, 75, 74, 76, 73, 74, 70, 75, 72, 73,
    75, 73, 70, 71, 76, 80, 73, 75, 75, 75, 71, 74, 71, 73, 71, 75, 74,
    73, 77, 75, 75, 72, 77, 73, 72, 75, 75, 76, 77, 71, 74, 72, 77, 74,
    76 ]
