%YAML:1.0
---
videoName: "headLookRight7.mp4"
gestureLabel: 204
fps: 30
pixelSizeInCmTemp: 3.4710144927536229e-01
faceCenterPointX: 226
faceCenterPointY: 74
headPositionsX: [ 225, 249, 251, 252, 249, 252, 249, 250, 251, 247, 249,
    252, 248, 249, 248, 251, 249, 248, 251, 251, 248, 247, 247, 248, 248,
    247, 246, 250, 249, 246, 244, 242, 237, 235, 236, 233, 232, 226, 229,
    227, 228, 224, 223, 225, 223, 221, 222, 222, 226, 224, 221, 227, 226,
    226, 225, 222, 226, 222, 225, 223, 225, 223, 223, 222, 225, 223, 223,
    225, 224, 224, 219, 225, 226, 226, 225, 227, 226, 225, 222, 222, 222,
    222, 224, 226, 226, 220, 227, 225, 225, 222, 224, 222, 221, 223, 227,
    220, 222, 227, 223, 224 ]
headPositionsY: [ 74, 77, 74, 74, 73, 76, 73, 76, 73, 76, 73, 73, 74, 72,
    76, 73, 74, 76, 77, 73, 73, 75, 74, 76, 77, 74, 75, 75, 74, 76, 76,
    77, 76, 73, 73, 75, 77, 73, 73, 74, 75, 74, 73, 74, 73, 72, 72, 75,
    72, 75, 76, 74, 74, 72, 76, 74, 73, 74, 74, 72, 74, 74, 74, 74, 75,
    74, 75, 73, 72, 72, 77, 73, 71, 73, 77, 75, 73, 71, 76, 74, 72, 75,
    76, 74, 73, 75, 74, 73, 75, 72, 78, 75, 77, 75, 71, 73, 72, 73, 73,
    76 ]
