%YAML:1.0
---
videoName: "headLookRight0.mp4"
gestureLabel: 204
fps: 29
pixelSizeInCmTemp: 3.1933333333333330e-01
faceCenterPointX: 229
faceCenterPointY: 68
headPositionsX: [ 228, 258, 256, 257, 258, 257, 255, 254, 257, 254, 257,
    258, 258, 256, 255, 259, 258, 255, 258, 258, 259, 255, 255, 254, 257,
    257, 256, 255, 257, 255, 253, 257, 253, 254, 256, 255, 253, 257, 256,
    251, 253, 247, 247, 247, 240, 241, 236, 236, 238, 237, 232, 235, 234,
    233, 236, 235, 233, 236, 234, 233, 234, 234, 232, 233, 229, 234, 232,
    234, 234, 234, 233, 235, 232, 237, 233, 233, 229, 229, 231, 228, 234,
    230, 233, 230, 231, 232, 230, 229, 229, 230, 233, 231, 228, 226, 228,
    230, 228, 231, 229, 230 ]
headPositionsY: [ 66, 64, 64, 66, 63, 66, 66, 62, 63, 67, 67, 66, 66, 67,
    67, 65, 65, 65, 67, 66, 66, 66, 65, 68, 66, 69, 66, 68, 66, 69, 65,
    69, 68, 67, 69, 69, 67, 68, 68, 68, 66, 67, 67, 69, 66, 69, 69, 68,
    70, 65, 70, 69, 67, 71, 67, 66, 68, 66, 67, 65, 66, 66, 69, 70, 70,
    66, 66, 69, 67, 66, 69, 67, 66, 66, 68, 65, 68, 66, 70, 69, 68, 69,
    67, 65, 68, 67, 67, 69, 65, 67, 68, 66, 69, 68, 66, 67, 69, 67, 70,
    68 ]
