%YAML:1.0
---
videoName: "headLookRight6.mp4"
gestureLabel: 204
fps: 29
pixelSizeInCmTemp: 3.8015873015873014e-01
faceCenterPointX: 226
faceCenterPointY: 72
headPositionsX: [ 227, 251, 247, 248, 250, 246, 248, 250, 250, 248, 250,
    251, 248, 250, 248, 249, 250, 250, 249, 251, 250, 250, 250, 250, 249,
    248, 251, 254, 251, 252, 250, 250, 250, 248, 245, 246, 244, 238, 235,
    237, 231, 232, 227, 230, 229, 227, 225, 227, 226, 228, 225, 226, 229,
    226, 227, 226, 225, 224, 227, 226, 230, 229, 227, 223, 226, 224, 227,
    227, 227, 227, 227, 228, 229, 228, 226, 223, 229, 224, 228, 230, 224,
    230, 227, 228, 227, 229, 229, 230, 226, 227, 226, 228, 232, 226, 227,
    228, 226, 229, 225, 227 ]
headPositionsY: [ 73, 71, 70, 75, 70, 70, 70, 75, 72, 72, 72, 72, 75, 72,
    76, 74, 74, 74, 73, 76, 76, 77, 76, 73, 72, 72, 72, 73, 74, 76, 75,
    75, 73, 74, 74, 76, 74, 73, 74, 72, 72, 75, 74, 76, 73, 74, 71, 73,
    75, 76, 73, 71, 77, 76, 74, 76, 73, 73, 71, 78, 77, 75, 78, 70, 74,
    71, 71, 73, 74, 76, 75, 74, 75, 74, 70, 71, 70, 72, 74, 75, 77, 74,
    73, 70, 76, 75, 75, 73, 74, 73, 73, 72, 74, 74, 71, 77, 73, 73, 73,
    70 ]
