%YAML:1.0
---
videoName: "headLookRight2.mp4"
gestureLabel: 204
fps: 29
pixelSizeInCmTemp: 3.8015873015873014e-01
faceCenterPointX: 228
faceCenterPointY: 68
headPositionsX: [ 230, 251, 252, 250, 254, 252, 251, 251, 251, 251, 249,
    252, 250, 251, 254, 250, 254, 253, 254, 252, 250, 251, 252, 252, 253,
    254, 252, 255, 251, 256, 256, 256, 252, 255, 253, 251, 253, 253, 255,
    252, 252, 251, 250, 255, 252, 252, 251, 250, 248, 251, 248, 247, 247,
    238, 239, 238, 236, 235, 230, 229, 226, 227, 229, 230, 228, 227, 226,
    229, 224, 227, 227, 228, 228, 228, 225, 230, 227, 228, 231, 230, 230,
    229, 228, 227, 231, 227, 228, 226, 226, 229, 229, 229, 230, 232, 228,
    227, 228, 230, 227, 229 ]
headPositionsY: [ 70, 66, 70, 67, 70, 66, 67, 68, 70, 66, 67, 68, 69, 68,
    69, 68, 68, 68, 67, 71, 67, 69, 71, 71, 67, 72, 70, 72, 68, 69, 69,
    67, 69, 71, 71, 70, 71, 70, 70, 68, 70, 67, 67, 67, 71, 70, 70, 71,
    67, 68, 70, 67, 68, 69, 71, 70, 71, 70, 67, 70, 66, 66, 70, 65, 67,
    67, 68, 70, 72, 67, 69, 68, 68, 68, 69, 69, 69, 70, 71, 72, 69, 71,
    71, 71, 68, 68, 71, 69, 67, 67, 70, 70, 71, 68, 69, 67, 69, 69, 71,
    69 ]
