%YAML:1.0
---
videoName: "headLookRight0.mp4"
gestureLabel: 204
fps: 29
pixelSizeInCmTemp: 3.1933333333333330e-01
faceCenterPointX: 229
faceCenterPointY: 68
headPositionsX: [ 229, 257, 258, 257, 255, 256, 254, 254, 254, 258, 258,
    257, 255, 256, 255, 257, 254, 256, 257, 254, 259, 258, 254, 256, 257,
    254, 258, 255, 254, 259, 257, 255, 254, 253, 255, 255, 257, 254, 252,
    251, 252, 248, 248, 247, 244, 238, 237, 237, 234, 234, 236, 236, 236,
    232, 233, 235, 233, 232, 231, 234, 235, 232, 234, 236, 230, 231, 231,
    234, 234, 233, 233, 238, 235, 234, 231, 234, 229, 232, 230, 232, 232,
    230, 233, 227, 231, 230, 234, 229, 228, 229, 231, 229, 230, 226, 228,
    230, 230, 233, 228, 228 ]
headPositionsY: [ 67, 67, 67, 67, 65, 67, 64, 65, 63, 65, 67, 68, 69, 66,
    69, 66, 68, 64, 66, 69, 70, 67, 66, 68, 66, 68, 66, 68, 69, 69, 65,
    67, 67, 65, 67, 70, 69, 70, 68, 67, 67, 67, 65, 65, 66, 69, 65, 68,
    66, 68, 67, 68, 69, 68, 69, 68, 66, 69, 66, 66, 66, 70, 70, 68, 67,
    69, 65, 68, 68, 69, 68, 69, 66, 70, 69, 67, 68, 66, 68, 67, 69, 67,
    70, 69, 68, 70, 70, 66, 67, 68, 67, 70, 67, 71, 66, 68, 66, 67, 69,
    70 ]
