%YAML:1.0
---
videoName: "headLookRight6.mp4"
gestureLabel: 204
fps: 29
pixelSizeInCmTemp: 3.8015873015873014e-01
faceCenterPointX: 226
faceCenterPointY: 72
headPositionsX: [ 226, 251, 249, 251, 250, 248, 251, 248, 250, 250, 248,
    251, 249, 248, 251, 249, 249, 251, 250, 252, 250, 251, 252, 248, 252,
    250, 253, 254, 250, 253, 251, 249, 249, 249, 248, 248, 243, 242, 236,
    235, 232, 229, 230, 232, 228, 226, 228, 228, 224, 228, 225, 223, 229,
    226, 225, 227, 226, 227, 228, 228, 232, 228, 227, 224, 225, 227, 226,
    228, 231, 226, 228, 227, 228, 230, 225, 225, 229, 224, 227, 226, 224,
    226, 224, 228, 225, 225, 230, 231, 225, 227, 226, 225, 231, 228, 228,
    227, 223, 229, 225, 227 ]
headPositionsY: [ 74, 74, 72, 74, 70, 74, 70, 72, 73, 73, 70, 74, 75, 73,
    73, 74, 73, 72, 75, 77, 74, 75, 76, 75, 74, 72, 73, 73, 72, 73, 75,
    73, 74, 77, 76, 72, 74, 74, 71, 74, 75, 74, 71, 73, 75, 74, 71, 71,
    74, 74, 76, 71, 75, 73, 73, 73, 74, 74, 71, 77, 76, 75, 78, 72, 74,
    70, 74, 74, 78, 75, 72, 72, 76, 71, 70, 71, 72, 76, 72, 75, 74, 76,
    72, 70, 74, 74, 74, 77, 73, 76, 71, 73, 73, 76, 69, 75, 72, 72, 74,
    69 ]
