%YAML:1.0
---
videoName: "headLookRight3.mp4"
gestureLabel: 204
fps: 29
pixelSizeInCmTemp: 3.5746268656716418e-01
faceCenterPointX: 232
faceCenterPointY: 71
headPositionsX: [ 230, 253, 255, 255, 254, 254, 252, 253, 255, 256, 256,
    253, 253, 255, 254, 256, 256, 254, 253, 254, 254, 254, 255, 257, 256,
    254, 256, 255, 256, 253, 255, 255, 256, 255, 253, 255, 255, 256, 251,
    253, 249, 250, 248, 245, 244, 241, 238, 236, 235, 237, 234, 234, 231,
    230, 235, 233, 231, 231, 232, 235, 231, 234, 234, 231, 234, 229, 233,
    233, 231, 230, 234, 233, 234, 232, 232, 231, 234, 232, 232, 229, 234,
    232, 233, 233, 231, 233, 230, 235, 233, 231, 231, 234, 230, 234, 230,
    232, 231, 234, 235, 230 ]
headPositionsY: [ 70, 67, 69, 68, 71, 71, 68, 71, 69, 67, 71, 72, 68, 69,
    70, 71, 73, 72, 72, 70, 69, 71, 71, 72, 71, 73, 73, 74, 73, 72, 73,
    72, 69, 71, 71, 72, 70, 70, 72, 71, 72, 73, 71, 70, 70, 72, 71, 73,
    72, 72, 71, 73, 69, 74, 71, 72, 71, 71, 71, 72, 70, 69, 74, 73, 72,
    74, 74, 74, 71, 71, 69, 73, 72, 69, 73, 70, 72, 73, 70, 73, 72, 71,
    70, 74, 71, 74, 69, 73, 72, 72, 73, 72, 73, 71, 70, 73, 71, 71, 72,
    74 ]
