%YAML:1.0
---
videoName: "headLookRight1.mp4"
gestureLabel: 204
fps: 29
pixelSizeInCmTemp: 3.3263888888888887e-01
faceCenterPointX: 232
faceCenterPointY: 68
headPositionsX: [ 232, 257, 256, 258, 255, 254, 257, 255, 258, 256, 258,
    254, 254, 256, 255, 253, 258, 257, 255, 254, 255, 256, 254, 255, 256,
    253, 254, 256, 256, 255, 255, 254, 251, 251, 246, 245, 239, 240, 238,
    233, 236, 232, 228, 229, 232, 232, 231, 225, 228, 232, 230, 233, 230,
    230, 232, 234, 232, 233, 231, 233, 233, 234, 231, 233, 235, 232, 228,
    231, 234, 235, 231, 231, 231, 232, 234, 231, 231, 233, 230, 232, 232,
    234, 232, 231, 229, 233, 231, 231, 231, 234, 231, 230, 234, 232, 233,
    234, 235, 234, 234, 234 ]
headPositionsY: [ 69, 65, 67, 66, 69, 70, 67, 70, 66, 68, 69, 69, 70, 66,
    68, 67, 67, 70, 66, 69, 67, 68, 67, 70, 67, 67, 69, 70, 68, 69, 71,
    66, 67, 66, 70, 67, 68, 69, 66, 66, 66, 67, 70, 66, 65, 70, 67, 69,
    69, 66, 70, 70, 68, 71, 69, 66, 68, 68, 67, 67, 66, 68, 70, 70, 67,
    66, 65, 71, 70, 70, 69, 66, 70, 69, 69, 70, 69, 66, 67, 71, 68, 68,
    67, 70, 68, 69, 70, 69, 68, 68, 67, 65, 68, 66, 69, 66, 66, 67, 68,
    70 ]
