%YAML:1.0
---
videoName: "headLookRight3.mp4"
gestureLabel: 204
fps: 29
pixelSizeInCmTemp: 3.5746268656716418e-01
faceCenterPointX: 232
faceCenterPointY: 71
headPositionsX: [ 234, 252, 252, 251, 253, 251, 255, 254, 253, 252, 252,
    252, 255, 255, 253, 256, 256, 252, 253, 254, 254, 253, 252, 257, 254,
    252, 253, 257, 257, 252, 253, 257, 252, 257, 254, 255, 254, 255, 252,
    253, 249, 249, 248, 246, 242, 240, 238, 236, 236, 235, 235, 231, 234,
    233, 234, 234, 232, 231, 230, 235, 232, 232, 231, 233, 230, 231, 231,
    231, 232, 229, 233, 231, 232, 233, 234, 234, 231, 229, 233, 231, 235,
    229, 234, 235, 231, 233, 233, 233, 231, 231, 232, 231, 231, 233, 231,
    232, 235, 234, 239, 230 ]
headPositionsY: [ 72, 71, 68, 71, 69, 70, 71, 69, 71, 71, 70, 70, 72, 70,
    69, 70, 69, 70, 73, 72, 73, 70, 72, 69, 74, 69, 74, 72, 72, 72, 70,
    71, 73, 72, 70, 70, 73, 72, 70, 73, 72, 72, 73, 70, 72, 70, 68, 72,
    69, 73, 71, 73, 73, 73, 71, 73, 69, 74, 71, 73, 73, 70, 70, 71, 73,
    73, 74, 72, 72, 71, 70, 72, 74, 69, 69, 70, 71, 71, 72, 71, 73, 72,
    71, 74, 74, 72, 70, 73, 69, 69, 73, 70, 72, 70, 72, 73, 69, 71, 72,
    74 ]
