%YAML:1.0
---
videoName: "headLookRight7.mp4"
gestureLabel: 204
fps: 30
pixelSizeInCmTemp: 3.4710144927536229e-01
faceCenterPointX: 226
faceCenterPointY: 74
headPositionsX: [ 228, 252, 250, 249, 248, 250, 249, 252, 248, 249, 250,
    250, 249, 250, 247, 251, 251, 247, 251, 250, 249, 250, 250, 247, 249,
    251, 250, 249, 245, 245, 241, 244, 241, 239, 236, 234, 230, 227, 230,
    225, 228, 223, 222, 224, 224, 223, 223, 222, 226, 221, 225, 224, 222,
    225, 222, 224, 225, 226, 227, 226, 222, 224, 222, 223, 225, 225, 223,
    224, 223, 223, 220, 226, 227, 224, 222, 226, 223, 222, 226, 225, 223,
    222, 224, 224, 222, 223, 228, 227, 226, 223, 226, 224, 221, 224, 225,
    222, 222, 226, 227, 224 ]
headPositionsY: [ 75, 77, 75, 77, 75, 76, 76, 74, 76, 74, 76, 74, 74, 72,
    74, 75, 72, 76, 76, 75, 77, 76, 75, 73, 73, 75, 73, 75, 73, 72, 77,
    76, 74, 77, 74, 76, 77, 76, 73, 72, 71, 73, 70, 75, 72, 75, 75, 72,
    74, 72, 75, 74, 77, 75, 73, 75, 76, 70, 76, 76, 76, 73, 72, 71, 76,
    72, 72, 74, 74, 72, 76, 75, 71, 73, 74, 71, 75, 72, 73, 73, 75, 75,
    73, 78, 74, 77, 72, 74, 72, 75, 75, 74, 76, 74, 72, 76, 75, 75, 74,
    77 ]
