%YAML:1.0
---
videoName: "headLookRight1.mp4"
gestureLabel: 204
fps: 29
pixelSizeInCmTemp: 3.3263888888888887e-01
faceCenterPointX: 232
faceCenterPointY: 68
headPositionsX: [ 230, 257, 258, 254, 257, 258, 256, 254, 257, 254, 258,
    255, 256, 259, 257, 255, 254, 256, 256, 257, 255, 253, 256, 255, 256,
    255, 256, 256, 254, 254, 253, 251, 253, 247, 247, 244, 240, 238, 237,
    236, 232, 233, 232, 232, 229, 233, 233, 225, 230, 231, 232, 235, 231,
    229, 233, 235, 230, 236, 234, 234, 233, 230, 230, 232, 233, 233, 232,
    235, 230, 231, 231, 233, 231, 235, 234, 233, 233, 231, 234, 232, 229,
    232, 233, 230, 229, 232, 230, 234, 233, 234, 232, 232, 234, 232, 231,
    231, 235, 234, 232, 232 ]
headPositionsY: [ 66, 65, 69, 68, 66, 66, 66, 66, 69, 68, 66, 70, 70, 70,
    70, 66, 68, 66, 69, 66, 70, 67, 68, 69, 66, 71, 69, 70, 68, 71, 71,
    70, 66, 70, 71, 68, 70, 65, 67, 66, 68, 68, 70, 69, 68, 68, 70, 67,
    66, 68, 70, 68, 71, 71, 69, 67, 70, 68, 69, 67, 67, 67, 68, 68, 68,
    70, 69, 69, 68, 67, 68, 67, 67, 70, 69, 69, 71, 68, 69, 68, 65, 66,
    68, 69, 66, 68, 68, 66, 70, 71, 71, 67, 65, 70, 67, 66, 68, 69, 69,
    67 ]
