%YAML:1.0
---
videoName: "headLookRight7.mp4"
gestureLabel: 204
fps: 30
pixelSizeInCmTemp: 3.4710144927536229e-01
faceCenterPointX: 226
faceCenterPointY: 74
headPositionsX: [ 226, 248, 249, 251, 249, 250, 251, 250, 251, 249, 250,
    251, 248, 249, 250, 250, 251, 251, 249, 247, 249, 247, 249, 248, 252,
    249, 249, 246, 245, 246, 241, 241, 240, 235, 235, 230, 232, 226, 227,
    226, 226, 227, 222, 224, 220, 223, 222, 222, 222, 223, 221, 223, 222,
    222, 226, 226, 224, 222, 223, 223, 226, 224, 224, 223, 223, 223, 223,
    224, 222, 224, 220, 223, 224, 227, 224, 226, 222, 225, 225, 224, 224,
    221, 225, 224, 223, 223, 226, 223, 227, 223, 222, 222, 224, 225, 224,
    223, 222, 227, 223, 225 ]
headPositionsY: [ 74, 74, 74, 73, 76, 76, 77, 73, 72, 74, 75, 76, 77, 76,
    73, 73, 73, 75, 75, 72, 75, 77, 73, 73, 77, 75, 76, 76, 75, 74, 75,
    76, 77, 77, 74, 75, 73, 76, 73, 74, 75, 73, 74, 76, 72, 75, 74, 74,
    76, 76, 74, 77, 74, 75, 76, 76, 74, 72, 74, 74, 72, 70, 72, 72, 76,
    75, 73, 73, 74, 76, 80, 72, 74, 77, 73, 75, 73, 74, 74, 73, 73, 75,
    72, 77, 73, 76, 76, 76, 75, 72, 74, 72, 74, 75, 71, 72, 73, 76, 73,
    77 ]
