%YAML:1.0
---
videoName: "headLookRight8.mp4"
gestureLabel: 204
fps: 29
pixelSizeInCmTemp: 3.1513157894736843e-01
faceCenterPointX: 218
faceCenterPointY: 80
headPositionsX: [ 216, 248, 251, 251, 251, 250, 250, 248, 250, 247, 246,
    247, 245, 246, 248, 248, 249, 249, 245, 244, 246, 246, 245, 246, 248,
    246, 248, 245, 247, 247, 244, 245, 246, 249, 247, 248, 247, 249, 244,
    247, 244, 245, 246, 244, 248, 247, 244, 244, 245, 246, 246, 243, 245,
    248, 245, 247, 246, 247, 245, 248, 246, 245, 244, 244, 246, 243, 244,
    248, 242, 241, 241, 240, 235, 236, 229, 227, 227, 225, 220, 218, 219,
    217, 215, 218, 216, 216, 217, 219, 219, 218, 219, 220, 217, 219, 221,
    218, 216, 216, 220, 218 ]
headPositionsY: [ 79, 75, 72, 73, 76, 72, 74, 75, 72, 72, 73, 73, 76, 76,
    73, 73, 76, 75, 77, 73, 75, 77, 74, 74, 76, 78, 78, 74, 78, 76, 77,
    74, 75, 76, 79, 75, 78, 78, 78, 75, 75, 75, 76, 76, 75, 79, 79, 78,
    76, 78, 76, 78, 75, 77, 78, 79, 74, 78, 76, 75, 75, 76, 77, 76, 80,
    75, 77, 76, 74, 79, 78, 78, 78, 76, 76, 76, 76, 74, 75, 76, 72, 77,
    73, 81, 71, 78, 79, 80, 80, 78, 82, 78, 75, 75, 78, 78, 81, 79, 82,
    78 ]
