%YAML:1.0
---
videoName: "headLookRight3.mp4"
gestureLabel: 204
fps: 29
pixelSizeInCmTemp: 3.5746268656716418e-01
faceCenterPointX: 232
faceCenterPointY: 71
headPositionsX: [ 233, 254, 252, 253, 251, 254, 251, 254, 251, 255, 253,
    251, 255, 253, 252, 254, 255, 256, 255, 253, 253, 253, 256, 256, 255,
    254, 254, 254, 253, 256, 255, 254, 252, 256, 256, 253, 253, 255, 253,
    252, 253, 250, 245, 242, 244, 243, 238, 236, 237, 234, 233, 233, 231,
    231, 235, 236, 233, 234, 231, 231, 229, 233, 230, 232, 233, 232, 232,
    231, 231, 229, 233, 234, 231, 232, 234, 231, 233, 233, 233, 231, 237,
    232, 232, 233, 232, 231, 233, 231, 233, 230, 231, 232, 233, 231, 234,
    233, 232, 234, 239, 231 ]
headPositionsY: [ 73, 68, 67, 69, 68, 69, 70, 68, 67, 69, 70, 70, 70, 70,
    69, 69, 71, 70, 73, 71, 72, 71, 72, 72, 70, 70, 70, 71, 70, 71, 72,
    71, 69, 71, 69, 73, 71, 73, 70, 69, 72, 73, 70, 69, 70, 68, 69, 69,
    72, 72, 73, 69, 71, 71, 73, 73, 70, 70, 69, 72, 72, 73, 70, 70, 70,
    70, 75, 70, 70, 73, 69, 71, 74, 72, 72, 70, 74, 69, 72, 70, 71, 72,
    69, 74, 74, 72, 72, 70, 73, 70, 73, 72, 74, 71, 72, 70, 73, 68, 74,
    73 ]
