%YAML:1.0
---
videoName: "headLookRight7.mp4"
gestureLabel: 204
fps: 30
pixelSizeInCmTemp: 3.4710144927536229e-01
faceCenterPointX: 226
faceCenterPointY: 74
headPositionsX: [ 224, 251, 248, 251, 250, 252, 251, 248, 252, 248, 251,
    250, 248, 248, 250, 248, 251, 248, 248, 250, 251, 251, 249, 249, 251,
    248, 250, 248, 247, 245, 245, 243, 241, 235, 236, 231, 232, 228, 226,
    226, 225, 225, 225, 223, 223, 224, 223, 222, 225, 224, 225, 225, 225,
    224, 223, 225, 226, 223, 225, 226, 223, 223, 221, 223, 225, 226, 223,
    221, 225, 222, 219, 225, 223, 227, 223, 223, 222, 223, 224, 223, 223,
    221, 225, 223, 225, 222, 225, 226, 226, 225, 222, 220, 224, 224, 225,
    223, 223, 225, 226, 223 ]
headPositionsY: [ 72, 75, 74, 74, 73, 76, 76, 74, 73, 75, 73, 75, 76, 72,
    73, 75, 75, 74, 77, 74, 74, 74, 74, 77, 76, 73, 77, 77, 73, 75, 73,
    75, 76, 76, 75, 74, 75, 74, 72, 73, 73, 73, 72, 73, 72, 72, 74, 73,
    72, 73, 73, 74, 74, 75, 72, 75, 76, 71, 73, 73, 72, 73, 74, 75, 73,
    75, 75, 72, 71, 73, 77, 72, 72, 77, 74, 75, 73, 70, 72, 75, 74, 77,
    75, 76, 74, 73, 74, 75, 76, 74, 75, 76, 73, 77, 74, 75, 74, 74, 71,
    74 ]
