%YAML:1.0
---
videoName: "headLookRight1.mp4"
gestureLabel: 204
fps: 29
pixelSizeInCmTemp: 3.3263888888888887e-01
faceCenterPointX: 232
faceCenterPointY: 68
headPositionsX: [ 233, 256, 256, 255, 254, 258, 258, 256, 256, 256, 257,
    255, 253, 257, 258, 254, 258, 257, 255, 256, 254, 257, 257, 255, 253,
    256, 252, 256, 255, 255, 253, 254, 252, 249, 245, 247, 241, 241, 235,
    236, 235, 234, 231, 233, 232, 234, 233, 229, 231, 230, 230, 232, 232,
    229, 234, 234, 233, 237, 232, 235, 234, 234, 230, 231, 233, 233, 229,
    233, 231, 235, 230, 233, 230, 232, 237, 232, 231, 230, 231, 233, 229,
    230, 234, 233, 231, 233, 230, 231, 230, 233, 233, 229, 230, 231, 232,
    230, 234, 230, 232, 230 ]
headPositionsY: [ 70, 69, 66, 68, 69, 66, 66, 68, 68, 66, 67, 67, 67, 67,
    69, 70, 69, 70, 70, 67, 67, 71, 69, 68, 69, 68, 66, 67, 69, 67, 69,
    68, 66, 69, 69, 70, 69, 66, 68, 67, 66, 66, 66, 66, 69, 70, 67, 71,
    67, 70, 71, 69, 69, 67, 68, 67, 68, 67, 67, 68, 68, 68, 67, 69, 70,
    66, 65, 69, 70, 68, 69, 66, 68, 67, 66, 68, 69, 69, 65, 70, 66, 69,
    67, 70, 68, 68, 67, 70, 66, 68, 71, 66, 68, 70, 66, 70, 66, 67, 66,
    67 ]
