%YAML:1.0
---
videoName: "headLookRight6.mp4"
gestureLabel: 204
fps: 29
pixelSizeInCmTemp: 3.8015873015873014e-01
faceCenterPointX: 226
faceCenterPointY: 72
headPositionsX: [ 225, 249, 251, 247, 246, 246, 247, 249, 247, 246, 250,
    252, 251, 248, 248, 250, 248, 249, 249, 252, 248, 252, 252, 250, 251,
    250, 253, 254, 251, 252, 252, 249, 249, 250, 247, 244, 243, 238, 239,
    234, 230, 231, 229, 228, 229, 225, 224, 228, 224, 226, 227, 225, 227,
    224, 227, 226, 228, 224, 227, 227, 229, 226, 227, 226, 229, 226, 226,
    227, 230, 229, 226, 228, 227, 227, 227, 224, 226, 228, 224, 227, 226,
    227, 225, 228, 227, 227, 229, 231, 226, 227, 224, 225, 229, 228, 226,
    228, 223, 228, 227, 225 ]
headPositionsY: [ 74, 71, 69, 75, 70, 72, 74, 73, 71, 74, 73, 73, 72, 73,
    76, 75, 74, 76, 75, 76, 72, 73, 73, 74, 72, 74, 74, 75, 73, 74, 74,
    74, 76, 73, 76, 73, 72, 75, 74, 75, 72, 74, 72, 73, 75, 74, 71, 74,
    75, 74, 77, 69, 75, 74, 72, 72, 73, 74, 70, 74, 77, 76, 77, 70, 77,
    72, 72, 75, 74, 74, 73, 76, 74, 75, 72, 72, 73, 73, 73, 77, 74, 75,
    73, 71, 73, 73, 76, 73, 76, 76, 75, 72, 74, 72, 70, 75, 69, 72, 74,
    70 ]
