%YAML:1.0
---
videoName: "headLookRight7.mp4"
gestureLabel: 204
fps: 30
pixelSizeInCmTemp: 3.4710144927536229e-01
faceCenterPointX: 226
faceCenterPointY: 74
headPositionsX: [ 224, 251, 250, 249, 249, 251, 248, 250, 251, 248, 248,
    250, 248, 248, 249, 248, 247, 249, 248, 251, 250, 250, 249, 247, 250,
    251, 250, 246, 245, 244, 244, 244, 240, 239, 235, 233, 232, 228, 227,
    229, 228, 227, 225, 221, 220, 223, 225, 223, 226, 222, 224, 224, 225,
    224, 225, 226, 222, 225, 224, 224, 223, 221, 223, 223, 223, 224, 225,
    225, 222, 225, 221, 227, 225, 224, 222, 225, 224, 224, 226, 224, 222,
    222, 223, 224, 225, 223, 225, 227, 227, 226, 223, 220, 223, 223, 227,
    224, 222, 226, 223, 226 ]
headPositionsY: [ 74, 77, 74, 74, 76, 74, 75, 75, 73, 75, 76, 73, 74, 72,
    74, 73, 73, 73, 75, 74, 73, 76, 76, 73, 77, 74, 75, 77, 76, 76, 76,
    75, 73, 77, 77, 77, 74, 73, 72, 72, 72, 75, 73, 75, 74, 71, 75, 75,
    76, 76, 73, 73, 74, 74, 74, 72, 72, 74, 75, 76, 74, 74, 72, 75, 73,
    73, 73, 72, 72, 74, 79, 71, 74, 76, 73, 73, 75, 72, 75, 73, 74, 74,
    74, 74, 75, 75, 73, 75, 75, 72, 76, 74, 77, 73, 72, 76, 73, 73, 74,
    74 ]
