%YAML:1.0
---
videoName: "headLookRight4.mp4"
gestureLabel: 204
fps: 30
pixelSizeInCmTemp: 3.4214285714285714e-01
faceCenterPointX: 228
faceCenterPointY: 75
headPositionsX: [ 230, 253, 252, 254, 252, 251, 251, 253, 256, 254, 252,
    256, 254, 253, 252, 251, 251, 253, 254, 250, 252, 254, 254, 249, 251,
    255, 253, 253, 251, 253, 250, 251, 247, 244, 245, 244, 241, 238, 237,
    232, 231, 232, 231, 231, 228, 229, 230, 229, 228, 230, 230, 228, 226,
    225, 230, 226, 227, 225, 229, 227, 227, 223, 229, 225, 223, 225, 226,
    227, 224, 223, 226, 227, 226, 223, 225, 226, 229, 225, 226, 225, 225,
    225, 229, 228, 225, 225, 227, 227, 225, 230, 224, 225, 226, 229, 229,
    225, 223, 226, 226, 227 ]
headPositionsY: [ 75, 74, 71, 73, 72, 73, 72, 70, 70, 73, 73, 73, 73, 72,
    71, 73, 74, 72, 75, 73, 71, 71, 74, 73, 73, 76, 74, 73, 72, 73, 72,
    75, 72, 73, 74, 71, 70, 71, 73, 74, 71, 71, 72, 71, 75, 72, 75, 73,
    75, 71, 76, 71, 76, 76, 73, 75, 76, 71, 73, 75, 74, 73, 74, 77, 75,
    73, 72, 76, 76, 74, 77, 74, 77, 76, 74, 73, 75, 76, 77, 76, 76, 77,
    76, 75, 72, 73, 74, 73, 73, 76, 74, 73, 75, 77, 74, 72, 76, 75, 76,
    72 ]
