%YAML:1.0
---
videoName: "headLookRight4.mp4"
gestureLabel: 204
fps: 30
pixelSizeInCmTemp: 3.4214285714285714e-01
faceCenterPointX: 228
faceCenterPointY: 75
headPositionsX: [ 230, 254, 254, 254, 255, 254, 252, 256, 254, 252, 253,
    252, 253, 252, 252, 254, 253, 253, 253, 250, 254, 251, 252, 253, 250,
    251, 249, 250, 253, 253, 251, 248, 250, 248, 244, 240, 240, 239, 235,
    232, 235, 231, 232, 228, 228, 230, 229, 227, 227, 229, 228, 230, 228,
    227, 227, 226, 223, 225, 226, 227, 225, 225, 228, 228, 227, 225, 224,
    227, 227, 225, 227, 227, 229, 221, 224, 227, 230, 227, 227, 229, 224,
    229, 229, 225, 224, 224, 227, 223, 227, 228, 224, 226, 223, 230, 227,
    226, 224, 225, 224, 226 ]
headPositionsY: [ 75, 74, 73, 72, 72, 70, 72, 73, 71, 69, 73, 71, 73, 73,
    71, 74, 72, 75, 73, 72, 75, 73, 75, 73, 72, 76, 70, 72, 73, 75, 71,
    73, 75, 72, 71, 73, 71, 75, 74, 71, 70, 73, 72, 73, 74, 74, 73, 71,
    72, 71, 75, 75, 76, 76, 76, 76, 74, 71, 72, 71, 73, 75, 77, 75, 73,
    72, 76, 78, 72, 75, 73, 75, 74, 74, 74, 76, 72, 75, 77, 75, 74, 74,
    73, 76, 74, 76, 75, 74, 76, 77, 76, 74, 72, 76, 76, 72, 73, 76, 74,
    76 ]
