%YAML:1.0
---
videoName: "headLookRight4.mp4"
gestureLabel: 204
fps: 30
pixelSizeInCmTemp: 3.4214285714285714e-01
faceCenterPointX: 228
faceCenterPointY: 75
headPositionsX: [ 226, 252, 254, 254, 253, 253, 255, 255, 254, 255, 256,
    253, 255, 251, 254, 251, 255, 251, 255, 251, 252, 253, 251, 251, 254,
    255, 250, 253, 253, 249, 248, 248, 249, 247, 244, 243, 241, 238, 235,
    235, 235, 230, 230, 228, 232, 230, 231, 229, 229, 229, 227, 226, 229,
    228, 230, 229, 224, 226, 230, 228, 227, 226, 228, 225, 226, 224, 228,
    223, 226, 227, 224, 227, 227, 225, 225, 226, 229, 226, 227, 225, 225,
    229, 227, 227, 227, 226, 226, 226, 225, 229, 227, 226, 226, 227, 229,
    226, 225, 226, 228, 227 ]
headPositionsY: [ 73, 71, 70, 72, 70, 73, 69, 70, 73, 70, 72, 70, 73, 73,
    72, 73, 72, 76, 71, 72, 71, 72, 75, 71, 72, 72, 72, 72, 71, 73, 73,
    72, 72, 74, 75, 71, 73, 73, 70, 75, 73, 72, 73, 74, 73, 74, 75, 71,
    72, 73, 74, 74, 74, 75, 72, 77, 75, 71, 73, 72, 77, 74, 75, 73, 75,
    74, 74, 74, 73, 76, 76, 75, 77, 73, 77, 74, 72, 75, 75, 73, 74, 74,
    76, 77, 71, 75, 73, 75, 75, 77, 74, 74, 76, 74, 73, 75, 75, 76, 72,
    73 ]
