%YAML:1.0
---
videoName: "headLookRight4.mp4"
gestureLabel: 204
fps: 30
pixelSizeInCmTemp: 3.4214285714285714e-01
faceCenterPointX: 228
faceCenterPointY: 75
headPositionsX: [ 228, 252, 253, 256, 253, 251, 254, 252, 252, 253, 256,
    252, 255, 252, 251, 254, 255, 255, 255, 254, 252, 251, 252, 250, 250,
    255, 249, 251, 253, 250, 250, 247, 248, 247, 247, 244, 240, 236, 234,
    234, 234, 233, 232, 231, 232, 231, 230, 231, 227, 229, 228, 228, 229,
    226, 228, 229, 226, 229, 228, 229, 227, 227, 225, 228, 226, 225, 228,
    227, 228, 225, 223, 227, 226, 225, 224, 229, 229, 225, 226, 225, 228,
    226, 227, 225, 227, 228, 224, 223, 227, 228, 224, 226, 224, 228, 230,
    228, 225, 228, 224, 226 ]
headPositionsY: [ 77, 72, 70, 70, 69, 73, 73, 69, 73, 73, 74, 70, 73, 72,
    71, 71, 71, 76, 71, 71, 72, 74, 75, 75, 72, 72, 73, 73, 75, 75, 74,
    74, 75, 72, 75, 70, 70, 73, 72, 74, 71, 75, 72, 71, 72, 70, 76, 72,
    73, 73, 73, 75, 74, 74, 75, 77, 75, 73, 74, 75, 77, 74, 75, 75, 76,
    73, 74, 78, 72, 75, 76, 73, 74, 75, 76, 76, 74, 76, 78, 76, 76, 76,
    72, 74, 72, 75, 77, 75, 72, 76, 75, 73, 73, 78, 76, 72, 73, 76, 73,
    74 ]
