%YAML:1.0
---
videoName: "headLookRight9.mp4"
gestureLabel: 204
fps: 29
pixelSizeInCmTemp: 2.8511904761904761e-01
faceCenterPointX: 217
faceCenterPointY: 75
headPositionsX: [ 216, 245, 245, 243, 246, 242, 241, 243, 242, 241, 242,
    243, 244, 243, 245, 244, 245, 243, 244, 245, 245, 243, 241, 243, 241,
    241, 242, 245, 245, 241, 242, 239, 235, 232, 232, 228, 226, 226, 223,
    222, 222, 217, 215, 217, 219, 215, 217, 213, 213, 215, 214, 216, 214,
    218, 214, 214, 210, 214, 217, 216, 215, 215, 216, 213, 219, 221, 216,
    212, 215, 215, 214, 208, 207, 217, 211, 215, 217, 212, 213, 216, 215,
    216, 217, 218, 214, 216, 215, 219, 218, 217, 215, 211, 214, 217, 213,
    216, 218, 217, 218, 219 ]
headPositionsY: [ 76, 75, 73, 76, 76, 75, 76, 75, 75, 73, 75, 76, 77, 75,
    73, 75, 75, 75, 76, 75, 74, 72, 75, 75, 73, 76, 73, 77, 76, 75, 74,
    75, 76, 73, 75, 75, 74, 72, 76, 72, 75, 74, 71, 79, 71, 71, 70, 71,
    73, 71, 72, 70, 71, 74, 72, 74, 74, 74, 72, 70, 72, 72, 74, 70, 79,
    79, 72, 72, 70, 69, 70, 79, 76, 72, 75, 73, 73, 75, 75, 75, 71, 69,
    72, 74, 71, 73, 69, 73, 75, 74, 74, 71, 74, 72, 69, 71, 77, 74, 71,
    76 ]
