%YAML:1.0
---
videoName: "headLookRight1.mp4"
gestureLabel: 204
fps: 29
pixelSizeInCmTemp: 3.3263888888888887e-01
faceCenterPointX: 232
faceCenterPointY: 68
headPositionsX: [ 232, 256, 257, 255, 258, 258, 257, 255, 256, 255, 257,
    256, 255, 258, 258, 257, 258, 254, 257, 255, 258, 256, 253, 254, 253,
    254, 255, 254, 256, 257, 255, 252, 253, 249, 247, 246, 239, 240, 238,
    235, 234, 234, 229, 232, 230, 234, 230, 229, 231, 233, 230, 231, 230,
    232, 233, 233, 234, 233, 234, 232, 231, 230, 232, 232, 232, 230, 230,
    235, 230, 233, 234, 231, 234, 231, 235, 234, 232, 232, 234, 231, 230,
    233, 230, 230, 229, 231, 230, 230, 233, 231, 233, 230, 232, 233, 231,
    232, 233, 233, 232, 234 ]
headPositionsY: [ 66, 67, 69, 66, 68, 69, 66, 68, 68, 67, 68, 70, 66, 68,
    68, 67, 70, 67, 70, 67, 67, 67, 69, 70, 66, 71, 66, 68, 66, 71, 68,
    68, 68, 67, 67, 66, 66, 68, 66, 69, 68, 67, 70, 66, 67, 69, 70, 68,
    66, 67, 71, 69, 72, 71, 68, 70, 71, 69, 69, 69, 69, 65, 69, 66, 68,
    67, 69, 68, 68, 68, 65, 69, 67, 68, 66, 70, 70, 67, 65, 68, 67, 66,
    69, 70, 69, 68, 69, 68, 69, 70, 68, 67, 66, 66, 70, 70, 70, 67, 68,
    67 ]
