%YAML:1.0
---
videoName: "headLookRight7.mp4"
gestureLabel: 204
fps: 30
pixelSizeInCmTemp: 3.4710144927536229e-01
faceCenterPointX: 226
faceCenterPointY: 74
headPositionsX: [ 227, 252, 249, 250, 249, 248, 249, 250, 250, 249, 250,
    252, 248, 250, 251, 247, 249, 247, 249, 247, 247, 250, 247, 247, 252,
    250, 249, 246, 248, 245, 243, 241, 238, 236, 234, 232, 232, 228, 227,
    227, 228, 225, 224, 223, 224, 224, 226, 222, 224, 222, 224, 223, 224,
    224, 224, 226, 226, 224, 227, 226, 222, 224, 223, 224, 222, 222, 224,
    222, 224, 222, 218, 223, 225, 223, 222, 226, 224, 223, 222, 221, 220,
    222, 225, 222, 226, 220, 224, 223, 227, 225, 222, 220, 220, 222, 223,
    221, 225, 226, 226, 226 ]
headPositionsY: [ 73, 75, 74, 74, 75, 75, 76, 75, 72, 73, 73, 74, 73, 75,
    75, 72, 73, 75, 77, 76, 77, 74, 72, 76, 74, 75, 76, 74, 73, 73, 73,
    75, 77, 75, 77, 74, 76, 76, 74, 73, 73, 71, 73, 77, 75, 75, 76, 73,
    73, 76, 73, 75, 75, 74, 75, 76, 75, 71, 73, 76, 74, 74, 71, 74, 74,
    75, 72, 73, 73, 75, 78, 73, 72, 75, 77, 73, 73, 72, 76, 71, 71, 77,
    76, 78, 72, 74, 76, 76, 74, 73, 76, 73, 75, 76, 71, 73, 76, 76, 74,
    75 ]
