%YAML:1.0
---
videoName: "headLookRight8.mp4"
gestureLabel: 204
fps: 29
pixelSizeInCmTemp: 3.1513157894736843e-01
faceCenterPointX: 218
faceCenterPointY: 80
headPositionsX: [ 219, 247, 251, 251, 251, 249, 248, 250, 248, 250, 246,
    249, 245, 247, 247, 246, 247, 247, 247, 244, 247, 245, 248, 245, 249,
    246, 248, 246, 246, 249, 246, 246, 247, 246, 245, 245, 249, 248, 244,
    247, 248, 247, 244, 248, 247, 248, 246, 244, 244, 246, 244, 247, 244,
    245, 246, 247, 245, 248, 247, 249, 246, 247, 247, 246, 244, 244, 247,
    247, 244, 242, 242, 238, 237, 234, 230, 226, 228, 224, 221, 220, 218,
    221, 215, 215, 217, 217, 219, 216, 218, 216, 216, 220, 217, 215, 222,
    216, 218, 217, 218, 219 ]
headPositionsY: [ 78, 74, 75, 72, 73, 72, 72, 73, 71, 75, 74, 75, 74, 75,
    75, 77, 76, 77, 73, 73, 78, 79, 76, 75, 79, 75, 76, 77, 78, 78, 75,
    75, 74, 75, 76, 77, 78, 75, 77, 79, 77, 77, 77, 79, 78, 75, 78, 75,
    79, 77, 77, 76, 77, 79, 76, 76, 75, 79, 79, 76, 74, 75, 77, 76, 78,
    78, 80, 79, 78, 76, 78, 76, 77, 74, 78, 73, 78, 73, 72, 74, 73, 80,
    72, 81, 75, 79, 78, 79, 80, 79, 78, 78, 75, 78, 76, 79, 79, 80, 82,
    78 ]
