%YAML:1.0
---
videoName: "headLookRight7.mp4"
gestureLabel: 204
fps: 30
pixelSizeInCmTemp: 3.4710144927536229e-01
faceCenterPointX: 226
faceCenterPointY: 74
headPositionsX: [ 225, 248, 250, 252, 248, 250, 250, 248, 250, 250, 249,
    249, 252, 248, 251, 247, 250, 248, 248, 251, 250, 248, 247, 250, 249,
    249, 250, 246, 248, 243, 245, 240, 241, 238, 236, 230, 230, 226, 227,
    225, 225, 227, 224, 224, 221, 221, 222, 223, 223, 222, 223, 224, 225,
    225, 226, 226, 225, 225, 224, 226, 222, 225, 223, 223, 223, 226, 222,
    221, 223, 226, 221, 223, 223, 223, 224, 224, 224, 222, 222, 225, 224,
    222, 223, 225, 226, 224, 226, 226, 224, 222, 225, 222, 224, 224, 224,
    222, 225, 225, 226, 224 ]
headPositionsY: [ 73, 77, 73, 76, 72, 75, 74, 76, 75, 75, 76, 75, 74, 74,
    75, 76, 72, 74, 74, 76, 73, 74, 74, 76, 75, 74, 74, 74, 75, 76, 76,
    74, 73, 74, 77, 76, 74, 75, 73, 76, 74, 73, 71, 73, 74, 71, 72, 76,
    75, 72, 75, 75, 76, 76, 74, 72, 76, 74, 76, 73, 75, 73, 73, 74, 76,
    76, 74, 71, 75, 73, 80, 74, 74, 75, 76, 73, 73, 73, 73, 73, 74, 75,
    73, 77, 76, 77, 72, 77, 74, 75, 77, 73, 73, 74, 73, 73, 75, 77, 71,
    74 ]
