%YAML:1.0
---
videoName: "headLookRight5.mp4"
gestureLabel: 204
fps: 29
pixelSizeInCmTemp: 3.1513157894736843e-01
faceCenterPointX: 228
faceCenterPointY: 76
headPositionsX: [ 226, 251, 248, 251, 248, 248, 248, 249, 247, 247, 248,
    251, 252, 248, 249, 251, 247, 248, 251, 251, 246, 250, 248, 247, 250,
    248, 247, 250, 248, 248, 247, 247, 247, 243, 242, 242, 238, 236, 232,
    232, 231, 229, 226, 226, 225, 224, 226, 222, 226, 228, 223, 228, 223,
    225, 223, 227, 224, 225, 224, 224, 227, 220, 225, 226, 228, 226, 225,
    227, 225, 229, 227, 221, 227, 227, 226, 225, 226, 228, 226, 223, 222,
    227, 227, 226, 225, 224, 225, 221, 225, 224, 221, 225, 222, 225, 226,
    222, 225, 222, 227, 223 ]
headPositionsY: [ 77, 76, 75, 74, 73, 75, 72, 76, 77, 73, 73, 76, 74, 74,
    74, 76, 77, 76, 77, 74, 73, 75, 74, 75, 73, 73, 77, 74, 77, 74, 75,
    73, 73, 76, 77, 72, 74, 72, 73, 74, 74, 74, 74, 75, 75, 76, 74, 75,
    75, 77, 73, 73, 73, 75, 75, 76, 75, 72, 73, 74, 77, 73, 76, 72, 73,
    77, 73, 74, 74, 76, 76, 73, 74, 75, 73, 72, 71, 73, 74, 71, 76, 76,
    76, 74, 72, 77, 76, 72, 75, 76, 73, 77, 73, 78, 71, 75, 74, 72, 76,
    72 ]
