%YAML:1.0
---
videoName: "headLookRight2.mp4"
gestureLabel: 204
fps: 29
pixelSizeInCmTemp: 3.8015873015873014e-01
faceCenterPointX: 228
faceCenterPointY: 68
headPositionsX: [ 229, 249, 253, 250, 251, 249, 251, 252, 254, 253, 249,
    254, 253, 251, 252, 252, 253, 252, 253, 254, 252, 254, 254, 252, 252,
    254, 253, 254, 250, 253, 254, 254, 251, 254, 256, 253, 254, 253, 255,
    251, 253, 252, 251, 251, 253, 252, 253, 249, 248, 250, 249, 247, 243,
    240, 240, 234, 232, 231, 233, 230, 226, 228, 230, 226, 229, 229, 229,
    227, 221, 226, 228, 228, 228, 228, 224, 230, 226, 231, 230, 227, 229,
    232, 231, 229, 231, 229, 231, 224, 229, 227, 226, 228, 230, 228, 230,
    227, 228, 231, 229, 231 ]
headPositionsY: [ 68, 65, 67, 67, 68, 67, 69, 69, 70, 66, 66, 70, 68, 66,
    70, 70, 71, 72, 69, 68, 67, 67, 71, 68, 70, 72, 71, 71, 70, 68, 70,
    68, 67, 70, 68, 68, 69, 67, 67, 69, 67, 68, 70, 67, 68, 67, 71, 70,
    71, 68, 70, 71, 69, 67, 70, 69, 69, 70, 68, 68, 67, 70, 67, 67, 69,
    70, 68, 69, 71, 67, 70, 67, 71, 69, 72, 69, 73, 69, 72, 69, 67, 71,
    72, 71, 69, 68, 67, 70, 69, 68, 70, 67, 70, 67, 66, 68, 69, 70, 69,
    68 ]
