%YAML:1.0
---
videoName: "headLookRight6.mp4"
gestureLabel: 204
fps: 29
pixelSizeInCmTemp: 3.8015873015873014e-01
faceCenterPointX: 226
faceCenterPointY: 72
headPositionsX: [ 227, 251, 248, 250, 246, 247, 249, 248, 248, 246, 247,
    248, 250, 251, 252, 250, 248, 252, 250, 251, 248, 252, 253, 248, 252,
    252, 249, 254, 250, 253, 252, 252, 247, 247, 247, 245, 242, 239, 236,
    233, 234, 230, 230, 231, 228, 228, 224, 228, 223, 227, 227, 223, 226,
    228, 228, 226, 227, 225, 228, 227, 232, 228, 229, 224, 227, 226, 223,
    228, 231, 225, 228, 225, 227, 227, 226, 226, 227, 225, 226, 227, 228,
    228, 226, 227, 225, 225, 228, 232, 224, 226, 224, 228, 230, 228, 224,
    226, 223, 225, 228, 227 ]
headPositionsY: [ 73, 72, 71, 75, 74, 74, 74, 71, 75, 72, 73, 75, 73, 72,
    75, 76, 73, 76, 73, 74, 72, 76, 74, 73, 74, 72, 72, 73, 76, 75, 76,
    73, 74, 76, 76, 72, 76, 72, 75, 73, 75, 71, 74, 73, 72, 76, 70, 70,
    74, 76, 75, 70, 76, 72, 71, 76, 77, 74, 73, 77, 78, 76, 75, 69, 73,
    69, 72, 71, 74, 77, 76, 72, 73, 75, 74, 72, 74, 72, 72, 77, 76, 76,
    73, 73, 73, 76, 74, 73, 74, 74, 71, 75, 77, 72, 71, 75, 73, 74, 72,
    70 ]
