%YAML:1.0
---
videoName: "headLookRight6.mp4"
gestureLabel: 204
fps: 29
pixelSizeInCmTemp: 3.8015873015873014e-01
faceCenterPointX: 226
faceCenterPointY: 72
headPositionsX: [ 224, 249, 248, 251, 249, 249, 249, 247, 251, 247, 248,
    249, 248, 250, 249, 251, 248, 249, 249, 251, 250, 252, 252, 249, 252,
    249, 250, 254, 249, 252, 253, 248, 247, 248, 245, 245, 244, 238, 236,
    233, 233, 229, 230, 232, 229, 228, 227, 224, 222, 226, 223, 227, 229,
    226, 225, 226, 228, 224, 227, 230, 231, 227, 229, 222, 229, 225, 225,
    226, 231, 227, 225, 226, 228, 228, 224, 226, 228, 226, 225, 230, 228,
    230, 226, 228, 223, 227, 230, 228, 228, 226, 225, 228, 230, 228, 225,
    230, 223, 226, 225, 228 ]
headPositionsY: [ 72, 74, 70, 71, 74, 74, 71, 72, 75, 75, 70, 71, 74, 73,
    72, 72, 75, 75, 72, 73, 72, 74, 74, 73, 72, 76, 73, 73, 72, 72, 73,
    75, 75, 76, 76, 73, 73, 72, 75, 75, 74, 74, 74, 74, 73, 73, 70, 71,
    73, 76, 77, 72, 76, 72, 75, 75, 75, 77, 71, 77, 75, 74, 78, 72, 73,
    70, 72, 74, 78, 74, 74, 75, 76, 72, 74, 70, 72, 73, 76, 74, 74, 73,
    71, 71, 74, 72, 77, 77, 73, 74, 72, 75, 74, 72, 71, 73, 69, 72, 75,
    70 ]
