%YAML:1.0
---
videoName: "headLookRight1.mp4"
gestureLabel: 204
fps: 29
pixelSizeInCmTemp: 3.3263888888888887e-01
faceCenterPointX: 232
faceCenterPointY: 68
headPositionsX: [ 232, 256, 255, 254, 258, 258, 258, 257, 258, 256, 254,
    258, 255, 259, 257, 254, 258, 255, 256, 256, 254, 253, 255, 258, 254,
    256, 254, 253, 257, 254, 252, 254, 252, 247, 248, 244, 241, 240, 239,
    233, 235, 231, 228, 232, 228, 234, 232, 228, 232, 233, 229, 231, 229,
    230, 231, 235, 232, 234, 234, 234, 234, 233, 233, 233, 232, 230, 231,
    233, 230, 232, 234, 232, 230, 234, 238, 231, 230, 231, 233, 233, 232,
    230, 230, 232, 232, 231, 233, 232, 230, 231, 231, 230, 230, 232, 234,
    230, 235, 230, 233, 231 ]
headPositionsY: [ 69, 67, 68, 68, 68, 69, 67, 70, 69, 70, 66, 70, 66, 70,
    67, 66, 70, 69, 67, 66, 67, 68, 67, 67, 69, 68, 67, 67, 68, 68, 70,
    66, 70, 66, 70, 68, 70, 69, 69, 69, 66, 70, 67, 66, 69, 66, 68, 71,
    67, 69, 68, 69, 71, 68, 70, 69, 71, 70, 68, 66, 70, 65, 67, 69, 67,
    70, 69, 71, 70, 69, 65, 67, 68, 67, 69, 68, 68, 68, 67, 68, 67, 67,
    71, 66, 69, 67, 66, 70, 69, 67, 71, 65, 69, 68, 67, 69, 67, 68, 68,
    70 ]
