%YAML:1.0
---
videoName: "headLookRight9.mp4"
gestureLabel: 204
fps: 29
pixelSizeInCmTemp: 2.8511904761904761e-01
faceCenterPointX: 217
faceCenterPointY: 75
headPositionsX: [ 216, 245, 245, 246, 244, 244, 244, 242, 241, 245, 244,
    245, 244, 244, 244, 244, 244, 245, 243, 243, 243, 243, 244, 246, 240,
    242, 242, 243, 244, 242, 241, 239, 235, 235, 234, 229, 228, 222, 222,
    219, 221, 218, 214, 215, 219, 216, 216, 216, 215, 217, 217, 213, 210,
    214, 212, 211, 214, 213, 214, 216, 213, 215, 217, 216, 218, 218, 214,
    212, 216, 216, 215, 207, 211, 215, 211, 215, 216, 215, 215, 218, 218,
    218, 215, 215, 214, 216, 215, 217, 218, 215, 216, 212, 216, 215, 216,
    218, 216, 216, 218, 220 ]
headPositionsY: [ 73, 73, 73, 76, 74, 73, 75, 74, 76, 74, 77, 75, 73, 76,
    75, 76, 74, 74, 74, 72, 76, 76, 76, 77, 76, 77, 75, 75, 73, 73, 76,
    77, 73, 72, 75, 76, 71, 71, 72, 72, 75, 72, 72, 79, 71, 73, 71, 73,
    71, 70, 71, 70, 72, 71, 76, 72, 76, 75, 73, 74, 72, 69, 72, 74, 80,
    76, 74, 74, 70, 70, 73, 79, 79, 71, 72, 72, 74, 73, 74, 74, 73, 69,
    73, 74, 72, 71, 72, 70, 75, 71, 75, 73, 73, 72, 69, 73, 78, 73, 74,
    79 ]
