%YAML:1.0
---
videoName: "headLookRight0.mp4"
gestureLabel: 204
fps: 29
pixelSizeInCmTemp: 3.1933333333333330e-01
faceCenterPointX: 229
faceCenterPointY: 68
headPositionsX: [ 229, 258, 254, 255, 257, 258, 257, 254, 258, 257, 256,
    258, 257, 256, 256, 259, 257, 255, 258, 254, 258, 256, 257, 256, 257,
    256, 258, 256, 254, 257, 257, 257, 256, 257, 254, 254, 253, 253, 253,
    255, 253, 250, 246, 247, 244, 239, 239, 238, 235, 236, 236, 235, 236,
    235, 232, 235, 234, 236, 232, 233, 235, 235, 232, 232, 232, 235, 235,
    235, 233, 233, 235, 238, 235, 234, 234, 233, 230, 231, 229, 228, 232,
    233, 232, 227, 231, 230, 234, 232, 229, 228, 229, 233, 230, 226, 228,
    231, 228, 229, 227, 227 ]
headPositionsY: [ 68, 64, 64, 64, 63, 67, 62, 66, 63, 68, 66, 66, 65, 68,
    66, 65, 67, 64, 65, 65, 67, 67, 66, 66, 67, 65, 69, 66, 66, 66, 67,
    68, 69, 68, 70, 67, 67, 69, 67, 70, 69, 65, 67, 69, 68, 66, 69, 66,
    69, 67, 71, 67, 69, 70, 68, 68, 68, 68, 66, 67, 68, 66, 67, 70, 69,
    69, 67, 69, 65, 67, 66, 69, 69, 67, 68, 66, 66, 67, 69, 69, 70, 69,
    70, 66, 69, 70, 70, 70, 64, 69, 68, 69, 71, 67, 69, 70, 70, 64, 67,
    70 ]
