%YAML:1.0
---
videoName: "headLookRight9.mp4"
gestureLabel: 204
fps: 29
pixelSizeInCmTemp: 2.8511904761904761e-01
faceCenterPointX: 217
faceCenterPointY: 75
headPositionsX: [ 219, 244, 246, 245, 243, 245, 245, 245, 245, 242, 243,
    242, 244, 243, 243, 243, 242, 241, 245, 243, 243, 242, 241, 244, 242,
    241, 245, 243, 243, 244, 243, 239, 235, 235, 232, 231, 226, 222, 223,
    221, 221, 219, 215, 217, 216, 216, 214, 216, 217, 216, 213, 213, 214,
    214, 214, 213, 214, 211, 216, 216, 213, 215, 218, 212, 220, 221, 216,
    216, 216, 217, 215, 210, 210, 217, 211, 217, 214, 215, 216, 218, 216,
    219, 217, 215, 215, 217, 213, 219, 218, 218, 218, 212, 215, 216, 213,
    215, 216, 218, 220, 216 ]
headPositionsY: [ 77, 73, 74, 76, 74, 76, 75, 74, 73, 76, 73, 73, 75, 74,
    74, 77, 75, 75, 73, 73, 72, 73, 75, 77, 72, 76, 73, 73, 77, 72, 75,
    73, 76, 73, 75, 75, 75, 72, 74, 72, 74, 74, 72, 82, 71, 70, 70, 73,
    69, 72, 72, 72, 70, 75, 75, 72, 75, 73, 71, 74, 70, 73, 72, 70, 78,
    79, 72, 75, 73, 72, 69, 78, 78, 71, 76, 70, 70, 76, 74, 75, 74, 71,
    71, 74, 73, 73, 73, 73, 76, 72, 74, 71, 73, 72, 71, 70, 76, 74, 73,
    76 ]
