%YAML:1.0
---
videoName: "headLookRight9.mp4"
gestureLabel: 204
fps: 29
pixelSizeInCmTemp: 2.8511904761904761e-01
faceCenterPointX: 217
faceCenterPointY: 75
headPositionsX: [ 217, 245, 245, 242, 242, 241, 245, 243, 241, 242, 244,
    244, 241, 241, 243, 242, 245, 244, 241, 245, 244, 243, 245, 243, 244,
    242, 243, 241, 241, 244, 242, 238, 235, 236, 235, 232, 228, 222, 221,
    219, 220, 216, 214, 215, 219, 216, 214, 216, 213, 213, 215, 213, 214,
    215, 213, 213, 213, 213, 213, 214, 211, 212, 217, 214, 218, 219, 214,
    215, 216, 215, 213, 211, 209, 217, 213, 216, 217, 214, 217, 216, 217,
    219, 217, 215, 218, 218, 217, 218, 217, 216, 219, 213, 216, 216, 214,
    215, 219, 219, 221, 220 ]
headPositionsY: [ 76, 73, 73, 72, 75, 72, 76, 76, 73, 73, 77, 75, 73, 73,
    75, 77, 76, 72, 76, 73, 74, 73, 77, 75, 76, 75, 73, 74, 77, 73, 76,
    77, 75, 74, 72, 73, 75, 73, 73, 72, 74, 71, 70, 80, 73, 73, 71, 74,
    71, 71, 72, 69, 69, 74, 76, 72, 76, 73, 70, 72, 70, 70, 75, 73, 78,
    77, 71, 74, 70, 72, 72, 76, 79, 72, 75, 73, 72, 72, 72, 71, 72, 73,
    74, 72, 74, 71, 73, 70, 72, 73, 78, 70, 73, 74, 72, 73, 75, 73, 71,
    75 ]
