%YAML:1.0
---
videoName: "headLookRight2.mp4"
gestureLabel: 204
fps: 29
pixelSizeInCmTemp: 3.8015873015873014e-01
faceCenterPointX: 228
faceCenterPointY: 68
headPositionsX: [ 228, 253, 250, 251, 254, 251, 250, 253, 252, 254, 251,
    250, 254, 252, 252, 251, 251, 251, 252, 251, 254, 255, 253, 254, 255,
    254, 253, 251, 251, 252, 254, 252, 255, 253, 254, 253, 255, 252, 251,
    254, 251, 251, 254, 252, 254, 253, 251, 251, 249, 249, 246, 246, 246,
    241, 240, 237, 232, 234, 230, 229, 227, 227, 230, 230, 229, 229, 228,
    229, 221, 226, 228, 228, 226, 230, 224, 229, 229, 230, 230, 229, 228,
    230, 227, 226, 230, 227, 230, 227, 226, 228, 225, 228, 231, 231, 228,
    227, 230, 231, 227, 229 ]
headPositionsY: [ 66, 67, 70, 65, 67, 68, 66, 66, 68, 67, 68, 70, 69, 69,
    71, 71, 71, 71, 68, 69, 70, 70, 70, 67, 68, 69, 70, 71, 72, 68, 70,
    68, 70, 68, 69, 66, 68, 70, 71, 71, 68, 69, 67, 71, 68, 69, 69, 69,
    68, 67, 66, 71, 70, 69, 68, 68, 68, 72, 69, 69, 69, 70, 70, 69, 68,
    70, 69, 69, 73, 70, 70, 66, 70, 68, 69, 70, 70, 69, 70, 70, 68, 71,
    69, 71, 71, 71, 71, 68, 68, 67, 70, 68, 71, 68, 67, 68, 67, 68, 73,
    70 ]
