%YAML:1.0
---
videoName: "headLookRight8.mp4"
gestureLabel: 204
fps: 29
pixelSizeInCmTemp: 3.1513157894736843e-01
faceCenterPointX: 218
faceCenterPointY: 80
headPositionsX: [ 218, 251, 247, 251, 247, 247, 249, 249, 248, 249, 246,
    249, 245, 244, 247, 247, 245, 247, 244, 247, 247, 246, 248, 246, 247,
    248, 247, 244, 244, 249, 245, 247, 248, 246, 245, 248, 248, 247, 246,
    247, 245, 245, 246, 245, 244, 247, 246, 248, 245, 246, 247, 244, 245,
    248, 245, 248, 248, 247, 247, 245, 246, 248, 245, 244, 245, 245, 244,
    246, 243, 243, 242, 240, 234, 232, 233, 227, 224, 223, 224, 220, 218,
    219, 215, 214, 216, 216, 216, 216, 218, 218, 218, 218, 219, 218, 219,
    216, 217, 217, 217, 219 ]
headPositionsY: [ 79, 75, 76, 74, 72, 74, 73, 73, 74, 75, 77, 73, 77, 76,
    76, 73, 78, 78, 75, 75, 76, 76, 75, 77, 77, 75, 75, 74, 76, 77, 77,
    76, 77, 75, 78, 76, 79, 76, 76, 77, 77, 75, 77, 78, 78, 78, 79, 77,
    76, 77, 74, 77, 77, 79, 75, 77, 78, 76, 79, 78, 77, 77, 76, 78, 77,
    75, 78, 80, 74, 79, 78, 79, 78, 77, 76, 76, 77, 77, 72, 73, 74, 78,
    71, 80, 75, 80, 79, 82, 78, 81, 82, 79, 75, 79, 74, 79, 79, 81, 78,
    79 ]
