%YAML:1.0
---
videoName: "headLookRight1.mp4"
gestureLabel: 204
fps: 29
pixelSizeInCmTemp: 3.3263888888888887e-01
faceCenterPointX: 232
faceCenterPointY: 68
headPositionsX: [ 234, 257, 257, 257, 258, 256, 255, 256, 255, 254, 258,
    254, 253, 255, 256, 255, 257, 255, 258, 257, 255, 257, 255, 254, 257,
    256, 254, 254, 255, 255, 253, 250, 249, 248, 244, 246, 239, 238, 235,
    235, 236, 234, 229, 231, 230, 232, 229, 225, 229, 229, 231, 232, 230,
    232, 233, 232, 234, 233, 233, 232, 234, 234, 231, 232, 234, 233, 228,
    233, 232, 234, 231, 233, 233, 233, 238, 234, 229, 231, 234, 232, 230,
    234, 230, 232, 229, 231, 233, 231, 232, 233, 231, 230, 233, 230, 234,
    231, 233, 233, 231, 234 ]
headPositionsY: [ 67, 66, 68, 68, 67, 70, 68, 69, 70, 66, 70, 68, 69, 69,
    70, 69, 70, 70, 69, 67, 67, 69, 68, 69, 70, 69, 66, 67, 67, 68, 68,
    68, 68, 67, 71, 67, 67, 65, 68, 68, 69, 69, 69, 67, 69, 70, 68, 71,
    68, 69, 70, 68, 71, 67, 67, 70, 67, 69, 66, 68, 67, 66, 68, 70, 69,
    68, 66, 69, 67, 69, 66, 69, 70, 69, 68, 67, 67, 70, 66, 69, 69, 69,
    71, 67, 66, 67, 69, 66, 69, 70, 71, 68, 66, 69, 66, 70, 70, 68, 69,
    69 ]
