%YAML:1.0
---
videoName: "headLookRight6.mp4"
gestureLabel: 204
fps: 29
pixelSizeInCmTemp: 3.8015873015873014e-01
faceCenterPointX: 226
faceCenterPointY: 72
headPositionsX: [ 227, 250, 250, 251, 246, 250, 248, 250, 248, 247, 247,
    252, 249, 251, 248, 251, 251, 248, 249, 251, 250, 252, 252, 252, 252,
    249, 251, 253, 250, 252, 253, 251, 247, 250, 247, 248, 242, 239, 235,
    234, 232, 231, 228, 230, 228, 227, 228, 226, 225, 229, 225, 227, 229,
    224, 227, 226, 229, 227, 229, 230, 228, 229, 229, 225, 228, 228, 223,
    225, 230, 228, 227, 229, 229, 227, 227, 223, 228, 225, 225, 227, 225,
    226, 224, 228, 225, 226, 229, 229, 227, 227, 224, 225, 228, 225, 225,
    229, 225, 227, 227, 227 ]
headPositionsY: [ 73, 71, 73, 74, 71, 70, 73, 71, 74, 72, 72, 74, 72, 73,
    72, 74, 74, 72, 74, 73, 75, 73, 74, 72, 75, 76, 74, 76, 72, 76, 72,
    76, 76, 75, 73, 76, 74, 72, 74, 74, 73, 72, 75, 75, 71, 76, 70, 70,
    75, 73, 75, 72, 77, 72, 73, 73, 75, 77, 72, 75, 75, 74, 75, 71, 75,
    69, 75, 71, 76, 75, 75, 76, 75, 75, 73, 70, 70, 74, 76, 73, 75, 76,
    73, 71, 74, 75, 74, 73, 76, 72, 73, 76, 77, 76, 71, 76, 69, 76, 72,
    71 ]
