%YAML:1.0
---
videoName: "headLookRight1.mp4"
gestureLabel: 204
fps: 29
pixelSizeInCmTemp: 3.3263888888888887e-01
faceCenterPointX: 232
faceCenterPointY: 68
headPositionsX: [ 234, 258, 257, 258, 258, 256, 256, 258, 255, 258, 258,
    255, 254, 256, 258, 255, 257, 254, 254, 257, 254, 257, 255, 256, 257,
    254, 253, 254, 254, 253, 256, 251, 252, 248, 246, 246, 243, 239, 239,
    237, 233, 234, 228, 231, 232, 233, 230, 228, 228, 229, 230, 233, 231,
    233, 232, 235, 230, 234, 232, 232, 230, 230, 230, 232, 232, 231, 231,
    232, 232, 234, 232, 230, 231, 234, 234, 232, 232, 232, 233, 234, 231,
    234, 232, 231, 229, 229, 231, 234, 234, 235, 231, 233, 231, 229, 233,
    233, 232, 233, 231, 234 ]
headPositionsY: [ 67, 66, 68, 66, 66, 70, 69, 67, 69, 68, 66, 69, 68, 67,
    66, 67, 67, 69, 68, 69, 71, 70, 69, 70, 70, 70, 70, 70, 67, 71, 67,
    67, 70, 68, 71, 70, 66, 66, 70, 70, 68, 66, 67, 66, 67, 66, 70, 68,
    68, 69, 70, 68, 68, 68, 67, 68, 69, 66, 68, 65, 70, 65, 70, 70, 66,
    66, 67, 70, 70, 68, 65, 70, 68, 67, 66, 66, 70, 68, 65, 69, 65, 69,
    69, 69, 66, 71, 67, 67, 67, 71, 68, 65, 66, 69, 68, 67, 69, 69, 69,
    70 ]
