%YAML:1.0
---
videoName: "headLookRight7.mp4"
gestureLabel: 204
fps: 30
pixelSizeInCmTemp: 3.4710144927536229e-01
faceCenterPointX: 226
faceCenterPointY: 74
headPositionsX: [ 227, 250, 248, 251, 249, 249, 247, 250, 250, 250, 251,
    252, 251, 249, 250, 250, 250, 250, 252, 250, 250, 250, 247, 248, 249,
    249, 247, 248, 249, 246, 245, 240, 238, 235, 236, 231, 232, 226, 227,
    228, 227, 223, 223, 221, 224, 223, 226, 222, 224, 223, 222, 224, 226,
    225, 224, 223, 226, 223, 223, 223, 226, 225, 223, 221, 223, 225, 223,
    223, 225, 224, 218, 223, 225, 223, 224, 227, 224, 224, 224, 225, 222,
    220, 224, 224, 226, 223, 225, 223, 226, 224, 224, 221, 224, 226, 226,
    221, 223, 227, 226, 224 ]
headPositionsY: [ 75, 74, 75, 77, 72, 73, 73, 76, 73, 75, 73, 74, 73, 74,
    77, 75, 74, 74, 74, 76, 74, 74, 76, 74, 76, 73, 75, 76, 74, 73, 74,
    77, 77, 76, 74, 76, 76, 77, 75, 73, 75, 71, 72, 76, 74, 72, 73, 74,
    74, 76, 76, 76, 78, 75, 76, 74, 74, 72, 75, 76, 74, 70, 74, 74, 74,
    72, 76, 74, 72, 73, 78, 73, 72, 76, 77, 71, 76, 71, 73, 72, 73, 75,
    73, 75, 72, 77, 76, 74, 74, 76, 78, 75, 74, 76, 71, 72, 74, 73, 75,
    73 ]
