%YAML:1.0
---
videoName: "headLookRight7.mp4"
gestureLabel: 204
fps: 30
pixelSizeInCmTemp: 3.4710144927536229e-01
faceCenterPointX: 226
faceCenterPointY: 74
headPositionsX: [ 225, 252, 249, 248, 249, 251, 250, 249, 252, 249, 248,
    248, 252, 247, 251, 248, 248, 251, 252, 248, 249, 250, 248, 247, 250,
    251, 247, 247, 249, 243, 241, 243, 240, 238, 237, 231, 229, 226, 227,
    229, 228, 223, 221, 221, 222, 223, 226, 226, 225, 220, 224, 224, 222,
    222, 223, 222, 224, 226, 227, 222, 225, 223, 223, 220, 222, 223, 225,
    221, 222, 226, 219, 225, 223, 224, 221, 226, 225, 223, 226, 221, 224,
    223, 223, 224, 224, 224, 225, 224, 225, 222, 224, 223, 221, 222, 227,
    224, 224, 223, 223, 226 ]
headPositionsY: [ 74, 74, 75, 74, 72, 73, 73, 75, 75, 75, 73, 75, 75, 74,
    74, 74, 72, 77, 73, 76, 74, 74, 72, 73, 76, 77, 74, 73, 76, 75, 73,
    73, 75, 74, 77, 77, 76, 76, 76, 74, 73, 74, 73, 74, 75, 72, 74, 72,
    72, 72, 72, 73, 76, 72, 76, 74, 76, 71, 73, 75, 72, 73, 71, 73, 75,
    76, 74, 74, 74, 72, 78, 71, 72, 76, 73, 71, 74, 70, 73, 71, 74, 76,
    75, 74, 73, 77, 75, 77, 75, 75, 77, 74, 76, 75, 73, 73, 73, 77, 72,
    77 ]
