%YAML:1.0
---
videoName: "headLookRight1.mp4"
gestureLabel: 204
fps: 29
pixelSizeInCmTemp: 3.3263888888888887e-01
faceCenterPointX: 232
faceCenterPointY: 68
headPositionsX: [ 232, 257, 255, 257, 258, 256, 255, 255, 257, 258, 257,
    258, 254, 257, 254, 256, 254, 253, 254, 257, 255, 254, 254, 257, 255,
    254, 253, 256, 256, 257, 255, 254, 252, 251, 244, 245, 240, 238, 238,
    234, 233, 234, 232, 233, 229, 231, 232, 227, 231, 229, 233, 235, 232,
    230, 234, 234, 232, 233, 232, 233, 232, 232, 232, 233, 231, 230, 232,
    235, 231, 232, 230, 231, 231, 231, 235, 231, 233, 234, 234, 235, 229,
    233, 232, 233, 230, 230, 231, 233, 231, 233, 234, 229, 230, 229, 231,
    232, 231, 231, 231, 230 ]
headPositionsY: [ 67, 66, 70, 67, 68, 66, 66, 67, 67, 70, 70, 67, 67, 67,
    68, 67, 67, 66, 66, 70, 71, 70, 66, 70, 68, 70, 70, 70, 66, 70, 70,
    66, 66, 66, 68, 68, 66, 66, 69, 67, 68, 70, 70, 68, 67, 69, 68, 69,
    69, 66, 71, 70, 71, 69, 70, 66, 69, 67, 66, 67, 67, 65, 68, 67, 70,
    68, 66, 67, 66, 70, 67, 67, 69, 69, 69, 67, 70, 66, 65, 68, 68, 68,
    67, 67, 70, 69, 66, 69, 69, 69, 69, 65, 66, 69, 70, 66, 70, 67, 70,
    67 ]
