%YAML:1.0
---
videoName: "headLookRight4.mp4"
gestureLabel: 204
fps: 30
pixelSizeInCmTemp: 3.4214285714285714e-01
faceCenterPointX: 228
faceCenterPointY: 75
headPositionsX: [ 230, 251, 253, 255, 253, 251, 253, 254, 252, 254, 256,
    256, 253, 254, 254, 254, 255, 252, 253, 254, 251, 253, 250, 251, 252,
    253, 251, 254, 254, 252, 251, 249, 246, 245, 243, 243, 240, 240, 235,
    235, 233, 233, 231, 230, 229, 227, 230, 229, 229, 226, 230, 230, 226,
    228, 231, 225, 227, 226, 229, 225, 226, 225, 227, 227, 225, 224, 226,
    226, 228, 226, 227, 225, 226, 225, 224, 228, 230, 224, 228, 226, 227,
    225, 228, 228, 226, 224, 227, 225, 228, 227, 227, 228, 224, 231, 226,
    226, 225, 226, 224, 227 ]
headPositionsY: [ 75, 72, 73, 70, 69, 71, 72, 72, 70, 72, 72, 70, 70, 71,
    71, 75, 72, 73, 71, 75, 75, 73, 74, 73, 74, 73, 72, 71, 75, 76, 73,
    75, 74, 73, 71, 71, 71, 71, 73, 72, 74, 75, 72, 72, 74, 71, 72, 72,
    74, 73, 72, 75, 75, 75, 73, 75, 75, 75, 74, 74, 75, 76, 77, 73, 75,
    71, 73, 75, 75, 75, 73, 72, 77, 76, 76, 75, 72, 74, 78, 76, 73, 76,
    74, 76, 71, 76, 76, 76, 72, 75, 73, 72, 73, 74, 77, 72, 75, 74, 72,
    72 ]
