%YAML:1.0
---
videoName: "headLookRight3.mp4"
gestureLabel: 204
fps: 29
pixelSizeInCmTemp: 3.5746268656716418e-01
faceCenterPointX: 232
faceCenterPointY: 71
headPositionsX: [ 232, 254, 252, 254, 252, 252, 254, 256, 253, 255, 252,
    254, 252, 252, 254, 253, 254, 253, 254, 257, 255, 256, 254, 253, 257,
    254, 254, 256, 255, 253, 253, 256, 255, 253, 252, 254, 252, 253, 253,
    249, 249, 248, 247, 245, 243, 241, 239, 234, 235, 233, 236, 232, 233,
    233, 232, 233, 234, 231, 232, 231, 233, 232, 233, 230, 233, 232, 231,
    231, 231, 233, 230, 235, 232, 233, 233, 235, 231, 231, 231, 228, 238,
    231, 231, 235, 235, 235, 234, 235, 231, 233, 231, 234, 230, 232, 232,
    230, 233, 231, 239, 233 ]
headPositionsY: [ 70, 71, 70, 69, 70, 71, 70, 70, 71, 71, 72, 72, 72, 72,
    70, 71, 70, 68, 70, 72, 69, 71, 72, 73, 70, 71, 71, 73, 70, 73, 71,
    69, 71, 70, 70, 73, 69, 71, 69, 69, 72, 71, 71, 72, 71, 69, 70, 71,
    70, 73, 72, 73, 69, 72, 70, 74, 69, 73, 69, 71, 72, 70, 73, 73, 74,
    71, 76, 70, 73, 72, 72, 71, 74, 73, 72, 72, 70, 72, 69, 70, 70, 70,
    69, 74, 74, 73, 69, 71, 70, 73, 73, 69, 70, 69, 70, 71, 72, 70, 70,
    70 ]
