%YAML:1.0
---
videoName: "headLookRight6.mp4"
gestureLabel: 204
fps: 29
pixelSizeInCmTemp: 3.8015873015873014e-01
faceCenterPointX: 226
faceCenterPointY: 72
headPositionsX: [ 225, 252, 249, 247, 247, 247, 250, 251, 248, 246, 251,
    248, 251, 247, 251, 250, 252, 249, 249, 251, 250, 253, 249, 249, 252,
    251, 251, 250, 253, 250, 249, 251, 247, 248, 245, 245, 241, 242, 237,
    233, 230, 231, 226, 230, 229, 226, 224, 227, 223, 225, 224, 225, 227,
    227, 224, 226, 226, 226, 229, 226, 230, 226, 229, 226, 228, 228, 225,
    228, 229, 225, 228, 225, 230, 229, 224, 223, 230, 226, 227, 228, 224,
    230, 225, 227, 226, 225, 229, 230, 225, 225, 228, 226, 229, 226, 228,
    230, 225, 226, 228, 227 ]
headPositionsY: [ 73, 72, 71, 75, 72, 70, 73, 72, 72, 71, 70, 74, 75, 74,
    75, 73, 73, 76, 74, 75, 75, 76, 75, 76, 76, 72, 72, 75, 76, 72, 76,
    73, 76, 76, 74, 73, 74, 76, 72, 71, 75, 74, 72, 75, 73, 77, 72, 73,
    74, 75, 77, 69, 75, 74, 73, 72, 73, 76, 72, 77, 77, 75, 76, 72, 77,
    70, 71, 74, 74, 75, 73, 76, 75, 74, 73, 71, 70, 73, 73, 75, 75, 76,
    75, 71, 72, 74, 74, 77, 74, 72, 73, 76, 75, 72, 68, 76, 70, 74, 75,
    70 ]
