%YAML:1.0
---
videoName: "headLookRight6.mp4"
gestureLabel: 204
fps: 29
pixelSizeInCmTemp: 3.8015873015873014e-01
faceCenterPointX: 226
faceCenterPointY: 72
headPositionsX: [ 227, 248, 248, 251, 246, 249, 251, 250, 250, 249, 248,
    250, 248, 249, 251, 249, 251, 252, 250, 250, 248, 250, 250, 250, 251,
    250, 250, 254, 253, 250, 249, 250, 248, 249, 247, 245, 243, 239, 239,
    234, 232, 232, 226, 231, 226, 228, 225, 224, 223, 228, 227, 227, 226,
    227, 224, 230, 229, 225, 228, 227, 231, 229, 227, 222, 226, 227, 227,
    225, 228, 228, 228, 229, 228, 230, 226, 225, 226, 224, 225, 229, 225,
    226, 225, 226, 223, 226, 228, 231, 227, 228, 228, 225, 228, 227, 227,
    229, 226, 225, 225, 226 ]
headPositionsY: [ 73, 70, 70, 74, 71, 72, 73, 73, 72, 72, 73, 73, 75, 73,
    72, 72, 71, 75, 76, 73, 74, 77, 76, 72, 75, 74, 75, 73, 75, 75, 75,
    77, 74, 74, 76, 76, 74, 75, 74, 74, 74, 71, 75, 75, 72, 74, 72, 73,
    76, 73, 73, 71, 76, 75, 74, 72, 73, 75, 71, 74, 77, 76, 75, 69, 76,
    69, 75, 73, 76, 75, 72, 73, 76, 71, 72, 72, 73, 72, 72, 77, 78, 74,
    74, 72, 75, 74, 76, 77, 76, 73, 74, 74, 75, 75, 72, 74, 71, 75, 75,
    73 ]
