%YAML:1.0
---
videoName: "headLookRight5.mp4"
gestureLabel: 204
fps: 29
pixelSizeInCmTemp: 3.1513157894736843e-01
faceCenterPointX: 228
faceCenterPointY: 76
headPositionsX: [ 228, 249, 249, 248, 251, 247, 250, 248, 250, 248, 248,
    248, 250, 247, 251, 248, 249, 248, 250, 248, 250, 251, 252, 249, 247,
    249, 248, 247, 248, 250, 249, 250, 245, 246, 242, 243, 239, 238, 231,
    228, 230, 230, 228, 224, 224, 226, 224, 222, 228, 227, 225, 226, 219,
    225, 223, 225, 224, 225, 225, 226, 223, 220, 227, 226, 229, 227, 227,
    225, 226, 226, 226, 223, 226, 225, 225, 226, 229, 227, 226, 222, 221,
    227, 224, 227, 223, 227, 228, 222, 226, 228, 222, 224, 222, 227, 226,
    222, 226, 226, 225, 224 ]
headPositionsY: [ 78, 76, 73, 74, 76, 76, 73, 72, 73, 73, 76, 74, 75, 75,
    74, 76, 75, 77, 77, 76, 75, 73, 75, 73, 75, 76, 77, 77, 73, 77, 74,
    77, 77, 73, 76, 75, 73, 72, 75, 72, 72, 74, 73, 73, 72, 74, 72, 75,
    73, 77, 72, 72, 76, 75, 75, 76, 75, 76, 75, 75, 75, 75, 77, 75, 75,
    77, 74, 73, 76, 72, 76, 74, 76, 75, 74, 71, 71, 73, 74, 69, 73, 72,
    74, 76, 74, 77, 74, 73, 75, 73, 72, 73, 76, 77, 74, 73, 73, 76, 72,
    72 ]
