%YAML:1.0
---
videoName: "headLookRight4.mp4"
gestureLabel: 204
fps: 30
pixelSizeInCmTemp: 3.4214285714285714e-01
faceCenterPointX: 228
faceCenterPointY: 75
headPositionsX: [ 226, 254, 255, 253, 251, 255, 255, 256, 255, 253, 255,
    253, 254, 253, 252, 252, 254, 251, 251, 254, 254, 251, 254, 251, 254,
    251, 252, 253, 253, 253, 249, 248, 250, 245, 244, 243, 238, 236, 235,
    232, 233, 233, 230, 228, 228, 229, 231, 230, 230, 228, 231, 226, 228,
    229, 229, 229, 227, 228, 228, 229, 227, 225, 229, 229, 223, 223, 227,
    226, 225, 225, 226, 229, 228, 225, 223, 227, 227, 227, 226, 229, 227,
    225, 228, 227, 227, 228, 228, 225, 228, 227, 225, 225, 224, 228, 227,
    225, 224, 226, 225, 229 ]
headPositionsY: [ 73, 72, 69, 74, 71, 73, 70, 70, 70, 71, 70, 73, 70, 74,
    74, 73, 71, 75, 73, 74, 74, 72, 71, 72, 72, 76, 73, 71, 75, 75, 75,
    72, 75, 72, 74, 71, 74, 75, 74, 74, 74, 73, 70, 71, 74, 71, 73, 72,
    73, 75, 74, 72, 76, 74, 73, 75, 74, 74, 76, 73, 74, 75, 73, 75, 73,
    72, 75, 74, 72, 72, 75, 72, 73, 73, 76, 75, 75, 75, 78, 73, 74, 75,
    73, 74, 74, 76, 73, 74, 75, 76, 76, 73, 72, 77, 73, 74, 74, 73, 72,
    72 ]
