%YAML:1.0
---
videoName: "headLookRight9.mp4"
gestureLabel: 204
fps: 29
pixelSizeInCmTemp: 2.8511904761904761e-01
faceCenterPointX: 217
faceCenterPointY: 75
headPositionsX: [ 217, 244, 243, 245, 244, 244, 244, 242, 242, 243, 243,
    244, 242, 245, 245, 242, 244, 243, 241, 241, 245, 241, 242, 246, 243,
    244, 243, 243, 241, 242, 243, 241, 236, 233, 232, 231, 230, 226, 222,
    221, 220, 220, 215, 216, 216, 213, 214, 215, 213, 217, 215, 214, 213,
    215, 212, 215, 213, 212, 213, 213, 215, 215, 217, 214, 218, 218, 216,
    213, 215, 213, 214, 209, 207, 218, 212, 213, 213, 213, 217, 217, 218,
    215, 216, 215, 214, 219, 217, 216, 218, 218, 215, 212, 216, 216, 213,
    218, 220, 217, 221, 216 ]
headPositionsY: [ 74, 74, 75, 76, 73, 76, 74, 75, 73, 72, 73, 75, 75, 75,
    77, 73, 76, 76, 74, 74, 76, 74, 73, 77, 76, 77, 76, 74, 77, 73, 77,
    75, 73, 75, 74, 73, 73, 72, 72, 73, 76, 71, 74, 78, 74, 70, 74, 75,
    71, 72, 72, 73, 72, 74, 74, 74, 76, 73, 69, 73, 71, 69, 74, 71, 79,
    80, 75, 73, 73, 72, 72, 80, 77, 72, 75, 70, 71, 73, 76, 71, 74, 69,
    70, 75, 73, 70, 73, 74, 72, 73, 74, 70, 75, 73, 69, 73, 77, 73, 74,
    79 ]
