%YAML:1.0
---
videoName: "headLookRight3.mp4"
gestureLabel: 204
fps: 29
pixelSizeInCmTemp: 3.5746268656716418e-01
faceCenterPointX: 232
faceCenterPointY: 71
headPositionsX: [ 234, 252, 253, 251, 251, 252, 251, 256, 251, 255, 254,
    254, 252, 254, 253, 252, 252, 253, 253, 255, 256, 256, 253, 255, 253,
    252, 252, 256, 257, 253, 253, 256, 252, 256, 254, 257, 254, 252, 251,
    253, 249, 250, 247, 244, 244, 242, 240, 238, 235, 237, 236, 234, 232,
    233, 235, 236, 231, 234, 234, 232, 229, 234, 230, 234, 234, 232, 233,
    233, 233, 229, 233, 232, 230, 234, 232, 231, 234, 231, 230, 232, 238,
    233, 234, 233, 232, 232, 231, 232, 231, 231, 235, 234, 230, 232, 234,
    230, 231, 230, 238, 234 ]
headPositionsY: [ 70, 68, 70, 71, 69, 71, 71, 71, 69, 70, 71, 72, 69, 70,
    68, 72, 72, 72, 73, 73, 73, 69, 71, 69, 74, 70, 71, 72, 73, 70, 73,
    70, 71, 70, 73, 73, 70, 73, 71, 69, 69, 73, 71, 71, 72, 70, 68, 69,
    73, 70, 72, 70, 70, 71, 71, 72, 69, 70, 71, 71, 72, 70, 71, 70, 72,
    70, 76, 70, 72, 73, 72, 72, 72, 70, 71, 74, 70, 72, 73, 71, 70, 73,
    70, 74, 72, 71, 71, 69, 72, 69, 70, 70, 71, 73, 73, 71, 72, 72, 71,
    70 ]
