%YAML:1.0
---
videoName: "headLookRight7.mp4"
gestureLabel: 204
fps: 30
pixelSizeInCmTemp: 3.4710144927536229e-01
faceCenterPointX: 226
faceCenterPointY: 74
headPositionsX: [ 228, 251, 248, 251, 252, 248, 251, 250, 248, 251, 251,
    252, 249, 248, 251, 247, 251, 250, 249, 247, 249, 251, 249, 248, 252,
    249, 246, 246, 247, 246, 244, 242, 237, 237, 237, 232, 229, 229, 230,
    227, 227, 227, 225, 221, 223, 221, 224, 224, 226, 223, 222, 224, 226,
    225, 225, 225, 226, 223, 226, 225, 225, 221, 224, 223, 225, 222, 222,
    224, 225, 224, 221, 223, 224, 225, 221, 223, 226, 225, 225, 225, 221,
    221, 224, 225, 226, 221, 226, 227, 225, 226, 222, 224, 223, 222, 227,
    223, 224, 227, 225, 223 ]
headPositionsY: [ 72, 76, 72, 77, 73, 75, 76, 77, 72, 77, 73, 72, 75, 73,
    74, 73, 73, 75, 74, 72, 76, 77, 76, 75, 77, 76, 76, 73, 73, 74, 75,
    74, 76, 73, 73, 75, 77, 73, 72, 76, 71, 72, 74, 77, 75, 75, 73, 74,
    73, 72, 76, 73, 78, 72, 76, 74, 76, 71, 76, 74, 73, 74, 74, 74, 72,
    73, 76, 72, 71, 72, 79, 71, 71, 73, 73, 72, 76, 70, 76, 72, 73, 74,
    75, 74, 75, 77, 72, 73, 73, 74, 77, 72, 75, 77, 75, 75, 76, 75, 71,
    77 ]
