%YAML:1.0
---
videoName: "headLookRight7.mp4"
gestureLabel: 204
fps: 30
pixelSizeInCmTemp: 3.4710144927536229e-01
faceCenterPointX: 226
faceCenterPointY: 74
headPositionsX: [ 227, 249, 251, 250, 248, 250, 250, 251, 248, 249, 247,
    249, 249, 248, 251, 247, 249, 250, 251, 247, 247, 251, 251, 248, 250,
    250, 249, 246, 245, 245, 243, 243, 238, 238, 237, 232, 232, 226, 227,
    225, 227, 227, 222, 222, 223, 222, 224, 222, 222, 222, 221, 223, 225,
    225, 224, 222, 225, 223, 223, 226, 225, 223, 223, 222, 223, 226, 226,
    224, 225, 223, 221, 225, 227, 227, 221, 223, 226, 225, 222, 225, 221,
    221, 224, 224, 224, 222, 226, 223, 227, 224, 225, 222, 223, 226, 224,
    221, 225, 224, 223, 226 ]
headPositionsY: [ 76, 73, 73, 73, 75, 73, 76, 76, 75, 73, 74, 72, 75, 74,
    73, 73, 74, 76, 76, 72, 77, 76, 76, 75, 73, 73, 77, 76, 74, 76, 77,
    76, 76, 76, 76, 73, 76, 73, 75, 76, 71, 72, 72, 76, 75, 75, 74, 75,
    76, 75, 75, 76, 74, 74, 74, 76, 75, 70, 75, 74, 76, 74, 74, 71, 74,
    73, 74, 74, 72, 73, 76, 75, 72, 75, 77, 74, 74, 70, 73, 74, 75, 77,
    72, 77, 72, 73, 75, 74, 75, 73, 78, 76, 74, 73, 72, 72, 74, 74, 75,
    75 ]
