%YAML:1.0
---
videoName: "headLookRight5.mp4"
gestureLabel: 204
fps: 29
pixelSizeInCmTemp: 3.1513157894736843e-01
faceCenterPointX: 228
faceCenterPointY: 76
headPositionsX: [ 227, 252, 248, 250, 248, 250, 250, 249, 247, 247, 247,
    248, 249, 250, 252, 248, 251, 251, 251, 250, 246, 248, 248, 248, 247,
    251, 248, 247, 251, 249, 249, 250, 246, 244, 244, 242, 240, 238, 233,
    232, 232, 231, 225, 226, 223, 225, 225, 224, 228, 230, 226, 228, 222,
    225, 223, 224, 226, 224, 227, 225, 227, 220, 225, 226, 226, 227, 224,
    224, 226, 227, 225, 221, 225, 225, 225, 224, 228, 225, 227, 223, 224,
    223, 227, 223, 226, 225, 226, 224, 224, 228, 221, 227, 225, 226, 224,
    225, 223, 224, 225, 224 ]
headPositionsY: [ 74, 75, 74, 76, 72, 77, 75, 75, 76, 74, 73, 73, 76, 74,
    76, 73, 76, 74, 73, 73, 72, 76, 77, 72, 72, 73, 75, 73, 77, 73, 75,
    74, 73, 74, 75, 74, 75, 74, 73, 73, 71, 73, 76, 75, 72, 76, 74, 74,
    74, 75, 72, 76, 74, 73, 76, 77, 73, 76, 76, 73, 78, 73, 73, 74, 75,
    77, 73, 74, 73, 76, 74, 73, 73, 73, 74, 75, 72, 73, 72, 70, 74, 75,
    74, 76, 75, 76, 74, 74, 72, 75, 74, 77, 73, 76, 74, 75, 72, 76, 75,
    73 ]
