%YAML:1.0
---
videoName: "headLookRight2.mp4"
gestureLabel: 204
fps: 29
pixelSizeInCmTemp: 3.8015873015873014e-01
faceCenterPointX: 228
faceCenterPointY: 68
headPositionsX: [ 229, 251, 252, 251, 252, 249, 249, 250, 250, 250, 251,
    253, 250, 250, 253, 254, 254, 250, 253, 253, 251, 255, 251, 251, 252,
    252, 254, 255, 250, 253, 252, 255, 252, 252, 253, 250, 253, 251, 251,
    251, 254, 255, 251, 255, 252, 255, 250, 251, 251, 247, 245, 243, 246,
    239, 241, 234, 236, 234, 230, 229, 229, 229, 230, 228, 229, 228, 225,
    225, 225, 226, 229, 227, 227, 227, 226, 229, 229, 231, 231, 230, 230,
    229, 230, 228, 228, 227, 228, 224, 230, 226, 225, 229, 230, 232, 227,
    231, 230, 232, 225, 230 ]
headPositionsY: [ 70, 65, 67, 69, 67, 68, 68, 70, 69, 68, 66, 71, 67, 70,
    71, 67, 70, 72, 71, 70, 69, 69, 70, 69, 69, 71, 71, 70, 71, 68, 71,
    67, 67, 68, 68, 68, 70, 67, 69, 70, 70, 68, 70, 70, 71, 67, 69, 71,
    71, 69, 70, 68, 68, 66, 69, 70, 67, 70, 70, 72, 68, 70, 69, 66, 66,
    70, 67, 69, 73, 67, 69, 66, 70, 66, 70, 68, 72, 69, 69, 71, 70, 68,
    71, 71, 71, 67, 70, 71, 71, 66, 71, 67, 69, 67, 66, 68, 67, 70, 72,
    68 ]
