%YAML:1.0
---
videoName: "headLookRight0.mp4"
gestureLabel: 204
fps: 29
pixelSizeInCmTemp: 3.1933333333333330e-01
faceCenterPointX: 229
faceCenterPointY: 68
headPositionsX: [ 228, 259, 254, 255, 258, 254, 254, 256, 256, 256, 256,
    256, 257, 258, 258, 256, 257, 256, 257, 255, 256, 258, 258, 255, 257,
    255, 258, 256, 254, 257, 255, 257, 256, 254, 257, 257, 257, 253, 256,
    255, 250, 250, 246, 244, 244, 240, 239, 236, 236, 233, 233, 236, 233,
    232, 233, 233, 234, 232, 232, 232, 236, 235, 234, 234, 229, 232, 234,
    233, 233, 234, 232, 237, 231, 237, 235, 233, 231, 231, 232, 228, 235,
    232, 233, 229, 231, 228, 231, 232, 230, 230, 230, 233, 230, 229, 231,
    227, 232, 229, 227, 229 ]
headPositionsY: [ 67, 68, 67, 63, 63, 65, 64, 66, 66, 65, 68, 66, 66, 69,
    67, 69, 64, 65, 66, 65, 68, 69, 69, 65, 66, 65, 68, 65, 68, 66, 65,
    68, 69, 67, 67, 69, 70, 69, 66, 67, 69, 69, 65, 69, 65, 66, 67, 67,
    66, 66, 68, 69, 69, 67, 70, 70, 66, 69, 70, 66, 68, 67, 67, 66, 66,
    67, 69, 66, 67, 70, 69, 67, 69, 66, 70, 65, 69, 66, 70, 66, 70, 66,
    67, 66, 66, 69, 68, 67, 68, 69, 67, 67, 67, 69, 69, 67, 66, 66, 68,
    71 ]
