%YAML:1.0
---
videoName: "headLookRight3.mp4"
gestureLabel: 204
fps: 29
pixelSizeInCmTemp: 3.5746268656716418e-01
faceCenterPointX: 232
faceCenterPointY: 71
headPositionsX: [ 234, 253, 254, 253, 251, 251, 252, 254, 251, 254, 253,
    253, 252, 252, 253, 253, 256, 256, 255, 257, 253, 257, 253, 254, 253,
    255, 253, 256, 257, 256, 253, 254, 256, 255, 252, 255, 256, 252, 255,
    249, 251, 248, 247, 246, 242, 241, 237, 235, 237, 235, 236, 234, 235,
    231, 231, 232, 234, 231, 234, 235, 230, 233, 231, 230, 233, 232, 232,
    232, 235, 230, 230, 234, 233, 233, 231, 232, 233, 229, 234, 229, 236,
    232, 231, 235, 235, 235, 234, 234, 235, 233, 235, 231, 231, 231, 231,
    230, 231, 230, 237, 233 ]
headPositionsY: [ 73, 70, 69, 71, 70, 68, 70, 71, 69, 67, 68, 71, 69, 69,
    71, 69, 69, 72, 69, 71, 73, 71, 69, 73, 73, 73, 70, 73, 72, 69, 71,
    72, 70, 72, 70, 69, 70, 73, 69, 72, 69, 70, 70, 70, 72, 72, 70, 72,
    69, 73, 72, 72, 72, 72, 71, 70, 70, 74, 70, 72, 74, 71, 71, 71, 70,
    71, 75, 74, 70, 72, 71, 71, 72, 72, 70, 72, 72, 73, 73, 74, 70, 71,
    70, 74, 72, 71, 73, 69, 71, 69, 71, 72, 70, 70, 71, 72, 73, 71, 73,
    71 ]
