%YAML:1.0
---
videoName: "headLookRight9.mp4"
gestureLabel: 204
fps: 29
pixelSizeInCmTemp: 2.8511904761904761e-01
faceCenterPointX: 217
faceCenterPointY: 75
headPositionsX: [ 216, 243, 246, 243, 246, 245, 241, 241, 243, 244, 245,
    241, 242, 245, 245, 244, 243, 243, 242, 244, 241, 243, 244, 244, 242,
    241, 242, 242, 241, 240, 243, 241, 237, 232, 231, 231, 229, 225, 222,
    223, 219, 216, 213, 217, 216, 214, 215, 216, 217, 217, 217, 217, 212,
    216, 213, 212, 212, 210, 217, 214, 213, 215, 218, 215, 220, 217, 216,
    215, 214, 217, 216, 207, 207, 216, 214, 215, 217, 213, 213, 219, 218,
    215, 214, 217, 218, 216, 214, 216, 216, 218, 218, 214, 214, 217, 215,
    216, 218, 220, 220, 216 ]
headPositionsY: [ 76, 76, 72, 75, 77, 74, 72, 75, 74, 74, 77, 76, 73, 76,
    76, 74, 76, 76, 75, 74, 75, 76, 76, 74, 72, 74, 73, 75, 75, 72, 73,
    77, 75, 72, 72, 74, 73, 70, 76, 75, 77, 73, 73, 78, 73, 72, 70, 74,
    72, 71, 71, 71, 71, 75, 74, 74, 75, 74, 72, 72, 72, 69, 74, 73, 76,
    76, 75, 74, 74, 70, 70, 77, 79, 68, 76, 74, 70, 74, 72, 74, 71, 71,
    74, 73, 70, 72, 72, 71, 72, 70, 74, 73, 74, 73, 71, 74, 77, 72, 73,
    75 ]
