%YAML:1.0
---
videoName: "headLookRight6.mp4"
gestureLabel: 204
fps: 29
pixelSizeInCmTemp: 3.8015873015873014e-01
faceCenterPointX: 226
faceCenterPointY: 72
headPositionsX: [ 228, 249, 250, 249, 248, 250, 250, 247, 250, 248, 249,
    249, 249, 248, 252, 252, 249, 251, 252, 251, 250, 251, 250, 250, 249,
    250, 252, 252, 253, 252, 251, 251, 248, 249, 245, 246, 242, 241, 235,
    233, 231, 230, 227, 230, 227, 229, 226, 226, 224, 229, 227, 225, 229,
    225, 225, 228, 228, 225, 227, 229, 230, 229, 229, 224, 228, 225, 227,
    228, 229, 226, 229, 227, 229, 228, 227, 224, 227, 224, 225, 228, 226,
    229, 224, 227, 224, 225, 231, 230, 226, 224, 225, 229, 232, 227, 227,
    229, 225, 225, 225, 227 ]
headPositionsY: [ 73, 71, 72, 74, 72, 74, 74, 71, 74, 73, 72, 74, 73, 73,
    76, 75, 73, 75, 73, 73, 72, 73, 73, 75, 73, 76, 76, 73, 74, 73, 76,
    75, 72, 74, 72, 76, 73, 72, 73, 71, 72, 73, 74, 74, 75, 75, 69, 72,
    76, 73, 77, 70, 75, 73, 73, 73, 76, 74, 72, 76, 74, 76, 75, 70, 73,
    70, 73, 74, 74, 74, 73, 75, 75, 75, 72, 73, 74, 75, 75, 77, 76, 73,
    72, 72, 75, 76, 77, 76, 74, 73, 74, 73, 73, 76, 70, 76, 72, 72, 76,
    70 ]
