%YAML:1.0
---
videoName: "headLookRight5.mp4"
gestureLabel: 204
fps: 29
pixelSizeInCmTemp: 3.1513157894736843e-01
faceCenterPointX: 228
faceCenterPointY: 76
headPositionsX: [ 226, 252, 247, 252, 250, 251, 250, 252, 250, 251, 249,
    247, 248, 249, 249, 251, 250, 250, 250, 251, 248, 248, 248, 248, 247,
    248, 251, 250, 250, 248, 250, 248, 245, 245, 245, 243, 239, 235, 233,
    231, 229, 231, 228, 228, 226, 224, 224, 225, 228, 229, 224, 224, 222,
    229, 223, 224, 225, 227, 224, 224, 225, 223, 229, 226, 227, 225, 226,
    228, 226, 228, 227, 224, 227, 227, 225, 227, 225, 229, 225, 222, 225,
    223, 228, 225, 225, 225, 229, 222, 226, 225, 225, 228, 222, 229, 224,
    226, 226, 226, 224, 224 ]
headPositionsY: [ 77, 72, 76, 75, 73, 75, 75, 73, 75, 76, 74, 76, 76, 75,
    73, 76, 75, 75, 74, 74, 76, 72, 73, 75, 72, 74, 77, 74, 75, 77, 75,
    76, 75, 73, 75, 74, 71, 71, 74, 72, 73, 76, 76, 74, 76, 74, 72, 74,
    72, 75, 74, 73, 74, 76, 73, 73, 75, 76, 74, 76, 74, 74, 75, 72, 75,
    73, 77, 72, 75, 72, 73, 75, 76, 73, 72, 73, 75, 76, 73, 73, 76, 72,
    77, 75, 73, 73, 74, 75, 74, 74, 73, 75, 72, 75, 70, 73, 75, 76, 74,
    72 ]
