%YAML:1.0
---
videoName: "headLookRight1.mp4"
gestureLabel: 204
fps: 29
pixelSizeInCmTemp: 3.3263888888888887e-01
faceCenterPointX: 232
faceCenterPointY: 68
headPositionsX: [ 230, 258, 257, 258, 257, 255, 256, 254, 256, 258, 257,
    255, 257, 257, 257, 253, 256, 255, 257, 254, 254, 256, 254, 257, 256,
    255, 255, 254, 257, 256, 252, 254, 249, 249, 244, 246, 239, 239, 239,
    237, 235, 231, 230, 229, 231, 235, 229, 229, 228, 231, 231, 235, 231,
    230, 230, 231, 232, 237, 234, 234, 234, 232, 231, 230, 233, 231, 229,
    233, 233, 234, 231, 231, 230, 235, 237, 232, 230, 232, 232, 232, 230,
    234, 230, 230, 232, 231, 234, 232, 233, 232, 232, 233, 231, 233, 232,
    232, 231, 231, 231, 232 ]
headPositionsY: [ 68, 68, 67, 69, 67, 69, 67, 66, 68, 69, 66, 69, 66, 67,
    69, 68, 66, 70, 67, 70, 71, 70, 67, 68, 68, 68, 69, 70, 68, 67, 67,
    68, 70, 68, 71, 68, 68, 65, 67, 67, 66, 70, 66, 70, 69, 66, 68, 68,
    67, 68, 68, 68, 68, 68, 68, 70, 70, 66, 65, 69, 70, 69, 68, 69, 69,
    67, 66, 69, 70, 67, 69, 66, 67, 69, 69, 69, 67, 67, 67, 68, 67, 68,
    67, 68, 70, 69, 70, 66, 69, 71, 69, 69, 66, 67, 70, 68, 69, 70, 69,
    69 ]
