%YAML:1.0
---
videoName: "headLookRight0.mp4"
gestureLabel: 204
fps: 29
pixelSizeInCmTemp: 3.1933333333333330e-01
faceCenterPointX: 229
faceCenterPointY: 68
headPositionsX: [ 227, 258, 255, 254, 257, 258, 257, 256, 254, 255, 254,
    255, 255, 255, 258, 257, 257, 257, 257, 256, 255, 257, 255, 255, 255,
    255, 254, 256, 258, 255, 254, 256, 254, 254, 257, 254, 253, 254, 252,
    255, 250, 248, 248, 243, 240, 238, 238, 237, 236, 233, 235, 236, 236,
    233, 233, 235, 234, 233, 234, 234, 235, 231, 234, 232, 229, 232, 235,
    232, 235, 232, 232, 236, 234, 237, 235, 231, 231, 231, 230, 230, 232,
    229, 232, 227, 230, 230, 232, 229, 227, 229, 230, 230, 229, 227, 227,
    231, 228, 233, 227, 230 ]
headPositionsY: [ 66, 68, 65, 67, 66, 66, 62, 65, 65, 64, 65, 66, 69, 68,
    69, 66, 65, 67, 66, 67, 70, 68, 68, 67, 69, 69, 70, 69, 67, 66, 67,
    67, 67, 66, 66, 66, 68, 69, 69, 68, 68, 65, 65, 68, 65, 66, 69, 67,
    68, 67, 70, 70, 66, 71, 71, 67, 68, 68, 67, 69, 66, 68, 70, 66, 66,
    65, 66, 66, 67, 66, 66, 67, 66, 66, 67, 67, 67, 67, 68, 66, 69, 68,
    69, 65, 66, 70, 71, 69, 65, 65, 66, 67, 67, 70, 68, 67, 68, 64, 68,
    71 ]
