%YAML:1.0
---
videoName: "headLookRight4.mp4"
gestureLabel: 204
fps: 30
pixelSizeInCmTemp: 3.4214285714285714e-01
faceCenterPointX: 228
faceCenterPointY: 75
headPositionsX: [ 226, 253, 253, 256, 253, 253, 252, 254, 252, 253, 252,
    255, 254, 252, 254, 251, 252, 255, 253, 254, 252, 252, 253, 251, 254,
    251, 250, 252, 254, 250, 251, 247, 248, 244, 244, 242, 242, 240, 236,
    236, 233, 231, 232, 230, 232, 227, 231, 230, 229, 227, 230, 228, 229,
    229, 229, 225, 223, 229, 229, 227, 225, 223, 228, 229, 226, 224, 226,
    226, 226, 223, 227, 228, 225, 225, 222, 229, 228, 223, 229, 227, 224,
    225, 228, 227, 223, 226, 226, 225, 226, 230, 228, 229, 223, 230, 227,
    227, 223, 228, 225, 228 ]
headPositionsY: [ 75, 74, 70, 71, 69, 71, 69, 72, 72, 71, 72, 72, 73, 74,
    72, 73, 71, 76, 71, 71, 71, 71, 73, 73, 76, 73, 71, 71, 73, 74, 72,
    73, 75, 75, 73, 71, 72, 74, 74, 75, 74, 75, 73, 75, 74, 73, 76, 73,
    71, 71, 74, 73, 73, 73, 75, 74, 74, 71, 75, 72, 74, 76, 75, 76, 72,
    72, 73, 77, 76, 72, 73, 73, 75, 73, 78, 76, 74, 75, 78, 73, 74, 76,
    73, 74, 75, 74, 74, 75, 76, 77, 76, 71, 76, 74, 77, 74, 76, 75, 75,
    74 ]
