%YAML:1.0
---
videoName: "headLookRight3.mp4"
gestureLabel: 204
fps: 29
pixelSizeInCmTemp: 3.5746268656716418e-01
faceCenterPointX: 232
faceCenterPointY: 71
headPositionsX: [ 231, 255, 254, 255, 253, 251, 252, 255, 252, 256, 256,
    252, 255, 252, 253, 254, 253, 253, 255, 253, 254, 257, 256, 253, 256,
    253, 256, 256, 254, 255, 255, 253, 253, 253, 256, 254, 253, 253, 253,
    252, 253, 247, 248, 246, 241, 239, 239, 235, 233, 237, 236, 233, 231,
    230, 235, 234, 231, 232, 230, 233, 232, 234, 231, 233, 230, 230, 230,
    230, 231, 230, 231, 231, 234, 234, 232, 234, 232, 232, 234, 231, 236,
    232, 233, 235, 231, 231, 232, 231, 235, 233, 233, 231, 234, 233, 231,
    232, 231, 231, 238, 231 ]
headPositionsY: [ 72, 69, 70, 69, 67, 70, 70, 68, 68, 68, 70, 69, 69, 69,
    71, 73, 70, 68, 70, 72, 69, 70, 70, 73, 71, 69, 70, 74, 69, 72, 73,
    73, 69, 69, 73, 70, 69, 72, 69, 73, 73, 72, 73, 72, 72, 70, 68, 71,
    70, 72, 74, 72, 70, 74, 72, 72, 73, 72, 72, 71, 72, 69, 71, 70, 71,
    74, 75, 74, 71, 73, 70, 69, 70, 71, 72, 73, 70, 70, 71, 73, 70, 69,
    70, 74, 72, 74, 71, 70, 70, 73, 71, 72, 71, 71, 73, 73, 70, 68, 70,
    73 ]
