%YAML:1.0
---
videoName: "headLookRight6.mp4"
gestureLabel: 204
fps: 29
pixelSizeInCmTemp: 3.8015873015873014e-01
faceCenterPointX: 226
faceCenterPointY: 72
headPositionsX: [ 224, 252, 248, 249, 246, 249, 249, 250, 249, 248, 250,
    249, 249, 248, 252, 249, 248, 249, 249, 249, 252, 252, 251, 252, 253,
    248, 252, 250, 249, 251, 253, 252, 250, 249, 248, 245, 243, 238, 237,
    234, 232, 229, 226, 230, 228, 228, 228, 228, 225, 226, 227, 227, 227,
    225, 226, 227, 227, 225, 226, 227, 228, 226, 227, 223, 228, 228, 224,
    226, 230, 228, 227, 229, 230, 227, 228, 226, 226, 227, 227, 228, 227,
    229, 226, 226, 224, 226, 230, 230, 228, 228, 225, 228, 228, 228, 225,
    228, 223, 227, 228, 225 ]
headPositionsY: [ 71, 71, 69, 75, 73, 72, 73, 71, 75, 72, 74, 73, 74, 75,
    75, 72, 73, 75, 76, 73, 75, 76, 75, 75, 73, 76, 75, 72, 73, 74, 74,
    77, 72, 76, 76, 76, 76, 73, 71, 73, 74, 72, 71, 74, 74, 74, 71, 74,
    77, 72, 76, 68, 77, 74, 72, 74, 77, 75, 74, 75, 75, 75, 75, 69, 75,
    73, 72, 75, 76, 74, 73, 73, 72, 71, 70, 73, 73, 74, 74, 74, 75, 74,
    74, 69, 72, 72, 74, 75, 76, 76, 75, 75, 75, 72, 72, 76, 70, 72, 76,
    73 ]
