%YAML:1.0
---
videoName: "headLookRight4.mp4"
gestureLabel: 204
fps: 30
pixelSizeInCmTemp: 3.4214285714285714e-01
faceCenterPointX: 228
faceCenterPointY: 75
headPositionsX: [ 227, 255, 254, 253, 254, 254, 251, 256, 253, 251, 255,
    252, 252, 252, 253, 255, 252, 251, 254, 250, 253, 250, 253, 252, 253,
    254, 249, 251, 252, 252, 252, 248, 250, 244, 247, 242, 240, 237, 235,
    233, 232, 234, 232, 232, 229, 228, 230, 229, 228, 226, 227, 230, 226,
    225, 230, 225, 223, 228, 227, 226, 225, 227, 225, 226, 224, 223, 228,
    225, 225, 223, 227, 226, 226, 223, 223, 227, 228, 223, 228, 225, 226,
    226, 226, 225, 227, 225, 227, 223, 224, 230, 228, 225, 226, 230, 227,
    227, 224, 228, 226, 227 ]
headPositionsY: [ 76, 74, 72, 72, 73, 72, 70, 73, 71, 69, 71, 71, 71, 72,
    74, 74, 74, 75, 72, 75, 72, 73, 73, 74, 74, 76, 71, 71, 74, 73, 73,
    72, 71, 75, 73, 74, 70, 72, 70, 71, 71, 74, 74, 75, 72, 71, 76, 71,
    71, 72, 76, 71, 73, 76, 75, 73, 72, 73, 76, 71, 73, 75, 76, 73, 72,
    75, 72, 74, 72, 76, 76, 72, 75, 75, 77, 72, 76, 74, 75, 77, 76, 74,
    75, 74, 74, 77, 77, 75, 72, 78, 74, 70, 72, 77, 74, 75, 74, 73, 76,
    74 ]
