%YAML:1.0
---
videoName: "headLookRight0.mp4"
gestureLabel: 204
fps: 29
pixelSizeInCmTemp: 3.1933333333333330e-01
faceCenterPointX: 229
faceCenterPointY: 68
headPositionsX: [ 230, 255, 254, 254, 256, 254, 256, 256, 257, 254, 255,
    259, 256, 256, 256, 258, 258, 257, 257, 256, 257, 258, 254, 254, 259,
    253, 257, 256, 254, 258, 257, 254, 255, 255, 254, 253, 253, 253, 256,
    255, 250, 248, 247, 246, 241, 240, 237, 237, 237, 237, 235, 234, 235,
    234, 235, 233, 232, 235, 234, 231, 232, 235, 231, 234, 229, 231, 234,
    232, 232, 235, 232, 237, 235, 237, 234, 231, 229, 230, 231, 229, 234,
    233, 231, 231, 230, 230, 232, 232, 227, 228, 232, 231, 230, 229, 228,
    231, 232, 230, 228, 228 ]
headPositionsY: [ 69, 67, 65, 65, 66, 66, 66, 64, 64, 66, 68, 65, 68, 65,
    67, 69, 67, 66, 65, 65, 69, 68, 68, 66, 66, 69, 70, 67, 68, 67, 66,
    68, 67, 69, 67, 66, 69, 67, 68, 66, 68, 68, 69, 65, 66, 68, 65, 68,
    66, 69, 69, 66, 69, 69, 71, 70, 68, 66, 66, 69, 70, 68, 66, 70, 69,
    65, 67, 66, 65, 67, 66, 66, 68, 68, 67, 66, 70, 65, 70, 69, 69, 68,
    67, 69, 65, 69, 67, 70, 65, 65, 69, 66, 69, 68, 69, 68, 70, 64, 68,
    70 ]
