%YAML:1.0
---
videoName: "headLookRight8.mp4"
gestureLabel: 204
fps: 29
pixelSizeInCmTemp: 3.1513157894736843e-01
faceCenterPointX: 218
faceCenterPointY: 80
headPositionsX: [ 218, 247, 250, 248, 249, 249, 247, 247, 249, 247, 246,
    247, 246, 245, 245, 247, 248, 245, 247, 245, 244, 248, 245, 246, 249,
    246, 245, 247, 248, 248, 245, 246, 245, 249, 247, 247, 245, 248, 247,
    245, 247, 244, 245, 248, 248, 244, 248, 246, 246, 248, 247, 245, 247,
    246, 244, 247, 245, 244, 248, 246, 246, 245, 248, 247, 245, 245, 246,
    245, 242, 243, 242, 241, 238, 232, 229, 226, 225, 222, 223, 217, 222,
    218, 217, 215, 216, 218, 219, 220, 216, 220, 217, 217, 217, 216, 219,
    217, 216, 220, 218, 219 ]
headPositionsY: [ 81, 73, 73, 73, 76, 74, 73, 75, 73, 72, 75, 74, 76, 76,
    76, 76, 75, 74, 73, 76, 75, 77, 74, 78, 79, 74, 76, 78, 77, 78, 74,
    74, 77, 75, 75, 79, 76, 75, 78, 75, 77, 76, 79, 77, 77, 77, 78, 77,
    76, 78, 77, 79, 78, 80, 75, 75, 74, 77, 76, 79, 76, 78, 77, 76, 78,
    79, 78, 78, 77, 79, 80, 78, 79, 74, 78, 74, 78, 74, 72, 72, 76, 76,
    73, 78, 74, 80, 78, 81, 78, 82, 79, 80, 78, 79, 76, 82, 79, 82, 78,
    81 ]
