%YAML:1.0
---
videoName: "headLookRight5.mp4"
gestureLabel: 204
fps: 29
pixelSizeInCmTemp: 3.1513157894736843e-01
faceCenterPointX: 228
faceCenterPointY: 76
headPositionsX: [ 229, 252, 247, 251, 248, 247, 248, 252, 248, 250, 249,
    251, 252, 250, 249, 247, 247, 250, 247, 249, 248, 249, 250, 251, 248,
    251, 249, 249, 250, 249, 250, 246, 247, 246, 245, 242, 239, 234, 234,
    228, 232, 228, 228, 227, 227, 224, 224, 225, 224, 226, 224, 224, 221,
    227, 225, 225, 226, 226, 223, 222, 225, 222, 229, 225, 225, 225, 225,
    226, 228, 228, 224, 221, 226, 226, 225, 228, 228, 226, 227, 226, 225,
    225, 224, 223, 222, 226, 225, 225, 227, 228, 223, 225, 224, 226, 223,
    226, 223, 223, 227, 227 ]
headPositionsY: [ 75, 74, 74, 77, 76, 77, 76, 72, 76, 75, 76, 72, 75, 76,
    75, 75, 75, 77, 75, 73, 73, 73, 74, 74, 72, 74, 75, 75, 75, 75, 74,
    73, 77, 76, 76, 72, 71, 72, 72, 75, 73, 74, 75, 74, 75, 73, 72, 73,
    74, 77, 71, 75, 75, 73, 72, 73, 74, 74, 77, 73, 75, 74, 77, 74, 77,
    73, 77, 76, 73, 74, 76, 73, 75, 74, 72, 75, 72, 74, 73, 73, 73, 73,
    75, 73, 75, 75, 74, 74, 73, 77, 74, 76, 75, 78, 72, 76, 75, 72, 76,
    73 ]
