%YAML:1.0
---
videoName: "headLookRight8.mp4"
gestureLabel: 204
fps: 29
pixelSizeInCmTemp: 3.1513157894736843e-01
faceCenterPointX: 218
faceCenterPointY: 80
headPositionsX: [ 218, 247, 249, 248, 247, 250, 249, 247, 248, 250, 248,
    249, 244, 247, 245, 247, 245, 249, 247, 246, 245, 246, 247, 248, 249,
    248, 246, 248, 248, 249, 244, 249, 248, 248, 245, 247, 246, 246, 248,
    246, 244, 248, 245, 245, 248, 245, 245, 246, 247, 247, 246, 245, 246,
    245, 246, 246, 246, 245, 244, 245, 247, 248, 244, 244, 246, 247, 244,
    246, 244, 241, 240, 240, 234, 232, 230, 227, 227, 224, 224, 218, 219,
    220, 216, 216, 218, 220, 216, 218, 216, 216, 220, 219, 220, 218, 218,
    218, 219, 218, 216, 218 ]
headPositionsY: [ 78, 73, 76, 72, 76, 74, 73, 72, 73, 73, 77, 73, 76, 76,
    75, 73, 78, 77, 73, 73, 75, 78, 77, 78, 76, 78, 76, 75, 78, 78, 76,
    76, 77, 77, 76, 79, 76, 78, 77, 79, 78, 75, 75, 79, 78, 75, 77, 76,
    75, 78, 78, 78, 76, 80, 75, 75, 74, 78, 76, 76, 78, 75, 76, 79, 77,
    76, 77, 79, 75, 76, 79, 78, 77, 78, 75, 73, 74, 75, 75, 75, 72, 76,
    71, 80, 74, 82, 78, 79, 80, 82, 79, 82, 75, 78, 74, 81, 82, 81, 82,
    80 ]
