%YAML:1.0
---
videoName: "headLookRight6.mp4"
gestureLabel: 204
fps: 29
pixelSizeInCmTemp: 3.8015873015873014e-01
faceCenterPointX: 226
faceCenterPointY: 72
headPositionsX: [ 225, 249, 247, 249, 246, 248, 247, 247, 247, 246, 249,
    250, 252, 251, 252, 248, 252, 249, 252, 250, 249, 252, 253, 252, 251,
    248, 249, 250, 249, 250, 252, 249, 250, 248, 246, 248, 241, 241, 235,
    236, 232, 232, 230, 228, 229, 225, 225, 225, 222, 228, 223, 223, 225,
    225, 226, 229, 226, 225, 229, 228, 229, 229, 231, 224, 225, 227, 226,
    226, 228, 226, 229, 225, 229, 227, 226, 224, 229, 225, 226, 228, 228,
    228, 225, 226, 227, 227, 229, 230, 225, 226, 226, 229, 229, 225, 225,
    226, 223, 227, 229, 224 ]
headPositionsY: [ 71, 72, 69, 71, 73, 70, 73, 73, 74, 71, 74, 75, 73, 73,
    73, 73, 71, 74, 74, 74, 76, 75, 72, 74, 76, 72, 73, 74, 76, 72, 75,
    76, 72, 76, 72, 76, 75, 74, 74, 74, 72, 71, 75, 74, 75, 76, 71, 71,
    76, 73, 76, 72, 77, 74, 75, 74, 77, 76, 71, 76, 75, 75, 76, 71, 77,
    72, 75, 72, 78, 77, 76, 75, 73, 73, 72, 70, 73, 73, 75, 74, 78, 74,
    73, 70, 74, 73, 78, 74, 73, 76, 71, 76, 75, 72, 68, 75, 71, 73, 73,
    73 ]
