%YAML:1.0
---
videoName: "headLookRight1.mp4"
gestureLabel: 204
fps: 29
pixelSizeInCmTemp: 3.3263888888888887e-01
faceCenterPointX: 232
faceCenterPointY: 68
headPositionsX: [ 231, 254, 258, 257, 257, 255, 257, 258, 258, 256, 257,
    256, 256, 259, 258, 254, 257, 256, 254, 257, 257, 254, 256, 254, 257,
    256, 252, 256, 257, 254, 253, 250, 252, 247, 245, 245, 242, 240, 236,
    236, 236, 232, 231, 229, 232, 233, 229, 229, 230, 231, 232, 234, 229,
    230, 233, 233, 231, 235, 235, 234, 230, 234, 233, 234, 232, 231, 230,
    235, 231, 235, 232, 230, 231, 232, 235, 233, 232, 233, 232, 235, 229,
    233, 231, 230, 232, 229, 230, 233, 233, 232, 232, 233, 231, 231, 231,
    234, 232, 234, 233, 233 ]
headPositionsY: [ 67, 66, 68, 66, 67, 69, 67, 69, 68, 67, 66, 66, 66, 70,
    69, 70, 68, 68, 70, 68, 70, 71, 67, 66, 68, 67, 68, 69, 68, 68, 70,
    69, 67, 68, 69, 68, 66, 69, 70, 70, 69, 66, 69, 66, 68, 70, 70, 69,
    69, 69, 70, 68, 70, 68, 68, 66, 69, 68, 69, 65, 70, 66, 67, 68, 69,
    69, 68, 70, 67, 69, 66, 69, 68, 71, 70, 68, 67, 70, 66, 70, 65, 69,
    69, 66, 67, 70, 66, 68, 66, 67, 68, 67, 68, 67, 70, 67, 68, 70, 69,
    66 ]
