%YAML:1.0
---
videoName: "headLookRight6.mp4"
gestureLabel: 204
fps: 29
pixelSizeInCmTemp: 3.8015873015873014e-01
faceCenterPointX: 226
faceCenterPointY: 72
headPositionsX: [ 227, 248, 247, 248, 250, 248, 249, 251, 248, 249, 249,
    249, 249, 247, 248, 252, 252, 251, 251, 252, 249, 252, 253, 248, 252,
    252, 252, 250, 252, 251, 253, 250, 249, 251, 248, 248, 244, 239, 238,
    234, 232, 231, 228, 231, 227, 227, 226, 224, 222, 229, 225, 225, 225,
    226, 226, 228, 226, 224, 227, 229, 232, 225, 231, 224, 226, 226, 224,
    226, 227, 227, 226, 229, 229, 227, 225, 224, 230, 226, 225, 227, 224,
    227, 228, 228, 225, 227, 227, 228, 224, 226, 227, 226, 230, 225, 224,
    230, 223, 225, 225, 228 ]
headPositionsY: [ 70, 72, 72, 75, 73, 72, 72, 73, 73, 73, 74, 71, 72, 73,
    74, 74, 75, 74, 72, 76, 74, 74, 72, 73, 76, 76, 76, 74, 74, 75, 76,
    76, 74, 76, 74, 73, 75, 75, 73, 72, 72, 74, 72, 74, 74, 76, 73, 74,
    74, 73, 76, 68, 74, 75, 72, 73, 77, 73, 73, 74, 76, 73, 75, 72, 74,
    71, 75, 75, 75, 73, 73, 75, 73, 72, 71, 70, 71, 74, 72, 74, 74, 73,
    74, 69, 74, 76, 75, 74, 76, 75, 73, 74, 77, 76, 72, 73, 69, 74, 76,
    72 ]
