%YAML:1.0
---
videoName: "headLookRight5.mp4"
gestureLabel: 204
fps: 29
pixelSizeInCmTemp: 3.1513157894736843e-01
faceCenterPointX: 228
faceCenterPointY: 76
headPositionsX: [ 228, 252, 248, 249, 250, 248, 250, 252, 251, 249, 251,
    249, 251, 247, 251, 249, 251, 251, 248, 251, 250, 251, 248, 249, 247,
    251, 248, 251, 248, 249, 246, 246, 246, 246, 245, 240, 237, 234, 232,
    232, 229, 228, 227, 228, 226, 227, 226, 226, 225, 227, 226, 227, 221,
    225, 225, 228, 225, 227, 225, 223, 223, 222, 228, 228, 226, 228, 224,
    228, 224, 226, 225, 224, 224, 228, 223, 228, 226, 226, 224, 226, 221,
    227, 228, 225, 226, 224, 227, 221, 223, 226, 224, 227, 223, 229, 222,
    222, 224, 224, 224, 226 ]
headPositionsY: [ 77, 75, 72, 74, 75, 74, 73, 74, 76, 74, 76, 75, 74, 72,
    73, 72, 75, 73, 76, 76, 76, 75, 75, 73, 76, 77, 73, 74, 76, 76, 76,
    73, 74, 76, 75, 75, 72, 71, 75, 71, 74, 75, 73, 73, 76, 77, 75, 74,
    74, 77, 73, 73, 75, 75, 76, 73, 73, 74, 73, 77, 77, 76, 75, 74, 77,
    76, 74, 73, 72, 74, 74, 75, 75, 77, 72, 74, 75, 75, 72, 70, 74, 75,
    74, 74, 71, 76, 76, 73, 75, 74, 71, 75, 75, 75, 73, 75, 76, 76, 75,
    76 ]
