%YAML:1.0
---
videoName: "headLookRight4.mp4"
gestureLabel: 204
fps: 30
pixelSizeInCmTemp: 3.4214285714285714e-01
faceCenterPointX: 228
faceCenterPointY: 75
headPositionsX: [ 227, 252, 252, 255, 254, 255, 252, 256, 255, 254, 255,
    253, 254, 253, 252, 251, 253, 252, 254, 250, 254, 253, 254, 252, 253,
    251, 250, 253, 251, 250, 251, 247, 246, 245, 245, 243, 242, 239, 237,
    236, 232, 234, 229, 229, 228, 230, 229, 228, 228, 228, 230, 227, 227,
    226, 230, 229, 226, 228, 226, 225, 227, 223, 226, 228, 226, 226, 228,
    224, 227, 223, 227, 225, 229, 225, 225, 229, 229, 226, 226, 227, 226,
    228, 227, 228, 225, 224, 224, 223, 225, 229, 227, 225, 227, 228, 228,
    228, 223, 224, 226, 226 ]
headPositionsY: [ 77, 70, 69, 71, 70, 72, 71, 73, 71, 73, 73, 72, 74, 71,
    74, 75, 71, 73, 73, 72, 73, 73, 73, 71, 74, 73, 72, 74, 75, 75, 71,
    75, 73, 73, 74, 71, 70, 72, 71, 72, 70, 74, 71, 71, 74, 71, 74, 71,
    75, 75, 76, 75, 74, 76, 72, 76, 72, 72, 73, 74, 74, 74, 75, 75, 75,
    72, 75, 74, 73, 72, 74, 73, 76, 72, 75, 75, 75, 73, 76, 74, 72, 76,
    75, 74, 72, 73, 77, 73, 75, 76, 76, 71, 75, 76, 73, 76, 77, 74, 75,
    74 ]
