%YAML:1.0
---
videoName: "headLookRight7.mp4"
gestureLabel: 204
fps: 30
pixelSizeInCmTemp: 3.4710144927536229e-01
faceCenterPointX: 226
faceCenterPointY: 74
headPositionsX: [ 228, 248, 251, 251, 251, 251, 248, 249, 249, 251, 250,
    250, 250, 251, 247, 249, 248, 249, 249, 249, 250, 248, 247, 248, 250,
    250, 246, 250, 248, 245, 245, 244, 238, 238, 238, 231, 229, 228, 228,
    229, 227, 223, 223, 222, 221, 221, 224, 224, 224, 224, 221, 225, 224,
    223, 222, 222, 223, 222, 224, 222, 223, 224, 222, 224, 225, 224, 223,
    223, 223, 226, 217, 224, 224, 226, 223, 227, 226, 225, 224, 222, 220,
    222, 227, 224, 225, 221, 227, 223, 225, 222, 226, 224, 223, 222, 225,
    220, 225, 225, 223, 222 ]
headPositionsY: [ 72, 76, 76, 75, 76, 73, 75, 75, 76, 73, 74, 74, 74, 76,
    76, 76, 75, 77, 73, 76, 75, 77, 76, 74, 73, 74, 75, 77, 74, 72, 75,
    74, 75, 74, 74, 77, 77, 77, 74, 76, 73, 71, 72, 74, 76, 73, 76, 74,
    75, 76, 75, 75, 77, 76, 72, 76, 74, 74, 72, 73, 73, 73, 73, 75, 76,
    75, 74, 74, 75, 73, 80, 72, 71, 75, 74, 72, 74, 72, 75, 73, 71, 76,
    75, 75, 72, 74, 75, 77, 76, 74, 76, 73, 73, 73, 71, 75, 74, 76, 73,
    73 ]
