%YAML:1.0
---
videoName: "headLookRight7.mp4"
gestureLabel: 204
fps: 30
pixelSizeInCmTemp: 3.4710144927536229e-01
faceCenterPointX: 226
faceCenterPointY: 74
headPositionsX: [ 224, 249, 248, 252, 249, 249, 247, 250, 249, 251, 247,
    252, 252, 248, 248, 247, 250, 249, 248, 248, 250, 248, 249, 249, 249,
    250, 250, 248, 249, 243, 243, 242, 237, 235, 235, 230, 232, 226, 230,
    228, 226, 226, 222, 224, 223, 222, 224, 222, 225, 223, 223, 223, 226,
    225, 222, 223, 225, 224, 226, 226, 223, 224, 222, 224, 222, 222, 223,
    223, 222, 223, 219, 225, 225, 227, 221, 226, 224, 223, 224, 222, 224,
    223, 227, 223, 224, 221, 228, 223, 223, 226, 222, 224, 221, 226, 224,
    220, 222, 227, 226, 225 ]
headPositionsY: [ 76, 73, 74, 77, 73, 73, 75, 77, 74, 76, 76, 75, 75, 75,
    75, 74, 72, 76, 76, 73, 73, 75, 74, 74, 75, 77, 74, 74, 76, 72, 76,
    73, 76, 75, 74, 77, 75, 73, 73, 76, 71, 72, 73, 74, 74, 73, 76, 73,
    72, 76, 75, 73, 76, 73, 73, 73, 75, 70, 75, 73, 74, 70, 71, 71, 74,
    76, 76, 72, 71, 73, 79, 75, 75, 76, 74, 72, 72, 70, 74, 72, 72, 75,
    75, 74, 76, 76, 75, 77, 75, 73, 78, 75, 75, 73, 72, 73, 76, 74, 73,
    74 ]
