%YAML:1.0
---
videoName: "headLookRight7.mp4"
gestureLabel: 204
fps: 30
pixelSizeInCmTemp: 3.4710144927536229e-01
faceCenterPointX: 226
faceCenterPointY: 74
headPositionsX: [ 227, 248, 247, 250, 252, 250, 248, 248, 248, 248, 250,
    252, 251, 249, 248, 251, 248, 251, 250, 250, 247, 247, 249, 250, 251,
    248, 246, 250, 245, 243, 244, 242, 238, 235, 234, 232, 230, 228, 230,
    227, 227, 227, 225, 224, 220, 223, 223, 223, 225, 224, 225, 224, 223,
    224, 225, 222, 226, 223, 226, 225, 224, 221, 222, 220, 224, 223, 222,
    224, 222, 222, 220, 226, 227, 224, 223, 225, 224, 223, 222, 224, 222,
    220, 224, 222, 225, 224, 228, 224, 225, 222, 225, 221, 224, 223, 225,
    221, 224, 227, 224, 222 ]
headPositionsY: [ 75, 74, 75, 77, 76, 75, 73, 75, 74, 74, 76, 74, 76, 72,
    73, 76, 73, 74, 73, 73, 75, 77, 74, 77, 74, 74, 73, 77, 76, 73, 74,
    75, 75, 75, 74, 73, 74, 77, 75, 75, 72, 73, 70, 74, 76, 71, 72, 75,
    74, 73, 74, 74, 74, 75, 74, 73, 73, 73, 74, 74, 73, 74, 74, 75, 72,
    72, 74, 73, 71, 76, 80, 73, 72, 76, 77, 72, 73, 71, 72, 75, 73, 75,
    72, 77, 75, 77, 72, 77, 74, 76, 77, 72, 77, 73, 74, 72, 75, 73, 71,
    74 ]
