%YAML:1.0
---
videoName: "headLookRight2.mp4"
gestureLabel: 204
fps: 29
pixelSizeInCmTemp: 3.8015873015873014e-01
faceCenterPointX: 228
faceCenterPointY: 68
headPositionsX: [ 226, 253, 252, 250, 254, 249, 249, 251, 254, 253, 252,
    252, 253, 251, 250, 250, 250, 252, 251, 250, 254, 253, 250, 252, 253,
    255, 254, 251, 250, 252, 253, 255, 254, 251, 254, 254, 255, 253, 252,
    251, 253, 252, 253, 252, 253, 254, 254, 251, 251, 250, 248, 245, 244,
    238, 238, 238, 233, 231, 231, 228, 227, 228, 229, 229, 227, 228, 228,
    229, 224, 224, 230, 227, 229, 229, 227, 230, 227, 228, 229, 228, 230,
    229, 230, 228, 230, 229, 230, 226, 229, 225, 227, 227, 230, 230, 228,
    230, 228, 228, 229, 232 ]
headPositionsY: [ 70, 65, 66, 66, 67, 69, 67, 69, 66, 68, 67, 67, 70, 67,
    67, 67, 71, 68, 71, 67, 69, 69, 71, 71, 70, 71, 70, 70, 69, 70, 71,
    71, 70, 70, 71, 67, 70, 69, 68, 71, 67, 67, 71, 69, 71, 68, 68, 71,
    70, 67, 68, 71, 68, 70, 68, 70, 71, 71, 70, 72, 67, 70, 70, 68, 66,
    70, 66, 66, 73, 69, 72, 69, 67, 67, 68, 72, 72, 73, 70, 72, 68, 69,
    70, 74, 70, 68, 70, 70, 69, 68, 70, 69, 71, 70, 69, 67, 70, 72, 69,
    70 ]
