%YAML:1.0
---
videoName: "headLookRight7.mp4"
gestureLabel: 204
fps: 30
pixelSizeInCmTemp: 3.4710144927536229e-01
faceCenterPointX: 226
faceCenterPointY: 74
headPositionsX: [ 226, 252, 251, 249, 252, 249, 249, 251, 252, 248, 251,
    252, 251, 250, 251, 250, 247, 251, 250, 249, 251, 251, 249, 251, 252,
    249, 247, 246, 249, 244, 243, 244, 237, 236, 238, 234, 232, 228, 228,
    225, 227, 224, 222, 223, 223, 221, 222, 226, 226, 221, 223, 223, 225,
    225, 226, 224, 225, 226, 224, 225, 226, 225, 225, 220, 226, 225, 225,
    224, 224, 223, 221, 225, 225, 223, 225, 225, 226, 224, 223, 224, 221,
    220, 224, 224, 222, 220, 227, 226, 223, 223, 222, 223, 221, 223, 223,
    221, 221, 224, 225, 223 ]
headPositionsY: [ 75, 76, 76, 76, 74, 73, 75, 75, 74, 74, 72, 73, 74, 73,
    73, 73, 73, 77, 74, 74, 77, 77, 72, 77, 76, 74, 75, 73, 73, 73, 75,
    74, 74, 76, 77, 73, 77, 74, 74, 73, 73, 71, 73, 76, 72, 74, 74, 76,
    73, 74, 76, 74, 75, 74, 73, 72, 73, 71, 73, 76, 73, 71, 73, 74, 72,
    75, 76, 70, 74, 73, 76, 75, 74, 77, 74, 71, 72, 74, 75, 72, 72, 76,
    72, 77, 74, 74, 72, 73, 73, 74, 78, 76, 75, 77, 75, 76, 72, 76, 74,
    76 ]
