%YAML:1.0
---
videoName: "headLookRight7.mp4"
gestureLabel: 204
fps: 30
pixelSizeInCmTemp: 3.4710144927536229e-01
faceCenterPointX: 226
faceCenterPointY: 74
headPositionsX: [ 225, 250, 250, 248, 248, 249, 248, 248, 251, 247, 251,
    251, 249, 250, 250, 247, 249, 248, 248, 250, 248, 248, 249, 250, 249,
    250, 248, 249, 248, 246, 243, 244, 237, 237, 234, 231, 232, 228, 228,
    225, 226, 224, 225, 222, 222, 224, 224, 222, 226, 223, 222, 225, 224,
    222, 223, 222, 224, 224, 227, 224, 224, 224, 223, 224, 222, 226, 222,
    224, 223, 226, 221, 224, 225, 224, 223, 227, 224, 222, 223, 221, 224,
    224, 223, 223, 222, 222, 228, 223, 227, 225, 223, 220, 224, 223, 223,
    222, 225, 223, 223, 224 ]
headPositionsY: [ 75, 76, 74, 74, 76, 75, 73, 75, 75, 75, 76, 73, 77, 75,
    73, 76, 73, 75, 73, 72, 76, 75, 74, 73, 77, 73, 73, 77, 75, 75, 76,
    76, 74, 74, 74, 77, 76, 75, 74, 74, 73, 74, 73, 76, 75, 73, 73, 75,
    73, 73, 73, 74, 78, 74, 75, 76, 76, 70, 74, 75, 73, 70, 73, 75, 75,
    72, 72, 70, 72, 72, 80, 71, 71, 77, 74, 71, 72, 72, 74, 75, 75, 76,
    74, 77, 72, 76, 73, 75, 76, 73, 74, 73, 74, 75, 73, 73, 76, 76, 73,
    74 ]
