%YAML:1.0
---
videoName: "headLookRight8.mp4"
gestureLabel: 204
fps: 29
pixelSizeInCmTemp: 3.1513157894736843e-01
faceCenterPointX: 218
faceCenterPointY: 80
headPositionsX: [ 220, 251, 250, 250, 247, 248, 251, 248, 249, 247, 247,
    248, 247, 244, 247, 248, 245, 245, 244, 245, 244, 248, 245, 244, 248,
    248, 248, 246, 248, 246, 244, 245, 246, 246, 245, 249, 248, 249, 247,
    249, 244, 247, 246, 245, 248, 245, 247, 247, 246, 248, 245, 245, 247,
    247, 248, 246, 245, 245, 246, 246, 244, 246, 244, 247, 244, 244, 245,
    245, 243, 243, 243, 237, 238, 233, 233, 227, 226, 224, 222, 217, 221,
    218, 217, 215, 220, 218, 220, 217, 217, 218, 220, 217, 219, 217, 219,
    218, 219, 216, 220, 216 ]
headPositionsY: [ 82, 74, 73, 76, 75, 75, 75, 75, 73, 73, 73, 77, 76, 73,
    76, 74, 78, 77, 74, 77, 78, 76, 74, 77, 77, 75, 78, 76, 79, 77, 76,
    78, 74, 75, 79, 78, 78, 76, 75, 77, 75, 77, 78, 78, 76, 75, 77, 74,
    78, 75, 78, 79, 75, 76, 76, 78, 78, 78, 76, 77, 75, 75, 75, 78, 79,
    79, 80, 79, 74, 78, 77, 78, 75, 77, 77, 77, 77, 73, 71, 74, 74, 80,
    74, 82, 73, 81, 78, 82, 82, 78, 79, 82, 74, 79, 77, 81, 81, 79, 82,
    78 ]
