%YAML:1.0
---
videoName: "headLookRight3.mp4"
gestureLabel: 204
fps: 29
pixelSizeInCmTemp: 3.5746268656716418e-01
faceCenterPointX: 232
faceCenterPointY: 71
headPositionsX: [ 230, 252, 251, 253, 252, 251, 253, 254, 255, 256, 256,
    253, 256, 255, 253, 252, 255, 254, 255, 256, 253, 257, 256, 254, 256,
    252, 256, 257, 256, 253, 252, 254, 253, 253, 252, 256, 255, 254, 255,
    250, 249, 250, 247, 243, 241, 239, 237, 234, 235, 236, 233, 234, 235,
    233, 231, 236, 231, 232, 230, 233, 231, 231, 233, 232, 233, 232, 232,
    234, 232, 231, 234, 234, 234, 233, 231, 234, 231, 229, 234, 230, 238,
    232, 235, 231, 231, 234, 234, 231, 233, 231, 235, 231, 232, 233, 230,
    230, 231, 232, 235, 231 ]
headPositionsY: [ 72, 67, 68, 67, 67, 69, 71, 71, 69, 68, 71, 70, 70, 68,
    70, 72, 69, 69, 72, 70, 72, 72, 71, 70, 74, 73, 72, 72, 69, 73, 73,
    70, 72, 71, 71, 69, 72, 70, 72, 72, 73, 73, 72, 72, 72, 71, 68, 70,
    72, 69, 72, 73, 69, 73, 69, 72, 72, 73, 70, 73, 72, 70, 72, 73, 72,
    73, 75, 73, 72, 72, 70, 73, 72, 73, 70, 73, 74, 71, 72, 72, 70, 73,
    73, 72, 72, 72, 69, 70, 71, 73, 71, 73, 73, 72, 70, 73, 71, 69, 73,
    74 ]
