%YAML:1.0
---
videoName: "headLookRight4.mp4"
gestureLabel: 204
fps: 30
pixelSizeInCmTemp: 3.4214285714285714e-01
faceCenterPointX: 228
faceCenterPointY: 75
headPositionsX: [ 226, 251, 253, 252, 255, 251, 254, 256, 252, 254, 255,
    254, 254, 254, 251, 254, 254, 253, 252, 253, 252, 252, 252, 253, 250,
    252, 250, 254, 251, 252, 248, 251, 246, 244, 243, 243, 240, 237, 238,
    233, 232, 230, 230, 231, 229, 227, 229, 230, 229, 227, 228, 228, 225,
    225, 228, 226, 223, 228, 228, 225, 229, 226, 228, 229, 224, 225, 226,
    225, 226, 223, 226, 226, 226, 224, 223, 229, 227, 224, 228, 226, 224,
    225, 229, 229, 227, 228, 224, 224, 226, 230, 226, 225, 227, 227, 229,
    226, 223, 226, 224, 227 ]
headPositionsY: [ 74, 71, 70, 74, 71, 73, 70, 73, 72, 71, 71, 73, 71, 70,
    73, 73, 73, 74, 74, 74, 72, 75, 71, 75, 75, 75, 70, 74, 72, 73, 71,
    72, 74, 73, 71, 74, 71, 71, 72, 72, 72, 73, 71, 71, 71, 72, 72, 75,
    74, 71, 76, 73, 76, 75, 72, 75, 74, 74, 74, 73, 73, 76, 73, 75, 72,
    74, 75, 76, 76, 75, 75, 76, 75, 73, 74, 75, 76, 77, 75, 73, 75, 74,
    75, 76, 72, 73, 77, 73, 75, 78, 74, 70, 72, 78, 77, 76, 73, 77, 75,
    74 ]
