%YAML:1.0
---
videoName: "headLookRight4.mp4"
gestureLabel: 204
fps: 30
pixelSizeInCmTemp: 3.4214285714285714e-01
faceCenterPointX: 228
faceCenterPointY: 75
headPositionsX: [ 228, 255, 255, 253, 251, 253, 253, 254, 256, 252, 256,
    255, 254, 255, 251, 251, 253, 252, 252, 254, 255, 254, 250, 250, 254,
    255, 251, 251, 252, 249, 250, 249, 247, 247, 246, 242, 240, 238, 234,
    235, 231, 230, 229, 232, 231, 231, 229, 230, 228, 230, 231, 229, 229,
    228, 231, 226, 226, 229, 229, 229, 225, 225, 227, 227, 224, 224, 227,
    225, 227, 226, 226, 226, 226, 223, 225, 228, 229, 227, 227, 228, 227,
    229, 228, 226, 227, 227, 228, 223, 224, 227, 227, 228, 223, 227, 229,
    229, 227, 225, 227, 226 ]
headPositionsY: [ 77, 73, 72, 74, 70, 71, 69, 71, 74, 73, 72, 70, 74, 72,
    73, 75, 72, 73, 74, 72, 75, 72, 73, 75, 73, 74, 71, 75, 75, 74, 74,
    73, 73, 72, 75, 74, 73, 74, 74, 75, 73, 72, 72, 74, 73, 73, 74, 73,
    74, 72, 75, 74, 73, 74, 76, 76, 74, 74, 72, 74, 76, 74, 74, 76, 76,
    73, 74, 75, 74, 72, 73, 74, 77, 73, 74, 76, 74, 74, 76, 76, 72, 77,
    72, 74, 74, 73, 73, 77, 74, 78, 72, 72, 73, 76, 73, 74, 73, 75, 75,
    74 ]
