%YAML:1.0
---
videoName: "headLookRight6.mp4"
gestureLabel: 204
fps: 29
pixelSizeInCmTemp: 3.8015873015873014e-01
faceCenterPointX: 226
faceCenterPointY: 72
headPositionsX: [ 228, 252, 249, 247, 248, 248, 248, 248, 251, 249, 249,
    252, 252, 250, 248, 249, 250, 248, 251, 249, 249, 250, 252, 252, 249,
    249, 252, 253, 251, 249, 250, 252, 247, 249, 247, 247, 245, 239, 235,
    233, 232, 233, 230, 228, 228, 229, 228, 226, 225, 225, 226, 226, 227,
    226, 228, 226, 228, 226, 227, 226, 229, 227, 228, 226, 229, 224, 223,
    227, 230, 229, 229, 228, 228, 229, 226, 225, 226, 227, 225, 227, 226,
    228, 226, 224, 226, 228, 231, 232, 227, 224, 227, 226, 230, 225, 225,
    230, 227, 225, 227, 224 ]
headPositionsY: [ 70, 73, 72, 74, 70, 72, 73, 72, 71, 72, 72, 73, 72, 71,
    75, 76, 71, 74, 72, 75, 75, 73, 75, 72, 73, 75, 73, 75, 75, 75, 73,
    74, 76, 76, 74, 75, 73, 74, 75, 71, 71, 74, 75, 74, 71, 74, 72, 70,
    76, 74, 74, 71, 75, 75, 73, 74, 73, 77, 70, 77, 75, 72, 78, 73, 73,
    72, 74, 73, 74, 74, 76, 73, 76, 73, 73, 72, 70, 72, 75, 75, 77, 73,
    74, 73, 75, 74, 74, 74, 74, 72, 75, 74, 75, 74, 71, 75, 69, 72, 75,
    70 ]
