%YAML:1.0
---
videoName: "headLookRight8.mp4"
gestureLabel: 204
fps: 29
pixelSizeInCmTemp: 3.1513157894736843e-01
faceCenterPointX: 218
faceCenterPointY: 80
headPositionsX: [ 216, 250, 251, 248, 247, 251, 249, 246, 248, 246, 249,
    248, 245, 247, 245, 247, 249, 246, 247, 247, 245, 249, 248, 246, 246,
    247, 248, 247, 245, 248, 245, 247, 246, 247, 245, 246, 249, 245, 245,
    249, 247, 245, 244, 248, 248, 247, 244, 246, 247, 244, 245, 243, 248,
    247, 247, 245, 248, 246, 246, 246, 247, 244, 248, 248, 245, 243, 246,
    248, 244, 241, 244, 239, 237, 235, 230, 229, 226, 221, 223, 221, 221,
    218, 218, 217, 217, 217, 220, 216, 216, 220, 218, 218, 219, 216, 218,
    217, 220, 219, 216, 219 ]
headPositionsY: [ 79, 75, 76, 75, 75, 73, 76, 72, 75, 76, 76, 74, 73, 76,
    73, 73, 78, 77, 74, 75, 75, 76, 74, 78, 76, 75, 75, 78, 77, 76, 77,
    75, 75, 75, 75, 79, 79, 77, 77, 77, 75, 79, 76, 79, 75, 79, 78, 74,
    77, 77, 77, 77, 77, 76, 75, 76, 74, 76, 76, 79, 74, 78, 75, 79, 80,
    75, 79, 78, 77, 78, 79, 76, 75, 78, 76, 76, 76, 75, 71, 74, 75, 79,
    73, 78, 72, 80, 82, 79, 79, 80, 79, 78, 76, 78, 75, 81, 81, 79, 80,
    78 ]
