%YAML:1.0
---
videoName: "headLookRight5.mp4"
gestureLabel: 204
fps: 29
pixelSizeInCmTemp: 3.1513157894736843e-01
faceCenterPointX: 228
faceCenterPointY: 76
headPositionsX: [ 228, 250, 249, 252, 249, 247, 250, 251, 248, 249, 249,
    251, 250, 248, 250, 251, 251, 252, 251, 250, 250, 249, 251, 251, 250,
    248, 250, 248, 250, 246, 250, 249, 249, 245, 243, 239, 240, 234, 234,
    230, 230, 229, 224, 228, 224, 224, 224, 225, 227, 226, 225, 228, 219,
    229, 225, 227, 225, 224, 225, 226, 224, 220, 226, 224, 225, 229, 226,
    225, 224, 228, 228, 223, 223, 229, 226, 227, 229, 227, 225, 224, 222,
    224, 228, 224, 226, 225, 227, 225, 225, 228, 225, 226, 224, 228, 226,
    223, 227, 223, 225, 225 ]
headPositionsY: [ 78, 73, 76, 76, 76, 73, 72, 72, 75, 72, 75, 76, 75, 73,
    76, 75, 76, 75, 73, 73, 75, 74, 73, 74, 76, 73, 75, 74, 73, 75, 74,
    76, 76, 76, 76, 73, 71, 71, 73, 74, 71, 76, 76, 77, 73, 77, 73, 73,
    74, 73, 75, 74, 74, 77, 73, 77, 76, 75, 73, 77, 78, 76, 74, 72, 77,
    76, 74, 75, 74, 74, 75, 75, 76, 74, 74, 75, 71, 75, 74, 69, 76, 76,
    76, 74, 74, 73, 75, 74, 72, 77, 74, 75, 72, 76, 74, 73, 75, 74, 73,
    75 ]
