%YAML:1.0
---
videoName: "headLookRight4.mp4"
gestureLabel: 204
fps: 30
pixelSizeInCmTemp: 3.4214285714285714e-01
faceCenterPointX: 228
faceCenterPointY: 75
headPositionsX: [ 230, 253, 251, 253, 252, 254, 254, 252, 254, 252, 254,
    253, 253, 254, 252, 255, 251, 251, 251, 253, 255, 250, 251, 252, 250,
    255, 252, 254, 252, 253, 250, 247, 247, 245, 245, 241, 240, 239, 234,
    235, 235, 230, 229, 232, 231, 231, 231, 227, 227, 229, 227, 227, 229,
    226, 231, 226, 223, 229, 230, 228, 225, 223, 228, 229, 227, 226, 227,
    224, 224, 225, 224, 226, 225, 223, 226, 229, 229, 226, 229, 226, 224,
    227, 229, 227, 225, 224, 228, 224, 224, 231, 225, 228, 225, 231, 227,
    226, 224, 226, 228, 229 ]
headPositionsY: [ 77, 70, 69, 73, 71, 71, 70, 71, 73, 69, 72, 70, 70, 71,
    75, 72, 74, 72, 73, 72, 73, 73, 75, 71, 76, 73, 70, 74, 71, 73, 71,
    75, 72, 74, 75, 73, 73, 74, 73, 71, 72, 71, 71, 72, 71, 71, 72, 71,
    74, 71, 73, 74, 74, 73, 75, 77, 74, 75, 76, 73, 75, 76, 76, 77, 76,
    71, 75, 75, 75, 73, 75, 73, 74, 75, 76, 73, 76, 77, 74, 76, 75, 75,
    74, 77, 75, 77, 76, 76, 75, 77, 73, 71, 75, 78, 73, 75, 75, 75, 73,
    74 ]
