%YAML:1.0
---
videoName: "headLookRight6.mp4"
gestureLabel: 204
fps: 29
pixelSizeInCmTemp: 3.8015873015873014e-01
faceCenterPointX: 226
faceCenterPointY: 72
headPositionsX: [ 225, 250, 247, 249, 246, 246, 248, 251, 249, 250, 251,
    248, 249, 247, 251, 251, 251, 248, 252, 252, 251, 251, 250, 250, 253,
    248, 249, 252, 250, 249, 250, 251, 247, 250, 249, 246, 241, 241, 235,
    235, 230, 231, 230, 228, 225, 228, 224, 225, 222, 228, 223, 226, 226,
    224, 225, 229, 227, 226, 225, 227, 229, 227, 228, 223, 229, 226, 227,
    229, 227, 227, 228, 227, 230, 230, 227, 223, 229, 225, 228, 226, 224,
    227, 226, 227, 227, 225, 227, 228, 227, 228, 225, 227, 231, 226, 224,
    226, 224, 227, 227, 225 ]
headPositionsY: [ 73, 73, 69, 72, 70, 73, 72, 73, 74, 74, 70, 73, 72, 71,
    74, 72, 75, 74, 73, 77, 72, 77, 75, 75, 73, 76, 76, 74, 72, 74, 72,
    74, 75, 73, 74, 72, 74, 75, 71, 73, 72, 74, 75, 75, 74, 76, 70, 72,
    76, 74, 77, 69, 73, 75, 74, 75, 77, 77, 72, 76, 78, 74, 78, 69, 76,
    73, 74, 74, 77, 77, 73, 76, 73, 74, 72, 72, 74, 74, 72, 74, 76, 73,
    72, 69, 73, 72, 77, 77, 75, 75, 72, 76, 77, 75, 69, 74, 69, 74, 73,
    71 ]
