%YAML:1.0
---
videoName: "headLookRight1.mp4"
gestureLabel: 204
fps: 29
pixelSizeInCmTemp: 3.3263888888888887e-01
faceCenterPointX: 232
faceCenterPointY: 68
headPositionsX: [ 234, 256, 258, 258, 257, 255, 257, 255, 258, 255, 256,
    258, 254, 259, 255, 254, 258, 256, 256, 254, 254, 254, 256, 255, 256,
    255, 256, 257, 255, 256, 253, 252, 253, 248, 244, 245, 243, 239, 239,
    237, 236, 233, 229, 232, 229, 234, 231, 228, 232, 233, 232, 231, 233,
    231, 230, 232, 232, 236, 233, 232, 232, 232, 230, 231, 232, 234, 229,
    232, 233, 232, 232, 230, 232, 231, 236, 232, 232, 230, 234, 235, 230,
    231, 234, 233, 230, 232, 233, 232, 234, 234, 235, 232, 234, 233, 233,
    233, 234, 231, 232, 233 ]
headPositionsY: [ 70, 65, 68, 68, 69, 67, 66, 68, 66, 67, 66, 70, 68, 70,
    66, 68, 66, 67, 66, 67, 71, 71, 69, 69, 67, 68, 68, 70, 66, 67, 69,
    67, 68, 66, 68, 68, 66, 65, 67, 66, 69, 70, 66, 67, 67, 69, 67, 67,
    68, 67, 69, 69, 68, 68, 69, 69, 68, 70, 68, 66, 68, 65, 66, 69, 67,
    66, 68, 69, 70, 68, 67, 68, 66, 70, 70, 70, 70, 67, 68, 68, 65, 66,
    69, 66, 70, 67, 67, 70, 69, 67, 68, 69, 65, 68, 68, 70, 68, 70, 69,
    67 ]
