%YAML:1.0
---
videoName: "headLookRight5.mp4"
gestureLabel: 204
fps: 29
pixelSizeInCmTemp: 3.1513157894736843e-01
faceCenterPointX: 228
faceCenterPointY: 76
headPositionsX: [ 227, 252, 251, 251, 252, 251, 249, 250, 249, 250, 247,
    250, 250, 248, 248, 250, 247, 252, 247, 252, 248, 249, 252, 250, 249,
    250, 249, 251, 249, 248, 246, 246, 246, 245, 245, 241, 240, 236, 235,
    228, 232, 228, 225, 224, 223, 226, 226, 222, 228, 226, 225, 225, 221,
    227, 223, 226, 226, 227, 226, 226, 223, 221, 225, 228, 227, 228, 226,
    227, 228, 229, 225, 222, 225, 227, 227, 228, 228, 226, 225, 226, 224,
    223, 226, 227, 224, 225, 225, 225, 224, 226, 221, 226, 223, 227, 224,
    222, 225, 226, 224, 226 ]
headPositionsY: [ 77, 75, 76, 74, 73, 77, 76, 74, 75, 73, 72, 73, 72, 76,
    77, 72, 77, 73, 75, 75, 72, 75, 75, 74, 72, 74, 76, 77, 74, 76, 73,
    73, 75, 74, 77, 72, 73, 74, 74, 75, 75, 72, 73, 73, 76, 74, 73, 74,
    76, 75, 73, 73, 75, 76, 72, 75, 74, 73, 76, 77, 75, 72, 73, 72, 77,
    75, 77, 75, 74, 75, 74, 77, 75, 74, 73, 73, 75, 73, 76, 71, 75, 75,
    75, 75, 72, 76, 76, 73, 75, 77, 74, 75, 76, 75, 71, 75, 76, 72, 76,
    75 ]
