%YAML:1.0
---
videoName: "headLookRight3.mp4"
gestureLabel: 204
fps: 29
pixelSizeInCmTemp: 3.5746268656716418e-01
faceCenterPointX: 232
faceCenterPointY: 71
headPositionsX: [ 234, 255, 254, 253, 253, 254, 255, 252, 255, 255, 252,
    252, 255, 252, 252, 256, 255, 255, 254, 257, 256, 254, 252, 257, 255,
    256, 252, 254, 257, 255, 253, 253, 256, 254, 255, 254, 252, 255, 252,
    249, 250, 246, 247, 245, 240, 240, 239, 236, 236, 235, 236, 235, 234,
    234, 231, 233, 234, 232, 234, 234, 231, 233, 234, 230, 232, 232, 232,
    232, 234, 233, 234, 231, 231, 235, 234, 233, 233, 229, 233, 231, 236,
    233, 231, 232, 233, 234, 234, 233, 233, 233, 232, 234, 234, 232, 234,
    230, 231, 230, 239, 233 ]
headPositionsY: [ 69, 70, 69, 69, 68, 72, 69, 72, 69, 71, 71, 69, 69, 69,
    71, 69, 69, 70, 73, 71, 72, 73, 69, 70, 74, 73, 72, 72, 69, 71, 71,
    72, 73, 71, 69, 70, 70, 72, 70, 73, 73, 73, 69, 72, 72, 68, 70, 73,
    73, 69, 72, 70, 70, 70, 71, 72, 71, 73, 72, 74, 73, 69, 70, 74, 72,
    74, 76, 72, 72, 71, 70, 70, 70, 69, 70, 70, 70, 70, 69, 73, 73, 73,
    69, 73, 71, 74, 72, 70, 69, 73, 73, 70, 70, 73, 72, 72, 70, 70, 74,
    70 ]
