%YAML:1.0
---
videoName: "headLookRight8.mp4"
gestureLabel: 204
fps: 29
pixelSizeInCmTemp: 3.1513157894736843e-01
faceCenterPointX: 218
faceCenterPointY: 80
headPositionsX: [ 219, 249, 250, 250, 249, 251, 247, 248, 248, 250, 250,
    247, 245, 248, 246, 248, 246, 246, 245, 243, 246, 245, 245, 246, 246,
    245, 248, 247, 245, 248, 245, 248, 245, 249, 248, 245, 249, 245, 247,
    249, 244, 246, 245, 245, 244, 248, 247, 248, 246, 245, 248, 245, 248,
    246, 248, 246, 246, 247, 247, 248, 246, 248, 245, 245, 248, 245, 245,
    248, 243, 244, 244, 240, 235, 235, 230, 230, 225, 225, 222, 220, 222,
    221, 218, 218, 220, 216, 220, 219, 216, 218, 218, 216, 217, 218, 221,
    217, 220, 216, 219, 218 ]
headPositionsY: [ 82, 75, 74, 73, 73, 75, 72, 74, 74, 73, 76, 74, 73, 74,
    74, 74, 75, 76, 76, 75, 77, 77, 76, 77, 78, 77, 75, 75, 76, 74, 78,
    78, 77, 77, 78, 76, 79, 79, 76, 75, 77, 79, 76, 79, 75, 75, 79, 74,
    78, 77, 75, 76, 76, 79, 75, 79, 78, 75, 75, 75, 74, 76, 76, 79, 78,
    79, 76, 79, 76, 77, 80, 80, 76, 74, 76, 75, 75, 75, 72, 73, 72, 80,
    73, 79, 72, 81, 82, 82, 80, 80, 78, 80, 77, 78, 74, 81, 80, 80, 80,
    81 ]
