%YAML:1.0
---
videoName: "headLookRight4.mp4"
gestureLabel: 204
fps: 30
pixelSizeInCmTemp: 3.4214285714285714e-01
faceCenterPointX: 228
faceCenterPointY: 75
headPositionsX: [ 226, 254, 254, 254, 253, 252, 255, 255, 255, 251, 252,
    252, 253, 255, 254, 252, 251, 255, 253, 254, 254, 252, 250, 251, 253,
    254, 250, 250, 253, 252, 249, 247, 248, 244, 243, 240, 238, 238, 235,
    234, 232, 233, 231, 232, 229, 230, 232, 228, 228, 227, 230, 229, 225,
    228, 231, 229, 226, 229, 226, 227, 228, 224, 225, 229, 223, 225, 226,
    224, 228, 224, 223, 226, 226, 223, 225, 229, 227, 226, 229, 229, 227,
    229, 226, 229, 224, 228, 227, 225, 225, 229, 224, 228, 223, 231, 229,
    227, 225, 228, 227, 225 ]
headPositionsY: [ 76, 73, 70, 70, 69, 73, 72, 70, 73, 72, 72, 70, 73, 72,
    73, 75, 75, 74, 71, 75, 74, 74, 72, 73, 74, 75, 73, 72, 73, 76, 73,
    71, 73, 72, 72, 71, 71, 74, 70, 72, 71, 73, 74, 72, 75, 71, 76, 74,
    71, 73, 72, 71, 75, 73, 72, 75, 76, 74, 75, 72, 76, 76, 76, 74, 72,
    74, 72, 75, 76, 74, 75, 74, 73, 76, 78, 73, 72, 76, 76, 74, 73, 78,
    72, 75, 74, 76, 74, 75, 73, 78, 76, 74, 73, 76, 76, 72, 73, 73, 73,
    75 ]
