%YAML:1.0
---
videoName: "headLookRight5.mp4"
gestureLabel: 204
fps: 29
pixelSizeInCmTemp: 3.1513157894736843e-01
faceCenterPointX: 228
faceCenterPointY: 76
headPositionsX: [ 229, 252, 250, 250, 252, 249, 249, 248, 247, 250, 251,
    247, 252, 250, 251, 248, 249, 248, 247, 251, 250, 250, 248, 248, 251,
    252, 249, 249, 251, 248, 247, 246, 248, 246, 244, 241, 239, 238, 232,
    230, 230, 229, 224, 225, 225, 226, 225, 223, 226, 227, 225, 224, 219,
    229, 227, 226, 224, 226, 227, 223, 227, 220, 227, 225, 226, 226, 225,
    226, 228, 227, 225, 221, 227, 225, 224, 227, 226, 229, 224, 223, 224,
    223, 228, 227, 223, 228, 226, 225, 223, 225, 223, 226, 223, 226, 223,
    223, 226, 222, 223, 227 ]
headPositionsY: [ 78, 74, 74, 76, 75, 77, 72, 76, 77, 72, 74, 75, 72, 75,
    76, 73, 76, 77, 76, 77, 74, 75, 77, 72, 76, 74, 73, 73, 73, 76, 76,
    77, 73, 75, 76, 73, 73, 73, 74, 72, 73, 73, 75, 73, 73, 77, 72, 76,
    72, 75, 73, 73, 75, 74, 72, 77, 74, 74, 77, 73, 76, 73, 74, 72, 75,
    76, 74, 74, 74, 73, 72, 74, 74, 75, 71, 71, 72, 77, 75, 73, 73, 74,
    73, 73, 72, 75, 76, 73, 73, 76, 72, 73, 76, 75, 74, 73, 72, 74, 76,
    72 ]
