%YAML:1.0
---
videoName: "headLookRight3.mp4"
gestureLabel: 204
fps: 29
pixelSizeInCmTemp: 3.5746268656716418e-01
faceCenterPointX: 232
faceCenterPointY: 71
headPositionsX: [ 233, 252, 252, 254, 254, 254, 255, 255, 251, 255, 254,
    253, 254, 255, 256, 256, 254, 253, 256, 253, 256, 254, 254, 257, 255,
    252, 252, 255, 257, 254, 253, 257, 253, 253, 252, 257, 256, 253, 252,
    252, 252, 250, 249, 242, 244, 242, 238, 237, 237, 233, 236, 235, 232,
    232, 231, 235, 233, 231, 231, 235, 231, 234, 233, 234, 233, 230, 231,
    231, 235, 230, 231, 231, 232, 232, 231, 234, 231, 231, 231, 230, 237,
    229, 235, 232, 233, 231, 230, 235, 232, 230, 232, 233, 231, 234, 232,
    230, 232, 231, 236, 232 ]
headPositionsY: [ 70, 69, 70, 67, 71, 72, 68, 70, 68, 70, 68, 69, 70, 71,
    71, 70, 69, 72, 69, 70, 71, 69, 72, 70, 72, 69, 70, 72, 72, 70, 72,
    73, 72, 70, 69, 71, 69, 71, 70, 73, 70, 72, 72, 70, 71, 68, 71, 71,
    72, 73, 73, 71, 70, 71, 70, 74, 73, 74, 69, 71, 71, 69, 73, 71, 71,
    70, 75, 74, 73, 75, 70, 72, 73, 70, 70, 72, 70, 71, 70, 74, 71, 73,
    73, 73, 72, 73, 73, 71, 71, 70, 71, 71, 72, 71, 70, 70, 71, 69, 73,
    74 ]
