%YAML:1.0
---
videoName: "headLookRight4.mp4"
gestureLabel: 204
fps: 30
pixelSizeInCmTemp: 3.4214285714285714e-01
faceCenterPointX: 228
faceCenterPointY: 75
headPositionsX: [ 228, 255, 254, 256, 252, 254, 255, 255, 254, 252, 253,
    253, 254, 254, 251, 253, 253, 252, 251, 254, 251, 254, 250, 249, 252,
    255, 250, 250, 252, 253, 250, 249, 247, 247, 247, 242, 241, 238, 238,
    234, 232, 234, 229, 232, 229, 230, 232, 228, 228, 226, 228, 230, 228,
    229, 230, 225, 226, 226, 226, 226, 227, 223, 227, 228, 225, 227, 228,
    226, 228, 225, 224, 227, 226, 224, 223, 228, 230, 226, 228, 225, 224,
    229, 228, 226, 224, 225, 224, 224, 224, 229, 226, 229, 224, 227, 226,
    229, 225, 227, 228, 225 ]
headPositionsY: [ 76, 73, 72, 72, 71, 73, 73, 72, 74, 69, 70, 73, 71, 72,
    72, 71, 75, 75, 71, 71, 71, 75, 73, 72, 74, 73, 73, 71, 73, 74, 74,
    73, 74, 72, 73, 74, 73, 73, 73, 71, 72, 74, 74, 71, 71, 70, 74, 73,
    74, 71, 75, 73, 76, 75, 75, 76, 74, 71, 74, 72, 73, 72, 76, 76, 75,
    75, 76, 75, 73, 74, 75, 76, 73, 73, 76, 75, 72, 73, 74, 77, 72, 75,
    74, 74, 75, 74, 76, 77, 74, 76, 75, 71, 73, 76, 74, 73, 76, 74, 73,
    73 ]
