%YAML:1.0
---
videoName: "headLookRight8.mp4"
gestureLabel: 204
fps: 29
pixelSizeInCmTemp: 3.1513157894736843e-01
faceCenterPointX: 218
faceCenterPointY: 80
headPositionsX: [ 218, 249, 250, 248, 248, 251, 248, 250, 246, 247, 246,
    247, 245, 247, 246, 248, 248, 248, 248, 247, 244, 246, 249, 247, 246,
    248, 247, 247, 244, 247, 245, 249, 249, 248, 245, 247, 249, 249, 245,
    245, 247, 248, 246, 247, 247, 246, 246, 248, 245, 248, 245, 244, 244,
    246, 245, 247, 246, 248, 244, 245, 244, 246, 246, 244, 246, 245, 245,
    247, 244, 242, 243, 238, 238, 234, 229, 230, 227, 221, 222, 218, 218,
    218, 218, 218, 220, 216, 220, 219, 218, 218, 219, 216, 220, 217, 219,
    216, 220, 217, 217, 218 ]
headPositionsY: [ 79, 77, 73, 76, 75, 73, 74, 71, 71, 75, 75, 73, 73, 76,
    75, 76, 74, 76, 75, 76, 76, 77, 77, 76, 76, 77, 74, 76, 75, 78, 74,
    77, 74, 78, 75, 78, 78, 78, 77, 75, 74, 75, 79, 78, 78, 78, 79, 78,
    76, 79, 75, 79, 77, 76, 79, 77, 77, 77, 76, 79, 75, 78, 78, 78, 76,
    75, 77, 77, 75, 78, 79, 77, 78, 76, 75, 75, 78, 74, 71, 72, 75, 79,
    71, 78, 75, 78, 82, 78, 82, 81, 78, 80, 78, 77, 78, 79, 82, 78, 78,
    80 ]
