%YAML:1.0
---
videoName: "headLookRight4.mp4"
gestureLabel: 204
fps: 30
pixelSizeInCmTemp: 3.4214285714285714e-01
faceCenterPointX: 228
faceCenterPointY: 75
headPositionsX: [ 228, 251, 251, 256, 254, 255, 255, 254, 253, 251, 255,
    252, 255, 253, 254, 251, 253, 255, 254, 253, 251, 250, 250, 252, 252,
    255, 249, 254, 252, 251, 252, 249, 248, 245, 246, 242, 239, 238, 238,
    235, 232, 230, 232, 228, 232, 228, 232, 229, 227, 228, 229, 228, 226,
    226, 228, 226, 226, 228, 229, 227, 227, 225, 225, 228, 223, 225, 226,
    223, 226, 227, 223, 227, 229, 223, 223, 225, 229, 224, 229, 227, 225,
    229, 228, 226, 224, 228, 224, 227, 226, 228, 224, 226, 227, 230, 228,
    225, 226, 226, 227, 229 ]
headPositionsY: [ 75, 73, 73, 73, 70, 70, 72, 70, 70, 71, 70, 74, 74, 71,
    72, 71, 71, 76, 72, 71, 74, 75, 74, 71, 75, 72, 74, 73, 72, 73, 75,
    73, 74, 74, 75, 73, 74, 75, 73, 72, 73, 71, 74, 75, 71, 72, 73, 73,
    71, 73, 75, 71, 75, 74, 72, 74, 76, 72, 76, 72, 74, 76, 73, 73, 73,
    71, 76, 75, 74, 75, 76, 75, 77, 74, 75, 73, 74, 76, 77, 74, 75, 76,
    75, 73, 71, 73, 73, 75, 73, 78, 75, 74, 75, 74, 76, 76, 77, 76, 76,
    73 ]
