%YAML:1.0
---
videoName: "headLookRight7.mp4"
gestureLabel: 204
fps: 30
pixelSizeInCmTemp: 3.4710144927536229e-01
faceCenterPointX: 226
faceCenterPointY: 74
headPositionsX: [ 224, 252, 251, 249, 251, 252, 248, 252, 249, 249, 247,
    248, 250, 249, 251, 251, 249, 251, 250, 250, 250, 249, 248, 249, 248,
    248, 249, 247, 245, 245, 245, 240, 238, 236, 236, 232, 232, 227, 230,
    225, 227, 224, 221, 223, 222, 223, 226, 225, 222, 221, 223, 227, 222,
    226, 222, 222, 226, 223, 223, 223, 224, 224, 221, 224, 226, 224, 224,
    225, 222, 222, 221, 225, 227, 226, 224, 227, 223, 226, 222, 224, 223,
    224, 224, 225, 223, 222, 228, 226, 223, 226, 226, 222, 224, 222, 227,
    220, 224, 227, 226, 225 ]
headPositionsY: [ 76, 77, 73, 74, 72, 76, 74, 76, 75, 73, 75, 76, 77, 73,
    73, 73, 76, 73, 74, 72, 74, 73, 72, 77, 76, 75, 77, 75, 73, 75, 76,
    75, 76, 75, 73, 73, 75, 75, 74, 75, 72, 72, 74, 76, 73, 72, 75, 73,
    72, 75, 76, 77, 78, 73, 75, 74, 72, 70, 76, 72, 75, 73, 71, 73, 76,
    76, 72, 74, 74, 75, 80, 72, 74, 73, 77, 74, 74, 72, 73, 75, 74, 75,
    76, 74, 76, 73, 76, 75, 73, 72, 74, 73, 75, 76, 71, 74, 74, 76, 72,
    77 ]
