%YAML:1.0
---
videoName: "headLookRight6.mp4"
gestureLabel: 204
fps: 29
pixelSizeInCmTemp: 3.8015873015873014e-01
faceCenterPointX: 226
faceCenterPointY: 72
headPositionsX: [ 227, 248, 247, 247, 250, 250, 248, 247, 249, 247, 251,
    249, 252, 247, 249, 252, 248, 248, 252, 250, 252, 249, 253, 251, 250,
    252, 250, 250, 252, 251, 251, 252, 247, 248, 246, 248, 245, 240, 239,
    234, 233, 231, 230, 228, 229, 226, 226, 226, 222, 225, 225, 223, 228,
    228, 226, 226, 228, 226, 226, 228, 232, 229, 228, 225, 229, 226, 223,
    226, 230, 227, 227, 226, 226, 229, 226, 223, 229, 227, 224, 230, 227,
    230, 228, 227, 227, 225, 229, 229, 226, 226, 225, 229, 228, 224, 225,
    227, 223, 226, 229, 224 ]
headPositionsY: [ 72, 70, 70, 71, 71, 74, 73, 71, 72, 74, 72, 75, 72, 72,
    74, 75, 73, 72, 75, 76, 73, 73, 72, 75, 76, 74, 73, 76, 72, 76, 73,
    77, 76, 75, 74, 73, 72, 74, 74, 71, 71, 73, 73, 75, 72, 75, 69, 70,
    74, 72, 77, 69, 73, 75, 73, 73, 74, 75, 71, 74, 77, 73, 74, 73, 75,
    70, 72, 74, 75, 76, 72, 72, 73, 74, 72, 73, 70, 75, 73, 75, 78, 73,
    75, 70, 74, 74, 75, 77, 75, 74, 73, 74, 76, 75, 69, 73, 69, 74, 74,
    73 ]
