%YAML:1.0
---
videoName: "headLookRight2.mp4"
gestureLabel: 204
fps: 29
pixelSizeInCmTemp: 3.8015873015873014e-01
faceCenterPointX: 228
faceCenterPointY: 68
headPositionsX: [ 228, 250, 253, 250, 253, 252, 253, 250, 250, 251, 249,
    252, 250, 251, 251, 251, 253, 251, 252, 250, 253, 251, 251, 254, 253,
    251, 253, 253, 250, 252, 252, 256, 253, 251, 253, 252, 252, 252, 253,
    251, 253, 253, 251, 251, 250, 252, 253, 253, 250, 248, 249, 243, 243,
    239, 238, 238, 236, 232, 229, 228, 229, 227, 228, 229, 230, 225, 225,
    229, 223, 228, 228, 229, 228, 231, 227, 230, 227, 231, 228, 231, 232,
    231, 230, 228, 229, 228, 232, 224, 230, 228, 228, 226, 228, 231, 230,
    231, 227, 231, 226, 228 ]
headPositionsY: [ 69, 68, 68, 66, 70, 66, 70, 66, 68, 67, 68, 71, 70, 67,
    67, 67, 69, 68, 71, 67, 71, 68, 71, 69, 68, 70, 70, 72, 69, 70, 71,
    69, 67, 71, 70, 70, 69, 71, 69, 69, 71, 69, 69, 68, 67, 67, 69, 71,
    71, 69, 69, 67, 69, 67, 70, 68, 67, 71, 71, 70, 67, 68, 66, 66, 69,
    67, 66, 69, 73, 71, 70, 68, 69, 69, 69, 68, 70, 70, 70, 69, 69, 69,
    71, 71, 69, 70, 67, 68, 71, 68, 68, 70, 71, 70, 70, 69, 68, 71, 72,
    71 ]
