%YAML:1.0
---
videoName: "headLookRight5.mp4"
gestureLabel: 204
fps: 29
pixelSizeInCmTemp: 3.1513157894736843e-01
faceCenterPointX: 228
faceCenterPointY: 76
headPositionsX: [ 226, 251, 250, 251, 250, 249, 248, 250, 247, 247, 249,
    250, 250, 249, 248, 250, 248, 250, 249, 250, 247, 251, 251, 251, 247,
    251, 247, 247, 248, 250, 248, 247, 247, 247, 243, 241, 236, 236, 233,
    231, 228, 229, 225, 228, 226, 225, 225, 222, 224, 230, 227, 225, 221,
    228, 225, 224, 224, 227, 223, 222, 226, 222, 227, 226, 229, 227, 226,
    226, 226, 227, 224, 222, 223, 229, 227, 224, 226, 227, 224, 224, 222,
    226, 228, 224, 226, 225, 226, 225, 226, 226, 225, 227, 225, 225, 226,
    222, 227, 223, 223, 226 ]
headPositionsY: [ 74, 75, 72, 76, 73, 76, 74, 73, 76, 73, 73, 72, 72, 73,
    74, 75, 75, 76, 76, 73, 76, 72, 74, 72, 74, 75, 77, 77, 73, 73, 73,
    77, 75, 72, 74, 76, 73, 75, 73, 75, 74, 75, 73, 76, 75, 76, 74, 72,
    72, 76, 75, 72, 72, 73, 76, 76, 74, 73, 75, 77, 75, 73, 73, 72, 73,
    73, 75, 72, 76, 76, 74, 75, 73, 76, 75, 75, 74, 75, 73, 72, 75, 74,
    75, 77, 72, 77, 73, 74, 76, 76, 75, 75, 75, 75, 74, 72, 74, 73, 73,
    73 ]
