%YAML:1.0
---
videoName: "headLookRight5.mp4"
gestureLabel: 204
fps: 29
pixelSizeInCmTemp: 3.1513157894736843e-01
faceCenterPointX: 228
faceCenterPointY: 76
headPositionsX: [ 226, 249, 249, 251, 251, 249, 250, 251, 251, 248, 250,
    249, 252, 248, 251, 251, 251, 251, 249, 252, 250, 247, 248, 247, 247,
    248, 248, 251, 250, 248, 248, 248, 247, 247, 243, 240, 239, 238, 235,
    228, 231, 229, 224, 228, 227, 225, 227, 226, 226, 228, 227, 224, 221,
    229, 226, 226, 225, 224, 224, 222, 223, 220, 228, 224, 226, 228, 226,
    228, 226, 228, 228, 221, 227, 226, 226, 226, 227, 227, 224, 225, 221,
    226, 225, 227, 225, 224, 227, 222, 226, 227, 222, 225, 224, 229, 222,
    222, 227, 225, 225, 227 ]
headPositionsY: [ 75, 72, 75, 74, 72, 73, 73, 76, 76, 75, 73, 73, 76, 76,
    74, 75, 75, 77, 76, 76, 75, 76, 77, 73, 76, 74, 77, 76, 77, 74, 72,
    75, 76, 75, 75, 74, 74, 74, 73, 73, 71, 74, 74, 73, 73, 75, 75, 76,
    76, 74, 74, 74, 75, 75, 75, 76, 75, 74, 73, 77, 78, 75, 75, 72, 73,
    75, 76, 74, 74, 72, 74, 74, 75, 73, 75, 72, 73, 77, 76, 69, 74, 72,
    76, 75, 72, 76, 74, 72, 73, 76, 74, 77, 72, 75, 73, 76, 73, 72, 76,
    72 ]
