%YAML:1.0
---
videoName: "headLookRight0.mp4"
gestureLabel: 204
fps: 29
pixelSizeInCmTemp: 3.1933333333333330e-01
faceCenterPointX: 229
faceCenterPointY: 68
headPositionsX: [ 227, 255, 258, 256, 255, 254, 257, 256, 258, 255, 255,
    255, 258, 259, 259, 257, 255, 256, 256, 257, 259, 255, 258, 256, 259,
    256, 257, 255, 257, 257, 254, 255, 255, 253, 257, 253, 257, 256, 254,
    254, 252, 249, 249, 243, 242, 238, 236, 235, 238, 235, 236, 233, 235,
    233, 233, 236, 235, 235, 233, 230, 236, 235, 231, 233, 231, 234, 231,
    235, 235, 236, 232, 237, 234, 233, 233, 231, 229, 231, 229, 232, 232,
    232, 234, 229, 232, 229, 230, 230, 228, 231, 231, 233, 229, 226, 230,
    227, 232, 233, 226, 230 ]
headPositionsY: [ 67, 68, 63, 67, 67, 64, 65, 66, 63, 67, 66, 69, 67, 67,
    69, 69, 64, 64, 67, 68, 68, 69, 66, 65, 66, 65, 69, 65, 65, 68, 65,
    68, 69, 65, 67, 69, 69, 68, 67, 68, 67, 68, 66, 65, 67, 68, 69, 70,
    66, 66, 71, 66, 66, 69, 69, 67, 66, 70, 68, 67, 69, 66, 70, 69, 69,
    67, 66, 70, 67, 66, 65, 67, 69, 70, 70, 65, 69, 68, 67, 67, 67, 66,
    68, 66, 65, 70, 67, 67, 68, 67, 67, 68, 71, 69, 68, 69, 67, 68, 69,
    70 ]
