%YAML:1.0
---
videoName: "headLookRight9.mp4"
gestureLabel: 204
fps: 29
pixelSizeInCmTemp: 2.8511904761904761e-01
faceCenterPointX: 217
faceCenterPointY: 75
headPositionsX: [ 217, 242, 243, 246, 244, 241, 242, 244, 243, 241, 246,
    244, 241, 242, 243, 244, 241, 243, 245, 241, 245, 243, 242, 242, 240,
    241, 242, 244, 243, 244, 241, 240, 238, 234, 234, 230, 230, 223, 221,
    222, 220, 219, 213, 217, 218, 213, 213, 214, 215, 213, 213, 214, 212,
    215, 211, 211, 213, 211, 217, 215, 211, 214, 216, 212, 221, 221, 214,
    213, 214, 216, 217, 210, 208, 216, 215, 217, 215, 213, 216, 218, 216,
    218, 213, 216, 218, 216, 214, 218, 218, 219, 219, 211, 215, 215, 216,
    214, 217, 216, 220, 219 ]
headPositionsY: [ 76, 75, 73, 74, 73, 75, 75, 73, 75, 76, 75, 76, 77, 74,
    75, 77, 76, 76, 76, 73, 72, 74, 73, 73, 76, 73, 75, 74, 77, 76, 77,
    74, 75, 74, 72, 75, 71, 73, 75, 74, 74, 70, 73, 82, 73, 71, 70, 71,
    71, 71, 71, 70, 72, 73, 74, 76, 73, 73, 70, 71, 73, 73, 75, 70, 78,
    76, 72, 74, 73, 69, 69, 78, 78, 68, 72, 73, 70, 72, 75, 75, 75, 69,
    72, 71, 73, 72, 73, 70, 75, 71, 78, 72, 71, 72, 70, 71, 76, 76, 73,
    77 ]
