%YAML:1.0
---
videoName: "headLookRight3.mp4"
gestureLabel: 204
fps: 29
pixelSizeInCmTemp: 3.5746268656716418e-01
faceCenterPointX: 232
faceCenterPointY: 71
headPositionsX: [ 232, 254, 251, 251, 252, 252, 253, 252, 255, 253, 253,
    254, 252, 256, 252, 255, 252, 253, 255, 254, 253, 255, 253, 256, 253,
    253, 254, 253, 256, 256, 256, 255, 256, 256, 256, 253, 254, 252, 252,
    249, 251, 249, 249, 245, 243, 242, 237, 235, 236, 236, 233, 231, 235,
    231, 231, 232, 235, 235, 233, 234, 230, 233, 233, 231, 230, 230, 232,
    230, 234, 229, 230, 234, 233, 232, 230, 234, 234, 231, 230, 229, 237,
    230, 235, 233, 231, 234, 233, 235, 234, 232, 234, 233, 233, 230, 234,
    231, 234, 230, 235, 234 ]
headPositionsY: [ 69, 71, 67, 67, 67, 69, 71, 71, 69, 69, 70, 71, 71, 68,
    70, 71, 71, 68, 73, 69, 71, 72, 72, 70, 71, 71, 74, 71, 70, 73, 73,
    69, 70, 71, 69, 73, 70, 69, 71, 70, 72, 69, 71, 71, 70, 72, 72, 72,
    71, 70, 72, 72, 72, 70, 72, 72, 72, 72, 70, 74, 72, 69, 73, 73, 74,
    70, 74, 73, 73, 74, 73, 72, 74, 72, 71, 74, 70, 71, 72, 73, 73, 71,
    71, 72, 71, 73, 71, 69, 71, 71, 69, 71, 71, 70, 69, 70, 69, 68, 74,
    71 ]
