%YAML:1.0
---
videoName: "headLookRight8.mp4"
gestureLabel: 204
fps: 29
pixelSizeInCmTemp: 3.1513157894736843e-01
faceCenterPointX: 218
faceCenterPointY: 80
headPositionsX: [ 216, 249, 250, 247, 250, 248, 249, 249, 248, 249, 249,
    248, 246, 246, 246, 245, 246, 249, 246, 243, 248, 245, 247, 248, 248,
    249, 248, 245, 244, 246, 247, 248, 248, 248, 246, 247, 249, 245, 247,
    247, 248, 246, 244, 244, 245, 244, 247, 244, 244, 246, 244, 247, 248,
    244, 248, 245, 245, 244, 244, 248, 247, 246, 245, 247, 247, 243, 245,
    245, 245, 245, 240, 240, 237, 234, 232, 227, 227, 224, 224, 218, 221,
    218, 217, 215, 220, 217, 217, 218, 218, 218, 220, 216, 218, 218, 218,
    218, 218, 216, 220, 216 ]
headPositionsY: [ 81, 74, 72, 73, 72, 76, 76, 71, 72, 76, 73, 75, 76, 77,
    77, 75, 74, 76, 74, 76, 74, 78, 74, 76, 78, 75, 74, 76, 76, 75, 75,
    78, 78, 78, 77, 78, 76, 78, 77, 79, 78, 75, 76, 78, 76, 77, 76, 75,
    79, 75, 74, 79, 77, 79, 76, 77, 74, 76, 78, 76, 78, 77, 76, 78, 76,
    75, 78, 79, 74, 78, 77, 76, 79, 77, 75, 75, 74, 74, 74, 73, 76, 80,
    71, 80, 73, 80, 80, 82, 82, 80, 79, 81, 74, 76, 74, 82, 79, 80, 82,
    78 ]
