%YAML:1.0
---
videoName: "headLookRight1.mp4"
gestureLabel: 204
fps: 29
pixelSizeInCmTemp: 3.3263888888888887e-01
faceCenterPointX: 232
faceCenterPointY: 68
headPositionsX: [ 230, 258, 256, 257, 256, 255, 258, 256, 255, 258, 256,
    254, 257, 256, 258, 254, 255, 257, 257, 256, 257, 254, 253, 256, 253,
    253, 255, 256, 254, 254, 256, 251, 252, 251, 247, 243, 239, 238, 235,
    235, 236, 231, 230, 233, 229, 231, 232, 226, 232, 231, 232, 234, 233,
    229, 230, 232, 233, 233, 231, 234, 230, 231, 229, 231, 232, 230, 229,
    233, 234, 232, 231, 230, 234, 233, 235, 232, 233, 233, 234, 235, 230,
    230, 234, 233, 233, 230, 234, 234, 230, 232, 235, 233, 230, 231, 234,
    233, 235, 233, 234, 231 ]
headPositionsY: [ 70, 68, 69, 70, 69, 68, 66, 66, 70, 69, 68, 70, 67, 70,
    68, 68, 69, 67, 68, 69, 71, 68, 68, 70, 67, 67, 68, 69, 69, 67, 68,
    68, 67, 67, 70, 69, 66, 67, 67, 67, 68, 67, 67, 70, 69, 70, 69, 68,
    70, 68, 68, 67, 69, 69, 66, 68, 68, 70, 65, 67, 66, 65, 66, 68, 68,
    69, 67, 69, 69, 70, 65, 70, 66, 71, 70, 67, 68, 66, 65, 71, 67, 66,
    67, 67, 69, 67, 66, 69, 67, 69, 68, 65, 65, 70, 68, 66, 70, 71, 66,
    69 ]
