%YAML:1.0
---
videoName: "headLookRight6.mp4"
gestureLabel: 204
fps: 29
pixelSizeInCmTemp: 3.8015873015873014e-01
faceCenterPointX: 226
faceCenterPointY: 72
headPositionsX: [ 227, 252, 251, 249, 246, 250, 247, 251, 248, 247, 251,
    251, 250, 248, 249, 248, 252, 248, 249, 251, 250, 252, 251, 250, 249,
    252, 251, 252, 249, 249, 251, 249, 251, 248, 248, 245, 243, 238, 238,
    236, 234, 230, 227, 228, 229, 227, 228, 225, 224, 228, 225, 224, 226,
    225, 227, 227, 229, 228, 228, 227, 231, 225, 228, 222, 226, 224, 226,
    225, 230, 225, 226, 225, 226, 228, 228, 226, 226, 228, 224, 230, 224,
    229, 226, 226, 227, 227, 231, 229, 225, 225, 224, 226, 231, 226, 227,
    228, 227, 228, 226, 225 ]
headPositionsY: [ 74, 74, 73, 73, 73, 72, 71, 71, 75, 74, 72, 74, 75, 72,
    73, 73, 75, 73, 75, 74, 73, 77, 72, 74, 74, 73, 76, 75, 72, 73, 74,
    76, 75, 74, 76, 74, 72, 74, 72, 74, 71, 71, 73, 74, 71, 75, 71, 71,
    76, 73, 73, 72, 75, 76, 72, 76, 74, 74, 73, 78, 77, 74, 74, 71, 77,
    71, 74, 71, 75, 75, 74, 76, 74, 71, 72, 74, 72, 72, 75, 73, 78, 75,
    75, 72, 74, 75, 76, 73, 72, 75, 71, 74, 73, 72, 69, 76, 72, 73, 72,
    72 ]
