%YAML:1.0
---
videoName: "headLookRight1.mp4"
gestureLabel: 204
fps: 29
pixelSizeInCmTemp: 3.3263888888888887e-01
faceCenterPointX: 232
faceCenterPointY: 68
headPositionsX: [ 230, 256, 255, 257, 257, 258, 255, 256, 254, 257, 255,
    255, 254, 259, 254, 253, 255, 253, 256, 253, 255, 255, 253, 257, 253,
    255, 252, 254, 254, 254, 253, 250, 252, 251, 245, 246, 242, 238, 236,
    234, 234, 234, 230, 231, 232, 234, 230, 225, 232, 231, 233, 232, 230,
    230, 230, 233, 230, 233, 231, 234, 234, 231, 230, 231, 233, 231, 229,
    234, 230, 233, 230, 234, 234, 231, 235, 233, 232, 233, 234, 231, 231,
    234, 232, 232, 231, 229, 233, 233, 233, 232, 231, 230, 230, 232, 233,
    233, 234, 231, 231, 231 ]
headPositionsY: [ 68, 68, 68, 67, 70, 66, 67, 66, 68, 70, 68, 68, 68, 69,
    66, 66, 69, 70, 66, 70, 67, 70, 69, 66, 66, 67, 67, 68, 67, 68, 69,
    66, 70, 67, 69, 67, 69, 67, 67, 68, 69, 68, 67, 67, 65, 67, 68, 71,
    70, 68, 68, 70, 70, 67, 70, 68, 69, 69, 65, 68, 68, 67, 68, 66, 66,
    68, 65, 67, 67, 68, 66, 68, 67, 70, 68, 67, 69, 67, 67, 71, 67, 70,
    71, 70, 66, 69, 70, 66, 66, 67, 68, 67, 67, 66, 67, 70, 67, 69, 67,
    68 ]
