%YAML:1.0
---
videoName: "headLookRight3.mp4"
gestureLabel: 204
fps: 29
pixelSizeInCmTemp: 3.5746268656716418e-01
faceCenterPointX: 232
faceCenterPointY: 71
headPositionsX: [ 230, 255, 252, 254, 251, 252, 255, 255, 252, 254, 254,
    252, 254, 256, 254, 252, 253, 252, 253, 254, 256, 256, 255, 253, 254,
    256, 253, 253, 256, 255, 254, 253, 255, 254, 254, 254, 253, 254, 251,
    252, 250, 249, 249, 246, 240, 239, 237, 236, 235, 236, 233, 235, 234,
    234, 234, 235, 233, 233, 234, 234, 233, 232, 231, 230, 231, 231, 229,
    230, 234, 231, 233, 233, 233, 231, 233, 231, 231, 229, 231, 231, 238,
    232, 232, 232, 235, 232, 233, 234, 231, 233, 231, 230, 232, 231, 231,
    230, 233, 234, 237, 230 ]
headPositionsY: [ 73, 69, 70, 70, 69, 69, 67, 72, 67, 71, 70, 68, 68, 71,
    72, 70, 73, 69, 71, 70, 69, 73, 69, 70, 74, 72, 71, 71, 69, 69, 73,
    71, 69, 71, 72, 72, 72, 71, 73, 70, 70, 71, 73, 68, 68, 72, 72, 71,
    70, 70, 74, 73, 73, 72, 71, 74, 73, 74, 73, 73, 74, 71, 74, 73, 70,
    70, 73, 72, 72, 71, 73, 70, 73, 73, 71, 74, 73, 69, 71, 73, 70, 71,
    69, 73, 70, 70, 71, 73, 73, 69, 70, 70, 74, 71, 69, 72, 73, 68, 71,
    71 ]
