%YAML:1.0
---
videoName: "headLookRight3.mp4"
gestureLabel: 204
fps: 29
pixelSizeInCmTemp: 3.5746268656716418e-01
faceCenterPointX: 232
faceCenterPointY: 71
headPositionsX: [ 232, 255, 251, 252, 255, 251, 254, 254, 252, 254, 255,
    253, 255, 255, 253, 255, 252, 253, 256, 256, 254, 257, 253, 257, 254,
    255, 255, 253, 255, 252, 256, 253, 256, 255, 253, 256, 255, 255, 252,
    250, 252, 250, 248, 245, 244, 241, 239, 238, 236, 235, 234, 234, 235,
    231, 235, 232, 233, 231, 232, 232, 232, 230, 230, 231, 231, 229, 232,
    232, 233, 233, 234, 235, 233, 231, 230, 232, 231, 233, 231, 230, 236,
    233, 234, 231, 235, 233, 232, 233, 235, 232, 232, 232, 233, 231, 234,
    233, 233, 231, 237, 231 ]
headPositionsY: [ 73, 70, 71, 70, 70, 70, 68, 72, 70, 69, 72, 68, 72, 70,
    69, 71, 72, 68, 72, 71, 72, 72, 70, 72, 72, 69, 72, 74, 69, 71, 72,
    69, 70, 69, 73, 71, 72, 72, 69, 72, 73, 73, 70, 68, 70, 72, 68, 71,
    69, 71, 70, 72, 70, 72, 73, 71, 73, 73, 69, 71, 73, 70, 72, 70, 74,
    72, 72, 74, 72, 74, 69, 71, 70, 70, 69, 70, 72, 72, 71, 70, 72, 70,
    73, 73, 74, 74, 73, 73, 70, 72, 70, 69, 71, 73, 71, 69, 73, 69, 70,
    72 ]
