%YAML:1.0
---
videoName: "headLookRight5.mp4"
gestureLabel: 204
fps: 29
pixelSizeInCmTemp: 3.1513157894736843e-01
faceCenterPointX: 228
faceCenterPointY: 76
headPositionsX: [ 227, 248, 247, 249, 251, 248, 250, 250, 247, 250, 248,
    251, 250, 248, 250, 250, 247, 251, 251, 251, 247, 251, 248, 251, 249,
    252, 251, 248, 251, 250, 247, 248, 248, 244, 245, 240, 240, 234, 231,
    230, 229, 231, 224, 226, 225, 224, 224, 225, 226, 226, 227, 224, 219,
    227, 227, 226, 226, 227, 224, 223, 227, 220, 227, 226, 227, 226, 225,
    225, 228, 229, 227, 222, 225, 228, 223, 226, 228, 226, 228, 224, 225,
    226, 224, 226, 226, 224, 225, 224, 226, 227, 221, 228, 223, 226, 226,
    223, 227, 226, 227, 226 ]
headPositionsY: [ 75, 74, 75, 75, 74, 77, 75, 76, 76, 75, 74, 75, 72, 72,
    74, 72, 74, 73, 73, 76, 74, 73, 74, 75, 73, 76, 76, 74, 77, 73, 75,
    75, 76, 74, 73, 72, 73, 74, 73, 72, 72, 73, 73, 73, 73, 76, 74, 75,
    75, 75, 73, 74, 76, 77, 75, 74, 73, 75, 74, 76, 76, 74, 74, 73, 74,
    73, 75, 74, 73, 73, 75, 73, 76, 74, 74, 73, 73, 77, 76, 69, 73, 76,
    76, 73, 72, 75, 76, 75, 72, 74, 73, 73, 72, 77, 71, 76, 76, 75, 73,
    74 ]
