%YAML:1.0
---
videoName: "headLookRight6.mp4"
gestureLabel: 204
fps: 29
pixelSizeInCmTemp: 3.8015873015873014e-01
faceCenterPointX: 226
faceCenterPointY: 72
headPositionsX: [ 228, 250, 247, 247, 248, 246, 251, 248, 247, 248, 249,
    252, 248, 249, 248, 251, 252, 249, 250, 253, 249, 252, 251, 248, 249,
    251, 250, 252, 253, 251, 253, 252, 247, 249, 247, 245, 243, 238, 237,
    237, 231, 233, 229, 228, 227, 227, 225, 227, 225, 228, 226, 227, 229,
    225, 226, 229, 229, 225, 228, 229, 232, 226, 231, 226, 226, 224, 227,
    225, 228, 227, 228, 229, 230, 230, 224, 223, 229, 226, 227, 229, 224,
    230, 225, 228, 223, 225, 229, 228, 224, 224, 225, 227, 230, 224, 224,
    230, 226, 225, 228, 224 ]
headPositionsY: [ 73, 72, 69, 75, 72, 70, 73, 74, 71, 72, 72, 71, 75, 75,
    72, 75, 71, 76, 74, 76, 73, 74, 76, 74, 74, 73, 73, 73, 74, 73, 76,
    75, 75, 76, 75, 73, 72, 72, 73, 72, 71, 74, 75, 77, 73, 75, 71, 70,
    77, 73, 75, 69, 73, 74, 75, 74, 74, 77, 74, 75, 76, 73, 78, 72, 77,
    71, 71, 71, 74, 74, 76, 75, 74, 74, 72, 70, 74, 75, 72, 77, 74, 73,
    71, 73, 72, 75, 75, 75, 76, 73, 75, 73, 77, 76, 71, 76, 71, 74, 73,
    73 ]
