%YAML:1.0
---
videoName: "headLookRight1.mp4"
gestureLabel: 204
fps: 29
pixelSizeInCmTemp: 3.3263888888888887e-01
faceCenterPointX: 232
faceCenterPointY: 68
headPositionsX: [ 230, 255, 258, 256, 258, 254, 255, 257, 257, 254, 258,
    255, 257, 256, 255, 256, 257, 254, 258, 254, 258, 254, 254, 258, 254,
    254, 252, 257, 253, 256, 253, 253, 250, 251, 247, 246, 239, 239, 237,
    233, 232, 235, 229, 232, 229, 231, 229, 229, 229, 229, 229, 235, 232,
    230, 232, 234, 232, 233, 235, 234, 231, 233, 233, 234, 234, 234, 229,
    232, 231, 235, 233, 234, 230, 233, 238, 231, 230, 234, 233, 231, 230,
    231, 233, 231, 230, 229, 233, 234, 233, 235, 231, 230, 232, 231, 234,
    234, 235, 234, 230, 232 ]
headPositionsY: [ 68, 65, 69, 69, 67, 67, 66, 66, 70, 69, 66, 70, 67, 66,
    67, 68, 69, 66, 69, 68, 71, 71, 68, 67, 70, 69, 66, 67, 66, 68, 69,
    68, 66, 66, 70, 69, 68, 69, 69, 70, 66, 69, 66, 67, 65, 70, 67, 70,
    69, 69, 67, 71, 71, 69, 68, 70, 67, 68, 69, 68, 67, 67, 66, 67, 68,
    70, 65, 69, 70, 67, 69, 66, 70, 68, 66, 70, 68, 69, 66, 69, 66, 69,
    69, 70, 66, 71, 69, 69, 68, 67, 67, 65, 69, 67, 68, 68, 68, 68, 69,
    69 ]
