%YAML:1.0
---
videoName: "headLookRight4.mp4"
gestureLabel: 204
fps: 30
pixelSizeInCmTemp: 3.4214285714285714e-01
faceCenterPointX: 228
faceCenterPointY: 75
headPositionsX: [ 226, 253, 255, 256, 254, 252, 255, 256, 253, 255, 256,
    255, 256, 254, 253, 253, 253, 251, 254, 253, 251, 250, 252, 252, 253,
    252, 249, 252, 252, 249, 251, 247, 247, 247, 246, 242, 239, 237, 238,
    236, 232, 230, 230, 231, 229, 228, 232, 230, 229, 226, 227, 229, 227,
    227, 231, 228, 227, 225, 228, 229, 226, 224, 225, 229, 223, 225, 224,
    223, 225, 227, 224, 226, 228, 225, 222, 228, 226, 226, 226, 225, 224,
    229, 226, 228, 224, 224, 225, 226, 225, 230, 226, 226, 223, 228, 228,
    226, 225, 227, 225, 229 ]
headPositionsY: [ 75, 72, 69, 72, 69, 73, 73, 72, 71, 70, 70, 74, 71, 71,
    71, 75, 74, 74, 73, 74, 73, 71, 75, 74, 72, 75, 71, 74, 74, 74, 72,
    71, 72, 74, 71, 73, 72, 71, 71, 71, 74, 75, 73, 73, 71, 70, 74, 71,
    73, 72, 76, 75, 74, 75, 74, 77, 72, 71, 74, 72, 75, 75, 74, 77, 75,
    72, 76, 78, 73, 72, 77, 75, 75, 73, 76, 72, 75, 73, 77, 75, 76, 76,
    73, 75, 71, 73, 76, 76, 74, 75, 76, 72, 74, 74, 74, 73, 74, 76, 76,
    75 ]
