%YAML:1.0
---
videoName: "headLookRight4.mp4"
gestureLabel: 204
fps: 30
pixelSizeInCmTemp: 3.4214285714285714e-01
faceCenterPointX: 228
faceCenterPointY: 75
headPositionsX: [ 226, 254, 251, 252, 253, 253, 251, 253, 256, 252, 255,
    256, 253, 251, 251, 251, 254, 251, 253, 253, 253, 253, 250, 250, 254,
    252, 251, 252, 254, 252, 248, 251, 249, 245, 247, 243, 239, 236, 236,
    236, 232, 234, 229, 228, 228, 230, 231, 231, 228, 227, 229, 227, 227,
    226, 227, 225, 224, 225, 229, 227, 227, 223, 227, 229, 227, 226, 224,
    227, 224, 226, 227, 228, 226, 222, 222, 229, 227, 225, 230, 228, 226,
    226, 228, 229, 224, 228, 227, 226, 224, 227, 226, 226, 226, 228, 226,
    228, 227, 228, 224, 226 ]
headPositionsY: [ 74, 70, 70, 74, 70, 71, 70, 73, 74, 70, 71, 74, 72, 71,
    72, 75, 72, 72, 73, 73, 74, 75, 72, 75, 73, 72, 72, 74, 71, 72, 74,
    73, 73, 73, 71, 74, 70, 73, 71, 71, 74, 71, 70, 75, 74, 74, 72, 73,
    75, 72, 72, 71, 74, 72, 76, 74, 74, 75, 76, 75, 75, 75, 77, 73, 72,
    71, 73, 77, 74, 76, 76, 76, 74, 75, 76, 73, 73, 75, 74, 75, 75, 78,
    73, 76, 75, 74, 74, 77, 75, 76, 72, 72, 76, 75, 77, 73, 76, 77, 76,
    72 ]
