%YAML:1.0
---
videoName: "headLookRight2.mp4"
gestureLabel: 204
fps: 29
pixelSizeInCmTemp: 3.8015873015873014e-01
faceCenterPointX: 228
faceCenterPointY: 68
headPositionsX: [ 230, 253, 251, 251, 253, 249, 253, 253, 254, 250, 251,
    254, 252, 251, 251, 253, 254, 252, 253, 252, 254, 253, 252, 252, 253,
    252, 255, 251, 252, 255, 253, 252, 251, 251, 252, 252, 256, 253, 254,
    254, 251, 253, 251, 251, 252, 255, 253, 251, 252, 250, 248, 247, 244,
    238, 241, 235, 233, 234, 232, 229, 229, 230, 232, 230, 229, 228, 227,
    227, 225, 225, 228, 230, 229, 229, 228, 228, 227, 230, 229, 228, 232,
    228, 227, 229, 229, 226, 231, 226, 229, 226, 227, 227, 230, 232, 226,
    230, 231, 228, 226, 228 ]
headPositionsY: [ 69, 67, 70, 67, 68, 69, 70, 68, 70, 70, 67, 71, 67, 69,
    70, 71, 70, 68, 68, 70, 67, 69, 70, 67, 67, 68, 68, 70, 70, 71, 69,
    69, 71, 69, 69, 68, 69, 67, 69, 71, 68, 67, 67, 70, 70, 71, 71, 67,
    67, 69, 70, 70, 70, 70, 68, 70, 70, 72, 68, 71, 67, 70, 66, 65, 69,
    70, 66, 66, 70, 68, 69, 66, 70, 68, 72, 70, 71, 73, 69, 71, 67, 70,
    71, 73, 67, 69, 71, 69, 67, 69, 71, 68, 70, 71, 68, 70, 69, 72, 73,
    71 ]
