%YAML:1.0
---
videoName: "headLookRight9.mp4"
gestureLabel: 204
fps: 29
pixelSizeInCmTemp: 2.8511904761904761e-01
faceCenterPointX: 217
faceCenterPointY: 75
headPositionsX: [ 215, 243, 243, 243, 246, 245, 242, 241, 242, 243, 242,
    245, 243, 242, 244, 243, 241, 241, 241, 244, 245, 241, 241, 244, 240,
    242, 245, 243, 242, 242, 243, 237, 236, 233, 233, 230, 227, 224, 223,
    219, 220, 217, 215, 215, 217, 215, 216, 212, 216, 213, 217, 213, 210,
    217, 215, 214, 210, 214, 214, 215, 213, 214, 216, 214, 217, 217, 216,
    213, 216, 217, 215, 209, 210, 216, 211, 215, 213, 216, 214, 216, 217,
    217, 217, 219, 216, 220, 217, 215, 218, 219, 215, 213, 214, 216, 215,
    216, 216, 219, 219, 220 ]
headPositionsY: [ 74, 76, 75, 73, 73, 75, 74, 73, 75, 73, 75, 75, 75, 73,
    74, 73, 74, 75, 76, 73, 73, 74, 73, 75, 76, 77, 72, 75, 76, 73, 76,
    77, 76, 73, 72, 74, 73, 71, 76, 73, 75, 73, 73, 80, 70, 73, 71, 73,
    71, 71, 69, 73, 72, 72, 73, 76, 74, 76, 71, 70, 72, 71, 73, 72, 78,
    80, 74, 74, 72, 71, 70, 79, 80, 71, 75, 71, 71, 74, 72, 75, 71, 71,
    73, 75, 72, 70, 70, 74, 72, 74, 78, 69, 74, 73, 71, 71, 75, 75, 75,
    76 ]
