%YAML:1.0
---
videoName: "headLookRight6.mp4"
gestureLabel: 204
fps: 29
pixelSizeInCmTemp: 3.8015873015873014e-01
faceCenterPointX: 226
faceCenterPointY: 72
headPositionsX: [ 227, 249, 250, 249, 249, 249, 249, 251, 247, 248, 248,
    251, 252, 250, 250, 252, 249, 249, 250, 253, 250, 253, 253, 250, 251,
    251, 249, 252, 250, 251, 253, 251, 248, 247, 247, 246, 241, 242, 235,
    237, 232, 231, 227, 228, 226, 229, 224, 226, 224, 229, 225, 227, 226,
    228, 227, 230, 227, 227, 229, 230, 229, 228, 230, 222, 226, 227, 224,
    228, 229, 227, 227, 228, 230, 227, 226, 224, 226, 226, 226, 229, 225,
    229, 228, 224, 227, 228, 230, 228, 228, 225, 226, 226, 232, 226, 228,
    228, 223, 226, 227, 225 ]
headPositionsY: [ 72, 73, 72, 74, 74, 73, 73, 75, 75, 71, 74, 72, 75, 72,
    76, 76, 73, 74, 73, 75, 75, 73, 76, 76, 72, 76, 74, 73, 76, 73, 75,
    75, 74, 74, 75, 73, 74, 72, 75, 74, 74, 73, 72, 73, 73, 77, 70, 73,
    74, 75, 73, 68, 76, 73, 71, 73, 76, 77, 70, 75, 77, 72, 75, 70, 77,
    69, 73, 72, 74, 77, 73, 75, 76, 71, 71, 70, 72, 75, 74, 75, 78, 74,
    71, 70, 75, 76, 78, 74, 72, 74, 75, 72, 75, 72, 72, 76, 70, 75, 76,
    71 ]
