%YAML:1.0
---
videoName: "headLookRight9.mp4"
gestureLabel: 204
fps: 29
pixelSizeInCmTemp: 2.8511904761904761e-01
faceCenterPointX: 217
faceCenterPointY: 75
headPositionsX: [ 215, 245, 244, 245, 243, 243, 242, 244, 241, 242, 242,
    245, 241, 245, 243, 244, 241, 243, 241, 243, 241, 244, 245, 245, 244,
    242, 244, 243, 241, 240, 240, 239, 237, 233, 234, 229, 226, 223, 221,
    222, 220, 216, 215, 215, 215, 214, 213, 215, 213, 216, 213, 214, 211,
    215, 212, 211, 213, 213, 217, 217, 213, 211, 217, 216, 219, 219, 216,
    216, 214, 214, 217, 208, 209, 217, 215, 217, 215, 214, 214, 217, 217,
    216, 214, 215, 214, 218, 214, 215, 218, 216, 215, 211, 213, 217, 213,
    218, 217, 218, 220, 219 ]
headPositionsY: [ 74, 72, 74, 74, 75, 74, 72, 76, 74, 73, 73, 76, 74, 73,
    77, 77, 73, 73, 74, 76, 75, 76, 76, 77, 74, 76, 76, 74, 76, 76, 73,
    76, 74, 75, 73, 72, 71, 71, 73, 73, 73, 74, 73, 81, 70, 71, 71, 75,
    70, 72, 72, 73, 70, 74, 72, 75, 72, 73, 72, 73, 71, 73, 73, 74, 78,
    79, 73, 74, 72, 70, 71, 77, 76, 71, 75, 71, 73, 73, 72, 73, 74, 69,
    70, 75, 74, 74, 73, 73, 76, 73, 74, 72, 73, 75, 69, 74, 74, 75, 71,
    79 ]
