%YAML:1.0
---
videoName: "headLookRight6.mp4"
gestureLabel: 204
fps: 29
pixelSizeInCmTemp: 3.8015873015873014e-01
faceCenterPointX: 226
faceCenterPointY: 72
headPositionsX: [ 225, 248, 248, 250, 248, 246, 251, 247, 248, 249, 248,
    250, 248, 250, 252, 251, 251, 249, 250, 250, 251, 250, 249, 251, 249,
    251, 250, 250, 249, 252, 250, 252, 251, 249, 245, 245, 244, 241, 235,
    234, 230, 229, 228, 232, 229, 227, 224, 225, 226, 228, 225, 227, 228,
    226, 226, 229, 225, 224, 226, 228, 231, 228, 229, 226, 225, 224, 223,
    229, 228, 228, 226, 228, 230, 226, 227, 223, 227, 227, 228, 227, 224,
    228, 227, 225, 227, 225, 228, 230, 227, 226, 227, 229, 232, 224, 225,
    226, 224, 227, 226, 226 ]
headPositionsY: [ 72, 72, 71, 71, 74, 70, 73, 71, 72, 71, 74, 73, 75, 75,
    73, 75, 73, 72, 73, 73, 75, 73, 76, 73, 75, 76, 73, 75, 76, 75, 76,
    73, 76, 77, 76, 75, 74, 74, 75, 75, 75, 73, 71, 73, 72, 74, 72, 70,
    75, 76, 73, 68, 74, 74, 72, 75, 76, 73, 71, 75, 76, 76, 75, 72, 76,
    73, 73, 71, 77, 76, 73, 72, 74, 72, 71, 73, 70, 74, 74, 74, 75, 73,
    72, 70, 74, 72, 74, 74, 73, 75, 72, 73, 73, 74, 70, 75, 70, 73, 75,
    69 ]
