%YAML:1.0
---
videoName: "headLookRight4.mp4"
gestureLabel: 204
fps: 30
pixelSizeInCmTemp: 3.4214285714285714e-01
faceCenterPointX: 228
faceCenterPointY: 75
headPositionsX: [ 228, 251, 255, 252, 252, 252, 252, 252, 252, 255, 254,
    253, 254, 255, 252, 254, 253, 251, 255, 254, 252, 252, 253, 253, 252,
    254, 249, 252, 252, 252, 249, 249, 248, 248, 244, 243, 242, 236, 235,
    235, 234, 234, 231, 232, 232, 230, 229, 228, 231, 227, 229, 229, 229,
    228, 228, 227, 223, 227, 226, 228, 227, 223, 226, 228, 225, 227, 225,
    226, 227, 227, 225, 225, 228, 223, 222, 228, 228, 225, 228, 226, 224,
    227, 227, 228, 225, 226, 225, 225, 224, 231, 224, 226, 226, 230, 226,
    225, 224, 228, 228, 227 ]
headPositionsY: [ 75, 70, 69, 70, 70, 72, 72, 72, 71, 73, 74, 70, 72, 70,
    73, 71, 73, 75, 73, 75, 71, 74, 72, 72, 76, 73, 71, 73, 74, 75, 72,
    71, 73, 75, 72, 74, 72, 75, 73, 71, 70, 74, 70, 74, 72, 71, 74, 74,
    72, 73, 76, 75, 73, 76, 75, 76, 75, 71, 75, 73, 76, 73, 77, 74, 76,
    72, 76, 75, 76, 72, 77, 72, 75, 74, 75, 72, 75, 75, 78, 76, 72, 76,
    72, 74, 72, 77, 73, 76, 76, 78, 76, 72, 76, 74, 74, 76, 75, 74, 72,
    74 ]
