%YAML:1.0
---
videoName: "headLookRight0.mp4"
gestureLabel: 204
fps: 29
pixelSizeInCmTemp: 3.1933333333333330e-01
faceCenterPointX: 229
faceCenterPointY: 68
headPositionsX: [ 228, 259, 257, 256, 255, 254, 256, 258, 257, 257, 254,
    257, 255, 259, 258, 256, 257, 257, 257, 255, 259, 258, 258, 256, 259,
    255, 257, 253, 258, 256, 254, 255, 256, 256, 257, 255, 255, 255, 254,
    251, 252, 250, 248, 246, 244, 240, 236, 236, 235, 233, 234, 234, 233,
    235, 235, 235, 232, 236, 233, 230, 232, 232, 234, 236, 231, 232, 231,
    234, 234, 233, 231, 235, 232, 236, 231, 234, 232, 230, 233, 230, 232,
    232, 231, 228, 231, 228, 230, 229, 228, 228, 229, 232, 232, 229, 229,
    228, 231, 232, 229, 231 ]
headPositionsY: [ 70, 64, 66, 67, 67, 65, 66, 65, 65, 68, 64, 65, 65, 65,
    67, 65, 64, 66, 65, 69, 69, 68, 66, 66, 65, 69, 70, 65, 68, 67, 68,
    67, 67, 66, 69, 69, 68, 69, 70, 68, 65, 69, 69, 69, 69, 69, 66, 67,
    68, 66, 71, 70, 66, 67, 67, 67, 67, 67, 69, 66, 69, 67, 68, 70, 66,
    67, 69, 69, 68, 69, 66, 69, 68, 66, 70, 66, 70, 69, 70, 70, 70, 69,
    70, 69, 68, 66, 67, 67, 64, 68, 66, 68, 68, 70, 70, 69, 67, 67, 70,
    71 ]
