%YAML:1.0
---
videoName: "headLookRight9.mp4"
gestureLabel: 204
fps: 29
pixelSizeInCmTemp: 2.8511904761904761e-01
faceCenterPointX: 217
faceCenterPointY: 75
headPositionsX: [ 219, 244, 243, 242, 246, 242, 245, 241, 245, 244, 245,
    245, 241, 244, 244, 241, 243, 244, 241, 242, 243, 242, 243, 246, 244,
    244, 241, 245, 244, 244, 241, 237, 238, 233, 232, 231, 230, 223, 223,
    220, 221, 216, 213, 216, 218, 216, 215, 213, 214, 216, 216, 216, 212,
    218, 212, 214, 210, 211, 214, 217, 214, 211, 216, 216, 219, 221, 217,
    216, 215, 215, 213, 210, 209, 218, 215, 213, 217, 213, 213, 219, 214,
    216, 214, 215, 218, 218, 216, 217, 219, 216, 215, 212, 215, 218, 216,
    217, 219, 217, 220, 218 ]
headPositionsY: [ 76, 73, 75, 75, 74, 73, 76, 72, 73, 73, 73, 72, 76, 74,
    76, 76, 75, 73, 74, 74, 75, 73, 73, 76, 72, 74, 76, 77, 77, 76, 77,
    77, 75, 74, 72, 76, 71, 72, 72, 73, 73, 70, 71, 80, 73, 70, 70, 73,
    70, 72, 73, 69, 69, 73, 74, 72, 76, 73, 70, 70, 73, 70, 75, 70, 78,
    78, 74, 73, 70, 73, 71, 80, 80, 68, 76, 71, 73, 74, 76, 73, 71, 71,
    74, 71, 71, 71, 73, 72, 75, 72, 75, 69, 72, 71, 69, 73, 77, 75, 71,
    78 ]
