%YAML:1.0
---
videoName: "headLookRight3.mp4"
gestureLabel: 204
fps: 29
pixelSizeInCmTemp: 3.5746268656716418e-01
faceCenterPointX: 232
faceCenterPointY: 71
headPositionsX: [ 232, 251, 251, 252, 252, 252, 254, 256, 252, 252, 253,
    255, 256, 255, 252, 254, 254, 252, 255, 256, 254, 254, 256, 253, 257,
    255, 254, 253, 254, 253, 256, 255, 254, 253, 252, 253, 254, 255, 254,
    252, 252, 246, 246, 244, 240, 242, 240, 237, 234, 235, 236, 234, 231,
    230, 234, 236, 231, 231, 230, 233, 229, 232, 231, 230, 232, 233, 233,
    233, 231, 233, 230, 233, 232, 231, 230, 231, 231, 231, 230, 228, 235,
    229, 235, 235, 231, 235, 233, 235, 232, 233, 233, 234, 230, 234, 234,
    232, 233, 233, 235, 232 ]
headPositionsY: [ 70, 68, 71, 71, 71, 70, 67, 68, 67, 68, 72, 71, 69, 70,
    69, 70, 72, 72, 69, 73, 73, 69, 69, 70, 72, 70, 73, 71, 71, 72, 71,
    73, 73, 70, 69, 71, 73, 69, 69, 69, 72, 70, 69, 72, 71, 69, 68, 71,
    71, 70, 71, 71, 73, 74, 69, 70, 70, 70, 70, 74, 72, 71, 70, 74, 70,
    72, 75, 71, 71, 75, 73, 73, 74, 73, 73, 74, 71, 71, 73, 70, 71, 70,
    72, 74, 72, 73, 73, 70, 73, 73, 72, 72, 73, 71, 71, 72, 69, 71, 71,
    74 ]
