%YAML:1.0
---
videoName: "headLookRight1.mp4"
gestureLabel: 204
fps: 29
pixelSizeInCmTemp: 3.3263888888888887e-01
faceCenterPointX: 232
faceCenterPointY: 68
headPositionsX: [ 232, 255, 255, 255, 258, 257, 256, 256, 254, 255, 254,
    258, 257, 255, 255, 254, 258, 256, 256, 257, 256, 257, 253, 255, 254,
    253, 252, 254, 254, 254, 252, 250, 253, 250, 247, 243, 240, 240, 238,
    235, 232, 232, 231, 230, 232, 235, 233, 229, 231, 233, 230, 232, 229,
    230, 233, 233, 231, 233, 234, 236, 231, 233, 231, 230, 235, 230, 230,
    234, 231, 233, 232, 234, 230, 232, 238, 233, 230, 231, 233, 231, 231,
    233, 233, 232, 231, 231, 234, 231, 234, 235, 233, 229, 232, 231, 232,
    232, 235, 230, 234, 233 ]
headPositionsY: [ 66, 68, 66, 66, 69, 70, 70, 67, 70, 68, 67, 70, 66, 70,
    70, 66, 69, 68, 68, 67, 70, 70, 68, 66, 67, 71, 69, 70, 70, 69, 69,
    69, 67, 66, 68, 69, 68, 69, 69, 68, 70, 66, 67, 69, 68, 67, 68, 71,
    68, 67, 71, 67, 69, 67, 67, 70, 71, 66, 65, 68, 67, 68, 68, 68, 66,
    66, 65, 69, 67, 69, 66, 66, 66, 67, 69, 69, 71, 69, 65, 67, 67, 69,
    70, 68, 70, 69, 68, 66, 69, 71, 70, 65, 67, 70, 70, 70, 70, 68, 67,
    67 ]
