%YAML:1.0
---
videoName: "headLookRight1.mp4"
gestureLabel: 204
fps: 29
pixelSizeInCmTemp: 3.3263888888888887e-01
faceCenterPointX: 232
faceCenterPointY: 68
headPositionsX: [ 233, 255, 256, 258, 257, 255, 256, 258, 255, 256, 256,
    256, 257, 258, 254, 254, 257, 256, 258, 254, 255, 256, 257, 254, 257,
    257, 253, 256, 256, 257, 252, 253, 252, 248, 247, 246, 240, 240, 238,
    233, 234, 234, 231, 231, 232, 233, 232, 228, 229, 231, 231, 233, 230,
    231, 231, 234, 231, 234, 231, 234, 232, 231, 233, 230, 233, 231, 228,
    234, 234, 234, 233, 232, 233, 232, 238, 231, 230, 234, 231, 234, 230,
    231, 230, 230, 230, 229, 234, 231, 232, 231, 234, 233, 233, 232, 232,
    231, 233, 232, 230, 231 ]
headPositionsY: [ 69, 69, 68, 69, 67, 66, 67, 66, 67, 66, 70, 66, 67, 66,
    68, 70, 70, 69, 66, 66, 71, 67, 69, 67, 70, 67, 69, 70, 67, 68, 71,
    69, 70, 67, 68, 69, 68, 68, 68, 66, 69, 69, 67, 69, 67, 68, 69, 69,
    66, 70, 71, 69, 72, 69, 69, 68, 68, 66, 65, 69, 68, 65, 67, 70, 70,
    68, 65, 69, 69, 68, 66, 66, 66, 68, 70, 68, 68, 69, 69, 68, 67, 70,
    67, 68, 66, 70, 66, 69, 66, 69, 71, 69, 69, 68, 70, 70, 70, 70, 70,
    69 ]
