%YAML:1.0
---
videoName: "headLookRight8.mp4"
gestureLabel: 204
fps: 29
pixelSizeInCmTemp: 3.1513157894736843e-01
faceCenterPointX: 218
faceCenterPointY: 80
headPositionsX: [ 220, 250, 251, 248, 250, 247, 251, 249, 249, 247, 246,
    250, 247, 244, 246, 244, 247, 245, 247, 246, 245, 245, 247, 248, 248,
    247, 249, 247, 248, 248, 247, 248, 245, 247, 247, 249, 245, 247, 247,
    246, 246, 246, 244, 245, 248, 245, 247, 244, 244, 246, 244, 244, 245,
    247, 248, 247, 248, 244, 244, 249, 245, 248, 247, 246, 247, 246, 243,
    245, 243, 245, 244, 238, 235, 236, 233, 228, 227, 225, 221, 219, 218,
    219, 218, 214, 216, 219, 217, 217, 217, 220, 217, 216, 217, 215, 220,
    220, 219, 220, 218, 218 ]
headPositionsY: [ 81, 75, 76, 75, 73, 76, 76, 75, 72, 75, 73, 76, 76, 74,
    74, 75, 74, 76, 75, 74, 74, 75, 78, 77, 77, 78, 77, 78, 76, 76, 75,
    74, 75, 74, 79, 79, 76, 76, 74, 78, 75, 79, 79, 79, 76, 79, 77, 78,
    78, 75, 78, 76, 79, 80, 79, 77, 74, 76, 78, 77, 74, 76, 78, 78, 80,
    75, 76, 80, 77, 79, 79, 79, 76, 76, 78, 74, 76, 76, 71, 75, 74, 76,
    74, 82, 73, 78, 78, 82, 81, 82, 80, 78, 77, 77, 77, 82, 79, 81, 78,
    82 ]
