%YAML:1.0
---
videoName: "headLookRight4.mp4"
gestureLabel: 204
fps: 30
pixelSizeInCmTemp: 3.4214285714285714e-01
faceCenterPointX: 228
faceCenterPointY: 75
headPositionsX: [ 229, 252, 254, 254, 254, 255, 252, 254, 256, 253, 254,
    255, 255, 254, 251, 253, 253, 255, 253, 252, 253, 252, 250, 250, 252,
    254, 251, 251, 251, 249, 248, 247, 248, 244, 246, 242, 242, 238, 238,
    232, 231, 230, 232, 231, 229, 229, 230, 228, 228, 228, 229, 229, 228,
    229, 227, 228, 227, 228, 229, 225, 226, 225, 226, 227, 226, 225, 228,
    227, 225, 227, 224, 226, 225, 223, 225, 229, 230, 224, 230, 226, 227,
    226, 229, 229, 224, 224, 224, 226, 226, 231, 228, 227, 225, 227, 229,
    226, 224, 228, 224, 228 ]
headPositionsY: [ 75, 74, 70, 71, 73, 71, 69, 69, 70, 72, 73, 73, 74, 70,
    75, 72, 71, 73, 71, 71, 72, 74, 72, 71, 75, 73, 70, 74, 73, 74, 74,
    72, 74, 71, 71, 70, 73, 73, 74, 75, 71, 75, 71, 71, 73, 71, 72, 72,
    73, 73, 75, 73, 75, 75, 74, 76, 72, 73, 76, 74, 73, 72, 75, 77, 73,
    73, 75, 78, 72, 74, 76, 74, 76, 72, 78, 74, 74, 73, 77, 76, 72, 77,
    74, 77, 74, 74, 73, 77, 76, 77, 75, 72, 74, 75, 76, 74, 76, 76, 75,
    73 ]
