%YAML:1.0
---
videoName: "headLookRight0.mp4"
gestureLabel: 204
fps: 29
pixelSizeInCmTemp: 3.1933333333333330e-01
faceCenterPointX: 229
faceCenterPointY: 68
headPositionsX: [ 231, 258, 258, 257, 258, 257, 255, 256, 257, 255, 254,
    257, 255, 259, 259, 256, 258, 256, 254, 257, 258, 255, 255, 254, 257,
    257, 255, 256, 258, 256, 257, 256, 253, 253, 258, 256, 254, 254, 256,
    251, 251, 249, 250, 246, 240, 241, 237, 235, 237, 233, 232, 237, 235,
    232, 235, 236, 233, 236, 233, 234, 232, 231, 233, 233, 230, 235, 234,
    235, 235, 236, 235, 234, 233, 236, 235, 232, 232, 232, 232, 230, 232,
    233, 233, 228, 234, 232, 231, 232, 228, 229, 233, 232, 229, 228, 231,
    230, 232, 233, 225, 227 ]
headPositionsY: [ 68, 67, 67, 63, 66, 67, 63, 66, 64, 68, 64, 65, 69, 68,
    66, 67, 64, 65, 65, 66, 66, 68, 69, 68, 65, 67, 68, 68, 69, 70, 69,
    69, 67, 65, 66, 70, 67, 66, 69, 68, 68, 66, 67, 67, 69, 67, 68, 70,
    69, 66, 67, 68, 65, 69, 68, 69, 68, 66, 68, 65, 68, 66, 66, 69, 67,
    65, 68, 67, 69, 70, 65, 68, 66, 67, 68, 69, 67, 67, 69, 66, 69, 66,
    67, 68, 68, 69, 68, 68, 68, 66, 66, 70, 68, 70, 70, 67, 68, 65, 66,
    67 ]
