%YAML:1.0
---
videoName: "headLookRight8.mp4"
gestureLabel: 204
fps: 29
pixelSizeInCmTemp: 3.1513157894736843e-01
faceCenterPointX: 218
faceCenterPointY: 80
headPositionsX: [ 217, 247, 247, 250, 248, 248, 251, 247, 250, 250, 248,
    246, 247, 244, 246, 246, 249, 248, 245, 245, 246, 245, 248, 248, 245,
    248, 247, 247, 248, 247, 246, 247, 247, 246, 248, 246, 246, 245, 247,
    245, 245, 248, 244, 247, 245, 247, 246, 248, 245, 246, 248, 245, 248,
    246, 248, 247, 247, 244, 248, 245, 248, 247, 245, 248, 246, 243, 246,
    247, 244, 244, 240, 238, 238, 235, 231, 230, 224, 224, 222, 217, 218,
    220, 217, 218, 218, 217, 218, 220, 220, 218, 218, 219, 219, 215, 221,
    216, 216, 220, 218, 219 ]
headPositionsY: [ 79, 77, 74, 74, 76, 76, 76, 73, 75, 76, 74, 73, 75, 76,
    74, 76, 78, 76, 73, 73, 78, 78, 74, 77, 78, 75, 75, 78, 77, 75, 77,
    77, 78, 74, 79, 77, 75, 75, 76, 77, 76, 78, 78, 78, 74, 75, 77, 78,
    79, 77, 74, 79, 75, 79, 77, 79, 76, 78, 75, 79, 77, 77, 79, 77, 77,
    76, 76, 79, 77, 78, 79, 79, 78, 76, 75, 77, 76, 75, 71, 76, 75, 79,
    73, 78, 75, 79, 80, 78, 80, 78, 78, 80, 75, 76, 76, 81, 82, 80, 80,
    81 ]
