%YAML:1.0
---
videoName: "headLookRight2.mp4"
gestureLabel: 204
fps: 29
pixelSizeInCmTemp: 3.8015873015873014e-01
faceCenterPointX: 228
faceCenterPointY: 68
headPositionsX: [ 229, 249, 253, 250, 252, 253, 253, 250, 253, 251, 250,
    253, 251, 249, 251, 253, 250, 251, 251, 250, 252, 252, 254, 253, 252,
    251, 254, 255, 252, 253, 254, 253, 251, 252, 254, 254, 252, 252, 253,
    253, 252, 254, 252, 252, 250, 255, 253, 249, 249, 247, 247, 243, 246,
    239, 241, 237, 232, 232, 230, 229, 227, 228, 229, 227, 226, 225, 227,
    225, 223, 228, 229, 228, 226, 227, 224, 230, 226, 230, 231, 227, 229,
    228, 230, 227, 231, 227, 229, 228, 230, 225, 225, 226, 230, 232, 228,
    227, 230, 230, 229, 232 ]
headPositionsY: [ 69, 68, 66, 65, 68, 68, 66, 69, 66, 68, 66, 71, 68, 70,
    70, 70, 70, 70, 69, 71, 70, 67, 67, 67, 71, 72, 70, 69, 70, 71, 70,
    71, 70, 70, 68, 66, 67, 69, 71, 68, 71, 70, 67, 68, 68, 68, 72, 70,
    70, 68, 68, 68, 71, 66, 69, 68, 68, 70, 68, 72, 67, 70, 69, 68, 69,
    69, 68, 66, 70, 70, 68, 69, 68, 70, 69, 68, 72, 69, 72, 72, 69, 72,
    72, 74, 69, 67, 71, 72, 68, 68, 68, 67, 67, 69, 70, 67, 69, 72, 73,
    70 ]
