%YAML:1.0
---
videoName: "headLookRight7.mp4"
gestureLabel: 204
fps: 30
pixelSizeInCmTemp: 3.4710144927536229e-01
faceCenterPointX: 226
faceCenterPointY: 74
headPositionsX: [ 224, 248, 250, 250, 249, 248, 250, 249, 251, 249, 251,
    252, 248, 251, 249, 251, 250, 248, 251, 250, 250, 251, 250, 251, 252,
    250, 247, 248, 248, 243, 242, 242, 241, 236, 236, 231, 232, 228, 228,
    229, 228, 226, 224, 222, 220, 222, 223, 222, 222, 223, 225, 226, 223,
    226, 224, 226, 225, 225, 225, 222, 222, 224, 223, 223, 226, 224, 224,
    223, 223, 225, 219, 225, 226, 224, 222, 226, 222, 224, 225, 221, 220,
    224, 226, 224, 223, 220, 227, 226, 226, 222, 224, 224, 224, 223, 225,
    223, 225, 227, 224, 223 ]
headPositionsY: [ 76, 73, 76, 73, 74, 74, 75, 77, 76, 75, 72, 74, 77, 72,
    75, 75, 74, 77, 73, 72, 73, 75, 72, 77, 77, 73, 73, 73, 73, 75, 75,
    74, 76, 73, 77, 77, 76, 74, 72, 75, 75, 71, 70, 76, 73, 72, 76, 73,
    74, 75, 74, 75, 75, 75, 75, 75, 74, 71, 75, 75, 74, 74, 75, 72, 74,
    72, 76, 74, 72, 74, 77, 73, 71, 73, 77, 75, 75, 74, 75, 73, 74, 74,
    74, 75, 72, 74, 76, 76, 74, 76, 78, 75, 77, 76, 73, 75, 73, 77, 74,
    75 ]
