%YAML:1.0
---
videoName: "headLookRight3.mp4"
gestureLabel: 204
fps: 29
pixelSizeInCmTemp: 3.5746268656716418e-01
faceCenterPointX: 232
faceCenterPointY: 71
headPositionsX: [ 233, 251, 254, 255, 251, 251, 251, 256, 254, 256, 256,
    253, 255, 255, 253, 255, 255, 253, 252, 254, 255, 256, 255, 254, 254,
    253, 256, 255, 255, 253, 253, 255, 256, 255, 254, 256, 252, 252, 251,
    251, 249, 247, 247, 245, 241, 242, 238, 237, 233, 236, 235, 233, 232,
    234, 232, 232, 233, 235, 230, 234, 229, 231, 230, 231, 231, 233, 231,
    233, 234, 229, 233, 232, 233, 231, 230, 234, 233, 229, 231, 231, 238,
    229, 233, 233, 232, 232, 230, 233, 233, 232, 234, 233, 231, 234, 232,
    230, 235, 232, 236, 234 ]
headPositionsY: [ 72, 67, 67, 71, 69, 69, 71, 70, 67, 71, 70, 68, 70, 72,
    69, 72, 69, 72, 71, 70, 70, 70, 72, 73, 73, 69, 72, 74, 70, 70, 72,
    69, 70, 69, 72, 71, 70, 69, 72, 73, 69, 71, 72, 70, 68, 69, 68, 71,
    71, 71, 74, 70, 72, 72, 72, 70, 70, 73, 72, 71, 73, 73, 74, 73, 73,
    73, 75, 73, 69, 72, 73, 73, 70, 71, 69, 70, 71, 69, 70, 73, 71, 72,
    69, 71, 72, 74, 72, 71, 72, 73, 70, 71, 71, 71, 73, 73, 71, 72, 72,
    71 ]
