%YAML:1.0
---
videoName: "headLookRight5.mp4"
gestureLabel: 204
fps: 29
pixelSizeInCmTemp: 3.1513157894736843e-01
faceCenterPointX: 228
faceCenterPointY: 76
headPositionsX: [ 227, 249, 247, 252, 249, 248, 247, 249, 247, 247, 247,
    251, 248, 247, 248, 250, 247, 251, 251, 249, 248, 248, 249, 247, 249,
    248, 250, 250, 250, 249, 246, 247, 247, 247, 242, 239, 238, 234, 233,
    232, 228, 228, 225, 225, 224, 225, 224, 224, 224, 227, 224, 228, 221,
    225, 224, 228, 225, 228, 225, 225, 227, 224, 229, 224, 228, 226, 223,
    224, 227, 227, 224, 222, 227, 226, 227, 225, 226, 229, 225, 223, 224,
    224, 224, 224, 223, 227, 226, 221, 225, 228, 222, 226, 225, 227, 226,
    222, 223, 223, 224, 227 ]
headPositionsY: [ 78, 72, 76, 77, 76, 76, 76, 74, 75, 76, 72, 75, 76, 76,
    75, 75, 74, 73, 74, 74, 76, 76, 73, 75, 75, 75, 76, 75, 75, 77, 73,
    75, 74, 75, 76, 73, 73, 73, 74, 72, 73, 76, 74, 76, 76, 73, 73, 73,
    73, 75, 73, 75, 75, 75, 73, 74, 74, 75, 77, 75, 75, 73, 73, 74, 73,
    73, 77, 73, 75, 75, 76, 75, 73, 76, 73, 75, 74, 75, 75, 69, 73, 73,
    74, 77, 73, 74, 72, 75, 72, 76, 72, 74, 72, 78, 71, 74, 72, 74, 72,
    76 ]
