%YAML:1.0
---
videoName: "headLookRight9.mp4"
gestureLabel: 204
fps: 29
pixelSizeInCmTemp: 2.8511904761904761e-01
faceCenterPointX: 217
faceCenterPointY: 75
headPositionsX: [ 217, 242, 242, 245, 242, 241, 241, 244, 243, 242, 245,
    242, 242, 242, 243, 241, 241, 244, 245, 244, 244, 242, 243, 243, 244,
    241, 244, 245, 245, 243, 244, 238, 238, 232, 235, 228, 228, 223, 220,
    221, 221, 219, 213, 214, 217, 214, 213, 212, 215, 213, 214, 216, 211,
    216, 211, 212, 212, 211, 215, 215, 213, 215, 216, 212, 217, 220, 215,
    215, 214, 217, 217, 207, 208, 218, 211, 213, 214, 214, 214, 216, 218,
    218, 214, 219, 218, 216, 216, 218, 218, 215, 216, 214, 215, 214, 215,
    214, 217, 218, 220, 217 ]
headPositionsY: [ 77, 73, 75, 74, 77, 75, 74, 75, 75, 74, 73, 74, 73, 76,
    75, 75, 76, 73, 75, 74, 74, 72, 73, 74, 76, 73, 73, 77, 75, 75, 74,
    74, 76, 74, 75, 75, 73, 73, 73, 74, 77, 70, 74, 81, 73, 70, 70, 72,
    71, 71, 69, 70, 73, 73, 74, 75, 75, 74, 72, 70, 71, 69, 73, 72, 76,
    78, 75, 73, 72, 71, 71, 78, 76, 69, 76, 74, 72, 73, 72, 75, 73, 69,
    73, 75, 73, 72, 70, 71, 76, 70, 78, 69, 73, 75, 70, 71, 74, 72, 72,
    75 ]
