%YAML:1.0
---
videoName: "headLookRight3.mp4"
gestureLabel: 204
fps: 29
pixelSizeInCmTemp: 3.5746268656716418e-01
faceCenterPointX: 232
faceCenterPointY: 71
headPositionsX: [ 231, 251, 251, 254, 251, 252, 251, 254, 253, 256, 256,
    252, 254, 256, 256, 255, 252, 254, 254, 253, 252, 254, 253, 254, 253,
    253, 253, 253, 253, 255, 252, 257, 256, 256, 253, 256, 253, 255, 255,
    250, 251, 248, 249, 243, 240, 243, 239, 235, 233, 236, 232, 234, 231,
    232, 233, 234, 233, 234, 233, 234, 231, 232, 230, 230, 233, 232, 233,
    232, 232, 233, 233, 233, 230, 231, 234, 235, 234, 231, 233, 228, 236,
    232, 233, 232, 234, 231, 232, 234, 231, 233, 233, 230, 231, 232, 232,
    233, 235, 233, 236, 231 ]
headPositionsY: [ 72, 68, 68, 68, 71, 69, 68, 71, 68, 67, 68, 70, 69, 69,
    71, 72, 71, 68, 71, 69, 70, 69, 73, 69, 72, 70, 70, 70, 72, 71, 70,
    70, 72, 69, 69, 70, 69, 70, 70, 72, 69, 72, 69, 71, 69, 72, 70, 71,
    70, 70, 71, 72, 69, 72, 71, 70, 73, 71, 69, 74, 72, 71, 70, 72, 73,
    71, 76, 71, 72, 71, 69, 69, 71, 71, 72, 70, 72, 69, 70, 70, 72, 69,
    73, 71, 73, 73, 71, 71, 71, 72, 70, 73, 72, 71, 72, 73, 73, 69, 74,
    72 ]
