%YAML:1.0
---
videoName: "headLookRight1.mp4"
gestureLabel: 204
fps: 29
pixelSizeInCmTemp: 3.3263888888888887e-01
faceCenterPointX: 232
faceCenterPointY: 68
headPositionsX: [ 231, 255, 257, 255, 254, 256, 255, 256, 258, 254, 255,
    255, 255, 255, 258, 255, 256, 254, 256, 256, 256, 254, 256, 256, 257,
    256, 254, 253, 253, 253, 255, 252, 252, 247, 248, 244, 239, 241, 236,
    234, 234, 231, 229, 232, 228, 235, 230, 226, 232, 231, 233, 231, 231,
    230, 234, 232, 232, 234, 234, 232, 233, 234, 231, 234, 231, 234, 229,
    231, 234, 231, 234, 232, 232, 234, 234, 232, 230, 234, 230, 235, 232,
    231, 231, 231, 233, 229, 231, 230, 234, 231, 234, 229, 232, 231, 230,
    233, 231, 230, 231, 234 ]
headPositionsY: [ 66, 67, 68, 67, 67, 69, 70, 68, 66, 68, 67, 66, 66, 67,
    70, 66, 67, 68, 67, 69, 67, 70, 68, 68, 67, 70, 68, 66, 66, 71, 69,
    69, 69, 66, 68, 70, 67, 66, 70, 67, 67, 69, 67, 67, 66, 67, 67, 68,
    67, 66, 68, 70, 69, 68, 70, 68, 69, 68, 65, 66, 66, 68, 67, 69, 69,
    70, 68, 67, 67, 69, 68, 70, 67, 71, 68, 68, 69, 68, 65, 69, 69, 69,
    69, 66, 67, 70, 69, 67, 68, 71, 71, 65, 66, 66, 69, 68, 70, 69, 68,
    70 ]
