%YAML:1.0
---
videoName: "headLookRight0.mp4"
gestureLabel: 204
fps: 29
pixelSizeInCmTemp: 3.1933333333333330e-01
faceCenterPointX: 229
faceCenterPointY: 68
headPositionsX: [ 228, 257, 257, 257, 255, 255, 254, 256, 255, 257, 257,
    259, 258, 256, 259, 258, 254, 254, 254, 255, 258, 259, 257, 255, 259,
    254, 254, 253, 254, 255, 256, 258, 255, 253, 257, 256, 255, 254, 253,
    254, 251, 250, 248, 245, 240, 240, 239, 236, 238, 233, 233, 234, 233,
    233, 232, 232, 232, 232, 232, 233, 234, 233, 234, 236, 233, 231, 234,
    233, 231, 232, 232, 237, 233, 237, 235, 233, 232, 231, 231, 229, 234,
    231, 230, 227, 230, 231, 231, 230, 231, 231, 232, 230, 232, 230, 230,
    229, 231, 231, 226, 231 ]
headPositionsY: [ 66, 67, 64, 65, 66, 67, 63, 62, 67, 66, 67, 66, 66, 69,
    67, 66, 66, 67, 67, 66, 66, 67, 67, 69, 65, 69, 70, 65, 66, 67, 68,
    68, 70, 65, 70, 67, 70, 69, 68, 68, 68, 68, 67, 67, 68, 69, 66, 70,
    66, 65, 67, 70, 65, 68, 69, 66, 67, 66, 67, 69, 69, 69, 68, 68, 68,
    68, 69, 70, 68, 67, 66, 68, 68, 66, 66, 67, 69, 67, 71, 68, 69, 68,
    67, 67, 66, 67, 69, 69, 65, 65, 67, 67, 70, 67, 69, 67, 70, 65, 70,
    67 ]
