%YAML:1.0
---
videoName: "headLookRight8.mp4"
gestureLabel: 204
fps: 29
pixelSizeInCmTemp: 3.1513157894736843e-01
faceCenterPointX: 218
faceCenterPointY: 80
headPositionsX: [ 220, 250, 247, 248, 247, 251, 250, 250, 250, 248, 248,
    246, 244, 248, 247, 246, 245, 246, 246, 243, 247, 245, 246, 247, 249,
    247, 245, 247, 247, 248, 245, 248, 248, 245, 248, 248, 246, 245, 248,
    248, 247, 244, 247, 245, 248, 245, 245, 244, 248, 245, 245, 244, 246,
    248, 248, 246, 248, 245, 248, 246, 245, 248, 247, 247, 247, 245, 247,
    248, 243, 245, 244, 241, 235, 232, 231, 230, 227, 225, 224, 220, 221,
    217, 218, 218, 217, 220, 220, 217, 216, 216, 220, 220, 216, 217, 221,
    216, 216, 219, 219, 216 ]
headPositionsY: [ 80, 74, 75, 76, 73, 74, 75, 74, 73, 72, 73, 76, 75, 74,
    77, 74, 77, 76, 75, 74, 75, 78, 77, 74, 79, 74, 78, 74, 76, 76, 75,
    75, 77, 77, 77, 78, 78, 77, 74, 78, 74, 77, 79, 79, 76, 79, 75, 76,
    77, 79, 75, 79, 76, 77, 77, 79, 78, 78, 77, 79, 78, 76, 77, 75, 80,
    76, 79, 76, 77, 75, 76, 78, 78, 75, 78, 76, 78, 73, 72, 74, 72, 77,
    73, 81, 74, 78, 82, 79, 78, 78, 80, 80, 77, 79, 75, 82, 82, 79, 78,
    79 ]
