%YAML:1.0
---
videoName: "headLookRight4.mp4"
gestureLabel: 204
fps: 30
pixelSizeInCmTemp: 3.4214285714285714e-01
faceCenterPointX: 228
faceCenterPointY: 75
headPositionsX: [ 227, 255, 253, 253, 253, 254, 252, 256, 253, 253, 254,
    254, 255, 254, 255, 254, 254, 253, 254, 253, 255, 253, 254, 249, 250,
    251, 249, 254, 251, 253, 249, 248, 249, 245, 244, 241, 240, 237, 234,
    236, 235, 230, 228, 230, 231, 228, 228, 227, 228, 230, 231, 228, 227,
    228, 229, 225, 224, 225, 230, 227, 225, 225, 226, 227, 224, 225, 225,
    226, 227, 223, 225, 229, 228, 224, 226, 225, 228, 223, 229, 226, 225,
    229, 226, 229, 224, 228, 227, 225, 227, 227, 228, 225, 227, 229, 229,
    227, 227, 226, 225, 227 ]
headPositionsY: [ 77, 70, 72, 70, 71, 69, 71, 71, 70, 73, 71, 73, 70, 74,
    71, 72, 74, 73, 72, 74, 72, 72, 74, 72, 73, 73, 74, 71, 71, 76, 72,
    74, 73, 72, 71, 71, 74, 74, 70, 73, 71, 72, 73, 73, 75, 73, 72, 72,
    73, 72, 75, 72, 72, 73, 73, 76, 72, 71, 75, 75, 73, 72, 76, 76, 76,
    71, 75, 74, 76, 74, 76, 73, 77, 75, 78, 73, 75, 75, 75, 76, 75, 76,
    72, 73, 72, 74, 76, 74, 73, 74, 72, 73, 72, 77, 77, 76, 74, 73, 75,
    73 ]
