%YAML:1.0
---
videoName: "headLookRight9.mp4"
gestureLabel: 204
fps: 29
pixelSizeInCmTemp: 2.8511904761904761e-01
faceCenterPointX: 217
faceCenterPointY: 75
headPositionsX: [ 219, 246, 243, 244, 243, 245, 242, 242, 243, 243, 244,
    242, 245, 241, 242, 243, 241, 241, 244, 244, 242, 240, 242, 246, 242,
    242, 241, 244, 242, 242, 240, 237, 238, 234, 232, 229, 228, 225, 222,
    221, 222, 220, 217, 216, 218, 216, 215, 213, 214, 214, 215, 215, 212,
    214, 211, 212, 210, 213, 214, 215, 214, 212, 218, 216, 220, 218, 213,
    215, 215, 216, 214, 207, 210, 217, 212, 213, 215, 214, 213, 215, 217,
    216, 214, 219, 214, 220, 213, 217, 216, 217, 218, 214, 214, 218, 216,
    214, 217, 216, 220, 220 ]
headPositionsY: [ 74, 72, 72, 74, 76, 72, 73, 74, 73, 74, 76, 76, 73, 74,
    73, 77, 72, 74, 72, 76, 73, 75, 74, 77, 72, 77, 74, 75, 74, 73, 74,
    73, 75, 72, 76, 72, 75, 73, 76, 73, 75, 72, 71, 81, 70, 71, 74, 71,
    69, 72, 71, 72, 69, 72, 74, 74, 74, 76, 72, 70, 73, 72, 72, 70, 78,
    79, 75, 72, 71, 69, 70, 79, 79, 70, 72, 72, 74, 76, 75, 74, 73, 73,
    73, 75, 71, 74, 71, 74, 74, 71, 76, 70, 73, 74, 72, 70, 78, 73, 74,
    79 ]
