%YAML:1.0
---
videoName: "headLookRight3.mp4"
gestureLabel: 204
fps: 29
pixelSizeInCmTemp: 3.5746268656716418e-01
faceCenterPointX: 232
faceCenterPointY: 71
headPositionsX: [ 230, 255, 253, 251, 251, 251, 253, 254, 255, 254, 254,
    253, 252, 255, 252, 253, 256, 252, 252, 253, 255, 255, 256, 257, 255,
    253, 253, 254, 257, 256, 256, 256, 254, 256, 252, 256, 256, 254, 254,
    252, 253, 246, 249, 243, 242, 240, 238, 236, 236, 237, 232, 235, 234,
    234, 232, 232, 233, 233, 234, 235, 233, 234, 231, 230, 232, 231, 231,
    230, 231, 229, 233, 233, 232, 233, 232, 231, 231, 231, 234, 228, 238,
    231, 232, 235, 235, 232, 231, 233, 233, 231, 231, 231, 231, 231, 230,
    231, 234, 234, 235, 234 ]
headPositionsY: [ 72, 68, 71, 70, 68, 71, 70, 71, 68, 69, 71, 71, 69, 69,
    68, 71, 72, 72, 72, 70, 71, 71, 73, 70, 72, 72, 73, 74, 71, 73, 69,
    72, 70, 73, 71, 73, 73, 72, 73, 69, 72, 72, 72, 69, 68, 69, 71, 69,
    70, 72, 70, 70, 72, 71, 72, 73, 72, 72, 72, 74, 73, 71, 73, 71, 72,
    74, 73, 71, 71, 71, 69, 71, 71, 73, 70, 71, 73, 70, 70, 71, 73, 72,
    70, 74, 70, 73, 69, 70, 71, 71, 71, 69, 74, 72, 70, 71, 72, 70, 73,
    70 ]
