%YAML:1.0
---
videoName: "headLookRight2.mp4"
gestureLabel: 204
fps: 29
pixelSizeInCmTemp: 3.8015873015873014e-01
faceCenterPointX: 228
faceCenterPointY: 68
headPositionsX: [ 230, 249, 254, 253, 251, 253, 250, 252, 254, 251, 250,
    251, 250, 249, 251, 254, 254, 253, 253, 251, 253, 254, 253, 254, 253,
    254, 252, 251, 251, 253, 254, 253, 251, 255, 254, 251, 256, 250, 253,
    253, 255, 252, 254, 252, 253, 251, 252, 251, 251, 250, 247, 245, 247,
    238, 238, 234, 234, 231, 233, 231, 226, 226, 230, 228, 226, 228, 226,
    228, 222, 228, 230, 227, 226, 228, 227, 230, 229, 231, 229, 231, 232,
    228, 228, 230, 228, 228, 228, 225, 229, 225, 229, 227, 231, 231, 227,
    227, 231, 232, 229, 231 ]
headPositionsY: [ 67, 67, 69, 68, 70, 66, 70, 68, 68, 67, 70, 67, 69, 67,
    70, 67, 72, 70, 68, 68, 69, 69, 68, 69, 68, 68, 72, 69, 70, 71, 72,
    71, 69, 71, 68, 70, 71, 70, 67, 69, 71, 68, 67, 67, 71, 69, 68, 67,
    68, 71, 66, 70, 70, 70, 69, 68, 68, 69, 71, 72, 67, 70, 70, 67, 67,
    67, 67, 69, 71, 71, 68, 66, 67, 67, 69, 71, 73, 72, 70, 71, 67, 71,
    72, 73, 71, 70, 67, 72, 67, 66, 70, 68, 70, 71, 68, 68, 71, 71, 71,
    71 ]
