%YAML:1.0
---
videoName: "headLookRight6.mp4"
gestureLabel: 204
fps: 29
pixelSizeInCmTemp: 3.8015873015873014e-01
faceCenterPointX: 226
faceCenterPointY: 72
headPositionsX: [ 226, 251, 248, 249, 248, 250, 248, 247, 250, 250, 250,
    252, 249, 247, 252, 249, 250, 251, 251, 252, 252, 251, 250, 248, 252,
    249, 250, 250, 249, 251, 249, 250, 247, 250, 245, 244, 242, 240, 235,
    233, 233, 231, 227, 231, 229, 226, 225, 226, 225, 225, 225, 224, 226,
    225, 225, 227, 229, 224, 227, 226, 229, 226, 228, 223, 226, 227, 223,
    228, 229, 227, 227, 226, 228, 226, 224, 225, 226, 228, 226, 226, 225,
    229, 224, 225, 223, 229, 228, 232, 225, 228, 225, 229, 230, 228, 228,
    227, 223, 228, 227, 226 ]
headPositionsY: [ 73, 72, 69, 74, 71, 73, 74, 72, 72, 74, 70, 73, 71, 75,
    76, 75, 72, 74, 73, 74, 76, 76, 76, 74, 76, 73, 72, 73, 75, 76, 72,
    73, 72, 74, 75, 76, 74, 76, 75, 74, 71, 71, 73, 75, 71, 76, 72, 72,
    77, 73, 74, 68, 77, 76, 73, 76, 75, 77, 70, 78, 77, 74, 78, 70, 73,
    72, 73, 74, 77, 77, 74, 75, 74, 73, 70, 74, 73, 76, 76, 73, 75, 73,
    75, 71, 72, 74, 76, 76, 75, 75, 74, 72, 76, 76, 72, 77, 72, 76, 73,
    72 ]
