%YAML:1.0
---
videoName: "headLookRight5.mp4"
gestureLabel: 204
fps: 29
pixelSizeInCmTemp: 3.1513157894736843e-01
faceCenterPointX: 228
faceCenterPointY: 76
headPositionsX: [ 228, 249, 250, 250, 252, 251, 251, 249, 247, 251, 248,
    249, 249, 247, 252, 248, 249, 249, 248, 251, 246, 249, 249, 249, 249,
    248, 249, 247, 249, 246, 248, 248, 245, 243, 243, 240, 236, 236, 234,
    231, 229, 229, 227, 228, 227, 224, 225, 222, 227, 228, 223, 225, 219,
    228, 225, 226, 225, 227, 227, 223, 226, 221, 227, 224, 227, 226, 226,
    226, 226, 225, 224, 221, 226, 225, 226, 224, 225, 226, 226, 222, 224,
    224, 226, 223, 222, 224, 228, 224, 226, 227, 223, 224, 222, 229, 225,
    223, 227, 224, 225, 225 ]
headPositionsY: [ 76, 75, 74, 75, 72, 73, 73, 72, 76, 73, 76, 76, 75, 72,
    77, 75, 77, 74, 73, 73, 74, 73, 74, 72, 76, 74, 77, 75, 73, 76, 72,
    73, 76, 75, 75, 73, 74, 73, 74, 73, 75, 75, 76, 76, 72, 77, 73, 75,
    72, 74, 71, 76, 73, 77, 72, 76, 72, 76, 73, 77, 74, 73, 73, 76, 76,
    76, 77, 74, 76, 76, 73, 75, 74, 75, 72, 75, 71, 75, 72, 73, 75, 73,
    77, 75, 71, 77, 72, 74, 74, 75, 75, 77, 76, 77, 72, 73, 73, 76, 73,
    74 ]
