%YAML:1.0
---
videoName: "headLookRight8.mp4"
gestureLabel: 204
fps: 29
pixelSizeInCmTemp: 3.1513157894736843e-01
faceCenterPointX: 218
faceCenterPointY: 80
headPositionsX: [ 217, 248, 250, 249, 247, 251, 247, 250, 249, 247, 250,
    248, 244, 248, 245, 246, 246, 248, 246, 244, 245, 249, 246, 245, 249,
    246, 246, 247, 246, 248, 246, 249, 247, 245, 248, 245, 249, 246, 248,
    247, 246, 244, 247, 248, 248, 248, 246, 244, 245, 244, 248, 243, 244,
    248, 246, 247, 244, 245, 244, 245, 248, 248, 244, 245, 248, 243, 246,
    248, 243, 241, 240, 240, 237, 234, 229, 229, 224, 223, 220, 219, 219,
    219, 215, 215, 217, 219, 220, 218, 219, 220, 219, 218, 218, 218, 222,
    217, 218, 218, 218, 216 ]
headPositionsY: [ 81, 76, 73, 72, 76, 72, 76, 72, 74, 76, 74, 76, 73, 73,
    77, 76, 74, 78, 73, 75, 74, 75, 74, 74, 77, 77, 75, 74, 75, 77, 76,
    74, 75, 78, 75, 75, 75, 77, 75, 79, 76, 77, 79, 79, 76, 78, 77, 78,
    75, 77, 76, 76, 78, 78, 77, 75, 78, 75, 78, 79, 78, 79, 79, 75, 77,
    79, 79, 80, 77, 75, 78, 80, 76, 75, 75, 74, 77, 74, 73, 75, 75, 78,
    71, 81, 71, 78, 82, 81, 78, 81, 81, 79, 74, 79, 76, 81, 80, 79, 79,
    79 ]
