%YAML:1.0
---
videoName: "headLookRight0.mp4"
gestureLabel: 204
fps: 29
pixelSizeInCmTemp: 3.1933333333333330e-01
faceCenterPointX: 229
faceCenterPointY: 68
headPositionsX: [ 228, 255, 254, 255, 254, 258, 256, 256, 256, 258, 255,
    258, 255, 256, 258, 257, 258, 258, 258, 258, 256, 258, 258, 256, 255,
    254, 257, 256, 258, 259, 256, 257, 257, 253, 255, 254, 257, 253, 256,
    252, 250, 250, 247, 244, 244, 242, 238, 238, 234, 234, 235, 234, 234,
    232, 236, 236, 231, 234, 233, 233, 233, 235, 234, 233, 229, 234, 235,
    231, 233, 232, 234, 236, 232, 234, 233, 230, 228, 233, 231, 232, 236,
    233, 231, 231, 230, 232, 234, 231, 229, 228, 230, 229, 231, 227, 230,
    228, 232, 231, 226, 230 ]
headPositionsY: [ 67, 66, 65, 64, 64, 63, 62, 66, 63, 66, 65, 69, 69, 69,
    66, 68, 68, 68, 68, 69, 69, 68, 67, 69, 69, 67, 66, 67, 65, 70, 66,
    70, 70, 68, 68, 69, 69, 69, 66, 69, 66, 65, 68, 67, 66, 69, 69, 67,
    70, 66, 70, 66, 68, 69, 69, 69, 68, 66, 68, 65, 67, 66, 67, 68, 69,
    68, 66, 68, 67, 70, 69, 66, 69, 67, 70, 66, 66, 65, 68, 67, 66, 70,
    68, 69, 68, 67, 67, 66, 68, 66, 68, 70, 68, 69, 69, 68, 66, 65, 69,
    67 ]
