%YAML:1.0
---
videoName: "headLookRight9.mp4"
gestureLabel: 204
fps: 29
pixelSizeInCmTemp: 2.8511904761904761e-01
faceCenterPointX: 217
faceCenterPointY: 75
headPositionsX: [ 216, 244, 246, 246, 245, 245, 242, 241, 242, 241, 243,
    241, 242, 241, 245, 245, 245, 244, 244, 242, 241, 244, 241, 244, 241,
    245, 242, 241, 243, 241, 241, 239, 238, 232, 231, 230, 230, 223, 224,
    223, 221, 217, 215, 214, 219, 217, 216, 212, 214, 216, 213, 216, 213,
    217, 212, 214, 210, 210, 215, 214, 215, 215, 215, 214, 219, 221, 217,
    216, 214, 214, 217, 210, 209, 216, 214, 213, 215, 214, 216, 215, 217,
    217, 213, 216, 218, 217, 215, 216, 217, 218, 217, 212, 216, 218, 216,
    217, 217, 220, 218, 217 ]
headPositionsY: [ 73, 76, 74, 76, 77, 73, 72, 73, 74, 73, 77, 73, 73, 72,
    77, 77, 76, 73, 76, 73, 72, 76, 73, 77, 74, 77, 76, 73, 74, 72, 76,
    76, 75, 74, 76, 74, 73, 73, 76, 74, 73, 72, 70, 81, 70, 74, 74, 72,
    72, 69, 70, 70, 70, 74, 75, 73, 76, 73, 72, 73, 72, 69, 73, 70, 78,
    80, 72, 74, 73, 72, 73, 77, 79, 71, 74, 74, 74, 76, 75, 71, 75, 71,
    71, 72, 74, 71, 71, 73, 75, 74, 77, 73, 72, 72, 73, 70, 75, 72, 73,
    79 ]
