%YAML:1.0
---
videoName: "headLookRight0.mp4"
gestureLabel: 204
fps: 29
pixelSizeInCmTemp: 3.1933333333333330e-01
faceCenterPointX: 229
faceCenterPointY: 68
headPositionsX: [ 230, 256, 257, 254, 255, 256, 255, 254, 254, 257, 258,
    255, 256, 256, 255, 258, 254, 257, 258, 257, 255, 259, 256, 254, 255,
    257, 258, 257, 254, 255, 257, 257, 256, 254, 257, 253, 257, 255, 256,
    253, 249, 249, 248, 244, 240, 241, 238, 238, 237, 237, 234, 235, 234,
    232, 236, 232, 233, 233, 234, 234, 235, 231, 231, 232, 231, 232, 232,
    233, 232, 234, 232, 238, 231, 233, 231, 233, 230, 233, 232, 231, 235,
    229, 230, 231, 230, 232, 231, 230, 229, 232, 231, 231, 231, 227, 228,
    231, 228, 229, 229, 231 ]
headPositionsY: [ 69, 65, 65, 65, 64, 64, 64, 64, 67, 68, 64, 67, 69, 66,
    69, 65, 68, 65, 66, 67, 70, 68, 66, 67, 68, 67, 66, 67, 65, 66, 69,
    69, 69, 69, 67, 67, 70, 68, 66, 68, 68, 69, 68, 66, 69, 69, 69, 67,
    69, 65, 71, 67, 67, 70, 70, 70, 68, 69, 66, 65, 69, 69, 68, 66, 66,
    67, 65, 69, 66, 66, 69, 68, 68, 66, 66, 67, 66, 66, 67, 66, 66, 69,
    70, 69, 66, 66, 67, 70, 66, 67, 68, 67, 68, 67, 70, 70, 70, 68, 67,
    69 ]
