%YAML:1.0
---
videoName: "headLookRight8.mp4"
gestureLabel: 204
fps: 29
pixelSizeInCmTemp: 3.1513157894736843e-01
faceCenterPointX: 218
faceCenterPointY: 80
headPositionsX: [ 220, 250, 248, 250, 251, 251, 249, 250, 247, 250, 249,
    249, 247, 246, 246, 246, 248, 249, 244, 245, 248, 245, 247, 245, 247,
    248, 247, 247, 248, 247, 245, 246, 247, 249, 245, 246, 248, 246, 247,
    245, 245, 245, 245, 247, 246, 246, 246, 244, 245, 247, 248, 247, 244,
    248, 247, 248, 248, 248, 244, 249, 246, 247, 247, 248, 246, 247, 243,
    245, 243, 245, 244, 238, 237, 234, 230, 226, 225, 224, 223, 220, 222,
    220, 217, 215, 220, 217, 217, 217, 217, 217, 219, 220, 218, 217, 220,
    218, 220, 220, 220, 220 ]
headPositionsY: [ 82, 77, 73, 74, 76, 73, 75, 72, 71, 75, 76, 77, 75, 73,
    75, 76, 75, 75, 76, 77, 74, 76, 74, 78, 76, 77, 75, 75, 78, 75, 74,
    77, 76, 76, 76, 78, 77, 76, 77, 79, 77, 78, 79, 76, 76, 78, 79, 77,
    79, 77, 76, 78, 78, 78, 75, 78, 74, 75, 75, 75, 75, 78, 78, 79, 79,
    75, 80, 76, 78, 77, 80, 76, 78, 74, 76, 76, 75, 74, 71, 75, 74, 77,
    75, 81, 71, 79, 81, 80, 78, 82, 79, 81, 78, 76, 74, 81, 79, 78, 82,
    79 ]
