%YAML:1.0
---
videoName: "headLookRight4.mp4"
gestureLabel: 204
fps: 30
pixelSizeInCmTemp: 3.4214285714285714e-01
faceCenterPointX: 228
faceCenterPointY: 75
headPositionsX: [ 227, 252, 254, 252, 255, 255, 251, 256, 252, 252, 253,
    256, 253, 255, 251, 255, 253, 251, 254, 252, 251, 251, 250, 251, 253,
    251, 252, 254, 251, 249, 249, 251, 249, 247, 243, 244, 239, 238, 238,
    232, 235, 234, 228, 232, 228, 231, 232, 227, 231, 230, 229, 228, 225,
    226, 231, 227, 223, 227, 227, 229, 229, 226, 226, 229, 227, 227, 227,
    226, 227, 225, 227, 228, 228, 223, 225, 225, 229, 225, 226, 229, 227,
    226, 228, 227, 226, 226, 228, 227, 228, 230, 224, 229, 223, 227, 227,
    229, 227, 226, 226, 229 ]
headPositionsY: [ 76, 72, 71, 70, 73, 73, 72, 72, 70, 72, 72, 71, 70, 72,
    75, 72, 73, 73, 73, 75, 73, 72, 75, 72, 74, 74, 74, 72, 71, 72, 72,
    75, 72, 73, 75, 74, 72, 75, 70, 73, 70, 75, 74, 71, 73, 73, 74, 73,
    72, 73, 76, 71, 75, 73, 74, 74, 75, 74, 73, 74, 75, 76, 73, 73, 75,
    73, 76, 75, 74, 73, 76, 73, 76, 73, 76, 72, 72, 73, 77, 73, 75, 75,
    75, 74, 73, 75, 76, 75, 75, 74, 73, 74, 76, 74, 75, 74, 76, 76, 76,
    72 ]
