%YAML:1.0
---
videoName: "headLookRight6.mp4"
gestureLabel: 204
fps: 29
pixelSizeInCmTemp: 3.8015873015873014e-01
faceCenterPointX: 226
faceCenterPointY: 72
headPositionsX: [ 225, 249, 248, 251, 250, 246, 249, 251, 249, 250, 247,
    248, 250, 247, 249, 250, 248, 249, 251, 249, 252, 251, 250, 250, 250,
    252, 251, 251, 253, 249, 251, 249, 248, 248, 245, 246, 243, 241, 239,
    234, 234, 231, 227, 229, 226, 225, 224, 225, 225, 225, 227, 227, 225,
    226, 224, 228, 227, 227, 225, 229, 229, 228, 229, 226, 228, 227, 224,
    228, 231, 228, 225, 228, 230, 227, 228, 223, 227, 226, 225, 230, 224,
    227, 224, 226, 223, 226, 228, 232, 225, 228, 224, 227, 228, 225, 224,
    228, 223, 227, 227, 228 ]
headPositionsY: [ 73, 71, 72, 75, 71, 72, 72, 73, 71, 71, 72, 71, 71, 75,
    74, 74, 74, 74, 73, 73, 73, 76, 72, 72, 72, 74, 73, 76, 74, 76, 73,
    75, 73, 73, 73, 72, 72, 75, 74, 73, 73, 75, 73, 77, 74, 73, 70, 70,
    75, 74, 73, 68, 73, 76, 71, 73, 77, 75, 71, 78, 77, 72, 76, 71, 74,
    72, 73, 73, 78, 74, 72, 75, 73, 74, 74, 71, 70, 74, 72, 77, 75, 73,
    71, 71, 72, 72, 78, 76, 76, 76, 74, 76, 73, 73, 68, 77, 72, 72, 76,
    69 ]
