%YAML:1.0
---
videoName: "headLookRight4.mp4"
gestureLabel: 204
fps: 30
pixelSizeInCmTemp: 3.4214285714285714e-01
faceCenterPointX: 228
faceCenterPointY: 75
headPositionsX: [ 230, 253, 253, 254, 254, 251, 252, 253, 255, 253, 255,
    255, 252, 254, 255, 251, 252, 253, 255, 250, 252, 250, 253, 253, 250,
    255, 250, 251, 252, 253, 251, 251, 248, 246, 245, 242, 242, 240, 236,
    235, 234, 232, 231, 228, 228, 230, 232, 229, 228, 230, 227, 228, 227,
    228, 228, 227, 227, 228, 226, 225, 227, 227, 228, 226, 227, 223, 224,
    227, 224, 226, 223, 228, 227, 221, 226, 228, 227, 227, 229, 228, 225,
    225, 225, 229, 226, 225, 227, 224, 224, 231, 225, 229, 226, 229, 227,
    229, 223, 225, 228, 229 ]
headPositionsY: [ 73, 74, 71, 70, 73, 71, 69, 69, 71, 69, 72, 74, 73, 72,
    74, 74, 71, 74, 73, 71, 72, 75, 72, 71, 74, 75, 70, 75, 72, 75, 71,
    73, 75, 74, 73, 73, 74, 71, 71, 71, 73, 71, 70, 73, 75, 72, 74, 75,
    72, 74, 76, 75, 74, 72, 76, 76, 74, 75, 75, 75, 77, 72, 74, 76, 72,
    72, 75, 78, 72, 74, 73, 73, 77, 72, 78, 75, 74, 75, 76, 76, 72, 77,
    74, 76, 71, 73, 74, 76, 73, 77, 72, 71, 76, 74, 74, 75, 75, 75, 75,
    76 ]
