%YAML:1.0
---
videoName: "headLookRight7.mp4"
gestureLabel: 204
fps: 30
pixelSizeInCmTemp: 3.4710144927536229e-01
faceCenterPointX: 226
faceCenterPointY: 74
headPositionsX: [ 224, 252, 251, 248, 252, 252, 250, 248, 249, 251, 248,
    248, 248, 249, 251, 247, 250, 248, 252, 250, 250, 251, 250, 247, 249,
    249, 249, 246, 245, 247, 243, 242, 238, 239, 237, 232, 230, 229, 228,
    229, 228, 226, 225, 224, 220, 222, 225, 226, 222, 224, 222, 225, 222,
    224, 223, 225, 222, 223, 224, 224, 223, 221, 225, 223, 226, 224, 224,
    224, 223, 222, 217, 226, 227, 226, 221, 227, 222, 226, 225, 223, 220,
    220, 224, 224, 226, 223, 225, 224, 223, 222, 223, 224, 224, 224, 226,
    223, 224, 225, 226, 226 ]
headPositionsY: [ 76, 73, 73, 76, 73, 75, 74, 75, 74, 75, 74, 75, 73, 76,
    77, 73, 74, 77, 73, 72, 74, 77, 76, 75, 76, 77, 75, 76, 76, 72, 75,
    75, 75, 76, 77, 74, 74, 73, 75, 74, 72, 75, 70, 76, 75, 73, 74, 72,
    74, 73, 75, 76, 77, 75, 73, 76, 73, 72, 75, 72, 73, 74, 73, 73, 72,
    75, 74, 73, 71, 76, 80, 75, 71, 75, 76, 74, 75, 73, 75, 74, 73, 75,
    76, 77, 73, 73, 74, 74, 72, 72, 74, 73, 77, 77, 71, 74, 76, 77, 71,
    75 ]
