%YAML:1.0
---
videoName: "headLookRight5.mp4"
gestureLabel: 204
fps: 29
pixelSizeInCmTemp: 3.1513157894736843e-01
faceCenterPointX: 228
faceCenterPointY: 76
headPositionsX: [ 230, 251, 247, 250, 249, 251, 251, 250, 249, 251, 250,
    248, 252, 248, 248, 251, 247, 252, 249, 249, 248, 251, 251, 248, 248,
    248, 248, 247, 251, 249, 250, 247, 245, 245, 244, 239, 239, 238, 232,
    229, 229, 231, 224, 224, 225, 228, 223, 224, 228, 228, 226, 225, 219,
    228, 225, 227, 227, 224, 223, 222, 225, 224, 227, 228, 228, 226, 227,
    227, 228, 226, 224, 225, 227, 225, 223, 224, 227, 225, 227, 223, 222,
    225, 224, 225, 225, 227, 226, 224, 225, 226, 224, 226, 224, 229, 226,
    223, 224, 225, 227, 225 ]
headPositionsY: [ 74, 76, 76, 74, 73, 73, 76, 75, 74, 72, 73, 76, 72, 73,
    77, 76, 77, 77, 75, 75, 72, 72, 77, 74, 73, 74, 77, 76, 73, 74, 75,
    77, 75, 74, 74, 72, 75, 73, 74, 73, 74, 72, 76, 74, 72, 75, 75, 76,
    75, 73, 75, 73, 73, 73, 73, 74, 73, 72, 76, 73, 75, 76, 73, 76, 73,
    74, 75, 73, 74, 75, 74, 76, 73, 74, 75, 73, 71, 73, 76, 69, 75, 73,
    73, 77, 72, 74, 73, 75, 73, 74, 71, 76, 76, 77, 71, 76, 72, 73, 75,
    74 ]
