%YAML:1.0
---
videoName: "headLookRight1.mp4"
gestureLabel: 204
fps: 29
pixelSizeInCmTemp: 3.3263888888888887e-01
faceCenterPointX: 232
faceCenterPointY: 68
headPositionsX: [ 234, 256, 257, 257, 255, 256, 255, 256, 254, 258, 255,
    258, 255, 259, 257, 255, 256, 255, 254, 257, 257, 254, 253, 256, 255,
    253, 252, 253, 255, 257, 252, 253, 253, 247, 244, 245, 241, 241, 239,
    233, 234, 235, 229, 233, 231, 233, 233, 227, 232, 229, 233, 232, 232,
    232, 234, 234, 230, 235, 232, 236, 234, 230, 231, 231, 232, 231, 231,
    232, 232, 231, 234, 231, 231, 235, 238, 234, 231, 234, 232, 233, 229,
    232, 230, 231, 230, 232, 233, 234, 233, 233, 231, 232, 232, 231, 230,
    231, 235, 231, 232, 231 ]
headPositionsY: [ 67, 67, 69, 66, 70, 66, 66, 69, 69, 69, 68, 67, 70, 70,
    70, 68, 66, 66, 69, 70, 69, 67, 67, 69, 69, 68, 68, 69, 66, 67, 70,
    70, 70, 70, 70, 70, 67, 69, 67, 69, 67, 68, 69, 67, 65, 67, 67, 67,
    67, 66, 71, 69, 71, 68, 69, 67, 69, 66, 66, 65, 70, 68, 67, 68, 69,
    70, 65, 69, 67, 68, 67, 67, 68, 67, 66, 66, 68, 70, 69, 67, 65, 66,
    70, 70, 69, 71, 66, 66, 67, 69, 67, 65, 67, 70, 67, 67, 68, 69, 70,
    67 ]
