%YAML:1.0
---
videoName: "headLookRight3.mp4"
gestureLabel: 204
fps: 29
pixelSizeInCmTemp: 3.5746268656716418e-01
faceCenterPointX: 232
faceCenterPointY: 71
headPositionsX: [ 233, 253, 251, 254, 252, 255, 251, 256, 252, 253, 255,
    254, 253, 253, 255, 255, 256, 255, 255, 253, 254, 255, 254, 255, 257,
    253, 253, 254, 253, 255, 253, 256, 255, 253, 256, 257, 253, 254, 255,
    249, 252, 249, 247, 243, 242, 241, 237, 237, 237, 233, 236, 234, 234,
    233, 231, 235, 231, 231, 233, 231, 230, 233, 230, 232, 230, 233, 233,
    232, 234, 229, 233, 233, 230, 234, 232, 232, 234, 229, 231, 232, 235,
    231, 231, 231, 234, 233, 230, 232, 235, 233, 235, 232, 231, 234, 231,
    234, 235, 234, 236, 231 ]
headPositionsY: [ 71, 67, 69, 70, 68, 70, 69, 70, 70, 68, 72, 68, 72, 71,
    72, 72, 71, 70, 69, 69, 69, 71, 71, 71, 71, 69, 72, 71, 71, 70, 69,
    69, 70, 69, 70, 73, 71, 71, 72, 72, 70, 70, 71, 71, 70, 71, 70, 71,
    72, 73, 73, 70, 69, 73, 73, 73, 70, 72, 70, 74, 71, 70, 70, 73, 73,
    70, 72, 73, 70, 73, 69, 70, 72, 69, 70, 73, 72, 73, 70, 73, 72, 73,
    71, 73, 71, 74, 72, 69, 72, 69, 73, 72, 70, 69, 70, 69, 70, 69, 70,
    74 ]
