%YAML:1.0
---
videoName: "headLookRight0.mp4"
gestureLabel: 204
fps: 29
pixelSizeInCmTemp: 3.1933333333333330e-01
faceCenterPointX: 229
faceCenterPointY: 68
headPositionsX: [ 230, 257, 256, 257, 257, 255, 257, 255, 258, 254, 257,
    258, 254, 255, 258, 255, 256, 257, 258, 255, 257, 258, 255, 256, 259,
    257, 256, 257, 258, 258, 256, 255, 255, 257, 257, 257, 256, 257, 252,
    254, 253, 250, 248, 244, 242, 240, 236, 239, 237, 234, 233, 235, 236,
    231, 234, 234, 235, 236, 235, 230, 233, 232, 231, 236, 229, 232, 233,
    232, 235, 236, 233, 236, 232, 233, 231, 231, 230, 233, 232, 229, 234,
    232, 233, 229, 231, 229, 233, 230, 227, 232, 233, 230, 232, 227, 229,
    229, 231, 231, 225, 229 ]
headPositionsY: [ 70, 68, 64, 67, 65, 67, 63, 65, 67, 65, 64, 67, 68, 67,
    65, 66, 65, 67, 67, 68, 67, 67, 68, 66, 67, 68, 66, 66, 68, 70, 69,
    67, 67, 67, 67, 68, 70, 68, 70, 70, 66, 67, 65, 65, 68, 66, 67, 68,
    68, 67, 71, 67, 69, 67, 67, 67, 66, 68, 66, 69, 68, 70, 70, 67, 67,
    67, 69, 69, 67, 67, 66, 69, 68, 70, 68, 68, 66, 67, 67, 66, 66, 67,
    66, 65, 66, 69, 71, 66, 64, 69, 67, 67, 70, 69, 68, 70, 66, 68, 66,
    70 ]
