%YAML:1.0
---
videoName: "headLookRight1.mp4"
gestureLabel: 204
fps: 29
pixelSizeInCmTemp: 3.3263888888888887e-01
faceCenterPointX: 232
faceCenterPointY: 68
headPositionsX: [ 234, 258, 256, 257, 257, 254, 254, 258, 257, 258, 258,
    256, 253, 257, 257, 257, 257, 254, 256, 255, 257, 254, 257, 256, 255,
    253, 252, 256, 257, 257, 256, 252, 250, 249, 246, 247, 243, 239, 236,
    233, 233, 231, 230, 230, 228, 235, 229, 228, 232, 232, 229, 231, 233,
    232, 234, 231, 233, 235, 234, 236, 234, 232, 232, 231, 231, 233, 232,
    235, 233, 233, 230, 232, 232, 234, 236, 232, 233, 231, 234, 232, 232,
    232, 231, 233, 232, 231, 232, 233, 232, 234, 231, 233, 233, 231, 231,
    230, 235, 230, 232, 231 ]
headPositionsY: [ 67, 67, 69, 70, 66, 67, 67, 68, 67, 66, 66, 68, 68, 66,
    69, 70, 66, 68, 68, 66, 70, 69, 67, 70, 67, 69, 70, 68, 70, 67, 67,
    67, 68, 68, 70, 69, 68, 65, 70, 70, 69, 68, 68, 66, 69, 68, 70, 71,
    67, 70, 69, 70, 72, 67, 67, 68, 67, 66, 67, 66, 69, 68, 68, 70, 66,
    69, 65, 67, 68, 66, 66, 67, 69, 67, 69, 66, 71, 66, 65, 71, 65, 67,
    67, 66, 68, 67, 67, 69, 66, 67, 71, 69, 69, 66, 70, 69, 69, 67, 68,
    68 ]
