%YAML:1.0
---
videoName: "headLookRight9.mp4"
gestureLabel: 204
fps: 29
pixelSizeInCmTemp: 2.8511904761904761e-01
faceCenterPointX: 217
faceCenterPointY: 75
headPositionsX: [ 218, 245, 246, 244, 243, 244, 241, 244, 242, 242, 245,
    241, 242, 241, 244, 242, 245, 243, 244, 244, 245, 243, 244, 246, 242,
    243, 244, 244, 241, 241, 240, 241, 239, 233, 232, 231, 228, 224, 222,
    220, 218, 220, 214, 216, 219, 216, 213, 214, 214, 213, 215, 215, 210,
    217, 214, 211, 211, 213, 216, 215, 214, 213, 219, 212, 217, 220, 214,
    216, 216, 213, 214, 208, 211, 215, 213, 217, 214, 212, 214, 218, 216,
    216, 215, 216, 217, 217, 215, 217, 216, 218, 216, 210, 213, 214, 215,
    218, 216, 218, 217, 216 ]
headPositionsY: [ 76, 76, 75, 72, 74, 74, 75, 73, 72, 76, 76, 75, 74, 74,
    77, 76, 76, 72, 73, 72, 75, 75, 74, 73, 72, 76, 72, 74, 73, 76, 77,
    75, 76, 74, 75, 73, 71, 72, 76, 74, 73, 71, 73, 82, 73, 70, 72, 74,
    72, 70, 72, 69, 70, 71, 76, 75, 73, 72, 72, 73, 73, 72, 73, 73, 76,
    79, 75, 74, 71, 70, 71, 79, 78, 72, 74, 73, 74, 73, 75, 71, 74, 70,
    73, 74, 73, 71, 73, 73, 76, 70, 76, 71, 71, 73, 69, 71, 76, 76, 73,
    77 ]
