%YAML:1.0
---
videoName: "headLookRight9.mp4"
gestureLabel: 204
fps: 29
pixelSizeInCmTemp: 2.8511904761904761e-01
faceCenterPointX: 217
faceCenterPointY: 75
headPositionsX: [ 218, 242, 242, 245, 242, 245, 243, 241, 242, 242, 245,
    245, 244, 243, 245, 245, 243, 241, 245, 241, 243, 243, 242, 246, 240,
    243, 245, 243, 241, 244, 240, 240, 235, 235, 234, 230, 227, 222, 220,
    219, 220, 216, 215, 214, 218, 216, 216, 212, 216, 217, 216, 217, 213,
    218, 214, 211, 211, 213, 213, 213, 215, 211, 216, 215, 219, 218, 216,
    212, 213, 217, 217, 207, 210, 217, 211, 214, 214, 214, 214, 217, 215,
    218, 216, 216, 214, 218, 213, 218, 216, 216, 217, 212, 216, 217, 212,
    216, 220, 220, 218, 219 ]
headPositionsY: [ 77, 74, 72, 74, 76, 72, 75, 72, 72, 75, 74, 76, 77, 75,
    73, 74, 75, 73, 74, 72, 73, 73, 73, 73, 73, 75, 76, 75, 75, 72, 77,
    76, 73, 75, 74, 73, 72, 70, 73, 72, 77, 70, 73, 78, 70, 74, 74, 71,
    73, 69, 71, 69, 71, 71, 72, 72, 74, 73, 72, 72, 69, 72, 74, 70, 80,
    77, 72, 74, 74, 72, 70, 76, 78, 72, 76, 73, 71, 72, 72, 72, 75, 71,
    72, 73, 71, 74, 72, 74, 73, 72, 75, 73, 73, 72, 73, 70, 75, 72, 72,
    77 ]
