%YAML:1.0
---
videoName: "headLookRight0.mp4"
gestureLabel: 204
fps: 29
pixelSizeInCmTemp: 3.1933333333333330e-01
faceCenterPointX: 229
faceCenterPointY: 68
headPositionsX: [ 230, 255, 255, 253, 256, 254, 255, 256, 254, 256, 256,
    255, 254, 256, 258, 255, 255, 258, 254, 257, 255, 257, 254, 257, 255,
    255, 257, 257, 254, 259, 255, 257, 256, 256, 255, 256, 256, 254, 255,
    254, 249, 250, 250, 245, 241, 240, 236, 238, 235, 234, 233, 233, 236,
    233, 232, 233, 233, 236, 235, 232, 233, 232, 233, 235, 232, 235, 234,
    234, 234, 234, 235, 234, 233, 234, 234, 231, 231, 229, 232, 231, 236,
    233, 231, 230, 234, 231, 230, 230, 231, 230, 230, 229, 228, 228, 230,
    230, 232, 230, 228, 231 ]
headPositionsY: [ 67, 66, 64, 65, 65, 63, 63, 65, 66, 68, 67, 66, 65, 68,
    65, 66, 65, 68, 65, 66, 68, 65, 67, 65, 68, 68, 70, 68, 67, 69, 67,
    69, 69, 69, 69, 69, 70, 66, 67, 67, 67, 68, 68, 66, 68, 69, 66, 68,
    69, 68, 68, 68, 68, 70, 69, 69, 70, 67, 70, 68, 70, 69, 68, 68, 68,
    66, 66, 67, 67, 67, 67, 68, 67, 67, 69, 69, 70, 66, 68, 70, 66, 69,
    68, 65, 66, 67, 70, 70, 66, 68, 69, 67, 67, 71, 70, 68, 68, 64, 67,
    67 ]
