%YAML:1.0
---
videoName: "headLookRight9.mp4"
gestureLabel: 204
fps: 29
pixelSizeInCmTemp: 2.8511904761904761e-01
faceCenterPointX: 217
faceCenterPointY: 75
headPositionsX: [ 215, 246, 242, 245, 245, 242, 241, 241, 242, 242, 246,
    241, 243, 243, 241, 244, 241, 242, 245, 245, 241, 240, 243, 246, 242,
    241, 242, 243, 241, 240, 240, 239, 239, 232, 235, 230, 229, 224, 224,
    220, 218, 217, 216, 214, 217, 214, 214, 215, 216, 217, 217, 217, 213,
    217, 215, 214, 212, 211, 213, 216, 212, 211, 216, 212, 218, 220, 213,
    213, 214, 213, 213, 207, 209, 217, 211, 215, 215, 212, 213, 219, 216,
    219, 216, 219, 215, 219, 215, 215, 218, 217, 219, 213, 217, 217, 213,
    214, 219, 218, 218, 217 ]
headPositionsY: [ 75, 72, 74, 75, 77, 73, 72, 72, 73, 76, 75, 76, 77, 75,
    74, 76, 75, 73, 76, 75, 74, 72, 76, 74, 73, 77, 75, 75, 75, 73, 75,
    73, 76, 76, 75, 76, 73, 73, 75, 76, 74, 70, 74, 81, 74, 74, 73, 71,
    69, 72, 71, 73, 73, 75, 76, 76, 74, 72, 69, 73, 69, 72, 74, 71, 77,
    80, 71, 74, 73, 69, 72, 76, 77, 68, 74, 70, 72, 75, 73, 74, 72, 72,
    72, 75, 71, 71, 72, 73, 75, 71, 76, 73, 73, 73, 70, 73, 75, 74, 73,
    79 ]
