%YAML:1.0
---
videoName: "headLookRight3.mp4"
gestureLabel: 204
fps: 29
pixelSizeInCmTemp: 3.5746268656716418e-01
faceCenterPointX: 232
faceCenterPointY: 71
headPositionsX: [ 232, 253, 251, 255, 252, 254, 253, 252, 253, 256, 255,
    253, 254, 255, 253, 255, 256, 252, 253, 257, 252, 255, 252, 255, 256,
    254, 255, 256, 256, 256, 255, 257, 253, 257, 255, 253, 254, 252, 254,
    249, 251, 247, 245, 245, 243, 241, 241, 238, 235, 234, 232, 233, 233,
    230, 234, 233, 231, 232, 234, 231, 229, 234, 231, 234, 231, 233, 229,
    231, 235, 231, 230, 234, 230, 234, 232, 233, 233, 233, 231, 232, 235,
    231, 234, 232, 233, 233, 234, 232, 232, 233, 232, 233, 234, 230, 234,
    234, 234, 234, 238, 231 ]
headPositionsY: [ 69, 68, 71, 69, 68, 68, 68, 68, 67, 71, 69, 70, 70, 70,
    71, 72, 70, 68, 69, 69, 69, 71, 72, 73, 71, 73, 73, 71, 69, 73, 70,
    69, 73, 69, 69, 71, 69, 69, 73, 73, 70, 72, 70, 72, 68, 70, 68, 70,
    73, 71, 74, 69, 72, 74, 70, 71, 71, 73, 72, 74, 73, 70, 70, 74, 72,
    74, 75, 74, 71, 73, 72, 72, 71, 70, 72, 73, 71, 71, 73, 72, 70, 69,
    69, 72, 70, 71, 73, 70, 72, 72, 72, 70, 73, 73, 69, 72, 69, 71, 71,
    74 ]
