%YAML:1.0
---
videoName: "headLookRight3.mp4"
gestureLabel: 204
fps: 29
pixelSizeInCmTemp: 3.5746268656716418e-01
faceCenterPointX: 232
faceCenterPointY: 71
headPositionsX: [ 233, 254, 254, 253, 253, 254, 252, 254, 254, 253, 252,
    255, 252, 255, 252, 255, 255, 253, 256, 255, 253, 254, 252, 254, 257,
    252, 252, 256, 256, 252, 253, 255, 252, 253, 255, 256, 256, 252, 252,
    252, 250, 246, 249, 242, 243, 240, 240, 238, 233, 234, 232, 235, 232,
    231, 231, 234, 231, 233, 231, 235, 232, 234, 232, 232, 230, 232, 229,
    234, 231, 233, 232, 231, 233, 233, 230, 233, 235, 229, 234, 228, 238,
    231, 233, 232, 233, 235, 234, 232, 233, 231, 235, 233, 234, 234, 232,
    230, 234, 234, 238, 233 ]
headPositionsY: [ 70, 69, 69, 68, 71, 70, 68, 71, 69, 68, 69, 69, 72, 70,
    72, 72, 70, 71, 69, 71, 73, 72, 71, 70, 73, 69, 72, 70, 71, 73, 73,
    72, 71, 70, 73, 73, 69, 72, 73, 72, 72, 73, 73, 68, 71, 69, 70, 72,
    72, 69, 73, 73, 73, 70, 71, 71, 72, 74, 72, 73, 73, 71, 74, 74, 72,
    71, 76, 71, 69, 74, 72, 72, 74, 70, 71, 71, 73, 69, 70, 73, 70, 72,
    69, 71, 73, 74, 72, 70, 69, 69, 70, 71, 74, 70, 73, 69, 72, 68, 73,
    70 ]
