%YAML:1.0
---
videoName: "headLookRight7.mp4"
gestureLabel: 204
fps: 30
pixelSizeInCmTemp: 3.4710144927536229e-01
faceCenterPointX: 226
faceCenterPointY: 74
headPositionsX: [ 228, 251, 250, 252, 251, 248, 248, 252, 250, 247, 248,
    252, 251, 251, 250, 249, 247, 247, 250, 251, 249, 247, 249, 249, 249,
    248, 247, 249, 249, 246, 242, 241, 240, 236, 235, 232, 229, 229, 228,
    225, 225, 224, 225, 221, 220, 221, 225, 222, 225, 222, 225, 225, 223,
    222, 223, 223, 226, 222, 223, 226, 225, 223, 222, 224, 223, 226, 224,
    221, 221, 223, 219, 226, 224, 224, 224, 226, 226, 226, 223, 224, 223,
    222, 223, 223, 224, 222, 228, 227, 225, 226, 224, 220, 221, 224, 227,
    223, 221, 223, 223, 222 ]
headPositionsY: [ 74, 75, 75, 73, 74, 73, 77, 73, 72, 76, 75, 76, 77, 75,
    74, 76, 73, 75, 74, 72, 76, 76, 76, 73, 76, 73, 73, 73, 77, 72, 74,
    74, 77, 77, 76, 77, 76, 77, 76, 75, 72, 73, 71, 76, 74, 73, 76, 73,
    72, 76, 76, 75, 75, 72, 73, 76, 74, 73, 76, 76, 73, 71, 71, 74, 75,
    74, 76, 70, 72, 75, 76, 75, 73, 74, 74, 73, 73, 71, 73, 72, 71, 77,
    74, 77, 72, 73, 72, 73, 73, 74, 76, 75, 75, 74, 74, 73, 73, 76, 74,
    73 ]
