%YAML:1.0
---
videoName: "headLookRight6.mp4"
gestureLabel: 204
fps: 29
pixelSizeInCmTemp: 3.8015873015873014e-01
faceCenterPointX: 226
faceCenterPointY: 72
headPositionsX: [ 224, 251, 251, 247, 250, 249, 248, 248, 250, 249, 247,
    250, 248, 248, 249, 251, 248, 250, 250, 250, 249, 251, 253, 249, 252,
    252, 252, 251, 249, 251, 251, 250, 250, 248, 248, 245, 243, 238, 235,
    233, 232, 231, 228, 228, 226, 226, 226, 224, 225, 227, 227, 226, 228,
    228, 224, 230, 225, 226, 229, 226, 229, 227, 231, 224, 225, 228, 225,
    227, 227, 226, 226, 225, 228, 228, 227, 225, 230, 227, 224, 226, 226,
    226, 225, 225, 226, 228, 231, 231, 227, 224, 226, 227, 229, 228, 225,
    227, 226, 225, 227, 226 ]
headPositionsY: [ 74, 73, 73, 73, 73, 71, 70, 73, 74, 73, 73, 74, 75, 74,
    75, 75, 73, 72, 72, 76, 75, 77, 73, 74, 73, 73, 72, 74, 75, 75, 76,
    73, 73, 73, 72, 76, 73, 75, 73, 75, 74, 72, 72, 76, 75, 73, 71, 74,
    74, 73, 76, 70, 73, 72, 75, 75, 76, 73, 73, 78, 76, 74, 77, 73, 75,
    73, 75, 74, 77, 75, 74, 73, 72, 75, 73, 71, 74, 75, 75, 77, 77, 74,
    74, 70, 72, 76, 77, 77, 72, 74, 73, 74, 77, 73, 68, 76, 69, 72, 72,
    69 ]
