%YAML:1.0
---
videoName: "headLookRight5.mp4"
gestureLabel: 204
fps: 29
pixelSizeInCmTemp: 3.1513157894736843e-01
faceCenterPointX: 228
faceCenterPointY: 76
headPositionsX: [ 229, 251, 250, 251, 250, 251, 247, 251, 251, 250, 251,
    251, 252, 249, 251, 248, 247, 251, 251, 248, 247, 247, 250, 250, 247,
    248, 248, 251, 250, 249, 247, 248, 247, 244, 243, 242, 240, 236, 234,
    232, 231, 229, 227, 226, 226, 227, 227, 226, 225, 229, 226, 226, 220,
    225, 223, 227, 227, 224, 226, 224, 224, 224, 229, 224, 227, 225, 226,
    227, 225, 227, 226, 225, 226, 228, 226, 224, 226, 225, 225, 222, 225,
    227, 226, 223, 223, 227, 225, 221, 224, 224, 223, 227, 223, 227, 224,
    223, 226, 223, 223, 227 ]
headPositionsY: [ 76, 76, 76, 76, 74, 73, 75, 72, 75, 76, 75, 74, 74, 72,
    76, 73, 75, 74, 77, 73, 73, 72, 73, 73, 75, 77, 75, 74, 77, 74, 73,
    76, 73, 75, 73, 75, 72, 73, 74, 73, 71, 76, 76, 73, 76, 74, 74, 74,
    76, 73, 75, 76, 72, 76, 75, 77, 73, 76, 77, 77, 76, 76, 77, 74, 77,
    77, 77, 72, 76, 72, 72, 77, 73, 77, 71, 71, 72, 73, 76, 70, 75, 75,
    75, 73, 73, 73, 74, 73, 72, 74, 75, 74, 72, 74, 71, 72, 73, 73, 74,
    75 ]
