%YAML:1.0
---
videoName: "headLookRight6.mp4"
gestureLabel: 204
fps: 29
pixelSizeInCmTemp: 3.8015873015873014e-01
faceCenterPointX: 226
faceCenterPointY: 72
headPositionsX: [ 225, 248, 249, 247, 246, 246, 251, 251, 248, 250, 248,
    251, 248, 250, 252, 248, 249, 249, 251, 250, 251, 249, 253, 251, 249,
    248, 250, 254, 251, 253, 249, 252, 250, 249, 248, 247, 243, 240, 237,
    236, 231, 231, 226, 229, 225, 227, 226, 226, 224, 226, 227, 225, 227,
    224, 224, 226, 229, 227, 225, 229, 228, 225, 227, 223, 227, 225, 224,
    228, 231, 225, 229, 227, 228, 230, 226, 227, 228, 225, 228, 226, 228,
    229, 228, 225, 227, 227, 227, 229, 226, 224, 227, 228, 228, 225, 225,
    229, 227, 227, 226, 225 ]
headPositionsY: [ 70, 70, 73, 72, 70, 72, 70, 75, 75, 74, 72, 71, 73, 72,
    74, 75, 73, 74, 75, 75, 72, 76, 72, 72, 75, 74, 73, 72, 74, 76, 76,
    76, 76, 73, 74, 75, 73, 72, 71, 75, 75, 73, 74, 76, 74, 76, 72, 73,
    75, 74, 77, 68, 76, 73, 73, 75, 77, 74, 70, 78, 74, 75, 75, 71, 77,
    70, 74, 72, 76, 76, 72, 75, 73, 74, 72, 71, 72, 74, 74, 76, 75, 77,
    71, 71, 75, 72, 78, 73, 76, 72, 72, 73, 74, 76, 72, 73, 72, 75, 75,
    71 ]
