%YAML:1.0
---
videoName: "headLookRight9.mp4"
gestureLabel: 204
fps: 29
pixelSizeInCmTemp: 2.8511904761904761e-01
faceCenterPointX: 217
faceCenterPointY: 75
headPositionsX: [ 215, 245, 242, 242, 244, 244, 244, 241, 242, 242, 245,
    245, 241, 241, 242, 244, 245, 245, 245, 241, 242, 241, 242, 246, 244,
    241, 244, 245, 241, 240, 244, 239, 237, 232, 232, 231, 226, 226, 224,
    220, 218, 218, 217, 218, 215, 213, 215, 214, 217, 217, 215, 216, 210,
    216, 212, 212, 210, 214, 216, 215, 215, 213, 215, 214, 221, 217, 215,
    213, 215, 213, 217, 210, 208, 214, 214, 216, 215, 213, 214, 217, 217,
    219, 217, 215, 218, 219, 217, 218, 218, 215, 216, 210, 216, 214, 216,
    214, 217, 219, 218, 220 ]
headPositionsY: [ 77, 75, 76, 74, 77, 75, 74, 76, 76, 72, 74, 74, 74, 75,
    76, 77, 74, 75, 74, 76, 76, 76, 73, 77, 74, 77, 72, 75, 75, 74, 76,
    76, 75, 73, 73, 76, 72, 74, 75, 76, 77, 73, 70, 78, 72, 70, 72, 75,
    70, 72, 73, 70, 70, 74, 76, 76, 73, 76, 71, 73, 70, 72, 74, 73, 79,
    76, 75, 75, 72, 72, 70, 78, 79, 71, 75, 74, 74, 72, 74, 72, 71, 69,
    72, 74, 74, 71, 73, 71, 75, 70, 75, 70, 71, 73, 69, 74, 75, 75, 73,
    76 ]
