%YAML:1.0
---
videoName: "headLookRight5.mp4"
gestureLabel: 204
fps: 29
pixelSizeInCmTemp: 3.1513157894736843e-01
faceCenterPointX: 228
faceCenterPointY: 76
headPositionsX: [ 230, 248, 251, 252, 251, 251, 251, 250, 251, 249, 248,
    250, 252, 246, 251, 248, 250, 252, 248, 251, 249, 248, 250, 250, 250,
    252, 248, 247, 248, 248, 247, 249, 246, 245, 245, 240, 238, 236, 235,
    231, 230, 228, 227, 226, 225, 228, 227, 226, 226, 230, 223, 226, 223,
    225, 223, 225, 226, 224, 226, 223, 226, 224, 225, 228, 227, 228, 225,
    226, 225, 226, 224, 222, 225, 228, 226, 226, 227, 226, 227, 225, 223,
    223, 225, 224, 226, 224, 227, 225, 224, 225, 224, 226, 225, 225, 225,
    224, 226, 223, 226, 227 ]
headPositionsY: [ 77, 72, 73, 75, 75, 76, 73, 75, 77, 72, 74, 76, 76, 73,
    73, 73, 75, 77, 73, 76, 74, 73, 73, 74, 73, 74, 75, 74, 73, 77, 74,
    76, 75, 76, 74, 74, 72, 75, 75, 72, 75, 75, 75, 73, 74, 75, 71, 72,
    72, 74, 75, 75, 74, 74, 72, 73, 74, 76, 77, 75, 76, 75, 73, 76, 74,
    77, 74, 72, 75, 73, 76, 76, 73, 74, 72, 71, 74, 74, 76, 73, 77, 73,
    73, 74, 75, 74, 76, 72, 72, 76, 74, 75, 74, 77, 73, 74, 72, 73, 74,
    72 ]
