%YAML:1.0
---
videoName: "headLookRight9.mp4"
gestureLabel: 204
fps: 29
pixelSizeInCmTemp: 2.8511904761904761e-01
faceCenterPointX: 217
faceCenterPointY: 75
headPositionsX: [ 216, 244, 242, 246, 242, 242, 243, 242, 244, 245, 242,
    243, 244, 244, 241, 241, 245, 243, 243, 245, 244, 243, 245, 246, 244,
    242, 244, 243, 241, 241, 243, 241, 239, 234, 234, 230, 230, 226, 220,
    220, 219, 218, 217, 214, 219, 216, 213, 215, 214, 213, 216, 216, 213,
    218, 211, 213, 211, 210, 213, 216, 214, 213, 216, 216, 219, 220, 216,
    216, 213, 216, 215, 207, 208, 215, 215, 214, 216, 213, 217, 219, 216,
    216, 214, 218, 215, 219, 216, 219, 216, 217, 216, 211, 215, 215, 212,
    218, 220, 219, 217, 217 ]
headPositionsY: [ 73, 75, 75, 76, 73, 73, 76, 76, 73, 74, 73, 75, 75, 74,
    73, 74, 73, 74, 75, 76, 76, 73, 73, 74, 73, 76, 73, 76, 76, 73, 76,
    77, 73, 76, 72, 75, 71, 72, 74, 72, 74, 73, 72, 81, 72, 74, 74, 73,
    69, 73, 72, 73, 73, 71, 73, 76, 72, 76, 72, 74, 71, 69, 71, 73, 80,
    76, 73, 74, 70, 71, 72, 78, 77, 69, 75, 72, 70, 74, 76, 73, 73, 71,
    73, 72, 72, 70, 72, 73, 74, 74, 78, 73, 72, 73, 69, 74, 74, 76, 73,
    78 ]
