%YAML:1.0
---
videoName: "headLookRight5.mp4"
gestureLabel: 204
fps: 29
pixelSizeInCmTemp: 3.1513157894736843e-01
faceCenterPointX: 228
faceCenterPointY: 76
headPositionsX: [ 227, 249, 249, 251, 252, 251, 249, 252, 251, 247, 249,
    250, 248, 249, 248, 249, 249, 249, 247, 250, 250, 249, 252, 251, 249,
    250, 248, 247, 249, 250, 249, 246, 248, 245, 241, 243, 239, 235, 232,
    228, 228, 228, 225, 228, 227, 227, 226, 222, 226, 226, 223, 226, 222,
    227, 223, 226, 223, 228, 225, 223, 226, 221, 227, 224, 225, 229, 227,
    225, 228, 228, 225, 221, 224, 229, 227, 228, 229, 226, 227, 222, 221,
    226, 225, 227, 224, 228, 227, 224, 224, 225, 221, 227, 222, 225, 224,
    226, 225, 225, 227, 227 ]
headPositionsY: [ 78, 74, 76, 77, 74, 77, 76, 72, 73, 73, 74, 76, 74, 72,
    77, 74, 76, 75, 77, 75, 76, 73, 77, 76, 73, 76, 75, 74, 73, 77, 72,
    73, 75, 74, 74, 73, 75, 71, 74, 73, 75, 72, 76, 73, 73, 76, 71, 73,
    74, 75, 72, 75, 73, 76, 74, 75, 74, 75, 74, 76, 77, 73, 73, 74, 73,
    76, 74, 73, 75, 75, 74, 73, 74, 76, 72, 74, 74, 73, 73, 70, 75, 75,
    73, 73, 72, 76, 74, 75, 76, 74, 71, 77, 74, 74, 72, 74, 75, 73, 73,
    72 ]
