%YAML:1.0
---
videoName: "headLookRight4.mp4"
gestureLabel: 204
fps: 30
pixelSizeInCmTemp: 3.4214285714285714e-01
faceCenterPointX: 228
faceCenterPointY: 75
headPositionsX: [ 227, 251, 254, 255, 251, 254, 254, 255, 252, 251, 256,
    253, 254, 255, 251, 254, 251, 253, 251, 251, 253, 253, 250, 252, 253,
    254, 249, 253, 254, 249, 249, 247, 249, 247, 246, 242, 240, 239, 237,
    235, 235, 233, 229, 231, 228, 231, 228, 231, 231, 230, 229, 230, 227,
    225, 227, 227, 225, 226, 228, 225, 225, 223, 225, 227, 227, 227, 225,
    224, 224, 226, 226, 225, 228, 221, 224, 226, 226, 223, 226, 225, 226,
    226, 227, 227, 223, 228, 225, 226, 227, 228, 225, 228, 224, 227, 228,
    225, 225, 226, 228, 228 ]
headPositionsY: [ 77, 73, 71, 74, 70, 69, 70, 69, 73, 70, 72, 74, 70, 74,
    75, 73, 73, 74, 73, 74, 74, 75, 72, 74, 74, 74, 73, 74, 71, 75, 73,
    71, 71, 75, 73, 73, 72, 72, 74, 71, 74, 74, 74, 75, 72, 70, 75, 71,
    75, 72, 73, 71, 73, 76, 74, 76, 75, 75, 75, 75, 76, 73, 74, 77, 75,
    71, 72, 75, 74, 75, 74, 75, 77, 75, 75, 75, 72, 74, 74, 73, 76, 76,
    74, 73, 71, 76, 76, 73, 76, 74, 72, 74, 74, 75, 77, 75, 75, 74, 76,
    75 ]
