%YAML:1.0
---
videoName: "headLookRight5.mp4"
gestureLabel: 204
fps: 29
pixelSizeInCmTemp: 3.1513157894736843e-01
faceCenterPointX: 228
faceCenterPointY: 76
headPositionsX: [ 228, 251, 248, 248, 248, 247, 247, 248, 250, 250, 248,
    249, 252, 250, 250, 250, 249, 250, 249, 252, 248, 250, 250, 250, 250,
    252, 247, 249, 252, 247, 246, 246, 249, 243, 241, 241, 238, 235, 234,
    230, 231, 229, 227, 228, 227, 228, 227, 225, 227, 228, 223, 224, 221,
    228, 225, 226, 224, 227, 227, 222, 227, 222, 226, 228, 229, 229, 224,
    228, 227, 229, 227, 223, 223, 226, 224, 227, 229, 227, 225, 225, 223,
    227, 226, 224, 224, 226, 227, 224, 227, 226, 222, 224, 222, 227, 224,
    222, 225, 225, 225, 226 ]
headPositionsY: [ 78, 76, 72, 77, 73, 75, 76, 73, 77, 72, 76, 74, 75, 72,
    74, 75, 74, 76, 77, 76, 74, 72, 75, 76, 76, 75, 75, 77, 77, 77, 75,
    74, 73, 72, 77, 74, 75, 73, 74, 72, 74, 73, 76, 74, 74, 77, 71, 73,
    72, 75, 72, 73, 73, 75, 76, 77, 73, 75, 77, 73, 78, 73, 73, 75, 73,
    73, 76, 73, 75, 73, 76, 76, 72, 77, 75, 72, 73, 75, 72, 69, 75, 74,
    75, 77, 73, 75, 74, 73, 73, 76, 73, 74, 76, 76, 74, 73, 76, 73, 76,
    73 ]
