%YAML:1.0
---
videoName: "headLookRight8.mp4"
gestureLabel: 204
fps: 29
pixelSizeInCmTemp: 3.1513157894736843e-01
faceCenterPointX: 218
faceCenterPointY: 80
headPositionsX: [ 220, 247, 247, 247, 251, 251, 251, 246, 248, 249, 250,
    249, 247, 246, 246, 247, 245, 245, 248, 243, 248, 248, 248, 247, 247,
    249, 249, 248, 246, 245, 248, 245, 249, 245, 246, 245, 247, 246, 245,
    246, 247, 247, 247, 244, 245, 246, 245, 246, 244, 245, 244, 244, 248,
    245, 248, 248, 246, 247, 248, 247, 248, 247, 244, 248, 248, 247, 247,
    245, 245, 242, 241, 241, 234, 232, 233, 230, 228, 221, 220, 221, 220,
    217, 217, 218, 217, 216, 216, 217, 218, 219, 217, 220, 217, 217, 219,
    216, 218, 220, 219, 218 ]
headPositionsY: [ 78, 74, 73, 72, 75, 72, 76, 75, 72, 75, 75, 74, 75, 77,
    73, 75, 76, 78, 75, 77, 75, 79, 77, 76, 77, 75, 78, 75, 79, 76, 76,
    78, 74, 78, 79, 79, 78, 77, 75, 78, 74, 76, 78, 77, 76, 78, 75, 77,
    76, 79, 77, 77, 78, 78, 77, 77, 78, 77, 76, 77, 77, 78, 75, 75, 77,
    75, 78, 79, 76, 77, 77, 78, 77, 74, 78, 76, 78, 73, 74, 75, 76, 78,
    71, 81, 71, 82, 81, 79, 80, 78, 82, 79, 76, 78, 75, 80, 79, 80, 82,
    78 ]
