%YAML:1.0
---
videoName: "headShake10.mp4"
gestureLabel: 201
fps: 29
pixelSizeInCmTemp: 3.3732394366197183e-01
faceCenterPointX: 240
faceCenterPointY: 74
headPositionsX: [ 240, 246, 246, 245, 245, 246, 246, 245, 246, 246, 246,
    246, 246, 246, 246, 246, 246, 246, 246, 246, 246, 246, 246, 246, 246,
    246, 246, 246, 246, 246, 246, 246, 246, 246, 246, 246, 245, 245, 246,
    246, 245, 246, 245, 245, 246, 245, 245, 245, 244, 245, 246, 249, 250,
    253, 256, 257, 261, 260, 260, 259, 256, 252, 248, 243, 238, 235, 232,
    231, 232, 234, 237, 241, 246, 249, 254, 256, 256, 257, 256, 254, 251,
    249, 246, 244, 243, 241, 240, 241, 240, 240, 240, 240, 241, 241, 240,
    241, 241, 241, 241, 242 ]
headPositionsY: [ 74, 73, 73, 73, 72, 73, 72, 72, 73, 73, 73, 74, 73, 73,
    73, 73, 73, 73, 73, 73, 73, 73, 73, 73, 73, 72, 73, 73, 73, 73, 73,
    73, 74, 73, 73, 74, 73, 72, 74, 73, 73, 73, 73, 73, 73, 73, 72, 74,
    72, 73, 73, 73, 72, 72, 72, 70, 71, 71, 71, 72, 73, 73, 75, 74, 73,
    74, 74, 74, 73, 74, 74, 74, 74, 73, 73, 73, 73, 73, 73, 74, 74, 75,
    75, 75, 75, 75, 75, 76, 75, 76, 75, 75, 74, 75, 75, 75, 75, 76, 75,
    76 ]
