%YAML:1.0
---
videoName: "LHShake21.mp4"
gestureLabel: 2
fps: 29
pixelSizeInCmTemp: 3.4214285714285714e-01
faceCenterPointX: 266
faceCenterPointY: 79
LHandPositionsX: [ 351, 350, 364, 374, 384, 393, 400, 408, 423, 417, 417,
    403, 390, 379, 376, 378, 374, 379, 386, 401, 401, 398, 398, 391, 386,
    373, 368, 374, 374, 369, 377, 390, 388, 387, 383, 384, 375, 369, 366,
    368, 369, 369, 375, 389, 388, 384, 397, 391, 383, 371, 367, 367, 366,
    368, 374, 381, 383, 386, 384, 386, 384, 381, 373, 364, 356, 352, 343,
    341, 334, 338, 337, 334, 332, 334, 332, 335, 331, 330, 334, 332, 330,
    333, 334, 333, 333, 331, 330, 331 ]
LHandPositionsY: [ 273, 263, 245, 227, 209, 194, 182, 171, 151, 150, 140,
    133, 134, 133, 134, 136, 129, 131, 129, 131, 130, 129, 131, 131, 137,
    133, 144, 143, 145, 135, 133, 130, 135, 134, 134, 134, 135, 145, 146,
    147, 145, 144, 138, 139, 140, 139, 136, 137, 142, 149, 150, 152, 153,
    153, 150, 142, 141, 142, 142, 147, 156, 158, 169, 181, 191, 202, 215,
    228, 236, 239, 241, 245, 249, 250, 252, 251, 254, 252, 254, 252, 250,
    253, 253, 254, 253, 250, 253, 252 ]
RHandPositionsX: [ 186, 185, 185, 186, 185, 187, 186, 188, 187, 188, 187,
    185, 187, 185, 188, 188, 186, 186, 184, 186, 185, 186, 188, 184, 184,
    186, 186, 188, 187, 185, 188, 186, 188, 188, 185, 184, 185, 186, 187,
    184, 187, 186, 186, 187, 186, 188, 187, 185, 187, 186, 187, 188, 184,
    185, 186, 188, 186, 185, 185, 185, 184, 184, 184, 185, 184, 185, 184,
    187, 184, 184, 188, 186, 186, 184, 187, 185, 188, 187, 188, 186, 187,
    188, 188, 186, 186, 188, 184, 184 ]
RHandPositionsY: [ 267, 267, 268, 268, 269, 266, 265, 268, 266, 268, 266,
    269, 265, 265, 268, 267, 265, 265, 266, 265, 267, 269, 269, 269, 266,
    268, 265, 266, 267, 266, 265, 267, 265, 266, 265, 267, 267, 268, 266,
    268, 265, 266, 265, 269, 266, 268, 266, 265, 268, 269, 267, 268, 268,
    265, 267, 265, 268, 269, 267, 267, 265, 267, 267, 265, 267, 267, 265,
    266, 269, 266, 266, 265, 266, 265, 267, 266, 266, 267, 265, 266, 268,
    266, 268, 266, 266, 268, 266, 266 ]
