%YAML:1.0
---
videoName: "LHShake24.mp4"
gestureLabel: 2
fps: 30
pixelSizeInCmTemp: 3.4214285714285714e-01
faceCenterPointX: 255
faceCenterPointY: 77
LHandPositionsX: [ 327, 326, 329, 327, 330, 329, 329, 329, 328, 329, 334,
    334, 341, 348, 351, 363, 368, 374, 380, 379, 384, 380, 373, 359, 346,
    339, 343, 342, 342, 350, 356, 370, 377, 377, 375, 373, 369, 356, 346,
    338, 340, 336, 342, 353, 364, 367, 365, 370, 363, 353, 344, 340, 341,
    342, 343, 353, 365, 370, 369, 375, 369, 364, 352, 343, 345, 346, 345,
    352, 362, 370, 368, 368, 367, 359, 352, 342, 337, 333, 328, 324, 326,
    323, 328, 325, 327, 326, 327, 327, 327, 327, 326 ]
LHandPositionsY: [ 261, 263, 262, 262, 261, 262, 263, 261, 260, 262, 258,
    256, 247, 237, 224, 209, 195, 185, 173, 170, 162, 153, 150, 156, 155,
    163, 162, 161, 161, 161, 156, 151, 148, 149, 151, 148, 144, 150, 151,
    155, 156, 156, 154, 154, 148, 150, 150, 148, 154, 156, 160, 165, 163,
    162, 162, 162, 161, 158, 159, 154, 154, 158, 161, 163, 163, 162, 160,
    159, 161, 158, 156, 159, 157, 158, 161, 164, 170, 180, 190, 195, 206,
    220, 230, 232, 236, 238, 241, 247, 246, 248, 248 ]
RHandPositionsX: [ 179, 180, 183, 181, 183, 180, 179, 180, 180, 181, 180,
    182, 181, 180, 180, 183, 180, 182, 179, 180, 182, 179, 180, 180, 181,
    180, 180, 179, 180, 183, 183, 182, 179, 183, 181, 181, 181, 182, 182,
    179, 179, 181, 179, 183, 179, 181, 183, 179, 183, 181, 183, 182, 182,
    182, 179, 182, 183, 182, 182, 179, 180, 180, 179, 181, 179, 183, 179,
    181, 183, 179, 179, 182, 180, 180, 180, 180, 183, 181, 182, 179, 181,
    181, 180, 180, 182, 182, 180, 183, 179, 181, 180 ]
RHandPositionsY: [ 267, 271, 270, 267, 271, 270, 267, 267, 269, 267, 268,
    269, 268, 269, 267, 268, 270, 268, 267, 270, 270, 269, 268, 268, 269,
    268, 268, 268, 268, 269, 270, 268, 268, 269, 270, 269, 268, 270, 269,
    269, 268, 270, 271, 271, 267, 267, 269, 268, 268, 269, 268, 268, 271,
    269, 270, 268, 270, 270, 268, 268, 270, 270, 271, 268, 270, 268, 269,
    268, 267, 269, 267, 267, 268, 270, 269, 270, 270, 271, 268, 267, 269,
    270, 269, 267, 268, 269, 270, 270, 267, 271, 268 ]
