%YAML:1.0
---
videoName: "LHShake18.mp4"
gestureLabel: 2
fps: 29
pixelSizeInCmTemp: 3.4214285714285714e-01
faceCenterPointX: 253
faceCenterPointY: 65
LHandPositionsX: [ 314, 311, 313, 311, 315, 312, 314, 311, 314, 312, 311,
    315, 312, 315, 315, 316, 315, 314, 321, 326, 329, 338, 346, 350, 351,
    346, 336, 324, 316, 298, 303, 304, 305, 315, 309, 311, 311, 306, 298,
    294, 291, 299, 308, 314, 312, 310, 305, 296, 288, 284, 285, 297, 306,
    315, 313, 312, 306, 295, 287, 287, 292, 301, 306, 308, 308, 306, 304,
    295, 295, 302, 302, 306, 307, 310, 314, 309, 308, 304, 306, 307, 306,
    307, 305, 309, 311, 310, 307, 308 ]
LHandPositionsY: [ 246, 250, 248, 246, 246, 246, 247, 248, 249, 246, 248,
    249, 248, 248, 248, 250, 245, 247, 245, 235, 216, 202, 188, 176, 169,
    158, 151, 144, 148, 140, 139, 142, 142, 141, 139, 140, 144, 147, 144,
    138, 136, 145, 144, 148, 145, 148, 148, 146, 145, 142, 140, 147, 148,
    149, 148, 151, 153, 143, 145, 145, 151, 150, 151, 151, 151, 154, 159,
    149, 147, 154, 156, 153, 153, 156, 160, 169, 175, 186, 196, 207, 214,
    219, 222, 230, 232, 233, 234, 234 ]
RHandPositionsX: [ 198, 196, 198, 194, 198, 197, 196, 198, 199, 197, 197,
    197, 195, 197, 195, 196, 198, 199, 198, 197, 196, 199, 196, 199, 196,
    199, 199, 198, 198, 198, 194, 196, 197, 196, 199, 196, 198, 199, 199,
    198, 196, 197, 195, 195, 197, 196, 198, 198, 200, 196, 195, 199, 198,
    197, 196, 199, 198, 198, 200, 197, 199, 199, 198, 197, 198, 195, 197,
    196, 198, 195, 195, 198, 196, 198, 197, 196, 194, 198, 194, 195, 197,
    194, 197, 197, 196, 194, 197, 198 ]
RHandPositionsY: [ 266, 262, 265, 266, 265, 265, 266, 267, 265, 264, 266,
    266, 264, 266, 265, 266, 267, 267, 265, 266, 264, 264, 263, 263, 266,
    266, 266, 266, 264, 262, 263, 263, 264, 265, 263, 266, 267, 268, 264,
    268, 266, 268, 267, 266, 266, 264, 265, 268, 265, 264, 266, 268, 265,
    266, 268, 266, 267, 267, 269, 267, 267, 267, 265, 269, 267, 266, 268,
    267, 268, 266, 268, 265, 267, 266, 268, 268, 266, 264, 266, 266, 266,
    264, 267, 267, 265, 268, 264, 266 ]
