%YAML:1.0
---
videoName: "LHShake00.mp4"
gestureLabel: 2
fps: 29
pixelSizeInCmTemp: 3.4214285714285714e-01
faceCenterPointX: 252
faceCenterPointY: 85
LHandPositionsX: [ 350, 353, 349, 349, 356, 358, 360, 357, 349, 345, 336,
    322, 321, 323, 323, 325, 327, 330, 334, 338, 339, 336, 333, 327, 327,
    325, 324, 331, 331, 338, 338, 342, 338, 334, 324, 321, 325, 326, 328,
    334, 342, 342, 340, 341, 333, 326, 323, 326, 327, 330, 331, 338, 340,
    344, 340, 336, 328, 325, 326, 325, 324, 332, 333, 336, 338, 341, 341,
    338, 337, 335, 331, 331, 325, 326, 327, 330, 328, 334, 332, 334, 338,
    339, 341, 340, 342, 344, 342, 341 ]
LHandPositionsY: [ 259, 251, 245, 230, 209, 189, 172, 150, 136, 134, 134,
    135, 135, 134, 134, 135, 132, 129, 125, 125, 126, 124, 131, 132, 135,
    134, 133, 132, 128, 126, 122, 119, 124, 128, 133, 135, 133, 132, 131,
    127, 126, 122, 122, 120, 125, 133, 130, 131, 133, 130, 132, 128, 122,
    123, 125, 125, 130, 131, 129, 128, 128, 123, 124, 121, 119, 118, 118,
    127, 137, 150, 159, 166, 162, 174, 184, 190, 201, 207, 212, 219, 223,
    228, 227, 231, 233, 235, 233, 235 ]
RHandPositionsX: [ 155, 156, 154, 152, 153, 152, 152, 154, 154, 156, 152,
    154, 155, 152, 156, 154, 153, 156, 152, 152, 153, 154, 156, 156, 154,
    152, 153, 155, 155, 152, 155, 152, 156, 154, 154, 156, 154, 152, 152,
    152, 156, 154, 152, 152, 153, 155, 153, 153, 154, 155, 152, 152, 155,
    152, 154, 152, 155, 155, 154, 156, 153, 156, 156, 152, 153, 154, 155,
    153, 155, 154, 154, 153, 154, 152, 152, 155, 152, 156, 156, 156, 156,
    154, 153, 153, 153, 153, 153, 153 ]
RHandPositionsY: [ 276, 277, 275, 279, 275, 276, 273, 276, 273, 271, 271,
    270, 274, 273, 273, 272, 268, 269, 268, 268, 269, 268, 268, 268, 267,
    265, 267, 265, 264, 265, 263, 264, 266, 262, 262, 265, 265, 265, 262,
    265, 263, 265, 261, 260, 260, 263, 264, 264, 261, 260, 264, 263, 261,
    262, 263, 262, 263, 260, 262, 260, 263, 261, 263, 260, 261, 264, 262,
    264, 263, 260, 263, 264, 261, 262, 262, 263, 261, 262, 262, 264, 263,
    261, 263, 262, 260, 260, 261, 261 ]
