%YAML:1.0
---
videoName: "LHShake15.mp4"
gestureLabel: 2
fps: 29
pixelSizeInCmTemp: 3.3263888888888887e-01
faceCenterPointX: 252
faceCenterPointY: 65
LHandPositionsX: [ 329, 327, 328, 328, 328, 330, 327, 332, 334, 330, 334,
    340, 347, 354, 357, 361, 371, 371, 381, 382, 377, 381, 366, 361, 345,
    340, 344, 341, 349, 355, 361, 360, 359, 360, 358, 345, 330, 330, 330,
    337, 343, 352, 357, 350, 353, 354, 347, 333, 329, 328, 332, 343, 354,
    357, 355, 354, 355, 356, 341, 335, 332, 329, 332, 339, 343, 348, 350,
    349, 346, 351, 343, 334, 329, 323, 323, 323, 321, 322, 324, 326, 326,
    325, 324, 325, 326, 324, 326, 327 ]
LHandPositionsY: [ 254, 254, 257, 255, 257, 256, 258, 256, 252, 252, 240,
    230, 215, 202, 186, 172, 156, 134, 119, 121, 116, 104, 104, 100, 103,
    105, 101, 98, 99, 98, 91, 96, 95, 95, 94, 98, 100, 100, 99, 98, 98,
    95, 97, 98, 99, 99, 100, 98, 101, 100, 97, 95, 92, 93, 96, 98, 95,
    98, 101, 101, 103, 98, 97, 96, 98, 102, 100, 99, 101, 99, 104, 122,
    137, 149, 168, 181, 193, 206, 221, 231, 230, 234, 239, 239, 240, 238,
    239, 241 ]
RHandPositionsX: [ 177, 178, 176, 176, 176, 177, 179, 176, 175, 179, 177,
    177, 177, 175, 176, 178, 177, 176, 176, 176, 175, 175, 178, 175, 176,
    176, 176, 175, 175, 179, 177, 178, 178, 179, 179, 178, 176, 175, 176,
    178, 176, 179, 175, 176, 176, 175, 176, 179, 178, 178, 176, 176, 178,
    176, 176, 176, 177, 177, 175, 179, 178, 177, 175, 177, 179, 176, 178,
    179, 177, 177, 175, 177, 179, 178, 178, 178, 176, 177, 176, 179, 178,
    179, 178, 176, 176, 179, 178, 179 ]
RHandPositionsY: [ 261, 261, 261, 260, 260, 261, 258, 259, 260, 259, 260,
    261, 257, 259, 261, 261, 257, 261, 259, 257, 261, 258, 258, 257, 259,
    261, 261, 260, 257, 258, 260, 259, 261, 261, 258, 260, 260, 261, 259,
    259, 260, 260, 259, 261, 258, 261, 259, 257, 260, 260, 258, 260, 261,
    259, 259, 259, 261, 257, 258, 258, 258, 257, 260, 259, 258, 261, 258,
    258, 257, 260, 261, 261, 258, 257, 259, 257, 259, 258, 261, 257, 258,
    261, 260, 260, 259, 259, 257, 258 ]
