%YAML:1.0
---
videoName: "LHShake09.mp4"
gestureLabel: 2
fps: 29
pixelSizeInCmTemp: 3.3263888888888887e-01
faceCenterPointX: 259
faceCenterPointY: 67
LHandPositionsX: [ 336, 340, 338, 338, 341, 347, 348, 355, 349, 360, 358,
    364, 369, 367, 370, 366, 359, 352, 340, 333, 332, 335, 327, 332, 338,
    349, 349, 350, 348, 348, 350, 351, 340, 338, 334, 336, 336, 344, 352,
    363, 369, 363, 366, 362, 356, 346, 336, 338, 334, 333, 338, 348, 354,
    352, 354, 354, 356, 351, 344, 333, 335, 338, 334, 334, 343, 347, 354,
    354, 355, 352, 351, 341, 335, 332, 326, 318, 319, 322, 322, 326, 325,
    326, 330, 334, 335, 334, 334, 331 ]
LHandPositionsY: [ 273, 274, 274, 274, 271, 273, 267, 255, 248, 239, 232,
    215, 201, 196, 186, 176, 168, 164, 157, 159, 158, 160, 158, 154, 153,
    151, 146, 147, 145, 145, 150, 149, 153, 154, 153, 156, 154, 154, 151,
    154, 152, 151, 152, 152, 154, 156, 156, 156, 158, 157, 152, 152, 151,
    153, 153, 152, 153, 151, 151, 153, 152, 151, 152, 154, 151, 150, 150,
    150, 148, 149, 150, 156, 163, 171, 180, 193, 207, 221, 234, 241, 245,
    249, 249, 255, 258, 257, 257, 260 ]
RHandPositionsX: [ 177, 177, 178, 180, 180, 178, 177, 180, 178, 180, 176,
    179, 177, 177, 177, 179, 177, 176, 176, 176, 176, 180, 180, 178, 179,
    176, 179, 179, 177, 177, 176, 176, 179, 178, 176, 177, 179, 177, 177,
    177, 180, 177, 176, 176, 178, 179, 179, 180, 179, 180, 180, 176, 177,
    179, 180, 180, 176, 180, 177, 177, 178, 179, 178, 178, 176, 177, 177,
    176, 180, 179, 176, 176, 178, 177, 176, 180, 177, 177, 176, 179, 177,
    177, 176, 180, 180, 177, 180, 180 ]
RHandPositionsY: [ 277, 278, 275, 279, 276, 277, 279, 279, 275, 276, 275,
    278, 279, 279, 275, 275, 277, 276, 279, 278, 276, 275, 278, 276, 279,
    276, 277, 277, 275, 279, 278, 277, 275, 277, 275, 279, 276, 276, 278,
    278, 276, 275, 278, 275, 278, 276, 275, 278, 279, 279, 277, 279, 276,
    279, 275, 278, 278, 278, 279, 276, 276, 275, 276, 277, 277, 275, 279,
    279, 278, 278, 279, 278, 279, 277, 278, 275, 277, 275, 276, 278, 275,
    275, 278, 277, 278, 276, 275, 277 ]
