%YAML:1.0
---
videoName: "LHShake06.mp4"
gestureLabel: 2
fps: 29
pixelSizeInCmTemp: 3.3732394366197183e-01
faceCenterPointX: 250
faceCenterPointY: 80
LHandPositionsX: [ 384, 387, 387, 384, 383, 382, 375, 371, 372, 370, 377,
    385, 386, 394, 394, 394, 395, 386, 380, 376, 375, 376, 385, 388, 393,
    391, 393, 386, 386, 379, 377, 381, 382, 387, 389, 390, 390, 385, 379,
    379, 381, 384, 385, 390, 389, 389, 387, 382, 383, 380, 381, 382, 388,
    394, 397, 400, 397, 396, 394, 389, 380, 370, 360, 357, 356, 348, 339,
    327, 321, 311, 306, 308, 304, 306, 303, 302, 302, 301, 303, 301, 301,
    301, 300, 298, 302, 300, 298, 302 ]
LHandPositionsY: [ 150, 147, 144, 139, 138, 138, 136, 139, 137, 136, 132,
    129, 130, 127, 127, 128, 132, 133, 135, 136, 132, 131, 129, 132, 126,
    126, 127, 129, 128, 129, 131, 130, 127, 127, 127, 123, 127, 126, 128,
    125, 126, 127, 126, 126, 122, 125, 126, 125, 125, 129, 124, 124, 126,
    122, 123, 123, 124, 122, 124, 126, 133, 139, 147, 150, 159, 176, 192,
    208, 216, 225, 231, 232, 239, 239, 245, 245, 250, 249, 250, 253, 251,
    253, 255, 253, 254, 252, 257, 254 ]
RHandPositionsX: [ 210, 214, 210, 213, 212, 211, 211, 213, 210, 210, 213,
    209, 212, 209, 210, 212, 211, 213, 209, 210, 209, 211, 209, 209, 213,
    212, 213, 213, 212, 208, 212, 211, 211, 210, 210, 212, 212, 210, 211,
    210, 211, 210, 212, 211, 210, 208, 211, 208, 210, 208, 208, 209, 209,
    210, 211, 211, 207, 209, 207, 210, 209, 211, 209, 210, 211, 210, 209,
    209, 211, 207, 208, 211, 208, 211, 211, 212, 208, 210, 211, 212, 209,
    209, 210, 210, 212, 210, 211, 212 ]
RHandPositionsY: [ 271, 272, 271, 268, 271, 267, 268, 267, 267, 269, 266,
    268, 267, 268, 269, 268, 268, 270, 270, 266, 269, 265, 267, 269, 268,
    268, 269, 269, 269, 268, 267, 269, 265, 269, 266, 269, 266, 267, 265,
    265, 265, 265, 269, 267, 266, 269, 269, 266, 266, 268, 266, 269, 269,
    268, 268, 267, 268, 267, 269, 267, 268, 265, 267, 266, 265, 266, 267,
    268, 266, 269, 266, 266, 268, 269, 266, 265, 268, 266, 267, 265, 265,
    267, 265, 265, 268, 265, 266, 268 ]
