%YAML:1.0
---
videoName: "LHShake11.mp4"
gestureLabel: 2
fps: 29
pixelSizeInCmTemp: 3.3732394366197183e-01
faceCenterPointX: 260
faceCenterPointY: 69
LHandPositionsX: [ 385, 385, 386, 375, 365, 355, 346, 352, 348, 347, 355,
    363, 366, 364, 364, 365, 356, 351, 346, 349, 349, 351, 355, 360, 358,
    358, 359, 355, 351, 348, 346, 344, 347, 352, 354, 352, 353, 352, 345,
    344, 339, 341, 338, 339, 346, 353, 355, 354, 355, 359, 352, 344, 339,
    339, 339, 341, 346, 354, 358, 359, 361, 362, 361, 356, 349, 345, 338,
    332, 331, 329, 332, 331, 334, 334, 333, 331, 335, 333, 331, 331, 332,
    332, 334, 331, 334, 335, 333, 332 ]
LHandPositionsY: [ 175, 163, 150, 143, 142, 143, 148, 146, 145, 134, 128,
    127, 126, 127, 126, 126, 132, 138, 142, 142, 143, 133, 131, 132, 131,
    131, 131, 135, 141, 144, 144, 144, 146, 136, 135, 134, 137, 132, 134,
    139, 142, 143, 143, 143, 142, 135, 133, 131, 134, 131, 135, 142, 145,
    142, 146, 144, 145, 137, 139, 136, 137, 140, 146, 156, 165, 178, 189,
    202, 217, 229, 229, 235, 236, 241, 246, 248, 248, 247, 249, 248, 250,
    252, 251, 248, 250, 249, 251, 249 ]
RHandPositionsX: [ 181, 183, 179, 179, 183, 180, 183, 183, 182, 181, 180,
    182, 179, 179, 181, 183, 180, 179, 180, 180, 181, 179, 183, 182, 181,
    182, 180, 179, 179, 183, 182, 182, 183, 183, 179, 183, 180, 182, 179,
    183, 181, 182, 182, 183, 182, 180, 180, 181, 180, 179, 183, 180, 182,
    181, 179, 180, 181, 182, 180, 182, 180, 180, 179, 183, 182, 183, 180,
    179, 181, 183, 179, 182, 183, 183, 179, 179, 181, 180, 181, 179, 182,
    179, 180, 183, 182, 180, 180, 182 ]
RHandPositionsY: [ 273, 275, 275, 273, 277, 273, 276, 276, 276, 274, 273,
    274, 276, 275, 274, 277, 273, 274, 275, 275, 276, 276, 276, 273, 276,
    277, 276, 277, 273, 275, 275, 275, 277, 276, 276, 273, 276, 275, 277,
    274, 275, 275, 276, 273, 277, 273, 276, 274, 274, 274, 276, 275, 275,
    276, 274, 274, 273, 276, 276, 275, 275, 275, 276, 276, 276, 273, 275,
    276, 275, 275, 277, 275, 275, 277, 276, 276, 277, 276, 275, 275, 275,
    274, 274, 273, 273, 275, 273, 273 ]
