%YAML:1.0
---
videoName: "LHShake11.mp4"
gestureLabel: 2
fps: 29
pixelSizeInCmTemp: 3.3732394366197183e-01
faceCenterPointX: 260
faceCenterPointY: 69
LHandPositionsX: [ 386, 388, 385, 377, 363, 353, 348, 350, 347, 349, 357,
    360, 366, 363, 362, 365, 356, 353, 346, 347, 346, 350, 351, 358, 360,
    358, 362, 356, 352, 346, 350, 346, 351, 354, 353, 352, 352, 350, 349,
    342, 341, 340, 341, 340, 345, 357, 357, 357, 356, 359, 350, 344, 337,
    340, 339, 339, 347, 355, 360, 356, 363, 361, 362, 354, 348, 344, 337,
    331, 329, 329, 332, 332, 334, 334, 332, 335, 331, 332, 334, 333, 334,
    334, 334, 334, 332, 332, 334, 332 ]
LHandPositionsY: [ 175, 160, 153, 141, 145, 143, 146, 145, 146, 134, 130,
    126, 129, 127, 127, 129, 130, 137, 141, 142, 143, 136, 132, 131, 132,
    130, 129, 132, 139, 144, 143, 143, 146, 139, 134, 136, 135, 132, 134,
    140, 143, 143, 145, 145, 143, 135, 132, 132, 130, 131, 136, 141, 147,
    145, 149, 146, 145, 140, 136, 135, 141, 144, 146, 155, 164, 177, 190,
    206, 218, 226, 231, 231, 236, 243, 246, 248, 245, 246, 251, 252, 251,
    252, 248, 249, 251, 249, 252, 250 ]
RHandPositionsX: [ 180, 180, 182, 180, 181, 183, 182, 180, 182, 183, 182,
    179, 179, 183, 183, 180, 183, 179, 183, 180, 181, 182, 180, 183, 179,
    182, 180, 183, 182, 181, 180, 182, 183, 182, 181, 182, 179, 182, 180,
    181, 179, 181, 179, 181, 179, 179, 179, 180, 183, 179, 183, 181, 183,
    180, 182, 180, 183, 180, 181, 181, 183, 180, 181, 180, 179, 182, 179,
    182, 181, 179, 179, 181, 182, 182, 182, 180, 180, 183, 182, 180, 182,
    183, 180, 179, 183, 181, 181, 180 ]
RHandPositionsY: [ 274, 273, 275, 273, 276, 274, 273, 274, 274, 274, 276,
    274, 277, 273, 273, 273, 275, 273, 275, 273, 274, 277, 277, 276, 277,
    273, 277, 274, 277, 273, 276, 274, 275, 277, 277, 274, 273, 275, 275,
    273, 274, 275, 274, 276, 274, 277, 273, 273, 274, 276, 277, 273, 275,
    277, 273, 273, 277, 276, 273, 273, 277, 277, 276, 274, 277, 277, 274,
    274, 275, 275, 274, 274, 275, 273, 274, 274, 277, 274, 273, 277, 277,
    277, 273, 274, 274, 274, 273, 277 ]
