%YAML:1.0
---
videoName: "LHShake01.mp4"
gestureLabel: 2
fps: 29
pixelSizeInCmTemp: 3.4214285714285714e-01
faceCenterPointX: 252
faceCenterPointY: 84
LHandPositionsX: [ 364, 367, 366, 364, 359, 357, 349, 342, 337, 330, 333,
    333, 337, 344, 348, 354, 357, 356, 351, 349, 344, 343, 340, 335, 336,
    337, 344, 349, 351, 349, 353, 351, 345, 339, 336, 332, 333, 333, 337,
    341, 343, 348, 347, 350, 346, 344, 344, 338, 336, 335, 331, 335, 334,
    344, 345, 352, 349, 347, 346, 347, 347, 342, 336, 329, 328, 325, 329,
    331, 334, 326, 332, 332, 336, 341, 339, 344, 346, 348, 345, 348, 347,
    348, 348, 349, 350, 351, 349, 351 ]
LHandPositionsY: [ 147, 137, 130, 128, 126, 120, 119, 117, 119, 121, 121,
    121, 121, 118, 111, 112, 110, 108, 111, 109, 109, 112, 115, 114, 113,
    112, 113, 108, 107, 107, 107, 104, 106, 109, 111, 114, 113, 110, 111,
    111, 107, 108, 107, 103, 103, 107, 105, 106, 110, 108, 112, 108, 106,
    108, 104, 101, 104, 101, 105, 102, 102, 106, 107, 124, 135, 144, 152,
    159, 164, 163, 171, 183, 191, 200, 206, 215, 219, 219, 222, 226, 225,
    227, 228, 231, 229, 228, 232, 232 ]
RHandPositionsX: [ 157, 155, 153, 157, 156, 155, 156, 154, 154, 157, 154,
    156, 155, 157, 155, 155, 153, 157, 157, 154, 157, 155, 153, 156, 157,
    154, 155, 153, 156, 153, 157, 155, 156, 155, 154, 155, 155, 153, 156,
    156, 157, 156, 157, 156, 153, 154, 157, 157, 157, 156, 155, 155, 156,
    155, 157, 153, 156, 156, 155, 154, 157, 156, 157, 154, 155, 154, 153,
    153, 155, 154, 153, 154, 156, 156, 157, 157, 154, 157, 157, 153, 155,
    153, 155, 153, 154, 157, 157, 156 ]
RHandPositionsY: [ 271, 267, 267, 268, 268, 268, 266, 266, 267, 269, 267,
    269, 267, 264, 266, 268, 267, 263, 267, 266, 267, 263, 263, 264, 262,
    262, 265, 264, 264, 263, 262, 264, 265, 264, 264, 262, 260, 262, 262,
    261, 260, 264, 262, 260, 261, 260, 260, 261, 259, 261, 259, 259, 263,
    262, 259, 259, 261, 263, 261, 261, 263, 259, 259, 260, 260, 260, 259,
    261, 259, 263, 263, 261, 260, 262, 260, 262, 261, 260, 260, 262, 263,
    263, 260, 259, 261, 263, 263, 259 ]
