%YAML:1.0
---
videoName: "LHShake13.mp4"
gestureLabel: 2
fps: 29
pixelSizeInCmTemp: 3.4214285714285714e-01
faceCenterPointX: 257
faceCenterPointY: 76
LHandPositionsX: [ 326, 323, 327, 324, 327, 324, 324, 326, 327, 325, 328,
    334, 343, 349, 361, 373, 382, 388, 389, 390, 384, 375, 365, 349, 341,
    344, 341, 345, 349, 358, 374, 370, 366, 363, 356, 347, 342, 339, 341,
    351, 360, 366, 366, 364, 360, 348, 341, 344, 342, 348, 358, 367, 367,
    365, 363, 354, 346, 348, 343, 344, 346, 358, 365, 368, 369, 365, 357,
    353, 349, 338, 334, 329, 324, 325, 324, 326, 328, 328, 328, 328, 328,
    325, 328, 324, 324, 328, 328, 328 ]
LHandPositionsY: [ 260, 263, 263, 261, 263, 259, 261, 260, 259, 259, 257,
    247, 237, 224, 210, 195, 185, 175, 166, 157, 154, 149, 155, 154, 155,
    154, 156, 156, 154, 145, 139, 141, 139, 145, 148, 155, 161, 157, 157,
    158, 152, 154, 152, 158, 160, 157, 164, 162, 162, 159, 159, 157, 155,
    158, 160, 160, 166, 162, 161, 159, 160, 158, 157, 151, 151, 147, 148,
    149, 154, 162, 170, 181, 192, 205, 221, 235, 244, 245, 245, 247, 247,
    249, 249, 248, 248, 249, 248, 247 ]
RHandPositionsX: [ 184, 182, 183, 181, 182, 181, 183, 181, 181, 183, 183,
    182, 182, 184, 183, 182, 181, 181, 184, 183, 181, 184, 184, 184, 183,
    185, 184, 184, 184, 183, 181, 181, 181, 183, 182, 183, 183, 182, 185,
    183, 182, 185, 181, 185, 183, 181, 185, 182, 184, 185, 181, 181, 181,
    182, 182, 184, 181, 182, 185, 183, 183, 181, 181, 181, 185, 185, 181,
    183, 185, 181, 181, 183, 184, 185, 184, 185, 181, 182, 184, 183, 182,
    184, 184, 184, 185, 182, 185, 185 ]
RHandPositionsY: [ 271, 270, 267, 267, 268, 271, 268, 268, 271, 270, 267,
    269, 271, 268, 267, 269, 271, 270, 267, 271, 269, 267, 267, 271, 270,
    271, 269, 271, 269, 267, 271, 268, 271, 271, 269, 270, 270, 271, 270,
    271, 269, 269, 268, 270, 270, 270, 268, 267, 267, 267, 271, 268, 270,
    269, 271, 269, 269, 268, 268, 271, 269, 269, 269, 271, 269, 267, 268,
    267, 269, 271, 271, 267, 268, 269, 267, 269, 268, 268, 271, 267, 271,
    267, 267, 269, 267, 269, 271, 268 ]
