%YAML:1.0
---
videoName: "LHShake19.mp4"
gestureLabel: 2
fps: 29
pixelSizeInCmTemp: 3.3732394366197183e-01
faceCenterPointX: 250
faceCenterPointY: 62
LHandPositionsX: [ 308, 308, 307, 306, 307, 309, 309, 308, 306, 308, 307,
    306, 309, 306, 306, 309, 311, 315, 321, 323, 328, 324, 313, 292, 288,
    289, 291, 300, 304, 313, 312, 313, 304, 295, 287, 288, 295, 303, 312,
    318, 316, 313, 303, 290, 289, 294, 297, 308, 312, 313, 312, 308, 296,
    290, 295, 301, 308, 313, 317, 315, 312, 309, 306, 300, 299, 293, 293,
    291, 294, 299, 300, 303, 302, 303, 307, 307, 307, 308, 311, 310, 310,
    311, 311, 311, 308, 310, 308, 309 ]
LHandPositionsY: [ 249, 252, 251, 251, 251, 249, 250, 251, 250, 249, 251,
    250, 250, 249, 248, 237, 228, 213, 203, 191, 180, 168, 165, 161, 153,
    152, 158, 156, 155, 153, 155, 154, 157, 153, 151, 146, 156, 155, 154,
    151, 153, 154, 156, 148, 145, 152, 155, 153, 153, 154, 154, 156, 145,
    143, 153, 156, 153, 154, 153, 153, 151, 152, 156, 165, 167, 171, 178,
    191, 199, 208, 216, 218, 219, 219, 225, 227, 233, 232, 237, 234, 234,
    236, 240, 238, 237, 241, 241, 237 ]
RHandPositionsX: [ 199, 197, 198, 198, 196, 198, 197, 197, 198, 196, 195,
    198, 198, 196, 197, 196, 198, 195, 197, 199, 195, 197, 199, 197, 197,
    196, 194, 197, 194, 193, 197, 194, 195, 196, 192, 192, 196, 194, 194,
    192, 193, 191, 193, 191, 191, 193, 192, 195, 194, 191, 192, 191, 193,
    195, 192, 195, 194, 191, 195, 191, 192, 191, 194, 194, 191, 192, 194,
    192, 192, 192, 194, 192, 192, 192, 191, 191, 191, 195, 193, 191, 193,
    193, 194, 192, 193, 191, 195, 194 ]
RHandPositionsY: [ 258, 257, 254, 255, 257, 257, 258, 257, 256, 254, 257,
    254, 258, 255, 256, 254, 258, 256, 255, 254, 254, 256, 256, 256, 257,
    257, 257, 256, 258, 257, 256, 258, 258, 255, 255, 256, 254, 257, 258,
    258, 254, 255, 256, 258, 257, 256, 257, 257, 257, 256, 255, 254, 255,
    255, 258, 258, 257, 254, 258, 255, 257, 258, 254, 257, 255, 255, 258,
    255, 255, 258, 257, 255, 257, 254, 255, 255, 254, 256, 256, 255, 254,
    258, 254, 257, 258, 254, 257, 257 ]
