%YAML:1.0
---
videoName: "LHShake23.mp4"
gestureLabel: 2
fps: 30
pixelSizeInCmTemp: 3.3263888888888887e-01
faceCenterPointX: 259
faceCenterPointY: 79
LHandPositionsX: [ 331, 334, 334, 330, 332, 334, 330, 330, 331, 335, 334,
    336, 340, 344, 346, 358, 371, 371, 374, 378, 379, 379, 375, 366, 357,
    353, 352, 351, 355, 364, 373, 381, 387, 385, 382, 379, 373, 362, 359,
    361, 362, 368, 375, 385, 383, 384, 379, 375, 365, 354, 357, 353, 354,
    364, 371, 382, 379, 379, 378, 373, 365, 356, 359, 357, 356, 363, 374,
    380, 378, 378, 380, 377, 368, 361, 358, 350, 345, 346, 340, 338, 339,
    339, 340, 337, 336, 337, 338, 338, 336, 334, 335 ]
LHandPositionsY: [ 262, 262, 263, 265, 262, 264, 263, 263, 264, 262, 258,
    251, 240, 232, 227, 215, 199, 197, 194, 187, 182, 169, 168, 166, 167,
    169, 166, 167, 170, 167, 164, 160, 159, 158, 158, 163, 162, 161, 163,
    166, 163, 166, 162, 157, 158, 159, 157, 161, 161, 163, 163, 168, 165,
    165, 165, 164, 163, 162, 164, 161, 164, 167, 168, 169, 170, 169, 166,
    170, 167, 169, 171, 173, 175, 184, 191, 203, 215, 229, 239, 249, 247,
    249, 249, 250, 255, 255, 252, 256, 253, 252, 253 ]
RHandPositionsX: [ 182, 182, 184, 183, 182, 185, 183, 184, 182, 182, 183,
    182, 184, 182, 183, 186, 183, 185, 182, 186, 186, 183, 185, 182, 183,
    182, 184, 182, 186, 183, 186, 185, 184, 183, 184, 183, 182, 183, 184,
    185, 182, 185, 182, 183, 186, 186, 186, 184, 183, 184, 184, 184, 183,
    183, 186, 182, 183, 186, 182, 183, 186, 186, 184, 184, 185, 184, 184,
    185, 184, 186, 186, 182, 182, 184, 185, 182, 182, 185, 182, 182, 186,
    186, 186, 186, 186, 183, 182, 182, 184, 184, 185 ]
RHandPositionsY: [ 273, 270, 272, 272, 272, 272, 274, 271, 274, 270, 270,
    271, 270, 271, 274, 272, 270, 270, 273, 271, 272, 273, 272, 274, 272,
    274, 273, 272, 270, 270, 273, 270, 272, 272, 273, 271, 272, 273, 270,
    274, 273, 274, 274, 273, 273, 273, 274, 273, 271, 274, 271, 271, 270,
    271, 273, 274, 273, 274, 271, 271, 273, 270, 274, 274, 272, 272, 271,
    272, 272, 273, 271, 271, 271, 273, 270, 270, 272, 271, 274, 274, 271,
    271, 274, 272, 273, 272, 270, 274, 273, 272, 273 ]
