%YAML:1.0
---
videoName: "LHShake00.mp4"
gestureLabel: 2
fps: 29
pixelSizeInCmTemp: 3.4214285714285714e-01
faceCenterPointX: 252
faceCenterPointY: 85
LHandPositionsX: [ 349, 350, 350, 348, 352, 357, 358, 357, 352, 345, 334,
    326, 321, 323, 323, 326, 329, 334, 334, 336, 338, 340, 334, 325, 327,
    323, 327, 328, 332, 336, 336, 342, 339, 332, 322, 325, 322, 325, 329,
    337, 341, 341, 344, 342, 334, 323, 323, 325, 324, 329, 333, 336, 340,
    344, 339, 335, 330, 323, 322, 323, 327, 333, 334, 336, 336, 341, 342,
    338, 334, 335, 330, 329, 327, 325, 327, 330, 332, 331, 335, 336, 340,
    338, 341, 342, 341, 341, 341, 343 ]
LHandPositionsY: [ 259, 250, 247, 231, 209, 187, 169, 150, 139, 133, 135,
    133, 136, 134, 134, 136, 131, 129, 125, 128, 123, 128, 130, 132, 132,
    131, 133, 131, 128, 127, 124, 123, 124, 129, 132, 135, 133, 134, 134,
    127, 129, 126, 122, 123, 125, 134, 133, 132, 134, 132, 133, 127, 126,
    120, 122, 126, 127, 129, 131, 127, 128, 125, 124, 120, 118, 118, 117,
    128, 139, 149, 161, 167, 165, 175, 184, 193, 201, 208, 211, 217, 223,
    228, 226, 232, 236, 236, 236, 233 ]
RHandPositionsX: [ 156, 155, 153, 156, 152, 152, 154, 154, 156, 154, 152,
    152, 152, 154, 153, 153, 156, 153, 153, 156, 154, 156, 155, 152, 154,
    152, 154, 156, 152, 154, 156, 154, 155, 154, 154, 155, 154, 156, 155,
    156, 156, 153, 153, 153, 152, 156, 152, 152, 154, 154, 155, 155, 153,
    153, 153, 153, 155, 152, 152, 153, 155, 155, 155, 154, 153, 153, 154,
    152, 154, 152, 156, 156, 156, 154, 156, 156, 153, 153, 153, 154, 156,
    153, 153, 152, 154, 155, 153, 156 ]
RHandPositionsY: [ 276, 276, 276, 279, 278, 275, 274, 273, 274, 274, 273,
    274, 273, 272, 271, 268, 268, 270, 271, 271, 268, 270, 269, 266, 265,
    269, 267, 268, 264, 264, 266, 267, 265, 264, 262, 266, 262, 261, 265,
    263, 264, 263, 263, 260, 262, 262, 264, 264, 262, 262, 264, 263, 261,
    261, 264, 261, 261, 264, 261, 260, 261, 260, 261, 263, 262, 262, 264,
    261, 262, 260, 262, 261, 264, 261, 261, 261, 264, 264, 260, 264, 261,
    264, 264, 262, 262, 263, 260, 262 ]
