%YAML:1.0
---
videoName: "LHShake10.mp4"
gestureLabel: 2
fps: 29
pixelSizeInCmTemp: 3.4214285714285714e-01
faceCenterPointX: 253
faceCenterPointY: 65
LHandPositionsX: [ 338, 338, 334, 337, 334, 340, 342, 346, 351, 357, 364,
    375, 385, 392, 397, 395, 393, 382, 373, 365, 354, 350, 351, 351, 359,
    372, 383, 391, 389, 394, 389, 384, 377, 366, 355, 359, 357, 365, 366,
    373, 372, 374, 374, 372, 367, 363, 353, 347, 345, 346, 348, 356, 361,
    371, 383, 380, 380, 376, 366, 357, 350, 349, 348, 347, 353, 363, 375,
    379, 378, 379, 376, 371, 366, 360, 355, 351, 342, 340, 337, 334, 333,
    334, 333, 336, 337, 336, 333, 333 ]
LHandPositionsY: [ 272, 272, 272, 269, 269, 268, 269, 260, 249, 240, 226,
    206, 194, 179, 169, 157, 141, 138, 135, 139, 146, 147, 146, 147, 147,
    146, 137, 139, 142, 140, 141, 144, 150, 147, 149, 149, 150, 149, 138,
    132, 135, 135, 131, 131, 129, 130, 138, 144, 144, 146, 142, 143, 140,
    142, 139, 143, 142, 142, 145, 148, 150, 152, 151, 153, 150, 148, 146,
    148, 145, 144, 148, 152, 160, 165, 175, 185, 195, 206, 221, 230, 242,
    252, 251, 255, 254, 255, 257, 259 ]
RHandPositionsX: [ 176, 175, 173, 173, 175, 173, 172, 176, 176, 175, 172,
    174, 173, 172, 175, 176, 173, 174, 173, 174, 175, 172, 171, 173, 174,
    171, 173, 174, 172, 171, 171, 171, 172, 172, 172, 172, 172, 174, 175,
    174, 173, 175, 175, 171, 171, 173, 171, 171, 171, 171, 174, 174, 173,
    171, 172, 174, 175, 172, 171, 172, 171, 174, 173, 174, 175, 173, 173,
    171, 175, 172, 173, 171, 175, 171, 175, 172, 173, 173, 172, 175, 173,
    171, 174, 175, 175, 172, 171, 173 ]
RHandPositionsY: [ 277, 276, 276, 277, 274, 275, 278, 275, 277, 275, 277,
    276, 277, 277, 277, 276, 278, 275, 276, 274, 274, 275, 275, 278, 274,
    277, 276, 276, 277, 276, 276, 275, 275, 274, 275, 277, 275, 275, 277,
    277, 274, 276, 278, 275, 276, 277, 277, 278, 274, 278, 276, 276, 276,
    276, 277, 276, 275, 275, 276, 276, 276, 278, 274, 278, 276, 275, 277,
    278, 276, 274, 278, 278, 274, 275, 277, 275, 277, 274, 278, 274, 278,
    277, 278, 277, 277, 278, 274, 275 ]
