%YAML:1.0
---
videoName: "LHShake19.mp4"
gestureLabel: 2
fps: 29
pixelSizeInCmTemp: 3.3732394366197183e-01
faceCenterPointX: 250
faceCenterPointY: 62
LHandPositionsX: [ 307, 305, 307, 309, 306, 307, 308, 307, 307, 307, 307,
    307, 308, 309, 306, 309, 312, 316, 322, 323, 328, 322, 312, 291, 286,
    287, 289, 298, 308, 316, 312, 311, 307, 295, 288, 290, 293, 300, 309,
    319, 319, 315, 307, 290, 290, 296, 298, 305, 315, 312, 312, 309, 293,
    292, 298, 301, 306, 317, 317, 315, 313, 308, 307, 303, 296, 292, 289,
    291, 295, 300, 304, 301, 305, 304, 307, 307, 308, 311, 311, 310, 311,
    307, 309, 311, 311, 311, 310, 307 ]
LHandPositionsY: [ 251, 250, 249, 248, 250, 250, 251, 250, 250, 252, 251,
    252, 251, 247, 248, 239, 229, 214, 204, 189, 176, 169, 162, 162, 153,
    152, 158, 155, 156, 155, 152, 154, 154, 152, 151, 145, 156, 152, 155,
    152, 150, 154, 155, 150, 147, 155, 153, 153, 155, 152, 155, 156, 145,
    147, 156, 158, 156, 153, 153, 154, 151, 152, 158, 163, 167, 173, 177,
    190, 196, 208, 215, 214, 220, 221, 225, 231, 232, 235, 236, 235, 235,
    236, 239, 239, 240, 238, 239, 240 ]
RHandPositionsX: [ 198, 195, 196, 199, 197, 197, 195, 198, 196, 196, 199,
    199, 199, 195, 196, 195, 199, 195, 197, 199, 197, 199, 197, 196, 197,
    195, 197, 195, 198, 195, 196, 197, 197, 196, 195, 194, 193, 196, 196,
    193, 195, 193, 194, 192, 195, 194, 195, 192, 195, 192, 192, 192, 191,
    193, 195, 192, 195, 193, 191, 194, 194, 192, 195, 192, 194, 195, 193,
    193, 192, 195, 192, 193, 192, 195, 195, 193, 194, 195, 192, 193, 193,
    191, 192, 195, 195, 195, 192, 191 ]
RHandPositionsY: [ 256, 254, 255, 254, 258, 254, 255, 258, 258, 255, 255,
    258, 254, 258, 254, 255, 254, 254, 256, 258, 254, 256, 256, 256, 257,
    255, 254, 255, 258, 258, 258, 257, 257, 256, 255, 258, 258, 256, 255,
    257, 254, 257, 258, 255, 254, 254, 254, 256, 255, 257, 255, 254, 257,
    257, 255, 258, 255, 255, 258, 258, 256, 257, 257, 258, 257, 255, 255,
    257, 254, 257, 258, 257, 256, 255, 254, 255, 255, 256, 257, 255, 256,
    255, 258, 256, 255, 254, 254, 254 ]
