%YAML:1.0
---
videoName: "LHShake02.mp4"
gestureLabel: 2
fps: 29
pixelSizeInCmTemp: 3.3263888888888887e-01
faceCenterPointX: 249
faceCenterPointY: 82
LHandPositionsX: [ 362, 360, 362, 367, 375, 378, 385, 384, 386, 388, 383,
    378, 371, 365, 364, 361, 365, 364, 369, 377, 383, 385, 385, 378, 376,
    369, 364, 367, 363, 362, 367, 371, 373, 379, 376, 382, 379, 378, 373,
    367, 364, 358, 360, 356, 356, 362, 363, 370, 369, 369, 369, 366, 365,
    361, 358, 360, 362, 367, 370, 373, 373, 368, 369, 361, 358, 352, 347,
    345, 344, 346, 343, 342, 343, 341, 342, 345, 347, 347, 347, 349, 346,
    350, 347, 349, 347, 346, 349, 346 ]
LHandPositionsY: [ 127, 122, 117, 114, 113, 108, 109, 112, 108, 110, 107,
    108, 109, 115, 114, 115, 113, 112, 106, 105, 105, 103, 101, 105, 101,
    106, 110, 109, 110, 106, 104, 104, 100, 97, 100, 99, 98, 98, 96, 97,
    100, 100, 100, 102, 103, 101, 103, 101, 102, 102, 100, 101, 106, 107,
    108, 106, 105, 104, 103, 107, 106, 102, 102, 104, 123, 135, 148, 160,
    163, 168, 178, 183, 191, 198, 207, 213, 214, 223, 227, 228, 231, 229,
    231, 232, 235, 232, 234, 239 ]
RHandPositionsX: [ 156, 155, 153, 156, 155, 153, 157, 153, 157, 153, 154,
    157, 155, 156, 155, 155, 154, 153, 156, 153, 155, 157, 157, 156, 153,
    157, 155, 153, 154, 153, 155, 153, 157, 153, 154, 154, 156, 153, 157,
    153, 153, 154, 154, 157, 153, 157, 153, 154, 157, 157, 153, 154, 156,
    155, 153, 157, 153, 157, 157, 153, 154, 154, 157, 154, 157, 156, 156,
    154, 154, 154, 154, 153, 154, 156, 157, 157, 154, 156, 155, 153, 156,
    155, 157, 154, 154, 154, 156, 153 ]
RHandPositionsY: [ 262, 265, 261, 264, 263, 264, 260, 259, 262, 260, 263,
    258, 262, 260, 258, 261, 258, 258, 260, 259, 261, 260, 259, 262, 262,
    258, 258, 261, 261, 261, 258, 262, 261, 260, 262, 258, 258, 258, 262,
    258, 259, 260, 260, 260, 260, 261, 259, 261, 258, 261, 259, 261, 261,
    260, 258, 261, 259, 260, 262, 261, 262, 262, 261, 260, 260, 260, 258,
    262, 258, 259, 262, 258, 258, 260, 259, 260, 261, 259, 258, 259, 260,
    261, 260, 258, 260, 259, 259, 259 ]
