%YAML:1.0
---
videoName: "LHShake24.mp4"
gestureLabel: 2
fps: 30
pixelSizeInCmTemp: 3.4214285714285714e-01
faceCenterPointX: 255
faceCenterPointY: 77
LHandPositionsX: [ 328, 329, 327, 327, 330, 327, 330, 329, 327, 330, 331,
    335, 343, 349, 351, 359, 371, 375, 382, 379, 382, 377, 370, 361, 346,
    343, 340, 341, 344, 347, 360, 368, 380, 377, 377, 377, 369, 357, 343,
    338, 340, 337, 344, 355, 364, 366, 367, 366, 364, 355, 344, 339, 339,
    341, 347, 355, 362, 370, 370, 374, 368, 361, 353, 347, 345, 342, 344,
    350, 360, 369, 366, 369, 366, 361, 351, 343, 335, 335, 329, 327, 325,
    327, 327, 324, 328, 326, 328, 328, 325, 326, 327 ]
LHandPositionsY: [ 263, 261, 261, 262, 264, 262, 264, 263, 263, 259, 259,
    254, 245, 238, 222, 209, 196, 183, 170, 169, 160, 151, 149, 156, 158,
    160, 163, 162, 160, 160, 158, 151, 148, 151, 148, 144, 148, 150, 151,
    155, 154, 155, 154, 151, 151, 151, 151, 152, 150, 154, 157, 161, 162,
    165, 164, 163, 159, 160, 157, 157, 156, 157, 160, 163, 165, 160, 162,
    162, 161, 160, 157, 159, 159, 159, 160, 163, 171, 181, 186, 195, 210,
    221, 230, 229, 234, 240, 245, 247, 245, 249, 248 ]
RHandPositionsX: [ 182, 182, 181, 183, 183, 180, 180, 181, 182, 183, 179,
    180, 183, 183, 179, 181, 182, 179, 179, 180, 181, 183, 179, 183, 182,
    181, 180, 181, 183, 179, 181, 182, 182, 181, 181, 181, 179, 179, 179,
    183, 183, 182, 179, 179, 180, 179, 182, 183, 181, 183, 181, 181, 182,
    183, 180, 183, 182, 181, 183, 179, 183, 181, 182, 183, 180, 179, 182,
    179, 179, 179, 181, 180, 180, 181, 180, 182, 182, 181, 179, 182, 182,
    183, 181, 183, 183, 182, 183, 183, 180, 181, 179 ]
RHandPositionsY: [ 271, 267, 271, 269, 269, 270, 269, 270, 268, 267, 267,
    271, 269, 271, 268, 271, 267, 269, 271, 268, 270, 268, 269, 267, 267,
    270, 269, 268, 271, 267, 269, 267, 269, 271, 271, 270, 269, 271, 268,
    269, 268, 271, 270, 271, 268, 271, 270, 269, 271, 267, 271, 270, 270,
    267, 267, 268, 270, 271, 271, 267, 267, 268, 268, 267, 268, 271, 271,
    267, 268, 269, 269, 268, 271, 271, 271, 269, 271, 269, 270, 270, 268,
    268, 270, 271, 270, 269, 268, 267, 267, 270, 269 ]
