%YAML:1.0
---
videoName: "LHShake23.mp4"
gestureLabel: 2
fps: 30
pixelSizeInCmTemp: 3.3263888888888887e-01
faceCenterPointX: 259
faceCenterPointY: 79
LHandPositionsX: [ 332, 333, 332, 334, 332, 334, 332, 330, 330, 335, 335,
    334, 342, 344, 346, 361, 371, 371, 374, 377, 377, 380, 376, 368, 357,
    350, 352, 350, 353, 364, 373, 379, 385, 384, 382, 377, 371, 361, 358,
    360, 363, 369, 379, 382, 382, 384, 382, 375, 362, 358, 357, 352, 355,
    362, 374, 383, 383, 380, 381, 374, 367, 356, 356, 357, 357, 366, 373,
    379, 377, 379, 378, 373, 371, 361, 356, 349, 346, 343, 340, 341, 340,
    338, 337, 339, 338, 337, 335, 337, 334, 336, 335 ]
LHandPositionsY: [ 264, 264, 265, 265, 266, 264, 265, 263, 262, 264, 258,
    253, 240, 230, 230, 212, 200, 197, 191, 188, 180, 171, 169, 168, 169,
    167, 168, 168, 170, 166, 161, 163, 159, 158, 159, 159, 164, 164, 163,
    165, 165, 165, 163, 161, 161, 157, 158, 161, 160, 164, 165, 168, 169,
    165, 167, 166, 163, 166, 165, 165, 167, 169, 166, 170, 167, 171, 169,
    167, 166, 167, 169, 173, 175, 186, 195, 200, 213, 227, 237, 248, 250,
    250, 249, 251, 253, 254, 254, 253, 254, 256, 255 ]
RHandPositionsX: [ 186, 186, 186, 186, 184, 185, 182, 184, 185, 184, 184,
    185, 183, 185, 185, 182, 183, 185, 186, 186, 184, 183, 185, 183, 182,
    183, 183, 184, 182, 185, 183, 183, 182, 185, 185, 185, 182, 182, 184,
    183, 185, 182, 186, 182, 185, 184, 184, 185, 182, 182, 186, 185, 185,
    184, 182, 183, 184, 186, 186, 185, 184, 183, 182, 186, 184, 183, 185,
    184, 185, 185, 183, 182, 186, 186, 182, 184, 184, 182, 182, 186, 185,
    183, 182, 183, 183, 186, 185, 186, 183, 186, 184 ]
RHandPositionsY: [ 274, 271, 272, 274, 270, 272, 271, 272, 273, 270, 272,
    273, 274, 270, 273, 273, 272, 272, 272, 272, 273, 272, 270, 273, 270,
    272, 273, 272, 273, 271, 270, 270, 270, 272, 270, 273, 270, 271, 270,
    274, 270, 273, 271, 273, 273, 272, 274, 271, 271, 274, 274, 270, 271,
    274, 272, 271, 273, 270, 274, 272, 270, 272, 273, 272, 272, 272, 272,
    273, 273, 272, 273, 272, 273, 274, 271, 274, 272, 274, 270, 272, 271,
    272, 274, 273, 270, 271, 274, 272, 271, 270, 272 ]
