%YAML:1.0
---
videoName: "LHShake05.mp4"
gestureLabel: 2
fps: 30
pixelSizeInCmTemp: 3.2364864864864862e-01
faceCenterPointX: 252
faceCenterPointY: 81
LHandPositionsX: [ 294, 294, 291, 292, 293, 295, 294, 294, 292, 294, 294,
    298, 305, 313, 322, 332, 344, 343, 341, 340, 341, 338, 332, 331, 330,
    332, 333, 339, 340, 343, 342, 336, 332, 323, 323, 323, 329, 330, 334,
    337, 337, 330, 324, 320, 321, 321, 326, 333, 336, 338, 332, 327, 325,
    323, 322, 328, 331, 334, 340, 335, 332, 333, 331, 332, 331, 334, 339,
    339, 339, 336, 333, 325, 322, 313, 310, 305, 302, 300, 298, 294, 295,
    297, 293, 291, 295, 293, 292, 292, 294, 295, 294 ]
LHandPositionsY: [ 268, 268, 270, 267, 267, 268, 268, 267, 266, 255, 240,
    225, 212, 201, 187, 175, 163, 163, 158, 156, 151, 155, 153, 156, 154,
    150, 150, 142, 141, 137, 135, 138, 145, 149, 145, 145, 143, 140, 139,
    134, 134, 137, 140, 142, 144, 143, 138, 137, 134, 129, 134, 141, 141,
    142, 145, 144, 138, 140, 135, 140, 140, 142, 144, 143, 143, 143, 138,
    137, 136, 139, 144, 149, 159, 167, 179, 190, 199, 208, 217, 228, 237,
    235, 239, 241, 244, 247, 249, 251, 250, 256, 259 ]
RHandPositionsX: [ 213, 212, 213, 212, 213, 214, 212, 212, 214, 210, 211,
    212, 210, 209, 213, 213, 213, 212, 211, 212, 208, 209, 209, 209, 208,
    209, 209, 208, 211, 209, 207, 209, 209, 207, 208, 208, 207, 208, 210,
    206, 206, 206, 208, 210, 210, 209, 207, 207, 208, 207, 206, 208, 206,
    209, 210, 207, 208, 210, 206, 208, 206, 207, 210, 206, 209, 208, 210,
    207, 208, 208, 207, 210, 207, 206, 208, 206, 210, 209, 206, 210, 206,
    208, 207, 207, 211, 211, 208, 210, 208, 208, 212 ]
RHandPositionsY: [ 263, 262, 265, 266, 263, 264, 265, 262, 265, 262, 262,
    262, 262, 264, 263, 264, 266, 263, 262, 264, 264, 265, 263, 264, 262,
    264, 265, 264, 266, 262, 262, 266, 263, 265, 265, 261, 264, 263, 265,
    264, 261, 261, 265, 261, 262, 261, 261, 263, 261, 261, 263, 265, 263,
    264, 265, 265, 264, 265, 263, 265, 264, 264, 262, 262, 265, 261, 262,
    264, 261, 261, 265, 264, 262, 262, 263, 262, 264, 263, 263, 261, 263,
    263, 265, 265, 265, 265, 263, 262, 265, 264, 264 ]
