%YAML:1.0
---
videoName: "LHShake12.mp4"
gestureLabel: 2
fps: 29
pixelSizeInCmTemp: 3.3263888888888887e-01
faceCenterPointX: 259
faceCenterPointY: 64
LHandPositionsX: [ 370, 355, 348, 347, 347, 348, 354, 361, 372, 382, 381,
    378, 373, 366, 355, 345, 351, 344, 349, 354, 365, 374, 377, 377, 378,
    369, 363, 350, 342, 342, 341, 340, 348, 362, 370, 370, 371, 371, 370,
    358, 348, 343, 342, 342, 346, 353, 364, 372, 367, 371, 367, 359, 348,
    341, 340, 340, 343, 346, 359, 368, 369, 369, 367, 362, 352, 344, 336,
    328, 323, 316, 318, 318, 316, 326, 329, 329, 331, 331, 333, 336, 336,
    336, 335, 333, 334, 334, 335, 337 ]
LHandPositionsY: [ 165, 163, 163, 165, 161, 159, 156, 157, 151, 152, 151,
    150, 149, 151, 156, 157, 158, 160, 155, 153, 149, 146, 147, 148, 146,
    145, 147, 148, 155, 153, 155, 154, 150, 148, 146, 146, 149, 145, 148,
    150, 151, 159, 156, 157, 157, 152, 154, 151, 151, 148, 149, 150, 151,
    158, 155, 156, 156, 151, 151, 145, 144, 143, 143, 145, 147, 155, 159,
    169, 178, 184, 198, 211, 228, 235, 244, 243, 247, 253, 253, 254, 254,
    257, 255, 256, 259, 256, 255, 257 ]
RHandPositionsX: [ 174, 174, 178, 178, 178, 176, 177, 176, 175, 176, 177,
    176, 178, 178, 178, 174, 174, 175, 175, 175, 178, 177, 175, 178, 177,
    174, 174, 174, 178, 177, 174, 174, 174, 175, 174, 176, 174, 176, 176,
    176, 175, 176, 178, 175, 176, 174, 177, 176, 178, 174, 174, 175, 178,
    175, 177, 174, 175, 178, 174, 174, 177, 174, 176, 175, 175, 174, 178,
    177, 176, 177, 174, 178, 175, 174, 176, 176, 177, 175, 174, 177, 174,
    177, 176, 177, 177, 177, 178, 175 ]
RHandPositionsY: [ 273, 274, 271, 273, 274, 271, 273, 272, 271, 271, 273,
    271, 271, 273, 274, 273, 273, 274, 273, 272, 273, 274, 274, 274, 271,
    274, 271, 272, 272, 271, 272, 275, 271, 274, 273, 273, 272, 271, 273,
    271, 273, 272, 275, 274, 275, 272, 273, 274, 273, 273, 271, 275, 272,
    274, 274, 273, 273, 272, 271, 272, 271, 273, 272, 275, 272, 271, 273,
    273, 275, 272, 274, 275, 273, 272, 271, 273, 271, 275, 275, 271, 273,
    271, 273, 272, 273, 273, 275, 275 ]
