%YAML:1.0
---
videoName: "LHShake10.mp4"
gestureLabel: 2
fps: 29
pixelSizeInCmTemp: 3.4214285714285714e-01
faceCenterPointX: 253
faceCenterPointY: 65
LHandPositionsX: [ 338, 334, 336, 334, 335, 336, 344, 350, 352, 357, 367,
    376, 383, 392, 393, 394, 396, 382, 373, 367, 356, 351, 351, 351, 361,
    372, 383, 389, 391, 394, 389, 385, 377, 366, 356, 360, 357, 362, 370,
    373, 374, 374, 372, 370, 366, 365, 351, 346, 343, 344, 344, 352, 361,
    373, 382, 378, 380, 376, 364, 357, 348, 352, 348, 351, 356, 366, 372,
    379, 377, 379, 376, 372, 369, 363, 354, 349, 344, 341, 340, 334, 334,
    337, 335, 337, 336, 333, 337, 336 ]
LHandPositionsY: [ 272, 271, 269, 272, 272, 268, 269, 262, 253, 237, 223,
    208, 191, 179, 169, 156, 141, 138, 132, 141, 143, 148, 148, 149, 151,
    147, 137, 139, 142, 140, 142, 145, 149, 148, 151, 151, 149, 148, 137,
    133, 134, 134, 134, 132, 129, 132, 136, 145, 141, 146, 146, 147, 140,
    142, 143, 139, 142, 144, 143, 148, 152, 150, 151, 153, 150, 151, 146,
    147, 147, 148, 147, 152, 158, 166, 171, 184, 192, 209, 221, 234, 245,
    251, 254, 254, 255, 255, 260, 258 ]
RHandPositionsX: [ 173, 176, 172, 175, 175, 173, 174, 172, 173, 173, 174,
    173, 173, 174, 176, 172, 174, 171, 173, 171, 174, 172, 171, 173, 175,
    174, 173, 172, 175, 175, 173, 174, 171, 172, 171, 171, 174, 174, 172,
    172, 174, 172, 171, 171, 175, 172, 173, 171, 172, 173, 171, 173, 174,
    173, 173, 173, 171, 173, 171, 171, 171, 174, 171, 171, 171, 172, 175,
    173, 172, 171, 174, 172, 173, 175, 173, 174, 174, 175, 172, 172, 172,
    173, 173, 173, 172, 172, 175, 174 ]
RHandPositionsY: [ 277, 274, 275, 275, 277, 277, 274, 276, 274, 275, 276,
    277, 274, 278, 277, 278, 275, 274, 275, 278, 276, 277, 276, 275, 275,
    277, 274, 274, 276, 274, 275, 274, 276, 277, 277, 274, 275, 277, 275,
    277, 275, 275, 278, 278, 275, 278, 276, 274, 276, 276, 278, 275, 276,
    278, 277, 276, 278, 274, 275, 275, 277, 276, 276, 274, 277, 276, 278,
    276, 274, 277, 274, 274, 276, 275, 276, 276, 278, 276, 274, 278, 277,
    274, 274, 277, 278, 275, 274, 274 ]
