%YAML:1.0
---
videoName: "LHShake16.mp4"
gestureLabel: 2
fps: 30
pixelSizeInCmTemp: 3.3732394366197183e-01
faceCenterPointX: 247
faceCenterPointY: 66
LHandPositionsX: [ 323, 323, 327, 328, 330, 339, 343, 352, 363, 373, 382,
    394, 404, 409, 406, 401, 398, 393, 377, 364, 355, 355, 363, 372, 380,
    401, 394, 394, 391, 383, 372, 369, 368, 370, 371, 380, 387, 387, 402,
    396, 386, 376, 365, 366, 363, 369, 376, 386, 397, 405, 396, 387, 372,
    361, 364, 363, 361, 368, 374, 390, 386, 382, 390, 384, 374, 366, 357,
    347, 345, 336, 332, 331, 329, 329, 332, 331, 330, 327, 330, 329, 329,
    329, 329, 325, 325, 329, 324, 326, 326, 328, 325 ]
LHandPositionsY: [ 254, 254, 251, 253, 251, 244, 234, 223, 207, 195, 181,
    167, 152, 150, 144, 134, 125, 114, 119, 111, 116, 120, 123, 118, 116,
    117, 117, 118, 116, 118, 123, 131, 132, 135, 127, 118, 120, 121, 119,
    120, 118, 129, 132, 132, 135, 137, 131, 124, 125, 123, 124, 132, 139,
    144, 145, 143, 144, 144, 136, 127, 131, 128, 124, 130, 140, 152, 161,
    169, 179, 196, 207, 215, 225, 226, 231, 232, 235, 237, 239, 237, 239,
    241, 244, 241, 244, 241, 244, 242, 244, 245, 242 ]
RHandPositionsX: [ 177, 176, 178, 177, 178, 179, 176, 178, 179, 175, 175,
    179, 175, 175, 177, 175, 175, 175, 179, 175, 177, 177, 175, 176, 175,
    177, 179, 175, 177, 179, 177, 175, 179, 175, 175, 176, 179, 178, 179,
    175, 176, 177, 179, 177, 179, 176, 176, 176, 176, 176, 179, 177, 179,
    177, 176, 177, 179, 178, 176, 178, 175, 179, 175, 179, 176, 175, 179,
    175, 177, 177, 179, 175, 178, 178, 177, 175, 178, 176, 178, 176, 179,
    175, 178, 175, 179, 176, 178, 175, 179, 175, 178 ]
RHandPositionsY: [ 258, 260, 259, 262, 262, 262, 262, 261, 258, 262, 260,
    262, 261, 259, 259, 262, 261, 261, 260, 258, 260, 260, 260, 258, 262,
    261, 262, 258, 259, 258, 262, 261, 260, 260, 259, 261, 258, 261, 261,
    262, 261, 260, 261, 262, 261, 261, 261, 261, 262, 259, 262, 258, 258,
    258, 259, 261, 259, 258, 262, 262, 260, 262, 262, 262, 261, 261, 258,
    258, 258, 258, 259, 259, 262, 259, 261, 261, 258, 258, 260, 259, 259,
    258, 258, 260, 259, 260, 261, 258, 261, 258, 258 ]
