%YAML:1.0
---
videoName: "LHShake18.mp4"
gestureLabel: 2
fps: 29
pixelSizeInCmTemp: 3.4214285714285714e-01
faceCenterPointX: 253
faceCenterPointY: 65
LHandPositionsX: [ 315, 311, 315, 311, 314, 314, 313, 311, 314, 315, 314,
    314, 315, 311, 313, 315, 313, 316, 322, 324, 333, 337, 345, 350, 352,
    347, 337, 324, 314, 296, 302, 306, 306, 311, 310, 314, 312, 307, 297,
    291, 293, 301, 309, 315, 310, 309, 305, 296, 288, 286, 288, 295, 306,
    315, 311, 312, 306, 294, 287, 285, 295, 299, 308, 308, 308, 305, 305,
    292, 296, 300, 303, 304, 310, 309, 312, 313, 308, 308, 307, 304, 307,
    307, 306, 310, 309, 311, 309, 308 ]
LHandPositionsY: [ 250, 248, 247, 250, 248, 248, 246, 249, 247, 250, 247,
    246, 246, 247, 250, 248, 249, 248, 246, 235, 219, 204, 190, 177, 168,
    157, 153, 147, 148, 139, 139, 145, 145, 140, 141, 143, 140, 147, 143,
    139, 137, 145, 148, 145, 145, 148, 147, 145, 142, 139, 144, 148, 147,
    146, 145, 149, 152, 145, 144, 145, 150, 153, 153, 153, 151, 154, 160,
    145, 149, 151, 155, 152, 155, 155, 163, 169, 175, 188, 199, 207, 215,
    215, 220, 234, 232, 232, 233, 235 ]
RHandPositionsX: [ 199, 194, 194, 195, 196, 199, 198, 198, 196, 198, 196,
    196, 197, 196, 199, 198, 199, 198, 197, 199, 198, 195, 195, 199, 196,
    195, 198, 194, 194, 195, 194, 195, 196, 197, 199, 195, 198, 196, 197,
    197, 196, 198, 198, 195, 195, 198, 195, 199, 199, 196, 195, 198, 198,
    200, 198, 197, 196, 198, 198, 199, 195, 196, 197, 195, 198, 195, 198,
    198, 197, 196, 194, 198, 194, 197, 194, 195, 197, 195, 194, 195, 197,
    198, 195, 197, 198, 197, 196, 194 ]
RHandPositionsY: [ 266, 263, 263, 265, 263, 266, 267, 264, 267, 264, 264,
    264, 263, 267, 263, 264, 264, 263, 264, 265, 263, 265, 264, 264, 267,
    263, 266, 262, 262, 265, 265, 265, 264, 263, 264, 263, 263, 265, 264,
    266, 264, 264, 265, 265, 268, 268, 267, 268, 267, 268, 264, 267, 267,
    268, 265, 268, 268, 268, 265, 267, 265, 268, 265, 265, 268, 268, 266,
    266, 267, 266, 268, 266, 267, 266, 267, 266, 265, 268, 264, 264, 264,
    267, 267, 266, 264, 266, 266, 268 ]
