%YAML:1.0
---
videoName: "LHShake19.mp4"
gestureLabel: 2
fps: 29
pixelSizeInCmTemp: 3.3732394366197183e-01
faceCenterPointX: 250
faceCenterPointY: 62
LHandPositionsX: [ 309, 306, 309, 307, 308, 305, 309, 305, 308, 308, 309,
    305, 306, 306, 306, 308, 313, 317, 322, 323, 324, 323, 310, 291, 285,
    287, 290, 296, 307, 314, 312, 313, 308, 296, 287, 288, 292, 299, 311,
    315, 317, 314, 307, 292, 291, 295, 299, 308, 315, 311, 313, 306, 296,
    294, 297, 301, 307, 316, 314, 315, 312, 308, 306, 303, 299, 293, 292,
    295, 295, 301, 303, 300, 305, 303, 307, 304, 305, 309, 307, 307, 310,
    310, 311, 307, 307, 309, 308, 308 ]
LHandPositionsY: [ 249, 249, 250, 251, 249, 250, 250, 252, 248, 251, 252,
    252, 250, 249, 248, 237, 229, 214, 203, 191, 178, 170, 162, 164, 154,
    154, 160, 158, 154, 153, 155, 153, 156, 154, 151, 145, 153, 155, 154,
    151, 149, 150, 155, 148, 145, 154, 154, 152, 153, 150, 152, 155, 149,
    144, 155, 155, 153, 151, 152, 150, 155, 154, 160, 165, 165, 170, 179,
    189, 197, 206, 214, 217, 219, 222, 223, 231, 230, 236, 238, 234, 235,
    237, 236, 239, 238, 237, 238, 237 ]
RHandPositionsX: [ 195, 199, 197, 196, 199, 197, 197, 197, 199, 199, 197,
    199, 195, 195, 197, 199, 198, 198, 197, 197, 198, 195, 197, 197, 196,
    197, 194, 196, 198, 195, 197, 195, 196, 193, 196, 195, 195, 194, 196,
    192, 192, 193, 191, 194, 191, 191, 191, 191, 194, 194, 194, 194, 191,
    194, 194, 193, 194, 193, 194, 192, 195, 194, 194, 195, 192, 195, 191,
    194, 194, 195, 193, 195, 195, 194, 194, 191, 195, 195, 195, 193, 195,
    195, 192, 193, 194, 195, 194, 194 ]
RHandPositionsY: [ 257, 258, 257, 256, 258, 258, 254, 258, 258, 255, 255,
    254, 257, 256, 255, 254, 257, 258, 254, 258, 258, 255, 257, 257, 257,
    254, 254, 255, 254, 257, 254, 255, 257, 255, 257, 258, 257, 258, 256,
    257, 254, 256, 258, 254, 254, 257, 256, 257, 257, 256, 254, 256, 256,
    254, 254, 257, 256, 258, 255, 258, 258, 254, 257, 257, 256, 258, 255,
    255, 258, 256, 254, 257, 258, 256, 254, 255, 254, 256, 254, 258, 255,
    255, 254, 255, 255, 256, 258, 254 ]
