%YAML:1.0
---
videoName: "LHShake16.mp4"
gestureLabel: 2
fps: 30
pixelSizeInCmTemp: 3.3732394366197183e-01
faceCenterPointX: 247
faceCenterPointY: 66
LHandPositionsX: [ 324, 326, 326, 325, 328, 335, 345, 353, 361, 371, 381,
    391, 405, 412, 404, 403, 402, 389, 377, 363, 353, 358, 364, 370, 383,
    398, 396, 390, 391, 385, 373, 371, 371, 369, 371, 378, 387, 387, 400,
    398, 385, 372, 366, 368, 365, 370, 375, 385, 397, 405, 395, 387, 373,
    365, 363, 363, 362, 369, 376, 393, 385, 382, 388, 382, 374, 367, 358,
    348, 344, 333, 336, 331, 329, 330, 332, 331, 330, 327, 327, 328, 328,
    328, 328, 328, 328, 325, 327, 327, 324, 327, 325 ]
LHandPositionsY: [ 256, 253, 252, 253, 249, 243, 233, 222, 209, 197, 183,
    167, 152, 146, 140, 134, 124, 115, 118, 112, 116, 117, 126, 118, 112,
    117, 119, 118, 116, 114, 119, 132, 132, 134, 127, 121, 117, 122, 118,
    118, 115, 127, 135, 134, 134, 136, 131, 124, 123, 121, 120, 132, 135,
    146, 146, 144, 146, 145, 136, 129, 130, 127, 124, 131, 140, 152, 159,
    168, 179, 198, 207, 217, 226, 226, 229, 235, 238, 238, 239, 241, 238,
    239, 243, 245, 246, 241, 245, 243, 244, 241, 241 ]
RHandPositionsX: [ 179, 176, 176, 178, 176, 176, 178, 176, 179, 175, 176,
    179, 179, 177, 179, 176, 177, 178, 175, 178, 176, 178, 175, 177, 178,
    176, 176, 175, 175, 179, 178, 178, 175, 179, 179, 179, 175, 177, 176,
    175, 177, 179, 178, 177, 175, 178, 177, 175, 179, 176, 175, 175, 179,
    177, 177, 178, 179, 179, 177, 176, 175, 176, 179, 179, 179, 176, 179,
    176, 177, 176, 176, 175, 176, 176, 177, 176, 179, 177, 177, 176, 179,
    176, 178, 175, 179, 176, 175, 179, 175, 179, 177 ]
RHandPositionsY: [ 261, 260, 259, 261, 262, 261, 258, 260, 259, 261, 259,
    259, 261, 261, 261, 262, 259, 261, 258, 260, 262, 261, 262, 258, 259,
    261, 262, 260, 259, 258, 262, 261, 259, 259, 262, 260, 258, 261, 258,
    260, 260, 259, 262, 259, 261, 258, 260, 259, 261, 260, 259, 260, 259,
    259, 262, 260, 260, 259, 261, 259, 260, 259, 261, 258, 260, 260, 261,
    259, 261, 261, 261, 261, 260, 258, 258, 259, 259, 258, 260, 261, 259,
    259, 262, 262, 258, 258, 261, 260, 259, 258, 258 ]
