%YAML:1.0
---
videoName: "LHShake21.mp4"
gestureLabel: 2
fps: 29
pixelSizeInCmTemp: 3.4214285714285714e-01
faceCenterPointX: 266
faceCenterPointY: 79
LHandPositionsX: [ 351, 352, 364, 374, 384, 392, 397, 408, 423, 414, 418,
    404, 391, 376, 375, 378, 376, 378, 385, 405, 400, 399, 394, 392, 385,
    371, 368, 373, 372, 370, 377, 392, 389, 384, 384, 384, 373, 370, 365,
    368, 369, 371, 378, 389, 389, 385, 397, 392, 383, 372, 366, 367, 367,
    369, 374, 380, 387, 382, 385, 390, 385, 383, 373, 363, 356, 348, 343,
    338, 337, 338, 336, 337, 332, 334, 334, 334, 333, 333, 334, 331, 331,
    330, 330, 330, 333, 330, 333, 332 ]
LHandPositionsY: [ 272, 266, 247, 225, 209, 190, 182, 169, 152, 153, 140,
    136, 131, 136, 134, 134, 130, 131, 127, 127, 130, 129, 129, 131, 136,
    132, 144, 142, 143, 135, 135, 130, 134, 132, 133, 133, 135, 146, 149,
    148, 149, 142, 140, 137, 136, 139, 135, 139, 140, 151, 153, 152, 152,
    152, 149, 146, 143, 140, 141, 146, 153, 160, 171, 178, 192, 201, 214,
    226, 235, 240, 243, 248, 249, 248, 250, 253, 252, 254, 251, 252, 254,
    254, 251, 252, 253, 250, 254, 254 ]
RHandPositionsX: [ 188, 184, 187, 187, 185, 187, 187, 185, 188, 184, 188,
    184, 186, 186, 187, 185, 187, 185, 184, 186, 184, 185, 187, 187, 188,
    186, 189, 187, 186, 186, 187, 185, 185, 186, 188, 185, 184, 187, 187,
    187, 188, 186, 185, 185, 187, 186, 187, 187, 186, 184, 185, 186, 188,
    185, 186, 187, 184, 188, 184, 184, 188, 187, 184, 188, 187, 185, 188,
    188, 185, 188, 184, 188, 187, 184, 184, 186, 185, 187, 187, 184, 188,
    188, 187, 185, 186, 184, 187, 184 ]
RHandPositionsY: [ 266, 268, 266, 265, 266, 265, 266, 266, 267, 268, 266,
    269, 266, 269, 266, 266, 267, 268, 269, 265, 266, 267, 268, 265, 269,
    266, 267, 268, 269, 266, 266, 265, 265, 266, 266, 267, 266, 265, 269,
    269, 268, 268, 269, 266, 266, 268, 266, 269, 267, 269, 266, 265, 268,
    265, 268, 268, 267, 266, 265, 268, 266, 268, 269, 267, 266, 265, 266,
    268, 266, 265, 265, 267, 268, 265, 269, 267, 269, 265, 266, 269, 265,
    265, 266, 268, 269, 265, 267, 266 ]
