%YAML:1.0
---
videoName: "LHShake09.mp4"
gestureLabel: 2
fps: 29
pixelSizeInCmTemp: 3.3263888888888887e-01
faceCenterPointX: 259
faceCenterPointY: 67
LHandPositionsX: [ 337, 336, 338, 338, 340, 345, 347, 355, 352, 358, 357,
    366, 367, 369, 366, 367, 359, 351, 341, 332, 334, 333, 331, 331, 337,
    346, 347, 350, 348, 346, 353, 349, 344, 338, 337, 338, 339, 345, 352,
    362, 365, 363, 367, 362, 355, 345, 336, 335, 336, 333, 337, 344, 352,
    354, 354, 357, 356, 352, 343, 337, 334, 334, 333, 336, 343, 348, 353,
    355, 352, 353, 349, 341, 338, 329, 327, 318, 317, 321, 321, 324, 328,
    326, 330, 330, 333, 334, 334, 335 ]
LHandPositionsY: [ 273, 273, 273, 271, 273, 273, 264, 254, 247, 236, 231,
    215, 199, 199, 182, 174, 165, 164, 159, 159, 158, 157, 157, 154, 154,
    150, 146, 147, 149, 146, 148, 149, 150, 154, 152, 152, 154, 152, 152,
    153, 154, 151, 153, 153, 154, 155, 156, 155, 154, 156, 155, 154, 153,
    153, 153, 151, 153, 150, 153, 151, 154, 150, 151, 154, 152, 150, 150,
    149, 151, 149, 152, 156, 161, 173, 183, 193, 206, 219, 233, 243, 245,
    249, 249, 256, 255, 259, 260, 261 ]
RHandPositionsX: [ 177, 178, 178, 179, 179, 177, 177, 179, 177, 176, 178,
    178, 178, 180, 178, 176, 179, 177, 176, 177, 176, 179, 177, 179, 179,
    179, 179, 177, 179, 177, 180, 179, 178, 178, 179, 177, 176, 176, 179,
    176, 180, 179, 177, 180, 179, 178, 180, 176, 180, 176, 180, 180, 177,
    179, 176, 178, 178, 178, 180, 178, 176, 180, 179, 177, 180, 180, 178,
    180, 178, 177, 177, 179, 177, 176, 177, 178, 178, 177, 176, 178, 178,
    180, 178, 179, 177, 178, 179, 179 ]
RHandPositionsY: [ 278, 276, 277, 275, 278, 279, 279, 277, 277, 278, 279,
    276, 278, 279, 275, 277, 278, 277, 277, 275, 278, 277, 277, 277, 279,
    275, 277, 278, 277, 278, 276, 279, 275, 275, 276, 275, 279, 277, 278,
    276, 276, 277, 276, 275, 277, 277, 279, 276, 275, 277, 275, 279, 275,
    276, 277, 277, 279, 279, 276, 277, 277, 275, 277, 277, 278, 277, 276,
    276, 279, 277, 279, 276, 276, 277, 275, 276, 278, 279, 277, 278, 279,
    279, 277, 278, 275, 277, 276, 275 ]
