%YAML:1.0
---
videoName: "LHShake23.mp4"
gestureLabel: 2
fps: 30
pixelSizeInCmTemp: 3.3263888888888887e-01
faceCenterPointX: 259
faceCenterPointY: 79
LHandPositionsX: [ 334, 334, 332, 330, 334, 331, 330, 330, 331, 333, 331,
    333, 338, 344, 349, 360, 368, 369, 372, 376, 378, 378, 376, 366, 356,
    349, 353, 353, 356, 360, 373, 380, 383, 386, 382, 377, 371, 363, 361,
    359, 362, 367, 375, 384, 382, 383, 379, 375, 361, 358, 356, 353, 358,
    365, 372, 383, 382, 382, 380, 375, 367, 355, 358, 359, 356, 362, 375,
    378, 376, 380, 378, 376, 367, 363, 354, 349, 345, 343, 342, 339, 337,
    337, 338, 338, 339, 334, 337, 337, 336, 335, 335 ]
LHandPositionsY: [ 265, 265, 263, 263, 265, 264, 266, 263, 263, 263, 258,
    250, 242, 231, 231, 213, 201, 197, 194, 188, 182, 171, 169, 168, 169,
    171, 168, 169, 169, 164, 162, 162, 160, 157, 161, 159, 161, 162, 165,
    165, 166, 165, 160, 161, 158, 157, 158, 160, 162, 165, 162, 166, 167,
    169, 167, 163, 163, 162, 164, 165, 167, 166, 168, 167, 171, 170, 167,
    167, 165, 169, 170, 170, 176, 185, 195, 202, 211, 228, 238, 248, 250,
    251, 249, 251, 252, 256, 255, 253, 254, 255, 254 ]
RHandPositionsX: [ 182, 184, 185, 182, 185, 182, 185, 183, 182, 186, 183,
    185, 185, 182, 186, 185, 182, 185, 185, 182, 185, 184, 182, 182, 186,
    183, 182, 186, 182, 185, 184, 183, 186, 186, 183, 186, 185, 183, 183,
    182, 186, 183, 184, 186, 183, 185, 185, 182, 184, 185, 186, 186, 185,
    182, 184, 185, 182, 185, 184, 184, 186, 183, 186, 185, 186, 182, 184,
    185, 182, 183, 182, 186, 184, 186, 184, 182, 186, 182, 184, 183, 184,
    186, 182, 185, 182, 182, 183, 186, 185, 186, 186 ]
RHandPositionsY: [ 270, 270, 272, 271, 274, 270, 273, 274, 270, 272, 273,
    271, 270, 270, 270, 270, 270, 271, 274, 271, 271, 273, 273, 274, 271,
    270, 272, 270, 271, 274, 271, 272, 271, 273, 272, 272, 273, 271, 274,
    274, 274, 271, 274, 270, 272, 271, 272, 274, 271, 270, 270, 273, 272,
    272, 274, 273, 270, 274, 272, 272, 274, 270, 273, 272, 271, 274, 272,
    272, 274, 272, 274, 270, 274, 274, 272, 271, 270, 270, 270, 273, 270,
    270, 271, 273, 274, 272, 274, 273, 274, 274, 271 ]
