%YAML:1.0
---
videoName: "LHShake02.mp4"
gestureLabel: 2
fps: 29
pixelSizeInCmTemp: 3.3263888888888887e-01
faceCenterPointX: 249
faceCenterPointY: 82
LHandPositionsX: [ 361, 360, 361, 368, 371, 378, 388, 387, 387, 388, 382,
    381, 371, 369, 363, 363, 361, 366, 372, 374, 385, 388, 381, 378, 375,
    370, 365, 365, 362, 365, 367, 370, 373, 376, 378, 383, 381, 377, 372,
    370, 362, 359, 358, 359, 358, 359, 364, 371, 368, 373, 368, 367, 362,
    358, 355, 358, 362, 366, 371, 373, 370, 369, 369, 363, 356, 354, 348,
    345, 343, 345, 345, 342, 343, 343, 341, 344, 344, 347, 347, 346, 349,
    349, 348, 349, 349, 350, 348, 349 ]
LHandPositionsY: [ 124, 120, 119, 117, 115, 111, 109, 112, 110, 107, 110,
    107, 111, 113, 113, 112, 112, 111, 109, 106, 106, 100, 103, 103, 102,
    106, 109, 111, 109, 105, 104, 102, 100, 99, 100, 97, 96, 98, 99, 99,
    97, 101, 104, 101, 103, 104, 101, 99, 99, 99, 103, 101, 108, 106,
    108, 110, 105, 105, 107, 104, 107, 103, 101, 107, 121, 138, 148, 163,
    162, 171, 176, 182, 193, 200, 205, 211, 217, 219, 224, 227, 229, 230,
    232, 234, 231, 232, 237, 237 ]
RHandPositionsX: [ 157, 157, 155, 153, 157, 153, 154, 156, 156, 155, 153,
    154, 154, 157, 153, 156, 155, 156, 155, 153, 153, 156, 154, 153, 154,
    155, 155, 155, 157, 157, 153, 155, 157, 154, 153, 156, 153, 153, 153,
    153, 153, 156, 153, 156, 154, 154, 153, 156, 156, 155, 155, 154, 153,
    153, 157, 153, 154, 156, 153, 153, 154, 153, 156, 153, 153, 156, 157,
    156, 156, 157, 156, 153, 153, 154, 155, 153, 157, 153, 154, 155, 153,
    156, 156, 154, 156, 154, 153, 154 ]
RHandPositionsY: [ 261, 263, 263, 260, 260, 261, 261, 260, 260, 262, 263,
    259, 261, 258, 259, 262, 261, 261, 258, 258, 262, 262, 262, 261, 261,
    259, 261, 259, 261, 261, 258, 259, 262, 258, 258, 258, 261, 259, 259,
    261, 258, 262, 259, 262, 259, 258, 262, 259, 258, 262, 258, 258, 258,
    261, 262, 260, 258, 262, 261, 262, 258, 261, 261, 260, 259, 258, 260,
    258, 262, 261, 261, 262, 262, 262, 258, 259, 258, 260, 261, 258, 262,
    262, 258, 260, 258, 259, 262, 258 ]
