%YAML:1.0
---
videoName: "LHShake08.mp4"
gestureLabel: 2
fps: 29
pixelSizeInCmTemp: 3.4710144927536229e-01
faceCenterPointX: 261
faceCenterPointY: 69
LHandPositionsX: [ 339, 343, 343, 345, 350, 348, 355, 362, 371, 373, 374,
    371, 377, 368, 358, 349, 341, 343, 343, 343, 351, 359, 370, 367, 363,
    359, 361, 351, 343, 339, 340, 336, 342, 351, 356, 368, 366, 368, 369,
    364, 352, 346, 337, 336, 336, 335, 343, 351, 356, 357, 359, 360, 356,
    353, 346, 341, 344, 342, 341, 347, 353, 365, 374, 369, 369, 371, 366,
    360, 353, 346, 339, 337, 333, 332, 331, 334, 337, 337, 337, 336, 339,
    336, 337, 337, 335, 336, 336, 335 ]
LHandPositionsY: [ 265, 269, 264, 253, 250, 236, 218, 200, 184, 174, 164,
    157, 142, 146, 146, 144, 150, 150, 151, 148, 149, 145, 141, 141, 140,
    139, 139, 143, 146, 153, 150, 154, 154, 150, 150, 146, 148, 147, 150,
    148, 152, 153, 161, 160, 160, 161, 159, 159, 154, 157, 157, 155, 155,
    157, 161, 161, 161, 163, 163, 158, 154, 151, 147, 148, 144, 144, 149,
    156, 160, 167, 173, 183, 194, 210, 221, 233, 244, 246, 250, 249, 255,
    255, 253, 255, 254, 257, 255, 258 ]
RHandPositionsX: [ 173, 172, 176, 176, 173, 174, 176, 173, 174, 172, 173,
    176, 176, 175, 174, 175, 175, 173, 176, 175, 176, 172, 176, 176, 173,
    175, 173, 175, 173, 175, 176, 176, 177, 173, 173, 174, 177, 177, 174,
    176, 175, 173, 173, 175, 177, 177, 176, 176, 174, 177, 176, 178, 176,
    177, 174, 175, 178, 176, 174, 177, 177, 175, 174, 177, 174, 178, 174,
    177, 177, 176, 175, 174, 178, 175, 174, 177, 177, 176, 177, 176, 178,
    174, 176, 177, 174, 178, 175, 175 ]
RHandPositionsY: [ 275, 276, 273, 274, 276, 276, 273, 274, 275, 276, 274,
    273, 273, 276, 275, 275, 276, 277, 274, 276, 276, 277, 275, 274, 277,
    274, 277, 277, 276, 274, 277, 275, 276, 276, 277, 273, 276, 275, 273,
    274, 274, 275, 277, 276, 274, 273, 274, 277, 273, 276, 276, 275, 274,
    273, 277, 277, 274, 277, 274, 275, 274, 273, 273, 277, 277, 275, 274,
    275, 276, 277, 275, 275, 276, 276, 273, 275, 274, 277, 274, 276, 275,
    273, 277, 274, 276, 273, 276, 275 ]
