%YAML:1.0
---
videoName: "LHShake06.mp4"
gestureLabel: 2
fps: 29
pixelSizeInCmTemp: 3.3732394366197183e-01
faceCenterPointX: 250
faceCenterPointY: 80
LHandPositionsX: [ 384, 383, 385, 387, 382, 379, 374, 373, 370, 370, 373,
    382, 386, 392, 396, 396, 394, 385, 376, 376, 378, 379, 386, 391, 390,
    395, 389, 390, 382, 380, 380, 378, 382, 387, 392, 389, 386, 382, 382,
    379, 380, 381, 386, 390, 390, 391, 386, 384, 380, 377, 378, 382, 388,
    392, 394, 401, 398, 397, 393, 386, 378, 370, 358, 357, 352, 346, 339,
    328, 318, 310, 306, 307, 305, 305, 304, 303, 300, 300, 299, 302, 302,
    301, 302, 301, 301, 298, 301, 299 ]
LHandPositionsY: [ 149, 148, 143, 141, 140, 135, 135, 135, 135, 136, 133,
    131, 127, 130, 126, 129, 129, 132, 133, 135, 132, 134, 129, 129, 127,
    125, 128, 129, 128, 131, 130, 127, 129, 125, 127, 123, 128, 128, 126,
    126, 129, 129, 127, 127, 123, 126, 124, 128, 129, 129, 125, 125, 127,
    121, 123, 121, 121, 126, 124, 129, 133, 137, 144, 151, 162, 175, 189,
    209, 216, 224, 232, 236, 236, 243, 243, 245, 253, 253, 249, 252, 254,
    254, 252, 252, 254, 255, 256, 255 ]
RHandPositionsX: [ 213, 211, 210, 210, 210, 210, 213, 210, 211, 213, 209,
    209, 213, 210, 212, 213, 211, 212, 211, 211, 212, 213, 209, 213, 212,
    212, 211, 212, 211, 210, 212, 212, 212, 208, 212, 210, 209, 210, 212,
    209, 210, 210, 209, 210, 210, 209, 210, 207, 207, 207, 209, 210, 209,
    209, 211, 208, 207, 211, 208, 211, 208, 207, 210, 211, 208, 208, 209,
    211, 209, 207, 209, 210, 212, 212, 210, 208, 208, 211, 209, 210, 211,
    211, 211, 208, 211, 209, 211, 209 ]
RHandPositionsY: [ 269, 272, 271, 271, 271, 268, 268, 269, 269, 271, 268,
    270, 270, 267, 268, 269, 267, 268, 266, 268, 269, 267, 265, 267, 265,
    266, 269, 267, 265, 266, 266, 269, 267, 266, 265, 265, 265, 269, 269,
    266, 269, 269, 266, 269, 268, 267, 270, 265, 269, 269, 266, 269, 268,
    267, 267, 266, 268, 267, 268, 267, 267, 266, 269, 265, 269, 269, 265,
    265, 268, 269, 266, 268, 267, 265, 266, 268, 267, 265, 266, 265, 269,
    265, 265, 269, 265, 266, 268, 265 ]
