%YAML:1.0
---
videoName: "LHShake03.mp4"
gestureLabel: 2
fps: 30
pixelSizeInCmTemp: 3.2808219178082193e-01
faceCenterPointX: 251
faceCenterPointY: 79
LHandPositionsX: [ 343, 348, 348, 357, 358, 355, 351, 349, 339, 327, 314,
    314, 314, 314, 315, 319, 323, 334, 333, 336, 340, 339, 334, 330, 326,
    325, 323, 321, 325, 330, 333, 340, 345, 337, 335, 322, 318, 313, 309,
    311, 317, 319, 327, 332, 337, 335, 331, 329, 322, 321, 325, 327, 334,
    337, 345, 343, 336, 334, 336, 337, 334, 328, 320, 318, 313, 314, 308,
    301, 301, 297, 299, 297, 296, 293, 292, 291, 290, 290, 291, 293, 291,
    289, 291, 290, 286, 285, 289, 285, 288, 283, 283 ]
LHandPositionsY: [ 139, 135, 127, 118, 116, 108, 106, 103, 95, 99, 103,
    107, 104, 98, 98, 95, 92, 86, 89, 87, 81, 85, 91, 89, 88, 87, 92, 92,
    87, 86, 86, 86, 78, 85, 86, 88, 92, 94, 98, 94, 89, 93, 92, 89, 89,
    89, 84, 88, 88, 90, 89, 94, 90, 88, 87, 86, 90, 95, 97, 100, 111,
    129, 143, 154, 167, 175, 184, 194, 208, 216, 224, 223, 223, 228, 230,
    238, 238, 244, 244, 250, 247, 247, 251, 250, 253, 251, 255, 255, 255,
    254, 251 ]
RHandPositionsX: [ 216, 214, 214, 212, 213, 212, 211, 213, 211, 214, 214,
    213, 211, 212, 211, 211, 211, 215, 211, 214, 214, 212, 213, 214, 211,
    215, 214, 214, 211, 213, 213, 215, 214, 212, 211, 213, 215, 215, 212,
    211, 214, 214, 215, 212, 214, 211, 212, 213, 214, 211, 212, 212, 213,
    213, 213, 211, 213, 210, 212, 210, 212, 211, 210, 212, 211, 214, 210,
    210, 212, 212, 210, 211, 211, 214, 213, 213, 211, 210, 210, 210, 211,
    213, 211, 210, 210, 213, 214, 211, 214, 211, 211 ]
RHandPositionsY: [ 258, 255, 258, 258, 257, 252, 252, 255, 252, 256, 255,
    255, 254, 252, 255, 254, 256, 253, 252, 253, 255, 255, 251, 251, 251,
    253, 251, 252, 251, 251, 251, 252, 251, 253, 252, 253, 253, 254, 255,
    253, 251, 252, 253, 255, 253, 255, 255, 255, 255, 254, 255, 251, 252,
    253, 255, 254, 251, 254, 252, 252, 251, 254, 251, 253, 254, 251, 253,
    252, 253, 251, 251, 253, 254, 254, 253, 253, 254, 252, 253, 255, 255,
    255, 253, 252, 254, 254, 253, 251, 251, 252, 254 ]
