%YAML:1.0
---
videoName: "LHShake00.mp4"
gestureLabel: 2
fps: 29
pixelSizeInCmTemp: 3.4214285714285714e-01
faceCenterPointX: 252
faceCenterPointY: 85
LHandPositionsX: [ 351, 349, 352, 352, 354, 357, 361, 356, 349, 345, 336,
    325, 322, 325, 320, 323, 325, 331, 334, 336, 340, 337, 333, 326, 323,
    325, 324, 328, 333, 338, 339, 341, 338, 332, 323, 321, 325, 325, 331,
    335, 338, 343, 342, 338, 335, 324, 325, 323, 328, 326, 330, 334, 339,
    340, 340, 337, 327, 323, 326, 322, 328, 329, 336, 339, 339, 338, 339,
    341, 337, 335, 330, 331, 325, 327, 331, 328, 330, 333, 334, 338, 339,
    341, 341, 341, 343, 343, 340, 340 ]
LHandPositionsY: [ 255, 250, 246, 230, 209, 187, 169, 151, 137, 133, 135,
    136, 134, 137, 135, 133, 130, 131, 129, 127, 124, 124, 131, 134, 135,
    135, 130, 130, 130, 125, 124, 120, 124, 128, 136, 134, 136, 132, 131,
    127, 128, 123, 120, 122, 126, 130, 131, 132, 132, 134, 130, 126, 124,
    124, 123, 125, 129, 129, 129, 130, 128, 126, 124, 121, 121, 120, 115,
    124, 138, 151, 162, 166, 161, 173, 187, 193, 200, 209, 211, 220, 225,
    228, 227, 234, 237, 234, 235, 233 ]
RHandPositionsX: [ 152, 153, 156, 155, 156, 155, 153, 154, 154, 156, 152,
    156, 155, 153, 154, 153, 155, 152, 154, 156, 153, 154, 152, 153, 152,
    153, 153, 155, 154, 152, 153, 155, 153, 152, 155, 152, 154, 153, 152,
    155, 154, 154, 154, 154, 155, 154, 152, 152, 155, 155, 155, 155, 154,
    156, 152, 155, 153, 152, 152, 153, 155, 156, 154, 155, 153, 155, 152,
    154, 154, 152, 156, 156, 154, 152, 156, 153, 156, 156, 156, 152, 156,
    154, 152, 155, 153, 156, 154, 153 ]
RHandPositionsY: [ 279, 276, 276, 279, 278, 275, 275, 276, 276, 273, 273,
    272, 270, 273, 272, 270, 270, 267, 267, 269, 267, 268, 268, 267, 265,
    268, 268, 268, 264, 263, 266, 264, 265, 262, 263, 264, 264, 265, 261,
    262, 261, 264, 264, 262, 262, 261, 263, 261, 260, 264, 263, 264, 260,
    261, 264, 262, 263, 262, 260, 263, 261, 260, 263, 263, 262, 264, 260,
    264, 264, 261, 260, 260, 260, 262, 262, 260, 264, 260, 261, 260, 262,
    264, 263, 262, 260, 261, 262, 261 ]
