%YAML:1.0
---
videoName: "LHShake12.mp4"
gestureLabel: 2
fps: 29
pixelSizeInCmTemp: 3.3263888888888887e-01
faceCenterPointX: 259
faceCenterPointY: 64
LHandPositionsX: [ 371, 358, 347, 345, 344, 344, 355, 360, 375, 382, 379,
    380, 377, 367, 352, 346, 347, 344, 347, 357, 366, 377, 374, 378, 376,
    369, 363, 347, 342, 341, 341, 340, 348, 361, 368, 371, 373, 371, 368,
    360, 346, 341, 344, 343, 346, 355, 364, 372, 367, 372, 365, 356, 349,
    341, 341, 337, 339, 346, 358, 369, 368, 367, 366, 363, 354, 342, 333,
    326, 325, 316, 318, 319, 320, 325, 328, 330, 333, 331, 336, 335, 337,
    334, 337, 335, 336, 335, 337, 337 ]
LHandPositionsY: [ 167, 165, 164, 164, 161, 158, 155, 153, 150, 149, 149,
    150, 151, 154, 155, 158, 155, 156, 156, 156, 151, 148, 145, 149, 146,
    143, 146, 148, 155, 154, 156, 154, 152, 150, 145, 148, 148, 144, 148,
    148, 152, 156, 157, 156, 154, 153, 154, 153, 149, 150, 151, 150, 152,
    157, 156, 156, 155, 152, 150, 145, 143, 146, 146, 147, 148, 153, 160,
    171, 179, 184, 196, 210, 227, 237, 246, 244, 248, 249, 255, 258, 257,
    256, 257, 255, 258, 258, 258, 257 ]
RHandPositionsX: [ 174, 174, 174, 176, 175, 178, 174, 175, 174, 176, 174,
    174, 177, 177, 174, 178, 178, 175, 177, 176, 174, 176, 174, 177, 177,
    177, 177, 178, 178, 176, 177, 177, 174, 178, 175, 178, 174, 177, 176,
    174, 177, 174, 174, 178, 174, 174, 174, 178, 177, 177, 174, 175, 176,
    176, 176, 174, 174, 174, 176, 174, 178, 176, 174, 175, 174, 177, 178,
    174, 174, 175, 176, 178, 177, 174, 178, 177, 178, 176, 175, 178, 177,
    178, 178, 175, 177, 176, 175, 177 ]
RHandPositionsY: [ 271, 275, 272, 273, 275, 272, 274, 271, 274, 273, 272,
    271, 273, 273, 273, 273, 274, 272, 271, 272, 275, 275, 275, 275, 271,
    272, 274, 274, 273, 275, 272, 271, 271, 273, 273, 271, 272, 274, 272,
    273, 272, 273, 273, 271, 271, 275, 273, 273, 273, 273, 272, 274, 275,
    273, 271, 274, 275, 272, 272, 271, 272, 274, 275, 274, 272, 274, 274,
    274, 273, 271, 274, 274, 271, 271, 275, 274, 274, 273, 274, 272, 273,
    275, 272, 271, 273, 274, 275, 274 ]
