%YAML:1.0
---
videoName: "LHShake02.mp4"
gestureLabel: 2
fps: 29
pixelSizeInCmTemp: 3.3263888888888887e-01
faceCenterPointX: 249
faceCenterPointY: 82
LHandPositionsX: [ 361, 362, 361, 367, 372, 379, 387, 385, 387, 387, 383,
    377, 374, 365, 365, 361, 362, 366, 368, 378, 382, 385, 382, 381, 376,
    370, 368, 364, 362, 364, 368, 370, 374, 379, 379, 382, 378, 377, 374,
    368, 366, 359, 359, 359, 358, 360, 363, 368, 368, 372, 368, 365, 363,
    357, 356, 359, 364, 365, 367, 371, 371, 369, 366, 365, 359, 353, 348,
    345, 346, 343, 342, 341, 342, 341, 345, 346, 343, 345, 345, 348, 350,
    348, 349, 346, 347, 347, 350, 348 ]
LHandPositionsY: [ 127, 122, 116, 114, 111, 112, 110, 111, 111, 109, 107,
    110, 112, 113, 115, 112, 113, 109, 109, 108, 106, 104, 105, 103, 104,
    105, 110, 109, 110, 105, 105, 104, 98, 100, 97, 99, 94, 96, 95, 96,
    98, 103, 104, 102, 106, 105, 101, 99, 99, 101, 103, 104, 108, 110,
    109, 106, 106, 105, 106, 106, 107, 101, 104, 107, 123, 138, 149, 163,
    163, 169, 179, 182, 193, 197, 206, 213, 218, 219, 225, 227, 229, 229,
    229, 231, 231, 232, 236, 238 ]
RHandPositionsX: [ 154, 155, 153, 154, 157, 156, 154, 156, 156, 154, 154,
    155, 155, 154, 154, 155, 153, 154, 155, 154, 157, 154, 156, 156, 154,
    155, 156, 155, 155, 156, 153, 154, 153, 153, 157, 155, 153, 156, 154,
    156, 153, 156, 153, 157, 155, 155, 154, 155, 156, 156, 153, 157, 154,
    156, 157, 154, 157, 155, 153, 155, 154, 155, 155, 155, 153, 153, 155,
    154, 156, 155, 155, 156, 156, 155, 157, 154, 157, 154, 156, 154, 154,
    153, 154, 157, 153, 153, 153, 155 ]
RHandPositionsY: [ 261, 263, 265, 261, 264, 263, 260, 260, 263, 261, 262,
    259, 261, 260, 260, 258, 262, 258, 260, 262, 262, 260, 259, 261, 262,
    262, 259, 260, 259, 262, 258, 258, 259, 261, 258, 260, 258, 261, 261,
    258, 262, 259, 262, 262, 262, 261, 261, 261, 258, 258, 261, 261, 261,
    259, 260, 258, 262, 259, 261, 259, 258, 258, 258, 258, 260, 260, 261,
    258, 260, 262, 260, 260, 259, 261, 261, 261, 261, 261, 261, 260, 262,
    259, 260, 260, 261, 260, 260, 261 ]
