%YAML:1.0
---
videoName: "LHShake19.mp4"
gestureLabel: 2
fps: 29
pixelSizeInCmTemp: 3.3732394366197183e-01
faceCenterPointX: 250
faceCenterPointY: 62
LHandPositionsX: [ 308, 308, 306, 306, 306, 307, 306, 307, 306, 306, 305,
    307, 308, 307, 308, 310, 310, 318, 322, 327, 324, 320, 310, 289, 285,
    288, 290, 299, 304, 313, 316, 311, 304, 295, 287, 288, 292, 301, 311,
    317, 316, 314, 306, 290, 292, 296, 297, 305, 314, 312, 309, 306, 294,
    294, 295, 300, 308, 316, 314, 315, 315, 311, 305, 303, 297, 292, 292,
    291, 295, 298, 304, 303, 302, 306, 304, 304, 305, 307, 309, 311, 309,
    309, 310, 308, 307, 307, 307, 309 ]
LHandPositionsY: [ 250, 251, 249, 248, 248, 251, 248, 249, 248, 249, 249,
    249, 248, 250, 244, 238, 227, 213, 201, 191, 180, 169, 164, 161, 157,
    152, 160, 159, 156, 152, 153, 153, 154, 155, 150, 149, 155, 155, 155,
    153, 151, 153, 155, 148, 148, 154, 154, 154, 151, 153, 153, 159, 148,
    143, 154, 155, 154, 155, 155, 153, 155, 155, 159, 163, 168, 172, 179,
    190, 196, 207, 216, 215, 217, 220, 226, 228, 230, 232, 237, 234, 236,
    239, 239, 236, 237, 241, 238, 240 ]
RHandPositionsX: [ 198, 196, 198, 195, 196, 196, 199, 199, 196, 198, 199,
    195, 196, 195, 197, 195, 198, 196, 195, 199, 195, 196, 198, 196, 194,
    197, 197, 194, 196, 193, 195, 197, 195, 193, 194, 194, 195, 194, 196,
    195, 195, 195, 192, 195, 195, 191, 194, 194, 193, 193, 191, 192, 195,
    195, 193, 193, 194, 194, 193, 192, 192, 195, 193, 192, 195, 193, 193,
    191, 191, 191, 193, 193, 193, 191, 191, 191, 191, 195, 193, 195, 193,
    195, 195, 193, 195, 193, 195, 195 ]
RHandPositionsY: [ 255, 257, 254, 255, 254, 254, 256, 256, 258, 258, 258,
    256, 254, 258, 254, 256, 256, 255, 257, 255, 257, 258, 255, 255, 255,
    257, 255, 257, 256, 256, 258, 254, 256, 255, 257, 258, 256, 255, 256,
    254, 254, 258, 257, 258, 255, 258, 254, 258, 256, 255, 254, 256, 256,
    255, 254, 254, 257, 258, 256, 255, 256, 258, 256, 257, 257, 254, 257,
    257, 256, 256, 255, 255, 258, 256, 255, 256, 255, 254, 254, 256, 257,
    254, 255, 258, 254, 258, 257, 255 ]
