%YAML:1.0
---
videoName: "LHShake23.mp4"
gestureLabel: 2
fps: 30
pixelSizeInCmTemp: 3.3263888888888887e-01
faceCenterPointX: 259
faceCenterPointY: 79
LHandPositionsX: [ 331, 332, 333, 330, 332, 330, 332, 330, 331, 335, 335,
    336, 342, 346, 350, 359, 369, 370, 376, 377, 378, 381, 374, 365, 356,
    350, 352, 353, 355, 363, 373, 380, 383, 385, 382, 380, 370, 361, 362,
    360, 364, 370, 375, 385, 381, 380, 379, 373, 365, 358, 355, 352, 358,
    363, 375, 381, 381, 378, 380, 376, 365, 356, 358, 357, 358, 363, 375,
    380, 380, 378, 377, 374, 368, 361, 358, 353, 347, 345, 342, 337, 338,
    338, 336, 337, 336, 336, 336, 336, 338, 334, 337 ]
LHandPositionsY: [ 263, 262, 264, 264, 263, 263, 262, 265, 265, 264, 259,
    250, 241, 232, 231, 215, 198, 199, 194, 188, 183, 171, 166, 168, 166,
    169, 167, 171, 171, 166, 161, 161, 158, 161, 158, 159, 163, 162, 165,
    163, 166, 164, 161, 160, 160, 161, 158, 158, 160, 166, 162, 165, 168,
    168, 166, 162, 162, 166, 165, 164, 165, 170, 168, 166, 168, 168, 166,
    170, 166, 165, 169, 171, 174, 183, 195, 200, 211, 227, 237, 250, 247,
    252, 250, 252, 252, 254, 254, 253, 256, 254, 254 ]
RHandPositionsX: [ 185, 183, 185, 183, 183, 183, 185, 182, 185, 182, 186,
    186, 182, 182, 182, 184, 185, 185, 184, 183, 183, 182, 182, 186, 184,
    182, 184, 182, 186, 183, 183, 182, 185, 184, 184, 183, 183, 186, 186,
    185, 182, 184, 186, 183, 186, 182, 184, 183, 183, 185, 186, 185, 183,
    184, 183, 182, 184, 183, 183, 186, 184, 183, 186, 184, 185, 185, 182,
    186, 185, 185, 182, 185, 182, 186, 183, 184, 185, 184, 183, 182, 184,
    183, 182, 186, 184, 185, 184, 185, 184, 184, 183 ]
RHandPositionsY: [ 270, 271, 274, 272, 274, 272, 271, 271, 272, 274, 270,
    272, 272, 273, 271, 272, 274, 270, 274, 270, 273, 272, 271, 273, 273,
    271, 272, 271, 270, 271, 274, 270, 273, 272, 271, 273, 273, 270, 274,
    271, 274, 272, 271, 272, 272, 270, 270, 274, 271, 271, 274, 271, 273,
    271, 272, 271, 274, 274, 274, 273, 274, 272, 271, 273, 274, 271, 274,
    272, 273, 270, 271, 271, 274, 272, 270, 273, 272, 274, 270, 273, 274,
    271, 270, 274, 271, 273, 273, 274, 273, 274, 271 ]
