%YAML:1.0
---
videoName: "LHShake11.mp4"
gestureLabel: 2
fps: 29
pixelSizeInCmTemp: 3.3732394366197183e-01
faceCenterPointX: 260
faceCenterPointY: 69
LHandPositionsX: [ 383, 387, 383, 378, 363, 354, 347, 352, 347, 349, 357,
    361, 365, 362, 364, 364, 358, 353, 345, 348, 346, 348, 354, 360, 356,
    355, 362, 354, 351, 344, 347, 348, 347, 354, 356, 353, 355, 354, 345,
    342, 339, 341, 338, 341, 347, 355, 357, 358, 356, 357, 351, 345, 337,
    342, 339, 342, 350, 357, 361, 356, 359, 361, 359, 354, 350, 344, 337,
    332, 330, 328, 328, 332, 331, 332, 332, 333, 335, 335, 333, 335, 332,
    333, 331, 335, 335, 334, 332, 333 ]
LHandPositionsY: [ 176, 162, 152, 143, 145, 145, 145, 146, 148, 138, 129,
    128, 127, 125, 125, 129, 131, 141, 144, 141, 142, 132, 131, 128, 128,
    132, 128, 135, 141, 144, 142, 145, 144, 136, 136, 134, 134, 133, 134,
    138, 146, 144, 146, 141, 141, 135, 131, 135, 133, 128, 136, 139, 146,
    144, 145, 147, 145, 136, 138, 137, 137, 142, 150, 157, 168, 176, 191,
    206, 215, 228, 230, 233, 238, 240, 245, 244, 248, 247, 248, 250, 251,
    252, 252, 249, 248, 251, 251, 248 ]
RHandPositionsX: [ 179, 179, 183, 181, 180, 180, 183, 183, 182, 181, 183,
    182, 183, 182, 179, 179, 183, 182, 179, 182, 181, 183, 181, 182, 182,
    183, 183, 180, 181, 183, 182, 182, 179, 179, 182, 181, 182, 180, 181,
    183, 180, 183, 180, 182, 180, 180, 179, 179, 180, 179, 179, 181, 181,
    179, 179, 182, 180, 181, 182, 181, 180, 179, 179, 181, 183, 182, 182,
    180, 183, 179, 179, 182, 179, 183, 182, 181, 179, 180, 179, 180, 182,
    183, 179, 183, 182, 182, 183, 179 ]
RHandPositionsY: [ 273, 273, 273, 274, 274, 273, 274, 274, 277, 274, 274,
    276, 276, 276, 274, 275, 275, 274, 277, 275, 275, 276, 276, 277, 274,
    276, 273, 276, 277, 274, 274, 276, 275, 273, 274, 274, 273, 275, 273,
    277, 276, 276, 274, 275, 273, 273, 277, 273, 277, 277, 277, 274, 276,
    275, 276, 277, 275, 277, 275, 273, 277, 274, 274, 275, 275, 273, 276,
    274, 276, 275, 275, 274, 276, 275, 276, 273, 275, 273, 275, 276, 275,
    273, 275, 274, 274, 277, 276, 275 ]
