%YAML:1.0
---
videoName: "LHShake08.mp4"
gestureLabel: 2
fps: 29
pixelSizeInCmTemp: 3.4710144927536229e-01
faceCenterPointX: 261
faceCenterPointY: 69
LHandPositionsX: [ 341, 340, 345, 343, 351, 347, 357, 361, 368, 372, 372,
    373, 380, 368, 356, 348, 342, 340, 339, 342, 349, 357, 369, 364, 360,
    359, 358, 353, 342, 336, 338, 340, 342, 351, 357, 368, 365, 365, 369,
    360, 354, 346, 339, 336, 334, 336, 339, 350, 357, 358, 357, 357, 355,
    350, 346, 344, 341, 341, 344, 349, 356, 366, 373, 370, 372, 368, 365,
    359, 349, 346, 337, 334, 330, 332, 330, 332, 337, 336, 337, 336, 335,
    335, 339, 335, 339, 335, 335, 336 ]
LHandPositionsY: [ 267, 269, 262, 257, 251, 235, 220, 200, 185, 173, 165,
    155, 146, 143, 147, 148, 149, 149, 151, 151, 147, 146, 137, 141, 138,
    139, 143, 145, 147, 155, 151, 153, 153, 151, 149, 148, 148, 149, 149,
    149, 154, 155, 161, 161, 161, 161, 158, 158, 154, 155, 153, 156, 154,
    153, 162, 162, 162, 161, 163, 160, 154, 149, 146, 144, 148, 144, 150,
    153, 158, 168, 174, 185, 196, 209, 223, 232, 242, 245, 247, 252, 252,
    255, 256, 255, 254, 256, 255, 256 ]
RHandPositionsX: [ 172, 175, 174, 174, 176, 172, 174, 176, 176, 173, 176,
    173, 173, 174, 176, 172, 175, 174, 173, 172, 176, 173, 174, 176, 176,
    174, 175, 174, 172, 174, 174, 175, 173, 173, 177, 174, 177, 176, 174,
    176, 177, 177, 175, 175, 174, 174, 176, 174, 176, 174, 175, 177, 177,
    176, 175, 174, 174, 175, 178, 175, 178, 176, 178, 176, 178, 174, 178,
    177, 178, 177, 176, 178, 176, 176, 175, 175, 178, 177, 177, 176, 177,
    175, 174, 178, 176, 175, 178, 178 ]
RHandPositionsY: [ 277, 276, 276, 277, 274, 277, 276, 273, 276, 275, 273,
    274, 277, 274, 275, 275, 273, 277, 275, 276, 273, 275, 274, 276, 273,
    276, 274, 276, 276, 275, 276, 276, 276, 274, 274, 274, 277, 274, 273,
    276, 275, 277, 275, 274, 273, 276, 276, 274, 273, 276, 275, 276, 276,
    273, 275, 276, 276, 276, 273, 277, 276, 277, 274, 273, 277, 274, 276,
    277, 277, 276, 277, 273, 274, 276, 273, 276, 276, 273, 274, 276, 276,
    275, 276, 275, 276, 277, 275, 276 ]
