%YAML:1.0
---
videoName: "LHShake18.mp4"
gestureLabel: 2
fps: 29
pixelSizeInCmTemp: 3.4214285714285714e-01
faceCenterPointX: 253
faceCenterPointY: 65
LHandPositionsX: [ 314, 313, 313, 312, 315, 311, 313, 315, 314, 315, 312,
    313, 311, 312, 311, 312, 314, 318, 325, 323, 331, 336, 344, 347, 349,
    349, 337, 323, 314, 297, 302, 306, 307, 313, 311, 313, 314, 309, 300,
    290, 295, 298, 308, 312, 309, 313, 306, 298, 290, 284, 288, 299, 304,
    316, 314, 310, 305, 291, 286, 287, 295, 299, 307, 310, 309, 306, 303,
    293, 295, 301, 303, 307, 308, 311, 316, 309, 307, 308, 305, 303, 307,
    304, 308, 309, 309, 310, 310, 307 ]
LHandPositionsY: [ 246, 250, 248, 246, 250, 248, 249, 246, 246, 248, 247,
    246, 247, 248, 249, 250, 246, 247, 244, 233, 217, 203, 187, 176, 169,
    158, 153, 144, 144, 138, 137, 143, 141, 142, 140, 140, 140, 147, 142,
    141, 134, 144, 144, 144, 144, 148, 147, 147, 143, 141, 142, 148, 148,
    146, 148, 149, 150, 145, 144, 145, 150, 151, 153, 150, 152, 157, 159,
    145, 145, 154, 154, 153, 153, 157, 164, 166, 175, 189, 195, 207, 214,
    215, 221, 233, 232, 232, 233, 233 ]
RHandPositionsX: [ 195, 194, 197, 198, 197, 196, 197, 198, 199, 198, 198,
    198, 196, 197, 195, 199, 197, 198, 197, 199, 198, 197, 195, 196, 199,
    198, 195, 198, 194, 197, 194, 198, 196, 199, 197, 196, 199, 199, 198,
    197, 197, 196, 196, 198, 199, 196, 197, 196, 199, 196, 197, 198, 196,
    199, 196, 199, 199, 197, 198, 198, 195, 196, 197, 198, 199, 196, 196,
    196, 195, 197, 197, 196, 197, 196, 196, 195, 194, 195, 196, 197, 198,
    194, 196, 196, 194, 194, 195, 194 ]
RHandPositionsY: [ 262, 265, 263, 264, 266, 263, 267, 264, 263, 266, 264,
    265, 263, 266, 264, 267, 265, 263, 265, 266, 263, 265, 264, 264, 265,
    267, 264, 263, 266, 266, 264, 265, 267, 263, 265, 266, 264, 268, 264,
    268, 268, 267, 264, 267, 266, 265, 266, 266, 266, 268, 268, 265, 268,
    264, 264, 265, 266, 265, 265, 267, 266, 267, 266, 265, 266, 266, 268,
    267, 267, 267, 266, 265, 266, 268, 267, 268, 265, 265, 265, 267, 268,
    266, 264, 268, 264, 266, 266, 266 ]
