%YAML:1.0
---
videoName: "LHShake07.mp4"
gestureLabel: 2
fps: 29
pixelSizeInCmTemp: 3.3732394366197183e-01
faceCenterPointX: 265
faceCenterPointY: 78
LHandPositionsX: [ 346, 347, 354, 359, 364, 370, 375, 386, 391, 392, 396,
    393, 386, 378, 353, 346, 338, 345, 342, 339, 347, 362, 366, 369, 366,
    365, 362, 345, 340, 343, 342, 348, 355, 355, 369, 371, 368, 363, 359,
    352, 344, 347, 346, 350, 355, 360, 364, 360, 365, 363, 341, 328, 331,
    332, 343, 357, 367, 372, 370, 382, 370, 363, 356, 349, 342, 336, 336,
    336, 334, 338, 339, 344, 343, 343, 340, 343, 345, 344, 341, 343, 344,
    342, 344, 341, 344, 340, 344, 343 ]
LHandPositionsY: [ 277, 276, 272, 267, 257, 248, 237, 216, 203, 188, 179,
    160, 151, 137, 141, 141, 145, 146, 145, 144, 143, 135, 134, 136, 136,
    137, 135, 138, 147, 141, 136, 134, 132, 131, 128, 126, 128, 129, 134,
    137, 143, 145, 146, 139, 139, 139, 138, 139, 130, 131, 134, 148, 144,
    135, 133, 134, 130, 134, 131, 130, 131, 137, 149, 155, 166, 177, 192,
    203, 216, 230, 240, 251, 252, 252, 257, 258, 264, 265, 266, 264, 264,
    265, 265, 266, 269, 270, 267, 266 ]
RHandPositionsX: [ 185, 184, 183, 184, 182, 184, 184, 184, 183, 184, 181,
    181, 181, 185, 182, 183, 181, 184, 182, 183, 184, 182, 183, 182, 181,
    182, 185, 184, 181, 183, 183, 181, 185, 184, 184, 183, 185, 182, 182,
    185, 182, 182, 181, 184, 183, 182, 182, 181, 184, 181, 183, 184, 181,
    184, 181, 185, 182, 184, 183, 181, 182, 181, 183, 184, 181, 184, 182,
    183, 185, 182, 181, 181, 181, 185, 184, 182, 184, 184, 181, 181, 185,
    184, 184, 185, 184, 183, 181, 181 ]
RHandPositionsY: [ 279, 276, 276, 277, 278, 278, 278, 276, 280, 279, 276,
    276, 278, 278, 280, 279, 280, 280, 276, 279, 276, 279, 279, 280, 276,
    278, 280, 277, 276, 277, 277, 276, 280, 277, 279, 278, 279, 277, 280,
    276, 277, 279, 277, 277, 278, 280, 279, 280, 277, 280, 276, 279, 279,
    279, 276, 280, 278, 279, 279, 280, 276, 279, 279, 280, 278, 277, 279,
    277, 280, 278, 277, 278, 276, 278, 277, 280, 277, 278, 279, 280, 279,
    278, 277, 279, 276, 278, 280, 277 ]
