%YAML:1.0
---
videoName: "LHShake09.mp4"
gestureLabel: 2
fps: 29
pixelSizeInCmTemp: 3.3263888888888887e-01
faceCenterPointX: 259
faceCenterPointY: 67
LHandPositionsX: [ 338, 338, 338, 336, 341, 348, 348, 354, 353, 356, 357,
    363, 370, 368, 366, 364, 358, 352, 342, 331, 334, 332, 330, 328, 336,
    348, 347, 351, 350, 350, 351, 348, 343, 335, 337, 337, 340, 343, 351,
    359, 365, 366, 365, 361, 357, 346, 337, 338, 335, 333, 338, 346, 354,
    352, 353, 353, 355, 352, 340, 333, 333, 336, 334, 337, 344, 348, 353,
    355, 356, 351, 348, 344, 338, 329, 325, 318, 317, 319, 321, 328, 327,
    327, 328, 332, 334, 333, 332, 335 ]
LHandPositionsY: [ 275, 274, 273, 275, 272, 269, 264, 257, 251, 236, 235,
    214, 199, 200, 183, 173, 169, 162, 160, 159, 156, 156, 155, 156, 153,
    151, 149, 148, 146, 145, 150, 150, 154, 152, 154, 153, 152, 153, 154,
    154, 151, 153, 155, 153, 157, 153, 156, 156, 158, 154, 154, 154, 153,
    152, 152, 149, 149, 149, 151, 151, 152, 151, 155, 155, 153, 151, 153,
    151, 149, 148, 150, 154, 164, 171, 180, 195, 208, 220, 230, 241, 247,
    248, 253, 255, 255, 261, 258, 259 ]
RHandPositionsX: [ 178, 179, 179, 180, 177, 179, 176, 176, 176, 180, 180,
    177, 180, 176, 176, 176, 177, 177, 176, 176, 177, 178, 178, 178, 176,
    178, 178, 179, 177, 178, 177, 176, 179, 179, 179, 180, 178, 179, 177,
    179, 180, 178, 177, 179, 177, 179, 180, 176, 178, 180, 178, 178, 176,
    179, 179, 178, 178, 176, 178, 180, 179, 176, 176, 180, 179, 178, 177,
    176, 178, 179, 178, 179, 178, 177, 176, 176, 178, 176, 176, 176, 180,
    179, 176, 178, 176, 176, 176, 179 ]
RHandPositionsY: [ 276, 277, 277, 278, 279, 278, 278, 278, 278, 276, 275,
    279, 278, 279, 276, 279, 276, 279, 278, 278, 276, 279, 278, 275, 276,
    275, 276, 277, 279, 277, 275, 277, 275, 278, 278, 278, 275, 279, 279,
    275, 275, 276, 275, 277, 277, 276, 279, 279, 276, 277, 278, 278, 276,
    278, 276, 278, 275, 276, 279, 278, 277, 277, 277, 279, 277, 279, 276,
    279, 279, 279, 275, 278, 278, 275, 279, 278, 275, 277, 276, 277, 276,
    278, 278, 276, 275, 276, 279, 278 ]
