%YAML:1.0
---
videoName: "LHShake20.mp4"
gestureLabel: 2
fps: 30
pixelSizeInCmTemp: 3.3732394366197183e-01
faceCenterPointX: 249
faceCenterPointY: 62
LHandPositionsX: [ 315, 314, 314, 312, 315, 317, 315, 313, 317, 315, 320,
    329, 333, 338, 344, 337, 329, 320, 311, 312, 312, 312, 317, 326, 338,
    338, 340, 338, 331, 322, 317, 317, 318, 325, 332, 343, 340, 337, 333,
    324, 323, 321, 319, 327, 333, 333, 328, 330, 324, 321, 322, 321, 319,
    325, 322, 326, 328, 327, 322, 318, 317, 317, 320, 318, 321, 323, 319,
    320, 319, 313, 315, 314, 312, 312, 314, 313, 315, 313, 314, 313, 313,
    316, 315, 313, 312, 312, 314, 312, 312, 312, 314 ]
LHandPositionsY: [ 248, 248, 246, 250, 246, 245, 245, 245, 238, 230, 215,
    202, 190, 177, 171, 166, 161, 159, 160, 163, 160, 154, 151, 148, 143,
    142, 145, 143, 143, 146, 146, 149, 149, 143, 145, 141, 140, 144, 143,
    148, 149, 146, 147, 143, 144, 140, 138, 139, 140, 147, 146, 146, 144,
    145, 137, 134, 138, 136, 137, 145, 145, 142, 147, 148, 150, 148, 161,
    168, 181, 189, 200, 216, 215, 217, 222, 225, 228, 229, 228, 231, 231,
    231, 236, 234, 237, 235, 235, 237, 237, 239, 237 ]
RHandPositionsX: [ 179, 181, 180, 181, 181, 179, 179, 183, 180, 182, 183,
    179, 181, 179, 183, 182, 181, 183, 180, 179, 182, 181, 183, 182, 180,
    181, 183, 180, 179, 179, 180, 181, 183, 183, 179, 181, 180, 180, 181,
    183, 180, 182, 181, 179, 181, 181, 183, 182, 179, 181, 180, 179, 183,
    183, 179, 181, 180, 182, 182, 183, 179, 180, 179, 182, 182, 183, 181,
    182, 180, 183, 182, 182, 182, 183, 182, 183, 181, 178, 182, 178, 180,
    180, 182, 180, 182, 178, 179, 181, 182, 182, 181 ]
RHandPositionsY: [ 254, 253, 253, 253, 253, 256, 255, 254, 254, 255, 253,
    255, 254, 255, 252, 254, 255, 254, 252, 253, 255, 256, 253, 255, 255,
    252, 254, 256, 255, 255, 253, 255, 251, 251, 254, 252, 251, 255, 255,
    254, 253, 254, 252, 251, 251, 255, 254, 253, 254, 253, 254, 254, 251,
    255, 254, 252, 251, 254, 254, 253, 253, 252, 255, 253, 253, 253, 254,
    253, 255, 255, 253, 253, 252, 252, 255, 253, 252, 253, 254, 253, 253,
    252, 253, 255, 253, 251, 251, 254, 253, 253, 252 ]
