%YAML:1.0
---
videoName: "LHShake00.mp4"
gestureLabel: 2
fps: 29
pixelSizeInCmTemp: 3.4214285714285714e-01
faceCenterPointX: 252
faceCenterPointY: 85
LHandPositionsX: [ 350, 352, 351, 348, 352, 359, 358, 357, 353, 345, 334,
    323, 325, 321, 323, 326, 328, 330, 338, 339, 338, 339, 331, 325, 324,
    326, 327, 327, 331, 338, 337, 342, 341, 334, 324, 323, 321, 329, 331,
    335, 339, 344, 344, 341, 333, 324, 323, 324, 326, 330, 330, 338, 337,
    344, 341, 334, 328, 323, 322, 325, 328, 331, 333, 335, 339, 342, 343,
    341, 335, 333, 328, 330, 327, 328, 329, 329, 331, 330, 334, 337, 339,
    340, 340, 341, 341, 344, 341, 341 ]
LHandPositionsY: [ 258, 254, 245, 230, 213, 189, 170, 152, 139, 135, 131,
    135, 138, 136, 133, 136, 132, 133, 125, 127, 123, 127, 128, 130, 134,
    134, 133, 131, 131, 123, 124, 123, 124, 125, 136, 134, 133, 134, 132,
    127, 127, 124, 120, 122, 129, 132, 132, 132, 134, 134, 133, 126, 125,
    124, 125, 127, 130, 127, 128, 129, 127, 123, 121, 122, 121, 119, 117,
    125, 139, 149, 162, 163, 165, 173, 183, 190, 199, 205, 211, 218, 223,
    226, 226, 233, 234, 235, 233, 235 ]
RHandPositionsX: [ 154, 154, 153, 154, 154, 155, 155, 155, 156, 156, 152,
    156, 155, 153, 154, 152, 152, 152, 155, 152, 154, 154, 154, 152, 155,
    154, 152, 153, 155, 153, 154, 152, 154, 152, 154, 156, 152, 152, 155,
    152, 153, 154, 156, 156, 154, 156, 155, 155, 156, 155, 154, 152, 156,
    152, 152, 155, 153, 155, 152, 156, 155, 152, 154, 154, 153, 154, 156,
    155, 156, 156, 154, 155, 156, 155, 153, 156, 155, 155, 153, 153, 153,
    152, 156, 155, 153, 154, 153, 156 ]
RHandPositionsY: [ 276, 278, 278, 279, 275, 274, 274, 275, 273, 274, 275,
    273, 274, 272, 273, 268, 269, 271, 268, 269, 269, 268, 270, 265, 268,
    268, 266, 266, 268, 266, 264, 264, 267, 263, 262, 264, 262, 264, 261,
    262, 261, 264, 261, 262, 263, 263, 264, 263, 263, 261, 261, 260, 260,
    260, 260, 260, 264, 263, 260, 263, 261, 263, 264, 262, 261, 263, 262,
    261, 261, 262, 263, 262, 262, 264, 261, 264, 263, 261, 264, 262, 264,
    260, 263, 260, 263, 263, 261, 264 ]
