%YAML:1.0
---
videoName: "LHShake07.mp4"
gestureLabel: 2
fps: 29
pixelSizeInCmTemp: 3.3732394366197183e-01
faceCenterPointX: 265
faceCenterPointY: 78
LHandPositionsX: [ 346, 349, 354, 359, 364, 370, 377, 384, 392, 395, 393,
    394, 383, 378, 353, 349, 339, 341, 340, 342, 351, 362, 367, 368, 364,
    366, 362, 341, 343, 345, 341, 349, 354, 357, 370, 368, 365, 362, 361,
    351, 343, 348, 346, 352, 355, 359, 363, 362, 367, 360, 338, 330, 333,
    332, 340, 354, 366, 372, 370, 382, 370, 365, 358, 350, 343, 340, 338,
    335, 334, 337, 340, 342, 340, 344, 343, 345, 343, 341, 340, 342, 341,
    342, 344, 341, 342, 343, 341, 343 ]
LHandPositionsY: [ 276, 276, 275, 267, 256, 250, 236, 218, 202, 190, 175,
    163, 148, 137, 142, 139, 149, 148, 145, 148, 141, 136, 136, 139, 137,
    137, 135, 139, 146, 140, 136, 131, 133, 133, 126, 123, 129, 132, 136,
    137, 143, 142, 147, 143, 139, 139, 141, 136, 129, 130, 138, 148, 144,
    138, 132, 130, 132, 136, 132, 126, 134, 136, 146, 155, 170, 181, 191,
    205, 219, 230, 240, 250, 254, 253, 255, 258, 264, 265, 267, 264, 266,
    265, 268, 269, 269, 266, 266, 266 ]
RHandPositionsX: [ 182, 184, 182, 181, 181, 182, 183, 183, 181, 184, 183,
    184, 183, 185, 185, 182, 184, 184, 185, 182, 185, 185, 183, 185, 184,
    185, 183, 183, 183, 184, 185, 184, 184, 184, 183, 185, 185, 184, 185,
    184, 181, 182, 185, 182, 184, 184, 182, 184, 182, 184, 181, 181, 182,
    181, 183, 183, 185, 185, 181, 185, 181, 183, 185, 181, 181, 181, 184,
    183, 183, 182, 181, 183, 182, 185, 182, 182, 181, 183, 183, 185, 184,
    183, 181, 181, 181, 183, 184, 182 ]
RHandPositionsY: [ 276, 278, 278, 280, 278, 280, 277, 278, 277, 280, 280,
    277, 276, 279, 278, 276, 276, 278, 277, 279, 276, 279, 278, 276, 278,
    277, 277, 278, 280, 279, 279, 278, 277, 280, 279, 278, 276, 280, 279,
    280, 276, 277, 276, 278, 279, 280, 278, 279, 280, 277, 279, 276, 279,
    277, 280, 276, 278, 279, 278, 277, 279, 276, 277, 276, 277, 279, 278,
    279, 277, 279, 279, 277, 280, 280, 276, 277, 280, 276, 279, 279, 278,
    280, 279, 277, 278, 276, 279, 277 ]
