%YAML:1.0
---
videoName: "LHShake20.mp4"
gestureLabel: 2
fps: 30
pixelSizeInCmTemp: 3.3732394366197183e-01
faceCenterPointX: 249
faceCenterPointY: 62
LHandPositionsX: [ 313, 314, 312, 315, 316, 314, 313, 314, 315, 318, 320,
    328, 334, 341, 341, 339, 332, 318, 314, 313, 311, 312, 318, 326, 337,
    336, 337, 338, 332, 324, 318, 316, 320, 326, 334, 341, 339, 337, 332,
    323, 323, 323, 323, 328, 335, 333, 329, 332, 322, 320, 319, 318, 319,
    323, 325, 330, 327, 324, 324, 317, 319, 320, 317, 320, 322, 321, 322,
    317, 316, 316, 316, 315, 312, 313, 314, 312, 315, 313, 314, 314, 313,
    314, 316, 315, 312, 313, 313, 315, 315, 313, 316 ]
LHandPositionsY: [ 250, 250, 249, 247, 246, 249, 245, 243, 236, 227, 218,
    202, 187, 178, 172, 165, 160, 158, 162, 163, 160, 157, 147, 145, 146,
    144, 142, 146, 143, 145, 149, 149, 146, 147, 146, 140, 139, 142, 145,
    145, 146, 147, 146, 143, 143, 140, 140, 140, 142, 148, 148, 149, 146,
    143, 137, 137, 138, 136, 135, 144, 146, 145, 144, 147, 147, 151, 159,
    169, 179, 191, 201, 212, 213, 221, 221, 227, 228, 229, 228, 229, 233,
    232, 235, 233, 237, 237, 237, 240, 236, 239, 238 ]
RHandPositionsX: [ 180, 179, 183, 179, 182, 182, 180, 181, 181, 179, 180,
    183, 180, 181, 182, 183, 182, 179, 179, 180, 182, 180, 179, 181, 181,
    179, 179, 180, 183, 180, 180, 179, 180, 183, 180, 179, 180, 180, 179,
    181, 179, 179, 183, 180, 180, 183, 182, 182, 179, 179, 181, 183, 181,
    181, 183, 181, 181, 179, 181, 181, 179, 182, 181, 180, 180, 182, 183,
    179, 179, 181, 179, 181, 181, 182, 180, 180, 180, 182, 178, 178, 181,
    179, 179, 178, 180, 181, 182, 181, 180, 180, 178 ]
RHandPositionsY: [ 257, 257, 254, 253, 254, 255, 255, 254, 255, 252, 255,
    254, 252, 254, 253, 255, 255, 253, 255, 256, 252, 256, 255, 255, 253,
    254, 254, 254, 253, 254, 255, 251, 254, 253, 255, 255, 253, 252, 251,
    255, 253, 254, 253, 253, 255, 251, 252, 255, 255, 252, 251, 253, 254,
    255, 254, 254, 254, 253, 254, 251, 253, 255, 253, 255, 254, 253, 253,
    254, 252, 255, 253, 253, 251, 255, 253, 255, 251, 254, 253, 253, 255,
    253, 254, 255, 253, 252, 251, 252, 253, 255, 251 ]
