%YAML:1.0
---
videoName: "LHShake10.mp4"
gestureLabel: 2
fps: 29
pixelSizeInCmTemp: 3.4214285714285714e-01
faceCenterPointX: 253
faceCenterPointY: 65
LHandPositionsX: [ 338, 336, 338, 336, 338, 336, 343, 346, 351, 360, 365,
    374, 384, 390, 394, 393, 395, 382, 377, 364, 354, 352, 352, 355, 361,
    368, 380, 389, 389, 390, 390, 387, 373, 363, 359, 359, 358, 364, 369,
    373, 374, 373, 370, 372, 368, 363, 352, 346, 343, 345, 348, 356, 363,
    374, 381, 381, 382, 375, 367, 353, 349, 348, 349, 349, 357, 366, 375,
    381, 380, 378, 377, 374, 365, 361, 357, 349, 345, 342, 337, 334, 335,
    337, 334, 335, 335, 333, 337, 334 ]
LHandPositionsY: [ 269, 268, 269, 269, 272, 271, 266, 262, 250, 238, 224,
    209, 195, 181, 166, 157, 143, 136, 133, 140, 145, 150, 147, 147, 149,
    146, 139, 139, 140, 142, 140, 146, 148, 148, 149, 150, 149, 145, 137,
    130, 132, 134, 132, 133, 131, 130, 137, 143, 143, 146, 143, 146, 140,
    141, 140, 142, 140, 144, 144, 148, 150, 154, 154, 151, 150, 149, 145,
    147, 147, 147, 151, 151, 156, 166, 175, 183, 194, 208, 219, 232, 244,
    251, 255, 257, 255, 258, 259, 261 ]
RHandPositionsX: [ 175, 173, 175, 173, 173, 172, 173, 172, 173, 174, 175,
    175, 174, 172, 173, 176, 175, 172, 174, 175, 172, 173, 173, 171, 171,
    172, 172, 175, 171, 172, 173, 173, 175, 172, 171, 172, 175, 173, 175,
    173, 171, 175, 171, 172, 175, 175, 173, 171, 172, 171, 172, 174, 174,
    173, 175, 173, 175, 175, 174, 173, 175, 173, 171, 172, 174, 174, 171,
    173, 171, 172, 175, 175, 172, 173, 172, 173, 175, 174, 174, 172, 174,
    175, 172, 175, 174, 174, 171, 173 ]
RHandPositionsY: [ 277, 278, 274, 276, 274, 276, 275, 277, 277, 276, 275,
    278, 277, 277, 277, 274, 274, 276, 274, 275, 278, 278, 276, 275, 278,
    275, 274, 276, 274, 278, 278, 277, 274, 275, 274, 276, 277, 276, 275,
    278, 278, 275, 277, 275, 277, 276, 274, 277, 277, 276, 277, 274, 274,
    275, 278, 278, 276, 277, 277, 276, 276, 278, 274, 276, 278, 276, 277,
    276, 275, 275, 278, 274, 277, 275, 275, 278, 275, 274, 277, 276, 277,
    277, 274, 275, 275, 275, 278, 274 ]
