%YAML:1.0
---
videoName: "LHShake01.mp4"
gestureLabel: 2
fps: 29
pixelSizeInCmTemp: 3.4214285714285714e-01
faceCenterPointX: 252
faceCenterPointY: 84
LHandPositionsX: [ 366, 367, 366, 365, 362, 355, 346, 342, 336, 333, 330,
    333, 337, 343, 350, 353, 357, 353, 353, 346, 345, 343, 340, 337, 336,
    341, 341, 346, 349, 349, 350, 349, 347, 340, 336, 334, 334, 336, 334,
    341, 344, 349, 348, 349, 350, 347, 343, 339, 337, 336, 335, 333, 336,
    343, 346, 350, 351, 350, 348, 348, 346, 343, 340, 329, 329, 325, 328,
    333, 335, 327, 330, 335, 338, 337, 341, 345, 346, 344, 349, 349, 347,
    350, 349, 350, 351, 350, 352, 348 ]
LHandPositionsY: [ 147, 141, 132, 128, 122, 118, 116, 121, 121, 122, 122,
    120, 121, 118, 115, 113, 109, 108, 108, 109, 111, 113, 115, 115, 112,
    114, 109, 106, 108, 108, 106, 107, 106, 106, 112, 117, 112, 111, 110,
    112, 110, 106, 108, 106, 106, 109, 107, 108, 108, 111, 111, 107, 108,
    105, 106, 101, 102, 101, 101, 101, 106, 106, 109, 123, 132, 143, 151,
    161, 166, 162, 173, 181, 193, 199, 206, 214, 221, 222, 223, 223, 224,
    226, 226, 231, 229, 228, 231, 230 ]
RHandPositionsX: [ 156, 154, 153, 157, 153, 153, 157, 156, 156, 156, 154,
    153, 157, 157, 153, 153, 154, 157, 153, 156, 154, 153, 156, 153, 154,
    154, 156, 155, 155, 154, 156, 154, 156, 153, 157, 153, 154, 154, 154,
    157, 153, 157, 156, 157, 154, 157, 154, 154, 155, 156, 156, 153, 155,
    154, 156, 157, 153, 154, 157, 154, 153, 155, 157, 156, 154, 154, 156,
    157, 155, 155, 156, 157, 153, 155, 157, 154, 155, 153, 153, 156, 156,
    154, 156, 153, 155, 154, 156, 156 ]
RHandPositionsY: [ 271, 268, 268, 270, 267, 266, 269, 268, 266, 265, 269,
    265, 267, 265, 267, 268, 267, 263, 263, 263, 266, 262, 263, 263, 263,
    262, 261, 265, 264, 264, 265, 264, 261, 265, 264, 260, 262, 262, 260,
    260, 260, 262, 261, 264, 263, 263, 263, 261, 262, 261, 261, 263, 260,
    261, 262, 259, 262, 259, 260, 259, 259, 261, 263, 262, 261, 260, 263,
    261, 259, 260, 263, 263, 261, 262, 261, 260, 260, 263, 263, 260, 259,
    261, 263, 260, 261, 263, 263, 259 ]
