%YAML:1.0
---
videoName: "LHShake19.mp4"
gestureLabel: 2
fps: 29
pixelSizeInCmTemp: 3.3732394366197183e-01
faceCenterPointX: 250
faceCenterPointY: 62
LHandPositionsX: [ 306, 309, 306, 305, 309, 306, 307, 305, 308, 309, 305,
    305, 309, 306, 309, 309, 310, 314, 320, 325, 325, 324, 311, 290, 288,
    286, 290, 300, 306, 315, 316, 315, 304, 294, 287, 288, 294, 301, 312,
    317, 316, 314, 306, 294, 293, 296, 298, 306, 313, 315, 309, 308, 294,
    293, 294, 299, 305, 315, 316, 318, 314, 311, 306, 300, 296, 293, 293,
    291, 295, 301, 302, 303, 305, 306, 304, 307, 305, 309, 307, 311, 311,
    310, 309, 311, 308, 311, 309, 310 ]
LHandPositionsY: [ 248, 249, 252, 252, 248, 252, 248, 251, 249, 252, 251,
    251, 248, 249, 247, 239, 227, 213, 203, 189, 176, 169, 162, 161, 157,
    154, 157, 157, 153, 152, 154, 153, 157, 153, 151, 148, 152, 152, 153,
    152, 153, 154, 155, 147, 147, 155, 156, 154, 154, 152, 155, 155, 145,
    146, 156, 156, 155, 154, 151, 154, 154, 156, 158, 161, 168, 174, 181,
    191, 200, 208, 214, 218, 217, 223, 224, 231, 230, 236, 238, 238, 238,
    237, 240, 239, 239, 239, 241, 239 ]
RHandPositionsX: [ 196, 195, 195, 196, 199, 196, 195, 197, 197, 199, 195,
    196, 198, 198, 198, 198, 197, 196, 197, 195, 197, 197, 196, 198, 195,
    198, 196, 197, 197, 193, 196, 197, 193, 195, 195, 193, 192, 193, 194,
    192, 191, 194, 191, 194, 195, 191, 191, 192, 195, 194, 191, 192, 194,
    193, 195, 195, 195, 193, 193, 192, 193, 191, 194, 195, 192, 195, 191,
    191, 195, 192, 195, 195, 193, 191, 195, 195, 192, 195, 195, 194, 191,
    194, 193, 194, 192, 194, 192, 192 ]
RHandPositionsY: [ 258, 256, 257, 256, 255, 254, 258, 258, 255, 254, 254,
    258, 258, 257, 255, 256, 258, 257, 254, 257, 257, 257, 257, 257, 258,
    256, 254, 258, 256, 256, 258, 258, 254, 254, 256, 258, 254, 258, 258,
    256, 256, 258, 254, 257, 257, 254, 254, 257, 258, 257, 256, 258, 255,
    258, 255, 257, 256, 257, 255, 254, 255, 257, 258, 258, 254, 258, 257,
    255, 254, 254, 255, 254, 255, 258, 257, 256, 258, 257, 254, 256, 258,
    258, 256, 257, 256, 256, 257, 256 ]
