%YAML:1.0
---
videoName: "LHShake20.mp4"
gestureLabel: 2
fps: 30
pixelSizeInCmTemp: 3.3732394366197183e-01
faceCenterPointX: 249
faceCenterPointY: 62
LHandPositionsX: [ 316, 314, 313, 315, 315, 316, 317, 313, 314, 318, 320,
    325, 334, 340, 341, 339, 329, 318, 315, 314, 313, 310, 317, 325, 336,
    337, 339, 337, 330, 321, 320, 317, 316, 325, 335, 339, 340, 338, 330,
    325, 324, 322, 320, 326, 334, 329, 329, 329, 326, 318, 320, 322, 320,
    325, 325, 328, 331, 324, 321, 317, 319, 320, 319, 317, 322, 320, 323,
    319, 315, 316, 313, 312, 314, 313, 314, 312, 312, 314, 315, 314, 313,
    313, 314, 313, 313, 312, 313, 315, 315, 316, 314 ]
LHandPositionsY: [ 248, 249, 248, 250, 250, 247, 248, 246, 236, 227, 219,
    203, 191, 176, 172, 166, 160, 157, 162, 163, 160, 158, 147, 147, 144,
    144, 145, 142, 141, 147, 150, 150, 145, 143, 146, 144, 142, 144, 141,
    144, 149, 149, 147, 143, 144, 141, 138, 143, 143, 148, 148, 148, 147,
    143, 141, 134, 137, 133, 135, 142, 142, 144, 147, 146, 147, 152, 159,
    170, 181, 191, 202, 214, 217, 218, 221, 228, 228, 228, 229, 233, 231,
    231, 234, 236, 236, 239, 235, 239, 236, 237, 238 ]
RHandPositionsX: [ 182, 181, 181, 180, 180, 181, 179, 181, 183, 180, 180,
    183, 181, 180, 180, 182, 183, 182, 180, 183, 183, 180, 182, 180, 182,
    181, 179, 180, 181, 183, 179, 179, 181, 183, 182, 180, 183, 181, 183,
    181, 181, 181, 181, 183, 181, 179, 179, 183, 180, 182, 181, 182, 179,
    179, 182, 180, 182, 180, 179, 180, 179, 182, 182, 182, 182, 183, 183,
    179, 181, 179, 179, 183, 183, 180, 179, 179, 180, 182, 181, 179, 182,
    181, 178, 182, 179, 179, 178, 182, 182, 180, 181 ]
RHandPositionsY: [ 255, 253, 257, 253, 256, 253, 256, 255, 255, 253, 253,
    252, 256, 253, 254, 252, 252, 255, 252, 253, 255, 252, 256, 252, 254,
    252, 254, 253, 253, 255, 251, 251, 253, 255, 252, 254, 252, 255, 254,
    255, 252, 255, 252, 253, 254, 255, 255, 251, 255, 251, 251, 254, 253,
    252, 254, 251, 254, 252, 252, 251, 255, 253, 252, 252, 252, 255, 252,
    252, 251, 254, 251, 253, 255, 253, 253, 253, 252, 252, 254, 255, 253,
    252, 252, 254, 253, 253, 255, 253, 253, 252, 252 ]
