%YAML:1.0
---
videoName: "LHShake05.mp4"
gestureLabel: 2
fps: 30
pixelSizeInCmTemp: 3.2364864864864862e-01
faceCenterPointX: 252
faceCenterPointY: 81
LHandPositionsX: [ 294, 291, 294, 291, 291, 294, 292, 294, 291, 293, 292,
    298, 301, 313, 320, 335, 344, 341, 342, 341, 342, 338, 333, 330, 329,
    331, 332, 337, 342, 342, 343, 337, 333, 324, 324, 322, 328, 331, 337,
    338, 337, 332, 322, 320, 319, 324, 325, 330, 337, 339, 335, 330, 323,
    322, 325, 328, 332, 338, 338, 336, 332, 333, 329, 329, 329, 333, 338,
    338, 340, 337, 335, 327, 320, 317, 313, 307, 302, 301, 298, 296, 297,
    297, 293, 294, 295, 294, 293, 294, 295, 292, 294 ]
LHandPositionsY: [ 266, 268, 269, 270, 268, 269, 268, 266, 262, 257, 242,
    226, 211, 199, 185, 173, 167, 163, 159, 153, 153, 155, 156, 157, 153,
    150, 149, 144, 138, 138, 135, 140, 145, 148, 147, 148, 142, 141, 139,
    133, 134, 139, 141, 145, 143, 140, 137, 138, 135, 130, 138, 142, 142,
    140, 141, 142, 142, 139, 134, 136, 140, 142, 144, 144, 143, 140, 138,
    141, 138, 139, 143, 151, 160, 171, 178, 190, 200, 210, 218, 229, 235,
    235, 238, 245, 246, 250, 250, 251, 252, 255, 258 ]
RHandPositionsX: [ 214, 212, 212, 214, 214, 210, 210, 212, 213, 214, 213,
    213, 212, 210, 212, 212, 210, 210, 211, 209, 212, 209, 210, 210, 210,
    208, 210, 207, 211, 207, 210, 209, 207, 210, 207, 210, 207, 208, 209,
    206, 208, 207, 208, 207, 209, 209, 207, 209, 208, 206, 210, 208, 208,
    207, 209, 206, 208, 208, 209, 210, 207, 208, 208, 208, 206, 209, 209,
    206, 207, 208, 210, 210, 210, 210, 210, 208, 209, 208, 206, 210, 210,
    209, 210, 209, 211, 209, 211, 209, 208, 212, 213 ]
RHandPositionsY: [ 264, 263, 263, 266, 262, 264, 266, 262, 262, 265, 262,
    264, 264, 263, 264, 262, 262, 265, 263, 264, 264, 262, 266, 264, 265,
    263, 263, 266, 262, 262, 262, 263, 262, 266, 265, 263, 262, 264, 265,
    262, 263, 264, 262, 263, 261, 263, 262, 265, 261, 263, 262, 265, 263,
    264, 261, 264, 261, 263, 263, 263, 263, 261, 264, 261, 265, 263, 262,
    264, 265, 264, 263, 264, 264, 264, 264, 264, 262, 262, 264, 262, 263,
    265, 264, 264, 263, 261, 265, 261, 262, 263, 264 ]
