%YAML:1.0
---
videoName: "LHShake16.mp4"
gestureLabel: 2
fps: 30
pixelSizeInCmTemp: 3.3732394366197183e-01
faceCenterPointX: 247
faceCenterPointY: 66
LHandPositionsX: [ 323, 322, 324, 328, 331, 337, 346, 351, 365, 373, 382,
    391, 401, 408, 407, 402, 401, 391, 374, 364, 356, 359, 362, 371, 380,
    401, 394, 394, 391, 383, 376, 367, 368, 368, 369, 382, 391, 386, 400,
    398, 384, 376, 368, 369, 366, 371, 373, 386, 398, 408, 395, 384, 371,
    362, 365, 364, 364, 370, 373, 392, 389, 383, 389, 382, 373, 366, 355,
    348, 345, 335, 332, 331, 330, 331, 329, 328, 328, 330, 329, 327, 327,
    328, 329, 326, 326, 326, 327, 326, 324, 325, 325 ]
LHandPositionsY: [ 252, 253, 252, 250, 250, 246, 232, 223, 211, 196, 179,
    167, 152, 148, 144, 138, 125, 118, 115, 111, 120, 118, 127, 114, 114,
    113, 119, 120, 115, 116, 119, 132, 130, 132, 128, 120, 121, 119, 119,
    120, 115, 125, 133, 132, 137, 135, 130, 124, 127, 122, 124, 131, 137,
    144, 145, 144, 144, 144, 136, 129, 128, 130, 126, 130, 143, 152, 162,
    168, 182, 199, 206, 213, 226, 228, 233, 234, 238, 237, 236, 238, 242,
    239, 240, 244, 243, 244, 241, 244, 244, 243, 243 ]
RHandPositionsX: [ 177, 178, 178, 178, 175, 176, 179, 175, 177, 175, 179,
    178, 178, 176, 175, 178, 178, 177, 178, 178, 179, 178, 179, 179, 177,
    178, 175, 176, 179, 176, 176, 176, 176, 175, 176, 179, 178, 175, 177,
    178, 176, 176, 179, 179, 178, 177, 177, 176, 177, 175, 177, 179, 176,
    178, 176, 176, 179, 176, 179, 177, 175, 179, 178, 176, 175, 175, 178,
    179, 178, 179, 176, 175, 175, 175, 179, 177, 179, 177, 177, 175, 176,
    178, 179, 176, 177, 176, 179, 176, 179, 175, 179 ]
RHandPositionsY: [ 259, 260, 261, 258, 261, 260, 261, 261, 261, 261, 259,
    261, 262, 260, 259, 261, 259, 260, 262, 262, 258, 258, 261, 262, 258,
    258, 262, 258, 259, 258, 262, 262, 261, 259, 261, 258, 259, 258, 261,
    262, 262, 258, 260, 261, 259, 259, 259, 260, 261, 261, 262, 261, 262,
    260, 259, 258, 260, 261, 261, 262, 259, 260, 260, 262, 260, 260, 261,
    258, 260, 262, 260, 258, 258, 259, 262, 258, 261, 260, 259, 259, 260,
    258, 262, 262, 258, 261, 262, 261, 262, 261, 258 ]
