%YAML:1.0
---
videoName: "LHShake05.mp4"
gestureLabel: 2
fps: 30
pixelSizeInCmTemp: 3.2364864864864862e-01
faceCenterPointX: 252
faceCenterPointY: 81
LHandPositionsX: [ 294, 293, 292, 292, 293, 295, 293, 296, 291, 290, 295,
    297, 303, 313, 323, 331, 344, 343, 340, 338, 338, 334, 332, 331, 331,
    334, 335, 338, 341, 344, 342, 336, 331, 325, 326, 326, 328, 332, 336,
    338, 339, 329, 323, 323, 321, 325, 328, 331, 335, 336, 332, 327, 325,
    323, 325, 326, 333, 337, 337, 338, 334, 332, 329, 330, 329, 335, 339,
    340, 341, 338, 334, 326, 320, 317, 312, 306, 304, 298, 296, 295, 296,
    294, 295, 295, 291, 292, 292, 293, 291, 296, 293 ]
LHandPositionsY: [ 268, 267, 267, 270, 267, 269, 265, 265, 263, 256, 242,
    229, 210, 200, 187, 175, 163, 162, 159, 153, 151, 154, 153, 156, 155,
    151, 147, 146, 142, 134, 136, 140, 146, 148, 143, 147, 144, 140, 138,
    133, 131, 139, 144, 142, 141, 143, 137, 137, 135, 132, 138, 141, 142,
    142, 144, 144, 141, 140, 134, 138, 140, 142, 143, 145, 144, 140, 137,
    138, 138, 137, 142, 149, 163, 171, 176, 188, 197, 207, 219, 227, 234,
    234, 240, 244, 245, 247, 251, 253, 252, 258, 259 ]
RHandPositionsX: [ 210, 213, 211, 214, 210, 210, 210, 211, 211, 214, 210,
    213, 209, 211, 209, 211, 213, 209, 213, 211, 210, 209, 211, 211, 212,
    210, 208, 210, 208, 208, 208, 208, 206, 207, 210, 209, 209, 207, 209,
    207, 210, 208, 210, 209, 208, 208, 210, 210, 209, 209, 209, 207, 206,
    208, 208, 208, 208, 210, 209, 206, 209, 207, 209, 206, 206, 207, 206,
    206, 207, 209, 210, 206, 207, 208, 209, 209, 210, 208, 210, 207, 207,
    208, 206, 208, 210, 210, 208, 210, 211, 208, 210 ]
RHandPositionsY: [ 266, 264, 264, 264, 265, 264, 264, 266, 262, 266, 266,
    265, 264, 265, 262, 262, 266, 266, 265, 264, 266, 262, 262, 266, 264,
    262, 264, 266, 264, 264, 265, 266, 265, 262, 261, 263, 264, 265, 263,
    263, 264, 262, 265, 262, 265, 264, 264, 265, 263, 261, 263, 265, 265,
    262, 261, 265, 262, 261, 261, 263, 263, 263, 265, 265, 261, 261, 261,
    264, 262, 265, 261, 262, 264, 264, 261, 264, 261, 262, 265, 261, 265,
    265, 264, 262, 261, 261, 262, 262, 264, 263, 265 ]
