%YAML:1.0
---
videoName: "LHShake15.mp4"
gestureLabel: 2
fps: 29
pixelSizeInCmTemp: 3.3263888888888887e-01
faceCenterPointX: 252
faceCenterPointY: 65
LHandPositionsX: [ 331, 328, 328, 331, 330, 327, 331, 330, 332, 330, 336,
    343, 347, 351, 357, 364, 371, 375, 380, 383, 379, 380, 366, 360, 348,
    341, 344, 338, 349, 354, 362, 360, 361, 360, 356, 348, 333, 330, 330,
    335, 345, 354, 355, 353, 349, 356, 350, 336, 328, 331, 329, 339, 350,
    354, 354, 352, 356, 354, 341, 334, 331, 333, 336, 338, 344, 351, 348,
    349, 350, 350, 342, 332, 326, 323, 325, 321, 320, 322, 322, 327, 327,
    325, 327, 324, 328, 324, 328, 328 ]
LHandPositionsY: [ 254, 257, 258, 258, 258, 256, 254, 256, 252, 254, 241,
    227, 216, 201, 183, 169, 153, 138, 119, 121, 118, 104, 101, 101, 103,
    104, 103, 101, 97, 95, 92, 94, 94, 93, 94, 99, 97, 100, 100, 95, 98,
    93, 95, 95, 99, 97, 99, 102, 100, 99, 98, 92, 91, 95, 96, 94, 97,
    100, 103, 101, 101, 100, 98, 96, 101, 102, 100, 99, 103, 102, 105,
    122, 138, 150, 168, 180, 193, 208, 217, 229, 234, 233, 241, 240, 238,
    239, 240, 242 ]
RHandPositionsX: [ 178, 175, 175, 177, 177, 175, 177, 179, 176, 175, 179,
    175, 176, 175, 179, 176, 179, 179, 179, 178, 177, 175, 177, 177, 179,
    178, 178, 176, 177, 177, 175, 176, 178, 177, 179, 178, 176, 176, 179,
    178, 176, 179, 176, 178, 178, 175, 179, 179, 175, 178, 178, 178, 177,
    177, 179, 175, 179, 178, 175, 177, 175, 178, 177, 179, 175, 177, 178,
    175, 175, 176, 177, 179, 179, 178, 176, 175, 179, 179, 179, 177, 178,
    178, 175, 175, 179, 177, 176, 175 ]
RHandPositionsY: [ 261, 261, 257, 261, 261, 260, 259, 257, 259, 258, 257,
    259, 260, 260, 260, 260, 259, 257, 258, 261, 258, 260, 261, 260, 258,
    260, 259, 261, 258, 257, 259, 259, 259, 260, 260, 260, 259, 261, 258,
    257, 259, 259, 261, 257, 258, 261, 261, 258, 261, 260, 257, 259, 261,
    258, 259, 260, 261, 261, 260, 259, 260, 257, 260, 258, 259, 260, 257,
    258, 261, 257, 258, 258, 261, 257, 260, 261, 257, 260, 258, 261, 258,
    257, 259, 258, 259, 260, 261, 261 ]
