%YAML:1.0
---
videoName: "LHShake05.mp4"
gestureLabel: 2
fps: 30
pixelSizeInCmTemp: 3.2364864864864862e-01
faceCenterPointX: 252
faceCenterPointY: 81
LHandPositionsX: [ 295, 295, 292, 295, 291, 292, 293, 293, 294, 294, 291,
    295, 301, 313, 324, 333, 340, 344, 343, 338, 340, 334, 329, 332, 330,
    333, 333, 336, 343, 346, 345, 338, 329, 323, 323, 323, 326, 330, 335,
    336, 336, 328, 324, 322, 323, 321, 329, 330, 338, 338, 334, 327, 326,
    324, 326, 326, 331, 336, 340, 335, 334, 332, 333, 332, 331, 337, 337,
    338, 341, 338, 335, 326, 323, 313, 313, 307, 302, 301, 299, 296, 293,
    296, 292, 294, 293, 292, 293, 293, 294, 296, 294 ]
LHandPositionsY: [ 268, 269, 268, 268, 270, 268, 266, 265, 265, 253, 240,
    225, 211, 201, 184, 173, 164, 164, 158, 157, 152, 153, 154, 157, 156,
    153, 148, 144, 141, 137, 134, 139, 147, 148, 143, 147, 146, 141, 136,
    137, 131, 138, 142, 144, 141, 141, 139, 138, 135, 131, 137, 142, 142,
    140, 142, 141, 140, 139, 137, 137, 140, 144, 140, 145, 142, 142, 137,
    138, 139, 137, 142, 149, 163, 171, 178, 188, 199, 210, 218, 230, 237,
    238, 238, 244, 248, 251, 250, 252, 253, 258, 259 ]
RHandPositionsX: [ 211, 210, 210, 213, 212, 213, 213, 210, 214, 211, 211,
    212, 210, 213, 210, 210, 211, 213, 212, 212, 208, 210, 209, 208, 208,
    207, 210, 211, 209, 206, 210, 209, 208, 208, 207, 209, 208, 210, 206,
    208, 209, 208, 206, 207, 209, 208, 209, 209, 207, 207, 210, 207, 209,
    209, 210, 209, 208, 209, 209, 208, 206, 208, 206, 210, 206, 210, 208,
    209, 210, 210, 210, 207, 206, 209, 207, 206, 209, 208, 206, 208, 207,
    210, 208, 206, 209, 210, 208, 208, 208, 212, 212 ]
RHandPositionsY: [ 265, 266, 263, 263, 265, 263, 266, 263, 263, 262, 263,
    262, 263, 265, 266, 266, 266, 265, 264, 264, 264, 263, 263, 266, 263,
    263, 264, 265, 262, 264, 266, 264, 264, 264, 263, 264, 262, 263, 265,
    265, 265, 261, 263, 261, 264, 264, 265, 263, 264, 261, 261, 261, 261,
    262, 264, 265, 263, 262, 263, 264, 263, 262, 265, 261, 263, 264, 262,
    265, 263, 262, 265, 261, 261, 263, 265, 263, 265, 262, 265, 263, 264,
    262, 261, 262, 262, 265, 261, 263, 261, 261, 263 ]
