%YAML:1.0
---
videoName: "LHShake00.mp4"
gestureLabel: 2
fps: 29
pixelSizeInCmTemp: 3.4214285714285714e-01
faceCenterPointX: 252
faceCenterPointY: 85
LHandPositionsX: [ 353, 349, 352, 348, 355, 355, 359, 357, 353, 345, 332,
    324, 323, 323, 324, 326, 325, 333, 337, 339, 339, 339, 334, 325, 327,
    324, 328, 330, 332, 339, 337, 339, 339, 330, 324, 321, 324, 329, 332,
    338, 340, 340, 342, 339, 333, 323, 322, 323, 328, 326, 334, 336, 341,
    340, 340, 336, 327, 327, 326, 326, 327, 333, 335, 336, 338, 339, 339,
    339, 336, 335, 329, 329, 324, 326, 330, 330, 329, 330, 332, 336, 338,
    342, 341, 339, 343, 342, 342, 342 ]
LHandPositionsY: [ 259, 250, 244, 232, 209, 186, 171, 151, 139, 133, 134,
    137, 137, 136, 137, 136, 133, 130, 125, 127, 123, 124, 130, 131, 133,
    135, 132, 132, 131, 126, 125, 123, 125, 129, 136, 136, 136, 136, 133,
    130, 129, 125, 121, 119, 125, 130, 133, 133, 131, 130, 130, 126, 123,
    123, 122, 127, 127, 131, 130, 130, 130, 125, 122, 120, 121, 117, 115,
    124, 138, 150, 161, 167, 161, 171, 186, 192, 199, 206, 211, 221, 224,
    229, 227, 230, 236, 236, 236, 237 ]
RHandPositionsX: [ 156, 156, 155, 154, 153, 154, 155, 154, 154, 153, 153,
    153, 152, 153, 154, 156, 153, 152, 156, 156, 153, 154, 155, 155, 156,
    155, 153, 154, 154, 153, 154, 155, 152, 152, 153, 155, 156, 152, 152,
    156, 154, 154, 152, 152, 155, 154, 153, 156, 154, 153, 153, 154, 152,
    153, 153, 154, 154, 152, 152, 154, 155, 153, 155, 154, 152, 154, 155,
    155, 156, 153, 154, 153, 154, 155, 154, 155, 155, 153, 156, 154, 155,
    155, 154, 154, 155, 155, 153, 156 ]
RHandPositionsY: [ 277, 279, 276, 275, 276, 277, 275, 274, 272, 273, 275,
    271, 272, 273, 269, 271, 270, 267, 269, 270, 268, 266, 268, 268, 266,
    267, 264, 267, 265, 264, 266, 265, 267, 263, 266, 264, 264, 265, 264,
    263, 264, 261, 264, 260, 261, 260, 264, 262, 261, 260, 261, 261, 264,
    264, 262, 262, 262, 262, 263, 262, 261, 264, 261, 261, 262, 261, 260,
    262, 264, 262, 260, 263, 261, 262, 261, 260, 260, 264, 264, 262, 261,
    261, 260, 264, 261, 263, 263, 260 ]
