%YAML:1.0
---
videoName: "LHShake07.mp4"
gestureLabel: 2
fps: 29
pixelSizeInCmTemp: 3.3732394366197183e-01
faceCenterPointX: 265
faceCenterPointY: 78
LHandPositionsX: [ 345, 350, 353, 358, 363, 370, 375, 385, 392, 395, 396,
    391, 384, 374, 355, 348, 341, 342, 339, 341, 349, 364, 369, 366, 365,
    366, 360, 343, 343, 342, 344, 345, 357, 356, 367, 371, 369, 360, 361,
    349, 343, 349, 346, 351, 355, 361, 364, 359, 363, 360, 339, 326, 334,
    334, 342, 356, 366, 376, 371, 379, 370, 366, 358, 347, 340, 336, 338,
    333, 334, 338, 337, 343, 342, 343, 343, 342, 344, 342, 340, 341, 341,
    340, 340, 343, 340, 340, 342, 344 ]
LHandPositionsY: [ 280, 277, 272, 265, 259, 249, 235, 216, 205, 191, 177,
    159, 148, 139, 140, 141, 146, 146, 145, 147, 143, 136, 136, 136, 135,
    136, 137, 137, 144, 141, 140, 130, 131, 135, 128, 123, 130, 129, 132,
    134, 142, 141, 147, 141, 136, 139, 138, 138, 129, 131, 135, 148, 144,
    136, 132, 134, 130, 136, 130, 129, 131, 137, 146, 158, 169, 177, 190,
    204, 219, 230, 241, 252, 252, 256, 256, 261, 261, 266, 267, 264, 264,
    264, 267, 265, 267, 270, 268, 269 ]
RHandPositionsX: [ 185, 181, 183, 184, 181, 181, 184, 183, 185, 183, 181,
    183, 181, 181, 183, 182, 181, 182, 183, 184, 181, 182, 183, 182, 182,
    183, 183, 184, 183, 184, 181, 183, 183, 182, 183, 185, 182, 182, 183,
    181, 185, 181, 184, 182, 182, 181, 184, 183, 184, 183, 182, 181, 181,
    183, 185, 183, 182, 182, 181, 184, 182, 181, 183, 184, 184, 183, 182,
    184, 181, 183, 181, 183, 183, 183, 182, 184, 184, 185, 185, 185, 182,
    182, 181, 184, 182, 185, 183, 182 ]
RHandPositionsY: [ 278, 279, 278, 276, 278, 280, 278, 278, 279, 279, 276,
    278, 279, 277, 279, 279, 277, 276, 279, 278, 279, 280, 279, 276, 276,
    280, 276, 277, 277, 280, 280, 276, 278, 277, 277, 278, 278, 276, 279,
    279, 280, 276, 280, 276, 279, 277, 278, 278, 277, 279, 277, 276, 278,
    279, 280, 279, 276, 278, 280, 279, 276, 280, 276, 277, 280, 279, 279,
    278, 279, 278, 278, 277, 278, 280, 280, 280, 279, 278, 279, 279, 276,
    276, 280, 280, 278, 280, 279, 277 ]
