%YAML:1.0
---
videoName: "LHShake17.mp4"
gestureLabel: 2
fps: 30
pixelSizeInCmTemp: 3.3732394366197183e-01
faceCenterPointX: 248
faceCenterPointY: 64
LHandPositionsX: [ 325, 321, 323, 324, 325, 324, 327, 324, 327, 336, 342,
    356, 364, 373, 389, 400, 406, 408, 401, 390, 373, 362, 353, 350, 353,
    359, 369, 381, 378, 384, 374, 365, 350, 344, 346, 348, 357, 365, 368,
    364, 364, 361, 353, 352, 352, 353, 365, 372, 377, 372, 374, 371, 363,
    354, 348, 348, 347, 353, 359, 364, 365, 367, 364, 355, 351, 342, 340,
    336, 335, 332, 335, 333, 331, 331, 330, 331, 326, 326, 327, 328, 327,
    328, 326, 325, 324, 326, 326, 326, 324, 325, 325 ]
LHandPositionsY: [ 251, 251, 251, 251, 250, 248, 250, 245, 244, 231, 216,
    204, 184, 171, 156, 143, 128, 121, 112, 112, 122, 128, 134, 135, 135,
    136, 122, 118, 120, 117, 118, 130, 137, 141, 138, 137, 126, 115, 118,
    120, 119, 114, 126, 133, 131, 137, 125, 119, 122, 125, 119, 119, 132,
    136, 142, 142, 138, 128, 124, 125, 125, 123, 122, 131, 134, 144, 150,
    160, 170, 182, 194, 205, 218, 221, 225, 227, 233, 235, 237, 233, 235,
    237, 238, 236, 237, 238, 237, 237, 237, 238, 238 ]
RHandPositionsX: [ 179, 179, 177, 180, 179, 176, 177, 179, 180, 177, 180,
    179, 179, 178, 178, 180, 176, 180, 178, 180, 176, 178, 180, 179, 177,
    177, 177, 177, 177, 179, 175, 177, 176, 177, 178, 175, 179, 176, 177,
    178, 175, 176, 177, 174, 178, 178, 174, 176, 176, 178, 176, 177, 176,
    174, 175, 177, 175, 178, 174, 177, 178, 177, 177, 174, 177, 178, 178,
    176, 174, 178, 177, 177, 177, 177, 176, 175, 178, 177, 175, 175, 177,
    178, 176, 176, 178, 177, 177, 175, 177, 176, 177 ]
RHandPositionsY: [ 257, 257, 257, 256, 257, 259, 256, 259, 256, 259, 257,
    258, 256, 257, 257, 256, 259, 259, 258, 257, 256, 256, 260, 260, 258,
    256, 258, 260, 260, 258, 259, 260, 256, 257, 258, 260, 258, 258, 260,
    257, 257, 260, 259, 257, 256, 259, 259, 260, 260, 259, 259, 259, 260,
    256, 259, 259, 260, 257, 260, 256, 260, 260, 260, 260, 257, 258, 257,
    259, 258, 256, 259, 260, 260, 258, 257, 259, 258, 260, 258, 258, 257,
    258, 259, 259, 260, 256, 258, 258, 257, 260, 258 ]
