%YAML:1.0
---
videoName: "LHShake01.mp4"
gestureLabel: 2
fps: 29
pixelSizeInCmTemp: 3.4214285714285714e-01
faceCenterPointX: 252
faceCenterPointY: 84
LHandPositionsX: [ 365, 366, 367, 366, 362, 354, 348, 340, 338, 332, 333,
    332, 340, 344, 350, 351, 358, 354, 354, 347, 343, 340, 339, 339, 338,
    340, 343, 348, 350, 348, 351, 349, 347, 342, 339, 335, 330, 333, 335,
    343, 344, 346, 349, 347, 349, 348, 345, 341, 333, 336, 333, 336, 338,
    344, 348, 349, 347, 347, 350, 349, 347, 339, 338, 332, 329, 327, 332,
    331, 335, 328, 332, 335, 337, 340, 341, 344, 345, 347, 345, 348, 349,
    350, 351, 349, 349, 351, 350, 350 ]
LHandPositionsY: [ 147, 140, 134, 128, 125, 120, 116, 121, 120, 122, 122,
    120, 122, 115, 113, 113, 107, 109, 110, 108, 110, 110, 113, 115, 114,
    111, 112, 106, 108, 108, 107, 105, 109, 106, 113, 116, 113, 112, 113,
    109, 111, 108, 107, 106, 104, 109, 105, 108, 109, 108, 109, 110, 109,
    106, 103, 103, 105, 104, 101, 102, 105, 104, 109, 123, 131, 144, 152,
    159, 162, 161, 173, 183, 191, 199, 206, 215, 221, 219, 222, 222, 227,
    227, 230, 230, 228, 231, 228, 231 ]
RHandPositionsX: [ 155, 157, 153, 153, 157, 153, 153, 153, 153, 156, 154,
    154, 154, 156, 156, 155, 155, 153, 156, 157, 155, 153, 154, 157, 153,
    153, 156, 157, 153, 156, 154, 157, 157, 153, 154, 154, 154, 157, 153,
    156, 156, 153, 155, 155, 153, 155, 154, 154, 156, 153, 155, 153, 157,
    155, 157, 156, 155, 155, 154, 155, 155, 156, 154, 154, 156, 157, 153,
    154, 155, 155, 155, 157, 153, 154, 155, 153, 157, 154, 155, 156, 156,
    153, 157, 156, 153, 153, 157, 153 ]
RHandPositionsY: [ 271, 267, 267, 267, 266, 270, 268, 266, 269, 267, 266,
    266, 268, 267, 267, 268, 264, 266, 263, 267, 267, 266, 265, 264, 266,
    265, 262, 262, 265, 261, 263, 262, 261, 265, 260, 262, 263, 260, 262,
    261, 262, 262, 261, 261, 263, 259, 260, 259, 259, 262, 262, 263, 261,
    261, 260, 260, 259, 262, 263, 259, 260, 263, 260, 260, 259, 262, 260,
    261, 263, 260, 260, 259, 261, 263, 262, 261, 263, 263, 260, 261, 262,
    263, 261, 259, 261, 262, 261, 263 ]
