%YAML:1.0
---
videoName: "LHShake18.mp4"
gestureLabel: 2
fps: 29
pixelSizeInCmTemp: 3.4214285714285714e-01
faceCenterPointX: 253
faceCenterPointY: 65
LHandPositionsX: [ 312, 311, 311, 315, 311, 312, 315, 315, 314, 312, 311,
    311, 315, 314, 312, 316, 317, 314, 325, 326, 331, 336, 345, 349, 352,
    350, 340, 327, 316, 300, 300, 306, 306, 312, 311, 312, 314, 308, 300,
    292, 293, 302, 308, 314, 310, 312, 307, 299, 289, 286, 286, 296, 304,
    312, 314, 311, 306, 294, 284, 289, 294, 300, 306, 308, 311, 307, 302,
    292, 293, 302, 304, 307, 310, 308, 312, 311, 305, 305, 307, 307, 307,
    308, 309, 307, 311, 307, 308, 308 ]
LHandPositionsY: [ 250, 247, 249, 250, 249, 249, 246, 246, 249, 246, 250,
    246, 247, 250, 247, 250, 247, 251, 244, 233, 216, 203, 191, 178, 169,
    160, 154, 144, 145, 137, 135, 145, 142, 140, 139, 139, 144, 145, 144,
    137, 136, 144, 147, 145, 144, 146, 148, 146, 145, 141, 141, 149, 150,
    146, 146, 150, 152, 141, 144, 141, 152, 153, 151, 153, 151, 156, 159,
    147, 147, 152, 156, 155, 151, 155, 161, 167, 178, 187, 199, 208, 217,
    219, 221, 233, 232, 233, 234, 231 ]
RHandPositionsX: [ 199, 196, 194, 194, 198, 197, 196, 197, 196, 198, 198,
    196, 195, 195, 197, 196, 198, 195, 195, 199, 196, 195, 199, 195, 197,
    199, 196, 194, 195, 196, 196, 194, 195, 199, 197, 198, 198, 197, 198,
    197, 198, 196, 195, 197, 195, 199, 198, 196, 196, 198, 199, 195, 200,
    197, 197, 196, 198, 196, 199, 198, 195, 195, 195, 196, 198, 195, 196,
    198, 197, 195, 197, 194, 195, 194, 198, 194, 198, 196, 195, 194, 198,
    198, 196, 196, 196, 197, 194, 197 ]
RHandPositionsY: [ 265, 262, 265, 262, 263, 266, 267, 265, 263, 267, 264,
    266, 265, 263, 266, 266, 265, 264, 264, 266, 264, 266, 266, 263, 265,
    265, 266, 266, 265, 265, 265, 262, 264, 267, 266, 264, 267, 268, 266,
    267, 268, 268, 265, 265, 265, 265, 264, 264, 265, 267, 265, 266, 264,
    267, 265, 267, 265, 267, 268, 266, 268, 265, 267, 265, 269, 264, 264,
    267, 265, 265, 268, 264, 266, 264, 268, 264, 266, 264, 268, 267, 265,
    268, 264, 264, 267, 265, 264, 266 ]
