%YAML:1.0
---
videoName: "LHShake21.mp4"
gestureLabel: 2
fps: 29
pixelSizeInCmTemp: 3.4214285714285714e-01
faceCenterPointX: 266
faceCenterPointY: 79
LHandPositionsX: [ 349, 352, 367, 372, 383, 394, 396, 406, 420, 416, 418,
    401, 388, 376, 376, 377, 375, 375, 385, 401, 399, 399, 397, 392, 383,
    374, 368, 374, 370, 371, 376, 390, 390, 386, 387, 382, 377, 371, 367,
    369, 368, 372, 375, 387, 389, 387, 396, 394, 379, 374, 364, 366, 365,
    369, 375, 377, 383, 382, 382, 390, 385, 380, 375, 364, 356, 351, 346,
    341, 337, 334, 334, 336, 333, 334, 333, 333, 331, 333, 333, 332, 332,
    330, 333, 330, 333, 332, 334, 333 ]
LHandPositionsY: [ 270, 266, 244, 228, 208, 192, 185, 171, 155, 150, 137,
    132, 133, 134, 134, 136, 128, 131, 127, 127, 130, 129, 132, 134, 135,
    132, 141, 144, 145, 137, 133, 130, 135, 132, 136, 134, 138, 143, 150,
    144, 145, 145, 142, 136, 138, 136, 135, 137, 141, 150, 151, 151, 153,
    152, 149, 144, 140, 141, 143, 148, 156, 162, 168, 178, 189, 203, 214,
    227, 235, 240, 244, 246, 248, 249, 250, 249, 251, 251, 254, 250, 254,
    252, 254, 252, 252, 252, 254, 251 ]
RHandPositionsX: [ 185, 187, 187, 187, 188, 187, 186, 188, 188, 188, 187,
    186, 184, 185, 185, 185, 187, 184, 184, 186, 185, 186, 184, 184, 184,
    184, 189, 187, 186, 188, 184, 187, 185, 188, 187, 187, 185, 184, 187,
    186, 186, 186, 188, 184, 188, 184, 184, 188, 188, 187, 184, 184, 188,
    184, 186, 188, 185, 188, 185, 187, 184, 186, 186, 186, 184, 187, 187,
    185, 187, 185, 186, 185, 185, 186, 188, 184, 187, 185, 188, 186, 185,
    187, 184, 187, 184, 185, 187, 184 ]
RHandPositionsY: [ 267, 269, 267, 266, 268, 269, 268, 266, 268, 266, 268,
    266, 266, 268, 269, 267, 268, 265, 269, 266, 266, 267, 265, 268, 266,
    268, 269, 266, 265, 266, 266, 266, 265, 266, 268, 265, 265, 267, 268,
    265, 269, 268, 268, 268, 269, 268, 268, 265, 269, 266, 265, 267, 266,
    267, 267, 265, 268, 267, 265, 267, 268, 266, 267, 267, 268, 266, 266,
    268, 267, 267, 269, 265, 266, 266, 267, 267, 265, 269, 269, 269, 269,
    265, 269, 266, 265, 265, 268, 265 ]
