%YAML:1.0
---
videoName: "LHShake18.mp4"
gestureLabel: 2
fps: 29
pixelSizeInCmTemp: 3.4214285714285714e-01
faceCenterPointX: 253
faceCenterPointY: 65
LHandPositionsX: [ 315, 315, 311, 313, 312, 313, 311, 313, 315, 311, 312,
    313, 315, 311, 315, 316, 316, 318, 323, 323, 333, 336, 344, 347, 349,
    347, 339, 323, 313, 299, 301, 306, 306, 312, 312, 311, 312, 306, 298,
    294, 293, 300, 306, 314, 313, 309, 306, 299, 288, 286, 285, 296, 308,
    314, 312, 309, 307, 291, 286, 289, 292, 303, 307, 307, 308, 306, 303,
    293, 297, 300, 305, 306, 306, 309, 313, 312, 308, 308, 307, 306, 307,
    304, 309, 308, 310, 309, 311, 309 ]
LHandPositionsY: [ 246, 247, 250, 248, 247, 246, 246, 249, 247, 247, 246,
    249, 249, 247, 246, 249, 248, 248, 243, 237, 218, 201, 190, 178, 165,
    158, 155, 145, 147, 140, 135, 144, 143, 142, 138, 139, 140, 144, 146,
    141, 135, 144, 148, 145, 143, 144, 151, 145, 142, 138, 144, 148, 150,
    146, 146, 151, 151, 142, 145, 141, 150, 153, 151, 154, 153, 155, 160,
    146, 145, 150, 153, 155, 155, 153, 161, 166, 178, 189, 195, 205, 215,
    218, 220, 232, 235, 233, 233, 235 ]
RHandPositionsX: [ 199, 194, 196, 197, 196, 196, 197, 199, 196, 199, 199,
    196, 196, 199, 195, 196, 198, 195, 195, 197, 199, 197, 197, 197, 197,
    195, 199, 198, 198, 198, 198, 194, 196, 199, 198, 196, 199, 199, 198,
    197, 199, 198, 195, 195, 197, 198, 195, 197, 199, 197, 199, 198, 196,
    199, 197, 198, 199, 196, 198, 199, 198, 198, 197, 197, 199, 198, 194,
    197, 195, 195, 196, 198, 194, 194, 196, 198, 197, 198, 194, 196, 196,
    198, 194, 198, 198, 195, 196, 195 ]
RHandPositionsY: [ 262, 263, 266, 264, 266, 267, 268, 263, 263, 263, 265,
    266, 263, 265, 263, 265, 267, 267, 263, 263, 263, 267, 263, 264, 266,
    263, 264, 262, 265, 264, 263, 262, 263, 267, 266, 267, 263, 264, 268,
    266, 266, 266, 267, 266, 264, 267, 268, 267, 268, 268, 268, 266, 265,
    266, 264, 268, 267, 269, 269, 266, 264, 268, 265, 269, 267, 266, 267,
    264, 268, 264, 268, 265, 264, 264, 265, 265, 267, 267, 265, 268, 266,
    267, 264, 265, 266, 268, 265, 266 ]
