%YAML:1.0
---
videoName: "LHShake11.mp4"
gestureLabel: 2
fps: 29
pixelSizeInCmTemp: 3.3732394366197183e-01
faceCenterPointX: 260
faceCenterPointY: 69
LHandPositionsX: [ 386, 388, 384, 376, 367, 353, 350, 353, 346, 345, 353,
    360, 368, 365, 365, 364, 355, 350, 347, 347, 349, 347, 355, 358, 357,
    356, 363, 352, 352, 346, 347, 347, 350, 352, 353, 354, 351, 354, 345,
    342, 337, 338, 338, 340, 347, 353, 357, 354, 353, 357, 353, 343, 340,
    341, 337, 342, 346, 355, 360, 359, 363, 365, 359, 353, 352, 342, 339,
    333, 333, 327, 332, 333, 334, 334, 333, 332, 333, 331, 334, 331, 331,
    332, 333, 332, 333, 335, 332, 333 ]
LHandPositionsY: [ 178, 163, 150, 142, 143, 143, 149, 147, 145, 134, 131,
    129, 128, 128, 125, 127, 134, 141, 144, 140, 140, 135, 130, 132, 129,
    128, 130, 133, 138, 145, 140, 143, 146, 139, 132, 136, 136, 136, 134,
    139, 144, 147, 145, 143, 143, 135, 130, 131, 131, 127, 137, 141, 147,
    142, 146, 143, 143, 136, 135, 139, 141, 141, 149, 154, 167, 176, 190,
    205, 215, 228, 231, 234, 238, 241, 247, 245, 248, 250, 250, 248, 251,
    252, 250, 249, 248, 248, 249, 252 ]
RHandPositionsX: [ 180, 181, 180, 183, 183, 181, 182, 182, 182, 183, 179,
    183, 180, 181, 183, 181, 179, 180, 181, 179, 181, 182, 180, 182, 182,
    180, 183, 181, 181, 182, 180, 183, 179, 182, 179, 180, 181, 181, 179,
    179, 179, 180, 182, 183, 181, 179, 182, 180, 181, 180, 182, 181, 179,
    183, 179, 182, 179, 179, 181, 181, 179, 180, 181, 182, 179, 179, 181,
    181, 182, 182, 182, 181, 179, 179, 180, 182, 179, 181, 183, 179, 182,
    179, 180, 180, 181, 182, 182, 179 ]
RHandPositionsY: [ 274, 277, 275, 274, 277, 276, 275, 274, 273, 276, 276,
    277, 277, 276, 274, 273, 273, 277, 273, 275, 273, 275, 275, 277, 275,
    277, 277, 276, 275, 275, 275, 275, 275, 277, 275, 276, 276, 275, 274,
    277, 277, 274, 274, 276, 273, 273, 277, 275, 275, 276, 273, 275, 276,
    277, 273, 273, 277, 277, 276, 274, 273, 277, 276, 277, 276, 277, 274,
    273, 277, 275, 274, 275, 274, 276, 273, 273, 276, 275, 274, 274, 275,
    276, 276, 273, 276, 276, 273, 277 ]
