%YAML:1.0
---
videoName: "LHShake01.mp4"
gestureLabel: 2
fps: 29
pixelSizeInCmTemp: 3.4214285714285714e-01
faceCenterPointX: 252
faceCenterPointY: 84
LHandPositionsX: [ 363, 366, 364, 366, 359, 355, 349, 341, 334, 331, 330,
    334, 337, 342, 350, 355, 357, 357, 350, 347, 344, 340, 342, 339, 335,
    337, 343, 346, 352, 349, 353, 347, 345, 339, 340, 332, 331, 335, 336,
    340, 345, 347, 347, 349, 350, 348, 343, 339, 336, 334, 335, 335, 337,
    342, 347, 352, 347, 347, 346, 350, 345, 343, 336, 330, 328, 326, 332,
    331, 335, 328, 332, 335, 334, 337, 341, 342, 347, 344, 346, 350, 351,
    348, 349, 352, 349, 349, 350, 351 ]
LHandPositionsY: [ 144, 139, 132, 129, 123, 119, 119, 118, 121, 122, 123,
    121, 121, 118, 115, 113, 111, 109, 111, 108, 108, 113, 115, 114, 113,
    110, 112, 109, 106, 106, 105, 107, 106, 110, 112, 117, 114, 113, 113,
    110, 110, 105, 104, 103, 106, 108, 104, 108, 109, 108, 110, 107, 107,
    105, 104, 101, 103, 104, 105, 103, 106, 104, 105, 124, 133, 141, 152,
    160, 165, 164, 172, 180, 190, 198, 206, 215, 221, 221, 224, 226, 224,
    225, 226, 229, 232, 229, 228, 228 ]
RHandPositionsX: [ 154, 156, 157, 153, 156, 154, 155, 154, 157, 154, 154,
    154, 154, 157, 156, 153, 156, 154, 153, 157, 156, 155, 155, 154, 154,
    155, 156, 154, 154, 154, 153, 154, 156, 157, 157, 155, 154, 155, 154,
    156, 157, 156, 154, 156, 157, 153, 154, 155, 157, 155, 155, 154, 153,
    155, 154, 156, 155, 157, 154, 156, 153, 157, 153, 155, 153, 157, 155,
    155, 156, 157, 155, 153, 157, 153, 157, 153, 157, 153, 157, 155, 156,
    154, 155, 156, 155, 153, 154, 154 ]
RHandPositionsY: [ 268, 269, 268, 269, 268, 268, 267, 267, 266, 268, 268,
    268, 269, 266, 265, 268, 265, 263, 264, 264, 266, 266, 264, 262, 266,
    262, 261, 263, 261, 263, 265, 261, 265, 262, 261, 262, 260, 263, 262,
    263, 264, 261, 260, 260, 263, 259, 262, 262, 262, 262, 262, 262, 263,
    260, 260, 259, 261, 262, 260, 259, 262, 260, 260, 263, 261, 261, 259,
    259, 262, 259, 259, 260, 260, 261, 261, 263, 261, 259, 261, 262, 262,
    259, 260, 259, 259, 260, 261, 263 ]
