%YAML:1.0
---
videoName: "LHShake02.mp4"
gestureLabel: 2
fps: 29
pixelSizeInCmTemp: 3.3263888888888887e-01
faceCenterPointX: 249
faceCenterPointY: 82
LHandPositionsX: [ 359, 362, 360, 367, 375, 380, 384, 387, 389, 388, 384,
    381, 373, 367, 367, 362, 363, 366, 368, 374, 381, 388, 382, 379, 377,
    370, 366, 363, 361, 363, 367, 368, 377, 378, 376, 379, 382, 377, 375,
    367, 366, 360, 360, 355, 357, 362, 363, 372, 370, 371, 369, 367, 361,
    358, 358, 358, 360, 367, 368, 371, 369, 371, 365, 361, 358, 355, 349,
    345, 343, 344, 345, 342, 340, 341, 344, 346, 347, 345, 348, 348, 347,
    346, 349, 347, 348, 350, 348, 349 ]
LHandPositionsY: [ 125, 123, 120, 114, 111, 110, 112, 112, 112, 110, 110,
    107, 113, 111, 113, 114, 111, 110, 108, 105, 104, 104, 104, 104, 101,
    107, 106, 107, 110, 105, 104, 100, 99, 99, 101, 97, 98, 98, 98, 98,
    100, 103, 101, 103, 103, 102, 103, 102, 101, 98, 102, 101, 109, 108,
    110, 106, 106, 106, 103, 107, 106, 102, 105, 106, 123, 137, 151, 160,
    163, 172, 176, 184, 193, 196, 205, 213, 214, 223, 226, 227, 231, 229,
    232, 230, 232, 235, 237, 240 ]
RHandPositionsX: [ 153, 157, 154, 154, 156, 155, 154, 153, 157, 156, 155,
    156, 157, 157, 153, 156, 153, 154, 153, 154, 155, 154, 156, 154, 153,
    153, 154, 156, 153, 157, 154, 155, 156, 153, 154, 153, 155, 156, 155,
    157, 156, 157, 155, 157, 153, 153, 157, 153, 155, 153, 157, 156, 153,
    154, 156, 156, 154, 154, 155, 153, 155, 155, 155, 154, 157, 155, 154,
    155, 153, 156, 153, 154, 155, 155, 155, 154, 156, 156, 155, 157, 153,
    154, 155, 153, 153, 154, 153, 153 ]
RHandPositionsY: [ 263, 265, 263, 264, 263, 260, 263, 262, 262, 259, 261,
    260, 259, 259, 259, 261, 260, 261, 258, 260, 258, 259, 259, 258, 261,
    262, 261, 258, 259, 260, 262, 258, 260, 258, 259, 261, 260, 259, 258,
    262, 262, 260, 259, 259, 262, 261, 260, 258, 260, 259, 260, 262, 259,
    262, 261, 260, 258, 261, 262, 262, 261, 261, 259, 259, 261, 259, 259,
    258, 260, 260, 262, 260, 261, 259, 262, 259, 259, 261, 261, 259, 262,
    258, 260, 262, 262, 259, 259, 260 ]
