%YAML:1.0
---
videoName: "LHShake06.mp4"
gestureLabel: 2
fps: 29
pixelSizeInCmTemp: 3.3732394366197183e-01
faceCenterPointX: 250
faceCenterPointY: 80
LHandPositionsX: [ 381, 385, 388, 384, 386, 378, 373, 371, 371, 370, 374,
    386, 390, 392, 396, 397, 392, 388, 379, 375, 377, 376, 386, 390, 391,
    391, 393, 388, 382, 382, 379, 378, 385, 388, 391, 388, 390, 382, 380,
    379, 380, 384, 387, 390, 392, 391, 386, 383, 383, 377, 379, 384, 386,
    392, 398, 399, 397, 397, 393, 386, 379, 370, 359, 360, 355, 346, 335,
    327, 318, 310, 306, 305, 303, 304, 303, 304, 302, 301, 301, 302, 299,
    301, 299, 300, 301, 301, 300, 298 ]
LHandPositionsY: [ 149, 148, 143, 142, 137, 139, 137, 138, 138, 136, 133,
    129, 128, 130, 126, 127, 130, 132, 135, 133, 132, 131, 130, 131, 126,
    129, 129, 128, 130, 130, 127, 128, 129, 128, 127, 127, 125, 125, 128,
    126, 125, 126, 124, 124, 126, 123, 127, 126, 129, 126, 126, 128, 123,
    125, 121, 122, 121, 124, 123, 126, 130, 137, 146, 153, 163, 175, 189,
    209, 215, 226, 230, 236, 238, 241, 245, 249, 252, 249, 251, 250, 253,
    253, 252, 255, 256, 252, 256, 254 ]
RHandPositionsX: [ 210, 210, 210, 213, 210, 210, 213, 210, 210, 211, 213,
    209, 211, 213, 213, 210, 211, 209, 211, 211, 213, 212, 210, 212, 210,
    210, 212, 213, 210, 208, 212, 210, 212, 209, 211, 210, 210, 208, 210,
    209, 209, 208, 211, 209, 209, 208, 207, 207, 208, 207, 210, 211, 208,
    208, 207, 207, 207, 207, 211, 210, 208, 210, 211, 210, 211, 210, 209,
    209, 211, 209, 208, 212, 211, 210, 208, 209, 208, 209, 209, 208, 210,
    209, 212, 211, 213, 212, 211, 210 ]
RHandPositionsY: [ 269, 269, 272, 271, 270, 268, 267, 269, 270, 270, 267,
    267, 266, 266, 268, 269, 270, 268, 270, 269, 269, 266, 269, 265, 269,
    267, 266, 267, 265, 268, 267, 266, 267, 267, 266, 267, 268, 266, 269,
    266, 265, 269, 268, 266, 268, 269, 268, 268, 269, 269, 268, 265, 268,
    268, 265, 266, 267, 268, 265, 269, 267, 269, 269, 267, 268, 267, 268,
    265, 268, 269, 266, 265, 267, 268, 266, 266, 265, 266, 267, 267, 268,
    267, 268, 269, 269, 266, 267, 267 ]
