%YAML:1.0
---
videoName: "LHShake04.mp4"
gestureLabel: 2
fps: 30
pixelSizeInCmTemp: 3.2808219178082193e-01
faceCenterPointX: 247
faceCenterPointY: 80
LHandPositionsX: [ 280, 283, 284, 283, 281, 282, 283, 283, 281, 283, 282,
    279, 278, 280, 283, 284, 291, 297, 307, 321, 335, 348, 357, 368, 372,
    368, 364, 359, 348, 344, 337, 336, 335, 341, 348, 364, 369, 366, 357,
    344, 340, 343, 342, 340, 348, 355, 355, 354, 353, 345, 343, 346, 344,
    347, 354, 357, 356, 350, 347, 345, 348, 350, 355, 359, 360, 363, 362,
    361, 353, 343, 335, 324, 313, 305, 297, 293, 289, 288, 287, 290, 288,
    289, 286, 289, 290, 286, 289, 287, 289, 289, 285 ]
LHandPositionsY: [ 268, 268, 272, 271, 271, 268, 272, 271, 272, 272, 271,
    270, 270, 269, 270, 269, 261, 255, 242, 230, 217, 202, 187, 176, 162,
    160, 155, 150, 135, 134, 133, 131, 129, 121, 115, 110, 108, 110, 116,
    116, 129, 125, 125, 128, 121, 119, 116, 110, 117, 117, 121, 122, 119,
    116, 116, 113, 112, 109, 114, 118, 114, 111, 106, 109, 107, 105, 105,
    113, 125, 142, 157, 172, 186, 198, 212, 224, 237, 243, 244, 246, 250,
    250, 250, 249, 252, 251, 251, 255, 250, 254, 250 ]
RHandPositionsX: [ 215, 218, 217, 216, 215, 216, 217, 216, 217, 217, 218,
    214, 214, 217, 217, 215, 215, 216, 215, 217, 217, 215, 217, 215, 217,
    218, 216, 217, 215, 218, 216, 218, 217, 218, 218, 216, 218, 218, 215,
    215, 217, 214, 217, 215, 214, 218, 215, 216, 217, 216, 216, 218, 218,
    215, 218, 216, 214, 215, 216, 215, 217, 218, 216, 218, 217, 217, 218,
    216, 218, 217, 214, 214, 217, 216, 217, 214, 218, 218, 217, 215, 216,
    216, 218, 217, 215, 215, 218, 215, 216, 214, 214 ]
RHandPositionsY: [ 269, 269, 270, 266, 268, 270, 266, 267, 266, 269, 270,
    266, 268, 267, 266, 269, 265, 268, 264, 267, 265, 267, 264, 264, 265,
    266, 265, 267, 264, 264, 263, 265, 266, 263, 266, 264, 263, 262, 265,
    265, 264, 265, 264, 266, 264, 263, 264, 262, 265, 261, 263, 265, 261,
    262, 261, 265, 261, 262, 261, 263, 261, 261, 264, 261, 263, 264, 262,
    262, 263, 265, 261, 262, 265, 264, 262, 264, 263, 263, 264, 262, 261,
    262, 263, 265, 263, 262, 264, 265, 264, 265, 265 ]
