%YAML:1.0
---
videoName: "LHShake14.mp4"
gestureLabel: 2
fps: 29
pixelSizeInCmTemp: 3.2808219178082193e-01
faceCenterPointX: 256
faceCenterPointY: 64
LHandPositionsX: [ 348, 351, 350, 357, 366, 383, 391, 389, 388, 382, 371,
    359, 361, 356, 362, 372, 382, 385, 383, 379, 373, 362, 353, 356, 353,
    357, 370, 379, 387, 386, 385, 377, 367, 360, 357, 354, 361, 369, 379,
    379, 381, 379, 370, 360, 362, 358, 361, 366, 373, 379, 377, 376, 370,
    365, 357, 348, 344, 335, 332, 328, 328, 329, 331, 331, 328, 331, 329,
    328, 329, 329, 332, 330, 330, 328, 327, 331, 327, 327, 329, 330, 327,
    331, 330, 327, 327, 331, 329, 331 ]
LHandPositionsY: [ 147, 147, 146, 147, 143, 140, 142, 141, 142, 141, 143,
    148, 148, 149, 145, 145, 140, 140, 140, 140, 138, 145, 147, 146, 149,
    149, 145, 142, 144, 142, 141, 143, 145, 147, 146, 150, 146, 144, 141,
    141, 143, 141, 142, 144, 141, 142, 140, 140, 140, 143, 142, 146, 150,
    155, 161, 167, 176, 190, 197, 209, 222, 234, 234, 237, 242, 247, 250,
    250, 251, 251, 250, 249, 249, 251, 250, 252, 249, 250, 251, 249, 248,
    251, 251, 250, 248, 250, 250, 248 ]
RHandPositionsX: [ 182, 181, 182, 183, 180, 183, 180, 183, 182, 183, 181,
    181, 179, 179, 182, 178, 180, 179, 177, 176, 175, 179, 177, 177, 176,
    178, 175, 176, 175, 175, 178, 176, 177, 179, 178, 177, 179, 176, 179,
    176, 179, 175, 179, 179, 179, 179, 175, 175, 176, 177, 178, 175, 179,
    175, 176, 179, 175, 179, 178, 179, 178, 179, 178, 177, 175, 177, 178,
    175, 178, 175, 176, 179, 176, 179, 176, 175, 179, 175, 176, 177, 176,
    178, 179, 178, 179, 176, 176, 175 ]
RHandPositionsY: [ 280, 280, 278, 276, 278, 279, 276, 276, 275, 276, 274,
    275, 274, 278, 275, 273, 276, 274, 273, 277, 273, 277, 276, 275, 277,
    273, 276, 275, 277, 274, 273, 277, 276, 276, 274, 273, 274, 274, 275,
    276, 273, 273, 273, 275, 274, 274, 277, 274, 276, 276, 276, 277, 275,
    276, 275, 275, 273, 277, 275, 277, 275, 275, 275, 276, 274, 273, 274,
    276, 276, 276, 277, 274, 274, 273, 274, 273, 273, 273, 275, 275, 276,
    276, 273, 276, 276, 273, 274, 276 ]
