%YAML:1.0
---
videoName: "LHShake07.mp4"
gestureLabel: 2
fps: 29
pixelSizeInCmTemp: 3.3732394366197183e-01
faceCenterPointX: 265
faceCenterPointY: 78
LHandPositionsX: [ 346, 349, 353, 355, 364, 370, 375, 384, 389, 392, 395,
    391, 382, 378, 353, 348, 341, 341, 342, 340, 348, 363, 370, 365, 367,
    366, 360, 344, 341, 342, 345, 346, 356, 357, 366, 369, 366, 363, 362,
    353, 344, 346, 344, 352, 359, 362, 363, 362, 365, 359, 340, 326, 332,
    334, 341, 357, 365, 376, 372, 381, 372, 364, 356, 349, 342, 340, 337,
    336, 336, 337, 337, 340, 344, 341, 342, 342, 342, 342, 344, 342, 343,
    341, 342, 342, 341, 340, 342, 341 ]
LHandPositionsY: [ 277, 276, 274, 269, 258, 248, 236, 218, 203, 191, 177,
    160, 150, 138, 140, 141, 148, 145, 144, 147, 143, 137, 135, 136, 139,
    139, 134, 136, 144, 140, 136, 130, 133, 135, 125, 126, 126, 131, 134,
    133, 144, 142, 147, 143, 139, 138, 138, 139, 132, 130, 138, 150, 143,
    135, 132, 133, 130, 134, 130, 129, 134, 135, 146, 156, 166, 179, 190,
    203, 218, 229, 239, 251, 253, 255, 256, 259, 261, 266, 265, 267, 265,
    268, 267, 265, 267, 270, 269, 268 ]
RHandPositionsX: [ 184, 185, 181, 181, 185, 183, 182, 185, 183, 183, 185,
    183, 182, 183, 184, 185, 182, 181, 181, 181, 183, 185, 182, 181, 185,
    185, 184, 184, 182, 183, 185, 182, 183, 182, 182, 184, 182, 185, 183,
    184, 185, 183, 185, 185, 184, 184, 182, 182, 181, 181, 185, 184, 185,
    185, 181, 185, 181, 182, 181, 182, 184, 181, 182, 182, 184, 181, 181,
    182, 183, 183, 182, 181, 181, 185, 184, 183, 184, 182, 183, 183, 184,
    182, 184, 183, 182, 183, 182, 182 ]
RHandPositionsY: [ 280, 279, 276, 278, 279, 278, 277, 276, 277, 278, 277,
    277, 279, 280, 277, 278, 276, 276, 279, 277, 277, 278, 276, 277, 276,
    279, 279, 278, 276, 278, 276, 279, 279, 278, 279, 279, 276, 276, 276,
    277, 279, 277, 278, 279, 278, 276, 277, 279, 276, 277, 277, 276, 280,
    279, 279, 280, 279, 279, 276, 277, 278, 277, 276, 280, 280, 279, 280,
    280, 277, 279, 280, 276, 276, 276, 278, 277, 276, 278, 277, 279, 278,
    279, 277, 280, 276, 278, 278, 276 ]
