%YAML:1.0
---
videoName: "LHShake01.mp4"
gestureLabel: 2
fps: 29
pixelSizeInCmTemp: 3.4214285714285714e-01
faceCenterPointX: 252
faceCenterPointY: 84
LHandPositionsX: [ 365, 367, 365, 362, 362, 357, 346, 340, 337, 330, 332,
    334, 339, 343, 351, 351, 355, 356, 352, 348, 345, 341, 338, 339, 339,
    340, 341, 347, 352, 351, 349, 347, 345, 343, 336, 336, 334, 334, 335,
    343, 342, 348, 349, 351, 348, 347, 341, 337, 337, 334, 332, 334, 335,
    340, 348, 350, 349, 348, 347, 349, 345, 341, 339, 331, 328, 329, 330,
    333, 334, 328, 333, 333, 336, 340, 341, 345, 347, 344, 348, 349, 351,
    350, 350, 348, 351, 352, 349, 352 ]
LHandPositionsY: [ 147, 141, 133, 126, 126, 119, 119, 119, 119, 121, 122,
    122, 121, 118, 114, 113, 111, 109, 107, 109, 111, 111, 115, 113, 112,
    111, 109, 106, 107, 108, 105, 105, 105, 107, 109, 117, 111, 112, 110,
    108, 108, 106, 107, 103, 104, 107, 108, 109, 108, 109, 112, 111, 109,
    108, 104, 102, 104, 101, 101, 103, 105, 103, 107, 122, 135, 141, 149,
    160, 164, 164, 174, 181, 189, 199, 206, 214, 219, 221, 221, 223, 225,
    225, 230, 230, 230, 228, 229, 230 ]
RHandPositionsX: [ 154, 156, 156, 154, 156, 156, 155, 155, 157, 154, 155,
    155, 154, 155, 157, 156, 154, 153, 154, 153, 156, 155, 154, 153, 155,
    157, 153, 154, 153, 154, 153, 153, 157, 157, 153, 156, 155, 156, 154,
    157, 156, 155, 153, 155, 157, 157, 157, 153, 156, 156, 156, 153, 153,
    156, 153, 156, 157, 157, 156, 155, 157, 155, 154, 157, 153, 157, 153,
    154, 154, 153, 154, 154, 155, 157, 155, 154, 157, 157, 155, 157, 155,
    155, 156, 155, 154, 155, 154, 154 ]
RHandPositionsY: [ 269, 269, 271, 270, 266, 267, 266, 266, 268, 267, 269,
    268, 267, 267, 265, 266, 264, 265, 264, 267, 264, 265, 265, 264, 265,
    264, 265, 263, 264, 261, 264, 262, 262, 263, 264, 260, 260, 262, 261,
    263, 263, 262, 264, 264, 260, 260, 262, 261, 263, 260, 263, 260, 262,
    263, 262, 262, 262, 259, 261, 263, 261, 259, 262, 259, 261, 261, 262,
    262, 261, 259, 259, 259, 263, 260, 263, 263, 263, 259, 263, 261, 259,
    261, 259, 262, 260, 263, 260, 263 ]
