%YAML:1.0
---
videoName: "LHShake05.mp4"
gestureLabel: 2
fps: 30
pixelSizeInCmTemp: 3.2364864864864862e-01
faceCenterPointX: 252
faceCenterPointY: 81
LHandPositionsX: [ 293, 295, 293, 292, 294, 295, 294, 294, 295, 294, 293,
    298, 303, 314, 324, 333, 341, 343, 339, 341, 339, 334, 329, 329, 328,
    331, 332, 336, 343, 344, 344, 338, 330, 321, 326, 322, 328, 331, 337,
    340, 336, 329, 324, 319, 320, 321, 325, 333, 339, 338, 334, 329, 327,
    326, 325, 327, 331, 338, 340, 339, 333, 329, 330, 331, 333, 336, 340,
    339, 338, 336, 333, 325, 320, 316, 313, 306, 303, 298, 299, 295, 293,
    294, 294, 294, 295, 292, 295, 292, 295, 296, 294 ]
LHandPositionsY: [ 267, 270, 269, 266, 268, 269, 267, 265, 262, 257, 242,
    226, 211, 197, 185, 172, 164, 161, 159, 157, 155, 153, 153, 153, 154,
    151, 150, 146, 141, 138, 133, 137, 147, 145, 144, 146, 142, 142, 136,
    135, 135, 137, 143, 141, 141, 144, 137, 137, 132, 129, 137, 143, 141,
    140, 145, 144, 138, 136, 138, 140, 138, 142, 140, 144, 144, 142, 141,
    140, 139, 137, 142, 151, 162, 170, 179, 189, 199, 207, 218, 229, 233,
    234, 239, 245, 248, 248, 251, 251, 251, 255, 259 ]
RHandPositionsX: [ 214, 211, 213, 210, 214, 211, 212, 213, 212, 210, 214,
    209, 210, 210, 211, 210, 211, 211, 209, 208, 212, 212, 208, 212, 208,
    208, 210, 211, 211, 209, 207, 210, 206, 209, 210, 210, 210, 208, 210,
    206, 209, 207, 206, 206, 210, 209, 208, 206, 209, 207, 210, 208, 207,
    208, 210, 207, 210, 210, 206, 208, 208, 208, 209, 210, 210, 207, 207,
    208, 208, 209, 210, 207, 210, 209, 206, 209, 207, 207, 206, 207, 206,
    208, 208, 208, 209, 208, 210, 208, 211, 211, 211 ]
RHandPositionsY: [ 264, 265, 262, 266, 264, 264, 265, 265, 264, 265, 263,
    265, 263, 263, 265, 264, 263, 264, 262, 262, 263, 266, 265, 266, 264,
    264, 263, 266, 266, 262, 264, 264, 265, 264, 261, 261, 264, 262, 265,
    262, 263, 264, 261, 263, 263, 263, 264, 264, 261, 264, 262, 264, 262,
    265, 262, 264, 265, 261, 265, 263, 261, 262, 261, 262, 262, 262, 261,
    261, 262, 265, 261, 261, 264, 261, 265, 263, 263, 261, 265, 265, 261,
    263, 261, 264, 264, 264, 264, 262, 263, 263, 265 ]
