%YAML:1.0
---
videoName: "LHShake12.mp4"
gestureLabel: 2
fps: 29
pixelSizeInCmTemp: 3.3263888888888887e-01
faceCenterPointX: 259
faceCenterPointY: 64
LHandPositionsX: [ 368, 355, 347, 347, 346, 347, 353, 360, 375, 381, 382,
    381, 377, 363, 353, 348, 351, 345, 345, 353, 365, 378, 374, 377, 376,
    371, 363, 349, 339, 340, 341, 341, 350, 362, 368, 371, 370, 375, 370,
    357, 347, 339, 342, 344, 344, 352, 363, 372, 366, 369, 368, 357, 346,
    339, 342, 338, 341, 348, 359, 365, 367, 367, 367, 363, 352, 343, 335,
    326, 324, 320, 314, 317, 320, 325, 329, 331, 329, 335, 334, 336, 333,
    334, 336, 337, 336, 335, 334, 336 ]
LHandPositionsY: [ 164, 162, 163, 161, 161, 159, 155, 156, 150, 149, 149,
    152, 150, 152, 154, 160, 158, 160, 158, 152, 152, 148, 145, 149, 143,
    145, 145, 146, 155, 154, 154, 152, 150, 150, 148, 148, 147, 146, 145,
    148, 154, 158, 157, 157, 153, 153, 152, 153, 151, 151, 151, 152, 153,
    155, 155, 156, 156, 155, 151, 147, 145, 146, 142, 149, 150, 154, 159,
    169, 180, 184, 196, 211, 228, 236, 242, 247, 248, 251, 252, 254, 256,
    255, 259, 257, 258, 258, 258, 255 ]
RHandPositionsX: [ 177, 177, 176, 174, 174, 175, 174, 174, 176, 174, 177,
    178, 174, 175, 174, 178, 176, 176, 177, 176, 178, 177, 176, 174, 177,
    174, 176, 176, 176, 178, 176, 176, 174, 175, 176, 176, 176, 177, 178,
    174, 177, 175, 175, 174, 176, 174, 174, 175, 174, 178, 178, 177, 174,
    175, 176, 177, 174, 176, 176, 177, 178, 177, 178, 174, 176, 175, 176,
    175, 175, 175, 175, 176, 177, 175, 178, 176, 175, 178, 177, 175, 177,
    178, 178, 177, 175, 178, 178, 174 ]
RHandPositionsY: [ 272, 274, 274, 275, 272, 275, 274, 274, 271, 272, 271,
    271, 273, 273, 275, 271, 273, 272, 274, 271, 273, 275, 272, 273, 274,
    273, 271, 274, 274, 273, 274, 274, 272, 274, 273, 273, 273, 273, 273,
    275, 275, 274, 272, 273, 274, 273, 273, 275, 273, 272, 271, 275, 272,
    273, 271, 273, 274, 275, 275, 273, 272, 273, 273, 274, 271, 273, 273,
    271, 271, 275, 273, 272, 273, 271, 273, 275, 274, 274, 274, 271, 273,
    274, 272, 272, 271, 275, 272, 272 ]
