%YAML:1.0
---
videoName: "LHShake09.mp4"
gestureLabel: 2
fps: 29
pixelSizeInCmTemp: 3.3263888888888887e-01
faceCenterPointX: 259
faceCenterPointY: 67
LHandPositionsX: [ 337, 338, 340, 337, 342, 345, 351, 352, 350, 359, 357,
    364, 369, 368, 368, 366, 362, 353, 341, 333, 330, 335, 330, 331, 337,
    345, 350, 350, 348, 348, 353, 348, 341, 339, 337, 334, 338, 344, 351,
    362, 367, 362, 365, 363, 355, 345, 337, 337, 336, 335, 341, 348, 354,
    354, 356, 355, 354, 352, 343, 335, 333, 338, 336, 335, 343, 349, 353,
    356, 353, 354, 350, 343, 338, 329, 327, 321, 317, 319, 320, 326, 327,
    330, 331, 334, 331, 335, 333, 331 ]
LHandPositionsY: [ 273, 273, 273, 272, 272, 272, 265, 256, 249, 237, 231,
    218, 200, 200, 185, 175, 167, 160, 160, 158, 159, 156, 159, 152, 150,
    149, 148, 145, 148, 145, 148, 152, 150, 154, 156, 156, 155, 152, 153,
    155, 152, 151, 152, 155, 155, 155, 156, 157, 157, 154, 152, 153, 152,
    151, 153, 150, 152, 153, 151, 154, 154, 150, 152, 152, 153, 153, 153,
    152, 152, 152, 150, 154, 160, 170, 183, 192, 204, 220, 233, 243, 246,
    246, 251, 256, 255, 258, 260, 259 ]
RHandPositionsX: [ 177, 176, 177, 177, 178, 176, 179, 179, 176, 178, 178,
    177, 178, 178, 180, 179, 177, 176, 178, 180, 177, 178, 176, 178, 180,
    180, 178, 176, 177, 180, 180, 177, 177, 177, 178, 179, 177, 178, 178,
    176, 177, 180, 176, 180, 178, 180, 178, 177, 176, 179, 180, 179, 176,
    180, 178, 179, 179, 178, 179, 179, 178, 178, 180, 178, 180, 179, 179,
    180, 178, 178, 177, 179, 176, 177, 179, 180, 177, 178, 176, 178, 180,
    180, 176, 177, 177, 176, 178, 176 ]
RHandPositionsY: [ 279, 278, 275, 276, 276, 279, 276, 275, 277, 276, 278,
    276, 275, 275, 277, 277, 279, 275, 276, 278, 276, 276, 275, 278, 275,
    277, 279, 279, 277, 276, 277, 279, 275, 277, 277, 275, 278, 278, 277,
    277, 278, 277, 278, 279, 279, 279, 279, 278, 276, 276, 276, 277, 279,
    275, 277, 275, 277, 277, 279, 279, 275, 275, 275, 275, 276, 276, 278,
    278, 277, 277, 278, 275, 275, 276, 276, 275, 276, 277, 277, 276, 277,
    279, 279, 275, 276, 277, 276, 275 ]
