%YAML:1.0
---
videoName: "LHShake23.mp4"
gestureLabel: 2
fps: 30
pixelSizeInCmTemp: 3.3263888888888887e-01
faceCenterPointX: 259
faceCenterPointY: 79
LHandPositionsX: [ 330, 333, 332, 332, 334, 330, 333, 331, 330, 333, 335,
    336, 341, 348, 347, 362, 370, 369, 374, 378, 378, 378, 376, 367, 359,
    352, 353, 352, 356, 363, 369, 379, 383, 384, 383, 381, 372, 363, 358,
    360, 362, 369, 379, 385, 381, 382, 382, 372, 361, 358, 354, 352, 357,
    365, 371, 381, 382, 380, 381, 376, 368, 356, 358, 358, 359, 364, 372,
    381, 377, 380, 379, 373, 367, 361, 356, 352, 345, 342, 340, 341, 337,
    338, 337, 339, 339, 336, 334, 338, 338, 333, 336 ]
LHandPositionsY: [ 264, 265, 265, 266, 264, 264, 262, 262, 263, 261, 257,
    252, 242, 232, 227, 215, 200, 196, 195, 187, 183, 171, 169, 166, 167,
    167, 166, 170, 168, 164, 163, 160, 157, 159, 160, 162, 163, 164, 163,
    163, 166, 163, 162, 157, 160, 157, 158, 160, 159, 166, 163, 164, 167,
    169, 166, 166, 166, 164, 165, 162, 168, 166, 170, 168, 168, 168, 167,
    169, 165, 166, 170, 170, 177, 186, 194, 202, 212, 225, 237, 247, 249,
    250, 252, 254, 255, 253, 255, 254, 256, 254, 254 ]
RHandPositionsX: [ 183, 182, 186, 184, 182, 184, 184, 182, 184, 182, 185,
    182, 186, 182, 185, 184, 183, 186, 186, 184, 185, 182, 186, 184, 186,
    182, 185, 183, 182, 183, 185, 185, 184, 184, 185, 185, 182, 185, 186,
    183, 186, 182, 182, 184, 186, 182, 185, 185, 182, 185, 183, 186, 184,
    186, 185, 184, 185, 183, 185, 184, 185, 185, 184, 185, 182, 184, 185,
    184, 185, 184, 184, 182, 185, 185, 183, 184, 182, 184, 182, 183, 183,
    186, 184, 185, 186, 186, 182, 186, 186, 185, 183 ]
RHandPositionsY: [ 273, 273, 271, 272, 271, 272, 273, 270, 273, 272, 274,
    272, 271, 273, 274, 271, 270, 274, 273, 274, 274, 271, 271, 274, 273,
    271, 273, 270, 270, 273, 273, 273, 274, 273, 272, 270, 274, 271, 270,
    271, 271, 272, 274, 270, 272, 270, 271, 273, 270, 274, 271, 274, 271,
    270, 274, 270, 272, 270, 271, 274, 271, 271, 273, 271, 272, 270, 272,
    273, 274, 272, 273, 272, 270, 273, 273, 274, 271, 274, 273, 271, 274,
    273, 271, 271, 273, 274, 272, 271, 270, 270, 273 ]
