%YAML:1.0
---
videoName: "LHShake05.mp4"
gestureLabel: 2
fps: 30
pixelSizeInCmTemp: 3.2364864864864862e-01
faceCenterPointX: 252
faceCenterPointY: 81
LHandPositionsX: [ 292, 293, 295, 295, 295, 293, 291, 293, 293, 294, 294,
    294, 304, 313, 320, 333, 341, 340, 339, 339, 338, 337, 330, 330, 332,
    333, 334, 339, 342, 344, 346, 338, 333, 324, 326, 325, 330, 332, 335,
    338, 337, 328, 321, 319, 321, 324, 328, 334, 339, 339, 335, 326, 326,
    325, 322, 326, 332, 337, 337, 337, 332, 330, 332, 328, 333, 337, 337,
    337, 340, 336, 333, 325, 321, 313, 312, 305, 303, 301, 295, 296, 296,
    294, 292, 291, 295, 293, 293, 293, 294, 295, 293 ]
LHandPositionsY: [ 266, 266, 266, 268, 270, 265, 269, 267, 264, 254, 243,
    228, 214, 198, 185, 176, 165, 164, 160, 154, 152, 152, 154, 155, 156,
    151, 151, 142, 142, 136, 136, 137, 144, 148, 144, 149, 143, 140, 140,
    134, 133, 138, 144, 141, 141, 142, 141, 137, 135, 129, 135, 140, 139,
    143, 141, 141, 141, 138, 138, 139, 141, 141, 144, 145, 145, 143, 138,
    138, 139, 137, 144, 151, 159, 171, 177, 190, 196, 211, 219, 227, 237,
    236, 241, 241, 245, 247, 250, 249, 253, 256, 260 ]
RHandPositionsX: [ 212, 214, 210, 210, 212, 213, 214, 214, 213, 212, 210,
    210, 212, 213, 211, 212, 209, 209, 211, 208, 211, 208, 209, 212, 212,
    210, 210, 209, 210, 208, 207, 207, 207, 208, 207, 208, 210, 208, 208,
    206, 206, 208, 210, 209, 209, 208, 206, 209, 206, 209, 210, 206, 208,
    209, 210, 209, 206, 206, 210, 209, 210, 210, 208, 210, 208, 209, 208,
    206, 207, 207, 209, 210, 210, 210, 208, 209, 210, 207, 207, 208, 209,
    207, 206, 208, 208, 210, 207, 211, 211, 209, 209 ]
RHandPositionsY: [ 265, 265, 264, 266, 262, 265, 263, 266, 265, 264, 265,
    266, 265, 263, 266, 264, 264, 263, 264, 262, 262, 265, 262, 262, 262,
    265, 262, 263, 263, 266, 263, 262, 265, 266, 264, 262, 263, 265, 264,
    265, 264, 262, 265, 263, 263, 264, 265, 264, 263, 263, 263, 263, 262,
    265, 262, 261, 262, 265, 265, 265, 261, 262, 264, 263, 261, 265, 265,
    263, 265, 265, 261, 261, 263, 262, 261, 264, 263, 263, 263, 264, 264,
    261, 264, 264, 263, 263, 263, 261, 263, 263, 262 ]
