%YAML:1.0
---
videoName: "LHShake15.mp4"
gestureLabel: 2
fps: 29
pixelSizeInCmTemp: 3.3263888888888887e-01
faceCenterPointX: 252
faceCenterPointY: 65
LHandPositionsX: [ 329, 328, 331, 330, 329, 328, 331, 330, 331, 329, 334,
    342, 347, 354, 359, 365, 370, 374, 379, 382, 379, 377, 367, 357, 345,
    343, 340, 340, 346, 352, 361, 360, 360, 359, 359, 348, 334, 328, 331,
    336, 347, 353, 354, 353, 352, 355, 351, 332, 328, 330, 330, 340, 351,
    355, 351, 353, 356, 356, 344, 335, 332, 332, 335, 338, 343, 349, 352,
    348, 347, 349, 342, 334, 330, 323, 324, 321, 322, 321, 323, 325, 327,
    326, 324, 328, 324, 327, 327, 324 ]
LHandPositionsY: [ 258, 254, 258, 254, 255, 258, 254, 253, 254, 254, 243,
    227, 214, 202, 184, 169, 153, 138, 119, 120, 117, 108, 103, 100, 103,
    103, 104, 98, 99, 97, 91, 96, 96, 92, 97, 95, 98, 97, 100, 94, 98,
    94, 96, 95, 96, 96, 103, 102, 102, 101, 96, 93, 95, 97, 93, 94, 96,
    99, 100, 101, 100, 99, 99, 96, 101, 100, 100, 101, 103, 103, 105,
    120, 136, 151, 166, 178, 192, 205, 217, 233, 231, 235, 239, 240, 238,
    240, 239, 244 ]
RHandPositionsX: [ 179, 179, 175, 176, 177, 178, 177, 176, 176, 175, 179,
    177, 175, 175, 179, 175, 175, 177, 176, 179, 178, 175, 176, 178, 176,
    179, 176, 179, 176, 179, 175, 177, 176, 179, 177, 175, 177, 178, 178,
    179, 175, 177, 176, 179, 177, 175, 178, 178, 179, 177, 178, 176, 177,
    177, 176, 176, 179, 179, 175, 175, 175, 175, 176, 178, 175, 177, 175,
    177, 179, 177, 179, 177, 178, 178, 178, 175, 177, 176, 179, 179, 176,
    175, 175, 176, 178, 175, 176, 177 ]
RHandPositionsY: [ 259, 259, 258, 260, 259, 261, 261, 261, 258, 260, 258,
    258, 259, 261, 259, 259, 258, 258, 260, 257, 257, 261, 259, 260, 258,
    257, 259, 259, 261, 261, 259, 258, 259, 261, 260, 260, 259, 261, 261,
    259, 261, 261, 259, 258, 258, 261, 261, 258, 261, 258, 261, 261, 258,
    259, 260, 261, 260, 261, 257, 258, 259, 261, 258, 257, 257, 257, 259,
    260, 257, 257, 261, 259, 261, 259, 257, 260, 258, 259, 257, 260, 258,
    260, 258, 260, 257, 259, 257, 258 ]
