%YAML:1.0
---
videoName: "LHShake09.mp4"
gestureLabel: 2
fps: 29
pixelSizeInCmTemp: 3.3263888888888887e-01
faceCenterPointX: 259
faceCenterPointY: 67
LHandPositionsX: [ 340, 338, 338, 337, 342, 345, 347, 354, 350, 358, 357,
    363, 368, 370, 368, 365, 361, 353, 341, 333, 333, 331, 330, 330, 339,
    347, 351, 347, 348, 349, 351, 351, 340, 338, 336, 336, 337, 344, 352,
    360, 367, 362, 365, 361, 353, 343, 337, 337, 338, 336, 337, 348, 354,
    352, 355, 355, 354, 349, 342, 335, 333, 336, 335, 337, 344, 347, 356,
    354, 353, 352, 348, 345, 337, 331, 327, 322, 319, 321, 324, 325, 328,
    326, 328, 332, 333, 334, 331, 334 ]
LHandPositionsY: [ 272, 275, 272, 271, 275, 271, 266, 257, 250, 236, 234,
    218, 200, 199, 182, 173, 168, 162, 158, 156, 159, 158, 156, 156, 151,
    149, 149, 145, 147, 147, 150, 149, 150, 156, 154, 153, 153, 152, 151,
    151, 151, 154, 154, 152, 156, 154, 159, 159, 154, 156, 155, 152, 153,
    153, 152, 149, 150, 153, 152, 150, 152, 150, 152, 151, 151, 150, 150,
    149, 148, 150, 150, 156, 161, 171, 181, 191, 205, 220, 233, 241, 246,
    247, 252, 253, 258, 257, 260, 257 ]
RHandPositionsX: [ 176, 179, 177, 178, 179, 177, 180, 179, 177, 179, 178,
    180, 176, 178, 177, 178, 178, 180, 180, 176, 177, 176, 179, 177, 180,
    179, 180, 178, 177, 180, 178, 180, 177, 177, 176, 178, 178, 179, 179,
    177, 176, 176, 180, 176, 177, 180, 177, 176, 179, 177, 178, 178, 177,
    176, 177, 178, 180, 177, 179, 178, 176, 176, 177, 179, 176, 180, 179,
    178, 178, 176, 180, 179, 176, 178, 180, 179, 178, 177, 176, 176, 179,
    177, 180, 177, 177, 176, 179, 178 ]
RHandPositionsY: [ 276, 279, 275, 275, 279, 278, 276, 279, 279, 276, 279,
    277, 275, 278, 277, 277, 277, 275, 275, 278, 276, 278, 277, 276, 278,
    278, 277, 279, 279, 276, 278, 277, 276, 278, 277, 275, 279, 276, 276,
    276, 278, 277, 275, 275, 277, 277, 279, 277, 277, 279, 278, 278, 275,
    276, 275, 278, 278, 278, 278, 275, 275, 276, 277, 279, 275, 275, 275,
    278, 277, 275, 277, 277, 275, 275, 279, 276, 275, 277, 277, 279, 278,
    275, 279, 279, 277, 278, 275, 277 ]
