%YAML:1.0
---
videoName: "LHShake13.mp4"
gestureLabel: 2
fps: 29
pixelSizeInCmTemp: 3.4214285714285714e-01
faceCenterPointX: 257
faceCenterPointY: 76
LHandPositionsX: [ 326, 327, 324, 325, 326, 324, 325, 327, 325, 327, 331,
    337, 342, 353, 362, 372, 380, 388, 391, 388, 385, 375, 362, 350, 343,
    345, 340, 344, 350, 357, 374, 371, 363, 361, 354, 344, 343, 341, 344,
    352, 362, 366, 369, 367, 357, 349, 342, 345, 343, 347, 356, 367, 363,
    365, 364, 356, 348, 348, 343, 341, 350, 356, 362, 368, 366, 363, 359,
    356, 349, 342, 333, 325, 323, 324, 325, 327, 326, 326, 328, 325, 327,
    327, 326, 325, 324, 328, 325, 328 ]
LHandPositionsY: [ 259, 263, 263, 261, 260, 263, 263, 262, 258, 259, 256,
    247, 238, 226, 211, 195, 186, 172, 165, 158, 151, 151, 151, 152, 155,
    158, 157, 154, 156, 144, 139, 139, 143, 146, 152, 154, 159, 159, 156,
    155, 156, 152, 152, 156, 160, 158, 165, 162, 161, 158, 160, 155, 159,
    159, 158, 160, 166, 164, 164, 161, 162, 156, 154, 153, 148, 149, 145,
    149, 154, 164, 169, 181, 194, 206, 223, 236, 246, 246, 243, 245, 248,
    249, 250, 251, 246, 247, 249, 247 ]
RHandPositionsX: [ 182, 182, 181, 183, 183, 183, 184, 182, 181, 181, 185,
    182, 181, 184, 185, 182, 182, 185, 183, 183, 183, 183, 181, 183, 183,
    185, 185, 182, 181, 181, 182, 182, 185, 182, 185, 183, 184, 181, 183,
    184, 185, 183, 182, 182, 181, 181, 185, 185, 181, 184, 184, 182, 181,
    185, 181, 185, 184, 181, 185, 182, 185, 185, 182, 182, 183, 185, 183,
    184, 185, 181, 183, 181, 181, 184, 185, 184, 183, 183, 182, 184, 184,
    185, 182, 181, 185, 182, 183, 184 ]
RHandPositionsY: [ 268, 270, 270, 270, 270, 271, 269, 269, 269, 270, 267,
    270, 271, 268, 270, 271, 267, 269, 267, 267, 270, 267, 267, 270, 267,
    271, 267, 269, 268, 269, 269, 267, 269, 271, 269, 270, 270, 268, 270,
    267, 269, 271, 270, 270, 270, 268, 270, 269, 267, 271, 270, 270, 269,
    269, 268, 270, 268, 267, 270, 270, 270, 268, 269, 268, 271, 268, 270,
    268, 271, 271, 268, 268, 270, 270, 270, 270, 271, 270, 269, 269, 267,
    268, 269, 270, 267, 269, 270, 267 ]
