%YAML:1.0
---
videoName: "LHShake06.mp4"
gestureLabel: 2
fps: 29
pixelSizeInCmTemp: 3.3732394366197183e-01
faceCenterPointX: 250
faceCenterPointY: 80
LHandPositionsX: [ 382, 386, 387, 388, 383, 382, 373, 372, 372, 368, 373,
    384, 386, 390, 393, 393, 393, 385, 378, 374, 377, 379, 388, 388, 392,
    395, 389, 389, 383, 381, 381, 381, 382, 388, 391, 392, 387, 385, 383,
    380, 381, 384, 387, 389, 393, 388, 389, 384, 382, 378, 381, 381, 385,
    390, 396, 399, 397, 395, 392, 385, 381, 368, 360, 359, 353, 347, 335,
    326, 318, 310, 309, 307, 305, 305, 302, 301, 301, 302, 299, 301, 298,
    301, 301, 300, 298, 300, 302, 301 ]
LHandPositionsY: [ 150, 145, 143, 141, 136, 136, 139, 137, 138, 136, 132,
    131, 127, 128, 128, 128, 128, 133, 133, 132, 135, 134, 129, 129, 128,
    126, 125, 125, 127, 131, 127, 130, 129, 126, 126, 127, 124, 126, 128,
    128, 128, 129, 128, 127, 122, 126, 123, 125, 125, 129, 125, 124, 126,
    121, 120, 123, 124, 123, 123, 129, 133, 140, 144, 150, 162, 172, 189,
    208, 214, 225, 228, 234, 235, 239, 242, 249, 252, 252, 251, 250, 252,
    252, 253, 254, 257, 253, 253, 258 ]
RHandPositionsX: [ 214, 214, 210, 209, 210, 212, 213, 209, 212, 213, 213,
    209, 211, 213, 209, 209, 210, 209, 209, 209, 209, 211, 209, 211, 213,
    212, 210, 212, 210, 208, 209, 209, 209, 209, 211, 208, 212, 210, 210,
    212, 212, 208, 212, 210, 208, 209, 211, 208, 208, 211, 207, 209, 207,
    208, 209, 211, 208, 207, 209, 210, 211, 211, 210, 211, 211, 207, 209,
    207, 208, 208, 212, 209, 212, 211, 212, 208, 212, 211, 212, 212, 210,
    210, 210, 210, 212, 210, 210, 211 ]
RHandPositionsY: [ 270, 269, 272, 267, 269, 271, 269, 268, 268, 267, 269,
    269, 268, 267, 266, 270, 266, 267, 268, 270, 268, 268, 267, 268, 265,
    267, 267, 268, 267, 265, 267, 268, 268, 267, 265, 267, 266, 269, 269,
    267, 269, 266, 266, 269, 268, 266, 270, 265, 265, 269, 269, 268, 266,
    265, 269, 268, 266, 269, 269, 269, 267, 265, 265, 265, 266, 268, 269,
    266, 265, 268, 267, 269, 266, 265, 267, 265, 268, 267, 269, 266, 265,
    267, 265, 266, 269, 269, 266, 269 ]
