%YAML:1.0
---
videoName: "LHShake03.mp4"
gestureLabel: 2
fps: 30
pixelSizeInCmTemp: 3.2808219178082193e-01
faceCenterPointX: 251
faceCenterPointY: 79
LHandPositionsX: [ 344, 345, 351, 353, 358, 357, 352, 348, 336, 326, 313,
    314, 318, 313, 314, 318, 325, 331, 334, 336, 341, 337, 333, 330, 327,
    325, 322, 321, 326, 328, 332, 340, 341, 337, 334, 324, 316, 314, 309,
    311, 316, 322, 325, 331, 335, 337, 334, 329, 326, 324, 325, 325, 332,
    338, 341, 343, 337, 334, 335, 334, 336, 326, 322, 318, 314, 311, 306,
    302, 301, 301, 299, 298, 294, 294, 292, 292, 290, 289, 291, 291, 288,
    291, 291, 286, 288, 287, 288, 286, 286, 286, 286 ]
LHandPositionsY: [ 142, 137, 128, 122, 112, 108, 107, 104, 95, 99, 107,
    105, 103, 98, 96, 92, 91, 89, 89, 86, 82, 86, 89, 88, 86, 87, 92, 90,
    87, 84, 86, 83, 80, 84, 86, 89, 94, 97, 98, 93, 90, 89, 91, 89, 88,
    90, 85, 86, 89, 89, 91, 92, 90, 86, 85, 89, 93, 97, 95, 99, 115, 132,
    143, 156, 164, 175, 188, 196, 205, 213, 224, 223, 225, 227, 233, 234,
    239, 243, 244, 250, 249, 250, 252, 253, 253, 255, 255, 255, 252, 254,
    254 ]
RHandPositionsX: [ 214, 215, 215, 216, 215, 214, 213, 211, 214, 214, 213,
    214, 214, 213, 214, 211, 214, 215, 211, 212, 211, 215, 213, 214, 211,
    212, 211, 211, 212, 211, 211, 213, 213, 212, 215, 211, 215, 213, 215,
    214, 213, 213, 214, 213, 212, 214, 211, 211, 213, 215, 215, 211, 213,
    211, 214, 214, 211, 213, 213, 210, 210, 214, 211, 213, 213, 211, 210,
    213, 211, 212, 212, 214, 210, 211, 210, 210, 210, 211, 211, 214, 214,
    211, 214, 214, 210, 211, 214, 212, 210, 212, 214 ]
RHandPositionsY: [ 257, 257, 256, 256, 253, 254, 256, 252, 256, 256, 255,
    255, 253, 253, 253, 255, 255, 252, 255, 255, 251, 254, 254, 252, 251,
    251, 251, 254, 251, 251, 255, 254, 255, 255, 254, 251, 254, 255, 251,
    254, 254, 251, 255, 254, 252, 254, 251, 251, 253, 251, 255, 254, 255,
    252, 253, 253, 254, 255, 251, 255, 253, 253, 251, 255, 254, 255, 252,
    255, 254, 255, 254, 255, 255, 255, 253, 252, 254, 253, 253, 255, 255,
    253, 254, 251, 254, 253, 253, 251, 252, 251, 252 ]
