%YAML:1.0
---
videoName: "LHShake18.mp4"
gestureLabel: 2
fps: 29
pixelSizeInCmTemp: 3.4214285714285714e-01
faceCenterPointX: 253
faceCenterPointY: 65
LHandPositionsX: [ 312, 315, 314, 311, 314, 315, 311, 313, 314, 315, 313,
    314, 313, 312, 311, 316, 314, 314, 322, 322, 333, 336, 344, 350, 352,
    347, 340, 326, 314, 296, 300, 303, 308, 311, 312, 311, 312, 306, 298,
    293, 295, 302, 308, 315, 312, 313, 306, 299, 286, 284, 288, 295, 308,
    315, 311, 310, 308, 294, 285, 287, 292, 303, 310, 307, 309, 308, 302,
    295, 297, 301, 302, 307, 306, 312, 312, 310, 306, 304, 305, 306, 305,
    308, 306, 309, 308, 307, 311, 308 ]
LHandPositionsY: [ 250, 250, 249, 247, 247, 247, 250, 248, 250, 249, 246,
    250, 250, 246, 248, 248, 245, 247, 246, 233, 220, 203, 187, 178, 165,
    160, 155, 145, 144, 138, 136, 145, 143, 144, 140, 141, 143, 147, 145,
    141, 136, 144, 145, 147, 147, 145, 147, 144, 142, 138, 144, 147, 146,
    147, 148, 151, 151, 142, 145, 144, 149, 151, 151, 151, 150, 155, 156,
    147, 149, 154, 153, 151, 153, 154, 160, 166, 176, 185, 198, 206, 216,
    216, 222, 233, 232, 234, 234, 235 ]
RHandPositionsX: [ 198, 197, 195, 195, 194, 199, 198, 197, 195, 198, 199,
    195, 197, 199, 195, 196, 198, 196, 196, 198, 198, 196, 195, 199, 199,
    198, 197, 194, 197, 197, 196, 196, 197, 195, 198, 197, 196, 196, 199,
    198, 197, 196, 195, 195, 195, 195, 199, 196, 200, 196, 197, 196, 200,
    200, 197, 195, 199, 196, 199, 199, 195, 199, 197, 198, 195, 196, 195,
    197, 197, 196, 197, 196, 195, 197, 196, 195, 194, 194, 194, 197, 196,
    195, 198, 197, 195, 196, 198, 196 ]
RHandPositionsY: [ 266, 264, 264, 266, 262, 267, 264, 263, 265, 264, 266,
    264, 266, 263, 266, 266, 266, 263, 263, 264, 264, 266, 266, 263, 265,
    266, 264, 263, 262, 266, 264, 262, 264, 267, 264, 266, 264, 268, 267,
    268, 268, 266, 266, 264, 265, 268, 268, 268, 268, 266, 265, 266, 264,
    267, 264, 266, 267, 268, 267, 267, 265, 267, 267, 265, 269, 267, 265,
    267, 268, 264, 265, 267, 264, 264, 265, 264, 264, 267, 266, 264, 266,
    264, 266, 266, 268, 266, 264, 268 ]
