%YAML:1.0
---
videoName: "LHShake14.mp4"
gestureLabel: 2
fps: 29
pixelSizeInCmTemp: 3.2808219178082193e-01
faceCenterPointX: 256
faceCenterPointY: 64
LHandPositionsX: [ 351, 351, 349, 359, 366, 383, 390, 388, 388, 381, 369,
    360, 361, 354, 363, 371, 384, 384, 385, 379, 372, 363, 352, 354, 352,
    361, 369, 381, 386, 386, 384, 375, 368, 359, 356, 354, 359, 369, 381,
    382, 384, 376, 369, 359, 361, 359, 357, 363, 373, 377, 377, 377, 372,
    365, 359, 351, 343, 335, 331, 328, 330, 332, 330, 328, 332, 333, 331,
    330, 328, 330, 332, 331, 332, 329, 329, 329, 328, 328, 328, 327, 331,
    328, 331, 331, 330, 331, 328, 330 ]
LHandPositionsY: [ 149, 144, 145, 143, 143, 140, 141, 143, 140, 139, 146,
    148, 150, 147, 144, 144, 139, 139, 139, 140, 138, 143, 147, 147, 148,
    147, 146, 143, 142, 142, 142, 142, 143, 144, 146, 147, 148, 147, 143,
    141, 145, 139, 142, 143, 142, 141, 140, 138, 138, 143, 142, 146, 151,
    155, 161, 166, 178, 190, 199, 210, 221, 235, 234, 239, 244, 244, 248,
    251, 249, 252, 250, 251, 249, 251, 251, 252, 251, 248, 251, 248, 252,
    250, 248, 248, 250, 250, 248, 252 ]
RHandPositionsX: [ 181, 185, 184, 184, 179, 179, 183, 182, 181, 180, 179,
    182, 179, 178, 178, 177, 178, 179, 180, 176, 178, 177, 178, 178, 179,
    179, 177, 175, 179, 176, 178, 177, 176, 178, 178, 176, 176, 178, 179,
    177, 175, 177, 176, 179, 179, 175, 176, 176, 176, 179, 177, 179, 177,
    179, 179, 178, 178, 177, 175, 179, 175, 178, 175, 177, 176, 177, 179,
    176, 175, 175, 179, 179, 178, 178, 177, 177, 177, 175, 177, 177, 179,
    178, 175, 178, 178, 179, 177, 179 ]
RHandPositionsY: [ 279, 278, 279, 276, 279, 277, 276, 279, 275, 276, 275,
    276, 276, 274, 278, 273, 276, 275, 274, 273, 276, 273, 275, 275, 274,
    275, 277, 277, 273, 276, 276, 274, 277, 277, 275, 274, 274, 276, 276,
    276, 273, 275, 275, 277, 274, 275, 273, 276, 274, 276, 275, 276, 273,
    276, 274, 276, 274, 275, 277, 277, 276, 273, 273, 277, 275, 273, 275,
    274, 276, 275, 273, 274, 273, 274, 277, 275, 276, 277, 275, 273, 275,
    275, 273, 277, 274, 276, 273, 276 ]
