%YAML:1.0
---
videoName: "LHShake23.mp4"
gestureLabel: 2
fps: 30
pixelSizeInCmTemp: 3.3263888888888887e-01
faceCenterPointX: 259
faceCenterPointY: 79
LHandPositionsX: [ 332, 332, 332, 334, 334, 332, 334, 332, 331, 332, 335,
    335, 338, 348, 346, 362, 368, 369, 372, 379, 381, 377, 374, 365, 356,
    351, 352, 350, 357, 362, 369, 377, 386, 382, 383, 380, 372, 362, 358,
    361, 362, 370, 375, 382, 382, 382, 379, 371, 362, 354, 354, 354, 355,
    363, 371, 380, 379, 381, 377, 376, 368, 359, 355, 359, 356, 363, 375,
    380, 376, 377, 380, 376, 368, 361, 358, 353, 348, 346, 342, 337, 340,
    340, 339, 336, 338, 335, 337, 336, 336, 337, 336 ]
LHandPositionsY: [ 263, 264, 262, 266, 265, 264, 263, 264, 261, 260, 259,
    252, 244, 230, 229, 211, 199, 199, 195, 188, 179, 170, 165, 164, 166,
    169, 170, 170, 169, 167, 163, 163, 158, 158, 158, 159, 164, 162, 164,
    162, 166, 164, 164, 158, 159, 161, 160, 161, 160, 165, 165, 166, 166,
    169, 166, 163, 164, 162, 165, 165, 167, 168, 168, 167, 167, 172, 168,
    167, 167, 168, 170, 171, 174, 183, 191, 203, 213, 229, 240, 251, 247,
    253, 249, 253, 253, 256, 255, 255, 252, 255, 256 ]
RHandPositionsX: [ 186, 183, 182, 186, 185, 186, 186, 186, 184, 185, 185,
    185, 183, 182, 183, 184, 186, 183, 186, 182, 184, 186, 183, 182, 186,
    183, 186, 183, 183, 182, 185, 182, 186, 182, 186, 183, 183, 182, 183,
    183, 186, 186, 184, 184, 183, 182, 185, 186, 183, 183, 185, 185, 183,
    186, 184, 184, 186, 185, 186, 184, 185, 185, 185, 182, 182, 184, 184,
    184, 184, 186, 186, 186, 182, 184, 185, 186, 185, 185, 186, 186, 186,
    183, 184, 184, 185, 182, 186, 182, 185, 185, 186 ]
RHandPositionsY: [ 273, 272, 274, 271, 272, 270, 270, 273, 272, 270, 274,
    270, 271, 273, 273, 274, 271, 271, 271, 270, 274, 274, 270, 272, 270,
    274, 270, 271, 270, 274, 270, 274, 274, 274, 271, 270, 274, 270, 272,
    273, 270, 273, 270, 274, 271, 273, 272, 273, 273, 270, 274, 270, 274,
    271, 271, 274, 270, 272, 271, 270, 272, 271, 272, 271, 274, 273, 274,
    273, 273, 273, 270, 273, 272, 272, 274, 271, 273, 271, 274, 273, 272,
    271, 274, 273, 270, 272, 271, 272, 270, 274, 270 ]
