%YAML:1.0
---
videoName: "LHShake13.mp4"
gestureLabel: 2
fps: 29
pixelSizeInCmTemp: 3.4214285714285714e-01
faceCenterPointX: 257
faceCenterPointY: 76
LHandPositionsX: [ 324, 323, 326, 325, 326, 326, 326, 324, 328, 325, 328,
    338, 344, 350, 359, 373, 381, 388, 389, 388, 383, 374, 364, 351, 342,
    344, 342, 344, 351, 357, 374, 367, 366, 365, 358, 347, 342, 341, 340,
    351, 362, 369, 367, 363, 360, 348, 343, 344, 345, 347, 357, 365, 363,
    362, 363, 357, 345, 346, 347, 345, 347, 359, 365, 369, 368, 365, 358,
    352, 345, 338, 330, 328, 325, 323, 325, 327, 327, 326, 325, 326, 324,
    327, 328, 326, 324, 326, 325, 326 ]
LHandPositionsY: [ 261, 261, 263, 262, 260, 263, 263, 259, 261, 257, 254,
    248, 238, 225, 212, 196, 183, 175, 166, 157, 153, 151, 154, 155, 159,
    155, 159, 158, 154, 147, 142, 141, 142, 146, 151, 157, 157, 157, 159,
    158, 155, 152, 154, 157, 159, 160, 162, 162, 163, 159, 159, 159, 159,
    158, 160, 162, 164, 165, 161, 160, 162, 158, 157, 152, 148, 148, 145,
    151, 158, 162, 171, 181, 193, 204, 223, 234, 247, 247, 246, 244, 247,
    249, 246, 251, 249, 247, 246, 247 ]
RHandPositionsX: [ 185, 185, 184, 183, 184, 185, 183, 185, 183, 181, 182,
    184, 185, 182, 181, 185, 185, 182, 181, 181, 185, 185, 182, 182, 183,
    181, 185, 181, 183, 183, 181, 183, 182, 185, 185, 185, 182, 185, 183,
    181, 182, 181, 183, 182, 183, 182, 183, 181, 182, 184, 182, 182, 185,
    181, 182, 183, 181, 184, 184, 183, 185, 183, 184, 181, 184, 181, 181,
    183, 181, 185, 185, 185, 181, 185, 184, 182, 185, 183, 181, 184, 182,
    185, 185, 182, 184, 181, 181, 181 ]
RHandPositionsY: [ 267, 270, 271, 269, 267, 267, 269, 270, 269, 269, 270,
    268, 271, 268, 271, 267, 268, 271, 271, 268, 268, 268, 270, 269, 271,
    267, 269, 267, 271, 268, 268, 268, 270, 269, 270, 271, 268, 271, 270,
    271, 271, 271, 267, 267, 271, 270, 269, 268, 268, 269, 269, 267, 270,
    269, 271, 267, 270, 268, 269, 271, 269, 270, 270, 269, 269, 271, 270,
    269, 270, 268, 268, 269, 269, 271, 269, 271, 270, 271, 268, 269, 270,
    268, 269, 270, 268, 271, 268, 271 ]
