%YAML:1.0
---
videoName: "LHShake23.mp4"
gestureLabel: 2
fps: 30
pixelSizeInCmTemp: 3.3263888888888887e-01
faceCenterPointX: 259
faceCenterPointY: 79
LHandPositionsX: [ 334, 333, 334, 330, 332, 330, 334, 330, 330, 334, 335,
    336, 342, 346, 350, 362, 367, 373, 375, 379, 379, 378, 377, 365, 358,
    352, 355, 352, 357, 360, 373, 379, 387, 386, 386, 379, 373, 363, 360,
    358, 364, 368, 378, 383, 381, 381, 379, 371, 362, 357, 357, 353, 357,
    364, 374, 380, 380, 378, 381, 375, 364, 359, 356, 359, 357, 365, 375,
    380, 378, 379, 376, 375, 370, 364, 358, 352, 346, 346, 339, 340, 338,
    339, 340, 335, 335, 338, 335, 336, 335, 337, 336 ]
LHandPositionsY: [ 264, 265, 266, 266, 263, 266, 265, 264, 263, 261, 258,
    253, 240, 229, 230, 213, 199, 197, 194, 189, 182, 171, 165, 167, 166,
    169, 170, 169, 167, 166, 161, 161, 157, 160, 161, 162, 161, 161, 164,
    164, 164, 162, 160, 158, 161, 158, 160, 160, 162, 162, 162, 166, 166,
    165, 165, 162, 164, 165, 164, 164, 168, 168, 170, 166, 171, 169, 167,
    169, 166, 168, 170, 172, 176, 182, 192, 203, 214, 229, 240, 251, 251,
    251, 250, 250, 253, 255, 255, 252, 255, 252, 255 ]
RHandPositionsX: [ 184, 184, 184, 183, 184, 182, 182, 185, 186, 185, 183,
    183, 183, 185, 182, 185, 183, 183, 186, 184, 184, 184, 186, 185, 186,
    185, 182, 185, 185, 182, 182, 186, 186, 184, 183, 184, 185, 185, 186,
    182, 184, 183, 184, 184, 186, 184, 182, 183, 182, 185, 184, 183, 183,
    183, 182, 186, 184, 186, 184, 183, 182, 184, 186, 183, 186, 185, 186,
    185, 186, 186, 182, 182, 184, 185, 185, 186, 182, 185, 185, 184, 186,
    186, 182, 184, 186, 186, 182, 183, 184, 186, 183 ]
RHandPositionsY: [ 270, 271, 271, 273, 272, 274, 274, 271, 271, 274, 274,
    272, 271, 270, 274, 274, 274, 273, 273, 270, 271, 271, 273, 273, 272,
    273, 273, 273, 273, 272, 273, 271, 270, 271, 272, 273, 271, 271, 274,
    271, 272, 274, 270, 272, 271, 270, 270, 270, 274, 274, 270, 270, 271,
    270, 271, 270, 271, 271, 274, 271, 271, 270, 274, 271, 273, 270, 274,
    272, 270, 272, 272, 271, 271, 271, 270, 270, 274, 271, 273, 271, 274,
    273, 273, 271, 272, 271, 270, 273, 274, 272, 271 ]
