%YAML:1.0
---
videoName: "LHShake04.mp4"
gestureLabel: 2
fps: 30
pixelSizeInCmTemp: 3.2808219178082193e-01
faceCenterPointX: 247
faceCenterPointY: 80
LHandPositionsX: [ 282, 280, 282, 282, 279, 281, 283, 280, 281, 282, 282,
    282, 281, 279, 279, 286, 288, 297, 309, 321, 334, 346, 360, 365, 372,
    367, 364, 356, 350, 345, 339, 333, 334, 342, 350, 363, 370, 367, 357,
    347, 338, 341, 343, 341, 348, 356, 358, 356, 350, 342, 339, 343, 343,
    347, 353, 358, 355, 348, 347, 349, 345, 350, 353, 361, 362, 367, 362,
    359, 355, 346, 335, 325, 312, 306, 300, 296, 293, 288, 291, 288, 288,
    289, 289, 290, 287, 286, 288, 286, 285, 285, 286 ]
LHandPositionsY: [ 270, 268, 272, 268, 268, 268, 269, 270, 270, 272, 271,
    268, 273, 269, 272, 268, 264, 254, 241, 228, 216, 202, 189, 172, 162,
    157, 152, 150, 135, 133, 132, 129, 129, 121, 115, 113, 111, 110, 117,
    118, 129, 129, 124, 128, 119, 118, 116, 113, 118, 117, 121, 124, 118,
    115, 113, 115, 113, 111, 113, 119, 117, 112, 108, 106, 108, 106, 105,
    111, 126, 143, 156, 171, 188, 201, 215, 227, 236, 241, 241, 244, 247,
    250, 248, 250, 252, 251, 250, 253, 251, 253, 254 ]
RHandPositionsX: [ 215, 214, 217, 218, 216, 216, 214, 218, 218, 218, 216,
    214, 217, 215, 217, 216, 215, 218, 216, 216, 217, 218, 217, 216, 215,
    218, 218, 215, 218, 215, 218, 216, 215, 215, 216, 218, 217, 218, 217,
    216, 214, 218, 218, 216, 216, 217, 218, 216, 218, 214, 217, 218, 217,
    216, 215, 215, 217, 216, 217, 218, 218, 215, 217, 216, 214, 216, 217,
    216, 214, 218, 215, 216, 217, 215, 218, 214, 214, 217, 216, 218, 215,
    217, 217, 217, 216, 215, 214, 217, 215, 214, 214 ]
RHandPositionsY: [ 266, 266, 269, 267, 269, 267, 267, 269, 269, 269, 269,
    269, 269, 268, 268, 266, 269, 268, 265, 267, 265, 266, 266, 264, 264,
    267, 267, 264, 264, 266, 267, 264, 264, 266, 262, 264, 266, 262, 264,
    262, 263, 262, 265, 265, 265, 266, 263, 261, 261, 265, 265, 261, 263,
    264, 261, 262, 263, 263, 263, 261, 265, 265, 265, 263, 262, 263, 265,
    264, 262, 264, 262, 265, 264, 262, 262, 265, 263, 261, 263, 262, 264,
    261, 264, 264, 265, 265, 262, 261, 265, 264, 265 ]
