%YAML:1.0
---
videoName: "LHShake15.mp4"
gestureLabel: 2
fps: 29
pixelSizeInCmTemp: 3.3263888888888887e-01
faceCenterPointX: 252
faceCenterPointY: 65
LHandPositionsX: [ 327, 330, 331, 330, 330, 329, 331, 330, 332, 329, 336,
    342, 349, 350, 358, 362, 369, 372, 381, 380, 376, 381, 364, 360, 348,
    340, 344, 341, 347, 355, 363, 359, 357, 360, 355, 346, 333, 330, 329,
    335, 343, 352, 357, 352, 350, 354, 351, 333, 328, 331, 331, 339, 350,
    354, 351, 354, 357, 357, 341, 338, 331, 331, 333, 340, 346, 351, 352,
    351, 346, 350, 341, 334, 329, 327, 322, 320, 321, 324, 326, 323, 323,
    327, 325, 327, 327, 328, 327, 328 ]
LHandPositionsY: [ 255, 256, 258, 258, 257, 257, 255, 257, 252, 252, 244,
    229, 216, 200, 183, 170, 157, 134, 121, 121, 119, 106, 104, 103, 107,
    104, 102, 98, 99, 96, 93, 95, 93, 93, 97, 96, 98, 98, 97, 97, 94, 91,
    96, 97, 97, 96, 99, 102, 101, 100, 99, 93, 91, 96, 95, 95, 95, 101,
    101, 101, 100, 99, 100, 97, 100, 102, 101, 101, 100, 99, 108, 121,
    137, 153, 164, 177, 194, 205, 218, 229, 230, 237, 237, 241, 240, 239,
    239, 244 ]
RHandPositionsX: [ 176, 177, 178, 176, 176, 177, 179, 176, 179, 176, 176,
    175, 178, 177, 177, 177, 175, 179, 178, 176, 175, 176, 179, 178, 177,
    176, 176, 177, 179, 179, 177, 176, 179, 177, 177, 179, 179, 175, 179,
    179, 176, 178, 177, 179, 175, 176, 177, 175, 177, 176, 179, 178, 179,
    179, 177, 175, 177, 176, 177, 178, 179, 176, 178, 177, 178, 178, 175,
    175, 179, 179, 177, 178, 175, 179, 178, 178, 176, 175, 175, 177, 178,
    177, 178, 176, 178, 179, 176, 175 ]
RHandPositionsY: [ 261, 257, 257, 260, 261, 258, 260, 261, 257, 258, 258,
    257, 257, 258, 261, 257, 258, 257, 258, 259, 257, 259, 257, 258, 257,
    260, 258, 258, 259, 260, 259, 261, 257, 260, 259, 261, 259, 259, 260,
    259, 257, 260, 257, 260, 259, 257, 257, 259, 257, 260, 258, 260, 259,
    260, 261, 257, 261, 259, 257, 258, 257, 259, 261, 260, 260, 257, 257,
    261, 257, 258, 260, 261, 258, 258, 258, 257, 259, 261, 258, 261, 261,
    257, 260, 257, 259, 257, 259, 258 ]
