%YAML:1.0
---
videoName: "LHShake18.mp4"
gestureLabel: 2
fps: 29
pixelSizeInCmTemp: 3.4214285714285714e-01
faceCenterPointX: 253
faceCenterPointY: 65
LHandPositionsX: [ 311, 312, 313, 315, 315, 311, 315, 312, 314, 314, 312,
    312, 311, 311, 312, 314, 315, 318, 325, 324, 329, 339, 345, 350, 348,
    348, 338, 324, 314, 296, 300, 306, 308, 314, 311, 315, 312, 309, 299,
    291, 293, 301, 305, 312, 310, 313, 304, 295, 288, 284, 286, 296, 306,
    313, 314, 311, 306, 292, 285, 289, 292, 301, 307, 307, 309, 308, 306,
    296, 296, 301, 304, 308, 308, 309, 314, 310, 308, 308, 304, 304, 304,
    306, 307, 308, 309, 308, 309, 307 ]
LHandPositionsY: [ 249, 248, 246, 248, 249, 249, 247, 248, 247, 250, 247,
    250, 246, 249, 249, 248, 247, 247, 244, 236, 220, 201, 188, 178, 168,
    157, 153, 146, 147, 136, 138, 143, 142, 142, 138, 139, 143, 146, 144,
    140, 135, 141, 144, 148, 146, 147, 149, 146, 145, 140, 142, 149, 146,
    146, 145, 151, 151, 142, 143, 142, 148, 154, 154, 152, 152, 153, 156,
    147, 145, 153, 154, 152, 154, 156, 160, 165, 177, 187, 199, 208, 217,
    216, 222, 233, 233, 231, 234, 232 ]
RHandPositionsX: [ 199, 198, 198, 194, 198, 199, 196, 195, 197, 198, 197,
    196, 195, 198, 198, 199, 199, 195, 198, 198, 199, 198, 198, 195, 198,
    195, 196, 194, 194, 194, 196, 197, 198, 199, 196, 196, 198, 196, 200,
    195, 198, 196, 197, 199, 198, 196, 198, 197, 200, 197, 199, 198, 198,
    198, 195, 196, 196, 197, 196, 199, 195, 199, 199, 198, 195, 194, 196,
    199, 195, 198, 196, 198, 195, 194, 196, 196, 196, 197, 195, 198, 195,
    198, 195, 198, 197, 195, 195, 196 ]
RHandPositionsY: [ 262, 266, 266, 265, 263, 267, 268, 264, 266, 265, 267,
    266, 264, 267, 263, 265, 263, 265, 263, 267, 264, 266, 264, 263, 267,
    263, 264, 266, 262, 265, 265, 264, 266, 266, 265, 264, 267, 266, 266,
    267, 264, 264, 268, 268, 265, 266, 267, 266, 267, 264, 265, 266, 264,
    264, 268, 266, 264, 268, 267, 267, 264, 268, 268, 265, 267, 265, 266,
    268, 268, 268, 265, 267, 265, 266, 264, 265, 264, 267, 267, 264, 268,
    264, 264, 264, 265, 266, 266, 265 ]
