%YAML:1.0
---
videoName: "LHShake09.mp4"
gestureLabel: 2
fps: 29
pixelSizeInCmTemp: 3.3263888888888887e-01
faceCenterPointX: 259
faceCenterPointY: 67
LHandPositionsX: [ 336, 337, 339, 337, 342, 344, 349, 352, 353, 360, 361,
    363, 368, 367, 367, 364, 359, 353, 340, 331, 334, 333, 329, 329, 339,
    349, 347, 350, 347, 348, 350, 348, 343, 335, 338, 337, 336, 345, 354,
    359, 369, 365, 366, 361, 356, 347, 336, 337, 334, 337, 337, 346, 352,
    354, 355, 355, 357, 348, 343, 334, 336, 334, 336, 338, 343, 347, 356,
    356, 354, 354, 348, 343, 338, 331, 324, 318, 320, 318, 323, 325, 327,
    327, 330, 334, 331, 333, 334, 334 ]
LHandPositionsY: [ 273, 275, 272, 272, 274, 269, 263, 258, 251, 239, 234,
    218, 203, 200, 182, 175, 167, 160, 159, 159, 158, 158, 155, 156, 153,
    149, 146, 148, 149, 144, 150, 150, 153, 152, 152, 154, 156, 154, 155,
    153, 151, 153, 155, 154, 153, 155, 155, 158, 156, 154, 155, 154, 152,
    153, 152, 150, 151, 152, 151, 150, 151, 151, 151, 154, 151, 150, 149,
    150, 150, 150, 150, 154, 161, 173, 183, 195, 208, 218, 233, 242, 246,
    248, 250, 254, 259, 258, 260, 258 ]
RHandPositionsX: [ 178, 176, 177, 176, 178, 178, 179, 179, 178, 176, 180,
    180, 179, 179, 176, 177, 176, 177, 178, 177, 180, 178, 177, 179, 177,
    176, 179, 178, 177, 179, 179, 179, 176, 180, 179, 179, 177, 176, 177,
    176, 177, 176, 178, 177, 180, 179, 177, 177, 180, 177, 178, 179, 178,
    179, 178, 176, 179, 176, 179, 179, 178, 177, 177, 176, 178, 176, 176,
    177, 177, 176, 180, 180, 178, 179, 180, 176, 176, 178, 179, 180, 180,
    180, 176, 178, 177, 179, 179, 180 ]
RHandPositionsY: [ 277, 275, 278, 279, 277, 277, 279, 277, 276, 275, 279,
    276, 275, 277, 278, 279, 277, 278, 279, 276, 278, 277, 279, 279, 277,
    277, 277, 278, 277, 278, 277, 277, 279, 278, 277, 278, 276, 278, 275,
    279, 279, 276, 279, 277, 277, 277, 277, 275, 279, 277, 275, 275, 278,
    276, 275, 278, 278, 275, 275, 275, 275, 277, 275, 277, 276, 275, 278,
    275, 277, 278, 275, 276, 275, 278, 276, 275, 275, 275, 276, 275, 279,
    275, 279, 278, 278, 275, 276, 276 ]
