%YAML:1.0
---
videoName: "LHShake19.mp4"
gestureLabel: 2
fps: 29
pixelSizeInCmTemp: 3.3732394366197183e-01
faceCenterPointX: 250
faceCenterPointY: 62
LHandPositionsX: [ 308, 309, 306, 308, 309, 308, 305, 309, 306, 307, 309,
    309, 309, 305, 305, 307, 310, 315, 322, 323, 324, 324, 312, 292, 285,
    290, 289, 296, 305, 315, 314, 314, 308, 294, 288, 286, 294, 301, 308,
    317, 319, 312, 305, 294, 293, 294, 301, 308, 313, 314, 312, 307, 294,
    293, 298, 302, 308, 314, 315, 314, 312, 309, 306, 299, 295, 293, 290,
    295, 296, 298, 301, 301, 304, 302, 306, 305, 308, 308, 308, 308, 310,
    309, 308, 308, 309, 308, 309, 307 ]
LHandPositionsY: [ 249, 249, 248, 249, 250, 251, 249, 249, 248, 249, 250,
    249, 247, 249, 246, 238, 227, 214, 202, 190, 180, 170, 165, 164, 155,
    152, 158, 156, 154, 151, 151, 154, 153, 151, 152, 146, 153, 154, 152,
    153, 150, 153, 156, 150, 144, 152, 156, 153, 153, 153, 154, 156, 147,
    144, 156, 155, 157, 151, 154, 151, 153, 156, 160, 162, 165, 170, 179,
    188, 197, 210, 216, 217, 218, 222, 223, 229, 232, 234, 235, 237, 237,
    235, 240, 240, 241, 241, 241, 240 ]
RHandPositionsX: [ 197, 198, 197, 199, 196, 197, 198, 195, 195, 198, 196,
    196, 199, 195, 199, 197, 198, 195, 196, 196, 197, 199, 196, 194, 196,
    195, 196, 196, 197, 197, 193, 195, 197, 193, 195, 196, 192, 195, 194,
    192, 193, 193, 192, 193, 193, 192, 195, 195, 192, 191, 192, 194, 193,
    192, 193, 193, 193, 195, 194, 191, 193, 194, 195, 194, 193, 191, 194,
    195, 192, 195, 195, 192, 191, 191, 191, 193, 193, 194, 193, 191, 191,
    191, 193, 195, 191, 191, 193, 195 ]
RHandPositionsY: [ 255, 258, 257, 255, 255, 256, 254, 258, 257, 255, 258,
    257, 255, 254, 254, 258, 257, 257, 255, 255, 254, 255, 258, 255, 255,
    258, 256, 257, 257, 256, 256, 258, 257, 258, 254, 258, 257, 256, 257,
    258, 256, 257, 258, 254, 255, 258, 254, 255, 258, 258, 254, 254, 256,
    258, 258, 256, 256, 254, 256, 258, 257, 254, 257, 255, 256, 257, 255,
    257, 255, 258, 258, 258, 254, 256, 257, 258, 257, 255, 257, 256, 256,
    256, 255, 257, 257, 257, 257, 256 ]
