%YAML:1.0
---
videoName: "LHShake00.mp4"
gestureLabel: 2
fps: 29
pixelSizeInCmTemp: 3.4214285714285714e-01
faceCenterPointX: 252
faceCenterPointY: 85
LHandPositionsX: [ 353, 353, 352, 350, 356, 358, 359, 356, 351, 343, 332,
    326, 325, 323, 323, 326, 328, 332, 337, 337, 337, 340, 331, 327, 326,
    324, 325, 331, 335, 337, 337, 340, 341, 333, 322, 324, 323, 327, 328,
    337, 338, 341, 342, 342, 335, 326, 326, 323, 324, 329, 334, 334, 338,
    343, 340, 334, 326, 327, 322, 326, 326, 330, 332, 338, 337, 340, 339,
    337, 334, 334, 329, 328, 326, 329, 329, 328, 331, 330, 332, 335, 337,
    340, 342, 342, 342, 340, 342, 341 ]
LHandPositionsY: [ 256, 252, 246, 231, 211, 190, 172, 152, 136, 133, 132,
    137, 137, 133, 134, 133, 133, 133, 128, 126, 123, 125, 130, 130, 132,
    133, 132, 129, 128, 124, 125, 122, 125, 127, 132, 133, 135, 133, 135,
    130, 128, 124, 124, 120, 128, 131, 131, 132, 133, 134, 132, 124, 124,
    124, 124, 125, 129, 129, 130, 131, 126, 126, 120, 119, 121, 117, 116,
    124, 139, 148, 161, 165, 165, 174, 185, 194, 202, 207, 211, 219, 226,
    229, 229, 230, 237, 236, 234, 237 ]
RHandPositionsX: [ 156, 152, 154, 154, 153, 155, 152, 156, 155, 152, 156,
    156, 153, 154, 154, 155, 156, 152, 152, 153, 155, 155, 155, 156, 153,
    155, 156, 155, 154, 154, 156, 155, 155, 152, 154, 154, 153, 155, 156,
    156, 152, 152, 152, 156, 156, 152, 154, 153, 153, 153, 155, 154, 154,
    153, 153, 154, 155, 156, 152, 154, 155, 154, 153, 154, 153, 153, 152,
    152, 156, 154, 152, 156, 153, 152, 155, 154, 155, 156, 154, 152, 156,
    154, 156, 156, 153, 154, 156, 154 ]
RHandPositionsY: [ 275, 277, 279, 278, 278, 277, 275, 275, 276, 273, 271,
    273, 274, 270, 271, 269, 271, 268, 269, 269, 268, 270, 267, 265, 267,
    268, 266, 265, 266, 266, 265, 265, 264, 265, 262, 264, 264, 262, 261,
    262, 263, 261, 263, 262, 261, 264, 263, 264, 262, 263, 262, 260, 263,
    260, 264, 262, 264, 260, 261, 262, 261, 262, 262, 263, 262, 261, 260,
    263, 263, 263, 260, 264, 264, 261, 264, 263, 262, 262, 263, 262, 263,
    263, 264, 260, 264, 263, 264, 260 ]
