%YAML:1.0
---
videoName: "LHShake00.mp4"
gestureLabel: 2
fps: 29
pixelSizeInCmTemp: 3.4214285714285714e-01
faceCenterPointX: 252
faceCenterPointY: 85
LHandPositionsX: [ 351, 350, 351, 352, 355, 359, 359, 358, 352, 344, 332,
    325, 324, 323, 320, 325, 327, 334, 337, 335, 339, 336, 333, 326, 324,
    327, 325, 331, 335, 340, 337, 341, 338, 330, 322, 322, 323, 329, 331,
    335, 341, 343, 343, 339, 334, 327, 325, 324, 328, 327, 331, 335, 340,
    341, 340, 334, 329, 325, 324, 325, 326, 331, 335, 338, 336, 338, 342,
    339, 335, 334, 330, 330, 325, 328, 328, 329, 331, 334, 334, 337, 338,
    338, 338, 340, 340, 344, 344, 340 ]
LHandPositionsY: [ 259, 252, 248, 229, 210, 186, 171, 152, 138, 134, 131,
    137, 136, 134, 137, 133, 133, 133, 128, 126, 127, 125, 131, 132, 135,
    133, 130, 133, 132, 126, 125, 121, 125, 129, 135, 132, 132, 135, 131,
    129, 127, 123, 123, 121, 127, 133, 133, 131, 131, 131, 133, 124, 125,
    122, 122, 125, 130, 131, 129, 127, 127, 124, 124, 120, 122, 118, 116,
    126, 139, 151, 162, 164, 163, 171, 183, 190, 202, 209, 214, 221, 226,
    226, 230, 231, 233, 234, 234, 235 ]
RHandPositionsX: [ 152, 154, 153, 152, 152, 153, 154, 152, 156, 152, 152,
    155, 154, 155, 154, 156, 156, 154, 152, 155, 152, 153, 156, 152, 154,
    154, 155, 154, 152, 156, 156, 155, 153, 153, 154, 153, 154, 155, 155,
    155, 154, 155, 152, 155, 153, 153, 153, 156, 156, 153, 153, 153, 156,
    153, 156, 154, 152, 156, 153, 156, 155, 156, 155, 152, 155, 154, 152,
    155, 154, 152, 156, 156, 154, 153, 155, 156, 156, 155, 154, 154, 152,
    153, 154, 153, 155, 153, 154, 152 ]
RHandPositionsY: [ 278, 275, 277, 277, 274, 275, 274, 274, 272, 271, 275,
    272, 272, 272, 273, 269, 270, 269, 269, 268, 269, 269, 268, 268, 265,
    266, 264, 268, 268, 266, 264, 266, 264, 263, 265, 266, 264, 261, 263,
    264, 261, 261, 263, 264, 261, 263, 260, 260, 264, 262, 264, 264, 261,
    263, 260, 262, 262, 262, 264, 263, 261, 263, 262, 264, 262, 264, 263,
    261, 264, 263, 261, 262, 261, 260, 260, 264, 262, 260, 260, 262, 264,
    260, 263, 264, 260, 262, 261, 260 ]
