%YAML:1.0
---
videoName: "LHShake00.mp4"
gestureLabel: 2
fps: 29
pixelSizeInCmTemp: 3.4214285714285714e-01
faceCenterPointX: 252
faceCenterPointY: 85
LHandPositionsX: [ 351, 349, 351, 351, 352, 356, 361, 357, 349, 345, 334,
    325, 325, 325, 322, 322, 328, 330, 336, 335, 340, 338, 330, 327, 325,
    325, 326, 331, 333, 336, 339, 338, 341, 334, 326, 323, 322, 329, 331,
    334, 341, 344, 343, 341, 333, 325, 323, 324, 328, 329, 331, 338, 339,
    344, 342, 336, 330, 327, 322, 323, 326, 331, 336, 335, 338, 341, 343,
    339, 337, 334, 330, 330, 326, 325, 329, 327, 328, 332, 335, 337, 340,
    339, 339, 340, 343, 343, 342, 341 ]
LHandPositionsY: [ 256, 254, 247, 231, 213, 189, 168, 152, 136, 136, 131,
    135, 138, 134, 134, 133, 134, 131, 125, 127, 126, 127, 128, 133, 132,
    135, 130, 129, 130, 124, 125, 123, 124, 126, 134, 132, 135, 133, 134,
    128, 129, 126, 122, 119, 129, 131, 131, 130, 134, 133, 131, 124, 122,
    122, 125, 125, 129, 130, 130, 128, 130, 124, 123, 118, 120, 119, 116,
    127, 137, 148, 161, 167, 161, 173, 183, 191, 200, 205, 211, 219, 225,
    226, 230, 231, 234, 235, 233, 234 ]
RHandPositionsX: [ 156, 152, 154, 153, 154, 156, 153, 154, 152, 153, 154,
    153, 155, 155, 152, 155, 154, 154, 153, 154, 153, 153, 152, 153, 154,
    156, 153, 152, 154, 153, 153, 152, 152, 155, 153, 154, 155, 155, 155,
    153, 152, 155, 154, 153, 152, 155, 155, 155, 155, 155, 156, 154, 154,
    153, 153, 155, 156, 152, 155, 156, 155, 153, 156, 153, 154, 152, 156,
    154, 153, 154, 156, 154, 153, 153, 153, 154, 154, 154, 155, 153, 153,
    153, 155, 152, 156, 156, 153, 155 ]
RHandPositionsY: [ 279, 279, 278, 278, 277, 275, 275, 276, 276, 275, 271,
    271, 274, 273, 271, 271, 268, 271, 268, 270, 268, 266, 267, 269, 266,
    266, 268, 265, 268, 263, 267, 263, 266, 265, 266, 262, 264, 264, 265,
    264, 265, 264, 263, 263, 262, 260, 261, 260, 261, 261, 263, 261, 263,
    264, 261, 261, 263, 262, 261, 264, 261, 261, 260, 263, 263, 263, 261,
    263, 264, 260, 262, 263, 263, 262, 263, 261, 264, 260, 261, 263, 260,
    263, 260, 262, 260, 263, 264, 261 ]
