%YAML:1.0
---
videoName: "LHShake08.mp4"
gestureLabel: 2
fps: 29
pixelSizeInCmTemp: 3.4710144927536229e-01
faceCenterPointX: 261
faceCenterPointY: 69
LHandPositionsX: [ 341, 343, 346, 345, 349, 347, 355, 362, 368, 371, 374,
    372, 377, 366, 355, 349, 340, 342, 342, 344, 348, 357, 367, 363, 361,
    362, 361, 354, 344, 340, 342, 340, 343, 348, 360, 364, 366, 369, 369,
    361, 355, 342, 335, 339, 337, 339, 341, 351, 358, 357, 356, 358, 354,
    351, 343, 343, 341, 344, 342, 347, 357, 363, 370, 373, 370, 371, 364,
    357, 353, 347, 338, 337, 332, 330, 330, 335, 338, 338, 337, 337, 336,
    335, 338, 338, 337, 339, 337, 336 ]
LHandPositionsY: [ 269, 269, 264, 253, 251, 236, 218, 198, 187, 172, 163,
    155, 146, 144, 145, 144, 149, 153, 149, 152, 147, 145, 138, 137, 138,
    140, 142, 146, 148, 153, 151, 151, 154, 150, 148, 149, 149, 146, 150,
    152, 153, 154, 157, 159, 159, 162, 162, 160, 154, 153, 156, 155, 155,
    157, 159, 160, 160, 159, 159, 159, 156, 149, 146, 145, 147, 147, 148,
    154, 160, 168, 177, 186, 198, 210, 219, 233, 245, 246, 249, 253, 256,
    255, 253, 255, 254, 256, 254, 255 ]
RHandPositionsX: [ 176, 173, 175, 176, 175, 172, 175, 173, 176, 173, 172,
    174, 172, 174, 174, 172, 175, 174, 176, 175, 176, 173, 173, 175, 175,
    173, 175, 175, 172, 172, 174, 175, 175, 174, 175, 177, 175, 174, 176,
    177, 174, 176, 173, 177, 177, 177, 175, 175, 178, 176, 178, 177, 174,
    176, 176, 177, 175, 175, 178, 178, 176, 177, 178, 174, 174, 175, 177,
    174, 175, 177, 174, 175, 178, 174, 178, 174, 175, 177, 177, 174, 176,
    174, 178, 176, 174, 176, 177, 178 ]
RHandPositionsY: [ 273, 277, 276, 277, 274, 276, 276, 274, 274, 275, 276,
    274, 274, 277, 277, 277, 276, 273, 276, 276, 274, 277, 275, 276, 275,
    276, 273, 273, 273, 277, 273, 276, 274, 276, 273, 273, 274, 274, 277,
    276, 277, 277, 274, 276, 273, 277, 276, 277, 277, 273, 276, 275, 276,
    275, 276, 274, 276, 275, 277, 277, 277, 274, 275, 276, 276, 275, 273,
    276, 273, 277, 274, 275, 273, 276, 277, 277, 273, 277, 276, 273, 277,
    273, 273, 273, 274, 274, 273, 276 ]
