%YAML:1.0
---
videoName: "LHShake00.mp4"
gestureLabel: 2
fps: 29
pixelSizeInCmTemp: 3.4214285714285714e-01
faceCenterPointX: 252
faceCenterPointY: 85
LHandPositionsX: [ 351, 350, 350, 349, 353, 356, 360, 357, 349, 345, 336,
    324, 322, 323, 322, 322, 327, 330, 334, 338, 337, 336, 330, 327, 327,
    323, 327, 328, 334, 338, 336, 338, 339, 333, 323, 321, 324, 325, 332,
    337, 341, 341, 344, 341, 334, 323, 323, 325, 324, 330, 331, 338, 338,
    343, 340, 335, 330, 327, 325, 324, 327, 332, 333, 336, 338, 340, 339,
    341, 335, 335, 329, 328, 324, 326, 329, 329, 331, 332, 333, 338, 337,
    342, 339, 343, 341, 340, 341, 341 ]
LHandPositionsY: [ 256, 254, 245, 228, 213, 188, 168, 152, 139, 135, 131,
    134, 135, 136, 135, 136, 130, 129, 127, 127, 123, 124, 130, 134, 135,
    132, 130, 131, 128, 127, 125, 119, 122, 129, 132, 136, 132, 134, 134,
    127, 125, 124, 123, 121, 126, 131, 133, 132, 131, 132, 133, 124, 125,
    124, 122, 129, 127, 127, 131, 130, 126, 126, 121, 121, 120, 117, 118,
    126, 136, 150, 162, 164, 164, 174, 187, 191, 198, 209, 212, 217, 223,
    229, 229, 234, 237, 234, 236, 237 ]
RHandPositionsX: [ 154, 154, 152, 154, 152, 152, 154, 153, 152, 152, 152,
    152, 154, 153, 153, 153, 154, 152, 153, 154, 152, 154, 155, 152, 156,
    155, 155, 154, 156, 153, 153, 152, 156, 152, 155, 156, 156, 156, 152,
    153, 154, 156, 152, 152, 156, 154, 155, 154, 154, 155, 154, 154, 155,
    154, 156, 155, 155, 153, 156, 152, 153, 156, 155, 156, 154, 154, 152,
    152, 153, 153, 156, 153, 152, 152, 156, 152, 152, 156, 156, 154, 155,
    152, 156, 156, 152, 156, 155, 154 ]
RHandPositionsY: [ 279, 278, 276, 275, 277, 277, 276, 272, 276, 272, 274,
    271, 271, 272, 273, 271, 268, 268, 269, 268, 268, 268, 266, 269, 268,
    269, 267, 266, 266, 263, 267, 266, 266, 263, 263, 266, 266, 263, 265,
    262, 264, 263, 260, 264, 264, 263, 260, 263, 264, 261, 262, 263, 261,
    261, 264, 260, 261, 260, 263, 262, 263, 260, 261, 263, 262, 261, 261,
    261, 264, 260, 262, 263, 262, 262, 260, 263, 262, 264, 260, 261, 264,
    263, 264, 263, 262, 262, 264, 263 ]
