%YAML:1.0
---
videoName: "LHShake17.mp4"
gestureLabel: 2
fps: 30
pixelSizeInCmTemp: 3.3732394366197183e-01
faceCenterPointX: 248
faceCenterPointY: 64
LHandPositionsX: [ 322, 325, 323, 323, 325, 323, 325, 327, 330, 336, 344,
    355, 366, 375, 386, 397, 405, 409, 404, 388, 375, 361, 350, 353, 350,
    359, 369, 381, 379, 381, 374, 366, 352, 344, 345, 349, 354, 366, 370,
    366, 365, 363, 353, 351, 349, 354, 364, 370, 376, 375, 375, 372, 362,
    351, 348, 345, 347, 355, 361, 363, 361, 366, 367, 359, 347, 344, 341,
    338, 335, 335, 333, 330, 330, 332, 328, 327, 330, 327, 325, 324, 324,
    326, 326, 323, 325, 327, 324, 325, 323, 324, 326 ]
LHandPositionsY: [ 250, 248, 247, 248, 247, 248, 246, 248, 245, 232, 216,
    201, 184, 172, 158, 142, 130, 120, 116, 112, 123, 129, 135, 136, 135,
    134, 122, 115, 118, 120, 120, 129, 135, 141, 137, 140, 123, 116, 120,
    119, 116, 115, 127, 133, 134, 135, 122, 117, 122, 124, 121, 121, 131,
    135, 141, 138, 138, 124, 121, 126, 126, 125, 122, 127, 134, 145, 151,
    161, 171, 181, 194, 208, 221, 221, 223, 228, 230, 234, 234, 237, 237,
    237, 240, 237, 238, 238, 236, 235, 235, 237, 237 ]
RHandPositionsX: [ 179, 176, 180, 176, 178, 178, 176, 179, 178, 178, 178,
    177, 177, 179, 177, 179, 178, 178, 180, 179, 180, 180, 177, 180, 178,
    180, 179, 179, 175, 176, 177, 179, 175, 175, 179, 175, 177, 178, 175,
    176, 176, 177, 176, 176, 174, 178, 174, 177, 175, 175, 177, 174, 176,
    178, 176, 177, 177, 175, 176, 177, 176, 176, 178, 177, 174, 177, 174,
    178, 178, 174, 174, 178, 177, 175, 176, 178, 174, 177, 175, 177, 178,
    176, 176, 175, 177, 175, 176, 177, 176, 178, 177 ]
RHandPositionsY: [ 256, 258, 259, 258, 259, 258, 260, 258, 258, 259, 257,
    259, 258, 258, 259, 260, 260, 258, 256, 258, 257, 258, 259, 257, 258,
    257, 258, 259, 258, 257, 259, 259, 259, 258, 257, 259, 260, 257, 256,
    256, 258, 256, 259, 257, 257, 256, 258, 258, 259, 256, 258, 259, 257,
    256, 258, 258, 257, 258, 257, 257, 260, 257, 256, 258, 259, 257, 260,
    256, 259, 260, 258, 258, 260, 258, 258, 259, 258, 256, 257, 259, 257,
    257, 256, 258, 258, 258, 259, 258, 259, 259, 259 ]
