%YAML:1.0
---
videoName: "LHShake13.mp4"
gestureLabel: 2
fps: 29
pixelSizeInCmTemp: 3.4214285714285714e-01
faceCenterPointX: 257
faceCenterPointY: 76
LHandPositionsX: [ 327, 323, 327, 324, 325, 324, 323, 327, 325, 329, 330,
    335, 345, 351, 362, 373, 378, 385, 392, 387, 382, 375, 365, 353, 340,
    345, 338, 345, 349, 357, 374, 370, 363, 363, 357, 345, 340, 340, 341,
    348, 362, 367, 366, 366, 361, 350, 344, 347, 344, 348, 358, 367, 365,
    366, 360, 356, 348, 347, 345, 345, 349, 359, 366, 370, 368, 365, 360,
    355, 345, 339, 334, 326, 327, 322, 325, 327, 329, 329, 324, 328, 328,
    325, 324, 324, 326, 326, 326, 325 ]
LHandPositionsY: [ 260, 262, 262, 261, 262, 261, 263, 261, 262, 257, 258,
    248, 235, 228, 210, 197, 185, 176, 164, 159, 152, 149, 154, 154, 159,
    154, 159, 156, 156, 146, 141, 139, 139, 145, 152, 156, 157, 159, 158,
    159, 152, 156, 153, 154, 159, 157, 161, 159, 163, 158, 160, 155, 159,
    157, 159, 159, 165, 166, 165, 160, 159, 156, 154, 154, 151, 147, 147,
    150, 156, 164, 168, 180, 191, 206, 221, 236, 247, 248, 245, 244, 247,
    249, 248, 250, 247, 247, 249, 249 ]
RHandPositionsX: [ 183, 184, 182, 181, 185, 185, 183, 184, 181, 181, 184,
    182, 181, 181, 183, 183, 182, 181, 183, 182, 182, 183, 181, 184, 181,
    181, 182, 185, 181, 181, 181, 184, 181, 181, 185, 182, 181, 185, 185,
    185, 184, 182, 182, 183, 183, 185, 183, 185, 182, 182, 184, 181, 183,
    185, 185, 184, 182, 181, 182, 184, 181, 183, 182, 181, 184, 181, 185,
    182, 183, 185, 184, 182, 181, 181, 181, 185, 183, 184, 183, 183, 184,
    181, 185, 182, 185, 181, 185, 185 ]
RHandPositionsY: [ 267, 268, 269, 269, 268, 270, 268, 267, 267, 268, 271,
    268, 268, 271, 270, 269, 271, 267, 269, 270, 269, 268, 267, 270, 271,
    270, 271, 269, 268, 269, 267, 269, 269, 269, 269, 267, 269, 270, 267,
    270, 268, 271, 271, 269, 269, 271, 267, 269, 270, 271, 269, 269, 268,
    267, 268, 270, 267, 269, 271, 267, 268, 269, 267, 271, 267, 268, 271,
    270, 268, 268, 267, 268, 268, 267, 268, 268, 267, 270, 267, 270, 269,
    270, 269, 271, 267, 270, 271, 267 ]
