%YAML:1.0
---
videoName: "LHShake14.mp4"
gestureLabel: 2
fps: 29
pixelSizeInCmTemp: 3.2808219178082193e-01
faceCenterPointX: 256
faceCenterPointY: 64
LHandPositionsX: [ 350, 352, 350, 358, 367, 380, 391, 387, 386, 380, 370,
    361, 360, 355, 362, 371, 382, 382, 381, 382, 374, 362, 355, 355, 355,
    357, 369, 379, 387, 384, 386, 375, 366, 358, 359, 358, 363, 370, 382,
    379, 383, 380, 371, 360, 360, 359, 359, 366, 374, 377, 376, 376, 370,
    365, 356, 347, 342, 336, 332, 329, 329, 328, 331, 330, 332, 330, 331,
    331, 328, 330, 328, 329, 330, 331, 331, 329, 331, 327, 330, 330, 330,
    328, 330, 328, 329, 329, 329, 330 ]
LHandPositionsY: [ 147, 147, 148, 145, 143, 139, 140, 139, 142, 139, 144,
    150, 147, 150, 144, 145, 140, 137, 140, 141, 142, 143, 145, 145, 148,
    147, 146, 144, 141, 141, 143, 142, 147, 144, 148, 148, 145, 145, 143,
    145, 143, 143, 143, 141, 144, 140, 139, 141, 139, 140, 142, 144, 148,
    152, 159, 169, 177, 189, 199, 212, 223, 231, 237, 238, 242, 247, 248,
    251, 250, 251, 252, 248, 250, 251, 251, 251, 250, 249, 249, 249, 249,
    249, 251, 248, 252, 248, 251, 250 ]
RHandPositionsX: [ 182, 182, 180, 183, 180, 183, 183, 182, 183, 181, 178,
    179, 180, 178, 178, 180, 180, 180, 177, 178, 179, 176, 177, 175, 176,
    179, 175, 175, 175, 176, 179, 177, 177, 178, 176, 175, 175, 177, 177,
    178, 179, 177, 179, 179, 179, 175, 176, 177, 179, 175, 175, 175, 179,
    177, 175, 176, 176, 178, 175, 177, 178, 177, 175, 178, 179, 179, 176,
    177, 179, 178, 178, 177, 176, 178, 177, 178, 179, 179, 178, 178, 178,
    177, 175, 176, 178, 176, 175, 176 ]
RHandPositionsY: [ 279, 279, 276, 278, 279, 276, 275, 278, 279, 277, 274,
    276, 277, 276, 275, 276, 274, 275, 273, 275, 277, 273, 275, 275, 277,
    274, 274, 276, 277, 274, 274, 277, 275, 274, 277, 276, 273, 275, 276,
    277, 273, 276, 274, 276, 273, 277, 273, 275, 276, 273, 274, 277, 274,
    277, 274, 277, 274, 277, 275, 276, 274, 275, 273, 277, 274, 273, 274,
    277, 273, 274, 276, 276, 276, 276, 276, 275, 273, 276, 273, 274, 274,
    275, 277, 276, 274, 275, 274, 276 ]
