%YAML:1.0
---
videoName: "LHShake01.mp4"
gestureLabel: 2
fps: 29
pixelSizeInCmTemp: 3.4214285714285714e-01
faceCenterPointX: 252
faceCenterPointY: 84
LHandPositionsX: [ 363, 367, 366, 363, 361, 357, 349, 339, 338, 331, 331,
    336, 339, 344, 350, 352, 355, 355, 354, 346, 342, 343, 342, 337, 339,
    340, 342, 348, 349, 349, 349, 349, 346, 342, 336, 336, 331, 332, 338,
    342, 344, 345, 348, 350, 348, 346, 342, 337, 334, 335, 334, 335, 337,
    341, 345, 350, 348, 347, 350, 346, 345, 340, 337, 332, 329, 326, 328,
    334, 334, 329, 330, 333, 336, 338, 343, 342, 345, 345, 346, 348, 349,
    349, 348, 349, 351, 352, 348, 349 ]
LHandPositionsY: [ 144, 137, 132, 129, 122, 122, 117, 118, 122, 119, 121,
    122, 123, 117, 111, 111, 107, 106, 108, 108, 112, 110, 114, 113, 111,
    111, 112, 108, 108, 104, 106, 104, 105, 108, 110, 117, 112, 114, 111,
    108, 110, 109, 104, 106, 106, 105, 104, 105, 106, 112, 110, 111, 109,
    105, 106, 102, 104, 100, 103, 102, 102, 103, 107, 124, 135, 140, 149,
    160, 162, 162, 173, 183, 189, 197, 207, 216, 219, 219, 223, 226, 226,
    229, 227, 231, 230, 230, 228, 232 ]
RHandPositionsX: [ 157, 155, 153, 157, 156, 156, 156, 155, 153, 155, 156,
    156, 156, 157, 154, 155, 155, 157, 156, 154, 155, 155, 157, 155, 154,
    157, 156, 157, 155, 153, 157, 156, 156, 154, 154, 154, 157, 157, 156,
    156, 157, 156, 153, 157, 157, 153, 157, 157, 156, 157, 153, 154, 157,
    155, 154, 154, 157, 153, 156, 155, 153, 155, 154, 153, 157, 156, 156,
    154, 153, 155, 156, 153, 154, 156, 153, 154, 155, 154, 155, 156, 156,
    154, 154, 153, 154, 157, 154, 155 ]
RHandPositionsY: [ 268, 270, 271, 271, 267, 266, 270, 268, 265, 266, 266,
    265, 268, 266, 268, 266, 264, 266, 264, 264, 266, 264, 263, 263, 266,
    261, 264, 264, 263, 263, 261, 261, 261, 265, 261, 262, 262, 263, 263,
    260, 263, 261, 261, 263, 263, 259, 263, 259, 261, 260, 261, 259, 259,
    259, 260, 261, 259, 262, 261, 261, 259, 263, 261, 260, 263, 262, 259,
    260, 261, 260, 261, 260, 259, 260, 260, 261, 263, 260, 260, 262, 261,
    262, 259, 261, 262, 261, 261, 262 ]
