%YAML:1.0
---
videoName: "LHShake04.mp4"
gestureLabel: 2
fps: 30
pixelSizeInCmTemp: 3.2808219178082193e-01
faceCenterPointX: 247
faceCenterPointY: 80
LHandPositionsX: [ 282, 280, 284, 281, 281, 280, 281, 282, 282, 281, 281,
    282, 279, 282, 283, 285, 287, 298, 307, 320, 336, 346, 359, 367, 370,
    367, 363, 357, 349, 342, 338, 334, 335, 341, 347, 364, 368, 365, 358,
    344, 342, 343, 342, 344, 349, 352, 354, 356, 352, 344, 340, 346, 344,
    349, 353, 354, 356, 352, 345, 349, 348, 348, 353, 358, 361, 367, 365,
    361, 356, 343, 333, 325, 312, 307, 301, 294, 289, 289, 291, 286, 287,
    290, 287, 288, 290, 289, 289, 286, 286, 289, 288 ]
LHandPositionsY: [ 271, 268, 271, 270, 271, 268, 268, 269, 272, 268, 270,
    270, 271, 271, 271, 266, 262, 255, 243, 229, 217, 205, 189, 174, 162,
    161, 154, 153, 135, 131, 133, 131, 128, 118, 115, 114, 110, 110, 114,
    120, 128, 125, 122, 127, 122, 119, 114, 113, 119, 118, 120, 123, 117,
    117, 116, 113, 109, 110, 114, 117, 113, 111, 107, 107, 107, 104, 109,
    111, 127, 144, 158, 172, 184, 202, 214, 223, 235, 245, 243, 244, 249,
    250, 248, 251, 249, 253, 251, 255, 252, 254, 251 ]
RHandPositionsX: [ 216, 217, 214, 217, 217, 216, 214, 218, 215, 217, 218,
    218, 216, 218, 215, 215, 216, 216, 215, 217, 214, 218, 215, 215, 214,
    216, 216, 216, 217, 214, 216, 214, 218, 215, 218, 217, 218, 215, 217,
    216, 216, 216, 218, 217, 217, 214, 216, 218, 218, 215, 216, 217, 217,
    216, 216, 218, 214, 218, 214, 218, 218, 216, 216, 215, 216, 218, 215,
    216, 214, 217, 218, 218, 217, 214, 216, 215, 216, 218, 218, 216, 217,
    214, 218, 215, 216, 215, 214, 215, 216, 214, 214 ]
RHandPositionsY: [ 267, 267, 269, 268, 267, 270, 270, 270, 270, 267, 270,
    266, 267, 267, 266, 269, 267, 264, 265, 268, 267, 263, 267, 266, 266,
    266, 266, 263, 267, 266, 263, 265, 267, 263, 262, 265, 264, 264, 266,
    263, 265, 262, 265, 264, 265, 266, 266, 264, 265, 263, 261, 263, 264,
    261, 261, 262, 265, 261, 261, 261, 261, 263, 264, 261, 263, 265, 263,
    264, 264, 262, 262, 262, 263, 263, 265, 262, 265, 261, 263, 261, 262,
    261, 264, 261, 265, 264, 263, 262, 261, 261, 262 ]
