%YAML:1.0
---
videoName: "LHShake08.mp4"
gestureLabel: 2
fps: 29
pixelSizeInCmTemp: 3.4710144927536229e-01
faceCenterPointX: 261
faceCenterPointY: 69
LHandPositionsX: [ 342, 342, 345, 345, 350, 346, 356, 364, 371, 372, 376,
    374, 378, 369, 359, 348, 340, 343, 342, 344, 347, 356, 370, 365, 362,
    359, 357, 352, 343, 336, 341, 337, 344, 349, 359, 367, 365, 366, 366,
    364, 355, 343, 338, 337, 336, 339, 342, 350, 359, 359, 358, 358, 354,
    350, 344, 343, 342, 342, 345, 350, 354, 365, 374, 372, 369, 372, 363,
    359, 353, 346, 337, 337, 331, 332, 331, 333, 338, 336, 336, 337, 335,
    338, 338, 339, 335, 336, 337, 335 ]
LHandPositionsY: [ 266, 265, 263, 255, 248, 239, 219, 201, 188, 173, 163,
    154, 143, 142, 145, 147, 151, 151, 149, 148, 147, 145, 137, 141, 141,
    137, 140, 145, 150, 153, 150, 152, 153, 154, 149, 148, 150, 148, 150,
    152, 153, 153, 161, 162, 161, 164, 159, 157, 158, 156, 153, 153, 153,
    155, 161, 159, 160, 163, 159, 158, 155, 151, 146, 145, 148, 144, 148,
    152, 162, 166, 176, 186, 198, 210, 220, 234, 245, 246, 246, 250, 255,
    253, 253, 256, 254, 259, 255, 255 ]
RHandPositionsX: [ 176, 175, 175, 174, 172, 173, 173, 174, 175, 173, 176,
    172, 176, 175, 175, 176, 172, 176, 175, 172, 176, 173, 174, 172, 172,
    174, 176, 176, 175, 176, 174, 173, 173, 174, 176, 176, 174, 173, 177,
    175, 174, 174, 175, 177, 174, 175, 175, 174, 178, 176, 174, 178, 174,
    177, 176, 176, 174, 177, 178, 176, 177, 178, 177, 176, 175, 175, 174,
    177, 178, 176, 178, 174, 177, 177, 174, 174, 176, 178, 174, 176, 177,
    177, 177, 176, 176, 177, 175, 176 ]
RHandPositionsY: [ 276, 277, 274, 277, 273, 277, 276, 277, 276, 277, 277,
    277, 273, 274, 277, 275, 274, 274, 275, 276, 276, 277, 274, 277, 275,
    276, 277, 276, 276, 277, 275, 273, 274, 277, 275, 273, 275, 273, 273,
    275, 274, 276, 277, 277, 273, 276, 276, 273, 276, 275, 277, 273, 277,
    274, 277, 273, 277, 275, 276, 275, 276, 277, 273, 274, 277, 274, 275,
    273, 277, 274, 276, 273, 274, 275, 274, 276, 277, 276, 273, 275, 275,
    275, 275, 277, 275, 273, 274, 275 ]
