%YAML:1.0
---
videoName: "LHShake03.mp4"
gestureLabel: 2
fps: 30
pixelSizeInCmTemp: 3.2808219178082193e-01
faceCenterPointX: 251
faceCenterPointY: 79
LHandPositionsX: [ 345, 346, 350, 355, 355, 354, 353, 348, 339, 325, 316,
    316, 315, 316, 313, 318, 325, 332, 337, 336, 338, 338, 336, 332, 326,
    321, 321, 321, 325, 328, 336, 339, 344, 339, 332, 322, 316, 313, 313,
    310, 314, 323, 329, 331, 334, 337, 331, 328, 326, 321, 323, 326, 333,
    336, 343, 343, 340, 333, 339, 337, 337, 326, 320, 319, 314, 313, 307,
    304, 301, 299, 295, 295, 297, 296, 295, 291, 289, 289, 291, 292, 291,
    289, 292, 287, 286, 289, 287, 284, 288, 286, 286 ]
LHandPositionsY: [ 140, 136, 126, 119, 116, 108, 104, 105, 96, 96, 105,
    106, 104, 98, 97, 92, 92, 90, 89, 89, 81, 86, 91, 89, 88, 91, 90, 90,
    88, 86, 86, 86, 78, 83, 86, 91, 95, 96, 98, 93, 93, 92, 89, 89, 85,
    90, 88, 85, 88, 90, 92, 94, 90, 87, 87, 90, 93, 95, 97, 100, 114,
    132, 140, 153, 164, 175, 184, 194, 208, 214, 221, 220, 226, 227, 231,
    237, 238, 243, 247, 249, 249, 250, 249, 250, 253, 252, 252, 254, 251,
    255, 255 ]
RHandPositionsX: [ 213, 212, 213, 214, 212, 216, 214, 211, 211, 211, 214,
    215, 215, 214, 211, 212, 214, 214, 214, 215, 212, 211, 212, 215, 212,
    212, 214, 214, 211, 214, 215, 212, 213, 215, 214, 212, 211, 214, 211,
    215, 211, 212, 211, 211, 215, 211, 214, 213, 212, 211, 214, 211, 211,
    213, 214, 215, 211, 213, 210, 212, 212, 212, 212, 211, 214, 212, 211,
    212, 212, 211, 213, 213, 211, 211, 213, 214, 212, 212, 212, 210, 214,
    211, 214, 210, 212, 213, 212, 214, 213, 214, 210 ]
RHandPositionsY: [ 255, 258, 255, 258, 254, 256, 256, 253, 255, 255, 255,
    256, 254, 252, 255, 254, 255, 255, 255, 254, 251, 251, 253, 251, 254,
    253, 252, 253, 254, 254, 254, 251, 253, 254, 255, 254, 251, 254, 255,
    254, 254, 252, 255, 253, 253, 254, 252, 253, 251, 252, 253, 253, 252,
    255, 254, 252, 252, 252, 255, 251, 254, 251, 252, 252, 255, 252, 253,
    254, 254, 255, 253, 255, 251, 252, 253, 255, 254, 252, 253, 253, 253,
    254, 252, 251, 253, 254, 252, 255, 252, 252, 252 ]
