%YAML:1.0
---
videoName: "LHShake15.mp4"
gestureLabel: 2
fps: 29
pixelSizeInCmTemp: 3.3263888888888887e-01
faceCenterPointX: 252
faceCenterPointY: 65
LHandPositionsX: [ 327, 327, 331, 327, 328, 328, 329, 332, 334, 329, 337,
    340, 346, 354, 356, 363, 367, 372, 380, 383, 378, 377, 367, 360, 346,
    343, 341, 338, 349, 353, 359, 358, 360, 362, 357, 344, 330, 330, 329,
    334, 344, 353, 354, 352, 352, 355, 347, 335, 330, 330, 329, 339, 354,
    358, 352, 351, 357, 354, 343, 337, 332, 333, 334, 341, 342, 348, 349,
    348, 348, 347, 341, 336, 326, 327, 325, 319, 321, 320, 324, 325, 324,
    327, 328, 328, 327, 324, 326, 325 ]
LHandPositionsY: [ 257, 256, 258, 258, 258, 256, 254, 255, 254, 251, 241,
    229, 217, 203, 184, 171, 157, 138, 119, 121, 118, 105, 102, 104, 105,
    106, 102, 98, 99, 94, 92, 92, 97, 92, 94, 95, 101, 100, 100, 95, 94,
    95, 97, 96, 96, 96, 100, 100, 101, 98, 99, 95, 91, 94, 96, 97, 95,
    102, 99, 101, 100, 100, 101, 100, 101, 100, 100, 101, 102, 100, 107,
    121, 139, 150, 167, 180, 191, 208, 218, 231, 231, 234, 240, 238, 241,
    241, 242, 241 ]
RHandPositionsX: [ 175, 179, 179, 177, 178, 177, 178, 179, 179, 177, 178,
    178, 175, 179, 175, 175, 178, 176, 176, 177, 179, 176, 178, 175, 176,
    177, 177, 178, 178, 176, 177, 176, 179, 179, 176, 178, 175, 178, 177,
    179, 178, 175, 176, 177, 179, 179, 178, 176, 175, 175, 175, 176, 178,
    176, 176, 178, 177, 178, 175, 179, 177, 178, 178, 176, 177, 179, 176,
    175, 178, 178, 175, 179, 178, 176, 178, 177, 177, 177, 175, 179, 176,
    179, 177, 177, 178, 179, 176, 178 ]
RHandPositionsY: [ 260, 260, 261, 261, 258, 260, 257, 260, 261, 260, 258,
    261, 257, 261, 259, 258, 257, 258, 258, 258, 258, 259, 260, 259, 261,
    257, 261, 259, 257, 257, 257, 260, 261, 259, 259, 259, 260, 259, 259,
    257, 257, 257, 258, 261, 261, 260, 257, 260, 261, 259, 258, 260, 259,
    258, 261, 257, 260, 261, 261, 259, 261, 259, 258, 257, 259, 258, 258,
    260, 259, 260, 260, 257, 260, 258, 258, 260, 261, 261, 257, 261, 260,
    260, 259, 260, 261, 257, 261, 257 ]
