%YAML:1.0
---
videoName: "LHShake08.mp4"
gestureLabel: 2
fps: 29
pixelSizeInCmTemp: 3.4710144927536229e-01
faceCenterPointX: 261
faceCenterPointY: 69
LHandPositionsX: [ 340, 339, 343, 346, 349, 347, 355, 361, 370, 370, 375,
    372, 379, 366, 356, 348, 338, 343, 342, 345, 350, 356, 370, 365, 361,
    362, 361, 352, 345, 339, 338, 338, 342, 349, 356, 364, 367, 367, 369,
    361, 355, 345, 337, 336, 338, 338, 340, 347, 355, 360, 359, 356, 356,
    349, 347, 345, 341, 342, 342, 348, 355, 362, 374, 369, 369, 369, 365,
    359, 351, 346, 337, 333, 331, 331, 333, 332, 338, 334, 336, 336, 335,
    338, 338, 335, 336, 335, 337, 337 ]
LHandPositionsY: [ 266, 269, 262, 255, 251, 237, 219, 199, 187, 175, 165,
    157, 142, 146, 143, 144, 148, 150, 151, 150, 150, 145, 139, 139, 137,
    140, 141, 143, 147, 156, 153, 152, 154, 154, 146, 150, 147, 148, 148,
    151, 152, 153, 157, 161, 160, 163, 161, 156, 158, 154, 153, 153, 156,
    155, 159, 161, 159, 163, 162, 158, 156, 148, 146, 147, 148, 147, 151,
    154, 160, 168, 177, 184, 194, 208, 222, 232, 245, 245, 247, 252, 256,
    254, 254, 255, 256, 255, 258, 255 ]
RHandPositionsX: [ 175, 174, 176, 172, 173, 174, 174, 176, 173, 175, 175,
    173, 172, 173, 173, 174, 174, 174, 176, 172, 173, 172, 174, 175, 175,
    176, 175, 176, 172, 176, 175, 174, 175, 174, 176, 175, 175, 173, 176,
    174, 174, 175, 176, 176, 178, 178, 175, 178, 175, 175, 177, 175, 176,
    177, 176, 177, 175, 176, 178, 178, 175, 175, 177, 177, 174, 175, 174,
    175, 176, 176, 176, 178, 176, 176, 178, 174, 177, 176, 177, 176, 177,
    176, 174, 178, 178, 174, 178, 178 ]
RHandPositionsY: [ 276, 273, 276, 273, 274, 277, 274, 276, 277, 275, 276,
    277, 273, 276, 277, 273, 275, 273, 276, 276, 275, 274, 274, 273, 276,
    275, 273, 276, 274, 274, 275, 274, 276, 277, 276, 276, 273, 276, 275,
    274, 275, 277, 277, 274, 275, 273, 274, 275, 275, 275, 275, 273, 274,
    275, 276, 277, 273, 275, 275, 275, 274, 274, 273, 273, 273, 274, 276,
    273, 276, 274, 276, 277, 274, 276, 277, 273, 276, 277, 277, 274, 277,
    275, 275, 273, 274, 273, 273, 275 ]
