%YAML:1.0
---
videoName: "LHShake24.mp4"
gestureLabel: 2
fps: 30
pixelSizeInCmTemp: 3.4214285714285714e-01
faceCenterPointX: 255
faceCenterPointY: 77
LHandPositionsX: [ 327, 326, 329, 326, 328, 326, 326, 330, 329, 331, 330,
    332, 339, 347, 353, 361, 368, 377, 383, 379, 384, 380, 370, 360, 347,
    340, 342, 340, 343, 347, 360, 366, 380, 377, 375, 375, 366, 355, 347,
    339, 341, 339, 342, 355, 363, 366, 368, 366, 364, 355, 346, 341, 341,
    342, 343, 354, 363, 372, 371, 372, 368, 362, 355, 346, 347, 343, 343,
    354, 360, 368, 366, 370, 367, 357, 351, 344, 335, 335, 329, 327, 323,
    324, 328, 327, 328, 329, 329, 325, 325, 325, 324 ]
LHandPositionsY: [ 260, 260, 261, 261, 264, 263, 262, 262, 262, 261, 260,
    257, 246, 236, 225, 210, 193, 181, 174, 170, 158, 155, 150, 154, 156,
    161, 161, 165, 162, 163, 156, 152, 148, 149, 148, 145, 144, 147, 154,
    155, 156, 152, 153, 155, 150, 149, 150, 148, 150, 157, 161, 163, 163,
    163, 164, 159, 158, 159, 160, 156, 156, 158, 158, 162, 162, 160, 163,
    160, 159, 160, 158, 157, 157, 158, 160, 164, 169, 181, 188, 199, 210,
    221, 231, 231, 235, 241, 242, 247, 249, 245, 250 ]
RHandPositionsX: [ 180, 179, 183, 183, 182, 181, 180, 180, 179, 181, 183,
    180, 181, 179, 181, 180, 181, 182, 180, 179, 179, 179, 180, 183, 183,
    181, 182, 183, 179, 182, 179, 180, 179, 182, 182, 179, 183, 183, 183,
    181, 179, 179, 180, 182, 183, 179, 181, 180, 181, 179, 183, 181, 182,
    179, 182, 179, 183, 180, 180, 183, 182, 183, 181, 180, 179, 183, 179,
    179, 180, 181, 180, 181, 179, 180, 180, 180, 181, 183, 179, 182, 180,
    182, 183, 182, 180, 183, 182, 183, 182, 179, 180 ]
RHandPositionsY: [ 268, 270, 271, 269, 270, 267, 267, 269, 269, 267, 268,
    267, 267, 267, 267, 270, 269, 271, 271, 269, 269, 268, 269, 271, 269,
    271, 270, 270, 269, 270, 270, 270, 267, 271, 271, 268, 271, 271, 267,
    270, 267, 270, 268, 270, 268, 269, 268, 267, 269, 267, 270, 268, 267,
    268, 269, 271, 270, 270, 269, 270, 269, 267, 271, 267, 271, 271, 267,
    268, 271, 270, 267, 270, 268, 269, 271, 268, 268, 271, 267, 269, 270,
    267, 268, 269, 270, 270, 268, 269, 270, 267, 267 ]
