%YAML:1.0
---
videoName: "LHShake24.mp4"
gestureLabel: 2
fps: 30
pixelSizeInCmTemp: 3.4214285714285714e-01
faceCenterPointX: 255
faceCenterPointY: 77
LHandPositionsX: [ 329, 328, 330, 326, 326, 329, 329, 329, 331, 329, 330,
    333, 343, 348, 350, 360, 369, 376, 379, 379, 381, 378, 373, 361, 349,
    340, 343, 342, 340, 347, 358, 369, 377, 377, 378, 377, 369, 357, 347,
    339, 339, 340, 343, 354, 364, 364, 365, 367, 364, 352, 343, 337, 342,
    339, 347, 355, 362, 373, 371, 375, 371, 360, 353, 346, 347, 344, 346,
    351, 361, 367, 366, 370, 365, 360, 352, 343, 337, 333, 329, 328, 323,
    326, 326, 326, 326, 327, 326, 328, 324, 327, 325 ]
LHandPositionsY: [ 262, 264, 263, 260, 262, 262, 260, 263, 260, 260, 257,
    254, 245, 235, 224, 207, 193, 183, 170, 172, 161, 154, 152, 156, 156,
    163, 165, 162, 163, 162, 156, 153, 147, 151, 149, 148, 145, 150, 151,
    153, 154, 154, 153, 154, 151, 149, 151, 149, 151, 154, 161, 161, 161,
    162, 162, 161, 158, 156, 157, 157, 157, 159, 158, 165, 165, 160, 161,
    161, 159, 156, 159, 160, 156, 160, 157, 161, 172, 179, 190, 196, 209,
    219, 229, 229, 233, 240, 245, 247, 246, 247, 247 ]
RHandPositionsX: [ 182, 179, 181, 180, 181, 180, 180, 182, 182, 180, 179,
    181, 183, 180, 180, 181, 179, 181, 179, 181, 182, 183, 183, 180, 182,
    179, 181, 179, 181, 180, 180, 181, 179, 181, 180, 183, 183, 183, 180,
    179, 182, 180, 181, 181, 181, 180, 181, 179, 181, 182, 182, 180, 181,
    180, 181, 183, 179, 182, 183, 179, 182, 183, 180, 183, 182, 180, 183,
    181, 182, 181, 182, 181, 179, 183, 182, 181, 183, 182, 179, 180, 183,
    182, 181, 183, 179, 181, 180, 180, 182, 182, 181 ]
RHandPositionsY: [ 271, 268, 271, 268, 271, 269, 267, 270, 271, 267, 267,
    270, 269, 271, 270, 268, 267, 271, 269, 271, 270, 268, 268, 267, 269,
    271, 270, 267, 267, 267, 267, 271, 267, 271, 269, 267, 269, 267, 269,
    267, 268, 269, 269, 268, 269, 268, 269, 270, 270, 269, 271, 268, 267,
    268, 267, 271, 271, 267, 268, 271, 267, 270, 267, 270, 271, 267, 271,
    270, 271, 269, 270, 269, 271, 270, 267, 268, 269, 268, 267, 269, 269,
    268, 267, 271, 270, 267, 267, 270, 268, 271, 268 ]
