%YAML:1.0
---
videoName: "LHShake05.mp4"
gestureLabel: 2
fps: 30
pixelSizeInCmTemp: 3.2364864864864862e-01
faceCenterPointX: 252
faceCenterPointY: 81
LHandPositionsX: [ 294, 294, 291, 294, 293, 293, 294, 296, 292, 293, 293,
    297, 304, 314, 323, 334, 344, 340, 339, 342, 342, 338, 330, 332, 331,
    331, 333, 338, 342, 345, 346, 338, 330, 324, 326, 322, 326, 332, 335,
    338, 336, 329, 322, 323, 323, 325, 325, 334, 339, 338, 333, 330, 326,
    326, 322, 328, 331, 337, 340, 339, 332, 332, 329, 332, 330, 334, 341,
    340, 339, 336, 335, 327, 321, 313, 310, 306, 302, 299, 295, 293, 296,
    297, 294, 291, 292, 293, 293, 293, 291, 292, 295 ]
LHandPositionsY: [ 270, 266, 269, 267, 270, 266, 268, 268, 262, 257, 244,
    227, 212, 201, 185, 173, 165, 162, 156, 155, 154, 156, 154, 154, 152,
    151, 147, 142, 140, 137, 135, 137, 147, 145, 146, 145, 142, 138, 140,
    134, 133, 138, 144, 145, 143, 143, 141, 136, 135, 133, 135, 140, 143,
    143, 145, 144, 138, 139, 138, 139, 140, 140, 143, 143, 143, 141, 141,
    141, 135, 137, 140, 148, 160, 171, 180, 188, 197, 211, 221, 228, 236,
    234, 238, 244, 246, 250, 250, 251, 254, 256, 257 ]
RHandPositionsX: [ 213, 210, 212, 212, 213, 210, 210, 212, 210, 213, 210,
    211, 212, 212, 211, 210, 209, 213, 210, 210, 210, 208, 212, 210, 209,
    207, 211, 210, 208, 208, 210, 210, 209, 208, 209, 210, 209, 208, 209,
    207, 209, 207, 208, 210, 206, 208, 208, 209, 207, 206, 207, 208, 207,
    210, 209, 209, 209, 208, 209, 208, 209, 206, 209, 210, 207, 207, 206,
    210, 209, 209, 209, 208, 208, 209, 208, 209, 208, 208, 209, 208, 206,
    207, 206, 210, 209, 207, 209, 208, 209, 209, 212 ]
RHandPositionsY: [ 265, 264, 264, 263, 265, 264, 264, 266, 265, 262, 265,
    265, 265, 265, 265, 262, 266, 263, 264, 264, 266, 262, 262, 265, 265,
    264, 265, 262, 265, 264, 266, 266, 265, 262, 265, 263, 264, 264, 262,
    263, 263, 262, 265, 265, 265, 264, 265, 261, 264, 262, 261, 262, 261,
    263, 265, 262, 265, 262, 264, 261, 265, 262, 264, 262, 261, 265, 264,
    261, 263, 262, 263, 261, 262, 262, 265, 264, 263, 262, 264, 263, 263,
    262, 264, 263, 264, 261, 263, 265, 261, 264, 264 ]
