%YAML:1.0
---
videoName: "LHShake00.mp4"
gestureLabel: 2
fps: 29
pixelSizeInCmTemp: 3.4214285714285714e-01
faceCenterPointX: 252
faceCenterPointY: 85
LHandPositionsX: [ 351, 349, 349, 348, 353, 356, 360, 357, 350, 341, 332,
    324, 321, 323, 322, 323, 325, 332, 334, 338, 337, 338, 334, 325, 326,
    327, 324, 331, 334, 339, 338, 341, 340, 332, 325, 325, 323, 329, 329,
    338, 340, 342, 343, 338, 335, 325, 323, 322, 327, 327, 331, 335, 338,
    340, 340, 338, 327, 324, 323, 324, 324, 333, 332, 339, 337, 342, 342,
    339, 336, 332, 330, 327, 326, 325, 331, 331, 332, 330, 332, 338, 340,
    339, 339, 341, 344, 341, 342, 344 ]
LHandPositionsY: [ 258, 254, 246, 228, 211, 188, 168, 153, 138, 135, 134,
    137, 137, 136, 136, 134, 131, 133, 126, 127, 126, 127, 131, 130, 132,
    134, 133, 133, 128, 124, 126, 119, 124, 127, 135, 132, 135, 136, 131,
    129, 125, 122, 122, 121, 127, 133, 130, 134, 134, 131, 133, 125, 123,
    124, 123, 129, 131, 128, 131, 131, 128, 123, 120, 118, 121, 117, 115,
    125, 139, 148, 160, 164, 165, 173, 185, 194, 199, 206, 214, 221, 222,
    226, 229, 230, 235, 235, 235, 235 ]
RHandPositionsX: [ 152, 153, 153, 154, 155, 152, 154, 156, 156, 152, 156,
    154, 153, 152, 153, 156, 152, 156, 153, 152, 153, 156, 152, 153, 156,
    152, 152, 154, 152, 152, 154, 152, 153, 152, 152, 152, 154, 156, 156,
    152, 152, 156, 156, 156, 156, 152, 156, 156, 155, 156, 152, 152, 154,
    155, 155, 155, 152, 153, 152, 154, 155, 154, 155, 156, 155, 153, 155,
    155, 154, 153, 153, 154, 155, 154, 152, 156, 155, 156, 153, 152, 155,
    153, 154, 153, 152, 152, 153, 154 ]
RHandPositionsY: [ 279, 278, 277, 275, 276, 277, 274, 274, 275, 271, 275,
    273, 273, 271, 269, 268, 271, 269, 271, 270, 266, 269, 268, 267, 265,
    266, 268, 268, 265, 264, 267, 267, 267, 266, 263, 266, 266, 261, 261,
    265, 264, 265, 263, 263, 263, 260, 260, 264, 263, 260, 262, 264, 263,
    264, 262, 261, 264, 261, 262, 261, 262, 261, 261, 264, 263, 260, 262,
    264, 260, 261, 262, 260, 264, 261, 262, 260, 263, 264, 264, 264, 261,
    260, 260, 260, 262, 263, 261, 262 ]
