%YAML:1.0
---
videoName: "LHShake16.mp4"
gestureLabel: 2
fps: 30
pixelSizeInCmTemp: 3.3732394366197183e-01
faceCenterPointX: 247
faceCenterPointY: 66
LHandPositionsX: [ 324, 325, 327, 325, 330, 336, 347, 352, 365, 371, 383,
    393, 402, 411, 408, 400, 398, 389, 374, 361, 357, 356, 362, 370, 383,
    400, 396, 393, 390, 387, 376, 370, 370, 370, 372, 380, 387, 390, 400,
    395, 384, 372, 369, 369, 367, 369, 372, 383, 399, 407, 397, 383, 370,
    364, 363, 363, 363, 368, 374, 390, 385, 385, 389, 381, 375, 365, 359,
    351, 343, 335, 335, 330, 331, 329, 328, 331, 330, 328, 329, 330, 329,
    329, 328, 327, 326, 329, 327, 325, 326, 324, 325 ]
LHandPositionsY: [ 254, 253, 255, 253, 253, 243, 232, 224, 210, 196, 181,
    168, 156, 150, 140, 137, 123, 118, 115, 112, 120, 120, 124, 116, 112,
    116, 116, 116, 117, 115, 122, 130, 132, 132, 127, 119, 120, 123, 121,
    119, 116, 125, 134, 133, 137, 136, 129, 125, 125, 122, 120, 132, 136,
    146, 146, 146, 146, 144, 136, 129, 131, 129, 127, 130, 143, 149, 161,
    171, 179, 198, 204, 213, 225, 225, 233, 236, 237, 239, 240, 241, 242,
    240, 243, 242, 244, 243, 242, 243, 245, 241, 241 ]
RHandPositionsX: [ 176, 175, 179, 177, 178, 178, 176, 175, 175, 176, 177,
    178, 178, 178, 176, 179, 178, 176, 179, 179, 175, 177, 175, 177, 179,
    177, 177, 178, 177, 177, 175, 175, 175, 177, 176, 178, 176, 179, 176,
    175, 177, 179, 177, 178, 175, 176, 179, 179, 176, 179, 175, 178, 179,
    177, 177, 176, 178, 176, 176, 176, 178, 179, 179, 176, 178, 175, 177,
    176, 176, 177, 179, 178, 175, 175, 176, 175, 176, 178, 176, 175, 178,
    178, 177, 179, 176, 178, 176, 175, 177, 178, 179 ]
RHandPositionsY: [ 262, 262, 262, 258, 260, 258, 260, 259, 260, 259, 259,
    259, 261, 261, 258, 259, 261, 262, 258, 258, 258, 261, 262, 258, 260,
    262, 260, 262, 260, 260, 258, 258, 260, 260, 258, 260, 259, 261, 260,
    260, 260, 260, 260, 258, 259, 260, 262, 262, 262, 262, 261, 261, 261,
    261, 259, 258, 259, 258, 261, 259, 262, 260, 258, 261, 260, 261, 258,
    261, 258, 261, 259, 262, 258, 259, 262, 260, 261, 259, 261, 258, 261,
    261, 260, 262, 261, 259, 261, 258, 259, 258, 262 ]
