%YAML:1.0
---
videoName: "LHShake06.mp4"
gestureLabel: 2
fps: 29
pixelSizeInCmTemp: 3.3732394366197183e-01
faceCenterPointX: 250
faceCenterPointY: 80
LHandPositionsX: [ 384, 384, 385, 388, 386, 378, 376, 370, 369, 371, 377,
    382, 388, 392, 393, 393, 395, 386, 380, 377, 376, 377, 386, 389, 392,
    393, 392, 390, 386, 380, 377, 379, 384, 388, 389, 390, 387, 386, 379,
    379, 383, 383, 386, 390, 392, 389, 388, 384, 383, 377, 380, 385, 387,
    391, 396, 399, 397, 395, 391, 387, 381, 368, 359, 359, 355, 346, 335,
    325, 320, 313, 307, 308, 307, 303, 305, 300, 301, 301, 301, 301, 300,
    302, 299, 301, 302, 301, 300, 301 ]
LHandPositionsY: [ 149, 149, 143, 141, 138, 138, 137, 139, 138, 134, 134,
    127, 126, 126, 126, 128, 129, 131, 135, 135, 132, 134, 129, 129, 126,
    129, 126, 128, 129, 128, 129, 129, 128, 128, 125, 126, 127, 128, 126,
    125, 128, 128, 124, 127, 125, 127, 126, 125, 126, 129, 127, 126, 123,
    124, 122, 124, 123, 124, 125, 128, 132, 139, 145, 150, 160, 172, 189,
    205, 213, 223, 228, 235, 239, 243, 244, 245, 252, 253, 249, 254, 252,
    255, 252, 253, 254, 255, 254, 256 ]
RHandPositionsX: [ 210, 212, 212, 213, 211, 213, 210, 210, 213, 211, 210,
    212, 210, 212, 209, 212, 212, 212, 211, 212, 211, 209, 213, 213, 211,
    211, 212, 211, 209, 208, 211, 210, 210, 208, 211, 212, 209, 212, 211,
    208, 208, 210, 208, 212, 210, 210, 207, 208, 208, 208, 208, 210, 209,
    210, 210, 209, 211, 210, 207, 210, 209, 208, 207, 210, 208, 211, 211,
    211, 208, 210, 212, 210, 210, 211, 208, 211, 212, 212, 210, 210, 208,
    208, 210, 211, 211, 213, 210, 212 ]
RHandPositionsY: [ 272, 268, 271, 269, 271, 268, 270, 267, 269, 270, 270,
    269, 270, 266, 268, 268, 269, 266, 268, 267, 269, 266, 269, 267, 265,
    267, 269, 267, 266, 265, 265, 268, 266, 269, 267, 268, 265, 265, 267,
    266, 265, 266, 267, 266, 265, 267, 268, 267, 265, 268, 266, 267, 268,
    266, 265, 270, 265, 267, 268, 265, 269, 266, 269, 268, 265, 268, 269,
    268, 268, 266, 267, 267, 267, 268, 266, 269, 265, 265, 269, 266, 268,
    267, 268, 267, 265, 268, 267, 267 ]
