%YAML:1.0
---
videoName: "LHShake24.mp4"
gestureLabel: 2
fps: 30
pixelSizeInCmTemp: 3.4214285714285714e-01
faceCenterPointX: 255
faceCenterPointY: 77
LHandPositionsX: [ 327, 328, 326, 327, 329, 328, 327, 327, 328, 330, 333,
    333, 342, 346, 351, 363, 369, 374, 381, 380, 384, 378, 370, 359, 348,
    342, 340, 342, 341, 347, 360, 370, 379, 376, 374, 374, 366, 358, 347,
    336, 342, 338, 345, 355, 363, 363, 365, 366, 364, 352, 345, 339, 339,
    338, 346, 352, 363, 374, 370, 372, 367, 362, 353, 344, 346, 346, 345,
    354, 358, 367, 369, 366, 366, 357, 348, 340, 334, 331, 328, 324, 326,
    324, 325, 325, 324, 328, 327, 326, 325, 328, 324 ]
LHandPositionsY: [ 262, 264, 261, 260, 263, 264, 263, 261, 263, 261, 257,
    258, 249, 235, 224, 210, 195, 183, 171, 173, 158, 152, 149, 156, 156,
    161, 161, 162, 160, 161, 158, 152, 151, 148, 150, 146, 146, 148, 153,
    157, 152, 156, 154, 152, 150, 149, 151, 150, 152, 155, 157, 162, 162,
    165, 162, 159, 162, 157, 157, 156, 155, 160, 162, 162, 161, 163, 164,
    162, 158, 159, 157, 157, 157, 158, 161, 164, 170, 178, 186, 198, 210,
    220, 228, 230, 234, 240, 245, 245, 249, 248, 248 ]
RHandPositionsX: [ 180, 183, 183, 181, 182, 183, 182, 182, 180, 182, 181,
    180, 183, 179, 180, 181, 182, 183, 179, 183, 181, 181, 182, 180, 181,
    181, 179, 179, 183, 181, 179, 179, 181, 179, 179, 181, 179, 183, 179,
    182, 179, 179, 181, 182, 182, 180, 182, 183, 183, 182, 180, 182, 182,
    182, 180, 182, 180, 180, 182, 180, 179, 181, 181, 180, 181, 180, 180,
    183, 183, 181, 183, 180, 182, 181, 182, 180, 180, 183, 183, 183, 180,
    183, 181, 180, 179, 180, 181, 183, 182, 179, 180 ]
RHandPositionsY: [ 269, 267, 268, 269, 268, 267, 269, 268, 268, 267, 269,
    269, 269, 271, 267, 267, 267, 269, 270, 268, 271, 268, 269, 269, 268,
    271, 269, 270, 267, 267, 270, 267, 267, 270, 271, 271, 269, 271, 269,
    268, 269, 271, 267, 271, 268, 270, 270, 267, 270, 268, 268, 270, 268,
    267, 270, 271, 269, 270, 271, 268, 269, 267, 269, 270, 268, 269, 268,
    268, 268, 268, 271, 271, 268, 271, 270, 269, 271, 268, 269, 269, 269,
    268, 267, 270, 271, 268, 268, 268, 271, 270, 271 ]
