%YAML:1.0
---
videoName: "LHShake05.mp4"
gestureLabel: 2
fps: 30
pixelSizeInCmTemp: 3.2364864864864862e-01
faceCenterPointX: 252
faceCenterPointY: 81
LHandPositionsX: [ 293, 294, 295, 293, 295, 291, 293, 295, 293, 290, 294,
    294, 302, 312, 324, 335, 342, 340, 341, 340, 341, 336, 332, 328, 329,
    330, 333, 339, 339, 344, 344, 336, 333, 322, 323, 325, 327, 332, 334,
    339, 336, 328, 322, 323, 322, 325, 329, 330, 335, 339, 336, 327, 324,
    325, 324, 328, 331, 338, 339, 336, 334, 329, 330, 329, 330, 337, 340,
    338, 339, 335, 334, 325, 319, 317, 309, 308, 304, 300, 296, 293, 293,
    293, 292, 294, 294, 295, 291, 292, 295, 296, 295 ]
LHandPositionsY: [ 269, 270, 266, 266, 270, 266, 267, 267, 265, 256, 240,
    226, 210, 201, 187, 172, 165, 163, 159, 156, 155, 152, 155, 156, 152,
    151, 150, 145, 142, 135, 134, 136, 143, 149, 145, 149, 145, 138, 140,
    134, 132, 140, 144, 142, 144, 140, 139, 139, 134, 131, 137, 140, 141,
    143, 145, 144, 138, 138, 137, 137, 141, 141, 140, 141, 143, 143, 140,
    141, 137, 141, 141, 147, 163, 170, 180, 190, 199, 208, 221, 226, 236,
    237, 241, 244, 248, 247, 250, 253, 252, 257, 260 ]
RHandPositionsX: [ 210, 214, 212, 210, 212, 213, 212, 212, 214, 214, 211,
    213, 210, 212, 209, 210, 211, 209, 210, 208, 209, 210, 212, 212, 209,
    210, 209, 210, 210, 207, 209, 210, 210, 209, 206, 209, 208, 209, 208,
    206, 210, 207, 207, 206, 208, 210, 208, 206, 209, 206, 209, 208, 209,
    206, 206, 207, 208, 207, 206, 209, 207, 210, 209, 210, 210, 207, 209,
    209, 207, 210, 208, 210, 207, 206, 208, 209, 208, 207, 207, 207, 209,
    207, 210, 207, 208, 211, 211, 211, 211, 208, 209 ]
RHandPositionsY: [ 263, 262, 263, 265, 262, 264, 265, 265, 266, 264, 266,
    263, 265, 262, 266, 266, 266, 265, 263, 263, 264, 264, 263, 266, 266,
    263, 265, 265, 264, 263, 263, 264, 265, 266, 265, 261, 263, 264, 263,
    264, 262, 261, 264, 263, 261, 265, 261, 264, 264, 264, 264, 263, 263,
    261, 265, 265, 263, 265, 265, 264, 265, 265, 262, 262, 261, 261, 263,
    263, 262, 262, 264, 264, 261, 261, 261, 265, 265, 265, 261, 262, 263,
    264, 261, 264, 261, 264, 264, 262, 264, 265, 262 ]
