%YAML:1.0
---
videoName: "LHShake10.mp4"
gestureLabel: 2
fps: 29
pixelSizeInCmTemp: 3.4214285714285714e-01
faceCenterPointX: 253
faceCenterPointY: 65
LHandPositionsX: [ 335, 334, 338, 338, 336, 340, 341, 346, 352, 360, 366,
    374, 383, 392, 395, 394, 393, 386, 376, 365, 354, 352, 352, 354, 359,
    369, 382, 392, 392, 394, 392, 383, 377, 365, 356, 359, 360, 364, 367,
    372, 372, 372, 372, 369, 370, 362, 355, 345, 345, 343, 344, 353, 360,
    371, 379, 382, 379, 376, 366, 356, 349, 348, 349, 347, 355, 365, 373,
    382, 376, 380, 376, 371, 369, 362, 357, 347, 345, 344, 341, 336, 333,
    336, 333, 337, 336, 334, 336, 335 ]
LHandPositionsY: [ 270, 272, 268, 270, 271, 270, 267, 262, 250, 239, 223,
    209, 192, 178, 168, 153, 140, 136, 135, 138, 146, 146, 148, 151, 151,
    150, 137, 140, 141, 142, 140, 143, 149, 148, 149, 152, 152, 146, 138,
    132, 135, 133, 132, 133, 132, 130, 136, 141, 145, 143, 146, 143, 138,
    142, 142, 141, 143, 142, 144, 149, 153, 151, 152, 151, 151, 149, 149,
    145, 145, 144, 147, 154, 158, 164, 175, 183, 192, 208, 220, 231, 244,
    251, 251, 256, 257, 257, 259, 257 ]
RHandPositionsX: [ 175, 176, 175, 176, 173, 172, 174, 175, 175, 176, 175,
    175, 172, 173, 172, 172, 172, 172, 171, 174, 173, 175, 171, 173, 173,
    173, 172, 172, 171, 175, 175, 175, 173, 173, 172, 171, 173, 173, 175,
    173, 172, 172, 174, 174, 175, 172, 175, 175, 171, 175, 171, 172, 173,
    173, 172, 173, 172, 174, 171, 172, 171, 175, 171, 172, 171, 175, 173,
    172, 171, 175, 175, 173, 174, 173, 174, 174, 173, 173, 174, 173, 172,
    175, 173, 175, 172, 172, 172, 173 ]
RHandPositionsY: [ 278, 274, 275, 275, 275, 274, 274, 275, 277, 277, 277,
    276, 277, 275, 275, 275, 276, 277, 274, 274, 274, 277, 276, 275, 278,
    274, 276, 278, 276, 277, 277, 278, 274, 278, 277, 274, 275, 276, 278,
    274, 277, 277, 276, 276, 277, 275, 274, 276, 275, 275, 276, 277, 275,
    278, 277, 275, 274, 278, 274, 278, 275, 278, 276, 277, 276, 277, 274,
    277, 274, 277, 276, 274, 278, 277, 276, 275, 274, 275, 277, 275, 276,
    274, 276, 276, 276, 276, 274, 274 ]
