%YAML:1.0
---
videoName: "LHShake05.mp4"
gestureLabel: 2
fps: 30
pixelSizeInCmTemp: 3.2364864864864862e-01
faceCenterPointX: 252
faceCenterPointY: 81
LHandPositionsX: [ 294, 295, 295, 295, 295, 291, 292, 295, 291, 291, 291,
    295, 301, 311, 323, 334, 344, 342, 342, 338, 340, 336, 329, 332, 332,
    331, 332, 336, 339, 344, 346, 339, 330, 321, 325, 325, 328, 331, 336,
    339, 339, 329, 320, 323, 319, 322, 325, 332, 336, 338, 332, 330, 324,
    326, 326, 327, 329, 337, 341, 336, 335, 330, 329, 331, 330, 336, 338,
    340, 341, 338, 334, 324, 321, 313, 311, 307, 304, 301, 295, 295, 293,
    296, 294, 293, 294, 293, 295, 295, 291, 294, 294 ]
LHandPositionsY: [ 266, 268, 267, 270, 268, 269, 268, 266, 262, 256, 244,
    225, 211, 200, 187, 174, 165, 161, 156, 154, 152, 154, 156, 157, 153,
    152, 149, 146, 139, 134, 133, 136, 143, 147, 147, 148, 144, 141, 139,
    135, 132, 138, 141, 141, 141, 140, 139, 138, 133, 131, 137, 139, 139,
    142, 142, 145, 142, 139, 134, 138, 138, 144, 142, 142, 144, 139, 137,
    137, 135, 139, 143, 147, 162, 169, 177, 190, 199, 208, 220, 227, 235,
    234, 240, 244, 247, 248, 249, 250, 253, 256, 257 ]
RHandPositionsX: [ 210, 211, 212, 210, 210, 214, 213, 214, 211, 211, 211,
    209, 213, 209, 209, 213, 209, 211, 211, 212, 208, 208, 210, 212, 209,
    207, 211, 209, 208, 209, 208, 209, 206, 209, 206, 208, 208, 209, 206,
    206, 209, 209, 207, 209, 209, 208, 210, 207, 206, 206, 210, 208, 210,
    206, 210, 207, 209, 209, 210, 209, 206, 209, 209, 206, 208, 209, 210,
    206, 206, 208, 208, 207, 206, 207, 206, 208, 206, 208, 210, 209, 209,
    210, 209, 206, 207, 210, 208, 210, 212, 208, 209 ]
RHandPositionsY: [ 262, 263, 264, 262, 263, 262, 265, 266, 265, 263, 264,
    262, 264, 264, 263, 266, 265, 262, 264, 266, 265, 266, 263, 266, 262,
    263, 265, 263, 264, 263, 263, 264, 266, 266, 263, 264, 265, 262, 262,
    263, 262, 262, 263, 261, 261, 261, 263, 265, 265, 262, 263, 261, 263,
    262, 261, 261, 264, 265, 263, 262, 263, 265, 263, 264, 263, 261, 264,
    264, 265, 261, 263, 265, 261, 263, 265, 261, 263, 262, 264, 261, 265,
    265, 264, 263, 262, 261, 261, 261, 262, 264, 265 ]
