%YAML:1.0
---
videoName: "LHShake03.mp4"
gestureLabel: 2
fps: 30
pixelSizeInCmTemp: 3.2808219178082193e-01
faceCenterPointX: 251
faceCenterPointY: 79
LHandPositionsX: [ 345, 348, 352, 357, 358, 355, 354, 348, 337, 329, 315,
    318, 317, 313, 314, 322, 325, 333, 333, 333, 339, 337, 334, 328, 323,
    323, 325, 321, 326, 328, 332, 339, 345, 341, 336, 320, 315, 312, 309,
    314, 316, 323, 328, 332, 336, 337, 331, 328, 326, 325, 326, 327, 330,
    337, 342, 345, 340, 333, 335, 337, 337, 327, 322, 317, 313, 311, 308,
    301, 299, 300, 295, 294, 298, 293, 296, 294, 293, 289, 293, 289, 291,
    290, 292, 287, 289, 289, 285, 286, 284, 284, 284 ]
LHandPositionsY: [ 143, 134, 127, 119, 114, 111, 107, 101, 97, 96, 104,
    104, 106, 102, 95, 96, 91, 90, 87, 88, 85, 84, 88, 87, 86, 89, 92,
    88, 90, 86, 88, 84, 82, 82, 83, 89, 92, 93, 98, 95, 92, 92, 88, 87,
    88, 87, 88, 85, 89, 93, 92, 94, 91, 85, 87, 88, 93, 93, 98, 100, 115,
    133, 141, 157, 168, 177, 184, 198, 204, 216, 222, 220, 225, 227, 232,
    236, 238, 242, 245, 249, 248, 248, 251, 250, 255, 251, 254, 254, 255,
    254, 251 ]
RHandPositionsX: [ 215, 215, 216, 215, 215, 215, 211, 211, 212, 214, 215,
    213, 214, 214, 213, 211, 214, 212, 212, 214, 214, 212, 213, 213, 211,
    213, 211, 212, 215, 212, 212, 214, 215, 211, 215, 215, 212, 212, 215,
    212, 214, 211, 215, 212, 212, 211, 215, 212, 212, 214, 214, 212, 214,
    212, 214, 212, 211, 211, 211, 212, 210, 210, 214, 213, 213, 211, 213,
    212, 213, 212, 211, 212, 213, 214, 212, 211, 214, 212, 210, 213, 212,
    214, 213, 211, 214, 212, 212, 214, 213, 213, 214 ]
RHandPositionsY: [ 255, 258, 255, 258, 255, 256, 252, 256, 254, 254, 253,
    252, 252, 252, 256, 253, 252, 252, 253, 251, 252, 254, 254, 255, 253,
    254, 255, 254, 254, 252, 255, 252, 254, 251, 252, 255, 251, 254, 255,
    254, 252, 251, 252, 251, 251, 255, 251, 251, 255, 255, 252, 251, 252,
    252, 251, 252, 254, 252, 254, 255, 252, 253, 251, 255, 252, 253, 253,
    251, 252, 251, 251, 252, 253, 255, 251, 252, 254, 255, 254, 253, 251,
    254, 253, 255, 254, 252, 255, 255, 254, 252, 251 ]
