%YAML:1.0
---
videoName: "LHShake08.mp4"
gestureLabel: 2
fps: 29
pixelSizeInCmTemp: 3.4710144927536229e-01
faceCenterPointX: 261
faceCenterPointY: 69
LHandPositionsX: [ 338, 339, 344, 344, 350, 345, 354, 365, 369, 373, 376,
    374, 376, 368, 357, 347, 341, 339, 341, 345, 347, 359, 369, 366, 361,
    358, 357, 352, 345, 338, 340, 336, 343, 352, 357, 364, 366, 365, 369,
    364, 354, 343, 335, 338, 338, 337, 340, 348, 359, 356, 355, 359, 355,
    349, 345, 345, 344, 340, 345, 347, 354, 362, 372, 369, 371, 370, 366,
    360, 353, 343, 337, 333, 334, 332, 332, 332, 335, 335, 338, 338, 338,
    335, 339, 336, 337, 335, 339, 338 ]
LHandPositionsY: [ 269, 265, 262, 254, 249, 237, 218, 199, 187, 175, 162,
    154, 143, 145, 145, 144, 148, 153, 150, 149, 146, 146, 140, 138, 138,
    138, 140, 144, 148, 156, 153, 152, 154, 153, 146, 150, 149, 150, 147,
    151, 154, 157, 158, 162, 160, 163, 158, 158, 158, 157, 153, 154, 153,
    155, 160, 161, 158, 162, 160, 156, 156, 152, 148, 145, 146, 148, 149,
    155, 160, 165, 173, 186, 196, 207, 219, 233, 245, 245, 246, 251, 255,
    256, 252, 253, 258, 257, 257, 256 ]
RHandPositionsX: [ 175, 173, 175, 172, 172, 174, 173, 173, 173, 172, 174,
    174, 176, 176, 176, 175, 174, 174, 174, 176, 174, 172, 174, 175, 175,
    173, 174, 172, 172, 173, 174, 174, 174, 176, 174, 175, 174, 176, 177,
    178, 175, 173, 174, 175, 177, 178, 176, 178, 176, 178, 174, 175, 177,
    175, 177, 174, 175, 175, 177, 174, 177, 175, 176, 176, 174, 177, 176,
    177, 178, 176, 177, 177, 177, 178, 177, 174, 174, 174, 176, 175, 175,
    176, 174, 177, 176, 176, 174, 175 ]
RHandPositionsY: [ 273, 275, 277, 274, 275, 277, 274, 273, 273, 274, 276,
    275, 277, 274, 275, 276, 274, 274, 274, 277, 277, 274, 277, 275, 277,
    276, 276, 274, 276, 277, 273, 276, 274, 275, 273, 274, 273, 275, 277,
    275, 276, 277, 274, 276, 277, 276, 277, 275, 276, 274, 276, 274, 275,
    275, 274, 274, 274, 273, 277, 273, 275, 273, 275, 277, 277, 275, 276,
    275, 275, 273, 273, 277, 277, 273, 275, 275, 275, 276, 275, 277, 273,
    277, 277, 275, 273, 275, 277, 274 ]
