%YAML:1.0
---
videoName: "LHShake20.mp4"
gestureLabel: 2
fps: 30
pixelSizeInCmTemp: 3.3732394366197183e-01
faceCenterPointX: 249
faceCenterPointY: 62
LHandPositionsX: [ 312, 312, 315, 313, 312, 317, 313, 312, 314, 318, 319,
    325, 334, 337, 342, 339, 329, 321, 311, 315, 310, 312, 317, 328, 338,
    338, 340, 340, 330, 320, 320, 318, 319, 322, 334, 339, 342, 340, 332,
    325, 324, 322, 323, 328, 332, 333, 328, 331, 322, 322, 320, 319, 318,
    324, 323, 329, 331, 325, 322, 321, 317, 319, 320, 318, 319, 321, 321,
    321, 318, 313, 315, 311, 313, 313, 314, 312, 314, 315, 315, 314, 315,
    314, 316, 313, 316, 316, 316, 312, 316, 313, 313 ]
LHandPositionsY: [ 247, 246, 250, 249, 246, 245, 244, 243, 235, 229, 218,
    204, 187, 180, 172, 165, 159, 158, 160, 160, 157, 156, 147, 147, 146,
    142, 145, 143, 142, 143, 150, 149, 149, 146, 142, 143, 143, 144, 142,
    147, 149, 149, 145, 142, 141, 139, 142, 140, 143, 148, 149, 148, 146,
    144, 139, 137, 138, 134, 135, 141, 144, 144, 145, 146, 148, 150, 159,
    168, 180, 188, 204, 214, 216, 219, 225, 229, 232, 230, 230, 233, 230,
    235, 232, 234, 237, 238, 238, 240, 237, 239, 236 ]
RHandPositionsX: [ 179, 183, 179, 182, 182, 183, 179, 179, 181, 182, 180,
    181, 180, 179, 181, 182, 179, 180, 182, 182, 182, 181, 183, 183, 180,
    181, 179, 182, 179, 182, 179, 182, 181, 180, 179, 179, 182, 181, 182,
    181, 181, 181, 182, 181, 180, 179, 181, 182, 181, 182, 180, 181, 180,
    182, 180, 181, 181, 181, 179, 179, 183, 183, 179, 183, 179, 182, 183,
    183, 181, 181, 179, 181, 181, 179, 183, 181, 182, 178, 178, 179, 179,
    181, 181, 181, 182, 182, 179, 178, 180, 180, 182 ]
RHandPositionsY: [ 254, 254, 255, 255, 256, 255, 257, 255, 255, 254, 252,
    253, 256, 252, 254, 253, 253, 253, 253, 255, 254, 256, 256, 254, 252,
    253, 254, 255, 253, 256, 255, 252, 252, 252, 253, 254, 254, 254, 251,
    255, 252, 251, 253, 251, 251, 252, 254, 253, 252, 255, 253, 253, 253,
    253, 253, 252, 255, 255, 254, 254, 254, 254, 251, 253, 252, 252, 255,
    255, 252, 255, 251, 255, 251, 251, 255, 252, 251, 252, 251, 253, 255,
    251, 254, 253, 253, 253, 255, 254, 255, 253, 252 ]
