%YAML:1.0
---
videoName: "LHShake15.mp4"
gestureLabel: 2
fps: 29
pixelSizeInCmTemp: 3.3263888888888887e-01
faceCenterPointX: 252
faceCenterPointY: 65
LHandPositionsX: [ 331, 331, 328, 329, 327, 327, 329, 329, 332, 330, 337,
    339, 345, 351, 356, 365, 367, 375, 381, 381, 377, 381, 366, 359, 345,
    341, 342, 342, 347, 355, 359, 358, 358, 363, 358, 346, 334, 330, 331,
    335, 343, 352, 355, 351, 349, 355, 350, 334, 328, 330, 329, 340, 354,
    355, 351, 350, 358, 356, 344, 338, 335, 330, 335, 341, 344, 352, 349,
    350, 349, 347, 343, 335, 329, 325, 321, 322, 319, 322, 322, 326, 323,
    327, 325, 328, 325, 325, 327, 324 ]
LHandPositionsY: [ 257, 254, 254, 256, 254, 257, 258, 257, 251, 253, 241,
    230, 215, 203, 184, 171, 154, 137, 120, 121, 119, 104, 104, 101, 105,
    104, 102, 98, 98, 98, 94, 94, 93, 95, 96, 95, 97, 97, 99, 98, 98, 93,
    96, 95, 99, 100, 101, 98, 101, 101, 98, 95, 95, 96, 94, 95, 95, 101,
    99, 99, 100, 102, 99, 97, 102, 101, 102, 102, 102, 99, 104, 123, 137,
    152, 167, 178, 194, 208, 221, 232, 232, 233, 241, 240, 242, 241, 241,
    244 ]
RHandPositionsX: [ 175, 179, 178, 177, 175, 178, 178, 178, 178, 179, 179,
    178, 178, 175, 177, 177, 179, 177, 177, 177, 175, 177, 175, 177, 179,
    177, 177, 179, 176, 179, 179, 179, 175, 177, 176, 175, 176, 175, 179,
    179, 177, 179, 175, 176, 178, 176, 175, 177, 177, 177, 179, 179, 176,
    177, 177, 178, 178, 175, 176, 179, 177, 178, 176, 176, 177, 177, 175,
    175, 177, 179, 177, 176, 175, 178, 178, 178, 176, 176, 175, 179, 176,
    176, 176, 179, 177, 177, 179, 177 ]
RHandPositionsY: [ 259, 261, 261, 257, 259, 257, 257, 257, 259, 259, 261,
    259, 259, 260, 259, 257, 259, 257, 260, 257, 261, 257, 258, 260, 258,
    257, 261, 257, 260, 261, 258, 258, 258, 258, 258, 261, 257, 260, 260,
    257, 258, 257, 259, 260, 261, 257, 258, 261, 260, 260, 257, 261, 260,
    258, 258, 257, 257, 260, 258, 261, 258, 259, 259, 260, 257, 261, 260,
    260, 260, 261, 260, 260, 260, 259, 260, 259, 261, 260, 258, 257, 261,
    258, 257, 258, 257, 259, 261, 257 ]
