%YAML:1.0
---
videoName: "LHShake06.mp4"
gestureLabel: 2
fps: 29
pixelSizeInCmTemp: 3.3732394366197183e-01
faceCenterPointX: 250
faceCenterPointY: 80
LHandPositionsX: [ 380, 383, 388, 384, 383, 382, 373, 371, 369, 370, 375,
    386, 389, 390, 395, 393, 392, 387, 379, 376, 377, 378, 387, 391, 392,
    394, 392, 387, 385, 378, 381, 378, 384, 390, 391, 388, 388, 383, 382,
    380, 381, 380, 385, 390, 392, 392, 389, 384, 379, 380, 381, 384, 385,
    391, 398, 400, 398, 396, 393, 387, 380, 370, 361, 361, 353, 345, 335,
    325, 321, 312, 305, 307, 303, 305, 304, 300, 302, 301, 303, 299, 302,
    300, 302, 302, 298, 301, 300, 301 ]
LHandPositionsY: [ 151, 146, 144, 142, 136, 137, 135, 138, 135, 136, 131,
    128, 127, 128, 129, 127, 130, 132, 134, 133, 133, 133, 132, 131, 128,
    126, 125, 126, 126, 131, 127, 129, 127, 125, 127, 125, 125, 128, 128,
    126, 129, 129, 124, 124, 125, 127, 124, 128, 129, 125, 124, 126, 126,
    123, 122, 122, 122, 125, 123, 127, 133, 139, 146, 151, 160, 173, 193,
    209, 212, 223, 228, 235, 236, 239, 243, 245, 250, 253, 250, 252, 254,
    252, 255, 253, 255, 254, 255, 257 ]
RHandPositionsX: [ 214, 210, 209, 210, 212, 210, 213, 209, 210, 209, 210,
    211, 211, 210, 212, 209, 211, 210, 212, 212, 209, 211, 209, 210, 213,
    213, 209, 213, 213, 212, 211, 209, 209, 209, 210, 209, 209, 211, 211,
    209, 209, 211, 209, 208, 208, 210, 210, 207, 209, 209, 211, 211, 207,
    209, 207, 209, 209, 209, 207, 208, 210, 207, 209, 210, 209, 207, 209,
    208, 207, 209, 211, 209, 209, 211, 209, 209, 208, 212, 211, 209, 209,
    208, 209, 210, 209, 212, 210, 209 ]
RHandPositionsY: [ 271, 271, 268, 267, 269, 270, 270, 269, 270, 271, 270,
    270, 268, 266, 270, 266, 270, 266, 267, 269, 268, 267, 267, 265, 268,
    268, 269, 267, 265, 265, 267, 268, 269, 269, 269, 267, 265, 267, 269,
    269, 265, 269, 268, 269, 269, 267, 266, 265, 266, 269, 268, 265, 267,
    269, 266, 267, 265, 267, 268, 265, 268, 269, 268, 269, 266, 265, 267,
    267, 265, 267, 266, 265, 269, 267, 267, 266, 268, 267, 266, 268, 269,
    267, 266, 268, 265, 266, 268, 267 ]
