%YAML:1.0
---
videoName: "LHShake00.mp4"
gestureLabel: 2
fps: 29
pixelSizeInCmTemp: 3.4214285714285714e-01
faceCenterPointX: 252
faceCenterPointY: 85
LHandPositionsX: [ 351, 350, 351, 349, 354, 355, 360, 355, 351, 342, 334,
    326, 325, 323, 321, 322, 327, 331, 336, 336, 341, 339, 330, 326, 324,
    327, 324, 330, 335, 338, 338, 341, 339, 332, 323, 321, 325, 325, 332,
    335, 340, 344, 342, 340, 335, 325, 323, 324, 327, 330, 330, 337, 341,
    343, 342, 334, 327, 325, 322, 322, 327, 332, 333, 337, 336, 341, 339,
    339, 338, 331, 328, 328, 324, 326, 330, 329, 330, 332, 334, 335, 338,
    342, 341, 339, 341, 341, 340, 343 ]
LHandPositionsY: [ 256, 250, 245, 229, 209, 187, 172, 149, 135, 134, 135,
    136, 138, 134, 136, 134, 134, 133, 125, 128, 127, 125, 129, 132, 131,
    135, 132, 132, 131, 127, 123, 122, 121, 129, 132, 133, 136, 135, 131,
    127, 128, 124, 124, 120, 125, 133, 134, 134, 132, 130, 131, 125, 123,
    120, 122, 128, 127, 129, 128, 128, 127, 123, 121, 121, 120, 119, 117,
    124, 139, 149, 162, 166, 164, 175, 183, 193, 199, 206, 215, 217, 226,
    229, 226, 234, 237, 236, 235, 234 ]
RHandPositionsX: [ 154, 155, 154, 156, 152, 155, 155, 152, 152, 156, 155,
    155, 155, 155, 156, 154, 154, 156, 155, 156, 156, 152, 155, 156, 152,
    154, 153, 156, 152, 156, 154, 155, 153, 153, 153, 155, 152, 152, 152,
    154, 154, 155, 152, 154, 156, 153, 154, 152, 152, 153, 153, 154, 152,
    152, 156, 155, 155, 153, 152, 156, 155, 153, 155, 154, 156, 154, 154,
    152, 153, 155, 155, 152, 153, 155, 154, 154, 153, 156, 152, 153, 154,
    154, 152, 156, 155, 153, 153, 154 ]
RHandPositionsY: [ 275, 278, 277, 276, 277, 277, 277, 276, 275, 272, 274,
    270, 274, 272, 272, 270, 269, 270, 269, 270, 268, 268, 269, 267, 269,
    269, 268, 267, 265, 264, 267, 266, 267, 264, 262, 264, 263, 262, 265,
    265, 265, 263, 264, 264, 261, 264, 262, 260, 261, 263, 264, 261, 261,
    264, 261, 260, 260, 261, 260, 263, 260, 260, 264, 261, 263, 262, 264,
    264, 264, 262, 262, 261, 262, 260, 262, 261, 264, 263, 260, 262, 264,
    261, 262, 264, 262, 261, 261, 262 ]
