%YAML:1.0
---
videoName: "LHShake22.mp4"
gestureLabel: 2
fps: 29
pixelSizeInCmTemp: 3.5220588235294115e-01
faceCenterPointX: 261
faceCenterPointY: 79
LHandPositionsX: [ 335, 345, 349, 357, 353, 358, 357, 352, 344, 339, 330,
    318, 318, 319, 319, 321, 332, 337, 345, 345, 346, 344, 339, 331, 323,
    321, 325, 324, 330, 338, 343, 343, 341, 335, 332, 321, 315, 319, 318,
    320, 327, 333, 334, 337, 333, 328, 324, 318, 321, 320, 323, 331, 335,
    342, 342, 343, 339, 332, 324, 321, 318, 314, 319, 324, 330, 335, 335,
    336, 336, 333, 326, 324, 319, 320, 318, 324, 323, 327, 325, 327, 326,
    325, 326, 324, 327, 327, 323, 324 ]
LHandPositionsY: [ 261, 256, 248, 235, 234, 218, 207, 203, 192, 188, 185,
    184, 183, 186, 181, 182, 178, 174, 175, 172, 172, 173, 171, 176, 180,
    179, 177, 176, 178, 175, 173, 171, 171, 170, 174, 180, 181, 183, 183,
    185, 181, 179, 177, 174, 175, 176, 177, 183, 179, 183, 181, 183, 177,
    178, 177, 177, 174, 177, 180, 182, 184, 184, 182, 182, 177, 177, 178,
    180, 184, 188, 195, 204, 212, 218, 229, 238, 240, 242, 246, 246, 247,
    249, 248, 248, 251, 251, 249, 248 ]
RHandPositionsX: [ 193, 189, 189, 193, 190, 192, 189, 191, 193, 190, 193,
    192, 190, 191, 190, 191, 192, 193, 191, 192, 192, 190, 193, 192, 193,
    193, 191, 191, 189, 191, 193, 192, 189, 189, 189, 189, 192, 193, 189,
    189, 189, 192, 189, 191, 190, 192, 189, 189, 189, 193, 193, 189, 192,
    189, 192, 189, 190, 192, 193, 192, 193, 189, 193, 193, 192, 190, 191,
    193, 191, 189, 189, 190, 192, 193, 190, 189, 191, 193, 193, 189, 193,
    192, 193, 191, 189, 191, 190, 189 ]
RHandPositionsY: [ 270, 270, 269, 266, 268, 269, 266, 267, 267, 267, 266,
    269, 266, 268, 269, 268, 270, 266, 269, 267, 266, 269, 269, 266, 270,
    268, 267, 268, 268, 268, 268, 268, 267, 269, 267, 267, 266, 270, 268,
    266, 268, 267, 268, 267, 266, 270, 269, 270, 268, 268, 266, 267, 266,
    266, 268, 270, 268, 266, 267, 270, 267, 269, 266, 266, 267, 270, 266,
    267, 268, 267, 268, 269, 270, 267, 270, 268, 268, 268, 268, 266, 269,
    270, 266, 266, 270, 269, 266, 269 ]
