%YAML:1.0
---
videoName: "LHShake10.mp4"
gestureLabel: 2
fps: 29
pixelSizeInCmTemp: 3.4214285714285714e-01
faceCenterPointX: 253
faceCenterPointY: 65
LHandPositionsX: [ 336, 334, 337, 338, 334, 339, 342, 348, 352, 360, 368,
    378, 381, 393, 396, 397, 394, 383, 375, 366, 358, 353, 352, 352, 358,
    369, 381, 390, 392, 393, 390, 383, 375, 364, 355, 360, 360, 363, 367,
    374, 371, 370, 373, 371, 369, 365, 352, 346, 346, 345, 347, 352, 360,
    373, 382, 378, 382, 375, 367, 355, 349, 350, 348, 351, 356, 365, 372,
    383, 379, 380, 375, 371, 367, 360, 357, 349, 345, 341, 337, 336, 333,
    338, 337, 333, 337, 335, 336, 333 ]
LHandPositionsY: [ 272, 270, 270, 268, 271, 268, 266, 262, 252, 237, 224,
    209, 192, 178, 166, 154, 141, 137, 133, 142, 144, 146, 145, 148, 151,
    150, 140, 138, 139, 139, 144, 146, 149, 150, 150, 148, 149, 146, 140,
    130, 131, 136, 134, 134, 132, 129, 140, 144, 144, 142, 142, 147, 140,
    140, 141, 143, 142, 145, 146, 150, 152, 152, 153, 149, 149, 152, 149,
    148, 146, 145, 149, 155, 157, 163, 172, 182, 193, 208, 221, 231, 243,
    255, 251, 255, 255, 257, 259, 260 ]
RHandPositionsX: [ 176, 174, 172, 176, 175, 175, 172, 175, 172, 173, 173,
    172, 176, 174, 174, 172, 171, 173, 172, 172, 171, 175, 175, 173, 174,
    174, 175, 172, 174, 171, 171, 173, 174, 171, 172, 175, 172, 175, 173,
    172, 171, 174, 172, 173, 175, 171, 174, 174, 171, 172, 172, 175, 173,
    175, 172, 174, 175, 172, 171, 175, 175, 173, 172, 172, 174, 171, 174,
    175, 174, 175, 172, 174, 173, 171, 173, 174, 171, 174, 174, 172, 175,
    172, 172, 173, 173, 175, 174, 171 ]
RHandPositionsY: [ 276, 277, 277, 275, 274, 277, 276, 274, 274, 274, 277,
    276, 276, 278, 278, 277, 276, 278, 276, 275, 276, 277, 276, 275, 278,
    274, 274, 275, 276, 277, 277, 278, 276, 274, 276, 278, 274, 277, 276,
    278, 276, 277, 278, 277, 274, 274, 276, 276, 276, 274, 278, 276, 276,
    275, 274, 276, 278, 274, 277, 275, 278, 277, 276, 276, 276, 276, 274,
    278, 274, 275, 278, 275, 276, 275, 274, 274, 277, 278, 278, 277, 277,
    274, 278, 278, 276, 278, 276, 275 ]
