%YAML:1.0
---
videoName: "LHShake14.mp4"
gestureLabel: 2
fps: 29
pixelSizeInCmTemp: 3.2808219178082193e-01
faceCenterPointX: 256
faceCenterPointY: 64
LHandPositionsX: [ 350, 352, 352, 355, 368, 383, 391, 387, 386, 378, 369,
    357, 361, 356, 361, 369, 381, 383, 384, 380, 375, 361, 355, 355, 352,
    360, 366, 378, 387, 385, 383, 377, 366, 360, 360, 355, 360, 370, 379,
    380, 384, 380, 372, 359, 360, 358, 361, 363, 374, 379, 378, 376, 372,
    363, 358, 349, 343, 339, 331, 331, 329, 329, 329, 328, 329, 333, 328,
    331, 330, 331, 330, 328, 330, 331, 328, 330, 328, 331, 330, 327, 327,
    330, 327, 331, 328, 329, 331, 331 ]
LHandPositionsY: [ 148, 147, 148, 147, 139, 139, 143, 142, 141, 143, 143,
    150, 147, 146, 145, 145, 141, 140, 137, 137, 138, 145, 145, 149, 149,
    145, 147, 145, 142, 141, 141, 140, 144, 144, 147, 149, 147, 145, 143,
    142, 144, 140, 142, 143, 141, 143, 143, 142, 139, 140, 145, 144, 148,
    155, 158, 166, 176, 187, 201, 210, 220, 234, 233, 238, 240, 246, 248,
    251, 250, 251, 250, 249, 250, 250, 251, 249, 249, 249, 252, 252, 252,
    248, 252, 248, 251, 250, 251, 249 ]
RHandPositionsX: [ 185, 181, 181, 184, 181, 180, 181, 180, 182, 183, 181,
    181, 178, 180, 178, 178, 180, 177, 178, 175, 177, 175, 176, 179, 175,
    179, 176, 175, 178, 175, 178, 176, 175, 175, 179, 177, 176, 179, 177,
    178, 177, 175, 175, 176, 176, 176, 176, 177, 179, 177, 176, 178, 179,
    176, 178, 177, 176, 177, 179, 177, 178, 179, 179, 178, 179, 177, 175,
    179, 178, 176, 178, 177, 178, 179, 176, 178, 177, 178, 177, 175, 178,
    176, 177, 179, 175, 177, 176, 179 ]
RHandPositionsY: [ 280, 276, 275, 277, 275, 277, 279, 278, 276, 275, 276,
    275, 275, 274, 275, 276, 275, 273, 277, 276, 276, 277, 277, 276, 276,
    273, 275, 274, 277, 277, 273, 274, 275, 274, 273, 277, 277, 275, 278,
    276, 275, 274, 273, 277, 275, 275, 276, 273, 274, 275, 275, 274, 277,
    277, 276, 277, 277, 274, 274, 277, 276, 273, 274, 275, 274, 277, 276,
    277, 274, 275, 275, 276, 276, 277, 275, 275, 277, 273, 274, 275, 274,
    276, 277, 275, 275, 275, 275, 276 ]
