%YAML:1.0
---
videoName: "LHShake15.mp4"
gestureLabel: 2
fps: 29
pixelSizeInCmTemp: 3.3263888888888887e-01
faceCenterPointX: 252
faceCenterPointY: 65
LHandPositionsX: [ 331, 328, 327, 331, 328, 329, 328, 331, 330, 328, 334,
    342, 348, 351, 356, 364, 368, 375, 380, 380, 380, 380, 365, 361, 347,
    343, 340, 338, 348, 355, 363, 362, 359, 361, 356, 346, 333, 328, 331,
    333, 346, 353, 357, 354, 351, 352, 349, 333, 327, 327, 332, 343, 354,
    357, 354, 353, 355, 353, 344, 338, 335, 330, 334, 340, 345, 349, 351,
    349, 348, 347, 342, 336, 326, 324, 324, 319, 321, 320, 322, 324, 323,
    325, 325, 325, 326, 327, 327, 325 ]
LHandPositionsY: [ 258, 257, 254, 256, 255, 254, 255, 255, 252, 253, 243,
    229, 217, 202, 186, 173, 157, 136, 122, 120, 118, 105, 104, 100, 104,
    103, 103, 99, 99, 98, 92, 93, 94, 92, 96, 98, 98, 99, 99, 97, 95, 95,
    96, 94, 96, 96, 102, 98, 100, 101, 97, 94, 91, 95, 93, 97, 95, 98,
    101, 101, 99, 100, 97, 97, 98, 103, 101, 102, 102, 99, 105, 119, 135,
    150, 165, 179, 194, 205, 218, 232, 230, 234, 239, 238, 241, 241, 239,
    240 ]
RHandPositionsX: [ 177, 179, 176, 175, 177, 179, 176, 177, 179, 176, 177,
    176, 177, 175, 179, 175, 179, 175, 178, 178, 177, 176, 178, 176, 176,
    176, 175, 179, 179, 179, 177, 178, 177, 179, 179, 175, 177, 177, 177,
    175, 175, 177, 179, 179, 177, 178, 177, 178, 178, 175, 176, 179, 178,
    179, 179, 178, 178, 176, 175, 175, 179, 176, 178, 175, 176, 178, 175,
    179, 179, 175, 176, 175, 179, 176, 178, 177, 179, 179, 175, 178, 176,
    179, 179, 178, 177, 179, 179, 178 ]
RHandPositionsY: [ 260, 261, 261, 257, 260, 257, 260, 257, 258, 258, 257,
    258, 260, 260, 258, 257, 258, 258, 258, 260, 259, 258, 260, 257, 258,
    258, 260, 259, 260, 259, 258, 257, 258, 260, 260, 261, 259, 260, 257,
    257, 258, 261, 261, 260, 261, 258, 261, 258, 258, 260, 260, 260, 260,
    261, 260, 257, 259, 259, 259, 260, 258, 259, 257, 259, 258, 259, 261,
    261, 260, 259, 260, 259, 259, 259, 259, 258, 261, 260, 257, 259, 258,
    258, 257, 257, 261, 261, 260, 260 ]
