%YAML:1.0
---
videoName: "LHShake06.mp4"
gestureLabel: 2
fps: 29
pixelSizeInCmTemp: 3.3732394366197183e-01
faceCenterPointX: 250
faceCenterPointY: 80
LHandPositionsX: [ 384, 383, 388, 388, 383, 379, 377, 370, 371, 372, 374,
    384, 389, 390, 395, 396, 395, 389, 379, 378, 378, 378, 388, 387, 394,
    394, 393, 390, 385, 381, 378, 382, 382, 387, 389, 388, 387, 383, 382,
    381, 382, 384, 385, 391, 393, 388, 387, 385, 381, 377, 382, 381, 385,
    390, 397, 400, 400, 397, 394, 386, 379, 371, 361, 359, 352, 345, 338,
    325, 317, 312, 307, 308, 303, 305, 302, 302, 303, 303, 301, 299, 302,
    299, 300, 299, 301, 301, 299, 300 ]
LHandPositionsY: [ 148, 149, 143, 138, 138, 136, 137, 138, 137, 137, 131,
    131, 127, 128, 126, 127, 131, 130, 133, 135, 136, 132, 133, 129, 127,
    127, 126, 126, 130, 129, 131, 130, 129, 125, 123, 124, 125, 126, 129,
    129, 128, 125, 127, 126, 123, 127, 127, 128, 129, 125, 126, 127, 126,
    123, 120, 122, 120, 123, 126, 126, 130, 140, 144, 149, 163, 173, 193,
    205, 213, 226, 232, 235, 235, 242, 244, 247, 250, 251, 251, 254, 255,
    253, 255, 253, 256, 256, 255, 258 ]
RHandPositionsX: [ 211, 211, 212, 212, 211, 209, 210, 209, 209, 211, 210,
    212, 209, 213, 212, 213, 212, 213, 212, 212, 209, 213, 209, 209, 209,
    213, 211, 210, 209, 208, 212, 208, 210, 210, 208, 212, 209, 212, 208,
    210, 209, 209, 211, 211, 208, 207, 207, 208, 208, 210, 209, 210, 207,
    211, 211, 209, 209, 210, 208, 209, 210, 211, 211, 209, 211, 207, 208,
    211, 210, 211, 209, 210, 208, 209, 212, 208, 208, 209, 211, 210, 209,
    208, 209, 211, 210, 212, 210, 212 ]
RHandPositionsY: [ 272, 269, 270, 271, 268, 268, 268, 268, 269, 271, 269,
    269, 269, 268, 270, 269, 268, 266, 270, 270, 267, 267, 269, 267, 265,
    269, 268, 265, 265, 266, 265, 267, 268, 265, 269, 269, 267, 266, 266,
    265, 267, 266, 269, 268, 267, 269, 266, 265, 267, 269, 265, 265, 269,
    265, 267, 268, 266, 265, 265, 268, 266, 269, 269, 269, 269, 265, 268,
    268, 268, 267, 267, 266, 268, 267, 268, 269, 269, 269, 267, 267, 265,
    265, 266, 269, 269, 266, 266, 266 ]
