%YAML:1.0
---
videoName: "LHShake02.mp4"
gestureLabel: 2
fps: 29
pixelSizeInCmTemp: 3.3263888888888887e-01
faceCenterPointX: 249
faceCenterPointY: 82
LHandPositionsX: [ 361, 359, 363, 368, 371, 382, 388, 383, 389, 389, 383,
    378, 371, 369, 366, 363, 365, 364, 370, 374, 383, 386, 385, 377, 376,
    372, 364, 366, 361, 365, 368, 369, 376, 379, 376, 381, 381, 377, 376,
    371, 366, 361, 360, 357, 359, 359, 366, 369, 372, 372, 371, 367, 361,
    361, 355, 359, 361, 363, 371, 373, 373, 370, 368, 362, 359, 355, 351,
    348, 343, 342, 342, 340, 340, 341, 344, 346, 347, 348, 346, 349, 346,
    349, 348, 347, 346, 350, 348, 347 ]
LHandPositionsY: [ 124, 123, 119, 113, 115, 111, 109, 111, 108, 109, 108,
    110, 109, 114, 113, 115, 114, 109, 110, 108, 105, 102, 105, 101, 103,
    105, 108, 107, 111, 106, 106, 100, 101, 100, 97, 97, 95, 97, 96, 95,
    97, 101, 100, 105, 105, 105, 102, 98, 100, 102, 104, 103, 106, 108,
    110, 106, 109, 108, 106, 104, 105, 104, 105, 106, 122, 138, 151, 162,
    165, 172, 180, 183, 190, 198, 204, 213, 218, 220, 225, 229, 230, 228,
    229, 230, 233, 236, 234, 238 ]
RHandPositionsX: [ 154, 153, 157, 156, 157, 154, 154, 154, 154, 156, 153,
    156, 157, 157, 154, 154, 156, 154, 154, 157, 156, 157, 153, 153, 155,
    155, 156, 156, 157, 153, 154, 156, 153, 154, 155, 153, 155, 157, 155,
    155, 154, 157, 153, 156, 155, 157, 157, 157, 157, 155, 157, 154, 155,
    154, 153, 156, 154, 153, 154, 156, 154, 153, 154, 153, 156, 153, 157,
    153, 153, 153, 157, 154, 156, 154, 155, 153, 153, 155, 157, 153, 155,
    157, 154, 155, 155, 157, 157, 153 ]
RHandPositionsY: [ 262, 263, 265, 261, 260, 263, 260, 262, 262, 262, 262,
    261, 261, 262, 261, 261, 260, 258, 258, 260, 262, 259, 258, 260, 260,
    259, 260, 259, 259, 259, 262, 260, 258, 262, 258, 262, 258, 262, 259,
    258, 258, 258, 260, 259, 262, 260, 261, 258, 259, 258, 258, 261, 262,
    262, 262, 258, 259, 260, 262, 261, 259, 258, 261, 262, 260, 261, 262,
    262, 260, 259, 259, 261, 260, 260, 261, 262, 262, 258, 261, 258, 258,
    258, 258, 259, 258, 258, 262, 261 ]
