%YAML:1.0
---
videoName: "LHShake07.mp4"
gestureLabel: 2
fps: 29
pixelSizeInCmTemp: 3.3732394366197183e-01
faceCenterPointX: 265
faceCenterPointY: 78
LHandPositionsX: [ 348, 348, 350, 357, 364, 371, 376, 387, 391, 395, 392,
    391, 384, 374, 356, 348, 339, 342, 341, 343, 349, 362, 368, 369, 365,
    362, 363, 341, 341, 343, 343, 347, 356, 359, 370, 371, 368, 360, 363,
    352, 347, 347, 348, 352, 358, 363, 364, 360, 363, 362, 339, 327, 333,
    332, 343, 354, 368, 373, 372, 381, 374, 366, 356, 346, 343, 339, 338,
    335, 334, 337, 341, 341, 343, 344, 340, 343, 342, 345, 342, 343, 344,
    342, 343, 342, 341, 344, 342, 343 ]
LHandPositionsY: [ 279, 276, 274, 267, 260, 248, 235, 219, 202, 188, 176,
    163, 151, 137, 143, 138, 148, 147, 148, 146, 141, 135, 135, 135, 137,
    139, 137, 136, 147, 141, 138, 132, 130, 134, 128, 122, 130, 131, 132,
    136, 143, 142, 144, 140, 136, 139, 141, 137, 130, 131, 138, 149, 143,
    136, 131, 131, 131, 134, 130, 130, 132, 135, 146, 155, 166, 179, 190,
    205, 220, 230, 241, 250, 251, 256, 256, 261, 262, 266, 266, 267, 267,
    267, 268, 267, 269, 268, 267, 268 ]
RHandPositionsX: [ 182, 185, 181, 185, 183, 183, 182, 181, 185, 181, 184,
    182, 182, 182, 184, 185, 184, 185, 182, 183, 184, 183, 184, 183, 185,
    184, 183, 184, 181, 185, 183, 185, 181, 182, 185, 182, 185, 185, 184,
    181, 183, 185, 183, 182, 181, 185, 185, 185, 184, 183, 183, 183, 183,
    181, 181, 183, 181, 182, 183, 184, 182, 183, 182, 183, 181, 182, 181,
    181, 184, 182, 184, 184, 183, 183, 181, 183, 184, 184, 181, 182, 182,
    184, 183, 183, 182, 185, 185, 182 ]
RHandPositionsY: [ 280, 279, 276, 280, 279, 276, 278, 276, 279, 276, 277,
    279, 280, 280, 277, 276, 279, 276, 277, 277, 277, 279, 278, 277, 277,
    276, 279, 278, 278, 279, 278, 276, 279, 277, 276, 278, 279, 277, 277,
    280, 280, 279, 278, 278, 280, 276, 280, 276, 276, 279, 279, 280, 278,
    276, 277, 279, 278, 280, 278, 277, 276, 280, 278, 280, 277, 277, 279,
    280, 276, 277, 279, 278, 277, 277, 280, 277, 277, 277, 279, 280, 276,
    278, 278, 278, 279, 277, 277, 277 ]
