%YAML:1.0
---
videoName: "LHShake22.mp4"
gestureLabel: 2
fps: 29
pixelSizeInCmTemp: 3.5220588235294115e-01
faceCenterPointX: 261
faceCenterPointY: 79
LHandPositionsX: [ 337, 344, 347, 357, 356, 356, 356, 353, 348, 339, 328,
    320, 318, 321, 318, 324, 330, 338, 344, 344, 342, 342, 335, 330, 325,
    322, 323, 324, 332, 337, 341, 343, 342, 339, 332, 324, 319, 319, 317,
    323, 326, 337, 335, 334, 334, 331, 326, 319, 318, 319, 324, 329, 335,
    342, 344, 341, 343, 334, 326, 319, 319, 316, 319, 322, 328, 337, 335,
    337, 335, 330, 329, 322, 320, 319, 320, 322, 325, 327, 325, 325, 327,
    324, 327, 325, 327, 325, 325, 325 ]
LHandPositionsY: [ 261, 253, 246, 238, 232, 218, 208, 204, 196, 188, 187,
    185, 184, 187, 182, 180, 176, 176, 172, 175, 174, 171, 174, 174, 179,
    177, 176, 180, 176, 173, 173, 174, 169, 174, 176, 178, 183, 184, 184,
    181, 181, 176, 175, 175, 177, 176, 179, 182, 181, 179, 180, 181, 179,
    178, 175, 177, 176, 178, 177, 181, 183, 181, 182, 180, 176, 179, 177,
    179, 185, 188, 194, 200, 210, 218, 230, 242, 243, 245, 245, 249, 249,
    249, 247, 251, 248, 249, 248, 251 ]
RHandPositionsX: [ 192, 191, 189, 189, 189, 189, 193, 193, 190, 192, 192,
    190, 189, 189, 191, 189, 190, 192, 193, 191, 192, 193, 193, 193, 189,
    190, 189, 192, 192, 192, 190, 190, 192, 192, 193, 191, 191, 192, 191,
    189, 189, 192, 190, 189, 191, 192, 189, 189, 191, 191, 192, 190, 193,
    190, 189, 193, 193, 191, 189, 191, 191, 193, 191, 192, 192, 189, 193,
    190, 189, 192, 191, 192, 192, 191, 192, 190, 189, 192, 192, 191, 191,
    193, 193, 193, 192, 193, 193, 191 ]
RHandPositionsY: [ 266, 267, 268, 268, 268, 267, 270, 267, 266, 269, 268,
    268, 266, 270, 269, 269, 270, 266, 267, 269, 266, 269, 270, 270, 269,
    270, 268, 270, 270, 266, 268, 267, 266, 269, 269, 266, 268, 269, 268,
    269, 270, 267, 268, 268, 268, 266, 270, 268, 269, 267, 268, 267, 270,
    268, 267, 267, 270, 267, 266, 266, 269, 266, 268, 269, 270, 268, 270,
    267, 269, 269, 266, 267, 267, 267, 266, 270, 270, 269, 267, 269, 266,
    267, 269, 268, 266, 268, 267, 269 ]
