%YAML:1.0
---
videoName: "LHShake12.mp4"
gestureLabel: 2
fps: 29
pixelSizeInCmTemp: 3.3263888888888887e-01
faceCenterPointX: 259
faceCenterPointY: 64
LHandPositionsX: [ 370, 355, 347, 346, 346, 345, 352, 360, 373, 382, 382,
    380, 376, 366, 351, 346, 349, 347, 346, 355, 366, 376, 376, 378, 377,
    370, 359, 349, 340, 340, 339, 342, 351, 359, 368, 372, 373, 372, 368,
    360, 347, 342, 345, 340, 347, 356, 365, 372, 367, 371, 368, 358, 345,
    339, 341, 336, 340, 346, 356, 365, 369, 370, 366, 365, 352, 341, 335,
    326, 325, 320, 315, 317, 319, 326, 329, 328, 333, 331, 336, 336, 336,
    333, 335, 336, 337, 333, 337, 335 ]
LHandPositionsY: [ 165, 163, 163, 161, 164, 157, 158, 155, 152, 152, 153,
    149, 152, 152, 157, 159, 159, 158, 156, 155, 151, 146, 149, 145, 145,
    142, 143, 147, 154, 153, 153, 155, 149, 149, 144, 146, 147, 148, 145,
    149, 153, 159, 153, 157, 157, 155, 150, 150, 149, 149, 152, 151, 155,
    155, 155, 155, 154, 154, 149, 143, 146, 145, 145, 149, 148, 153, 159,
    169, 176, 187, 198, 208, 224, 235, 245, 245, 247, 252, 256, 254, 257,
    258, 258, 257, 255, 256, 256, 259 ]
RHandPositionsX: [ 177, 175, 177, 175, 175, 174, 174, 177, 175, 174, 174,
    177, 178, 178, 178, 178, 176, 178, 178, 175, 176, 178, 176, 174, 174,
    176, 176, 178, 177, 174, 178, 177, 174, 177, 175, 174, 177, 178, 174,
    178, 177, 174, 176, 176, 178, 174, 174, 177, 174, 175, 176, 176, 174,
    178, 175, 177, 174, 176, 175, 176, 176, 175, 178, 177, 174, 178, 178,
    178, 174, 175, 177, 174, 177, 176, 176, 175, 176, 175, 178, 176, 178,
    177, 177, 174, 174, 175, 175, 175 ]
RHandPositionsY: [ 271, 271, 273, 272, 271, 271, 271, 273, 271, 271, 273,
    273, 272, 271, 274, 274, 273, 271, 274, 273, 272, 273, 271, 272, 275,
    274, 273, 274, 271, 274, 273, 271, 272, 275, 274, 271, 272, 274, 271,
    274, 274, 271, 274, 272, 271, 271, 275, 271, 272, 273, 271, 272, 271,
    274, 274, 273, 273, 272, 271, 272, 271, 271, 272, 274, 272, 275, 275,
    271, 272, 272, 274, 272, 272, 273, 275, 275, 274, 274, 273, 275, 275,
    274, 273, 275, 272, 275, 275, 273 ]
