%YAML:1.0
---
videoName: "LHShake13.mp4"
gestureLabel: 2
fps: 29
pixelSizeInCmTemp: 3.4214285714285714e-01
faceCenterPointX: 257
faceCenterPointY: 76
LHandPositionsX: [ 327, 325, 324, 323, 326, 323, 323, 327, 326, 326, 328,
    336, 344, 349, 359, 373, 378, 387, 388, 387, 385, 373, 365, 351, 342,
    347, 338, 345, 349, 361, 376, 371, 364, 362, 358, 344, 343, 340, 340,
    351, 361, 368, 368, 364, 361, 348, 344, 344, 346, 347, 355, 365, 366,
    365, 364, 354, 346, 348, 345, 341, 347, 358, 364, 370, 368, 362, 359,
    352, 346, 340, 330, 327, 323, 325, 326, 327, 325, 328, 324, 325, 328,
    327, 328, 327, 325, 326, 325, 324 ]
LHandPositionsY: [ 260, 260, 260, 261, 260, 260, 259, 261, 262, 260, 256,
    245, 237, 227, 211, 198, 187, 176, 164, 157, 153, 153, 154, 154, 157,
    155, 156, 158, 153, 148, 140, 140, 140, 146, 150, 157, 158, 157, 156,
    156, 156, 152, 155, 157, 160, 161, 164, 161, 161, 159, 156, 155, 158,
    157, 160, 161, 162, 164, 163, 161, 161, 157, 154, 153, 151, 148, 149,
    153, 157, 161, 171, 182, 190, 204, 219, 235, 245, 244, 243, 246, 247,
    249, 248, 251, 248, 248, 248, 250 ]
RHandPositionsX: [ 183, 185, 181, 184, 184, 181, 185, 185, 182, 183, 181,
    184, 183, 183, 182, 184, 185, 185, 181, 184, 182, 185, 182, 185, 181,
    183, 181, 181, 183, 181, 185, 181, 184, 182, 183, 185, 181, 185, 183,
    184, 181, 183, 182, 181, 184, 185, 182, 184, 184, 182, 182, 183, 182,
    184, 184, 184, 184, 183, 181, 181, 182, 185, 183, 181, 182, 181, 183,
    181, 185, 182, 183, 184, 182, 184, 184, 181, 183, 183, 182, 182, 183,
    183, 183, 184, 182, 184, 183, 185 ]
RHandPositionsY: [ 269, 267, 271, 270, 267, 271, 270, 267, 269, 271, 270,
    270, 270, 268, 270, 268, 271, 268, 271, 271, 271, 268, 268, 270, 267,
    270, 270, 268, 268, 268, 271, 269, 267, 270, 269, 271, 270, 269, 270,
    268, 269, 270, 271, 269, 271, 271, 268, 270, 271, 271, 267, 267, 269,
    270, 271, 271, 269, 268, 270, 270, 267, 270, 271, 271, 267, 267, 271,
    270, 269, 270, 267, 270, 267, 267, 271, 267, 270, 267, 270, 269, 271,
    267, 271, 268, 269, 267, 270, 271 ]
