%YAML:1.0
---
videoName: "LHShake06.mp4"
gestureLabel: 2
fps: 29
pixelSizeInCmTemp: 3.3732394366197183e-01
faceCenterPointX: 250
faceCenterPointY: 80
LHandPositionsX: [ 380, 385, 389, 384, 386, 380, 374, 373, 369, 370, 375,
    382, 390, 394, 397, 394, 393, 389, 380, 376, 376, 376, 388, 390, 391,
    393, 391, 390, 382, 380, 381, 382, 384, 386, 392, 389, 390, 386, 379,
    379, 383, 382, 387, 390, 392, 389, 389, 386, 383, 377, 378, 381, 387,
    390, 397, 397, 397, 395, 393, 389, 381, 368, 359, 359, 355, 345, 335,
    327, 321, 310, 306, 307, 303, 304, 305, 300, 300, 301, 303, 300, 298,
    300, 300, 301, 298, 301, 301, 299 ]
LHandPositionsY: [ 148, 145, 143, 141, 139, 139, 136, 139, 136, 135, 131,
    127, 128, 126, 126, 129, 128, 130, 135, 134, 133, 134, 132, 128, 130,
    125, 129, 129, 128, 131, 127, 128, 127, 126, 124, 127, 128, 126, 125,
    127, 127, 129, 127, 124, 124, 123, 126, 126, 128, 128, 128, 127, 126,
    123, 120, 122, 120, 125, 125, 126, 133, 136, 147, 152, 159, 172, 193,
    205, 212, 225, 228, 236, 235, 239, 244, 245, 251, 253, 253, 250, 252,
    251, 253, 254, 255, 254, 256, 257 ]
RHandPositionsX: [ 214, 213, 211, 209, 212, 213, 210, 213, 211, 213, 213,
    213, 209, 209, 209, 212, 211, 212, 209, 212, 210, 213, 211, 213, 211,
    213, 210, 212, 211, 210, 209, 211, 208, 212, 209, 210, 208, 211, 209,
    212, 208, 211, 211, 208, 208, 208, 211, 207, 208, 209, 208, 207, 210,
    209, 209, 208, 207, 210, 209, 207, 207, 210, 209, 209, 208, 210, 211,
    210, 209, 211, 209, 208, 212, 212, 210, 211, 209, 211, 208, 208, 211,
    209, 209, 209, 211, 213, 212, 209 ]
RHandPositionsY: [ 269, 269, 269, 271, 270, 270, 271, 268, 269, 269, 269,
    266, 268, 269, 269, 269, 270, 266, 270, 266, 269, 268, 267, 269, 265,
    266, 269, 268, 265, 268, 265, 266, 266, 265, 266, 268, 267, 266, 269,
    267, 267, 266, 265, 265, 267, 267, 269, 269, 269, 269, 266, 266, 269,
    267, 265, 269, 265, 267, 269, 267, 267, 268, 267, 265, 267, 269, 269,
    269, 265, 268, 266, 268, 267, 268, 269, 269, 269, 266, 265, 268, 269,
    269, 268, 268, 266, 269, 266, 266 ]
