%YAML:1.0
---
videoName: "LHShake10.mp4"
gestureLabel: 2
fps: 29
pixelSizeInCmTemp: 3.4214285714285714e-01
faceCenterPointX: 253
faceCenterPointY: 65
LHandPositionsX: [ 337, 335, 335, 335, 338, 337, 345, 347, 352, 359, 366,
    375, 382, 393, 397, 395, 393, 383, 373, 363, 354, 349, 352, 355, 362,
    369, 383, 390, 391, 391, 390, 386, 373, 364, 355, 358, 359, 362, 370,
    373, 371, 370, 374, 369, 369, 364, 351, 345, 344, 345, 346, 353, 361,
    371, 381, 381, 378, 374, 366, 355, 352, 349, 349, 350, 356, 366, 376,
    383, 377, 376, 377, 372, 367, 362, 357, 349, 343, 340, 340, 338, 337,
    338, 336, 336, 336, 336, 334, 333 ]
LHandPositionsY: [ 272, 268, 269, 271, 272, 271, 270, 260, 252, 241, 223,
    210, 195, 179, 165, 157, 141, 139, 133, 140, 146, 148, 145, 150, 151,
    149, 136, 142, 141, 139, 144, 142, 146, 147, 151, 152, 149, 147, 138,
    134, 133, 133, 134, 132, 132, 131, 140, 141, 142, 145, 142, 147, 138,
    140, 140, 139, 140, 143, 147, 146, 152, 154, 151, 149, 151, 150, 145,
    147, 148, 144, 147, 151, 156, 167, 174, 184, 195, 206, 218, 234, 245,
    252, 253, 254, 255, 257, 260, 257 ]
RHandPositionsX: [ 176, 175, 176, 176, 176, 173, 173, 174, 174, 173, 175,
    172, 174, 174, 176, 173, 173, 174, 172, 171, 171, 175, 173, 171, 173,
    173, 175, 175, 173, 171, 175, 175, 174, 174, 172, 171, 171, 171, 175,
    171, 172, 174, 171, 174, 173, 172, 173, 175, 174, 171, 173, 171, 174,
    171, 172, 173, 171, 172, 172, 175, 173, 174, 173, 172, 173, 172, 175,
    175, 172, 173, 171, 172, 174, 174, 174, 172, 172, 174, 173, 174, 173,
    171, 171, 172, 173, 172, 173, 175 ]
RHandPositionsY: [ 277, 276, 274, 276, 278, 276, 276, 275, 276, 277, 277,
    277, 278, 277, 275, 274, 277, 274, 278, 277, 277, 276, 276, 275, 277,
    276, 274, 277, 278, 276, 274, 276, 274, 275, 274, 277, 274, 276, 274,
    277, 275, 275, 278, 277, 277, 274, 274, 275, 275, 278, 276, 277, 275,
    274, 276, 275, 274, 276, 277, 278, 275, 277, 274, 275, 274, 278, 277,
    275, 276, 277, 278, 274, 278, 275, 276, 275, 276, 274, 274, 276, 277,
    276, 274, 274, 277, 276, 277, 278 ]
