%YAML:1.0
---
videoName: "LHShake19.mp4"
gestureLabel: 2
fps: 29
pixelSizeInCmTemp: 3.3732394366197183e-01
faceCenterPointX: 250
faceCenterPointY: 62
LHandPositionsX: [ 306, 307, 306, 309, 305, 309, 305, 308, 306, 308, 307,
    308, 305, 306, 309, 307, 313, 316, 323, 327, 327, 320, 310, 292, 285,
    289, 290, 297, 307, 316, 316, 314, 304, 294, 286, 289, 291, 303, 310,
    319, 317, 312, 303, 293, 291, 296, 301, 307, 315, 314, 310, 308, 293,
    291, 294, 299, 305, 313, 318, 314, 312, 311, 305, 303, 296, 291, 291,
    293, 298, 301, 300, 304, 301, 303, 303, 307, 305, 307, 308, 311, 310,
    309, 309, 308, 309, 307, 311, 311 ]
LHandPositionsY: [ 251, 251, 251, 249, 251, 251, 249, 251, 250, 248, 250,
    251, 250, 247, 246, 241, 229, 214, 204, 191, 178, 169, 161, 160, 156,
    152, 159, 155, 157, 152, 154, 153, 153, 155, 151, 148, 154, 154, 155,
    150, 151, 150, 154, 147, 145, 155, 156, 152, 151, 152, 154, 156, 149,
    147, 155, 158, 154, 155, 155, 153, 154, 156, 160, 164, 165, 170, 179,
    189, 197, 208, 217, 217, 220, 222, 224, 230, 231, 236, 238, 236, 237,
    237, 240, 238, 237, 237, 240, 239 ]
RHandPositionsX: [ 199, 198, 199, 197, 197, 199, 199, 197, 198, 195, 199,
    199, 196, 199, 199, 195, 197, 199, 196, 196, 198, 195, 197, 198, 197,
    198, 195, 195, 195, 196, 196, 194, 194, 195, 195, 192, 192, 193, 194,
    193, 193, 191, 194, 191, 191, 192, 195, 193, 192, 191, 192, 192, 192,
    194, 192, 193, 191, 191, 193, 195, 193, 194, 191, 195, 194, 193, 194,
    192, 192, 191, 195, 194, 194, 194, 195, 192, 194, 191, 191, 193, 192,
    191, 193, 193, 192, 194, 195, 194 ]
RHandPositionsY: [ 257, 257, 254, 257, 254, 258, 257, 257, 254, 254, 254,
    258, 256, 258, 255, 254, 257, 256, 254, 256, 256, 258, 255, 254, 258,
    254, 257, 255, 257, 258, 257, 255, 255, 255, 256, 257, 256, 257, 257,
    255, 257, 254, 258, 258, 254, 255, 255, 255, 258, 257, 256, 257, 255,
    254, 255, 254, 254, 256, 258, 258, 254, 255, 258, 254, 254, 256, 257,
    258, 258, 257, 258, 256, 257, 256, 258, 257, 258, 254, 254, 255, 256,
    258, 258, 257, 256, 258, 258, 258 ]
