%YAML:1.0
---
videoName: "LHShake23.mp4"
gestureLabel: 2
fps: 30
pixelSizeInCmTemp: 3.3263888888888887e-01
faceCenterPointX: 259
faceCenterPointY: 79
LHandPositionsX: [ 330, 333, 333, 330, 332, 333, 334, 330, 330, 332, 332,
    335, 338, 347, 347, 360, 370, 372, 376, 378, 378, 380, 374, 367, 359,
    353, 353, 351, 356, 361, 370, 380, 384, 385, 385, 381, 373, 363, 362,
    361, 363, 367, 377, 386, 383, 381, 378, 372, 361, 354, 355, 351, 355,
    361, 372, 383, 381, 381, 379, 372, 366, 356, 357, 358, 359, 365, 372,
    378, 379, 376, 376, 375, 368, 364, 355, 353, 346, 342, 342, 339, 339,
    340, 337, 339, 335, 334, 335, 337, 335, 336, 334 ]
LHandPositionsY: [ 262, 265, 265, 262, 264, 263, 263, 263, 262, 262, 260,
    250, 240, 230, 230, 214, 200, 197, 195, 189, 182, 173, 168, 165, 166,
    171, 167, 168, 170, 168, 162, 162, 160, 161, 157, 160, 164, 165, 165,
    164, 167, 164, 161, 160, 158, 158, 160, 157, 161, 166, 165, 164, 166,
    165, 166, 164, 164, 166, 165, 162, 164, 168, 167, 168, 167, 171, 170,
    166, 169, 166, 170, 173, 176, 183, 195, 200, 212, 225, 237, 249, 250,
    252, 253, 253, 255, 252, 252, 255, 254, 254, 254 ]
RHandPositionsX: [ 184, 186, 185, 186, 184, 184, 183, 185, 184, 185, 183,
    182, 186, 185, 184, 183, 186, 184, 184, 182, 186, 185, 186, 185, 183,
    182, 185, 185, 185, 186, 183, 186, 182, 182, 186, 183, 182, 184, 183,
    186, 182, 184, 184, 183, 185, 184, 185, 182, 186, 185, 185, 184, 185,
    183, 186, 183, 182, 186, 182, 183, 185, 186, 186, 184, 183, 182, 184,
    184, 183, 183, 186, 185, 184, 183, 186, 185, 184, 184, 185, 183, 182,
    183, 183, 184, 186, 183, 185, 184, 184, 182, 183 ]
RHandPositionsY: [ 272, 274, 271, 273, 271, 271, 270, 270, 274, 271, 274,
    271, 270, 271, 274, 271, 273, 274, 274, 271, 272, 270, 272, 274, 274,
    272, 274, 272, 271, 273, 270, 273, 271, 272, 273, 270, 271, 271, 273,
    270, 274, 274, 272, 273, 271, 271, 274, 270, 272, 273, 271, 274, 272,
    273, 270, 273, 271, 274, 270, 272, 272, 274, 270, 274, 271, 271, 274,
    274, 272, 271, 271, 272, 270, 271, 272, 271, 274, 274, 274, 272, 270,
    270, 271, 271, 271, 272, 272, 271, 273, 271, 270 ]
