%YAML:1.0
---
videoName: "LHShake09.mp4"
gestureLabel: 2
fps: 29
pixelSizeInCmTemp: 3.3263888888888887e-01
faceCenterPointX: 259
faceCenterPointY: 67
LHandPositionsX: [ 338, 339, 338, 340, 342, 345, 351, 355, 349, 360, 357,
    364, 369, 370, 368, 365, 361, 351, 342, 333, 330, 332, 329, 328, 339,
    347, 349, 351, 348, 346, 354, 347, 344, 335, 337, 338, 337, 344, 354,
    360, 368, 362, 369, 364, 355, 344, 336, 336, 337, 333, 340, 345, 353,
    352, 355, 355, 357, 350, 340, 336, 334, 335, 336, 334, 340, 349, 354,
    356, 352, 353, 347, 344, 339, 332, 327, 321, 317, 320, 323, 328, 326,
    327, 331, 330, 335, 333, 333, 334 ]
LHandPositionsY: [ 271, 275, 271, 274, 275, 271, 265, 256, 250, 235, 234,
    216, 201, 199, 184, 175, 167, 161, 160, 157, 157, 156, 159, 154, 153,
    150, 149, 146, 145, 144, 147, 149, 152, 156, 156, 156, 152, 155, 152,
    154, 154, 151, 155, 156, 157, 155, 158, 157, 155, 153, 156, 155, 154,
    154, 154, 152, 151, 150, 150, 153, 155, 150, 155, 153, 152, 153, 151,
    148, 152, 151, 151, 157, 163, 169, 180, 193, 204, 218, 233, 245, 244,
    246, 250, 254, 257, 258, 258, 259 ]
RHandPositionsX: [ 179, 179, 177, 178, 176, 180, 178, 178, 176, 178, 176,
    179, 178, 177, 177, 178, 176, 180, 177, 178, 180, 178, 179, 177, 180,
    179, 180, 178, 177, 177, 179, 179, 179, 180, 178, 176, 179, 178, 178,
    179, 176, 177, 178, 176, 176, 179, 179, 180, 180, 178, 177, 180, 178,
    180, 176, 177, 180, 179, 177, 179, 177, 180, 177, 177, 179, 178, 178,
    180, 180, 176, 176, 177, 179, 179, 179, 177, 180, 177, 177, 178, 179,
    179, 179, 180, 180, 179, 177, 178 ]
RHandPositionsY: [ 275, 278, 275, 276, 276, 277, 277, 279, 279, 276, 276,
    275, 275, 279, 278, 276, 278, 276, 275, 277, 275, 278, 278, 278, 278,
    275, 276, 275, 276, 279, 278, 278, 276, 278, 276, 275, 275, 278, 279,
    279, 275, 278, 279, 277, 279, 276, 276, 278, 278, 277, 279, 279, 277,
    278, 275, 276, 279, 276, 276, 278, 279, 278, 279, 275, 277, 279, 275,
    279, 277, 279, 276, 277, 279, 277, 276, 278, 275, 279, 279, 279, 276,
    277, 276, 279, 276, 276, 278, 277 ]
