%YAML:1.0
---
videoName: "LHShake06.mp4"
gestureLabel: 2
fps: 29
pixelSizeInCmTemp: 3.3732394366197183e-01
faceCenterPointX: 250
faceCenterPointY: 80
LHandPositionsX: [ 380, 386, 389, 387, 382, 380, 374, 372, 368, 370, 375,
    385, 389, 390, 393, 394, 395, 389, 380, 376, 376, 375, 387, 387, 393,
    395, 390, 388, 384, 378, 378, 382, 385, 387, 390, 392, 389, 386, 380,
    380, 379, 384, 384, 390, 389, 391, 388, 382, 379, 377, 380, 381, 384,
    391, 398, 398, 397, 394, 392, 385, 380, 369, 358, 361, 353, 346, 337,
    329, 318, 313, 308, 306, 303, 302, 304, 303, 300, 302, 300, 302, 300,
    301, 301, 300, 298, 299, 301, 301 ]
LHandPositionsY: [ 150, 147, 146, 140, 140, 138, 136, 136, 139, 134, 132,
    128, 126, 126, 127, 128, 132, 130, 132, 133, 134, 132, 133, 129, 126,
    125, 125, 129, 126, 127, 127, 130, 127, 124, 124, 127, 127, 129, 127,
    129, 128, 125, 124, 126, 124, 123, 123, 126, 125, 126, 126, 128, 123,
    121, 120, 120, 124, 124, 123, 125, 130, 136, 148, 152, 163, 176, 189,
    208, 214, 222, 229, 232, 238, 240, 244, 248, 249, 253, 249, 253, 252,
    253, 253, 254, 254, 256, 254, 257 ]
RHandPositionsX: [ 213, 213, 213, 210, 210, 213, 210, 213, 212, 210, 212,
    209, 209, 213, 211, 212, 212, 213, 212, 209, 211, 213, 210, 213, 209,
    212, 209, 210, 210, 208, 212, 209, 212, 211, 209, 210, 212, 212, 209,
    209, 210, 208, 212, 208, 209, 207, 207, 209, 207, 211, 208, 210, 207,
    207, 211, 208, 211, 208, 208, 207, 211, 208, 211, 208, 210, 208, 209,
    210, 209, 209, 212, 209, 210, 209, 211, 209, 212, 209, 211, 212, 210,
    210, 208, 212, 209, 213, 213, 210 ]
RHandPositionsY: [ 272, 270, 269, 268, 269, 270, 268, 269, 271, 267, 270,
    270, 270, 267, 267, 267, 268, 269, 266, 267, 269, 269, 265, 265, 265,
    268, 266, 266, 265, 266, 267, 266, 269, 268, 267, 269, 269, 265, 266,
    266, 267, 269, 266, 268, 268, 266, 268, 268, 267, 267, 265, 265, 267,
    268, 269, 267, 265, 265, 266, 265, 266, 266, 269, 269, 269, 265, 267,
    268, 265, 268, 269, 265, 269, 266, 268, 265, 267, 266, 268, 265, 268,
    265, 269, 267, 266, 267, 269, 267 ]
