%YAML:1.0
---
videoName: "LHShake20.mp4"
gestureLabel: 2
fps: 30
pixelSizeInCmTemp: 3.3732394366197183e-01
faceCenterPointX: 249
faceCenterPointY: 62
LHandPositionsX: [ 314, 314, 314, 315, 313, 315, 317, 315, 317, 317, 320,
    328, 336, 341, 341, 340, 329, 321, 313, 315, 313, 310, 319, 325, 336,
    340, 340, 339, 329, 324, 317, 318, 319, 325, 335, 343, 338, 341, 329,
    324, 324, 323, 319, 324, 333, 329, 331, 328, 324, 320, 318, 322, 322,
    325, 324, 326, 331, 324, 321, 318, 317, 320, 320, 317, 319, 321, 321,
    317, 315, 317, 314, 312, 313, 313, 315, 313, 313, 316, 315, 314, 315,
    314, 313, 316, 312, 314, 313, 315, 314, 313, 315 ]
LHandPositionsY: [ 246, 246, 249, 246, 249, 245, 247, 244, 235, 229, 219,
    205, 187, 176, 172, 167, 160, 156, 162, 161, 157, 157, 151, 148, 142,
    143, 144, 143, 143, 146, 149, 146, 146, 144, 144, 144, 142, 140, 142,
    146, 145, 145, 147, 141, 140, 143, 138, 140, 144, 145, 147, 150, 144,
    143, 139, 134, 137, 133, 138, 144, 143, 146, 144, 146, 150, 148, 160,
    168, 181, 188, 200, 213, 214, 220, 225, 228, 228, 231, 230, 232, 232,
    231, 236, 235, 234, 238, 235, 240, 240, 238, 237 ]
RHandPositionsX: [ 181, 183, 181, 179, 179, 180, 183, 181, 179, 182, 181,
    179, 183, 183, 180, 181, 179, 182, 179, 180, 183, 180, 182, 183, 179,
    182, 179, 181, 181, 182, 182, 181, 179, 183, 181, 181, 180, 181, 181,
    179, 181, 181, 180, 182, 183, 183, 183, 180, 180, 183, 180, 180, 180,
    183, 181, 183, 179, 180, 183, 182, 182, 181, 182, 181, 179, 179, 183,
    180, 179, 183, 180, 181, 180, 179, 179, 179, 178, 178, 179, 181, 178,
    178, 181, 178, 179, 182, 179, 178, 182, 180, 181 ]
RHandPositionsY: [ 254, 257, 255, 253, 253, 257, 254, 253, 256, 256, 256,
    253, 255, 256, 254, 254, 255, 254, 254, 256, 255, 252, 252, 252, 256,
    253, 256, 252, 254, 255, 254, 254, 254, 253, 251, 255, 254, 253, 251,
    254, 254, 251, 254, 255, 255, 254, 254, 255, 253, 255, 253, 254, 253,
    251, 252, 253, 251, 253, 252, 254, 254, 254, 255, 251, 252, 251, 253,
    254, 255, 252, 254, 254, 255, 255, 251, 255, 251, 255, 252, 255, 252,
    253, 255, 253, 251, 255, 255, 254, 251, 252, 254 ]
