%YAML:1.0
---
videoName: "LHShake11.mp4"
gestureLabel: 2
fps: 29
pixelSizeInCmTemp: 3.3732394366197183e-01
faceCenterPointX: 260
faceCenterPointY: 69
LHandPositionsX: [ 387, 388, 387, 376, 365, 353, 348, 350, 344, 348, 357,
    363, 365, 363, 364, 364, 356, 349, 346, 346, 347, 351, 354, 356, 357,
    355, 361, 353, 351, 347, 350, 344, 351, 350, 354, 354, 351, 353, 348,
    344, 337, 338, 338, 341, 346, 356, 356, 355, 356, 357, 352, 343, 337,
    341, 336, 338, 347, 357, 357, 358, 359, 365, 360, 356, 350, 344, 337,
    331, 332, 329, 332, 331, 332, 333, 335, 335, 335, 332, 332, 335, 332,
    331, 334, 331, 332, 332, 332, 333 ]
LHandPositionsY: [ 174, 164, 154, 141, 144, 144, 147, 147, 144, 138, 130,
    126, 129, 129, 126, 128, 132, 141, 141, 140, 142, 132, 129, 128, 131,
    130, 128, 135, 140, 144, 143, 144, 143, 138, 133, 136, 133, 136, 136,
    141, 144, 146, 145, 145, 141, 134, 132, 135, 133, 129, 137, 138, 145,
    144, 146, 144, 146, 137, 136, 137, 141, 142, 150, 153, 166, 178, 191,
    206, 215, 227, 227, 235, 240, 244, 244, 246, 248, 248, 249, 250, 251,
    251, 249, 249, 250, 251, 249, 251 ]
RHandPositionsX: [ 182, 181, 180, 180, 183, 183, 183, 181, 181, 179, 180,
    181, 183, 179, 181, 183, 182, 181, 179, 180, 181, 181, 183, 182, 183,
    179, 182, 182, 181, 183, 180, 179, 182, 183, 183, 182, 180, 183, 181,
    182, 179, 183, 182, 183, 181, 182, 179, 180, 179, 181, 181, 181, 181,
    180, 183, 181, 183, 183, 182, 181, 181, 180, 182, 181, 181, 182, 182,
    183, 179, 183, 180, 183, 183, 182, 181, 183, 181, 183, 183, 183, 180,
    182, 180, 183, 181, 180, 181, 182 ]
RHandPositionsY: [ 275, 277, 275, 273, 275, 273, 275, 276, 275, 273, 276,
    274, 273, 274, 274, 275, 275, 277, 277, 277, 275, 273, 275, 273, 276,
    275, 276, 274, 273, 275, 274, 275, 273, 274, 273, 275, 275, 276, 277,
    276, 274, 273, 273, 276, 273, 274, 275, 274, 275, 276, 275, 274, 275,
    273, 273, 275, 277, 277, 274, 277, 273, 277, 275, 273, 276, 277, 274,
    276, 273, 275, 275, 274, 274, 274, 273, 275, 273, 276, 275, 274, 277,
    273, 275, 273, 273, 273, 277, 277 ]
