%YAML:1.0
---
videoName: "LHShake07.mp4"
gestureLabel: 2
fps: 29
pixelSizeInCmTemp: 3.3732394366197183e-01
faceCenterPointX: 265
faceCenterPointY: 78
LHandPositionsX: [ 348, 349, 351, 359, 363, 371, 374, 388, 388, 394, 396,
    393, 385, 374, 353, 347, 339, 345, 340, 343, 349, 363, 370, 367, 367,
    363, 363, 344, 341, 343, 343, 348, 358, 355, 369, 369, 368, 364, 363,
    349, 345, 349, 348, 352, 358, 360, 361, 359, 367, 361, 340, 326, 333,
    336, 340, 357, 367, 373, 372, 378, 373, 364, 356, 349, 342, 340, 334,
    335, 336, 339, 338, 343, 342, 344, 341, 344, 341, 343, 340, 340, 343,
    343, 342, 341, 344, 343, 344, 344 ]
LHandPositionsY: [ 278, 277, 271, 268, 259, 246, 237, 218, 205, 190, 176,
    162, 149, 139, 140, 142, 146, 147, 147, 144, 141, 139, 135, 138, 139,
    137, 133, 136, 143, 141, 138, 131, 131, 131, 128, 122, 130, 133, 135,
    133, 144, 143, 147, 141, 139, 138, 141, 139, 130, 129, 136, 152, 146,
    138, 133, 130, 128, 132, 131, 126, 130, 139, 146, 156, 166, 179, 194,
    205, 216, 229, 240, 249, 252, 254, 259, 262, 264, 266, 266, 265, 268,
    267, 268, 267, 266, 270, 266, 268 ]
RHandPositionsX: [ 184, 182, 182, 183, 183, 182, 184, 185, 182, 185, 184,
    182, 184, 182, 184, 185, 185, 182, 184, 183, 185, 183, 185, 181, 182,
    184, 183, 185, 182, 181, 185, 182, 185, 183, 181, 184, 184, 184, 184,
    184, 181, 184, 183, 185, 185, 184, 184, 182, 183, 185, 182, 182, 182,
    181, 183, 185, 183, 182, 184, 185, 181, 183, 183, 181, 185, 182, 185,
    182, 181, 182, 181, 184, 183, 182, 184, 185, 183, 182, 181, 181, 183,
    184, 184, 182, 185, 182, 183, 183 ]
RHandPositionsY: [ 276, 276, 279, 278, 277, 276, 276, 279, 277, 276, 276,
    280, 279, 276, 279, 280, 279, 276, 277, 277, 277, 276, 277, 280, 280,
    276, 279, 277, 277, 279, 279, 279, 279, 279, 276, 277, 277, 277, 278,
    280, 280, 277, 280, 277, 280, 277, 278, 280, 278, 279, 279, 277, 278,
    278, 280, 279, 280, 278, 278, 276, 278, 280, 278, 276, 280, 279, 280,
    276, 277, 280, 279, 277, 278, 276, 276, 277, 279, 278, 276, 280, 279,
    276, 280, 279, 276, 279, 276, 276 ]
