%YAML:1.0
---
videoName: "LHShake22.mp4"
gestureLabel: 2
fps: 29
pixelSizeInCmTemp: 3.5220588235294115e-01
faceCenterPointX: 261
faceCenterPointY: 79
LHandPositionsX: [ 334, 342, 348, 356, 353, 357, 355, 352, 347, 339, 327,
    322, 318, 322, 321, 324, 328, 336, 347, 344, 344, 345, 336, 328, 321,
    325, 325, 324, 332, 339, 342, 339, 343, 337, 332, 322, 316, 318, 318,
    321, 327, 335, 336, 334, 337, 332, 323, 321, 321, 322, 323, 331, 336,
    344, 344, 343, 339, 332, 323, 317, 316, 318, 319, 323, 331, 336, 337,
    337, 333, 333, 328, 325, 322, 317, 322, 325, 321, 323, 328, 324, 324,
    326, 323, 324, 323, 323, 325, 325 ]
LHandPositionsY: [ 260, 253, 245, 239, 232, 221, 205, 207, 195, 188, 188,
    186, 185, 187, 184, 179, 177, 176, 171, 174, 174, 170, 174, 176, 177,
    180, 178, 177, 178, 174, 174, 172, 169, 173, 176, 178, 185, 181, 181,
    183, 178, 178, 176, 173, 176, 175, 176, 180, 182, 182, 179, 179, 179,
    174, 176, 175, 178, 175, 180, 181, 184, 183, 183, 179, 178, 179, 177,
    178, 184, 191, 195, 204, 208, 220, 232, 240, 241, 243, 246, 245, 246,
    250, 248, 248, 251, 248, 248, 248 ]
RHandPositionsX: [ 192, 193, 192, 189, 190, 192, 190, 190, 192, 190, 193,
    191, 191, 190, 189, 189, 191, 189, 191, 189, 193, 192, 189, 189, 189,
    190, 190, 193, 191, 192, 193, 191, 189, 193, 192, 190, 193, 193, 191,
    191, 193, 189, 190, 191, 191, 190, 192, 189, 190, 191, 191, 193, 193,
    190, 190, 192, 190, 190, 189, 189, 192, 189, 193, 191, 189, 192, 191,
    191, 191, 193, 190, 193, 191, 192, 189, 193, 191, 190, 193, 189, 190,
    192, 192, 190, 189, 192, 192, 191 ]
RHandPositionsY: [ 267, 270, 267, 270, 267, 270, 269, 270, 270, 266, 269,
    269, 267, 270, 268, 268, 270, 269, 266, 269, 268, 268, 268, 266, 268,
    270, 270, 268, 269, 267, 269, 267, 266, 269, 266, 266, 270, 268, 268,
    270, 266, 267, 269, 267, 266, 270, 268, 266, 267, 270, 268, 270, 268,
    270, 269, 266, 269, 268, 267, 267, 266, 270, 267, 267, 266, 266, 269,
    267, 267, 270, 268, 270, 266, 270, 268, 266, 267, 268, 270, 268, 268,
    267, 269, 268, 267, 268, 266, 270 ]
