%YAML:1.0
---
videoName: "LHShake02.mp4"
gestureLabel: 2
fps: 29
pixelSizeInCmTemp: 3.3263888888888887e-01
faceCenterPointX: 249
faceCenterPointY: 82
LHandPositionsX: [ 361, 362, 362, 369, 374, 381, 385, 387, 387, 388, 386,
    379, 373, 365, 365, 365, 365, 366, 369, 375, 381, 385, 381, 377, 375,
    368, 365, 365, 360, 362, 367, 369, 375, 378, 378, 380, 378, 377, 376,
    371, 364, 358, 357, 355, 357, 362, 367, 371, 368, 370, 371, 365, 362,
    357, 357, 358, 363, 364, 371, 370, 369, 370, 369, 362, 358, 352, 349,
    346, 346, 343, 342, 344, 340, 340, 342, 343, 347, 346, 348, 348, 349,
    348, 346, 350, 350, 350, 350, 347 ]
LHandPositionsY: [ 124, 121, 119, 117, 113, 109, 111, 109, 108, 108, 110,
    111, 110, 113, 114, 113, 113, 112, 108, 108, 104, 102, 103, 104, 104,
    105, 107, 109, 110, 105, 106, 102, 98, 98, 101, 96, 95, 97, 97, 97,
    97, 103, 100, 103, 103, 103, 99, 102, 101, 101, 104, 103, 105, 107,
    109, 107, 107, 104, 104, 107, 106, 102, 102, 108, 121, 137, 150, 160,
    162, 169, 176, 185, 191, 199, 203, 209, 218, 220, 224, 227, 228, 229,
    230, 232, 235, 235, 236, 239 ]
RHandPositionsX: [ 153, 154, 153, 154, 155, 154, 157, 153, 153, 156, 154,
    156, 157, 156, 156, 156, 156, 153, 153, 157, 153, 156, 156, 155, 157,
    155, 154, 156, 154, 153, 153, 153, 153, 157, 154, 155, 153, 154, 157,
    157, 155, 155, 154, 153, 153, 153, 155, 155, 153, 155, 156, 153, 154,
    157, 155, 154, 155, 157, 155, 157, 153, 154, 153, 154, 155, 156, 154,
    156, 155, 153, 156, 157, 154, 155, 155, 156, 157, 154, 154, 155, 157,
    154, 156, 156, 154, 154, 157, 154 ]
RHandPositionsY: [ 265, 263, 261, 262, 264, 263, 262, 261, 262, 259, 259,
    259, 259, 259, 258, 260, 258, 259, 260, 258, 260, 261, 259, 261, 262,
    258, 262, 260, 262, 259, 260, 258, 260, 261, 258, 258, 259, 258, 262,
    261, 259, 260, 259, 258, 259, 261, 261, 259, 262, 261, 260, 258, 260,
    262, 262, 260, 259, 260, 261, 258, 261, 261, 262, 262, 260, 259, 258,
    260, 261, 258, 259, 261, 260, 262, 258, 260, 262, 262, 261, 261, 259,
    260, 260, 262, 261, 261, 262, 261 ]
