%YAML:1.0
---
videoName: "LHShake04.mp4"
gestureLabel: 2
fps: 30
pixelSizeInCmTemp: 3.2808219178082193e-01
faceCenterPointX: 247
faceCenterPointY: 80
LHandPositionsX: [ 284, 284, 284, 281, 280, 280, 279, 279, 280, 282, 279,
    278, 282, 280, 280, 285, 291, 300, 307, 323, 335, 349, 361, 365, 372,
    369, 364, 356, 349, 341, 337, 336, 336, 342, 348, 363, 369, 368, 357,
    344, 339, 341, 343, 340, 348, 355, 354, 354, 353, 344, 339, 342, 342,
    346, 354, 358, 357, 351, 347, 347, 346, 349, 356, 357, 360, 364, 361,
    358, 353, 344, 335, 326, 312, 307, 301, 294, 292, 291, 287, 289, 287,
    290, 289, 290, 288, 287, 287, 290, 286, 285, 287 ]
LHandPositionsY: [ 269, 270, 272, 268, 270, 271, 269, 268, 270, 270, 270,
    268, 272, 270, 271, 267, 264, 252, 241, 228, 219, 201, 189, 172, 160,
    157, 153, 150, 134, 133, 133, 130, 126, 119, 116, 114, 112, 111, 115,
    119, 131, 126, 121, 127, 123, 121, 117, 110, 121, 118, 118, 120, 121,
    115, 116, 115, 112, 112, 114, 116, 115, 110, 107, 106, 107, 105, 106,
    113, 129, 145, 156, 174, 184, 201, 215, 225, 234, 241, 241, 243, 249,
    250, 246, 251, 251, 250, 251, 255, 253, 250, 253 ]
RHandPositionsX: [ 214, 215, 214, 214, 214, 215, 216, 214, 217, 216, 214,
    216, 218, 218, 216, 214, 214, 215, 217, 216, 217, 217, 216, 216, 215,
    214, 216, 217, 218, 218, 216, 215, 215, 214, 214, 218, 214, 215, 217,
    214, 217, 218, 218, 214, 214, 217, 217, 217, 218, 215, 214, 216, 218,
    216, 216, 218, 215, 214, 216, 214, 214, 218, 218, 215, 216, 217, 216,
    215, 214, 217, 214, 214, 216, 217, 216, 218, 217, 218, 215, 218, 215,
    218, 218, 214, 214, 218, 214, 216, 214, 217, 215 ]
RHandPositionsY: [ 266, 270, 268, 270, 270, 266, 266, 268, 266, 270, 268,
    268, 269, 269, 268, 268, 265, 265, 267, 267, 268, 265, 263, 265, 265,
    264, 263, 264, 264, 264, 267, 264, 263, 265, 262, 265, 265, 265, 263,
    265, 265, 266, 266, 262, 263, 264, 263, 264, 261, 265, 262, 261, 265,
    264, 262, 263, 261, 265, 264, 264, 263, 262, 265, 261, 261, 263, 261,
    264, 262, 264, 262, 264, 262, 261, 261, 265, 262, 263, 263, 264, 262,
    265, 265, 265, 264, 263, 262, 264, 261, 265, 263 ]
