%YAML:1.0
---
videoName: "LHShake15.mp4"
gestureLabel: 2
fps: 29
pixelSizeInCmTemp: 3.3263888888888887e-01
faceCenterPointX: 252
faceCenterPointY: 65
LHandPositionsX: [ 331, 329, 330, 327, 327, 329, 329, 331, 333, 328, 337,
    343, 346, 350, 356, 362, 368, 372, 380, 382, 378, 381, 366, 359, 349,
    341, 342, 339, 349, 354, 361, 359, 359, 363, 358, 344, 333, 331, 333,
    336, 346, 355, 356, 353, 353, 353, 349, 335, 327, 327, 332, 343, 350,
    358, 351, 352, 357, 357, 345, 337, 333, 329, 334, 339, 343, 352, 349,
    349, 350, 350, 343, 334, 330, 324, 323, 321, 321, 324, 322, 324, 326,
    325, 328, 324, 325, 326, 325, 325 ]
LHandPositionsY: [ 256, 255, 254, 256, 258, 254, 254, 256, 252, 255, 242,
    231, 216, 201, 184, 170, 156, 136, 121, 120, 115, 104, 103, 103, 107,
    105, 103, 98, 99, 97, 95, 95, 93, 93, 95, 95, 98, 97, 97, 94, 94, 91,
    98, 98, 97, 98, 101, 100, 103, 98, 99, 93, 93, 94, 95, 94, 95, 99,
    99, 100, 102, 100, 100, 100, 99, 102, 100, 102, 102, 103, 108, 120,
    138, 150, 165, 180, 192, 208, 220, 233, 230, 233, 240, 240, 239, 240,
    243, 241 ]
RHandPositionsX: [ 176, 175, 179, 176, 175, 175, 176, 178, 176, 178, 179,
    178, 176, 179, 177, 176, 179, 177, 175, 175, 177, 175, 178, 177, 175,
    176, 178, 176, 177, 177, 179, 179, 177, 176, 177, 176, 179, 176, 177,
    176, 177, 175, 179, 179, 177, 175, 179, 178, 178, 176, 179, 177, 178,
    176, 176, 175, 175, 178, 178, 176, 177, 177, 178, 175, 179, 179, 179,
    179, 178, 177, 175, 175, 179, 176, 177, 177, 179, 176, 177, 178, 178,
    175, 176, 178, 179, 177, 175, 177 ]
RHandPositionsY: [ 259, 257, 261, 258, 259, 260, 260, 260, 257, 258, 258,
    257, 258, 258, 257, 260, 259, 257, 261, 261, 259, 258, 257, 259, 260,
    259, 260, 261, 260, 257, 259, 257, 261, 259, 261, 259, 260, 258, 258,
    258, 260, 257, 257, 258, 259, 261, 257, 258, 258, 258, 259, 258, 257,
    258, 257, 261, 260, 261, 261, 261, 259, 260, 259, 258, 261, 257, 257,
    259, 258, 258, 260, 259, 261, 259, 258, 261, 258, 260, 261, 258, 260,
    257, 257, 259, 260, 261, 259, 261 ]
