%YAML:1.0
---
videoName: "LHShake24.mp4"
gestureLabel: 2
fps: 30
pixelSizeInCmTemp: 3.4214285714285714e-01
faceCenterPointX: 255
faceCenterPointY: 77
LHandPositionsX: [ 328, 329, 329, 326, 327, 330, 330, 329, 331, 329, 331,
    332, 343, 347, 350, 362, 367, 375, 380, 381, 380, 379, 373, 359, 346,
    341, 344, 342, 341, 347, 358, 370, 379, 378, 376, 376, 370, 355, 346,
    336, 341, 336, 346, 354, 364, 366, 368, 368, 363, 356, 343, 339, 343,
    338, 347, 353, 366, 373, 369, 373, 367, 362, 355, 343, 344, 342, 347,
    351, 361, 366, 366, 370, 365, 357, 348, 340, 337, 332, 327, 325, 326,
    325, 326, 327, 324, 329, 329, 327, 328, 328, 327 ]
LHandPositionsY: [ 262, 264, 260, 262, 262, 260, 264, 263, 261, 262, 258,
    254, 246, 236, 225, 209, 196, 181, 170, 173, 162, 154, 150, 156, 158,
    164, 165, 162, 161, 162, 159, 154, 149, 149, 148, 146, 148, 150, 152,
    156, 155, 155, 153, 151, 150, 150, 150, 150, 150, 157, 160, 163, 164,
    165, 164, 163, 161, 160, 159, 157, 157, 160, 161, 165, 163, 163, 164,
    159, 160, 159, 159, 160, 156, 156, 159, 164, 171, 178, 186, 198, 209,
    221, 228, 231, 236, 238, 242, 245, 247, 249, 248 ]
RHandPositionsX: [ 182, 180, 179, 181, 180, 179, 179, 179, 180, 181, 179,
    180, 181, 179, 179, 183, 180, 179, 181, 183, 180, 179, 181, 181, 180,
    182, 181, 179, 179, 179, 179, 180, 181, 182, 181, 183, 179, 179, 179,
    181, 183, 180, 182, 179, 180, 179, 181, 182, 183, 183, 180, 182, 181,
    182, 181, 179, 181, 180, 181, 183, 183, 183, 180, 182, 183, 179, 181,
    181, 182, 181, 183, 183, 179, 180, 183, 179, 181, 183, 183, 183, 179,
    179, 182, 180, 181, 183, 179, 182, 183, 179, 182 ]
RHandPositionsY: [ 271, 271, 270, 271, 270, 267, 269, 267, 269, 270, 268,
    271, 268, 269, 271, 269, 270, 268, 270, 267, 269, 267, 271, 269, 271,
    268, 270, 271, 269, 267, 269, 268, 271, 269, 269, 269, 270, 270, 271,
    269, 271, 269, 269, 270, 268, 270, 267, 269, 269, 270, 268, 269, 271,
    267, 271, 269, 268, 271, 270, 269, 269, 268, 271, 270, 268, 270, 269,
    268, 268, 269, 267, 270, 269, 269, 268, 267, 271, 268, 271, 270, 268,
    268, 271, 269, 271, 269, 270, 269, 271, 268, 270 ]
