%YAML:1.0
---
videoName: "LHShake14.mp4"
gestureLabel: 2
fps: 29
pixelSizeInCmTemp: 3.2808219178082193e-01
faceCenterPointX: 256
faceCenterPointY: 64
LHandPositionsX: [ 348, 351, 351, 355, 370, 383, 391, 388, 390, 381, 370,
    358, 358, 354, 361, 369, 383, 382, 383, 383, 375, 365, 355, 353, 354,
    360, 370, 378, 390, 386, 385, 379, 370, 360, 359, 356, 361, 372, 382,
    383, 380, 376, 372, 363, 361, 359, 361, 362, 372, 376, 376, 377, 370,
    363, 356, 349, 342, 336, 332, 329, 330, 329, 329, 327, 329, 330, 332,
    332, 330, 332, 331, 330, 332, 328, 329, 328, 327, 331, 329, 330, 331,
    328, 331, 330, 327, 328, 328, 331 ]
LHandPositionsY: [ 148, 145, 148, 144, 140, 137, 140, 142, 140, 142, 145,
    148, 148, 150, 147, 143, 141, 140, 140, 138, 139, 144, 144, 147, 146,
    148, 145, 141, 140, 141, 143, 143, 146, 144, 144, 149, 146, 145, 144,
    144, 143, 141, 143, 140, 143, 141, 143, 138, 139, 143, 141, 146, 151,
    156, 158, 168, 175, 187, 199, 212, 223, 232, 234, 238, 242, 244, 247,
    250, 248, 251, 251, 252, 250, 250, 251, 250, 251, 249, 251, 248, 252,
    248, 252, 251, 250, 250, 250, 250 ]
RHandPositionsX: [ 185, 182, 183, 184, 180, 180, 181, 183, 180, 180, 180,
    180, 182, 181, 178, 179, 179, 180, 178, 178, 177, 177, 175, 176, 179,
    179, 177, 175, 177, 179, 176, 176, 176, 177, 179, 177, 175, 176, 177,
    179, 176, 178, 178, 176, 175, 176, 178, 176, 179, 179, 176, 178, 175,
    177, 179, 179, 179, 176, 176, 178, 177, 179, 177, 179, 175, 175, 179,
    179, 175, 179, 176, 176, 176, 177, 177, 175, 175, 175, 177, 176, 177,
    178, 177, 177, 177, 176, 175, 179 ]
RHandPositionsY: [ 277, 277, 277, 279, 276, 277, 275, 277, 278, 277, 276,
    277, 277, 277, 278, 276, 274, 276, 273, 277, 274, 276, 273, 275, 276,
    276, 277, 276, 275, 273, 275, 274, 277, 273, 276, 275, 276, 277, 277,
    276, 274, 277, 273, 276, 277, 275, 277, 274, 276, 277, 276, 277, 277,
    277, 275, 273, 277, 277, 274, 276, 273, 274, 276, 274, 276, 273, 273,
    276, 273, 276, 276, 273, 275, 274, 276, 277, 274, 275, 274, 277, 277,
    274, 274, 273, 273, 274, 276, 277 ]
