%YAML:1.0
---
videoName: "LHShake06.mp4"
gestureLabel: 2
fps: 29
pixelSizeInCmTemp: 3.3732394366197183e-01
faceCenterPointX: 250
faceCenterPointY: 80
LHandPositionsX: [ 383, 384, 386, 385, 384, 380, 376, 370, 369, 368, 376,
    386, 387, 394, 395, 393, 392, 385, 378, 377, 374, 377, 388, 389, 391,
    391, 391, 388, 383, 380, 380, 381, 385, 388, 392, 390, 388, 386, 380,
    379, 379, 384, 387, 389, 389, 388, 389, 384, 379, 381, 380, 381, 388,
    390, 395, 401, 397, 396, 390, 389, 377, 367, 361, 357, 356, 345, 339,
    327, 318, 311, 306, 309, 305, 304, 301, 302, 299, 299, 302, 301, 299,
    298, 301, 298, 298, 301, 300, 300 ]
LHandPositionsY: [ 150, 147, 146, 140, 136, 137, 138, 138, 135, 135, 132,
    130, 128, 127, 128, 128, 129, 132, 132, 135, 132, 135, 132, 131, 128,
    125, 128, 128, 128, 130, 131, 127, 126, 128, 127, 124, 124, 128, 127,
    128, 127, 125, 125, 126, 122, 123, 127, 126, 128, 127, 124, 127, 126,
    124, 123, 123, 121, 123, 124, 129, 133, 138, 144, 153, 159, 176, 189,
    208, 214, 226, 232, 234, 239, 243, 244, 249, 252, 251, 249, 252, 255,
    251, 253, 254, 254, 254, 253, 255 ]
RHandPositionsX: [ 211, 214, 210, 213, 212, 212, 211, 213, 211, 210, 212,
    209, 211, 210, 211, 211, 210, 209, 212, 213, 211, 209, 211, 213, 213,
    209, 209, 209, 209, 208, 210, 211, 210, 210, 210, 208, 208, 210, 212,
    210, 209, 211, 208, 212, 208, 207, 207, 210, 209, 208, 209, 210, 208,
    207, 210, 211, 211, 210, 211, 211, 207, 211, 209, 210, 208, 211, 210,
    209, 207, 211, 210, 210, 208, 212, 210, 208, 212, 208, 209, 211, 212,
    211, 210, 212, 212, 211, 212, 212 ]
RHandPositionsY: [ 270, 271, 271, 270, 268, 268, 268, 269, 269, 269, 270,
    268, 269, 266, 268, 269, 267, 266, 270, 266, 269, 267, 268, 265, 266,
    265, 265, 269, 265, 266, 266, 268, 266, 267, 268, 265, 268, 268, 269,
    267, 269, 269, 267, 266, 268, 266, 269, 269, 266, 267, 267, 268, 265,
    268, 268, 270, 267, 266, 265, 267, 268, 268, 269, 269, 267, 267, 268,
    266, 266, 265, 267, 268, 268, 267, 269, 268, 265, 267, 267, 267, 269,
    268, 266, 265, 268, 267, 269, 269 ]
