%YAML:1.0
---
videoName: "LHShake07.mp4"
gestureLabel: 2
fps: 29
pixelSizeInCmTemp: 3.3732394366197183e-01
faceCenterPointX: 265
faceCenterPointY: 78
LHandPositionsX: [ 345, 349, 352, 356, 363, 368, 377, 385, 391, 392, 395,
    395, 383, 377, 356, 348, 342, 343, 340, 339, 350, 365, 370, 365, 366,
    362, 361, 343, 341, 342, 342, 345, 355, 355, 367, 371, 368, 363, 361,
    352, 345, 347, 348, 351, 358, 361, 364, 363, 363, 359, 341, 329, 334,
    334, 341, 355, 366, 375, 371, 379, 373, 363, 357, 347, 341, 337, 338,
    336, 334, 337, 339, 342, 341, 340, 341, 344, 344, 344, 342, 342, 342,
    343, 343, 343, 343, 341, 340, 340 ]
LHandPositionsY: [ 276, 279, 271, 268, 258, 248, 237, 220, 201, 191, 177,
    160, 148, 138, 139, 140, 148, 145, 144, 147, 144, 137, 135, 137, 137,
    137, 136, 137, 147, 143, 137, 133, 131, 133, 126, 123, 128, 129, 136,
    136, 142, 142, 144, 140, 136, 136, 140, 139, 131, 129, 135, 150, 146,
    136, 134, 132, 130, 135, 133, 126, 131, 139, 149, 155, 169, 180, 192,
    206, 219, 229, 241, 253, 250, 255, 255, 262, 260, 266, 263, 263, 268,
    264, 269, 266, 266, 266, 268, 269 ]
RHandPositionsX: [ 182, 181, 183, 184, 182, 181, 183, 183, 181, 184, 184,
    182, 185, 183, 182, 184, 183, 182, 184, 182, 184, 181, 184, 182, 185,
    185, 181, 184, 182, 183, 185, 183, 183, 183, 182, 184, 181, 182, 185,
    185, 183, 181, 184, 182, 182, 183, 181, 184, 183, 182, 181, 184, 184,
    183, 181, 183, 183, 182, 182, 181, 181, 183, 182, 185, 184, 183, 184,
    185, 185, 185, 184, 184, 182, 184, 183, 181, 184, 182, 181, 181, 183,
    182, 185, 184, 185, 181, 185, 185 ]
RHandPositionsY: [ 276, 277, 277, 280, 279, 280, 278, 276, 278, 280, 278,
    279, 278, 276, 279, 277, 277, 280, 276, 279, 277, 277, 277, 279, 277,
    277, 279, 280, 280, 279, 280, 280, 280, 277, 279, 280, 278, 276, 278,
    279, 276, 277, 276, 278, 277, 278, 278, 280, 276, 279, 280, 279, 279,
    276, 280, 280, 279, 280, 277, 279, 278, 278, 280, 276, 278, 280, 277,
    277, 277, 280, 279, 279, 276, 280, 277, 276, 278, 277, 276, 277, 276,
    278, 277, 277, 276, 278, 279, 276 ]
