%YAML:1.0
---
videoName: "LHShake04.mp4"
gestureLabel: 2
fps: 30
pixelSizeInCmTemp: 3.2808219178082193e-01
faceCenterPointX: 247
faceCenterPointY: 80
LHandPositionsX: [ 283, 283, 281, 284, 281, 279, 279, 279, 281, 280, 282,
    282, 280, 279, 281, 287, 288, 296, 310, 321, 333, 346, 358, 369, 373,
    369, 360, 357, 350, 341, 339, 337, 337, 339, 349, 364, 368, 364, 360,
    348, 341, 343, 340, 341, 350, 355, 357, 355, 351, 345, 342, 346, 343,
    347, 353, 358, 355, 351, 347, 346, 346, 349, 355, 361, 363, 366, 365,
    357, 353, 347, 335, 325, 313, 305, 297, 293, 291, 290, 289, 287, 287,
    286, 287, 289, 288, 287, 290, 289, 285, 288, 289 ]
LHandPositionsY: [ 269, 271, 272, 272, 272, 270, 268, 271, 270, 272, 270,
    268, 272, 270, 268, 267, 265, 254, 244, 228, 215, 202, 189, 174, 161,
    157, 155, 153, 133, 130, 131, 128, 126, 121, 118, 111, 109, 107, 115,
    119, 131, 125, 124, 126, 122, 117, 113, 114, 121, 120, 121, 120, 120,
    115, 114, 112, 109, 110, 112, 119, 113, 113, 108, 107, 106, 103, 107,
    111, 127, 143, 156, 174, 188, 198, 214, 225, 234, 242, 245, 244, 250,
    248, 248, 249, 248, 252, 252, 253, 254, 251, 253 ]
RHandPositionsX: [ 215, 218, 217, 218, 217, 214, 217, 214, 216, 215, 215,
    215, 217, 218, 217, 218, 214, 217, 216, 218, 218, 216, 217, 216, 216,
    216, 217, 217, 217, 215, 218, 216, 218, 215, 218, 214, 216, 216, 216,
    214, 216, 217, 217, 217, 214, 217, 214, 217, 217, 216, 215, 214, 215,
    218, 217, 214, 218, 217, 215, 217, 217, 217, 214, 214, 217, 217, 217,
    218, 218, 218, 215, 218, 218, 215, 218, 215, 214, 216, 218, 216, 215,
    216, 217, 215, 218, 218, 216, 214, 215, 218, 217 ]
RHandPositionsY: [ 266, 269, 266, 267, 269, 267, 270, 266, 267, 270, 270,
    267, 269, 266, 267, 266, 268, 265, 264, 266, 266, 267, 264, 265, 263,
    267, 265, 264, 266, 267, 267, 265, 266, 266, 264, 266, 262, 266, 262,
    266, 266, 263, 266, 265, 265, 264, 264, 265, 262, 264, 261, 263, 263,
    264, 261, 261, 263, 263, 263, 264, 263, 262, 265, 263, 263, 262, 265,
    263, 262, 261, 264, 263, 264, 264, 262, 261, 264, 262, 262, 261, 263,
    265, 265, 262, 265, 265, 262, 263, 265, 262, 265 ]
