%YAML:1.0
---
videoName: "LHShake22.mp4"
gestureLabel: 2
fps: 29
pixelSizeInCmTemp: 3.5220588235294115e-01
faceCenterPointX: 261
faceCenterPointY: 79
LHandPositionsX: [ 335, 345, 347, 356, 353, 359, 359, 352, 345, 337, 330,
    321, 319, 320, 321, 321, 331, 336, 343, 343, 345, 344, 338, 332, 323,
    323, 322, 326, 331, 336, 344, 340, 343, 338, 329, 322, 318, 315, 320,
    324, 326, 336, 338, 335, 334, 329, 325, 318, 320, 321, 323, 327, 334,
    341, 341, 343, 342, 335, 323, 317, 316, 317, 318, 324, 330, 336, 335,
    333, 336, 330, 328, 325, 323, 320, 321, 323, 323, 325, 326, 324, 327,
    327, 323, 325, 324, 326, 327, 327 ]
LHandPositionsY: [ 261, 255, 245, 239, 232, 219, 205, 206, 194, 186, 185,
    185, 186, 185, 182, 180, 179, 174, 172, 171, 170, 171, 171, 175, 179,
    178, 178, 178, 174, 172, 173, 174, 171, 170, 175, 180, 185, 184, 184,
    185, 182, 178, 176, 175, 173, 178, 176, 180, 180, 182, 182, 181, 177,
    176, 174, 176, 174, 177, 179, 180, 183, 183, 182, 180, 176, 177, 176,
    180, 186, 190, 195, 201, 211, 220, 228, 239, 239, 242, 245, 248, 249,
    246, 250, 249, 251, 247, 251, 248 ]
RHandPositionsX: [ 192, 190, 192, 193, 193, 189, 193, 193, 192, 190, 192,
    190, 192, 190, 190, 193, 189, 190, 191, 189, 191, 193, 191, 189, 191,
    193, 189, 189, 192, 191, 193, 192, 189, 191, 193, 190, 191, 189, 189,
    189, 192, 190, 193, 191, 193, 189, 192, 193, 193, 192, 189, 189, 190,
    192, 192, 190, 191, 191, 189, 189, 192, 192, 189, 193, 190, 193, 193,
    190, 192, 190, 192, 190, 191, 190, 190, 192, 192, 193, 190, 189, 191,
    189, 189, 190, 189, 190, 189, 190 ]
RHandPositionsY: [ 269, 266, 269, 270, 270, 266, 267, 268, 268, 267, 270,
    269, 268, 269, 266, 267, 267, 269, 270, 268, 269, 267, 269, 267, 269,
    267, 269, 270, 270, 267, 267, 266, 268, 269, 268, 270, 267, 267, 267,
    269, 266, 268, 270, 269, 268, 270, 269, 269, 267, 267, 268, 270, 268,
    269, 267, 267, 267, 268, 268, 270, 267, 267, 267, 268, 269, 270, 266,
    268, 267, 266, 270, 267, 270, 270, 270, 267, 266, 267, 267, 267, 269,
    268, 269, 268, 269, 270, 270, 269 ]
