%YAML:1.0
---
videoName: "LHShake14.mp4"
gestureLabel: 2
fps: 29
pixelSizeInCmTemp: 3.2808219178082193e-01
faceCenterPointX: 256
faceCenterPointY: 64
LHandPositionsX: [ 351, 353, 350, 355, 370, 379, 390, 390, 388, 379, 370,
    357, 360, 354, 359, 371, 383, 382, 382, 381, 372, 363, 352, 355, 352,
    360, 367, 378, 389, 388, 382, 378, 366, 356, 360, 356, 362, 369, 381,
    382, 380, 379, 369, 363, 361, 360, 359, 364, 370, 377, 377, 380, 373,
    363, 357, 348, 342, 336, 330, 329, 330, 332, 328, 330, 332, 330, 329,
    329, 331, 329, 329, 329, 330, 330, 329, 331, 330, 328, 330, 328, 328,
    330, 328, 327, 330, 328, 331, 328 ]
LHandPositionsY: [ 148, 145, 147, 143, 141, 138, 141, 143, 143, 139, 145,
    147, 149, 148, 145, 145, 140, 139, 141, 138, 140, 145, 148, 147, 147,
    145, 144, 144, 141, 142, 141, 141, 143, 144, 145, 147, 146, 144, 141,
    141, 143, 140, 140, 141, 143, 143, 139, 142, 137, 142, 141, 147, 147,
    154, 157, 169, 177, 186, 201, 211, 221, 234, 237, 237, 244, 248, 247,
    248, 247, 252, 252, 250, 248, 248, 251, 252, 251, 249, 252, 248, 250,
    249, 248, 252, 251, 251, 252, 250 ]
RHandPositionsX: [ 185, 182, 181, 181, 181, 179, 179, 180, 180, 180, 181,
    178, 179, 179, 178, 176, 179, 180, 180, 178, 178, 177, 176, 179, 175,
    178, 177, 175, 176, 177, 176, 179, 179, 176, 177, 179, 176, 177, 178,
    177, 179, 178, 178, 178, 175, 178, 176, 179, 179, 178, 178, 178, 179,
    176, 178, 178, 175, 178, 178, 179, 178, 175, 175, 176, 179, 177, 177,
    177, 178, 175, 177, 178, 177, 179, 179, 176, 175, 179, 177, 178, 176,
    178, 178, 177, 178, 176, 176, 177 ]
RHandPositionsY: [ 280, 279, 277, 278, 277, 276, 278, 277, 279, 277, 274,
    275, 276, 276, 278, 276, 273, 276, 276, 276, 277, 277, 273, 275, 275,
    276, 275, 275, 275, 274, 274, 273, 273, 274, 275, 274, 276, 276, 275,
    278, 276, 277, 274, 275, 277, 273, 276, 274, 274, 273, 276, 273, 276,
    276, 275, 274, 274, 275, 277, 273, 273, 275, 273, 274, 275, 273, 276,
    274, 273, 275, 274, 274, 274, 277, 275, 275, 273, 274, 276, 276, 274,
    276, 276, 275, 275, 276, 274, 275 ]
