%YAML:1.0
---
videoName: "LHShake23.mp4"
gestureLabel: 2
fps: 30
pixelSizeInCmTemp: 3.3263888888888887e-01
faceCenterPointX: 259
faceCenterPointY: 79
LHandPositionsX: [ 334, 332, 331, 330, 331, 330, 334, 332, 332, 333, 335,
    335, 342, 345, 347, 361, 369, 373, 375, 376, 379, 380, 374, 368, 357,
    353, 351, 352, 356, 361, 371, 380, 385, 385, 382, 380, 372, 359, 359,
    362, 364, 367, 376, 384, 385, 382, 378, 374, 364, 357, 354, 351, 358,
    363, 371, 382, 383, 378, 380, 375, 365, 359, 357, 358, 356, 366, 373,
    377, 376, 378, 378, 374, 367, 361, 358, 349, 347, 342, 339, 341, 337,
    340, 339, 337, 335, 334, 337, 336, 338, 336, 335 ]
LHandPositionsY: [ 265, 265, 263, 266, 266, 262, 263, 266, 262, 262, 257,
    253, 242, 232, 229, 211, 198, 196, 195, 188, 183, 169, 165, 164, 166,
    168, 167, 169, 171, 167, 164, 163, 157, 158, 160, 159, 164, 162, 164,
    166, 164, 166, 161, 157, 157, 161, 160, 160, 163, 165, 166, 164, 167,
    166, 167, 162, 165, 166, 164, 165, 166, 167, 170, 170, 171, 172, 166,
    170, 169, 166, 171, 170, 174, 184, 194, 204, 214, 229, 240, 249, 251,
    253, 250, 251, 252, 256, 255, 255, 256, 252, 253 ]
RHandPositionsX: [ 183, 183, 183, 183, 183, 183, 186, 185, 185, 182, 185,
    185, 183, 185, 182, 182, 184, 183, 186, 184, 185, 184, 183, 186, 184,
    182, 182, 183, 184, 182, 185, 184, 185, 182, 185, 184, 185, 184, 186,
    184, 182, 186, 186, 182, 182, 186, 186, 182, 182, 186, 183, 184, 182,
    182, 182, 182, 182, 185, 183, 185, 182, 182, 185, 183, 185, 185, 186,
    185, 186, 184, 184, 183, 186, 182, 185, 182, 185, 182, 184, 186, 183,
    183, 186, 182, 183, 182, 186, 186, 182, 182, 185 ]
RHandPositionsY: [ 272, 273, 272, 271, 273, 271, 271, 270, 274, 272, 270,
    274, 270, 270, 270, 274, 272, 270, 271, 274, 273, 270, 270, 272, 274,
    273, 272, 270, 274, 274, 270, 274, 273, 271, 274, 273, 272, 272, 271,
    272, 271, 273, 272, 273, 271, 270, 270, 270, 272, 270, 274, 272, 271,
    274, 272, 274, 273, 271, 270, 270, 271, 274, 272, 272, 274, 270, 273,
    273, 271, 270, 273, 273, 271, 274, 270, 270, 271, 270, 274, 273, 273,
    270, 272, 271, 271, 274, 270, 272, 272, 273, 273 ]
