%YAML:1.0
---
videoName: "LHShake16.mp4"
gestureLabel: 2
fps: 30
pixelSizeInCmTemp: 3.3732394366197183e-01
faceCenterPointX: 247
faceCenterPointY: 66
LHandPositionsX: [ 322, 324, 325, 328, 329, 338, 344, 352, 363, 372, 384,
    392, 402, 408, 404, 401, 398, 390, 375, 362, 353, 359, 362, 371, 380,
    397, 396, 394, 388, 386, 372, 367, 371, 372, 369, 380, 387, 389, 402,
    398, 386, 373, 366, 367, 367, 370, 375, 383, 398, 408, 395, 385, 372,
    362, 363, 364, 363, 368, 377, 394, 386, 383, 387, 383, 372, 368, 359,
    349, 343, 336, 336, 331, 332, 330, 332, 327, 328, 331, 327, 331, 328,
    330, 329, 327, 328, 325, 327, 324, 324, 324, 326 ]
LHandPositionsY: [ 254, 256, 252, 253, 251, 247, 235, 222, 210, 194, 179,
    169, 153, 150, 140, 136, 121, 114, 116, 112, 118, 117, 124, 116, 113,
    117, 119, 120, 118, 115, 121, 132, 128, 135, 126, 118, 117, 123, 122,
    118, 119, 125, 133, 134, 137, 136, 130, 125, 127, 121, 124, 131, 137,
    146, 143, 145, 144, 142, 132, 125, 127, 128, 125, 133, 140, 149, 161,
    171, 182, 199, 207, 215, 224, 227, 230, 234, 238, 237, 240, 237, 241,
    242, 241, 245, 246, 241, 241, 243, 245, 243, 245 ]
RHandPositionsX: [ 175, 175, 177, 178, 178, 179, 178, 179, 179, 175, 178,
    178, 177, 179, 179, 179, 178, 177, 176, 176, 177, 179, 175, 177, 178,
    179, 178, 175, 178, 176, 175, 175, 175, 176, 179, 178, 179, 178, 177,
    179, 179, 177, 179, 175, 179, 175, 179, 179, 175, 178, 175, 176, 176,
    178, 176, 177, 175, 179, 175, 179, 177, 177, 179, 175, 179, 178, 176,
    175, 179, 176, 175, 179, 179, 179, 177, 177, 179, 175, 176, 176, 178,
    177, 176, 176, 177, 179, 177, 179, 179, 177, 175 ]
RHandPositionsY: [ 259, 259, 261, 261, 261, 260, 262, 258, 258, 258, 258,
    259, 259, 258, 260, 260, 259, 258, 260, 259, 260, 258, 259, 259, 258,
    258, 262, 262, 259, 262, 262, 261, 262, 260, 259, 262, 262, 259, 260,
    261, 259, 258, 258, 261, 259, 260, 258, 259, 262, 259, 261, 259, 261,
    259, 260, 259, 261, 260, 260, 260, 258, 258, 260, 261, 258, 258, 259,
    262, 261, 261, 260, 262, 261, 258, 260, 258, 262, 259, 259, 260, 259,
    259, 262, 262, 261, 260, 262, 261, 262, 259, 262 ]
