%YAML:1.0
---
videoName: "LHShake02.mp4"
gestureLabel: 2
fps: 29
pixelSizeInCmTemp: 3.3263888888888887e-01
faceCenterPointX: 249
faceCenterPointY: 82
LHandPositionsX: [ 361, 362, 363, 368, 374, 378, 385, 384, 385, 386, 383,
    378, 372, 369, 363, 363, 362, 365, 372, 376, 384, 387, 385, 378, 377,
    369, 365, 365, 363, 363, 370, 372, 373, 376, 377, 383, 379, 375, 372,
    369, 366, 360, 358, 358, 360, 359, 363, 369, 369, 373, 371, 368, 362,
    361, 355, 357, 361, 366, 367, 369, 369, 368, 365, 362, 358, 351, 347,
    344, 343, 344, 341, 340, 343, 343, 341, 343, 343, 347, 349, 349, 347,
    349, 347, 347, 346, 346, 349, 346 ]
LHandPositionsY: [ 127, 122, 118, 115, 113, 110, 112, 109, 111, 109, 108,
    110, 109, 112, 113, 113, 113, 110, 106, 104, 104, 103, 104, 102, 102,
    108, 110, 110, 111, 108, 105, 103, 99, 99, 101, 98, 94, 97, 98, 95,
    101, 104, 104, 101, 104, 103, 103, 98, 99, 99, 101, 103, 108, 108,
    106, 106, 106, 104, 107, 105, 103, 103, 104, 107, 123, 136, 148, 161,
    166, 171, 180, 182, 192, 199, 204, 213, 216, 222, 226, 227, 227, 232,
    229, 230, 234, 234, 237, 238 ]
RHandPositionsX: [ 155, 154, 153, 155, 157, 157, 153, 155, 154, 155, 155,
    155, 153, 155, 155, 155, 153, 155, 157, 154, 155, 154, 155, 156, 153,
    156, 157, 153, 155, 154, 155, 156, 154, 154, 154, 156, 155, 155, 154,
    153, 157, 157, 155, 156, 155, 155, 156, 154, 157, 156, 153, 154, 153,
    153, 156, 153, 156, 157, 153, 154, 154, 153, 154, 155, 156, 154, 155,
    155, 157, 154, 155, 153, 154, 156, 157, 156, 155, 157, 154, 153, 155,
    153, 156, 153, 155, 155, 153, 154 ]
RHandPositionsY: [ 264, 263, 265, 263, 264, 262, 261, 261, 261, 259, 260,
    260, 262, 260, 261, 259, 261, 262, 260, 261, 260, 259, 262, 258, 259,
    261, 261, 262, 259, 260, 260, 261, 261, 262, 258, 261, 262, 260, 258,
    262, 259, 259, 262, 260, 258, 262, 260, 261, 262, 258, 259, 261, 262,
    260, 262, 262, 262, 260, 258, 262, 262, 260, 262, 258, 260, 260, 261,
    259, 262, 262, 258, 259, 261, 262, 262, 260, 261, 259, 261, 261, 258,
    260, 262, 259, 258, 262, 258, 261 ]
