%YAML:1.0
---
videoName: "LHShake03.mp4"
gestureLabel: 2
fps: 30
pixelSizeInCmTemp: 3.2808219178082193e-01
faceCenterPointX: 251
faceCenterPointY: 79
LHandPositionsX: [ 343, 346, 352, 355, 358, 357, 355, 348, 336, 329, 313,
    316, 318, 314, 315, 320, 324, 331, 336, 334, 340, 339, 334, 331, 323,
    324, 321, 320, 323, 329, 334, 339, 344, 340, 336, 321, 318, 315, 309,
    310, 313, 322, 325, 331, 337, 336, 332, 330, 322, 325, 323, 326, 334,
    340, 344, 341, 339, 333, 338, 338, 335, 330, 319, 320, 315, 313, 307,
    302, 299, 299, 295, 294, 294, 294, 294, 294, 292, 289, 289, 291, 292,
    292, 289, 286, 288, 288, 289, 285, 285, 286, 286 ]
LHandPositionsY: [ 140, 136, 129, 118, 113, 108, 105, 105, 96, 97, 106,
    103, 105, 102, 96, 94, 93, 87, 86, 86, 84, 88, 89, 87, 89, 88, 91,
    92, 88, 88, 87, 83, 81, 85, 87, 91, 91, 94, 94, 94, 92, 93, 91, 86,
    88, 88, 88, 89, 92, 90, 93, 91, 92, 89, 85, 86, 93, 93, 97, 103, 115,
    131, 143, 153, 167, 179, 184, 198, 207, 215, 224, 221, 227, 230, 233,
    234, 242, 243, 244, 250, 247, 247, 252, 251, 255, 251, 252, 255, 255,
    255, 255 ]
RHandPositionsX: [ 212, 215, 215, 214, 216, 213, 215, 214, 211, 215, 212,
    215, 212, 212, 215, 215, 215, 212, 211, 215, 214, 214, 213, 211, 212,
    215, 211, 214, 213, 215, 212, 214, 213, 213, 215, 214, 214, 213, 214,
    212, 214, 213, 212, 211, 215, 213, 212, 211, 215, 214, 211, 211, 211,
    211, 211, 212, 214, 210, 211, 211, 211, 214, 211, 212, 214, 212, 212,
    211, 212, 211, 212, 212, 210, 212, 210, 210, 214, 213, 213, 210, 211,
    213, 213, 211, 211, 210, 214, 210, 212, 213, 214 ]
RHandPositionsY: [ 259, 255, 257, 258, 257, 254, 256, 252, 252, 255, 255,
    252, 254, 254, 254, 252, 255, 255, 252, 252, 253, 253, 255, 252, 252,
    255, 254, 255, 255, 252, 255, 251, 254, 252, 251, 251, 255, 253, 251,
    251, 251, 252, 251, 254, 251, 251, 252, 252, 251, 252, 254, 255, 255,
    253, 255, 252, 253, 252, 251, 251, 255, 253, 253, 251, 255, 253, 253,
    252, 253, 253, 252, 254, 252, 255, 255, 255, 252, 251, 251, 251, 255,
    253, 255, 252, 251, 255, 253, 252, 255, 253, 252 ]
