%YAML:1.0
---
videoName: "LHShake24.mp4"
gestureLabel: 2
fps: 30
pixelSizeInCmTemp: 3.4214285714285714e-01
faceCenterPointX: 255
faceCenterPointY: 77
LHandPositionsX: [ 326, 329, 327, 330, 330, 330, 329, 328, 328, 330, 330,
    332, 339, 345, 354, 361, 371, 375, 379, 381, 380, 380, 371, 360, 350,
    343, 344, 341, 342, 350, 357, 368, 380, 375, 377, 374, 369, 359, 347,
    337, 340, 340, 345, 355, 362, 363, 367, 366, 362, 356, 344, 338, 342,
    342, 346, 353, 364, 370, 370, 372, 369, 362, 354, 345, 344, 346, 345,
    352, 358, 366, 366, 367, 364, 361, 349, 343, 334, 332, 330, 328, 325,
    326, 327, 325, 324, 329, 326, 327, 324, 328, 326 ]
LHandPositionsY: [ 260, 261, 264, 260, 260, 261, 262, 261, 261, 261, 258,
    255, 247, 236, 224, 209, 197, 183, 172, 169, 159, 154, 150, 152, 155,
    160, 164, 165, 162, 163, 159, 152, 149, 150, 150, 147, 145, 147, 151,
    156, 152, 154, 156, 152, 152, 149, 150, 148, 150, 155, 158, 162, 163,
    162, 160, 161, 158, 156, 157, 154, 154, 156, 161, 164, 165, 161, 160,
    160, 158, 159, 160, 156, 155, 158, 157, 165, 172, 180, 189, 199, 209,
    217, 228, 232, 234, 239, 243, 245, 246, 246, 246 ]
RHandPositionsX: [ 180, 181, 183, 179, 180, 181, 180, 180, 181, 179, 181,
    182, 180, 181, 183, 183, 179, 180, 181, 182, 179, 181, 181, 180, 183,
    182, 179, 180, 181, 180, 183, 180, 180, 179, 179, 179, 181, 180, 181,
    181, 179, 180, 181, 179, 181, 182, 181, 180, 183, 181, 182, 182, 180,
    182, 182, 181, 179, 180, 183, 179, 179, 182, 181, 180, 183, 179, 181,
    179, 181, 183, 179, 183, 179, 179, 181, 183, 181, 180, 179, 181, 181,
    179, 183, 183, 180, 180, 182, 179, 181, 179, 182 ]
RHandPositionsY: [ 269, 271, 270, 269, 267, 268, 269, 271, 270, 267, 268,
    268, 267, 268, 269, 269, 270, 267, 268, 269, 268, 269, 270, 270, 268,
    268, 267, 271, 269, 271, 269, 268, 269, 271, 269, 268, 271, 270, 271,
    267, 269, 270, 270, 267, 270, 269, 267, 271, 267, 271, 270, 269, 270,
    271, 268, 268, 270, 268, 269, 271, 270, 268, 270, 269, 267, 268, 271,
    268, 268, 267, 269, 268, 271, 267, 270, 267, 270, 267, 268, 271, 269,
    268, 268, 270, 270, 269, 271, 268, 267, 271, 267 ]
