%YAML:1.0
---
videoName: "LHShake14.mp4"
gestureLabel: 2
fps: 29
pixelSizeInCmTemp: 3.2808219178082193e-01
faceCenterPointX: 256
faceCenterPointY: 64
LHandPositionsX: [ 352, 355, 352, 355, 366, 379, 390, 391, 387, 381, 372,
    358, 361, 355, 359, 371, 381, 385, 381, 380, 374, 363, 354, 355, 351,
    357, 369, 380, 388, 388, 384, 377, 368, 358, 359, 356, 359, 368, 382,
    381, 384, 380, 371, 359, 361, 357, 357, 366, 373, 377, 377, 376, 371,
    367, 359, 348, 344, 339, 331, 330, 327, 332, 329, 327, 332, 329, 329,
    328, 328, 331, 330, 329, 331, 329, 329, 329, 329, 328, 329, 329, 328,
    328, 327, 330, 328, 329, 331, 331 ]
LHandPositionsY: [ 148, 145, 145, 146, 142, 140, 140, 142, 143, 139, 144,
    150, 146, 149, 145, 145, 137, 139, 141, 137, 140, 144, 145, 145, 145,
    145, 148, 143, 143, 140, 140, 143, 143, 147, 144, 150, 144, 144, 144,
    142, 142, 139, 140, 141, 143, 143, 143, 140, 141, 140, 144, 145, 148,
    153, 161, 166, 176, 187, 198, 210, 224, 234, 235, 236, 242, 246, 249,
    251, 247, 250, 251, 252, 248, 249, 252, 248, 250, 251, 250, 252, 251,
    249, 250, 252, 249, 252, 252, 248 ]
RHandPositionsX: [ 183, 185, 183, 183, 179, 179, 183, 180, 182, 180, 182,
    181, 182, 178, 180, 179, 178, 176, 176, 176, 178, 179, 177, 175, 176,
    177, 177, 177, 176, 176, 178, 176, 179, 178, 178, 176, 179, 175, 178,
    176, 179, 176, 176, 179, 178, 175, 179, 176, 176, 178, 179, 177, 177,
    178, 179, 176, 178, 178, 178, 175, 177, 176, 175, 179, 179, 179, 177,
    177, 175, 179, 176, 178, 179, 178, 177, 177, 175, 178, 176, 176, 179,
    178, 175, 178, 175, 178, 175, 177 ]
RHandPositionsY: [ 279, 279, 279, 278, 279, 279, 277, 278, 279, 278, 275,
    274, 277, 274, 277, 274, 277, 273, 273, 274, 273, 273, 276, 274, 273,
    275, 275, 275, 273, 273, 273, 275, 274, 274, 277, 275, 273, 275, 278,
    278, 277, 274, 277, 276, 275, 277, 276, 276, 274, 274, 277, 277, 275,
    275, 275, 275, 273, 276, 273, 274, 274, 277, 275, 275, 274, 275, 276,
    273, 273, 276, 276, 273, 273, 277, 277, 274, 277, 276, 277, 274, 276,
    274, 277, 277, 276, 277, 276, 273 ]
