%YAML:1.0
---
videoName: "LHShake10.mp4"
gestureLabel: 2
fps: 29
pixelSizeInCmTemp: 3.4214285714285714e-01
faceCenterPointX: 253
faceCenterPointY: 65
LHandPositionsX: [ 338, 338, 338, 337, 338, 338, 344, 350, 351, 358, 367,
    377, 383, 392, 393, 397, 393, 382, 373, 365, 355, 350, 349, 354, 358,
    371, 383, 392, 390, 391, 389, 385, 373, 364, 357, 360, 359, 366, 367,
    372, 371, 371, 374, 369, 370, 363, 352, 346, 344, 344, 345, 352, 361,
    370, 381, 379, 382, 373, 363, 357, 351, 350, 351, 349, 355, 366, 375,
    381, 380, 378, 379, 374, 367, 362, 356, 350, 344, 341, 337, 336, 335,
    334, 335, 333, 337, 333, 336, 336 ]
LHandPositionsY: [ 270, 271, 269, 270, 269, 271, 268, 264, 251, 241, 227,
    209, 193, 177, 169, 155, 143, 135, 135, 140, 144, 150, 146, 149, 147,
    146, 137, 140, 141, 141, 142, 144, 148, 149, 148, 149, 151, 146, 140,
    131, 135, 134, 134, 131, 131, 130, 140, 143, 143, 142, 143, 145, 141,
    141, 140, 140, 140, 146, 145, 150, 150, 151, 150, 149, 152, 150, 149,
    145, 147, 148, 148, 154, 158, 166, 175, 184, 196, 209, 220, 231, 246,
    252, 255, 256, 255, 256, 258, 260 ]
RHandPositionsX: [ 173, 173, 172, 172, 173, 175, 172, 174, 176, 176, 172,
    174, 175, 173, 174, 174, 173, 172, 175, 175, 173, 172, 174, 171, 175,
    173, 171, 173, 171, 173, 173, 174, 172, 175, 174, 175, 174, 171, 174,
    174, 174, 174, 174, 174, 173, 175, 174, 175, 175, 171, 172, 175, 173,
    171, 174, 175, 174, 172, 171, 172, 173, 171, 174, 172, 171, 173, 172,
    174, 174, 173, 175, 174, 174, 173, 173, 172, 175, 175, 172, 171, 171,
    173, 175, 171, 175, 171, 171, 171 ]
RHandPositionsY: [ 274, 275, 276, 277, 276, 278, 277, 276, 275, 278, 276,
    277, 275, 277, 275, 274, 274, 278, 275, 278, 277, 277, 277, 276, 275,
    274, 275, 275, 274, 277, 274, 276, 278, 277, 278, 276, 277, 278, 278,
    278, 277, 278, 278, 278, 277, 274, 276, 275, 274, 278, 278, 274, 275,
    278, 277, 274, 277, 274, 278, 276, 276, 277, 277, 278, 274, 274, 275,
    275, 276, 274, 278, 278, 276, 278, 275, 278, 277, 274, 274, 274, 276,
    275, 274, 275, 274, 277, 278, 275 ]
