%YAML:1.0
---
videoName: "LHShake19.mp4"
gestureLabel: 2
fps: 29
pixelSizeInCmTemp: 3.3732394366197183e-01
faceCenterPointX: 250
faceCenterPointY: 62
LHandPositionsX: [ 307, 307, 307, 307, 309, 308, 306, 307, 309, 308, 308,
    307, 307, 309, 305, 309, 310, 315, 323, 325, 324, 321, 311, 289, 287,
    289, 290, 297, 306, 315, 316, 315, 306, 298, 286, 287, 291, 300, 312,
    317, 316, 311, 304, 294, 290, 293, 298, 308, 315, 313, 312, 309, 293,
    293, 295, 303, 306, 316, 316, 317, 313, 309, 305, 299, 296, 291, 293,
    295, 295, 300, 303, 302, 305, 303, 306, 306, 306, 310, 309, 307, 309,
    310, 311, 310, 310, 309, 309, 311 ]
LHandPositionsY: [ 250, 249, 248, 249, 249, 249, 248, 250, 251, 252, 248,
    250, 249, 250, 247, 241, 228, 215, 203, 192, 178, 170, 164, 163, 156,
    154, 156, 158, 153, 153, 154, 152, 153, 155, 149, 145, 152, 152, 153,
    153, 153, 151, 155, 147, 147, 153, 156, 153, 154, 150, 151, 157, 149,
    145, 155, 158, 153, 154, 153, 154, 151, 152, 158, 161, 169, 172, 177,
    188, 196, 208, 214, 216, 217, 220, 226, 231, 231, 234, 236, 234, 235,
    235, 239, 236, 238, 240, 238, 241 ]
RHandPositionsX: [ 198, 198, 197, 199, 198, 199, 198, 199, 199, 197, 196,
    199, 197, 196, 197, 196, 197, 197, 198, 198, 199, 199, 195, 195, 194,
    194, 198, 197, 198, 195, 197, 194, 194, 193, 196, 192, 193, 194, 192,
    193, 193, 193, 192, 194, 194, 191, 195, 192, 193, 194, 191, 193, 191,
    194, 191, 193, 195, 192, 195, 194, 192, 192, 191, 194, 195, 191, 193,
    191, 193, 195, 195, 191, 193, 194, 195, 193, 194, 194, 195, 194, 194,
    195, 191, 191, 192, 194, 195, 193 ]
RHandPositionsY: [ 256, 255, 256, 255, 255, 256, 254, 256, 254, 256, 255,
    255, 257, 254, 257, 256, 256, 257, 258, 258, 255, 257, 257, 254, 255,
    256, 255, 254, 257, 258, 255, 255, 258, 254, 256, 255, 256, 254, 255,
    258, 257, 254, 254, 258, 254, 254, 257, 255, 254, 255, 257, 258, 258,
    257, 255, 257, 258, 256, 255, 256, 254, 257, 255, 258, 257, 254, 254,
    257, 254, 254, 255, 256, 254, 258, 255, 257, 254, 258, 257, 254, 256,
    258, 255, 255, 254, 254, 254, 254 ]
