%YAML:1.0
---
videoName: "LHShake08.mp4"
gestureLabel: 2
fps: 29
pixelSizeInCmTemp: 3.4710144927536229e-01
faceCenterPointX: 261
faceCenterPointY: 69
LHandPositionsX: [ 342, 340, 346, 346, 351, 346, 357, 363, 367, 373, 373,
    372, 380, 369, 356, 349, 339, 341, 343, 343, 350, 359, 367, 363, 363,
    361, 357, 353, 344, 336, 340, 337, 345, 348, 357, 366, 367, 369, 369,
    361, 352, 346, 337, 337, 336, 338, 342, 347, 359, 360, 355, 359, 355,
    352, 344, 343, 341, 340, 342, 348, 354, 365, 373, 373, 369, 369, 366,
    357, 349, 343, 339, 337, 330, 332, 334, 335, 337, 335, 338, 336, 339,
    339, 335, 339, 335, 336, 335, 337 ]
LHandPositionsY: [ 269, 266, 262, 257, 252, 235, 219, 200, 186, 174, 164,
    157, 146, 144, 143, 145, 151, 152, 153, 152, 149, 143, 139, 137, 141,
    140, 139, 144, 150, 154, 151, 151, 154, 151, 150, 149, 150, 150, 147,
    150, 153, 153, 158, 161, 160, 164, 162, 157, 155, 154, 156, 154, 155,
    157, 160, 161, 161, 162, 162, 160, 157, 149, 148, 148, 144, 148, 149,
    156, 158, 165, 173, 186, 198, 210, 223, 235, 242, 245, 250, 253, 253,
    256, 256, 254, 255, 257, 254, 258 ]
RHandPositionsX: [ 173, 176, 174, 172, 175, 174, 173, 176, 173, 175, 172,
    174, 173, 176, 172, 176, 174, 176, 172, 173, 172, 173, 172, 176, 175,
    174, 176, 173, 173, 176, 172, 177, 177, 176, 174, 177, 175, 173, 176,
    175, 174, 174, 173, 174, 176, 178, 175, 174, 175, 178, 178, 176, 178,
    177, 176, 175, 178, 178, 174, 175, 178, 175, 174, 174, 174, 175, 174,
    174, 176, 174, 177, 176, 175, 177, 175, 178, 177, 177, 174, 174, 177,
    174, 174, 175, 176, 176, 176, 178 ]
RHandPositionsY: [ 275, 275, 276, 277, 275, 275, 275, 274, 273, 276, 274,
    275, 274, 276, 277, 274, 275, 274, 275, 276, 277, 274, 274, 277, 274,
    277, 273, 275, 275, 274, 275, 277, 275, 274, 274, 277, 277, 274, 276,
    275, 273, 276, 277, 277, 275, 274, 274, 273, 277, 276, 276, 274, 274,
    274, 277, 276, 274, 276, 277, 277, 276, 277, 274, 275, 277, 276, 276,
    277, 273, 273, 273, 275, 275, 277, 273, 276, 277, 277, 273, 273, 273,
    276, 276, 277, 276, 275, 277, 274 ]
