%YAML:1.0
---
videoName: "LHShake24.mp4"
gestureLabel: 2
fps: 30
pixelSizeInCmTemp: 3.4214285714285714e-01
faceCenterPointX: 255
faceCenterPointY: 77
LHandPositionsX: [ 327, 329, 328, 329, 326, 329, 328, 329, 329, 330, 333,
    334, 343, 349, 354, 359, 371, 376, 382, 381, 381, 380, 370, 359, 350,
    343, 341, 339, 340, 350, 358, 367, 378, 377, 377, 373, 367, 355, 346,
    339, 341, 340, 344, 354, 365, 364, 365, 367, 362, 355, 344, 341, 340,
    339, 346, 354, 366, 372, 369, 373, 368, 364, 351, 345, 344, 345, 346,
    354, 360, 370, 370, 367, 367, 357, 350, 340, 337, 332, 328, 325, 324,
    325, 324, 328, 328, 326, 327, 329, 326, 326, 325 ]
LHandPositionsY: [ 262, 262, 262, 263, 260, 264, 264, 263, 260, 260, 258,
    257, 248, 235, 222, 206, 193, 181, 171, 169, 159, 152, 153, 153, 159,
    164, 163, 162, 161, 162, 157, 154, 149, 151, 148, 147, 146, 149, 153,
    156, 152, 153, 152, 151, 148, 152, 150, 149, 153, 157, 158, 164, 161,
    161, 160, 163, 161, 158, 159, 155, 158, 160, 158, 164, 162, 163, 162,
    159, 160, 157, 160, 159, 157, 160, 158, 162, 169, 181, 189, 195, 210,
    219, 231, 229, 235, 237, 241, 248, 246, 246, 248 ]
RHandPositionsX: [ 180, 182, 181, 179, 180, 183, 180, 180, 180, 180, 180,
    183, 182, 180, 182, 182, 183, 182, 182, 183, 181, 181, 180, 183, 180,
    182, 179, 179, 180, 182, 183, 182, 182, 179, 181, 182, 182, 180, 181,
    182, 182, 183, 182, 182, 179, 181, 181, 182, 179, 182, 179, 183, 180,
    180, 180, 179, 179, 181, 182, 182, 180, 179, 180, 179, 182, 180, 182,
    182, 179, 180, 179, 180, 183, 180, 183, 183, 183, 180, 181, 181, 180,
    182, 180, 182, 179, 180, 182, 181, 179, 179, 180 ]
RHandPositionsY: [ 271, 271, 267, 267, 269, 267, 271, 269, 269, 270, 269,
    271, 271, 269, 271, 271, 271, 267, 269, 268, 268, 268, 270, 271, 268,
    268, 269, 270, 267, 268, 267, 270, 270, 268, 268, 269, 270, 271, 270,
    271, 269, 267, 268, 268, 268, 269, 270, 267, 267, 269, 271, 270, 269,
    267, 268, 268, 271, 270, 267, 271, 269, 268, 269, 269, 267, 270, 267,
    270, 269, 267, 270, 267, 269, 267, 267, 268, 269, 271, 270, 268, 269,
    271, 268, 267, 270, 270, 268, 271, 270, 268, 269 ]
