%YAML:1.0
---
videoName: "LHShake21.mp4"
gestureLabel: 2
fps: 29
pixelSizeInCmTemp: 3.4214285714285714e-01
faceCenterPointX: 266
faceCenterPointY: 79
LHandPositionsX: [ 349, 353, 364, 374, 385, 395, 396, 407, 420, 415, 417,
    401, 388, 375, 372, 378, 374, 377, 387, 405, 400, 398, 398, 394, 384,
    371, 370, 371, 370, 372, 377, 390, 389, 388, 387, 383, 376, 369, 364,
    367, 368, 370, 374, 387, 386, 385, 397, 393, 381, 371, 365, 367, 364,
    366, 374, 380, 383, 386, 386, 390, 388, 383, 375, 365, 355, 349, 345,
    341, 334, 336, 333, 337, 333, 334, 335, 334, 333, 331, 330, 332, 332,
    330, 333, 334, 331, 332, 331, 330 ]
LHandPositionsY: [ 273, 264, 244, 229, 208, 193, 182, 168, 151, 150, 136,
    132, 134, 135, 131, 133, 131, 130, 131, 131, 128, 130, 133, 133, 138,
    134, 144, 142, 141, 137, 135, 133, 135, 134, 136, 134, 136, 143, 147,
    144, 145, 143, 141, 136, 139, 137, 138, 136, 139, 151, 152, 152, 153,
    156, 151, 143, 141, 141, 143, 147, 155, 161, 171, 180, 188, 202, 212,
    227, 239, 236, 243, 245, 248, 250, 250, 250, 254, 250, 250, 250, 253,
    250, 251, 254, 253, 252, 250, 251 ]
RHandPositionsX: [ 184, 187, 186, 188, 187, 185, 187, 185, 184, 186, 184,
    184, 187, 188, 188, 187, 184, 185, 188, 188, 184, 186, 186, 186, 188,
    184, 189, 187, 186, 186, 187, 186, 186, 186, 186, 184, 184, 185, 187,
    187, 185, 186, 185, 187, 188, 188, 187, 184, 188, 184, 188, 186, 185,
    185, 184, 186, 184, 187, 186, 187, 184, 188, 185, 186, 188, 188, 187,
    185, 184, 184, 187, 187, 187, 187, 185, 188, 184, 188, 186, 186, 187,
    185, 184, 187, 188, 186, 185, 186 ]
RHandPositionsY: [ 269, 269, 267, 266, 265, 265, 267, 269, 267, 267, 269,
    268, 269, 267, 265, 269, 267, 268, 265, 268, 267, 266, 269, 266, 265,
    267, 265, 265, 269, 267, 267, 268, 268, 266, 266, 268, 265, 266, 265,
    265, 265, 266, 267, 268, 266, 265, 267, 268, 267, 265, 269, 265, 267,
    265, 266, 269, 267, 267, 268, 265, 269, 265, 266, 268, 267, 265, 269,
    265, 266, 268, 265, 267, 269, 267, 269, 267, 267, 267, 269, 267, 269,
    269, 268, 267, 265, 267, 267, 266 ]
