%YAML:1.0
---
videoName: "LHShake01.mp4"
gestureLabel: 2
fps: 29
pixelSizeInCmTemp: 3.4214285714285714e-01
faceCenterPointX: 252
faceCenterPointY: 84
LHandPositionsX: [ 367, 364, 363, 363, 359, 356, 347, 340, 336, 331, 333,
    333, 339, 345, 348, 353, 355, 355, 354, 346, 342, 340, 339, 339, 337,
    337, 345, 345, 352, 348, 352, 347, 347, 339, 340, 335, 332, 334, 336,
    343, 344, 349, 349, 349, 350, 345, 343, 340, 335, 336, 334, 334, 337,
    341, 348, 349, 348, 350, 350, 350, 344, 342, 340, 331, 327, 329, 330,
    331, 334, 328, 332, 334, 337, 340, 339, 344, 344, 348, 345, 347, 348,
    349, 348, 351, 353, 349, 348, 351 ]
LHandPositionsY: [ 143, 139, 130, 128, 123, 122, 120, 118, 119, 120, 121,
    119, 120, 119, 114, 112, 108, 107, 108, 111, 110, 112, 115, 114, 113,
    112, 110, 110, 107, 107, 105, 105, 106, 109, 113, 117, 112, 111, 111,
    110, 110, 107, 106, 106, 106, 107, 105, 108, 110, 110, 110, 108, 106,
    108, 103, 102, 101, 103, 103, 101, 103, 102, 107, 122, 132, 140, 151,
    159, 162, 162, 173, 182, 191, 197, 206, 213, 219, 221, 220, 226, 226,
    228, 227, 227, 232, 228, 228, 232 ]
RHandPositionsX: [ 153, 155, 154, 154, 155, 154, 156, 157, 155, 154, 155,
    155, 155, 153, 157, 153, 154, 153, 156, 156, 155, 157, 154, 156, 153,
    157, 156, 153, 153, 153, 156, 153, 154, 155, 154, 156, 157, 156, 155,
    156, 154, 153, 157, 153, 153, 153, 156, 155, 157, 153, 154, 157, 154,
    153, 153, 155, 154, 156, 156, 153, 157, 157, 154, 153, 153, 156, 156,
    153, 153, 156, 157, 156, 153, 155, 156, 157, 153, 156, 155, 155, 157,
    157, 157, 155, 153, 154, 156, 155 ]
RHandPositionsY: [ 270, 271, 269, 269, 268, 269, 270, 269, 265, 265, 267,
    268, 267, 266, 266, 265, 266, 263, 264, 266, 267, 266, 263, 265, 264,
    263, 261, 261, 265, 262, 264, 264, 264, 264, 262, 262, 263, 264, 261,
    261, 260, 263, 260, 262, 260, 263, 263, 261, 263, 260, 262, 259, 263,
    263, 260, 261, 259, 263, 263, 262, 262, 262, 263, 259, 259, 259, 263,
    259, 261, 259, 259, 263, 261, 263, 260, 260, 259, 261, 259, 259, 263,
    263, 261, 261, 259, 261, 261, 260 ]
