%YAML:1.0
---
videoName: "LHShake24.mp4"
gestureLabel: 2
fps: 30
pixelSizeInCmTemp: 3.4214285714285714e-01
faceCenterPointX: 255
faceCenterPointY: 77
LHandPositionsX: [ 327, 327, 330, 326, 328, 327, 330, 326, 328, 329, 332,
    333, 342, 346, 353, 362, 371, 376, 381, 379, 380, 380, 372, 359, 350,
    340, 344, 339, 343, 349, 356, 370, 380, 379, 377, 374, 370, 357, 347,
    336, 342, 336, 342, 352, 364, 363, 366, 368, 364, 356, 344, 341, 343,
    341, 345, 355, 364, 373, 371, 372, 369, 363, 355, 343, 344, 343, 347,
    351, 362, 370, 366, 370, 366, 361, 349, 343, 337, 334, 328, 326, 323,
    325, 327, 324, 325, 326, 327, 328, 324, 325, 324 ]
LHandPositionsY: [ 264, 261, 262, 260, 261, 260, 263, 260, 262, 259, 260,
    254, 247, 236, 225, 209, 195, 182, 173, 172, 159, 152, 152, 155, 158,
    163, 164, 161, 162, 160, 156, 150, 147, 150, 149, 144, 147, 149, 153,
    155, 155, 154, 152, 155, 150, 150, 151, 152, 150, 156, 159, 165, 160,
    164, 160, 162, 161, 159, 157, 157, 156, 156, 161, 163, 164, 162, 162,
    160, 159, 158, 158, 159, 155, 156, 160, 164, 172, 177, 188, 196, 208,
    219, 232, 231, 233, 240, 243, 245, 249, 246, 248 ]
RHandPositionsX: [ 180, 183, 182, 181, 180, 183, 181, 180, 181, 180, 179,
    179, 179, 182, 183, 181, 183, 179, 183, 180, 181, 183, 182, 181, 179,
    181, 183, 179, 180, 182, 183, 181, 181, 183, 181, 183, 181, 179, 179,
    181, 183, 183, 180, 181, 182, 182, 183, 181, 179, 183, 179, 183, 181,
    179, 180, 182, 182, 181, 180, 180, 182, 183, 183, 183, 179, 181, 180,
    180, 179, 181, 182, 183, 181, 183, 183, 181, 183, 180, 180, 179, 180,
    183, 180, 183, 183, 180, 179, 180, 183, 183, 182 ]
RHandPositionsY: [ 270, 271, 267, 271, 271, 271, 270, 269, 268, 268, 270,
    271, 267, 271, 268, 271, 269, 268, 271, 271, 269, 267, 268, 267, 269,
    270, 268, 271, 267, 270, 267, 267, 268, 270, 267, 271, 271, 270, 267,
    268, 271, 269, 271, 267, 271, 271, 269, 271, 269, 267, 267, 269, 269,
    268, 267, 271, 270, 269, 267, 269, 270, 267, 267, 271, 270, 269, 271,
    269, 269, 271, 271, 269, 268, 268, 267, 269, 267, 267, 267, 271, 267,
    271, 268, 269, 267, 269, 267, 271, 271, 269, 269 ]
