%YAML:1.0
---
videoName: "LHShake15.mp4"
gestureLabel: 2
fps: 29
pixelSizeInCmTemp: 3.3263888888888887e-01
faceCenterPointX: 252
faceCenterPointY: 65
LHandPositionsX: [ 329, 329, 328, 330, 329, 329, 327, 332, 333, 328, 334,
    339, 345, 354, 358, 363, 368, 374, 377, 384, 378, 381, 365, 361, 346,
    341, 343, 338, 349, 354, 362, 360, 358, 362, 358, 347, 334, 332, 333,
    335, 347, 354, 356, 350, 351, 354, 350, 334, 329, 327, 328, 341, 353,
    354, 351, 351, 356, 354, 342, 335, 332, 331, 336, 341, 346, 349, 350,
    348, 346, 351, 340, 333, 327, 326, 323, 323, 322, 322, 326, 325, 326,
    327, 328, 324, 327, 324, 325, 325 ]
LHandPositionsY: [ 256, 254, 256, 258, 257, 254, 258, 254, 251, 251, 240,
    231, 216, 203, 187, 171, 156, 134, 120, 120, 115, 107, 105, 100, 104,
    105, 103, 98, 101, 94, 91, 95, 95, 96, 93, 96, 97, 100, 99, 98, 95,
    94, 94, 96, 98, 96, 101, 101, 102, 101, 98, 96, 92, 94, 96, 96, 97,
    102, 99, 100, 102, 99, 97, 98, 101, 99, 102, 99, 102, 99, 106, 123,
    139, 153, 166, 179, 191, 206, 217, 233, 233, 236, 240, 238, 239, 240,
    241, 242 ]
RHandPositionsX: [ 175, 178, 177, 178, 179, 176, 179, 179, 178, 176, 175,
    178, 177, 175, 175, 179, 175, 177, 176, 175, 175, 179, 179, 177, 175,
    178, 176, 177, 179, 179, 178, 175, 177, 178, 176, 176, 176, 179, 178,
    177, 178, 178, 176, 176, 176, 179, 176, 176, 175, 176, 178, 178, 178,
    176, 175, 176, 175, 178, 176, 178, 175, 179, 177, 177, 176, 175, 177,
    177, 175, 177, 179, 179, 175, 175, 179, 179, 175, 176, 178, 178, 175,
    178, 175, 179, 178, 179, 178, 178 ]
RHandPositionsY: [ 259, 260, 260, 257, 257, 258, 259, 258, 258, 258, 257,
    258, 257, 259, 261, 257, 261, 257, 258, 258, 261, 257, 261, 260, 257,
    258, 261, 257, 257, 257, 258, 258, 259, 259, 257, 259, 257, 261, 260,
    258, 260, 261, 257, 258, 257, 260, 257, 261, 257, 261, 258, 257, 257,
    260, 257, 260, 258, 257, 258, 258, 257, 258, 257, 258, 260, 257, 261,
    261, 259, 261, 260, 258, 260, 258, 259, 258, 258, 259, 259, 257, 259,
    259, 260, 259, 257, 257, 259, 258 ]
