%YAML:1.0
---
videoName: "LHShake09.mp4"
gestureLabel: 2
fps: 29
pixelSizeInCmTemp: 3.3263888888888887e-01
faceCenterPointX: 259
faceCenterPointY: 67
LHandPositionsX: [ 336, 340, 338, 336, 339, 347, 350, 354, 351, 356, 357,
    363, 369, 367, 369, 367, 359, 350, 339, 334, 330, 333, 327, 332, 339,
    347, 348, 349, 346, 349, 354, 349, 343, 336, 336, 338, 336, 347, 354,
    363, 369, 362, 365, 364, 356, 344, 340, 336, 334, 337, 339, 347, 354,
    354, 357, 356, 353, 350, 342, 334, 337, 335, 334, 335, 343, 350, 355,
    355, 355, 351, 348, 343, 335, 329, 326, 321, 319, 321, 324, 324, 327,
    330, 330, 331, 332, 335, 331, 331 ]
LHandPositionsY: [ 273, 275, 273, 272, 272, 272, 263, 255, 250, 238, 231,
    217, 201, 199, 183, 173, 167, 164, 157, 156, 160, 156, 155, 155, 152,
    151, 146, 145, 146, 148, 149, 152, 150, 154, 155, 155, 155, 154, 154,
    153, 152, 154, 151, 153, 155, 157, 159, 159, 157, 153, 155, 152, 155,
    152, 152, 149, 152, 151, 153, 151, 151, 150, 151, 155, 152, 154, 153,
    151, 151, 151, 149, 154, 161, 173, 182, 195, 207, 222, 230, 244, 243,
    248, 252, 254, 255, 257, 257, 258 ]
RHandPositionsX: [ 176, 178, 179, 176, 179, 177, 177, 178, 178, 178, 178,
    179, 179, 178, 178, 179, 179, 178, 177, 178, 180, 176, 178, 180, 177,
    177, 180, 177, 177, 179, 180, 180, 176, 177, 179, 179, 179, 176, 179,
    176, 177, 177, 180, 178, 178, 178, 178, 177, 178, 176, 180, 176, 180,
    178, 178, 180, 179, 179, 178, 177, 179, 180, 179, 176, 176, 176, 177,
    179, 178, 178, 180, 179, 176, 177, 177, 178, 178, 178, 177, 177, 176,
    178, 178, 177, 178, 178, 177, 178 ]
RHandPositionsY: [ 277, 277, 277, 277, 279, 275, 277, 277, 279, 276, 275,
    276, 275, 278, 276, 276, 279, 276, 279, 278, 276, 277, 275, 279, 277,
    278, 277, 277, 275, 279, 275, 279, 279, 279, 278, 278, 275, 276, 277,
    278, 279, 276, 276, 279, 278, 278, 278, 277, 278, 277, 276, 279, 277,
    279, 279, 275, 275, 275, 277, 278, 276, 275, 278, 276, 278, 276, 276,
    278, 279, 276, 279, 277, 277, 277, 279, 278, 275, 277, 279, 276, 279,
    275, 277, 278, 277, 276, 276, 277 ]
