%YAML:1.0
---
videoName: "LHShake19.mp4"
gestureLabel: 2
fps: 29
pixelSizeInCmTemp: 3.3732394366197183e-01
faceCenterPointX: 250
faceCenterPointY: 62
LHandPositionsX: [ 309, 307, 308, 307, 308, 306, 306, 306, 306, 307, 306,
    309, 306, 306, 306, 309, 312, 315, 320, 327, 324, 320, 309, 288, 286,
    290, 290, 298, 306, 317, 312, 311, 306, 295, 290, 288, 295, 303, 309,
    315, 318, 314, 306, 294, 293, 296, 297, 306, 312, 312, 312, 306, 297,
    290, 295, 303, 305, 317, 317, 318, 313, 308, 307, 302, 296, 292, 291,
    293, 296, 298, 304, 303, 304, 302, 307, 305, 308, 311, 310, 308, 309,
    309, 311, 308, 308, 310, 311, 311 ]
LHandPositionsY: [ 251, 249, 249, 248, 248, 249, 248, 249, 249, 249, 250,
    250, 248, 250, 245, 240, 227, 215, 205, 189, 180, 171, 162, 161, 155,
    154, 158, 155, 157, 151, 152, 154, 154, 151, 148, 149, 156, 153, 155,
    151, 149, 154, 157, 150, 145, 155, 152, 152, 151, 150, 155, 159, 145,
    144, 154, 156, 154, 151, 153, 151, 155, 152, 159, 161, 168, 171, 181,
    187, 197, 208, 214, 214, 217, 223, 223, 228, 231, 234, 236, 236, 235,
    235, 239, 240, 239, 239, 237, 237 ]
RHandPositionsX: [ 197, 198, 196, 197, 196, 197, 199, 199, 195, 198, 199,
    195, 199, 199, 196, 199, 199, 199, 196, 199, 195, 199, 198, 198, 194,
    194, 195, 198, 198, 195, 194, 195, 197, 193, 196, 196, 192, 194, 193,
    195, 192, 192, 193, 191, 194, 193, 191, 192, 193, 191, 195, 194, 193,
    193, 191, 192, 191, 192, 195, 193, 191, 192, 192, 191, 194, 194, 192,
    195, 195, 194, 193, 191, 192, 192, 191, 192, 192, 195, 195, 191, 195,
    194, 193, 195, 194, 194, 192, 191 ]
RHandPositionsY: [ 254, 255, 254, 254, 258, 256, 256, 257, 258, 255, 254,
    258, 257, 254, 255, 257, 254, 258, 255, 258, 256, 258, 254, 255, 257,
    254, 254, 255, 256, 255, 257, 256, 255, 255, 257, 254, 254, 255, 256,
    254, 258, 254, 256, 254, 258, 254, 255, 255, 254, 256, 255, 257, 255,
    256, 255, 256, 255, 254, 254, 256, 255, 254, 258, 255, 258, 256, 256,
    254, 255, 255, 256, 254, 254, 256, 258, 255, 256, 258, 257, 258, 254,
    255, 255, 254, 258, 255, 257, 255 ]
