%YAML:1.0
---
videoName: "LHShake09.mp4"
gestureLabel: 2
fps: 29
pixelSizeInCmTemp: 3.3263888888888887e-01
faceCenterPointX: 259
faceCenterPointY: 67
LHandPositionsX: [ 337, 340, 338, 340, 339, 347, 349, 353, 353, 359, 359,
    364, 367, 370, 367, 365, 358, 351, 340, 333, 334, 334, 331, 331, 336,
    349, 350, 351, 348, 346, 353, 350, 344, 335, 336, 336, 337, 346, 353,
    363, 367, 364, 365, 362, 356, 346, 337, 339, 336, 334, 339, 346, 355,
    352, 356, 356, 356, 349, 340, 333, 336, 337, 333, 334, 340, 349, 353,
    355, 352, 352, 348, 345, 339, 331, 324, 320, 319, 321, 320, 326, 326,
    329, 331, 332, 331, 335, 334, 333 ]
LHandPositionsY: [ 274, 275, 271, 271, 272, 269, 265, 256, 249, 237, 231,
    214, 199, 199, 184, 175, 166, 160, 156, 156, 157, 158, 158, 154, 150,
    149, 147, 145, 149, 145, 151, 153, 154, 154, 155, 156, 154, 156, 153,
    155, 154, 155, 155, 152, 155, 155, 159, 156, 156, 153, 156, 155, 153,
    153, 150, 151, 149, 153, 149, 150, 152, 153, 155, 152, 155, 150, 150,
    148, 152, 150, 149, 153, 163, 173, 180, 194, 204, 221, 234, 241, 246,
    248, 251, 256, 257, 260, 257, 261 ]
RHandPositionsX: [ 177, 177, 176, 176, 179, 180, 179, 179, 177, 178, 176,
    176, 178, 178, 179, 178, 180, 176, 177, 179, 177, 177, 179, 177, 176,
    180, 176, 177, 179, 178, 180, 180, 178, 178, 180, 176, 176, 176, 179,
    178, 180, 178, 177, 178, 180, 180, 177, 179, 176, 176, 180, 177, 177,
    180, 177, 177, 176, 180, 178, 176, 178, 176, 179, 177, 179, 178, 180,
    177, 176, 176, 177, 176, 176, 176, 177, 178, 180, 177, 180, 178, 178,
    180, 178, 176, 176, 178, 176, 177 ]
RHandPositionsY: [ 279, 279, 275, 277, 279, 275, 276, 279, 279, 276, 276,
    275, 278, 279, 276, 275, 277, 276, 278, 276, 278, 277, 277, 277, 277,
    275, 276, 279, 276, 275, 276, 277, 279, 275, 277, 277, 278, 277, 278,
    279, 275, 277, 275, 278, 278, 275, 277, 275, 276, 275, 275, 279, 275,
    278, 277, 279, 276, 279, 276, 278, 277, 275, 279, 279, 279, 277, 275,
    278, 277, 278, 279, 275, 277, 275, 277, 278, 279, 275, 276, 277, 278,
    276, 275, 276, 278, 278, 279, 277 ]
