%YAML:1.0
---
videoName: "LHShake01.mp4"
gestureLabel: 2
fps: 29
pixelSizeInCmTemp: 3.4214285714285714e-01
faceCenterPointX: 252
faceCenterPointY: 84
LHandPositionsX: [ 363, 364, 365, 364, 359, 353, 346, 340, 337, 334, 330,
    333, 337, 346, 350, 353, 355, 353, 351, 347, 344, 343, 341, 337, 338,
    339, 345, 349, 353, 348, 353, 347, 346, 342, 337, 333, 332, 335, 335,
    341, 342, 349, 346, 347, 348, 347, 343, 339, 336, 336, 332, 333, 336,
    343, 347, 351, 349, 348, 348, 349, 345, 343, 340, 331, 328, 326, 332,
    331, 334, 328, 329, 333, 334, 337, 342, 342, 347, 348, 346, 349, 349,
    351, 349, 349, 349, 348, 352, 348 ]
LHandPositionsY: [ 145, 140, 130, 125, 126, 121, 116, 119, 120, 122, 123,
    123, 122, 117, 113, 113, 109, 109, 110, 111, 110, 114, 112, 112, 114,
    110, 109, 106, 106, 104, 106, 108, 108, 107, 113, 117, 114, 111, 111,
    109, 107, 109, 105, 103, 105, 107, 105, 108, 109, 109, 109, 109, 107,
    104, 104, 105, 101, 102, 104, 101, 104, 103, 108, 122, 135, 140, 151,
    162, 165, 165, 171, 183, 192, 200, 208, 215, 221, 219, 221, 222, 228,
    227, 230, 227, 230, 229, 232, 232 ]
RHandPositionsX: [ 156, 156, 156, 155, 155, 157, 154, 157, 155, 154, 155,
    154, 156, 154, 155, 156, 154, 155, 157, 154, 156, 156, 154, 157, 153,
    157, 155, 156, 154, 155, 155, 154, 155, 153, 153, 154, 157, 153, 153,
    155, 153, 156, 157, 155, 156, 153, 155, 155, 153, 156, 155, 157, 157,
    153, 157, 157, 155, 155, 157, 157, 155, 156, 154, 157, 156, 154, 154,
    157, 155, 154, 153, 156, 153, 153, 154, 155, 155, 156, 157, 153, 153,
    154, 155, 156, 153, 157, 155, 156 ]
RHandPositionsY: [ 267, 271, 267, 271, 269, 270, 269, 266, 267, 266, 265,
    267, 267, 266, 265, 267, 268, 263, 263, 266, 263, 265, 263, 262, 266,
    265, 265, 261, 261, 262, 263, 264, 262, 265, 263, 264, 264, 264, 261,
    260, 264, 261, 264, 262, 262, 262, 263, 262, 263, 261, 259, 259, 260,
    261, 261, 259, 262, 263, 262, 259, 259, 261, 259, 262, 261, 262, 262,
    262, 259, 263, 263, 263, 262, 261, 261, 262, 259, 261, 259, 259, 263,
    262, 261, 263, 259, 260, 262, 260 ]
