%YAML:1.0
---
videoName: "LHShake06.mp4"
gestureLabel: 2
fps: 29
pixelSizeInCmTemp: 3.3732394366197183e-01
faceCenterPointX: 250
faceCenterPointY: 80
LHandPositionsX: [ 383, 385, 389, 384, 386, 379, 374, 372, 372, 372, 374,
    385, 388, 392, 393, 395, 395, 389, 380, 377, 378, 376, 385, 389, 392,
    395, 391, 388, 385, 379, 377, 378, 386, 387, 389, 388, 389, 386, 381,
    382, 382, 383, 387, 388, 393, 391, 390, 383, 382, 377, 381, 385, 388,
    390, 396, 398, 399, 394, 394, 389, 379, 371, 359, 361, 356, 348, 338,
    328, 318, 313, 307, 306, 306, 303, 304, 304, 299, 299, 299, 299, 298,
    299, 299, 300, 301, 301, 300, 299 ]
LHandPositionsY: [ 149, 149, 142, 140, 136, 138, 138, 136, 137, 137, 134,
    127, 126, 130, 129, 126, 128, 130, 134, 135, 136, 134, 130, 130, 127,
    129, 125, 127, 128, 129, 131, 130, 127, 127, 124, 126, 126, 129, 126,
    126, 129, 128, 126, 127, 125, 125, 125, 128, 125, 127, 124, 128, 124,
    121, 120, 124, 121, 125, 127, 129, 133, 137, 147, 149, 163, 176, 191,
    207, 213, 225, 229, 236, 238, 240, 242, 245, 252, 251, 252, 250, 254,
    254, 253, 254, 253, 253, 255, 257 ]
RHandPositionsX: [ 212, 214, 212, 213, 209, 211, 209, 210, 211, 211, 212,
    212, 211, 209, 212, 211, 212, 209, 213, 209, 210, 212, 210, 213, 210,
    211, 209, 213, 212, 212, 211, 208, 212, 211, 209, 209, 212, 210, 208,
    211, 211, 212, 211, 212, 211, 208, 211, 209, 211, 208, 211, 208, 211,
    209, 208, 208, 207, 209, 209, 209, 207, 209, 211, 211, 210, 208, 207,
    207, 210, 209, 211, 210, 208, 211, 211, 208, 212, 210, 212, 209, 210,
    211, 209, 209, 211, 209, 213, 213 ]
RHandPositionsY: [ 270, 269, 271, 269, 270, 268, 268, 269, 270, 270, 267,
    270, 267, 270, 270, 266, 267, 267, 268, 268, 269, 267, 268, 267, 267,
    267, 266, 265, 267, 266, 266, 267, 268, 269, 266, 268, 266, 268, 265,
    266, 268, 266, 267, 268, 265, 270, 268, 267, 268, 266, 268, 267, 265,
    268, 265, 270, 267, 266, 266, 268, 269, 265, 268, 266, 265, 267, 266,
    268, 265, 265, 269, 269, 269, 266, 265, 265, 265, 269, 265, 266, 267,
    267, 265, 267, 265, 267, 265, 269 ]
