%YAML:1.0
---
videoName: "LHShake21.mp4"
gestureLabel: 2
fps: 29
pixelSizeInCmTemp: 3.4214285714285714e-01
faceCenterPointX: 266
faceCenterPointY: 79
LHandPositionsX: [ 351, 354, 365, 375, 382, 396, 399, 404, 422, 416, 416,
    400, 391, 375, 374, 375, 376, 377, 385, 404, 403, 398, 395, 395, 386,
    372, 368, 370, 374, 370, 377, 392, 389, 386, 384, 384, 373, 371, 367,
    368, 366, 370, 378, 387, 387, 385, 399, 392, 382, 371, 367, 366, 363,
    370, 375, 377, 385, 386, 384, 388, 385, 383, 373, 363, 358, 350, 342,
    341, 335, 335, 335, 336, 333, 336, 336, 331, 334, 334, 333, 331, 330,
    334, 332, 331, 334, 330, 333, 333 ]
LHandPositionsY: [ 269, 263, 244, 226, 207, 191, 183, 168, 151, 151, 136,
    134, 132, 135, 130, 132, 130, 129, 130, 129, 129, 130, 131, 132, 135,
    133, 141, 142, 142, 138, 134, 133, 136, 133, 134, 137, 136, 146, 146,
    148, 146, 142, 142, 138, 139, 139, 137, 139, 143, 149, 150, 151, 154,
    155, 152, 142, 139, 142, 140, 150, 152, 160, 167, 178, 191, 202, 215,
    226, 236, 239, 243, 248, 250, 252, 250, 251, 253, 254, 250, 250, 251,
    251, 250, 254, 250, 254, 250, 251 ]
RHandPositionsX: [ 188, 184, 187, 185, 184, 188, 187, 185, 186, 187, 186,
    187, 188, 187, 188, 184, 187, 188, 187, 184, 184, 187, 186, 188, 187,
    185, 188, 186, 184, 184, 186, 185, 185, 187, 185, 187, 186, 184, 186,
    185, 187, 188, 188, 185, 185, 186, 184, 187, 186, 186, 188, 187, 185,
    188, 186, 184, 188, 187, 186, 186, 186, 185, 187, 187, 186, 187, 188,
    184, 187, 187, 188, 188, 185, 185, 185, 187, 185, 184, 187, 187, 187,
    186, 184, 187, 186, 188, 188, 185 ]
RHandPositionsY: [ 268, 269, 266, 265, 269, 265, 267, 265, 265, 267, 265,
    269, 265, 265, 268, 266, 267, 268, 266, 267, 265, 268, 267, 269, 266,
    265, 268, 269, 268, 267, 266, 268, 266, 267, 266, 269, 267, 269, 269,
    265, 265, 266, 267, 266, 269, 269, 266, 266, 266, 267, 268, 265, 269,
    266, 266, 266, 269, 266, 268, 269, 265, 266, 267, 269, 268, 269, 269,
    266, 268, 265, 266, 265, 265, 267, 269, 267, 267, 265, 265, 268, 269,
    267, 266, 269, 268, 266, 267, 265 ]
