%YAML:1.0
---
videoName: "LHShake23.mp4"
gestureLabel: 2
fps: 30
pixelSizeInCmTemp: 3.3263888888888887e-01
faceCenterPointX: 259
faceCenterPointY: 79
LHandPositionsX: [ 332, 333, 333, 332, 330, 333, 330, 334, 332, 333, 335,
    337, 342, 344, 346, 361, 370, 369, 374, 376, 380, 379, 373, 366, 356,
    352, 355, 354, 356, 362, 372, 377, 384, 386, 386, 377, 371, 359, 361,
    359, 362, 370, 375, 384, 383, 383, 379, 374, 364, 358, 357, 351, 358,
    362, 371, 381, 382, 378, 381, 375, 364, 357, 359, 358, 356, 362, 373,
    377, 379, 377, 379, 373, 370, 363, 354, 351, 346, 345, 342, 340, 339,
    340, 339, 337, 338, 336, 335, 335, 335, 334, 333 ]
LHandPositionsY: [ 266, 262, 264, 264, 262, 265, 264, 265, 264, 262, 261,
    253, 244, 229, 229, 215, 199, 196, 191, 189, 180, 171, 167, 168, 167,
    168, 166, 168, 170, 165, 165, 162, 161, 159, 157, 161, 164, 165, 162,
    162, 164, 162, 163, 157, 157, 158, 159, 157, 163, 162, 165, 167, 165,
    169, 166, 164, 164, 164, 165, 165, 168, 166, 167, 169, 170, 168, 168,
    168, 168, 169, 170, 174, 177, 183, 192, 200, 214, 229, 241, 248, 251,
    251, 250, 252, 252, 253, 254, 252, 256, 256, 256 ]
RHandPositionsX: [ 183, 182, 183, 186, 186, 183, 185, 182, 183, 183, 184,
    185, 182, 183, 182, 184, 185, 183, 186, 186, 183, 182, 186, 186, 186,
    183, 183, 185, 183, 182, 182, 182, 186, 185, 184, 183, 186, 182, 182,
    184, 185, 186, 186, 185, 183, 186, 186, 183, 183, 184, 183, 186, 182,
    184, 186, 185, 185, 185, 185, 186, 182, 185, 183, 182, 185, 186, 184,
    182, 185, 184, 184, 184, 183, 182, 185, 186, 186, 182, 182, 185, 184,
    183, 186, 186, 184, 185, 182, 182, 185, 184, 184 ]
RHandPositionsY: [ 272, 273, 274, 270, 274, 274, 272, 272, 272, 274, 270,
    272, 271, 273, 271, 271, 273, 274, 271, 272, 271, 271, 271, 271, 273,
    272, 274, 272, 271, 270, 273, 271, 271, 271, 271, 273, 273, 272, 274,
    272, 271, 273, 270, 272, 271, 273, 271, 274, 272, 274, 273, 270, 272,
    274, 274, 272, 274, 274, 274, 270, 272, 271, 271, 272, 271, 270, 273,
    271, 271, 273, 270, 274, 270, 271, 274, 273, 273, 271, 270, 273, 273,
    272, 274, 272, 270, 272, 272, 274, 274, 273, 273 ]
