%YAML:1.0
---
videoName: "LHShake01.mp4"
gestureLabel: 2
fps: 29
pixelSizeInCmTemp: 3.4214285714285714e-01
faceCenterPointX: 252
faceCenterPointY: 84
LHandPositionsX: [ 363, 364, 363, 363, 360, 354, 347, 342, 336, 332, 334,
    334, 339, 343, 349, 355, 357, 356, 351, 346, 344, 339, 341, 338, 337,
    341, 342, 348, 349, 352, 351, 347, 344, 341, 338, 332, 333, 335, 334,
    342, 345, 346, 348, 347, 348, 347, 343, 339, 334, 333, 334, 334, 336,
    341, 346, 352, 349, 349, 348, 346, 343, 339, 336, 333, 329, 329, 328,
    333, 332, 325, 330, 334, 336, 337, 343, 342, 345, 347, 345, 349, 350,
    348, 349, 350, 353, 349, 350, 349 ]
LHandPositionsY: [ 146, 137, 133, 125, 122, 119, 119, 118, 118, 120, 123,
    122, 119, 116, 114, 112, 108, 110, 109, 112, 112, 114, 113, 115, 112,
    114, 109, 109, 106, 108, 107, 106, 107, 109, 110, 113, 111, 112, 112,
    108, 111, 108, 105, 102, 102, 106, 106, 108, 108, 109, 110, 108, 109,
    105, 104, 104, 102, 104, 104, 102, 103, 103, 108, 122, 135, 142, 150,
    162, 164, 161, 172, 182, 189, 201, 208, 214, 222, 220, 224, 225, 227,
    227, 226, 231, 229, 231, 230, 229 ]
RHandPositionsX: [ 153, 155, 156, 153, 154, 153, 155, 154, 153, 153, 155,
    155, 155, 155, 157, 156, 154, 153, 153, 157, 153, 155, 156, 154, 156,
    154, 154, 156, 154, 154, 157, 156, 157, 153, 154, 157, 156, 153, 155,
    156, 154, 157, 155, 155, 153, 157, 156, 154, 155, 157, 156, 155, 154,
    153, 154, 153, 156, 157, 155, 157, 156, 153, 156, 154, 156, 154, 153,
    153, 155, 155, 153, 156, 155, 156, 154, 157, 156, 155, 155, 157, 157,
    154, 155, 157, 155, 157, 154, 154 ]
RHandPositionsY: [ 269, 268, 268, 269, 270, 268, 269, 267, 265, 266, 268,
    266, 265, 265, 266, 264, 264, 267, 265, 264, 267, 265, 266, 263, 266,
    264, 261, 265, 264, 262, 264, 264, 264, 263, 260, 262, 261, 262, 264,
    262, 261, 261, 264, 260, 259, 262, 261, 263, 260, 262, 260, 260, 263,
    262, 261, 263, 260, 263, 262, 263, 260, 261, 261, 259, 260, 263, 262,
    263, 261, 263, 260, 263, 262, 261, 263, 260, 259, 263, 259, 260, 261,
    263, 262, 263, 262, 263, 259, 260 ]
