%YAML:1.0
---
videoName: "LHShake16.mp4"
gestureLabel: 2
fps: 30
pixelSizeInCmTemp: 3.3732394366197183e-01
faceCenterPointX: 247
faceCenterPointY: 66
LHandPositionsX: [ 324, 325, 326, 328, 329, 339, 345, 353, 363, 373, 381,
    393, 401, 412, 406, 402, 399, 392, 378, 365, 357, 355, 362, 372, 379,
    399, 397, 391, 391, 384, 376, 369, 368, 369, 369, 380, 390, 387, 402,
    397, 384, 372, 369, 366, 364, 372, 374, 384, 399, 408, 399, 387, 373,
    365, 365, 362, 363, 367, 377, 394, 389, 385, 389, 384, 376, 366, 355,
    348, 342, 335, 333, 331, 329, 332, 332, 328, 329, 329, 331, 329, 330,
    329, 328, 329, 329, 325, 327, 326, 324, 324, 328 ]
LHandPositionsY: [ 255, 253, 251, 254, 253, 246, 235, 222, 210, 193, 179,
    167, 156, 149, 142, 134, 125, 115, 119, 111, 117, 118, 125, 118, 113,
    116, 115, 119, 115, 115, 119, 131, 129, 132, 128, 119, 120, 123, 118,
    119, 118, 126, 133, 133, 133, 135, 133, 125, 123, 124, 123, 131, 135,
    146, 144, 147, 148, 143, 134, 125, 127, 128, 124, 132, 141, 150, 158,
    168, 182, 199, 207, 213, 227, 226, 230, 233, 238, 237, 238, 240, 241,
    242, 240, 241, 243, 245, 241, 242, 241, 244, 241 ]
RHandPositionsX: [ 177, 175, 175, 176, 178, 179, 175, 176, 177, 178, 178,
    178, 176, 179, 179, 175, 178, 175, 175, 175, 177, 179, 179, 179, 177,
    179, 177, 175, 179, 179, 176, 178, 178, 179, 177, 175, 176, 179, 178,
    178, 175, 176, 175, 178, 176, 177, 175, 179, 175, 177, 175, 177, 177,
    176, 178, 177, 176, 178, 175, 178, 178, 176, 179, 179, 176, 179, 178,
    176, 178, 177, 178, 179, 178, 176, 175, 177, 178, 178, 176, 175, 176,
    179, 178, 177, 179, 177, 176, 176, 177, 178, 179 ]
RHandPositionsY: [ 262, 258, 261, 261, 262, 258, 262, 261, 262, 262, 258,
    258, 259, 261, 259, 258, 262, 260, 260, 258, 261, 259, 259, 261, 262,
    259, 261, 258, 262, 259, 258, 261, 260, 258, 261, 262, 258, 259, 262,
    260, 258, 260, 262, 258, 262, 261, 262, 261, 260, 260, 258, 258, 262,
    260, 260, 260, 261, 259, 261, 258, 261, 258, 261, 260, 260, 261, 259,
    258, 259, 258, 261, 262, 261, 261, 259, 259, 258, 262, 259, 258, 259,
    259, 258, 260, 260, 261, 261, 261, 261, 259, 259 ]
