%YAML:1.0
---
videoName: "LHShake17.mp4"
gestureLabel: 2
fps: 30
pixelSizeInCmTemp: 3.3732394366197183e-01
faceCenterPointX: 248
faceCenterPointY: 64
LHandPositionsX: [ 323, 325, 323, 325, 324, 325, 327, 324, 328, 333, 342,
    354, 364, 373, 389, 398, 408, 409, 404, 389, 375, 362, 352, 350, 353,
    359, 372, 380, 377, 381, 374, 364, 352, 346, 345, 347, 357, 363, 370,
    368, 367, 360, 354, 353, 351, 357, 364, 374, 377, 373, 376, 371, 364,
    351, 348, 348, 348, 354, 361, 364, 362, 366, 364, 355, 350, 342, 340,
    339, 335, 334, 332, 333, 331, 331, 332, 331, 329, 328, 327, 325, 326,
    327, 324, 323, 327, 326, 323, 323, 327, 325, 324 ]
LHandPositionsY: [ 249, 248, 249, 250, 250, 248, 249, 246, 244, 233, 216,
    201, 187, 175, 156, 146, 132, 120, 116, 114, 120, 129, 135, 134, 137,
    132, 122, 119, 120, 119, 120, 129, 136, 140, 140, 138, 123, 117, 120,
    118, 118, 114, 129, 134, 131, 135, 124, 117, 123, 122, 121, 119, 132,
    135, 140, 142, 138, 124, 122, 122, 127, 124, 120, 129, 137, 142, 152,
    162, 170, 182, 195, 205, 217, 220, 225, 229, 230, 233, 235, 235, 235,
    238, 238, 237, 235, 235, 236, 238, 236, 236, 236 ]
RHandPositionsX: [ 180, 176, 178, 179, 180, 176, 176, 177, 178, 177, 177,
    179, 177, 176, 179, 179, 176, 176, 180, 180, 180, 180, 176, 179, 179,
    176, 178, 178, 177, 175, 179, 177, 176, 178, 175, 176, 179, 176, 175,
    176, 175, 174, 177, 178, 177, 177, 174, 178, 176, 178, 178, 177, 174,
    175, 176, 177, 174, 177, 174, 175, 176, 177, 177, 178, 175, 178, 177,
    175, 176, 174, 174, 174, 174, 174, 178, 174, 176, 174, 174, 176, 176,
    178, 175, 176, 175, 178, 175, 177, 178, 176, 175 ]
RHandPositionsY: [ 259, 258, 260, 256, 259, 260, 259, 259, 257, 259, 256,
    258, 256, 257, 257, 256, 257, 260, 256, 259, 257, 259, 256, 258, 260,
    260, 258, 258, 260, 260, 256, 259, 257, 260, 256, 256, 260, 258, 257,
    257, 259, 258, 258, 260, 256, 259, 258, 259, 259, 258, 256, 256, 256,
    257, 260, 257, 259, 259, 260, 258, 259, 260, 260, 257, 256, 259, 257,
    259, 256, 258, 259, 257, 258, 260, 256, 258, 260, 257, 258, 259, 256,
    259, 259, 258, 257, 259, 259, 257, 260, 258, 259 ]
