%YAML:1.0
---
videoName: "LHShake21.mp4"
gestureLabel: 2
fps: 29
pixelSizeInCmTemp: 3.4214285714285714e-01
faceCenterPointX: 266
faceCenterPointY: 79
LHandPositionsX: [ 350, 352, 364, 373, 383, 396, 398, 405, 420, 416, 418,
    403, 388, 379, 374, 376, 375, 377, 385, 405, 401, 399, 398, 395, 384,
    372, 370, 371, 370, 371, 378, 391, 387, 384, 383, 381, 377, 373, 364,
    367, 370, 369, 375, 389, 387, 386, 398, 390, 380, 371, 363, 363, 367,
    368, 374, 378, 383, 383, 384, 389, 387, 383, 374, 367, 356, 350, 345,
    341, 338, 335, 336, 336, 332, 334, 334, 334, 333, 332, 332, 330, 330,
    330, 334, 331, 334, 334, 334, 329 ]
LHandPositionsY: [ 270, 262, 244, 227, 210, 190, 182, 170, 151, 150, 136,
    132, 133, 133, 131, 135, 130, 130, 131, 131, 129, 132, 131, 135, 138,
    131, 143, 143, 144, 137, 133, 133, 133, 134, 135, 137, 135, 146, 150,
    145, 149, 144, 139, 139, 137, 138, 137, 136, 139, 147, 151, 153, 153,
    156, 152, 145, 139, 143, 143, 150, 156, 160, 170, 179, 188, 200, 212,
    228, 239, 238, 241, 248, 250, 250, 252, 249, 253, 251, 254, 253, 253,
    250, 251, 251, 254, 252, 251, 252 ]
RHandPositionsX: [ 184, 186, 184, 184, 184, 185, 188, 185, 186, 188, 185,
    188, 188, 185, 187, 187, 186, 187, 188, 188, 188, 184, 184, 186, 184,
    186, 187, 186, 184, 186, 185, 187, 187, 185, 186, 186, 185, 187, 185,
    186, 186, 186, 184, 186, 184, 187, 188, 188, 188, 187, 185, 184, 188,
    184, 188, 184, 186, 184, 185, 187, 187, 184, 186, 187, 187, 184, 186,
    184, 188, 188, 185, 187, 186, 185, 188, 186, 184, 188, 185, 187, 185,
    187, 185, 184, 185, 185, 185, 184 ]
RHandPositionsY: [ 269, 268, 269, 265, 269, 267, 268, 266, 266, 265, 267,
    269, 266, 265, 268, 268, 266, 269, 267, 266, 266, 266, 265, 266, 267,
    265, 265, 268, 267, 268, 266, 266, 269, 267, 265, 265, 268, 268, 267,
    269, 269, 269, 265, 268, 265, 268, 269, 265, 267, 267, 265, 268, 265,
    268, 267, 266, 268, 266, 268, 265, 269, 266, 266, 267, 265, 269, 265,
    266, 266, 266, 268, 268, 265, 267, 269, 269, 268, 266, 267, 268, 266,
    268, 265, 269, 267, 269, 265, 268 ]
