%YAML:1.0
---
videoName: "LHShake16.mp4"
gestureLabel: 2
fps: 30
pixelSizeInCmTemp: 3.3732394366197183e-01
faceCenterPointX: 247
faceCenterPointY: 66
LHandPositionsX: [ 322, 326, 325, 327, 327, 339, 347, 355, 363, 371, 382,
    393, 401, 409, 404, 401, 399, 390, 378, 362, 355, 355, 365, 369, 380,
    401, 396, 390, 389, 384, 376, 371, 368, 371, 372, 379, 391, 390, 401,
    394, 383, 376, 368, 369, 363, 369, 376, 382, 400, 408, 397, 387, 370,
    362, 362, 362, 362, 369, 376, 392, 387, 386, 389, 381, 375, 368, 357,
    351, 343, 333, 334, 334, 331, 329, 331, 327, 327, 328, 328, 329, 327,
    326, 328, 325, 327, 329, 328, 326, 328, 325, 324 ]
LHandPositionsY: [ 254, 253, 252, 250, 253, 244, 232, 224, 211, 195, 179,
    166, 154, 150, 143, 135, 123, 118, 118, 113, 118, 120, 124, 114, 112,
    113, 117, 118, 117, 114, 123, 129, 129, 136, 125, 120, 119, 119, 122,
    117, 118, 129, 131, 131, 134, 137, 131, 127, 124, 121, 124, 130, 138,
    143, 144, 147, 144, 143, 134, 125, 131, 130, 127, 131, 144, 153, 161,
    168, 182, 199, 206, 216, 224, 228, 233, 233, 237, 238, 236, 240, 240,
    243, 244, 242, 244, 242, 244, 243, 244, 245, 244 ]
RHandPositionsX: [ 179, 179, 178, 177, 176, 176, 178, 177, 177, 178, 176,
    175, 179, 175, 178, 177, 178, 177, 179, 176, 177, 177, 178, 178, 177,
    178, 179, 176, 179, 175, 176, 175, 176, 175, 175, 176, 177, 177, 176,
    178, 175, 178, 177, 175, 178, 176, 176, 178, 175, 179, 175, 179, 175,
    175, 179, 177, 178, 178, 178, 178, 179, 175, 175, 179, 178, 177, 178,
    176, 177, 179, 176, 179, 176, 178, 178, 178, 179, 177, 176, 176, 175,
    175, 179, 177, 178, 178, 179, 178, 175, 178, 177 ]
RHandPositionsY: [ 262, 259, 258, 262, 259, 262, 262, 258, 258, 262, 258,
    260, 260, 258, 261, 260, 260, 261, 258, 259, 262, 260, 261, 259, 260,
    258, 259, 262, 261, 262, 259, 260, 261, 261, 260, 261, 259, 261, 258,
    262, 261, 260, 259, 261, 261, 261, 259, 260, 259, 260, 261, 261, 262,
    258, 258, 262, 260, 261, 260, 259, 258, 261, 259, 261, 258, 261, 259,
    260, 258, 259, 260, 259, 260, 260, 261, 259, 261, 261, 261, 259, 260,
    258, 261, 262, 259, 262, 261, 261, 260, 260, 259 ]
