%YAML:1.0
---
videoName: "LHShake09.mp4"
gestureLabel: 2
fps: 29
pixelSizeInCmTemp: 3.3263888888888887e-01
faceCenterPointX: 259
faceCenterPointY: 67
LHandPositionsX: [ 339, 336, 336, 338, 341, 346, 347, 352, 350, 357, 361,
    367, 367, 366, 369, 367, 361, 351, 341, 332, 333, 335, 327, 330, 339,
    346, 350, 348, 346, 346, 350, 348, 341, 338, 335, 337, 336, 347, 355,
    360, 367, 366, 369, 361, 355, 344, 336, 336, 334, 336, 339, 348, 355,
    356, 354, 354, 353, 348, 344, 333, 335, 338, 333, 335, 342, 349, 354,
    355, 352, 355, 351, 341, 339, 332, 323, 320, 317, 322, 324, 325, 326,
    328, 328, 331, 333, 335, 332, 333 ]
LHandPositionsY: [ 273, 273, 271, 273, 271, 272, 263, 258, 247, 239, 231,
    217, 201, 200, 185, 176, 167, 160, 159, 158, 158, 156, 159, 153, 152,
    149, 145, 146, 147, 144, 151, 153, 152, 156, 154, 156, 155, 155, 154,
    151, 151, 152, 152, 154, 155, 157, 156, 155, 157, 154, 152, 152, 153,
    154, 151, 149, 151, 152, 152, 152, 151, 154, 155, 151, 151, 153, 153,
    151, 152, 150, 149, 157, 161, 171, 181, 191, 205, 221, 232, 243, 246,
    246, 250, 252, 258, 258, 258, 260 ]
RHandPositionsX: [ 177, 180, 180, 180, 178, 177, 176, 177, 178, 179, 178,
    180, 177, 180, 176, 180, 177, 177, 180, 178, 177, 180, 176, 179, 180,
    179, 179, 178, 177, 176, 180, 176, 179, 179, 179, 176, 176, 180, 176,
    178, 180, 180, 176, 180, 178, 179, 176, 179, 178, 180, 179, 179, 177,
    177, 178, 176, 176, 180, 177, 176, 176, 180, 178, 180, 179, 179, 177,
    178, 179, 180, 176, 177, 177, 180, 180, 179, 177, 178, 176, 179, 178,
    177, 180, 177, 179, 176, 180, 178 ]
RHandPositionsY: [ 277, 275, 277, 278, 278, 279, 275, 277, 277, 276, 279,
    278, 278, 278, 278, 279, 277, 275, 279, 275, 278, 277, 275, 276, 276,
    277, 278, 278, 279, 278, 279, 279, 277, 278, 278, 278, 275, 278, 279,
    277, 276, 275, 278, 276, 279, 278, 279, 275, 276, 278, 276, 279, 277,
    275, 277, 275, 279, 277, 278, 277, 279, 278, 278, 276, 278, 279, 276,
    279, 279, 278, 276, 275, 277, 279, 276, 275, 276, 277, 275, 275, 278,
    275, 279, 278, 276, 278, 277, 277 ]
