%YAML:1.0
---
videoName: "LHShake23.mp4"
gestureLabel: 2
fps: 30
pixelSizeInCmTemp: 3.3263888888888887e-01
faceCenterPointX: 259
faceCenterPointY: 79
LHandPositionsX: [ 333, 331, 330, 333, 333, 332, 333, 332, 334, 334, 333,
    337, 339, 344, 349, 360, 370, 373, 374, 379, 379, 381, 376, 365, 358,
    351, 355, 352, 355, 364, 369, 378, 386, 382, 385, 377, 371, 361, 358,
    360, 364, 367, 379, 382, 382, 383, 379, 375, 361, 354, 354, 354, 356,
    362, 373, 380, 380, 380, 378, 373, 366, 357, 356, 355, 356, 365, 373,
    377, 380, 380, 377, 374, 371, 363, 358, 349, 349, 346, 339, 337, 340,
    340, 336, 338, 335, 338, 337, 335, 334, 335, 334 ]
LHandPositionsY: [ 263, 263, 263, 264, 264, 265, 263, 264, 261, 260, 258,
    254, 240, 233, 231, 215, 200, 199, 195, 189, 181, 172, 165, 167, 169,
    168, 166, 170, 171, 165, 164, 160, 159, 158, 160, 162, 163, 161, 165,
    163, 163, 163, 161, 161, 159, 160, 157, 158, 162, 164, 162, 165, 169,
    166, 164, 164, 165, 162, 165, 162, 168, 169, 166, 166, 171, 172, 169,
    170, 169, 167, 170, 170, 178, 185, 193, 201, 214, 226, 239, 249, 247,
    253, 250, 253, 252, 253, 252, 255, 253, 252, 255 ]
RHandPositionsX: [ 184, 183, 182, 182, 184, 186, 183, 185, 182, 186, 182,
    186, 185, 183, 185, 183, 183, 184, 185, 182, 183, 185, 183, 186, 182,
    183, 186, 185, 186, 183, 186, 184, 185, 182, 183, 186, 184, 183, 182,
    184, 183, 184, 182, 186, 185, 183, 184, 186, 185, 183, 183, 182, 185,
    184, 182, 186, 184, 185, 183, 182, 183, 182, 186, 182, 185, 184, 186,
    184, 185, 186, 182, 185, 183, 184, 186, 184, 185, 183, 184, 185, 186,
    185, 186, 185, 185, 183, 182, 184, 183, 182, 182 ]
RHandPositionsY: [ 270, 273, 273, 271, 273, 272, 270, 274, 274, 270, 271,
    270, 270, 273, 270, 272, 271, 271, 271, 270, 274, 270, 270, 274, 270,
    271, 273, 274, 274, 274, 271, 272, 273, 273, 271, 271, 273, 272, 270,
    273, 271, 270, 273, 274, 270, 274, 274, 271, 270, 270, 274, 272, 273,
    271, 272, 274, 274, 274, 270, 274, 273, 272, 271, 271, 272, 270, 271,
    270, 272, 270, 271, 270, 270, 270, 272, 270, 270, 273, 272, 271, 270,
    271, 272, 274, 272, 273, 272, 272, 273, 270, 270 ]
