%YAML:1.0
---
videoName: "LHShake07.mp4"
gestureLabel: 2
fps: 29
pixelSizeInCmTemp: 3.3732394366197183e-01
faceCenterPointX: 265
faceCenterPointY: 78
LHandPositionsX: [ 349, 350, 353, 356, 364, 371, 377, 385, 391, 395, 396,
    392, 382, 376, 352, 348, 339, 341, 341, 340, 349, 364, 367, 365, 366,
    366, 360, 344, 340, 344, 343, 349, 354, 358, 367, 371, 369, 360, 361,
    349, 346, 348, 346, 350, 357, 360, 361, 361, 363, 360, 340, 327, 335,
    332, 342, 356, 365, 372, 371, 382, 371, 366, 357, 347, 341, 338, 335,
    335, 335, 339, 340, 341, 340, 340, 343, 343, 345, 342, 342, 343, 344,
    344, 341, 342, 344, 344, 343, 344 ]
LHandPositionsY: [ 277, 277, 272, 268, 256, 248, 235, 216, 201, 190, 179,
    162, 151, 139, 140, 140, 145, 148, 148, 148, 143, 139, 137, 138, 139,
    136, 133, 137, 144, 144, 138, 134, 130, 134, 124, 124, 127, 129, 135,
    136, 144, 142, 146, 143, 139, 140, 141, 136, 132, 132, 134, 148, 142,
    137, 134, 131, 131, 132, 132, 129, 133, 138, 147, 157, 169, 178, 190,
    203, 218, 231, 242, 253, 251, 256, 255, 261, 261, 266, 264, 267, 265,
    267, 266, 267, 269, 266, 270, 267 ]
RHandPositionsX: [ 183, 185, 185, 184, 182, 184, 183, 183, 181, 184, 185,
    184, 181, 182, 184, 183, 184, 182, 181, 181, 184, 184, 185, 184, 185,
    183, 181, 181, 185, 181, 183, 183, 181, 182, 181, 184, 182, 183, 185,
    184, 183, 182, 185, 184, 185, 183, 184, 182, 184, 181, 182, 185, 185,
    181, 182, 185, 181, 182, 183, 181, 185, 184, 185, 185, 185, 184, 183,
    181, 182, 183, 184, 182, 182, 182, 181, 185, 183, 183, 185, 182, 182,
    182, 182, 183, 184, 182, 181, 181 ]
RHandPositionsY: [ 277, 276, 277, 280, 277, 277, 278, 279, 277, 279, 280,
    276, 280, 277, 276, 278, 279, 280, 279, 278, 277, 280, 280, 276, 279,
    278, 280, 280, 277, 280, 279, 279, 277, 279, 276, 276, 280, 278, 279,
    278, 277, 276, 276, 280, 276, 278, 280, 280, 279, 276, 280, 276, 277,
    278, 276, 279, 280, 278, 277, 277, 279, 279, 279, 279, 277, 276, 277,
    277, 278, 277, 278, 280, 278, 280, 277, 278, 279, 279, 276, 277, 278,
    276, 279, 277, 280, 280, 279, 279 ]
