%YAML:1.0
---
videoName: "LHShake23.mp4"
gestureLabel: 2
fps: 30
pixelSizeInCmTemp: 3.3263888888888887e-01
faceCenterPointX: 259
faceCenterPointY: 79
LHandPositionsX: [ 332, 334, 334, 334, 331, 330, 334, 332, 332, 331, 333,
    336, 341, 344, 348, 362, 371, 370, 372, 376, 379, 378, 376, 368, 359,
    353, 355, 351, 355, 363, 369, 380, 387, 383, 382, 380, 371, 363, 359,
    360, 362, 366, 377, 384, 382, 380, 381, 373, 361, 356, 354, 351, 354,
    361, 373, 379, 379, 379, 378, 375, 364, 355, 355, 358, 356, 364, 375,
    380, 377, 377, 377, 376, 370, 362, 358, 349, 347, 344, 341, 341, 337,
    337, 339, 337, 339, 335, 337, 335, 335, 333, 335 ]
LHandPositionsY: [ 263, 263, 266, 262, 263, 266, 266, 265, 263, 264, 259,
    253, 244, 230, 230, 212, 201, 198, 194, 186, 180, 173, 169, 166, 167,
    167, 170, 170, 168, 168, 162, 161, 157, 159, 157, 161, 163, 164, 163,
    162, 164, 162, 164, 157, 161, 157, 161, 158, 162, 164, 166, 165, 168,
    169, 166, 164, 163, 162, 162, 161, 164, 170, 170, 166, 168, 170, 169,
    167, 169, 167, 169, 170, 176, 183, 192, 201, 212, 225, 241, 247, 251,
    251, 252, 251, 252, 253, 253, 256, 256, 253, 252 ]
RHandPositionsX: [ 182, 184, 183, 184, 186, 183, 186, 185, 182, 185, 186,
    183, 185, 182, 185, 183, 184, 182, 186, 185, 185, 182, 184, 186, 186,
    184, 182, 182, 183, 183, 186, 186, 186, 182, 186, 183, 183, 182, 186,
    185, 183, 182, 185, 185, 182, 185, 184, 186, 182, 185, 186, 182, 186,
    184, 182, 182, 183, 182, 186, 186, 182, 186, 182, 186, 185, 182, 186,
    185, 182, 183, 186, 182, 185, 183, 186, 186, 185, 182, 184, 183, 183,
    184, 183, 184, 182, 185, 184, 182, 185, 182, 184 ]
RHandPositionsY: [ 271, 273, 272, 271, 273, 273, 273, 274, 271, 273, 274,
    274, 272, 273, 273, 270, 273, 270, 270, 274, 271, 271, 272, 270, 274,
    271, 271, 270, 273, 272, 274, 274, 274, 274, 274, 270, 273, 271, 271,
    273, 270, 272, 271, 273, 271, 272, 273, 273, 272, 274, 274, 272, 271,
    274, 272, 274, 270, 271, 272, 272, 272, 272, 270, 272, 274, 271, 271,
    270, 270, 273, 272, 272, 273, 273, 274, 273, 272, 271, 274, 271, 270,
    270, 270, 272, 270, 271, 274, 272, 271, 271, 273 ]
