%YAML:1.0
---
videoName: "LHShake10.mp4"
gestureLabel: 2
fps: 29
pixelSizeInCmTemp: 3.4214285714285714e-01
faceCenterPointX: 253
faceCenterPointY: 65
LHandPositionsX: [ 334, 334, 338, 336, 337, 339, 344, 349, 352, 360, 364,
    378, 385, 392, 395, 396, 394, 386, 376, 365, 356, 349, 352, 353, 361,
    372, 383, 389, 390, 390, 389, 387, 375, 366, 358, 356, 358, 362, 370,
    370, 371, 371, 373, 371, 369, 361, 352, 343, 345, 344, 344, 353, 363,
    372, 383, 378, 380, 374, 365, 353, 352, 352, 349, 347, 356, 366, 375,
    379, 378, 380, 378, 374, 368, 360, 355, 350, 344, 341, 338, 334, 337,
    334, 335, 335, 333, 336, 334, 334 ]
LHandPositionsY: [ 268, 269, 271, 270, 271, 270, 268, 261, 252, 241, 223,
    207, 193, 180, 166, 153, 143, 137, 133, 142, 142, 150, 149, 151, 149,
    148, 139, 138, 139, 140, 143, 146, 150, 148, 152, 152, 150, 147, 140,
    133, 131, 132, 131, 131, 131, 130, 138, 141, 143, 142, 145, 144, 139,
    143, 143, 139, 140, 142, 147, 150, 153, 154, 151, 153, 151, 149, 145,
    147, 144, 148, 148, 154, 160, 163, 172, 182, 195, 209, 219, 233, 245,
    253, 255, 256, 258, 257, 260, 259 ]
RHandPositionsX: [ 174, 174, 175, 176, 172, 172, 172, 175, 173, 175, 176,
    174, 175, 176, 172, 175, 173, 171, 174, 172, 174, 171, 174, 173, 173,
    173, 172, 173, 173, 171, 171, 172, 171, 173, 172, 172, 174, 173, 173,
    174, 175, 171, 171, 171, 171, 175, 175, 172, 171, 175, 171, 174, 174,
    171, 174, 175, 174, 172, 175, 171, 174, 171, 173, 172, 171, 171, 173,
    174, 171, 174, 174, 171, 174, 171, 173, 175, 174, 175, 175, 172, 172,
    175, 174, 172, 171, 171, 175, 173 ]
RHandPositionsY: [ 278, 276, 277, 274, 274, 277, 276, 275, 274, 277, 275,
    277, 277, 278, 276, 275, 278, 275, 276, 277, 277, 277, 276, 278, 277,
    277, 275, 276, 278, 276, 277, 274, 276, 274, 278, 274, 278, 275, 278,
    276, 277, 277, 276, 275, 274, 278, 278, 277, 278, 276, 275, 274, 277,
    275, 276, 274, 276, 274, 274, 276, 276, 274, 278, 274, 277, 275, 278,
    276, 278, 278, 277, 274, 277, 276, 275, 278, 274, 276, 274, 276, 274,
    278, 277, 275, 278, 276, 278, 274 ]
