%YAML:1.0
---
videoName: "LHShake10.mp4"
gestureLabel: 2
fps: 29
pixelSizeInCmTemp: 3.4214285714285714e-01
faceCenterPointX: 253
faceCenterPointY: 65
LHandPositionsX: [ 337, 336, 336, 335, 337, 339, 344, 348, 354, 360, 367,
    377, 385, 390, 396, 394, 393, 383, 376, 367, 357, 350, 350, 353, 361,
    369, 381, 392, 390, 391, 391, 385, 376, 363, 358, 357, 360, 362, 370,
    374, 371, 374, 373, 371, 366, 364, 353, 345, 344, 345, 344, 354, 361,
    370, 382, 379, 381, 373, 367, 353, 352, 349, 350, 348, 355, 365, 376,
    382, 378, 376, 378, 372, 366, 360, 357, 350, 343, 340, 338, 338, 334,
    338, 336, 335, 337, 333, 334, 333 ]
LHandPositionsY: [ 271, 271, 268, 268, 270, 272, 267, 263, 251, 238, 224,
    206, 193, 181, 166, 156, 143, 136, 135, 140, 142, 149, 146, 151, 150,
    147, 137, 141, 140, 142, 142, 145, 149, 148, 151, 151, 149, 145, 138,
    134, 135, 133, 135, 132, 130, 129, 140, 141, 141, 145, 143, 146, 139,
    139, 141, 142, 144, 143, 144, 149, 151, 151, 154, 149, 152, 148, 145,
    146, 146, 148, 148, 152, 158, 164, 172, 182, 196, 206, 219, 231, 245,
    255, 251, 254, 258, 259, 257, 257 ]
RHandPositionsX: [ 172, 176, 173, 174, 173, 172, 175, 174, 173, 175, 176,
    174, 172, 173, 176, 173, 173, 171, 175, 175, 173, 172, 172, 173, 173,
    172, 173, 173, 174, 171, 171, 175, 175, 171, 173, 171, 172, 175, 174,
    175, 174, 171, 171, 174, 173, 173, 175, 173, 175, 173, 174, 172, 174,
    173, 171, 174, 171, 173, 171, 175, 172, 172, 171, 175, 173, 174, 174,
    173, 175, 172, 173, 171, 175, 175, 174, 171, 173, 175, 172, 175, 173,
    172, 172, 174, 175, 174, 173, 175 ]
RHandPositionsY: [ 277, 274, 275, 274, 278, 275, 276, 278, 277, 276, 277,
    278, 276, 277, 276, 278, 277, 276, 277, 277, 278, 276, 275, 275, 278,
    276, 275, 276, 276, 274, 278, 277, 275, 276, 277, 275, 276, 275, 275,
    275, 276, 275, 277, 278, 277, 275, 275, 276, 276, 275, 274, 275, 275,
    275, 275, 278, 278, 276, 276, 277, 276, 276, 278, 274, 277, 274, 275,
    278, 276, 277, 278, 274, 274, 277, 275, 277, 276, 275, 276, 276, 278,
    275, 276, 275, 276, 277, 277, 278 ]
