%YAML:1.0
---
videoName: "LHShake17.mp4"
gestureLabel: 2
fps: 30
pixelSizeInCmTemp: 3.3732394366197183e-01
faceCenterPointX: 248
faceCenterPointY: 64
LHandPositionsX: [ 321, 321, 322, 324, 324, 322, 325, 327, 326, 337, 343,
    355, 367, 373, 386, 399, 404, 408, 401, 389, 375, 358, 352, 354, 353,
    358, 369, 380, 375, 382, 375, 366, 354, 348, 348, 348, 358, 364, 366,
    366, 367, 360, 356, 351, 349, 357, 364, 371, 377, 372, 373, 371, 362,
    351, 346, 348, 350, 352, 363, 366, 361, 366, 366, 355, 347, 344, 340,
    339, 335, 336, 331, 331, 330, 332, 329, 331, 328, 329, 328, 324, 327,
    326, 328, 323, 325, 326, 323, 327, 325, 325, 326 ]
LHandPositionsY: [ 247, 250, 250, 249, 248, 250, 248, 245, 248, 231, 216,
    201, 185, 172, 159, 142, 130, 119, 116, 111, 122, 129, 136, 133, 135,
    133, 122, 117, 120, 118, 116, 129, 135, 140, 139, 140, 123, 118, 117,
    120, 119, 116, 127, 133, 131, 134, 124, 118, 121, 122, 122, 119, 130,
    139, 142, 142, 137, 128, 125, 122, 127, 125, 121, 127, 138, 146, 151,
    163, 171, 182, 193, 209, 220, 221, 221, 227, 232, 233, 233, 235, 237,
    238, 239, 239, 238, 236, 236, 237, 238, 238, 238 ]
RHandPositionsX: [ 180, 179, 177, 176, 176, 178, 179, 176, 179, 178, 179,
    176, 177, 180, 177, 179, 179, 179, 180, 179, 180, 180, 178, 177, 179,
    179, 178, 178, 177, 176, 179, 175, 178, 178, 179, 175, 177, 176, 178,
    174, 174, 175, 178, 177, 175, 176, 177, 178, 178, 174, 174, 178, 174,
    176, 178, 174, 175, 178, 175, 175, 174, 175, 175, 176, 178, 174, 174,
    174, 178, 177, 175, 178, 175, 178, 177, 177, 177, 174, 175, 177, 174,
    176, 176, 175, 177, 178, 176, 177, 174, 177, 178 ]
RHandPositionsY: [ 256, 257, 258, 256, 256, 257, 256, 260, 260, 256, 257,
    259, 256, 257, 256, 257, 260, 259, 260, 256, 258, 256, 256, 258, 257,
    259, 256, 259, 256, 258, 260, 258, 260, 260, 260, 258, 258, 256, 259,
    257, 257, 260, 260, 258, 257, 257, 259, 260, 256, 256, 256, 260, 257,
    257, 258, 258, 257, 258, 260, 259, 260, 256, 258, 260, 256, 257, 260,
    260, 258, 257, 260, 260, 258, 260, 256, 257, 257, 258, 259, 257, 258,
    259, 257, 260, 259, 258, 258, 260, 260, 258, 259 ]
