%YAML:1.0
---
videoName: "LHShake02.mp4"
gestureLabel: 2
fps: 29
pixelSizeInCmTemp: 3.3263888888888887e-01
faceCenterPointX: 249
faceCenterPointY: 82
LHandPositionsX: [ 359, 362, 362, 366, 373, 381, 387, 385, 388, 389, 383,
    380, 372, 369, 365, 361, 363, 367, 372, 374, 382, 385, 384, 378, 376,
    371, 366, 364, 364, 365, 369, 368, 375, 380, 375, 380, 381, 376, 376,
    370, 363, 361, 358, 359, 359, 359, 364, 368, 372, 369, 371, 365, 361,
    360, 358, 359, 362, 367, 369, 373, 372, 372, 369, 364, 360, 354, 350,
    348, 344, 344, 345, 341, 341, 341, 343, 345, 346, 347, 345, 349, 346,
    348, 346, 350, 349, 346, 348, 348 ]
LHandPositionsY: [ 127, 119, 117, 113, 111, 111, 108, 111, 110, 111, 111,
    108, 109, 111, 116, 113, 110, 109, 110, 108, 105, 104, 102, 102, 105,
    109, 108, 108, 110, 105, 105, 100, 98, 101, 101, 98, 95, 96, 96, 97,
    98, 102, 104, 102, 102, 104, 102, 102, 100, 98, 103, 104, 107, 108,
    110, 110, 105, 108, 107, 105, 104, 101, 101, 108, 124, 136, 149, 161,
    166, 172, 176, 184, 193, 200, 205, 212, 215, 222, 223, 227, 229, 231,
    231, 233, 235, 236, 234, 240 ]
RHandPositionsX: [ 156, 155, 156, 153, 155, 154, 157, 154, 157, 153, 157,
    153, 157, 157, 157, 155, 156, 155, 154, 156, 154, 156, 153, 154, 156,
    156, 157, 157, 156, 153, 154, 153, 157, 157, 154, 156, 157, 155, 155,
    155, 155, 157, 155, 157, 155, 154, 155, 155, 157, 154, 157, 157, 157,
    153, 153, 153, 154, 154, 156, 155, 156, 156, 153, 157, 155, 154, 155,
    156, 154, 156, 155, 153, 157, 157, 154, 154, 153, 155, 153, 156, 153,
    154, 157, 154, 154, 156, 153, 153 ]
RHandPositionsY: [ 264, 263, 264, 263, 262, 263, 260, 260, 263, 261, 262,
    259, 259, 258, 262, 260, 258, 262, 259, 262, 259, 260, 259, 260, 258,
    260, 262, 259, 261, 258, 262, 258, 259, 261, 259, 261, 258, 260, 260,
    258, 258, 260, 259, 261, 259, 258, 258, 262, 261, 259, 262, 262, 258,
    261, 258, 259, 258, 260, 259, 260, 259, 259, 261, 262, 262, 258, 260,
    258, 261, 258, 258, 258, 260, 259, 259, 260, 260, 259, 259, 260, 259,
    259, 259, 262, 262, 259, 262, 262 ]
