%YAML:1.0
---
videoName: "LHShake12.mp4"
gestureLabel: 2
fps: 29
pixelSizeInCmTemp: 3.3263888888888887e-01
faceCenterPointX: 259
faceCenterPointY: 64
LHandPositionsX: [ 371, 359, 349, 346, 347, 346, 354, 364, 374, 380, 382,
    378, 377, 363, 355, 344, 347, 346, 347, 353, 367, 377, 378, 378, 379,
    371, 360, 348, 341, 342, 340, 344, 351, 359, 371, 372, 370, 374, 368,
    356, 348, 340, 342, 342, 344, 353, 361, 369, 366, 371, 368, 359, 348,
    338, 341, 336, 343, 350, 356, 366, 368, 370, 367, 361, 353, 340, 333,
    325, 323, 318, 317, 318, 317, 327, 332, 329, 330, 333, 332, 337, 336,
    333, 335, 337, 337, 334, 336, 336 ]
LHandPositionsY: [ 168, 162, 165, 164, 161, 158, 155, 157, 149, 149, 150,
    150, 153, 153, 155, 158, 156, 157, 158, 154, 151, 145, 145, 147, 146,
    144, 145, 150, 155, 153, 156, 154, 149, 150, 147, 145, 148, 145, 147,
    151, 151, 156, 154, 155, 154, 156, 150, 152, 151, 148, 151, 154, 152,
    157, 155, 155, 154, 151, 150, 147, 147, 145, 144, 146, 150, 154, 162,
    168, 176, 185, 195, 210, 225, 235, 242, 245, 247, 251, 254, 256, 255,
    254, 259, 256, 256, 258, 259, 257 ]
RHandPositionsX: [ 175, 176, 176, 177, 174, 174, 177, 178, 174, 177, 177,
    178, 175, 177, 178, 178, 175, 178, 177, 177, 174, 178, 176, 174, 176,
    178, 178, 177, 176, 176, 176, 177, 175, 178, 178, 174, 176, 176, 175,
    174, 177, 176, 177, 176, 177, 177, 177, 177, 176, 177, 174, 174, 176,
    174, 177, 176, 176, 175, 175, 177, 174, 178, 177, 175, 174, 174, 178,
    175, 174, 174, 174, 175, 178, 175, 177, 177, 177, 177, 176, 178, 178,
    177, 175, 175, 174, 175, 177, 177 ]
RHandPositionsY: [ 275, 271, 274, 273, 275, 272, 271, 272, 272, 274, 274,
    271, 273, 273, 271, 274, 271, 271, 272, 271, 271, 272, 272, 275, 273,
    272, 275, 272, 273, 271, 275, 271, 271, 275, 274, 275, 271, 271, 273,
    272, 272, 273, 274, 273, 272, 273, 273, 273, 275, 275, 273, 275, 273,
    274, 274, 271, 273, 271, 273, 271, 272, 275, 271, 272, 273, 273, 274,
    275, 273, 271, 271, 272, 273, 273, 273, 275, 274, 275, 273, 273, 275,
    271, 275, 272, 271, 275, 274, 271 ]
