%YAML:1.0
---
videoName: "LHShake23.mp4"
gestureLabel: 2
fps: 30
pixelSizeInCmTemp: 3.3263888888888887e-01
faceCenterPointX: 259
faceCenterPointY: 79
LHandPositionsX: [ 334, 333, 332, 331, 333, 330, 331, 334, 334, 335, 333,
    333, 338, 345, 347, 359, 367, 373, 374, 378, 379, 377, 377, 368, 355,
    350, 352, 353, 354, 364, 372, 378, 384, 386, 383, 381, 372, 363, 362,
    361, 361, 368, 378, 385, 385, 380, 378, 371, 362, 357, 354, 354, 354,
    362, 372, 382, 382, 379, 377, 375, 368, 359, 357, 358, 357, 366, 372,
    380, 378, 378, 379, 374, 368, 364, 358, 353, 345, 345, 342, 339, 337,
    336, 336, 335, 339, 334, 336, 334, 335, 336, 333 ]
LHandPositionsY: [ 262, 262, 262, 266, 263, 266, 263, 262, 264, 261, 259,
    250, 240, 229, 229, 214, 198, 199, 193, 186, 180, 170, 165, 167, 168,
    168, 167, 169, 171, 168, 161, 160, 161, 158, 157, 161, 161, 163, 162,
    164, 164, 162, 162, 161, 161, 157, 161, 158, 159, 162, 164, 166, 167,
    167, 164, 164, 164, 166, 165, 161, 165, 170, 169, 168, 169, 171, 166,
    170, 166, 169, 170, 172, 175, 186, 195, 201, 213, 227, 238, 251, 250,
    251, 251, 252, 252, 254, 254, 255, 255, 253, 255 ]
RHandPositionsX: [ 182, 183, 184, 184, 186, 183, 185, 186, 183, 184, 182,
    185, 183, 185, 186, 186, 183, 186, 184, 182, 183, 184, 184, 185, 185,
    184, 186, 183, 183, 185, 184, 186, 186, 185, 186, 184, 183, 183, 185,
    185, 182, 185, 186, 185, 182, 185, 184, 185, 186, 183, 186, 185, 184,
    182, 184, 184, 182, 186, 185, 186, 184, 186, 183, 186, 183, 184, 184,
    184, 183, 183, 186, 186, 184, 183, 182, 182, 184, 184, 183, 185, 186,
    184, 184, 182, 182, 185, 184, 185, 186, 183, 185 ]
RHandPositionsY: [ 270, 270, 273, 270, 272, 270, 270, 274, 270, 274, 274,
    272, 273, 274, 274, 273, 272, 274, 273, 274, 272, 271, 273, 271, 274,
    273, 272, 270, 272, 273, 271, 273, 272, 270, 272, 274, 273, 272, 270,
    271, 272, 271, 271, 270, 272, 274, 273, 271, 270, 270, 270, 274, 270,
    271, 272, 272, 274, 270, 271, 274, 270, 274, 271, 274, 274, 274, 273,
    274, 270, 270, 274, 274, 274, 273, 274, 274, 272, 273, 273, 272, 270,
    273, 274, 271, 274, 272, 271, 270, 273, 274, 272 ]
