%YAML:1.0
---
videoName: "LHShake09.mp4"
gestureLabel: 2
fps: 29
pixelSizeInCmTemp: 3.3263888888888887e-01
faceCenterPointX: 259
faceCenterPointY: 67
LHandPositionsX: [ 336, 339, 338, 337, 341, 345, 350, 352, 351, 356, 361,
    367, 367, 368, 368, 367, 359, 349, 339, 330, 333, 335, 330, 330, 336,
    348, 347, 347, 350, 348, 353, 349, 341, 335, 336, 337, 337, 344, 354,
    362, 366, 366, 366, 365, 355, 343, 336, 337, 338, 335, 339, 348, 352,
    355, 353, 357, 355, 349, 344, 337, 336, 336, 332, 338, 342, 348, 352,
    352, 355, 355, 350, 341, 336, 331, 325, 321, 320, 321, 321, 328, 325,
    327, 332, 330, 333, 334, 333, 334 ]
LHandPositionsY: [ 271, 271, 271, 273, 271, 270, 266, 256, 248, 236, 235,
    218, 203, 200, 182, 175, 167, 164, 160, 156, 158, 156, 156, 155, 152,
    149, 145, 148, 145, 144, 151, 150, 150, 152, 153, 156, 152, 155, 154,
    152, 155, 152, 151, 155, 153, 155, 156, 155, 158, 156, 153, 152, 152,
    152, 152, 153, 152, 152, 149, 151, 151, 150, 155, 155, 152, 153, 152,
    150, 152, 149, 151, 156, 162, 172, 179, 192, 206, 222, 234, 241, 245,
    246, 251, 253, 259, 257, 257, 259 ]
RHandPositionsX: [ 179, 179, 176, 179, 178, 180, 179, 179, 178, 178, 177,
    179, 176, 179, 178, 177, 176, 180, 178, 176, 178, 177, 177, 177, 178,
    176, 179, 179, 177, 176, 177, 180, 180, 176, 177, 178, 176, 176, 178,
    176, 179, 176, 176, 178, 177, 180, 179, 179, 179, 179, 178, 178, 179,
    176, 180, 179, 180, 180, 178, 180, 177, 178, 180, 177, 176, 177, 179,
    179, 180, 178, 177, 179, 178, 178, 177, 176, 178, 180, 179, 176, 178,
    177, 178, 176, 178, 178, 176, 178 ]
RHandPositionsY: [ 277, 277, 276, 278, 276, 276, 275, 279, 275, 277, 275,
    277, 277, 276, 275, 279, 275, 275, 279, 275, 279, 275, 276, 275, 278,
    276, 277, 276, 275, 278, 275, 278, 277, 275, 279, 279, 277, 277, 278,
    276, 278, 276, 277, 275, 279, 275, 279, 278, 275, 276, 279, 279, 278,
    277, 277, 278, 277, 279, 277, 275, 277, 278, 278, 275, 279, 279, 277,
    277, 276, 278, 279, 278, 275, 276, 275, 278, 279, 277, 277, 277, 276,
    275, 277, 279, 275, 275, 278, 278 ]
