%YAML:1.0
---
videoName: "LHShake08.mp4"
gestureLabel: 2
fps: 29
pixelSizeInCmTemp: 3.4710144927536229e-01
faceCenterPointX: 261
faceCenterPointY: 69
LHandPositionsX: [ 338, 339, 346, 344, 349, 344, 353, 361, 369, 374, 372,
    375, 379, 367, 359, 346, 341, 342, 339, 343, 350, 359, 368, 367, 363,
    359, 357, 353, 346, 336, 338, 338, 343, 348, 358, 364, 366, 365, 369,
    361, 354, 345, 338, 337, 334, 338, 343, 350, 358, 359, 359, 359, 357,
    350, 347, 345, 343, 343, 345, 346, 353, 362, 372, 373, 371, 370, 364,
    356, 350, 346, 339, 336, 331, 333, 333, 334, 338, 336, 337, 337, 338,
    339, 338, 337, 335, 335, 336, 336 ]
LHandPositionsY: [ 268, 268, 264, 255, 248, 236, 218, 198, 187, 173, 164,
    155, 143, 146, 145, 146, 152, 149, 153, 150, 146, 144, 140, 137, 139,
    137, 143, 147, 147, 156, 152, 152, 155, 152, 150, 148, 146, 147, 147,
    151, 151, 154, 159, 161, 159, 162, 158, 156, 156, 157, 155, 156, 156,
    154, 160, 159, 161, 162, 160, 160, 155, 148, 146, 147, 144, 144, 149,
    156, 161, 167, 175, 184, 197, 210, 220, 231, 242, 247, 248, 253, 254,
    253, 254, 257, 255, 257, 257, 257 ]
RHandPositionsX: [ 175, 176, 175, 172, 173, 174, 174, 176, 172, 176, 176,
    176, 173, 173, 174, 175, 174, 172, 176, 175, 173, 174, 175, 174, 173,
    172, 174, 175, 173, 174, 175, 177, 176, 174, 176, 173, 177, 177, 177,
    175, 178, 176, 177, 178, 175, 174, 177, 178, 175, 175, 177, 175, 174,
    174, 175, 177, 174, 174, 177, 178, 176, 177, 175, 176, 174, 177, 177,
    176, 174, 174, 175, 175, 178, 174, 175, 175, 175, 175, 176, 175, 178,
    176, 177, 177, 176, 177, 175, 176 ]
RHandPositionsY: [ 275, 275, 276, 275, 273, 273, 275, 276, 277, 274, 273,
    274, 274, 274, 274, 275, 275, 275, 276, 277, 275, 276, 276, 276, 277,
    276, 274, 277, 275, 276, 273, 275, 277, 273, 275, 274, 276, 274, 276,
    275, 274, 274, 275, 275, 276, 275, 277, 273, 274, 273, 274, 275, 275,
    277, 276, 277, 276, 276, 273, 276, 274, 273, 277, 275, 277, 273, 274,
    273, 274, 277, 277, 277, 273, 276, 276, 273, 276, 275, 275, 273, 275,
    273, 276, 276, 277, 275, 274, 273 ]
