%YAML:1.0
---
videoName: "LHShake00.mp4"
gestureLabel: 2
fps: 29
pixelSizeInCmTemp: 3.4214285714285714e-01
faceCenterPointX: 252
faceCenterPointY: 85
LHandPositionsX: [ 351, 351, 350, 348, 354, 355, 360, 354, 353, 343, 332,
    322, 321, 324, 322, 322, 325, 333, 334, 335, 339, 338, 333, 325, 327,
    324, 325, 329, 335, 340, 336, 339, 338, 333, 323, 321, 321, 329, 331,
    334, 340, 342, 341, 341, 332, 326, 326, 326, 324, 327, 333, 337, 340,
    343, 343, 336, 326, 324, 322, 325, 324, 333, 333, 339, 338, 338, 339,
    341, 337, 331, 331, 327, 325, 329, 328, 331, 332, 330, 333, 337, 337,
    341, 339, 342, 344, 340, 344, 340 ]
LHandPositionsY: [ 259, 252, 247, 228, 209, 187, 170, 149, 139, 134, 135,
    133, 134, 134, 136, 134, 131, 133, 126, 125, 125, 128, 129, 134, 135,
    133, 132, 133, 130, 125, 123, 119, 121, 127, 136, 134, 133, 136, 135,
    127, 128, 123, 122, 122, 126, 132, 132, 132, 133, 130, 129, 124, 124,
    121, 123, 129, 131, 129, 131, 129, 128, 124, 124, 122, 120, 120, 118,
    126, 138, 148, 160, 166, 165, 175, 183, 190, 200, 205, 215, 218, 226,
    230, 228, 231, 237, 236, 237, 236 ]
RHandPositionsX: [ 156, 156, 156, 155, 153, 154, 155, 152, 152, 156, 156,
    155, 152, 153, 154, 156, 154, 154, 152, 153, 154, 154, 154, 154, 155,
    156, 155, 155, 153, 156, 156, 153, 155, 155, 154, 155, 156, 155, 156,
    156, 153, 153, 154, 155, 154, 154, 156, 156, 153, 154, 156, 155, 152,
    153, 152, 153, 155, 153, 154, 154, 153, 154, 154, 153, 153, 153, 152,
    156, 156, 155, 153, 152, 154, 153, 154, 153, 154, 152, 154, 153, 155,
    152, 154, 154, 154, 154, 156, 154 ]
RHandPositionsY: [ 275, 275, 277, 275, 276, 274, 273, 274, 272, 271, 274,
    270, 271, 270, 271, 268, 270, 267, 267, 269, 268, 266, 269, 265, 269,
    266, 266, 268, 267, 265, 263, 263, 265, 265, 262, 262, 264, 263, 261,
    264, 265, 262, 260, 263, 263, 262, 261, 260, 264, 260, 261, 261, 263,
    260, 261, 262, 263, 264, 260, 262, 260, 261, 263, 262, 264, 264, 260,
    260, 264, 261, 263, 262, 262, 261, 262, 262, 263, 261, 263, 260, 264,
    263, 264, 264, 262, 263, 260, 260 ]
