%YAML:1.0
---
videoName: "LHShake23.mp4"
gestureLabel: 2
fps: 30
pixelSizeInCmTemp: 3.3263888888888887e-01
faceCenterPointX: 259
faceCenterPointY: 79
LHandPositionsX: [ 333, 334, 332, 330, 330, 333, 332, 333, 334, 335, 331,
    336, 338, 347, 349, 360, 369, 369, 373, 375, 378, 377, 375, 369, 356,
    351, 354, 353, 357, 364, 369, 379, 387, 386, 384, 377, 370, 363, 358,
    361, 361, 368, 375, 382, 381, 383, 380, 375, 361, 354, 355, 352, 354,
    361, 373, 379, 381, 380, 377, 375, 364, 357, 357, 358, 359, 364, 373,
    381, 377, 377, 377, 377, 367, 363, 354, 352, 345, 342, 343, 338, 340,
    337, 338, 337, 339, 334, 335, 335, 335, 337, 337 ]
LHandPositionsY: [ 266, 264, 264, 266, 266, 264, 262, 263, 261, 262, 257,
    251, 240, 231, 230, 215, 198, 195, 193, 189, 182, 171, 167, 168, 165,
    171, 170, 170, 168, 165, 162, 161, 158, 158, 160, 160, 165, 162, 165,
    164, 165, 166, 161, 160, 160, 158, 161, 161, 160, 165, 162, 166, 168,
    167, 167, 162, 162, 166, 165, 164, 164, 169, 169, 170, 169, 170, 167,
    168, 169, 168, 168, 171, 178, 182, 193, 203, 212, 228, 240, 248, 249,
    249, 252, 250, 253, 254, 252, 253, 255, 254, 254 ]
RHandPositionsX: [ 185, 186, 183, 183, 183, 185, 185, 186, 184, 184, 185,
    182, 184, 185, 185, 182, 183, 184, 183, 186, 185, 186, 185, 182, 184,
    182, 182, 186, 183, 185, 182, 186, 184, 182, 182, 186, 184, 183, 182,
    184, 184, 184, 186, 184, 184, 184, 185, 186, 183, 184, 184, 185, 186,
    183, 185, 184, 182, 184, 186, 185, 186, 186, 182, 184, 185, 183, 184,
    186, 185, 182, 183, 185, 186, 183, 186, 183, 186, 185, 183, 184, 184,
    185, 185, 185, 183, 184, 186, 182, 184, 182, 184 ]
RHandPositionsY: [ 270, 270, 274, 271, 274, 270, 271, 273, 270, 273, 274,
    273, 272, 272, 274, 274, 270, 270, 273, 274, 274, 271, 272, 274, 272,
    274, 272, 272, 272, 272, 274, 273, 274, 273, 273, 273, 271, 272, 271,
    274, 270, 271, 273, 270, 271, 270, 273, 274, 272, 270, 271, 270, 270,
    274, 270, 271, 270, 274, 270, 271, 273, 271, 272, 273, 272, 272, 273,
    271, 272, 273, 273, 272, 272, 270, 271, 273, 274, 273, 273, 272, 271,
    271, 271, 273, 272, 272, 274, 270, 270, 273, 270 ]
