%YAML:1.0
---
videoName: "LHShake10.mp4"
gestureLabel: 2
fps: 29
pixelSizeInCmTemp: 3.4214285714285714e-01
faceCenterPointX: 253
faceCenterPointY: 65
LHandPositionsX: [ 337, 337, 334, 337, 334, 336, 345, 350, 350, 357, 364,
    376, 385, 393, 395, 397, 396, 382, 373, 364, 357, 352, 351, 351, 360,
    371, 379, 391, 391, 393, 393, 385, 373, 365, 359, 358, 358, 362, 369,
    373, 372, 373, 371, 369, 367, 365, 352, 344, 345, 345, 346, 356, 363,
    373, 381, 381, 381, 373, 367, 357, 351, 349, 351, 351, 356, 365, 372,
    382, 376, 380, 377, 371, 367, 361, 353, 349, 342, 340, 339, 338, 337,
    335, 333, 334, 333, 333, 334, 337 ]
LHandPositionsY: [ 270, 272, 270, 272, 270, 268, 270, 264, 251, 240, 225,
    209, 192, 177, 167, 154, 140, 138, 136, 141, 145, 150, 147, 147, 149,
    146, 136, 140, 140, 141, 144, 145, 150, 151, 150, 152, 151, 147, 139,
    130, 134, 135, 132, 131, 130, 131, 136, 145, 143, 143, 143, 144, 139,
    139, 140, 142, 143, 143, 147, 146, 151, 153, 153, 151, 153, 151, 146,
    147, 147, 144, 151, 152, 158, 166, 173, 183, 196, 209, 221, 231, 246,
    255, 253, 257, 258, 257, 259, 259 ]
RHandPositionsX: [ 176, 174, 175, 172, 173, 172, 174, 172, 174, 172, 172,
    173, 175, 173, 174, 174, 174, 171, 171, 175, 173, 173, 172, 171, 174,
    172, 171, 172, 172, 175, 174, 172, 174, 175, 171, 174, 174, 172, 172,
    173, 172, 175, 172, 175, 171, 173, 175, 173, 174, 172, 172, 172, 171,
    173, 173, 171, 171, 174, 171, 175, 171, 173, 173, 173, 175, 173, 172,
    174, 174, 174, 171, 172, 173, 171, 175, 172, 172, 175, 174, 172, 171,
    173, 172, 171, 172, 172, 172, 175 ]
RHandPositionsY: [ 277, 275, 274, 277, 277, 278, 277, 274, 277, 278, 274,
    276, 278, 276, 274, 275, 275, 277, 278, 276, 275, 276, 276, 277, 278,
    277, 275, 277, 275, 276, 276, 277, 276, 278, 277, 277, 278, 276, 276,
    278, 275, 278, 277, 275, 275, 274, 278, 275, 275, 278, 278, 278, 274,
    275, 277, 278, 274, 276, 275, 275, 274, 276, 274, 277, 276, 278, 278,
    275, 276, 277, 278, 276, 275, 278, 274, 275, 274, 276, 277, 275, 274,
    277, 277, 277, 276, 276, 278, 274 ]
