%YAML:1.0
---
videoName: "LHShake06.mp4"
gestureLabel: 2
fps: 29
pixelSizeInCmTemp: 3.3732394366197183e-01
faceCenterPointX: 250
faceCenterPointY: 80
LHandPositionsX: [ 384, 383, 389, 388, 382, 382, 376, 372, 371, 369, 377,
    382, 388, 393, 397, 395, 396, 389, 378, 374, 377, 376, 387, 391, 392,
    395, 392, 388, 384, 381, 380, 379, 384, 389, 388, 389, 389, 385, 381,
    382, 381, 383, 387, 388, 389, 392, 386, 382, 379, 379, 379, 383, 388,
    390, 394, 400, 397, 396, 392, 388, 379, 370, 358, 361, 354, 345, 336,
    326, 319, 313, 309, 306, 305, 305, 302, 303, 299, 300, 303, 299, 298,
    298, 302, 301, 301, 300, 301, 301 ]
LHandPositionsY: [ 151, 147, 145, 139, 140, 135, 139, 135, 139, 138, 134,
    131, 130, 130, 127, 130, 128, 131, 133, 135, 135, 133, 131, 129, 127,
    126, 125, 126, 129, 128, 127, 131, 128, 126, 126, 124, 124, 125, 125,
    127, 125, 125, 127, 125, 123, 124, 126, 126, 126, 125, 127, 126, 126,
    125, 123, 123, 120, 122, 127, 128, 133, 140, 148, 153, 159, 176, 193,
    207, 216, 225, 228, 235, 235, 240, 242, 247, 249, 250, 253, 250, 254,
    253, 254, 256, 256, 254, 257, 258 ]
RHandPositionsX: [ 211, 210, 213, 212, 212, 212, 211, 212, 212, 210, 210,
    210, 210, 209, 213, 210, 209, 211, 212, 212, 212, 209, 209, 210, 209,
    211, 209, 210, 213, 212, 209, 208, 208, 210, 209, 209, 211, 210, 208,
    210, 210, 209, 208, 212, 208, 210, 207, 207, 208, 211, 209, 208, 208,
    209, 207, 207, 209, 209, 209, 207, 211, 210, 208, 207, 207, 207, 207,
    207, 210, 210, 210, 210, 211, 209, 208, 208, 212, 208, 209, 209, 209,
    211, 211, 212, 210, 213, 213, 213 ]
RHandPositionsY: [ 270, 270, 272, 268, 269, 270, 269, 270, 270, 268, 269,
    269, 266, 267, 269, 268, 267, 269, 267, 268, 268, 268, 265, 269, 267,
    267, 267, 265, 267, 268, 266, 268, 266, 268, 267, 265, 268, 269, 267,
    268, 267, 266, 267, 266, 267, 267, 267, 266, 268, 266, 265, 267, 269,
    266, 266, 270, 269, 266, 265, 269, 265, 269, 268, 269, 265, 267, 268,
    266, 268, 268, 268, 268, 266, 266, 267, 268, 267, 265, 269, 265, 266,
    267, 269, 269, 266, 268, 267, 265 ]
