%YAML:1.0
---
videoName: "LHShake24.mp4"
gestureLabel: 2
fps: 30
pixelSizeInCmTemp: 3.4214285714285714e-01
faceCenterPointX: 255
faceCenterPointY: 77
LHandPositionsX: [ 329, 329, 327, 326, 327, 327, 328, 328, 330, 330, 334,
    336, 341, 347, 352, 362, 368, 377, 381, 380, 381, 380, 371, 359, 347,
    342, 342, 339, 342, 348, 358, 368, 378, 376, 375, 376, 367, 357, 347,
    339, 339, 338, 343, 351, 365, 365, 365, 369, 364, 353, 344, 339, 339,
    341, 346, 355, 363, 371, 368, 374, 371, 362, 352, 346, 346, 346, 345,
    351, 362, 369, 367, 370, 366, 361, 351, 344, 337, 334, 329, 324, 323,
    323, 324, 327, 324, 325, 325, 328, 326, 324, 328 ]
LHandPositionsY: [ 264, 260, 263, 264, 260, 264, 263, 261, 264, 259, 260,
    255, 249, 238, 224, 208, 193, 181, 172, 172, 161, 155, 149, 155, 157,
    164, 163, 161, 162, 161, 158, 150, 147, 151, 151, 147, 148, 148, 151,
    156, 154, 153, 155, 155, 152, 152, 150, 152, 154, 155, 158, 162, 160,
    165, 163, 163, 161, 157, 157, 154, 156, 156, 159, 164, 165, 160, 161,
    161, 160, 160, 159, 156, 156, 159, 160, 162, 172, 179, 187, 198, 206,
    220, 232, 230, 237, 238, 244, 246, 246, 246, 249 ]
RHandPositionsX: [ 182, 183, 180, 179, 183, 183, 181, 183, 180, 182, 179,
    180, 182, 182, 180, 180, 183, 180, 183, 180, 183, 182, 182, 179, 181,
    181, 182, 179, 183, 179, 179, 179, 181, 183, 180, 179, 179, 179, 181,
    183, 183, 181, 183, 181, 180, 183, 181, 181, 181, 179, 179, 181, 181,
    179, 181, 181, 183, 182, 183, 182, 181, 182, 183, 180, 179, 182, 181,
    179, 179, 180, 182, 180, 182, 180, 183, 183, 180, 181, 182, 181, 179,
    182, 179, 181, 179, 181, 181, 182, 180, 179, 182 ]
RHandPositionsY: [ 271, 270, 267, 267, 269, 269, 270, 271, 268, 269, 269,
    268, 271, 269, 267, 268, 269, 270, 267, 268, 270, 270, 268, 271, 269,
    269, 267, 268, 268, 270, 271, 268, 270, 267, 270, 267, 267, 267, 269,
    271, 268, 269, 270, 269, 271, 268, 269, 271, 269, 267, 267, 268, 267,
    270, 269, 270, 270, 270, 271, 271, 268, 270, 268, 270, 270, 271, 270,
    269, 270, 267, 268, 268, 270, 269, 270, 269, 271, 270, 268, 267, 267,
    267, 269, 271, 268, 270, 268, 268, 270, 269, 271 ]
