%YAML:1.0
---
videoName: "LHShake06.mp4"
gestureLabel: 2
fps: 29
pixelSizeInCmTemp: 3.3732394366197183e-01
faceCenterPointX: 250
faceCenterPointY: 80
LHandPositionsX: [ 382, 385, 388, 384, 384, 380, 375, 371, 372, 370, 377,
    385, 388, 391, 397, 396, 396, 387, 379, 376, 374, 377, 385, 388, 392,
    393, 391, 390, 385, 379, 379, 379, 382, 386, 390, 388, 387, 383, 380,
    380, 379, 382, 385, 387, 391, 389, 390, 385, 383, 377, 380, 382, 386,
    392, 398, 401, 397, 398, 390, 386, 378, 371, 359, 357, 354, 349, 339,
    327, 319, 314, 305, 307, 306, 304, 301, 303, 301, 301, 300, 300, 300,
    302, 300, 301, 300, 299, 300, 298 ]
LHandPositionsY: [ 152, 146, 142, 138, 136, 136, 137, 135, 135, 138, 134,
    130, 127, 130, 127, 127, 128, 132, 132, 132, 136, 134, 129, 131, 130,
    127, 128, 127, 128, 129, 129, 130, 129, 127, 124, 125, 126, 125, 128,
    129, 129, 127, 124, 124, 122, 123, 127, 125, 129, 126, 125, 126, 123,
    121, 120, 122, 123, 126, 125, 129, 132, 137, 147, 153, 159, 174, 191,
    206, 213, 226, 228, 234, 238, 242, 246, 248, 250, 252, 253, 253, 253,
    251, 255, 256, 257, 254, 254, 257 ]
RHandPositionsX: [ 211, 210, 209, 211, 211, 210, 209, 211, 213, 209, 209,
    211, 211, 213, 212, 211, 210, 210, 210, 213, 211, 212, 213, 210, 213,
    213, 213, 213, 210, 210, 211, 212, 211, 209, 211, 208, 209, 211, 211,
    208, 209, 210, 210, 209, 210, 209, 210, 208, 211, 210, 211, 209, 209,
    209, 208, 207, 210, 208, 209, 208, 208, 208, 210, 210, 209, 207, 209,
    209, 210, 209, 212, 210, 210, 211, 211, 211, 212, 212, 210, 208, 209,
    208, 210, 210, 209, 211, 212, 209 ]
RHandPositionsY: [ 269, 271, 270, 269, 269, 271, 267, 267, 267, 267, 270,
    269, 270, 269, 267, 269, 269, 268, 270, 268, 268, 266, 267, 265, 267,
    266, 269, 268, 266, 266, 265, 269, 266, 267, 266, 267, 268, 265, 268,
    268, 265, 269, 268, 269, 265, 266, 267, 269, 266, 267, 265, 265, 268,
    268, 268, 267, 269, 269, 267, 268, 268, 266, 266, 266, 265, 265, 269,
    267, 266, 265, 269, 267, 269, 268, 269, 267, 269, 265, 265, 268, 269,
    268, 268, 268, 267, 266, 267, 269 ]
