%YAML:1.0
---
videoName: "LHShake17.mp4"
gestureLabel: 2
fps: 30
pixelSizeInCmTemp: 3.3732394366197183e-01
faceCenterPointX: 248
faceCenterPointY: 64
LHandPositionsX: [ 323, 323, 325, 324, 322, 326, 326, 328, 330, 335, 345,
    356, 365, 375, 387, 396, 405, 407, 402, 389, 373, 361, 350, 352, 351,
    359, 372, 381, 378, 383, 376, 362, 352, 345, 348, 349, 355, 364, 367,
    366, 367, 363, 353, 349, 351, 354, 363, 374, 375, 372, 372, 372, 360,
    353, 347, 346, 348, 354, 360, 367, 361, 366, 365, 357, 351, 344, 341,
    339, 334, 336, 331, 334, 329, 329, 331, 329, 329, 326, 325, 328, 325,
    325, 325, 323, 327, 327, 327, 323, 327, 327, 323 ]
LHandPositionsY: [ 249, 248, 247, 249, 248, 251, 246, 248, 248, 231, 215,
    204, 185, 173, 159, 144, 128, 122, 115, 111, 124, 129, 134, 137, 137,
    135, 125, 119, 117, 117, 118, 127, 134, 142, 138, 137, 126, 115, 116,
    117, 120, 114, 125, 134, 133, 137, 123, 121, 124, 123, 120, 123, 133,
    137, 142, 138, 141, 125, 122, 126, 125, 121, 121, 131, 137, 146, 152,
    163, 170, 182, 197, 206, 218, 220, 223, 227, 231, 236, 233, 235, 236,
    235, 239, 237, 238, 237, 239, 235, 239, 235, 237 ]
RHandPositionsX: [ 178, 179, 179, 177, 176, 176, 179, 177, 178, 179, 177,
    179, 180, 177, 176, 180, 180, 179, 177, 178, 178, 179, 178, 176, 177,
    180, 177, 176, 177, 178, 175, 179, 175, 176, 176, 176, 177, 179, 175,
    174, 175, 178, 178, 176, 177, 175, 176, 174, 178, 174, 177, 175, 176,
    177, 176, 178, 176, 176, 176, 178, 175, 178, 175, 178, 174, 174, 174,
    178, 178, 177, 175, 175, 176, 176, 176, 175, 178, 175, 177, 176, 177,
    174, 178, 177, 177, 178, 174, 174, 178, 176, 176 ]
RHandPositionsY: [ 260, 258, 256, 260, 256, 260, 257, 256, 258, 257, 258,
    257, 257, 257, 256, 256, 260, 258, 258, 258, 257, 257, 260, 259, 258,
    259, 259, 259, 260, 257, 257, 259, 256, 258, 258, 257, 259, 258, 256,
    259, 259, 259, 260, 258, 258, 256, 259, 259, 259, 256, 257, 257, 256,
    260, 256, 257, 259, 258, 260, 259, 260, 258, 260, 258, 259, 259, 260,
    257, 256, 256, 256, 257, 256, 259, 257, 259, 257, 258, 258, 260, 257,
    256, 258, 260, 260, 259, 256, 257, 259, 259, 256 ]
