%YAML:1.0
---
videoName: "LHShake18.mp4"
gestureLabel: 2
fps: 29
pixelSizeInCmTemp: 3.4214285714285714e-01
faceCenterPointX: 253
faceCenterPointY: 65
LHandPositionsX: [ 313, 313, 313, 315, 313, 314, 311, 314, 311, 313, 312,
    314, 315, 314, 311, 316, 315, 315, 324, 323, 329, 336, 343, 350, 352,
    346, 336, 326, 314, 298, 300, 302, 305, 314, 311, 311, 311, 308, 297,
    291, 295, 301, 307, 313, 312, 313, 304, 296, 288, 284, 287, 296, 304,
    314, 311, 312, 308, 291, 288, 285, 294, 302, 309, 310, 309, 305, 303,
    296, 297, 300, 303, 304, 309, 311, 314, 311, 306, 307, 304, 303, 305,
    307, 308, 310, 309, 309, 310, 307 ]
LHandPositionsY: [ 247, 250, 246, 247, 246, 247, 246, 246, 248, 248, 247,
    250, 249, 246, 246, 247, 247, 248, 242, 235, 218, 200, 189, 176, 167,
    160, 154, 145, 147, 137, 139, 141, 142, 140, 139, 141, 142, 145, 146,
    140, 136, 142, 146, 148, 143, 145, 148, 147, 145, 142, 142, 148, 149,
    146, 149, 149, 151, 143, 142, 143, 151, 150, 153, 153, 153, 157, 157,
    147, 146, 150, 153, 152, 154, 157, 163, 167, 175, 186, 197, 205, 213,
    219, 221, 230, 232, 231, 234, 232 ]
RHandPositionsX: [ 199, 195, 195, 198, 196, 199, 197, 198, 196, 195, 196,
    199, 197, 198, 197, 197, 199, 196, 195, 197, 197, 195, 197, 196, 196,
    195, 199, 195, 195, 196, 196, 198, 198, 195, 198, 199, 198, 198, 196,
    196, 198, 199, 196, 195, 195, 199, 198, 198, 198, 196, 195, 199, 199,
    200, 197, 199, 200, 200, 197, 200, 196, 199, 197, 197, 195, 196, 196,
    198, 197, 195, 196, 198, 195, 197, 194, 198, 195, 195, 195, 196, 194,
    198, 194, 198, 198, 198, 196, 197 ]
RHandPositionsY: [ 265, 266, 264, 266, 265, 263, 266, 265, 265, 266, 264,
    265, 266, 267, 263, 263, 264, 267, 264, 267, 266, 266, 265, 263, 266,
    266, 267, 263, 266, 262, 265, 265, 267, 263, 267, 263, 265, 264, 265,
    266, 264, 268, 264, 265, 266, 265, 264, 267, 268, 265, 264, 265, 268,
    267, 266, 267, 266, 265, 266, 269, 267, 266, 266, 269, 268, 265, 266,
    266, 265, 265, 268, 266, 264, 264, 267, 267, 267, 264, 264, 268, 267,
    268, 267, 268, 265, 265, 266, 265 ]
