%YAML:1.0
---
videoName: "LHShake16.mp4"
gestureLabel: 2
fps: 30
pixelSizeInCmTemp: 3.3732394366197183e-01
faceCenterPointX: 247
faceCenterPointY: 66
LHandPositionsX: [ 323, 326, 327, 325, 328, 337, 346, 352, 363, 375, 384,
    392, 401, 410, 405, 401, 400, 391, 377, 362, 353, 356, 365, 370, 382,
    399, 394, 392, 390, 383, 372, 370, 370, 370, 372, 380, 389, 386, 400,
    395, 387, 375, 365, 369, 365, 371, 375, 384, 397, 407, 399, 387, 372,
    364, 364, 364, 362, 370, 374, 391, 387, 386, 389, 383, 372, 366, 359,
    348, 343, 337, 332, 330, 332, 328, 331, 328, 329, 330, 328, 331, 330,
    328, 329, 328, 326, 328, 324, 326, 326, 327, 325 ]
LHandPositionsY: [ 256, 253, 255, 251, 250, 243, 234, 221, 210, 193, 182,
    170, 155, 150, 144, 134, 123, 118, 115, 110, 118, 121, 125, 117, 115,
    113, 116, 118, 118, 115, 122, 130, 130, 136, 128, 117, 117, 119, 121,
    116, 117, 127, 134, 131, 136, 135, 132, 127, 123, 121, 120, 130, 136,
    145, 146, 147, 146, 146, 134, 125, 128, 127, 123, 134, 143, 149, 158,
    172, 181, 195, 205, 216, 226, 227, 229, 235, 239, 235, 237, 238, 242,
    243, 243, 244, 244, 244, 244, 244, 243, 242, 244 ]
RHandPositionsX: [ 175, 175, 175, 177, 179, 177, 177, 179, 179, 176, 176,
    176, 178, 178, 177, 179, 179, 176, 178, 178, 179, 176, 179, 175, 179,
    175, 177, 179, 177, 175, 178, 178, 177, 176, 175, 176, 176, 179, 175,
    177, 176, 179, 175, 177, 178, 179, 178, 179, 176, 176, 177, 179, 176,
    176, 177, 178, 176, 176, 178, 178, 179, 178, 176, 178, 178, 176, 176,
    177, 177, 176, 176, 177, 176, 179, 175, 175, 176, 177, 176, 176, 177,
    178, 178, 178, 177, 176, 178, 177, 176, 177, 177 ]
RHandPositionsY: [ 261, 259, 259, 261, 261, 260, 261, 259, 260, 262, 261,
    260, 258, 259, 259, 262, 259, 262, 258, 261, 261, 260, 261, 262, 258,
    260, 262, 261, 258, 258, 259, 259, 261, 260, 261, 261, 258, 258, 259,
    260, 262, 259, 262, 262, 259, 260, 258, 261, 259, 260, 260, 262, 262,
    258, 258, 262, 259, 260, 259, 260, 259, 258, 258, 261, 260, 259, 258,
    260, 261, 260, 258, 258, 262, 259, 260, 258, 262, 259, 258, 259, 262,
    259, 260, 259, 258, 260, 259, 258, 259, 258, 262 ]
