%YAML:1.0
---
videoName: "LHShake07.mp4"
gestureLabel: 2
fps: 29
pixelSizeInCmTemp: 3.3732394366197183e-01
faceCenterPointX: 265
faceCenterPointY: 78
LHandPositionsX: [ 347, 350, 354, 359, 365, 371, 377, 386, 388, 392, 392,
    394, 385, 378, 353, 346, 342, 345, 342, 343, 350, 363, 369, 366, 367,
    365, 360, 345, 343, 345, 341, 345, 354, 355, 366, 369, 365, 364, 363,
    353, 347, 349, 345, 350, 356, 363, 364, 363, 366, 361, 341, 330, 332,
    336, 342, 356, 365, 376, 369, 380, 374, 366, 357, 349, 342, 339, 334,
    334, 335, 339, 340, 341, 342, 340, 343, 341, 342, 345, 340, 343, 342,
    343, 340, 342, 340, 343, 341, 341 ]
LHandPositionsY: [ 279, 277, 274, 268, 259, 250, 235, 219, 204, 190, 179,
    161, 152, 137, 141, 140, 145, 146, 147, 148, 143, 139, 134, 136, 137,
    136, 135, 139, 146, 141, 140, 134, 129, 133, 128, 123, 126, 132, 134,
    135, 142, 145, 147, 140, 139, 140, 139, 137, 132, 131, 134, 152, 142,
    139, 130, 131, 129, 134, 131, 128, 134, 139, 147, 158, 170, 180, 193,
    204, 218, 229, 241, 252, 250, 253, 256, 262, 261, 266, 265, 265, 265,
    265, 269, 265, 266, 267, 268, 269 ]
RHandPositionsX: [ 185, 181, 183, 181, 183, 183, 184, 181, 185, 181, 184,
    182, 182, 183, 185, 183, 185, 184, 182, 184, 184, 185, 181, 184, 185,
    181, 185, 182, 185, 183, 181, 185, 182, 185, 181, 183, 182, 182, 183,
    181, 183, 185, 181, 183, 182, 185, 184, 185, 184, 181, 184, 184, 185,
    183, 183, 181, 183, 181, 183, 181, 181, 181, 184, 184, 185, 181, 181,
    182, 181, 185, 183, 181, 185, 185, 182, 182, 183, 181, 184, 184, 185,
    182, 182, 184, 184, 182, 183, 184 ]
RHandPositionsY: [ 276, 280, 277, 280, 279, 280, 277, 278, 280, 278, 278,
    277, 277, 278, 277, 280, 280, 277, 277, 280, 278, 280, 278, 277, 279,
    277, 276, 278, 280, 277, 277, 276, 279, 280, 277, 280, 276, 278, 278,
    279, 278, 277, 278, 277, 279, 276, 279, 279, 280, 279, 280, 277, 278,
    278, 279, 278, 280, 279, 280, 279, 280, 278, 278, 277, 277, 278, 278,
    277, 280, 279, 278, 279, 279, 277, 277, 277, 277, 277, 276, 280, 279,
    279, 277, 276, 277, 280, 278, 280 ]
