%YAML:1.0
---
videoName: "LHShake00.mp4"
gestureLabel: 2
fps: 29
pixelSizeInCmTemp: 3.4214285714285714e-01
faceCenterPointX: 252
faceCenterPointY: 85
LHandPositionsX: [ 353, 350, 348, 350, 355, 359, 361, 358, 351, 345, 335,
    322, 321, 323, 324, 323, 326, 331, 335, 336, 341, 339, 331, 327, 323,
    325, 328, 331, 331, 340, 339, 341, 338, 334, 326, 321, 322, 325, 328,
    338, 339, 344, 342, 339, 332, 324, 326, 322, 325, 329, 334, 336, 337,
    344, 342, 335, 327, 326, 323, 322, 326, 331, 335, 338, 335, 339, 340,
    339, 338, 331, 331, 331, 328, 326, 331, 327, 331, 333, 334, 337, 336,
    338, 339, 343, 343, 340, 342, 342 ]
LHandPositionsY: [ 258, 251, 248, 229, 212, 186, 169, 153, 136, 133, 134,
    133, 135, 136, 136, 136, 130, 133, 128, 126, 126, 128, 131, 132, 134,
    135, 134, 133, 130, 123, 124, 123, 122, 127, 133, 135, 135, 132, 133,
    128, 127, 123, 122, 120, 129, 130, 130, 134, 131, 132, 131, 125, 122,
    121, 126, 125, 129, 131, 131, 131, 129, 126, 122, 122, 120, 117, 115,
    127, 136, 151, 160, 167, 165, 172, 187, 193, 201, 205, 212, 219, 225,
    230, 228, 234, 237, 235, 237, 233 ]
RHandPositionsX: [ 153, 156, 156, 153, 154, 153, 155, 152, 156, 153, 155,
    152, 153, 153, 152, 155, 156, 155, 152, 153, 153, 156, 154, 155, 155,
    152, 152, 154, 156, 153, 156, 152, 154, 154, 153, 153, 156, 153, 152,
    153, 153, 156, 156, 156, 156, 156, 155, 155, 156, 154, 155, 153, 155,
    156, 156, 152, 156, 155, 152, 154, 156, 156, 156, 153, 155, 156, 154,
    152, 155, 153, 154, 156, 155, 152, 156, 153, 153, 155, 152, 154, 152,
    155, 154, 155, 152, 154, 153, 154 ]
RHandPositionsY: [ 275, 277, 276, 275, 277, 277, 275, 273, 275, 272, 275,
    271, 274, 273, 272, 270, 271, 268, 269, 268, 269, 267, 269, 268, 265,
    265, 267, 266, 265, 264, 265, 263, 267, 262, 265, 265, 266, 263, 264,
    263, 261, 265, 263, 260, 262, 262, 263, 262, 263, 261, 260, 260, 261,
    264, 263, 262, 262, 261, 263, 263, 264, 263, 261, 264, 262, 262, 262,
    260, 263, 264, 262, 262, 261, 263, 262, 262, 263, 261, 264, 260, 263,
    261, 261, 262, 260, 262, 264, 261 ]
