%YAML:1.0
---
videoName: "LHShake21.mp4"
gestureLabel: 2
fps: 29
pixelSizeInCmTemp: 3.4214285714285714e-01
faceCenterPointX: 266
faceCenterPointY: 79
LHandPositionsX: [ 347, 352, 364, 375, 384, 393, 400, 406, 422, 413, 416,
    400, 387, 377, 376, 375, 374, 376, 386, 402, 400, 398, 398, 391, 383,
    375, 372, 373, 371, 370, 376, 391, 389, 384, 386, 380, 373, 373, 365,
    367, 368, 372, 377, 390, 389, 386, 396, 392, 383, 374, 367, 366, 363,
    367, 373, 381, 386, 382, 382, 388, 387, 383, 375, 367, 357, 349, 344,
    337, 334, 336, 333, 337, 334, 332, 333, 332, 333, 331, 334, 332, 332,
    333, 331, 332, 332, 332, 333, 329 ]
LHandPositionsY: [ 270, 262, 246, 227, 207, 193, 182, 169, 153, 152, 140,
    133, 133, 132, 131, 133, 128, 127, 129, 129, 131, 129, 131, 131, 135,
    131, 144, 140, 142, 135, 135, 133, 134, 134, 134, 136, 136, 143, 147,
    147, 146, 142, 138, 139, 140, 138, 134, 140, 143, 151, 150, 154, 155,
    156, 150, 143, 143, 139, 140, 147, 152, 159, 169, 179, 190, 202, 214,
    227, 235, 239, 243, 248, 250, 251, 250, 251, 250, 253, 251, 254, 250,
    254, 250, 252, 251, 251, 250, 253 ]
RHandPositionsX: [ 185, 186, 185, 185, 186, 188, 184, 184, 184, 187, 185,
    187, 186, 187, 187, 184, 184, 185, 186, 184, 186, 187, 185, 188, 186,
    186, 186, 188, 187, 185, 184, 188, 186, 184, 185, 188, 184, 185, 184,
    185, 188, 184, 184, 186, 187, 186, 186, 186, 186, 184, 186, 188, 187,
    184, 186, 187, 185, 187, 185, 188, 188, 184, 184, 188, 187, 187, 188,
    186, 184, 185, 185, 185, 187, 186, 186, 185, 186, 186, 187, 186, 184,
    186, 186, 187, 188, 186, 186, 185 ]
RHandPositionsY: [ 265, 269, 267, 269, 265, 265, 269, 265, 267, 268, 269,
    268, 269, 265, 268, 268, 267, 265, 265, 266, 265, 265, 267, 266, 267,
    269, 265, 269, 269, 266, 265, 266, 268, 268, 269, 267, 268, 265, 267,
    269, 265, 266, 269, 267, 267, 267, 267, 265, 265, 269, 265, 267, 267,
    266, 268, 268, 266, 267, 268, 267, 265, 265, 268, 267, 267, 269, 269,
    268, 266, 269, 266, 267, 266, 269, 267, 269, 269, 266, 268, 265, 269,
    267, 267, 265, 267, 265, 266, 269 ]
