%YAML:1.0
---
videoName: "LHShake08.mp4"
gestureLabel: 2
fps: 29
pixelSizeInCmTemp: 3.4710144927536229e-01
faceCenterPointX: 261
faceCenterPointY: 69
LHandPositionsX: [ 342, 343, 343, 347, 350, 348, 356, 365, 368, 374, 375,
    373, 377, 365, 359, 349, 342, 343, 342, 342, 351, 360, 369, 364, 361,
    361, 360, 352, 342, 337, 338, 337, 342, 352, 358, 364, 369, 369, 367,
    360, 351, 346, 337, 339, 335, 336, 342, 350, 358, 356, 356, 359, 356,
    351, 345, 342, 343, 344, 342, 347, 355, 365, 371, 370, 368, 369, 362,
    359, 352, 343, 340, 333, 331, 333, 331, 335, 336, 334, 336, 336, 338,
    336, 335, 339, 335, 338, 335, 338 ]
LHandPositionsY: [ 265, 265, 264, 255, 252, 239, 217, 202, 185, 172, 165,
    154, 143, 144, 143, 145, 148, 149, 153, 151, 150, 144, 138, 137, 140,
    140, 142, 143, 149, 156, 153, 153, 152, 151, 147, 150, 149, 148, 149,
    152, 154, 153, 158, 160, 161, 160, 159, 160, 158, 157, 156, 154, 152,
    153, 160, 161, 160, 161, 163, 157, 155, 151, 148, 147, 147, 146, 147,
    152, 158, 167, 176, 184, 197, 208, 220, 234, 244, 247, 250, 252, 253,
    255, 253, 255, 258, 258, 258, 255 ]
RHandPositionsX: [ 175, 172, 173, 176, 174, 174, 175, 174, 174, 175, 176,
    175, 173, 175, 176, 174, 174, 174, 174, 175, 173, 175, 173, 176, 175,
    174, 172, 175, 175, 176, 175, 177, 176, 173, 177, 177, 175, 175, 174,
    176, 175, 175, 175, 175, 177, 175, 174, 174, 178, 176, 178, 176, 174,
    176, 177, 177, 177, 177, 174, 177, 176, 174, 174, 177, 174, 175, 175,
    177, 178, 178, 177, 177, 178, 178, 174, 176, 178, 174, 175, 174, 174,
    178, 175, 176, 176, 178, 175, 175 ]
RHandPositionsY: [ 277, 274, 273, 275, 274, 276, 277, 273, 277, 277, 273,
    276, 274, 273, 273, 276, 274, 274, 273, 276, 275, 274, 275, 276, 275,
    277, 275, 274, 273, 276, 277, 274, 274, 277, 276, 275, 275, 274, 275,
    277, 277, 275, 274, 273, 274, 273, 274, 274, 273, 274, 277, 277, 275,
    275, 274, 277, 276, 274, 273, 277, 276, 274, 275, 277, 274, 277, 275,
    277, 275, 276, 277, 276, 277, 275, 275, 274, 273, 273, 274, 276, 273,
    277, 277, 277, 274, 276, 275, 276 ]
