%YAML:1.0
---
videoName: "LHShake18.mp4"
gestureLabel: 2
fps: 29
pixelSizeInCmTemp: 3.4214285714285714e-01
faceCenterPointX: 253
faceCenterPointY: 65
LHandPositionsX: [ 314, 313, 311, 314, 312, 313, 314, 313, 311, 311, 312,
    315, 312, 312, 315, 315, 313, 316, 324, 324, 331, 337, 346, 349, 352,
    350, 336, 324, 315, 300, 301, 302, 306, 314, 313, 315, 310, 306, 300,
    294, 292, 298, 309, 316, 311, 313, 308, 295, 287, 285, 286, 298, 305,
    313, 311, 310, 306, 294, 284, 285, 295, 303, 309, 306, 309, 307, 302,
    292, 295, 300, 304, 306, 310, 310, 316, 310, 305, 304, 306, 305, 308,
    307, 307, 309, 308, 311, 308, 309 ]
LHandPositionsY: [ 247, 247, 248, 250, 248, 247, 248, 250, 249, 248, 246,
    248, 249, 249, 250, 250, 247, 249, 244, 233, 219, 202, 190, 179, 166,
    159, 153, 144, 145, 137, 138, 141, 142, 141, 142, 142, 141, 148, 143,
    139, 133, 143, 148, 148, 143, 147, 150, 145, 144, 139, 144, 146, 150,
    147, 148, 148, 151, 145, 146, 144, 150, 150, 154, 154, 151, 154, 158,
    147, 146, 152, 152, 154, 155, 156, 164, 165, 176, 188, 198, 209, 217,
    215, 222, 232, 235, 233, 231, 231 ]
RHandPositionsX: [ 198, 195, 196, 197, 194, 198, 197, 195, 196, 199, 198,
    197, 195, 197, 197, 199, 195, 199, 196, 196, 198, 197, 199, 195, 196,
    196, 198, 196, 195, 195, 196, 198, 197, 197, 198, 197, 197, 200, 200,
    195, 195, 198, 195, 195, 198, 197, 195, 197, 198, 196, 198, 197, 196,
    199, 197, 196, 198, 197, 199, 199, 196, 198, 197, 196, 195, 194, 198,
    198, 198, 196, 194, 197, 198, 196, 197, 195, 194, 194, 194, 194, 198,
    198, 198, 196, 195, 197, 195, 195 ]
RHandPositionsY: [ 266, 266, 262, 263, 266, 263, 268, 266, 266, 266, 267,
    265, 264, 264, 266, 266, 267, 266, 263, 264, 263, 266, 263, 267, 266,
    267, 267, 266, 263, 263, 266, 266, 264, 267, 263, 265, 267, 266, 267,
    264, 266, 265, 265, 267, 268, 266, 267, 268, 268, 267, 264, 268, 267,
    264, 267, 265, 267, 269, 269, 269, 267, 267, 267, 266, 266, 266, 265,
    268, 264, 268, 266, 265, 264, 266, 268, 267, 264, 268, 265, 266, 266,
    267, 267, 264, 265, 266, 268, 264 ]
