%YAML:1.0
---
videoName: "LHShake24.mp4"
gestureLabel: 2
fps: 30
pixelSizeInCmTemp: 3.4214285714285714e-01
faceCenterPointX: 255
faceCenterPointY: 77
LHandPositionsX: [ 328, 328, 330, 328, 328, 327, 329, 327, 331, 333, 332,
    335, 340, 345, 353, 360, 371, 374, 383, 382, 383, 380, 371, 358, 350,
    340, 343, 342, 342, 348, 359, 370, 378, 379, 377, 373, 368, 359, 343,
    336, 339, 339, 343, 351, 366, 364, 367, 368, 362, 355, 343, 341, 342,
    341, 343, 354, 363, 373, 368, 374, 370, 362, 351, 347, 347, 344, 344,
    353, 362, 366, 367, 366, 364, 360, 350, 343, 335, 335, 328, 328, 324,
    325, 325, 326, 325, 325, 326, 326, 324, 328, 326 ]
LHandPositionsY: [ 261, 264, 261, 264, 264, 264, 260, 264, 260, 262, 257,
    256, 248, 234, 223, 206, 196, 184, 170, 170, 159, 154, 149, 155, 158,
    160, 165, 165, 163, 162, 157, 154, 148, 149, 151, 144, 146, 151, 154,
    154, 152, 155, 155, 153, 152, 152, 149, 148, 153, 156, 159, 161, 163,
    165, 163, 160, 159, 156, 158, 157, 157, 157, 162, 162, 162, 164, 162,
    162, 162, 156, 159, 156, 155, 159, 161, 165, 169, 179, 189, 199, 208,
    218, 232, 230, 236, 238, 241, 246, 245, 248, 248 ]
RHandPositionsX: [ 181, 182, 183, 181, 179, 183, 181, 181, 183, 183, 180,
    183, 180, 180, 183, 181, 182, 179, 183, 183, 182, 182, 183, 183, 179,
    179, 180, 182, 182, 181, 181, 181, 183, 182, 183, 183, 183, 180, 180,
    179, 182, 179, 179, 180, 183, 183, 179, 183, 183, 180, 183, 179, 181,
    182, 180, 181, 179, 183, 182, 179, 181, 183, 180, 180, 182, 180, 179,
    179, 180, 183, 180, 180, 182, 182, 181, 183, 179, 179, 182, 180, 183,
    183, 180, 182, 181, 182, 179, 181, 182, 181, 181 ]
RHandPositionsY: [ 267, 267, 270, 271, 269, 269, 270, 268, 268, 268, 271,
    267, 269, 270, 270, 269, 267, 267, 270, 268, 267, 269, 268, 267, 269,
    271, 270, 268, 267, 269, 267, 268, 271, 269, 268, 267, 268, 268, 271,
    268, 268, 269, 271, 271, 271, 268, 270, 271, 269, 268, 271, 269, 271,
    267, 267, 268, 271, 271, 271, 267, 270, 268, 267, 267, 269, 268, 270,
    268, 270, 268, 268, 271, 267, 271, 271, 269, 267, 270, 270, 268, 271,
    267, 268, 269, 271, 267, 271, 270, 268, 268, 271 ]
