%YAML:1.0
---
videoName: "LHShake20.mp4"
gestureLabel: 2
fps: 30
pixelSizeInCmTemp: 3.3732394366197183e-01
faceCenterPointX: 249
faceCenterPointY: 62
LHandPositionsX: [ 312, 312, 316, 314, 315, 317, 314, 314, 316, 318, 320,
    326, 336, 338, 344, 336, 331, 321, 312, 313, 312, 310, 318, 326, 337,
    339, 339, 340, 332, 321, 318, 319, 316, 323, 332, 339, 342, 338, 329,
    325, 323, 323, 322, 326, 333, 331, 331, 331, 326, 321, 319, 319, 321,
    324, 322, 326, 331, 324, 322, 321, 317, 319, 318, 319, 322, 322, 321,
    318, 316, 314, 314, 315, 313, 312, 313, 314, 314, 312, 315, 312, 312,
    314, 314, 315, 314, 312, 312, 314, 312, 313, 312 ]
LHandPositionsY: [ 248, 250, 247, 248, 249, 248, 244, 244, 236, 228, 215,
    201, 188, 179, 172, 165, 159, 160, 159, 161, 157, 158, 150, 146, 145,
    146, 144, 143, 143, 146, 148, 147, 148, 146, 142, 144, 141, 142, 143,
    147, 149, 148, 147, 141, 143, 140, 141, 139, 143, 147, 148, 150, 148,
    144, 139, 138, 137, 137, 139, 145, 142, 146, 145, 146, 148, 152, 158,
    170, 177, 190, 202, 215, 213, 219, 225, 225, 228, 232, 228, 229, 234,
    234, 235, 236, 234, 239, 238, 236, 237, 239, 240 ]
RHandPositionsX: [ 181, 182, 182, 182, 180, 181, 180, 180, 180, 181, 183,
    180, 179, 179, 180, 181, 182, 179, 182, 182, 182, 181, 180, 183, 180,
    183, 182, 183, 183, 183, 182, 183, 181, 179, 182, 180, 183, 179, 180,
    181, 179, 181, 181, 182, 181, 182, 179, 183, 181, 180, 182, 183, 182,
    183, 180, 180, 183, 182, 179, 179, 179, 182, 181, 181, 182, 183, 179,
    179, 179, 179, 179, 181, 181, 183, 180, 180, 179, 180, 182, 178, 179,
    179, 179, 182, 182, 181, 180, 182, 182, 179, 182 ]
RHandPositionsY: [ 257, 257, 256, 254, 255, 254, 256, 254, 253, 253, 256,
    256, 256, 256, 254, 255, 254, 255, 253, 255, 256, 253, 252, 255, 252,
    255, 254, 253, 254, 254, 254, 252, 253, 253, 252, 251, 252, 252, 254,
    252, 253, 251, 252, 255, 255, 252, 254, 251, 254, 254, 254, 251, 254,
    251, 252, 253, 254, 253, 253, 254, 255, 252, 253, 254, 254, 251, 251,
    253, 255, 252, 251, 255, 255, 253, 255, 254, 253, 255, 251, 255, 252,
    255, 255, 252, 252, 252, 255, 252, 254, 251, 253 ]
