%YAML:1.0
---
videoName: "LHShake09.mp4"
gestureLabel: 2
fps: 29
pixelSizeInCmTemp: 3.3263888888888887e-01
faceCenterPointX: 259
faceCenterPointY: 67
LHandPositionsX: [ 337, 337, 336, 337, 341, 347, 350, 353, 349, 357, 359,
    366, 371, 369, 370, 365, 360, 352, 343, 332, 330, 333, 328, 332, 339,
    346, 349, 350, 348, 350, 351, 349, 341, 337, 335, 337, 338, 345, 354,
    360, 367, 365, 368, 362, 353, 344, 337, 335, 336, 335, 341, 345, 352,
    355, 354, 354, 356, 350, 343, 333, 337, 334, 334, 338, 340, 349, 354,
    356, 355, 351, 351, 344, 336, 331, 325, 320, 320, 318, 321, 328, 325,
    329, 329, 333, 334, 332, 335, 333 ]
LHandPositionsY: [ 273, 275, 271, 275, 275, 271, 263, 255, 249, 239, 233,
    215, 202, 199, 185, 172, 169, 160, 160, 158, 158, 160, 158, 153, 152,
    149, 146, 148, 147, 145, 149, 151, 153, 152, 156, 155, 154, 154, 153,
    152, 153, 155, 155, 153, 156, 156, 155, 158, 158, 156, 152, 154, 151,
    154, 151, 153, 151, 153, 150, 153, 151, 151, 153, 151, 154, 154, 149,
    149, 152, 149, 152, 156, 164, 171, 182, 194, 208, 222, 230, 242, 245,
    246, 249, 256, 258, 257, 258, 259 ]
RHandPositionsX: [ 176, 180, 179, 180, 176, 177, 178, 177, 176, 179, 176,
    178, 178, 176, 177, 178, 179, 179, 177, 178, 180, 178, 180, 178, 179,
    176, 176, 176, 179, 176, 176, 177, 176, 176, 176, 177, 177, 179, 180,
    176, 180, 178, 180, 180, 177, 178, 179, 179, 178, 177, 178, 180, 179,
    180, 180, 178, 179, 179, 180, 176, 179, 176, 177, 178, 176, 180, 177,
    179, 180, 179, 176, 178, 178, 178, 178, 179, 179, 179, 176, 180, 180,
    178, 177, 178, 178, 180, 176, 178 ]
RHandPositionsY: [ 275, 278, 276, 277, 276, 275, 279, 276, 279, 279, 276,
    276, 278, 279, 278, 275, 276, 279, 277, 277, 277, 277, 276, 276, 277,
    276, 278, 277, 278, 275, 279, 276, 279, 277, 279, 279, 277, 279, 278,
    276, 277, 279, 279, 279, 277, 279, 277, 278, 276, 275, 276, 277, 277,
    277, 276, 279, 276, 279, 277, 276, 275, 277, 278, 278, 276, 276, 277,
    277, 278, 275, 279, 278, 278, 276, 276, 277, 275, 275, 276, 277, 275,
    276, 277, 276, 275, 275, 275, 276 ]
