%YAML:1.0
---
videoName: "LHShake16.mp4"
gestureLabel: 2
fps: 30
pixelSizeInCmTemp: 3.3732394366197183e-01
faceCenterPointX: 247
faceCenterPointY: 66
LHandPositionsX: [ 324, 324, 323, 328, 327, 335, 346, 351, 362, 373, 382,
    393, 402, 411, 405, 402, 400, 393, 376, 365, 355, 358, 362, 370, 381,
    400, 397, 393, 391, 387, 373, 371, 372, 371, 372, 381, 389, 390, 401,
    397, 385, 374, 368, 368, 366, 369, 372, 385, 397, 409, 398, 386, 372,
    363, 363, 360, 365, 367, 375, 393, 387, 384, 390, 383, 376, 366, 357,
    347, 342, 333, 336, 330, 331, 332, 330, 329, 328, 328, 331, 328, 330,
    330, 327, 328, 328, 325, 328, 327, 327, 328, 326 ]
LHandPositionsY: [ 256, 256, 255, 252, 250, 247, 234, 220, 207, 197, 179,
    166, 152, 149, 142, 138, 121, 118, 116, 110, 119, 118, 127, 117, 112,
    114, 117, 119, 115, 115, 119, 130, 129, 134, 129, 121, 117, 123, 121,
    119, 116, 129, 133, 134, 136, 135, 130, 125, 125, 124, 122, 129, 138,
    146, 142, 144, 144, 145, 132, 126, 131, 127, 123, 133, 143, 151, 159,
    172, 182, 196, 206, 214, 223, 229, 233, 233, 239, 235, 237, 237, 241,
    242, 242, 244, 245, 243, 241, 243, 244, 245, 241 ]
RHandPositionsX: [ 179, 177, 176, 175, 179, 177, 177, 176, 178, 178, 175,
    177, 178, 178, 175, 178, 178, 176, 179, 176, 177, 175, 176, 179, 177,
    177, 177, 175, 179, 179, 175, 177, 177, 179, 177, 178, 179, 179, 178,
    176, 177, 178, 178, 176, 179, 177, 176, 176, 176, 179, 175, 179, 177,
    176, 175, 179, 175, 177, 179, 176, 175, 175, 179, 176, 176, 178, 176,
    178, 175, 176, 178, 177, 178, 176, 179, 175, 176, 178, 178, 175, 178,
    175, 179, 177, 177, 176, 175, 176, 179, 179, 175 ]
RHandPositionsY: [ 258, 259, 259, 260, 258, 261, 260, 259, 258, 262, 258,
    258, 260, 258, 261, 261, 262, 260, 259, 262, 262, 261, 259, 259, 258,
    259, 262, 262, 258, 262, 258, 259, 258, 258, 260, 262, 262, 261, 262,
    259, 259, 261, 260, 262, 262, 260, 261, 258, 261, 261, 260, 261, 262,
    262, 260, 260, 258, 261, 260, 262, 259, 261, 262, 260, 258, 261, 262,
    262, 260, 261, 259, 260, 261, 261, 258, 262, 261, 261, 260, 262, 262,
    262, 259, 262, 261, 258, 259, 258, 260, 259, 259 ]
