%YAML:1.0
---
videoName: "LHShake17.mp4"
gestureLabel: 2
fps: 30
pixelSizeInCmTemp: 3.3732394366197183e-01
faceCenterPointX: 248
faceCenterPointY: 64
LHandPositionsX: [ 324, 323, 324, 322, 321, 325, 326, 328, 326, 333, 343,
    356, 364, 375, 390, 399, 408, 411, 400, 390, 374, 360, 354, 354, 353,
    357, 370, 378, 376, 382, 376, 365, 352, 346, 345, 347, 355, 366, 366,
    364, 365, 364, 355, 351, 353, 356, 364, 374, 375, 373, 372, 370, 361,
    350, 347, 347, 350, 356, 360, 367, 364, 367, 363, 358, 349, 345, 338,
    338, 335, 336, 334, 330, 332, 333, 329, 327, 327, 325, 328, 328, 325,
    326, 327, 327, 327, 325, 327, 324, 327, 327, 325 ]
LHandPositionsY: [ 247, 247, 248, 251, 247, 251, 250, 247, 244, 234, 216,
    203, 187, 171, 157, 144, 128, 119, 116, 113, 122, 132, 138, 134, 137,
    135, 121, 116, 121, 116, 116, 129, 137, 142, 137, 140, 125, 115, 118,
    117, 116, 117, 125, 136, 134, 137, 126, 120, 122, 125, 120, 123, 131,
    136, 144, 138, 140, 125, 121, 124, 127, 123, 123, 130, 135, 142, 151,
    164, 169, 182, 193, 207, 220, 219, 223, 228, 230, 237, 236, 237, 237,
    238, 238, 237, 238, 239, 238, 235, 236, 238, 235 ]
RHandPositionsX: [ 178, 177, 179, 180, 180, 179, 176, 177, 176, 177, 177,
    177, 176, 177, 176, 178, 179, 179, 178, 176, 176, 180, 179, 177, 180,
    176, 177, 175, 177, 175, 176, 179, 179, 179, 179, 176, 175, 177, 175,
    178, 177, 177, 175, 176, 175, 175, 177, 178, 176, 175, 176, 177, 176,
    178, 176, 174, 177, 176, 178, 175, 176, 175, 176, 176, 176, 176, 174,
    178, 174, 178, 175, 175, 177, 175, 178, 176, 178, 178, 175, 175, 174,
    178, 178, 175, 174, 174, 178, 178, 175, 176, 174 ]
RHandPositionsY: [ 256, 258, 257, 258, 259, 256, 256, 258, 256, 256, 259,
    258, 259, 256, 256, 257, 257, 260, 259, 257, 258, 259, 256, 256, 256,
    258, 260, 259, 260, 257, 259, 260, 258, 259, 260, 259, 256, 260, 259,
    258, 258, 258, 258, 257, 257, 259, 259, 256, 259, 259, 258, 259, 258,
    258, 256, 256, 260, 256, 260, 256, 257, 259, 260, 257, 256, 256, 260,
    256, 257, 256, 260, 259, 259, 259, 258, 258, 260, 256, 257, 258, 257,
    258, 259, 257, 256, 256, 256, 257, 258, 256, 258 ]
