%YAML:1.0
---
videoName: "LHShake15.mp4"
gestureLabel: 2
fps: 29
pixelSizeInCmTemp: 3.3263888888888887e-01
faceCenterPointX: 252
faceCenterPointY: 65
LHandPositionsX: [ 331, 331, 328, 331, 330, 329, 330, 329, 331, 327, 335,
    342, 346, 351, 358, 361, 367, 373, 379, 384, 380, 378, 365, 361, 345,
    344, 343, 342, 346, 352, 363, 360, 357, 359, 358, 347, 331, 328, 333,
    337, 343, 353, 353, 354, 351, 354, 349, 332, 330, 330, 329, 340, 351,
    354, 351, 354, 358, 356, 344, 335, 331, 329, 332, 341, 344, 352, 349,
    347, 346, 348, 341, 333, 328, 327, 322, 322, 319, 324, 326, 324, 323,
    328, 326, 327, 327, 326, 324, 328 ]
LHandPositionsY: [ 254, 257, 257, 258, 254, 256, 254, 254, 251, 252, 243,
    228, 216, 200, 185, 169, 153, 138, 122, 121, 115, 108, 102, 101, 104,
    105, 102, 100, 98, 97, 92, 93, 93, 96, 96, 95, 98, 97, 97, 94, 94,
    93, 98, 96, 99, 97, 102, 101, 100, 102, 99, 95, 91, 97, 95, 96, 96,
    98, 100, 98, 99, 99, 98, 98, 98, 102, 102, 99, 103, 99, 107, 123,
    136, 151, 168, 181, 191, 206, 220, 233, 231, 237, 241, 241, 240, 238,
    239, 244 ]
RHandPositionsX: [ 175, 177, 175, 176, 179, 178, 177, 178, 179, 179, 178,
    178, 175, 176, 176, 175, 176, 178, 176, 175, 178, 176, 179, 178, 178,
    177, 175, 175, 178, 178, 176, 179, 178, 175, 178, 179, 177, 175, 178,
    178, 179, 177, 177, 177, 177, 175, 177, 175, 176, 176, 177, 176, 175,
    178, 179, 176, 178, 175, 179, 179, 175, 176, 177, 177, 179, 178, 179,
    178, 177, 177, 177, 179, 179, 177, 178, 177, 177, 175, 175, 178, 178,
    175, 176, 179, 178, 177, 179, 177 ]
RHandPositionsY: [ 261, 260, 257, 258, 257, 261, 258, 260, 257, 258, 258,
    258, 260, 257, 261, 258, 257, 261, 260, 260, 259, 258, 260, 259, 258,
    261, 260, 259, 261, 261, 257, 261, 257, 261, 260, 259, 261, 257, 259,
    258, 259, 260, 257, 257, 261, 258, 258, 261, 259, 257, 259, 261, 260,
    261, 257, 261, 260, 260, 257, 257, 260, 259, 259, 261, 259, 261, 259,
    260, 261, 261, 258, 260, 261, 257, 259, 260, 259, 258, 259, 261, 259,
    261, 261, 257, 259, 258, 260, 260 ]
