%YAML:1.0
---
videoName: "LHShake04.mp4"
gestureLabel: 2
fps: 30
pixelSizeInCmTemp: 3.2808219178082193e-01
faceCenterPointX: 247
faceCenterPointY: 80
LHandPositionsX: [ 284, 284, 283, 283, 281, 282, 282, 279, 280, 279, 280,
    278, 278, 282, 283, 284, 290, 299, 306, 319, 333, 347, 358, 365, 374,
    369, 360, 360, 347, 341, 336, 336, 334, 338, 346, 362, 369, 365, 358,
    347, 340, 344, 341, 340, 348, 355, 354, 354, 350, 346, 341, 342, 344,
    350, 354, 356, 354, 350, 345, 349, 345, 348, 354, 357, 362, 365, 361,
    361, 354, 344, 336, 323, 314, 305, 298, 292, 293, 287, 291, 288, 286,
    287, 289, 288, 289, 287, 287, 286, 288, 289, 285 ]
LHandPositionsY: [ 272, 271, 271, 272, 272, 272, 268, 268, 272, 270, 271,
    268, 270, 269, 272, 267, 262, 253, 241, 231, 217, 204, 187, 173, 164,
    158, 155, 153, 137, 134, 134, 128, 127, 117, 118, 111, 108, 111, 113,
    117, 130, 125, 124, 128, 119, 121, 116, 113, 118, 118, 119, 123, 121,
    118, 113, 112, 112, 112, 114, 115, 117, 112, 109, 109, 108, 103, 108,
    112, 127, 144, 157, 174, 186, 202, 214, 225, 237, 245, 245, 243, 247,
    248, 250, 248, 252, 251, 250, 254, 250, 251, 253 ]
RHandPositionsX: [ 218, 218, 215, 215, 216, 215, 215, 215, 214, 218, 215,
    214, 218, 216, 215, 214, 217, 214, 218, 218, 216, 214, 215, 214, 216,
    216, 214, 215, 216, 217, 214, 215, 215, 214, 214, 215, 214, 217, 218,
    216, 214, 215, 215, 216, 215, 215, 214, 217, 214, 216, 217, 218, 217,
    218, 215, 218, 218, 215, 218, 216, 215, 217, 218, 217, 216, 217, 214,
    216, 217, 214, 216, 215, 217, 215, 217, 218, 216, 218, 218, 217, 218,
    214, 218, 215, 217, 214, 218, 217, 214, 214, 218 ]
RHandPositionsY: [ 269, 270, 266, 268, 270, 267, 270, 270, 270, 267, 269,
    268, 266, 266, 269, 266, 267, 268, 264, 265, 268, 264, 266, 266, 263,
    264, 266, 265, 267, 267, 266, 263, 264, 266, 265, 263, 263, 262, 262,
    263, 265, 265, 262, 262, 265, 262, 262, 262, 265, 262, 261, 264, 262,
    265, 264, 263, 262, 261, 265, 261, 261, 261, 262, 265, 264, 264, 265,
    263, 264, 262, 261, 262, 264, 263, 261, 263, 262, 261, 265, 262, 265,
    264, 265, 263, 264, 263, 263, 263, 264, 262, 262 ]
