%YAML:1.0
---
videoName: "LHShake10.mp4"
gestureLabel: 2
fps: 29
pixelSizeInCmTemp: 3.4214285714285714e-01
faceCenterPointX: 253
faceCenterPointY: 65
LHandPositionsX: [ 335, 338, 334, 338, 334, 340, 344, 348, 353, 357, 364,
    378, 385, 390, 397, 393, 397, 385, 376, 365, 357, 353, 353, 355, 359,
    371, 379, 392, 391, 390, 389, 384, 377, 362, 355, 358, 358, 366, 368,
    372, 372, 370, 371, 369, 366, 365, 351, 344, 342, 347, 348, 352, 363,
    370, 379, 382, 381, 376, 367, 354, 348, 348, 348, 347, 354, 363, 376,
    380, 379, 377, 379, 374, 365, 363, 355, 348, 344, 344, 340, 337, 333,
    334, 335, 335, 337, 337, 333, 334 ]
LHandPositionsY: [ 272, 270, 272, 268, 270, 269, 267, 262, 253, 238, 226,
    209, 194, 181, 166, 157, 143, 138, 134, 142, 143, 149, 149, 151, 151,
    147, 139, 139, 139, 141, 140, 146, 146, 148, 148, 149, 151, 145, 140,
    130, 134, 136, 133, 132, 130, 133, 140, 144, 142, 144, 143, 144, 139,
    139, 143, 139, 143, 144, 143, 146, 150, 151, 152, 152, 149, 149, 148,
    146, 145, 148, 151, 155, 156, 167, 172, 181, 194, 208, 220, 231, 246,
    254, 254, 258, 256, 259, 260, 258 ]
RHandPositionsX: [ 172, 174, 172, 175, 176, 176, 174, 174, 175, 174, 174,
    172, 173, 174, 175, 173, 172, 173, 174, 172, 174, 173, 173, 175, 172,
    174, 172, 171, 174, 175, 171, 173, 175, 172, 171, 174, 175, 175, 175,
    174, 172, 175, 171, 172, 173, 175, 172, 173, 172, 171, 171, 173, 173,
    171, 175, 171, 175, 171, 173, 174, 174, 174, 174, 174, 174, 172, 172,
    172, 171, 174, 174, 175, 174, 173, 174, 172, 173, 173, 174, 172, 175,
    173, 171, 175, 173, 174, 173, 172 ]
RHandPositionsY: [ 277, 274, 278, 277, 276, 275, 275, 278, 277, 278, 276,
    274, 276, 276, 277, 277, 278, 274, 278, 278, 278, 277, 278, 276, 275,
    277, 274, 274, 274, 274, 275, 277, 275, 276, 277, 277, 275, 276, 277,
    277, 275, 274, 274, 276, 274, 275, 276, 275, 278, 277, 276, 274, 276,
    277, 274, 274, 276, 274, 277, 277, 274, 274, 278, 274, 276, 277, 277,
    276, 274, 274, 274, 276, 276, 276, 277, 276, 276, 278, 275, 276, 277,
    277, 278, 274, 274, 275, 278, 276 ]
