%YAML:1.0
---
videoName: "LHShake21.mp4"
gestureLabel: 2
fps: 29
pixelSizeInCmTemp: 3.4214285714285714e-01
faceCenterPointX: 266
faceCenterPointY: 79
LHandPositionsX: [ 348, 354, 366, 371, 383, 396, 400, 406, 421, 416, 416,
    402, 390, 378, 375, 375, 376, 376, 383, 403, 399, 400, 394, 394, 384,
    375, 371, 372, 372, 373, 374, 390, 387, 387, 386, 382, 376, 373, 367,
    367, 370, 369, 376, 387, 390, 383, 395, 394, 379, 371, 364, 363, 366,
    370, 373, 379, 383, 384, 384, 388, 384, 380, 371, 364, 356, 349, 344,
    340, 338, 338, 335, 333, 333, 335, 334, 333, 331, 334, 332, 333, 333,
    334, 332, 330, 333, 334, 332, 332 ]
LHandPositionsY: [ 272, 265, 247, 228, 207, 191, 184, 169, 151, 150, 140,
    136, 131, 135, 130, 135, 128, 129, 128, 127, 131, 130, 129, 134, 134,
    133, 141, 141, 143, 134, 136, 133, 132, 134, 136, 133, 138, 143, 150,
    148, 148, 142, 140, 138, 139, 137, 136, 139, 140, 149, 151, 154, 155,
    156, 151, 146, 143, 142, 142, 147, 156, 162, 167, 178, 190, 202, 213,
    224, 235, 239, 240, 244, 252, 248, 250, 253, 250, 253, 251, 251, 252,
    253, 254, 251, 250, 250, 251, 254 ]
RHandPositionsX: [ 184, 185, 188, 186, 184, 188, 185, 185, 187, 186, 185,
    188, 188, 184, 187, 188, 184, 188, 184, 188, 187, 185, 188, 185, 188,
    185, 185, 187, 187, 184, 186, 187, 184, 187, 188, 185, 188, 187, 184,
    188, 187, 184, 184, 186, 186, 187, 187, 185, 186, 188, 186, 187, 187,
    184, 184, 188, 185, 184, 186, 184, 185, 185, 186, 185, 184, 186, 184,
    187, 188, 186, 185, 185, 188, 188, 187, 184, 185, 186, 184, 188, 187,
    184, 184, 186, 185, 187, 184, 187 ]
RHandPositionsY: [ 267, 265, 267, 268, 268, 265, 269, 267, 267, 266, 267,
    268, 268, 268, 268, 269, 269, 268, 266, 269, 268, 265, 267, 265, 267,
    266, 265, 265, 266, 267, 266, 265, 267, 266, 267, 265, 267, 267, 265,
    265, 267, 265, 267, 265, 269, 266, 266, 267, 266, 269, 266, 265, 267,
    265, 266, 267, 269, 267, 267, 265, 269, 265, 268, 269, 269, 266, 268,
    267, 266, 265, 267, 268, 265, 269, 267, 267, 266, 268, 266, 267, 268,
    269, 268, 269, 265, 267, 268, 266 ]
