%YAML:1.0
---
videoName: "LHShake05.mp4"
gestureLabel: 2
fps: 30
pixelSizeInCmTemp: 3.2364864864864862e-01
faceCenterPointX: 252
faceCenterPointY: 81
LHandPositionsX: [ 292, 291, 295, 295, 291, 293, 293, 296, 295, 291, 295,
    297, 301, 313, 324, 334, 343, 344, 343, 339, 341, 338, 333, 329, 331,
    334, 333, 339, 339, 345, 346, 336, 332, 323, 325, 325, 329, 332, 337,
    337, 336, 331, 322, 319, 323, 323, 326, 333, 336, 340, 334, 328, 323,
    325, 324, 328, 333, 334, 337, 338, 336, 330, 331, 330, 333, 334, 341,
    341, 340, 336, 333, 326, 320, 313, 312, 305, 304, 302, 299, 295, 293,
    295, 292, 294, 292, 295, 291, 293, 295, 294, 294 ]
LHandPositionsY: [ 269, 266, 267, 270, 269, 269, 266, 266, 262, 256, 244,
    227, 214, 200, 185, 175, 166, 164, 156, 156, 151, 155, 154, 157, 152,
    152, 151, 143, 138, 136, 132, 137, 145, 146, 147, 149, 146, 140, 136,
    135, 133, 136, 141, 145, 143, 143, 139, 136, 132, 129, 138, 141, 141,
    141, 144, 145, 142, 136, 138, 136, 139, 143, 142, 141, 145, 140, 141,
    138, 136, 141, 142, 147, 160, 169, 179, 187, 199, 210, 219, 230, 236,
    235, 241, 243, 248, 248, 249, 253, 254, 256, 257 ]
RHandPositionsX: [ 214, 213, 211, 213, 212, 213, 214, 212, 212, 210, 212,
    213, 211, 213, 212, 210, 213, 213, 209, 212, 210, 211, 211, 211, 211,
    209, 207, 211, 211, 209, 207, 210, 206, 206, 206, 207, 208, 208, 210,
    207, 210, 210, 210, 209, 208, 209, 206, 208, 208, 210, 209, 210, 207,
    208, 208, 208, 209, 209, 208, 206, 209, 209, 206, 206, 210, 209, 210,
    208, 207, 208, 207, 208, 210, 207, 208, 208, 207, 210, 209, 209, 209,
    206, 210, 207, 209, 211, 207, 212, 208, 212, 209 ]
RHandPositionsY: [ 266, 266, 263, 263, 262, 265, 266, 266, 264, 263, 266,
    263, 263, 263, 264, 266, 266, 263, 265, 262, 263, 262, 264, 263, 265,
    265, 262, 266, 266, 263, 263, 263, 266, 266, 262, 261, 261, 262, 262,
    263, 264, 265, 265, 265, 262, 265, 265, 261, 263, 262, 262, 263, 264,
    262, 263, 261, 265, 261, 262, 261, 262, 265, 261, 263, 263, 263, 261,
    265, 263, 261, 264, 261, 261, 263, 264, 264, 262, 261, 263, 263, 263,
    263, 262, 262, 262, 261, 264, 261, 262, 261, 262 ]
