%YAML:1.0
---
videoName: "LHShake24.mp4"
gestureLabel: 2
fps: 30
pixelSizeInCmTemp: 3.4214285714285714e-01
faceCenterPointX: 255
faceCenterPointY: 77
LHandPositionsX: [ 327, 330, 330, 328, 329, 330, 328, 330, 331, 332, 333,
    335, 343, 348, 352, 360, 368, 376, 382, 382, 384, 377, 372, 358, 347,
    343, 342, 340, 344, 349, 360, 369, 376, 376, 378, 374, 366, 358, 343,
    340, 340, 336, 345, 351, 365, 366, 368, 367, 363, 354, 342, 337, 343,
    338, 345, 352, 365, 372, 368, 372, 369, 361, 352, 343, 343, 345, 346,
    350, 361, 366, 368, 370, 366, 358, 349, 340, 336, 334, 329, 328, 323,
    324, 326, 327, 328, 326, 328, 328, 327, 328, 325 ]
LHandPositionsY: [ 260, 262, 262, 263, 263, 260, 263, 263, 264, 258, 260,
    256, 245, 236, 224, 209, 195, 184, 173, 169, 158, 155, 149, 152, 157,
    160, 164, 163, 164, 160, 159, 150, 149, 149, 147, 146, 146, 151, 152,
    155, 153, 152, 153, 153, 150, 150, 149, 152, 154, 157, 159, 163, 161,
    163, 161, 159, 162, 159, 156, 157, 154, 160, 161, 163, 164, 161, 160,
    159, 159, 159, 156, 160, 159, 157, 161, 163, 171, 181, 187, 198, 206,
    221, 231, 230, 233, 239, 243, 245, 249, 249, 249 ]
RHandPositionsX: [ 182, 179, 183, 181, 180, 179, 182, 181, 181, 179, 182,
    179, 183, 179, 179, 180, 179, 183, 179, 179, 182, 179, 179, 182, 182,
    183, 183, 183, 183, 182, 179, 180, 183, 182, 180, 182, 180, 179, 179,
    182, 181, 181, 182, 179, 179, 179, 179, 180, 181, 180, 182, 180, 183,
    183, 182, 181, 181, 181, 179, 179, 183, 183, 181, 181, 179, 180, 179,
    179, 183, 183, 183, 183, 183, 179, 182, 179, 182, 179, 181, 179, 179,
    183, 182, 182, 180, 182, 181, 183, 181, 179, 182 ]
RHandPositionsY: [ 267, 268, 267, 270, 267, 268, 271, 268, 267, 268, 269,
    269, 267, 270, 269, 268, 267, 271, 268, 267, 267, 270, 271, 268, 271,
    268, 270, 270, 269, 267, 271, 268, 267, 271, 271, 271, 270, 267, 270,
    269, 268, 268, 271, 271, 271, 271, 271, 271, 271, 268, 268, 270, 271,
    268, 269, 269, 267, 269, 269, 271, 269, 271, 270, 267, 270, 269, 269,
    271, 271, 270, 271, 267, 269, 270, 271, 269, 267, 271, 269, 269, 267,
    270, 269, 271, 268, 271, 267, 267, 268, 269, 271 ]
