%YAML:1.0
---
videoName: "LHShake01.mp4"
gestureLabel: 2
fps: 29
pixelSizeInCmTemp: 3.4214285714285714e-01
faceCenterPointX: 252
faceCenterPointY: 84
LHandPositionsX: [ 363, 363, 364, 362, 360, 353, 345, 339, 334, 331, 331,
    333, 338, 346, 347, 352, 359, 353, 354, 347, 342, 342, 339, 338, 335,
    340, 341, 346, 352, 352, 351, 348, 346, 343, 337, 332, 330, 335, 335,
    340, 345, 348, 348, 350, 348, 348, 343, 338, 336, 335, 334, 337, 337,
    341, 344, 349, 350, 349, 349, 346, 347, 340, 340, 330, 329, 325, 329,
    333, 332, 326, 331, 334, 337, 337, 339, 344, 344, 345, 346, 349, 349,
    347, 347, 352, 351, 352, 348, 349 ]
LHandPositionsY: [ 147, 137, 132, 126, 126, 121, 116, 118, 119, 120, 121,
    123, 120, 118, 112, 112, 109, 106, 111, 110, 109, 110, 113, 113, 113,
    113, 113, 107, 107, 108, 104, 105, 108, 110, 109, 113, 114, 114, 110,
    111, 108, 109, 106, 102, 106, 108, 104, 109, 107, 108, 109, 107, 109,
    108, 106, 104, 102, 102, 104, 103, 106, 105, 109, 124, 134, 141, 150,
    159, 163, 164, 173, 184, 192, 199, 209, 215, 221, 223, 221, 225, 227,
    225, 229, 231, 231, 228, 228, 229 ]
RHandPositionsX: [ 157, 153, 155, 154, 153, 153, 157, 154, 153, 155, 153,
    155, 156, 157, 155, 153, 157, 157, 157, 156, 157, 156, 155, 153, 155,
    156, 153, 154, 157, 153, 154, 157, 157, 157, 156, 153, 153, 156, 156,
    154, 156, 157, 154, 157, 156, 153, 155, 157, 153, 156, 154, 156, 154,
    157, 156, 153, 153, 153, 156, 153, 155, 156, 156, 154, 156, 153, 155,
    155, 154, 156, 157, 153, 153, 154, 157, 157, 157, 157, 155, 155, 155,
    154, 157, 157, 156, 155, 153, 156 ]
RHandPositionsY: [ 269, 267, 267, 267, 268, 267, 269, 267, 267, 269, 266,
    269, 266, 268, 265, 266, 266, 263, 265, 265, 265, 265, 265, 263, 265,
    261, 262, 263, 263, 265, 262, 261, 261, 263, 260, 260, 263, 261, 261,
    263, 263, 262, 263, 260, 261, 262, 259, 259, 259, 259, 261, 261, 261,
    263, 263, 262, 262, 260, 263, 260, 260, 259, 262, 262, 261, 261, 263,
    259, 263, 261, 260, 261, 263, 260, 262, 259, 263, 259, 262, 261, 259,
    263, 259, 262, 259, 259, 261, 261 ]
