%YAML:1.0
---
videoName: "LHShake05.mp4"
gestureLabel: 2
fps: 30
pixelSizeInCmTemp: 3.2364864864864862e-01
faceCenterPointX: 252
faceCenterPointY: 81
LHandPositionsX: [ 293, 293, 294, 292, 293, 295, 293, 292, 293, 293, 291,
    295, 305, 312, 320, 332, 341, 342, 342, 339, 342, 335, 333, 328, 330,
    333, 331, 339, 341, 346, 346, 338, 333, 324, 325, 322, 330, 333, 338,
    340, 338, 329, 324, 321, 320, 322, 325, 332, 338, 336, 336, 326, 326,
    322, 326, 326, 331, 338, 341, 336, 336, 330, 329, 330, 332, 333, 338,
    339, 339, 339, 334, 325, 320, 317, 310, 308, 301, 302, 296, 294, 296,
    295, 296, 293, 293, 294, 291, 291, 295, 294, 296 ]
LHandPositionsY: [ 266, 269, 268, 269, 269, 269, 266, 265, 262, 256, 240,
    225, 213, 197, 184, 173, 166, 163, 158, 156, 153, 154, 154, 153, 155,
    151, 149, 143, 139, 135, 132, 137, 145, 147, 144, 146, 146, 138, 139,
    136, 135, 140, 142, 145, 143, 144, 137, 137, 133, 130, 138, 143, 140,
    144, 142, 141, 140, 140, 136, 137, 142, 140, 140, 141, 141, 143, 138,
    141, 137, 139, 141, 150, 161, 170, 176, 187, 199, 207, 220, 228, 234,
    235, 241, 244, 246, 247, 250, 250, 252, 255, 259 ]
RHandPositionsX: [ 212, 212, 210, 211, 213, 211, 210, 212, 210, 214, 214,
    211, 210, 209, 211, 210, 210, 209, 211, 211, 208, 210, 210, 209, 211,
    207, 209, 207, 211, 206, 208, 206, 209, 208, 209, 209, 209, 209, 209,
    209, 208, 209, 209, 207, 206, 210, 209, 206, 206, 208, 208, 208, 209,
    209, 210, 210, 207, 207, 209, 210, 209, 210, 206, 208, 207, 209, 210,
    209, 207, 210, 206, 208, 209, 208, 208, 206, 206, 210, 208, 206, 209,
    206, 209, 208, 211, 211, 211, 211, 210, 210, 212 ]
RHandPositionsY: [ 266, 264, 263, 265, 265, 263, 265, 264, 264, 266, 266,
    263, 264, 263, 266, 263, 264, 263, 264, 264, 263, 262, 265, 262, 262,
    266, 262, 262, 264, 263, 264, 265, 266, 262, 263, 262, 261, 262, 263,
    263, 264, 265, 263, 265, 263, 264, 263, 262, 265, 263, 265, 265, 262,
    263, 261, 263, 264, 262, 263, 263, 263, 264, 263, 263, 262, 261, 262,
    265, 262, 263, 261, 265, 264, 261, 265, 264, 263, 262, 262, 262, 262,
    262, 264, 262, 265, 263, 265, 262, 263, 265, 263 ]
