%YAML:1.0
---
videoName: "LHShake06.mp4"
gestureLabel: 2
fps: 29
pixelSizeInCmTemp: 3.3732394366197183e-01
faceCenterPointX: 250
faceCenterPointY: 80
LHandPositionsX: [ 384, 386, 385, 386, 384, 380, 376, 374, 369, 372, 375,
    386, 390, 392, 397, 395, 393, 388, 380, 375, 377, 377, 384, 391, 390,
    393, 391, 387, 384, 380, 377, 379, 386, 386, 390, 391, 387, 383, 381,
    379, 383, 383, 384, 388, 393, 390, 387, 385, 382, 380, 378, 383, 386,
    391, 397, 397, 399, 397, 390, 385, 377, 370, 358, 361, 353, 345, 336,
    326, 318, 311, 309, 308, 307, 306, 302, 303, 300, 299, 303, 300, 302,
    299, 300, 302, 301, 300, 300, 299 ]
LHandPositionsY: [ 149, 148, 143, 139, 139, 135, 139, 136, 136, 137, 134,
    128, 129, 128, 130, 126, 131, 134, 133, 136, 133, 132, 130, 128, 128,
    129, 129, 126, 129, 131, 129, 127, 130, 125, 125, 124, 124, 128, 129,
    125, 125, 127, 128, 126, 122, 127, 125, 124, 127, 125, 128, 128, 125,
    125, 123, 123, 120, 123, 126, 127, 133, 137, 146, 153, 160, 175, 192,
    208, 214, 224, 230, 234, 235, 239, 244, 248, 251, 252, 252, 254, 253,
    253, 255, 252, 256, 253, 257, 257 ]
RHandPositionsX: [ 214, 214, 209, 210, 210, 213, 209, 209, 211, 212, 209,
    212, 213, 212, 209, 213, 212, 212, 209, 211, 212, 209, 209, 210, 213,
    213, 209, 212, 209, 212, 208, 212, 210, 208, 209, 208, 212, 211, 209,
    212, 210, 208, 211, 209, 208, 209, 209, 209, 209, 207, 208, 210, 209,
    209, 211, 210, 211, 210, 208, 209, 207, 210, 210, 211, 210, 210, 208,
    211, 211, 209, 208, 210, 208, 208, 211, 209, 212, 210, 211, 210, 212,
    211, 210, 212, 212, 209, 209, 210 ]
RHandPositionsY: [ 271, 268, 268, 269, 269, 271, 270, 267, 267, 268, 270,
    268, 270, 267, 268, 266, 267, 268, 269, 268, 267, 266, 265, 267, 265,
    268, 268, 269, 266, 268, 269, 268, 266, 265, 266, 268, 266, 268, 267,
    266, 266, 266, 267, 268, 265, 266, 268, 268, 265, 268, 268, 266, 266,
    269, 268, 267, 269, 265, 268, 266, 269, 268, 268, 266, 267, 266, 268,
    265, 268, 268, 266, 268, 268, 265, 266, 268, 268, 269, 266, 265, 266,
    266, 266, 267, 266, 269, 267, 265 ]
