%YAML:1.0
---
videoName: "LHShake13.mp4"
gestureLabel: 2
fps: 29
pixelSizeInCmTemp: 3.4214285714285714e-01
faceCenterPointX: 257
faceCenterPointY: 76
LHandPositionsX: [ 325, 323, 324, 325, 326, 324, 325, 326, 324, 325, 329,
    338, 345, 351, 359, 374, 380, 386, 388, 389, 385, 373, 364, 350, 343,
    345, 339, 345, 351, 358, 374, 370, 367, 361, 357, 345, 342, 343, 344,
    352, 361, 366, 368, 364, 360, 349, 341, 346, 345, 347, 358, 367, 363,
    363, 360, 357, 349, 348, 344, 344, 346, 357, 363, 369, 366, 365, 361,
    356, 348, 342, 330, 329, 325, 323, 326, 325, 329, 325, 326, 325, 326,
    327, 327, 328, 324, 326, 325, 327 ]
LHandPositionsY: [ 263, 261, 261, 260, 260, 260, 263, 260, 261, 258, 254,
    249, 237, 226, 212, 195, 184, 176, 163, 157, 151, 150, 155, 154, 159,
    158, 156, 155, 155, 148, 141, 141, 139, 146, 149, 153, 161, 158, 156,
    158, 154, 154, 152, 158, 160, 157, 163, 160, 162, 162, 156, 156, 159,
    158, 159, 161, 164, 166, 164, 160, 162, 157, 154, 155, 148, 149, 146,
    151, 157, 164, 168, 178, 191, 208, 220, 236, 243, 244, 246, 243, 244,
    246, 246, 249, 246, 249, 248, 247 ]
RHandPositionsX: [ 181, 184, 183, 183, 185, 183, 185, 183, 183, 185, 183,
    185, 181, 182, 185, 184, 184, 184, 182, 184, 183, 185, 182, 185, 185,
    181, 183, 181, 183, 185, 183, 183, 184, 183, 184, 185, 185, 185, 182,
    183, 182, 185, 184, 181, 184, 185, 181, 185, 181, 183, 185, 183, 182,
    181, 181, 185, 181, 182, 185, 181, 181, 185, 182, 181, 185, 182, 181,
    185, 181, 182, 184, 181, 183, 185, 184, 185, 185, 181, 183, 181, 184,
    182, 185, 185, 184, 185, 182, 182 ]
RHandPositionsY: [ 270, 269, 267, 268, 269, 270, 269, 271, 268, 270, 268,
    268, 270, 267, 267, 269, 268, 268, 268, 270, 267, 271, 270, 268, 271,
    270, 270, 269, 270, 269, 270, 271, 270, 269, 268, 271, 270, 270, 271,
    268, 271, 268, 270, 268, 270, 267, 268, 269, 267, 268, 267, 270, 271,
    270, 267, 268, 270, 271, 271, 267, 271, 267, 269, 270, 270, 269, 267,
    268, 269, 267, 269, 269, 270, 267, 267, 268, 268, 268, 268, 270, 268,
    268, 267, 271, 268, 267, 267, 268 ]
