%YAML:1.0
---
videoName: "LHShake07.mp4"
gestureLabel: 2
fps: 29
pixelSizeInCmTemp: 3.3732394366197183e-01
faceCenterPointX: 265
faceCenterPointY: 78
LHandPositionsX: [ 346, 348, 353, 357, 362, 368, 377, 388, 388, 391, 396,
    395, 385, 378, 353, 349, 340, 343, 339, 341, 347, 365, 370, 369, 364,
    362, 362, 344, 342, 342, 345, 347, 355, 355, 367, 367, 369, 362, 362,
    353, 344, 349, 347, 351, 357, 363, 361, 359, 367, 363, 341, 328, 334,
    334, 340, 353, 368, 372, 373, 379, 371, 366, 358, 348, 340, 340, 335,
    336, 334, 336, 339, 341, 342, 342, 341, 342, 343, 344, 342, 341, 343,
    340, 340, 340, 344, 340, 344, 342 ]
LHandPositionsY: [ 276, 275, 271, 268, 258, 248, 236, 220, 201, 188, 177,
    163, 149, 137, 142, 139, 145, 145, 146, 144, 141, 136, 138, 136, 138,
    137, 133, 140, 145, 144, 140, 131, 132, 135, 127, 125, 126, 129, 136,
    135, 143, 143, 147, 140, 135, 138, 137, 139, 129, 129, 136, 151, 145,
    139, 130, 131, 131, 134, 132, 128, 133, 136, 145, 157, 170, 180, 194,
    206, 216, 230, 243, 253, 254, 255, 258, 262, 260, 266, 263, 264, 266,
    267, 267, 266, 268, 267, 269, 270 ]
RHandPositionsX: [ 185, 184, 181, 182, 182, 185, 183, 185, 183, 184, 184,
    182, 182, 185, 185, 182, 181, 182, 183, 185, 182, 182, 185, 182, 183,
    182, 183, 183, 185, 185, 185, 184, 182, 181, 184, 182, 183, 184, 182,
    181, 181, 183, 181, 184, 182, 181, 185, 185, 183, 183, 183, 184, 185,
    181, 183, 181, 183, 181, 185, 182, 183, 183, 182, 183, 183, 183, 182,
    182, 185, 185, 183, 184, 184, 185, 184, 184, 181, 184, 183, 185, 182,
    181, 181, 185, 181, 181, 185, 185 ]
RHandPositionsY: [ 280, 276, 278, 280, 279, 278, 276, 276, 280, 279, 279,
    276, 277, 279, 278, 279, 278, 277, 278, 279, 279, 279, 280, 276, 279,
    277, 279, 279, 279, 277, 278, 279, 279, 279, 280, 280, 276, 276, 278,
    276, 280, 280, 278, 276, 276, 276, 279, 278, 277, 278, 280, 278, 277,
    279, 276, 278, 279, 278, 279, 277, 277, 278, 278, 279, 277, 278, 277,
    280, 277, 277, 278, 280, 278, 276, 280, 276, 277, 279, 276, 276, 279,
    280, 277, 276, 277, 280, 278, 278 ]
