%YAML:1.0
---
videoName: "LHShake01.mp4"
gestureLabel: 2
fps: 29
pixelSizeInCmTemp: 3.4214285714285714e-01
faceCenterPointX: 252
faceCenterPointY: 84
LHandPositionsX: [ 365, 364, 363, 366, 362, 355, 346, 342, 334, 333, 330,
    334, 337, 343, 350, 355, 357, 356, 350, 347, 343, 339, 338, 335, 336,
    341, 343, 349, 350, 351, 351, 347, 343, 339, 340, 334, 333, 332, 338,
    340, 342, 346, 348, 351, 346, 347, 343, 339, 333, 336, 334, 337, 338,
    340, 348, 349, 349, 347, 350, 346, 347, 339, 339, 331, 330, 329, 332,
    333, 331, 325, 329, 334, 334, 339, 340, 344, 347, 347, 346, 348, 348,
    351, 349, 348, 350, 350, 352, 351 ]
LHandPositionsY: [ 146, 138, 130, 126, 125, 122, 120, 121, 119, 122, 119,
    122, 119, 116, 112, 111, 111, 110, 110, 112, 109, 114, 113, 114, 112,
    113, 111, 110, 107, 107, 106, 108, 105, 109, 111, 116, 114, 112, 113,
    109, 107, 107, 106, 104, 105, 107, 104, 106, 107, 109, 111, 110, 107,
    104, 106, 102, 103, 103, 105, 104, 102, 106, 107, 120, 133, 143, 149,
    161, 166, 162, 173, 183, 192, 197, 209, 215, 220, 222, 221, 223, 226,
    227, 228, 230, 231, 230, 230, 230 ]
RHandPositionsX: [ 154, 154, 154, 153, 156, 155, 153, 157, 156, 154, 156,
    153, 157, 154, 154, 157, 154, 154, 156, 153, 156, 156, 155, 157, 156,
    157, 155, 156, 155, 157, 155, 157, 154, 153, 155, 153, 153, 153, 157,
    157, 156, 154, 157, 153, 156, 155, 154, 157, 156, 157, 157, 156, 154,
    154, 155, 153, 154, 156, 155, 153, 157, 155, 157, 153, 155, 156, 156,
    154, 153, 157, 157, 157, 154, 156, 155, 154, 153, 156, 153, 157, 154,
    156, 156, 153, 154, 157, 157, 156 ]
RHandPositionsY: [ 268, 271, 268, 268, 266, 267, 268, 267, 267, 266, 267,
    268, 269, 268, 264, 264, 266, 267, 263, 267, 266, 264, 263, 263, 263,
    263, 264, 261, 263, 265, 265, 263, 263, 265, 262, 260, 263, 262, 264,
    262, 261, 263, 261, 263, 259, 259, 262, 259, 263, 263, 261, 260, 261,
    263, 263, 262, 262, 259, 263, 259, 261, 262, 261, 260, 263, 262, 262,
    262, 262, 259, 263, 261, 262, 261, 260, 260, 261, 262, 259, 260, 259,
    259, 263, 262, 263, 263, 261, 263 ]
