%YAML:1.0
---
videoName: "LHShake15.mp4"
gestureLabel: 2
fps: 29
pixelSizeInCmTemp: 3.3263888888888887e-01
faceCenterPointX: 252
faceCenterPointY: 65
LHandPositionsX: [ 329, 331, 331, 331, 331, 327, 330, 329, 331, 327, 335,
    341, 348, 352, 357, 363, 367, 373, 381, 381, 380, 377, 365, 358, 349,
    341, 344, 340, 347, 351, 363, 361, 361, 359, 356, 348, 332, 331, 329,
    335, 343, 353, 353, 353, 350, 356, 349, 335, 331, 327, 331, 340, 351,
    358, 352, 350, 355, 353, 342, 338, 334, 330, 336, 341, 343, 351, 352,
    351, 347, 347, 342, 334, 326, 327, 324, 321, 322, 322, 322, 325, 327,
    327, 328, 325, 325, 324, 326, 326 ]
LHandPositionsY: [ 258, 256, 257, 256, 256, 255, 256, 256, 254, 252, 243,
    228, 216, 199, 183, 170, 157, 135, 119, 117, 115, 108, 105, 102, 106,
    102, 104, 101, 99, 94, 95, 96, 97, 95, 94, 97, 98, 97, 99, 96, 97,
    94, 98, 96, 96, 99, 101, 98, 102, 99, 95, 94, 91, 96, 97, 94, 94, 98,
    102, 100, 99, 99, 97, 98, 102, 100, 100, 101, 100, 100, 106, 121,
    135, 152, 166, 177, 192, 206, 219, 231, 234, 236, 237, 240, 238, 237,
    240, 241 ]
RHandPositionsX: [ 176, 177, 176, 175, 179, 178, 179, 177, 178, 176, 175,
    175, 178, 175, 176, 179, 177, 176, 176, 175, 178, 176, 178, 179, 176,
    176, 175, 178, 176, 175, 177, 176, 178, 175, 178, 176, 177, 175, 177,
    178, 177, 177, 179, 176, 179, 177, 179, 177, 179, 178, 175, 176, 178,
    177, 179, 177, 177, 177, 176, 176, 178, 177, 176, 175, 176, 176, 177,
    179, 178, 177, 178, 175, 179, 178, 179, 176, 175, 178, 177, 176, 177,
    178, 179, 175, 178, 177, 177, 175 ]
RHandPositionsY: [ 257, 259, 258, 257, 259, 259, 257, 257, 261, 259, 259,
    260, 261, 259, 257, 258, 258, 259, 258, 259, 259, 260, 259, 257, 259,
    260, 257, 257, 259, 258, 259, 258, 259, 260, 258, 257, 258, 259, 260,
    260, 261, 261, 258, 261, 258, 261, 258, 259, 257, 261, 258, 258, 260,
    261, 259, 258, 260, 257, 257, 257, 261, 259, 261, 260, 261, 257, 260,
    259, 258, 257, 257, 257, 259, 259, 261, 257, 259, 258, 258, 258, 257,
    260, 257, 258, 259, 258, 258, 259 ]
