%YAML:1.0
---
videoName: "LHShake22.mp4"
gestureLabel: 2
fps: 29
pixelSizeInCmTemp: 3.5220588235294115e-01
faceCenterPointX: 261
faceCenterPointY: 79
LHandPositionsX: [ 334, 342, 351, 353, 356, 356, 358, 353, 345, 335, 327,
    321, 320, 319, 318, 324, 328, 340, 343, 344, 343, 343, 338, 330, 321,
    323, 322, 325, 333, 340, 345, 339, 343, 339, 329, 321, 317, 318, 321,
    324, 329, 337, 335, 337, 337, 330, 323, 322, 319, 320, 324, 329, 335,
    345, 342, 344, 343, 333, 327, 317, 317, 316, 319, 326, 332, 338, 337,
    334, 335, 333, 326, 322, 319, 319, 321, 324, 325, 324, 328, 323, 323,
    326, 323, 325, 326, 324, 327, 326 ]
LHandPositionsY: [ 261, 256, 248, 236, 233, 218, 207, 204, 194, 188, 186,
    184, 183, 185, 181, 181, 178, 176, 174, 173, 170, 169, 171, 174, 177,
    180, 178, 180, 175, 173, 170, 171, 169, 173, 176, 181, 183, 180, 185,
    185, 179, 176, 177, 177, 173, 176, 177, 180, 183, 183, 180, 179, 177,
    176, 175, 175, 176, 175, 181, 184, 182, 184, 181, 181, 177, 179, 176,
    181, 182, 187, 196, 200, 210, 220, 229, 238, 243, 243, 246, 245, 247,
    247, 249, 250, 248, 250, 247, 250 ]
RHandPositionsX: [ 190, 191, 192, 190, 193, 192, 192, 191, 191, 192, 190,
    190, 192, 189, 193, 193, 193, 192, 191, 192, 193, 192, 193, 191, 191,
    190, 191, 192, 193, 193, 191, 192, 190, 190, 189, 190, 192, 190, 192,
    189, 193, 191, 191, 189, 193, 193, 193, 189, 189, 193, 192, 190, 191,
    193, 192, 193, 191, 190, 193, 193, 190, 192, 193, 191, 189, 192, 189,
    189, 193, 192, 193, 193, 190, 191, 191, 191, 192, 192, 189, 191, 192,
    192, 190, 193, 190, 193, 193, 193 ]
RHandPositionsY: [ 268, 268, 266, 269, 270, 267, 266, 266, 267, 269, 270,
    267, 270, 266, 270, 269, 269, 266, 267, 268, 267, 268, 270, 266, 266,
    268, 266, 267, 269, 268, 269, 266, 268, 269, 270, 268, 267, 266, 266,
    270, 268, 267, 266, 269, 267, 269, 270, 268, 268, 269, 267, 269, 270,
    269, 267, 268, 266, 267, 267, 268, 266, 266, 266, 270, 270, 270, 269,
    267, 266, 270, 266, 270, 268, 266, 268, 268, 267, 266, 267, 267, 269,
    267, 270, 268, 270, 268, 267, 267 ]
