%YAML:1.0
---
videoName: "LHShake10.mp4"
gestureLabel: 2
fps: 29
pixelSizeInCmTemp: 3.4214285714285714e-01
faceCenterPointX: 253
faceCenterPointY: 65
LHandPositionsX: [ 335, 335, 338, 335, 338, 340, 341, 346, 353, 356, 367,
    376, 383, 393, 397, 393, 393, 384, 374, 364, 356, 350, 352, 351, 360,
    368, 380, 391, 389, 390, 389, 384, 373, 365, 358, 356, 358, 366, 367,
    371, 373, 372, 371, 369, 369, 365, 353, 344, 344, 347, 345, 352, 361,
    374, 383, 381, 381, 372, 367, 355, 350, 352, 348, 347, 357, 363, 373,
    383, 380, 378, 378, 372, 368, 364, 357, 348, 345, 341, 339, 337, 335,
    338, 333, 334, 333, 333, 333, 333 ]
LHandPositionsY: [ 272, 272, 268, 270, 269, 269, 266, 264, 249, 237, 225,
    208, 195, 180, 166, 154, 141, 136, 132, 139, 145, 148, 147, 150, 148,
    148, 136, 142, 140, 141, 141, 146, 146, 151, 150, 148, 148, 145, 136,
    130, 131, 136, 132, 135, 129, 132, 140, 144, 144, 144, 144, 145, 138,
    140, 142, 139, 140, 146, 147, 146, 150, 150, 150, 151, 152, 151, 149,
    144, 144, 148, 148, 153, 156, 167, 173, 185, 194, 207, 220, 232, 243,
    252, 251, 255, 255, 259, 257, 260 ]
RHandPositionsX: [ 175, 175, 175, 175, 172, 173, 176, 176, 173, 174, 172,
    173, 174, 174, 176, 175, 175, 171, 175, 171, 172, 173, 175, 175, 173,
    171, 175, 175, 174, 173, 174, 171, 171, 174, 175, 174, 174, 172, 173,
    171, 172, 171, 171, 174, 174, 171, 172, 171, 173, 172, 172, 171, 172,
    174, 175, 174, 175, 175, 173, 172, 174, 171, 175, 174, 175, 174, 172,
    175, 172, 175, 175, 173, 173, 175, 174, 171, 174, 175, 172, 171, 175,
    172, 171, 175, 173, 175, 171, 173 ]
RHandPositionsY: [ 274, 275, 278, 276, 278, 278, 274, 276, 276, 274, 275,
    276, 274, 275, 278, 277, 278, 276, 278, 278, 276, 274, 274, 276, 277,
    278, 275, 276, 274, 276, 277, 277, 276, 278, 277, 277, 277, 274, 276,
    276, 277, 276, 278, 275, 274, 278, 278, 274, 277, 274, 277, 278, 278,
    275, 275, 278, 276, 277, 278, 275, 278, 276, 274, 275, 278, 277, 275,
    274, 275, 274, 276, 276, 278, 277, 274, 277, 274, 277, 275, 275, 275,
    275, 276, 274, 278, 275, 277, 275 ]
