%YAML:1.0
---
videoName: "LHShake22.mp4"
gestureLabel: 2
fps: 29
pixelSizeInCmTemp: 3.5220588235294115e-01
faceCenterPointX: 261
faceCenterPointY: 79
LHandPositionsX: [ 335, 344, 348, 357, 356, 359, 358, 354, 345, 339, 329,
    320, 318, 318, 317, 325, 328, 340, 347, 342, 343, 341, 335, 329, 323,
    325, 322, 325, 332, 339, 345, 340, 341, 337, 330, 322, 315, 318, 320,
    320, 329, 333, 338, 334, 335, 330, 324, 321, 322, 319, 325, 331, 335,
    342, 344, 342, 340, 334, 327, 317, 316, 318, 317, 323, 331, 339, 336,
    335, 336, 333, 327, 324, 321, 318, 322, 323, 322, 327, 325, 323, 326,
    327, 325, 327, 323, 323, 327, 324 ]
LHandPositionsY: [ 260, 252, 244, 237, 235, 222, 207, 206, 196, 189, 188,
    187, 183, 187, 180, 180, 177, 175, 174, 173, 173, 173, 172, 175, 178,
    177, 179, 179, 175, 173, 174, 174, 170, 174, 174, 180, 182, 182, 185,
    185, 178, 179, 174, 175, 176, 175, 176, 182, 179, 180, 182, 182, 180,
    177, 177, 178, 178, 179, 180, 183, 184, 183, 179, 180, 180, 178, 176,
    179, 182, 189, 193, 204, 212, 218, 231, 241, 240, 242, 248, 247, 245,
    250, 251, 249, 248, 249, 248, 251 ]
RHandPositionsX: [ 189, 193, 190, 192, 193, 193, 191, 191, 191, 193, 192,
    191, 189, 189, 190, 190, 190, 190, 192, 193, 192, 189, 191, 190, 193,
    191, 192, 193, 190, 190, 191, 193, 190, 191, 190, 192, 191, 193, 192,
    193, 192, 190, 189, 191, 192, 190, 190, 192, 189, 190, 193, 193, 191,
    190, 191, 189, 190, 191, 192, 190, 191, 192, 191, 193, 189, 193, 192,
    193, 189, 191, 192, 190, 189, 191, 193, 193, 189, 190, 190, 191, 190,
    190, 193, 193, 191, 192, 191, 192 ]
RHandPositionsY: [ 269, 267, 268, 267, 266, 269, 266, 270, 269, 266, 266,
    266, 270, 270, 267, 266, 267, 270, 266, 268, 269, 270, 270, 270, 266,
    269, 269, 270, 268, 267, 269, 269, 267, 268, 266, 268, 267, 268, 268,
    269, 267, 266, 267, 269, 269, 268, 266, 267, 266, 270, 267, 268, 269,
    269, 269, 268, 269, 266, 270, 267, 270, 270, 267, 268, 266, 267, 267,
    267, 269, 268, 266, 266, 266, 269, 266, 268, 266, 270, 267, 266, 268,
    267, 268, 267, 266, 270, 268, 268 ]
