%YAML:1.0
---
videoName: "LHShake18.mp4"
gestureLabel: 2
fps: 29
pixelSizeInCmTemp: 3.4214285714285714e-01
faceCenterPointX: 253
faceCenterPointY: 65
LHandPositionsX: [ 311, 314, 315, 312, 314, 314, 312, 315, 312, 311, 315,
    312, 313, 312, 311, 312, 316, 315, 324, 325, 331, 339, 346, 346, 350,
    347, 339, 327, 316, 300, 300, 302, 307, 315, 311, 311, 314, 308, 300,
    294, 294, 298, 309, 315, 309, 309, 304, 297, 287, 286, 286, 297, 305,
    316, 313, 310, 308, 291, 287, 287, 292, 301, 310, 309, 311, 309, 303,
    296, 295, 300, 306, 306, 307, 309, 312, 312, 306, 304, 303, 306, 306,
    306, 307, 307, 311, 309, 311, 308 ]
LHandPositionsY: [ 249, 249, 247, 249, 247, 247, 248, 250, 248, 249, 247,
    246, 250, 249, 250, 248, 247, 247, 244, 235, 219, 203, 191, 179, 165,
    160, 153, 147, 144, 137, 136, 143, 143, 143, 140, 140, 144, 145, 142,
    141, 137, 144, 146, 145, 146, 147, 150, 145, 145, 139, 142, 145, 147,
    148, 148, 147, 153, 141, 143, 145, 150, 152, 152, 152, 152, 156, 158,
    145, 146, 151, 154, 152, 155, 156, 160, 165, 177, 185, 198, 205, 215,
    217, 220, 231, 235, 233, 231, 233 ]
RHandPositionsX: [ 197, 198, 198, 194, 195, 196, 196, 199, 196, 196, 197,
    198, 199, 196, 198, 198, 198, 195, 196, 195, 195, 199, 198, 199, 198,
    195, 197, 196, 194, 197, 194, 195, 195, 195, 198, 199, 195, 198, 197,
    197, 199, 197, 198, 199, 197, 197, 196, 198, 197, 199, 199, 195, 199,
    199, 195, 198, 200, 196, 199, 197, 195, 196, 198, 197, 197, 196, 196,
    196, 195, 198, 195, 195, 194, 197, 194, 195, 197, 196, 194, 198, 197,
    196, 194, 197, 196, 197, 196, 198 ]
RHandPositionsY: [ 266, 266, 265, 262, 264, 266, 264, 264, 264, 266, 267,
    266, 263, 267, 265, 266, 263, 266, 265, 266, 266, 266, 266, 263, 263,
    263, 267, 265, 262, 265, 264, 265, 266, 265, 264, 264, 263, 267, 266,
    267, 264, 265, 266, 266, 267, 266, 265, 265, 265, 267, 266, 266, 265,
    265, 266, 264, 267, 266, 269, 268, 265, 268, 269, 265, 265, 268, 268,
    268, 267, 266, 265, 265, 264, 266, 266, 265, 265, 267, 264, 268, 267,
    264, 267, 266, 265, 268, 268, 264 ]
