%YAML:1.0
---
videoName: "LHShake20.mp4"
gestureLabel: 2
fps: 30
pixelSizeInCmTemp: 3.3732394366197183e-01
faceCenterPointX: 249
faceCenterPointY: 62
LHandPositionsX: [ 315, 316, 316, 314, 316, 317, 313, 314, 315, 317, 322,
    328, 336, 340, 341, 336, 328, 319, 315, 315, 310, 312, 315, 327, 338,
    336, 339, 337, 331, 321, 319, 319, 318, 324, 332, 343, 340, 341, 331,
    326, 325, 325, 322, 327, 335, 333, 328, 328, 326, 321, 321, 319, 318,
    325, 322, 329, 329, 324, 320, 321, 321, 319, 317, 318, 319, 322, 320,
    317, 318, 315, 314, 311, 316, 313, 315, 314, 315, 316, 316, 313, 315,
    313, 314, 316, 312, 313, 315, 312, 313, 314, 312 ]
LHandPositionsY: [ 249, 247, 250, 246, 249, 248, 247, 243, 234, 228, 215,
    202, 190, 179, 172, 164, 162, 157, 162, 163, 159, 155, 147, 145, 143,
    144, 143, 143, 141, 143, 148, 147, 146, 143, 144, 144, 139, 142, 143,
    147, 149, 145, 145, 143, 140, 140, 139, 141, 144, 148, 146, 149, 145,
    142, 137, 137, 136, 137, 136, 141, 146, 145, 147, 149, 148, 152, 157,
    169, 181, 190, 202, 215, 217, 219, 225, 226, 229, 228, 230, 233, 230,
    234, 235, 234, 235, 237, 238, 240, 238, 239, 240 ]
RHandPositionsX: [ 179, 179, 181, 179, 180, 182, 180, 182, 182, 179, 181,
    182, 183, 182, 180, 181, 180, 183, 182, 182, 183, 179, 181, 179, 180,
    183, 179, 179, 179, 183, 179, 183, 182, 182, 179, 181, 182, 180, 179,
    179, 182, 179, 181, 179, 179, 181, 180, 181, 183, 181, 183, 181, 183,
    179, 181, 181, 183, 182, 179, 182, 180, 182, 179, 181, 179, 179, 179,
    181, 183, 179, 181, 182, 182, 183, 181, 182, 179, 178, 180, 182, 178,
    180, 178, 179, 180, 180, 180, 180, 178, 181, 182 ]
RHandPositionsY: [ 254, 256, 257, 253, 255, 257, 257, 256, 252, 255, 254,
    254, 255, 255, 256, 252, 253, 255, 252, 255, 252, 254, 255, 253, 253,
    256, 255, 253, 254, 252, 254, 251, 252, 255, 252, 254, 253, 255, 252,
    255, 251, 254, 253, 253, 253, 253, 252, 251, 253, 251, 255, 252, 252,
    251, 255, 255, 254, 254, 253, 255, 251, 254, 251, 254, 251, 253, 251,
    252, 251, 251, 255, 251, 253, 252, 252, 253, 251, 252, 254, 252, 251,
    255, 255, 252, 251, 251, 252, 252, 255, 252, 253 ]
