%YAML:1.0
---
videoName: "LHShake13.mp4"
gestureLabel: 2
fps: 29
pixelSizeInCmTemp: 3.4214285714285714e-01
faceCenterPointX: 257
faceCenterPointY: 76
LHandPositionsX: [ 326, 325, 323, 326, 327, 323, 323, 327, 325, 327, 331,
    334, 345, 352, 362, 371, 379, 387, 390, 388, 384, 374, 362, 351, 340,
    347, 341, 343, 352, 357, 373, 370, 363, 363, 357, 347, 343, 342, 341,
    350, 358, 366, 368, 366, 359, 348, 342, 344, 343, 347, 357, 365, 364,
    365, 361, 355, 348, 348, 344, 345, 350, 355, 362, 372, 369, 361, 359,
    356, 349, 342, 331, 327, 323, 322, 325, 326, 328, 328, 326, 325, 326,
    327, 327, 327, 327, 325, 327, 327 ]
LHandPositionsY: [ 262, 261, 261, 262, 260, 261, 262, 262, 261, 259, 255,
    248, 235, 226, 210, 196, 185, 176, 166, 155, 153, 149, 151, 156, 157,
    156, 159, 158, 153, 146, 143, 141, 142, 147, 148, 153, 158, 159, 159,
    158, 152, 155, 154, 154, 156, 157, 165, 161, 161, 158, 159, 158, 159,
    155, 156, 163, 165, 163, 161, 160, 159, 160, 156, 155, 150, 149, 146,
    150, 154, 163, 168, 178, 191, 204, 223, 232, 244, 248, 245, 247, 248,
    247, 248, 250, 247, 246, 247, 249 ]
RHandPositionsX: [ 184, 183, 182, 184, 181, 184, 183, 183, 184, 184, 182,
    184, 184, 182, 182, 181, 185, 181, 185, 182, 184, 181, 183, 182, 183,
    181, 183, 181, 182, 185, 184, 185, 181, 182, 184, 183, 185, 185, 182,
    181, 182, 184, 183, 184, 184, 181, 181, 185, 183, 184, 185, 185, 183,
    182, 182, 181, 184, 184, 181, 185, 183, 182, 182, 183, 184, 182, 183,
    185, 182, 184, 181, 184, 182, 181, 181, 181, 181, 182, 181, 181, 181,
    184, 183, 181, 182, 182, 181, 183 ]
RHandPositionsY: [ 271, 269, 268, 269, 268, 270, 267, 269, 269, 271, 268,
    268, 270, 267, 269, 269, 271, 270, 268, 271, 269, 271, 268, 271, 271,
    267, 268, 268, 268, 268, 269, 268, 269, 270, 267, 269, 267, 267, 270,
    270, 270, 269, 269, 267, 270, 270, 268, 271, 269, 268, 269, 269, 268,
    271, 269, 271, 271, 270, 268, 269, 270, 268, 268, 269, 268, 267, 269,
    267, 270, 268, 268, 268, 270, 269, 269, 270, 271, 269, 271, 270, 270,
    267, 269, 269, 269, 271, 267, 267 ]
