%YAML:1.0
---
videoName: "LHShake03.mp4"
gestureLabel: 2
fps: 30
pixelSizeInCmTemp: 3.2808219178082193e-01
faceCenterPointX: 251
faceCenterPointY: 79
LHandPositionsX: [ 342, 346, 348, 355, 357, 357, 355, 346, 337, 329, 317,
    317, 315, 315, 313, 318, 323, 333, 337, 333, 342, 339, 336, 328, 326,
    322, 322, 323, 323, 330, 332, 339, 342, 339, 334, 321, 317, 313, 311,
    313, 313, 320, 329, 334, 334, 337, 332, 326, 325, 324, 323, 327, 334,
    338, 341, 345, 337, 337, 337, 337, 335, 327, 323, 316, 314, 312, 308,
    304, 303, 301, 298, 295, 298, 297, 294, 290, 290, 293, 290, 292, 292,
    291, 288, 288, 285, 289, 287, 288, 284, 285, 283 ]
LHandPositionsY: [ 141, 137, 125, 118, 115, 111, 106, 105, 97, 98, 103,
    105, 105, 101, 97, 96, 89, 88, 85, 86, 83, 88, 90, 88, 88, 88, 90,
    91, 87, 86, 84, 84, 82, 82, 84, 89, 94, 96, 96, 94, 90, 91, 91, 86,
    88, 90, 85, 87, 89, 90, 93, 90, 89, 89, 85, 89, 93, 95, 99, 103, 111,
    132, 140, 154, 167, 178, 185, 198, 207, 215, 223, 223, 226, 230, 231,
    237, 238, 243, 246, 250, 251, 251, 249, 250, 256, 255, 251, 251, 254,
    254, 252 ]
RHandPositionsX: [ 214, 216, 212, 216, 213, 214, 214, 212, 212, 213, 214,
    215, 214, 212, 213, 211, 213, 211, 211, 212, 212, 213, 212, 211, 211,
    214, 214, 212, 215, 213, 212, 214, 215, 211, 214, 212, 213, 211, 212,
    215, 211, 214, 213, 215, 213, 211, 211, 213, 213, 212, 213, 211, 212,
    211, 212, 215, 214, 213, 213, 211, 210, 212, 210, 214, 213, 212, 213,
    211, 211, 214, 214, 212, 213, 214, 210, 210, 214, 213, 210, 213, 213,
    211, 210, 210, 212, 210, 211, 210, 210, 212, 212 ]
RHandPositionsY: [ 257, 254, 257, 255, 257, 254, 256, 255, 252, 252, 254,
    254, 256, 252, 254, 255, 256, 255, 255, 252, 253, 253, 251, 253, 252,
    251, 254, 251, 254, 252, 254, 254, 254, 254, 251, 251, 253, 254, 255,
    251, 251, 252, 254, 255, 255, 254, 251, 254, 254, 252, 252, 252, 255,
    252, 255, 251, 255, 255, 251, 255, 253, 254, 252, 251, 253, 252, 252,
    254, 255, 255, 253, 251, 251, 254, 255, 252, 252, 255, 252, 254, 253,
    254, 252, 251, 252, 254, 253, 252, 253, 251, 254 ]
