%YAML:1.0
---
videoName: "LHShake19.mp4"
gestureLabel: 2
fps: 29
pixelSizeInCmTemp: 3.3732394366197183e-01
faceCenterPointX: 250
faceCenterPointY: 62
LHandPositionsX: [ 308, 306, 308, 306, 309, 306, 306, 307, 307, 308, 307,
    306, 305, 309, 305, 310, 312, 316, 321, 323, 325, 322, 311, 291, 286,
    289, 290, 300, 307, 316, 312, 314, 307, 296, 286, 288, 295, 301, 310,
    319, 318, 314, 303, 290, 293, 293, 300, 308, 314, 314, 309, 305, 297,
    293, 298, 299, 307, 315, 318, 315, 313, 308, 304, 303, 296, 291, 293,
    293, 297, 301, 304, 304, 303, 306, 307, 306, 306, 307, 307, 307, 309,
    308, 307, 309, 309, 310, 310, 310 ]
LHandPositionsY: [ 250, 249, 250, 248, 251, 251, 250, 252, 252, 252, 248,
    250, 251, 248, 244, 240, 230, 213, 201, 189, 176, 170, 163, 161, 154,
    154, 158, 159, 155, 152, 155, 153, 156, 151, 149, 147, 152, 153, 152,
    152, 150, 153, 157, 147, 147, 154, 156, 153, 154, 151, 155, 159, 148,
    146, 154, 157, 155, 155, 152, 152, 154, 155, 156, 165, 168, 171, 179,
    191, 196, 210, 214, 217, 216, 220, 224, 229, 233, 236, 237, 238, 235,
    238, 238, 239, 239, 241, 237, 237 ]
RHandPositionsX: [ 196, 196, 198, 195, 198, 198, 195, 197, 196, 197, 197,
    197, 195, 196, 198, 195, 195, 199, 198, 199, 196, 199, 196, 198, 197,
    198, 194, 194, 196, 197, 197, 197, 196, 194, 195, 192, 195, 196, 196,
    193, 195, 193, 192, 193, 194, 194, 192, 191, 191, 191, 192, 192, 192,
    193, 195, 191, 194, 192, 194, 194, 191, 193, 194, 191, 195, 194, 191,
    192, 191, 192, 192, 191, 194, 193, 192, 195, 191, 191, 194, 194, 191,
    195, 192, 191, 195, 195, 191, 193 ]
RHandPositionsY: [ 254, 258, 256, 254, 255, 256, 255, 257, 255, 258, 254,
    257, 254, 255, 258, 258, 255, 254, 257, 254, 255, 254, 254, 254, 254,
    258, 254, 257, 254, 256, 255, 255, 258, 254, 255, 254, 255, 255, 257,
    258, 254, 258, 255, 257, 254, 255, 256, 255, 254, 256, 257, 258, 255,
    257, 254, 257, 258, 254, 256, 257, 256, 255, 254, 257, 258, 257, 256,
    255, 257, 256, 257, 256, 257, 254, 256, 256, 256, 258, 255, 256, 258,
    254, 255, 254, 254, 255, 258, 256 ]
