%YAML:1.0
---
videoName: "LHShake23.mp4"
gestureLabel: 2
fps: 30
pixelSizeInCmTemp: 3.3263888888888887e-01
faceCenterPointX: 259
faceCenterPointY: 79
LHandPositionsX: [ 332, 334, 332, 330, 332, 333, 332, 334, 330, 334, 332,
    335, 342, 346, 350, 359, 371, 373, 374, 379, 380, 381, 376, 368, 355,
    350, 355, 354, 356, 360, 372, 381, 384, 383, 382, 377, 369, 361, 359,
    360, 364, 369, 377, 386, 381, 384, 382, 375, 361, 355, 356, 351, 357,
    363, 374, 383, 383, 379, 380, 373, 364, 357, 357, 356, 355, 362, 374,
    378, 380, 380, 380, 377, 371, 365, 357, 349, 349, 342, 339, 340, 338,
    337, 337, 337, 339, 337, 335, 334, 335, 334, 336 ]
LHandPositionsY: [ 266, 265, 266, 265, 262, 264, 265, 264, 261, 261, 257,
    252, 242, 233, 231, 215, 199, 196, 192, 185, 180, 172, 169, 166, 167,
    169, 168, 167, 169, 164, 163, 163, 157, 160, 159, 162, 163, 165, 162,
    165, 166, 164, 160, 157, 160, 158, 161, 161, 160, 163, 163, 168, 167,
    165, 167, 162, 163, 164, 161, 163, 164, 168, 167, 168, 171, 171, 168,
    167, 165, 168, 168, 171, 176, 183, 193, 202, 214, 228, 239, 249, 249,
    251, 252, 250, 253, 255, 253, 253, 252, 254, 252 ]
RHandPositionsX: [ 182, 183, 183, 183, 185, 182, 183, 183, 182, 185, 182,
    186, 183, 182, 185, 183, 184, 185, 185, 183, 184, 182, 183, 183, 183,
    184, 183, 183, 182, 183, 184, 182, 185, 182, 186, 183, 184, 182, 184,
    184, 184, 186, 182, 184, 184, 182, 184, 183, 185, 183, 184, 184, 185,
    182, 185, 185, 184, 183, 182, 183, 182, 183, 184, 182, 185, 183, 186,
    186, 186, 185, 185, 186, 186, 186, 183, 183, 185, 183, 186, 182, 182,
    184, 184, 183, 183, 182, 186, 183, 182, 182, 186 ]
RHandPositionsY: [ 273, 271, 271, 272, 274, 272, 274, 273, 270, 274, 271,
    271, 274, 273, 270, 270, 272, 272, 274, 270, 270, 270, 273, 272, 273,
    272, 271, 272, 272, 271, 274, 270, 271, 274, 274, 272, 271, 270, 273,
    271, 270, 273, 274, 273, 270, 270, 272, 274, 273, 272, 270, 270, 271,
    271, 273, 270, 274, 270, 274, 271, 270, 271, 272, 272, 274, 273, 271,
    273, 271, 273, 272, 274, 273, 271, 270, 271, 274, 271, 274, 270, 274,
    270, 273, 274, 274, 272, 274, 272, 273, 274, 270 ]
