%YAML:1.0
---
videoName: "LHShake19.mp4"
gestureLabel: 2
fps: 29
pixelSizeInCmTemp: 3.3732394366197183e-01
faceCenterPointX: 250
faceCenterPointY: 62
LHandPositionsX: [ 308, 307, 309, 307, 309, 308, 307, 305, 308, 309, 309,
    305, 309, 308, 306, 308, 311, 318, 320, 325, 327, 320, 311, 291, 288,
    286, 291, 300, 306, 314, 315, 315, 306, 294, 288, 290, 292, 302, 310,
    317, 319, 313, 306, 292, 293, 294, 297, 306, 316, 314, 310, 305, 297,
    293, 294, 300, 307, 316, 317, 318, 312, 307, 305, 300, 297, 291, 293,
    291, 294, 299, 303, 304, 302, 305, 305, 306, 308, 307, 309, 308, 311,
    308, 309, 307, 310, 307, 309, 311 ]
LHandPositionsY: [ 249, 252, 250, 249, 252, 249, 250, 248, 250, 249, 251,
    248, 248, 249, 245, 238, 228, 214, 205, 192, 176, 170, 162, 164, 157,
    155, 156, 156, 155, 151, 152, 152, 156, 151, 148, 146, 154, 152, 153,
    151, 150, 151, 156, 148, 145, 153, 152, 152, 154, 152, 152, 155, 148,
    144, 155, 155, 155, 151, 151, 154, 152, 153, 159, 161, 168, 174, 177,
    187, 197, 206, 215, 214, 216, 221, 227, 228, 231, 236, 235, 235, 237,
    237, 239, 236, 240, 241, 238, 239 ]
RHandPositionsX: [ 199, 195, 195, 195, 199, 197, 195, 196, 199, 197, 196,
    195, 195, 197, 199, 196, 197, 197, 198, 199, 197, 197, 195, 195, 194,
    194, 197, 197, 197, 197, 195, 195, 194, 194, 195, 196, 195, 193, 193,
    194, 191, 191, 195, 191, 193, 194, 195, 193, 193, 195, 191, 194, 194,
    193, 194, 194, 194, 194, 195, 194, 192, 194, 192, 194, 191, 193, 193,
    191, 192, 194, 191, 191, 192, 195, 193, 193, 191, 193, 191, 193, 191,
    191, 194, 192, 192, 193, 195, 193 ]
RHandPositionsY: [ 254, 255, 256, 257, 255, 256, 255, 255, 254, 257, 256,
    254, 258, 258, 258, 255, 256, 257, 257, 256, 256, 257, 257, 255, 258,
    254, 254, 254, 257, 255, 255, 255, 255, 257, 256, 257, 256, 254, 258,
    254, 256, 258, 254, 254, 255, 256, 258, 257, 254, 257, 256, 258, 254,
    257, 258, 256, 257, 258, 258, 256, 255, 258, 257, 257, 256, 254, 257,
    254, 255, 255, 257, 255, 258, 256, 256, 254, 255, 257, 257, 258, 255,
    254, 257, 256, 254, 257, 257, 255 ]
