%YAML:1.0
---
videoName: "LHShake24.mp4"
gestureLabel: 2
fps: 30
pixelSizeInCmTemp: 3.4214285714285714e-01
faceCenterPointX: 255
faceCenterPointY: 77
LHandPositionsX: [ 326, 330, 327, 329, 328, 330, 329, 326, 330, 329, 334,
    336, 339, 346, 351, 362, 369, 377, 382, 381, 383, 377, 370, 359, 349,
    342, 342, 343, 340, 348, 357, 366, 379, 378, 376, 374, 366, 356, 343,
    340, 342, 336, 342, 353, 366, 364, 366, 367, 363, 353, 342, 338, 342,
    338, 345, 356, 366, 373, 368, 373, 369, 362, 355, 343, 343, 342, 347,
    352, 361, 367, 366, 368, 367, 359, 351, 342, 338, 333, 330, 325, 326,
    323, 326, 327, 325, 326, 325, 329, 328, 325, 325 ]
LHandPositionsY: [ 261, 263, 261, 264, 264, 260, 262, 260, 264, 262, 259,
    255, 247, 237, 226, 209, 193, 184, 171, 170, 161, 153, 152, 153, 157,
    163, 165, 164, 163, 161, 159, 154, 148, 148, 149, 146, 144, 149, 150,
    157, 153, 154, 152, 153, 150, 149, 150, 152, 151, 153, 158, 164, 161,
    162, 163, 159, 159, 156, 158, 153, 158, 157, 160, 164, 162, 164, 161,
    163, 159, 158, 160, 158, 158, 159, 157, 162, 172, 178, 186, 197, 207,
    219, 230, 233, 237, 239, 243, 247, 248, 247, 250 ]
RHandPositionsX: [ 181, 181, 180, 179, 182, 179, 182, 179, 181, 181, 180,
    180, 182, 182, 179, 179, 183, 180, 182, 183, 182, 183, 180, 179, 180,
    179, 180, 179, 180, 183, 182, 183, 180, 181, 181, 180, 182, 183, 179,
    180, 179, 179, 183, 180, 179, 182, 181, 180, 180, 183, 181, 183, 182,
    183, 180, 179, 183, 182, 180, 181, 183, 183, 181, 181, 183, 179, 183,
    183, 179, 183, 181, 182, 182, 181, 183, 181, 179, 180, 183, 183, 182,
    183, 183, 179, 183, 183, 179, 182, 182, 179, 181 ]
RHandPositionsY: [ 268, 269, 267, 270, 268, 271, 271, 267, 269, 271, 269,
    267, 268, 270, 271, 271, 270, 267, 267, 267, 269, 267, 269, 267, 268,
    269, 269, 268, 269, 271, 267, 269, 268, 271, 270, 271, 271, 267, 270,
    271, 269, 271, 271, 267, 270, 270, 268, 267, 268, 271, 271, 269, 270,
    267, 271, 267, 267, 269, 269, 271, 267, 271, 267, 271, 268, 271, 270,
    268, 268, 271, 268, 268, 271, 271, 269, 269, 270, 270, 270, 269, 267,
    271, 270, 269, 267, 267, 268, 267, 269, 270, 271 ]
