%YAML:1.0
---
videoName: "LHShake05.mp4"
gestureLabel: 2
fps: 30
pixelSizeInCmTemp: 3.2364864864864862e-01
faceCenterPointX: 252
faceCenterPointY: 81
LHandPositionsX: [ 293, 291, 292, 294, 292, 291, 292, 295, 291, 293, 295,
    295, 304, 312, 321, 335, 341, 344, 342, 339, 338, 337, 332, 331, 331,
    332, 334, 337, 341, 343, 344, 336, 329, 324, 324, 325, 328, 334, 334,
    339, 337, 331, 321, 322, 321, 325, 326, 330, 335, 338, 336, 329, 325,
    325, 323, 326, 330, 336, 341, 339, 332, 330, 333, 330, 329, 334, 339,
    340, 338, 339, 336, 323, 323, 317, 309, 308, 303, 300, 298, 296, 294,
    295, 292, 293, 295, 292, 295, 292, 291, 296, 294 ]
LHandPositionsY: [ 268, 267, 267, 268, 266, 267, 269, 267, 265, 257, 242,
    225, 212, 198, 184, 173, 165, 162, 158, 153, 155, 156, 157, 156, 153,
    154, 147, 145, 142, 136, 132, 136, 145, 145, 144, 145, 144, 141, 139,
    137, 135, 138, 141, 145, 144, 144, 141, 137, 134, 132, 135, 141, 140,
    143, 141, 145, 138, 139, 138, 138, 138, 143, 141, 145, 141, 140, 141,
    139, 139, 141, 142, 150, 163, 170, 178, 190, 197, 207, 219, 229, 237,
    234, 239, 244, 248, 248, 249, 249, 253, 254, 258 ]
RHandPositionsX: [ 214, 211, 213, 213, 210, 213, 212, 212, 214, 211, 210,
    213, 210, 213, 209, 212, 212, 209, 210, 208, 209, 212, 209, 209, 209,
    208, 210, 210, 209, 210, 209, 206, 207, 210, 208, 206, 207, 207, 207,
    207, 208, 209, 207, 208, 206, 207, 206, 206, 208, 210, 207, 206, 206,
    209, 210, 209, 209, 207, 208, 208, 207, 207, 209, 209, 209, 210, 210,
    206, 208, 209, 208, 206, 209, 206, 206, 208, 210, 206, 206, 209, 209,
    206, 209, 210, 207, 207, 208, 209, 208, 208, 209 ]
RHandPositionsY: [ 266, 263, 262, 262, 266, 264, 265, 262, 263, 265, 262,
    265, 265, 265, 266, 264, 265, 266, 264, 262, 266, 263, 263, 263, 262,
    263, 266, 264, 265, 262, 265, 266, 263, 264, 265, 261, 264, 264, 265,
    262, 265, 262, 263, 265, 264, 264, 263, 264, 264, 265, 261, 263, 265,
    265, 265, 261, 262, 264, 265, 262, 265, 264, 265, 265, 262, 262, 261,
    261, 264, 263, 262, 265, 263, 261, 263, 263, 265, 264, 264, 263, 261,
    261, 264, 265, 262, 265, 265, 265, 264, 262, 263 ]
