%YAML:1.0
---
videoName: "LHShake03.mp4"
gestureLabel: 2
fps: 30
pixelSizeInCmTemp: 3.2808219178082193e-01
faceCenterPointX: 251
faceCenterPointY: 79
LHandPositionsX: [ 344, 344, 351, 354, 358, 358, 355, 347, 335, 326, 315,
    318, 318, 313, 317, 320, 324, 330, 337, 334, 338, 340, 334, 328, 324,
    322, 321, 321, 326, 329, 335, 343, 343, 337, 332, 321, 318, 314, 312,
    313, 314, 321, 326, 331, 333, 334, 333, 330, 326, 323, 323, 327, 334,
    339, 341, 341, 340, 336, 338, 336, 338, 328, 321, 317, 316, 311, 309,
    303, 299, 298, 298, 298, 296, 293, 294, 294, 290, 293, 289, 292, 288,
    291, 292, 286, 287, 288, 285, 285, 284, 286, 285 ]
LHandPositionsY: [ 142, 134, 128, 119, 113, 109, 106, 105, 95, 99, 103,
    103, 103, 100, 96, 93, 91, 87, 87, 88, 82, 86, 90, 89, 86, 87, 92,
    89, 87, 84, 85, 83, 82, 85, 87, 88, 94, 93, 98, 96, 91, 90, 89, 90,
    89, 89, 84, 85, 89, 90, 93, 90, 91, 88, 85, 88, 93, 93, 98, 99, 112,
    133, 140, 153, 165, 176, 186, 198, 207, 215, 222, 220, 226, 228, 231,
    235, 239, 241, 246, 251, 247, 250, 249, 252, 254, 255, 255, 252, 251,
    251, 253 ]
RHandPositionsX: [ 212, 216, 216, 213, 212, 212, 213, 214, 215, 214, 212,
    213, 211, 212, 213, 213, 215, 213, 213, 215, 211, 212, 214, 212, 213,
    212, 211, 212, 214, 213, 214, 214, 214, 215, 213, 215, 212, 214, 211,
    214, 214, 215, 215, 214, 211, 213, 213, 212, 213, 215, 213, 212, 213,
    211, 215, 214, 210, 211, 214, 211, 214, 214, 213, 213, 213, 211, 213,
    214, 212, 210, 214, 212, 214, 213, 212, 211, 212, 212, 210, 211, 214,
    210, 210, 211, 212, 214, 213, 210, 211, 210, 210 ]
RHandPositionsY: [ 256, 254, 258, 257, 257, 252, 254, 255, 252, 253, 254,
    254, 256, 255, 256, 256, 255, 255, 254, 254, 253, 254, 255, 251, 252,
    251, 255, 252, 254, 255, 252, 251, 251, 255, 253, 254, 251, 252, 253,
    254, 251, 255, 252, 252, 251, 253, 252, 252, 255, 255, 254, 253, 254,
    251, 251, 255, 253, 252, 254, 255, 255, 254, 253, 254, 253, 252, 252,
    255, 251, 255, 255, 254, 254, 251, 255, 255, 254, 255, 254, 255, 253,
    254, 254, 254, 251, 251, 253, 253, 251, 255, 253 ]
