%YAML:1.0
---
videoName: "LHShake15.mp4"
gestureLabel: 2
fps: 29
pixelSizeInCmTemp: 3.3263888888888887e-01
faceCenterPointX: 252
faceCenterPointY: 65
LHandPositionsX: [ 331, 327, 327, 330, 327, 329, 327, 331, 334, 329, 335,
    341, 346, 352, 357, 363, 369, 375, 378, 381, 377, 380, 367, 361, 346,
    343, 344, 342, 346, 353, 360, 358, 360, 360, 359, 344, 333, 331, 331,
    336, 344, 354, 356, 352, 351, 355, 347, 332, 331, 329, 328, 343, 353,
    357, 351, 353, 359, 353, 342, 334, 335, 329, 334, 340, 344, 351, 349,
    350, 349, 347, 341, 335, 327, 327, 324, 319, 323, 321, 326, 326, 325,
    326, 325, 328, 324, 324, 325, 327 ]
LHandPositionsY: [ 256, 257, 258, 254, 257, 257, 258, 257, 255, 252, 242,
    227, 217, 203, 185, 169, 154, 134, 120, 119, 118, 104, 105, 101, 105,
    104, 104, 100, 97, 95, 91, 93, 93, 94, 97, 99, 100, 100, 99, 97, 98,
    93, 98, 96, 96, 97, 99, 98, 103, 98, 99, 93, 93, 94, 94, 95, 94, 100,
    99, 99, 100, 99, 101, 96, 101, 101, 98, 99, 102, 100, 104, 119, 137,
    150, 168, 177, 191, 208, 219, 229, 230, 237, 239, 237, 238, 239, 242,
    240 ]
RHandPositionsX: [ 179, 178, 176, 177, 177, 179, 175, 178, 178, 176, 175,
    178, 175, 176, 177, 179, 177, 175, 177, 176, 179, 176, 178, 176, 176,
    178, 175, 175, 175, 179, 179, 177, 175, 175, 176, 177, 178, 178, 178,
    176, 179, 176, 176, 176, 176, 176, 176, 179, 177, 179, 175, 178, 178,
    175, 177, 178, 175, 179, 176, 178, 175, 179, 175, 175, 178, 178, 175,
    177, 177, 175, 176, 176, 178, 179, 179, 176, 177, 179, 177, 179, 179,
    175, 178, 178, 176, 179, 177, 177 ]
RHandPositionsY: [ 261, 260, 258, 259, 261, 257, 261, 259, 257, 261, 258,
    260, 261, 261, 260, 261, 261, 261, 261, 258, 258, 260, 257, 257, 258,
    258, 260, 260, 260, 257, 261, 260, 261, 258, 261, 260, 258, 261, 258,
    260, 259, 261, 260, 261, 259, 259, 257, 257, 258, 259, 257, 261, 260,
    261, 260, 261, 258, 261, 258, 258, 258, 260, 259, 258, 261, 258, 258,
    259, 257, 258, 259, 257, 258, 258, 260, 261, 259, 259, 260, 257, 260,
    257, 259, 259, 257, 261, 260, 260 ]
