%YAML:1.0
---
videoName: "LHShake14.mp4"
gestureLabel: 2
fps: 29
pixelSizeInCmTemp: 3.2808219178082193e-01
faceCenterPointX: 256
faceCenterPointY: 64
LHandPositionsX: [ 350, 352, 349, 356, 368, 379, 389, 391, 386, 380, 372,
    361, 360, 354, 362, 372, 384, 381, 382, 379, 374, 364, 356, 357, 354,
    359, 368, 379, 388, 384, 384, 379, 366, 359, 358, 355, 361, 372, 380,
    380, 380, 379, 369, 363, 358, 357, 358, 366, 373, 376, 376, 377, 374,
    367, 356, 347, 342, 338, 330, 329, 326, 330, 329, 328, 328, 331, 329,
    332, 330, 330, 328, 328, 328, 328, 327, 330, 329, 329, 331, 328, 327,
    331, 328, 330, 330, 328, 327, 330 ]
LHandPositionsY: [ 149, 144, 148, 145, 143, 140, 139, 140, 143, 143, 144,
    146, 147, 150, 146, 144, 139, 140, 140, 141, 138, 141, 145, 149, 146,
    149, 148, 142, 144, 144, 140, 143, 147, 146, 148, 150, 147, 145, 143,
    143, 141, 142, 141, 141, 143, 144, 143, 142, 141, 144, 144, 143, 149,
    152, 159, 165, 175, 190, 199, 208, 223, 234, 234, 236, 242, 247, 250,
    247, 248, 249, 250, 252, 250, 248, 251, 252, 252, 252, 252, 252, 251,
    248, 248, 252, 251, 248, 249, 251 ]
RHandPositionsX: [ 184, 184, 180, 184, 181, 181, 182, 180, 183, 179, 179,
    180, 179, 181, 180, 180, 176, 180, 178, 179, 179, 179, 178, 179, 177,
    175, 176, 177, 175, 179, 178, 177, 178, 178, 176, 177, 177, 179, 176,
    176, 178, 178, 175, 178, 177, 175, 176, 178, 179, 179, 177, 175, 177,
    178, 179, 179, 175, 178, 179, 175, 179, 179, 178, 178, 176, 178, 179,
    175, 176, 178, 177, 175, 178, 176, 179, 176, 175, 175, 179, 178, 178,
    178, 179, 176, 179, 175, 177, 177 ]
RHandPositionsY: [ 279, 278, 276, 275, 279, 276, 277, 278, 278, 279, 276,
    276, 276, 278, 277, 275, 275, 275, 274, 276, 276, 277, 273, 274, 276,
    276, 275, 273, 276, 274, 274, 273, 274, 275, 273, 276, 277, 277, 277,
    276, 273, 273, 277, 274, 276, 275, 277, 274, 275, 273, 274, 277, 276,
    274, 274, 274, 276, 277, 276, 274, 274, 274, 274, 275, 273, 274, 275,
    274, 274, 274, 274, 276, 274, 273, 274, 275, 275, 274, 276, 277, 277,
    274, 277, 277, 276, 273, 274, 273 ]
