%YAML:1.0
---
videoName: "LHShake15.mp4"
gestureLabel: 2
fps: 29
pixelSizeInCmTemp: 3.3263888888888887e-01
faceCenterPointX: 252
faceCenterPointY: 65
LHandPositionsX: [ 331, 331, 329, 329, 331, 328, 329, 330, 332, 327, 336,
    343, 349, 350, 357, 364, 369, 375, 378, 382, 380, 380, 365, 358, 346,
    344, 344, 339, 347, 354, 361, 360, 359, 360, 357, 345, 330, 332, 330,
    336, 347, 355, 355, 354, 350, 353, 351, 333, 331, 330, 332, 343, 351,
    358, 355, 351, 359, 353, 341, 335, 331, 330, 333, 341, 342, 349, 350,
    351, 348, 350, 339, 335, 327, 326, 325, 323, 323, 322, 326, 325, 327,
    327, 326, 328, 325, 325, 324, 326 ]
LHandPositionsY: [ 254, 258, 258, 256, 257, 254, 256, 254, 253, 252, 240,
    231, 213, 201, 186, 169, 155, 136, 123, 117, 115, 105, 105, 103, 107,
    103, 101, 100, 101, 98, 91, 94, 94, 93, 96, 96, 98, 101, 98, 95, 95,
    95, 98, 98, 99, 99, 102, 100, 99, 99, 99, 95, 94, 97, 97, 96, 95,
    101, 100, 100, 102, 101, 99, 97, 100, 99, 101, 100, 101, 101, 108,
    123, 136, 151, 164, 179, 193, 206, 219, 233, 234, 236, 238, 239, 242,
    240, 241, 241 ]
RHandPositionsX: [ 178, 179, 179, 178, 176, 176, 176, 178, 178, 178, 178,
    178, 177, 179, 179, 179, 177, 178, 179, 179, 179, 178, 177, 176, 179,
    176, 175, 177, 177, 179, 178, 175, 175, 176, 175, 177, 177, 179, 175,
    178, 175, 179, 178, 178, 177, 177, 178, 179, 176, 179, 178, 179, 177,
    178, 177, 175, 177, 176, 179, 176, 179, 179, 177, 177, 175, 178, 179,
    176, 178, 177, 175, 177, 179, 179, 178, 175, 176, 178, 177, 176, 175,
    176, 176, 179, 178, 178, 178, 176 ]
RHandPositionsY: [ 258, 260, 259, 261, 259, 261, 259, 260, 259, 257, 259,
    260, 260, 261, 257, 257, 261, 258, 257, 258, 261, 257, 257, 259, 261,
    261, 261, 260, 257, 259, 257, 257, 257, 258, 261, 258, 259, 260, 259,
    258, 259, 257, 260, 259, 260, 259, 261, 261, 261, 258, 259, 258, 258,
    261, 257, 260, 258, 261, 261, 261, 261, 260, 259, 257, 259, 258, 260,
    257, 261, 261, 260, 261, 257, 260, 261, 257, 260, 259, 257, 258, 257,
    258, 259, 257, 260, 258, 260, 259 ]
