%YAML:1.0
---
videoName: "LHShake03.mp4"
gestureLabel: 2
fps: 30
pixelSizeInCmTemp: 3.2808219178082193e-01
faceCenterPointX: 251
faceCenterPointY: 79
LHandPositionsX: [ 344, 344, 350, 356, 354, 357, 354, 347, 339, 327, 315,
    316, 316, 314, 317, 320, 327, 330, 335, 335, 340, 340, 336, 329, 326,
    325, 323, 320, 327, 331, 335, 341, 341, 339, 335, 323, 315, 313, 311,
    313, 317, 322, 327, 333, 336, 335, 331, 328, 322, 323, 322, 327, 332,
    340, 345, 345, 336, 333, 336, 335, 337, 329, 321, 318, 316, 314, 309,
    302, 299, 298, 296, 295, 295, 295, 295, 291, 292, 292, 290, 292, 289,
    289, 289, 288, 285, 287, 289, 288, 284, 283, 286 ]
LHandPositionsY: [ 142, 134, 127, 122, 113, 110, 106, 104, 99, 99, 107,
    103, 106, 98, 97, 96, 89, 90, 86, 87, 81, 87, 90, 89, 87, 87, 92, 92,
    90, 87, 87, 84, 81, 84, 84, 89, 95, 97, 98, 96, 91, 91, 92, 87, 85,
    86, 88, 85, 88, 91, 91, 93, 93, 88, 88, 88, 92, 96, 95, 99, 113, 129,
    143, 156, 168, 178, 188, 196, 204, 214, 221, 222, 227, 227, 232, 235,
    239, 244, 248, 247, 250, 251, 252, 254, 255, 251, 253, 251, 254, 252,
    254 ]
RHandPositionsX: [ 216, 212, 213, 216, 213, 212, 213, 211, 213, 211, 212,
    212, 212, 212, 213, 214, 212, 214, 211, 215, 214, 212, 214, 215, 213,
    213, 211, 213, 214, 215, 213, 214, 215, 214, 211, 211, 214, 212, 215,
    211, 215, 211, 215, 214, 213, 212, 211, 211, 211, 211, 214, 214, 211,
    214, 212, 212, 214, 212, 210, 212, 210, 212, 213, 211, 213, 214, 213,
    210, 212, 213, 211, 210, 210, 213, 212, 213, 212, 211, 213, 213, 212,
    214, 213, 210, 211, 210, 213, 210, 214, 214, 212 ]
RHandPositionsY: [ 259, 255, 255, 255, 254, 255, 256, 256, 256, 256, 255,
    254, 253, 254, 252, 252, 256, 253, 254, 253, 251, 254, 253, 252, 251,
    251, 251, 252, 251, 255, 254, 255, 254, 253, 253, 254, 253, 251, 255,
    252, 251, 251, 251, 253, 253, 255, 255, 255, 255, 251, 253, 254, 255,
    253, 255, 255, 254, 251, 253, 251, 253, 252, 253, 254, 254, 254, 253,
    254, 253, 254, 251, 254, 255, 251, 251, 251, 253, 254, 254, 255, 254,
    254, 251, 254, 253, 254, 252, 255, 253, 255, 255 ]
