%YAML:1.0
---
videoName: "LHShake24.mp4"
gestureLabel: 2
fps: 30
pixelSizeInCmTemp: 3.4214285714285714e-01
faceCenterPointX: 255
faceCenterPointY: 77
LHandPositionsX: [ 329, 326, 328, 326, 330, 326, 326, 329, 331, 329, 333,
    335, 341, 345, 351, 361, 367, 373, 382, 382, 383, 377, 372, 358, 349,
    340, 341, 339, 342, 351, 358, 368, 380, 375, 376, 375, 367, 358, 343,
    337, 339, 339, 345, 355, 366, 365, 364, 366, 362, 356, 342, 339, 342,
    340, 346, 353, 364, 372, 369, 373, 369, 364, 354, 347, 344, 345, 344,
    352, 358, 369, 368, 370, 364, 361, 351, 343, 337, 333, 329, 328, 322,
    325, 326, 326, 325, 326, 328, 328, 325, 325, 324 ]
LHandPositionsY: [ 264, 264, 260, 262, 260, 263, 263, 263, 261, 259, 258,
    255, 247, 235, 226, 210, 194, 183, 171, 169, 161, 155, 150, 155, 156,
    160, 164, 161, 161, 162, 158, 152, 148, 149, 148, 145, 147, 147, 150,
    153, 154, 152, 153, 153, 150, 150, 150, 152, 150, 157, 160, 165, 161,
    161, 162, 159, 159, 156, 158, 154, 158, 160, 158, 161, 163, 164, 160,
    160, 159, 158, 156, 159, 155, 160, 161, 161, 169, 177, 188, 197, 210,
    217, 231, 230, 233, 240, 243, 247, 248, 246, 247 ]
RHandPositionsX: [ 181, 179, 180, 179, 181, 183, 179, 183, 183, 180, 182,
    182, 181, 179, 181, 182, 180, 180, 180, 182, 182, 180, 183, 182, 182,
    182, 183, 180, 179, 179, 182, 180, 182, 182, 179, 181, 182, 180, 180,
    181, 179, 181, 179, 179, 181, 182, 181, 179, 182, 179, 179, 180, 183,
    183, 182, 181, 181, 183, 180, 181, 181, 179, 179, 179, 180, 182, 179,
    179, 181, 181, 183, 183, 183, 179, 183, 180, 180, 182, 183, 180, 183,
    180, 182, 179, 180, 181, 181, 181, 179, 182, 179 ]
RHandPositionsY: [ 267, 270, 267, 269, 270, 269, 269, 267, 271, 270, 267,
    269, 268, 271, 269, 268, 268, 269, 268, 270, 267, 269, 270, 270, 269,
    269, 269, 271, 268, 267, 270, 268, 270, 269, 267, 268, 267, 271, 269,
    269, 270, 268, 270, 268, 268, 271, 269, 267, 268, 267, 271, 268, 268,
    268, 271, 271, 268, 271, 269, 270, 269, 270, 271, 268, 271, 270, 268,
    269, 268, 268, 268, 271, 267, 271, 270, 271, 267, 271, 268, 271, 267,
    271, 271, 269, 268, 269, 269, 271, 268, 267, 268 ]
