%YAML:1.0
---
videoName: "LHShake24.mp4"
gestureLabel: 2
fps: 30
pixelSizeInCmTemp: 3.4214285714285714e-01
faceCenterPointX: 255
faceCenterPointY: 77
LHandPositionsX: [ 326, 329, 327, 327, 326, 328, 330, 326, 328, 330, 334,
    336, 342, 347, 353, 362, 371, 377, 383, 381, 384, 378, 372, 358, 348,
    339, 342, 341, 344, 351, 359, 367, 380, 375, 377, 376, 367, 356, 347,
    340, 340, 338, 346, 353, 363, 367, 365, 366, 364, 353, 344, 339, 340,
    341, 346, 356, 364, 372, 369, 374, 370, 360, 353, 345, 344, 342, 344,
    350, 358, 370, 368, 366, 365, 358, 351, 341, 335, 335, 329, 327, 323,
    324, 328, 327, 325, 326, 328, 326, 325, 326, 327 ]
LHandPositionsY: [ 261, 262, 264, 263, 261, 263, 262, 263, 261, 260, 261,
    257, 246, 238, 224, 209, 195, 185, 174, 171, 158, 151, 152, 152, 156,
    161, 161, 162, 160, 159, 156, 152, 148, 150, 151, 148, 146, 148, 152,
    155, 156, 154, 156, 151, 148, 149, 151, 148, 153, 155, 161, 162, 163,
    165, 160, 159, 160, 159, 156, 155, 155, 159, 158, 163, 161, 161, 164,
    162, 158, 157, 160, 158, 157, 160, 161, 162, 171, 177, 186, 196, 207,
    219, 229, 232, 234, 241, 244, 249, 249, 246, 248 ]
RHandPositionsX: [ 179, 183, 181, 179, 180, 183, 183, 180, 182, 181, 182,
    183, 182, 180, 181, 179, 182, 180, 180, 180, 182, 180, 181, 181, 181,
    180, 182, 181, 183, 183, 181, 181, 181, 182, 183, 180, 179, 182, 183,
    181, 181, 182, 180, 183, 182, 181, 182, 183, 180, 181, 180, 181, 183,
    180, 180, 181, 179, 180, 182, 183, 180, 180, 180, 183, 179, 183, 183,
    180, 179, 180, 183, 183, 182, 183, 183, 179, 183, 183, 183, 183, 181,
    180, 180, 182, 180, 183, 182, 183, 183, 180, 181 ]
RHandPositionsY: [ 271, 269, 270, 271, 271, 267, 271, 268, 271, 267, 269,
    271, 269, 269, 270, 270, 268, 268, 268, 269, 268, 270, 267, 271, 267,
    267, 269, 267, 267, 268, 269, 267, 271, 269, 267, 271, 270, 267, 268,
    270, 270, 271, 270, 269, 268, 268, 268, 269, 268, 268, 268, 271, 269,
    268, 270, 271, 267, 269, 270, 267, 269, 268, 267, 270, 268, 269, 268,
    270, 269, 267, 270, 267, 268, 269, 269, 269, 271, 267, 271, 271, 267,
    269, 268, 268, 267, 267, 268, 268, 267, 270, 267 ]
