%YAML:1.0
---
videoName: "LHShake04.mp4"
gestureLabel: 2
fps: 30
pixelSizeInCmTemp: 3.2808219178082193e-01
faceCenterPointX: 247
faceCenterPointY: 80
LHandPositionsX: [ 281, 281, 283, 282, 282, 282, 280, 279, 280, 283, 280,
    281, 278, 282, 280, 285, 290, 299, 306, 322, 336, 348, 358, 365, 372,
    369, 360, 359, 346, 344, 336, 333, 333, 341, 349, 362, 370, 367, 357,
    347, 338, 343, 341, 341, 349, 355, 358, 354, 353, 345, 343, 342, 346,
    347, 356, 354, 354, 349, 346, 347, 348, 348, 353, 359, 363, 363, 362,
    360, 352, 343, 333, 323, 316, 305, 298, 294, 293, 288, 287, 286, 288,
    289, 289, 289, 288, 286, 287, 287, 286, 287, 287 ]
LHandPositionsY: [ 268, 268, 269, 272, 270, 268, 272, 269, 271, 270, 271,
    269, 269, 268, 271, 268, 261, 254, 241, 230, 217, 201, 187, 172, 160,
    159, 154, 153, 133, 132, 134, 129, 126, 118, 118, 113, 112, 109, 114,
    118, 130, 127, 122, 125, 120, 120, 117, 113, 120, 118, 120, 123, 121,
    118, 115, 113, 109, 110, 112, 116, 117, 112, 108, 108, 106, 105, 105,
    113, 126, 145, 156, 170, 186, 198, 213, 223, 233, 244, 243, 246, 250,
    248, 249, 249, 249, 251, 254, 253, 251, 254, 252 ]
RHandPositionsX: [ 218, 218, 214, 215, 218, 214, 214, 214, 218, 215, 215,
    214, 218, 218, 216, 215, 215, 218, 217, 218, 215, 218, 215, 216, 216,
    215, 217, 216, 216, 218, 217, 218, 214, 217, 218, 215, 215, 215, 218,
    215, 214, 216, 216, 217, 215, 216, 217, 217, 215, 214, 216, 216, 217,
    216, 215, 217, 218, 217, 215, 214, 217, 218, 215, 216, 216, 216, 217,
    214, 214, 214, 217, 217, 215, 218, 214, 218, 216, 217, 216, 218, 218,
    217, 218, 217, 215, 217, 215, 214, 215, 215, 218 ]
RHandPositionsY: [ 266, 266, 268, 270, 266, 270, 270, 268, 266, 269, 269,
    266, 269, 267, 265, 265, 268, 266, 268, 264, 266, 264, 264, 265, 264,
    267, 264, 267, 263, 267, 263, 263, 263, 262, 262, 264, 265, 263, 265,
    262, 263, 263, 263, 266, 265, 263, 264, 265, 265, 261, 265, 262, 261,
    263, 264, 263, 264, 265, 263, 264, 261, 263, 265, 262, 263, 265, 262,
    262, 261, 265, 265, 265, 263, 264, 263, 263, 261, 261, 265, 261, 265,
    263, 264, 264, 265, 263, 264, 261, 265, 265, 262 ]
