%YAML:1.0
---
videoName: "LHShake15.mp4"
gestureLabel: 2
fps: 29
pixelSizeInCmTemp: 3.3263888888888887e-01
faceCenterPointX: 252
faceCenterPointY: 65
LHandPositionsX: [ 330, 328, 330, 328, 331, 330, 329, 328, 330, 329, 334,
    342, 349, 350, 356, 365, 371, 373, 380, 384, 376, 381, 364, 360, 346,
    340, 340, 341, 349, 351, 361, 358, 358, 362, 355, 345, 331, 332, 331,
    337, 347, 355, 356, 352, 351, 352, 349, 332, 328, 329, 329, 339, 353,
    355, 355, 352, 355, 354, 341, 337, 335, 330, 332, 339, 345, 351, 352,
    349, 348, 351, 341, 332, 330, 323, 323, 321, 322, 324, 322, 325, 323,
    326, 324, 327, 325, 328, 328, 327 ]
LHandPositionsY: [ 255, 256, 256, 256, 256, 257, 254, 255, 253, 251, 243,
    227, 216, 201, 183, 169, 154, 137, 120, 119, 119, 108, 102, 101, 103,
    106, 103, 101, 101, 98, 91, 96, 96, 92, 95, 96, 98, 99, 96, 94, 98,
    94, 98, 98, 98, 96, 99, 100, 101, 98, 98, 94, 92, 93, 96, 96, 98,
    100, 102, 102, 100, 99, 101, 98, 99, 100, 100, 99, 102, 99, 108, 120,
    137, 151, 167, 181, 191, 205, 219, 231, 233, 237, 239, 240, 240, 237,
    242, 240 ]
RHandPositionsX: [ 175, 176, 178, 175, 177, 178, 179, 175, 179, 175, 177,
    176, 178, 175, 177, 177, 175, 177, 177, 179, 177, 178, 177, 175, 176,
    179, 178, 175, 179, 178, 177, 179, 177, 179, 175, 179, 177, 175, 175,
    178, 177, 176, 176, 179, 175, 175, 178, 177, 179, 179, 179, 178, 175,
    178, 177, 179, 178, 175, 178, 179, 176, 175, 179, 175, 177, 178, 175,
    177, 178, 178, 176, 176, 175, 177, 175, 179, 176, 176, 177, 179, 176,
    178, 176, 175, 179, 178, 177, 177 ]
RHandPositionsY: [ 260, 258, 259, 260, 259, 261, 261, 259, 257, 257, 261,
    261, 258, 257, 260, 258, 257, 260, 260, 260, 258, 260, 261, 261, 259,
    259, 259, 258, 258, 260, 257, 260, 259, 260, 260, 261, 258, 259, 260,
    259, 257, 257, 260, 258, 257, 258, 261, 261, 257, 257, 259, 260, 259,
    260, 261, 259, 259, 257, 257, 257, 258, 257, 257, 258, 260, 259, 261,
    261, 260, 260, 259, 259, 261, 259, 258, 257, 259, 259, 258, 261, 260,
    257, 259, 261, 259, 257, 259, 261 ]
