%YAML:1.0
---
videoName: "LHShake21.mp4"
gestureLabel: 2
fps: 29
pixelSizeInCmTemp: 3.4214285714285714e-01
faceCenterPointX: 266
faceCenterPointY: 79
LHandPositionsX: [ 348, 350, 364, 373, 385, 395, 400, 406, 421, 414, 415,
    402, 389, 377, 375, 375, 373, 378, 386, 403, 403, 400, 394, 393, 385,
    372, 371, 374, 370, 372, 377, 392, 389, 384, 387, 380, 377, 371, 367,
    365, 368, 372, 377, 390, 390, 384, 398, 392, 379, 371, 366, 364, 365,
    366, 374, 381, 384, 384, 385, 388, 387, 380, 374, 364, 355, 348, 344,
    341, 337, 334, 334, 334, 332, 336, 335, 333, 333, 331, 332, 333, 330,
    330, 331, 334, 330, 334, 334, 330 ]
LHandPositionsY: [ 270, 264, 247, 226, 207, 193, 185, 171, 153, 151, 139,
    133, 131, 135, 133, 132, 132, 128, 127, 127, 129, 128, 129, 133, 137,
    133, 144, 142, 145, 135, 133, 130, 134, 132, 136, 135, 139, 143, 146,
    147, 147, 146, 139, 139, 140, 136, 138, 137, 143, 150, 150, 151, 154,
    155, 150, 144, 141, 139, 142, 148, 153, 158, 167, 177, 191, 200, 213,
    226, 238, 240, 241, 248, 252, 252, 250, 249, 252, 253, 252, 253, 254,
    253, 254, 253, 253, 252, 254, 250 ]
RHandPositionsX: [ 184, 187, 185, 186, 185, 186, 184, 184, 187, 184, 187,
    187, 184, 185, 185, 186, 186, 184, 184, 184, 184, 185, 186, 187, 186,
    184, 189, 186, 185, 188, 185, 188, 186, 184, 184, 184, 187, 184, 185,
    188, 188, 184, 185, 188, 185, 184, 187, 184, 185, 184, 187, 186, 185,
    188, 187, 187, 188, 184, 187, 186, 184, 187, 184, 187, 188, 186, 187,
    186, 186, 184, 188, 188, 185, 184, 185, 186, 187, 188, 188, 188, 186,
    184, 185, 186, 186, 188, 187, 184 ]
RHandPositionsY: [ 267, 268, 269, 266, 266, 269, 267, 269, 267, 268, 269,
    268, 268, 269, 265, 266, 266, 267, 269, 267, 265, 265, 269, 267, 268,
    266, 267, 269, 268, 265, 265, 265, 267, 266, 265, 269, 266, 267, 267,
    267, 269, 268, 265, 265, 265, 267, 265, 269, 265, 265, 268, 266, 267,
    268, 265, 265, 269, 266, 269, 265, 268, 268, 267, 268, 267, 268, 266,
    267, 266, 266, 265, 265, 267, 265, 268, 268, 269, 265, 268, 269, 265,
    266, 266, 268, 266, 266, 266, 265 ]
