%YAML:1.0
---
videoName: "LHShake06.mp4"
gestureLabel: 2
fps: 29
pixelSizeInCmTemp: 3.3732394366197183e-01
faceCenterPointX: 250
faceCenterPointY: 80
LHandPositionsX: [ 381, 386, 387, 386, 382, 382, 375, 371, 370, 369, 376,
    382, 386, 393, 393, 394, 393, 386, 376, 375, 376, 377, 384, 391, 394,
    395, 393, 386, 382, 380, 379, 382, 386, 386, 391, 390, 390, 383, 380,
    383, 383, 381, 383, 387, 389, 389, 389, 386, 381, 380, 380, 383, 388,
    392, 396, 399, 398, 396, 394, 385, 380, 367, 358, 357, 355, 348, 336,
    327, 318, 310, 307, 307, 305, 304, 301, 304, 302, 300, 301, 298, 300,
    299, 298, 300, 302, 302, 298, 302 ]
LHandPositionsY: [ 151, 146, 144, 139, 136, 139, 136, 137, 136, 135, 134,
    129, 128, 128, 126, 127, 129, 132, 131, 136, 133, 135, 130, 129, 128,
    128, 125, 127, 128, 130, 131, 127, 128, 128, 123, 125, 124, 129, 126,
    125, 125, 128, 126, 127, 122, 123, 127, 126, 129, 127, 127, 127, 124,
    121, 124, 123, 121, 122, 123, 128, 132, 136, 146, 150, 160, 173, 191,
    206, 216, 224, 228, 233, 239, 241, 242, 247, 253, 253, 252, 254, 255,
    255, 252, 256, 253, 252, 254, 256 ]
RHandPositionsX: [ 213, 210, 210, 211, 212, 213, 212, 213, 209, 210, 211,
    213, 210, 211, 211, 212, 211, 211, 209, 211, 213, 209, 211, 213, 210,
    210, 209, 211, 212, 211, 210, 212, 210, 208, 208, 211, 208, 208, 210,
    209, 208, 209, 210, 208, 207, 210, 209, 209, 207, 210, 207, 211, 207,
    207, 211, 208, 210, 208, 209, 210, 211, 211, 209, 208, 211, 210, 208,
    207, 207, 210, 212, 211, 212, 210, 211, 208, 211, 210, 208, 212, 210,
    208, 211, 211, 210, 212, 209, 213 ]
RHandPositionsY: [ 268, 271, 272, 269, 267, 269, 271, 269, 271, 269, 269,
    267, 268, 266, 267, 269, 269, 269, 268, 267, 266, 265, 267, 269, 265,
    267, 266, 269, 267, 268, 266, 268, 267, 269, 266, 266, 265, 266, 268,
    269, 268, 266, 266, 269, 266, 268, 268, 266, 269, 265, 269, 266, 268,
    265, 265, 267, 268, 268, 269, 267, 268, 268, 269, 269, 268, 267, 269,
    266, 267, 265, 268, 265, 266, 267, 267, 268, 267, 268, 266, 269, 269,
    269, 267, 267, 267, 269, 268, 267 ]
