%YAML:1.0
---
videoName: "LHShake15.mp4"
gestureLabel: 2
fps: 29
pixelSizeInCmTemp: 3.3263888888888887e-01
faceCenterPointX: 252
faceCenterPointY: 65
LHandPositionsX: [ 330, 328, 327, 329, 330, 331, 327, 329, 330, 329, 338,
    342, 348, 350, 357, 362, 371, 373, 377, 381, 380, 380, 364, 359, 349,
    342, 344, 342, 346, 353, 363, 362, 360, 360, 356, 344, 330, 328, 330,
    334, 344, 354, 354, 354, 352, 354, 350, 333, 328, 331, 330, 341, 353,
    357, 355, 351, 356, 356, 344, 334, 333, 333, 333, 340, 344, 352, 352,
    351, 346, 347, 342, 333, 330, 327, 321, 323, 321, 320, 325, 327, 324,
    327, 325, 326, 325, 325, 327, 326 ]
LHandPositionsY: [ 255, 255, 257, 258, 256, 254, 255, 253, 251, 252, 240,
    228, 214, 201, 186, 170, 157, 137, 120, 117, 118, 106, 104, 103, 104,
    102, 102, 98, 98, 94, 92, 92, 96, 93, 96, 97, 100, 101, 97, 96, 97,
    93, 98, 98, 99, 97, 102, 100, 99, 100, 98, 94, 93, 94, 94, 94, 97,
    98, 102, 99, 103, 101, 97, 98, 99, 103, 98, 99, 100, 101, 104, 121,
    136, 149, 168, 181, 191, 207, 217, 231, 234, 233, 239, 238, 240, 238,
    243, 243 ]
RHandPositionsX: [ 176, 176, 179, 177, 176, 177, 177, 177, 179, 179, 178,
    179, 179, 176, 179, 176, 176, 177, 179, 178, 177, 177, 177, 177, 179,
    176, 177, 178, 176, 176, 179, 179, 178, 177, 178, 179, 176, 178, 177,
    175, 176, 175, 177, 178, 177, 177, 175, 178, 177, 177, 176, 179, 177,
    177, 175, 177, 175, 177, 175, 179, 176, 175, 178, 176, 178, 179, 179,
    179, 177, 178, 175, 179, 175, 178, 178, 176, 179, 175, 176, 176, 178,
    179, 179, 179, 177, 179, 175, 179 ]
RHandPositionsY: [ 258, 259, 260, 261, 257, 257, 261, 258, 257, 259, 261,
    257, 261, 261, 257, 259, 261, 257, 259, 258, 260, 260, 258, 261, 258,
    258, 260, 257, 257, 259, 258, 261, 261, 259, 260, 258, 259, 260, 261,
    259, 261, 258, 261, 260, 258, 260, 261, 258, 260, 261, 259, 259, 261,
    261, 261, 258, 258, 259, 258, 260, 261, 257, 258, 258, 257, 260, 257,
    257, 259, 261, 261, 257, 257, 258, 259, 260, 260, 261, 259, 261, 257,
    260, 258, 257, 261, 260, 257, 261 ]
