%YAML:1.0
---
videoName: "LHShake05.mp4"
gestureLabel: 2
fps: 30
pixelSizeInCmTemp: 3.2364864864864862e-01
faceCenterPointX: 252
faceCenterPointY: 81
LHandPositionsX: [ 295, 292, 295, 293, 294, 295, 293, 292, 293, 290, 291,
    297, 303, 313, 323, 335, 343, 343, 342, 342, 341, 338, 332, 332, 332,
    334, 335, 336, 343, 345, 342, 336, 331, 322, 324, 325, 326, 333, 338,
    340, 338, 329, 321, 320, 322, 321, 326, 334, 336, 340, 333, 327, 325,
    323, 324, 324, 331, 334, 341, 339, 336, 329, 330, 330, 331, 336, 339,
    341, 339, 339, 332, 326, 322, 313, 310, 307, 303, 300, 297, 294, 294,
    295, 292, 292, 291, 292, 294, 293, 292, 293, 292 ]
LHandPositionsY: [ 268, 267, 269, 270, 267, 267, 269, 264, 262, 257, 244,
    225, 210, 197, 185, 176, 166, 162, 159, 154, 151, 156, 154, 155, 152,
    151, 151, 146, 138, 138, 134, 136, 144, 148, 143, 145, 146, 140, 137,
    136, 132, 138, 140, 144, 142, 140, 137, 137, 134, 129, 138, 142, 143,
    141, 143, 145, 140, 137, 136, 138, 140, 141, 140, 143, 143, 143, 139,
    138, 136, 141, 141, 148, 160, 169, 176, 186, 196, 210, 219, 230, 233,
    236, 237, 244, 245, 251, 253, 250, 250, 254, 260 ]
RHandPositionsX: [ 214, 214, 211, 212, 211, 210, 211, 211, 212, 211, 211,
    209, 209, 210, 212, 210, 210, 210, 212, 212, 211, 212, 208, 209, 212,
    208, 209, 207, 209, 209, 210, 210, 208, 206, 209, 210, 207, 210, 210,
    210, 210, 208, 207, 207, 209, 208, 209, 209, 208, 206, 208, 210, 206,
    207, 210, 207, 206, 210, 208, 207, 207, 210, 208, 209, 208, 208, 208,
    207, 207, 210, 210, 210, 209, 210, 207, 210, 207, 209, 210, 209, 210,
    207, 210, 210, 209, 211, 211, 208, 211, 212, 213 ]
RHandPositionsY: [ 262, 264, 265, 265, 266, 264, 264, 265, 264, 265, 266,
    266, 264, 265, 263, 264, 264, 264, 262, 263, 264, 266, 264, 264, 263,
    263, 262, 264, 265, 264, 264, 263, 266, 262, 262, 264, 264, 263, 265,
    261, 262, 264, 265, 262, 261, 263, 261, 263, 264, 261, 264, 261, 264,
    264, 262, 265, 263, 264, 261, 261, 265, 264, 264, 261, 264, 262, 265,
    262, 264, 265, 261, 264, 265, 262, 264, 262, 263, 262, 265, 265, 263,
    264, 261, 264, 265, 262, 263, 264, 264, 263, 265 ]
