%YAML:1.0
---
videoName: "LHShake14.mp4"
gestureLabel: 2
fps: 29
pixelSizeInCmTemp: 3.2808219178082193e-01
faceCenterPointX: 256
faceCenterPointY: 64
LHandPositionsX: [ 352, 355, 349, 359, 370, 380, 390, 389, 387, 381, 371,
    359, 359, 357, 359, 368, 380, 381, 383, 380, 376, 362, 355, 354, 353,
    357, 369, 382, 389, 387, 383, 375, 367, 358, 359, 354, 361, 372, 381,
    382, 381, 379, 369, 360, 362, 359, 358, 364, 370, 380, 377, 379, 372,
    363, 358, 349, 343, 337, 333, 332, 326, 330, 331, 329, 331, 331, 332,
    330, 329, 328, 328, 331, 332, 327, 328, 328, 329, 331, 327, 328, 328,
    328, 328, 328, 327, 330, 329, 331 ]
LHandPositionsY: [ 146, 148, 146, 147, 139, 141, 140, 141, 143, 140, 145,
    150, 147, 146, 146, 145, 140, 139, 138, 141, 141, 145, 144, 146, 145,
    145, 147, 142, 140, 144, 143, 143, 147, 147, 145, 146, 147, 145, 142,
    142, 142, 140, 141, 141, 140, 142, 140, 138, 140, 141, 141, 147, 148,
    154, 161, 165, 175, 188, 199, 208, 222, 233, 235, 240, 244, 246, 247,
    247, 249, 250, 250, 251, 249, 251, 251, 250, 248, 251, 248, 250, 252,
    250, 248, 250, 249, 251, 252, 250 ]
RHandPositionsX: [ 181, 181, 180, 180, 179, 182, 183, 181, 179, 182, 179,
    180, 179, 180, 179, 179, 179, 180, 177, 177, 175, 176, 175, 178, 175,
    175, 175, 177, 176, 177, 176, 176, 179, 176, 176, 176, 176, 178, 180,
    179, 179, 177, 175, 176, 175, 177, 177, 175, 175, 177, 177, 175, 176,
    179, 176, 176, 178, 177, 176, 177, 175, 175, 179, 179, 179, 178, 176,
    176, 179, 177, 179, 178, 178, 177, 179, 177, 177, 176, 179, 177, 176,
    176, 177, 178, 179, 177, 177, 177 ]
RHandPositionsY: [ 277, 279, 278, 276, 277, 276, 276, 277, 275, 277, 276,
    276, 277, 278, 277, 277, 273, 274, 276, 276, 276, 275, 273, 274, 276,
    275, 277, 274, 275, 274, 275, 275, 275, 274, 277, 274, 273, 275, 275,
    276, 276, 277, 274, 275, 275, 277, 273, 274, 273, 276, 276, 276, 277,
    275, 274, 276, 274, 274, 275, 273, 277, 277, 277, 277, 275, 273, 274,
    277, 273, 277, 276, 276, 276, 277, 276, 274, 273, 276, 273, 276, 274,
    274, 273, 273, 276, 275, 276, 273 ]
