%YAML:1.0
---
videoName: "LHShake17.mp4"
gestureLabel: 2
fps: 30
pixelSizeInCmTemp: 3.3732394366197183e-01
faceCenterPointX: 248
faceCenterPointY: 64
LHandPositionsX: [ 321, 322, 323, 323, 324, 325, 327, 325, 327, 336, 343,
    353, 364, 376, 386, 399, 408, 408, 401, 390, 376, 362, 351, 350, 351,
    355, 369, 378, 377, 382, 376, 366, 350, 346, 345, 348, 358, 365, 370,
    366, 366, 360, 354, 353, 353, 353, 366, 371, 374, 375, 376, 370, 360,
    351, 349, 346, 350, 354, 363, 365, 365, 368, 367, 357, 348, 341, 341,
    336, 335, 333, 335, 334, 333, 330, 328, 327, 330, 327, 328, 324, 326,
    325, 326, 323, 327, 324, 323, 326, 325, 323, 324 ]
LHandPositionsY: [ 247, 250, 247, 251, 250, 248, 249, 247, 246, 232, 216,
    200, 185, 171, 160, 143, 132, 120, 112, 113, 121, 129, 136, 137, 138,
    136, 124, 117, 117, 119, 118, 129, 138, 140, 140, 137, 126, 118, 117,
    117, 119, 117, 127, 134, 131, 134, 122, 118, 122, 125, 123, 119, 132,
    138, 144, 140, 140, 126, 124, 123, 125, 122, 119, 130, 135, 143, 150,
    161, 169, 181, 193, 205, 217, 219, 221, 229, 231, 236, 237, 234, 234,
    235, 240, 238, 239, 236, 236, 236, 235, 239, 237 ]
RHandPositionsX: [ 177, 178, 180, 177, 180, 176, 177, 180, 176, 180, 176,
    179, 180, 176, 178, 177, 178, 177, 178, 178, 176, 180, 178, 176, 180,
    179, 177, 177, 179, 179, 177, 177, 179, 177, 179, 177, 176, 179, 178,
    175, 174, 174, 178, 178, 177, 177, 178, 177, 174, 175, 177, 177, 177,
    175, 175, 176, 177, 178, 178, 176, 178, 174, 178, 176, 177, 175, 174,
    178, 178, 178, 175, 175, 177, 178, 174, 177, 174, 177, 178, 177, 174,
    175, 176, 178, 175, 177, 175, 176, 174, 178, 175 ]
RHandPositionsY: [ 259, 260, 259, 260, 257, 257, 256, 259, 260, 258, 256,
    256, 259, 260, 258, 259, 256, 257, 258, 259, 256, 260, 257, 257, 257,
    257, 259, 257, 257, 256, 258, 258, 260, 260, 257, 256, 259, 260, 258,
    259, 256, 260, 257, 258, 256, 257, 260, 256, 260, 257, 256, 257, 257,
    260, 259, 258, 258, 257, 256, 259, 257, 257, 258, 257, 260, 260, 257,
    257, 259, 256, 260, 257, 258, 260, 258, 259, 260, 259, 257, 258, 258,
    259, 257, 257, 257, 257, 258, 256, 260, 260, 256 ]
