%YAML:1.0
---
videoName: "LHShake06.mp4"
gestureLabel: 2
fps: 29
pixelSizeInCmTemp: 3.3732394366197183e-01
faceCenterPointX: 250
faceCenterPointY: 80
LHandPositionsX: [ 381, 387, 386, 384, 383, 380, 373, 373, 369, 368, 373,
    383, 387, 392, 393, 393, 395, 389, 380, 378, 375, 377, 384, 390, 390,
    395, 391, 388, 384, 381, 379, 380, 382, 387, 388, 389, 386, 384, 381,
    380, 381, 382, 384, 390, 389, 389, 389, 383, 382, 377, 378, 384, 386,
    391, 394, 401, 400, 394, 392, 389, 380, 371, 359, 361, 352, 345, 339,
    326, 318, 313, 309, 307, 304, 306, 303, 302, 302, 300, 302, 302, 302,
    301, 302, 298, 299, 300, 300, 299 ]
LHandPositionsY: [ 152, 147, 142, 140, 140, 139, 138, 138, 137, 137, 133,
    127, 129, 128, 129, 127, 131, 130, 133, 133, 136, 133, 132, 131, 127,
    127, 128, 129, 127, 127, 127, 129, 129, 126, 124, 124, 126, 127, 126,
    125, 129, 127, 126, 123, 122, 126, 124, 124, 126, 127, 128, 124, 127,
    122, 122, 123, 122, 123, 127, 125, 133, 140, 148, 149, 160, 175, 189,
    208, 212, 223, 228, 232, 238, 241, 243, 248, 249, 251, 249, 251, 253,
    253, 256, 254, 255, 255, 254, 256 ]
RHandPositionsX: [ 211, 214, 209, 209, 210, 210, 210, 212, 209, 212, 209,
    210, 212, 213, 212, 212, 213, 212, 209, 210, 213, 211, 213, 212, 210,
    211, 211, 211, 213, 212, 208, 212, 212, 211, 212, 212, 210, 210, 208,
    210, 211, 212, 212, 212, 210, 209, 207, 208, 209, 207, 210, 211, 211,
    211, 210, 211, 207, 207, 211, 208, 208, 211, 208, 209, 211, 209, 210,
    210, 207, 208, 212, 212, 208, 208, 211, 209, 212, 210, 210, 210, 208,
    210, 209, 210, 209, 212, 211, 212 ]
RHandPositionsY: [ 272, 269, 270, 271, 269, 270, 267, 269, 268, 267, 266,
    266, 267, 268, 267, 267, 267, 268, 268, 266, 270, 269, 265, 267, 268,
    266, 267, 266, 269, 265, 267, 267, 268, 268, 269, 267, 267, 269, 267,
    266, 267, 267, 265, 269, 268, 266, 270, 265, 268, 268, 266, 266, 268,
    266, 268, 269, 265, 268, 266, 269, 268, 266, 267, 268, 268, 265, 267,
    269, 265, 267, 266, 266, 269, 268, 268, 265, 265, 267, 269, 265, 266,
    267, 265, 266, 266, 268, 268, 268 ]
