%YAML:1.0
---
videoName: "LHShake15.mp4"
gestureLabel: 2
fps: 29
pixelSizeInCmTemp: 3.3263888888888887e-01
faceCenterPointX: 252
faceCenterPointY: 65
LHandPositionsX: [ 327, 327, 328, 329, 330, 329, 330, 329, 330, 329, 335,
    340, 348, 351, 357, 361, 370, 374, 378, 382, 378, 380, 366, 360, 345,
    340, 342, 341, 349, 352, 362, 359, 361, 361, 357, 348, 333, 332, 332,
    334, 345, 355, 356, 354, 352, 356, 348, 333, 327, 327, 328, 341, 352,
    355, 354, 351, 355, 355, 343, 336, 333, 329, 334, 339, 344, 349, 352,
    351, 347, 350, 343, 334, 326, 327, 324, 319, 320, 321, 324, 325, 325,
    326, 326, 324, 325, 324, 324, 328 ]
LHandPositionsY: [ 255, 258, 254, 256, 257, 255, 258, 257, 254, 252, 242,
    229, 216, 201, 187, 172, 156, 134, 120, 118, 115, 104, 101, 104, 105,
    106, 101, 101, 101, 97, 93, 92, 93, 93, 94, 95, 99, 99, 96, 94, 98,
    93, 96, 95, 95, 97, 101, 100, 100, 98, 96, 96, 94, 93, 95, 97, 96,
    99, 99, 99, 101, 99, 99, 99, 101, 103, 102, 100, 100, 103, 108, 123,
    139, 153, 165, 180, 194, 204, 217, 232, 232, 237, 238, 240, 240, 239,
    243, 241 ]
RHandPositionsX: [ 175, 175, 175, 179, 177, 175, 178, 178, 175, 176, 177,
    177, 178, 177, 179, 177, 177, 177, 179, 179, 177, 176, 179, 178, 179,
    176, 179, 175, 179, 179, 177, 178, 175, 178, 175, 178, 177, 178, 176,
    177, 177, 178, 178, 179, 179, 177, 178, 178, 177, 178, 175, 177, 176,
    175, 177, 178, 177, 178, 178, 179, 176, 179, 177, 176, 175, 178, 179,
    175, 176, 175, 176, 178, 179, 177, 176, 179, 178, 176, 178, 179, 175,
    175, 175, 175, 175, 176, 179, 178 ]
RHandPositionsY: [ 257, 260, 259, 259, 261, 258, 260, 261, 257, 260, 259,
    257, 258, 261, 261, 260, 261, 260, 261, 258, 259, 259, 258, 257, 258,
    257, 257, 257, 259, 259, 261, 257, 257, 258, 257, 260, 258, 259, 258,
    259, 260, 259, 260, 258, 257, 257, 258, 261, 259, 259, 261, 257, 258,
    260, 258, 258, 258, 257, 259, 261, 260, 259, 261, 258, 257, 259, 259,
    260, 261, 259, 261, 261, 261, 258, 258, 259, 258, 257, 259, 257, 261,
    260, 257, 259, 257, 261, 258, 261 ]
