%YAML:1.0
---
videoName: "LHShake21.mp4"
gestureLabel: 2
fps: 29
pixelSizeInCmTemp: 3.4214285714285714e-01
faceCenterPointX: 266
faceCenterPointY: 79
LHandPositionsX: [ 350, 354, 366, 372, 385, 394, 398, 405, 424, 413, 414,
    401, 391, 378, 375, 376, 372, 376, 386, 403, 400, 400, 396, 392, 383,
    372, 368, 371, 371, 369, 376, 392, 387, 384, 387, 382, 376, 373, 365,
    368, 369, 370, 375, 389, 390, 386, 396, 393, 383, 372, 365, 364, 364,
    370, 376, 377, 386, 384, 383, 388, 384, 383, 375, 366, 355, 349, 346,
    338, 337, 337, 335, 337, 332, 336, 336, 331, 330, 333, 334, 334, 331,
    330, 330, 333, 331, 330, 331, 330 ]
LHandPositionsY: [ 269, 263, 247, 228, 209, 190, 181, 167, 151, 152, 136,
    134, 134, 132, 133, 135, 128, 131, 131, 129, 130, 128, 129, 132, 134,
    134, 142, 141, 144, 138, 137, 134, 133, 136, 136, 134, 138, 147, 147,
    145, 148, 144, 141, 138, 136, 136, 138, 138, 139, 150, 152, 153, 153,
    155, 152, 143, 142, 140, 139, 146, 153, 158, 171, 178, 192, 201, 213,
    228, 238, 239, 241, 246, 250, 252, 252, 249, 251, 253, 250, 253, 254,
    253, 253, 253, 251, 250, 250, 251 ]
RHandPositionsX: [ 188, 188, 186, 188, 185, 188, 188, 185, 185, 187, 187,
    187, 188, 188, 185, 184, 184, 185, 184, 186, 188, 184, 185, 186, 184,
    186, 187, 186, 185, 186, 187, 187, 186, 187, 187, 185, 185, 186, 187,
    188, 186, 187, 187, 184, 186, 184, 184, 185, 186, 188, 188, 187, 185,
    184, 188, 184, 186, 188, 187, 188, 186, 186, 188, 185, 186, 185, 184,
    186, 184, 184, 186, 187, 185, 185, 186, 185, 188, 185, 186, 187, 184,
    187, 185, 184, 185, 184, 186, 186 ]
RHandPositionsY: [ 266, 269, 269, 266, 265, 265, 268, 269, 265, 269, 267,
    267, 268, 268, 266, 265, 268, 266, 266, 266, 268, 266, 266, 266, 267,
    265, 266, 268, 265, 269, 268, 265, 269, 265, 268, 265, 266, 265, 269,
    265, 266, 269, 267, 269, 268, 265, 269, 269, 268, 265, 268, 266, 265,
    268, 268, 266, 267, 269, 265, 268, 266, 267, 266, 265, 269, 268, 267,
    269, 267, 267, 265, 267, 267, 267, 267, 268, 265, 269, 269, 269, 265,
    267, 267, 265, 267, 267, 265, 269 ]
