%YAML:1.0
---
videoName: "LHShake18.mp4"
gestureLabel: 2
fps: 29
pixelSizeInCmTemp: 3.4214285714285714e-01
faceCenterPointX: 253
faceCenterPointY: 65
LHandPositionsX: [ 315, 314, 314, 314, 315, 314, 313, 311, 313, 311, 312,
    315, 312, 314, 312, 315, 317, 317, 322, 324, 329, 338, 344, 348, 351,
    349, 336, 323, 314, 300, 301, 306, 306, 315, 312, 312, 314, 306, 296,
    294, 292, 301, 305, 313, 311, 312, 307, 299, 286, 283, 284, 298, 308,
    316, 310, 312, 306, 292, 286, 287, 294, 303, 307, 308, 310, 305, 306,
    295, 293, 299, 302, 308, 309, 308, 316, 310, 305, 307, 306, 307, 305,
    308, 307, 309, 309, 310, 308, 310 ]
LHandPositionsY: [ 249, 247, 247, 246, 250, 246, 248, 247, 249, 247, 246,
    249, 247, 248, 248, 249, 246, 249, 246, 237, 218, 203, 189, 176, 167,
    159, 152, 148, 146, 136, 136, 142, 144, 142, 139, 141, 141, 147, 145,
    139, 133, 141, 148, 147, 147, 147, 147, 147, 144, 141, 143, 145, 149,
    149, 145, 151, 150, 142, 144, 144, 152, 151, 153, 151, 150, 155, 157,
    145, 147, 151, 156, 152, 151, 156, 161, 165, 178, 188, 197, 206, 217,
    218, 220, 232, 236, 231, 234, 234 ]
RHandPositionsX: [ 196, 194, 196, 196, 195, 199, 199, 195, 196, 197, 195,
    195, 197, 196, 199, 195, 195, 199, 198, 199, 197, 196, 198, 196, 196,
    199, 195, 198, 195, 198, 198, 198, 195, 198, 195, 197, 199, 200, 198,
    197, 199, 197, 195, 196, 195, 199, 197, 199, 199, 199, 197, 195, 198,
    199, 195, 197, 199, 196, 197, 196, 196, 197, 197, 195, 199, 194, 196,
    196, 196, 198, 197, 195, 198, 196, 196, 196, 196, 196, 194, 195, 194,
    196, 196, 196, 197, 195, 197, 194 ]
RHandPositionsY: [ 265, 264, 262, 266, 265, 264, 267, 265, 266, 265, 264,
    266, 263, 264, 263, 267, 264, 264, 267, 265, 263, 267, 264, 267, 263,
    264, 264, 264, 266, 262, 263, 264, 265, 265, 266, 267, 267, 267, 267,
    266, 267, 265, 266, 267, 266, 264, 266, 265, 265, 267, 266, 267, 268,
    265, 268, 268, 265, 266, 269, 265, 267, 268, 268, 265, 269, 265, 264,
    264, 264, 265, 268, 268, 266, 266, 264, 266, 265, 268, 268, 264, 267,
    264, 268, 264, 265, 266, 266, 267 ]
