%YAML:1.0
---
videoName: "LHShake24.mp4"
gestureLabel: 2
fps: 30
pixelSizeInCmTemp: 3.4214285714285714e-01
faceCenterPointX: 255
faceCenterPointY: 77
LHandPositionsX: [ 326, 326, 326, 330, 327, 329, 328, 329, 329, 329, 332,
    334, 343, 346, 351, 363, 371, 373, 379, 382, 380, 380, 370, 359, 346,
    341, 343, 339, 344, 347, 356, 367, 379, 376, 378, 374, 366, 358, 347,
    336, 340, 340, 343, 351, 363, 363, 367, 370, 361, 353, 345, 340, 339,
    342, 347, 353, 364, 372, 370, 374, 367, 361, 351, 346, 343, 345, 343,
    354, 361, 369, 367, 369, 365, 361, 352, 344, 334, 332, 326, 327, 323,
    327, 326, 328, 325, 327, 329, 328, 326, 324, 326 ]
LHandPositionsY: [ 263, 263, 260, 261, 263, 261, 261, 263, 262, 259, 260,
    258, 245, 237, 225, 207, 194, 182, 172, 170, 161, 153, 152, 153, 155,
    160, 164, 165, 161, 160, 159, 151, 150, 151, 150, 144, 144, 151, 150,
    155, 155, 153, 152, 154, 148, 148, 151, 151, 151, 157, 161, 165, 163,
    164, 162, 160, 160, 158, 158, 157, 158, 159, 158, 164, 163, 162, 161,
    161, 162, 159, 160, 156, 158, 159, 161, 165, 170, 178, 188, 199, 209,
    221, 229, 229, 236, 237, 244, 249, 245, 248, 249 ]
RHandPositionsX: [ 182, 183, 179, 180, 180, 180, 181, 180, 179, 181, 180,
    181, 179, 180, 179, 182, 182, 181, 180, 183, 183, 182, 183, 179, 179,
    182, 181, 181, 182, 181, 182, 181, 182, 183, 179, 182, 183, 179, 182,
    180, 181, 182, 181, 183, 180, 183, 179, 183, 180, 183, 179, 181, 182,
    183, 179, 179, 180, 180, 180, 183, 183, 181, 181, 180, 180, 180, 179,
    179, 183, 180, 179, 179, 181, 179, 183, 181, 181, 182, 180, 182, 180,
    180, 182, 182, 182, 183, 182, 179, 183, 179, 179 ]
RHandPositionsY: [ 268, 267, 270, 268, 267, 269, 267, 271, 271, 270, 269,
    268, 268, 268, 267, 268, 271, 271, 270, 269, 268, 270, 270, 269, 269,
    270, 270, 268, 270, 268, 269, 270, 269, 270, 268, 271, 270, 271, 268,
    268, 271, 270, 271, 267, 271, 269, 271, 271, 269, 267, 267, 267, 270,
    270, 269, 270, 269, 269, 268, 271, 271, 268, 267, 268, 267, 271, 270,
    267, 270, 269, 268, 270, 271, 268, 271, 269, 271, 267, 268, 271, 267,
    269, 268, 269, 270, 268, 270, 271, 270, 269, 271 ]
