%YAML:1.0
---
videoName: "LHShake16.mp4"
gestureLabel: 2
fps: 30
pixelSizeInCmTemp: 3.3732394366197183e-01
faceCenterPointX: 247
faceCenterPointY: 66
LHandPositionsX: [ 323, 326, 325, 327, 329, 338, 343, 355, 362, 373, 385,
    393, 401, 409, 405, 400, 401, 390, 374, 363, 354, 357, 363, 373, 380,
    400, 395, 394, 388, 387, 372, 371, 371, 368, 373, 378, 389, 390, 403,
    395, 384, 374, 366, 368, 363, 368, 373, 386, 397, 409, 399, 387, 372,
    363, 365, 362, 363, 369, 374, 391, 386, 385, 389, 383, 374, 366, 356,
    348, 345, 333, 332, 334, 332, 329, 331, 330, 329, 327, 329, 330, 329,
    327, 327, 328, 326, 325, 328, 324, 327, 327, 325 ]
LHandPositionsY: [ 254, 255, 254, 252, 249, 244, 235, 222, 210, 193, 183,
    166, 156, 147, 140, 135, 122, 114, 115, 110, 117, 121, 126, 118, 116,
    113, 116, 120, 119, 115, 122, 129, 128, 133, 127, 120, 118, 122, 121,
    120, 115, 129, 135, 133, 134, 135, 133, 125, 124, 121, 123, 130, 136,
    146, 145, 147, 145, 143, 133, 127, 127, 131, 125, 130, 143, 150, 158,
    169, 181, 196, 207, 213, 223, 227, 229, 233, 236, 239, 238, 241, 241,
    241, 242, 244, 242, 241, 241, 244, 243, 241, 245 ]
RHandPositionsX: [ 175, 176, 176, 177, 178, 177, 176, 177, 178, 179, 178,
    176, 175, 177, 179, 179, 175, 177, 176, 177, 176, 179, 179, 175, 179,
    179, 175, 176, 177, 176, 179, 176, 175, 179, 177, 176, 178, 179, 175,
    177, 175, 175, 179, 175, 175, 177, 179, 176, 178, 178, 177, 177, 178,
    178, 177, 175, 179, 175, 179, 179, 175, 177, 179, 179, 179, 175, 179,
    179, 176, 178, 178, 175, 178, 177, 179, 175, 178, 177, 176, 179, 178,
    176, 179, 175, 176, 175, 175, 177, 178, 178, 179 ]
RHandPositionsY: [ 258, 260, 258, 258, 261, 260, 261, 260, 261, 258, 262,
    260, 258, 262, 262, 258, 259, 261, 260, 259, 260, 258, 258, 260, 260,
    258, 259, 260, 258, 260, 259, 261, 258, 259, 259, 260, 261, 261, 259,
    258, 258, 258, 262, 262, 259, 258, 259, 259, 259, 262, 259, 258, 259,
    262, 258, 258, 262, 261, 259, 258, 259, 262, 262, 259, 259, 261, 258,
    259, 259, 258, 262, 258, 262, 259, 261, 258, 259, 258, 258, 260, 260,
    261, 259, 261, 260, 261, 261, 258, 260, 259, 262 ]
