%YAML:1.0
---
videoName: "LHShake02.mp4"
gestureLabel: 2
fps: 29
pixelSizeInCmTemp: 3.3263888888888887e-01
faceCenterPointX: 249
faceCenterPointY: 82
LHandPositionsX: [ 360, 363, 361, 366, 371, 380, 387, 386, 385, 387, 382,
    377, 372, 366, 364, 365, 363, 364, 369, 376, 384, 385, 385, 381, 376,
    370, 365, 365, 363, 363, 370, 372, 373, 377, 377, 381, 381, 379, 373,
    368, 365, 360, 361, 359, 360, 362, 365, 368, 370, 372, 368, 365, 365,
    358, 357, 358, 360, 365, 368, 371, 372, 372, 367, 364, 358, 355, 347,
    347, 343, 345, 345, 342, 342, 340, 344, 344, 346, 347, 346, 346, 349,
    350, 347, 350, 347, 350, 346, 347 ]
LHandPositionsY: [ 125, 123, 119, 115, 111, 111, 112, 108, 110, 110, 107,
    110, 109, 113, 114, 112, 113, 110, 110, 106, 105, 104, 102, 101, 101,
    109, 110, 107, 110, 107, 102, 102, 102, 97, 99, 99, 94, 94, 97, 95,
    100, 104, 100, 105, 105, 104, 99, 100, 102, 100, 103, 104, 105, 109,
    107, 110, 109, 105, 107, 105, 106, 102, 105, 106, 124, 137, 147, 163,
    163, 172, 180, 183, 194, 199, 207, 210, 216, 220, 225, 228, 228, 229,
    231, 233, 234, 232, 237, 240 ]
RHandPositionsX: [ 155, 156, 157, 157, 155, 153, 155, 155, 153, 157, 155,
    155, 157, 155, 157, 154, 154, 156, 155, 154, 156, 156, 153, 155, 153,
    156, 154, 154, 154, 157, 154, 155, 157, 155, 155, 156, 154, 157, 154,
    156, 154, 155, 157, 154, 157, 154, 153, 155, 156, 156, 154, 155, 154,
    156, 155, 153, 155, 155, 157, 154, 154, 155, 153, 153, 153, 155, 157,
    153, 153, 154, 157, 153, 156, 155, 155, 155, 154, 153, 154, 155, 155,
    157, 153, 157, 153, 153, 156, 156 ]
RHandPositionsY: [ 265, 265, 262, 260, 264, 263, 261, 259, 262, 259, 261,
    260, 262, 262, 262, 259, 258, 258, 260, 259, 259, 260, 261, 260, 261,
    260, 262, 260, 258, 258, 260, 261, 261, 261, 259, 261, 258, 262, 262,
    258, 258, 258, 259, 262, 259, 258, 258, 260, 259, 258, 259, 262, 260,
    261, 262, 262, 261, 259, 262, 258, 262, 261, 259, 260, 259, 259, 262,
    258, 262, 259, 261, 262, 259, 261, 258, 259, 262, 262, 260, 259, 261,
    262, 259, 262, 259, 261, 259, 260 ]
