%YAML:1.0
---
videoName: "LHShake07.mp4"
gestureLabel: 2
fps: 29
pixelSizeInCmTemp: 3.3732394366197183e-01
faceCenterPointX: 265
faceCenterPointY: 78
LHandPositionsX: [ 345, 349, 354, 359, 361, 368, 374, 386, 392, 395, 395,
    395, 385, 378, 354, 346, 342, 344, 339, 340, 347, 364, 367, 368, 366,
    362, 360, 343, 343, 342, 343, 346, 357, 359, 366, 367, 367, 361, 361,
    352, 346, 348, 348, 352, 356, 359, 360, 360, 365, 361, 339, 326, 335,
    332, 344, 355, 367, 376, 373, 380, 372, 365, 355, 349, 343, 336, 334,
    334, 337, 337, 337, 344, 340, 340, 342, 345, 345, 344, 341, 344, 343,
    340, 342, 342, 344, 340, 341, 341 ]
LHandPositionsY: [ 277, 279, 272, 268, 257, 248, 233, 218, 201, 189, 179,
    160, 149, 139, 139, 141, 148, 146, 148, 144, 140, 136, 135, 139, 135,
    139, 133, 137, 146, 142, 138, 131, 132, 131, 126, 126, 126, 129, 136,
    136, 146, 142, 148, 143, 138, 136, 137, 139, 130, 132, 137, 149, 144,
    135, 131, 133, 129, 135, 134, 126, 133, 139, 147, 155, 170, 177, 193,
    204, 219, 233, 243, 253, 253, 256, 259, 262, 264, 263, 266, 263, 265,
    264, 266, 267, 270, 268, 267, 266 ]
RHandPositionsX: [ 182, 182, 182, 183, 185, 184, 183, 181, 183, 185, 185,
    183, 182, 185, 184, 185, 185, 184, 183, 181, 183, 181, 181, 183, 183,
    181, 182, 181, 181, 182, 181, 182, 182, 181, 183, 183, 185, 182, 183,
    181, 181, 183, 184, 182, 182, 185, 181, 181, 183, 185, 183, 184, 185,
    183, 182, 183, 185, 185, 184, 182, 184, 184, 185, 185, 182, 181, 183,
    185, 181, 184, 183, 182, 182, 181, 184, 184, 184, 185, 185, 181, 182,
    185, 181, 182, 184, 181, 185, 183 ]
RHandPositionsY: [ 277, 277, 279, 278, 277, 278, 280, 276, 277, 279, 280,
    276, 280, 280, 280, 280, 277, 280, 278, 276, 279, 280, 278, 276, 280,
    278, 279, 278, 276, 276, 280, 280, 278, 280, 279, 277, 276, 277, 280,
    279, 278, 276, 277, 277, 276, 280, 276, 276, 278, 276, 276, 277, 277,
    277, 278, 276, 277, 278, 276, 279, 277, 280, 276, 280, 280, 278, 276,
    278, 276, 276, 279, 280, 277, 278, 280, 276, 276, 279, 278, 278, 278,
    277, 278, 276, 277, 278, 279, 277 ]
