%YAML:1.0
---
videoName: "LHShake19.mp4"
gestureLabel: 2
fps: 29
pixelSizeInCmTemp: 3.3732394366197183e-01
faceCenterPointX: 250
faceCenterPointY: 62
LHandPositionsX: [ 308, 307, 305, 305, 308, 308, 309, 305, 308, 308, 308,
    305, 305, 307, 309, 311, 311, 316, 321, 323, 326, 323, 309, 291, 284,
    288, 290, 298, 305, 316, 315, 315, 305, 295, 286, 286, 292, 303, 308,
    316, 316, 311, 303, 291, 289, 292, 298, 306, 315, 314, 312, 308, 295,
    294, 298, 299, 307, 313, 318, 317, 314, 309, 304, 299, 298, 294, 291,
    295, 297, 297, 303, 301, 303, 305, 305, 306, 306, 309, 309, 307, 310,
    309, 307, 307, 308, 308, 309, 308 ]
LHandPositionsY: [ 248, 252, 248, 249, 250, 252, 250, 249, 248, 252, 249,
    248, 248, 246, 245, 237, 229, 215, 204, 192, 179, 171, 163, 160, 154,
    153, 159, 157, 156, 154, 153, 153, 155, 154, 152, 145, 156, 154, 152,
    150, 149, 151, 155, 147, 146, 152, 152, 151, 153, 152, 155, 159, 149,
    143, 157, 158, 157, 154, 155, 151, 153, 154, 159, 164, 166, 173, 181,
    191, 199, 207, 216, 215, 218, 219, 226, 228, 231, 234, 238, 234, 236,
    236, 237, 239, 238, 237, 237, 237 ]
RHandPositionsX: [ 195, 197, 199, 197, 199, 196, 198, 199, 199, 196, 196,
    197, 196, 198, 198, 198, 197, 197, 196, 197, 199, 195, 195, 197, 198,
    196, 198, 198, 195, 197, 195, 197, 195, 195, 194, 195, 196, 195, 194,
    192, 194, 191, 193, 193, 191, 191, 192, 191, 195, 191, 195, 191, 195,
    194, 191, 191, 192, 191, 191, 192, 194, 195, 193, 191, 191, 192, 193,
    195, 193, 191, 192, 191, 191, 195, 191, 193, 192, 191, 195, 192, 193,
    194, 191, 195, 191, 193, 195, 193 ]
RHandPositionsY: [ 256, 254, 256, 254, 258, 255, 255, 256, 258, 254, 258,
    258, 254, 257, 254, 258, 258, 256, 255, 258, 257, 254, 256, 257, 254,
    255, 255, 256, 256, 257, 255, 258, 255, 255, 256, 255, 257, 254, 256,
    257, 256, 257, 255, 255, 258, 255, 257, 257, 256, 258, 257, 258, 254,
    254, 258, 258, 254, 256, 255, 254, 255, 254, 256, 258, 258, 255, 254,
    256, 255, 255, 257, 255, 254, 255, 257, 257, 256, 256, 256, 257, 256,
    254, 258, 257, 254, 257, 255, 258 ]
