%YAML:1.0
---
videoName: "LHShake15.mp4"
gestureLabel: 2
fps: 29
pixelSizeInCmTemp: 3.3263888888888887e-01
faceCenterPointX: 252
faceCenterPointY: 65
LHandPositionsX: [ 328, 329, 327, 331, 329, 328, 330, 331, 331, 328, 338,
    339, 346, 353, 359, 363, 371, 374, 377, 383, 376, 380, 364, 359, 345,
    343, 340, 342, 347, 355, 363, 362, 358, 360, 357, 347, 333, 332, 330,
    336, 347, 352, 354, 350, 350, 355, 348, 333, 331, 330, 329, 342, 351,
    357, 354, 353, 358, 354, 342, 337, 334, 330, 334, 339, 345, 350, 351,
    347, 346, 351, 340, 332, 328, 324, 324, 319, 321, 324, 325, 323, 323,
    324, 325, 326, 324, 325, 326, 328 ]
LHandPositionsY: [ 257, 258, 254, 258, 256, 254, 257, 255, 251, 254, 243,
    227, 216, 200, 184, 173, 155, 137, 119, 117, 119, 104, 103, 100, 105,
    106, 101, 100, 99, 95, 94, 95, 93, 92, 96, 99, 98, 97, 98, 96, 94,
    92, 96, 97, 95, 96, 100, 99, 103, 102, 99, 93, 91, 94, 97, 95, 95,
    100, 100, 100, 99, 100, 97, 98, 99, 102, 101, 100, 99, 103, 107, 122,
    136, 150, 164, 177, 191, 208, 219, 232, 233, 233, 241, 241, 241, 240,
    241, 242 ]
RHandPositionsX: [ 179, 176, 176, 175, 176, 175, 176, 175, 179, 177, 177,
    175, 175, 175, 177, 175, 176, 178, 175, 178, 177, 178, 178, 176, 179,
    176, 175, 176, 176, 179, 179, 175, 175, 177, 177, 177, 176, 178, 177,
    176, 177, 176, 176, 178, 177, 176, 179, 176, 176, 177, 179, 177, 176,
    175, 177, 177, 178, 176, 178, 175, 178, 177, 175, 175, 175, 179, 179,
    175, 177, 176, 177, 177, 179, 179, 179, 179, 177, 176, 177, 179, 175,
    179, 178, 177, 179, 178, 177, 179 ]
RHandPositionsY: [ 259, 260, 260, 261, 257, 259, 257, 260, 258, 257, 260,
    259, 261, 261, 258, 259, 258, 261, 261, 257, 260, 260, 258, 260, 261,
    260, 257, 261, 261, 257, 257, 260, 258, 257, 261, 258, 260, 258, 257,
    259, 260, 257, 258, 261, 260, 257, 259, 257, 260, 261, 257, 259, 259,
    257, 261, 261, 261, 257, 257, 260, 258, 260, 257, 258, 258, 257, 260,
    258, 258, 259, 257, 261, 261, 258, 260, 260, 261, 259, 261, 258, 257,
    258, 261, 257, 258, 261, 259, 258 ]
