%YAML:1.0
---
videoName: "LHShake18.mp4"
gestureLabel: 2
fps: 29
pixelSizeInCmTemp: 3.4214285714285714e-01
faceCenterPointX: 253
faceCenterPointY: 65
LHandPositionsX: [ 312, 315, 313, 315, 315, 312, 311, 315, 313, 311, 312,
    311, 314, 311, 313, 315, 313, 314, 325, 323, 330, 337, 346, 349, 349,
    346, 339, 323, 315, 297, 300, 304, 308, 315, 313, 312, 312, 306, 296,
    291, 295, 299, 307, 313, 309, 312, 304, 297, 289, 284, 288, 297, 307,
    312, 310, 313, 306, 295, 287, 289, 295, 299, 307, 307, 310, 308, 302,
    292, 294, 299, 304, 308, 309, 310, 312, 312, 306, 304, 305, 304, 304,
    307, 306, 308, 307, 307, 308, 310 ]
LHandPositionsY: [ 246, 248, 246, 246, 250, 247, 247, 248, 247, 249, 249,
    247, 247, 248, 247, 246, 249, 249, 246, 236, 218, 202, 188, 178, 167,
    157, 151, 144, 144, 139, 136, 142, 141, 143, 142, 139, 143, 146, 146,
    138, 137, 143, 147, 144, 147, 144, 150, 144, 144, 142, 141, 149, 147,
    148, 147, 150, 151, 144, 145, 145, 152, 150, 151, 151, 150, 157, 159,
    149, 147, 152, 152, 155, 151, 157, 163, 166, 177, 186, 198, 208, 213,
    215, 221, 231, 233, 234, 234, 232 ]
RHandPositionsX: [ 197, 197, 198, 194, 194, 198, 197, 196, 196, 197, 196,
    197, 199, 196, 197, 198, 199, 195, 197, 195, 197, 195, 198, 195, 197,
    195, 198, 195, 195, 195, 194, 195, 198, 197, 197, 196, 196, 200, 197,
    195, 198, 196, 196, 199, 199, 199, 199, 198, 196, 195, 197, 197, 198,
    199, 197, 196, 199, 196, 198, 196, 199, 199, 198, 197, 198, 197, 196,
    198, 195, 198, 195, 196, 195, 195, 198, 194, 196, 198, 197, 197, 194,
    196, 195, 198, 198, 194, 197, 195 ]
RHandPositionsY: [ 266, 264, 264, 266, 266, 264, 267, 264, 266, 266, 263,
    266, 266, 265, 266, 264, 266, 266, 267, 267, 267, 266, 265, 263, 266,
    264, 266, 264, 266, 266, 263, 266, 266, 266, 265, 267, 266, 268, 268,
    266, 266, 267, 266, 267, 265, 267, 264, 266, 267, 266, 266, 268, 268,
    264, 266, 267, 266, 265, 267, 265, 264, 268, 266, 266, 268, 265, 264,
    267, 265, 264, 266, 264, 264, 265, 267, 266, 268, 267, 264, 268, 268,
    266, 268, 264, 268, 264, 265, 268 ]
