%YAML:1.0
---
videoName: "LHShake13.mp4"
gestureLabel: 2
fps: 29
pixelSizeInCmTemp: 3.4214285714285714e-01
faceCenterPointX: 257
faceCenterPointY: 76
LHandPositionsX: [ 325, 323, 327, 323, 324, 323, 324, 326, 324, 329, 327,
    337, 343, 352, 361, 371, 378, 385, 392, 391, 383, 373, 366, 350, 344,
    345, 340, 343, 348, 360, 373, 371, 364, 362, 356, 345, 341, 343, 343,
    349, 358, 366, 366, 364, 358, 350, 345, 344, 345, 348, 355, 363, 363,
    366, 360, 355, 348, 344, 343, 344, 350, 357, 364, 372, 369, 365, 359,
    356, 346, 338, 332, 326, 327, 326, 324, 326, 327, 326, 328, 328, 327,
    326, 325, 326, 327, 324, 328, 325 ]
LHandPositionsY: [ 259, 263, 260, 261, 261, 262, 259, 262, 260, 257, 257,
    248, 236, 228, 212, 199, 183, 174, 166, 155, 151, 153, 155, 156, 157,
    157, 159, 158, 153, 144, 140, 141, 141, 145, 152, 157, 161, 157, 157,
    159, 152, 152, 154, 157, 156, 158, 165, 161, 164, 160, 158, 155, 155,
    155, 158, 160, 163, 163, 164, 159, 161, 157, 154, 152, 149, 150, 145,
    152, 154, 160, 170, 178, 191, 206, 221, 233, 244, 247, 242, 245, 244,
    245, 250, 249, 247, 246, 246, 248 ]
RHandPositionsX: [ 182, 184, 184, 181, 184, 183, 182, 184, 181, 183, 182,
    183, 183, 181, 181, 181, 181, 181, 182, 181, 185, 181, 181, 182, 185,
    185, 181, 184, 184, 182, 185, 183, 183, 181, 184, 182, 184, 181, 183,
    181, 185, 184, 183, 185, 184, 185, 183, 184, 183, 185, 185, 183, 184,
    182, 184, 182, 182, 184, 184, 182, 182, 183, 181, 185, 182, 185, 183,
    185, 182, 181, 184, 182, 182, 185, 184, 181, 185, 185, 182, 181, 182,
    182, 183, 185, 184, 183, 182, 181 ]
RHandPositionsY: [ 268, 268, 268, 271, 267, 268, 271, 267, 268, 270, 268,
    269, 268, 269, 267, 268, 268, 267, 270, 268, 271, 268, 269, 271, 270,
    270, 270, 270, 268, 268, 267, 268, 270, 268, 271, 269, 271, 271, 268,
    267, 270, 268, 267, 268, 268, 269, 271, 271, 271, 271, 267, 271, 267,
    267, 270, 270, 267, 267, 268, 267, 268, 270, 267, 270, 269, 268, 268,
    269, 267, 269, 267, 268, 268, 269, 271, 269, 271, 269, 267, 267, 268,
    267, 269, 271, 269, 271, 267, 271 ]
