%YAML:1.0
---
videoName: "LHShake04.mp4"
gestureLabel: 2
fps: 30
pixelSizeInCmTemp: 3.2808219178082193e-01
faceCenterPointX: 247
faceCenterPointY: 80
LHandPositionsX: [ 281, 283, 281, 281, 282, 281, 281, 283, 282, 283, 282,
    278, 280, 280, 280, 284, 287, 298, 306, 322, 333, 345, 360, 369, 373,
    365, 363, 358, 348, 342, 337, 336, 333, 340, 350, 365, 366, 364, 360,
    346, 339, 343, 342, 342, 352, 354, 357, 354, 350, 345, 339, 345, 344,
    348, 357, 357, 355, 349, 347, 345, 344, 349, 354, 359, 363, 365, 363,
    359, 353, 344, 332, 322, 312, 303, 298, 292, 289, 288, 290, 289, 290,
    289, 286, 287, 290, 288, 290, 289, 285, 286, 288 ]
LHandPositionsY: [ 270, 272, 269, 268, 272, 271, 270, 271, 270, 270, 272,
    269, 273, 268, 271, 267, 263, 254, 243, 231, 215, 204, 187, 176, 160,
    158, 155, 152, 136, 130, 131, 128, 127, 120, 114, 111, 111, 107, 116,
    117, 131, 129, 125, 128, 120, 118, 116, 113, 118, 117, 118, 121, 120,
    114, 115, 114, 109, 110, 112, 118, 116, 112, 109, 109, 106, 103, 109,
    112, 129, 141, 159, 172, 187, 199, 215, 227, 234, 243, 245, 243, 247,
    248, 250, 249, 249, 250, 254, 254, 250, 254, 250 ]
RHandPositionsX: [ 214, 215, 217, 218, 215, 218, 218, 215, 218, 217, 214,
    216, 218, 215, 217, 218, 214, 215, 214, 214, 217, 217, 217, 214, 214,
    214, 216, 217, 214, 218, 218, 215, 216, 215, 218, 214, 218, 217, 217,
    218, 214, 217, 218, 214, 218, 214, 216, 216, 217, 218, 214, 218, 216,
    216, 215, 217, 216, 215, 218, 215, 216, 214, 214, 218, 218, 214, 218,
    217, 215, 214, 216, 216, 216, 214, 215, 218, 218, 217, 215, 217, 215,
    217, 215, 217, 215, 217, 218, 218, 215, 216, 216 ]
RHandPositionsY: [ 270, 268, 270, 268, 268, 270, 266, 267, 269, 267, 268,
    267, 269, 269, 265, 269, 267, 266, 264, 267, 265, 263, 267, 266, 264,
    267, 265, 263, 264, 265, 266, 266, 263, 266, 265, 265, 264, 266, 263,
    264, 262, 265, 265, 263, 264, 262, 264, 265, 264, 261, 262, 262, 264,
    265, 264, 261, 263, 263, 261, 262, 265, 265, 262, 264, 262, 261, 261,
    264, 265, 261, 261, 261, 264, 262, 265, 261, 265, 261, 263, 263, 265,
    264, 264, 265, 262, 262, 264, 263, 263, 261, 262 ]
