%YAML:1.0
---
videoName: "LHShake17.mp4"
gestureLabel: 2
fps: 30
pixelSizeInCmTemp: 3.3732394366197183e-01
faceCenterPointX: 248
faceCenterPointY: 64
LHandPositionsX: [ 324, 322, 322, 325, 325, 324, 326, 328, 330, 337, 344,
    356, 365, 374, 390, 396, 405, 407, 401, 386, 372, 359, 354, 352, 352,
    355, 370, 379, 379, 380, 374, 363, 350, 348, 344, 348, 357, 366, 367,
    364, 368, 360, 357, 352, 349, 356, 366, 372, 376, 375, 376, 371, 363,
    350, 349, 349, 346, 352, 361, 363, 361, 369, 367, 355, 351, 343, 338,
    338, 336, 333, 331, 330, 330, 329, 331, 328, 327, 327, 329, 326, 328,
    324, 325, 326, 324, 323, 325, 327, 324, 323, 323 ]
LHandPositionsY: [ 250, 250, 248, 250, 249, 251, 247, 245, 244, 234, 216,
    201, 184, 174, 157, 145, 131, 123, 115, 112, 123, 129, 138, 134, 139,
    136, 123, 118, 117, 119, 118, 130, 138, 140, 137, 141, 123, 118, 118,
    119, 118, 117, 128, 133, 134, 133, 123, 117, 124, 121, 121, 119, 133,
    138, 141, 140, 137, 124, 123, 123, 124, 122, 120, 130, 137, 142, 150,
    163, 173, 184, 197, 206, 217, 221, 222, 228, 230, 233, 235, 234, 237,
    238, 236, 236, 235, 237, 235, 238, 237, 235, 235 ]
RHandPositionsX: [ 180, 176, 178, 179, 178, 180, 179, 180, 179, 180, 179,
    180, 180, 177, 178, 177, 178, 177, 178, 176, 177, 179, 176, 176, 177,
    178, 179, 179, 179, 178, 178, 176, 179, 177, 178, 179, 178, 177, 178,
    178, 177, 178, 178, 175, 176, 177, 175, 174, 175, 176, 175, 177, 178,
    175, 174, 174, 174, 177, 176, 175, 175, 177, 176, 177, 175, 176, 176,
    175, 176, 178, 177, 176, 175, 176, 174, 175, 174, 175, 174, 176, 174,
    176, 177, 177, 175, 174, 177, 178, 175, 176, 178 ]
RHandPositionsY: [ 259, 258, 257, 259, 258, 256, 256, 259, 259, 256, 256,
    260, 260, 256, 260, 256, 260, 256, 257, 260, 259, 257, 256, 260, 256,
    260, 259, 257, 257, 256, 256, 260, 256, 259, 258, 257, 260, 258, 256,
    259, 256, 258, 256, 257, 260, 260, 257, 258, 259, 258, 257, 260, 256,
    260, 257, 258, 259, 256, 259, 260, 260, 257, 259, 257, 258, 256, 260,
    257, 256, 258, 257, 257, 257, 259, 258, 257, 258, 260, 257, 260, 259,
    260, 260, 257, 259, 259, 256, 260, 258, 259, 258 ]
