%YAML:1.0
---
videoName: "LHShake18.mp4"
gestureLabel: 2
fps: 29
pixelSizeInCmTemp: 3.4214285714285714e-01
faceCenterPointX: 253
faceCenterPointY: 65
LHandPositionsX: [ 315, 313, 315, 315, 314, 311, 314, 311, 311, 313, 311,
    311, 311, 312, 312, 313, 314, 314, 321, 322, 332, 339, 345, 350, 349,
    349, 339, 324, 317, 297, 301, 305, 306, 314, 311, 315, 314, 305, 297,
    293, 295, 298, 305, 314, 311, 309, 304, 297, 290, 287, 284, 295, 307,
    314, 311, 312, 306, 294, 287, 287, 294, 299, 310, 308, 310, 305, 302,
    295, 297, 301, 303, 308, 309, 308, 313, 309, 308, 307, 306, 305, 308,
    304, 307, 306, 307, 308, 309, 307 ]
LHandPositionsY: [ 248, 246, 248, 250, 246, 250, 247, 247, 246, 249, 249,
    249, 248, 248, 249, 246, 245, 251, 242, 233, 220, 201, 190, 176, 169,
    157, 151, 146, 145, 139, 137, 144, 143, 142, 142, 141, 144, 148, 144,
    137, 133, 143, 145, 145, 143, 147, 148, 146, 142, 140, 141, 147, 148,
    148, 146, 150, 151, 141, 142, 144, 152, 153, 152, 154, 150, 157, 159,
    149, 146, 154, 154, 151, 151, 155, 160, 165, 175, 187, 195, 205, 217,
    216, 218, 234, 235, 234, 233, 231 ]
RHandPositionsX: [ 195, 198, 196, 194, 198, 197, 199, 197, 198, 198, 196,
    197, 195, 196, 196, 198, 197, 195, 195, 196, 199, 199, 196, 198, 199,
    198, 198, 195, 196, 197, 198, 195, 198, 199, 199, 199, 195, 200, 196,
    198, 196, 198, 196, 199, 196, 197, 197, 200, 196, 197, 198, 197, 196,
    199, 197, 199, 197, 199, 199, 198, 199, 197, 196, 198, 196, 197, 195,
    198, 195, 194, 198, 194, 194, 195, 198, 195, 196, 195, 198, 197, 197,
    194, 195, 198, 196, 197, 195, 195 ]
RHandPositionsY: [ 265, 264, 264, 263, 266, 265, 264, 263, 263, 263, 265,
    264, 266, 266, 267, 263, 263, 265, 267, 265, 264, 264, 265, 264, 263,
    263, 265, 262, 265, 265, 262, 266, 263, 264, 266, 264, 264, 266, 264,
    264, 266, 266, 265, 265, 267, 267, 264, 266, 266, 265, 264, 268, 265,
    265, 267, 267, 264, 269, 266, 265, 267, 266, 267, 267, 265, 268, 265,
    268, 264, 268, 266, 266, 266, 268, 264, 265, 265, 266, 268, 266, 265,
    264, 264, 264, 266, 266, 268, 264 ]
