%YAML:1.0
---
videoName: "LHShake17.mp4"
gestureLabel: 2
fps: 30
pixelSizeInCmTemp: 3.3732394366197183e-01
faceCenterPointX: 248
faceCenterPointY: 64
LHandPositionsX: [ 322, 322, 325, 322, 324, 322, 325, 328, 329, 337, 342,
    355, 366, 376, 388, 398, 407, 408, 404, 386, 376, 359, 353, 352, 351,
    355, 370, 381, 378, 384, 373, 366, 352, 348, 344, 347, 355, 367, 366,
    368, 365, 363, 354, 353, 349, 356, 365, 373, 376, 375, 372, 370, 361,
    354, 345, 349, 348, 356, 360, 366, 361, 367, 367, 357, 350, 343, 339,
    340, 337, 333, 334, 334, 330, 331, 328, 328, 326, 325, 328, 326, 327,
    327, 324, 324, 325, 327, 323, 323, 327, 327, 323 ]
LHandPositionsY: [ 251, 250, 250, 250, 251, 250, 249, 244, 247, 231, 217,
    203, 186, 173, 156, 144, 128, 120, 113, 112, 123, 128, 136, 137, 138,
    134, 123, 117, 119, 120, 117, 130, 134, 141, 140, 138, 125, 117, 120,
    117, 119, 115, 128, 133, 135, 135, 124, 117, 121, 123, 122, 121, 133,
    136, 143, 141, 138, 126, 121, 122, 123, 122, 122, 131, 138, 145, 150,
    162, 170, 180, 195, 207, 221, 220, 223, 227, 233, 235, 234, 234, 235,
    238, 239, 238, 236, 239, 238, 237, 238, 239, 237 ]
RHandPositionsX: [ 178, 178, 177, 178, 178, 179, 179, 176, 177, 177, 176,
    180, 180, 177, 177, 176, 177, 178, 176, 179, 180, 180, 176, 177, 177,
    178, 179, 175, 175, 177, 175, 176, 176, 178, 175, 175, 178, 175, 176,
    175, 175, 174, 178, 178, 176, 176, 175, 174, 178, 174, 174, 178, 178,
    174, 178, 176, 175, 178, 175, 175, 178, 178, 174, 174, 177, 174, 177,
    177, 176, 178, 178, 178, 177, 174, 175, 177, 178, 176, 174, 177, 176,
    175, 177, 178, 176, 175, 174, 178, 177, 178, 178 ]
RHandPositionsY: [ 258, 257, 258, 257, 258, 257, 260, 260, 256, 258, 256,
    258, 259, 258, 259, 258, 260, 257, 258, 256, 259, 257, 257, 258, 258,
    259, 259, 256, 256, 260, 260, 258, 259, 260, 257, 258, 258, 258, 256,
    260, 259, 259, 256, 259, 256, 257, 258, 260, 256, 260, 259, 260, 257,
    259, 257, 257, 256, 259, 257, 260, 256, 258, 258, 259, 260, 258, 260,
    259, 260, 260, 258, 256, 257, 259, 256, 260, 259, 259, 259, 257, 257,
    258, 258, 258, 257, 259, 256, 256, 259, 256, 259 ]
