%YAML:1.0
---
videoName: "LHShake02.mp4"
gestureLabel: 2
fps: 29
pixelSizeInCmTemp: 3.3263888888888887e-01
faceCenterPointX: 249
faceCenterPointY: 82
LHandPositionsX: [ 363, 361, 361, 367, 374, 381, 386, 385, 385, 385, 383,
    378, 374, 365, 364, 365, 363, 365, 369, 374, 382, 388, 382, 380, 375,
    369, 364, 365, 364, 364, 367, 368, 375, 379, 376, 379, 380, 376, 373,
    371, 366, 357, 359, 358, 359, 360, 365, 369, 371, 370, 368, 369, 363,
    361, 355, 357, 361, 367, 367, 369, 369, 370, 366, 361, 359, 351, 350,
    346, 343, 344, 345, 340, 344, 343, 344, 345, 345, 344, 349, 349, 346,
    348, 349, 350, 349, 350, 348, 350 ]
LHandPositionsY: [ 126, 121, 117, 116, 113, 111, 109, 109, 111, 107, 109,
    110, 111, 112, 114, 112, 114, 109, 110, 108, 106, 101, 102, 105, 105,
    109, 107, 110, 107, 105, 102, 104, 98, 99, 100, 98, 97, 98, 97, 99,
    99, 103, 101, 105, 104, 102, 102, 100, 98, 99, 104, 102, 105, 107,
    107, 107, 105, 104, 104, 105, 105, 102, 104, 108, 124, 136, 150, 163,
    162, 169, 179, 184, 191, 197, 203, 210, 215, 220, 224, 227, 229, 232,
    232, 233, 235, 234, 235, 236 ]
RHandPositionsX: [ 156, 153, 157, 157, 156, 154, 154, 157, 153, 154, 153,
    156, 156, 154, 157, 156, 155, 153, 154, 156, 157, 154, 153, 157, 155,
    156, 154, 156, 157, 154, 153, 154, 153, 157, 156, 154, 155, 157, 153,
    157, 155, 157, 153, 153, 157, 155, 154, 153, 154, 155, 157, 153, 156,
    156, 154, 153, 153, 156, 157, 154, 153, 156, 153, 155, 154, 153, 153,
    154, 155, 156, 155, 154, 156, 156, 157, 157, 153, 157, 156, 153, 153,
    154, 154, 157, 156, 157, 155, 154 ]
RHandPositionsY: [ 264, 263, 264, 264, 261, 264, 260, 262, 260, 262, 259,
    258, 260, 259, 258, 262, 260, 262, 262, 259, 259, 259, 259, 258, 261,
    259, 262, 258, 258, 260, 259, 260, 262, 260, 259, 259, 261, 260, 258,
    259, 262, 261, 259, 260, 261, 261, 259, 259, 262, 261, 261, 261, 259,
    258, 259, 260, 260, 261, 259, 258, 258, 258, 262, 258, 259, 258, 259,
    260, 260, 259, 260, 260, 260, 258, 260, 261, 258, 260, 259, 258, 258,
    259, 262, 262, 258, 259, 260, 258 ]
