%YAML:1.0
---
videoName: "LHShake07.mp4"
gestureLabel: 2
fps: 29
pixelSizeInCmTemp: 3.3732394366197183e-01
faceCenterPointX: 265
faceCenterPointY: 78
LHandPositionsX: [ 349, 348, 353, 359, 361, 371, 377, 384, 390, 391, 392,
    393, 385, 377, 353, 348, 342, 345, 340, 342, 349, 363, 369, 368, 365,
    362, 361, 344, 341, 343, 342, 347, 358, 355, 369, 370, 368, 361, 360,
    349, 344, 347, 344, 351, 357, 363, 362, 360, 363, 361, 338, 326, 332,
    336, 343, 357, 365, 374, 373, 379, 370, 364, 356, 348, 340, 340, 338,
    336, 337, 338, 339, 342, 340, 343, 340, 345, 344, 343, 341, 340, 341,
    344, 344, 340, 343, 343, 344, 340 ]
LHandPositionsY: [ 278, 276, 273, 267, 258, 246, 237, 220, 204, 192, 179,
    159, 149, 137, 143, 140, 148, 146, 148, 146, 144, 138, 135, 139, 139,
    135, 135, 138, 143, 141, 136, 132, 131, 135, 128, 125, 130, 129, 136,
    134, 145, 141, 144, 142, 137, 140, 141, 138, 131, 132, 138, 150, 144,
    137, 133, 133, 130, 133, 132, 126, 134, 138, 148, 156, 166, 179, 191,
    206, 219, 231, 243, 249, 254, 252, 257, 262, 261, 267, 264, 264, 265,
    264, 266, 267, 270, 269, 270, 269 ]
RHandPositionsX: [ 181, 183, 182, 185, 185, 182, 185, 185, 182, 183, 182,
    181, 182, 182, 183, 181, 181, 182, 185, 185, 184, 182, 185, 181, 184,
    183, 184, 183, 182, 182, 182, 181, 185, 184, 181, 181, 184, 182, 181,
    181, 181, 184, 184, 183, 185, 181, 181, 181, 182, 184, 184, 185, 181,
    183, 181, 182, 185, 181, 181, 183, 185, 184, 181, 185, 184, 185, 184,
    184, 185, 184, 185, 182, 184, 185, 181, 185, 182, 184, 181, 182, 181,
    181, 181, 181, 182, 181, 182, 185 ]
RHandPositionsY: [ 276, 277, 277, 280, 277, 280, 277, 279, 280, 278, 276,
    277, 280, 279, 278, 277, 276, 277, 280, 277, 277, 279, 278, 278, 276,
    277, 279, 279, 277, 279, 276, 276, 276, 277, 279, 279, 280, 280, 280,
    276, 276, 279, 279, 280, 276, 280, 280, 276, 277, 276, 277, 278, 278,
    276, 278, 279, 276, 276, 276, 278, 280, 276, 280, 279, 277, 279, 279,
    277, 279, 276, 278, 279, 276, 279, 276, 278, 276, 276, 279, 276, 276,
    280, 279, 279, 276, 280, 277, 280 ]
