%YAML:1.0
---
videoName: "LHShake15.mp4"
gestureLabel: 2
fps: 29
pixelSizeInCmTemp: 3.3263888888888887e-01
faceCenterPointX: 252
faceCenterPointY: 65
LHandPositionsX: [ 327, 330, 328, 328, 328, 329, 327, 332, 334, 328, 334,
    340, 345, 350, 357, 365, 368, 372, 378, 380, 378, 380, 368, 359, 348,
    341, 344, 341, 345, 352, 359, 359, 360, 359, 357, 347, 333, 330, 330,
    337, 345, 352, 356, 350, 350, 353, 350, 336, 331, 327, 331, 343, 352,
    358, 352, 351, 359, 353, 343, 337, 334, 331, 335, 341, 346, 349, 348,
    348, 349, 348, 341, 334, 329, 327, 324, 319, 321, 322, 325, 324, 325,
    328, 325, 328, 325, 325, 326, 324 ]
LHandPositionsY: [ 257, 258, 254, 254, 257, 254, 255, 256, 251, 252, 242,
    229, 217, 201, 184, 172, 154, 134, 121, 121, 115, 106, 101, 104, 104,
    103, 103, 100, 101, 96, 94, 93, 93, 95, 94, 98, 101, 97, 98, 94, 97,
    95, 98, 97, 95, 99, 101, 99, 103, 102, 99, 96, 93, 95, 93, 94, 94,
    101, 103, 102, 103, 98, 97, 99, 102, 103, 102, 100, 100, 100, 105,
    121, 135, 153, 167, 181, 194, 205, 217, 229, 231, 237, 240, 238, 242,
    241, 241, 241 ]
RHandPositionsX: [ 178, 176, 177, 179, 179, 177, 179, 176, 177, 177, 175,
    178, 176, 176, 176, 175, 178, 176, 177, 177, 176, 175, 178, 176, 177,
    177, 177, 178, 177, 178, 176, 177, 178, 178, 176, 178, 178, 177, 178,
    176, 179, 178, 177, 175, 179, 178, 179, 175, 177, 179, 175, 178, 176,
    178, 179, 179, 179, 177, 178, 175, 175, 179, 178, 176, 175, 176, 177,
    177, 177, 177, 177, 176, 176, 175, 178, 176, 178, 179, 176, 175, 179,
    178, 179, 178, 176, 175, 179, 178 ]
RHandPositionsY: [ 259, 259, 261, 257, 259, 258, 261, 261, 259, 260, 257,
    260, 259, 259, 258, 259, 259, 257, 261, 257, 257, 260, 258, 259, 260,
    258, 259, 261, 261, 257, 259, 260, 257, 257, 257, 261, 259, 261, 259,
    259, 258, 261, 257, 260, 257, 259, 259, 261, 261, 261, 257, 257, 261,
    259, 258, 258, 258, 258, 261, 257, 258, 261, 259, 257, 259, 260, 258,
    258, 257, 259, 260, 257, 258, 257, 260, 257, 258, 258, 257, 261, 257,
    257, 260, 257, 257, 258, 258, 261 ]
