%YAML:1.0
---
videoName: "LHShake10.mp4"
gestureLabel: 2
fps: 29
pixelSizeInCmTemp: 3.4214285714285714e-01
faceCenterPointX: 253
faceCenterPointY: 65
LHandPositionsX: [ 337, 337, 335, 335, 334, 338, 343, 348, 354, 359, 365,
    378, 385, 391, 393, 397, 395, 382, 374, 363, 355, 353, 351, 355, 360,
    368, 381, 392, 390, 392, 391, 384, 377, 365, 359, 357, 361, 363, 367,
    373, 374, 373, 371, 371, 366, 364, 355, 343, 342, 344, 346, 356, 361,
    371, 383, 380, 381, 374, 366, 353, 349, 349, 351, 351, 353, 366, 372,
    380, 377, 380, 376, 372, 365, 361, 356, 349, 342, 343, 341, 336, 336,
    335, 334, 334, 334, 337, 334, 333 ]
LHandPositionsY: [ 268, 272, 271, 268, 271, 270, 268, 264, 252, 241, 226,
    207, 191, 180, 168, 153, 140, 136, 134, 140, 143, 148, 145, 150, 150,
    148, 136, 139, 143, 139, 141, 142, 146, 149, 151, 149, 150, 145, 138,
    131, 133, 132, 133, 132, 132, 130, 140, 145, 142, 142, 145, 144, 138,
    139, 139, 142, 142, 145, 146, 148, 150, 150, 154, 150, 153, 150, 148,
    145, 144, 148, 147, 152, 156, 164, 173, 185, 195, 209, 218, 231, 242,
    252, 254, 257, 255, 256, 257, 257 ]
RHandPositionsX: [ 174, 174, 174, 175, 174, 176, 174, 173, 174, 173, 175,
    176, 173, 172, 176, 174, 172, 171, 173, 171, 172, 173, 175, 174, 173,
    171, 173, 174, 174, 174, 171, 175, 172, 175, 172, 174, 173, 172, 174,
    172, 173, 175, 172, 173, 172, 173, 171, 174, 174, 171, 175, 174, 175,
    174, 175, 171, 172, 175, 172, 171, 175, 173, 171, 174, 173, 172, 175,
    173, 172, 173, 174, 174, 175, 175, 173, 175, 174, 171, 172, 175, 173,
    174, 174, 173, 175, 171, 171, 171 ]
RHandPositionsY: [ 275, 277, 274, 275, 278, 274, 274, 274, 275, 278, 277,
    277, 277, 276, 274, 277, 276, 276, 275, 275, 276, 278, 277, 278, 275,
    275, 278, 277, 275, 276, 277, 278, 278, 278, 274, 278, 275, 277, 276,
    274, 275, 274, 274, 275, 277, 274, 276, 277, 275, 274, 276, 274, 277,
    275, 274, 274, 274, 274, 275, 277, 274, 278, 275, 277, 275, 278, 278,
    275, 274, 278, 278, 277, 274, 274, 278, 278, 277, 276, 277, 275, 274,
    277, 278, 278, 275, 276, 275, 275 ]
