%YAML:1.0
---
videoName: "LHShake04.mp4"
gestureLabel: 2
fps: 30
pixelSizeInCmTemp: 3.2808219178082193e-01
faceCenterPointX: 247
faceCenterPointY: 80
LHandPositionsX: [ 283, 280, 284, 283, 279, 279, 279, 279, 280, 281, 282,
    281, 278, 281, 281, 286, 289, 298, 307, 322, 333, 349, 358, 369, 374,
    367, 362, 360, 350, 344, 336, 335, 333, 341, 346, 364, 367, 365, 357,
    345, 342, 344, 341, 341, 349, 355, 356, 356, 353, 344, 339, 342, 342,
    349, 354, 357, 353, 352, 346, 349, 345, 347, 352, 358, 364, 363, 363,
    361, 355, 347, 336, 325, 316, 304, 300, 295, 292, 288, 289, 290, 289,
    290, 287, 289, 290, 290, 290, 288, 289, 286, 289 ]
LHandPositionsY: [ 271, 272, 270, 269, 268, 271, 269, 269, 268, 270, 271,
    271, 272, 269, 268, 267, 261, 252, 241, 232, 218, 205, 189, 173, 160,
    159, 152, 151, 134, 133, 132, 129, 128, 117, 118, 112, 110, 107, 116,
    118, 127, 125, 124, 126, 121, 118, 116, 111, 121, 120, 120, 120, 119,
    116, 115, 115, 113, 113, 113, 115, 116, 113, 109, 108, 104, 105, 108,
    109, 127, 145, 157, 173, 187, 198, 212, 227, 233, 244, 241, 246, 247,
    248, 248, 248, 252, 250, 252, 255, 250, 252, 251 ]
RHandPositionsX: [ 218, 216, 214, 216, 214, 217, 216, 214, 214, 216, 214,
    216, 217, 217, 217, 216, 218, 218, 215, 218, 217, 217, 217, 215, 218,
    217, 217, 217, 218, 215, 216, 218, 218, 214, 217, 216, 215, 216, 215,
    215, 214, 215, 214, 216, 217, 218, 218, 216, 217, 215, 214, 216, 215,
    215, 217, 215, 217, 217, 215, 217, 218, 217, 216, 218, 215, 215, 216,
    218, 217, 214, 218, 218, 214, 217, 215, 215, 217, 215, 215, 218, 218,
    217, 215, 216, 214, 214, 215, 215, 218, 217, 215 ]
RHandPositionsY: [ 270, 269, 266, 268, 266, 267, 267, 266, 266, 266, 270,
    270, 268, 267, 269, 265, 265, 266, 266, 266, 266, 264, 263, 263, 264,
    263, 265, 264, 267, 265, 264, 266, 263, 262, 262, 266, 264, 266, 263,
    263, 263, 265, 263, 266, 265, 266, 265, 263, 264, 262, 261, 265, 263,
    264, 265, 263, 263, 261, 261, 265, 263, 262, 265, 261, 261, 264, 263,
    263, 265, 261, 264, 264, 264, 263, 265, 264, 262, 264, 263, 261, 263,
    262, 265, 264, 261, 264, 265, 264, 265, 265, 265 ]
