%YAML:1.0
---
videoName: "LHShake02.mp4"
gestureLabel: 2
fps: 29
pixelSizeInCmTemp: 3.3263888888888887e-01
faceCenterPointX: 249
faceCenterPointY: 82
LHandPositionsX: [ 359, 361, 360, 368, 373, 381, 388, 385, 386, 385, 384,
    379, 373, 369, 366, 365, 365, 367, 372, 376, 381, 387, 383, 380, 376,
    371, 365, 363, 360, 362, 367, 369, 374, 379, 378, 380, 382, 376, 373,
    367, 365, 358, 359, 359, 359, 359, 363, 368, 370, 370, 369, 369, 361,
    360, 356, 360, 360, 366, 371, 369, 370, 372, 368, 364, 357, 355, 351,
    346, 347, 346, 342, 341, 343, 343, 343, 343, 343, 345, 346, 346, 349,
    350, 346, 349, 347, 346, 346, 348 ]
LHandPositionsY: [ 127, 121, 118, 114, 112, 109, 109, 109, 112, 107, 107,
    108, 112, 113, 116, 115, 113, 110, 107, 105, 105, 102, 103, 105, 102,
    107, 108, 111, 109, 104, 104, 103, 102, 101, 100, 99, 94, 96, 99, 95,
    99, 101, 100, 105, 103, 104, 100, 101, 102, 102, 101, 105, 108, 110,
    109, 110, 107, 105, 104, 106, 106, 104, 105, 104, 124, 136, 147, 161,
    162, 170, 177, 184, 190, 198, 203, 213, 216, 221, 225, 229, 229, 228,
    230, 231, 234, 232, 236, 237 ]
RHandPositionsX: [ 153, 156, 155, 156, 153, 157, 156, 153, 156, 157, 153,
    153, 156, 157, 154, 155, 153, 154, 154, 155, 154, 155, 157, 154, 155,
    155, 156, 154, 153, 157, 154, 154, 153, 154, 155, 155, 153, 157, 155,
    157, 154, 155, 155, 155, 154, 156, 154, 153, 154, 154, 157, 154, 157,
    157, 157, 157, 155, 153, 154, 156, 156, 157, 157, 155, 157, 154, 155,
    157, 153, 153, 154, 153, 156, 156, 156, 157, 156, 153, 156, 153, 154,
    153, 155, 157, 153, 153, 153, 155 ]
RHandPositionsY: [ 262, 261, 265, 264, 262, 263, 264, 261, 260, 262, 259,
    261, 262, 258, 262, 261, 262, 260, 261, 261, 259, 261, 258, 260, 259,
    259, 258, 262, 259, 258, 261, 261, 262, 259, 260, 261, 260, 261, 258,
    258, 262, 262, 260, 261, 261, 258, 261, 260, 262, 262, 262, 260, 258,
    261, 258, 261, 258, 260, 258, 260, 259, 261, 261, 260, 258, 259, 260,
    262, 258, 262, 258, 258, 258, 261, 258, 262, 261, 259, 260, 262, 259,
    261, 260, 262, 260, 259, 260, 260 ]
