%YAML:1.0
---
videoName: "LHShake19.mp4"
gestureLabel: 2
fps: 29
pixelSizeInCmTemp: 3.3732394366197183e-01
faceCenterPointX: 250
faceCenterPointY: 62
LHandPositionsX: [ 309, 309, 305, 309, 309, 306, 306, 308, 307, 309, 308,
    305, 308, 307, 309, 309, 313, 317, 319, 327, 326, 324, 313, 291, 285,
    289, 291, 296, 306, 314, 313, 312, 307, 296, 287, 289, 291, 303, 310,
    318, 318, 315, 306, 294, 292, 292, 299, 307, 315, 313, 311, 309, 297,
    291, 295, 302, 307, 315, 316, 317, 316, 311, 305, 302, 295, 292, 291,
    295, 297, 299, 303, 301, 305, 302, 307, 304, 305, 308, 309, 310, 309,
    307, 307, 307, 307, 310, 310, 307 ]
LHandPositionsY: [ 249, 251, 248, 248, 252, 250, 252, 250, 248, 251, 248,
    252, 247, 246, 246, 238, 227, 217, 205, 190, 178, 169, 164, 164, 155,
    155, 157, 157, 154, 151, 151, 154, 155, 153, 152, 146, 154, 153, 151,
    153, 152, 154, 157, 146, 147, 152, 154, 151, 152, 151, 154, 155, 149,
    145, 155, 157, 154, 155, 152, 150, 152, 152, 157, 162, 166, 172, 178,
    190, 197, 208, 215, 218, 216, 222, 224, 227, 232, 233, 236, 236, 237,
    236, 236, 240, 240, 241, 239, 239 ]
RHandPositionsX: [ 196, 199, 199, 198, 195, 198, 196, 195, 197, 198, 197,
    198, 196, 197, 198, 195, 197, 196, 198, 195, 199, 199, 195, 196, 197,
    196, 198, 195, 194, 196, 194, 194, 196, 196, 195, 193, 194, 193, 196,
    191, 191, 191, 191, 194, 193, 194, 194, 192, 192, 195, 193, 194, 191,
    195, 192, 194, 195, 193, 193, 193, 191, 195, 193, 193, 191, 191, 193,
    194, 192, 193, 191, 193, 194, 195, 192, 193, 195, 194, 193, 192, 193,
    191, 193, 195, 193, 193, 193, 194 ]
RHandPositionsY: [ 254, 254, 257, 257, 255, 254, 257, 258, 257, 257, 257,
    255, 254, 257, 256, 258, 256, 258, 258, 255, 258, 254, 254, 255, 257,
    255, 254, 258, 256, 258, 256, 256, 254, 254, 256, 256, 256, 255, 258,
    255, 256, 256, 256, 258, 257, 256, 256, 254, 255, 258, 256, 258, 257,
    258, 255, 256, 255, 256, 256, 258, 254, 255, 256, 254, 255, 256, 256,
    254, 254, 257, 254, 258, 256, 254, 256, 256, 254, 257, 258, 255, 255,
    256, 257, 256, 258, 258, 255, 254 ]
