%YAML:1.0
---
videoName: "LHShake10.mp4"
gestureLabel: 2
fps: 29
pixelSizeInCmTemp: 3.4214285714285714e-01
faceCenterPointX: 253
faceCenterPointY: 65
LHandPositionsX: [ 336, 337, 334, 336, 336, 337, 345, 348, 351, 358, 365,
    377, 384, 392, 393, 397, 397, 386, 375, 363, 356, 352, 353, 351, 361,
    372, 381, 392, 391, 393, 390, 383, 376, 362, 355, 357, 357, 366, 367,
    370, 374, 374, 373, 369, 368, 362, 354, 343, 344, 346, 345, 352, 360,
    373, 380, 382, 379, 372, 365, 357, 348, 352, 348, 350, 357, 363, 372,
    379, 376, 376, 375, 371, 367, 362, 353, 350, 343, 341, 337, 335, 335,
    337, 336, 335, 334, 337, 337, 333 ]
LHandPositionsY: [ 270, 268, 271, 271, 268, 271, 267, 261, 249, 237, 227,
    208, 193, 178, 167, 153, 141, 139, 134, 140, 145, 150, 148, 147, 148,
    148, 138, 142, 141, 143, 141, 146, 146, 148, 152, 151, 151, 147, 136,
    132, 132, 133, 134, 132, 132, 133, 140, 141, 145, 146, 146, 147, 139,
    139, 142, 140, 141, 142, 146, 150, 150, 151, 151, 153, 151, 149, 149,
    147, 145, 146, 150, 155, 156, 166, 174, 183, 193, 209, 222, 234, 243,
    254, 252, 254, 254, 256, 260, 258 ]
RHandPositionsX: [ 176, 175, 173, 176, 172, 175, 173, 172, 176, 174, 176,
    176, 174, 172, 174, 176, 171, 174, 171, 172, 174, 171, 172, 173, 175,
    173, 174, 171, 171, 175, 175, 173, 172, 175, 174, 175, 172, 174, 173,
    173, 172, 174, 171, 172, 171, 173, 175, 175, 174, 171, 174, 173, 171,
    172, 173, 171, 175, 175, 171, 173, 171, 175, 172, 171, 171, 173, 172,
    173, 173, 172, 175, 172, 173, 174, 172, 174, 175, 172, 172, 172, 171,
    175, 173, 172, 171, 172, 172, 173 ]
RHandPositionsY: [ 277, 276, 277, 274, 274, 278, 277, 276, 276, 277, 275,
    274, 274, 276, 274, 276, 277, 275, 276, 276, 275, 278, 274, 276, 274,
    276, 274, 276, 278, 278, 274, 278, 276, 275, 276, 277, 278, 278, 277,
    276, 277, 274, 275, 275, 277, 277, 277, 277, 277, 274, 274, 276, 274,
    277, 278, 275, 277, 274, 276, 274, 278, 277, 276, 277, 276, 275, 278,
    275, 275, 276, 277, 274, 275, 276, 278, 278, 275, 277, 277, 274, 276,
    277, 275, 274, 276, 277, 278, 275 ]
