%YAML:1.0
---
videoName: "LHShake24.mp4"
gestureLabel: 2
fps: 30
pixelSizeInCmTemp: 3.4214285714285714e-01
faceCenterPointX: 255
faceCenterPointY: 77
LHandPositionsX: [ 326, 330, 330, 326, 330, 326, 328, 329, 328, 331, 333,
    332, 340, 345, 352, 363, 367, 374, 381, 380, 382, 381, 373, 361, 348,
    341, 343, 342, 344, 350, 358, 369, 379, 379, 377, 377, 369, 356, 344,
    339, 340, 339, 342, 355, 366, 364, 368, 366, 364, 352, 346, 338, 342,
    342, 347, 354, 362, 371, 367, 374, 368, 362, 354, 347, 347, 345, 344,
    350, 362, 369, 370, 368, 367, 357, 349, 341, 337, 332, 326, 324, 323,
    325, 325, 325, 327, 325, 325, 329, 324, 328, 324 ]
LHandPositionsY: [ 264, 261, 264, 260, 261, 264, 262, 260, 260, 260, 261,
    254, 245, 235, 225, 209, 195, 184, 174, 169, 162, 153, 153, 155, 158,
    162, 162, 163, 160, 160, 159, 151, 149, 151, 149, 147, 148, 150, 154,
    156, 155, 154, 154, 153, 150, 151, 149, 151, 152, 155, 159, 162, 163,
    161, 160, 163, 158, 157, 157, 156, 155, 157, 162, 165, 163, 162, 160,
    161, 158, 156, 160, 158, 155, 160, 161, 161, 169, 178, 187, 198, 210,
    218, 229, 230, 237, 238, 245, 245, 245, 248, 246 ]
RHandPositionsX: [ 179, 183, 183, 182, 182, 180, 183, 182, 180, 180, 180,
    179, 182, 183, 183, 183, 182, 183, 181, 179, 180, 179, 182, 179, 183,
    181, 179, 180, 183, 183, 181, 183, 183, 181, 179, 181, 179, 182, 182,
    180, 180, 180, 181, 179, 181, 179, 183, 183, 179, 180, 180, 181, 182,
    183, 181, 179, 182, 183, 183, 182, 180, 183, 183, 179, 183, 183, 182,
    183, 180, 182, 181, 179, 181, 183, 181, 181, 183, 182, 180, 179, 181,
    179, 181, 183, 183, 179, 179, 179, 181, 183, 180 ]
RHandPositionsY: [ 267, 270, 269, 268, 269, 269, 271, 270, 269, 268, 270,
    270, 269, 268, 269, 268, 268, 269, 268, 268, 267, 269, 269, 267, 269,
    270, 268, 269, 267, 268, 271, 267, 271, 271, 269, 269, 271, 270, 271,
    269, 267, 271, 268, 270, 267, 268, 271, 271, 271, 267, 268, 270, 270,
    267, 269, 271, 270, 271, 268, 269, 269, 269, 270, 269, 268, 268, 268,
    267, 267, 268, 268, 268, 268, 268, 269, 268, 271, 267, 267, 270, 269,
    268, 267, 271, 269, 270, 269, 267, 270, 271, 267 ]
