%YAML:1.0
---
videoName: "LHShake22.mp4"
gestureLabel: 2
fps: 29
pixelSizeInCmTemp: 3.5220588235294115e-01
faceCenterPointX: 261
faceCenterPointY: 79
LHandPositionsX: [ 336, 346, 349, 354, 355, 359, 356, 355, 345, 336, 328,
    318, 320, 320, 317, 322, 331, 337, 344, 345, 342, 342, 336, 328, 322,
    321, 323, 325, 332, 339, 342, 343, 342, 337, 330, 321, 315, 318, 318,
    320, 328, 335, 334, 337, 336, 331, 326, 320, 322, 322, 322, 327, 336,
    342, 342, 345, 341, 335, 325, 321, 319, 315, 318, 325, 331, 335, 337,
    336, 336, 329, 327, 325, 322, 321, 321, 323, 324, 326, 328, 323, 324,
    324, 326, 327, 326, 327, 323, 327 ]
LHandPositionsY: [ 262, 252, 247, 235, 234, 219, 208, 204, 194, 187, 187,
    184, 183, 183, 181, 181, 176, 178, 173, 171, 173, 170, 174, 177, 178,
    180, 177, 180, 174, 174, 170, 171, 173, 174, 177, 177, 181, 184, 185,
    183, 178, 176, 175, 174, 176, 177, 179, 182, 180, 180, 181, 181, 178,
    174, 178, 174, 174, 176, 177, 181, 184, 182, 183, 179, 176, 179, 177,
    177, 183, 187, 194, 202, 211, 218, 229, 239, 239, 244, 249, 248, 246,
    249, 251, 248, 249, 249, 249, 249 ]
RHandPositionsX: [ 193, 192, 193, 191, 191, 192, 193, 193, 193, 190, 191,
    192, 190, 190, 189, 191, 189, 190, 192, 193, 189, 189, 191, 191, 193,
    191, 193, 192, 189, 189, 190, 190, 191, 191, 190, 190, 192, 193, 190,
    192, 193, 192, 193, 191, 193, 191, 191, 190, 190, 190, 191, 193, 189,
    193, 192, 190, 193, 190, 192, 189, 193, 192, 193, 192, 193, 192, 193,
    190, 193, 190, 191, 190, 189, 191, 192, 193, 192, 190, 190, 191, 192,
    193, 189, 192, 190, 193, 190, 192 ]
RHandPositionsY: [ 270, 267, 268, 269, 269, 269, 267, 268, 267, 267, 270,
    270, 266, 266, 269, 269, 267, 268, 266, 270, 266, 270, 270, 266, 269,
    270, 268, 267, 270, 266, 266, 270, 269, 268, 269, 268, 267, 268, 266,
    266, 270, 269, 267, 269, 270, 269, 266, 266, 269, 268, 269, 267, 268,
    267, 270, 268, 267, 268, 267, 268, 269, 268, 270, 270, 268, 270, 270,
    266, 268, 267, 268, 270, 268, 266, 268, 267, 268, 267, 268, 269, 269,
    267, 268, 267, 266, 270, 267, 270 ]
