%YAML:1.0
---
videoName: "LHShake22.mp4"
gestureLabel: 2
fps: 29
pixelSizeInCmTemp: 3.5220588235294115e-01
faceCenterPointX: 261
faceCenterPointY: 79
LHandPositionsX: [ 336, 343, 347, 357, 357, 356, 357, 352, 348, 336, 329,
    321, 321, 318, 318, 322, 331, 340, 346, 343, 342, 341, 339, 332, 323,
    321, 323, 327, 333, 339, 341, 342, 341, 335, 330, 323, 316, 315, 317,
    324, 327, 336, 334, 335, 337, 331, 326, 318, 319, 319, 324, 327, 337,
    343, 342, 343, 342, 332, 327, 318, 320, 315, 317, 325, 328, 338, 334,
    334, 334, 330, 326, 325, 322, 320, 322, 321, 322, 323, 324, 326, 327,
    326, 326, 325, 324, 323, 324, 324 ]
LHandPositionsY: [ 259, 253, 245, 237, 235, 219, 209, 207, 193, 189, 187,
    187, 185, 187, 180, 181, 176, 174, 172, 172, 170, 170, 174, 175, 177,
    180, 178, 180, 178, 174, 170, 173, 172, 172, 177, 179, 182, 183, 181,
    185, 178, 176, 175, 174, 177, 175, 177, 179, 179, 180, 181, 179, 178,
    175, 176, 177, 176, 175, 178, 181, 182, 184, 179, 182, 180, 180, 179,
    177, 186, 189, 197, 203, 211, 219, 229, 239, 239, 244, 245, 247, 249,
    248, 248, 250, 251, 250, 250, 250 ]
RHandPositionsX: [ 192, 193, 190, 191, 190, 192, 189, 189, 192, 191, 191,
    189, 190, 192, 191, 190, 193, 192, 190, 191, 190, 192, 189, 190, 192,
    191, 190, 193, 191, 192, 193, 191, 191, 190, 189, 193, 193, 190, 193,
    189, 191, 189, 189, 192, 191, 193, 192, 190, 189, 193, 191, 193, 190,
    193, 189, 191, 193, 191, 191, 192, 193, 191, 192, 190, 189, 190, 189,
    190, 190, 190, 191, 191, 192, 190, 191, 191, 191, 192, 193, 190, 189,
    190, 193, 190, 192, 191, 193, 193 ]
RHandPositionsY: [ 269, 270, 267, 270, 270, 268, 267, 267, 268, 266, 270,
    268, 269, 269, 270, 266, 269, 267, 266, 268, 266, 267, 266, 268, 266,
    266, 267, 270, 269, 266, 267, 268, 269, 268, 268, 267, 267, 268, 270,
    266, 270, 270, 267, 267, 267, 269, 269, 270, 266, 268, 266, 268, 268,
    266, 268, 268, 266, 270, 267, 267, 266, 268, 269, 267, 269, 268, 266,
    267, 267, 266, 269, 269, 266, 270, 266, 266, 269, 266, 266, 270, 266,
    267, 270, 270, 267, 267, 266, 266 ]
