%YAML:1.0
---
videoName: "LHShake11.mp4"
gestureLabel: 2
fps: 29
pixelSizeInCmTemp: 3.3732394366197183e-01
faceCenterPointX: 260
faceCenterPointY: 69
LHandPositionsX: [ 387, 385, 383, 375, 364, 353, 346, 352, 344, 347, 354,
    361, 365, 363, 365, 362, 356, 352, 347, 347, 348, 348, 351, 357, 360,
    357, 359, 356, 351, 345, 348, 346, 350, 350, 354, 355, 354, 352, 345,
    343, 337, 338, 341, 340, 346, 354, 356, 357, 354, 357, 353, 342, 338,
    340, 336, 338, 348, 354, 361, 358, 362, 361, 362, 357, 348, 342, 339,
    330, 330, 330, 331, 330, 332, 335, 332, 332, 334, 335, 334, 334, 334,
    332, 334, 331, 335, 331, 331, 332 ]
LHandPositionsY: [ 177, 164, 152, 144, 143, 147, 145, 145, 148, 138, 130,
    126, 129, 125, 126, 128, 130, 141, 145, 143, 140, 132, 132, 132, 129,
    130, 129, 134, 140, 144, 144, 143, 144, 136, 136, 135, 134, 135, 138,
    140, 144, 146, 146, 145, 143, 134, 132, 133, 132, 128, 138, 140, 144,
    143, 145, 143, 144, 138, 139, 136, 139, 140, 150, 153, 168, 176, 192,
    205, 215, 229, 227, 231, 240, 242, 247, 248, 246, 247, 249, 251, 249,
    249, 248, 249, 248, 252, 249, 249 ]
RHandPositionsX: [ 180, 182, 181, 180, 183, 180, 182, 183, 183, 182, 183,
    182, 181, 179, 183, 179, 182, 179, 181, 179, 182, 181, 183, 180, 181,
    183, 181, 179, 181, 180, 181, 183, 181, 183, 183, 183, 183, 179, 181,
    179, 182, 183, 183, 182, 179, 181, 179, 183, 183, 181, 179, 179, 182,
    181, 179, 182, 179, 181, 182, 182, 182, 179, 179, 183, 179, 182, 181,
    179, 181, 179, 179, 179, 182, 179, 180, 183, 183, 181, 183, 180, 179,
    180, 183, 183, 179, 179, 179, 181 ]
RHandPositionsY: [ 273, 274, 275, 277, 273, 275, 274, 275, 275, 275, 275,
    276, 277, 273, 273, 276, 275, 275, 273, 277, 276, 276, 275, 273, 274,
    276, 274, 273, 274, 274, 276, 277, 274, 274, 277, 274, 277, 273, 276,
    277, 275, 276, 277, 275, 276, 275, 276, 276, 273, 276, 274, 273, 277,
    275, 275, 276, 276, 273, 276, 274, 274, 273, 275, 277, 277, 274, 274,
    276, 275, 273, 277, 273, 273, 275, 274, 275, 275, 276, 273, 275, 274,
    275, 277, 276, 276, 276, 277, 274 ]
