%YAML:1.0
---
videoName: "LHShake11.mp4"
gestureLabel: 2
fps: 29
pixelSizeInCmTemp: 3.3732394366197183e-01
faceCenterPointX: 260
faceCenterPointY: 69
LHandPositionsX: [ 386, 388, 384, 375, 366, 355, 348, 349, 345, 348, 356,
    362, 364, 362, 362, 365, 357, 351, 344, 346, 348, 351, 352, 358, 358,
    358, 359, 353, 351, 345, 349, 344, 349, 352, 354, 356, 351, 353, 347,
    343, 339, 337, 338, 339, 344, 355, 357, 358, 355, 359, 351, 345, 337,
    339, 337, 342, 349, 356, 361, 360, 361, 363, 360, 354, 348, 344, 339,
    331, 329, 328, 331, 331, 334, 335, 336, 332, 332, 335, 331, 332, 333,
    335, 334, 332, 335, 334, 335, 334 ]
LHandPositionsY: [ 176, 163, 150, 143, 141, 145, 145, 144, 145, 136, 129,
    127, 127, 129, 127, 127, 132, 138, 144, 141, 143, 134, 132, 131, 130,
    129, 128, 132, 142, 145, 143, 144, 142, 138, 134, 136, 133, 132, 137,
    142, 143, 147, 143, 142, 144, 136, 131, 131, 131, 127, 138, 140, 144,
    146, 149, 147, 144, 138, 135, 135, 139, 142, 146, 156, 167, 176, 190,
    204, 215, 230, 229, 235, 238, 243, 244, 248, 248, 249, 248, 248, 249,
    251, 251, 252, 250, 251, 252, 250 ]
RHandPositionsX: [ 181, 181, 181, 182, 180, 179, 180, 183, 183, 183, 183,
    181, 181, 181, 182, 182, 179, 179, 183, 179, 179, 181, 182, 179, 181,
    182, 181, 180, 183, 180, 179, 180, 181, 179, 182, 181, 182, 179, 179,
    179, 179, 180, 183, 181, 180, 180, 183, 180, 180, 181, 180, 181, 183,
    181, 183, 183, 182, 183, 181, 181, 183, 183, 183, 181, 183, 182, 181,
    179, 180, 183, 183, 181, 183, 182, 181, 183, 179, 181, 182, 180, 182,
    183, 179, 183, 183, 180, 181, 179 ]
RHandPositionsY: [ 277, 275, 274, 276, 276, 274, 273, 275, 275, 275, 275,
    276, 276, 277, 273, 275, 274, 274, 273, 277, 277, 273, 274, 275, 275,
    273, 273, 275, 274, 274, 273, 276, 274, 275, 277, 275, 276, 277, 273,
    276, 276, 277, 276, 275, 277, 273, 276, 274, 273, 277, 275, 276, 277,
    276, 277, 273, 273, 274, 277, 276, 275, 276, 277, 277, 273, 276, 276,
    277, 274, 274, 274, 276, 275, 276, 277, 274, 276, 275, 276, 273, 274,
    277, 275, 273, 276, 275, 275, 276 ]
