%YAML:1.0
---
videoName: "LHShake03.mp4"
gestureLabel: 2
fps: 30
pixelSizeInCmTemp: 3.2808219178082193e-01
faceCenterPointX: 251
faceCenterPointY: 79
LHandPositionsX: [ 343, 347, 352, 356, 355, 355, 355, 348, 336, 327, 313,
    317, 317, 313, 313, 320, 323, 330, 335, 335, 338, 337, 336, 329, 327,
    322, 322, 323, 326, 332, 333, 340, 341, 338, 335, 322, 316, 314, 309,
    311, 316, 320, 328, 332, 333, 334, 332, 327, 326, 323, 323, 326, 330,
    339, 345, 345, 338, 337, 339, 337, 334, 330, 319, 320, 316, 310, 308,
    303, 301, 297, 297, 297, 298, 293, 296, 294, 291, 290, 291, 293, 289,
    288, 290, 289, 285, 285, 286, 284, 284, 285, 287 ]
LHandPositionsY: [ 141, 135, 125, 121, 113, 107, 104, 101, 97, 96, 107,
    103, 106, 99, 98, 94, 91, 89, 85, 85, 84, 87, 88, 86, 90, 88, 90, 91,
    88, 87, 84, 84, 81, 86, 83, 90, 94, 97, 97, 96, 90, 89, 90, 87, 85,
    88, 84, 89, 92, 93, 89, 94, 90, 85, 88, 90, 92, 96, 97, 103, 114,
    133, 140, 155, 168, 175, 185, 196, 205, 215, 221, 223, 223, 226, 234,
    238, 241, 243, 247, 250, 248, 248, 250, 254, 256, 251, 251, 255, 251,
    255, 253 ]
RHandPositionsX: [ 213, 212, 214, 215, 213, 214, 214, 211, 214, 213, 211,
    213, 214, 212, 212, 212, 213, 214, 215, 211, 212, 213, 212, 214, 213,
    215, 214, 215, 211, 213, 211, 211, 215, 213, 213, 213, 211, 215, 213,
    211, 212, 212, 214, 212, 212, 215, 212, 215, 215, 212, 212, 213, 212,
    215, 211, 213, 213, 213, 212, 213, 212, 214, 211, 211, 213, 212, 210,
    212, 211, 212, 214, 211, 214, 211, 211, 210, 213, 211, 211, 213, 213,
    213, 214, 214, 213, 213, 212, 211, 210, 213, 213 ]
RHandPositionsY: [ 255, 256, 258, 256, 256, 253, 254, 255, 256, 253, 256,
    254, 253, 254, 255, 256, 254, 254, 253, 251, 255, 254, 254, 251, 253,
    253, 255, 255, 253, 251, 252, 251, 251, 251, 252, 254, 251, 253, 251,
    255, 253, 255, 253, 252, 251, 253, 253, 255, 252, 253, 253, 253, 254,
    253, 251, 254, 253, 255, 254, 255, 251, 251, 254, 253, 253, 252, 253,
    254, 251, 255, 255, 252, 254, 253, 252, 252, 254, 254, 254, 252, 252,
    252, 254, 252, 251, 253, 253, 251, 253, 251, 255 ]
