%YAML:1.0
---
videoName: "LHShake21.mp4"
gestureLabel: 2
fps: 29
pixelSizeInCmTemp: 3.4214285714285714e-01
faceCenterPointX: 266
faceCenterPointY: 79
LHandPositionsX: [ 347, 350, 363, 374, 385, 392, 397, 406, 423, 416, 418,
    403, 387, 376, 376, 378, 374, 377, 385, 401, 401, 397, 397, 394, 384,
    375, 369, 373, 370, 371, 376, 394, 389, 387, 383, 383, 377, 373, 368,
    365, 366, 369, 378, 387, 387, 385, 398, 393, 382, 371, 365, 365, 367,
    368, 373, 378, 386, 385, 385, 390, 386, 381, 375, 367, 358, 348, 345,
    338, 334, 338, 335, 336, 333, 333, 336, 332, 331, 332, 334, 333, 333,
    332, 330, 334, 333, 331, 334, 330 ]
LHandPositionsY: [ 269, 264, 243, 227, 211, 193, 183, 168, 154, 149, 136,
    133, 135, 136, 134, 134, 130, 131, 129, 127, 128, 132, 132, 135, 138,
    130, 143, 143, 141, 137, 134, 130, 132, 133, 134, 136, 137, 147, 149,
    146, 149, 145, 142, 137, 138, 136, 138, 138, 140, 150, 151, 151, 152,
    154, 150, 143, 139, 139, 142, 149, 152, 162, 171, 180, 190, 204, 214,
    224, 235, 239, 241, 248, 251, 250, 252, 251, 254, 251, 251, 254, 250,
    250, 251, 252, 254, 252, 254, 254 ]
RHandPositionsX: [ 188, 186, 185, 188, 188, 188, 187, 188, 187, 187, 186,
    185, 187, 186, 184, 184, 184, 185, 188, 188, 186, 187, 185, 184, 185,
    186, 186, 187, 187, 187, 187, 184, 186, 185, 187, 188, 188, 185, 185,
    186, 184, 185, 184, 184, 187, 184, 187, 188, 184, 188, 185, 187, 187,
    185, 186, 184, 187, 187, 187, 187, 187, 185, 187, 186, 188, 187, 187,
    188, 188, 185, 188, 185, 187, 188, 188, 184, 185, 185, 185, 186, 184,
    185, 187, 187, 184, 184, 184, 184 ]
RHandPositionsY: [ 267, 265, 267, 268, 269, 267, 269, 266, 269, 268, 268,
    265, 267, 266, 269, 266, 265, 265, 265, 267, 267, 266, 268, 268, 269,
    269, 268, 267, 268, 269, 267, 266, 268, 265, 265, 269, 269, 266, 269,
    266, 269, 268, 265, 266, 269, 266, 269, 267, 269, 266, 267, 267, 265,
    269, 266, 266, 266, 267, 266, 267, 268, 266, 268, 266, 269, 265, 269,
    269, 268, 268, 265, 267, 266, 269, 266, 266, 267, 269, 266, 266, 268,
    266, 267, 267, 266, 265, 269, 267 ]
