%YAML:1.0
---
videoName: "LHShake07.mp4"
gestureLabel: 2
fps: 29
pixelSizeInCmTemp: 3.3732394366197183e-01
faceCenterPointX: 265
faceCenterPointY: 78
LHandPositionsX: [ 348, 346, 354, 355, 365, 367, 376, 385, 392, 393, 392,
    392, 383, 374, 355, 346, 341, 343, 342, 343, 351, 365, 367, 369, 366,
    363, 359, 345, 340, 346, 344, 345, 355, 359, 368, 368, 366, 360, 363,
    351, 346, 346, 346, 350, 356, 361, 363, 360, 366, 363, 339, 326, 335,
    334, 341, 357, 369, 372, 369, 381, 374, 363, 356, 348, 343, 337, 334,
    334, 337, 337, 339, 340, 344, 344, 341, 345, 343, 345, 342, 344, 340,
    344, 341, 342, 343, 340, 343, 343 ]
LHandPositionsY: [ 278, 278, 271, 266, 256, 248, 235, 216, 205, 190, 175,
    162, 149, 139, 140, 139, 147, 144, 144, 146, 142, 137, 134, 137, 138,
    136, 136, 140, 144, 143, 139, 133, 131, 131, 126, 126, 128, 130, 136,
    134, 145, 143, 146, 139, 139, 136, 140, 138, 132, 131, 137, 152, 145,
    135, 131, 130, 128, 132, 130, 127, 133, 139, 146, 158, 167, 179, 194,
    203, 218, 231, 243, 251, 253, 256, 258, 258, 260, 267, 265, 266, 267,
    268, 268, 265, 268, 269, 270, 270 ]
RHandPositionsX: [ 184, 183, 182, 184, 185, 182, 181, 185, 184, 182, 185,
    185, 184, 183, 183, 183, 184, 183, 185, 183, 183, 185, 182, 183, 184,
    182, 182, 185, 185, 181, 182, 181, 184, 182, 185, 183, 181, 183, 185,
    182, 184, 183, 183, 185, 183, 181, 181, 182, 185, 183, 185, 183, 182,
    183, 182, 185, 184, 182, 182, 182, 183, 184, 183, 185, 182, 184, 182,
    183, 184, 181, 183, 181, 184, 182, 182, 183, 185, 185, 183, 182, 183,
    183, 181, 181, 181, 184, 183, 183 ]
RHandPositionsY: [ 279, 278, 278, 277, 277, 279, 277, 277, 277, 280, 278,
    277, 280, 277, 278, 280, 277, 280, 276, 276, 278, 280, 280, 279, 278,
    280, 278, 276, 278, 280, 280, 277, 278, 277, 277, 276, 276, 279, 276,
    278, 277, 279, 276, 279, 279, 279, 277, 277, 278, 276, 277, 279, 280,
    279, 277, 279, 276, 279, 280, 276, 280, 280, 277, 277, 279, 280, 279,
    278, 280, 278, 277, 278, 276, 277, 277, 279, 276, 277, 276, 277, 276,
    279, 276, 280, 277, 276, 279, 277 ]
