%YAML:1.0
---
videoName: "LHShake00.mp4"
gestureLabel: 2
fps: 29
pixelSizeInCmTemp: 3.4214285714285714e-01
faceCenterPointX: 252
faceCenterPointY: 85
LHandPositionsX: [ 349, 349, 348, 349, 352, 355, 359, 356, 353, 341, 333,
    325, 322, 322, 324, 323, 329, 331, 335, 336, 337, 337, 331, 325, 325,
    323, 325, 331, 332, 338, 339, 339, 337, 330, 325, 324, 324, 326, 330,
    334, 340, 341, 341, 342, 332, 326, 325, 322, 325, 330, 334, 336, 341,
    344, 343, 337, 326, 324, 325, 322, 325, 332, 332, 339, 338, 342, 342,
    337, 335, 334, 330, 329, 325, 326, 327, 330, 330, 332, 334, 337, 336,
    338, 339, 341, 340, 344, 341, 342 ]
LHandPositionsY: [ 257, 253, 244, 232, 210, 190, 172, 153, 139, 137, 132,
    135, 136, 135, 134, 135, 132, 129, 128, 128, 124, 128, 127, 132, 133,
    131, 132, 129, 129, 126, 124, 121, 122, 125, 135, 132, 136, 133, 132,
    130, 126, 125, 120, 121, 129, 130, 130, 131, 132, 130, 133, 126, 122,
    120, 125, 128, 127, 128, 131, 129, 128, 123, 123, 121, 122, 117, 116,
    127, 139, 149, 158, 164, 161, 172, 186, 192, 199, 205, 214, 219, 222,
    226, 227, 234, 234, 236, 236, 237 ]
RHandPositionsX: [ 153, 153, 155, 155, 156, 156, 154, 152, 155, 152, 152,
    156, 153, 154, 153, 153, 153, 154, 153, 152, 156, 155, 156, 156, 152,
    156, 152, 153, 153, 155, 152, 153, 155, 154, 156, 154, 155, 153, 155,
    156, 153, 156, 155, 154, 155, 154, 153, 154, 152, 155, 155, 156, 153,
    153, 154, 154, 155, 152, 153, 155, 154, 154, 156, 154, 156, 153, 155,
    154, 155, 152, 152, 152, 153, 155, 156, 152, 154, 153, 152, 154, 155,
    153, 153, 155, 154, 153, 154, 156 ]
RHandPositionsY: [ 277, 275, 276, 276, 278, 273, 273, 272, 272, 273, 273,
    274, 271, 271, 271, 270, 269, 271, 270, 270, 268, 269, 267, 269, 268,
    265, 264, 265, 266, 265, 263, 263, 264, 262, 266, 266, 264, 264, 263,
    261, 265, 264, 263, 264, 260, 262, 261, 262, 264, 261, 262, 261, 264,
    262, 260, 260, 261, 264, 260, 260, 261, 261, 261, 264, 262, 260, 260,
    260, 261, 264, 263, 263, 263, 262, 261, 264, 262, 264, 264, 264, 264,
    264, 260, 262, 264, 261, 262, 260 ]
