%YAML:1.0
---
videoName: "LHShake23.mp4"
gestureLabel: 2
fps: 30
pixelSizeInCmTemp: 3.3263888888888887e-01
faceCenterPointX: 259
faceCenterPointY: 79
LHandPositionsX: [ 334, 334, 334, 333, 330, 332, 334, 333, 330, 335, 333,
    337, 339, 345, 349, 358, 370, 369, 375, 376, 379, 379, 374, 369, 357,
    351, 354, 352, 354, 363, 372, 381, 385, 382, 384, 377, 372, 361, 358,
    358, 364, 367, 378, 385, 382, 380, 378, 375, 361, 354, 357, 352, 357,
    365, 373, 381, 380, 378, 379, 374, 368, 357, 358, 357, 355, 365, 373,
    380, 378, 380, 379, 374, 371, 361, 354, 350, 346, 346, 342, 341, 336,
    338, 338, 335, 339, 337, 334, 334, 335, 336, 334 ]
LHandPositionsY: [ 266, 265, 266, 263, 266, 262, 265, 264, 261, 264, 260,
    253, 242, 232, 230, 214, 199, 198, 191, 187, 182, 173, 167, 164, 165,
    171, 167, 170, 167, 166, 165, 160, 159, 157, 160, 160, 165, 161, 164,
    162, 163, 165, 162, 157, 161, 160, 159, 159, 159, 164, 162, 167, 167,
    166, 165, 162, 162, 162, 163, 164, 168, 170, 168, 169, 171, 169, 167,
    169, 167, 167, 171, 173, 174, 182, 192, 203, 212, 229, 238, 251, 250,
    250, 249, 253, 255, 254, 256, 252, 252, 253, 256 ]
RHandPositionsX: [ 182, 182, 186, 185, 184, 183, 186, 184, 186, 183, 183,
    185, 185, 186, 184, 186, 182, 185, 183, 183, 183, 185, 185, 186, 182,
    184, 185, 185, 183, 185, 182, 182, 184, 186, 186, 185, 186, 183, 183,
    182, 185, 182, 185, 184, 186, 185, 185, 184, 186, 186, 184, 185, 184,
    183, 184, 184, 184, 182, 184, 186, 185, 183, 182, 186, 183, 185, 182,
    184, 182, 185, 185, 184, 184, 184, 182, 183, 182, 185, 184, 186, 186,
    183, 186, 186, 182, 185, 186, 182, 184, 185, 185 ]
RHandPositionsY: [ 273, 271, 270, 273, 272, 272, 270, 272, 270, 270, 270,
    272, 272, 271, 274, 272, 273, 271, 272, 274, 273, 272, 271, 271, 274,
    273, 274, 273, 274, 270, 270, 274, 274, 270, 270, 272, 273, 273, 270,
    271, 273, 273, 274, 270, 273, 270, 273, 270, 270, 273, 273, 270, 273,
    271, 273, 271, 272, 273, 271, 274, 272, 271, 272, 272, 271, 273, 271,
    274, 270, 274, 270, 273, 272, 274, 270, 273, 273, 273, 272, 270, 274,
    271, 272, 274, 274, 272, 270, 273, 272, 272, 270 ]
