%YAML:1.0
---
videoName: "LHShake20.mp4"
gestureLabel: 2
fps: 30
pixelSizeInCmTemp: 3.3732394366197183e-01
faceCenterPointX: 249
faceCenterPointY: 62
LHandPositionsX: [ 314, 313, 316, 313, 312, 315, 314, 313, 317, 318, 320,
    326, 336, 339, 342, 338, 328, 318, 315, 312, 314, 310, 318, 326, 339,
    337, 336, 338, 328, 324, 320, 319, 319, 323, 334, 343, 340, 340, 330,
    322, 323, 322, 319, 328, 331, 332, 327, 332, 325, 318, 321, 321, 322,
    327, 326, 330, 327, 327, 321, 318, 321, 320, 320, 318, 321, 324, 319,
    321, 318, 315, 312, 315, 316, 314, 312, 312, 316, 313, 313, 316, 313,
    316, 313, 312, 315, 315, 312, 315, 313, 312, 313 ]
LHandPositionsY: [ 250, 248, 246, 247, 249, 246, 248, 244, 237, 230, 216,
    202, 191, 180, 171, 166, 160, 159, 159, 162, 159, 158, 149, 149, 142,
    144, 144, 142, 140, 144, 147, 146, 145, 146, 142, 142, 141, 144, 143,
    144, 147, 146, 146, 141, 140, 139, 139, 139, 143, 147, 147, 150, 145,
    144, 140, 136, 135, 133, 136, 144, 144, 143, 144, 149, 147, 149, 161,
    167, 180, 190, 202, 216, 215, 218, 222, 227, 228, 231, 231, 231, 234,
    235, 234, 235, 234, 236, 235, 239, 236, 236, 240 ]
RHandPositionsX: [ 179, 183, 180, 183, 180, 181, 179, 182, 183, 181, 179,
    180, 182, 180, 179, 183, 180, 180, 182, 179, 183, 181, 179, 181, 182,
    180, 180, 182, 179, 183, 182, 180, 179, 181, 180, 183, 179, 179, 182,
    183, 181, 182, 182, 183, 181, 183, 179, 183, 183, 179, 179, 183, 183,
    179, 183, 182, 183, 179, 179, 182, 179, 182, 183, 182, 182, 180, 181,
    179, 183, 181, 181, 179, 182, 181, 183, 181, 182, 181, 182, 179, 181,
    180, 181, 180, 182, 180, 182, 181, 180, 179, 179 ]
RHandPositionsY: [ 257, 257, 256, 256, 256, 254, 257, 254, 254, 254, 252,
    253, 254, 254, 255, 256, 254, 253, 256, 253, 255, 253, 252, 254, 253,
    253, 252, 255, 255, 256, 253, 252, 255, 251, 252, 251, 252, 252, 255,
    254, 253, 251, 255, 253, 253, 254, 251, 254, 253, 253, 255, 251, 255,
    252, 252, 251, 252, 251, 251, 254, 252, 255, 251, 252, 254, 252, 254,
    252, 253, 251, 251, 255, 255, 254, 252, 251, 251, 252, 251, 255, 253,
    255, 253, 253, 251, 254, 251, 254, 252, 254, 255 ]
