%YAML:1.0
---
videoName: "LHShake16.mp4"
gestureLabel: 2
fps: 30
pixelSizeInCmTemp: 3.3732394366197183e-01
faceCenterPointX: 247
faceCenterPointY: 66
LHandPositionsX: [ 323, 322, 325, 329, 327, 338, 343, 354, 361, 374, 381,
    394, 405, 410, 407, 404, 402, 390, 378, 362, 353, 357, 365, 370, 383,
    401, 394, 393, 392, 387, 372, 369, 371, 371, 373, 381, 388, 387, 403,
    394, 384, 375, 367, 365, 364, 369, 376, 384, 397, 409, 399, 384, 373,
    363, 364, 360, 363, 368, 373, 393, 386, 383, 386, 380, 374, 365, 359,
    350, 345, 333, 333, 334, 329, 330, 328, 331, 327, 327, 327, 330, 329,
    328, 327, 329, 327, 327, 326, 328, 326, 327, 326 ]
LHandPositionsY: [ 252, 255, 251, 251, 253, 245, 235, 224, 211, 197, 180,
    170, 153, 147, 144, 138, 124, 116, 118, 113, 117, 118, 124, 115, 116,
    113, 118, 116, 119, 117, 119, 130, 128, 133, 127, 118, 117, 122, 119,
    119, 115, 126, 134, 131, 134, 136, 133, 126, 125, 124, 120, 131, 138,
    143, 145, 145, 145, 142, 133, 127, 131, 127, 124, 130, 142, 149, 159,
    172, 181, 199, 206, 216, 226, 228, 232, 233, 237, 238, 239, 237, 242,
    239, 240, 245, 243, 243, 244, 242, 245, 244, 245 ]
RHandPositionsX: [ 176, 177, 179, 177, 178, 179, 175, 175, 178, 176, 179,
    176, 178, 179, 177, 175, 176, 175, 179, 176, 178, 178, 175, 178, 177,
    175, 176, 179, 175, 177, 178, 177, 175, 179, 175, 175, 175, 176, 177,
    177, 177, 176, 178, 176, 175, 178, 177, 179, 177, 178, 177, 179, 175,
    177, 175, 179, 177, 179, 176, 175, 175, 176, 175, 177, 177, 178, 177,
    179, 178, 175, 179, 176, 176, 177, 177, 178, 178, 179, 177, 175, 179,
    175, 179, 176, 176, 175, 177, 176, 177, 178, 177 ]
RHandPositionsY: [ 260, 262, 261, 258, 259, 262, 262, 261, 260, 262, 261,
    259, 259, 261, 260, 262, 262, 258, 259, 259, 260, 261, 262, 261, 262,
    259, 259, 258, 259, 258, 261, 261, 262, 261, 258, 260, 258, 261, 259,
    261, 262, 259, 258, 259, 258, 258, 261, 258, 262, 258, 258, 262, 262,
    261, 259, 259, 260, 260, 261, 260, 258, 262, 262, 262, 262, 261, 261,
    261, 260, 261, 259, 258, 261, 262, 260, 259, 262, 259, 262, 261, 260,
    258, 261, 261, 259, 259, 262, 259, 262, 259, 258 ]
