%YAML:1.0
---
videoName: "LHShake16.mp4"
gestureLabel: 2
fps: 30
pixelSizeInCmTemp: 3.3732394366197183e-01
faceCenterPointX: 247
faceCenterPointY: 66
LHandPositionsX: [ 326, 324, 324, 327, 327, 338, 345, 354, 361, 371, 385,
    393, 403, 409, 407, 402, 398, 393, 374, 363, 356, 359, 366, 371, 382,
    399, 396, 392, 388, 384, 375, 370, 369, 372, 369, 378, 387, 386, 403,
    396, 384, 372, 367, 366, 364, 369, 375, 386, 398, 408, 396, 386, 371,
    364, 364, 362, 362, 369, 377, 392, 386, 385, 387, 383, 373, 364, 358,
    348, 342, 333, 333, 332, 333, 329, 330, 327, 331, 328, 329, 327, 328,
    329, 327, 327, 325, 328, 326, 325, 328, 326, 328 ]
LHandPositionsY: [ 256, 253, 254, 253, 250, 244, 234, 224, 208, 193, 180,
    170, 153, 146, 143, 136, 124, 116, 117, 111, 119, 119, 124, 115, 115,
    117, 115, 118, 115, 116, 121, 130, 131, 132, 128, 117, 118, 119, 120,
    119, 119, 128, 132, 132, 136, 134, 129, 127, 123, 123, 123, 128, 139,
    143, 142, 147, 145, 142, 134, 126, 129, 131, 123, 134, 143, 152, 162,
    168, 180, 199, 206, 213, 224, 225, 231, 233, 237, 238, 237, 237, 242,
    239, 242, 241, 245, 245, 242, 245, 242, 245, 243 ]
RHandPositionsX: [ 179, 178, 178, 178, 176, 175, 179, 175, 175, 177, 176,
    177, 177, 175, 179, 178, 177, 176, 176, 176, 179, 178, 177, 177, 179,
    175, 179, 175, 178, 176, 179, 176, 178, 178, 179, 178, 175, 175, 178,
    175, 179, 178, 177, 178, 178, 175, 175, 179, 178, 177, 177, 178, 179,
    178, 179, 175, 179, 177, 176, 176, 179, 179, 176, 178, 178, 178, 176,
    177, 179, 178, 175, 176, 179, 179, 178, 175, 176, 176, 179, 176, 178,
    178, 176, 176, 176, 177, 175, 176, 177, 175, 175 ]
RHandPositionsY: [ 261, 260, 260, 260, 262, 259, 262, 258, 260, 261, 258,
    261, 258, 261, 259, 261, 261, 260, 259, 261, 258, 259, 259, 259, 262,
    258, 258, 259, 259, 262, 258, 260, 260, 261, 262, 261, 259, 260, 258,
    261, 258, 258, 259, 262, 259, 262, 260, 260, 259, 258, 259, 261, 260,
    261, 261, 259, 259, 258, 260, 260, 261, 262, 261, 260, 261, 262, 262,
    261, 260, 260, 261, 262, 262, 262, 261, 259, 260, 258, 259, 262, 261,
    260, 261, 259, 258, 260, 260, 262, 259, 258, 259 ]
