%YAML:1.0
---
videoName: "LHShake03.mp4"
gestureLabel: 2
fps: 30
pixelSizeInCmTemp: 3.2808219178082193e-01
faceCenterPointX: 251
faceCenterPointY: 79
LHandPositionsX: [ 341, 345, 350, 356, 355, 358, 352, 346, 335, 326, 315,
    316, 316, 317, 317, 318, 324, 334, 336, 334, 341, 338, 335, 328, 327,
    321, 324, 321, 326, 329, 336, 342, 344, 340, 333, 324, 315, 311, 312,
    311, 314, 320, 327, 330, 335, 336, 331, 327, 324, 325, 323, 326, 332,
    339, 342, 343, 337, 333, 335, 338, 337, 328, 321, 316, 317, 313, 307,
    302, 299, 297, 298, 294, 297, 295, 296, 290, 293, 293, 293, 293, 291,
    290, 292, 287, 288, 289, 285, 286, 284, 287, 285 ]
LHandPositionsY: [ 141, 134, 129, 122, 114, 108, 106, 101, 96, 99, 106,
    107, 103, 100, 99, 94, 93, 88, 89, 89, 84, 88, 88, 86, 87, 87, 92,
    89, 87, 88, 87, 83, 81, 83, 86, 92, 95, 93, 98, 94, 89, 93, 89, 88,
    88, 89, 84, 89, 89, 93, 90, 94, 91, 85, 88, 88, 93, 94, 95, 102, 113,
    129, 141, 154, 165, 176, 188, 198, 207, 212, 223, 220, 225, 229, 234,
    238, 238, 245, 245, 250, 250, 250, 251, 250, 254, 254, 252, 251, 251,
    251, 253 ]
RHandPositionsX: [ 216, 216, 216, 212, 214, 214, 212, 213, 214, 213, 212,
    214, 212, 215, 213, 213, 214, 212, 213, 213, 212, 211, 211, 212, 212,
    213, 215, 213, 215, 214, 214, 213, 215, 215, 212, 212, 211, 212, 212,
    211, 211, 212, 214, 211, 211, 213, 211, 215, 215, 211, 214, 214, 211,
    212, 214, 213, 212, 210, 210, 210, 214, 210, 210, 210, 210, 210, 212,
    211, 211, 213, 212, 214, 211, 211, 214, 214, 213, 214, 214, 214, 214,
    210, 214, 214, 210, 213, 212, 212, 213, 212, 212 ]
RHandPositionsY: [ 256, 258, 255, 255, 255, 256, 253, 254, 253, 252, 255,
    254, 255, 255, 256, 254, 256, 255, 252, 254, 252, 253, 252, 252, 254,
    255, 251, 254, 253, 253, 251, 255, 255, 252, 255, 251, 253, 254, 254,
    253, 254, 255, 255, 255, 253, 255, 255, 253, 255, 254, 254, 251, 253,
    254, 254, 255, 254, 255, 255, 253, 252, 253, 252, 253, 254, 254, 251,
    252, 254, 255, 254, 255, 251, 254, 254, 251, 252, 255, 252, 254, 254,
    251, 252, 253, 252, 253, 252, 253, 255, 254, 252 ]
