%YAML:1.0
---
videoName: "LHShake19.mp4"
gestureLabel: 2
fps: 29
pixelSizeInCmTemp: 3.3732394366197183e-01
faceCenterPointX: 250
faceCenterPointY: 62
LHandPositionsX: [ 305, 309, 306, 307, 308, 309, 308, 306, 305, 305, 308,
    308, 306, 308, 309, 308, 313, 318, 322, 326, 328, 322, 311, 290, 284,
    288, 293, 298, 304, 314, 313, 314, 308, 295, 287, 288, 293, 302, 308,
    317, 319, 315, 303, 290, 289, 295, 298, 305, 316, 315, 312, 308, 294,
    294, 294, 302, 309, 313, 314, 315, 314, 308, 306, 301, 295, 294, 290,
    291, 295, 301, 300, 300, 305, 304, 307, 306, 309, 308, 311, 310, 310,
    309, 308, 308, 311, 311, 309, 309 ]
LHandPositionsY: [ 252, 250, 250, 250, 250, 251, 248, 248, 251, 252, 249,
    251, 248, 246, 244, 239, 230, 216, 201, 190, 179, 167, 164, 164, 157,
    156, 160, 156, 156, 152, 152, 151, 157, 155, 151, 146, 154, 152, 154,
    151, 150, 152, 157, 146, 147, 155, 156, 153, 154, 152, 151, 157, 146,
    147, 157, 155, 157, 154, 151, 153, 152, 154, 158, 164, 167, 173, 178,
    187, 199, 209, 215, 217, 220, 220, 225, 227, 229, 235, 237, 238, 237,
    239, 240, 237, 239, 239, 241, 238 ]
RHandPositionsX: [ 198, 195, 196, 195, 195, 196, 196, 196, 195, 196, 197,
    195, 198, 195, 199, 199, 195, 199, 195, 199, 196, 196, 199, 197, 195,
    196, 198, 197, 198, 194, 194, 194, 196, 193, 196, 192, 192, 193, 192,
    194, 191, 194, 193, 195, 194, 191, 193, 193, 191, 195, 193, 192, 194,
    192, 194, 195, 191, 192, 193, 193, 194, 191, 192, 193, 194, 193, 194,
    194, 194, 194, 191, 192, 193, 192, 193, 192, 193, 194, 195, 193, 194,
    192, 191, 193, 194, 192, 193, 192 ]
RHandPositionsY: [ 256, 254, 258, 255, 257, 254, 254, 257, 255, 255, 255,
    258, 254, 257, 256, 258, 255, 257, 258, 254, 256, 257, 257, 254, 257,
    256, 258, 254, 254, 258, 258, 254, 254, 256, 254, 254, 255, 256, 255,
    257, 257, 258, 256, 257, 257, 256, 256, 256, 254, 255, 256, 256, 258,
    257, 257, 257, 256, 257, 257, 255, 255, 254, 254, 255, 257, 258, 257,
    256, 257, 257, 258, 254, 258, 256, 256, 255, 258, 257, 257, 254, 258,
    256, 257, 255, 258, 254, 254, 255 ]
