%YAML:1.0
---
videoName: "LHShake10.mp4"
gestureLabel: 2
fps: 29
pixelSizeInCmTemp: 3.4214285714285714e-01
faceCenterPointX: 253
faceCenterPointY: 65
LHandPositionsX: [ 334, 335, 335, 334, 334, 337, 344, 349, 350, 358, 365,
    375, 382, 392, 395, 397, 393, 384, 374, 364, 358, 350, 352, 352, 361,
    368, 383, 389, 391, 393, 390, 387, 377, 362, 357, 358, 361, 363, 368,
    371, 372, 373, 374, 371, 370, 362, 354, 344, 346, 344, 346, 355, 362,
    373, 382, 380, 382, 373, 366, 357, 351, 351, 352, 351, 354, 366, 374,
    380, 377, 378, 377, 374, 365, 363, 353, 351, 344, 342, 337, 338, 336,
    335, 333, 336, 337, 333, 336, 333 ]
LHandPositionsY: [ 269, 270, 271, 272, 269, 270, 266, 264, 253, 241, 223,
    207, 193, 181, 165, 154, 140, 137, 136, 142, 144, 149, 147, 151, 148,
    148, 138, 141, 140, 140, 142, 143, 148, 149, 152, 149, 152, 146, 137,
    131, 133, 136, 135, 133, 131, 133, 136, 143, 145, 142, 142, 145, 139,
    142, 139, 142, 141, 143, 144, 149, 153, 153, 154, 153, 149, 149, 149,
    145, 147, 146, 150, 152, 156, 166, 172, 183, 194, 208, 222, 230, 246,
    255, 254, 255, 254, 257, 257, 258 ]
RHandPositionsX: [ 176, 176, 174, 172, 173, 173, 176, 176, 174, 172, 173,
    174, 173, 175, 176, 175, 172, 171, 172, 171, 175, 174, 173, 173, 171,
    173, 174, 174, 173, 174, 175, 172, 173, 174, 172, 175, 171, 175, 173,
    173, 171, 172, 172, 175, 175, 172, 174, 172, 173, 174, 174, 174, 171,
    171, 174, 174, 171, 173, 175, 173, 171, 174, 172, 175, 173, 175, 173,
    172, 174, 174, 172, 174, 172, 175, 171, 173, 174, 173, 172, 175, 174,
    172, 174, 171, 174, 173, 172, 174 ]
RHandPositionsY: [ 277, 274, 274, 275, 278, 277, 276, 275, 276, 275, 275,
    277, 274, 277, 278, 274, 274, 278, 274, 277, 277, 278, 276, 276, 275,
    276, 278, 275, 276, 277, 277, 275, 276, 274, 276, 277, 275, 278, 276,
    277, 276, 275, 274, 278, 275, 276, 275, 276, 275, 275, 275, 277, 276,
    276, 278, 274, 275, 275, 274, 278, 274, 274, 275, 277, 276, 277, 278,
    275, 278, 274, 275, 278, 277, 277, 277, 274, 274, 277, 274, 275, 276,
    278, 274, 278, 277, 277, 275, 278 ]
