%YAML:1.0
---
videoName: "LHShake17.mp4"
gestureLabel: 2
fps: 30
pixelSizeInCmTemp: 3.3732394366197183e-01
faceCenterPointX: 248
faceCenterPointY: 64
LHandPositionsX: [ 323, 322, 321, 323, 321, 324, 325, 325, 328, 335, 345,
    354, 363, 374, 386, 396, 408, 407, 401, 388, 375, 359, 353, 353, 353,
    358, 369, 381, 375, 381, 376, 364, 353, 348, 344, 346, 357, 364, 369,
    366, 366, 362, 355, 351, 352, 357, 363, 370, 376, 375, 373, 369, 362,
    352, 349, 345, 347, 354, 362, 366, 363, 366, 366, 359, 351, 342, 342,
    336, 333, 334, 333, 331, 329, 331, 330, 330, 327, 327, 326, 326, 326,
    327, 327, 323, 327, 324, 327, 324, 323, 323, 322 ]
LHandPositionsY: [ 250, 250, 250, 248, 249, 251, 247, 245, 246, 230, 216,
    202, 185, 175, 157, 144, 129, 121, 112, 114, 121, 132, 134, 135, 136,
    132, 124, 118, 119, 119, 118, 127, 136, 140, 141, 139, 126, 119, 119,
    118, 119, 115, 127, 133, 134, 137, 126, 120, 124, 121, 119, 119, 129,
    135, 144, 139, 140, 125, 123, 124, 123, 124, 122, 128, 136, 144, 150,
    163, 173, 181, 196, 207, 220, 220, 224, 229, 230, 234, 236, 237, 234,
    239, 240, 235, 237, 236, 239, 238, 238, 235, 235 ]
RHandPositionsX: [ 177, 179, 177, 177, 177, 179, 177, 176, 178, 178, 180,
    177, 176, 177, 178, 177, 179, 179, 176, 180, 180, 177, 180, 177, 179,
    177, 180, 175, 177, 176, 178, 177, 177, 177, 175, 175, 179, 179, 174,
    175, 174, 174, 175, 175, 176, 176, 177, 175, 176, 176, 177, 177, 177,
    175, 175, 174, 174, 178, 178, 177, 176, 175, 175, 175, 178, 174, 176,
    174, 177, 176, 178, 175, 178, 177, 178, 176, 176, 176, 176, 176, 178,
    177, 178, 176, 178, 174, 177, 174, 174, 174, 175 ]
RHandPositionsY: [ 259, 260, 259, 259, 257, 257, 260, 260, 256, 258, 258,
    256, 259, 257, 256, 258, 256, 260, 257, 256, 257, 259, 259, 257, 256,
    257, 260, 260, 259, 258, 260, 258, 258, 258, 256, 256, 256, 256, 258,
    257, 258, 258, 257, 257, 258, 257, 259, 259, 257, 257, 257, 259, 256,
    256, 259, 257, 256, 256, 257, 260, 260, 260, 256, 260, 256, 258, 259,
    259, 256, 260, 258, 256, 259, 258, 259, 256, 258, 258, 259, 260, 260,
    257, 260, 257, 260, 259, 259, 257, 260, 257, 257 ]
