%YAML:1.0
---
videoName: "LHShake14.mp4"
gestureLabel: 2
fps: 29
pixelSizeInCmTemp: 3.2808219178082193e-01
faceCenterPointX: 256
faceCenterPointY: 64
LHandPositionsX: [ 350, 351, 351, 357, 370, 379, 390, 389, 386, 382, 370,
    361, 359, 354, 362, 371, 384, 383, 381, 380, 376, 363, 354, 355, 354,
    361, 370, 380, 388, 387, 385, 379, 367, 358, 359, 354, 359, 370, 381,
    382, 381, 378, 369, 362, 362, 360, 359, 363, 372, 378, 375, 376, 372,
    366, 356, 347, 340, 335, 333, 331, 326, 328, 330, 327, 329, 333, 329,
    331, 330, 332, 331, 331, 329, 328, 328, 331, 330, 331, 330, 331, 327,
    330, 331, 327, 330, 328, 328, 328 ]
LHandPositionsY: [ 149, 144, 148, 147, 143, 141, 139, 141, 142, 139, 146,
    147, 150, 148, 145, 145, 141, 137, 137, 141, 139, 141, 147, 148, 148,
    149, 144, 141, 141, 142, 140, 139, 145, 144, 146, 147, 145, 146, 141,
    141, 142, 139, 141, 141, 143, 141, 140, 138, 138, 140, 145, 145, 148,
    156, 157, 167, 176, 186, 201, 212, 223, 231, 234, 237, 242, 244, 251,
    250, 250, 248, 252, 248, 249, 252, 250, 250, 248, 248, 252, 250, 248,
    249, 249, 249, 248, 251, 250, 248 ]
RHandPositionsX: [ 185, 182, 183, 180, 180, 182, 179, 179, 180, 181, 181,
    182, 181, 178, 179, 177, 177, 177, 176, 179, 177, 178, 178, 178, 175,
    176, 178, 178, 176, 178, 178, 179, 179, 175, 175, 177, 177, 175, 178,
    176, 179, 178, 178, 179, 175, 177, 179, 176, 176, 177, 176, 178, 179,
    178, 178, 178, 178, 175, 179, 175, 176, 176, 175, 176, 176, 179, 175,
    176, 176, 178, 178, 179, 178, 176, 177, 176, 177, 179, 179, 178, 176,
    179, 179, 175, 175, 175, 175, 179 ]
RHandPositionsY: [ 276, 279, 275, 276, 276, 277, 275, 276, 277, 277, 276,
    274, 277, 275, 277, 277, 273, 277, 273, 276, 276, 275, 275, 276, 275,
    276, 277, 275, 273, 275, 276, 276, 276, 274, 276, 277, 275, 273, 275,
    278, 277, 275, 274, 276, 277, 277, 276, 273, 277, 274, 276, 275, 277,
    274, 275, 275, 276, 274, 277, 277, 275, 274, 277, 273, 274, 275, 275,
    274, 275, 276, 273, 277, 275, 275, 275, 273, 274, 276, 276, 276, 275,
    273, 275, 274, 276, 277, 276, 274 ]
