%YAML:1.0
---
videoName: "LHShake10.mp4"
gestureLabel: 2
fps: 29
pixelSizeInCmTemp: 3.4214285714285714e-01
faceCenterPointX: 253
faceCenterPointY: 65
LHandPositionsX: [ 336, 334, 337, 335, 337, 339, 344, 349, 350, 360, 366,
    374, 385, 391, 396, 395, 397, 386, 374, 365, 356, 352, 351, 355, 360,
    369, 379, 391, 391, 390, 389, 386, 375, 365, 359, 359, 361, 363, 369,
    373, 372, 370, 373, 368, 366, 364, 351, 343, 346, 344, 347, 355, 362,
    372, 379, 381, 381, 372, 363, 355, 349, 352, 351, 351, 355, 366, 375,
    379, 380, 378, 375, 371, 368, 363, 357, 348, 344, 343, 340, 336, 335,
    335, 334, 337, 334, 333, 333, 336 ]
LHandPositionsY: [ 272, 269, 272, 271, 268, 268, 269, 262, 250, 237, 226,
    209, 195, 177, 169, 157, 143, 135, 132, 139, 142, 147, 147, 147, 148,
    148, 136, 140, 143, 140, 143, 144, 146, 147, 149, 151, 151, 149, 137,
    134, 134, 133, 132, 133, 130, 129, 136, 142, 141, 144, 143, 146, 137,
    142, 142, 140, 140, 146, 147, 147, 153, 154, 151, 151, 153, 148, 149,
    148, 147, 144, 150, 154, 156, 166, 173, 182, 195, 208, 218, 232, 242,
    254, 255, 258, 255, 258, 258, 257 ]
RHandPositionsX: [ 176, 173, 176, 174, 174, 173, 172, 173, 174, 175, 172,
    175, 176, 172, 174, 174, 174, 171, 175, 174, 173, 173, 171, 175, 171,
    172, 171, 173, 174, 172, 171, 174, 175, 175, 171, 174, 175, 174, 175,
    173, 174, 171, 172, 174, 175, 171, 175, 174, 173, 175, 175, 175, 173,
    173, 173, 175, 173, 173, 173, 172, 172, 172, 174, 172, 171, 175, 174,
    174, 172, 174, 171, 175, 174, 174, 174, 175, 171, 171, 175, 175, 171,
    174, 174, 171, 173, 175, 175, 171 ]
RHandPositionsY: [ 277, 277, 274, 277, 274, 276, 276, 275, 277, 277, 278,
    275, 274, 278, 277, 278, 278, 274, 275, 277, 278, 277, 274, 277, 278,
    278, 278, 276, 275, 276, 275, 275, 275, 278, 276, 278, 275, 278, 276,
    274, 274, 274, 278, 278, 277, 274, 278, 274, 277, 278, 278, 277, 276,
    278, 275, 275, 274, 276, 278, 277, 277, 277, 277, 274, 277, 275, 276,
    278, 276, 277, 277, 278, 277, 278, 276, 277, 276, 275, 277, 278, 276,
    276, 274, 278, 275, 276, 276, 277 ]
