%YAML:1.0
---
videoName: "LHShake19.mp4"
gestureLabel: 2
fps: 29
pixelSizeInCmTemp: 3.3732394366197183e-01
faceCenterPointX: 250
faceCenterPointY: 62
LHandPositionsX: [ 305, 308, 308, 305, 307, 309, 306, 308, 308, 306, 307,
    306, 309, 309, 308, 309, 312, 314, 321, 324, 328, 322, 312, 289, 288,
    286, 290, 296, 308, 316, 312, 312, 304, 294, 289, 289, 291, 301, 311,
    319, 317, 312, 305, 293, 291, 295, 297, 307, 312, 315, 309, 308, 296,
    294, 298, 299, 305, 313, 317, 317, 315, 311, 303, 299, 299, 291, 293,
    294, 295, 301, 300, 301, 302, 304, 303, 306, 308, 310, 311, 308, 308,
    309, 310, 309, 308, 310, 307, 308 ]
LHandPositionsY: [ 251, 248, 251, 251, 251, 250, 250, 249, 249, 252, 251,
    249, 247, 246, 247, 238, 230, 215, 205, 189, 180, 167, 163, 161, 157,
    154, 156, 158, 153, 152, 154, 153, 156, 155, 151, 148, 153, 155, 153,
    151, 152, 151, 154, 149, 145, 151, 154, 151, 155, 150, 155, 155, 149,
    144, 154, 154, 157, 153, 155, 154, 153, 154, 159, 163, 166, 171, 180,
    189, 199, 207, 215, 214, 218, 220, 223, 230, 232, 233, 234, 238, 236,
    235, 236, 236, 241, 237, 239, 239 ]
RHandPositionsX: [ 197, 199, 195, 197, 199, 195, 198, 196, 198, 195, 197,
    197, 195, 197, 196, 198, 198, 195, 199, 198, 195, 195, 197, 198, 196,
    196, 198, 198, 196, 194, 193, 196, 195, 192, 196, 193, 196, 196, 192,
    194, 193, 191, 192, 194, 193, 191, 195, 195, 192, 194, 193, 191, 193,
    195, 191, 194, 193, 191, 193, 192, 195, 193, 192, 193, 192, 195, 193,
    195, 193, 195, 195, 193, 193, 195, 194, 193, 194, 195, 191, 194, 192,
    194, 191, 193, 193, 192, 192, 195 ]
RHandPositionsY: [ 256, 257, 256, 256, 255, 256, 258, 257, 257, 256, 256,
    256, 257, 258, 258, 258, 258, 256, 256, 258, 258, 257, 255, 257, 255,
    256, 255, 255, 258, 255, 254, 256, 258, 258, 255, 256, 258, 257, 258,
    254, 255, 256, 258, 256, 254, 255, 257, 257, 256, 254, 256, 254, 255,
    256, 258, 258, 258, 258, 258, 255, 256, 254, 255, 257, 254, 258, 256,
    257, 256, 254, 254, 256, 254, 258, 258, 256, 255, 254, 258, 255, 257,
    257, 256, 257, 257, 255, 255, 256 ]
