%YAML:1.0
---
videoName: "LHShake13.mp4"
gestureLabel: 2
fps: 29
pixelSizeInCmTemp: 3.4214285714285714e-01
faceCenterPointX: 257
faceCenterPointY: 76
LHandPositionsX: [ 324, 324, 324, 323, 324, 327, 325, 326, 328, 326, 327,
    337, 342, 350, 362, 372, 379, 389, 391, 387, 382, 375, 363, 350, 341,
    345, 340, 345, 348, 357, 372, 369, 366, 361, 355, 346, 341, 342, 342,
    348, 360, 368, 366, 363, 360, 347, 345, 344, 343, 348, 354, 366, 365,
    362, 362, 357, 349, 344, 346, 342, 350, 358, 365, 369, 368, 361, 360,
    352, 348, 340, 331, 328, 325, 323, 324, 326, 327, 327, 326, 328, 327,
    327, 325, 327, 328, 326, 328, 326 ]
LHandPositionsY: [ 261, 259, 262, 261, 259, 263, 260, 263, 261, 256, 254,
    247, 235, 227, 211, 195, 186, 173, 166, 159, 150, 151, 153, 156, 159,
    155, 157, 155, 156, 148, 143, 141, 143, 145, 148, 154, 160, 160, 155,
    157, 155, 154, 155, 157, 157, 160, 162, 163, 163, 158, 160, 159, 158,
    155, 158, 163, 165, 162, 162, 161, 159, 160, 155, 154, 151, 146, 149,
    150, 158, 163, 168, 182, 190, 206, 222, 236, 243, 246, 245, 243, 244,
    248, 247, 247, 250, 250, 247, 249 ]
RHandPositionsX: [ 183, 183, 182, 185, 181, 184, 184, 181, 184, 181, 181,
    182, 183, 185, 182, 184, 182, 183, 181, 185, 185, 181, 183, 182, 182,
    181, 181, 182, 181, 181, 183, 182, 183, 181, 185, 183, 183, 182, 183,
    185, 184, 184, 181, 181, 182, 184, 183, 185, 184, 184, 185, 183, 181,
    181, 183, 181, 181, 184, 182, 185, 182, 183, 182, 184, 181, 184, 183,
    184, 183, 181, 182, 184, 185, 184, 184, 185, 182, 185, 184, 184, 182,
    184, 182, 182, 184, 182, 185, 181 ]
RHandPositionsY: [ 270, 270, 271, 270, 269, 269, 269, 271, 268, 269, 271,
    268, 271, 268, 270, 269, 271, 269, 268, 268, 270, 269, 270, 267, 267,
    270, 269, 269, 270, 268, 269, 270, 269, 267, 269, 269, 269, 267, 271,
    268, 269, 267, 267, 269, 271, 267, 267, 267, 270, 269, 268, 271, 270,
    271, 268, 268, 270, 271, 269, 269, 270, 268, 270, 269, 270, 271, 270,
    267, 270, 268, 267, 268, 271, 270, 271, 267, 268, 267, 269, 267, 270,
    268, 267, 269, 267, 267, 270, 267 ]
