%YAML:1.0
---
videoName: "LHShake06.mp4"
gestureLabel: 2
fps: 29
pixelSizeInCmTemp: 3.3732394366197183e-01
faceCenterPointX: 250
faceCenterPointY: 80
LHandPositionsX: [ 381, 383, 389, 386, 382, 381, 373, 372, 372, 368, 375,
    382, 387, 394, 397, 395, 393, 389, 378, 375, 374, 378, 388, 388, 391,
    394, 389, 386, 382, 382, 378, 381, 385, 388, 391, 389, 387, 382, 379,
    380, 380, 383, 386, 388, 392, 389, 389, 386, 379, 380, 380, 382, 388,
    392, 396, 401, 398, 394, 390, 388, 378, 368, 361, 357, 352, 345, 337,
    326, 321, 311, 307, 305, 303, 304, 301, 301, 301, 299, 300, 302, 301,
    301, 299, 300, 302, 300, 301, 302 ]
LHandPositionsY: [ 152, 149, 142, 142, 137, 138, 135, 137, 136, 136, 130,
    129, 126, 130, 128, 129, 128, 132, 133, 132, 136, 135, 132, 129, 126,
    129, 129, 129, 127, 127, 130, 129, 127, 126, 124, 125, 126, 128, 127,
    129, 127, 128, 128, 126, 126, 124, 127, 126, 126, 128, 127, 125, 125,
    121, 120, 120, 123, 126, 124, 127, 131, 138, 146, 149, 160, 174, 189,
    208, 213, 224, 228, 236, 237, 242, 246, 248, 252, 249, 251, 253, 252,
    252, 252, 254, 257, 254, 253, 256 ]
RHandPositionsX: [ 210, 213, 213, 209, 209, 212, 209, 209, 212, 211, 212,
    212, 212, 211, 212, 212, 210, 211, 210, 211, 211, 212, 212, 211, 211,
    213, 209, 213, 212, 210, 209, 212, 211, 208, 212, 209, 209, 208, 208,
    210, 212, 212, 208, 208, 208, 210, 208, 211, 208, 207, 207, 210, 208,
    207, 210, 211, 208, 210, 209, 207, 211, 209, 208, 210, 209, 211, 209,
    207, 208, 209, 208, 208, 210, 211, 211, 209, 209, 212, 210, 208, 208,
    210, 209, 208, 209, 213, 209, 209 ]
RHandPositionsY: [ 272, 270, 270, 271, 267, 271, 267, 267, 267, 271, 266,
    268, 269, 269, 268, 268, 269, 269, 270, 267, 268, 269, 267, 269, 266,
    267, 269, 268, 267, 265, 267, 269, 267, 268, 269, 269, 265, 268, 269,
    265, 267, 268, 268, 269, 267, 268, 267, 269, 265, 268, 266, 269, 265,
    268, 267, 269, 268, 269, 269, 265, 266, 266, 266, 265, 267, 267, 265,
    266, 268, 265, 266, 266, 265, 266, 265, 269, 265, 265, 267, 269, 269,
    267, 268, 266, 265, 266, 265, 266 ]
