%YAML:1.0
---
videoName: "LHShake17.mp4"
gestureLabel: 2
fps: 30
pixelSizeInCmTemp: 3.3732394366197183e-01
faceCenterPointX: 248
faceCenterPointY: 64
LHandPositionsX: [ 322, 323, 322, 321, 324, 326, 327, 324, 328, 336, 346,
    356, 363, 373, 388, 396, 406, 409, 403, 386, 373, 360, 353, 351, 353,
    358, 368, 380, 377, 382, 373, 363, 354, 344, 347, 347, 354, 363, 367,
    367, 366, 360, 356, 350, 349, 354, 365, 374, 375, 373, 376, 372, 360,
    354, 349, 347, 350, 356, 360, 364, 363, 368, 363, 355, 350, 343, 339,
    340, 336, 333, 332, 332, 330, 329, 332, 327, 326, 326, 329, 328, 327,
    324, 326, 326, 325, 327, 327, 323, 325, 327, 322 ]
LHandPositionsY: [ 247, 248, 249, 247, 251, 251, 250, 245, 244, 233, 216,
    202, 187, 173, 159, 142, 131, 123, 114, 112, 121, 131, 135, 134, 137,
    136, 123, 117, 120, 119, 117, 128, 138, 140, 139, 137, 124, 116, 119,
    119, 120, 117, 128, 132, 135, 135, 122, 121, 120, 121, 123, 121, 131,
    138, 140, 140, 138, 124, 123, 124, 124, 125, 121, 131, 135, 146, 152,
    163, 171, 182, 195, 206, 220, 218, 222, 229, 233, 235, 233, 234, 234,
    237, 240, 236, 237, 236, 238, 237, 238, 239, 236 ]
RHandPositionsX: [ 176, 180, 179, 180, 178, 178, 179, 176, 180, 178, 176,
    178, 178, 176, 178, 180, 176, 180, 180, 177, 179, 177, 179, 178, 179,
    176, 176, 177, 177, 175, 175, 176, 176, 177, 177, 178, 176, 176, 174,
    178, 175, 177, 174, 176, 175, 177, 174, 177, 176, 174, 175, 175, 175,
    176, 177, 178, 175, 177, 176, 177, 178, 174, 178, 175, 176, 178, 175,
    176, 176, 177, 175, 177, 174, 175, 177, 177, 176, 177, 178, 176, 177,
    176, 175, 178, 178, 175, 174, 176, 177, 178, 178 ]
RHandPositionsY: [ 258, 258, 260, 258, 259, 259, 259, 256, 257, 259, 256,
    260, 257, 258, 256, 259, 260, 260, 257, 256, 256, 256, 260, 259, 257,
    259, 259, 257, 259, 257, 257, 259, 259, 260, 256, 256, 258, 260, 260,
    258, 258, 259, 259, 259, 257, 258, 259, 259, 260, 259, 257, 256, 258,
    260, 260, 256, 258, 257, 260, 259, 260, 259, 258, 259, 259, 259, 257,
    258, 258, 258, 257, 258, 259, 259, 259, 259, 257, 259, 258, 256, 258,
    258, 256, 258, 260, 259, 257, 258, 259, 259, 260 ]
