%YAML:1.0
---
videoName: "LHShake10.mp4"
gestureLabel: 2
fps: 29
pixelSizeInCmTemp: 3.4214285714285714e-01
faceCenterPointX: 253
faceCenterPointY: 65
LHandPositionsX: [ 337, 338, 336, 334, 337, 340, 343, 346, 354, 357, 366,
    377, 384, 392, 394, 397, 393, 383, 374, 367, 354, 353, 350, 351, 360,
    370, 379, 390, 390, 391, 393, 385, 377, 362, 356, 358, 358, 366, 366,
    370, 375, 373, 374, 371, 367, 361, 354, 347, 344, 347, 347, 353, 361,
    373, 380, 381, 378, 374, 365, 353, 348, 351, 352, 348, 357, 364, 372,
    382, 376, 380, 376, 373, 366, 362, 356, 347, 345, 341, 341, 335, 336,
    338, 333, 336, 333, 333, 333, 336 ]
LHandPositionsY: [ 271, 269, 268, 271, 272, 269, 270, 262, 250, 238, 224,
    207, 192, 177, 169, 157, 142, 138, 133, 139, 146, 149, 145, 151, 148,
    146, 137, 139, 140, 141, 143, 145, 148, 148, 149, 149, 151, 147, 137,
    134, 135, 133, 135, 132, 133, 132, 138, 141, 142, 142, 144, 146, 141,
    143, 141, 142, 143, 145, 147, 149, 152, 153, 152, 152, 149, 151, 148,
    146, 144, 144, 150, 151, 159, 164, 173, 184, 192, 205, 220, 232, 244,
    252, 252, 254, 257, 258, 260, 261 ]
RHandPositionsX: [ 176, 173, 176, 173, 176, 174, 175, 174, 176, 172, 176,
    174, 174, 173, 175, 176, 174, 173, 174, 173, 171, 172, 172, 172, 172,
    172, 174, 171, 174, 174, 171, 172, 174, 173, 175, 171, 173, 171, 171,
    175, 172, 171, 172, 175, 172, 173, 173, 172, 173, 173, 175, 175, 173,
    175, 175, 172, 173, 174, 175, 173, 174, 173, 174, 174, 171, 173, 174,
    171, 173, 173, 175, 171, 175, 175, 173, 171, 175, 175, 173, 175, 171,
    172, 175, 173, 172, 171, 172, 173 ]
RHandPositionsY: [ 275, 274, 278, 276, 274, 274, 276, 274, 278, 276, 277,
    275, 275, 275, 277, 278, 277, 274, 278, 276, 274, 275, 277, 276, 277,
    277, 274, 276, 278, 278, 274, 275, 277, 274, 274, 274, 276, 277, 277,
    277, 274, 278, 277, 278, 274, 274, 276, 274, 277, 275, 274, 278, 276,
    277, 275, 277, 275, 278, 274, 276, 278, 278, 274, 275, 277, 277, 278,
    277, 277, 276, 277, 275, 275, 277, 274, 278, 278, 275, 276, 276, 276,
    275, 275, 278, 276, 274, 274, 276 ]
