%YAML:1.0
---
videoName: "LHShake00.mp4"
gestureLabel: 2
fps: 29
pixelSizeInCmTemp: 3.4214285714285714e-01
faceCenterPointX: 252
faceCenterPointY: 85
LHandPositionsX: [ 352, 349, 350, 348, 352, 358, 359, 356, 353, 345, 332,
    324, 322, 322, 323, 322, 328, 332, 334, 336, 339, 338, 332, 327, 324,
    325, 327, 329, 331, 338, 336, 338, 338, 332, 324, 322, 323, 326, 332,
    335, 340, 344, 342, 341, 332, 324, 322, 326, 328, 327, 332, 336, 341,
    340, 340, 336, 326, 327, 323, 326, 327, 330, 332, 338, 339, 341, 342,
    337, 338, 331, 330, 330, 325, 325, 328, 330, 330, 332, 336, 335, 338,
    340, 338, 341, 341, 340, 342, 340 ]
LHandPositionsY: [ 257, 250, 246, 228, 212, 187, 170, 152, 136, 133, 131,
    137, 135, 133, 135, 135, 130, 129, 129, 128, 124, 125, 127, 133, 132,
    134, 130, 131, 129, 125, 124, 121, 122, 126, 133, 136, 132, 136, 132,
    128, 125, 124, 121, 120, 129, 132, 130, 131, 133, 130, 129, 124, 123,
    121, 124, 127, 128, 130, 127, 130, 129, 126, 122, 121, 121, 120, 119,
    128, 136, 149, 159, 163, 165, 174, 183, 194, 199, 209, 214, 219, 226,
    229, 227, 233, 234, 236, 236, 236 ]
RHandPositionsX: [ 155, 152, 156, 153, 156, 154, 152, 153, 154, 156, 153,
    153, 152, 156, 156, 156, 152, 155, 156, 152, 153, 153, 154, 156, 155,
    155, 153, 154, 156, 153, 152, 154, 156, 152, 156, 153, 153, 156, 156,
    155, 152, 155, 156, 153, 153, 152, 155, 155, 154, 153, 154, 155, 155,
    154, 154, 156, 152, 154, 155, 154, 156, 153, 152, 155, 156, 154, 156,
    153, 153, 156, 155, 152, 155, 155, 152, 153, 154, 155, 152, 152, 155,
    152, 152, 155, 155, 154, 153, 152 ]
RHandPositionsY: [ 279, 278, 276, 275, 277, 274, 277, 276, 274, 271, 273,
    273, 273, 273, 270, 272, 272, 267, 269, 268, 266, 267, 267, 266, 269,
    266, 265, 268, 264, 267, 264, 266, 265, 264, 264, 263, 266, 264, 263,
    262, 263, 264, 262, 260, 263, 264, 260, 262, 261, 262, 261, 260, 261,
    260, 262, 264, 262, 262, 260, 261, 264, 262, 261, 262, 261, 263, 262,
    264, 261, 261, 262, 261, 264, 263, 263, 263, 264, 261, 261, 262, 264,
    262, 264, 262, 261, 261, 262, 263 ]
