%YAML:1.0
---
videoName: "LHShake08.mp4"
gestureLabel: 2
fps: 29
pixelSizeInCmTemp: 3.4710144927536229e-01
faceCenterPointX: 261
faceCenterPointY: 69
LHandPositionsX: [ 341, 341, 345, 344, 353, 344, 356, 365, 371, 372, 374,
    371, 378, 369, 356, 345, 339, 339, 339, 344, 351, 358, 370, 366, 363,
    361, 359, 352, 342, 336, 339, 337, 345, 349, 356, 367, 368, 367, 366,
    361, 354, 342, 338, 336, 336, 338, 340, 350, 356, 360, 359, 356, 357,
    350, 343, 341, 341, 342, 344, 349, 356, 365, 370, 369, 372, 372, 364,
    360, 353, 343, 339, 335, 330, 331, 333, 334, 336, 334, 334, 339, 338,
    339, 338, 336, 335, 337, 338, 337 ]
LHandPositionsY: [ 267, 266, 264, 257, 250, 239, 221, 202, 185, 173, 163,
    157, 142, 144, 143, 145, 150, 150, 150, 148, 149, 144, 141, 141, 138,
    138, 141, 147, 149, 155, 153, 151, 153, 153, 148, 148, 148, 147, 147,
    152, 150, 155, 161, 161, 160, 160, 158, 157, 155, 153, 153, 152, 153,
    155, 161, 160, 159, 159, 161, 157, 154, 148, 146, 148, 146, 146, 149,
    155, 162, 167, 173, 185, 196, 206, 222, 233, 244, 246, 249, 251, 256,
    252, 253, 255, 255, 255, 254, 255 ]
RHandPositionsX: [ 173, 173, 172, 176, 174, 176, 173, 176, 175, 175, 175,
    174, 173, 173, 174, 176, 174, 176, 172, 175, 176, 172, 176, 175, 176,
    173, 176, 172, 175, 174, 173, 175, 176, 176, 174, 173, 174, 173, 174,
    175, 174, 176, 174, 174, 175, 177, 177, 176, 176, 177, 175, 178, 177,
    174, 174, 174, 177, 175, 175, 174, 174, 174, 176, 176, 178, 177, 175,
    176, 176, 178, 178, 178, 176, 177, 174, 178, 177, 178, 175, 177, 177,
    174, 175, 174, 175, 178, 175, 176 ]
RHandPositionsY: [ 275, 275, 275, 276, 274, 274, 275, 277, 276, 274, 273,
    274, 275, 273, 275, 275, 273, 275, 274, 275, 276, 277, 276, 276, 277,
    277, 275, 277, 277, 275, 275, 276, 274, 277, 274, 275, 273, 273, 276,
    274, 273, 274, 276, 276, 276, 273, 273, 274, 277, 275, 276, 273, 275,
    274, 274, 274, 277, 277, 274, 274, 277, 275, 276, 273, 274, 275, 274,
    277, 277, 275, 275, 273, 275, 274, 273, 276, 275, 273, 274, 277, 275,
    273, 275, 274, 275, 276, 276, 274 ]
