%YAML:1.0
---
videoName: "LHShake03.mp4"
gestureLabel: 2
fps: 30
pixelSizeInCmTemp: 3.2808219178082193e-01
faceCenterPointX: 251
faceCenterPointY: 79
LHandPositionsX: [ 343, 344, 351, 353, 354, 357, 353, 346, 338, 325, 315,
    317, 314, 317, 316, 321, 324, 333, 336, 335, 341, 337, 334, 331, 324,
    321, 322, 324, 323, 329, 334, 341, 343, 338, 333, 320, 319, 314, 309,
    313, 313, 319, 325, 332, 337, 333, 332, 327, 324, 322, 322, 326, 333,
    339, 342, 343, 340, 335, 339, 336, 338, 326, 319, 316, 313, 312, 308,
    301, 302, 301, 299, 298, 298, 296, 292, 293, 292, 290, 291, 292, 288,
    288, 291, 286, 288, 286, 287, 285, 287, 287, 285 ]
LHandPositionsY: [ 139, 137, 129, 120, 113, 111, 106, 103, 96, 100, 106,
    103, 104, 99, 97, 93, 93, 87, 89, 86, 85, 86, 91, 90, 86, 87, 91, 92,
    90, 87, 84, 86, 82, 82, 86, 90, 95, 97, 95, 94, 93, 90, 88, 90, 86,
    89, 85, 87, 88, 93, 89, 91, 93, 87, 86, 87, 92, 96, 98, 99, 112, 129,
    143, 154, 165, 176, 185, 197, 207, 214, 220, 222, 225, 230, 233, 237,
    241, 242, 245, 247, 251, 249, 248, 253, 252, 252, 251, 252, 254, 251,
    253 ]
RHandPositionsX: [ 214, 215, 215, 212, 214, 216, 213, 212, 212, 213, 213,
    213, 212, 212, 211, 211, 213, 215, 212, 215, 211, 214, 214, 211, 213,
    215, 212, 215, 212, 212, 213, 211, 212, 211, 213, 215, 213, 211, 213,
    213, 215, 214, 212, 215, 213, 214, 211, 214, 213, 213, 212, 212, 214,
    214, 215, 215, 212, 211, 213, 210, 210, 214, 210, 211, 210, 210, 213,
    210, 213, 214, 214, 211, 214, 211, 211, 211, 213, 212, 214, 213, 211,
    213, 211, 211, 210, 211, 211, 210, 214, 211, 210 ]
RHandPositionsY: [ 259, 255, 256, 254, 254, 256, 255, 253, 254, 254, 255,
    254, 256, 255, 255, 252, 252, 254, 255, 251, 253, 254, 254, 251, 253,
    254, 251, 251, 255, 253, 252, 251, 253, 254, 255, 254, 252, 252, 254,
    253, 252, 252, 252, 252, 252, 253, 253, 253, 254, 253, 252, 255, 252,
    253, 253, 253, 254, 255, 254, 251, 253, 251, 253, 251, 255, 251, 255,
    253, 253, 252, 254, 251, 251, 253, 254, 253, 254, 251, 254, 255, 251,
    255, 251, 251, 251, 251, 254, 251, 254, 251, 254 ]
