%YAML:1.0
---
videoName: "LHShake22.mp4"
gestureLabel: 2
fps: 29
pixelSizeInCmTemp: 3.5220588235294115e-01
faceCenterPointX: 261
faceCenterPointY: 79
LHandPositionsX: [ 338, 343, 351, 356, 357, 359, 359, 356, 347, 339, 329,
    319, 321, 322, 320, 322, 328, 340, 343, 346, 343, 341, 337, 331, 325,
    325, 322, 324, 333, 340, 343, 341, 342, 336, 329, 321, 318, 315, 317,
    320, 330, 333, 335, 335, 334, 330, 324, 321, 321, 318, 325, 330, 335,
    343, 343, 343, 343, 335, 327, 321, 317, 318, 316, 326, 329, 339, 335,
    336, 337, 333, 328, 326, 322, 320, 319, 323, 325, 323, 324, 326, 324,
    327, 324, 326, 327, 326, 327, 324 ]
LHandPositionsY: [ 259, 256, 244, 235, 236, 219, 207, 206, 196, 189, 185,
    186, 187, 186, 181, 183, 176, 178, 175, 174, 171, 170, 175, 174, 180,
    180, 178, 177, 176, 174, 170, 170, 171, 174, 177, 177, 185, 180, 184,
    182, 180, 178, 177, 177, 177, 174, 178, 182, 180, 180, 183, 180, 178,
    178, 178, 175, 175, 178, 178, 181, 182, 180, 183, 182, 180, 180, 178,
    177, 184, 188, 193, 203, 210, 220, 230, 239, 241, 244, 249, 245, 245,
    247, 251, 249, 249, 250, 249, 251 ]
RHandPositionsX: [ 189, 190, 191, 193, 193, 191, 190, 189, 192, 190, 191,
    190, 191, 192, 191, 190, 193, 190, 189, 193, 189, 190, 193, 190, 192,
    190, 191, 189, 189, 192, 189, 192, 191, 190, 189, 193, 191, 193, 191,
    192, 189, 190, 189, 193, 189, 190, 189, 190, 189, 193, 192, 192, 189,
    193, 192, 192, 190, 193, 193, 192, 189, 189, 191, 191, 192, 193, 191,
    191, 193, 193, 190, 192, 192, 189, 191, 193, 189, 193, 192, 189, 190,
    190, 190, 192, 191, 189, 191, 189 ]
RHandPositionsY: [ 270, 268, 266, 268, 269, 268, 270, 267, 269, 269, 270,
    268, 269, 269, 268, 266, 269, 269, 269, 267, 270, 268, 268, 269, 268,
    270, 269, 267, 266, 269, 270, 269, 267, 270, 270, 268, 269, 267, 270,
    270, 266, 270, 268, 267, 269, 269, 267, 269, 266, 269, 270, 266, 270,
    266, 268, 270, 270, 267, 266, 266, 269, 267, 270, 270, 268, 268, 269,
    269, 268, 269, 268, 268, 268, 269, 270, 269, 266, 270, 268, 270, 266,
    267, 267, 267, 267, 270, 266, 266 ]
