%YAML:1.0
---
videoName: "LHShake07.mp4"
gestureLabel: 2
fps: 29
pixelSizeInCmTemp: 3.3732394366197183e-01
faceCenterPointX: 265
faceCenterPointY: 78
LHandPositionsX: [ 347, 348, 351, 358, 364, 368, 376, 388, 388, 395, 396,
    394, 386, 374, 355, 348, 342, 343, 340, 342, 349, 361, 369, 365, 365,
    363, 359, 341, 343, 343, 344, 345, 354, 359, 367, 369, 368, 360, 359,
    351, 346, 345, 346, 353, 359, 361, 364, 361, 366, 361, 337, 329, 334,
    335, 341, 356, 367, 374, 373, 379, 373, 364, 358, 347, 342, 337, 336,
    334, 336, 339, 338, 344, 340, 344, 343, 343, 343, 343, 344, 343, 342,
    342, 342, 344, 342, 342, 341, 343 ]
LHandPositionsY: [ 277, 277, 275, 269, 256, 250, 237, 219, 204, 188, 177,
    161, 151, 140, 140, 142, 147, 145, 144, 145, 140, 136, 134, 139, 137,
    139, 134, 139, 144, 142, 140, 133, 129, 133, 128, 124, 130, 132, 134,
    135, 145, 141, 147, 139, 135, 137, 139, 139, 132, 130, 137, 152, 146,
    135, 130, 133, 129, 133, 130, 129, 131, 137, 148, 155, 168, 181, 191,
    202, 219, 232, 241, 253, 251, 252, 255, 260, 264, 263, 264, 265, 268,
    264, 268, 269, 267, 269, 267, 269 ]
RHandPositionsX: [ 182, 182, 182, 183, 185, 182, 184, 184, 183, 181, 182,
    182, 182, 185, 183, 184, 183, 183, 184, 181, 181, 185, 185, 183, 182,
    184, 183, 183, 184, 183, 184, 182, 185, 181, 184, 182, 182, 184, 185,
    182, 182, 184, 181, 182, 183, 181, 182, 185, 185, 181, 182, 183, 182,
    182, 182, 182, 183, 181, 181, 185, 182, 182, 184, 182, 182, 184, 185,
    185, 184, 185, 183, 183, 181, 185, 185, 184, 181, 182, 183, 184, 184,
    183, 183, 184, 183, 181, 183, 185 ]
RHandPositionsY: [ 277, 277, 277, 278, 277, 276, 280, 279, 276, 279, 280,
    278, 278, 278, 278, 280, 280, 277, 279, 276, 280, 277, 278, 277, 278,
    280, 280, 276, 278, 280, 278, 280, 278, 278, 279, 276, 279, 279, 279,
    276, 280, 276, 277, 280, 277, 278, 277, 280, 278, 277, 277, 277, 276,
    279, 278, 278, 278, 279, 279, 277, 280, 279, 280, 276, 277, 276, 277,
    276, 280, 278, 280, 278, 276, 279, 277, 279, 277, 278, 276, 279, 278,
    278, 278, 278, 278, 280, 279, 276 ]
