%YAML:1.0
---
videoName: "LHShake22.mp4"
gestureLabel: 2
fps: 29
pixelSizeInCmTemp: 3.5220588235294115e-01
faceCenterPointX: 261
faceCenterPointY: 79
LHandPositionsX: [ 337, 345, 351, 354, 355, 357, 359, 354, 346, 336, 329,
    319, 322, 319, 319, 322, 331, 339, 347, 342, 344, 341, 336, 330, 324,
    323, 325, 327, 329, 339, 341, 341, 341, 338, 330, 324, 317, 315, 317,
    323, 329, 333, 338, 338, 335, 330, 326, 322, 320, 321, 325, 327, 336,
    343, 344, 345, 341, 332, 323, 319, 318, 318, 319, 326, 329, 335, 337,
    333, 337, 331, 330, 325, 322, 319, 319, 324, 324, 327, 325, 327, 325,
    323, 325, 325, 325, 326, 327, 323 ]
LHandPositionsY: [ 261, 256, 245, 236, 233, 221, 205, 203, 196, 188, 185,
    185, 185, 187, 182, 181, 179, 176, 171, 174, 173, 171, 175, 176, 179,
    176, 178, 177, 176, 171, 174, 174, 173, 174, 173, 181, 183, 182, 184,
    183, 182, 178, 175, 177, 175, 175, 179, 179, 179, 182, 182, 180, 180,
    178, 177, 175, 177, 179, 179, 182, 180, 184, 179, 181, 179, 178, 180,
    177, 182, 188, 195, 201, 212, 218, 232, 242, 240, 242, 246, 246, 245,
    249, 249, 252, 247, 251, 249, 251 ]
RHandPositionsX: [ 193, 189, 192, 193, 189, 192, 189, 190, 190, 189, 190,
    189, 193, 192, 193, 193, 189, 193, 190, 191, 189, 192, 193, 191, 190,
    191, 191, 191, 192, 191, 191, 189, 189, 191, 192, 190, 190, 191, 189,
    191, 192, 190, 192, 192, 191, 191, 193, 189, 190, 191, 192, 190, 193,
    191, 191, 192, 191, 191, 192, 189, 190, 191, 191, 192, 191, 191, 192,
    192, 192, 191, 192, 190, 189, 190, 190, 192, 191, 191, 189, 192, 192,
    193, 189, 193, 192, 190, 190, 193 ]
RHandPositionsY: [ 268, 270, 266, 270, 269, 269, 267, 267, 266, 267, 266,
    270, 266, 267, 268, 270, 268, 267, 270, 269, 266, 266, 270, 268, 267,
    270, 266, 270, 268, 266, 267, 268, 270, 269, 266, 268, 268, 268, 270,
    270, 266, 270, 266, 267, 268, 267, 270, 267, 270, 270, 269, 269, 268,
    267, 270, 268, 266, 268, 268, 266, 267, 269, 267, 267, 270, 267, 267,
    266, 267, 270, 269, 270, 266, 266, 268, 267, 269, 270, 270, 269, 269,
    269, 267, 267, 267, 270, 270, 267 ]
