%YAML:1.0
---
videoName: "LHShake04.mp4"
gestureLabel: 2
fps: 30
pixelSizeInCmTemp: 3.2808219178082193e-01
faceCenterPointX: 247
faceCenterPointY: 80
LHandPositionsX: [ 281, 280, 284, 280, 283, 282, 280, 281, 282, 280, 281,
    279, 278, 281, 281, 287, 289, 300, 306, 322, 336, 347, 361, 369, 372,
    365, 361, 357, 346, 343, 338, 336, 334, 341, 347, 363, 366, 367, 359,
    347, 341, 345, 343, 340, 348, 356, 356, 354, 350, 342, 340, 344, 346,
    350, 356, 358, 354, 352, 345, 348, 346, 349, 355, 358, 364, 366, 363,
    357, 352, 344, 335, 323, 315, 306, 297, 295, 293, 288, 288, 287, 288,
    287, 288, 287, 287, 289, 290, 289, 285, 285, 289 ]
LHandPositionsY: [ 269, 270, 269, 272, 272, 268, 268, 271, 271, 268, 271,
    271, 273, 270, 268, 268, 262, 255, 241, 229, 218, 202, 188, 176, 161,
    160, 152, 150, 136, 134, 133, 128, 125, 120, 114, 112, 111, 110, 114,
    120, 128, 128, 125, 127, 121, 118, 113, 110, 117, 120, 121, 120, 117,
    118, 113, 111, 111, 113, 112, 116, 115, 111, 107, 108, 107, 106, 108,
    110, 127, 144, 155, 172, 185, 200, 212, 227, 235, 245, 243, 244, 250,
    250, 248, 250, 248, 250, 251, 255, 251, 254, 252 ]
RHandPositionsX: [ 216, 218, 214, 217, 215, 217, 218, 218, 214, 214, 218,
    215, 217, 214, 217, 217, 216, 215, 214, 214, 216, 214, 218, 216, 214,
    214, 217, 215, 214, 218, 216, 214, 217, 216, 216, 215, 214, 215, 215,
    214, 217, 216, 218, 218, 215, 217, 215, 215, 214, 217, 217, 217, 215,
    214, 214, 216, 217, 214, 214, 215, 215, 214, 218, 216, 218, 214, 214,
    216, 215, 216, 217, 218, 218, 216, 215, 214, 217, 214, 217, 217, 218,
    216, 216, 216, 218, 218, 215, 217, 216, 214, 216 ]
RHandPositionsY: [ 268, 270, 268, 269, 267, 268, 270, 268, 269, 267, 270,
    270, 267, 269, 267, 267, 265, 266, 265, 267, 265, 266, 266, 263, 264,
    265, 264, 263, 265, 263, 265, 266, 265, 264, 263, 263, 266, 264, 266,
    265, 264, 266, 264, 266, 262, 265, 265, 263, 263, 261, 261, 265, 265,
    265, 265, 265, 264, 264, 263, 265, 262, 262, 262, 263, 265, 263, 261,
    264, 262, 264, 262, 263, 264, 264, 262, 263, 265, 261, 264, 264, 265,
    262, 261, 265, 263, 264, 262, 265, 263, 263, 264 ]
