%YAML:1.0
---
videoName: "LHShake12.mp4"
gestureLabel: 2
fps: 29
pixelSizeInCmTemp: 3.3263888888888887e-01
faceCenterPointX: 259
faceCenterPointY: 64
LHandPositionsX: [ 368, 356, 348, 345, 344, 345, 352, 362, 373, 384, 383,
    380, 373, 366, 355, 347, 351, 343, 347, 354, 365, 375, 374, 374, 375,
    373, 361, 347, 340, 339, 340, 343, 347, 360, 371, 371, 373, 375, 367,
    357, 350, 339, 346, 343, 345, 352, 362, 371, 367, 372, 364, 356, 348,
    341, 342, 339, 340, 346, 355, 369, 366, 369, 369, 361, 352, 344, 336,
    326, 321, 317, 317, 317, 316, 326, 330, 328, 332, 331, 333, 336, 336,
    333, 337, 336, 335, 334, 337, 333 ]
LHandPositionsY: [ 168, 165, 163, 163, 164, 161, 155, 156, 151, 152, 151,
    149, 152, 153, 155, 156, 159, 160, 155, 153, 152, 146, 147, 146, 145,
    142, 143, 150, 154, 156, 157, 155, 152, 151, 145, 145, 148, 144, 147,
    150, 153, 159, 157, 155, 156, 156, 151, 152, 150, 149, 151, 151, 155,
    156, 156, 157, 157, 155, 148, 144, 143, 144, 144, 148, 149, 154, 159,
    167, 178, 184, 197, 209, 228, 237, 246, 247, 248, 253, 254, 256, 256,
    258, 255, 259, 258, 256, 259, 255 ]
RHandPositionsX: [ 176, 177, 176, 175, 175, 178, 177, 174, 175, 177, 174,
    176, 178, 178, 178, 177, 174, 177, 177, 174, 175, 175, 175, 177, 177,
    174, 177, 176, 174, 176, 177, 175, 177, 178, 178, 177, 178, 178, 178,
    178, 178, 176, 174, 174, 177, 176, 178, 175, 175, 178, 175, 174, 174,
    178, 177, 174, 175, 176, 174, 176, 176, 178, 178, 177, 178, 177, 176,
    176, 174, 178, 174, 178, 174, 176, 177, 175, 178, 174, 177, 175, 176,
    176, 177, 178, 174, 176, 178, 178 ]
RHandPositionsY: [ 275, 275, 274, 271, 273, 275, 272, 274, 271, 273, 275,
    275, 275, 275, 275, 271, 274, 271, 272, 274, 275, 271, 274, 271, 275,
    273, 273, 271, 273, 273, 272, 274, 272, 273, 273, 274, 271, 273, 273,
    275, 274, 271, 271, 275, 272, 275, 272, 273, 271, 274, 274, 274, 275,
    275, 273, 275, 271, 272, 271, 273, 274, 272, 273, 275, 275, 272, 272,
    275, 271, 271, 274, 274, 275, 272, 275, 273, 275, 275, 275, 271, 273,
    273, 274, 271, 274, 273, 271, 272 ]
