%YAML:1.0
---
videoName: "LHShake19.mp4"
gestureLabel: 2
fps: 29
pixelSizeInCmTemp: 3.3732394366197183e-01
faceCenterPointX: 250
faceCenterPointY: 62
LHandPositionsX: [ 309, 306, 308, 306, 306, 308, 308, 305, 307, 308, 308,
    306, 309, 305, 306, 311, 309, 317, 320, 324, 327, 321, 309, 288, 286,
    287, 293, 299, 304, 313, 315, 312, 305, 294, 289, 286, 293, 303, 310,
    317, 319, 311, 304, 294, 290, 294, 299, 304, 316, 313, 313, 307, 296,
    291, 294, 300, 305, 313, 314, 318, 315, 308, 306, 302, 296, 294, 293,
    293, 294, 297, 300, 300, 301, 302, 307, 307, 309, 310, 308, 309, 310,
    307, 309, 311, 308, 310, 311, 311 ]
LHandPositionsY: [ 252, 248, 251, 248, 250, 252, 249, 251, 250, 250, 250,
    248, 247, 246, 245, 237, 226, 213, 202, 191, 178, 170, 165, 163, 157,
    153, 160, 155, 156, 151, 155, 152, 155, 152, 149, 147, 156, 154, 151,
    150, 150, 152, 156, 146, 144, 155, 152, 154, 151, 152, 153, 157, 148,
    143, 156, 154, 153, 151, 152, 152, 153, 153, 156, 164, 165, 172, 177,
    190, 200, 208, 215, 216, 217, 219, 227, 229, 230, 233, 235, 234, 238,
    237, 237, 237, 239, 241, 240, 239 ]
RHandPositionsX: [ 195, 195, 198, 197, 198, 198, 196, 196, 196, 197, 199,
    195, 198, 197, 195, 195, 195, 198, 195, 195, 199, 197, 197, 197, 195,
    197, 198, 197, 194, 195, 197, 195, 193, 193, 192, 196, 196, 196, 192,
    193, 193, 194, 194, 191, 191, 192, 191, 192, 194, 193, 195, 195, 193,
    194, 191, 195, 191, 195, 194, 191, 191, 191, 192, 193, 191, 194, 192,
    194, 191, 192, 193, 194, 193, 194, 195, 192, 193, 193, 194, 195, 193,
    193, 193, 191, 195, 191, 193, 194 ]
RHandPositionsY: [ 256, 254, 256, 257, 254, 254, 254, 258, 256, 254, 258,
    255, 255, 254, 256, 254, 254, 254, 254, 257, 257, 256, 256, 258, 254,
    257, 255, 254, 254, 255, 255, 256, 257, 254, 256, 256, 255, 256, 255,
    255, 257, 256, 256, 257, 257, 258, 257, 254, 257, 255, 257, 254, 256,
    258, 254, 254, 254, 254, 255, 258, 255, 258, 255, 255, 256, 258, 254,
    257, 254, 254, 255, 254, 257, 258, 255, 257, 254, 256, 256, 256, 254,
    257, 258, 257, 254, 256, 254, 257 ]
