%YAML:1.0
---
videoName: "LHShake19.mp4"
gestureLabel: 2
fps: 29
pixelSizeInCmTemp: 3.3732394366197183e-01
faceCenterPointX: 250
faceCenterPointY: 62
LHandPositionsX: [ 307, 305, 309, 306, 309, 306, 308, 309, 308, 308, 305,
    305, 308, 305, 307, 309, 312, 315, 320, 326, 325, 322, 310, 292, 284,
    288, 289, 300, 306, 317, 313, 313, 304, 296, 287, 287, 294, 303, 310,
    319, 320, 311, 303, 292, 289, 292, 297, 306, 313, 311, 309, 309, 297,
    292, 297, 299, 306, 317, 318, 314, 313, 311, 305, 302, 298, 293, 289,
    294, 298, 301, 302, 303, 301, 306, 303, 307, 309, 311, 309, 310, 308,
    310, 310, 309, 310, 308, 310, 307 ]
LHandPositionsY: [ 251, 249, 251, 250, 248, 252, 248, 249, 250, 249, 251,
    249, 248, 246, 244, 240, 226, 213, 204, 192, 177, 167, 161, 163, 153,
    152, 158, 158, 153, 154, 154, 154, 156, 153, 151, 145, 153, 154, 152,
    150, 149, 150, 154, 150, 147, 153, 154, 151, 155, 153, 151, 157, 149,
    143, 156, 154, 157, 151, 154, 152, 154, 154, 160, 162, 168, 171, 178,
    187, 199, 206, 218, 218, 219, 222, 226, 227, 230, 233, 238, 235, 235,
    236, 239, 238, 240, 238, 239, 237 ]
RHandPositionsX: [ 196, 199, 198, 199, 196, 199, 198, 197, 198, 197, 197,
    197, 198, 198, 196, 199, 199, 199, 196, 197, 197, 197, 199, 196, 198,
    198, 197, 198, 197, 195, 193, 196, 194, 194, 192, 193, 194, 196, 192,
    192, 194, 194, 194, 192, 192, 193, 195, 194, 191, 192, 191, 195, 194,
    192, 194, 191, 195, 192, 192, 191, 192, 194, 191, 195, 191, 195, 193,
    193, 195, 194, 195, 195, 194, 192, 193, 191, 192, 194, 192, 191, 194,
    192, 193, 194, 192, 191, 192, 193 ]
RHandPositionsY: [ 254, 254, 254, 258, 256, 256, 258, 256, 255, 254, 255,
    258, 255, 257, 254, 257, 254, 254, 255, 257, 257, 255, 256, 257, 258,
    255, 256, 258, 255, 255, 258, 256, 256, 258, 258, 254, 257, 258, 255,
    258, 255, 258, 257, 255, 258, 255, 254, 258, 254, 256, 255, 256, 254,
    258, 258, 255, 256, 256, 257, 256, 254, 254, 255, 254, 256, 254, 255,
    256, 258, 258, 255, 256, 254, 256, 258, 254, 258, 254, 254, 254, 255,
    257, 257, 257, 256, 258, 258, 256 ]
