%YAML:1.0
---
videoName: "LHShake24.mp4"
gestureLabel: 2
fps: 30
pixelSizeInCmTemp: 3.4214285714285714e-01
faceCenterPointX: 255
faceCenterPointY: 77
LHandPositionsX: [ 330, 330, 329, 329, 326, 326, 329, 329, 330, 331, 330,
    332, 341, 346, 351, 360, 369, 376, 381, 380, 384, 379, 370, 362, 347,
    340, 340, 341, 340, 347, 360, 368, 379, 375, 376, 377, 366, 355, 346,
    337, 343, 340, 346, 355, 362, 365, 366, 366, 365, 353, 346, 340, 342,
    341, 347, 353, 363, 371, 371, 371, 371, 360, 355, 343, 346, 342, 345,
    353, 361, 370, 366, 368, 365, 359, 351, 343, 334, 334, 329, 328, 326,
    325, 328, 324, 328, 326, 325, 325, 327, 328, 324 ]
LHandPositionsY: [ 260, 261, 261, 260, 261, 260, 260, 262, 262, 262, 261,
    258, 247, 234, 222, 209, 196, 184, 172, 171, 158, 153, 150, 153, 155,
    162, 161, 162, 163, 162, 155, 151, 149, 151, 147, 144, 145, 147, 154,
    156, 154, 153, 156, 153, 152, 150, 150, 148, 154, 153, 161, 162, 164,
    164, 163, 163, 161, 159, 156, 153, 156, 158, 158, 162, 165, 161, 161,
    160, 162, 160, 159, 158, 155, 157, 161, 163, 170, 181, 190, 199, 206,
    220, 228, 233, 234, 238, 244, 248, 245, 248, 247 ]
RHandPositionsX: [ 180, 181, 181, 181, 180, 180, 179, 183, 179, 180, 183,
    180, 179, 180, 181, 181, 182, 182, 181, 181, 182, 181, 182, 180, 180,
    180, 180, 182, 182, 180, 182, 183, 182, 181, 181, 183, 181, 179, 179,
    180, 182, 182, 182, 180, 181, 181, 180, 182, 180, 180, 183, 183, 183,
    180, 179, 182, 181, 180, 181, 179, 182, 183, 179, 182, 179, 181, 181,
    180, 183, 180, 180, 182, 183, 183, 181, 179, 182, 182, 181, 179, 180,
    182, 180, 179, 181, 182, 182, 181, 183, 183, 180 ]
RHandPositionsY: [ 269, 269, 267, 271, 270, 270, 271, 270, 271, 271, 269,
    267, 271, 269, 267, 269, 270, 268, 270, 268, 271, 267, 267, 267, 270,
    269, 271, 267, 271, 269, 268, 269, 270, 271, 271, 267, 271, 268, 268,
    268, 271, 267, 269, 270, 267, 270, 269, 270, 270, 270, 267, 271, 267,
    268, 268, 270, 267, 267, 271, 269, 268, 270, 268, 268, 267, 269, 269,
    271, 267, 269, 267, 271, 269, 267, 267, 270, 271, 271, 268, 270, 269,
    271, 267, 270, 268, 267, 268, 267, 269, 269, 267 ]
