%YAML:1.0
---
videoName: "LHShake04.mp4"
gestureLabel: 2
fps: 30
pixelSizeInCmTemp: 3.2808219178082193e-01
faceCenterPointX: 247
faceCenterPointY: 80
LHandPositionsX: [ 284, 283, 284, 283, 280, 280, 279, 283, 283, 283, 280,
    278, 280, 279, 279, 285, 287, 296, 307, 320, 332, 348, 358, 369, 372,
    366, 361, 356, 349, 344, 336, 337, 336, 340, 350, 364, 369, 364, 359,
    345, 342, 343, 342, 343, 350, 354, 356, 356, 351, 345, 342, 342, 342,
    347, 355, 357, 353, 348, 346, 346, 345, 348, 354, 360, 361, 365, 361,
    361, 352, 346, 335, 323, 312, 307, 298, 295, 290, 287, 290, 289, 290,
    286, 287, 288, 288, 288, 288, 289, 287, 286, 286 ]
LHandPositionsY: [ 271, 270, 271, 269, 270, 270, 269, 270, 269, 270, 272,
    269, 269, 271, 271, 266, 265, 254, 245, 228, 216, 202, 188, 173, 163,
    157, 155, 152, 136, 132, 131, 131, 125, 118, 117, 110, 108, 111, 114,
    119, 129, 125, 125, 126, 122, 117, 114, 113, 117, 121, 121, 120, 119,
    114, 114, 113, 112, 113, 116, 119, 115, 114, 107, 108, 105, 103, 105,
    111, 128, 143, 159, 171, 188, 199, 211, 225, 234, 241, 244, 246, 249,
    248, 250, 248, 252, 252, 254, 254, 253, 251, 250 ]
RHandPositionsX: [ 216, 218, 215, 216, 215, 216, 214, 214, 218, 215, 215,
    215, 214, 215, 215, 214, 215, 214, 215, 214, 217, 216, 215, 214, 218,
    216, 214, 216, 218, 216, 216, 218, 215, 215, 217, 215, 214, 216, 218,
    214, 216, 214, 214, 218, 214, 218, 218, 218, 215, 214, 217, 214, 214,
    214, 215, 215, 216, 217, 218, 214, 216, 215, 216, 216, 215, 214, 215,
    214, 215, 214, 216, 217, 214, 217, 215, 218, 214, 217, 216, 217, 218,
    214, 215, 214, 217, 216, 217, 218, 215, 216, 217 ]
RHandPositionsY: [ 269, 267, 269, 267, 269, 269, 270, 267, 267, 267, 269,
    268, 267, 265, 265, 266, 268, 266, 266, 265, 266, 264, 267, 264, 267,
    265, 264, 266, 266, 264, 266, 267, 265, 266, 265, 266, 264, 265, 266,
    263, 264, 266, 266, 265, 264, 266, 263, 265, 263, 264, 261, 265, 263,
    264, 262, 264, 265, 261, 265, 262, 264, 264, 261, 261, 262, 261, 262,
    262, 265, 261, 262, 263, 264, 264, 265, 262, 261, 262, 262, 262, 264,
    262, 261, 261, 265, 264, 264, 264, 262, 263, 265 ]
