%YAML:1.0
---
videoName: "LHShake03.mp4"
gestureLabel: 2
fps: 30
pixelSizeInCmTemp: 3.2808219178082193e-01
faceCenterPointX: 251
faceCenterPointY: 79
LHandPositionsX: [ 344, 344, 349, 354, 355, 358, 351, 349, 337, 328, 315,
    314, 314, 313, 316, 320, 326, 334, 333, 334, 342, 340, 334, 329, 326,
    321, 325, 320, 325, 331, 332, 342, 345, 341, 333, 323, 319, 315, 313,
    311, 313, 321, 325, 332, 333, 336, 334, 328, 324, 322, 322, 329, 334,
    339, 344, 344, 337, 336, 336, 336, 338, 326, 322, 319, 313, 313, 305,
    302, 302, 301, 297, 297, 296, 296, 295, 292, 293, 289, 293, 289, 291,
    292, 291, 287, 289, 285, 288, 284, 286, 284, 287 ]
LHandPositionsY: [ 143, 134, 125, 122, 113, 109, 104, 103, 97, 97, 106,
    105, 106, 102, 98, 92, 89, 90, 89, 89, 82, 87, 91, 88, 86, 90, 89,
    90, 86, 84, 84, 86, 78, 82, 83, 91, 91, 96, 95, 97, 92, 89, 90, 88,
    85, 89, 87, 86, 88, 89, 92, 92, 93, 86, 86, 86, 92, 96, 98, 103, 113,
    132, 140, 157, 168, 178, 184, 198, 208, 215, 224, 221, 223, 228, 233,
    234, 242, 244, 244, 249, 250, 247, 250, 250, 255, 254, 255, 252, 251,
    251, 254 ]
RHandPositionsX: [ 216, 213, 214, 213, 215, 212, 212, 215, 212, 215, 213,
    215, 213, 211, 215, 214, 212, 215, 211, 211, 213, 212, 211, 213, 215,
    214, 215, 214, 211, 213, 211, 212, 211, 215, 212, 214, 215, 212, 213,
    214, 215, 211, 211, 213, 212, 214, 213, 214, 215, 213, 211, 212, 212,
    212, 213, 212, 213, 213, 211, 213, 214, 210, 212, 210, 214, 211, 210,
    210, 214, 211, 210, 214, 212, 211, 210, 213, 210, 211, 213, 213, 213,
    211, 211, 210, 211, 212, 211, 213, 210, 211, 210 ]
RHandPositionsY: [ 255, 257, 255, 258, 256, 254, 254, 253, 252, 253, 253,
    256, 255, 252, 252, 253, 256, 255, 256, 254, 252, 253, 253, 255, 251,
    251, 251, 251, 253, 251, 254, 252, 251, 255, 254, 253, 255, 253, 252,
    254, 251, 251, 253, 252, 251, 251, 252, 252, 255, 251, 251, 255, 252,
    254, 254, 255, 255, 254, 254, 254, 255, 255, 254, 251, 253, 255, 253,
    253, 252, 252, 252, 255, 253, 251, 254, 253, 255, 252, 253, 251, 252,
    253, 253, 252, 251, 253, 252, 255, 251, 252, 253 ]
