%YAML:1.0
---
videoName: "LHShake21.mp4"
gestureLabel: 2
fps: 29
pixelSizeInCmTemp: 3.4214285714285714e-01
faceCenterPointX: 266
faceCenterPointY: 79
LHandPositionsX: [ 350, 351, 366, 372, 381, 392, 397, 406, 423, 417, 416,
    401, 387, 377, 373, 376, 375, 378, 385, 405, 401, 400, 396, 394, 384,
    375, 368, 370, 371, 370, 376, 391, 387, 387, 384, 383, 374, 370, 364,
    368, 369, 369, 377, 388, 388, 387, 397, 394, 382, 372, 366, 367, 363,
    369, 377, 378, 386, 383, 385, 387, 386, 382, 373, 367, 358, 352, 344,
    339, 335, 337, 333, 335, 335, 332, 332, 331, 331, 333, 332, 331, 330,
    334, 330, 332, 331, 330, 330, 329 ]
LHandPositionsY: [ 271, 266, 245, 226, 209, 193, 183, 167, 154, 150, 140,
    134, 134, 136, 133, 135, 131, 129, 127, 128, 130, 131, 130, 135, 137,
    131, 143, 140, 145, 134, 136, 134, 132, 132, 133, 133, 135, 146, 148,
    148, 146, 143, 140, 140, 136, 139, 137, 138, 139, 148, 150, 154, 153,
    156, 151, 143, 142, 143, 139, 150, 152, 162, 170, 177, 190, 201, 216,
    224, 239, 240, 244, 248, 249, 251, 250, 252, 253, 254, 252, 253, 253,
    251, 253, 251, 252, 251, 250, 251 ]
RHandPositionsX: [ 188, 188, 185, 188, 187, 186, 185, 185, 184, 184, 188,
    187, 187, 187, 184, 188, 186, 184, 184, 188, 184, 184, 188, 186, 188,
    187, 186, 187, 187, 184, 184, 184, 184, 187, 186, 185, 185, 187, 184,
    184, 184, 187, 186, 186, 186, 186, 184, 185, 184, 187, 186, 188, 184,
    184, 186, 185, 186, 186, 184, 187, 186, 185, 188, 188, 188, 188, 188,
    186, 187, 185, 188, 186, 185, 185, 188, 188, 187, 188, 187, 185, 187,
    186, 187, 184, 187, 187, 185, 185 ]
RHandPositionsY: [ 269, 268, 268, 269, 269, 266, 268, 267, 269, 269, 265,
    266, 265, 265, 268, 265, 267, 267, 268, 265, 268, 268, 268, 269, 265,
    266, 269, 266, 267, 269, 265, 268, 269, 268, 268, 267, 268, 267, 268,
    267, 269, 268, 267, 266, 269, 266, 266, 266, 265, 266, 267, 266, 267,
    268, 266, 265, 267, 267, 265, 265, 267, 265, 265, 268, 266, 268, 269,
    269, 269, 268, 267, 266, 269, 268, 267, 269, 269, 267, 268, 266, 267,
    269, 268, 268, 267, 266, 266, 265 ]
