%YAML:1.0
---
videoName: "LHShake22.mp4"
gestureLabel: 2
fps: 29
pixelSizeInCmTemp: 3.5220588235294115e-01
faceCenterPointX: 261
faceCenterPointY: 79
LHandPositionsX: [ 336, 345, 350, 354, 355, 358, 359, 353, 347, 337, 326,
    320, 320, 318, 320, 324, 328, 339, 343, 344, 344, 343, 336, 330, 321,
    322, 323, 327, 332, 339, 345, 341, 341, 336, 328, 322, 316, 318, 320,
    320, 329, 337, 337, 335, 334, 331, 326, 322, 321, 321, 324, 330, 335,
    342, 342, 345, 341, 334, 325, 317, 318, 318, 319, 323, 328, 337, 337,
    333, 335, 333, 330, 326, 320, 318, 320, 321, 324, 324, 325, 324, 323,
    323, 323, 324, 324, 327, 323, 326 ]
LHandPositionsY: [ 260, 256, 247, 235, 232, 218, 205, 205, 195, 188, 187,
    187, 185, 187, 184, 181, 178, 176, 174, 175, 170, 171, 171, 174, 178,
    176, 178, 176, 177, 174, 170, 174, 173, 170, 176, 180, 182, 180, 181,
    185, 178, 178, 175, 174, 174, 174, 177, 181, 182, 182, 179, 182, 176,
    175, 176, 177, 176, 176, 177, 184, 180, 181, 182, 182, 179, 179, 180,
    181, 182, 189, 195, 204, 210, 220, 228, 242, 242, 246, 248, 247, 247,
    250, 251, 252, 251, 251, 251, 251 ]
RHandPositionsX: [ 189, 189, 193, 191, 192, 191, 192, 191, 190, 193, 189,
    189, 192, 189, 190, 192, 191, 192, 189, 190, 192, 189, 190, 189, 191,
    191, 192, 189, 191, 191, 189, 190, 191, 192, 191, 193, 191, 191, 192,
    193, 192, 189, 192, 191, 189, 190, 192, 192, 191, 189, 192, 192, 193,
    192, 191, 191, 189, 191, 192, 192, 191, 193, 190, 192, 193, 193, 193,
    189, 190, 189, 190, 189, 189, 193, 189, 189, 189, 190, 193, 189, 189,
    190, 193, 192, 190, 193, 192, 191 ]
RHandPositionsY: [ 268, 269, 270, 269, 266, 270, 267, 267, 266, 268, 267,
    270, 269, 267, 267, 269, 267, 269, 266, 269, 267, 269, 270, 269, 268,
    268, 270, 268, 267, 269, 268, 269, 266, 269, 270, 267, 270, 267, 269,
    268, 267, 270, 267, 268, 267, 270, 266, 268, 268, 267, 266, 270, 268,
    269, 269, 266, 268, 268, 267, 269, 270, 267, 268, 267, 269, 269, 269,
    267, 268, 268, 266, 266, 270, 268, 269, 270, 267, 266, 269, 267, 266,
    270, 269, 268, 269, 268, 266, 267 ]
