%YAML:1.0
---
videoName: "LHShake04.mp4"
gestureLabel: 2
fps: 30
pixelSizeInCmTemp: 3.2808219178082193e-01
faceCenterPointX: 247
faceCenterPointY: 80
LHandPositionsX: [ 283, 280, 282, 284, 280, 282, 280, 281, 281, 279, 280,
    281, 282, 283, 282, 285, 289, 296, 307, 319, 332, 348, 361, 366, 373,
    367, 363, 357, 346, 343, 336, 336, 335, 340, 348, 362, 367, 366, 359,
    344, 339, 342, 343, 341, 348, 354, 358, 357, 354, 342, 339, 346, 343,
    347, 356, 355, 355, 349, 345, 349, 345, 351, 356, 357, 363, 363, 361,
    358, 355, 345, 333, 323, 314, 307, 300, 293, 290, 290, 290, 286, 287,
    286, 290, 290, 290, 287, 289, 289, 286, 285, 285 ]
LHandPositionsY: [ 269, 268, 268, 271, 270, 272, 270, 271, 271, 270, 271,
    270, 271, 271, 268, 267, 262, 255, 242, 229, 218, 202, 187, 176, 164,
    159, 156, 151, 134, 133, 130, 128, 126, 121, 117, 111, 111, 109, 116,
    118, 128, 125, 122, 127, 120, 117, 115, 113, 119, 118, 120, 124, 118,
    118, 115, 111, 112, 110, 113, 118, 117, 113, 109, 106, 106, 104, 109,
    113, 127, 142, 156, 173, 184, 202, 212, 223, 233, 245, 244, 243, 247,
    250, 250, 248, 249, 253, 252, 254, 251, 254, 251 ]
RHandPositionsX: [ 215, 218, 217, 215, 215, 214, 218, 215, 214, 216, 215,
    215, 217, 214, 214, 218, 216, 218, 214, 215, 216, 214, 214, 215, 218,
    216, 216, 215, 214, 218, 215, 214, 214, 217, 217, 218, 217, 218, 214,
    217, 215, 215, 216, 216, 218, 217, 218, 214, 218, 217, 214, 214, 215,
    214, 216, 218, 216, 216, 217, 216, 217, 216, 216, 216, 215, 214, 214,
    217, 214, 218, 214, 214, 215, 218, 215, 217, 218, 218, 215, 215, 216,
    215, 217, 216, 216, 217, 217, 214, 214, 216, 216 ]
RHandPositionsY: [ 267, 268, 267, 269, 267, 266, 270, 267, 268, 269, 270,
    270, 265, 268, 266, 265, 266, 264, 264, 268, 268, 265, 266, 266, 265,
    266, 266, 267, 265, 267, 267, 263, 267, 265, 262, 266, 262, 265, 266,
    265, 262, 266, 265, 265, 262, 262, 264, 261, 263, 263, 262, 264, 264,
    261, 264, 261, 264, 261, 261, 263, 263, 263, 261, 262, 261, 264, 261,
    262, 265, 262, 265, 263, 263, 262, 261, 263, 263, 264, 264, 263, 265,
    265, 262, 265, 261, 261, 263, 264, 265, 265, 263 ]
