%YAML:1.0
---
videoName: "LHShake05.mp4"
gestureLabel: 2
fps: 30
pixelSizeInCmTemp: 3.2364864864864862e-01
faceCenterPointX: 252
faceCenterPointY: 81
LHandPositionsX: [ 292, 293, 294, 295, 295, 294, 295, 292, 293, 294, 294,
    295, 303, 313, 321, 335, 343, 340, 342, 340, 338, 334, 333, 330, 330,
    332, 332, 337, 340, 342, 342, 338, 332, 325, 326, 323, 330, 334, 334,
    339, 335, 331, 323, 322, 321, 322, 328, 330, 336, 337, 332, 329, 323,
    323, 326, 326, 332, 335, 341, 338, 332, 330, 331, 330, 332, 334, 338,
    338, 338, 339, 334, 325, 319, 316, 310, 307, 305, 299, 296, 297, 295,
    293, 296, 291, 294, 293, 292, 293, 291, 293, 295 ]
LHandPositionsY: [ 270, 268, 268, 267, 270, 266, 266, 267, 263, 257, 244,
    225, 210, 198, 185, 172, 165, 161, 158, 155, 151, 155, 153, 153, 152,
    151, 149, 144, 138, 136, 132, 140, 143, 148, 145, 147, 146, 141, 136,
    137, 132, 138, 141, 141, 141, 143, 141, 136, 136, 130, 137, 141, 139,
    144, 142, 143, 142, 138, 135, 136, 142, 143, 141, 145, 144, 142, 137,
    141, 135, 141, 143, 151, 162, 168, 176, 188, 198, 208, 218, 228, 235,
    235, 238, 243, 248, 251, 252, 252, 251, 256, 261 ]
RHandPositionsX: [ 212, 211, 214, 212, 211, 212, 210, 212, 212, 214, 211,
    212, 211, 211, 211, 210, 209, 213, 212, 208, 209, 209, 210, 210, 208,
    207, 208, 211, 209, 209, 209, 210, 210, 207, 206, 208, 208, 209, 207,
    210, 210, 208, 207, 206, 209, 207, 208, 207, 209, 209, 207, 207, 209,
    208, 206, 206, 210, 209, 206, 206, 207, 207, 208, 209, 210, 209, 208,
    206, 210, 208, 209, 208, 210, 210, 209, 210, 210, 210, 207, 208, 207,
    206, 206, 208, 211, 207, 207, 212, 208, 212, 210 ]
RHandPositionsY: [ 264, 264, 265, 262, 262, 263, 262, 262, 266, 265, 262,
    264, 266, 263, 266, 262, 266, 266, 265, 264, 262, 265, 265, 266, 262,
    265, 265, 262, 265, 264, 265, 266, 263, 263, 264, 263, 264, 264, 264,
    263, 262, 261, 262, 264, 264, 261, 265, 263, 265, 264, 263, 263, 262,
    261, 264, 265, 264, 265, 265, 264, 263, 263, 265, 263, 261, 265, 265,
    264, 262, 264, 263, 261, 264, 261, 262, 262, 264, 265, 263, 263, 262,
    263, 261, 262, 265, 263, 264, 263, 265, 263, 264 ]
