%YAML:1.0
---
videoName: "LHShake05.mp4"
gestureLabel: 2
fps: 30
pixelSizeInCmTemp: 3.2364864864864862e-01
faceCenterPointX: 252
faceCenterPointY: 81
LHandPositionsX: [ 291, 293, 293, 294, 294, 295, 292, 295, 292, 290, 293,
    295, 301, 313, 321, 334, 344, 342, 341, 340, 342, 338, 333, 332, 329,
    331, 334, 336, 339, 345, 342, 340, 332, 322, 324, 326, 328, 331, 336,
    337, 339, 329, 323, 323, 321, 321, 328, 330, 336, 337, 333, 330, 326,
    323, 325, 328, 332, 336, 338, 336, 333, 330, 332, 328, 331, 336, 338,
    338, 340, 339, 334, 323, 319, 317, 311, 306, 302, 300, 299, 293, 294,
    294, 293, 293, 292, 291, 293, 295, 292, 293, 292 ]
LHandPositionsY: [ 270, 267, 268, 266, 267, 266, 268, 268, 265, 255, 243,
    226, 214, 197, 187, 176, 166, 160, 157, 154, 154, 152, 155, 154, 156,
    152, 151, 143, 138, 135, 132, 136, 144, 149, 143, 148, 146, 138, 140,
    136, 131, 138, 142, 145, 143, 141, 141, 137, 133, 131, 137, 141, 140,
    144, 145, 144, 142, 136, 138, 140, 138, 142, 140, 143, 142, 140, 139,
    140, 139, 139, 142, 148, 161, 171, 179, 189, 199, 208, 221, 226, 234,
    238, 237, 241, 246, 249, 252, 252, 250, 258, 260 ]
RHandPositionsX: [ 213, 214, 211, 210, 212, 210, 212, 210, 211, 212, 214,
    211, 210, 209, 213, 211, 211, 211, 211, 212, 208, 211, 211, 211, 210,
    211, 207, 208, 210, 206, 207, 207, 209, 207, 210, 210, 207, 207, 210,
    209, 209, 206, 207, 210, 209, 209, 206, 207, 209, 209, 207, 210, 208,
    209, 206, 209, 210, 209, 206, 207, 208, 208, 207, 209, 208, 208, 207,
    206, 209, 210, 207, 206, 208, 207, 208, 210, 210, 208, 206, 209, 206,
    206, 206, 206, 208, 207, 210, 209, 210, 209, 209 ]
RHandPositionsY: [ 262, 265, 266, 266, 264, 263, 265, 262, 265, 265, 264,
    262, 264, 264, 263, 265, 266, 264, 262, 266, 265, 265, 262, 262, 263,
    264, 262, 265, 262, 265, 262, 262, 264, 262, 262, 265, 263, 262, 262,
    261, 261, 264, 263, 264, 264, 261, 263, 262, 262, 261, 264, 261, 264,
    262, 264, 261, 263, 262, 263, 262, 265, 262, 261, 262, 262, 262, 261,
    264, 262, 264, 265, 263, 261, 262, 264, 263, 264, 263, 261, 261, 262,
    265, 265, 262, 263, 261, 262, 262, 264, 265, 264 ]
