%YAML:1.0
---
videoName: "LHShake00.mp4"
gestureLabel: 2
fps: 29
pixelSizeInCmTemp: 3.4214285714285714e-01
faceCenterPointX: 252
faceCenterPointY: 85
LHandPositionsX: [ 351, 352, 352, 351, 356, 355, 359, 358, 350, 341, 336,
    322, 322, 325, 320, 324, 325, 333, 337, 335, 341, 337, 332, 327, 323,
    324, 325, 327, 331, 336, 336, 340, 341, 332, 326, 323, 324, 326, 330,
    337, 338, 344, 340, 342, 334, 327, 322, 322, 327, 329, 334, 337, 337,
    341, 340, 337, 326, 326, 324, 324, 326, 333, 334, 337, 336, 340, 340,
    337, 335, 331, 330, 328, 327, 325, 331, 329, 331, 333, 333, 336, 337,
    341, 339, 339, 343, 342, 342, 344 ]
LHandPositionsY: [ 255, 253, 245, 229, 212, 187, 171, 150, 137, 134, 132,
    136, 137, 133, 135, 135, 130, 133, 128, 127, 126, 128, 131, 134, 135,
    133, 133, 130, 130, 126, 125, 123, 124, 125, 135, 136, 132, 133, 134,
    131, 126, 125, 123, 123, 129, 131, 132, 134, 133, 130, 131, 127, 123,
    120, 124, 126, 128, 128, 131, 127, 130, 124, 123, 119, 119, 118, 117,
    127, 137, 148, 158, 167, 163, 172, 186, 194, 200, 205, 214, 220, 223,
    227, 228, 232, 235, 233, 236, 236 ]
RHandPositionsX: [ 152, 153, 155, 156, 152, 156, 155, 155, 154, 154, 156,
    155, 154, 153, 155, 153, 155, 154, 154, 156, 152, 152, 156, 154, 155,
    156, 154, 152, 156, 152, 154, 153, 152, 152, 156, 154, 155, 155, 152,
    153, 154, 155, 156, 152, 155, 153, 154, 155, 156, 152, 152, 155, 154,
    154, 153, 156, 156, 153, 156, 152, 152, 153, 155, 156, 156, 156, 155,
    153, 154, 156, 153, 152, 155, 153, 155, 152, 152, 154, 155, 154, 152,
    155, 155, 155, 154, 152, 153, 152 ]
RHandPositionsY: [ 277, 278, 278, 277, 277, 274, 275, 273, 274, 275, 273,
    272, 272, 271, 269, 269, 268, 270, 269, 267, 266, 269, 268, 268, 267,
    268, 264, 265, 268, 265, 267, 263, 263, 265, 265, 264, 264, 265, 265,
    265, 261, 262, 261, 262, 261, 264, 262, 261, 261, 260, 261, 260, 264,
    264, 262, 260, 261, 264, 263, 260, 261, 262, 264, 261, 262, 264, 264,
    260, 261, 263, 263, 264, 262, 261, 261, 264, 260, 264, 261, 263, 263,
    262, 260, 260, 260, 262, 260, 263 ]
