%YAML:1.0
---
videoName: "LHShake12.mp4"
gestureLabel: 2
fps: 29
pixelSizeInCmTemp: 3.3263888888888887e-01
faceCenterPointX: 259
faceCenterPointY: 64
LHandPositionsX: [ 368, 357, 349, 347, 346, 346, 354, 361, 376, 380, 379,
    378, 373, 364, 354, 345, 349, 347, 348, 356, 365, 375, 378, 375, 375,
    371, 362, 348, 339, 342, 338, 342, 350, 359, 368, 372, 372, 373, 369,
    359, 349, 340, 343, 344, 344, 353, 363, 372, 368, 372, 367, 359, 345,
    342, 340, 339, 339, 346, 358, 367, 368, 366, 370, 365, 355, 340, 336,
    327, 325, 316, 316, 320, 318, 326, 331, 329, 330, 335, 334, 334, 334,
    335, 333, 335, 335, 335, 337, 335 ]
LHandPositionsY: [ 167, 162, 164, 161, 160, 159, 156, 156, 150, 151, 150,
    149, 153, 153, 157, 156, 158, 156, 157, 153, 151, 147, 145, 147, 146,
    142, 143, 146, 152, 155, 156, 153, 150, 148, 148, 148, 148, 145, 146,
    147, 150, 155, 154, 155, 157, 154, 154, 153, 152, 150, 151, 151, 151,
    158, 156, 158, 156, 155, 151, 145, 145, 146, 143, 147, 148, 155, 159,
    169, 179, 187, 199, 207, 224, 237, 245, 243, 246, 249, 255, 257, 257,
    257, 259, 257, 259, 256, 257, 257 ]
RHandPositionsX: [ 178, 174, 175, 174, 174, 178, 178, 174, 176, 178, 175,
    176, 177, 176, 178, 178, 176, 178, 174, 178, 174, 174, 175, 178, 178,
    177, 174, 174, 177, 176, 174, 175, 177, 175, 174, 174, 175, 177, 175,
    178, 176, 178, 176, 175, 174, 176, 174, 177, 175, 176, 176, 174, 178,
    175, 175, 174, 176, 178, 178, 176, 175, 175, 178, 177, 175, 178, 177,
    176, 175, 177, 175, 174, 175, 174, 178, 178, 178, 175, 174, 178, 177,
    178, 177, 174, 174, 178, 175, 174 ]
RHandPositionsY: [ 273, 273, 272, 274, 272, 275, 272, 275, 275, 273, 275,
    272, 274, 273, 273, 272, 274, 274, 275, 272, 272, 274, 272, 275, 274,
    274, 272, 272, 275, 274, 273, 271, 271, 275, 273, 275, 273, 275, 273,
    273, 275, 272, 274, 273, 272, 275, 275, 275, 271, 275, 271, 275, 274,
    272, 271, 271, 275, 273, 273, 275, 272, 273, 273, 275, 271, 275, 272,
    273, 273, 275, 271, 271, 272, 274, 271, 274, 274, 274, 273, 271, 275,
    275, 273, 275, 272, 271, 272, 271 ]
