%YAML:1.0
---
videoName: "LHShake17.mp4"
gestureLabel: 2
fps: 30
pixelSizeInCmTemp: 3.3732394366197183e-01
faceCenterPointX: 248
faceCenterPointY: 64
LHandPositionsX: [ 323, 324, 322, 323, 321, 325, 324, 324, 326, 334, 343,
    355, 367, 374, 386, 397, 404, 409, 403, 389, 373, 360, 351, 350, 354,
    359, 372, 378, 375, 384, 375, 363, 354, 346, 345, 347, 355, 363, 368,
    368, 365, 361, 353, 350, 353, 353, 366, 374, 374, 373, 376, 372, 363,
    352, 349, 346, 346, 352, 363, 364, 363, 369, 367, 357, 351, 342, 341,
    340, 334, 332, 334, 332, 332, 331, 329, 331, 326, 327, 325, 328, 326,
    327, 324, 326, 327, 324, 326, 326, 326, 327, 325 ]
LHandPositionsY: [ 249, 249, 251, 251, 248, 248, 246, 247, 248, 230, 215,
    200, 185, 172, 157, 142, 130, 123, 112, 110, 121, 130, 136, 134, 138,
    133, 123, 119, 121, 116, 119, 127, 138, 140, 139, 139, 122, 119, 119,
    119, 119, 117, 126, 132, 132, 135, 126, 120, 124, 124, 119, 120, 129,
    138, 141, 141, 139, 126, 121, 124, 126, 121, 119, 128, 135, 146, 154,
    160, 170, 183, 196, 205, 220, 220, 222, 229, 231, 237, 233, 237, 235,
    236, 238, 238, 238, 235, 237, 236, 237, 238, 236 ]
RHandPositionsX: [ 178, 176, 180, 180, 180, 176, 180, 178, 180, 178, 176,
    177, 179, 176, 177, 180, 176, 176, 177, 178, 176, 177, 178, 179, 178,
    179, 178, 175, 177, 176, 179, 179, 178, 176, 177, 179, 176, 177, 178,
    177, 175, 177, 174, 174, 178, 175, 178, 178, 174, 178, 176, 174, 178,
    177, 174, 178, 177, 177, 176, 174, 174, 178, 176, 177, 176, 177, 176,
    174, 175, 174, 177, 174, 174, 176, 178, 176, 175, 176, 176, 175, 175,
    174, 177, 174, 174, 175, 175, 175, 176, 178, 178 ]
RHandPositionsY: [ 256, 259, 258, 259, 256, 259, 259, 259, 258, 260, 257,
    257, 257, 260, 260, 259, 257, 257, 259, 256, 258, 259, 257, 260, 256,
    257, 259, 256, 259, 258, 260, 258, 258, 259, 256, 257, 257, 259, 260,
    258, 260, 256, 256, 260, 259, 260, 257, 256, 259, 259, 256, 259, 256,
    257, 259, 256, 260, 260, 259, 258, 259, 256, 258, 258, 260, 260, 257,
    256, 256, 258, 257, 260, 259, 258, 258, 260, 260, 258, 257, 259, 258,
    260, 259, 259, 258, 259, 259, 257, 258, 260, 256 ]
