%YAML:1.0
---
videoName: "LHShake16.mp4"
gestureLabel: 2
fps: 30
pixelSizeInCmTemp: 3.3732394366197183e-01
faceCenterPointX: 247
faceCenterPointY: 66
LHandPositionsX: [ 325, 325, 326, 329, 329, 336, 346, 354, 362, 375, 385,
    392, 402, 408, 405, 404, 398, 391, 376, 365, 355, 359, 364, 369, 380,
    398, 396, 392, 391, 383, 374, 368, 369, 371, 372, 382, 389, 390, 402,
    396, 383, 373, 367, 368, 367, 368, 373, 386, 398, 405, 395, 387, 370,
    363, 363, 362, 363, 368, 375, 391, 387, 385, 390, 382, 376, 366, 359,
    349, 346, 335, 336, 332, 329, 330, 332, 329, 327, 331, 329, 329, 327,
    327, 328, 325, 326, 328, 326, 328, 326, 328, 325 ]
LHandPositionsY: [ 254, 253, 254, 254, 250, 246, 233, 221, 208, 193, 182,
    166, 156, 149, 140, 137, 124, 117, 116, 111, 116, 119, 127, 116, 114,
    113, 118, 120, 119, 114, 120, 131, 132, 133, 129, 117, 121, 120, 119,
    117, 119, 126, 131, 131, 135, 135, 133, 127, 123, 125, 120, 131, 136,
    142, 145, 147, 147, 144, 132, 129, 130, 131, 125, 131, 140, 150, 159,
    170, 179, 195, 207, 217, 224, 227, 231, 234, 238, 237, 237, 238, 239,
    239, 244, 245, 246, 242, 244, 241, 242, 241, 244 ]
RHandPositionsX: [ 179, 176, 179, 176, 175, 175, 176, 175, 176, 177, 176,
    176, 178, 175, 176, 175, 175, 177, 177, 177, 178, 176, 176, 179, 175,
    175, 178, 175, 176, 176, 177, 177, 177, 175, 177, 175, 179, 177, 179,
    179, 177, 178, 179, 175, 176, 176, 175, 175, 176, 175, 179, 177, 178,
    179, 178, 175, 179, 175, 177, 177, 179, 176, 179, 175, 176, 176, 175,
    175, 175, 178, 179, 179, 179, 175, 176, 179, 179, 177, 177, 179, 178,
    176, 175, 176, 175, 178, 176, 178, 177, 175, 178 ]
RHandPositionsY: [ 262, 262, 258, 261, 262, 259, 259, 258, 260, 258, 261,
    262, 260, 258, 262, 260, 259, 262, 262, 259, 260, 258, 261, 259, 259,
    260, 262, 262, 261, 260, 262, 259, 260, 261, 262, 262, 259, 262, 261,
    260, 258, 260, 258, 261, 260, 259, 258, 258, 258, 258, 262, 261, 258,
    259, 262, 258, 259, 258, 262, 262, 261, 258, 258, 260, 261, 261, 261,
    262, 258, 258, 258, 260, 260, 259, 259, 260, 262, 259, 262, 259, 261,
    260, 259, 261, 258, 262, 259, 260, 259, 260, 260 ]
