%YAML:1.0
---
videoName: "LHShake06.mp4"
gestureLabel: 2
fps: 29
pixelSizeInCmTemp: 3.3732394366197183e-01
faceCenterPointX: 250
faceCenterPointY: 80
LHandPositionsX: [ 380, 387, 388, 385, 382, 381, 376, 372, 370, 368, 376,
    386, 388, 393, 395, 393, 392, 388, 377, 374, 375, 377, 388, 390, 394,
    391, 390, 386, 383, 378, 380, 382, 382, 387, 391, 389, 386, 382, 381,
    379, 383, 380, 383, 389, 390, 389, 387, 386, 380, 380, 381, 383, 387,
    391, 396, 399, 396, 394, 394, 386, 381, 367, 362, 357, 356, 346, 336,
    327, 318, 311, 305, 306, 306, 302, 303, 300, 299, 301, 300, 302, 301,
    301, 298, 300, 300, 301, 299, 301 ]
LHandPositionsY: [ 148, 147, 145, 142, 136, 139, 136, 135, 139, 134, 134,
    127, 127, 130, 126, 128, 130, 134, 132, 134, 132, 135, 133, 131, 128,
    127, 125, 125, 126, 127, 131, 127, 128, 125, 125, 123, 125, 125, 125,
    129, 129, 128, 124, 126, 124, 127, 126, 124, 128, 129, 126, 128, 123,
    122, 123, 123, 120, 122, 125, 127, 133, 136, 148, 152, 160, 174, 191,
    207, 214, 226, 229, 236, 239, 241, 243, 245, 250, 249, 252, 250, 255,
    252, 255, 256, 253, 253, 257, 254 ]
RHandPositionsX: [ 211, 210, 211, 213, 213, 209, 209, 213, 213, 212, 211,
    209, 213, 213, 210, 212, 209, 212, 209, 212, 210, 213, 212, 209, 211,
    213, 212, 209, 212, 211, 212, 209, 209, 211, 210, 208, 208, 212, 208,
    208, 210, 209, 208, 208, 210, 208, 207, 209, 210, 208, 207, 210, 211,
    210, 208, 208, 207, 210, 210, 207, 207, 210, 209, 211, 207, 209, 209,
    208, 207, 211, 210, 208, 212, 208, 211, 209, 212, 208, 210, 211, 212,
    209, 211, 211, 209, 209, 212, 212 ]
RHandPositionsY: [ 268, 268, 272, 268, 270, 271, 269, 267, 271, 270, 268,
    267, 270, 267, 269, 269, 268, 267, 266, 267, 268, 269, 266, 265, 266,
    268, 268, 266, 267, 268, 269, 268, 266, 266, 268, 268, 268, 269, 266,
    265, 267, 266, 266, 269, 266, 270, 268, 268, 267, 265, 269, 265, 265,
    268, 266, 268, 267, 268, 268, 266, 267, 267, 265, 267, 269, 265, 267,
    267, 266, 268, 268, 269, 266, 269, 268, 265, 267, 268, 268, 268, 269,
    269, 269, 268, 268, 267, 265, 269 ]
