%YAML:1.0
---
videoName: "LHShake00.mp4"
gestureLabel: 2
fps: 29
pixelSizeInCmTemp: 3.4214285714285714e-01
faceCenterPointX: 252
faceCenterPointY: 85
LHandPositionsX: [ 350, 349, 350, 352, 354, 358, 360, 358, 351, 342, 334,
    324, 323, 322, 320, 322, 329, 331, 334, 338, 341, 339, 330, 326, 326,
    326, 325, 327, 332, 338, 340, 338, 337, 331, 324, 324, 324, 328, 328,
    337, 340, 344, 344, 339, 332, 327, 324, 322, 327, 330, 330, 334, 339,
    344, 340, 336, 330, 325, 322, 322, 324, 333, 333, 338, 337, 342, 343,
    337, 334, 334, 330, 331, 325, 327, 327, 327, 328, 330, 335, 334, 339,
    340, 341, 343, 341, 342, 342, 343 ]
LHandPositionsY: [ 255, 254, 247, 228, 213, 190, 171, 151, 137, 135, 133,
    134, 136, 137, 136, 133, 131, 130, 126, 127, 125, 125, 130, 132, 135,
    132, 132, 132, 130, 125, 123, 121, 124, 127, 133, 135, 132, 132, 132,
    127, 127, 123, 122, 123, 127, 134, 130, 134, 131, 131, 129, 124, 122,
    122, 123, 126, 129, 130, 128, 130, 126, 124, 120, 118, 119, 118, 116,
    126, 137, 149, 160, 165, 162, 172, 187, 194, 202, 205, 212, 220, 222,
    228, 227, 231, 233, 236, 233, 235 ]
RHandPositionsX: [ 152, 155, 154, 156, 152, 152, 152, 153, 153, 156, 152,
    156, 155, 152, 152, 152, 152, 152, 152, 154, 155, 156, 156, 155, 153,
    152, 152, 156, 156, 155, 156, 156, 156, 155, 156, 154, 153, 153, 156,
    156, 154, 156, 156, 153, 155, 152, 156, 155, 154, 153, 154, 152, 155,
    155, 153, 152, 154, 153, 152, 154, 154, 154, 156, 152, 154, 155, 155,
    154, 152, 153, 154, 154, 156, 152, 152, 152, 152, 156, 152, 156, 153,
    156, 155, 152, 153, 154, 153, 152 ]
RHandPositionsY: [ 277, 276, 277, 279, 278, 275, 275, 274, 274, 274, 275,
    270, 274, 270, 273, 271, 268, 270, 271, 270, 269, 267, 267, 268, 265,
    266, 265, 265, 267, 265, 264, 263, 263, 264, 262, 262, 266, 265, 263,
    262, 264, 265, 261, 261, 260, 264, 263, 262, 261, 261, 264, 261, 260,
    263, 261, 260, 264, 263, 260, 263, 262, 263, 262, 263, 262, 263, 260,
    261, 260, 263, 260, 260, 260, 260, 261, 260, 261, 262, 261, 264, 261,
    260, 263, 261, 260, 260, 261, 263 ]
