%YAML:1.0
---
videoName: "LHShake10.mp4"
gestureLabel: 2
fps: 29
pixelSizeInCmTemp: 3.4214285714285714e-01
faceCenterPointX: 253
faceCenterPointY: 65
LHandPositionsX: [ 334, 334, 337, 335, 334, 336, 343, 350, 353, 357, 364,
    375, 383, 391, 397, 395, 396, 386, 376, 363, 357, 350, 353, 351, 359,
    369, 380, 389, 389, 394, 389, 386, 374, 364, 358, 358, 358, 364, 369,
    370, 373, 372, 371, 372, 368, 361, 353, 343, 346, 344, 348, 352, 362,
    374, 379, 380, 378, 372, 365, 356, 351, 351, 348, 347, 356, 365, 375,
    382, 377, 380, 375, 372, 366, 360, 357, 348, 345, 342, 340, 334, 336,
    334, 336, 333, 337, 337, 336, 333 ]
LHandPositionsY: [ 272, 272, 268, 270, 270, 270, 268, 260, 252, 240, 225,
    210, 193, 179, 168, 156, 140, 136, 135, 140, 145, 147, 145, 151, 150,
    148, 136, 139, 143, 139, 141, 142, 148, 151, 148, 149, 152, 149, 138,
    134, 135, 134, 131, 134, 129, 133, 139, 142, 144, 146, 145, 143, 140,
    143, 143, 139, 144, 144, 143, 147, 154, 152, 154, 150, 151, 149, 146,
    147, 147, 145, 150, 151, 156, 164, 172, 185, 194, 209, 220, 231, 243,
    253, 254, 254, 257, 255, 260, 258 ]
RHandPositionsX: [ 174, 174, 175, 173, 175, 172, 174, 172, 173, 175, 176,
    175, 172, 173, 172, 173, 174, 175, 175, 175, 171, 175, 172, 172, 172,
    174, 172, 175, 173, 173, 174, 173, 175, 172, 172, 175, 175, 173, 174,
    175, 172, 173, 174, 175, 171, 171, 172, 175, 173, 173, 175, 174, 175,
    173, 173, 173, 173, 175, 172, 175, 173, 174, 175, 174, 173, 171, 172,
    171, 171, 175, 175, 174, 174, 174, 173, 175, 175, 175, 175, 173, 171,
    172, 173, 174, 173, 171, 171, 174 ]
RHandPositionsY: [ 275, 275, 274, 278, 274, 277, 277, 277, 278, 276, 278,
    276, 275, 277, 277, 276, 275, 278, 277, 277, 276, 276, 275, 277, 277,
    277, 274, 278, 274, 278, 274, 277, 277, 277, 278, 277, 275, 276, 278,
    275, 274, 274, 277, 278, 276, 275, 277, 274, 278, 278, 278, 275, 275,
    274, 274, 278, 275, 278, 275, 274, 278, 276, 275, 275, 277, 276, 278,
    275, 274, 276, 277, 275, 277, 277, 277, 275, 275, 278, 274, 276, 276,
    274, 277, 274, 277, 274, 275, 275 ]
