%YAML:1.0
---
videoName: "LHShake23.mp4"
gestureLabel: 2
fps: 30
pixelSizeInCmTemp: 3.3263888888888887e-01
faceCenterPointX: 259
faceCenterPointY: 79
LHandPositionsX: [ 330, 333, 333, 330, 332, 333, 333, 332, 334, 335, 332,
    334, 341, 346, 349, 359, 369, 373, 375, 375, 379, 377, 375, 367, 358,
    352, 353, 353, 356, 362, 372, 378, 385, 385, 386, 381, 373, 360, 360,
    358, 362, 366, 376, 385, 382, 382, 378, 375, 364, 355, 355, 352, 354,
    365, 372, 383, 381, 382, 377, 372, 366, 356, 356, 358, 355, 364, 375,
    378, 377, 376, 380, 374, 370, 363, 355, 353, 346, 346, 342, 340, 336,
    336, 338, 336, 339, 338, 337, 336, 338, 333, 334 ]
LHandPositionsY: [ 263, 263, 265, 265, 263, 265, 265, 264, 263, 260, 260,
    252, 243, 233, 229, 212, 199, 199, 193, 185, 179, 173, 168, 168, 168,
    167, 167, 169, 169, 168, 165, 163, 159, 159, 161, 160, 165, 165, 163,
    162, 166, 164, 160, 158, 158, 161, 159, 159, 160, 166, 165, 164, 167,
    165, 164, 166, 162, 164, 163, 162, 168, 168, 166, 169, 170, 171, 169,
    168, 165, 169, 170, 173, 178, 186, 194, 204, 212, 225, 238, 251, 248,
    250, 249, 252, 253, 256, 252, 254, 256, 256, 253 ]
RHandPositionsX: [ 186, 182, 182, 183, 182, 183, 186, 184, 182, 182, 186,
    182, 186, 183, 184, 183, 182, 183, 182, 185, 184, 182, 185, 184, 186,
    186, 183, 183, 185, 182, 186, 183, 186, 182, 185, 183, 182, 183, 182,
    183, 186, 186, 184, 184, 186, 182, 185, 183, 185, 182, 185, 183, 182,
    185, 183, 182, 182, 184, 183, 184, 183, 184, 186, 184, 182, 183, 182,
    182, 184, 184, 182, 184, 185, 183, 182, 183, 182, 184, 184, 183, 182,
    186, 183, 185, 184, 184, 182, 182, 185, 182, 184 ]
RHandPositionsY: [ 274, 270, 271, 271, 270, 270, 270, 272, 271, 272, 270,
    273, 273, 273, 272, 270, 270, 271, 272, 271, 273, 271, 274, 273, 273,
    270, 272, 272, 270, 270, 271, 271, 271, 271, 274, 274, 272, 270, 273,
    271, 271, 271, 273, 273, 273, 272, 272, 274, 274, 271, 271, 274, 273,
    270, 273, 273, 270, 274, 271, 273, 274, 271, 273, 270, 274, 273, 270,
    273, 271, 274, 273, 270, 272, 271, 274, 270, 273, 273, 273, 271, 274,
    271, 270, 272, 270, 272, 274, 270, 272, 270, 273 ]
