%YAML:1.0
---
videoName: "LHShake10.mp4"
gestureLabel: 2
fps: 29
pixelSizeInCmTemp: 3.4214285714285714e-01
faceCenterPointX: 253
faceCenterPointY: 65
LHandPositionsX: [ 338, 338, 335, 336, 338, 338, 344, 348, 354, 357, 366,
    374, 382, 390, 395, 397, 394, 383, 376, 366, 356, 351, 349, 352, 362,
    370, 380, 390, 389, 394, 391, 387, 377, 365, 357, 356, 360, 366, 368,
    374, 373, 372, 374, 370, 368, 364, 352, 347, 344, 347, 347, 352, 359,
    373, 380, 382, 382, 376, 367, 353, 349, 351, 351, 349, 357, 365, 372,
    383, 377, 376, 379, 371, 369, 360, 353, 351, 343, 344, 337, 338, 333,
    335, 335, 333, 336, 333, 335, 336 ]
LHandPositionsY: [ 272, 271, 270, 272, 269, 268, 269, 262, 252, 239, 227,
    207, 192, 181, 166, 153, 141, 136, 135, 138, 145, 146, 147, 147, 148,
    147, 137, 139, 142, 143, 141, 145, 149, 147, 152, 148, 148, 146, 140,
    134, 131, 134, 133, 132, 132, 131, 137, 144, 145, 143, 146, 144, 140,
    140, 143, 139, 143, 146, 144, 148, 152, 153, 154, 150, 150, 148, 148,
    148, 146, 145, 148, 155, 156, 165, 172, 184, 196, 207, 218, 234, 243,
    252, 255, 256, 255, 258, 259, 260 ]
RHandPositionsX: [ 172, 176, 175, 172, 175, 172, 173, 173, 172, 175, 174,
    175, 173, 175, 175, 172, 175, 175, 171, 174, 172, 175, 173, 171, 175,
    173, 174, 174, 171, 175, 174, 171, 173, 174, 171, 175, 172, 173, 171,
    171, 174, 171, 171, 174, 175, 171, 171, 172, 174, 173, 175, 172, 172,
    172, 175, 172, 172, 175, 174, 174, 174, 175, 175, 174, 173, 173, 173,
    171, 174, 172, 171, 175, 175, 174, 175, 171, 173, 172, 173, 175, 172,
    174, 175, 175, 173, 171, 173, 173 ]
RHandPositionsY: [ 276, 274, 278, 275, 274, 277, 278, 275, 276, 278, 274,
    276, 275, 278, 275, 278, 277, 274, 278, 277, 278, 275, 278, 275, 277,
    274, 275, 276, 278, 278, 274, 277, 274, 274, 277, 274, 278, 274, 275,
    277, 276, 278, 277, 276, 275, 277, 276, 277, 277, 276, 274, 278, 278,
    278, 277, 278, 276, 275, 274, 276, 275, 278, 276, 275, 275, 277, 278,
    276, 275, 277, 277, 277, 276, 276, 276, 275, 277, 278, 276, 277, 276,
    275, 274, 277, 276, 276, 276, 277 ]
