%YAML:1.0
---
videoName: "LHShake04.mp4"
gestureLabel: 2
fps: 30
pixelSizeInCmTemp: 3.2808219178082193e-01
faceCenterPointX: 247
faceCenterPointY: 80
LHandPositionsX: [ 282, 284, 284, 282, 279, 281, 282, 280, 282, 282, 282,
    282, 280, 280, 280, 284, 289, 299, 307, 322, 334, 346, 357, 367, 373,
    369, 364, 359, 347, 342, 338, 336, 336, 341, 346, 361, 367, 368, 356,
    346, 342, 345, 343, 340, 349, 355, 356, 357, 354, 342, 341, 346, 343,
    350, 353, 356, 355, 352, 347, 345, 346, 348, 353, 359, 362, 367, 364,
    361, 354, 343, 333, 326, 313, 305, 300, 294, 292, 287, 288, 286, 286,
    289, 289, 286, 287, 288, 286, 290, 285, 287, 288 ]
LHandPositionsY: [ 268, 270, 272, 269, 268, 269, 271, 270, 272, 271, 271,
    270, 269, 272, 269, 265, 263, 251, 244, 229, 219, 205, 186, 173, 163,
    160, 156, 151, 137, 134, 133, 129, 126, 120, 118, 112, 108, 108, 113,
    116, 130, 126, 125, 127, 121, 118, 116, 114, 117, 119, 121, 123, 118,
    114, 115, 112, 110, 111, 115, 116, 115, 110, 106, 105, 107, 104, 106,
    111, 128, 143, 155, 170, 186, 198, 212, 223, 235, 241, 245, 247, 247,
    250, 249, 248, 249, 252, 251, 254, 253, 250, 251 ]
RHandPositionsX: [ 214, 214, 218, 214, 215, 214, 217, 218, 217, 214, 216,
    216, 215, 214, 216, 215, 214, 215, 217, 214, 214, 216, 218, 214, 214,
    215, 214, 218, 215, 218, 215, 216, 216, 218, 215, 217, 218, 217, 216,
    218, 218, 218, 218, 216, 217, 214, 218, 216, 215, 214, 217, 218, 216,
    217, 218, 218, 216, 216, 217, 217, 216, 216, 215, 215, 217, 214, 215,
    217, 214, 217, 217, 218, 217, 218, 218, 218, 216, 218, 218, 215, 216,
    214, 216, 215, 214, 218, 214, 216, 217, 214, 214 ]
RHandPositionsY: [ 270, 266, 269, 269, 270, 268, 269, 266, 270, 270, 269,
    268, 269, 267, 268, 268, 269, 266, 267, 268, 266, 266, 267, 267, 264,
    263, 264, 263, 265, 263, 264, 267, 267, 266, 263, 266, 263, 266, 262,
    265, 263, 266, 262, 265, 264, 262, 264, 264, 262, 262, 265, 265, 264,
    264, 264, 263, 264, 262, 262, 265, 263, 265, 265, 261, 265, 262, 261,
    264, 262, 264, 264, 261, 265, 265, 262, 261, 262, 263, 265, 261, 261,
    262, 262, 262, 265, 261, 265, 262, 263, 263, 263 ]
