%YAML:1.0
---
videoName: "LHShake21.mp4"
gestureLabel: 2
fps: 29
pixelSizeInCmTemp: 3.4214285714285714e-01
faceCenterPointX: 266
faceCenterPointY: 79
LHandPositionsX: [ 349, 351, 365, 373, 384, 396, 398, 408, 424, 414, 417,
    400, 391, 377, 372, 379, 372, 379, 387, 404, 399, 399, 397, 393, 386,
    375, 369, 371, 374, 371, 378, 393, 387, 386, 387, 384, 374, 373, 366,
    368, 367, 371, 376, 388, 386, 384, 398, 392, 380, 372, 365, 363, 363,
    369, 376, 377, 385, 383, 382, 388, 387, 379, 371, 365, 358, 348, 344,
    341, 337, 334, 334, 334, 335, 333, 332, 332, 333, 332, 332, 331, 330,
    334, 331, 331, 333, 332, 330, 331 ]
LHandPositionsY: [ 271, 266, 245, 228, 208, 191, 183, 170, 153, 150, 136,
    133, 135, 136, 130, 132, 128, 128, 129, 130, 131, 129, 130, 131, 138,
    132, 141, 142, 142, 138, 133, 134, 135, 133, 136, 134, 137, 145, 149,
    146, 145, 145, 142, 137, 137, 136, 136, 137, 141, 148, 152, 154, 154,
    154, 152, 143, 140, 139, 143, 148, 154, 160, 167, 177, 188, 201, 215,
    227, 236, 239, 243, 245, 252, 249, 250, 252, 253, 250, 250, 252, 253,
    251, 250, 254, 252, 250, 253, 254 ]
RHandPositionsX: [ 186, 187, 184, 188, 184, 184, 186, 188, 186, 188, 185,
    188, 184, 187, 185, 184, 184, 188, 187, 186, 185, 185, 185, 185, 185,
    188, 186, 184, 186, 187, 188, 185, 187, 188, 185, 185, 185, 187, 185,
    184, 184, 186, 185, 186, 184, 188, 187, 187, 187, 188, 188, 185, 186,
    186, 186, 185, 187, 186, 186, 188, 185, 186, 186, 184, 184, 185, 185,
    184, 184, 187, 187, 184, 187, 185, 186, 188, 184, 185, 188, 187, 186,
    187, 184, 185, 187, 185, 186, 185 ]
RHandPositionsY: [ 265, 266, 268, 268, 268, 267, 268, 268, 269, 266, 265,
    265, 266, 266, 265, 267, 266, 268, 267, 269, 267, 268, 267, 268, 266,
    265, 268, 267, 269, 267, 267, 267, 265, 265, 269, 268, 267, 267, 268,
    269, 265, 267, 269, 269, 266, 267, 268, 268, 265, 266, 265, 268, 265,
    266, 268, 269, 269, 266, 269, 269, 269, 269, 269, 266, 267, 266, 266,
    269, 265, 269, 266, 269, 269, 265, 266, 267, 266, 269, 266, 267, 269,
    267, 269, 269, 269, 268, 265, 265 ]
