%YAML:1.0
---
videoName: "LHShake14.mp4"
gestureLabel: 2
fps: 29
pixelSizeInCmTemp: 3.2808219178082193e-01
faceCenterPointX: 256
faceCenterPointY: 64
LHandPositionsX: [ 348, 351, 352, 356, 366, 380, 388, 388, 387, 378, 371,
    361, 360, 356, 363, 372, 384, 382, 385, 380, 373, 362, 355, 355, 351,
    359, 367, 379, 390, 386, 386, 378, 369, 357, 359, 354, 361, 372, 381,
    382, 381, 378, 371, 362, 359, 359, 359, 365, 371, 376, 375, 380, 371,
    366, 357, 347, 344, 338, 333, 332, 328, 328, 330, 328, 328, 329, 329,
    332, 330, 328, 330, 329, 330, 327, 328, 330, 330, 327, 328, 328, 331,
    329, 329, 328, 331, 329, 330, 330 ]
LHandPositionsY: [ 149, 146, 146, 143, 142, 141, 139, 143, 143, 140, 146,
    149, 149, 150, 148, 143, 141, 139, 137, 137, 138, 143, 144, 148, 146,
    148, 144, 143, 141, 144, 142, 140, 147, 145, 147, 146, 148, 144, 141,
    142, 142, 141, 143, 143, 141, 142, 140, 139, 139, 142, 141, 143, 148,
    155, 161, 166, 176, 186, 200, 210, 221, 234, 234, 237, 243, 245, 250,
    247, 248, 250, 249, 251, 251, 249, 250, 251, 252, 252, 250, 251, 251,
    250, 249, 251, 248, 248, 251, 251 ]
RHandPositionsX: [ 182, 184, 182, 180, 180, 182, 183, 181, 179, 179, 179,
    179, 179, 182, 179, 176, 177, 176, 180, 179, 177, 177, 179, 175, 175,
    175, 175, 176, 176, 175, 177, 178, 178, 176, 179, 175, 176, 175, 177,
    177, 179, 175, 177, 177, 178, 178, 176, 177, 176, 175, 176, 176, 179,
    176, 178, 179, 176, 178, 177, 175, 178, 175, 176, 177, 178, 177, 176,
    178, 178, 178, 176, 175, 176, 176, 177, 176, 175, 178, 175, 176, 179,
    179, 177, 178, 179, 179, 175, 178 ]
RHandPositionsY: [ 279, 280, 277, 275, 279, 279, 278, 279, 276, 275, 278,
    278, 276, 274, 276, 276, 276, 276, 276, 276, 276, 274, 273, 275, 275,
    274, 274, 273, 273, 274, 276, 275, 276, 277, 275, 274, 277, 274, 274,
    274, 273, 274, 274, 277, 277, 273, 273, 275, 275, 276, 277, 276, 277,
    274, 274, 274, 274, 274, 277, 276, 273, 274, 273, 277, 273, 274, 274,
    275, 276, 273, 277, 275, 275, 274, 275, 276, 276, 273, 275, 277, 276,
    273, 276, 277, 276, 277, 277, 277 ]
