%YAML:1.0
---
videoName: "LHShake22.mp4"
gestureLabel: 2
fps: 29
pixelSizeInCmTemp: 3.5220588235294115e-01
faceCenterPointX: 261
faceCenterPointY: 79
LHandPositionsX: [ 334, 345, 347, 354, 354, 356, 358, 354, 347, 338, 330,
    319, 321, 318, 321, 323, 328, 336, 344, 346, 345, 345, 339, 328, 321,
    324, 323, 326, 329, 336, 343, 342, 343, 336, 332, 321, 319, 318, 317,
    321, 328, 336, 335, 337, 336, 328, 323, 318, 322, 319, 321, 328, 336,
    342, 345, 343, 342, 334, 325, 317, 319, 316, 317, 325, 332, 335, 337,
    335, 333, 333, 328, 325, 320, 317, 318, 325, 324, 324, 327, 326, 325,
    323, 323, 324, 324, 327, 326, 325 ]
LHandPositionsY: [ 260, 254, 245, 236, 235, 221, 206, 205, 195, 187, 186,
    186, 185, 185, 184, 182, 177, 177, 175, 171, 174, 170, 171, 176, 176,
    179, 178, 177, 176, 174, 171, 173, 170, 172, 177, 179, 184, 182, 182,
    185, 180, 179, 175, 177, 177, 178, 179, 179, 182, 181, 179, 180, 178,
    178, 175, 178, 177, 178, 179, 184, 183, 182, 180, 182, 176, 180, 179,
    180, 182, 190, 196, 202, 211, 219, 232, 242, 242, 242, 247, 248, 249,
    246, 248, 251, 248, 249, 249, 250 ]
RHandPositionsX: [ 189, 193, 193, 192, 192, 190, 191, 191, 191, 193, 191,
    192, 191, 189, 193, 189, 193, 193, 191, 192, 191, 192, 189, 189, 190,
    190, 192, 192, 189, 193, 193, 192, 190, 192, 193, 190, 192, 189, 189,
    192, 189, 190, 192, 192, 192, 191, 190, 192, 192, 190, 191, 191, 189,
    193, 189, 190, 190, 190, 192, 191, 192, 191, 193, 190, 192, 191, 189,
    191, 189, 190, 189, 189, 191, 193, 191, 192, 191, 193, 193, 192, 189,
    192, 191, 192, 190, 189, 193, 191 ]
RHandPositionsY: [ 267, 269, 267, 266, 266, 269, 267, 269, 269, 270, 267,
    266, 270, 267, 267, 270, 268, 268, 270, 266, 269, 266, 267, 270, 267,
    268, 268, 267, 268, 269, 269, 266, 268, 269, 268, 267, 269, 268, 268,
    269, 266, 268, 268, 268, 266, 270, 268, 269, 267, 267, 270, 270, 268,
    268, 269, 267, 270, 269, 269, 270, 269, 269, 269, 268, 266, 270, 270,
    268, 269, 269, 268, 266, 267, 270, 270, 267, 270, 267, 269, 266, 269,
    270, 269, 270, 267, 268, 270, 266 ]
