%YAML:1.0
---
videoName: "LHShake21.mp4"
gestureLabel: 2
fps: 29
pixelSizeInCmTemp: 3.4214285714285714e-01
faceCenterPointX: 266
faceCenterPointY: 79
LHandPositionsX: [ 350, 351, 367, 371, 384, 392, 397, 408, 422, 416, 414,
    401, 389, 375, 374, 375, 374, 379, 386, 404, 399, 400, 394, 394, 383,
    375, 372, 374, 371, 372, 378, 391, 389, 385, 383, 382, 377, 372, 364,
    365, 367, 368, 374, 388, 387, 386, 395, 391, 380, 372, 364, 367, 365,
    369, 375, 377, 385, 384, 384, 389, 388, 379, 373, 364, 356, 352, 345,
    338, 335, 334, 335, 333, 334, 332, 334, 334, 330, 334, 334, 331, 332,
    330, 333, 334, 331, 332, 334, 332 ]
LHandPositionsY: [ 270, 264, 247, 227, 208, 194, 184, 169, 155, 153, 136,
    135, 133, 136, 130, 136, 131, 130, 130, 129, 131, 128, 130, 135, 138,
    134, 142, 141, 142, 138, 137, 134, 132, 136, 136, 136, 137, 144, 149,
    145, 148, 145, 142, 139, 137, 138, 136, 140, 143, 147, 151, 151, 154,
    152, 151, 144, 142, 142, 143, 148, 153, 162, 171, 179, 192, 202, 212,
    226, 237, 236, 243, 246, 251, 248, 249, 252, 251, 254, 250, 251, 251,
    251, 253, 250, 252, 251, 254, 252 ]
RHandPositionsX: [ 187, 187, 184, 188, 184, 186, 186, 186, 185, 188, 185,
    186, 185, 188, 186, 185, 185, 186, 186, 185, 188, 185, 186, 184, 185,
    185, 185, 186, 184, 186, 188, 184, 188, 187, 184, 187, 186, 188, 185,
    188, 188, 187, 184, 187, 186, 186, 185, 184, 184, 188, 187, 187, 188,
    188, 184, 188, 188, 185, 185, 184, 186, 184, 188, 188, 187, 186, 185,
    186, 188, 184, 186, 188, 185, 184, 184, 185, 184, 187, 186, 185, 187,
    185, 188, 187, 184, 187, 187, 184 ]
RHandPositionsY: [ 268, 269, 266, 266, 266, 268, 265, 268, 268, 265, 265,
    267, 268, 269, 269, 267, 266, 266, 267, 268, 267, 269, 267, 269, 268,
    265, 268, 268, 267, 269, 266, 267, 268, 265, 266, 267, 269, 268, 268,
    268, 267, 265, 268, 267, 266, 268, 265, 269, 266, 269, 265, 269, 265,
    267, 267, 266, 267, 266, 269, 267, 266, 266, 265, 266, 269, 265, 267,
    269, 265, 268, 269, 267, 265, 265, 266, 268, 269, 266, 266, 268, 269,
    265, 269, 267, 268, 269, 266, 269 ]
