%YAML:1.0
---
videoName: "LHShake07.mp4"
gestureLabel: 2
fps: 29
pixelSizeInCmTemp: 3.3732394366197183e-01
faceCenterPointX: 265
faceCenterPointY: 78
LHandPositionsX: [ 349, 347, 351, 356, 362, 367, 375, 388, 388, 392, 393,
    392, 382, 374, 352, 349, 341, 345, 338, 342, 351, 365, 367, 367, 368,
    365, 360, 345, 339, 345, 343, 349, 357, 357, 367, 370, 368, 362, 361,
    349, 343, 347, 347, 351, 357, 359, 363, 360, 366, 361, 339, 328, 335,
    334, 342, 353, 365, 373, 372, 378, 374, 366, 357, 348, 344, 339, 338,
    337, 336, 340, 339, 342, 343, 341, 344, 341, 341, 343, 340, 340, 342,
    344, 344, 341, 343, 340, 343, 342 ]
LHandPositionsY: [ 280, 275, 275, 267, 260, 249, 236, 217, 204, 191, 177,
    160, 149, 139, 141, 141, 146, 147, 145, 145, 144, 138, 136, 138, 135,
    138, 135, 137, 145, 141, 136, 132, 130, 133, 128, 122, 129, 130, 135,
    136, 145, 141, 144, 141, 135, 136, 137, 140, 131, 131, 135, 149, 142,
    139, 130, 131, 132, 133, 131, 129, 130, 135, 149, 157, 168, 181, 193,
    204, 217, 229, 239, 250, 250, 256, 256, 260, 260, 264, 266, 266, 268,
    266, 266, 268, 269, 268, 268, 268 ]
RHandPositionsX: [ 183, 181, 185, 184, 183, 181, 185, 182, 182, 184, 182,
    183, 184, 185, 185, 182, 185, 185, 181, 185, 181, 182, 185, 181, 185,
    183, 182, 184, 183, 184, 182, 184, 182, 183, 181, 184, 184, 182, 184,
    182, 183, 184, 183, 185, 184, 182, 185, 182, 183, 185, 184, 182, 184,
    183, 182, 184, 184, 184, 182, 181, 183, 185, 182, 181, 182, 185, 181,
    181, 184, 184, 183, 184, 182, 184, 182, 181, 182, 181, 183, 182, 185,
    181, 181, 183, 184, 184, 185, 181 ]
RHandPositionsY: [ 278, 279, 276, 277, 276, 277, 280, 277, 280, 279, 278,
    279, 277, 276, 276, 280, 278, 279, 280, 277, 280, 278, 280, 277, 276,
    276, 280, 276, 279, 278, 277, 278, 277, 280, 277, 280, 276, 279, 280,
    278, 278, 277, 277, 279, 279, 280, 279, 280, 276, 277, 277, 280, 276,
    279, 280, 277, 280, 278, 278, 277, 279, 279, 280, 276, 276, 280, 280,
    276, 276, 279, 279, 280, 276, 280, 279, 278, 279, 278, 276, 278, 280,
    278, 280, 280, 276, 280, 278, 277 ]
