%YAML:1.0
---
videoName: "LHShake01.mp4"
gestureLabel: 2
fps: 29
pixelSizeInCmTemp: 3.4214285714285714e-01
faceCenterPointX: 252
faceCenterPointY: 84
LHandPositionsX: [ 366, 367, 365, 363, 361, 355, 347, 340, 335, 332, 332,
    333, 338, 346, 351, 352, 355, 354, 350, 346, 346, 343, 339, 337, 337,
    337, 341, 346, 352, 349, 353, 349, 346, 341, 338, 336, 332, 334, 334,
    341, 345, 345, 347, 350, 350, 347, 343, 338, 334, 334, 331, 337, 335,
    342, 348, 351, 349, 348, 349, 348, 346, 340, 337, 332, 330, 329, 328,
    335, 331, 328, 329, 336, 337, 340, 342, 342, 346, 346, 349, 346, 347,
    349, 349, 349, 350, 351, 350, 350 ]
LHandPositionsY: [ 143, 140, 133, 129, 123, 118, 118, 119, 118, 120, 123,
    119, 123, 116, 111, 112, 109, 106, 110, 110, 109, 111, 112, 114, 111,
    114, 111, 109, 105, 108, 104, 108, 106, 109, 113, 113, 113, 113, 114,
    110, 107, 108, 106, 106, 103, 107, 108, 106, 107, 109, 108, 111, 110,
    105, 102, 102, 102, 103, 101, 101, 104, 102, 105, 120, 134, 140, 149,
    161, 165, 164, 171, 181, 190, 198, 205, 216, 220, 221, 220, 225, 228,
    229, 229, 231, 229, 228, 231, 228 ]
RHandPositionsX: [ 153, 157, 154, 154, 155, 154, 153, 157, 156, 156, 155,
    155, 154, 154, 157, 156, 156, 156, 155, 156, 154, 157, 156, 155, 156,
    157, 154, 155, 155, 154, 154, 155, 153, 157, 153, 156, 153, 155, 153,
    154, 154, 155, 153, 157, 154, 156, 155, 155, 154, 154, 157, 156, 154,
    153, 156, 156, 157, 156, 156, 155, 156, 157, 154, 157, 153, 156, 154,
    156, 153, 157, 157, 157, 153, 154, 156, 156, 155, 154, 157, 155, 154,
    157, 154, 154, 153, 157, 157, 153 ]
RHandPositionsY: [ 268, 270, 271, 269, 267, 269, 270, 268, 266, 268, 269,
    268, 267, 264, 267, 265, 265, 263, 264, 267, 266, 265, 264, 263, 263,
    263, 263, 265, 263, 262, 261, 264, 261, 261, 264, 262, 260, 261, 261,
    262, 262, 260, 261, 263, 263, 260, 260, 263, 262, 260, 261, 262, 263,
    259, 261, 259, 263, 260, 262, 259, 261, 263, 260, 262, 263, 259, 263,
    263, 262, 261, 259, 262, 263, 263, 263, 259, 260, 259, 261, 262, 263,
    262, 263, 262, 261, 261, 262, 261 ]
