%YAML:1.0
---
videoName: "LHShake17.mp4"
gestureLabel: 2
fps: 30
pixelSizeInCmTemp: 3.3732394366197183e-01
faceCenterPointX: 248
faceCenterPointY: 64
LHandPositionsX: [ 324, 322, 323, 324, 322, 323, 326, 325, 326, 336, 345,
    355, 366, 375, 390, 400, 407, 407, 404, 389, 375, 361, 351, 352, 353,
    357, 371, 381, 376, 381, 377, 363, 352, 347, 345, 349, 356, 363, 366,
    366, 368, 361, 355, 351, 351, 353, 366, 372, 378, 374, 376, 369, 364,
    351, 347, 346, 347, 352, 361, 364, 364, 369, 364, 357, 347, 343, 340,
    336, 337, 332, 333, 332, 332, 332, 329, 329, 330, 326, 328, 325, 326,
    325, 324, 324, 327, 325, 326, 324, 326, 326, 326 ]
LHandPositionsY: [ 247, 251, 248, 251, 249, 250, 247, 247, 245, 230, 215,
    201, 185, 172, 158, 143, 130, 123, 115, 113, 124, 130, 137, 136, 137,
    136, 121, 117, 117, 120, 119, 131, 134, 140, 140, 138, 125, 116, 116,
    119, 118, 114, 128, 132, 134, 136, 125, 120, 124, 123, 122, 122, 130,
    137, 141, 141, 137, 124, 123, 124, 124, 122, 121, 130, 137, 145, 151,
    160, 172, 181, 195, 205, 220, 220, 223, 230, 230, 237, 233, 234, 237,
    239, 240, 238, 235, 238, 239, 236, 235, 235, 235 ]
RHandPositionsX: [ 178, 180, 178, 176, 176, 177, 176, 179, 179, 177, 180,
    176, 179, 176, 178, 176, 178, 176, 179, 180, 178, 179, 178, 177, 179,
    178, 179, 178, 177, 177, 178, 175, 179, 178, 179, 175, 179, 179, 175,
    178, 175, 178, 174, 177, 174, 175, 177, 177, 177, 174, 175, 174, 176,
    178, 175, 176, 175, 177, 175, 174, 176, 178, 178, 177, 178, 175, 177,
    175, 176, 174, 176, 174, 176, 178, 174, 177, 176, 178, 174, 176, 174,
    177, 178, 174, 176, 175, 174, 174, 178, 175, 175 ]
RHandPositionsY: [ 256, 258, 256, 259, 258, 259, 256, 257, 257, 260, 258,
    256, 258, 258, 256, 256, 258, 258, 259, 257, 256, 257, 259, 257, 260,
    260, 259, 259, 260, 258, 257, 257, 256, 260, 258, 260, 259, 258, 256,
    256, 260, 260, 260, 257, 258, 256, 257, 259, 257, 260, 256, 256, 256,
    260, 256, 259, 258, 260, 260, 260, 257, 260, 257, 260, 256, 258, 258,
    260, 260, 259, 260, 260, 258, 258, 256, 259, 258, 260, 257, 258, 256,
    259, 256, 256, 256, 259, 256, 259, 260, 259, 256 ]
