%YAML:1.0
---
videoName: "LHShake15.mp4"
gestureLabel: 2
fps: 29
pixelSizeInCmTemp: 3.3263888888888887e-01
faceCenterPointX: 252
faceCenterPointY: 65
LHandPositionsX: [ 331, 328, 329, 327, 329, 330, 328, 332, 334, 331, 337,
    341, 349, 353, 359, 365, 370, 373, 379, 380, 380, 379, 368, 358, 349,
    340, 342, 340, 348, 353, 360, 360, 360, 359, 356, 346, 330, 330, 332,
    333, 345, 354, 354, 351, 351, 352, 350, 333, 330, 331, 329, 342, 351,
    355, 354, 350, 358, 356, 343, 334, 335, 332, 333, 341, 342, 350, 351,
    351, 348, 347, 339, 334, 327, 324, 321, 322, 321, 322, 324, 326, 325,
    324, 325, 324, 328, 324, 326, 327 ]
LHandPositionsY: [ 254, 255, 258, 255, 256, 258, 256, 257, 254, 253, 241,
    227, 215, 202, 185, 170, 154, 137, 119, 117, 117, 106, 105, 104, 103,
    104, 102, 102, 101, 98, 93, 92, 94, 93, 94, 95, 100, 97, 99, 94, 94,
    91, 98, 94, 97, 96, 100, 101, 101, 98, 95, 94, 92, 97, 97, 95, 97,
    102, 103, 98, 99, 100, 99, 99, 101, 102, 99, 101, 100, 101, 104, 121,
    135, 149, 167, 179, 195, 206, 220, 232, 230, 233, 239, 237, 240, 240,
    240, 241 ]
RHandPositionsX: [ 177, 179, 176, 175, 179, 175, 176, 177, 175, 179, 177,
    176, 175, 176, 175, 175, 175, 177, 176, 179, 175, 175, 179, 177, 177,
    178, 177, 179, 175, 175, 175, 179, 175, 179, 176, 176, 179, 175, 176,
    177, 178, 175, 179, 175, 179, 175, 177, 178, 179, 175, 178, 177, 179,
    178, 179, 178, 176, 175, 177, 177, 179, 178, 175, 176, 177, 176, 176,
    178, 176, 176, 176, 177, 178, 177, 176, 177, 175, 176, 179, 179, 177,
    177, 176, 178, 178, 177, 176, 178 ]
RHandPositionsY: [ 259, 258, 260, 259, 259, 257, 257, 261, 259, 259, 258,
    258, 261, 257, 261, 260, 258, 258, 257, 261, 260, 261, 258, 257, 260,
    257, 260, 259, 258, 259, 258, 261, 258, 260, 257, 259, 257, 259, 260,
    259, 260, 259, 257, 260, 261, 257, 261, 258, 260, 257, 259, 258, 259,
    261, 259, 259, 259, 259, 259, 257, 257, 260, 258, 261, 258, 260, 260,
    257, 261, 259, 257, 261, 259, 257, 261, 257, 258, 261, 261, 259, 260,
    258, 257, 260, 261, 258, 259, 259 ]
