%YAML:1.0
---
videoName: "LHShake13.mp4"
gestureLabel: 2
fps: 29
pixelSizeInCmTemp: 3.4214285714285714e-01
faceCenterPointX: 257
faceCenterPointY: 76
LHandPositionsX: [ 327, 326, 326, 325, 323, 327, 325, 323, 328, 329, 327,
    336, 343, 352, 363, 372, 378, 389, 389, 391, 384, 377, 364, 349, 344,
    345, 338, 345, 350, 358, 375, 368, 363, 365, 355, 346, 342, 342, 342,
    350, 360, 370, 368, 364, 360, 347, 343, 348, 342, 347, 357, 364, 364,
    363, 363, 354, 345, 345, 343, 344, 347, 356, 362, 370, 366, 361, 360,
    354, 347, 342, 333, 328, 323, 323, 326, 324, 326, 327, 325, 328, 325,
    325, 325, 327, 324, 326, 326, 324 ]
LHandPositionsY: [ 263, 261, 262, 261, 262, 261, 262, 263, 258, 260, 256,
    248, 238, 228, 212, 199, 185, 172, 166, 156, 153, 149, 152, 154, 156,
    156, 159, 154, 156, 148, 139, 142, 141, 148, 148, 153, 161, 159, 157,
    158, 155, 156, 152, 155, 159, 157, 162, 163, 164, 159, 157, 157, 158,
    155, 160, 163, 163, 165, 162, 161, 159, 156, 156, 152, 148, 149, 149,
    150, 154, 163, 168, 178, 194, 205, 221, 236, 246, 246, 244, 246, 245,
    246, 250, 247, 247, 249, 249, 246 ]
RHandPositionsX: [ 181, 185, 181, 184, 182, 185, 184, 184, 181, 183, 183,
    181, 185, 181, 183, 181, 185, 183, 182, 184, 184, 182, 184, 183, 182,
    181, 185, 181, 185, 181, 185, 181, 185, 184, 184, 182, 185, 183, 182,
    184, 182, 184, 185, 181, 182, 184, 185, 185, 184, 184, 183, 185, 184,
    182, 182, 181, 183, 185, 183, 181, 181, 182, 181, 181, 181, 182, 183,
    182, 184, 185, 185, 185, 185, 183, 185, 182, 182, 183, 185, 182, 183,
    184, 185, 184, 185, 185, 183, 183 ]
RHandPositionsY: [ 268, 269, 271, 268, 268, 269, 271, 270, 268, 270, 270,
    270, 268, 268, 270, 271, 270, 269, 268, 270, 269, 268, 270, 267, 267,
    271, 270, 267, 267, 270, 267, 271, 269, 268, 267, 267, 267, 271, 268,
    270, 267, 269, 267, 268, 269, 269, 268, 271, 267, 270, 267, 267, 267,
    271, 267, 267, 270, 271, 268, 267, 269, 270, 271, 271, 271, 270, 268,
    271, 269, 268, 271, 271, 270, 270, 267, 269, 271, 271, 267, 270, 267,
    267, 271, 270, 269, 267, 271, 269 ]
