%YAML:1.0
---
videoName: "LHShake24.mp4"
gestureLabel: 2
fps: 30
pixelSizeInCmTemp: 3.4214285714285714e-01
faceCenterPointX: 255
faceCenterPointY: 77
LHandPositionsX: [ 330, 326, 329, 330, 329, 330, 326, 330, 330, 331, 333,
    336, 341, 347, 353, 363, 367, 376, 382, 378, 380, 379, 371, 362, 349,
    342, 342, 339, 343, 350, 357, 369, 379, 375, 375, 375, 368, 359, 343,
    337, 340, 336, 343, 355, 366, 364, 365, 366, 363, 352, 345, 340, 339,
    338, 343, 353, 364, 374, 367, 372, 368, 364, 351, 345, 346, 342, 347,
    351, 359, 366, 367, 368, 368, 361, 349, 342, 337, 335, 330, 324, 324,
    323, 327, 325, 327, 328, 327, 325, 327, 327, 326 ]
LHandPositionsY: [ 264, 261, 263, 260, 263, 261, 262, 262, 262, 258, 258,
    254, 247, 237, 224, 207, 196, 181, 170, 173, 158, 152, 150, 152, 157,
    162, 162, 165, 160, 163, 156, 151, 148, 151, 150, 147, 144, 150, 152,
    156, 155, 156, 152, 151, 151, 148, 150, 148, 153, 154, 160, 165, 162,
    162, 162, 163, 161, 159, 159, 155, 158, 160, 158, 165, 165, 164, 164,
    161, 161, 160, 158, 159, 157, 160, 157, 161, 170, 180, 187, 196, 207,
    219, 230, 232, 235, 240, 243, 246, 249, 248, 250 ]
RHandPositionsX: [ 182, 183, 180, 181, 181, 183, 180, 179, 182, 183, 183,
    180, 181, 180, 180, 182, 179, 180, 181, 180, 180, 179, 183, 180, 179,
    182, 180, 181, 181, 183, 180, 182, 180, 180, 183, 181, 183, 181, 181,
    183, 182, 180, 180, 181, 181, 182, 182, 179, 182, 183, 182, 183, 179,
    183, 179, 183, 179, 181, 181, 182, 181, 181, 181, 179, 181, 182, 181,
    180, 180, 182, 182, 181, 180, 183, 179, 181, 180, 182, 180, 182, 183,
    182, 182, 181, 183, 179, 182, 183, 180, 179, 182 ]
RHandPositionsY: [ 268, 268, 267, 271, 268, 270, 271, 270, 268, 271, 267,
    271, 268, 271, 271, 270, 270, 271, 270, 270, 270, 267, 268, 270, 270,
    269, 270, 270, 269, 271, 267, 271, 268, 270, 269, 268, 267, 268, 267,
    269, 271, 270, 270, 268, 269, 271, 268, 271, 268, 268, 270, 269, 267,
    271, 268, 268, 267, 270, 267, 268, 269, 269, 269, 268, 268, 267, 270,
    270, 269, 270, 268, 269, 267, 271, 269, 269, 268, 267, 268, 271, 267,
    269, 268, 271, 271, 270, 267, 271, 271, 268, 269 ]
