%YAML:1.0
---
videoName: "LHShake15.mp4"
gestureLabel: 2
fps: 29
pixelSizeInCmTemp: 3.3263888888888887e-01
faceCenterPointX: 252
faceCenterPointY: 65
LHandPositionsX: [ 328, 330, 330, 327, 330, 329, 331, 328, 333, 331, 338,
    339, 345, 352, 356, 365, 368, 375, 380, 381, 380, 380, 364, 361, 348,
    340, 344, 340, 347, 353, 361, 362, 357, 359, 358, 346, 334, 331, 331,
    335, 347, 351, 357, 350, 352, 356, 348, 334, 329, 328, 328, 340, 352,
    354, 351, 354, 357, 353, 344, 334, 332, 332, 332, 342, 343, 351, 352,
    348, 350, 351, 340, 334, 327, 324, 324, 321, 321, 323, 324, 327, 326,
    325, 328, 328, 327, 328, 327, 324 ]
LHandPositionsY: [ 254, 255, 254, 254, 254, 258, 258, 256, 254, 251, 244,
    230, 214, 200, 184, 171, 155, 134, 123, 117, 118, 106, 101, 104, 106,
    106, 104, 98, 100, 97, 95, 94, 93, 94, 95, 95, 101, 100, 99, 96, 94,
    94, 97, 95, 96, 100, 101, 99, 102, 99, 98, 94, 94, 94, 95, 94, 94,
    100, 103, 102, 101, 102, 101, 96, 101, 99, 102, 102, 99, 102, 106,
    123, 135, 153, 167, 180, 193, 205, 220, 233, 234, 235, 237, 239, 240,
    239, 239, 244 ]
RHandPositionsX: [ 177, 179, 176, 179, 175, 175, 176, 175, 178, 176, 179,
    177, 175, 179, 175, 177, 176, 177, 178, 179, 179, 176, 179, 176, 177,
    175, 175, 176, 175, 179, 178, 176, 178, 178, 179, 179, 175, 179, 178,
    176, 176, 178, 176, 177, 178, 177, 176, 176, 176, 177, 175, 178, 176,
    177, 176, 179, 177, 177, 178, 178, 177, 175, 176, 179, 175, 177, 176,
    178, 177, 175, 179, 175, 178, 177, 179, 176, 177, 176, 176, 179, 179,
    179, 179, 179, 179, 178, 179, 177 ]
RHandPositionsY: [ 259, 260, 258, 259, 258, 260, 257, 260, 259, 259, 259,
    260, 259, 260, 260, 259, 259, 260, 261, 261, 260, 260, 261, 257, 259,
    257, 260, 261, 261, 258, 261, 260, 260, 260, 261, 260, 259, 260, 261,
    257, 258, 259, 259, 261, 257, 260, 261, 258, 257, 261, 257, 257, 258,
    260, 260, 259, 257, 257, 257, 261, 258, 260, 258, 257, 258, 257, 261,
    258, 260, 257, 261, 259, 260, 260, 257, 258, 257, 258, 260, 260, 258,
    260, 258, 258, 257, 261, 258, 258 ]
