%YAML:1.0
---
videoName: "LHShake22.mp4"
gestureLabel: 2
fps: 29
pixelSizeInCmTemp: 3.5220588235294115e-01
faceCenterPointX: 261
faceCenterPointY: 79
LHandPositionsX: [ 336, 343, 348, 356, 355, 358, 359, 355, 348, 335, 328,
    320, 319, 322, 320, 325, 332, 340, 345, 345, 346, 343, 336, 329, 322,
    323, 326, 327, 330, 336, 341, 340, 342, 335, 329, 321, 318, 317, 321,
    320, 326, 336, 337, 336, 334, 329, 323, 320, 318, 322, 323, 328, 335,
    342, 343, 343, 341, 333, 324, 320, 319, 314, 317, 322, 331, 338, 335,
    337, 334, 332, 326, 326, 320, 317, 320, 321, 322, 327, 324, 326, 324,
    326, 327, 324, 327, 325, 326, 323 ]
LHandPositionsY: [ 260, 255, 244, 237, 232, 222, 209, 204, 196, 188, 187,
    186, 184, 187, 182, 181, 179, 174, 171, 172, 173, 171, 172, 177, 180,
    180, 180, 179, 175, 171, 174, 173, 170, 173, 175, 179, 181, 182, 182,
    184, 179, 179, 174, 176, 173, 174, 177, 180, 179, 183, 182, 181, 176,
    176, 177, 176, 178, 178, 180, 183, 180, 180, 179, 179, 176, 178, 179,
    181, 184, 187, 195, 200, 211, 219, 228, 242, 242, 246, 249, 246, 246,
    247, 248, 250, 251, 248, 251, 250 ]
RHandPositionsX: [ 193, 190, 192, 191, 192, 191, 189, 191, 190, 189, 190,
    193, 192, 191, 193, 193, 193, 190, 193, 192, 190, 190, 190, 193, 192,
    191, 192, 193, 191, 190, 193, 191, 190, 191, 190, 190, 189, 192, 190,
    191, 191, 192, 192, 192, 190, 189, 190, 193, 189, 193, 191, 192, 191,
    191, 190, 193, 189, 189, 192, 189, 190, 191, 191, 190, 189, 192, 189,
    193, 192, 193, 193, 192, 190, 191, 193, 191, 192, 193, 193, 193, 193,
    190, 189, 193, 191, 193, 192, 189 ]
RHandPositionsY: [ 269, 268, 267, 269, 266, 268, 269, 270, 268, 270, 266,
    268, 269, 270, 268, 270, 267, 270, 269, 267, 267, 269, 267, 269, 270,
    270, 267, 269, 266, 267, 266, 269, 267, 267, 266, 269, 270, 270, 269,
    269, 267, 270, 269, 268, 266, 267, 269, 268, 270, 270, 268, 270, 266,
    267, 270, 270, 270, 266, 268, 268, 269, 269, 270, 269, 270, 268, 270,
    268, 270, 269, 267, 269, 269, 266, 268, 267, 269, 269, 267, 269, 268,
    268, 268, 266, 270, 266, 267, 267 ]
