%YAML:1.0
---
videoName: "LHShake14.mp4"
gestureLabel: 2
fps: 29
pixelSizeInCmTemp: 3.2808219178082193e-01
faceCenterPointX: 256
faceCenterPointY: 64
LHandPositionsX: [ 351, 355, 348, 356, 368, 381, 392, 391, 386, 380, 371,
    358, 361, 356, 359, 369, 383, 384, 385, 381, 375, 365, 356, 356, 354,
    358, 370, 381, 386, 384, 386, 379, 366, 359, 358, 356, 363, 370, 383,
    382, 381, 380, 371, 359, 358, 360, 357, 364, 372, 378, 379, 377, 374,
    365, 358, 349, 342, 336, 333, 328, 330, 328, 330, 330, 328, 329, 331,
    331, 331, 332, 331, 329, 328, 327, 330, 328, 329, 327, 331, 329, 329,
    328, 330, 331, 329, 330, 328, 330 ]
LHandPositionsY: [ 149, 144, 148, 143, 143, 139, 141, 142, 143, 142, 145,
    148, 150, 150, 147, 146, 138, 139, 138, 140, 139, 145, 145, 146, 149,
    147, 146, 141, 140, 140, 142, 140, 147, 146, 146, 147, 146, 143, 141,
    143, 145, 139, 142, 141, 142, 143, 141, 142, 139, 143, 142, 146, 148,
    152, 160, 169, 178, 186, 197, 208, 223, 232, 235, 236, 240, 246, 248,
    247, 247, 252, 253, 251, 252, 252, 251, 251, 248, 251, 251, 249, 251,
    248, 250, 250, 248, 249, 248, 249 ]
RHandPositionsX: [ 182, 184, 181, 181, 182, 181, 180, 183, 179, 183, 178,
    178, 178, 178, 178, 180, 179, 178, 178, 179, 175, 176, 176, 175, 179,
    177, 175, 179, 176, 176, 177, 176, 175, 178, 177, 175, 176, 179, 179,
    180, 178, 176, 178, 179, 175, 178, 175, 176, 175, 176, 175, 176, 176,
    179, 178, 177, 178, 178, 179, 175, 177, 178, 176, 175, 177, 179, 177,
    179, 175, 175, 177, 178, 179, 176, 178, 177, 177, 178, 177, 178, 175,
    177, 177, 179, 178, 177, 177, 179 ]
RHandPositionsY: [ 279, 280, 278, 275, 278, 275, 275, 277, 279, 279, 275,
    278, 278, 278, 276, 277, 275, 277, 273, 274, 277, 276, 274, 273, 277,
    275, 277, 274, 276, 275, 273, 274, 275, 276, 276, 273, 275, 277, 276,
    276, 273, 274, 274, 277, 275, 275, 277, 277, 276, 274, 276, 273, 275,
    276, 275, 276, 276, 276, 275, 275, 276, 277, 273, 275, 273, 277, 273,
    276, 277, 276, 274, 274, 275, 276, 275, 277, 277, 273, 276, 273, 276,
    274, 276, 274, 277, 274, 273, 274 ]
