%YAML:1.0
---
videoName: "LHShake12.mp4"
gestureLabel: 2
fps: 29
pixelSizeInCmTemp: 3.3263888888888887e-01
faceCenterPointX: 259
faceCenterPointY: 64
LHandPositionsX: [ 367, 358, 347, 347, 345, 347, 353, 363, 375, 380, 382,
    378, 373, 366, 355, 347, 347, 343, 346, 353, 367, 374, 375, 378, 376,
    372, 360, 349, 341, 339, 338, 340, 348, 359, 371, 372, 369, 374, 368,
    360, 346, 340, 346, 344, 347, 355, 363, 368, 365, 370, 366, 356, 345,
    341, 340, 338, 340, 346, 356, 365, 367, 369, 369, 365, 352, 341, 336,
    326, 322, 316, 317, 317, 318, 325, 329, 329, 331, 333, 333, 336, 333,
    334, 334, 335, 334, 335, 333, 337 ]
LHandPositionsY: [ 167, 161, 163, 164, 164, 157, 156, 157, 149, 153, 152,
    152, 150, 155, 157, 157, 158, 159, 155, 154, 150, 148, 148, 148, 142,
    145, 147, 146, 154, 155, 155, 152, 152, 149, 148, 149, 147, 148, 146,
    150, 154, 155, 155, 154, 153, 154, 154, 150, 149, 147, 149, 152, 151,
    157, 159, 156, 156, 153, 147, 147, 143, 147, 146, 147, 149, 153, 162,
    170, 178, 185, 195, 211, 227, 233, 246, 245, 249, 251, 256, 256, 254,
    256, 257, 259, 257, 255, 257, 255 ]
RHandPositionsX: [ 178, 178, 178, 174, 175, 175, 174, 176, 178, 178, 178,
    174, 175, 178, 178, 176, 177, 176, 174, 174, 177, 174, 178, 174, 177,
    176, 177, 174, 174, 174, 178, 177, 176, 177, 175, 178, 177, 175, 174,
    174, 175, 178, 177, 177, 177, 177, 175, 174, 174, 178, 175, 177, 177,
    176, 175, 174, 174, 175, 176, 177, 178, 174, 174, 178, 175, 176, 174,
    177, 174, 175, 174, 177, 174, 178, 176, 178, 175, 178, 177, 174, 174,
    176, 175, 175, 174, 178, 174, 175 ]
RHandPositionsY: [ 271, 273, 273, 274, 271, 271, 274, 275, 273, 272, 273,
    274, 271, 272, 275, 273, 275, 272, 275, 274, 273, 271, 271, 272, 273,
    273, 273, 272, 273, 271, 273, 271, 271, 275, 271, 275, 274, 273, 271,
    272, 273, 275, 272, 275, 274, 275, 275, 272, 273, 275, 273, 273, 274,
    274, 271, 275, 272, 275, 272, 272, 271, 275, 274, 275, 273, 274, 272,
    272, 272, 275, 274, 271, 274, 273, 274, 274, 273, 274, 271, 275, 275,
    275, 271, 274, 271, 275, 271, 274 ]
