%YAML:1.0
---
videoName: "LHShake23.mp4"
gestureLabel: 2
fps: 30
pixelSizeInCmTemp: 3.3263888888888887e-01
faceCenterPointX: 259
faceCenterPointY: 79
LHandPositionsX: [ 334, 332, 333, 332, 332, 331, 333, 332, 334, 332, 333,
    334, 340, 347, 347, 362, 367, 373, 376, 379, 381, 379, 376, 367, 357,
    351, 355, 354, 357, 362, 371, 381, 384, 382, 385, 377, 372, 360, 361,
    361, 363, 366, 377, 383, 385, 383, 381, 372, 361, 358, 357, 353, 358,
    364, 371, 381, 382, 378, 381, 373, 368, 358, 355, 359, 355, 365, 372,
    380, 380, 378, 380, 375, 368, 362, 358, 351, 348, 345, 342, 339, 336,
    336, 336, 336, 337, 335, 334, 334, 335, 333, 333 ]
LHandPositionsY: [ 262, 266, 265, 265, 263, 266, 264, 265, 261, 261, 259,
    250, 242, 229, 228, 211, 202, 195, 191, 185, 183, 170, 167, 164, 169,
    167, 170, 171, 169, 167, 161, 160, 159, 159, 157, 160, 163, 162, 164,
    164, 164, 164, 162, 160, 157, 157, 161, 159, 162, 162, 164, 166, 165,
    166, 166, 164, 166, 163, 162, 164, 166, 166, 170, 168, 169, 172, 168,
    168, 165, 166, 167, 172, 175, 183, 193, 200, 212, 225, 240, 249, 251,
    251, 253, 253, 252, 256, 255, 256, 254, 252, 256 ]
RHandPositionsX: [ 186, 185, 183, 186, 185, 186, 185, 185, 183, 185, 184,
    183, 186, 183, 184, 186, 182, 183, 183, 183, 183, 185, 185, 182, 182,
    186, 182, 182, 185, 186, 185, 186, 184, 184, 183, 184, 182, 185, 185,
    185, 185, 183, 183, 182, 182, 186, 183, 182, 182, 186, 184, 184, 183,
    184, 186, 182, 185, 185, 184, 183, 185, 184, 185, 186, 186, 184, 186,
    186, 186, 182, 186, 186, 183, 186, 186, 182, 186, 186, 185, 184, 183,
    183, 186, 185, 185, 185, 183, 182, 186, 185, 184 ]
RHandPositionsY: [ 272, 271, 270, 273, 271, 272, 271, 274, 270, 274, 274,
    272, 272, 271, 274, 272, 270, 271, 271, 273, 271, 273, 271, 272, 271,
    274, 271, 274, 274, 272, 271, 272, 271, 270, 272, 273, 273, 272, 274,
    272, 272, 271, 273, 271, 270, 270, 273, 270, 271, 271, 271, 271, 273,
    272, 271, 271, 273, 274, 270, 270, 274, 270, 270, 273, 274, 271, 273,
    274, 273, 273, 273, 270, 271, 274, 274, 272, 270, 274, 271, 273, 273,
    274, 273, 271, 272, 272, 273, 270, 273, 270, 270 ]
