%YAML:1.0
---
videoName: "LHShake09.mp4"
gestureLabel: 2
fps: 29
pixelSizeInCmTemp: 3.3263888888888887e-01
faceCenterPointX: 259
faceCenterPointY: 67
LHandPositionsX: [ 336, 336, 337, 338, 343, 344, 348, 353, 351, 356, 357,
    365, 368, 368, 367, 363, 358, 352, 341, 331, 333, 331, 331, 329, 337,
    345, 349, 349, 347, 348, 352, 348, 342, 338, 337, 337, 339, 343, 353,
    360, 366, 363, 367, 361, 357, 346, 338, 336, 336, 337, 339, 344, 351,
    353, 356, 357, 357, 348, 341, 333, 335, 337, 335, 337, 342, 351, 352,
    355, 355, 355, 348, 342, 335, 331, 325, 321, 316, 319, 320, 327, 325,
    326, 329, 330, 332, 331, 333, 333 ]
LHandPositionsY: [ 273, 273, 275, 274, 271, 272, 266, 258, 248, 237, 234,
    216, 202, 198, 185, 172, 165, 164, 159, 157, 158, 159, 155, 153, 150,
    151, 148, 145, 148, 146, 150, 151, 152, 154, 154, 154, 154, 153, 154,
    153, 151, 151, 153, 156, 154, 154, 155, 157, 157, 153, 155, 152, 152,
    150, 151, 152, 151, 153, 149, 154, 153, 153, 154, 155, 155, 151, 152,
    152, 152, 152, 152, 153, 160, 173, 179, 192, 208, 220, 230, 241, 245,
    250, 253, 255, 258, 258, 260, 259 ]
RHandPositionsX: [ 179, 178, 177, 179, 178, 177, 179, 177, 176, 179, 178,
    180, 177, 178, 176, 180, 177, 177, 177, 180, 180, 179, 179, 176, 179,
    179, 180, 178, 180, 176, 177, 178, 177, 178, 178, 176, 177, 178, 179,
    177, 178, 180, 176, 179, 178, 179, 176, 180, 180, 177, 177, 180, 177,
    177, 176, 180, 176, 177, 180, 179, 178, 176, 176, 176, 179, 178, 176,
    180, 179, 178, 179, 177, 176, 178, 179, 178, 177, 178, 177, 177, 178,
    178, 177, 177, 176, 176, 178, 179 ]
RHandPositionsY: [ 278, 279, 277, 277, 279, 275, 277, 277, 276, 276, 277,
    278, 278, 275, 276, 279, 277, 277, 279, 278, 276, 279, 275, 277, 275,
    279, 275, 278, 277, 279, 279, 277, 275, 275, 277, 277, 275, 276, 277,
    276, 275, 275, 278, 276, 279, 279, 279, 276, 275, 278, 277, 276, 276,
    276, 279, 278, 278, 276, 279, 276, 276, 275, 275, 277, 276, 279, 277,
    279, 275, 278, 277, 277, 278, 276, 277, 275, 276, 276, 277, 275, 277,
    276, 276, 276, 275, 275, 275, 278 ]
