%YAML:1.0
---
videoName: "LHShake23.mp4"
gestureLabel: 2
fps: 30
pixelSizeInCmTemp: 3.3263888888888887e-01
faceCenterPointX: 259
faceCenterPointY: 79
LHandPositionsX: [ 334, 331, 333, 333, 331, 330, 330, 330, 332, 335, 332,
    335, 339, 345, 349, 361, 368, 369, 373, 379, 379, 378, 375, 369, 359,
    351, 352, 353, 353, 364, 370, 379, 387, 383, 386, 379, 369, 363, 361,
    362, 361, 367, 379, 383, 385, 384, 382, 375, 365, 357, 354, 352, 355,
    363, 371, 381, 379, 382, 377, 372, 364, 355, 358, 358, 356, 366, 372,
    380, 376, 378, 379, 375, 371, 365, 358, 350, 346, 345, 339, 339, 339,
    336, 337, 338, 338, 335, 335, 338, 338, 336, 337 ]
LHandPositionsY: [ 263, 262, 263, 262, 265, 265, 262, 262, 261, 261, 260,
    253, 243, 229, 229, 213, 198, 199, 195, 186, 180, 171, 168, 165, 167,
    170, 169, 169, 167, 167, 164, 159, 157, 159, 158, 161, 163, 165, 164,
    165, 165, 162, 164, 160, 158, 158, 161, 158, 159, 163, 163, 164, 169,
    168, 163, 164, 163, 164, 164, 164, 166, 167, 170, 166, 169, 168, 166,
    167, 166, 167, 167, 174, 176, 185, 194, 200, 211, 226, 239, 249, 250,
    249, 250, 252, 254, 252, 256, 254, 254, 252, 253 ]
RHandPositionsX: [ 185, 182, 182, 184, 186, 184, 184, 182, 182, 183, 182,
    184, 184, 186, 184, 185, 186, 185, 183, 184, 183, 186, 183, 186, 184,
    185, 183, 185, 186, 184, 182, 182, 184, 183, 184, 185, 186, 185, 185,
    186, 184, 184, 184, 184, 185, 184, 185, 184, 183, 185, 185, 184, 186,
    184, 185, 183, 182, 186, 183, 183, 182, 184, 182, 186, 185, 183, 183,
    183, 183, 186, 182, 186, 185, 184, 183, 182, 184, 185, 184, 183, 182,
    184, 183, 183, 183, 186, 184, 184, 183, 183, 182 ]
RHandPositionsY: [ 273, 272, 274, 270, 272, 272, 274, 273, 270, 274, 270,
    271, 273, 274, 274, 272, 270, 274, 270, 271, 272, 273, 274, 272, 274,
    274, 274, 272, 273, 272, 274, 273, 273, 274, 270, 274, 273, 273, 274,
    272, 273, 274, 271, 271, 271, 274, 274, 272, 270, 271, 274, 272, 272,
    270, 273, 274, 273, 270, 272, 274, 274, 270, 270, 273, 272, 272, 274,
    270, 271, 271, 274, 274, 270, 273, 274, 274, 271, 272, 274, 271, 274,
    274, 273, 270, 274, 273, 270, 270, 270, 272, 274 ]
