%YAML:1.0
---
videoName: "LHShake00.mp4"
gestureLabel: 2
fps: 29
pixelSizeInCmTemp: 3.4214285714285714e-01
faceCenterPointX: 252
faceCenterPointY: 85
LHandPositionsX: [ 353, 349, 352, 350, 352, 359, 361, 358, 350, 345, 336,
    325, 325, 322, 324, 322, 327, 331, 336, 335, 340, 336, 333, 324, 323,
    326, 327, 331, 333, 340, 336, 342, 341, 331, 324, 325, 325, 325, 332,
    338, 338, 344, 340, 340, 334, 325, 323, 325, 328, 328, 330, 335, 337,
    344, 343, 337, 330, 323, 325, 323, 328, 331, 332, 336, 336, 340, 343,
    338, 334, 332, 329, 327, 324, 329, 331, 327, 329, 332, 335, 335, 337,
    338, 338, 341, 340, 343, 342, 342 ]
LHandPositionsY: [ 259, 252, 246, 229, 209, 189, 169, 153, 135, 133, 135,
    137, 137, 134, 135, 133, 131, 129, 127, 128, 126, 127, 128, 134, 131,
    132, 131, 131, 128, 124, 125, 120, 122, 129, 135, 134, 134, 136, 132,
    128, 126, 123, 124, 122, 128, 132, 131, 130, 132, 130, 130, 126, 122,
    120, 124, 128, 127, 129, 131, 127, 127, 122, 124, 118, 122, 121, 119,
    126, 137, 148, 159, 166, 163, 173, 187, 190, 198, 209, 211, 217, 223,
    228, 228, 231, 236, 234, 235, 234 ]
RHandPositionsX: [ 152, 154, 154, 153, 156, 153, 154, 156, 156, 153, 155,
    154, 156, 156, 155, 155, 155, 155, 154, 154, 152, 154, 152, 154, 155,
    154, 152, 153, 155, 152, 155, 155, 153, 156, 152, 156, 153, 154, 152,
    153, 155, 155, 155, 155, 152, 156, 155, 152, 154, 154, 154, 156, 154,
    153, 155, 154, 156, 156, 153, 152, 154, 156, 152, 156, 155, 153, 152,
    152, 156, 152, 154, 153, 153, 153, 155, 152, 153, 154, 155, 155, 152,
    154, 153, 152, 153, 155, 153, 156 ]
RHandPositionsY: [ 277, 279, 277, 277, 276, 275, 277, 275, 274, 275, 272,
    270, 272, 272, 270, 272, 272, 269, 269, 269, 269, 267, 267, 268, 265,
    265, 266, 267, 265, 264, 266, 264, 266, 264, 263, 265, 263, 265, 261,
    264, 261, 263, 263, 262, 262, 262, 263, 262, 262, 261, 263, 262, 263,
    264, 264, 263, 264, 262, 261, 263, 262, 263, 264, 262, 261, 263, 263,
    261, 262, 260, 260, 260, 261, 263, 261, 261, 260, 260, 261, 261, 263,
    261, 261, 263, 264, 260, 264, 264 ]
