%YAML:1.0
---
videoName: "LHShake17.mp4"
gestureLabel: 2
fps: 30
pixelSizeInCmTemp: 3.3732394366197183e-01
faceCenterPointX: 248
faceCenterPointY: 64
LHandPositionsX: [ 321, 321, 324, 323, 324, 326, 323, 324, 328, 336, 345,
    355, 367, 374, 389, 396, 407, 410, 401, 387, 373, 358, 352, 353, 353,
    359, 371, 382, 377, 383, 376, 363, 351, 346, 348, 349, 356, 365, 366,
    368, 368, 363, 357, 349, 353, 355, 364, 373, 378, 374, 372, 368, 362,
    353, 347, 348, 348, 355, 361, 366, 361, 367, 365, 356, 348, 343, 341,
    339, 334, 336, 333, 331, 333, 330, 328, 330, 328, 327, 327, 327, 324,
    327, 328, 324, 325, 324, 324, 324, 324, 325, 325 ]
LHandPositionsY: [ 250, 248, 247, 250, 251, 247, 248, 248, 245, 233, 216,
    203, 185, 173, 160, 146, 130, 119, 112, 114, 121, 132, 136, 137, 138,
    133, 121, 119, 117, 117, 118, 129, 138, 142, 140, 140, 124, 118, 120,
    119, 119, 113, 128, 136, 134, 134, 123, 119, 122, 124, 120, 119, 131,
    136, 141, 141, 138, 126, 124, 126, 127, 121, 119, 129, 138, 143, 150,
    160, 173, 184, 196, 208, 219, 219, 223, 226, 231, 235, 236, 237, 234,
    236, 236, 238, 238, 238, 236, 238, 236, 237, 238 ]
RHandPositionsX: [ 176, 176, 179, 176, 176, 178, 178, 176, 176, 176, 176,
    177, 176, 178, 176, 179, 176, 178, 177, 179, 177, 178, 179, 178, 177,
    180, 179, 175, 177, 179, 177, 179, 176, 175, 178, 175, 175, 176, 176,
    175, 177, 174, 175, 175, 174, 178, 176, 178, 178, 178, 175, 175, 174,
    178, 175, 177, 178, 177, 174, 176, 175, 175, 178, 178, 177, 177, 176,
    176, 176, 175, 177, 178, 176, 175, 174, 175, 178, 178, 174, 178, 178,
    177, 177, 174, 177, 178, 176, 175, 178, 175, 176 ]
RHandPositionsY: [ 256, 258, 258, 257, 257, 259, 257, 256, 260, 258, 257,
    257, 257, 258, 256, 258, 258, 259, 256, 256, 257, 258, 260, 260, 259,
    256, 259, 258, 257, 258, 258, 260, 258, 259, 256, 260, 260, 259, 258,
    256, 256, 256, 260, 256, 260, 258, 259, 258, 256, 259, 260, 260, 257,
    258, 258, 257, 256, 257, 260, 260, 259, 257, 258, 260, 259, 256, 257,
    256, 260, 259, 256, 260, 256, 260, 258, 259, 258, 258, 260, 257, 256,
    256, 258, 257, 260, 256, 258, 258, 256, 256, 257 ]
