%YAML:1.0
---
videoName: "LHShake05.mp4"
gestureLabel: 2
fps: 30
pixelSizeInCmTemp: 3.2364864864864862e-01
faceCenterPointX: 252
faceCenterPointY: 81
LHandPositionsX: [ 295, 293, 293, 295, 294, 292, 292, 292, 295, 291, 293,
    294, 303, 310, 320, 332, 343, 341, 343, 340, 339, 337, 330, 331, 330,
    334, 332, 336, 341, 345, 346, 338, 329, 324, 327, 325, 327, 331, 335,
    338, 339, 332, 322, 320, 321, 324, 327, 333, 338, 340, 334, 330, 326,
    325, 322, 328, 330, 335, 341, 335, 334, 333, 329, 329, 333, 336, 340,
    337, 342, 338, 333, 325, 322, 317, 311, 305, 303, 299, 299, 297, 297,
    297, 296, 295, 295, 291, 293, 292, 291, 294, 296 ]
LHandPositionsY: [ 267, 270, 266, 266, 270, 265, 268, 265, 263, 255, 240,
    225, 210, 197, 187, 172, 164, 162, 158, 155, 152, 156, 153, 157, 156,
    152, 147, 145, 141, 137, 132, 137, 146, 147, 143, 145, 145, 141, 140,
    135, 135, 139, 142, 142, 145, 141, 139, 136, 132, 133, 138, 139, 139,
    140, 142, 142, 139, 139, 138, 137, 140, 141, 144, 145, 142, 139, 139,
    137, 137, 141, 140, 150, 162, 169, 179, 188, 197, 207, 217, 226, 235,
    235, 239, 245, 244, 248, 249, 250, 254, 254, 257 ]
RHandPositionsX: [ 214, 212, 212, 212, 214, 214, 211, 214, 212, 214, 213,
    210, 212, 209, 212, 212, 211, 210, 209, 210, 209, 209, 209, 210, 208,
    208, 207, 207, 207, 206, 206, 206, 207, 209, 207, 209, 208, 208, 206,
    208, 206, 207, 210, 210, 209, 209, 209, 208, 208, 207, 210, 208, 206,
    209, 210, 210, 207, 208, 206, 210, 209, 206, 208, 208, 206, 208, 206,
    210, 210, 209, 209, 207, 209, 210, 210, 210, 206, 209, 206, 209, 208,
    208, 209, 208, 207, 210, 209, 210, 211, 208, 209 ]
RHandPositionsY: [ 263, 263, 265, 262, 263, 262, 265, 262, 265, 266, 265,
    265, 265, 264, 266, 266, 262, 266, 263, 262, 265, 264, 262, 264, 266,
    263, 266, 262, 263, 264, 266, 266, 263, 264, 265, 264, 262, 261, 265,
    261, 261, 265, 263, 264, 264, 264, 261, 261, 265, 263, 262, 265, 263,
    261, 263, 261, 264, 265, 265, 265, 265, 265, 264, 263, 262, 265, 265,
    265, 262, 265, 264, 265, 263, 264, 261, 262, 263, 264, 262, 264, 264,
    263, 265, 262, 261, 265, 262, 261, 264, 264, 263 ]
