%YAML:1.0
---
videoName: "LHShake22.mp4"
gestureLabel: 2
fps: 29
pixelSizeInCmTemp: 3.5220588235294115e-01
faceCenterPointX: 261
faceCenterPointY: 79
LHandPositionsX: [ 338, 343, 347, 355, 355, 358, 358, 352, 344, 338, 329,
    321, 320, 318, 320, 324, 329, 339, 344, 342, 344, 344, 338, 331, 323,
    323, 326, 325, 332, 340, 342, 341, 344, 338, 331, 324, 319, 316, 317,
    321, 328, 334, 336, 335, 334, 328, 326, 319, 321, 318, 323, 330, 335,
    344, 344, 345, 342, 333, 326, 317, 318, 316, 318, 326, 332, 339, 335,
    337, 337, 329, 330, 326, 321, 318, 321, 324, 325, 323, 326, 326, 326,
    324, 326, 323, 323, 323, 326, 326 ]
LHandPositionsY: [ 262, 254, 247, 236, 234, 218, 205, 205, 194, 190, 187,
    187, 185, 187, 184, 181, 178, 174, 172, 171, 170, 170, 175, 175, 177,
    176, 177, 177, 176, 175, 172, 172, 170, 174, 176, 181, 181, 180, 185,
    184, 179, 178, 178, 177, 175, 178, 177, 181, 183, 180, 183, 183, 179,
    177, 178, 176, 178, 176, 180, 183, 180, 180, 180, 179, 179, 177, 179,
    181, 184, 191, 195, 202, 212, 219, 231, 238, 243, 246, 247, 246, 245,
    249, 248, 249, 251, 247, 250, 248 ]
RHandPositionsX: [ 192, 192, 189, 192, 189, 190, 189, 189, 193, 193, 192,
    193, 190, 189, 192, 189, 191, 192, 192, 189, 189, 189, 190, 193, 192,
    192, 191, 190, 191, 189, 189, 193, 189, 189, 191, 190, 189, 189, 193,
    189, 192, 193, 192, 191, 192, 192, 189, 190, 193, 190, 193, 191, 189,
    189, 190, 189, 190, 190, 189, 191, 190, 191, 192, 193, 191, 193, 190,
    189, 190, 191, 190, 193, 191, 190, 189, 190, 191, 193, 190, 190, 192,
    189, 190, 192, 191, 189, 192, 193 ]
RHandPositionsY: [ 268, 267, 267, 268, 267, 267, 269, 268, 269, 269, 270,
    269, 268, 269, 269, 267, 267, 267, 267, 269, 269, 266, 270, 269, 268,
    270, 267, 269, 270, 270, 270, 267, 270, 270, 270, 270, 269, 269, 268,
    268, 267, 268, 270, 268, 270, 267, 267, 266, 268, 267, 268, 267, 266,
    270, 269, 267, 268, 270, 267, 267, 270, 267, 267, 267, 269, 267, 268,
    266, 266, 270, 269, 270, 268, 269, 267, 270, 267, 268, 268, 270, 270,
    269, 270, 267, 268, 266, 270, 270 ]
