%YAML:1.0
---
videoName: "LHShake16.mp4"
gestureLabel: 2
fps: 30
pixelSizeInCmTemp: 3.3732394366197183e-01
faceCenterPointX: 247
faceCenterPointY: 66
LHandPositionsX: [ 325, 325, 326, 329, 327, 338, 346, 353, 363, 371, 382,
    395, 401, 410, 408, 402, 400, 391, 375, 364, 353, 359, 362, 373, 380,
    399, 396, 390, 388, 383, 376, 368, 372, 372, 370, 380, 388, 386, 403,
    396, 386, 374, 366, 368, 366, 371, 373, 384, 401, 405, 397, 385, 370,
    361, 365, 364, 361, 370, 373, 394, 385, 382, 390, 380, 376, 365, 359,
    350, 342, 337, 335, 332, 332, 329, 332, 330, 331, 327, 329, 328, 330,
    330, 329, 328, 327, 325, 326, 327, 325, 324, 326 ]
LHandPositionsY: [ 252, 255, 255, 250, 251, 247, 232, 223, 211, 196, 181,
    167, 152, 147, 142, 136, 124, 118, 119, 110, 119, 121, 124, 115, 116,
    116, 117, 120, 117, 117, 122, 128, 131, 134, 127, 120, 119, 119, 120,
    119, 115, 125, 133, 133, 134, 135, 133, 127, 127, 121, 120, 129, 137,
    146, 144, 145, 146, 142, 133, 125, 130, 127, 127, 130, 144, 150, 161,
    169, 179, 196, 208, 215, 224, 228, 232, 235, 239, 237, 237, 240, 242,
    241, 244, 245, 244, 242, 242, 242, 245, 241, 241 ]
RHandPositionsX: [ 175, 178, 177, 179, 179, 178, 178, 178, 176, 176, 177,
    179, 175, 176, 177, 175, 178, 178, 179, 177, 179, 177, 176, 179, 177,
    179, 175, 176, 179, 178, 178, 178, 177, 177, 177, 179, 179, 179, 179,
    175, 176, 176, 178, 177, 179, 177, 176, 178, 177, 175, 179, 176, 179,
    175, 179, 179, 177, 179, 177, 179, 176, 179, 177, 175, 177, 178, 178,
    176, 179, 179, 175, 178, 178, 178, 176, 178, 178, 177, 177, 175, 177,
    177, 176, 176, 178, 179, 179, 177, 175, 178, 177 ]
RHandPositionsY: [ 258, 261, 261, 261, 260, 260, 261, 259, 261, 260, 262,
    258, 261, 260, 261, 260, 262, 259, 258, 261, 260, 258, 259, 261, 262,
    258, 262, 261, 261, 261, 261, 259, 259, 259, 262, 259, 260, 261, 262,
    262, 258, 261, 259, 262, 259, 258, 259, 262, 261, 260, 261, 261, 261,
    258, 259, 261, 259, 260, 261, 259, 259, 258, 261, 262, 259, 258, 258,
    262, 258, 259, 262, 258, 262, 259, 260, 259, 261, 261, 258, 259, 258,
    261, 258, 258, 260, 260, 262, 258, 262, 262, 262 ]
