%YAML:1.0
---
videoName: "LHShake17.mp4"
gestureLabel: 2
fps: 30
pixelSizeInCmTemp: 3.3732394366197183e-01
faceCenterPointX: 248
faceCenterPointY: 64
LHandPositionsX: [ 321, 324, 321, 322, 323, 323, 326, 327, 329, 336, 345,
    355, 366, 374, 387, 398, 404, 410, 400, 387, 374, 362, 352, 354, 351,
    355, 370, 382, 375, 380, 373, 365, 351, 347, 344, 346, 356, 366, 369,
    364, 364, 361, 353, 350, 352, 357, 365, 371, 375, 375, 373, 372, 360,
    353, 349, 347, 348, 353, 363, 363, 365, 366, 364, 358, 351, 343, 338,
    338, 334, 336, 332, 332, 331, 333, 328, 330, 328, 328, 329, 324, 328,
    324, 325, 323, 324, 324, 327, 327, 324, 323, 324 ]
LHandPositionsY: [ 247, 248, 247, 247, 249, 247, 247, 247, 245, 233, 217,
    204, 188, 171, 158, 143, 128, 119, 115, 111, 121, 129, 138, 136, 137,
    132, 125, 115, 119, 116, 116, 127, 135, 138, 140, 139, 124, 118, 118,
    121, 117, 117, 128, 134, 133, 135, 125, 118, 123, 125, 119, 123, 130,
    135, 144, 142, 139, 127, 122, 126, 126, 124, 121, 130, 137, 146, 154,
    164, 170, 180, 196, 207, 219, 219, 224, 229, 231, 237, 236, 234, 238,
    239, 238, 238, 238, 235, 236, 238, 238, 236, 238 ]
RHandPositionsX: [ 180, 176, 179, 179, 180, 177, 180, 179, 178, 178, 180,
    178, 179, 179, 179, 178, 177, 176, 180, 177, 179, 176, 177, 178, 180,
    179, 178, 176, 175, 178, 175, 178, 179, 175, 178, 178, 177, 176, 176,
    177, 175, 178, 175, 177, 174, 175, 176, 176, 175, 176, 178, 174, 176,
    177, 176, 176, 175, 175, 177, 175, 175, 175, 176, 174, 177, 178, 176,
    176, 174, 175, 174, 174, 177, 177, 177, 178, 177, 175, 176, 174, 176,
    177, 175, 174, 177, 176, 176, 177, 174, 176, 175 ]
RHandPositionsY: [ 256, 257, 260, 257, 257, 256, 260, 258, 257, 256, 256,
    258, 258, 257, 258, 258, 260, 257, 258, 259, 256, 256, 259, 260, 258,
    258, 258, 258, 259, 260, 260, 259, 258, 258, 258, 256, 256, 257, 256,
    260, 257, 257, 258, 256, 256, 256, 260, 257, 257, 256, 258, 257, 259,
    256, 257, 258, 257, 259, 259, 260, 256, 260, 257, 256, 257, 258, 256,
    257, 260, 258, 260, 260, 260, 256, 257, 256, 256, 259, 260, 257, 260,
    259, 256, 260, 257, 258, 256, 258, 260, 260, 258 ]
