%YAML:1.0
---
videoName: "LHShake24.mp4"
gestureLabel: 2
fps: 30
pixelSizeInCmTemp: 3.4214285714285714e-01
faceCenterPointX: 255
faceCenterPointY: 77
LHandPositionsX: [ 330, 327, 329, 330, 326, 326, 326, 329, 328, 329, 333,
    334, 343, 347, 354, 362, 370, 377, 382, 380, 382, 377, 371, 362, 350,
    341, 340, 339, 341, 351, 358, 366, 378, 378, 376, 376, 367, 358, 345,
    340, 343, 340, 344, 354, 364, 363, 366, 368, 362, 356, 346, 339, 340,
    342, 347, 353, 362, 371, 367, 372, 369, 362, 354, 347, 343, 343, 343,
    354, 361, 367, 369, 369, 365, 361, 349, 342, 336, 332, 327, 327, 325,
    325, 328, 325, 328, 326, 326, 327, 326, 324, 328 ]
LHandPositionsY: [ 264, 263, 264, 261, 262, 263, 264, 260, 260, 258, 261,
    258, 245, 237, 225, 209, 196, 184, 172, 171, 162, 155, 151, 153, 157,
    161, 162, 162, 160, 161, 159, 154, 150, 151, 148, 146, 147, 149, 151,
    153, 152, 152, 156, 155, 151, 150, 148, 150, 152, 157, 158, 164, 163,
    161, 163, 162, 162, 156, 158, 155, 156, 160, 162, 165, 163, 164, 161,
    161, 161, 156, 157, 156, 159, 156, 157, 164, 170, 181, 190, 199, 206,
    220, 230, 232, 235, 239, 243, 249, 248, 247, 247 ]
RHandPositionsX: [ 180, 183, 183, 180, 180, 180, 183, 182, 180, 181, 181,
    182, 181, 180, 183, 181, 181, 179, 182, 179, 181, 180, 180, 181, 180,
    182, 179, 182, 179, 182, 183, 181, 182, 180, 182, 183, 181, 179, 179,
    183, 179, 183, 180, 181, 183, 183, 183, 181, 182, 181, 182, 179, 180,
    180, 182, 179, 179, 183, 182, 179, 180, 181, 183, 179, 179, 183, 180,
    179, 179, 183, 179, 180, 180, 180, 182, 183, 181, 183, 180, 179, 180,
    180, 181, 180, 182, 181, 183, 181, 183, 179, 182 ]
RHandPositionsY: [ 270, 267, 269, 268, 268, 267, 268, 270, 268, 268, 270,
    269, 270, 269, 269, 267, 271, 268, 269, 271, 267, 269, 271, 267, 268,
    268, 269, 267, 269, 267, 269, 268, 267, 271, 268, 268, 267, 271, 270,
    268, 271, 270, 267, 269, 269, 268, 270, 269, 267, 271, 268, 269, 268,
    270, 270, 268, 269, 269, 271, 269, 271, 269, 271, 267, 268, 269, 270,
    269, 269, 269, 267, 267, 271, 268, 271, 267, 267, 271, 270, 270, 268,
    270, 270, 269, 268, 268, 268, 269, 268, 269, 268 ]
