%YAML:1.0
---
videoName: "LHShake06.mp4"
gestureLabel: 2
fps: 29
pixelSizeInCmTemp: 3.3732394366197183e-01
faceCenterPointX: 250
faceCenterPointY: 80
LHandPositionsX: [ 382, 386, 387, 385, 383, 382, 374, 372, 372, 372, 375,
    386, 388, 390, 397, 396, 393, 385, 380, 377, 376, 379, 388, 390, 393,
    391, 391, 390, 386, 382, 377, 381, 386, 389, 391, 390, 386, 386, 383,
    380, 380, 383, 385, 391, 393, 392, 388, 384, 381, 381, 382, 384, 387,
    391, 397, 398, 400, 394, 394, 389, 380, 371, 358, 357, 354, 349, 335,
    325, 320, 313, 305, 308, 307, 304, 302, 302, 302, 303, 301, 301, 300,
    301, 301, 302, 301, 299, 299, 301 ]
LHandPositionsY: [ 148, 145, 142, 140, 136, 139, 138, 137, 138, 138, 134,
    127, 130, 129, 126, 126, 129, 131, 135, 135, 135, 131, 133, 131, 127,
    127, 126, 125, 127, 131, 130, 129, 127, 127, 123, 125, 128, 129, 128,
    127, 127, 128, 127, 127, 126, 125, 124, 126, 129, 126, 125, 127, 123,
    125, 122, 121, 122, 123, 125, 127, 132, 136, 147, 151, 159, 173, 193,
    206, 216, 223, 229, 234, 237, 242, 244, 248, 253, 252, 253, 252, 255,
    251, 252, 252, 256, 253, 253, 257 ]
RHandPositionsX: [ 212, 210, 209, 212, 213, 211, 212, 209, 210, 209, 211,
    209, 212, 212, 213, 210, 212, 210, 210, 212, 211, 212, 211, 209, 209,
    211, 212, 212, 209, 211, 208, 211, 209, 209, 208, 208, 211, 208, 211,
    208, 211, 212, 208, 210, 210, 211, 210, 208, 209, 210, 209, 207, 209,
    209, 211, 210, 207, 211, 211, 209, 208, 211, 210, 207, 207, 211, 208,
    210, 209, 210, 211, 208, 212, 210, 209, 210, 209, 210, 211, 208, 208,
    211, 210, 211, 213, 213, 209, 210 ]
RHandPositionsY: [ 271, 272, 270, 269, 269, 271, 271, 269, 268, 267, 266,
    267, 270, 269, 266, 269, 269, 269, 268, 267, 267, 269, 269, 269, 268,
    267, 268, 269, 269, 266, 267, 266, 268, 268, 266, 265, 269, 268, 267,
    265, 267, 265, 269, 267, 267, 267, 270, 265, 267, 265, 266, 266, 265,
    265, 266, 270, 265, 266, 266, 267, 266, 268, 267, 267, 267, 269, 267,
    267, 267, 269, 266, 269, 269, 267, 266, 269, 265, 266, 265, 267, 268,
    268, 265, 267, 265, 267, 266, 265 ]
