%YAML:1.0
---
videoName: "LHShake19.mp4"
gestureLabel: 2
fps: 29
pixelSizeInCmTemp: 3.3732394366197183e-01
faceCenterPointX: 250
faceCenterPointY: 62
LHandPositionsX: [ 305, 309, 305, 307, 307, 307, 306, 309, 305, 307, 305,
    309, 307, 307, 306, 307, 309, 317, 323, 325, 325, 321, 309, 291, 287,
    286, 290, 296, 308, 314, 315, 315, 306, 295, 288, 290, 293, 301, 309,
    319, 320, 313, 307, 290, 290, 292, 297, 305, 314, 311, 312, 309, 293,
    290, 294, 301, 308, 316, 314, 314, 315, 308, 306, 302, 295, 290, 292,
    293, 294, 297, 304, 304, 302, 306, 307, 307, 309, 311, 310, 310, 307,
    309, 310, 311, 311, 307, 311, 307 ]
LHandPositionsY: [ 250, 250, 250, 252, 251, 248, 248, 251, 248, 252, 251,
    248, 251, 248, 247, 239, 230, 213, 204, 192, 176, 169, 163, 164, 153,
    155, 160, 156, 153, 154, 154, 153, 153, 153, 149, 147, 153, 155, 152,
    150, 151, 150, 154, 149, 147, 155, 155, 152, 154, 150, 152, 159, 147,
    146, 154, 154, 153, 155, 155, 154, 155, 153, 157, 162, 168, 170, 181,
    188, 198, 210, 216, 217, 218, 220, 224, 230, 229, 232, 238, 238, 234,
    236, 240, 236, 238, 237, 237, 241 ]
RHandPositionsX: [ 196, 197, 199, 196, 195, 196, 195, 196, 199, 195, 195,
    198, 198, 196, 198, 195, 196, 198, 198, 198, 197, 196, 195, 196, 197,
    198, 194, 196, 197, 194, 196, 193, 196, 195, 192, 196, 192, 196, 194,
    193, 191, 192, 194, 192, 193, 194, 195, 191, 191, 192, 194, 191, 194,
    195, 193, 191, 195, 194, 191, 192, 191, 194, 194, 193, 193, 192, 194,
    193, 193, 194, 194, 194, 194, 192, 192, 191, 195, 192, 191, 194, 192,
    195, 191, 195, 192, 193, 191, 191 ]
RHandPositionsY: [ 258, 258, 257, 254, 258, 257, 254, 258, 258, 258, 254,
    256, 256, 258, 255, 255, 254, 258, 256, 257, 254, 255, 254, 254, 256,
    258, 258, 256, 256, 255, 258, 255, 258, 255, 256, 254, 256, 258, 258,
    254, 257, 254, 254, 254, 258, 257, 257, 258, 255, 256, 256, 255, 257,
    258, 255, 255, 258, 258, 254, 254, 258, 257, 257, 257, 254, 258, 256,
    258, 256, 257, 257, 258, 255, 257, 257, 255, 258, 255, 256, 254, 255,
    256, 255, 254, 255, 255, 258, 254 ]
