%YAML:1.0
---
videoName: "LHShake08.mp4"
gestureLabel: 2
fps: 29
pixelSizeInCmTemp: 3.4710144927536229e-01
faceCenterPointX: 261
faceCenterPointY: 69
LHandPositionsX: [ 342, 340, 344, 345, 352, 347, 356, 362, 370, 374, 376,
    374, 378, 366, 357, 345, 339, 341, 340, 342, 348, 358, 369, 363, 360,
    361, 359, 354, 345, 337, 338, 339, 341, 349, 356, 366, 369, 369, 366,
    361, 355, 344, 339, 336, 337, 337, 342, 350, 359, 360, 356, 357, 358,
    352, 344, 344, 342, 342, 344, 346, 355, 363, 372, 372, 371, 370, 365,
    359, 350, 347, 338, 334, 330, 333, 334, 332, 336, 338, 336, 338, 337,
    339, 336, 336, 335, 335, 337, 336 ]
LHandPositionsY: [ 267, 265, 264, 253, 251, 237, 219, 200, 188, 173, 164,
    157, 146, 143, 145, 146, 150, 150, 151, 149, 147, 145, 140, 137, 141,
    136, 140, 143, 146, 155, 150, 154, 154, 154, 149, 148, 147, 148, 146,
    151, 151, 157, 159, 159, 159, 160, 158, 156, 154, 155, 154, 152, 155,
    154, 159, 162, 158, 160, 163, 160, 153, 149, 146, 145, 148, 144, 148,
    156, 162, 167, 173, 187, 194, 210, 221, 232, 244, 244, 248, 251, 253,
    252, 253, 255, 256, 259, 257, 256 ]
RHandPositionsX: [ 172, 173, 174, 172, 172, 176, 175, 174, 172, 175, 175,
    173, 175, 174, 174, 173, 173, 175, 175, 175, 174, 174, 174, 176, 175,
    173, 172, 174, 175, 174, 173, 177, 176, 176, 173, 173, 174, 176, 175,
    178, 174, 176, 173, 177, 178, 174, 178, 176, 174, 175, 178, 175, 178,
    176, 178, 174, 177, 176, 177, 177, 177, 177, 174, 177, 175, 177, 175,
    175, 176, 174, 176, 174, 176, 178, 178, 177, 175, 178, 177, 178, 175,
    174, 178, 178, 175, 174, 175, 177 ]
RHandPositionsY: [ 276, 276, 274, 275, 273, 274, 275, 273, 276, 274, 276,
    276, 274, 273, 275, 275, 277, 277, 274, 275, 276, 276, 276, 274, 277,
    276, 277, 274, 274, 276, 273, 274, 274, 277, 276, 275, 276, 274, 275,
    274, 275, 277, 274, 277, 276, 274, 275, 276, 276, 273, 274, 275, 274,
    274, 276, 273, 277, 275, 276, 276, 276, 273, 276, 276, 277, 275, 277,
    277, 275, 273, 277, 274, 277, 274, 273, 277, 275, 274, 275, 277, 273,
    275, 276, 273, 273, 274, 274, 273 ]
