%YAML:1.0
---
videoName: "LHShake23.mp4"
gestureLabel: 2
fps: 30
pixelSizeInCmTemp: 3.3263888888888887e-01
faceCenterPointX: 259
faceCenterPointY: 79
LHandPositionsX: [ 330, 330, 332, 334, 333, 334, 331, 333, 333, 333, 334,
    335, 342, 345, 350, 358, 371, 373, 375, 377, 381, 379, 373, 368, 355,
    352, 353, 352, 354, 363, 372, 380, 385, 385, 382, 377, 373, 360, 362,
    362, 361, 370, 375, 383, 383, 384, 379, 372, 364, 356, 355, 353, 357,
    362, 375, 382, 381, 379, 377, 376, 364, 355, 357, 358, 359, 365, 374,
    379, 380, 377, 378, 373, 369, 362, 355, 351, 349, 342, 342, 339, 336,
    340, 339, 335, 338, 335, 334, 336, 335, 336, 336 ]
LHandPositionsY: [ 264, 262, 265, 263, 264, 262, 264, 265, 262, 262, 259,
    252, 241, 233, 227, 212, 202, 198, 192, 189, 180, 173, 166, 166, 169,
    167, 168, 169, 168, 166, 165, 163, 160, 160, 160, 163, 162, 163, 165,
    162, 165, 166, 161, 157, 160, 160, 160, 161, 159, 162, 165, 166, 169,
    168, 165, 165, 163, 166, 162, 162, 165, 170, 167, 170, 171, 171, 170,
    170, 169, 169, 167, 170, 176, 186, 191, 202, 213, 229, 240, 249, 248,
    252, 253, 252, 254, 256, 252, 255, 253, 255, 252 ]
RHandPositionsX: [ 186, 185, 183, 182, 183, 183, 186, 182, 182, 185, 184,
    183, 182, 186, 186, 182, 182, 184, 185, 185, 184, 182, 184, 185, 183,
    183, 185, 184, 183, 183, 184, 183, 186, 182, 183, 182, 186, 184, 182,
    182, 182, 186, 184, 184, 184, 182, 184, 182, 186, 183, 183, 185, 183,
    185, 184, 183, 185, 183, 186, 183, 182, 186, 182, 186, 186, 183, 185,
    186, 182, 183, 186, 183, 186, 185, 182, 186, 182, 182, 184, 185, 186,
    182, 182, 184, 183, 185, 184, 182, 186, 183, 182 ]
RHandPositionsY: [ 271, 273, 270, 274, 271, 272, 271, 273, 272, 272, 274,
    274, 273, 271, 273, 271, 274, 270, 273, 273, 271, 270, 270, 271, 274,
    270, 270, 272, 273, 274, 270, 274, 270, 270, 273, 274, 273, 272, 270,
    273, 272, 271, 273, 272, 271, 274, 274, 274, 273, 272, 270, 270, 274,
    271, 271, 270, 272, 274, 273, 272, 272, 274, 271, 270, 273, 272, 270,
    272, 272, 274, 271, 272, 274, 274, 274, 270, 270, 273, 274, 274, 273,
    272, 274, 270, 274, 272, 271, 274, 273, 274, 274 ]
