%YAML:1.0
---
videoName: "LHShake01.mp4"
gestureLabel: 2
fps: 29
pixelSizeInCmTemp: 3.4214285714285714e-01
faceCenterPointX: 252
faceCenterPointY: 84
LHandPositionsX: [ 367, 363, 366, 364, 360, 353, 349, 343, 336, 334, 334,
    334, 338, 345, 349, 352, 357, 353, 350, 349, 344, 340, 338, 338, 335,
    338, 341, 345, 352, 348, 349, 348, 346, 343, 339, 333, 332, 334, 337,
    341, 345, 346, 348, 347, 347, 347, 341, 341, 333, 336, 332, 333, 335,
    340, 348, 350, 349, 349, 346, 347, 347, 342, 337, 329, 330, 329, 328,
    334, 334, 325, 332, 333, 336, 339, 343, 342, 343, 345, 346, 346, 351,
    347, 348, 352, 353, 348, 352, 349 ]
LHandPositionsY: [ 147, 137, 134, 129, 122, 118, 120, 121, 120, 120, 121,
    123, 123, 119, 114, 113, 108, 106, 108, 111, 110, 112, 111, 114, 111,
    112, 109, 109, 105, 108, 104, 106, 105, 109, 110, 117, 115, 112, 114,
    111, 111, 105, 107, 105, 102, 108, 105, 109, 106, 110, 109, 111, 108,
    107, 102, 103, 102, 102, 103, 103, 104, 106, 105, 122, 135, 144, 149,
    162, 166, 164, 170, 181, 190, 197, 205, 215, 221, 222, 222, 223, 225,
    227, 230, 229, 230, 231, 232, 228 ]
RHandPositionsX: [ 153, 155, 156, 156, 154, 154, 154, 153, 154, 156, 157,
    155, 157, 155, 154, 155, 155, 156, 157, 154, 153, 153, 153, 153, 154,
    155, 156, 154, 155, 155, 157, 155, 156, 156, 153, 155, 153, 153, 155,
    157, 153, 157, 156, 154, 154, 155, 154, 154, 155, 154, 154, 153, 153,
    155, 155, 156, 155, 153, 155, 155, 156, 155, 154, 155, 153, 157, 155,
    156, 156, 153, 154, 154, 153, 156, 153, 155, 154, 156, 155, 156, 157,
    155, 153, 157, 153, 155, 157, 153 ]
RHandPositionsY: [ 268, 267, 270, 267, 266, 266, 269, 269, 266, 269, 266,
    268, 266, 264, 268, 265, 266, 264, 264, 263, 265, 266, 266, 264, 264,
    265, 264, 262, 262, 263, 262, 261, 261, 263, 261, 263, 262, 263, 263,
    262, 260, 261, 261, 263, 263, 259, 263, 263, 263, 261, 259, 260, 259,
    261, 260, 261, 262, 259, 261, 263, 259, 259, 262, 262, 261, 262, 263,
    263, 261, 263, 263, 263, 261, 261, 263, 262, 263, 259, 261, 259, 260,
    262, 262, 261, 263, 262, 262, 260 ]
