%YAML:1.0
---
videoName: "LHShake17.mp4"
gestureLabel: 2
fps: 30
pixelSizeInCmTemp: 3.3732394366197183e-01
faceCenterPointX: 248
faceCenterPointY: 64
LHandPositionsX: [ 324, 323, 321, 321, 323, 325, 324, 328, 327, 333, 342,
    354, 364, 377, 388, 399, 408, 409, 402, 389, 376, 358, 352, 351, 352,
    357, 370, 380, 379, 384, 374, 363, 351, 344, 348, 349, 355, 363, 370,
    364, 368, 360, 356, 353, 353, 357, 366, 373, 374, 372, 372, 368, 364,
    354, 349, 349, 347, 356, 359, 364, 364, 369, 365, 356, 347, 341, 338,
    340, 335, 333, 332, 330, 333, 331, 329, 330, 326, 326, 326, 328, 327,
    324, 324, 326, 326, 324, 326, 324, 327, 324, 322 ]
LHandPositionsY: [ 251, 249, 251, 248, 251, 247, 246, 245, 244, 232, 217,
    202, 184, 173, 156, 145, 131, 123, 113, 114, 121, 132, 137, 133, 136,
    135, 121, 116, 120, 117, 120, 127, 137, 138, 141, 140, 124, 119, 119,
    120, 120, 116, 125, 132, 134, 135, 122, 118, 121, 123, 121, 120, 130,
    135, 144, 142, 139, 124, 123, 123, 124, 123, 122, 127, 135, 145, 151,
    161, 171, 184, 195, 206, 218, 222, 222, 229, 230, 234, 236, 233, 238,
    238, 238, 236, 237, 235, 237, 238, 238, 237, 236 ]
RHandPositionsX: [ 176, 179, 180, 178, 178, 176, 179, 178, 179, 178, 176,
    176, 179, 177, 178, 179, 177, 178, 180, 179, 180, 177, 178, 179, 177,
    178, 176, 175, 176, 179, 178, 179, 176, 179, 175, 178, 179, 178, 175,
    174, 177, 174, 176, 176, 175, 177, 175, 175, 174, 175, 175, 176, 174,
    174, 176, 178, 177, 178, 178, 174, 177, 175, 176, 175, 178, 175, 174,
    177, 174, 178, 177, 175, 175, 176, 174, 177, 174, 178, 174, 176, 176,
    177, 174, 176, 176, 174, 178, 178, 176, 175, 174 ]
RHandPositionsY: [ 258, 258, 259, 258, 258, 257, 258, 260, 256, 256, 257,
    256, 259, 260, 258, 257, 256, 258, 259, 257, 259, 260, 257, 256, 257,
    259, 260, 256, 258, 256, 258, 260, 257, 258, 257, 260, 259, 257, 256,
    257, 257, 257, 257, 256, 259, 260, 258, 259, 258, 258, 256, 257, 259,
    259, 259, 259, 256, 256, 256, 257, 256, 259, 257, 259, 260, 260, 257,
    257, 259, 260, 259, 256, 259, 257, 260, 257, 259, 256, 259, 257, 257,
    260, 257, 257, 257, 259, 258, 257, 257, 260, 256 ]
