%YAML:1.0
---
videoName: "LHShake20.mp4"
gestureLabel: 2
fps: 30
pixelSizeInCmTemp: 3.3732394366197183e-01
faceCenterPointX: 249
faceCenterPointY: 62
LHandPositionsX: [ 315, 314, 316, 315, 312, 316, 314, 314, 314, 318, 320,
    327, 332, 339, 343, 338, 328, 320, 314, 315, 313, 311, 315, 326, 339,
    340, 340, 339, 328, 323, 320, 317, 319, 325, 333, 343, 338, 339, 329,
    325, 322, 323, 319, 327, 332, 331, 330, 329, 324, 322, 321, 321, 318,
    327, 323, 329, 329, 326, 322, 319, 319, 316, 317, 319, 319, 322, 319,
    318, 319, 313, 316, 311, 313, 316, 313, 312, 312, 316, 314, 313, 315,
    316, 314, 316, 314, 313, 312, 316, 314, 312, 316 ]
LHandPositionsY: [ 249, 247, 249, 249, 250, 248, 245, 243, 236, 228, 219,
    202, 190, 178, 169, 167, 159, 159, 160, 161, 157, 155, 151, 149, 144,
    142, 142, 144, 140, 145, 148, 149, 146, 144, 144, 140, 142, 141, 143,
    145, 148, 149, 146, 145, 142, 141, 140, 142, 144, 148, 149, 150, 144,
    142, 139, 137, 135, 137, 135, 144, 144, 142, 146, 149, 146, 150, 161,
    167, 177, 189, 203, 212, 216, 218, 225, 225, 231, 229, 232, 233, 231,
    231, 235, 235, 234, 237, 238, 238, 238, 236, 239 ]
RHandPositionsX: [ 179, 181, 181, 179, 181, 182, 183, 180, 179, 179, 182,
    182, 179, 183, 183, 179, 180, 179, 182, 180, 183, 179, 182, 183, 179,
    180, 180, 182, 181, 182, 180, 181, 179, 183, 181, 182, 182, 181, 181,
    181, 181, 183, 180, 182, 179, 183, 179, 183, 182, 183, 182, 182, 181,
    179, 180, 183, 179, 181, 180, 182, 179, 182, 182, 180, 179, 179, 179,
    183, 183, 179, 183, 183, 183, 181, 182, 180, 182, 179, 178, 181, 182,
    179, 182, 179, 181, 181, 182, 178, 179, 182, 178 ]
RHandPositionsY: [ 255, 256, 254, 255, 255, 257, 255, 255, 254, 252, 256,
    256, 252, 254, 254, 255, 253, 252, 253, 256, 253, 255, 252, 255, 256,
    252, 252, 252, 253, 252, 253, 251, 254, 252, 255, 252, 251, 254, 252,
    252, 254, 254, 253, 254, 255, 255, 253, 253, 251, 254, 253, 252, 252,
    254, 252, 252, 253, 251, 252, 253, 254, 254, 255, 252, 254, 254, 253,
    253, 251, 251, 254, 254, 255, 255, 254, 252, 251, 255, 251, 255, 253,
    254, 254, 255, 254, 254, 255, 255, 253, 253, 255 ]
