%YAML:1.0
---
videoName: "LHShake13.mp4"
gestureLabel: 2
fps: 29
pixelSizeInCmTemp: 3.4214285714285714e-01
faceCenterPointX: 257
faceCenterPointY: 76
LHandPositionsX: [ 327, 325, 324, 327, 324, 323, 323, 326, 326, 328, 330,
    334, 343, 352, 362, 370, 378, 385, 388, 390, 385, 373, 364, 349, 341,
    344, 339, 343, 352, 359, 373, 371, 363, 364, 354, 347, 340, 339, 341,
    352, 358, 367, 368, 367, 361, 350, 343, 348, 343, 348, 357, 365, 364,
    363, 364, 355, 346, 345, 345, 341, 349, 356, 365, 368, 367, 365, 360,
    352, 347, 339, 333, 327, 327, 323, 325, 324, 326, 326, 325, 326, 325,
    325, 326, 326, 325, 327, 327, 324 ]
LHandPositionsY: [ 261, 261, 260, 259, 259, 260, 260, 262, 260, 260, 254,
    247, 237, 228, 213, 198, 185, 176, 163, 157, 150, 153, 152, 155, 155,
    157, 156, 157, 152, 144, 140, 139, 143, 146, 151, 153, 160, 158, 157,
    158, 156, 152, 155, 157, 156, 160, 165, 163, 163, 160, 156, 156, 157,
    158, 158, 161, 164, 165, 162, 163, 162, 157, 158, 151, 150, 148, 146,
    149, 154, 162, 169, 180, 190, 208, 220, 234, 244, 244, 242, 244, 246,
    247, 248, 251, 246, 250, 248, 246 ]
RHandPositionsX: [ 184, 181, 184, 183, 182, 181, 184, 183, 183, 181, 182,
    183, 184, 182, 185, 181, 185, 184, 185, 181, 182, 183, 184, 184, 182,
    185, 184, 182, 182, 182, 183, 185, 184, 184, 184, 185, 185, 185, 184,
    183, 184, 185, 185, 182, 182, 184, 184, 185, 182, 184, 183, 182, 181,
    182, 184, 184, 181, 181, 184, 184, 185, 184, 185, 183, 183, 184, 183,
    184, 182, 183, 184, 181, 183, 185, 184, 182, 182, 184, 185, 184, 181,
    183, 182, 182, 181, 185, 181, 183 ]
RHandPositionsY: [ 268, 267, 268, 270, 268, 270, 268, 270, 271, 268, 268,
    268, 268, 268, 271, 267, 271, 271, 267, 269, 270, 268, 271, 267, 267,
    269, 270, 267, 268, 267, 267, 267, 268, 269, 267, 270, 271, 270, 269,
    271, 269, 268, 268, 269, 271, 267, 271, 267, 267, 271, 268, 271, 268,
    270, 267, 269, 268, 270, 271, 269, 269, 270, 269, 269, 269, 268, 271,
    270, 268, 269, 267, 271, 270, 267, 268, 267, 270, 268, 270, 271, 267,
    268, 268, 267, 271, 270, 268, 271 ]
