%YAML:1.0
---
videoName: "LHShake09.mp4"
gestureLabel: 2
fps: 29
pixelSizeInCmTemp: 3.3263888888888887e-01
faceCenterPointX: 259
faceCenterPointY: 67
LHandPositionsX: [ 337, 338, 340, 338, 342, 346, 349, 351, 351, 360, 361,
    365, 369, 369, 368, 364, 360, 350, 343, 334, 331, 334, 328, 328, 337,
    348, 350, 349, 349, 348, 352, 348, 344, 335, 338, 334, 337, 345, 354,
    361, 369, 365, 369, 364, 354, 344, 338, 337, 335, 337, 339, 345, 353,
    354, 354, 356, 353, 350, 342, 333, 334, 337, 333, 335, 342, 348, 352,
    355, 356, 352, 348, 345, 335, 332, 327, 319, 318, 319, 320, 327, 325,
    329, 331, 331, 333, 332, 334, 333 ]
LHandPositionsY: [ 272, 271, 275, 272, 275, 272, 263, 256, 250, 238, 232,
    216, 202, 199, 182, 175, 166, 160, 157, 156, 159, 156, 158, 154, 152,
    151, 148, 149, 147, 147, 151, 149, 154, 156, 156, 156, 154, 154, 155,
    153, 155, 154, 154, 152, 153, 157, 157, 157, 155, 156, 155, 152, 151,
    150, 152, 153, 149, 150, 151, 153, 153, 150, 151, 152, 153, 151, 153,
    150, 152, 149, 149, 157, 163, 173, 180, 195, 207, 221, 231, 241, 244,
    248, 252, 253, 258, 260, 260, 259 ]
RHandPositionsX: [ 177, 176, 176, 179, 177, 176, 177, 177, 176, 179, 180,
    179, 177, 179, 177, 179, 179, 176, 176, 176, 180, 177, 179, 177, 180,
    176, 180, 179, 178, 180, 177, 180, 177, 177, 179, 178, 180, 177, 178,
    176, 180, 178, 177, 177, 179, 176, 180, 180, 176, 178, 179, 180, 178,
    178, 176, 178, 180, 179, 177, 176, 179, 179, 176, 180, 179, 178, 180,
    178, 177, 180, 177, 178, 179, 176, 180, 178, 177, 177, 176, 179, 178,
    178, 178, 178, 178, 179, 176, 179 ]
RHandPositionsY: [ 275, 279, 275, 278, 276, 277, 279, 276, 276, 278, 277,
    279, 275, 278, 278, 275, 278, 278, 275, 276, 276, 279, 279, 276, 277,
    279, 279, 279, 277, 278, 275, 277, 275, 275, 276, 278, 275, 276, 276,
    276, 279, 279, 276, 276, 276, 277, 278, 279, 277, 275, 279, 275, 275,
    276, 279, 275, 277, 278, 278, 279, 277, 275, 278, 278, 279, 278, 276,
    279, 278, 277, 278, 279, 278, 276, 276, 276, 279, 278, 278, 278, 275,
    276, 275, 277, 276, 278, 277, 277 ]
