%YAML:1.0
---
videoName: "LHShake09.mp4"
gestureLabel: 2
fps: 29
pixelSizeInCmTemp: 3.3263888888888887e-01
faceCenterPointX: 259
faceCenterPointY: 67
LHandPositionsX: [ 337, 338, 338, 340, 340, 345, 351, 352, 351, 359, 357,
    367, 370, 366, 368, 364, 359, 352, 341, 332, 331, 335, 327, 330, 335,
    348, 348, 347, 347, 348, 350, 348, 343, 336, 337, 334, 339, 343, 351,
    362, 368, 362, 368, 365, 357, 344, 340, 336, 336, 334, 338, 348, 354,
    356, 357, 356, 354, 349, 344, 337, 333, 338, 333, 337, 340, 349, 355,
    354, 354, 351, 347, 341, 339, 330, 325, 321, 316, 320, 320, 324, 328,
    330, 328, 333, 332, 335, 331, 334 ]
LHandPositionsY: [ 271, 272, 273, 274, 273, 269, 267, 257, 248, 235, 235,
    214, 199, 197, 182, 174, 165, 161, 156, 159, 157, 159, 156, 152, 154,
    149, 147, 148, 145, 146, 150, 153, 153, 155, 156, 156, 154, 155, 151,
    154, 153, 152, 153, 154, 154, 153, 156, 155, 158, 156, 156, 152, 153,
    154, 154, 151, 149, 152, 149, 153, 153, 154, 152, 154, 153, 150, 153,
    150, 149, 149, 149, 157, 160, 172, 179, 192, 208, 218, 230, 241, 246,
    248, 252, 252, 256, 257, 261, 259 ]
RHandPositionsX: [ 179, 180, 177, 179, 179, 180, 178, 178, 179, 179, 180,
    179, 176, 178, 179, 178, 177, 176, 178, 179, 177, 180, 177, 178, 180,
    180, 180, 176, 177, 178, 178, 178, 177, 178, 177, 177, 180, 176, 180,
    178, 176, 180, 180, 176, 176, 178, 177, 178, 176, 176, 179, 178, 180,
    180, 176, 177, 180, 179, 177, 176, 179, 177, 180, 177, 180, 180, 176,
    180, 176, 180, 178, 178, 179, 180, 180, 180, 180, 178, 179, 176, 180,
    176, 176, 179, 176, 177, 179, 180 ]
RHandPositionsY: [ 278, 276, 279, 277, 278, 277, 275, 277, 277, 275, 276,
    276, 278, 276, 276, 278, 278, 278, 278, 277, 278, 277, 277, 277, 275,
    278, 277, 275, 278, 276, 276, 275, 279, 275, 277, 276, 275, 279, 275,
    276, 275, 276, 277, 276, 275, 279, 275, 277, 279, 276, 279, 275, 276,
    276, 278, 276, 278, 275, 277, 279, 278, 278, 277, 275, 277, 275, 275,
    275, 277, 276, 277, 276, 279, 276, 278, 278, 278, 275, 277, 277, 279,
    275, 279, 279, 276, 278, 277, 279 ]
