%YAML:1.0
---
videoName: "LHShake01.mp4"
gestureLabel: 2
fps: 29
pixelSizeInCmTemp: 3.4214285714285714e-01
faceCenterPointX: 252
faceCenterPointY: 84
LHandPositionsX: [ 364, 363, 363, 364, 362, 356, 347, 343, 334, 334, 334,
    336, 340, 343, 349, 352, 359, 355, 352, 347, 344, 340, 339, 336, 337,
    339, 341, 346, 353, 349, 350, 348, 345, 339, 338, 333, 333, 332, 335,
    339, 345, 346, 345, 351, 349, 347, 342, 338, 335, 333, 333, 337, 337,
    342, 347, 353, 348, 350, 348, 346, 344, 340, 338, 329, 329, 329, 332,
    333, 335, 329, 333, 334, 335, 340, 343, 343, 344, 346, 349, 347, 351,
    351, 348, 349, 350, 350, 351, 351 ]
LHandPositionsY: [ 143, 140, 131, 129, 122, 118, 116, 118, 119, 123, 123,
    121, 120, 117, 112, 109, 107, 107, 107, 109, 110, 113, 113, 115, 115,
    110, 111, 108, 104, 107, 103, 104, 108, 109, 112, 117, 111, 111, 111,
    112, 109, 108, 106, 104, 103, 107, 104, 108, 108, 108, 110, 111, 108,
    107, 104, 105, 102, 100, 102, 103, 104, 103, 106, 120, 135, 140, 151,
    159, 166, 165, 174, 180, 189, 200, 207, 213, 222, 222, 220, 223, 224,
    225, 227, 231, 229, 230, 229, 229 ]
RHandPositionsX: [ 154, 156, 153, 157, 155, 157, 154, 157, 154, 157, 154,
    157, 153, 155, 156, 154, 155, 156, 154, 155, 156, 157, 155, 153, 157,
    157, 153, 156, 154, 154, 155, 153, 157, 157, 157, 155, 153, 154, 156,
    155, 154, 155, 154, 156, 155, 154, 155, 155, 155, 156, 157, 155, 154,
    153, 156, 155, 154, 155, 156, 153, 157, 154, 154, 155, 156, 156, 156,
    154, 155, 155, 154, 156, 154, 155, 156, 153, 153, 154, 153, 155, 156,
    153, 153, 154, 153, 157, 156, 154 ]
RHandPositionsY: [ 268, 267, 269, 269, 268, 269, 268, 266, 265, 267, 266,
    268, 266, 266, 266, 266, 265, 264, 264, 266, 266, 265, 263, 262, 264,
    264, 265, 264, 265, 263, 265, 262, 261, 262, 264, 263, 262, 260, 261,
    261, 261, 263, 263, 264, 262, 259, 259, 263, 263, 261, 262, 263, 261,
    262, 263, 260, 259, 259, 259, 260, 260, 261, 261, 262, 260, 262, 263,
    261, 262, 259, 263, 262, 260, 263, 261, 259, 261, 263, 263, 263, 260,
    259, 259, 263, 260, 260, 261, 259 ]
