%YAML:1.0
---
videoName: "LHShake14.mp4"
gestureLabel: 2
fps: 29
pixelSizeInCmTemp: 3.2808219178082193e-01
faceCenterPointX: 256
faceCenterPointY: 64
LHandPositionsX: [ 352, 352, 348, 358, 369, 382, 390, 389, 386, 382, 370,
    358, 358, 356, 362, 371, 380, 381, 381, 383, 375, 363, 356, 354, 353,
    357, 367, 382, 388, 386, 383, 377, 369, 360, 359, 356, 362, 371, 383,
    381, 384, 379, 370, 359, 362, 359, 359, 364, 373, 380, 376, 378, 373,
    366, 355, 351, 344, 339, 334, 329, 330, 332, 329, 327, 330, 333, 331,
    328, 330, 329, 329, 329, 332, 331, 329, 328, 327, 328, 327, 329, 328,
    329, 327, 331, 330, 328, 330, 329 ]
LHandPositionsY: [ 145, 148, 144, 143, 141, 140, 140, 142, 141, 143, 147,
    146, 148, 146, 148, 144, 138, 137, 141, 140, 139, 145, 148, 149, 146,
    146, 147, 141, 140, 143, 143, 140, 145, 148, 144, 150, 146, 147, 143,
    142, 145, 141, 141, 140, 144, 140, 141, 139, 137, 141, 141, 146, 151,
    155, 157, 167, 179, 187, 197, 210, 222, 234, 235, 236, 242, 244, 249,
    250, 251, 249, 252, 249, 249, 250, 249, 251, 248, 250, 251, 251, 252,
    252, 250, 249, 252, 249, 249, 250 ]
RHandPositionsX: [ 185, 184, 182, 182, 179, 182, 179, 179, 179, 179, 179,
    179, 181, 179, 179, 179, 178, 177, 178, 178, 175, 176, 177, 176, 176,
    176, 176, 179, 175, 179, 177, 177, 179, 178, 177, 179, 176, 179, 180,
    179, 178, 179, 178, 178, 176, 177, 175, 178, 176, 177, 179, 178, 179,
    179, 179, 176, 176, 176, 176, 178, 179, 175, 178, 178, 175, 179, 177,
    177, 177, 176, 176, 177, 178, 178, 176, 178, 176, 179, 177, 178, 178,
    175, 176, 178, 175, 179, 177, 177 ]
RHandPositionsY: [ 278, 279, 275, 275, 278, 276, 276, 275, 276, 279, 276,
    274, 274, 274, 275, 274, 277, 277, 275, 277, 277, 277, 276, 277, 275,
    276, 274, 277, 273, 276, 273, 277, 276, 274, 277, 276, 274, 273, 275,
    274, 273, 275, 277, 275, 273, 273, 273, 274, 273, 277, 276, 275, 274,
    277, 274, 276, 276, 273, 277, 274, 277, 275, 275, 275, 277, 273, 273,
    274, 277, 276, 277, 275, 276, 275, 274, 277, 275, 275, 274, 277, 273,
    275, 276, 277, 275, 273, 276, 277 ]
