%YAML:1.0
---
videoName: "LHShake13.mp4"
gestureLabel: 2
fps: 29
pixelSizeInCmTemp: 3.4214285714285714e-01
faceCenterPointX: 257
faceCenterPointY: 76
LHandPositionsX: [ 326, 326, 327, 323, 323, 326, 326, 324, 328, 327, 331,
    338, 344, 350, 359, 374, 378, 389, 392, 390, 386, 374, 364, 352, 340,
    345, 341, 342, 349, 361, 374, 370, 366, 363, 357, 344, 340, 339, 343,
    352, 360, 370, 368, 365, 357, 351, 345, 345, 346, 349, 354, 363, 367,
    363, 364, 354, 347, 348, 347, 343, 350, 356, 362, 372, 367, 362, 361,
    355, 348, 341, 332, 326, 325, 325, 327, 324, 328, 329, 325, 327, 328,
    325, 327, 325, 327, 326, 327, 326 ]
LHandPositionsY: [ 260, 259, 261, 259, 263, 262, 262, 261, 262, 257, 256,
    247, 235, 227, 211, 195, 186, 176, 165, 159, 150, 152, 153, 156, 155,
    158, 156, 158, 155, 146, 141, 140, 143, 148, 151, 156, 158, 160, 156,
    157, 154, 152, 153, 155, 158, 161, 165, 159, 162, 158, 158, 155, 156,
    156, 157, 160, 166, 164, 165, 161, 158, 156, 156, 151, 151, 149, 148,
    151, 155, 160, 167, 180, 190, 205, 223, 234, 245, 245, 243, 245, 245,
    247, 247, 251, 250, 249, 248, 248 ]
RHandPositionsX: [ 182, 184, 184, 184, 182, 185, 181, 181, 184, 181, 184,
    184, 182, 181, 184, 183, 181, 181, 181, 181, 185, 182, 185, 181, 181,
    184, 183, 182, 181, 183, 183, 181, 183, 182, 184, 185, 184, 185, 185,
    182, 183, 184, 184, 184, 182, 185, 181, 181, 182, 185, 185, 182, 183,
    183, 181, 182, 181, 183, 183, 185, 181, 181, 183, 185, 184, 185, 185,
    181, 185, 185, 182, 181, 185, 182, 181, 182, 184, 183, 184, 181, 181,
    185, 182, 183, 182, 184, 181, 184 ]
RHandPositionsY: [ 271, 268, 271, 268, 271, 270, 271, 267, 271, 267, 269,
    270, 269, 267, 268, 268, 270, 267, 268, 271, 267, 268, 267, 267, 269,
    269, 270, 268, 267, 267, 267, 268, 268, 267, 271, 270, 268, 269, 269,
    269, 267, 269, 267, 270, 267, 267, 268, 268, 271, 269, 270, 268, 268,
    269, 267, 268, 268, 267, 267, 268, 268, 267, 271, 270, 271, 269, 270,
    268, 269, 269, 268, 271, 268, 269, 269, 268, 268, 271, 271, 269, 269,
    267, 269, 267, 267, 269, 271, 267 ]
