%YAML:1.0
---
videoName: "LHShake05.mp4"
gestureLabel: 2
fps: 30
pixelSizeInCmTemp: 3.2364864864864862e-01
faceCenterPointX: 252
faceCenterPointY: 81
LHandPositionsX: [ 294, 292, 294, 295, 293, 292, 294, 294, 294, 290, 294,
    297, 303, 312, 321, 331, 340, 344, 343, 339, 342, 336, 330, 332, 329,
    330, 332, 335, 340, 342, 346, 339, 331, 325, 324, 323, 328, 331, 335,
    337, 339, 329, 323, 320, 319, 325, 329, 334, 338, 340, 332, 330, 326,
    325, 324, 327, 331, 338, 340, 335, 335, 333, 331, 328, 331, 335, 341,
    337, 341, 336, 334, 324, 320, 315, 313, 306, 304, 301, 299, 295, 295,
    296, 293, 293, 293, 295, 294, 293, 292, 293, 295 ]
LHandPositionsY: [ 266, 270, 268, 269, 269, 265, 268, 266, 266, 256, 243,
    227, 212, 198, 184, 173, 167, 160, 159, 153, 152, 155, 154, 155, 152,
    151, 147, 142, 139, 138, 136, 139, 147, 149, 144, 146, 144, 140, 138,
    136, 131, 137, 142, 143, 143, 142, 137, 137, 135, 133, 136, 142, 142,
    140, 142, 141, 142, 138, 136, 138, 139, 141, 141, 144, 145, 139, 137,
    140, 137, 138, 144, 147, 160, 171, 177, 190, 196, 207, 218, 230, 234,
    234, 239, 244, 245, 249, 251, 252, 251, 254, 260 ]
RHandPositionsX: [ 214, 213, 213, 214, 214, 214, 214, 212, 213, 214, 211,
    211, 212, 211, 211, 213, 209, 209, 213, 209, 212, 212, 211, 208, 210,
    210, 210, 211, 207, 206, 208, 207, 210, 209, 206, 209, 207, 208, 209,
    208, 206, 207, 210, 209, 207, 210, 207, 210, 207, 207, 208, 209, 209,
    207, 210, 210, 208, 206, 206, 210, 206, 207, 206, 207, 210, 210, 210,
    207, 210, 207, 209, 207, 208, 206, 209, 210, 206, 208, 210, 207, 210,
    208, 210, 206, 211, 209, 211, 208, 211, 212, 212 ]
RHandPositionsY: [ 264, 265, 265, 265, 266, 262, 265, 264, 263, 265, 265,
    263, 262, 262, 263, 266, 265, 262, 262, 263, 263, 265, 264, 265, 263,
    263, 264, 264, 262, 266, 263, 264, 266, 264, 265, 264, 261, 261, 264,
    265, 261, 264, 263, 261, 265, 263, 264, 261, 265, 261, 262, 264, 263,
    264, 265, 262, 264, 261, 263, 262, 262, 263, 264, 262, 261, 263, 265,
    265, 263, 265, 261, 263, 264, 262, 263, 261, 265, 264, 262, 265, 261,
    263, 264, 261, 265, 265, 262, 263, 265, 265, 262 ]
