%YAML:1.0
---
videoName: "LHShake08.mp4"
gestureLabel: 2
fps: 29
pixelSizeInCmTemp: 3.4710144927536229e-01
faceCenterPointX: 261
faceCenterPointY: 69
LHandPositionsX: [ 339, 339, 343, 347, 349, 347, 353, 364, 368, 371, 373,
    372, 376, 369, 356, 346, 338, 342, 341, 341, 347, 360, 368, 364, 361,
    358, 360, 352, 342, 338, 338, 337, 341, 350, 359, 368, 367, 365, 365,
    360, 353, 342, 335, 336, 338, 339, 342, 350, 357, 356, 355, 359, 357,
    351, 346, 344, 343, 340, 345, 350, 354, 362, 373, 370, 368, 369, 363,
    359, 353, 346, 337, 336, 330, 329, 330, 335, 336, 334, 334, 339, 336,
    338, 337, 335, 336, 339, 337, 336 ]
LHandPositionsY: [ 266, 268, 265, 255, 250, 237, 218, 199, 184, 172, 161,
    157, 142, 146, 143, 146, 152, 152, 152, 150, 149, 147, 139, 137, 138,
    137, 141, 144, 149, 152, 152, 153, 152, 152, 150, 150, 147, 147, 146,
    152, 152, 153, 157, 162, 162, 163, 162, 157, 154, 153, 153, 154, 155,
    153, 160, 162, 159, 161, 163, 160, 154, 149, 145, 146, 148, 147, 147,
    156, 159, 169, 174, 184, 195, 208, 219, 231, 245, 245, 247, 249, 256,
    255, 253, 256, 256, 259, 255, 258 ]
RHandPositionsX: [ 176, 172, 173, 174, 174, 174, 174, 176, 176, 172, 173,
    174, 176, 173, 173, 175, 176, 174, 176, 172, 173, 172, 175, 175, 172,
    175, 175, 173, 176, 176, 175, 176, 173, 175, 177, 175, 176, 173, 176,
    175, 176, 175, 173, 175, 175, 175, 175, 174, 175, 177, 174, 177, 177,
    177, 175, 176, 176, 175, 177, 178, 174, 175, 178, 176, 176, 175, 178,
    174, 178, 175, 175, 178, 178, 176, 174, 176, 177, 174, 175, 175, 177,
    177, 176, 177, 175, 174, 176, 177 ]
RHandPositionsY: [ 275, 276, 273, 274, 274, 277, 273, 277, 273, 273, 276,
    273, 276, 276, 273, 275, 273, 275, 275, 275, 274, 276, 277, 274, 276,
    275, 275, 274, 276, 274, 274, 273, 273, 275, 276, 276, 275, 273, 274,
    274, 273, 277, 275, 277, 277, 276, 276, 276, 276, 274, 275, 274, 273,
    274, 275, 275, 275, 274, 276, 273, 273, 276, 273, 273, 276, 274, 273,
    277, 273, 275, 277, 273, 276, 275, 275, 275, 273, 273, 273, 276, 274,
    273, 275, 277, 276, 275, 275, 273 ]
