%YAML:1.0
---
videoName: "LHShake01.mp4"
gestureLabel: 2
fps: 29
pixelSizeInCmTemp: 3.4214285714285714e-01
faceCenterPointX: 252
faceCenterPointY: 84
LHandPositionsX: [ 366, 363, 366, 363, 360, 353, 345, 339, 334, 330, 332,
    334, 341, 345, 350, 353, 355, 356, 352, 347, 343, 342, 341, 338, 339,
    341, 345, 347, 352, 352, 351, 348, 343, 340, 337, 335, 330, 334, 335,
    343, 343, 347, 347, 349, 348, 347, 345, 337, 337, 334, 335, 334, 337,
    343, 344, 350, 350, 348, 346, 348, 346, 343, 339, 331, 326, 326, 330,
    334, 332, 328, 332, 333, 334, 341, 340, 343, 343, 344, 348, 348, 351,
    350, 347, 349, 349, 348, 350, 348 ]
LHandPositionsY: [ 144, 141, 130, 127, 124, 121, 116, 119, 120, 119, 120,
    123, 120, 117, 115, 112, 111, 110, 107, 109, 112, 112, 114, 115, 113,
    113, 113, 107, 104, 104, 104, 106, 105, 106, 109, 115, 113, 112, 111,
    111, 107, 105, 106, 103, 106, 107, 104, 107, 106, 110, 108, 110, 109,
    105, 105, 105, 104, 101, 103, 103, 104, 104, 108, 120, 133, 142, 150,
    162, 162, 163, 173, 182, 191, 201, 207, 215, 219, 221, 220, 223, 226,
    226, 230, 230, 229, 232, 230, 229 ]
RHandPositionsX: [ 157, 153, 154, 157, 153, 154, 154, 153, 153, 153, 156,
    153, 156, 154, 154, 156, 156, 153, 155, 155, 156, 156, 157, 157, 155,
    157, 154, 156, 156, 157, 153, 156, 154, 153, 156, 156, 154, 157, 156,
    157, 153, 156, 155, 155, 155, 154, 153, 155, 157, 155, 157, 154, 157,
    157, 156, 156, 155, 157, 154, 153, 157, 156, 157, 153, 153, 156, 153,
    156, 154, 155, 153, 155, 156, 157, 157, 154, 153, 153, 155, 155, 157,
    157, 154, 156, 157, 153, 156, 155 ]
RHandPositionsY: [ 271, 268, 267, 267, 266, 268, 266, 269, 269, 267, 265,
    266, 266, 265, 264, 267, 265, 263, 265, 265, 267, 266, 263, 265, 266,
    265, 261, 264, 264, 264, 263, 262, 261, 263, 261, 260, 263, 264, 264,
    262, 261, 260, 262, 261, 263, 262, 261, 262, 262, 263, 259, 259, 262,
    259, 261, 260, 261, 263, 262, 263, 262, 261, 263, 260, 261, 261, 263,
    261, 262, 259, 262, 262, 261, 259, 263, 262, 263, 260, 260, 263, 261,
    260, 263, 259, 263, 260, 259, 261 ]
