%YAML:1.0
---
videoName: "LHShake00.mp4"
gestureLabel: 2
fps: 29
pixelSizeInCmTemp: 3.4214285714285714e-01
faceCenterPointX: 252
faceCenterPointY: 85
LHandPositionsX: [ 350, 351, 351, 352, 355, 358, 359, 355, 353, 342, 335,
    324, 321, 325, 320, 325, 327, 330, 336, 335, 341, 340, 330, 328, 324,
    323, 327, 331, 334, 336, 340, 338, 337, 334, 324, 325, 321, 328, 329,
    335, 341, 342, 341, 339, 331, 326, 326, 326, 328, 328, 333, 338, 338,
    343, 343, 335, 329, 325, 325, 323, 325, 331, 335, 335, 336, 341, 342,
    341, 336, 331, 331, 327, 325, 329, 327, 327, 331, 330, 336, 336, 340,
    338, 339, 340, 343, 342, 342, 340 ]
LHandPositionsY: [ 256, 251, 248, 232, 209, 186, 169, 149, 139, 137, 133,
    136, 137, 135, 133, 135, 130, 132, 129, 128, 126, 126, 130, 132, 133,
    132, 130, 129, 131, 124, 124, 123, 125, 125, 134, 133, 135, 136, 132,
    131, 125, 125, 122, 120, 129, 131, 132, 132, 133, 130, 132, 128, 124,
    120, 124, 127, 130, 131, 129, 129, 130, 125, 120, 122, 122, 121, 115,
    126, 138, 147, 159, 165, 164, 172, 184, 190, 200, 206, 211, 219, 224,
    227, 226, 234, 233, 237, 235, 237 ]
RHandPositionsX: [ 153, 152, 156, 154, 154, 156, 156, 156, 152, 153, 154,
    156, 155, 156, 155, 153, 153, 155, 154, 155, 153, 152, 153, 153, 154,
    152, 154, 155, 152, 156, 156, 156, 156, 156, 155, 156, 155, 152, 152,
    156, 152, 156, 154, 152, 156, 156, 152, 154, 154, 154, 153, 152, 154,
    156, 155, 156, 154, 155, 156, 154, 153, 153, 153, 154, 156, 153, 152,
    154, 155, 156, 155, 155, 154, 156, 154, 155, 155, 154, 152, 155, 154,
    153, 154, 153, 155, 156, 156, 152 ]
RHandPositionsY: [ 277, 278, 276, 276, 276, 275, 275, 276, 272, 274, 272,
    273, 272, 269, 272, 270, 271, 271, 270, 270, 269, 266, 266, 267, 267,
    268, 266, 267, 268, 264, 264, 267, 264, 263, 265, 264, 265, 263, 261,
    263, 263, 264, 261, 260, 262, 261, 263, 262, 264, 261, 261, 261, 263,
    262, 260, 262, 260, 261, 264, 263, 262, 261, 262, 261, 260, 261, 260,
    260, 260, 262, 261, 261, 262, 261, 264, 262, 264, 261, 263, 263, 260,
    260, 264, 260, 263, 264, 264, 263 ]
