%YAML:1.0
---
videoName: "LHShake09.mp4"
gestureLabel: 2
fps: 29
pixelSizeInCmTemp: 3.3263888888888887e-01
faceCenterPointX: 259
faceCenterPointY: 67
LHandPositionsX: [ 339, 340, 339, 340, 341, 348, 350, 354, 350, 356, 361,
    363, 371, 366, 366, 364, 359, 351, 342, 331, 334, 332, 328, 328, 338,
    348, 347, 351, 349, 348, 353, 351, 340, 338, 338, 335, 336, 344, 352,
    362, 365, 364, 368, 363, 357, 347, 340, 339, 335, 334, 340, 345, 352,
    352, 355, 355, 356, 350, 343, 336, 335, 336, 333, 338, 340, 348, 352,
    352, 356, 351, 348, 345, 338, 329, 324, 321, 316, 320, 320, 326, 326,
    329, 331, 331, 333, 334, 333, 332 ]
LHandPositionsY: [ 274, 275, 272, 274, 275, 269, 264, 256, 251, 236, 233,
    215, 202, 198, 184, 173, 167, 162, 160, 157, 158, 158, 159, 155, 150,
    149, 145, 148, 148, 144, 150, 149, 150, 152, 155, 155, 153, 152, 154,
    153, 151, 152, 153, 152, 157, 156, 155, 158, 155, 157, 152, 154, 154,
    154, 151, 153, 150, 152, 153, 151, 153, 150, 154, 151, 153, 154, 151,
    152, 150, 149, 153, 157, 161, 170, 183, 193, 205, 221, 232, 241, 245,
    247, 250, 252, 257, 260, 257, 260 ]
RHandPositionsX: [ 179, 179, 179, 180, 179, 180, 177, 179, 177, 180, 178,
    179, 178, 178, 178, 177, 177, 179, 177, 177, 179, 180, 178, 179, 176,
    177, 178, 180, 177, 179, 176, 178, 176, 177, 176, 180, 179, 179, 180,
    177, 178, 179, 176, 178, 178, 178, 180, 178, 178, 178, 177, 179, 177,
    179, 179, 176, 176, 176, 176, 177, 180, 177, 179, 176, 178, 179, 176,
    177, 177, 178, 180, 179, 179, 177, 180, 180, 179, 176, 176, 179, 176,
    179, 180, 177, 176, 180, 178, 180 ]
RHandPositionsY: [ 276, 277, 278, 279, 279, 275, 276, 279, 279, 279, 277,
    275, 275, 275, 279, 277, 276, 275, 275, 276, 276, 275, 279, 279, 277,
    279, 275, 275, 277, 275, 277, 276, 278, 275, 277, 275, 277, 279, 277,
    279, 276, 276, 279, 279, 278, 275, 278, 278, 277, 277, 278, 275, 278,
    277, 277, 278, 278, 276, 276, 276, 278, 278, 277, 279, 276, 275, 277,
    279, 279, 275, 277, 279, 275, 278, 278, 275, 275, 275, 275, 276, 279,
    277, 275, 278, 276, 277, 276, 279 ]
