%YAML:1.0
---
videoName: "LHShake01.mp4"
gestureLabel: 2
fps: 29
pixelSizeInCmTemp: 3.4214285714285714e-01
faceCenterPointX: 252
faceCenterPointY: 84
LHandPositionsX: [ 363, 363, 365, 365, 360, 357, 349, 342, 337, 334, 333,
    332, 339, 345, 350, 352, 356, 357, 351, 349, 343, 340, 342, 338, 338,
    341, 344, 346, 352, 352, 351, 349, 344, 343, 337, 334, 332, 335, 337,
    343, 342, 347, 345, 350, 350, 347, 344, 338, 335, 333, 332, 336, 335,
    344, 346, 350, 351, 349, 349, 349, 346, 339, 336, 329, 326, 327, 330,
    335, 334, 328, 332, 334, 335, 338, 343, 341, 344, 345, 348, 350, 349,
    347, 351, 350, 352, 350, 352, 348 ]
LHandPositionsY: [ 146, 139, 134, 129, 126, 118, 120, 121, 122, 122, 122,
    121, 120, 117, 111, 113, 109, 108, 107, 110, 111, 114, 115, 111, 112,
    110, 111, 108, 107, 104, 103, 104, 107, 108, 112, 115, 113, 112, 111,
    110, 111, 109, 108, 105, 104, 105, 108, 107, 106, 108, 108, 110, 109,
    106, 106, 102, 102, 103, 102, 101, 105, 102, 109, 120, 135, 142, 149,
    163, 165, 162, 173, 182, 189, 199, 209, 215, 220, 223, 223, 226, 225,
    228, 229, 227, 229, 229, 229, 230 ]
RHandPositionsX: [ 157, 155, 157, 155, 154, 155, 153, 155, 154, 156, 153,
    154, 156, 154, 157, 155, 153, 154, 156, 153, 157, 157, 155, 154, 156,
    154, 156, 157, 155, 153, 153, 154, 155, 155, 153, 153, 153, 153, 155,
    153, 155, 157, 153, 156, 153, 154, 157, 153, 155, 156, 157, 153, 153,
    156, 154, 154, 154, 155, 153, 154, 153, 155, 155, 157, 155, 155, 156,
    157, 154, 153, 154, 154, 154, 153, 154, 157, 153, 157, 154, 154, 157,
    155, 156, 157, 154, 157, 157, 153 ]
RHandPositionsY: [ 271, 268, 269, 271, 267, 270, 267, 270, 269, 268, 265,
    267, 266, 265, 267, 267, 267, 266, 267, 264, 265, 266, 262, 263, 265,
    265, 265, 261, 263, 265, 264, 264, 264, 265, 261, 264, 260, 263, 264,
    261, 262, 264, 261, 262, 259, 260, 259, 261, 259, 260, 261, 262, 261,
    261, 259, 263, 260, 263, 261, 260, 262, 260, 259, 260, 259, 260, 261,
    259, 263, 259, 262, 259, 260, 262, 262, 261, 263, 260, 261, 262, 260,
    262, 261, 263, 263, 260, 260, 261 ]
