%YAML:1.0
---
videoName: "LHShake23.mp4"
gestureLabel: 2
fps: 30
pixelSizeInCmTemp: 3.3263888888888887e-01
faceCenterPointX: 259
faceCenterPointY: 79
LHandPositionsX: [ 334, 332, 333, 331, 332, 333, 331, 331, 334, 334, 331,
    335, 339, 344, 350, 359, 367, 372, 374, 378, 381, 379, 373, 369, 359,
    353, 352, 350, 354, 360, 370, 379, 383, 382, 383, 378, 371, 363, 360,
    358, 362, 370, 379, 384, 382, 381, 379, 375, 364, 355, 354, 353, 355,
    365, 371, 383, 380, 378, 380, 375, 366, 357, 355, 355, 355, 363, 371,
    379, 378, 376, 377, 374, 367, 363, 356, 352, 345, 346, 341, 338, 339,
    336, 338, 339, 339, 334, 335, 334, 336, 336, 333 ]
LHandPositionsY: [ 266, 262, 264, 262, 264, 262, 262, 265, 263, 260, 258,
    254, 242, 230, 231, 212, 201, 198, 195, 185, 179, 172, 168, 168, 167,
    170, 167, 168, 171, 168, 165, 161, 159, 159, 161, 163, 161, 162, 163,
    166, 167, 165, 162, 157, 159, 159, 161, 157, 161, 162, 163, 165, 169,
    167, 163, 163, 166, 162, 161, 161, 167, 167, 167, 167, 167, 171, 169,
    167, 166, 166, 171, 171, 176, 185, 191, 203, 212, 226, 237, 250, 248,
    251, 253, 250, 251, 254, 256, 254, 252, 256, 254 ]
RHandPositionsX: [ 184, 182, 184, 185, 186, 182, 185, 185, 184, 183, 186,
    183, 182, 183, 184, 186, 183, 185, 186, 182, 185, 184, 183, 186, 185,
    186, 186, 186, 183, 186, 186, 182, 182, 182, 186, 182, 184, 183, 185,
    184, 184, 184, 185, 184, 183, 182, 186, 185, 182, 184, 182, 186, 182,
    186, 183, 186, 183, 184, 185, 185, 185, 185, 185, 186, 183, 185, 186,
    184, 182, 186, 184, 186, 182, 183, 185, 186, 184, 186, 185, 184, 184,
    185, 183, 183, 183, 183, 183, 185, 184, 182, 183 ]
RHandPositionsY: [ 270, 270, 272, 271, 273, 271, 274, 270, 273, 270, 274,
    273, 274, 273, 272, 273, 272, 271, 271, 272, 274, 273, 273, 270, 274,
    270, 274, 272, 274, 272, 272, 272, 273, 270, 274, 270, 270, 270, 273,
    271, 273, 274, 274, 272, 270, 272, 273, 272, 271, 274, 274, 274, 271,
    270, 271, 272, 274, 273, 271, 270, 273, 274, 270, 271, 270, 271, 273,
    270, 272, 274, 270, 274, 273, 271, 271, 274, 270, 270, 271, 272, 274,
    270, 271, 271, 271, 271, 272, 274, 270, 272, 274 ]
