%YAML:1.0
---
videoName: "LHShake23.mp4"
gestureLabel: 2
fps: 30
pixelSizeInCmTemp: 3.3263888888888887e-01
faceCenterPointX: 259
faceCenterPointY: 79
LHandPositionsX: [ 333, 333, 334, 330, 330, 333, 334, 332, 333, 333, 335,
    333, 341, 347, 348, 360, 367, 369, 376, 377, 381, 377, 377, 365, 359,
    350, 354, 351, 353, 361, 369, 378, 387, 382, 386, 379, 370, 361, 360,
    362, 360, 368, 379, 384, 381, 383, 380, 372, 361, 356, 354, 350, 355,
    364, 371, 379, 382, 379, 381, 372, 366, 358, 359, 356, 356, 366, 375,
    379, 379, 376, 380, 375, 370, 361, 354, 352, 347, 346, 343, 340, 339,
    336, 340, 338, 338, 334, 336, 335, 334, 333, 337 ]
LHandPositionsY: [ 263, 265, 265, 262, 266, 262, 263, 262, 261, 261, 259,
    250, 244, 231, 229, 215, 198, 195, 194, 189, 183, 171, 167, 168, 166,
    168, 170, 167, 170, 166, 163, 163, 161, 159, 159, 159, 164, 161, 162,
    162, 163, 165, 161, 160, 161, 160, 157, 160, 163, 162, 163, 164, 168,
    168, 166, 162, 162, 165, 165, 164, 167, 168, 167, 170, 171, 170, 166,
    168, 169, 168, 167, 170, 176, 184, 191, 200, 211, 226, 239, 249, 251,
    253, 250, 251, 254, 254, 255, 254, 253, 254, 252 ]
RHandPositionsX: [ 185, 185, 185, 182, 185, 182, 182, 183, 184, 182, 182,
    183, 183, 184, 182, 186, 185, 186, 182, 186, 185, 184, 182, 182, 183,
    184, 185, 182, 184, 183, 182, 183, 182, 184, 183, 183, 184, 182, 186,
    184, 186, 184, 186, 185, 186, 183, 183, 183, 185, 186, 186, 186, 184,
    182, 182, 182, 184, 185, 185, 185, 183, 186, 182, 183, 183, 185, 185,
    186, 182, 182, 182, 185, 186, 183, 184, 184, 183, 185, 183, 182, 183,
    183, 182, 186, 184, 184, 184, 185, 182, 183, 182 ]
RHandPositionsY: [ 270, 274, 274, 272, 272, 271, 272, 273, 274, 271, 272,
    273, 274, 270, 270, 271, 274, 274, 272, 272, 273, 270, 272, 272, 271,
    271, 274, 271, 272, 273, 272, 271, 274, 271, 272, 272, 272, 271, 272,
    273, 274, 274, 271, 273, 270, 270, 272, 273, 271, 272, 273, 270, 272,
    273, 270, 271, 273, 271, 271, 272, 273, 270, 271, 272, 272, 274, 272,
    273, 273, 271, 270, 270, 271, 272, 270, 272, 270, 271, 271, 271, 271,
    272, 272, 274, 270, 273, 271, 270, 270, 273, 272 ]
