%YAML:1.0
---
videoName: "LHShake16.mp4"
gestureLabel: 2
fps: 30
pixelSizeInCmTemp: 3.3732394366197183e-01
faceCenterPointX: 247
faceCenterPointY: 66
LHandPositionsX: [ 322, 324, 324, 329, 331, 338, 345, 353, 363, 374, 381,
    395, 401, 410, 405, 401, 398, 390, 374, 361, 357, 359, 364, 372, 380,
    398, 397, 390, 388, 386, 376, 369, 372, 372, 372, 380, 387, 388, 401,
    395, 384, 374, 367, 369, 363, 370, 372, 384, 400, 405, 395, 387, 372,
    363, 361, 364, 363, 366, 377, 391, 389, 385, 389, 381, 372, 364, 355,
    351, 343, 333, 336, 331, 329, 328, 328, 328, 331, 331, 328, 330, 326,
    326, 328, 325, 327, 329, 324, 325, 324, 327, 328 ]
LHandPositionsY: [ 254, 252, 253, 252, 252, 243, 232, 221, 209, 193, 182,
    167, 153, 150, 142, 134, 122, 115, 116, 114, 119, 121, 124, 114, 116,
    117, 116, 120, 117, 118, 123, 131, 128, 134, 127, 117, 117, 119, 118,
    117, 115, 129, 133, 132, 133, 138, 129, 127, 125, 121, 121, 129, 139,
    142, 146, 144, 145, 146, 134, 127, 130, 129, 127, 131, 141, 150, 162,
    170, 179, 197, 205, 214, 226, 227, 232, 236, 238, 239, 238, 237, 240,
    242, 241, 241, 244, 245, 242, 245, 245, 243, 242 ]
RHandPositionsX: [ 177, 177, 178, 176, 179, 178, 177, 175, 177, 177, 178,
    179, 175, 175, 177, 179, 177, 179, 176, 177, 176, 176, 178, 175, 178,
    177, 175, 178, 176, 176, 177, 178, 178, 175, 175, 178, 178, 175, 176,
    178, 178, 177, 177, 175, 178, 177, 179, 175, 177, 178, 179, 176, 178,
    175, 175, 179, 179, 175, 179, 176, 175, 176, 176, 176, 175, 178, 178,
    175, 178, 176, 179, 177, 177, 179, 175, 177, 176, 179, 178, 175, 176,
    176, 179, 177, 179, 179, 178, 175, 177, 177, 179 ]
RHandPositionsY: [ 258, 260, 258, 262, 258, 259, 258, 259, 259, 260, 262,
    259, 260, 259, 261, 260, 259, 258, 260, 261, 261, 261, 262, 261, 262,
    262, 262, 260, 259, 261, 258, 259, 258, 258, 262, 262, 259, 261, 260,
    259, 258, 260, 259, 262, 261, 259, 262, 262, 260, 260, 259, 261, 261,
    261, 258, 262, 258, 258, 262, 260, 262, 261, 259, 259, 262, 258, 259,
    259, 259, 258, 261, 262, 258, 262, 259, 261, 259, 260, 260, 261, 259,
    262, 261, 259, 260, 262, 259, 258, 259, 258, 259 ]
