%YAML:1.0
---
videoName: "LHShake24.mp4"
gestureLabel: 2
fps: 30
pixelSizeInCmTemp: 3.4214285714285714e-01
faceCenterPointX: 255
faceCenterPointY: 77
LHandPositionsX: [ 330, 329, 328, 327, 329, 329, 330, 327, 330, 332, 330,
    336, 342, 345, 353, 359, 367, 377, 381, 381, 383, 378, 371, 360, 350,
    339, 344, 339, 342, 351, 359, 366, 379, 375, 377, 373, 367, 355, 343,
    337, 343, 338, 343, 352, 366, 366, 367, 366, 363, 356, 343, 339, 340,
    341, 344, 354, 362, 372, 371, 374, 367, 364, 355, 345, 346, 342, 344,
    353, 361, 370, 369, 370, 367, 359, 351, 340, 337, 335, 327, 327, 323,
    325, 326, 324, 328, 325, 328, 329, 324, 326, 325 ]
LHandPositionsY: [ 262, 262, 264, 264, 260, 263, 261, 263, 263, 259, 258,
    256, 245, 237, 225, 206, 193, 182, 171, 173, 159, 151, 152, 152, 156,
    163, 162, 161, 160, 162, 159, 152, 151, 147, 148, 144, 147, 150, 150,
    157, 156, 153, 154, 152, 149, 150, 151, 149, 154, 153, 159, 161, 161,
    161, 162, 160, 161, 160, 160, 155, 158, 157, 158, 161, 162, 161, 162,
    163, 159, 158, 160, 157, 159, 160, 160, 161, 169, 181, 187, 195, 207,
    221, 228, 230, 234, 238, 242, 245, 249, 247, 248 ]
RHandPositionsX: [ 183, 180, 179, 179, 181, 181, 182, 179, 180, 183, 180,
    182, 182, 180, 183, 180, 179, 183, 182, 183, 180, 181, 181, 183, 182,
    179, 183, 182, 182, 182, 180, 180, 182, 183, 180, 179, 180, 182, 182,
    181, 180, 183, 183, 183, 183, 182, 180, 181, 183, 181, 179, 179, 181,
    181, 181, 181, 182, 180, 183, 183, 181, 180, 180, 182, 181, 182, 182,
    179, 180, 183, 182, 179, 179, 183, 183, 182, 182, 181, 181, 179, 181,
    182, 180, 183, 182, 180, 180, 180, 180, 183, 181 ]
RHandPositionsY: [ 271, 270, 271, 267, 271, 270, 268, 268, 268, 268, 270,
    270, 267, 267, 271, 268, 269, 267, 271, 268, 269, 268, 271, 268, 269,
    271, 270, 271, 269, 271, 268, 270, 270, 271, 268, 270, 270, 271, 268,
    267, 267, 270, 268, 271, 269, 271, 270, 268, 269, 267, 268, 268, 269,
    267, 269, 270, 270, 271, 270, 270, 269, 269, 269, 271, 270, 270, 271,
    270, 269, 271, 270, 269, 270, 271, 269, 271, 271, 268, 269, 267, 270,
    269, 271, 270, 268, 267, 271, 268, 271, 267, 268 ]
