%YAML:1.0
---
videoName: "LHShake05.mp4"
gestureLabel: 2
fps: 30
pixelSizeInCmTemp: 3.2364864864864862e-01
faceCenterPointX: 252
faceCenterPointY: 81
LHandPositionsX: [ 294, 294, 295, 292, 291, 291, 294, 293, 291, 290, 294,
    295, 301, 312, 322, 333, 344, 340, 343, 340, 340, 338, 332, 332, 332,
    333, 334, 339, 340, 345, 346, 339, 333, 323, 327, 325, 329, 331, 337,
    339, 335, 331, 321, 322, 321, 325, 325, 330, 337, 338, 336, 330, 324,
    325, 323, 325, 331, 336, 339, 336, 332, 331, 333, 332, 329, 334, 338,
    339, 339, 336, 335, 325, 319, 313, 310, 306, 303, 298, 297, 297, 295,
    297, 292, 291, 291, 294, 294, 292, 293, 293, 296 ]
LHandPositionsY: [ 269, 270, 269, 269, 268, 268, 269, 268, 262, 256, 240,
    229, 213, 199, 186, 175, 166, 164, 156, 156, 151, 153, 154, 155, 153,
    153, 149, 142, 138, 136, 134, 138, 145, 147, 146, 145, 143, 139, 138,
    133, 135, 140, 144, 145, 142, 140, 140, 136, 133, 131, 137, 139, 142,
    141, 144, 142, 141, 139, 134, 137, 139, 142, 144, 142, 145, 139, 137,
    139, 137, 139, 141, 151, 163, 171, 177, 187, 197, 207, 217, 230, 236,
    234, 237, 242, 246, 249, 249, 249, 251, 254, 260 ]
RHandPositionsX: [ 214, 211, 211, 214, 213, 212, 213, 212, 211, 210, 214,
    211, 213, 211, 209, 210, 211, 212, 210, 209, 212, 212, 210, 212, 209,
    208, 211, 208, 210, 209, 210, 206, 208, 206, 208, 206, 208, 206, 210,
    206, 206, 208, 208, 206, 209, 206, 206, 206, 210, 206, 209, 206, 208,
    208, 206, 208, 209, 208, 208, 210, 210, 206, 206, 209, 210, 210, 206,
    206, 209, 207, 209, 209, 208, 207, 208, 206, 210, 206, 210, 210, 209,
    209, 210, 210, 211, 207, 208, 211, 211, 212, 211 ]
RHandPositionsY: [ 263, 265, 266, 266, 262, 266, 266, 264, 262, 265, 262,
    262, 266, 266, 264, 266, 263, 266, 265, 263, 262, 264, 263, 264, 262,
    265, 266, 262, 264, 263, 263, 266, 266, 263, 263, 261, 265, 261, 263,
    264, 262, 261, 264, 265, 264, 265, 263, 265, 261, 262, 263, 263, 261,
    265, 263, 262, 265, 265, 264, 263, 261, 264, 261, 261, 263, 265, 264,
    265, 261, 265, 265, 261, 262, 262, 262, 261, 265, 262, 263, 264, 264,
    262, 264, 262, 264, 263, 265, 261, 265, 263, 264 ]
