%YAML:1.0
---
videoName: "LHShake24.mp4"
gestureLabel: 2
fps: 30
pixelSizeInCmTemp: 3.4214285714285714e-01
faceCenterPointX: 255
faceCenterPointY: 77
LHandPositionsX: [ 329, 327, 328, 329, 326, 328, 326, 329, 330, 330, 332,
    333, 342, 345, 352, 361, 370, 377, 380, 381, 382, 379, 374, 362, 350,
    343, 342, 341, 342, 351, 359, 369, 378, 377, 376, 373, 368, 359, 347,
    339, 343, 338, 344, 352, 364, 366, 367, 367, 362, 352, 343, 341, 339,
    341, 344, 355, 362, 371, 368, 372, 371, 360, 354, 346, 347, 345, 347,
    353, 360, 366, 366, 370, 364, 358, 350, 343, 334, 331, 326, 328, 322,
    326, 325, 327, 326, 328, 327, 327, 325, 327, 325 ]
LHandPositionsY: [ 264, 263, 263, 263, 264, 262, 262, 261, 262, 260, 259,
    254, 246, 238, 223, 209, 194, 185, 174, 173, 162, 154, 153, 154, 155,
    162, 162, 164, 160, 162, 155, 152, 147, 149, 149, 147, 147, 148, 154,
    157, 155, 152, 156, 154, 149, 152, 150, 148, 153, 156, 158, 165, 160,
    162, 162, 161, 162, 157, 157, 155, 158, 156, 158, 161, 163, 163, 164,
    159, 159, 159, 158, 158, 159, 158, 161, 163, 169, 177, 189, 198, 209,
    219, 229, 233, 233, 238, 244, 247, 246, 247, 250 ]
RHandPositionsX: [ 182, 183, 182, 180, 179, 179, 180, 180, 183, 183, 180,
    182, 183, 182, 181, 179, 179, 182, 181, 181, 182, 179, 181, 179, 182,
    180, 183, 183, 182, 182, 183, 182, 181, 183, 183, 179, 179, 182, 183,
    182, 179, 179, 182, 181, 179, 182, 183, 179, 183, 183, 182, 183, 183,
    179, 179, 179, 181, 180, 182, 180, 182, 182, 180, 179, 181, 179, 179,
    180, 183, 182, 181, 179, 181, 179, 183, 181, 180, 183, 180, 182, 180,
    181, 180, 183, 182, 183, 179, 179, 182, 181, 179 ]
RHandPositionsY: [ 268, 268, 270, 271, 268, 268, 269, 267, 268, 268, 269,
    270, 269, 271, 270, 271, 271, 270, 268, 267, 271, 267, 270, 269, 270,
    268, 269, 268, 271, 268, 270, 268, 270, 269, 271, 269, 271, 267, 268,
    268, 269, 269, 271, 269, 268, 268, 268, 269, 270, 270, 268, 269, 269,
    271, 268, 270, 271, 269, 267, 269, 269, 269, 268, 271, 269, 269, 271,
    268, 268, 271, 271, 268, 269, 270, 271, 267, 271, 271, 268, 269, 269,
    270, 269, 271, 267, 270, 270, 268, 268, 269, 267 ]
