%YAML:1.0
---
videoName: "LHShake04.mp4"
gestureLabel: 2
fps: 30
pixelSizeInCmTemp: 3.2808219178082193e-01
faceCenterPointX: 247
faceCenterPointY: 80
LHandPositionsX: [ 283, 281, 282, 281, 282, 279, 280, 279, 280, 283, 282,
    280, 282, 283, 282, 286, 290, 296, 308, 319, 333, 346, 361, 366, 373,
    369, 364, 360, 347, 344, 335, 333, 335, 339, 349, 361, 369, 364, 357,
    344, 341, 342, 340, 340, 351, 353, 358, 353, 352, 344, 340, 344, 346,
    347, 355, 356, 353, 352, 343, 346, 347, 347, 356, 359, 363, 367, 362,
    359, 354, 343, 334, 322, 314, 305, 297, 293, 292, 289, 289, 286, 286,
    288, 288, 288, 288, 287, 290, 286, 287, 286, 287 ]
LHandPositionsY: [ 270, 271, 268, 269, 269, 270, 268, 271, 271, 269, 269,
    268, 273, 268, 268, 269, 261, 253, 242, 231, 216, 202, 186, 172, 162,
    160, 154, 153, 134, 132, 131, 128, 126, 117, 115, 113, 108, 107, 113,
    116, 130, 129, 121, 126, 121, 118, 116, 114, 118, 120, 120, 122, 119,
    115, 115, 113, 113, 113, 114, 116, 117, 111, 107, 108, 105, 104, 107,
    111, 127, 142, 157, 171, 185, 200, 215, 223, 235, 244, 242, 245, 246,
    247, 248, 248, 251, 252, 253, 252, 250, 251, 250 ]
RHandPositionsX: [ 214, 216, 215, 215, 216, 215, 218, 214, 216, 218, 216,
    217, 214, 214, 216, 217, 218, 214, 216, 214, 218, 214, 216, 218, 218,
    216, 214, 215, 216, 215, 217, 215, 218, 217, 214, 214, 218, 214, 214,
    216, 216, 214, 214, 218, 218, 214, 217, 217, 218, 216, 216, 214, 216,
    217, 215, 218, 218, 217, 217, 218, 218, 216, 218, 214, 217, 215, 214,
    214, 217, 218, 216, 215, 217, 214, 217, 217, 218, 214, 217, 218, 216,
    214, 218, 214, 215, 218, 216, 218, 214, 218, 215 ]
RHandPositionsY: [ 268, 269, 267, 269, 269, 268, 269, 266, 266, 269, 267,
    267, 267, 266, 265, 268, 266, 267, 268, 267, 268, 267, 266, 263, 264,
    263, 265, 267, 264, 267, 263, 264, 265, 265, 266, 266, 262, 265, 263,
    265, 264, 265, 262, 265, 266, 266, 263, 264, 265, 265, 262, 265, 265,
    265, 264, 262, 264, 263, 265, 261, 264, 263, 261, 262, 264, 265, 261,
    263, 265, 264, 261, 264, 264, 262, 261, 262, 265, 263, 265, 261, 265,
    264, 261, 262, 265, 265, 263, 264, 262, 263, 265 ]
