%YAML:1.0
---
videoName: "LHShake00.mp4"
gestureLabel: 2
fps: 29
pixelSizeInCmTemp: 3.4214285714285714e-01
faceCenterPointX: 252
faceCenterPointY: 85
LHandPositionsX: [ 351, 351, 351, 349, 353, 359, 360, 357, 350, 345, 333,
    323, 325, 321, 324, 324, 327, 332, 334, 339, 337, 338, 332, 324, 326,
    324, 324, 329, 331, 336, 336, 341, 337, 332, 326, 321, 324, 327, 331,
    337, 340, 342, 341, 339, 333, 327, 322, 325, 326, 328, 334, 334, 341,
    341, 342, 335, 330, 323, 322, 324, 326, 332, 334, 336, 338, 339, 341,
    340, 334, 334, 332, 329, 328, 328, 328, 330, 332, 332, 335, 336, 339,
    342, 341, 341, 340, 343, 341, 343 ]
LHandPositionsY: [ 259, 250, 246, 228, 210, 189, 168, 151, 139, 137, 134,
    133, 138, 137, 135, 132, 132, 133, 128, 127, 127, 126, 130, 134, 133,
    135, 133, 131, 130, 123, 122, 122, 125, 126, 136, 136, 135, 136, 133,
    129, 125, 123, 123, 120, 128, 130, 131, 132, 133, 133, 129, 124, 123,
    123, 123, 125, 129, 129, 131, 131, 130, 122, 120, 121, 120, 119, 116,
    126, 138, 150, 159, 165, 163, 174, 187, 192, 199, 209, 211, 219, 224,
    230, 228, 232, 235, 234, 234, 235 ]
RHandPositionsX: [ 155, 156, 154, 156, 156, 156, 154, 156, 156, 154, 153,
    155, 156, 155, 152, 153, 152, 155, 152, 156, 155, 153, 155, 154, 156,
    154, 153, 152, 152, 156, 153, 154, 154, 155, 155, 156, 155, 156, 155,
    152, 152, 153, 154, 156, 155, 156, 153, 152, 156, 154, 156, 156, 153,
    156, 155, 152, 152, 152, 156, 152, 154, 153, 153, 155, 154, 154, 155,
    154, 156, 155, 153, 154, 152, 153, 153, 154, 153, 156, 153, 153, 156,
    156, 153, 153, 153, 154, 153, 156 ]
RHandPositionsY: [ 279, 276, 276, 279, 274, 273, 273, 273, 272, 273, 273,
    272, 270, 270, 273, 268, 271, 267, 269, 269, 269, 267, 270, 266, 266,
    265, 264, 264, 268, 265, 264, 263, 265, 262, 264, 264, 262, 265, 262,
    263, 265, 263, 261, 263, 260, 261, 260, 260, 263, 262, 262, 264, 263,
    263, 264, 264, 261, 262, 262, 263, 261, 263, 262, 263, 263, 260, 264,
    263, 260, 262, 263, 264, 264, 262, 262, 260, 263, 262, 261, 264, 264,
    262, 260, 261, 264, 264, 261, 263 ]
