%YAML:1.0
---
videoName: "LHShake12.mp4"
gestureLabel: 2
fps: 29
pixelSizeInCmTemp: 3.3263888888888887e-01
faceCenterPointX: 259
faceCenterPointY: 64
LHandPositionsX: [ 368, 357, 347, 345, 344, 346, 353, 364, 375, 383, 379,
    379, 375, 363, 355, 347, 351, 343, 345, 357, 367, 374, 377, 378, 375,
    369, 363, 351, 342, 342, 337, 343, 347, 360, 369, 368, 369, 374, 368,
    357, 347, 339, 346, 342, 344, 354, 365, 368, 369, 370, 366, 356, 349,
    339, 339, 338, 342, 348, 356, 368, 368, 367, 366, 364, 351, 344, 334,
    326, 322, 317, 314, 317, 317, 327, 329, 328, 332, 334, 332, 334, 336,
    333, 336, 336, 337, 334, 334, 335 ]
LHandPositionsY: [ 168, 165, 162, 165, 161, 161, 159, 154, 149, 151, 151,
    150, 152, 152, 157, 158, 157, 160, 156, 155, 150, 148, 146, 149, 142,
    142, 147, 147, 154, 155, 156, 154, 152, 149, 148, 148, 146, 147, 144,
    150, 150, 156, 157, 156, 155, 155, 151, 149, 153, 150, 148, 152, 153,
    155, 156, 155, 153, 151, 149, 145, 143, 143, 145, 145, 147, 154, 161,
    169, 176, 188, 195, 209, 225, 235, 245, 243, 247, 249, 255, 256, 254,
    255, 258, 255, 255, 257, 259, 257 ]
RHandPositionsX: [ 175, 176, 175, 178, 176, 175, 175, 175, 174, 175, 178,
    174, 178, 174, 178, 175, 178, 177, 178, 175, 176, 177, 176, 176, 177,
    174, 175, 175, 177, 175, 176, 174, 176, 176, 178, 174, 175, 176, 175,
    174, 174, 178, 176, 176, 176, 175, 174, 177, 174, 177, 176, 178, 178,
    174, 178, 175, 175, 175, 175, 176, 178, 178, 177, 177, 175, 176, 176,
    177, 175, 177, 175, 175, 174, 176, 175, 176, 175, 178, 176, 176, 176,
    174, 174, 176, 174, 176, 178, 178 ]
RHandPositionsY: [ 273, 273, 275, 273, 272, 272, 273, 271, 271, 273, 273,
    274, 273, 272, 274, 274, 271, 275, 271, 275, 272, 274, 272, 271, 273,
    274, 273, 272, 275, 272, 271, 274, 274, 275, 274, 271, 274, 273, 274,
    273, 275, 272, 274, 271, 271, 271, 273, 274, 273, 271, 274, 273, 271,
    275, 272, 273, 272, 273, 271, 274, 275, 273, 273, 275, 274, 271, 273,
    275, 272, 272, 275, 271, 271, 274, 271, 271, 274, 275, 271, 275, 273,
    275, 272, 272, 275, 272, 272, 273 ]
