%YAML:1.0
---
videoName: "LHShake15.mp4"
gestureLabel: 2
fps: 29
pixelSizeInCmTemp: 3.3263888888888887e-01
faceCenterPointX: 252
faceCenterPointY: 65
LHandPositionsX: [ 329, 328, 330, 331, 330, 331, 328, 330, 334, 330, 336,
    340, 345, 353, 358, 365, 368, 375, 378, 381, 378, 381, 364, 358, 347,
    340, 340, 340, 346, 352, 363, 358, 357, 360, 358, 345, 331, 329, 333,
    334, 344, 351, 355, 350, 353, 352, 348, 335, 331, 329, 330, 341, 351,
    356, 351, 354, 355, 354, 342, 334, 335, 332, 336, 339, 342, 350, 350,
    351, 350, 347, 340, 332, 327, 327, 321, 320, 319, 320, 323, 324, 325,
    325, 325, 328, 327, 327, 324, 324 ]
LHandPositionsY: [ 256, 254, 254, 255, 254, 256, 256, 255, 255, 255, 240,
    229, 215, 199, 184, 169, 155, 134, 123, 119, 119, 107, 104, 102, 103,
    104, 102, 98, 101, 97, 95, 92, 96, 95, 97, 97, 97, 101, 99, 98, 97,
    93, 95, 98, 95, 100, 102, 98, 99, 99, 99, 94, 93, 95, 96, 95, 96, 98,
    101, 98, 101, 98, 98, 99, 102, 103, 100, 100, 100, 99, 105, 121, 135,
    149, 167, 177, 194, 205, 218, 230, 233, 236, 240, 238, 239, 238, 241,
    240 ]
RHandPositionsX: [ 176, 177, 176, 176, 178, 178, 175, 176, 179, 176, 179,
    176, 179, 175, 176, 177, 176, 179, 177, 179, 179, 175, 176, 177, 177,
    178, 175, 175, 177, 177, 177, 175, 178, 178, 176, 178, 176, 175, 179,
    177, 177, 175, 175, 177, 175, 176, 175, 176, 175, 176, 175, 176, 175,
    179, 176, 177, 175, 177, 175, 179, 178, 176, 177, 178, 175, 179, 177,
    176, 177, 179, 175, 175, 178, 177, 178, 179, 179, 176, 175, 178, 178,
    176, 176, 177, 177, 175, 175, 179 ]
RHandPositionsY: [ 258, 257, 258, 258, 260, 259, 259, 261, 260, 260, 261,
    259, 259, 258, 258, 260, 261, 259, 259, 257, 261, 259, 258, 261, 258,
    260, 261, 257, 259, 261, 257, 257, 258, 258, 260, 261, 260, 257, 258,
    259, 259, 261, 259, 260, 260, 257, 258, 259, 258, 261, 259, 259, 257,
    261, 257, 258, 259, 261, 260, 261, 257, 257, 257, 258, 260, 261, 259,
    260, 261, 261, 259, 261, 260, 259, 257, 257, 257, 260, 260, 261, 260,
    259, 257, 259, 261, 261, 261, 259 ]
