%YAML:1.0
---
videoName: "LHShake18.mp4"
gestureLabel: 2
fps: 29
pixelSizeInCmTemp: 3.4214285714285714e-01
faceCenterPointX: 253
faceCenterPointY: 65
LHandPositionsX: [ 313, 314, 313, 315, 311, 315, 314, 314, 312, 314, 314,
    313, 312, 311, 313, 316, 313, 318, 322, 324, 331, 340, 344, 347, 350,
    346, 340, 327, 313, 296, 301, 305, 305, 314, 311, 313, 310, 307, 297,
    291, 295, 301, 305, 313, 313, 310, 307, 295, 287, 286, 284, 296, 308,
    313, 314, 312, 304, 291, 286, 287, 296, 300, 306, 308, 309, 309, 303,
    295, 295, 301, 302, 305, 306, 311, 313, 312, 305, 307, 304, 304, 308,
    305, 308, 309, 310, 307, 311, 310 ]
LHandPositionsY: [ 250, 249, 247, 247, 249, 249, 250, 248, 249, 246, 249,
    247, 249, 246, 250, 249, 247, 250, 243, 234, 219, 201, 187, 175, 167,
    157, 152, 148, 145, 137, 139, 143, 144, 144, 142, 139, 140, 148, 146,
    139, 133, 143, 145, 146, 147, 148, 150, 146, 143, 139, 143, 147, 147,
    150, 145, 148, 153, 141, 143, 145, 152, 150, 153, 152, 150, 157, 160,
    146, 145, 152, 154, 153, 155, 154, 160, 168, 177, 186, 196, 206, 217,
    216, 219, 230, 235, 233, 232, 232 ]
RHandPositionsX: [ 195, 195, 195, 198, 194, 195, 195, 198, 196, 195, 199,
    199, 195, 197, 196, 199, 196, 198, 196, 199, 198, 198, 199, 195, 197,
    198, 198, 197, 195, 198, 195, 194, 199, 197, 197, 195, 196, 197, 198,
    199, 199, 196, 196, 196, 198, 195, 199, 196, 200, 198, 197, 196, 197,
    199, 197, 199, 197, 199, 197, 200, 197, 197, 196, 196, 199, 197, 197,
    198, 197, 194, 198, 198, 198, 198, 198, 197, 198, 194, 195, 197, 198,
    197, 195, 196, 197, 198, 198, 197 ]
RHandPositionsY: [ 265, 264, 264, 262, 262, 267, 266, 265, 263, 266, 267,
    265, 266, 265, 265, 264, 265, 263, 263, 265, 265, 263, 267, 263, 264,
    267, 266, 263, 264, 266, 265, 264, 263, 263, 265, 267, 265, 267, 264,
    268, 267, 265, 267, 267, 268, 267, 267, 267, 266, 268, 265, 266, 267,
    267, 265, 268, 266, 268, 266, 269, 266, 264, 265, 269, 269, 268, 267,
    265, 265, 268, 265, 268, 266, 266, 265, 268, 264, 266, 266, 268, 264,
    268, 264, 266, 265, 266, 267, 265 ]
