%YAML:1.0
---
videoName: "LHShake24.mp4"
gestureLabel: 2
fps: 30
pixelSizeInCmTemp: 3.4214285714285714e-01
faceCenterPointX: 255
faceCenterPointY: 77
LHandPositionsX: [ 328, 326, 329, 326, 328, 330, 328, 329, 327, 332, 332,
    332, 342, 346, 354, 362, 367, 375, 383, 378, 383, 380, 373, 362, 348,
    341, 342, 339, 341, 349, 360, 369, 378, 376, 375, 377, 366, 357, 344,
    337, 342, 338, 342, 355, 363, 365, 364, 370, 361, 354, 346, 341, 341,
    340, 347, 354, 362, 372, 368, 374, 370, 361, 352, 343, 346, 346, 344,
    352, 358, 369, 370, 366, 364, 360, 348, 343, 335, 333, 326, 325, 324,
    323, 325, 327, 324, 328, 327, 328, 324, 324, 328 ]
LHandPositionsY: [ 263, 261, 264, 264, 261, 261, 260, 262, 262, 262, 258,
    255, 245, 238, 224, 210, 196, 183, 171, 173, 160, 152, 152, 153, 157,
    160, 165, 163, 162, 161, 157, 152, 149, 147, 147, 148, 145, 149, 151,
    153, 152, 155, 154, 154, 152, 149, 149, 151, 153, 155, 158, 161, 162,
    163, 164, 163, 160, 156, 159, 155, 157, 160, 161, 164, 163, 163, 162,
    162, 159, 160, 160, 160, 158, 160, 161, 165, 168, 179, 187, 198, 206,
    217, 230, 231, 234, 238, 243, 245, 246, 246, 248 ]
RHandPositionsX: [ 182, 179, 181, 181, 183, 182, 181, 181, 182, 182, 183,
    182, 179, 182, 179, 183, 181, 182, 182, 182, 183, 183, 181, 182, 182,
    182, 180, 181, 181, 179, 180, 183, 183, 181, 183, 179, 183, 181, 179,
    182, 181, 183, 180, 180, 183, 181, 181, 180, 180, 183, 179, 182, 182,
    182, 179, 183, 181, 183, 183, 181, 182, 182, 183, 179, 183, 183, 180,
    179, 180, 180, 179, 183, 180, 180, 180, 183, 181, 183, 183, 179, 180,
    182, 183, 181, 179, 182, 181, 183, 183, 182, 179 ]
RHandPositionsY: [ 268, 269, 270, 268, 270, 268, 267, 269, 267, 267, 270,
    271, 267, 268, 267, 267, 268, 271, 267, 267, 271, 269, 271, 267, 270,
    271, 269, 270, 269, 267, 267, 269, 267, 270, 270, 271, 269, 267, 267,
    267, 270, 267, 271, 268, 271, 270, 271, 271, 267, 268, 267, 269, 271,
    270, 269, 269, 270, 269, 267, 271, 270, 270, 270, 267, 271, 270, 267,
    270, 268, 267, 270, 270, 271, 269, 268, 268, 267, 267, 267, 269, 271,
    270, 271, 268, 271, 269, 269, 271, 268, 271, 269 ]
