%YAML:1.0
---
videoName: "LHShake24.mp4"
gestureLabel: 2
fps: 30
pixelSizeInCmTemp: 3.4214285714285714e-01
faceCenterPointX: 255
faceCenterPointY: 77
LHandPositionsX: [ 328, 327, 330, 329, 330, 330, 326, 328, 328, 330, 332,
    333, 340, 348, 353, 363, 369, 375, 380, 382, 380, 380, 374, 362, 348,
    343, 344, 343, 341, 347, 359, 369, 378, 378, 378, 374, 369, 356, 346,
    337, 342, 340, 344, 354, 362, 366, 367, 368, 362, 356, 343, 340, 343,
    338, 347, 353, 364, 371, 368, 371, 367, 361, 354, 343, 344, 342, 346,
    351, 362, 366, 367, 369, 368, 359, 351, 343, 336, 332, 328, 324, 323,
    327, 328, 326, 328, 329, 326, 329, 325, 324, 328 ]
LHandPositionsY: [ 261, 264, 264, 263, 263, 261, 262, 262, 264, 258, 260,
    254, 245, 238, 225, 206, 197, 183, 172, 171, 161, 154, 153, 153, 157,
    164, 161, 164, 161, 160, 158, 151, 148, 150, 150, 145, 148, 149, 153,
    153, 154, 152, 155, 153, 152, 151, 150, 149, 153, 157, 158, 161, 164,
    164, 163, 161, 158, 158, 158, 157, 158, 159, 159, 161, 165, 163, 164,
    163, 160, 158, 157, 159, 158, 158, 157, 162, 169, 177, 189, 199, 206,
    221, 231, 230, 234, 240, 243, 246, 248, 249, 246 ]
RHandPositionsX: [ 180, 182, 183, 183, 179, 182, 181, 181, 181, 182, 180,
    179, 182, 181, 182, 179, 183, 179, 182, 181, 183, 183, 181, 179, 182,
    179, 180, 181, 182, 180, 179, 180, 181, 182, 182, 181, 180, 179, 183,
    180, 180, 179, 180, 180, 183, 181, 181, 182, 181, 180, 180, 182, 179,
    182, 179, 180, 179, 183, 180, 182, 180, 179, 180, 183, 181, 183, 183,
    179, 183, 183, 182, 179, 180, 180, 180, 182, 182, 180, 179, 181, 179,
    182, 180, 181, 179, 182, 183, 179, 181, 182, 181 ]
RHandPositionsY: [ 268, 267, 270, 270, 267, 269, 271, 271, 269, 271, 270,
    267, 271, 268, 268, 269, 268, 270, 269, 269, 269, 271, 267, 269, 268,
    270, 271, 267, 270, 271, 270, 271, 271, 268, 269, 271, 267, 270, 267,
    269, 268, 270, 270, 270, 271, 267, 267, 268, 270, 270, 271, 269, 267,
    268, 270, 267, 269, 267, 269, 268, 267, 267, 268, 270, 267, 271, 270,
    269, 269, 271, 268, 270, 271, 268, 271, 269, 271, 267, 267, 271, 267,
    268, 271, 267, 271, 271, 271, 269, 268, 271, 270 ]
