%YAML:1.0
---
videoName: "LHShake07.mp4"
gestureLabel: 2
fps: 29
pixelSizeInCmTemp: 3.3732394366197183e-01
faceCenterPointX: 265
faceCenterPointY: 78
LHandPositionsX: [ 348, 346, 351, 359, 365, 368, 377, 385, 392, 391, 393,
    393, 382, 376, 353, 348, 338, 343, 340, 339, 347, 365, 368, 367, 364,
    366, 363, 342, 341, 346, 342, 349, 358, 358, 368, 371, 367, 362, 363,
    351, 344, 349, 348, 353, 357, 363, 362, 362, 365, 361, 340, 328, 333,
    332, 340, 357, 365, 375, 370, 379, 374, 366, 357, 346, 341, 338, 335,
    335, 334, 340, 339, 342, 341, 340, 344, 341, 341, 343, 341, 341, 342,
    343, 341, 344, 341, 344, 343, 342 ]
LHandPositionsY: [ 277, 278, 272, 267, 257, 248, 236, 216, 204, 190, 178,
    163, 149, 140, 143, 139, 147, 146, 148, 147, 142, 138, 138, 139, 137,
    135, 136, 139, 143, 144, 140, 133, 131, 132, 128, 124, 130, 129, 134,
    136, 142, 143, 145, 141, 135, 136, 141, 139, 130, 129, 134, 152, 145,
    135, 130, 132, 132, 135, 132, 126, 133, 136, 147, 157, 169, 177, 193,
    202, 217, 229, 241, 253, 251, 255, 256, 260, 264, 266, 263, 267, 265,
    266, 267, 265, 270, 269, 267, 268 ]
RHandPositionsX: [ 181, 185, 182, 182, 181, 181, 183, 183, 181, 182, 183,
    185, 185, 184, 185, 182, 182, 185, 181, 182, 184, 183, 182, 181, 181,
    185, 182, 182, 185, 185, 181, 181, 181, 184, 181, 185, 183, 181, 183,
    181, 184, 185, 185, 182, 181, 184, 182, 185, 183, 181, 182, 181, 183,
    184, 184, 184, 185, 185, 182, 181, 184, 182, 183, 184, 185, 181, 184,
    183, 181, 182, 185, 183, 183, 182, 185, 184, 182, 181, 181, 183, 181,
    184, 185, 183, 182, 184, 183, 182 ]
RHandPositionsY: [ 276, 278, 279, 280, 277, 279, 277, 278, 280, 277, 280,
    280, 276, 277, 278, 280, 278, 278, 277, 276, 278, 277, 280, 277, 276,
    277, 279, 277, 278, 277, 277, 278, 280, 279, 279, 277, 280, 278, 278,
    277, 276, 276, 277, 276, 277, 277, 276, 278, 278, 276, 280, 279, 277,
    278, 278, 277, 280, 279, 277, 278, 276, 277, 280, 279, 279, 278, 280,
    280, 277, 280, 277, 279, 278, 279, 280, 277, 280, 277, 280, 278, 278,
    277, 279, 279, 276, 276, 276, 277 ]
