%YAML:1.0
---
videoName: "LHShake01.mp4"
gestureLabel: 2
fps: 29
pixelSizeInCmTemp: 3.4214285714285714e-01
faceCenterPointX: 252
faceCenterPointY: 84
LHandPositionsX: [ 363, 367, 365, 363, 362, 353, 348, 340, 336, 332, 334,
    336, 339, 343, 348, 354, 359, 355, 352, 346, 346, 341, 339, 338, 337,
    340, 345, 348, 349, 351, 349, 347, 344, 341, 336, 333, 333, 333, 336,
    343, 345, 348, 345, 351, 350, 347, 342, 341, 335, 332, 334, 336, 336,
    343, 344, 349, 347, 349, 349, 347, 344, 339, 340, 330, 330, 327, 332,
    333, 331, 327, 331, 334, 337, 341, 341, 342, 346, 348, 347, 348, 351,
    350, 350, 352, 353, 348, 349, 348 ]
LHandPositionsY: [ 147, 140, 130, 126, 123, 120, 120, 117, 121, 122, 122,
    122, 123, 115, 114, 112, 109, 109, 110, 108, 109, 113, 114, 113, 114,
    113, 113, 109, 108, 106, 106, 106, 107, 108, 112, 115, 112, 112, 112,
    110, 110, 105, 108, 103, 102, 105, 105, 106, 110, 108, 112, 107, 108,
    104, 103, 103, 103, 100, 101, 105, 104, 105, 105, 120, 131, 142, 152,
    162, 166, 163, 170, 183, 193, 198, 205, 214, 223, 222, 223, 226, 224,
    226, 227, 229, 231, 230, 230, 229 ]
RHandPositionsX: [ 154, 157, 157, 155, 155, 154, 157, 155, 154, 157, 157,
    154, 157, 157, 153, 157, 155, 153, 154, 154, 156, 156, 157, 154, 156,
    157, 157, 153, 154, 155, 153, 155, 157, 156, 157, 156, 157, 153, 156,
    153, 153, 156, 154, 153, 156, 153, 157, 157, 156, 157, 156, 154, 155,
    154, 154, 155, 157, 153, 153, 154, 156, 153, 153, 154, 155, 156, 155,
    153, 155, 157, 155, 155, 156, 157, 157, 154, 153, 156, 155, 154, 157,
    153, 154, 157, 154, 154, 155, 153 ]
RHandPositionsY: [ 271, 269, 270, 268, 267, 268, 268, 269, 266, 268, 268,
    265, 269, 264, 268, 266, 268, 267, 267, 266, 265, 266, 265, 263, 263,
    264, 263, 262, 262, 261, 261, 262, 263, 264, 262, 261, 264, 260, 261,
    264, 262, 261, 263, 263, 259, 262, 263, 259, 262, 260, 262, 263, 263,
    261, 263, 260, 263, 261, 262, 261, 260, 263, 260, 263, 259, 260, 262,
    260, 263, 259, 262, 262, 259, 262, 259, 261, 259, 262, 260, 262, 263,
    263, 263, 263, 259, 260, 262, 259 ]
