%YAML:1.0
---
videoName: "LHShake15.mp4"
gestureLabel: 2
fps: 29
pixelSizeInCmTemp: 3.3263888888888887e-01
faceCenterPointX: 252
faceCenterPointY: 65
LHandPositionsX: [ 330, 327, 327, 330, 327, 330, 328, 329, 331, 331, 337,
    339, 345, 352, 359, 364, 371, 371, 379, 384, 380, 378, 365, 360, 345,
    344, 340, 342, 348, 352, 359, 360, 360, 359, 357, 344, 331, 330, 332,
    337, 343, 353, 356, 350, 349, 355, 349, 335, 327, 328, 328, 342, 353,
    357, 352, 350, 359, 356, 341, 335, 332, 330, 335, 338, 345, 349, 349,
    350, 346, 347, 341, 332, 330, 326, 325, 321, 322, 324, 323, 326, 326,
    326, 324, 324, 328, 325, 324, 328 ]
LHandPositionsY: [ 255, 258, 258, 256, 254, 258, 255, 254, 255, 252, 240,
    231, 216, 199, 184, 169, 156, 138, 121, 117, 116, 104, 102, 102, 105,
    103, 103, 100, 101, 95, 95, 92, 94, 93, 93, 99, 99, 100, 98, 98, 97,
    94, 98, 95, 96, 99, 100, 100, 99, 101, 95, 93, 94, 97, 96, 95, 94,
    98, 100, 99, 103, 99, 101, 97, 100, 103, 102, 98, 102, 99, 107, 120,
    135, 151, 166, 179, 194, 206, 221, 230, 231, 237, 237, 237, 240, 237,
    241, 241 ]
RHandPositionsX: [ 178, 179, 179, 177, 175, 177, 176, 179, 176, 178, 177,
    178, 179, 178, 177, 177, 178, 178, 177, 179, 178, 177, 177, 178, 179,
    175, 177, 176, 178, 178, 179, 177, 178, 177, 179, 178, 179, 178, 175,
    175, 176, 179, 178, 179, 176, 178, 176, 177, 177, 177, 177, 176, 178,
    176, 179, 179, 175, 178, 179, 175, 179, 176, 176, 177, 176, 177, 175,
    177, 177, 178, 177, 178, 176, 178, 178, 179, 179, 177, 179, 175, 178,
    175, 176, 175, 177, 178, 176, 178 ]
RHandPositionsY: [ 260, 259, 260, 259, 258, 259, 260, 259, 259, 257, 257,
    258, 257, 259, 260, 260, 257, 260, 257, 260, 257, 259, 258, 261, 260,
    258, 260, 257, 259, 259, 261, 257, 257, 259, 259, 258, 257, 258, 259,
    261, 261, 258, 261, 259, 260, 259, 258, 258, 261, 257, 257, 258, 261,
    258, 260, 259, 259, 257, 258, 261, 260, 259, 261, 259, 257, 261, 257,
    260, 259, 258, 258, 261, 257, 259, 260, 260, 260, 261, 261, 261, 260,
    259, 258, 260, 258, 258, 257, 257 ]
