%YAML:1.0
---
videoName: "LHShake16.mp4"
gestureLabel: 2
fps: 30
pixelSizeInCmTemp: 3.3732394366197183e-01
faceCenterPointX: 247
faceCenterPointY: 66
LHandPositionsX: [ 326, 323, 326, 326, 331, 336, 346, 351, 361, 372, 384,
    393, 405, 410, 408, 402, 398, 389, 375, 361, 356, 358, 366, 371, 381,
    400, 396, 393, 389, 383, 376, 367, 372, 371, 373, 379, 391, 388, 402,
    397, 386, 372, 368, 368, 367, 370, 376, 385, 399, 406, 396, 386, 370,
    364, 363, 363, 365, 368, 377, 392, 385, 386, 387, 383, 372, 364, 359,
    347, 344, 333, 333, 333, 332, 331, 329, 330, 329, 327, 327, 328, 330,
    329, 327, 326, 326, 327, 327, 328, 328, 328, 327 ]
LHandPositionsY: [ 254, 256, 253, 251, 251, 247, 236, 220, 208, 193, 179,
    166, 153, 148, 142, 138, 125, 116, 118, 113, 118, 119, 127, 117, 116,
    116, 117, 117, 115, 114, 122, 128, 131, 136, 125, 119, 117, 120, 119,
    120, 115, 129, 131, 134, 133, 137, 132, 124, 126, 123, 121, 128, 139,
    145, 145, 144, 147, 142, 136, 125, 131, 128, 126, 133, 142, 149, 162,
    172, 183, 198, 204, 216, 223, 225, 232, 235, 235, 237, 239, 238, 241,
    240, 243, 242, 242, 242, 243, 244, 241, 242, 244 ]
RHandPositionsX: [ 175, 179, 176, 179, 178, 176, 176, 177, 179, 179, 179,
    178, 179, 176, 179, 179, 179, 175, 177, 179, 178, 178, 179, 176, 179,
    177, 175, 177, 179, 177, 177, 179, 177, 178, 175, 178, 177, 179, 176,
    175, 177, 177, 177, 176, 179, 175, 175, 179, 176, 178, 178, 178, 179,
    177, 176, 176, 175, 176, 179, 178, 178, 179, 175, 179, 179, 177, 175,
    178, 179, 175, 178, 175, 178, 176, 178, 178, 178, 177, 178, 178, 175,
    179, 178, 179, 178, 179, 179, 176, 179, 175, 176 ]
RHandPositionsY: [ 261, 262, 258, 260, 262, 261, 259, 260, 258, 261, 261,
    259, 259, 261, 260, 262, 261, 259, 262, 261, 258, 262, 261, 260, 258,
    261, 260, 261, 258, 259, 258, 260, 258, 260, 261, 261, 259, 262, 262,
    262, 259, 258, 260, 259, 261, 258, 262, 258, 261, 262, 259, 259, 260,
    260, 258, 261, 262, 260, 262, 262, 258, 258, 262, 259, 262, 261, 262,
    261, 258, 259, 261, 261, 258, 261, 262, 258, 258, 262, 258, 262, 261,
    260, 260, 261, 262, 258, 260, 260, 260, 260, 260 ]
