%YAML:1.0
---
videoName: "LHShake24.mp4"
gestureLabel: 2
fps: 30
pixelSizeInCmTemp: 3.4214285714285714e-01
faceCenterPointX: 255
faceCenterPointY: 77
LHandPositionsX: [ 328, 329, 327, 328, 327, 330, 329, 329, 327, 331, 333,
    334, 342, 346, 350, 360, 369, 376, 383, 379, 380, 381, 373, 358, 349,
    342, 344, 340, 343, 347, 359, 368, 376, 379, 374, 373, 368, 356, 344,
    339, 340, 340, 346, 351, 363, 366, 364, 367, 364, 355, 346, 337, 340,
    340, 346, 353, 365, 370, 367, 373, 368, 360, 352, 343, 343, 344, 346,
    351, 358, 370, 366, 367, 367, 361, 350, 341, 336, 333, 327, 328, 322,
    326, 327, 325, 324, 326, 325, 326, 324, 326, 324 ]
LHandPositionsY: [ 260, 261, 263, 260, 263, 262, 262, 260, 260, 260, 261,
    258, 248, 237, 225, 210, 194, 183, 172, 172, 160, 151, 151, 155, 156,
    163, 162, 163, 161, 163, 155, 152, 147, 148, 147, 146, 145, 148, 152,
    153, 155, 152, 155, 154, 150, 150, 150, 148, 153, 157, 157, 161, 163,
    165, 161, 161, 160, 158, 157, 153, 154, 159, 158, 163, 165, 164, 162,
    163, 162, 158, 160, 158, 157, 160, 161, 161, 168, 179, 188, 199, 209,
    218, 229, 229, 235, 237, 241, 247, 248, 245, 249 ]
RHandPositionsX: [ 180, 181, 180, 181, 180, 181, 179, 181, 180, 182, 180,
    183, 179, 180, 180, 183, 180, 181, 183, 179, 179, 181, 183, 181, 179,
    182, 179, 179, 183, 181, 182, 183, 180, 183, 183, 179, 180, 180, 179,
    181, 180, 179, 183, 183, 182, 179, 180, 180, 183, 182, 179, 183, 182,
    179, 180, 181, 181, 181, 182, 181, 180, 181, 183, 182, 183, 182, 179,
    181, 180, 181, 183, 183, 182, 181, 183, 183, 179, 180, 182, 182, 180,
    180, 180, 182, 183, 182, 179, 180, 183, 181, 179 ]
RHandPositionsY: [ 270, 267, 268, 270, 267, 267, 271, 270, 268, 269, 269,
    268, 268, 271, 268, 269, 269, 268, 271, 270, 271, 271, 267, 269, 271,
    271, 269, 270, 268, 269, 268, 270, 271, 271, 268, 268, 268, 271, 271,
    267, 268, 267, 271, 267, 268, 267, 269, 267, 270, 268, 269, 269, 270,
    269, 267, 267, 269, 268, 271, 267, 270, 270, 269, 268, 271, 270, 269,
    271, 271, 271, 268, 268, 271, 269, 269, 271, 267, 267, 268, 270, 270,
    267, 267, 271, 271, 271, 269, 267, 267, 267, 267 ]
