%YAML:1.0
---
videoName: "LHShake12.mp4"
gestureLabel: 2
fps: 29
pixelSizeInCmTemp: 3.3263888888888887e-01
faceCenterPointX: 259
faceCenterPointY: 64
LHandPositionsX: [ 367, 357, 350, 349, 346, 347, 355, 361, 376, 383, 381,
    379, 376, 367, 354, 347, 349, 347, 345, 357, 365, 377, 378, 376, 375,
    369, 361, 347, 341, 341, 340, 341, 349, 360, 372, 372, 373, 373, 367,
    359, 348, 342, 346, 342, 347, 355, 363, 369, 369, 372, 365, 359, 347,
    341, 341, 336, 341, 350, 358, 366, 367, 367, 366, 362, 354, 343, 332,
    327, 321, 316, 318, 320, 317, 325, 332, 328, 330, 333, 332, 336, 333,
    336, 334, 337, 336, 337, 334, 336 ]
LHandPositionsY: [ 165, 161, 162, 164, 160, 159, 155, 156, 151, 153, 149,
    150, 152, 154, 156, 157, 159, 157, 154, 155, 151, 149, 146, 148, 142,
    144, 147, 149, 151, 154, 156, 153, 148, 150, 148, 146, 145, 145, 146,
    151, 154, 156, 154, 154, 153, 153, 152, 149, 150, 147, 148, 150, 153,
    156, 157, 155, 153, 154, 148, 145, 146, 145, 146, 145, 147, 151, 159,
    168, 177, 187, 198, 210, 227, 235, 244, 245, 246, 250, 252, 254, 257,
    257, 259, 259, 255, 259, 256, 257 ]
RHandPositionsX: [ 177, 178, 177, 175, 178, 176, 174, 177, 177, 176, 178,
    175, 177, 175, 175, 176, 175, 174, 176, 177, 174, 176, 177, 175, 176,
    175, 175, 175, 176, 175, 176, 175, 175, 177, 176, 178, 174, 178, 174,
    176, 174, 178, 175, 178, 177, 176, 174, 177, 178, 174, 178, 174, 175,
    174, 178, 174, 174, 177, 177, 177, 178, 174, 175, 176, 177, 176, 175,
    178, 174, 178, 175, 175, 174, 174, 178, 178, 174, 176, 178, 176, 177,
    177, 174, 177, 177, 175, 177, 178 ]
RHandPositionsY: [ 271, 275, 271, 275, 273, 272, 272, 272, 274, 275, 272,
    274, 271, 275, 271, 273, 274, 271, 274, 272, 273, 275, 272, 271, 275,
    274, 272, 274, 275, 271, 275, 275, 272, 275, 275, 275, 271, 273, 271,
    274, 271, 275, 273, 272, 273, 273, 273, 273, 274, 272, 273, 273, 275,
    275, 271, 274, 274, 274, 274, 275, 275, 275, 274, 273, 274, 273, 272,
    271, 275, 272, 272, 273, 275, 273, 275, 272, 273, 273, 274, 273, 272,
    273, 275, 272, 274, 273, 271, 274 ]
