%YAML:1.0
---
videoName: "LHShake22.mp4"
gestureLabel: 2
fps: 29
pixelSizeInCmTemp: 3.5220588235294115e-01
faceCenterPointX: 261
faceCenterPointY: 79
LHandPositionsX: [ 336, 342, 348, 356, 355, 357, 358, 352, 345, 336, 330,
    322, 322, 322, 318, 322, 332, 339, 345, 346, 345, 343, 338, 328, 324,
    324, 325, 328, 331, 337, 343, 339, 340, 335, 329, 323, 317, 318, 318,
    324, 329, 337, 337, 335, 335, 328, 326, 319, 319, 319, 323, 327, 338,
    345, 343, 342, 339, 332, 323, 321, 317, 315, 318, 324, 331, 339, 337,
    336, 334, 333, 326, 324, 320, 320, 322, 325, 323, 325, 324, 324, 327,
    327, 325, 323, 323, 326, 323, 323 ]
LHandPositionsY: [ 258, 255, 245, 236, 236, 218, 207, 206, 196, 189, 185,
    186, 186, 185, 183, 181, 178, 177, 172, 173, 173, 171, 175, 176, 176,
    180, 176, 178, 175, 174, 170, 173, 170, 173, 174, 181, 183, 184, 184,
    184, 181, 178, 178, 173, 174, 177, 176, 181, 181, 181, 182, 181, 179,
    175, 178, 176, 174, 177, 178, 184, 182, 181, 181, 179, 178, 180, 179,
    180, 185, 187, 196, 203, 209, 222, 230, 239, 241, 242, 245, 249, 246,
    248, 247, 251, 247, 247, 248, 249 ]
RHandPositionsX: [ 193, 193, 190, 193, 189, 190, 191, 191, 193, 189, 191,
    189, 193, 189, 192, 190, 190, 193, 193, 193, 193, 189, 192, 192, 193,
    193, 191, 190, 193, 189, 190, 193, 191, 191, 191, 191, 191, 193, 192,
    189, 193, 193, 192, 191, 190, 190, 190, 193, 192, 193, 191, 189, 190,
    191, 189, 190, 191, 191, 192, 193, 193, 189, 189, 190, 189, 190, 193,
    191, 191, 192, 192, 192, 192, 190, 192, 189, 189, 190, 193, 191, 189,
    190, 191, 191, 191, 193, 192, 193 ]
RHandPositionsY: [ 267, 268, 270, 270, 270, 267, 267, 266, 266, 270, 267,
    269, 267, 268, 266, 267, 270, 268, 267, 267, 267, 267, 266, 269, 270,
    268, 267, 267, 268, 269, 267, 270, 269, 267, 268, 266, 268, 267, 270,
    267, 266, 268, 269, 270, 270, 268, 269, 269, 266, 268, 266, 268, 266,
    267, 269, 268, 270, 266, 267, 266, 270, 268, 266, 268, 268, 268, 268,
    266, 266, 269, 269, 266, 267, 268, 267, 267, 270, 270, 266, 267, 269,
    270, 267, 266, 266, 270, 268, 270 ]
