%YAML:1.0
---
videoName: "LHShake06.mp4"
gestureLabel: 2
fps: 29
pixelSizeInCmTemp: 3.3732394366197183e-01
faceCenterPointX: 250
faceCenterPointY: 80
LHandPositionsX: [ 383, 384, 386, 387, 382, 380, 376, 370, 368, 368, 374,
    383, 387, 392, 397, 397, 396, 387, 377, 374, 375, 379, 387, 390, 392,
    392, 389, 386, 382, 382, 381, 379, 383, 386, 389, 391, 387, 385, 380,
    380, 380, 384, 387, 389, 391, 389, 388, 386, 381, 377, 379, 385, 385,
    391, 396, 399, 400, 397, 390, 389, 378, 371, 362, 359, 352, 349, 339,
    327, 318, 312, 306, 307, 303, 303, 303, 303, 303, 299, 301, 300, 300,
    300, 300, 301, 300, 301, 298, 301 ]
LHandPositionsY: [ 150, 145, 146, 142, 138, 139, 135, 137, 135, 137, 134,
    129, 130, 127, 126, 127, 129, 130, 133, 134, 132, 133, 129, 129, 128,
    127, 125, 129, 126, 130, 129, 129, 128, 124, 123, 125, 127, 128, 128,
    126, 129, 129, 124, 126, 126, 127, 124, 126, 127, 128, 124, 128, 127,
    125, 121, 124, 120, 125, 123, 129, 130, 137, 148, 151, 163, 176, 189,
    207, 212, 225, 232, 234, 238, 240, 245, 246, 249, 249, 249, 254, 251,
    254, 256, 255, 257, 252, 256, 254 ]
RHandPositionsX: [ 211, 214, 209, 209, 209, 212, 209, 210, 211, 210, 212,
    210, 209, 212, 211, 213, 213, 210, 213, 211, 211, 213, 212, 211, 209,
    212, 210, 210, 210, 210, 208, 212, 212, 208, 210, 210, 211, 212, 210,
    209, 212, 210, 211, 208, 208, 208, 211, 210, 211, 209, 209, 210, 210,
    211, 209, 208, 210, 207, 207, 209, 208, 210, 210, 210, 211, 211, 211,
    207, 208, 209, 209, 208, 208, 208, 212, 211, 210, 210, 208, 210, 211,
    209, 212, 212, 213, 211, 210, 212 ]
RHandPositionsY: [ 272, 268, 268, 269, 270, 270, 269, 267, 271, 271, 270,
    266, 270, 266, 269, 268, 268, 269, 270, 270, 270, 269, 268, 267, 266,
    269, 269, 269, 269, 266, 266, 268, 265, 266, 269, 265, 269, 269, 266,
    269, 269, 269, 269, 269, 268, 270, 266, 265, 268, 266, 268, 265, 265,
    268, 266, 266, 267, 267, 267, 267, 268, 268, 267, 269, 269, 269, 269,
    268, 267, 267, 265, 267, 265, 265, 269, 267, 269, 266, 268, 266, 267,
    268, 268, 269, 269, 268, 266, 265 ]
