%YAML:1.0
---
videoName: "LHShake04.mp4"
gestureLabel: 2
fps: 30
pixelSizeInCmTemp: 3.2808219178082193e-01
faceCenterPointX: 247
faceCenterPointY: 80
LHandPositionsX: [ 284, 283, 282, 282, 280, 283, 282, 280, 281, 279, 279,
    279, 280, 281, 279, 283, 288, 296, 308, 322, 333, 345, 358, 366, 371,
    369, 360, 359, 348, 342, 339, 337, 335, 340, 349, 364, 367, 364, 358,
    348, 339, 344, 341, 341, 351, 352, 356, 353, 353, 346, 342, 345, 342,
    347, 356, 357, 355, 348, 344, 348, 346, 347, 352, 357, 364, 366, 362,
    358, 355, 347, 335, 322, 316, 305, 299, 295, 291, 288, 291, 290, 287,
    288, 287, 287, 290, 286, 289, 290, 286, 286, 289 ]
LHandPositionsY: [ 268, 268, 269, 268, 271, 269, 272, 271, 268, 272, 271,
    270, 269, 269, 270, 268, 261, 252, 245, 232, 217, 204, 186, 176, 161,
    159, 153, 150, 135, 131, 133, 128, 128, 121, 115, 113, 112, 108, 113,
    120, 130, 127, 123, 127, 120, 117, 117, 110, 117, 119, 120, 122, 121,
    118, 112, 112, 111, 112, 113, 118, 113, 114, 110, 108, 108, 105, 107,
    113, 128, 142, 158, 170, 187, 199, 214, 226, 237, 245, 241, 245, 249,
    249, 249, 248, 250, 251, 250, 251, 250, 250, 254 ]
RHandPositionsX: [ 216, 216, 217, 217, 217, 217, 214, 214, 215, 215, 217,
    217, 217, 218, 215, 215, 214, 214, 214, 218, 214, 214, 214, 214, 216,
    217, 215, 217, 214, 216, 217, 214, 218, 216, 214, 214, 216, 218, 218,
    214, 217, 218, 217, 215, 218, 218, 218, 217, 214, 218, 215, 216, 218,
    215, 217, 217, 216, 218, 214, 214, 214, 217, 214, 216, 215, 216, 216,
    216, 218, 217, 214, 216, 216, 218, 218, 215, 214, 216, 218, 216, 217,
    218, 218, 218, 217, 218, 218, 217, 215, 214, 217 ]
RHandPositionsY: [ 268, 269, 268, 268, 267, 270, 266, 268, 268, 269, 267,
    267, 266, 266, 266, 265, 267, 265, 264, 268, 264, 267, 265, 263, 265,
    264, 266, 267, 265, 263, 267, 263, 267, 263, 262, 263, 265, 263, 266,
    264, 263, 263, 263, 262, 266, 264, 266, 261, 263, 262, 262, 261, 262,
    264, 264, 264, 263, 264, 262, 261, 262, 261, 264, 262, 261, 263, 263,
    261, 265, 261, 264, 263, 264, 262, 262, 262, 263, 264, 262, 265, 262,
    262, 263, 263, 261, 265, 263, 264, 262, 261, 261 ]
