%YAML:1.0
---
videoName: "LHShake02.mp4"
gestureLabel: 2
fps: 29
pixelSizeInCmTemp: 3.3263888888888887e-01
faceCenterPointX: 249
faceCenterPointY: 82
LHandPositionsX: [ 360, 363, 362, 367, 371, 379, 387, 385, 388, 387, 384,
    378, 371, 368, 366, 361, 362, 363, 372, 377, 385, 388, 385, 377, 374,
    370, 366, 365, 364, 366, 368, 369, 374, 379, 377, 379, 381, 377, 373,
    370, 366, 361, 357, 359, 359, 362, 367, 369, 370, 372, 371, 369, 363,
    357, 357, 357, 362, 366, 368, 370, 369, 368, 367, 363, 358, 354, 350,
    347, 347, 346, 345, 344, 344, 344, 343, 346, 345, 347, 347, 350, 350,
    346, 350, 348, 348, 347, 346, 346 ]
LHandPositionsY: [ 126, 120, 116, 113, 114, 110, 109, 112, 109, 110, 109,
    111, 110, 112, 115, 115, 112, 110, 109, 105, 103, 100, 105, 105, 104,
    109, 106, 108, 111, 106, 106, 104, 100, 99, 97, 99, 95, 98, 98, 95,
    98, 101, 102, 102, 105, 105, 100, 101, 100, 101, 100, 103, 105, 106,
    107, 108, 107, 107, 103, 107, 105, 102, 104, 104, 124, 138, 150, 162,
    163, 168, 179, 184, 194, 199, 204, 213, 216, 222, 223, 228, 229, 231,
    229, 233, 233, 233, 236, 239 ]
RHandPositionsX: [ 156, 155, 156, 155, 154, 157, 154, 153, 157, 154, 154,
    155, 153, 157, 153, 157, 157, 157, 156, 154, 155, 154, 154, 156, 155,
    153, 154, 157, 154, 157, 157, 157, 153, 156, 155, 153, 157, 155, 154,
    157, 154, 155, 155, 157, 155, 156, 157, 153, 155, 156, 157, 153, 153,
    153, 157, 155, 156, 156, 155, 154, 154, 157, 155, 153, 157, 156, 156,
    154, 157, 156, 157, 157, 154, 153, 154, 156, 155, 156, 154, 157, 157,
    153, 153, 156, 154, 155, 155, 154 ]
RHandPositionsY: [ 264, 263, 261, 261, 264, 264, 263, 261, 263, 261, 260,
    259, 261, 262, 258, 260, 262, 258, 258, 262, 261, 260, 261, 262, 259,
    262, 258, 262, 258, 262, 259, 258, 258, 262, 262, 259, 258, 262, 259,
    258, 259, 258, 258, 262, 259, 259, 262, 262, 259, 262, 262, 258, 262,
    262, 261, 262, 258, 260, 261, 258, 258, 262, 261, 259, 261, 260, 261,
    258, 262, 260, 258, 259, 262, 258, 261, 258, 258, 258, 259, 261, 261,
    261, 258, 260, 262, 258, 262, 261 ]
