%YAML:1.0
---
videoName: "LHShake05.mp4"
gestureLabel: 2
fps: 30
pixelSizeInCmTemp: 3.2364864864864862e-01
faceCenterPointX: 252
faceCenterPointY: 81
LHandPositionsX: [ 295, 294, 294, 292, 294, 295, 295, 292, 294, 293, 293,
    294, 305, 310, 320, 332, 343, 343, 339, 339, 338, 334, 330, 332, 328,
    331, 333, 337, 340, 342, 343, 337, 329, 324, 326, 322, 327, 331, 335,
    336, 339, 329, 322, 323, 322, 324, 327, 331, 335, 337, 335, 329, 327,
    324, 325, 325, 330, 338, 341, 336, 336, 329, 330, 330, 333, 335, 339,
    341, 338, 335, 333, 323, 321, 315, 313, 305, 305, 302, 296, 293, 296,
    297, 294, 295, 295, 294, 291, 294, 293, 294, 292 ]
LHandPositionsY: [ 270, 267, 269, 266, 269, 268, 265, 266, 264, 253, 242,
    226, 212, 197, 184, 174, 164, 161, 157, 156, 151, 154, 156, 156, 155,
    153, 149, 142, 138, 138, 136, 140, 147, 148, 146, 148, 142, 141, 140,
    135, 133, 137, 140, 142, 144, 143, 141, 136, 136, 131, 136, 143, 143,
    144, 142, 141, 140, 136, 135, 138, 142, 140, 140, 144, 144, 141, 138,
    141, 137, 140, 143, 148, 160, 167, 178, 188, 197, 210, 221, 228, 235,
    236, 238, 241, 245, 250, 251, 252, 254, 254, 259 ]
RHandPositionsX: [ 213, 211, 211, 210, 210, 212, 213, 213, 214, 210, 214,
    209, 210, 212, 210, 213, 211, 213, 213, 209, 211, 212, 208, 210, 210,
    207, 208, 209, 211, 209, 208, 209, 210, 206, 206, 209, 210, 206, 209,
    206, 207, 208, 207, 208, 206, 206, 206, 206, 210, 206, 208, 208, 210,
    208, 207, 210, 207, 209, 206, 209, 209, 209, 208, 208, 208, 210, 208,
    206, 206, 210, 208, 210, 210, 207, 209, 206, 208, 208, 207, 209, 209,
    208, 206, 209, 209, 209, 207, 208, 210, 208, 213 ]
RHandPositionsY: [ 264, 266, 264, 265, 266, 265, 265, 262, 262, 266, 265,
    264, 266, 263, 263, 264, 262, 265, 262, 266, 262, 265, 266, 266, 266,
    264, 265, 264, 266, 262, 263, 264, 263, 266, 264, 262, 262, 261, 264,
    264, 264, 265, 263, 264, 261, 262, 264, 261, 265, 264, 263, 261, 265,
    265, 265, 265, 263, 264, 261, 262, 263, 265, 261, 265, 261, 264, 261,
    264, 261, 265, 265, 263, 264, 261, 262, 264, 263, 262, 263, 261, 263,
    265, 262, 261, 263, 261, 261, 262, 265, 265, 264 ]
