%YAML:1.0
---
videoName: "LHShake17.mp4"
gestureLabel: 2
fps: 30
pixelSizeInCmTemp: 3.3732394366197183e-01
faceCenterPointX: 248
faceCenterPointY: 64
LHandPositionsX: [ 323, 325, 324, 323, 325, 322, 325, 324, 326, 335, 346,
    353, 366, 376, 390, 399, 407, 407, 401, 389, 374, 361, 352, 352, 353,
    357, 370, 378, 376, 380, 374, 364, 352, 346, 346, 347, 356, 365, 367,
    364, 368, 363, 356, 351, 351, 354, 364, 372, 378, 373, 373, 371, 363,
    351, 345, 348, 350, 355, 360, 363, 362, 369, 364, 359, 350, 342, 340,
    337, 336, 336, 335, 331, 329, 332, 332, 331, 330, 326, 329, 326, 328,
    327, 328, 325, 327, 327, 325, 327, 324, 326, 325 ]
LHandPositionsY: [ 248, 249, 247, 247, 248, 248, 248, 247, 248, 230, 215,
    204, 188, 174, 160, 143, 131, 122, 115, 113, 122, 128, 135, 133, 136,
    135, 124, 116, 118, 116, 119, 131, 134, 139, 139, 140, 124, 119, 120,
    120, 116, 117, 125, 133, 131, 137, 123, 118, 124, 122, 123, 121, 129,
    139, 141, 138, 139, 127, 121, 124, 127, 124, 122, 128, 138, 143, 153,
    161, 172, 184, 193, 207, 217, 222, 225, 226, 230, 236, 236, 237, 234,
    237, 236, 238, 237, 237, 239, 237, 238, 235, 237 ]
RHandPositionsX: [ 178, 176, 176, 177, 180, 176, 180, 177, 178, 176, 180,
    176, 179, 180, 177, 178, 177, 179, 176, 177, 180, 180, 180, 179, 180,
    178, 177, 179, 177, 177, 179, 178, 175, 178, 177, 177, 179, 179, 175,
    176, 177, 177, 178, 177, 176, 175, 178, 177, 176, 177, 178, 177, 174,
    176, 174, 175, 174, 175, 175, 175, 176, 175, 175, 174, 174, 178, 176,
    178, 174, 175, 177, 177, 174, 176, 177, 175, 176, 178, 178, 178, 176,
    177, 175, 177, 177, 178, 174, 176, 174, 176, 177 ]
RHandPositionsY: [ 257, 260, 258, 257, 256, 259, 259, 258, 259, 260, 259,
    256, 259, 259, 256, 257, 257, 256, 258, 259, 259, 260, 260, 256, 258,
    260, 258, 258, 256, 257, 256, 259, 258, 256, 260, 259, 259, 258, 256,
    256, 256, 257, 258, 259, 256, 260, 258, 259, 259, 258, 260, 259, 258,
    258, 258, 259, 260, 256, 257, 260, 260, 259, 257, 260, 256, 259, 260,
    260, 256, 259, 258, 258, 256, 259, 260, 259, 256, 257, 258, 259, 259,
    259, 258, 256, 256, 257, 260, 258, 257, 258, 260 ]
