%YAML:1.0
---
videoName: "LHShake06.mp4"
gestureLabel: 2
fps: 29
pixelSizeInCmTemp: 3.3732394366197183e-01
faceCenterPointX: 250
faceCenterPointY: 80
LHandPositionsX: [ 382, 384, 388, 386, 383, 382, 373, 374, 369, 368, 375,
    383, 387, 393, 397, 395, 396, 387, 377, 375, 376, 378, 386, 391, 390,
    393, 391, 389, 382, 381, 380, 378, 384, 389, 392, 390, 387, 383, 379,
    379, 383, 381, 384, 387, 390, 390, 390, 382, 383, 377, 378, 382, 388,
    391, 394, 399, 399, 397, 392, 386, 380, 370, 360, 361, 353, 345, 337,
    327, 321, 311, 309, 305, 307, 306, 301, 301, 302, 301, 299, 300, 300,
    302, 298, 300, 300, 301, 298, 302 ]
LHandPositionsY: [ 149, 145, 143, 141, 137, 137, 135, 138, 137, 136, 132,
    128, 128, 130, 129, 130, 128, 132, 131, 133, 134, 131, 132, 129, 126,
    127, 129, 129, 128, 127, 127, 128, 126, 128, 127, 123, 126, 126, 128,
    127, 126, 128, 127, 126, 124, 125, 126, 125, 126, 128, 126, 128, 123,
    122, 124, 121, 120, 125, 123, 126, 131, 137, 144, 150, 159, 173, 191,
    207, 215, 226, 231, 236, 239, 240, 243, 248, 251, 253, 249, 254, 252,
    254, 255, 252, 256, 253, 255, 255 ]
RHandPositionsX: [ 210, 213, 209, 213, 212, 212, 211, 211, 212, 212, 210,
    211, 210, 212, 210, 210, 212, 211, 212, 209, 212, 212, 213, 211, 211,
    213, 211, 209, 209, 208, 209, 210, 212, 209, 212, 211, 208, 208, 211,
    210, 212, 208, 210, 209, 207, 207, 211, 207, 211, 209, 211, 208, 208,
    208, 207, 207, 210, 209, 208, 210, 207, 210, 210, 208, 210, 209, 208,
    209, 210, 211, 209, 211, 211, 209, 210, 208, 209, 210, 212, 210, 211,
    210, 211, 209, 211, 211, 209, 213 ]
RHandPositionsY: [ 272, 270, 270, 270, 270, 269, 271, 270, 269, 270, 267,
    267, 266, 269, 269, 270, 269, 269, 269, 270, 269, 267, 266, 267, 265,
    265, 268, 265, 265, 268, 266, 267, 265, 267, 268, 269, 266, 267, 267,
    268, 267, 265, 268, 267, 267, 267, 269, 268, 265, 268, 267, 269, 265,
    269, 269, 270, 265, 268, 268, 266, 268, 267, 267, 268, 268, 266, 265,
    266, 265, 266, 267, 269, 267, 267, 268, 266, 269, 265, 266, 267, 267,
    265, 265, 266, 267, 265, 266, 266 ]
