%YAML:1.0
---
videoName: "LHShake09.mp4"
gestureLabel: 2
fps: 29
pixelSizeInCmTemp: 3.3263888888888887e-01
faceCenterPointX: 259
faceCenterPointY: 67
LHandPositionsX: [ 336, 336, 336, 339, 340, 344, 348, 353, 349, 360, 360,
    363, 370, 369, 370, 365, 359, 350, 340, 331, 330, 331, 328, 331, 336,
    349, 347, 347, 350, 348, 351, 350, 343, 338, 336, 337, 339, 344, 353,
    363, 367, 366, 369, 364, 354, 345, 336, 337, 334, 335, 338, 346, 353,
    355, 357, 356, 353, 349, 340, 334, 333, 338, 335, 335, 341, 350, 356,
    352, 356, 354, 351, 345, 338, 332, 323, 318, 319, 318, 321, 324, 326,
    328, 330, 334, 333, 333, 331, 332 ]
LHandPositionsY: [ 274, 272, 275, 272, 271, 269, 264, 256, 250, 237, 235,
    215, 199, 199, 182, 172, 165, 160, 157, 156, 160, 159, 158, 153, 153,
    151, 149, 145, 145, 145, 149, 152, 153, 156, 156, 156, 153, 154, 155,
    152, 153, 154, 153, 153, 153, 155, 156, 158, 157, 155, 153, 155, 155,
    150, 154, 153, 152, 152, 152, 154, 153, 154, 155, 155, 155, 150, 152,
    149, 149, 151, 150, 156, 164, 169, 183, 195, 206, 218, 230, 244, 247,
    250, 250, 252, 257, 261, 257, 260 ]
RHandPositionsX: [ 179, 180, 179, 179, 178, 178, 176, 176, 177, 178, 176,
    176, 178, 177, 177, 179, 180, 179, 176, 180, 180, 179, 176, 180, 178,
    180, 180, 179, 179, 176, 180, 179, 176, 179, 176, 176, 179, 180, 177,
    179, 178, 177, 177, 177, 176, 180, 179, 179, 177, 176, 180, 179, 178,
    179, 179, 178, 179, 179, 178, 176, 179, 179, 177, 178, 176, 180, 178,
    180, 176, 180, 176, 176, 179, 179, 177, 178, 176, 178, 178, 177, 178,
    179, 176, 179, 178, 176, 178, 178 ]
RHandPositionsY: [ 278, 276, 275, 276, 277, 278, 275, 279, 276, 278, 275,
    279, 277, 278, 279, 279, 278, 279, 276, 276, 275, 278, 277, 277, 277,
    276, 279, 278, 278, 276, 275, 277, 275, 277, 275, 277, 277, 278, 278,
    275, 278, 279, 278, 278, 276, 278, 275, 277, 278, 276, 279, 279, 279,
    279, 278, 277, 277, 278, 275, 278, 278, 276, 276, 277, 275, 276, 277,
    277, 276, 277, 277, 278, 279, 277, 279, 276, 278, 275, 279, 279, 275,
    277, 278, 277, 275, 277, 279, 276 ]
