%YAML:1.0
---
videoName: "LHShake17.mp4"
gestureLabel: 2
fps: 30
pixelSizeInCmTemp: 3.3732394366197183e-01
faceCenterPointX: 248
faceCenterPointY: 64
LHandPositionsX: [ 321, 325, 325, 322, 325, 324, 327, 326, 326, 334, 343,
    352, 364, 377, 389, 396, 404, 410, 400, 389, 375, 360, 351, 354, 350,
    359, 370, 382, 375, 380, 376, 364, 352, 344, 344, 350, 354, 367, 367,
    364, 366, 363, 357, 353, 353, 356, 365, 374, 374, 373, 374, 370, 360,
    353, 345, 346, 346, 356, 362, 365, 364, 367, 367, 356, 350, 343, 341,
    338, 337, 333, 334, 333, 333, 329, 328, 327, 330, 329, 327, 326, 326,
    328, 328, 325, 323, 326, 324, 326, 324, 326, 324 ]
LHandPositionsY: [ 248, 248, 248, 250, 247, 249, 249, 247, 245, 231, 217,
    204, 186, 173, 158, 146, 130, 123, 113, 114, 120, 131, 135, 135, 138,
    132, 122, 118, 121, 117, 120, 130, 135, 141, 137, 139, 126, 115, 120,
    119, 117, 113, 128, 136, 135, 134, 123, 118, 123, 123, 120, 122, 133,
    139, 144, 138, 138, 124, 121, 125, 126, 122, 121, 131, 136, 142, 153,
    163, 172, 182, 196, 209, 217, 222, 223, 228, 232, 237, 233, 233, 234,
    239, 236, 237, 235, 239, 237, 238, 235, 236, 235 ]
RHandPositionsX: [ 179, 179, 180, 180, 179, 179, 176, 180, 176, 178, 179,
    180, 179, 180, 176, 176, 179, 179, 178, 177, 176, 180, 180, 178, 177,
    177, 177, 178, 177, 176, 179, 176, 179, 175, 175, 177, 178, 175, 176,
    174, 175, 178, 174, 175, 177, 176, 176, 176, 174, 174, 178, 175, 178,
    174, 174, 177, 175, 176, 178, 176, 177, 178, 176, 176, 175, 178, 174,
    178, 174, 174, 175, 175, 176, 178, 174, 174, 177, 178, 174, 176, 174,
    176, 174, 176, 176, 175, 176, 174, 175, 176, 175 ]
RHandPositionsY: [ 256, 258, 260, 258, 256, 260, 256, 258, 257, 258, 259,
    258, 259, 256, 258, 256, 259, 259, 258, 260, 260, 258, 260, 258, 258,
    256, 259, 257, 258, 260, 259, 258, 260, 260, 259, 260, 259, 258, 258,
    256, 260, 258, 257, 256, 257, 257, 257, 258, 257, 259, 260, 257, 258,
    257, 256, 256, 258, 259, 257, 257, 257, 260, 256, 260, 260, 256, 256,
    258, 256, 256, 260, 257, 258, 257, 258, 257, 257, 256, 257, 256, 259,
    258, 257, 259, 258, 256, 260, 257, 256, 260, 259 ]
