%YAML:1.0
---
videoName: "LHShake08.mp4"
gestureLabel: 2
fps: 29
pixelSizeInCmTemp: 3.4710144927536229e-01
faceCenterPointX: 261
faceCenterPointY: 69
LHandPositionsX: [ 339, 340, 344, 343, 351, 347, 357, 362, 370, 374, 374,
    372, 379, 369, 356, 347, 338, 340, 339, 343, 349, 357, 371, 365, 362,
    361, 357, 355, 343, 339, 338, 340, 341, 352, 360, 368, 366, 365, 365,
    364, 354, 344, 336, 337, 337, 338, 343, 348, 358, 358, 359, 358, 357,
    352, 344, 343, 345, 344, 341, 347, 356, 364, 374, 369, 369, 370, 362,
    357, 349, 347, 337, 333, 331, 333, 332, 332, 334, 335, 334, 337, 336,
    335, 338, 335, 335, 339, 336, 335 ]
LHandPositionsY: [ 269, 265, 261, 257, 248, 236, 221, 200, 188, 175, 163,
    157, 142, 145, 145, 145, 149, 152, 153, 150, 149, 145, 138, 141, 137,
    136, 140, 145, 146, 156, 152, 151, 153, 151, 150, 146, 147, 149, 146,
    151, 154, 155, 158, 162, 160, 162, 159, 157, 158, 155, 154, 155, 153,
    153, 162, 159, 159, 159, 161, 158, 155, 150, 147, 147, 144, 146, 151,
    155, 159, 165, 174, 187, 194, 208, 219, 233, 243, 245, 246, 252, 255,
    253, 256, 254, 254, 258, 258, 258 ]
RHandPositionsX: [ 175, 172, 172, 173, 176, 173, 175, 174, 175, 172, 175,
    172, 175, 173, 172, 174, 174, 176, 174, 172, 173, 172, 174, 174, 175,
    174, 176, 176, 172, 174, 176, 174, 176, 174, 174, 175, 177, 177, 178,
    175, 178, 176, 176, 174, 174, 178, 177, 176, 178, 178, 175, 176, 178,
    176, 175, 174, 174, 176, 175, 174, 178, 177, 176, 176, 176, 177, 176,
    177, 175, 175, 177, 175, 178, 177, 175, 178, 175, 177, 177, 177, 175,
    174, 175, 174, 176, 177, 178, 176 ]
RHandPositionsY: [ 275, 275, 273, 275, 275, 275, 274, 275, 275, 276, 277,
    275, 275, 276, 276, 273, 276, 277, 277, 273, 273, 276, 273, 273, 273,
    273, 277, 275, 276, 277, 276, 273, 276, 277, 275, 277, 274, 273, 275,
    276, 276, 277, 273, 274, 276, 274, 276, 273, 274, 277, 276, 276, 274,
    277, 273, 273, 277, 277, 276, 276, 276, 275, 277, 274, 274, 274, 273,
    274, 274, 275, 276, 274, 275, 274, 273, 273, 277, 276, 276, 276, 277,
    274, 274, 275, 275, 277, 276, 274 ]
