%YAML:1.0
---
videoName: "LHShake14.mp4"
gestureLabel: 2
fps: 29
pixelSizeInCmTemp: 3.2808219178082193e-01
faceCenterPointX: 256
faceCenterPointY: 64
LHandPositionsX: [ 349, 351, 352, 359, 370, 381, 388, 390, 387, 379, 369,
    361, 359, 357, 363, 371, 380, 385, 381, 381, 372, 362, 356, 357, 351,
    358, 370, 382, 389, 385, 384, 378, 366, 357, 357, 358, 361, 371, 383,
    382, 381, 380, 371, 363, 361, 360, 359, 365, 372, 379, 379, 378, 374,
    364, 356, 350, 340, 336, 330, 328, 327, 331, 327, 331, 331, 329, 332,
    332, 332, 329, 331, 329, 328, 330, 329, 330, 331, 331, 331, 327, 328,
    330, 331, 327, 327, 327, 329, 328 ]
LHandPositionsY: [ 148, 148, 144, 146, 141, 137, 142, 143, 139, 141, 143,
    148, 149, 148, 145, 146, 137, 137, 141, 141, 142, 144, 145, 145, 146,
    147, 146, 141, 142, 140, 141, 139, 143, 148, 147, 150, 144, 144, 145,
    145, 144, 140, 144, 140, 141, 143, 143, 140, 138, 143, 142, 146, 151,
    152, 159, 169, 178, 189, 200, 210, 222, 233, 234, 240, 242, 246, 251,
    249, 248, 250, 250, 248, 249, 250, 252, 251, 249, 250, 252, 252, 248,
    249, 251, 252, 248, 251, 251, 251 ]
RHandPositionsX: [ 182, 183, 181, 180, 179, 182, 183, 183, 179, 180, 181,
    178, 178, 180, 181, 178, 179, 177, 180, 175, 176, 177, 179, 177, 177,
    178, 176, 178, 178, 175, 179, 179, 178, 175, 179, 178, 176, 175, 179,
    176, 175, 176, 176, 179, 178, 178, 175, 177, 178, 177, 179, 178, 175,
    179, 176, 175, 179, 176, 176, 179, 175, 179, 179, 178, 175, 177, 179,
    176, 177, 176, 177, 175, 178, 177, 178, 175, 177, 176, 178, 177, 176,
    179, 176, 177, 179, 179, 175, 179 ]
RHandPositionsY: [ 277, 279, 275, 279, 279, 276, 276, 277, 279, 276, 275,
    275, 277, 274, 275, 277, 275, 276, 274, 273, 274, 276, 277, 277, 276,
    273, 273, 276, 275, 275, 275, 273, 273, 274, 277, 274, 274, 275, 276,
    275, 277, 275, 275, 273, 274, 275, 275, 276, 277, 277, 277, 274, 275,
    277, 276, 274, 274, 276, 274, 274, 274, 273, 275, 276, 275, 277, 276,
    275, 273, 275, 277, 273, 275, 273, 274, 277, 273, 277, 276, 274, 275,
    275, 273, 277, 276, 275, 273, 273 ]
