%YAML:1.0
---
videoName: "LHShake08.mp4"
gestureLabel: 2
fps: 29
pixelSizeInCmTemp: 3.4710144927536229e-01
faceCenterPointX: 261
faceCenterPointY: 69
LHandPositionsX: [ 338, 342, 342, 345, 350, 344, 356, 362, 371, 372, 375,
    372, 378, 369, 358, 348, 338, 339, 343, 341, 349, 356, 369, 365, 361,
    362, 358, 354, 343, 337, 338, 340, 345, 349, 357, 368, 368, 368, 366,
    360, 355, 346, 338, 339, 337, 335, 342, 350, 359, 360, 358, 358, 355,
    350, 343, 344, 344, 344, 343, 349, 354, 363, 373, 371, 371, 369, 364,
    360, 349, 343, 340, 334, 332, 330, 330, 335, 338, 338, 334, 335, 338,
    336, 337, 335, 339, 335, 337, 335 ]
LHandPositionsY: [ 268, 266, 265, 257, 251, 236, 217, 200, 184, 175, 164,
    154, 144, 146, 146, 144, 151, 149, 151, 148, 147, 147, 140, 141, 141,
    137, 142, 147, 146, 153, 150, 154, 156, 154, 150, 148, 148, 148, 148,
    148, 154, 155, 160, 162, 162, 160, 162, 160, 155, 156, 156, 152, 152,
    153, 162, 163, 158, 160, 162, 158, 156, 148, 148, 145, 147, 148, 151,
    152, 161, 165, 173, 184, 196, 208, 222, 235, 242, 246, 247, 249, 256,
    256, 253, 254, 257, 257, 256, 256 ]
RHandPositionsX: [ 175, 174, 174, 172, 173, 176, 173, 172, 173, 173, 174,
    172, 175, 172, 172, 173, 172, 173, 172, 175, 175, 175, 175, 176, 175,
    176, 174, 176, 173, 172, 175, 176, 173, 176, 177, 177, 177, 177, 175,
    176, 174, 177, 176, 176, 175, 174, 177, 178, 177, 176, 178, 174, 175,
    177, 176, 176, 174, 177, 177, 177, 178, 175, 177, 176, 177, 178, 178,
    175, 174, 178, 178, 175, 177, 178, 176, 177, 177, 174, 178, 174, 174,
    174, 175, 175, 174, 175, 178, 176 ]
RHandPositionsY: [ 277, 276, 274, 274, 277, 273, 276, 274, 276, 273, 274,
    275, 275, 273, 276, 275, 275, 276, 276, 275, 273, 277, 273, 276, 276,
    275, 277, 275, 273, 277, 277, 275, 276, 273, 277, 277, 277, 275, 274,
    275, 273, 275, 276, 275, 277, 276, 274, 275, 276, 277, 276, 277, 275,
    274, 275, 277, 276, 275, 273, 275, 277, 274, 277, 274, 273, 277, 276,
    273, 273, 276, 277, 273, 276, 276, 275, 275, 277, 275, 277, 274, 274,
    273, 275, 277, 273, 274, 277, 275 ]
