%YAML:1.0
---
videoName: "LHShake08.mp4"
gestureLabel: 2
fps: 29
pixelSizeInCmTemp: 3.4710144927536229e-01
faceCenterPointX: 261
faceCenterPointY: 69
LHandPositionsX: [ 340, 343, 343, 344, 351, 347, 357, 362, 367, 371, 376,
    371, 379, 367, 358, 346, 340, 343, 340, 343, 350, 358, 368, 363, 364,
    358, 359, 353, 343, 340, 341, 340, 345, 352, 356, 367, 365, 367, 366,
    364, 353, 345, 338, 335, 337, 337, 343, 347, 355, 356, 355, 360, 356,
    350, 344, 345, 344, 340, 342, 347, 354, 363, 374, 371, 368, 369, 364,
    358, 352, 346, 339, 336, 332, 331, 330, 331, 338, 336, 338, 337, 337,
    336, 338, 337, 338, 337, 337, 335 ]
LHandPositionsY: [ 269, 268, 265, 256, 250, 239, 218, 199, 188, 176, 165,
    155, 145, 145, 147, 144, 151, 151, 151, 151, 150, 143, 140, 139, 138,
    137, 139, 144, 148, 155, 154, 154, 156, 152, 150, 147, 146, 150, 146,
    148, 151, 156, 161, 161, 161, 162, 159, 159, 156, 153, 154, 154, 155,
    157, 162, 162, 160, 163, 161, 160, 155, 151, 148, 145, 147, 144, 150,
    154, 159, 167, 173, 187, 197, 208, 223, 235, 244, 243, 246, 253, 253,
    255, 255, 257, 257, 259, 257, 255 ]
RHandPositionsX: [ 175, 173, 175, 173, 173, 176, 172, 175, 173, 176, 172,
    174, 174, 176, 176, 176, 174, 172, 173, 173, 176, 175, 176, 174, 173,
    172, 173, 174, 176, 173, 172, 174, 177, 173, 176, 176, 174, 176, 174,
    175, 176, 175, 174, 174, 175, 176, 175, 175, 178, 178, 175, 176, 177,
    174, 177, 176, 178, 176, 177, 174, 178, 175, 174, 176, 177, 177, 178,
    174, 176, 175, 176, 174, 178, 175, 174, 176, 174, 174, 178, 174, 174,
    177, 177, 175, 177, 178, 178, 177 ]
RHandPositionsY: [ 276, 277, 274, 276, 275, 276, 274, 277, 276, 276, 274,
    275, 274, 276, 273, 277, 274, 276, 273, 273, 273, 277, 275, 277, 273,
    277, 277, 275, 273, 273, 276, 273, 275, 276, 273, 275, 275, 274, 277,
    273, 277, 274, 273, 275, 273, 277, 273, 274, 276, 273, 275, 277, 275,
    274, 275, 275, 277, 273, 277, 274, 276, 276, 276, 276, 273, 277, 277,
    277, 275, 275, 277, 274, 276, 274, 273, 277, 275, 275, 275, 273, 273,
    276, 275, 274, 277, 273, 274, 277 ]
