%YAML:1.0
---
videoName: "LHShake16.mp4"
gestureLabel: 2
fps: 30
pixelSizeInCmTemp: 3.3732394366197183e-01
faceCenterPointX: 247
faceCenterPointY: 66
LHandPositionsX: [ 323, 323, 327, 328, 328, 337, 345, 352, 363, 372, 382,
    393, 404, 410, 406, 401, 399, 392, 376, 365, 353, 357, 366, 369, 382,
    399, 397, 394, 392, 387, 376, 370, 370, 369, 372, 378, 389, 390, 402,
    394, 386, 376, 367, 366, 363, 369, 375, 384, 400, 408, 395, 384, 371,
    362, 364, 364, 361, 368, 377, 393, 388, 383, 387, 384, 374, 368, 356,
    351, 345, 336, 335, 332, 330, 330, 330, 330, 331, 330, 330, 329, 326,
    329, 327, 327, 325, 327, 325, 328, 326, 326, 328 ]
LHandPositionsY: [ 253, 253, 252, 254, 251, 244, 232, 220, 208, 196, 181,
    167, 153, 146, 142, 138, 124, 118, 116, 114, 119, 118, 124, 115, 113,
    113, 116, 116, 115, 114, 123, 131, 129, 132, 127, 119, 117, 122, 119,
    120, 118, 129, 132, 132, 137, 135, 130, 125, 124, 123, 122, 131, 138,
    146, 145, 147, 147, 145, 133, 125, 129, 130, 124, 134, 144, 153, 160,
    172, 182, 197, 206, 213, 227, 226, 232, 235, 237, 238, 236, 239, 240,
    240, 244, 244, 244, 242, 241, 242, 244, 241, 242 ]
RHandPositionsX: [ 179, 179, 178, 176, 175, 175, 177, 176, 176, 178, 179,
    179, 176, 177, 178, 179, 179, 177, 178, 179, 175, 177, 177, 179, 179,
    176, 176, 178, 177, 178, 177, 179, 177, 178, 176, 177, 177, 177, 176,
    178, 176, 179, 179, 176, 179, 179, 176, 178, 178, 178, 179, 178, 177,
    179, 178, 177, 176, 175, 178, 176, 176, 177, 176, 177, 178, 177, 176,
    178, 177, 177, 179, 178, 177, 176, 177, 175, 179, 177, 178, 179, 177,
    179, 177, 175, 178, 177, 178, 177, 178, 176, 177 ]
RHandPositionsY: [ 261, 261, 260, 261, 259, 262, 262, 260, 259, 260, 260,
    259, 262, 259, 260, 260, 259, 262, 260, 259, 259, 260, 261, 260, 260,
    261, 262, 262, 258, 259, 262, 260, 259, 261, 262, 259, 260, 260, 260,
    260, 260, 259, 260, 262, 261, 260, 260, 261, 261, 259, 260, 262, 260,
    262, 258, 260, 259, 259, 261, 259, 262, 259, 262, 262, 260, 262, 262,
    258, 262, 259, 262, 260, 261, 259, 259, 260, 258, 258, 262, 259, 258,
    258, 262, 258, 261, 259, 259, 259, 261, 258, 259 ]
