%YAML:1.0
---
videoName: "LHShake13.mp4"
gestureLabel: 2
fps: 29
pixelSizeInCmTemp: 3.4214285714285714e-01
faceCenterPointX: 257
faceCenterPointY: 76
LHandPositionsX: [ 326, 324, 324, 324, 324, 327, 323, 324, 326, 325, 330,
    336, 343, 350, 360, 372, 382, 387, 389, 389, 385, 375, 364, 349, 341,
    347, 338, 342, 351, 361, 373, 368, 363, 364, 356, 345, 342, 342, 344,
    350, 360, 366, 367, 363, 361, 351, 342, 345, 345, 348, 357, 366, 364,
    362, 364, 355, 348, 346, 347, 345, 349, 358, 363, 369, 365, 361, 361,
    353, 345, 342, 334, 326, 327, 325, 326, 325, 328, 329, 324, 326, 324,
    327, 326, 325, 327, 325, 328, 328 ]
LHandPositionsY: [ 263, 263, 263, 260, 260, 261, 262, 259, 259, 257, 256,
    249, 239, 224, 209, 199, 184, 175, 163, 155, 153, 153, 151, 156, 158,
    154, 155, 158, 154, 146, 143, 139, 143, 146, 151, 157, 159, 159, 156,
    156, 152, 155, 156, 158, 156, 159, 163, 160, 164, 158, 160, 159, 158,
    155, 158, 163, 165, 163, 161, 162, 158, 156, 157, 152, 152, 150, 148,
    153, 154, 163, 167, 181, 191, 207, 219, 235, 247, 244, 243, 243, 244,
    246, 248, 248, 248, 249, 249, 250 ]
RHandPositionsX: [ 184, 184, 182, 183, 181, 183, 181, 184, 181, 185, 182,
    181, 183, 184, 183, 181, 182, 185, 183, 182, 183, 181, 184, 185, 185,
    185, 185, 183, 185, 182, 183, 182, 182, 185, 185, 182, 184, 185, 181,
    183, 183, 181, 181, 182, 182, 184, 181, 185, 183, 183, 181, 182, 183,
    182, 185, 184, 181, 184, 184, 182, 183, 181, 184, 183, 181, 181, 184,
    181, 184, 181, 182, 185, 185, 184, 184, 184, 183, 182, 182, 185, 184,
    181, 185, 183, 183, 183, 181, 181 ]
RHandPositionsY: [ 269, 270, 271, 269, 269, 271, 267, 271, 267, 267, 270,
    271, 271, 268, 269, 269, 270, 269, 268, 268, 269, 271, 271, 267, 268,
    269, 270, 271, 269, 270, 271, 270, 268, 269, 268, 268, 269, 270, 268,
    271, 271, 270, 268, 271, 267, 268, 270, 270, 271, 271, 271, 269, 269,
    267, 269, 269, 270, 268, 268, 267, 268, 267, 267, 269, 267, 270, 270,
    267, 268, 268, 268, 270, 269, 270, 271, 268, 267, 267, 267, 271, 271,
    267, 271, 268, 270, 268, 271, 268 ]
