%YAML:1.0
---
videoName: "LHShake24.mp4"
gestureLabel: 2
fps: 30
pixelSizeInCmTemp: 3.4214285714285714e-01
faceCenterPointX: 255
faceCenterPointY: 77
LHandPositionsX: [ 328, 330, 328, 327, 329, 326, 328, 326, 330, 332, 331,
    332, 340, 349, 353, 360, 367, 375, 380, 380, 383, 381, 371, 360, 346,
    340, 343, 341, 340, 351, 360, 367, 378, 379, 376, 376, 370, 358, 345,
    340, 340, 340, 343, 352, 362, 365, 366, 369, 363, 356, 345, 339, 340,
    340, 345, 356, 365, 372, 370, 375, 371, 360, 354, 343, 345, 343, 343,
    354, 362, 366, 366, 366, 365, 359, 349, 344, 337, 335, 327, 324, 322,
    325, 328, 326, 326, 325, 328, 329, 325, 324, 325 ]
LHandPositionsY: [ 263, 261, 263, 261, 262, 264, 261, 264, 263, 261, 257,
    256, 249, 235, 225, 207, 193, 181, 171, 173, 159, 151, 150, 153, 156,
    161, 164, 163, 160, 163, 156, 152, 150, 150, 148, 144, 144, 150, 154,
    155, 153, 155, 152, 153, 148, 149, 148, 148, 151, 157, 159, 164, 163,
    164, 164, 162, 160, 158, 156, 156, 158, 160, 160, 161, 162, 161, 163,
    160, 160, 159, 159, 158, 159, 156, 159, 161, 168, 178, 187, 197, 206,
    220, 230, 233, 237, 237, 243, 247, 245, 245, 250 ]
RHandPositionsX: [ 182, 179, 182, 183, 183, 181, 182, 182, 182, 182, 182,
    179, 181, 179, 179, 179, 182, 183, 180, 183, 180, 179, 183, 179, 182,
    180, 182, 179, 179, 179, 179, 180, 182, 180, 182, 180, 183, 179, 183,
    179, 179, 180, 182, 183, 179, 182, 182, 183, 181, 179, 183, 183, 179,
    182, 179, 181, 179, 183, 182, 181, 179, 181, 183, 181, 181, 181, 183,
    182, 183, 182, 181, 181, 182, 179, 181, 182, 181, 181, 182, 182, 182,
    182, 180, 179, 182, 183, 183, 183, 179, 180, 180 ]
RHandPositionsY: [ 267, 268, 271, 267, 271, 269, 267, 268, 271, 268, 267,
    267, 270, 268, 268, 269, 269, 267, 271, 267, 268, 271, 271, 269, 268,
    271, 270, 268, 269, 271, 270, 268, 267, 270, 270, 268, 268, 271, 270,
    267, 267, 271, 267, 267, 270, 269, 268, 269, 269, 269, 269, 270, 267,
    268, 267, 270, 267, 268, 267, 268, 270, 269, 270, 270, 271, 270, 271,
    269, 267, 267, 267, 270, 270, 267, 270, 268, 269, 268, 269, 271, 270,
    267, 269, 268, 270, 270, 267, 267, 269, 271, 268 ]
