%YAML:1.0
---
videoName: "LHShake12.mp4"
gestureLabel: 2
fps: 29
pixelSizeInCmTemp: 3.3263888888888887e-01
faceCenterPointX: 259
faceCenterPointY: 64
LHandPositionsX: [ 368, 359, 346, 349, 348, 346, 355, 362, 374, 381, 380,
    378, 376, 365, 354, 346, 347, 343, 345, 353, 367, 374, 376, 378, 379,
    369, 360, 347, 342, 341, 337, 342, 350, 358, 368, 369, 373, 374, 370,
    360, 347, 341, 342, 343, 347, 352, 365, 370, 367, 369, 365, 357, 345,
    340, 340, 338, 340, 348, 357, 366, 366, 368, 370, 361, 352, 341, 336,
    327, 325, 318, 316, 316, 320, 323, 332, 330, 331, 332, 336, 335, 337,
    334, 333, 335, 336, 336, 337, 335 ]
LHandPositionsY: [ 164, 165, 163, 162, 160, 160, 156, 156, 150, 153, 151,
    153, 150, 153, 154, 159, 156, 157, 155, 154, 149, 145, 146, 146, 142,
    141, 146, 149, 152, 153, 157, 153, 148, 148, 145, 145, 146, 144, 147,
    148, 153, 157, 155, 156, 156, 155, 151, 149, 151, 147, 151, 154, 155,
    156, 158, 155, 153, 153, 151, 144, 143, 143, 142, 145, 147, 155, 162,
    169, 178, 188, 198, 210, 227, 235, 243, 244, 247, 253, 253, 255, 255,
    255, 257, 255, 259, 259, 255, 255 ]
RHandPositionsX: [ 175, 174, 178, 174, 175, 177, 178, 174, 176, 178, 176,
    175, 175, 176, 178, 177, 174, 175, 178, 178, 174, 176, 178, 175, 177,
    177, 174, 174, 176, 177, 178, 174, 176, 178, 176, 177, 174, 177, 177,
    178, 176, 174, 178, 174, 176, 177, 178, 175, 178, 177, 174, 174, 178,
    174, 174, 176, 176, 178, 176, 176, 175, 174, 174, 178, 176, 175, 178,
    175, 177, 177, 178, 177, 176, 174, 178, 177, 177, 175, 175, 177, 177,
    176, 175, 175, 177, 174, 175, 174 ]
RHandPositionsY: [ 272, 274, 274, 273, 272, 271, 273, 272, 274, 274, 272,
    271, 273, 272, 274, 273, 274, 275, 275, 274, 272, 273, 272, 273, 274,
    273, 275, 275, 272, 274, 273, 274, 274, 274, 274, 273, 274, 275, 271,
    275, 274, 274, 273, 271, 275, 273, 271, 272, 274, 274, 273, 273, 271,
    275, 271, 272, 275, 271, 273, 275, 271, 275, 272, 271, 275, 273, 271,
    272, 275, 275, 275, 275, 273, 273, 273, 272, 271, 273, 271, 273, 275,
    275, 272, 274, 273, 272, 273, 272 ]
