%YAML:1.0
---
videoName: "LHShake01.mp4"
gestureLabel: 2
fps: 29
pixelSizeInCmTemp: 3.4214285714285714e-01
faceCenterPointX: 252
faceCenterPointY: 84
LHandPositionsX: [ 366, 363, 367, 364, 360, 353, 348, 340, 334, 334, 332,
    334, 337, 346, 351, 355, 355, 357, 354, 346, 346, 340, 342, 336, 335,
    338, 345, 348, 350, 352, 353, 349, 343, 342, 338, 336, 331, 334, 338,
    341, 342, 347, 348, 347, 348, 346, 342, 339, 335, 336, 334, 334, 335,
    340, 345, 351, 348, 347, 347, 350, 343, 339, 336, 329, 327, 327, 330,
    332, 331, 329, 329, 332, 337, 338, 340, 342, 344, 344, 347, 349, 349,
    351, 347, 351, 353, 351, 352, 350 ]
LHandPositionsY: [ 147, 137, 130, 128, 123, 119, 117, 117, 119, 122, 122,
    121, 120, 119, 112, 112, 108, 109, 111, 110, 108, 111, 112, 114, 112,
    112, 111, 106, 108, 105, 105, 107, 107, 108, 112, 113, 114, 114, 114,
    108, 107, 107, 105, 102, 102, 105, 106, 106, 106, 110, 111, 108, 108,
    104, 106, 101, 101, 103, 102, 103, 105, 105, 105, 121, 131, 141, 152,
    159, 163, 163, 173, 183, 190, 201, 207, 216, 222, 219, 220, 225, 224,
    227, 230, 229, 229, 232, 228, 229 ]
RHandPositionsX: [ 153, 153, 157, 155, 157, 153, 153, 154, 157, 155, 157,
    153, 154, 156, 157, 157, 154, 153, 154, 155, 156, 157, 153, 153, 155,
    156, 155, 153, 157, 156, 153, 156, 155, 157, 153, 156, 154, 154, 155,
    153, 156, 153, 154, 155, 155, 154, 155, 153, 156, 157, 157, 157, 156,
    153, 156, 156, 156, 155, 154, 156, 156, 155, 157, 157, 153, 154, 153,
    154, 155, 154, 154, 155, 157, 156, 153, 155, 157, 155, 155, 153, 153,
    157, 155, 153, 153, 154, 157, 153 ]
RHandPositionsY: [ 268, 270, 267, 269, 266, 267, 270, 267, 265, 265, 269,
    269, 266, 265, 267, 266, 265, 263, 264, 265, 264, 262, 262, 266, 264,
    262, 265, 262, 265, 264, 265, 261, 264, 265, 264, 263, 264, 263, 260,
    261, 261, 263, 260, 261, 259, 261, 261, 260, 260, 261, 259, 260, 259,
    262, 262, 262, 263, 260, 262, 262, 261, 260, 259, 260, 263, 263, 261,
    259, 263, 259, 260, 263, 263, 263, 260, 261, 262, 261, 261, 259, 260,
    263, 261, 261, 262, 261, 263, 259 ]
