%YAML:1.0
---
videoName: "LHShake20.mp4"
gestureLabel: 2
fps: 30
pixelSizeInCmTemp: 3.3732394366197183e-01
faceCenterPointX: 249
faceCenterPointY: 62
LHandPositionsX: [ 314, 316, 313, 312, 314, 316, 314, 315, 316, 319, 322,
    329, 335, 338, 340, 336, 328, 320, 312, 316, 314, 311, 319, 326, 335,
    338, 336, 338, 328, 322, 318, 319, 316, 324, 336, 341, 341, 338, 332,
    325, 326, 323, 320, 328, 334, 330, 330, 331, 324, 322, 320, 318, 321,
    325, 324, 328, 327, 324, 321, 318, 318, 317, 318, 318, 323, 324, 322,
    319, 319, 317, 312, 315, 316, 316, 314, 316, 314, 313, 312, 315, 312,
    314, 312, 312, 312, 312, 315, 316, 313, 313, 315 ]
LHandPositionsY: [ 248, 246, 248, 249, 250, 249, 244, 244, 234, 229, 217,
    201, 191, 180, 171, 167, 162, 160, 159, 161, 161, 155, 150, 149, 143,
    145, 143, 142, 143, 146, 149, 146, 146, 146, 146, 143, 142, 141, 143,
    147, 148, 149, 147, 144, 144, 143, 138, 141, 142, 149, 150, 149, 147,
    144, 141, 135, 137, 133, 139, 143, 145, 142, 147, 148, 147, 152, 157,
    167, 177, 192, 203, 213, 215, 219, 223, 228, 231, 232, 230, 230, 230,
    234, 235, 233, 236, 236, 235, 238, 239, 237, 236 ]
RHandPositionsX: [ 180, 183, 180, 180, 179, 182, 180, 180, 179, 179, 181,
    180, 183, 182, 183, 181, 183, 181, 183, 183, 179, 182, 179, 180, 182,
    180, 179, 181, 181, 181, 180, 182, 179, 181, 181, 182, 181, 181, 183,
    182, 180, 182, 183, 183, 181, 182, 180, 180, 179, 180, 179, 183, 182,
    183, 180, 180, 183, 182, 182, 179, 183, 181, 179, 183, 183, 182, 181,
    183, 180, 182, 183, 180, 179, 180, 182, 179, 182, 182, 180, 181, 180,
    181, 179, 182, 178, 179, 181, 180, 180, 178, 179 ]
RHandPositionsY: [ 254, 254, 254, 253, 256, 254, 254, 254, 253, 254, 256,
    256, 256, 252, 256, 254, 256, 255, 253, 255, 254, 256, 255, 255, 256,
    253, 254, 255, 253, 255, 253, 252, 254, 252, 253, 252, 254, 251, 254,
    251, 252, 255, 255, 251, 251, 255, 251, 252, 252, 253, 252, 255, 252,
    254, 255, 254, 252, 255, 251, 253, 255, 251, 254, 255, 254, 253, 251,
    251, 252, 255, 251, 251, 254, 252, 252, 255, 252, 255, 253, 252, 251,
    252, 253, 254, 255, 251, 252, 253, 253, 255, 252 ]
