%YAML:1.0
---
videoName: "LHShake10.mp4"
gestureLabel: 2
fps: 29
pixelSizeInCmTemp: 3.4214285714285714e-01
faceCenterPointX: 253
faceCenterPointY: 65
LHandPositionsX: [ 335, 338, 334, 337, 336, 338, 343, 347, 350, 357, 368,
    376, 385, 389, 397, 395, 397, 383, 375, 365, 358, 352, 352, 354, 358,
    369, 383, 391, 391, 392, 393, 386, 376, 364, 356, 357, 361, 362, 369,
    372, 374, 370, 371, 368, 366, 364, 354, 345, 343, 345, 345, 355, 362,
    372, 383, 379, 382, 374, 366, 356, 349, 348, 350, 347, 354, 363, 372,
    379, 378, 380, 379, 374, 366, 363, 355, 349, 345, 342, 337, 335, 337,
    335, 336, 335, 335, 334, 337, 333 ]
LHandPositionsY: [ 268, 272, 272, 268, 269, 271, 269, 260, 253, 239, 227,
    209, 195, 177, 168, 154, 143, 136, 134, 141, 144, 148, 148, 148, 149,
    149, 137, 138, 142, 143, 143, 143, 149, 148, 149, 152, 151, 146, 139,
    131, 135, 135, 132, 132, 129, 133, 140, 144, 144, 145, 145, 144, 139,
    139, 139, 143, 142, 145, 147, 146, 151, 150, 154, 150, 153, 149, 148,
    145, 144, 147, 148, 153, 158, 164, 175, 183, 192, 207, 218, 230, 246,
    254, 253, 254, 257, 256, 259, 258 ]
RHandPositionsX: [ 176, 173, 174, 174, 172, 172, 175, 174, 173, 172, 172,
    176, 174, 176, 172, 174, 171, 174, 174, 171, 174, 171, 171, 171, 174,
    174, 175, 174, 175, 173, 174, 174, 173, 172, 173, 174, 172, 174, 174,
    172, 174, 174, 175, 174, 174, 171, 171, 175, 172, 171, 172, 173, 173,
    172, 171, 171, 173, 175, 174, 171, 173, 174, 173, 174, 175, 175, 171,
    175, 173, 175, 173, 175, 174, 171, 175, 171, 175, 171, 174, 171, 173,
    173, 173, 175, 175, 175, 173, 175 ]
RHandPositionsY: [ 278, 275, 277, 278, 277, 274, 278, 275, 277, 274, 275,
    274, 275, 274, 276, 277, 278, 278, 276, 275, 277, 275, 278, 275, 274,
    277, 277, 276, 275, 275, 274, 276, 276, 277, 275, 274, 278, 277, 274,
    276, 274, 278, 276, 275, 276, 277, 276, 275, 276, 275, 277, 274, 275,
    275, 274, 274, 274, 276, 278, 277, 274, 277, 276, 278, 274, 275, 275,
    278, 278, 278, 276, 276, 277, 274, 276, 276, 276, 276, 274, 278, 274,
    278, 276, 274, 275, 276, 274, 274 ]
