%YAML:1.0
---
videoName: "LHShake13.mp4"
gestureLabel: 2
fps: 29
pixelSizeInCmTemp: 3.4214285714285714e-01
faceCenterPointX: 257
faceCenterPointY: 76
LHandPositionsX: [ 326, 323, 325, 324, 325, 326, 324, 326, 325, 325, 331,
    338, 345, 352, 359, 371, 381, 386, 388, 389, 383, 375, 362, 352, 340,
    343, 340, 342, 348, 359, 373, 368, 365, 365, 357, 346, 343, 343, 342,
    350, 360, 366, 365, 365, 361, 351, 343, 344, 344, 350, 355, 366, 366,
    363, 364, 355, 349, 348, 347, 345, 350, 356, 363, 371, 368, 362, 358,
    353, 346, 338, 331, 326, 324, 322, 324, 325, 326, 329, 327, 326, 326,
    328, 328, 324, 327, 325, 327, 325 ]
LHandPositionsY: [ 259, 262, 263, 263, 259, 263, 259, 262, 262, 256, 255,
    248, 237, 228, 213, 199, 186, 172, 166, 155, 151, 149, 155, 152, 156,
    154, 158, 158, 155, 144, 139, 142, 140, 144, 151, 156, 160, 160, 157,
    157, 154, 154, 153, 158, 156, 160, 165, 161, 162, 160, 157, 155, 155,
    158, 156, 162, 162, 164, 165, 163, 159, 159, 154, 151, 149, 149, 146,
    149, 158, 160, 170, 178, 193, 207, 220, 234, 243, 245, 243, 246, 244,
    246, 246, 250, 250, 249, 246, 248 ]
RHandPositionsX: [ 182, 184, 185, 184, 183, 185, 181, 182, 182, 184, 181,
    182, 183, 181, 185, 182, 182, 181, 183, 182, 183, 183, 181, 184, 183,
    184, 182, 185, 184, 184, 183, 181, 184, 181, 185, 185, 182, 183, 183,
    185, 183, 183, 181, 184, 183, 183, 181, 184, 184, 181, 185, 185, 181,
    185, 181, 183, 185, 182, 181, 184, 182, 184, 185, 185, 185, 184, 182,
    182, 185, 183, 185, 182, 183, 183, 183, 185, 185, 184, 184, 182, 182,
    182, 182, 182, 185, 185, 181, 181 ]
RHandPositionsY: [ 271, 269, 269, 268, 267, 269, 268, 268, 267, 269, 270,
    269, 268, 271, 271, 268, 270, 268, 271, 270, 271, 267, 268, 268, 269,
    268, 270, 270, 268, 268, 268, 271, 270, 270, 267, 271, 269, 267, 271,
    271, 269, 271, 267, 271, 267, 270, 269, 270, 270, 268, 270, 269, 269,
    271, 271, 267, 269, 269, 270, 271, 271, 270, 269, 271, 268, 268, 270,
    270, 268, 268, 271, 271, 270, 268, 268, 267, 270, 271, 270, 270, 271,
    271, 271, 267, 271, 270, 267, 268 ]
