%YAML:1.0
---
videoName: "LHShake17.mp4"
gestureLabel: 2
fps: 30
pixelSizeInCmTemp: 3.3732394366197183e-01
faceCenterPointX: 248
faceCenterPointY: 64
LHandPositionsX: [ 322, 325, 323, 321, 324, 324, 324, 326, 328, 335, 342,
    352, 367, 376, 387, 399, 404, 410, 400, 390, 373, 359, 353, 353, 354,
    357, 372, 382, 378, 381, 373, 362, 354, 347, 346, 346, 355, 367, 367,
    366, 367, 362, 354, 352, 351, 353, 366, 373, 375, 376, 374, 369, 362,
    350, 346, 347, 348, 352, 359, 364, 362, 369, 366, 359, 347, 343, 342,
    336, 335, 333, 335, 330, 329, 329, 329, 331, 328, 326, 328, 328, 324,
    327, 327, 323, 327, 324, 326, 326, 323, 323, 326 ]
LHandPositionsY: [ 250, 248, 249, 250, 248, 248, 249, 246, 246, 234, 217,
    201, 188, 172, 159, 142, 129, 120, 114, 113, 120, 130, 135, 134, 135,
    134, 122, 119, 121, 120, 119, 129, 135, 139, 138, 138, 125, 119, 119,
    118, 119, 115, 128, 134, 132, 133, 126, 119, 120, 121, 122, 120, 133,
    136, 141, 138, 141, 124, 124, 126, 127, 122, 123, 127, 134, 144, 154,
    161, 171, 180, 194, 207, 218, 219, 223, 228, 234, 237, 236, 235, 236,
    238, 236, 236, 235, 238, 236, 237, 238, 238, 236 ]
RHandPositionsX: [ 177, 178, 177, 179, 179, 176, 176, 180, 179, 180, 177,
    178, 179, 176, 179, 176, 179, 180, 180, 179, 180, 176, 177, 180, 180,
    179, 180, 175, 175, 176, 179, 175, 177, 179, 179, 177, 178, 175, 176,
    175, 178, 174, 174, 178, 177, 176, 177, 178, 174, 178, 176, 176, 176,
    177, 175, 176, 174, 174, 175, 177, 177, 177, 178, 176, 176, 175, 176,
    178, 175, 176, 177, 178, 175, 176, 174, 174, 176, 175, 177, 178, 176,
    177, 174, 174, 178, 175, 176, 178, 178, 177, 174 ]
RHandPositionsY: [ 259, 257, 256, 256, 257, 258, 256, 258, 260, 260, 256,
    258, 256, 257, 257, 256, 259, 256, 256, 257, 258, 257, 258, 260, 259,
    259, 258, 260, 260, 258, 258, 257, 258, 257, 260, 258, 258, 256, 258,
    258, 257, 257, 260, 256, 258, 257, 260, 259, 259, 256, 259, 259, 257,
    256, 259, 259, 257, 257, 256, 259, 259, 260, 259, 257, 256, 260, 258,
    258, 260, 258, 256, 258, 256, 258, 259, 256, 257, 259, 260, 256, 257,
    258, 258, 258, 260, 257, 257, 260, 256, 256, 256 ]
