%YAML:1.0
---
videoName: "LHShake10.mp4"
gestureLabel: 2
fps: 29
pixelSizeInCmTemp: 3.4214285714285714e-01
faceCenterPointX: 253
faceCenterPointY: 65
LHandPositionsX: [ 338, 335, 336, 338, 336, 340, 342, 346, 354, 356, 368,
    376, 382, 389, 397, 396, 393, 383, 377, 366, 358, 351, 349, 355, 361,
    368, 380, 390, 390, 390, 392, 386, 377, 364, 355, 357, 360, 364, 367,
    374, 372, 371, 372, 369, 370, 363, 351, 343, 344, 344, 348, 352, 361,
    372, 383, 380, 382, 376, 364, 356, 351, 349, 349, 349, 357, 362, 376,
    381, 380, 380, 377, 371, 368, 363, 356, 350, 342, 344, 340, 337, 335,
    334, 335, 334, 335, 333, 335, 337 ]
LHandPositionsY: [ 269, 272, 272, 269, 270, 269, 270, 263, 253, 241, 227,
    208, 191, 177, 167, 156, 142, 139, 135, 140, 143, 147, 147, 151, 151,
    148, 140, 142, 142, 141, 142, 143, 148, 148, 150, 151, 151, 149, 136,
    134, 132, 135, 134, 131, 131, 132, 138, 145, 145, 145, 146, 146, 141,
    142, 139, 140, 141, 145, 145, 148, 151, 152, 153, 150, 153, 150, 145,
    148, 145, 148, 150, 153, 158, 166, 172, 184, 196, 207, 221, 233, 243,
    254, 253, 254, 258, 258, 256, 258 ]
RHandPositionsX: [ 173, 172, 173, 174, 176, 176, 176, 173, 172, 175, 175,
    173, 173, 174, 175, 176, 171, 173, 174, 173, 173, 175, 172, 173, 172,
    171, 173, 175, 173, 172, 173, 174, 173, 172, 175, 173, 174, 173, 172,
    171, 175, 173, 175, 172, 174, 174, 171, 174, 173, 175, 175, 175, 172,
    171, 171, 171, 172, 172, 174, 171, 172, 171, 171, 171, 174, 172, 171,
    175, 171, 171, 172, 175, 171, 173, 171, 175, 172, 172, 173, 174, 172,
    172, 171, 171, 174, 173, 175, 173 ]
RHandPositionsY: [ 277, 277, 276, 274, 277, 277, 276, 276, 278, 277, 277,
    277, 274, 275, 274, 278, 274, 275, 278, 275, 274, 275, 275, 276, 274,
    277, 278, 274, 277, 275, 275, 275, 276, 276, 278, 278, 276, 274, 275,
    274, 274, 278, 277, 276, 278, 276, 276, 276, 275, 276, 275, 274, 277,
    278, 278, 277, 274, 277, 277, 277, 276, 277, 276, 274, 277, 278, 278,
    274, 278, 278, 276, 277, 274, 274, 274, 278, 277, 275, 274, 278, 276,
    274, 278, 275, 275, 274, 277, 274 ]
