%YAML:1.0
---
videoName: "LHShake24.mp4"
gestureLabel: 2
fps: 30
pixelSizeInCmTemp: 3.4214285714285714e-01
faceCenterPointX: 255
faceCenterPointY: 77
LHandPositionsX: [ 328, 327, 326, 326, 328, 326, 326, 328, 328, 330, 332,
    333, 342, 346, 353, 360, 367, 373, 381, 379, 382, 381, 374, 361, 349,
    343, 343, 339, 344, 350, 357, 367, 379, 375, 377, 373, 367, 357, 346,
    337, 339, 340, 345, 352, 363, 365, 365, 366, 362, 352, 342, 341, 339,
    341, 347, 356, 366, 370, 367, 372, 369, 362, 352, 346, 347, 345, 344,
    352, 359, 366, 369, 369, 368, 360, 352, 344, 337, 334, 330, 324, 326,
    323, 326, 328, 324, 325, 326, 329, 324, 326, 328 ]
LHandPositionsY: [ 261, 260, 264, 260, 264, 263, 264, 264, 262, 260, 259,
    258, 247, 236, 223, 207, 194, 182, 170, 172, 162, 151, 152, 152, 155,
    162, 165, 164, 160, 163, 155, 154, 149, 150, 151, 144, 146, 148, 153,
    157, 156, 155, 155, 152, 148, 149, 151, 152, 152, 157, 160, 161, 160,
    164, 160, 160, 160, 157, 159, 155, 158, 159, 160, 165, 161, 161, 160,
    162, 159, 160, 156, 160, 156, 160, 158, 161, 170, 179, 189, 195, 207,
    218, 232, 231, 234, 238, 243, 249, 246, 245, 247 ]
RHandPositionsX: [ 180, 180, 183, 182, 181, 181, 180, 183, 182, 179, 179,
    179, 179, 182, 180, 181, 182, 180, 181, 180, 180, 180, 182, 182, 182,
    180, 181, 179, 183, 180, 183, 180, 179, 180, 183, 180, 179, 180, 181,
    181, 182, 181, 181, 180, 181, 181, 180, 180, 179, 181, 183, 183, 182,
    182, 182, 181, 181, 181, 181, 181, 183, 183, 183, 181, 180, 180, 183,
    181, 179, 180, 182, 180, 180, 181, 180, 183, 179, 181, 183, 180, 179,
    180, 180, 179, 180, 181, 179, 181, 182, 183, 180 ]
RHandPositionsY: [ 269, 269, 268, 269, 270, 271, 270, 267, 267, 267, 271,
    267, 268, 268, 270, 268, 269, 271, 269, 268, 271, 270, 270, 267, 271,
    270, 267, 271, 267, 267, 268, 271, 267, 268, 271, 268, 269, 267, 268,
    268, 270, 269, 269, 270, 267, 268, 269, 269, 270, 270, 269, 269, 270,
    271, 271, 267, 270, 268, 270, 267, 267, 271, 270, 268, 267, 271, 267,
    270, 267, 271, 270, 270, 271, 271, 267, 271, 271, 269, 268, 271, 270,
    268, 267, 267, 268, 270, 271, 270, 267, 268, 270 ]
