%YAML:1.0
---
videoName: "LHShake12.mp4"
gestureLabel: 2
fps: 29
pixelSizeInCmTemp: 3.3263888888888887e-01
faceCenterPointX: 259
faceCenterPointY: 64
LHandPositionsX: [ 371, 359, 349, 348, 346, 348, 355, 362, 374, 382, 381,
    379, 377, 367, 352, 344, 350, 346, 349, 354, 364, 375, 374, 375, 377,
    371, 362, 348, 341, 339, 338, 342, 349, 361, 371, 368, 371, 371, 368,
    356, 348, 342, 345, 343, 345, 355, 361, 368, 366, 371, 364, 360, 347,
    341, 338, 337, 343, 348, 359, 369, 366, 369, 370, 362, 352, 344, 336,
    328, 322, 316, 316, 316, 319, 323, 328, 330, 333, 332, 332, 333, 335,
    337, 333, 333, 336, 336, 335, 337 ]
LHandPositionsY: [ 166, 161, 164, 165, 163, 159, 156, 154, 153, 150, 149,
    149, 153, 152, 153, 157, 158, 156, 157, 154, 149, 149, 146, 149, 143,
    142, 147, 147, 154, 155, 157, 155, 152, 147, 144, 145, 147, 147, 145,
    147, 152, 159, 157, 155, 155, 153, 151, 152, 151, 150, 148, 152, 154,
    159, 157, 156, 157, 152, 149, 147, 147, 145, 143, 147, 147, 155, 161,
    168, 179, 185, 198, 211, 224, 236, 245, 243, 250, 250, 256, 256, 256,
    258, 259, 257, 255, 256, 257, 255 ]
RHandPositionsX: [ 175, 176, 176, 174, 178, 174, 175, 177, 176, 175, 175,
    177, 178, 178, 174, 176, 174, 176, 178, 178, 177, 175, 174, 178, 174,
    177, 177, 177, 175, 174, 176, 174, 176, 175, 175, 178, 177, 176, 177,
    178, 175, 174, 175, 175, 178, 177, 175, 175, 175, 177, 175, 176, 176,
    174, 178, 177, 177, 174, 177, 178, 177, 174, 175, 175, 176, 176, 175,
    178, 175, 178, 176, 175, 176, 175, 177, 177, 178, 178, 177, 174, 176,
    174, 175, 176, 175, 174, 177, 178 ]
RHandPositionsY: [ 275, 274, 272, 272, 273, 273, 273, 273, 273, 273, 275,
    275, 272, 271, 272, 271, 274, 272, 275, 272, 273, 271, 274, 274, 274,
    271, 273, 274, 273, 271, 273, 273, 275, 275, 275, 273, 271, 272, 275,
    273, 275, 275, 271, 273, 274, 275, 273, 275, 273, 274, 275, 271, 273,
    275, 275, 272, 274, 271, 273, 275, 274, 272, 272, 272, 273, 274, 271,
    272, 271, 273, 273, 271, 275, 271, 275, 274, 275, 271, 273, 274, 272,
    273, 271, 274, 273, 272, 272, 271 ]
