%YAML:1.0
---
videoName: "LHShake14.mp4"
gestureLabel: 2
fps: 29
pixelSizeInCmTemp: 3.2808219178082193e-01
faceCenterPointX: 256
faceCenterPointY: 64
LHandPositionsX: [ 349, 355, 348, 355, 369, 379, 392, 389, 389, 381, 370,
    358, 361, 356, 359, 371, 383, 383, 385, 382, 375, 362, 355, 356, 351,
    360, 367, 381, 389, 388, 384, 376, 370, 360, 356, 355, 360, 372, 382,
    382, 384, 380, 371, 359, 359, 359, 359, 366, 373, 376, 378, 377, 371,
    365, 355, 347, 340, 337, 330, 331, 329, 328, 327, 327, 332, 332, 330,
    330, 330, 330, 328, 332, 332, 330, 330, 328, 328, 331, 327, 327, 331,
    328, 329, 330, 327, 329, 327, 331 ]
LHandPositionsY: [ 146, 147, 147, 145, 141, 139, 142, 141, 140, 140, 144,
    150, 149, 149, 145, 143, 138, 139, 138, 137, 141, 142, 147, 148, 149,
    148, 144, 145, 140, 143, 140, 143, 143, 148, 148, 147, 144, 147, 143,
    145, 143, 140, 140, 144, 141, 141, 142, 142, 139, 141, 142, 143, 149,
    154, 158, 165, 175, 186, 198, 208, 221, 234, 235, 238, 241, 247, 247,
    249, 250, 248, 253, 251, 251, 249, 248, 248, 249, 252, 248, 248, 251,
    251, 248, 251, 252, 248, 250, 251 ]
RHandPositionsX: [ 184, 183, 183, 182, 182, 182, 179, 180, 180, 183, 178,
    178, 179, 181, 181, 177, 180, 180, 178, 178, 176, 175, 178, 175, 175,
    175, 176, 176, 178, 178, 177, 178, 178, 179, 176, 178, 175, 177, 178,
    180, 176, 177, 175, 178, 178, 177, 175, 177, 177, 176, 177, 179, 178,
    179, 177, 178, 177, 179, 179, 175, 176, 177, 177, 178, 179, 179, 177,
    177, 179, 178, 177, 177, 175, 175, 176, 178, 176, 177, 178, 176, 178,
    179, 175, 177, 176, 178, 175, 179 ]
RHandPositionsY: [ 279, 277, 275, 277, 276, 276, 279, 278, 278, 278, 277,
    277, 275, 275, 278, 275, 276, 273, 273, 275, 276, 277, 276, 275, 274,
    275, 276, 273, 277, 273, 273, 274, 275, 275, 274, 275, 273, 275, 275,
    276, 276, 274, 277, 275, 277, 276, 274, 277, 276, 276, 277, 276, 274,
    275, 275, 277, 276, 273, 275, 277, 276, 277, 274, 274, 275, 275, 277,
    277, 274, 274, 275, 277, 275, 273, 275, 273, 276, 275, 275, 276, 276,
    273, 274, 277, 276, 276, 277, 274 ]
