%YAML:1.0
---
videoName: "LHShake12.mp4"
gestureLabel: 2
fps: 29
pixelSizeInCmTemp: 3.3263888888888887e-01
faceCenterPointX: 259
faceCenterPointY: 64
LHandPositionsX: [ 371, 357, 346, 347, 344, 346, 352, 364, 373, 382, 381,
    380, 373, 366, 355, 346, 348, 347, 349, 353, 365, 377, 376, 375, 377,
    372, 361, 351, 340, 340, 339, 343, 347, 358, 368, 370, 372, 371, 370,
    358, 350, 343, 345, 343, 347, 355, 364, 372, 367, 368, 368, 360, 345,
    341, 340, 340, 341, 346, 358, 368, 366, 366, 367, 362, 355, 343, 336,
    327, 324, 320, 317, 319, 318, 323, 331, 331, 333, 333, 333, 336, 336,
    334, 337, 334, 337, 334, 334, 335 ]
LHandPositionsY: [ 167, 162, 162, 163, 160, 161, 155, 153, 152, 151, 149,
    151, 153, 151, 157, 160, 159, 159, 157, 152, 152, 147, 148, 148, 144,
    141, 146, 150, 152, 155, 154, 151, 152, 148, 148, 145, 146, 144, 147,
    150, 154, 156, 157, 156, 155, 153, 154, 151, 153, 150, 150, 151, 151,
    155, 158, 156, 153, 152, 148, 145, 144, 145, 142, 146, 149, 155, 163,
    167, 178, 186, 199, 208, 225, 236, 244, 246, 249, 250, 256, 257, 256,
    254, 258, 256, 255, 256, 255, 255 ]
RHandPositionsX: [ 177, 176, 176, 176, 176, 177, 177, 178, 176, 178, 175,
    174, 175, 177, 177, 176, 178, 178, 177, 177, 175, 174, 177, 176, 175,
    176, 175, 176, 176, 176, 178, 178, 174, 177, 177, 178, 175, 175, 174,
    174, 176, 177, 176, 178, 176, 178, 177, 177, 174, 176, 176, 178, 175,
    177, 176, 175, 174, 174, 177, 176, 177, 177, 174, 176, 177, 176, 177,
    175, 177, 176, 175, 178, 177, 174, 174, 176, 178, 177, 175, 178, 174,
    177, 176, 174, 175, 175, 176, 177 ]
RHandPositionsY: [ 272, 272, 272, 271, 275, 273, 274, 275, 272, 275, 274,
    275, 272, 274, 274, 271, 275, 275, 275, 274, 275, 271, 274, 272, 271,
    275, 274, 274, 274, 275, 274, 272, 273, 273, 271, 271, 271, 273, 274,
    272, 274, 272, 272, 274, 275, 272, 272, 275, 272, 273, 274, 273, 271,
    275, 273, 273, 272, 274, 273, 275, 272, 274, 271, 273, 272, 271, 274,
    274, 274, 273, 272, 273, 272, 271, 275, 275, 274, 274, 272, 271, 275,
    274, 275, 271, 274, 271, 272, 273 ]
