%YAML:1.0
---
videoName: "LHShake18.mp4"
gestureLabel: 2
fps: 29
pixelSizeInCmTemp: 3.4214285714285714e-01
faceCenterPointX: 253
faceCenterPointY: 65
LHandPositionsX: [ 315, 313, 315, 313, 311, 312, 314, 313, 311, 315, 312,
    314, 315, 312, 311, 314, 314, 314, 321, 324, 330, 339, 345, 349, 350,
    350, 336, 325, 313, 296, 300, 304, 305, 313, 309, 315, 311, 305, 296,
    293, 292, 299, 306, 315, 309, 310, 307, 299, 290, 286, 285, 295, 308,
    312, 312, 310, 306, 292, 287, 289, 292, 300, 307, 308, 310, 307, 304,
    294, 295, 302, 303, 308, 310, 311, 313, 311, 304, 304, 304, 305, 304,
    305, 309, 309, 310, 310, 308, 307 ]
LHandPositionsY: [ 249, 250, 250, 249, 248, 246, 248, 246, 249, 248, 249,
    248, 248, 249, 249, 246, 248, 250, 242, 237, 219, 201, 191, 179, 169,
    157, 152, 148, 147, 139, 135, 143, 145, 140, 141, 140, 143, 145, 143,
    139, 135, 145, 144, 148, 147, 144, 149, 147, 145, 141, 142, 147, 148,
    146, 149, 149, 151, 145, 143, 144, 148, 153, 152, 153, 150, 156, 157,
    146, 148, 154, 156, 152, 153, 154, 164, 165, 177, 189, 195, 205, 215,
    218, 219, 233, 235, 232, 232, 233 ]
RHandPositionsX: [ 197, 194, 194, 196, 197, 198, 196, 199, 196, 195, 195,
    195, 199, 198, 197, 197, 199, 195, 197, 195, 197, 199, 197, 198, 196,
    198, 197, 198, 194, 198, 195, 198, 199, 198, 198, 199, 199, 199, 200,
    199, 198, 199, 196, 198, 196, 197, 196, 198, 198, 199, 199, 196, 197,
    197, 198, 197, 200, 200, 197, 200, 197, 198, 199, 199, 196, 198, 195,
    196, 198, 196, 198, 194, 194, 196, 198, 198, 196, 197, 197, 196, 198,
    197, 196, 194, 197, 196, 196, 195 ]
RHandPositionsY: [ 264, 264, 266, 264, 264, 264, 267, 265, 266, 267, 267,
    266, 266, 264, 266, 263, 265, 263, 265, 267, 265, 264, 264, 266, 263,
    264, 263, 266, 264, 265, 262, 265, 263, 267, 266, 265, 264, 268, 267,
    264, 267, 265, 267, 266, 265, 264, 264, 266, 268, 264, 268, 268, 268,
    268, 265, 265, 267, 265, 266, 269, 268, 265, 268, 267, 267, 267, 265,
    266, 265, 265, 267, 265, 268, 264, 267, 265, 265, 267, 265, 264, 268,
    267, 264, 264, 265, 267, 266, 265 ]
