%YAML:1.0
---
videoName: "LHShake03.mp4"
gestureLabel: 2
fps: 30
pixelSizeInCmTemp: 3.2808219178082193e-01
faceCenterPointX: 251
faceCenterPointY: 79
LHandPositionsX: [ 342, 344, 350, 355, 355, 355, 351, 348, 338, 328, 314,
    318, 317, 314, 316, 321, 326, 333, 337, 336, 339, 336, 332, 332, 324,
    323, 325, 320, 326, 329, 335, 343, 344, 340, 334, 321, 318, 312, 310,
    310, 315, 319, 328, 332, 337, 334, 330, 327, 322, 321, 326, 326, 331,
    337, 345, 342, 336, 337, 339, 337, 335, 327, 320, 318, 314, 314, 309,
    301, 302, 300, 297, 295, 294, 294, 292, 294, 291, 291, 289, 293, 292,
    292, 291, 289, 289, 287, 288, 287, 284, 283, 285 ]
LHandPositionsY: [ 143, 136, 129, 120, 116, 109, 103, 105, 99, 100, 103,
    103, 104, 102, 98, 92, 91, 87, 87, 89, 82, 85, 87, 87, 90, 88, 89,
    89, 87, 85, 85, 84, 79, 83, 85, 88, 95, 97, 98, 96, 91, 92, 92, 87,
    88, 89, 85, 86, 89, 92, 91, 91, 92, 88, 86, 88, 94, 93, 95, 101, 114,
    132, 144, 157, 166, 177, 185, 198, 207, 216, 222, 224, 226, 230, 234,
    235, 240, 243, 246, 251, 249, 247, 249, 252, 256, 252, 251, 251, 253,
    255, 254 ]
RHandPositionsX: [ 215, 214, 215, 212, 212, 212, 212, 214, 215, 214, 214,
    214, 214, 212, 212, 215, 212, 214, 213, 214, 212, 214, 212, 214, 214,
    212, 213, 215, 214, 212, 211, 214, 214, 215, 215, 212, 211, 211, 213,
    214, 214, 214, 214, 211, 215, 212, 211, 214, 212, 214, 212, 215, 211,
    211, 213, 212, 214, 214, 212, 210, 213, 212, 212, 210, 210, 213, 212,
    212, 213, 212, 210, 210, 213, 210, 212, 213, 211, 210, 213, 211, 211,
    212, 210, 210, 210, 210, 213, 211, 213, 210, 212 ]
RHandPositionsY: [ 256, 254, 255, 255, 253, 255, 255, 255, 256, 252, 254,
    254, 254, 255, 253, 253, 256, 255, 255, 255, 251, 252, 251, 254, 251,
    252, 252, 252, 255, 251, 255, 255, 255, 253, 252, 255, 254, 253, 254,
    252, 252, 254, 253, 254, 252, 252, 251, 254, 253, 253, 254, 255, 254,
    253, 254, 253, 251, 253, 254, 252, 254, 251, 251, 253, 254, 251, 252,
    252, 252, 255, 255, 254, 251, 253, 251, 251, 251, 252, 253, 253, 251,
    251, 251, 251, 252, 255, 253, 253, 254, 254, 253 ]
