%YAML:1.0
---
videoName: "LHShake14.mp4"
gestureLabel: 2
fps: 29
pixelSizeInCmTemp: 3.2808219178082193e-01
faceCenterPointX: 256
faceCenterPointY: 64
LHandPositionsX: [ 348, 354, 350, 359, 369, 382, 392, 389, 387, 380, 368,
    357, 360, 358, 359, 369, 383, 384, 385, 381, 372, 362, 354, 355, 352,
    358, 368, 380, 386, 388, 384, 375, 368, 357, 359, 357, 360, 372, 383,
    381, 383, 376, 368, 359, 359, 359, 359, 362, 370, 380, 377, 378, 371,
    367, 359, 350, 342, 338, 334, 330, 326, 328, 329, 329, 331, 331, 331,
    329, 330, 330, 329, 332, 331, 328, 330, 330, 331, 330, 327, 328, 328,
    328, 331, 327, 331, 330, 331, 327 ]
LHandPositionsY: [ 149, 146, 147, 145, 140, 138, 143, 140, 141, 139, 145,
    148, 146, 146, 146, 142, 138, 140, 140, 137, 139, 144, 145, 145, 145,
    145, 145, 142, 140, 143, 143, 142, 143, 144, 146, 146, 146, 146, 142,
    144, 143, 143, 142, 141, 142, 142, 139, 138, 139, 141, 142, 147, 149,
    152, 158, 166, 178, 187, 201, 208, 220, 231, 236, 239, 241, 245, 249,
    248, 248, 249, 249, 248, 250, 250, 251, 250, 249, 249, 250, 248, 250,
    250, 249, 250, 248, 252, 248, 250 ]
RHandPositionsX: [ 183, 184, 184, 183, 180, 182, 180, 181, 180, 180, 179,
    179, 179, 181, 182, 180, 178, 179, 179, 175, 178, 178, 178, 179, 176,
    175, 176, 179, 179, 176, 177, 178, 178, 175, 175, 175, 176, 176, 178,
    178, 177, 177, 175, 178, 179, 176, 176, 178, 179, 179, 178, 177, 179,
    179, 179, 176, 177, 177, 176, 175, 178, 175, 176, 178, 175, 175, 177,
    176, 178, 179, 175, 178, 178, 175, 179, 178, 177, 175, 179, 177, 178,
    175, 179, 175, 175, 177, 178, 179 ]
RHandPositionsY: [ 280, 280, 278, 277, 279, 275, 279, 275, 277, 277, 277,
    278, 278, 277, 277, 276, 274, 275, 273, 277, 277, 273, 274, 273, 275,
    274, 275, 277, 275, 277, 274, 273, 277, 277, 277, 273, 273, 276, 275,
    277, 275, 275, 274, 273, 275, 275, 277, 277, 275, 277, 274, 273, 273,
    273, 274, 273, 274, 276, 275, 276, 276, 277, 275, 273, 275, 277, 274,
    273, 273, 274, 275, 273, 273, 273, 277, 275, 274, 275, 277, 277, 277,
    274, 275, 276, 276, 274, 273, 274 ]
