%YAML:1.0
---
videoName: "LHShake09.mp4"
gestureLabel: 2
fps: 29
pixelSizeInCmTemp: 3.3263888888888887e-01
faceCenterPointX: 259
faceCenterPointY: 67
LHandPositionsX: [ 338, 338, 339, 339, 341, 345, 350, 352, 352, 358, 358,
    364, 370, 366, 369, 364, 359, 349, 342, 331, 332, 335, 330, 330, 338,
    349, 349, 351, 347, 348, 354, 350, 340, 338, 336, 336, 338, 343, 352,
    362, 365, 365, 365, 362, 353, 343, 336, 336, 336, 337, 337, 345, 353,
    353, 356, 356, 357, 350, 343, 335, 335, 335, 332, 334, 344, 348, 355,
    352, 353, 354, 347, 342, 335, 332, 324, 320, 319, 320, 320, 325, 327,
    329, 328, 331, 332, 331, 333, 333 ]
LHandPositionsY: [ 271, 272, 272, 272, 275, 269, 267, 254, 251, 235, 235,
    214, 202, 196, 186, 176, 166, 161, 160, 155, 158, 156, 157, 152, 152,
    150, 145, 147, 145, 147, 148, 151, 150, 154, 153, 154, 153, 154, 153,
    151, 153, 155, 154, 152, 155, 157, 157, 158, 158, 157, 156, 153, 151,
    154, 151, 152, 149, 150, 149, 152, 152, 152, 153, 151, 152, 151, 153,
    148, 148, 150, 150, 154, 160, 170, 179, 195, 205, 222, 233, 244, 244,
    247, 250, 252, 257, 259, 259, 258 ]
RHandPositionsX: [ 177, 177, 179, 178, 176, 180, 177, 177, 177, 180, 176,
    178, 176, 179, 180, 180, 176, 178, 177, 178, 180, 178, 177, 179, 180,
    180, 177, 179, 176, 178, 176, 179, 178, 176, 176, 180, 177, 176, 177,
    179, 178, 180, 178, 179, 178, 178, 178, 179, 178, 177, 176, 180, 177,
    180, 180, 176, 178, 180, 176, 177, 176, 179, 180, 177, 178, 177, 179,
    176, 179, 177, 179, 176, 176, 178, 176, 176, 180, 178, 178, 180, 180,
    179, 176, 177, 179, 176, 179, 180 ]
RHandPositionsY: [ 276, 279, 276, 279, 276, 277, 278, 277, 275, 276, 278,
    276, 279, 276, 279, 276, 279, 275, 275, 277, 275, 278, 275, 279, 276,
    278, 279, 279, 276, 277, 275, 279, 278, 278, 277, 278, 278, 278, 279,
    277, 276, 277, 276, 278, 278, 278, 277, 275, 275, 275, 279, 275, 275,
    278, 275, 277, 277, 277, 278, 277, 277, 278, 279, 275, 276, 277, 275,
    277, 276, 276, 275, 278, 276, 276, 278, 275, 275, 276, 275, 278, 278,
    277, 276, 279, 279, 275, 278, 275 ]
