%YAML:1.0
---
videoName: "LHShake10.mp4"
gestureLabel: 2
fps: 29
pixelSizeInCmTemp: 3.4214285714285714e-01
faceCenterPointX: 253
faceCenterPointY: 65
LHandPositionsX: [ 337, 334, 338, 337, 336, 336, 342, 348, 354, 359, 367,
    377, 383, 391, 396, 395, 393, 384, 376, 365, 356, 352, 353, 355, 359,
    371, 382, 391, 393, 390, 392, 386, 375, 364, 357, 356, 358, 364, 370,
    374, 375, 372, 372, 372, 367, 364, 355, 343, 346, 343, 345, 352, 362,
    372, 382, 382, 379, 374, 365, 354, 352, 349, 350, 351, 356, 363, 374,
    380, 380, 380, 375, 374, 369, 364, 353, 348, 342, 344, 339, 337, 337,
    338, 334, 337, 335, 335, 337, 337 ]
LHandPositionsY: [ 269, 271, 270, 268, 270, 270, 269, 261, 253, 240, 224,
    206, 193, 177, 166, 157, 142, 136, 136, 142, 145, 148, 146, 148, 149,
    146, 136, 142, 142, 142, 140, 143, 148, 148, 149, 150, 149, 145, 137,
    132, 133, 136, 132, 134, 131, 133, 138, 141, 145, 145, 143, 146, 139,
    143, 139, 140, 142, 145, 144, 149, 150, 154, 153, 149, 150, 151, 148,
    146, 147, 148, 151, 154, 157, 166, 171, 182, 193, 206, 219, 231, 246,
    255, 252, 256, 255, 256, 260, 258 ]
RHandPositionsX: [ 175, 174, 174, 173, 173, 173, 174, 175, 175, 173, 176,
    174, 175, 174, 176, 172, 175, 175, 174, 173, 172, 173, 171, 172, 171,
    172, 172, 174, 173, 172, 173, 175, 175, 174, 171, 175, 171, 172, 171,
    173, 174, 173, 175, 172, 171, 173, 174, 174, 173, 174, 172, 174, 175,
    174, 173, 174, 171, 175, 174, 175, 172, 171, 173, 172, 171, 175, 171,
    171, 174, 173, 174, 171, 174, 175, 174, 175, 172, 174, 171, 175, 172,
    173, 173, 171, 172, 175, 171, 171 ]
RHandPositionsY: [ 276, 277, 278, 277, 278, 277, 278, 277, 277, 275, 275,
    276, 276, 278, 277, 277, 274, 274, 276, 278, 278, 275, 274, 277, 276,
    274, 275, 274, 278, 278, 274, 274, 277, 277, 275, 276, 274, 277, 278,
    274, 275, 278, 277, 278, 277, 276, 277, 278, 278, 278, 277, 277, 277,
    276, 277, 276, 274, 278, 277, 275, 276, 274, 276, 275, 278, 276, 275,
    276, 278, 277, 277, 277, 277, 274, 278, 278, 278, 276, 276, 277, 277,
    274, 278, 276, 277, 277, 276, 275 ]
