%YAML:1.0
---
videoName: "LHShake10.mp4"
gestureLabel: 2
fps: 29
pixelSizeInCmTemp: 3.4214285714285714e-01
faceCenterPointX: 253
faceCenterPointY: 65
LHandPositionsX: [ 338, 334, 338, 335, 336, 337, 342, 349, 354, 357, 365,
    376, 381, 393, 394, 395, 395, 386, 377, 365, 357, 350, 349, 354, 362,
    372, 383, 389, 390, 394, 393, 386, 375, 365, 359, 356, 360, 363, 370,
    371, 372, 373, 373, 369, 369, 362, 353, 344, 342, 347, 345, 353, 363,
    372, 380, 378, 379, 374, 366, 354, 350, 352, 348, 349, 354, 362, 374,
    381, 378, 379, 377, 373, 366, 362, 355, 351, 346, 343, 337, 338, 334,
    335, 335, 333, 336, 337, 334, 337 ]
LHandPositionsY: [ 272, 269, 272, 269, 269, 270, 267, 264, 252, 238, 224,
    210, 192, 180, 168, 157, 141, 135, 135, 141, 142, 149, 146, 151, 147,
    148, 139, 142, 143, 141, 144, 143, 146, 149, 152, 151, 149, 146, 136,
    133, 131, 132, 135, 132, 129, 129, 139, 145, 144, 143, 143, 143, 137,
    140, 142, 142, 142, 144, 143, 148, 153, 154, 153, 150, 151, 152, 147,
    148, 148, 147, 148, 151, 158, 164, 172, 183, 196, 207, 220, 233, 244,
    251, 254, 254, 258, 255, 259, 258 ]
RHandPositionsX: [ 175, 174, 172, 172, 175, 175, 174, 176, 173, 173, 172,
    175, 175, 175, 176, 174, 173, 175, 174, 174, 173, 171, 172, 173, 172,
    175, 175, 171, 174, 171, 175, 175, 173, 174, 171, 171, 172, 173, 173,
    175, 174, 174, 173, 171, 171, 173, 175, 175, 174, 175, 173, 172, 172,
    173, 175, 172, 171, 172, 174, 174, 175, 174, 173, 173, 172, 174, 174,
    173, 174, 173, 171, 171, 174, 175, 174, 173, 172, 171, 174, 173, 174,
    171, 174, 174, 175, 175, 174, 175 ]
RHandPositionsY: [ 277, 277, 274, 278, 278, 274, 278, 278, 275, 275, 278,
    274, 274, 274, 276, 276, 277, 277, 275, 276, 275, 277, 278, 275, 277,
    274, 278, 276, 274, 277, 274, 275, 276, 276, 277, 275, 276, 277, 278,
    274, 278, 275, 274, 277, 278, 274, 278, 278, 276, 275, 275, 274, 274,
    278, 277, 275, 277, 278, 276, 278, 275, 276, 275, 278, 275, 278, 277,
    274, 275, 274, 274, 274, 278, 276, 274, 274, 274, 274, 274, 274, 277,
    276, 277, 277, 275, 275, 274, 276 ]
