%YAML:1.0
---
videoName: "LHShake09.mp4"
gestureLabel: 2
fps: 29
pixelSizeInCmTemp: 3.3263888888888887e-01
faceCenterPointX: 259
faceCenterPointY: 67
LHandPositionsX: [ 336, 337, 340, 340, 343, 345, 348, 355, 349, 360, 359,
    367, 369, 367, 370, 365, 362, 352, 340, 331, 331, 334, 331, 330, 337,
    349, 351, 351, 346, 346, 354, 351, 342, 338, 336, 338, 340, 344, 351,
    361, 365, 365, 368, 363, 354, 345, 338, 336, 337, 335, 340, 348, 355,
    355, 355, 357, 353, 351, 340, 337, 337, 337, 333, 337, 340, 351, 355,
    355, 355, 351, 349, 342, 335, 329, 323, 320, 320, 322, 324, 325, 327,
    326, 330, 330, 334, 334, 333, 332 ]
LHandPositionsY: [ 273, 275, 275, 274, 272, 271, 263, 257, 248, 238, 234,
    216, 203, 200, 183, 172, 168, 162, 157, 156, 160, 156, 155, 156, 152,
    151, 148, 145, 145, 145, 150, 152, 151, 155, 156, 155, 156, 155, 151,
    154, 154, 153, 155, 153, 154, 153, 158, 156, 154, 154, 156, 155, 151,
    151, 151, 153, 150, 149, 152, 153, 151, 153, 152, 153, 153, 150, 153,
    149, 151, 148, 153, 157, 161, 173, 179, 194, 206, 219, 231, 243, 245,
    246, 251, 255, 257, 261, 258, 261 ]
RHandPositionsX: [ 177, 177, 177, 176, 179, 179, 177, 176, 178, 177, 179,
    176, 177, 176, 177, 177, 179, 176, 176, 176, 179, 176, 180, 176, 179,
    180, 179, 178, 179, 180, 180, 178, 177, 179, 176, 180, 176, 180, 176,
    176, 180, 178, 176, 179, 180, 180, 179, 176, 176, 176, 178, 178, 176,
    180, 179, 176, 178, 176, 176, 180, 179, 178, 178, 180, 178, 180, 176,
    178, 178, 177, 177, 177, 176, 180, 179, 177, 176, 176, 178, 177, 178,
    176, 179, 176, 176, 179, 180, 176 ]
RHandPositionsY: [ 278, 279, 275, 277, 275, 278, 276, 278, 278, 277, 276,
    275, 277, 279, 276, 279, 279, 277, 277, 276, 278, 275, 278, 279, 279,
    277, 276, 279, 275, 278, 275, 275, 278, 275, 277, 275, 276, 275, 275,
    275, 278, 276, 276, 277, 279, 276, 278, 279, 277, 276, 275, 279, 275,
    279, 277, 278, 276, 279, 277, 277, 279, 275, 276, 279, 275, 275, 278,
    276, 278, 279, 278, 278, 277, 279, 277, 279, 275, 275, 279, 275, 279,
    275, 278, 279, 279, 278, 276, 277 ]
