%YAML:1.0
---
videoName: "LHShake09.mp4"
gestureLabel: 2
fps: 29
pixelSizeInCmTemp: 3.3263888888888887e-01
faceCenterPointX: 259
faceCenterPointY: 67
LHandPositionsX: [ 336, 336, 340, 340, 341, 348, 350, 354, 351, 359, 357,
    364, 370, 369, 368, 363, 360, 349, 342, 333, 334, 333, 331, 328, 338,
    346, 349, 349, 349, 349, 353, 347, 342, 338, 338, 338, 337, 343, 351,
    359, 365, 362, 367, 362, 353, 344, 339, 339, 338, 335, 339, 348, 352,
    352, 356, 354, 356, 348, 341, 337, 333, 336, 335, 336, 342, 348, 355,
    356, 353, 352, 348, 344, 336, 330, 324, 318, 316, 321, 323, 328, 326,
    326, 331, 332, 335, 331, 335, 332 ]
LHandPositionsY: [ 271, 271, 271, 274, 274, 273, 263, 254, 250, 237, 233,
    218, 201, 196, 184, 173, 166, 163, 159, 158, 160, 160, 156, 152, 150,
    151, 147, 146, 147, 147, 147, 153, 150, 152, 155, 152, 154, 152, 152,
    155, 155, 155, 151, 155, 155, 154, 159, 157, 155, 154, 154, 153, 151,
    154, 153, 152, 149, 151, 153, 151, 151, 150, 151, 154, 154, 152, 151,
    148, 151, 149, 150, 153, 162, 171, 181, 194, 205, 220, 233, 245, 246,
    249, 252, 255, 259, 261, 259, 259 ]
RHandPositionsX: [ 176, 180, 180, 179, 180, 176, 179, 179, 177, 177, 178,
    179, 177, 177, 177, 177, 178, 177, 178, 177, 180, 177, 179, 179, 178,
    179, 179, 176, 179, 176, 178, 180, 180, 177, 179, 178, 179, 177, 177,
    179, 180, 178, 179, 180, 180, 179, 177, 179, 179, 178, 179, 177, 179,
    176, 176, 178, 177, 177, 178, 180, 178, 180, 180, 180, 178, 179, 176,
    178, 177, 178, 179, 177, 179, 180, 179, 176, 176, 178, 176, 176, 178,
    179, 180, 179, 179, 180, 180, 180 ]
RHandPositionsY: [ 278, 279, 277, 278, 276, 275, 276, 278, 276, 279, 279,
    279, 278, 278, 275, 277, 277, 277, 279, 278, 277, 276, 277, 276, 277,
    276, 277, 277, 278, 275, 276, 278, 276, 278, 279, 277, 276, 275, 276,
    279, 276, 278, 279, 275, 278, 279, 279, 278, 276, 278, 275, 279, 278,
    278, 277, 276, 278, 275, 278, 277, 278, 279, 278, 276, 276, 279, 275,
    278, 276, 277, 279, 275, 278, 275, 279, 278, 277, 275, 277, 275, 276,
    276, 279, 275, 277, 278, 275, 278 ]
