%YAML:1.0
---
videoName: "LHShake14.mp4"
gestureLabel: 2
fps: 29
pixelSizeInCmTemp: 3.2808219178082193e-01
faceCenterPointX: 256
faceCenterPointY: 64
LHandPositionsX: [ 348, 351, 351, 359, 370, 383, 391, 391, 389, 381, 368,
    360, 358, 356, 361, 372, 384, 381, 382, 383, 376, 361, 352, 355, 353,
    359, 366, 382, 388, 384, 386, 376, 366, 358, 357, 357, 361, 369, 383,
    381, 382, 377, 372, 359, 361, 357, 359, 363, 372, 377, 375, 377, 372,
    363, 359, 347, 344, 337, 331, 331, 329, 332, 330, 329, 331, 332, 329,
    328, 330, 332, 330, 330, 328, 330, 331, 330, 330, 327, 327, 331, 328,
    328, 331, 329, 328, 328, 327, 328 ]
LHandPositionsY: [ 147, 144, 148, 146, 139, 140, 139, 143, 143, 140, 144,
    148, 150, 150, 144, 145, 140, 140, 140, 137, 139, 142, 145, 145, 149,
    146, 145, 144, 144, 144, 141, 140, 146, 146, 148, 147, 146, 145, 143,
    141, 142, 141, 142, 143, 144, 144, 139, 141, 139, 144, 144, 146, 149,
    152, 159, 165, 175, 187, 197, 208, 223, 231, 236, 238, 243, 245, 251,
    251, 247, 251, 252, 248, 248, 249, 250, 250, 250, 252, 248, 252, 252,
    251, 250, 248, 251, 252, 252, 248 ]
RHandPositionsX: [ 183, 184, 183, 184, 180, 183, 179, 180, 180, 181, 179,
    180, 181, 182, 182, 179, 176, 178, 178, 178, 176, 176, 177, 177, 178,
    178, 177, 175, 177, 175, 177, 179, 176, 177, 176, 175, 179, 175, 176,
    179, 175, 178, 179, 177, 175, 175, 177, 176, 179, 176, 176, 178, 176,
    177, 178, 179, 177, 178, 177, 178, 177, 176, 175, 175, 177, 178, 176,
    176, 176, 175, 177, 175, 175, 177, 175, 177, 175, 176, 176, 178, 175,
    176, 175, 177, 178, 175, 177, 178 ]
RHandPositionsY: [ 277, 276, 277, 277, 275, 277, 277, 276, 276, 279, 274,
    274, 276, 276, 275, 275, 277, 275, 273, 277, 275, 273, 277, 277, 277,
    276, 276, 276, 277, 273, 277, 274, 273, 276, 276, 276, 277, 275, 274,
    274, 274, 273, 276, 273, 275, 277, 276, 276, 277, 277, 277, 273, 274,
    277, 274, 276, 276, 277, 276, 277, 274, 275, 275, 274, 276, 275, 276,
    274, 277, 274, 276, 274, 274, 275, 274, 273, 275, 277, 273, 273, 276,
    277, 273, 275, 274, 274, 275, 277 ]
