%YAML:1.0
---
videoName: "LHShake23.mp4"
gestureLabel: 2
fps: 30
pixelSizeInCmTemp: 3.3263888888888887e-01
faceCenterPointX: 259
faceCenterPointY: 79
LHandPositionsX: [ 330, 330, 330, 332, 333, 334, 332, 334, 332, 332, 333,
    335, 339, 348, 347, 359, 367, 371, 374, 377, 379, 381, 373, 369, 359,
    351, 353, 352, 355, 363, 370, 380, 386, 382, 386, 381, 370, 361, 361,
    360, 361, 368, 375, 385, 385, 381, 379, 375, 362, 358, 355, 351, 358,
    365, 373, 379, 381, 378, 378, 372, 367, 358, 358, 358, 357, 363, 375,
    378, 380, 380, 377, 375, 371, 364, 358, 350, 347, 343, 341, 340, 336,
    336, 339, 335, 335, 336, 335, 337, 338, 336, 335 ]
LHandPositionsY: [ 266, 262, 262, 262, 262, 264, 266, 264, 261, 264, 258,
    254, 244, 230, 230, 213, 199, 197, 193, 188, 179, 172, 169, 168, 168,
    170, 168, 171, 170, 164, 165, 163, 160, 159, 159, 160, 163, 164, 162,
    165, 167, 165, 164, 157, 161, 158, 160, 158, 160, 166, 166, 166, 166,
    168, 165, 164, 164, 163, 163, 162, 166, 169, 168, 170, 169, 168, 168,
    168, 165, 166, 170, 171, 175, 186, 193, 203, 212, 229, 237, 248, 247,
    252, 252, 253, 253, 256, 255, 254, 256, 256, 253 ]
RHandPositionsX: [ 185, 183, 186, 186, 184, 185, 185, 184, 185, 182, 186,
    182, 182, 183, 185, 185, 183, 183, 183, 182, 186, 183, 182, 184, 186,
    185, 183, 182, 186, 183, 184, 182, 186, 186, 183, 182, 184, 182, 183,
    183, 186, 183, 183, 184, 182, 182, 186, 186, 185, 186, 186, 186, 186,
    186, 182, 183, 182, 185, 182, 185, 182, 186, 184, 185, 183, 184, 185,
    186, 184, 183, 186, 185, 183, 184, 186, 186, 186, 183, 184, 183, 183,
    185, 182, 185, 183, 184, 185, 185, 183, 186, 183 ]
RHandPositionsY: [ 273, 274, 270, 271, 270, 274, 271, 272, 272, 271, 270,
    272, 273, 272, 273, 272, 270, 274, 271, 270, 270, 270, 274, 273, 274,
    272, 270, 272, 273, 273, 270, 272, 272, 273, 270, 270, 271, 271, 270,
    271, 274, 271, 274, 271, 270, 270, 273, 274, 274, 274, 272, 272, 271,
    270, 272, 270, 274, 272, 274, 274, 272, 274, 274, 273, 272, 274, 274,
    270, 274, 271, 271, 271, 271, 274, 270, 272, 271, 274, 273, 270, 273,
    274, 270, 273, 274, 274, 271, 271, 272, 270, 274 ]
