%YAML:1.0
---
videoName: "LHShake04.mp4"
gestureLabel: 2
fps: 30
pixelSizeInCmTemp: 3.2808219178082193e-01
faceCenterPointX: 247
faceCenterPointY: 80
LHandPositionsX: [ 283, 281, 281, 284, 279, 279, 283, 282, 280, 279, 281,
    279, 282, 280, 279, 285, 289, 298, 310, 323, 332, 349, 360, 366, 374,
    368, 364, 356, 346, 342, 338, 337, 333, 338, 348, 365, 370, 367, 359,
    348, 342, 345, 342, 343, 348, 352, 357, 354, 350, 345, 342, 346, 346,
    347, 353, 358, 355, 350, 345, 348, 344, 351, 353, 360, 363, 367, 364,
    358, 353, 344, 334, 324, 312, 306, 299, 292, 293, 289, 288, 289, 290,
    289, 286, 287, 288, 289, 286, 290, 285, 289, 288 ]
LHandPositionsY: [ 271, 269, 270, 269, 271, 269, 270, 268, 268, 272, 269,
    272, 270, 269, 271, 266, 262, 252, 244, 228, 216, 203, 188, 176, 162,
    161, 154, 151, 136, 134, 134, 130, 126, 120, 114, 113, 111, 110, 115,
    116, 129, 125, 124, 127, 120, 119, 113, 110, 119, 118, 119, 123, 118,
    115, 115, 115, 113, 109, 115, 115, 116, 112, 110, 108, 105, 107, 107,
    112, 128, 141, 158, 172, 185, 201, 215, 224, 235, 243, 245, 245, 248,
    246, 246, 251, 250, 249, 252, 254, 254, 252, 251 ]
RHandPositionsX: [ 215, 214, 214, 214, 214, 216, 216, 215, 218, 216, 218,
    217, 215, 216, 215, 215, 215, 218, 217, 215, 217, 214, 214, 214, 214,
    218, 217, 215, 216, 215, 218, 214, 218, 218, 216, 214, 218, 214, 214,
    214, 218, 218, 215, 216, 218, 218, 214, 214, 217, 214, 214, 218, 217,
    216, 215, 215, 215, 216, 217, 217, 214, 214, 214, 216, 217, 218, 216,
    216, 216, 216, 217, 218, 217, 215, 217, 217, 218, 217, 216, 216, 217,
    215, 217, 217, 216, 217, 214, 216, 218, 216, 218 ]
RHandPositionsY: [ 269, 270, 269, 270, 268, 269, 266, 268, 269, 269, 266,
    267, 268, 265, 268, 266, 268, 264, 267, 266, 265, 266, 265, 264, 264,
    264, 263, 267, 264, 264, 265, 265, 264, 266, 265, 266, 265, 262, 266,
    266, 265, 265, 262, 266, 264, 263, 262, 262, 261, 263, 263, 264, 264,
    262, 265, 265, 263, 265, 264, 263, 265, 264, 265, 262, 262, 263, 265,
    264, 264, 261, 262, 261, 262, 264, 263, 261, 264, 264, 261, 261, 262,
    264, 262, 263, 264, 264, 264, 264, 262, 264, 262 ]
