%YAML:1.0
---
videoName: "LHShake06.mp4"
gestureLabel: 2
fps: 29
pixelSizeInCmTemp: 3.3732394366197183e-01
faceCenterPointX: 250
faceCenterPointY: 80
LHandPositionsX: [ 383, 385, 387, 385, 383, 378, 373, 370, 371, 369, 376,
    385, 389, 394, 394, 395, 394, 388, 379, 377, 376, 377, 388, 387, 391,
    393, 392, 390, 384, 379, 377, 380, 386, 386, 392, 388, 388, 385, 381,
    383, 380, 381, 384, 387, 391, 389, 388, 386, 382, 381, 378, 384, 386,
    392, 398, 401, 400, 394, 394, 389, 379, 371, 362, 357, 354, 349, 339,
    328, 318, 313, 306, 305, 303, 306, 302, 302, 301, 299, 301, 302, 300,
    300, 300, 300, 300, 301, 302, 302 ]
LHandPositionsY: [ 152, 146, 142, 142, 137, 136, 136, 135, 137, 137, 130,
    128, 128, 130, 130, 126, 130, 132, 134, 136, 132, 132, 133, 131, 126,
    129, 127, 127, 128, 130, 131, 130, 127, 127, 123, 127, 125, 126, 128,
    129, 129, 129, 128, 124, 126, 124, 124, 125, 128, 128, 126, 125, 126,
    124, 124, 121, 120, 123, 125, 125, 133, 136, 146, 150, 159, 173, 189,
    208, 214, 222, 231, 233, 239, 239, 243, 245, 253, 251, 253, 252, 255,
    253, 256, 253, 257, 255, 257, 257 ]
RHandPositionsX: [ 210, 214, 209, 212, 209, 213, 210, 211, 213, 210, 211,
    210, 211, 210, 209, 211, 210, 209, 210, 213, 209, 210, 212, 213, 212,
    211, 209, 212, 213, 211, 212, 212, 210, 212, 212, 211, 210, 212, 210,
    212, 208, 211, 208, 210, 207, 208, 210, 210, 207, 208, 210, 211, 211,
    211, 211, 207, 208, 207, 210, 209, 208, 211, 207, 208, 207, 207, 208,
    207, 207, 207, 210, 208, 208, 209, 208, 211, 210, 208, 212, 208, 209,
    210, 210, 211, 209, 212, 211, 213 ]
RHandPositionsY: [ 269, 268, 268, 270, 267, 268, 268, 271, 271, 268, 266,
    270, 270, 266, 269, 268, 269, 268, 269, 266, 266, 267, 266, 266, 267,
    266, 266, 269, 269, 268, 266, 269, 265, 266, 267, 265, 265, 266, 267,
    269, 267, 265, 266, 268, 267, 270, 270, 266, 268, 268, 269, 265, 267,
    267, 268, 266, 267, 268, 269, 266, 265, 265, 266, 267, 266, 266, 266,
    269, 265, 266, 266, 266, 269, 265, 266, 268, 268, 269, 268, 266, 268,
    266, 267, 267, 268, 269, 266, 267 ]
