%YAML:1.0
---
videoName: "LHShake23.mp4"
gestureLabel: 2
fps: 30
pixelSizeInCmTemp: 3.3263888888888887e-01
faceCenterPointX: 259
faceCenterPointY: 79
LHandPositionsX: [ 330, 330, 330, 330, 331, 330, 331, 331, 333, 333, 335,
    337, 339, 345, 346, 361, 369, 372, 374, 376, 377, 378, 373, 368, 357,
    352, 351, 353, 353, 362, 371, 378, 386, 382, 386, 380, 371, 359, 360,
    361, 361, 367, 376, 382, 385, 384, 379, 373, 364, 355, 356, 351, 358,
    362, 372, 381, 383, 379, 378, 375, 368, 356, 357, 359, 358, 366, 375,
    377, 376, 378, 380, 373, 368, 363, 358, 353, 347, 345, 341, 341, 340,
    337, 337, 335, 339, 336, 338, 338, 337, 337, 336 ]
LHandPositionsY: [ 262, 263, 262, 266, 263, 263, 266, 264, 264, 261, 257,
    252, 241, 230, 231, 215, 200, 195, 193, 187, 182, 170, 168, 164, 168,
    169, 170, 168, 171, 165, 161, 163, 158, 161, 159, 160, 164, 164, 164,
    165, 164, 166, 164, 159, 160, 160, 159, 159, 163, 164, 166, 167, 169,
    166, 164, 162, 164, 162, 161, 163, 166, 167, 167, 170, 170, 169, 168,
    166, 169, 166, 170, 173, 177, 183, 195, 200, 214, 229, 237, 251, 250,
    253, 250, 252, 253, 253, 252, 252, 253, 256, 255 ]
RHandPositionsX: [ 184, 186, 184, 186, 184, 184, 183, 182, 186, 183, 183,
    185, 182, 183, 182, 186, 183, 185, 182, 183, 185, 184, 185, 183, 185,
    185, 186, 185, 185, 182, 182, 185, 186, 182, 184, 182, 185, 182, 183,
    183, 182, 184, 184, 183, 184, 182, 185, 183, 185, 186, 185, 186, 186,
    186, 183, 185, 185, 186, 184, 182, 184, 186, 185, 183, 185, 182, 185,
    184, 183, 185, 182, 184, 183, 185, 186, 183, 185, 186, 183, 182, 183,
    185, 182, 186, 183, 182, 182, 183, 186, 183, 186 ]
RHandPositionsY: [ 271, 273, 271, 273, 270, 270, 273, 272, 270, 273, 271,
    271, 274, 271, 270, 272, 273, 272, 274, 271, 274, 271, 273, 270, 271,
    272, 272, 273, 270, 274, 271, 270, 272, 271, 272, 270, 271, 273, 272,
    273, 273, 274, 272, 274, 274, 272, 271, 270, 271, 270, 272, 271, 270,
    271, 273, 272, 273, 271, 273, 270, 273, 273, 270, 270, 271, 274, 270,
    273, 274, 273, 274, 272, 274, 272, 270, 272, 272, 272, 270, 274, 272,
    272, 273, 274, 271, 270, 271, 274, 273, 271, 270 ]
