%YAML:1.0
---
videoName: "LHShake23.mp4"
gestureLabel: 2
fps: 30
pixelSizeInCmTemp: 3.3263888888888887e-01
faceCenterPointX: 259
faceCenterPointY: 79
LHandPositionsX: [ 333, 334, 334, 333, 331, 332, 333, 333, 332, 332, 333,
    335, 341, 344, 348, 361, 370, 371, 372, 379, 379, 380, 375, 365, 358,
    351, 352, 351, 356, 363, 373, 379, 387, 383, 385, 378, 373, 362, 358,
    358, 362, 368, 378, 386, 381, 382, 378, 374, 361, 358, 355, 353, 355,
    362, 372, 381, 381, 382, 380, 376, 368, 357, 358, 358, 355, 364, 375,
    379, 380, 379, 376, 374, 368, 365, 356, 351, 345, 345, 343, 339, 336,
    337, 338, 336, 339, 338, 336, 335, 338, 334, 337 ]
LHandPositionsY: [ 262, 266, 262, 263, 266, 263, 263, 265, 261, 264, 258,
    250, 241, 231, 230, 214, 200, 198, 194, 185, 182, 172, 168, 167, 169,
    171, 169, 167, 170, 166, 164, 159, 157, 158, 158, 163, 162, 164, 163,
    162, 167, 162, 162, 158, 159, 159, 161, 157, 161, 164, 163, 167, 168,
    169, 165, 165, 163, 163, 164, 165, 166, 170, 166, 169, 167, 172, 170,
    168, 167, 167, 168, 173, 174, 185, 192, 202, 211, 227, 237, 248, 251,
    252, 250, 253, 255, 254, 255, 255, 254, 256, 253 ]
RHandPositionsX: [ 183, 183, 186, 186, 185, 184, 182, 186, 184, 186, 184,
    185, 182, 183, 186, 182, 185, 184, 184, 184, 185, 184, 182, 184, 185,
    185, 183, 183, 183, 185, 186, 182, 184, 183, 182, 186, 182, 185, 182,
    186, 184, 186, 182, 182, 182, 182, 185, 185, 186, 185, 185, 182, 182,
    183, 185, 183, 185, 182, 185, 184, 182, 186, 184, 183, 182, 186, 184,
    184, 183, 185, 183, 182, 184, 185, 186, 186, 183, 184, 182, 186, 185,
    185, 183, 183, 184, 182, 184, 183, 185, 185, 186 ]
RHandPositionsY: [ 272, 271, 272, 272, 273, 273, 272, 274, 273, 270, 274,
    270, 270, 274, 274, 270, 271, 273, 274, 270, 274, 270, 271, 274, 270,
    274, 270, 272, 271, 272, 271, 272, 272, 271, 270, 273, 274, 273, 273,
    271, 274, 271, 274, 273, 274, 271, 273, 271, 272, 274, 270, 273, 270,
    272, 274, 271, 273, 271, 271, 270, 272, 274, 272, 272, 272, 274, 274,
    274, 271, 270, 272, 274, 273, 270, 273, 271, 274, 272, 271, 274, 274,
    270, 270, 274, 272, 270, 274, 273, 271, 270, 273 ]
