%YAML:1.0
---
videoName: "LHShake18.mp4"
gestureLabel: 2
fps: 29
pixelSizeInCmTemp: 3.4214285714285714e-01
faceCenterPointX: 253
faceCenterPointY: 65
LHandPositionsX: [ 315, 313, 312, 315, 313, 311, 314, 313, 314, 312, 312,
    315, 314, 311, 314, 316, 313, 317, 323, 324, 331, 340, 345, 346, 350,
    349, 337, 327, 315, 298, 301, 303, 309, 315, 310, 311, 312, 308, 298,
    291, 295, 299, 308, 312, 311, 309, 308, 299, 286, 287, 286, 296, 307,
    316, 313, 311, 307, 295, 287, 287, 292, 300, 310, 308, 309, 307, 302,
    295, 297, 299, 303, 308, 310, 311, 313, 312, 306, 305, 306, 303, 305,
    304, 307, 309, 310, 311, 309, 307 ]
LHandPositionsY: [ 248, 247, 249, 248, 247, 248, 250, 247, 250, 249, 248,
    250, 249, 247, 249, 246, 245, 250, 242, 233, 219, 203, 190, 179, 167,
    160, 155, 148, 148, 137, 138, 141, 145, 141, 141, 142, 141, 146, 143,
    141, 137, 142, 148, 148, 143, 146, 151, 148, 146, 141, 142, 145, 150,
    147, 146, 147, 153, 141, 142, 141, 148, 154, 152, 154, 152, 155, 159,
    145, 147, 152, 155, 153, 154, 154, 164, 167, 174, 186, 196, 209, 216,
    216, 218, 234, 233, 232, 230, 231 ]
RHandPositionsX: [ 196, 194, 196, 198, 195, 198, 195, 199, 198, 198, 198,
    195, 196, 199, 198, 196, 198, 197, 197, 197, 198, 195, 197, 199, 197,
    199, 196, 195, 197, 198, 196, 196, 195, 195, 199, 196, 197, 198, 199,
    198, 198, 196, 199, 198, 196, 195, 198, 196, 199, 196, 196, 199, 196,
    199, 198, 196, 199, 197, 199, 200, 195, 195, 198, 196, 196, 194, 196,
    197, 198, 194, 195, 197, 195, 198, 196, 196, 195, 195, 196, 196, 194,
    194, 198, 194, 195, 197, 196, 197 ]
RHandPositionsY: [ 264, 262, 264, 263, 262, 263, 265, 267, 266, 265, 263,
    266, 263, 267, 265, 265, 267, 265, 266, 264, 263, 266, 266, 267, 267,
    266, 263, 264, 265, 265, 264, 265, 264, 267, 267, 265, 264, 264, 268,
    265, 265, 265, 266, 266, 266, 267, 266, 268, 265, 264, 264, 266, 265,
    264, 267, 267, 266, 269, 267, 268, 264, 266, 268, 267, 265, 267, 265,
    265, 266, 266, 268, 267, 268, 267, 264, 268, 266, 266, 268, 264, 266,
    268, 264, 264, 265, 265, 265, 266 ]
