%YAML:1.0
---
videoName: "LHShake19.mp4"
gestureLabel: 2
fps: 29
pixelSizeInCmTemp: 3.3732394366197183e-01
faceCenterPointX: 250
faceCenterPointY: 62
LHandPositionsX: [ 307, 305, 307, 306, 306, 309, 305, 306, 306, 306, 306,
    306, 308, 309, 309, 311, 311, 315, 320, 327, 326, 321, 310, 290, 287,
    286, 292, 299, 304, 317, 312, 315, 308, 296, 286, 290, 293, 300, 311,
    315, 317, 312, 303, 293, 291, 295, 299, 308, 312, 314, 312, 309, 293,
    294, 294, 302, 308, 314, 316, 316, 316, 309, 303, 302, 296, 294, 293,
    295, 296, 301, 304, 303, 305, 305, 303, 307, 309, 310, 311, 307, 307,
    307, 307, 311, 310, 310, 311, 309 ]
LHandPositionsY: [ 249, 248, 250, 252, 250, 251, 248, 251, 248, 252, 251,
    250, 250, 246, 244, 241, 227, 215, 203, 191, 180, 169, 165, 164, 157,
    153, 159, 158, 155, 153, 153, 152, 156, 155, 148, 147, 153, 152, 153,
    154, 150, 150, 155, 147, 148, 153, 152, 152, 153, 151, 151, 159, 149,
    146, 155, 156, 153, 151, 151, 151, 151, 152, 159, 164, 168, 173, 181,
    189, 200, 209, 214, 217, 219, 221, 226, 228, 231, 232, 234, 237, 237,
    237, 240, 239, 239, 239, 241, 238 ]
RHandPositionsX: [ 199, 199, 197, 197, 199, 199, 197, 198, 198, 197, 196,
    198, 197, 195, 198, 196, 198, 195, 198, 195, 195, 197, 195, 194, 198,
    195, 195, 194, 196, 195, 193, 194, 197, 192, 196, 196, 196, 196, 194,
    194, 191, 192, 192, 192, 194, 192, 194, 191, 193, 191, 195, 194, 193,
    191, 195, 195, 192, 193, 192, 191, 191, 193, 194, 195, 192, 194, 191,
    191, 191, 195, 192, 195, 191, 193, 193, 195, 193, 193, 195, 195, 192,
    195, 195, 192, 193, 192, 192, 193 ]
RHandPositionsY: [ 256, 254, 255, 255, 255, 257, 255, 255, 257, 256, 258,
    258, 257, 254, 254, 257, 256, 254, 258, 256, 258, 257, 255, 256, 255,
    256, 256, 258, 254, 256, 254, 255, 255, 255, 256, 258, 254, 256, 254,
    256, 257, 254, 258, 254, 256, 256, 258, 256, 254, 254, 254, 255, 256,
    257, 255, 257, 255, 255, 257, 258, 257, 255, 255, 258, 257, 254, 258,
    255, 257, 257, 256, 257, 258, 258, 258, 255, 256, 255, 254, 258, 257,
    254, 254, 257, 254, 255, 257, 258 ]
