%YAML:1.0
---
videoName: "LHShake00.mp4"
gestureLabel: 2
fps: 29
pixelSizeInCmTemp: 3.4214285714285714e-01
faceCenterPointX: 252
faceCenterPointY: 85
LHandPositionsX: [ 349, 351, 349, 350, 356, 355, 359, 356, 353, 343, 334,
    323, 323, 322, 321, 324, 329, 333, 336, 339, 339, 339, 332, 325, 326,
    327, 326, 330, 332, 339, 340, 340, 340, 331, 325, 325, 321, 326, 328,
    338, 338, 341, 343, 339, 332, 326, 326, 325, 325, 327, 333, 338, 340,
    340, 339, 335, 329, 324, 323, 322, 327, 331, 334, 336, 337, 342, 342,
    337, 334, 332, 331, 330, 328, 325, 328, 327, 332, 334, 334, 337, 336,
    338, 340, 340, 342, 343, 344, 343 ]
LHandPositionsY: [ 259, 253, 247, 231, 209, 188, 172, 151, 139, 137, 134,
    135, 135, 136, 137, 132, 131, 130, 126, 125, 124, 124, 130, 134, 131,
    135, 130, 129, 129, 127, 122, 123, 121, 129, 135, 134, 136, 133, 135,
    128, 128, 122, 120, 123, 125, 134, 130, 131, 134, 133, 129, 127, 126,
    120, 125, 128, 131, 127, 131, 130, 130, 123, 124, 119, 118, 121, 119,
    124, 137, 148, 161, 165, 161, 173, 186, 190, 199, 208, 211, 217, 223,
    228, 227, 231, 233, 234, 235, 237 ]
RHandPositionsX: [ 152, 154, 154, 156, 153, 155, 155, 155, 154, 155, 154,
    152, 152, 154, 152, 155, 155, 153, 156, 155, 152, 156, 156, 155, 152,
    154, 154, 156, 152, 156, 154, 153, 155, 155, 152, 152, 152, 153, 154,
    156, 152, 153, 154, 154, 152, 156, 156, 153, 154, 153, 152, 154, 156,
    152, 153, 153, 156, 152, 156, 153, 154, 152, 155, 153, 155, 156, 153,
    153, 154, 156, 156, 153, 156, 153, 153, 153, 154, 152, 156, 152, 154,
    153, 156, 155, 154, 153, 153, 155 ]
RHandPositionsY: [ 276, 279, 278, 275, 278, 275, 275, 274, 275, 273, 273,
    271, 273, 269, 269, 269, 271, 267, 267, 269, 268, 269, 267, 267, 269,
    265, 268, 265, 267, 264, 264, 263, 265, 263, 262, 263, 264, 265, 261,
    261, 262, 265, 261, 264, 261, 264, 260, 264, 260, 262, 261, 260, 263,
    261, 262, 264, 263, 264, 263, 264, 264, 264, 262, 264, 263, 261, 264,
    260, 264, 261, 260, 262, 263, 262, 264, 260, 261, 263, 262, 261, 264,
    261, 262, 262, 264, 260, 263, 264 ]
