%YAML:1.0
---
videoName: "LHShake10.mp4"
gestureLabel: 2
fps: 29
pixelSizeInCmTemp: 3.4214285714285714e-01
faceCenterPointX: 253
faceCenterPointY: 65
LHandPositionsX: [ 337, 336, 337, 337, 338, 338, 344, 348, 353, 358, 365,
    375, 384, 390, 396, 393, 396, 384, 377, 364, 358, 352, 353, 351, 359,
    372, 380, 391, 391, 390, 390, 383, 375, 363, 358, 358, 360, 364, 366,
    371, 375, 370, 371, 368, 370, 362, 355, 343, 346, 344, 348, 356, 361,
    371, 382, 380, 381, 372, 364, 355, 349, 348, 350, 347, 355, 362, 373,
    383, 378, 380, 379, 374, 366, 364, 355, 350, 343, 343, 341, 337, 337,
    335, 335, 335, 335, 333, 333, 334 ]
LHandPositionsY: [ 271, 268, 269, 271, 270, 268, 268, 260, 252, 237, 226,
    208, 195, 180, 166, 153, 143, 139, 133, 140, 142, 149, 147, 147, 147,
    147, 138, 139, 143, 139, 140, 143, 148, 147, 152, 151, 152, 145, 136,
    133, 131, 136, 134, 132, 129, 131, 137, 145, 144, 142, 146, 146, 141,
    141, 142, 143, 143, 145, 143, 146, 151, 152, 152, 149, 153, 149, 145,
    145, 145, 146, 150, 153, 157, 167, 171, 182, 195, 207, 219, 231, 244,
    254, 251, 258, 256, 257, 256, 260 ]
RHandPositionsX: [ 176, 173, 174, 176, 173, 175, 172, 176, 174, 172, 175,
    173, 172, 174, 172, 176, 171, 173, 171, 174, 174, 172, 175, 175, 173,
    173, 175, 172, 174, 173, 174, 175, 171, 174, 175, 173, 175, 175, 175,
    175, 172, 172, 174, 174, 173, 175, 172, 171, 172, 172, 171, 173, 174,
    174, 174, 173, 171, 174, 171, 171, 175, 174, 175, 173, 172, 175, 171,
    172, 174, 171, 175, 172, 171, 173, 171, 171, 171, 173, 174, 175, 173,
    174, 174, 172, 175, 174, 173, 171 ]
RHandPositionsY: [ 275, 276, 276, 278, 277, 274, 274, 275, 275, 277, 276,
    278, 278, 278, 277, 276, 278, 276, 275, 277, 278, 275, 277, 274, 274,
    277, 274, 276, 274, 275, 274, 277, 274, 278, 277, 278, 276, 278, 275,
    275, 277, 274, 275, 274, 275, 276, 276, 275, 277, 278, 274, 276, 275,
    274, 278, 276, 278, 274, 275, 274, 274, 278, 274, 275, 275, 276, 275,
    278, 277, 277, 275, 275, 274, 274, 278, 277, 275, 275, 277, 276, 278,
    278, 274, 277, 275, 275, 275, 278 ]
