%YAML:1.0
---
videoName: "LHShake05.mp4"
gestureLabel: 2
fps: 30
pixelSizeInCmTemp: 3.2364864864864862e-01
faceCenterPointX: 252
faceCenterPointY: 81
LHandPositionsX: [ 293, 293, 293, 295, 294, 292, 294, 294, 291, 291, 295,
    297, 303, 311, 321, 332, 344, 341, 342, 342, 340, 337, 333, 329, 330,
    332, 334, 339, 342, 343, 344, 339, 329, 324, 326, 324, 330, 330, 338,
    339, 339, 331, 320, 319, 322, 325, 327, 334, 339, 339, 334, 330, 325,
    324, 323, 327, 330, 334, 341, 337, 336, 330, 333, 330, 330, 333, 339,
    340, 339, 337, 332, 325, 323, 315, 311, 306, 302, 301, 299, 297, 295,
    297, 294, 291, 293, 292, 294, 293, 293, 292, 293 ]
LHandPositionsY: [ 270, 266, 270, 266, 269, 269, 266, 266, 264, 254, 242,
    227, 212, 201, 185, 174, 163, 160, 159, 153, 151, 156, 155, 155, 154,
    152, 147, 143, 139, 136, 133, 138, 143, 145, 145, 145, 143, 142, 137,
    133, 135, 138, 142, 142, 145, 143, 141, 135, 132, 132, 135, 141, 143,
    142, 144, 145, 139, 138, 137, 139, 142, 142, 140, 145, 142, 140, 137,
    140, 139, 140, 143, 150, 162, 168, 178, 189, 196, 210, 217, 230, 234,
    238, 238, 245, 248, 247, 252, 249, 252, 256, 259 ]
RHandPositionsX: [ 212, 211, 210, 213, 210, 211, 210, 214, 212, 214, 214,
    210, 209, 213, 211, 213, 211, 213, 213, 212, 212, 208, 211, 209, 211,
    210, 208, 209, 207, 209, 209, 209, 206, 207, 207, 206, 206, 206, 208,
    208, 209, 207, 206, 206, 210, 207, 206, 207, 207, 209, 210, 206, 209,
    210, 206, 210, 206, 207, 209, 208, 206, 206, 209, 206, 207, 209, 206,
    210, 210, 210, 208, 209, 207, 206, 207, 207, 208, 208, 209, 210, 206,
    209, 208, 209, 209, 208, 210, 211, 208, 210, 213 ]
RHandPositionsY: [ 266, 265, 266, 264, 265, 265, 266, 262, 262, 262, 266,
    264, 264, 265, 265, 262, 264, 262, 263, 265, 266, 262, 265, 266, 266,
    264, 264, 263, 263, 265, 265, 262, 263, 266, 262, 263, 265, 262, 262,
    262, 263, 264, 264, 262, 263, 265, 265, 265, 261, 261, 263, 263, 262,
    265, 262, 264, 264, 264, 264, 261, 263, 265, 264, 263, 263, 261, 261,
    261, 265, 261, 262, 264, 264, 264, 264, 262, 265, 261, 263, 263, 262,
    262, 265, 262, 265, 262, 264, 264, 261, 264, 265 ]
