%YAML:1.0
---
videoName: "LHShake18.mp4"
gestureLabel: 2
fps: 29
pixelSizeInCmTemp: 3.4214285714285714e-01
faceCenterPointX: 253
faceCenterPointY: 65
LHandPositionsX: [ 312, 311, 314, 314, 314, 311, 312, 311, 311, 315, 314,
    314, 314, 312, 314, 314, 317, 318, 323, 325, 329, 340, 345, 347, 351,
    350, 337, 326, 316, 297, 304, 303, 307, 311, 312, 312, 311, 306, 296,
    291, 291, 302, 306, 315, 310, 313, 308, 297, 287, 286, 287, 299, 307,
    313, 311, 311, 305, 293, 287, 289, 292, 300, 309, 306, 311, 307, 303,
    292, 294, 298, 305, 306, 307, 310, 315, 310, 307, 306, 306, 304, 307,
    305, 309, 308, 311, 311, 308, 310 ]
LHandPositionsY: [ 250, 247, 250, 248, 249, 247, 246, 248, 249, 246, 248,
    246, 247, 248, 250, 248, 245, 250, 245, 234, 220, 201, 188, 177, 165,
    160, 155, 147, 147, 136, 136, 144, 143, 141, 142, 140, 143, 148, 144,
    138, 137, 141, 148, 145, 144, 148, 150, 147, 146, 139, 143, 148, 150,
    150, 147, 147, 153, 141, 146, 142, 148, 151, 153, 153, 152, 157, 160,
    149, 147, 153, 155, 154, 151, 153, 161, 165, 177, 187, 197, 207, 217,
    217, 222, 231, 233, 234, 232, 235 ]
RHandPositionsX: [ 196, 195, 196, 197, 196, 198, 199, 195, 196, 195, 196,
    199, 198, 199, 199, 198, 195, 198, 197, 195, 198, 199, 196, 197, 196,
    196, 199, 195, 197, 195, 194, 196, 196, 198, 198, 198, 196, 198, 200,
    195, 196, 196, 199, 197, 195, 197, 197, 199, 199, 198, 199, 198, 200,
    200, 196, 197, 197, 196, 199, 196, 196, 197, 198, 198, 196, 197, 194,
    196, 198, 196, 197, 196, 197, 196, 194, 196, 198, 196, 196, 197, 195,
    197, 197, 195, 196, 198, 195, 195 ]
RHandPositionsY: [ 266, 266, 262, 263, 264, 264, 266, 266, 266, 265, 267,
    267, 264, 263, 264, 266, 263, 266, 267, 264, 264, 264, 264, 267, 264,
    266, 267, 263, 266, 264, 266, 265, 265, 264, 267, 265, 263, 265, 267,
    268, 268, 266, 268, 265, 265, 266, 267, 267, 264, 265, 268, 268, 267,
    268, 264, 265, 264, 268, 267, 267, 264, 267, 267, 265, 269, 265, 265,
    268, 264, 268, 267, 266, 264, 267, 266, 265, 268, 266, 264, 267, 265,
    268, 267, 268, 265, 268, 265, 264 ]
