%YAML:1.0
---
videoName: "LHShake23.mp4"
gestureLabel: 2
fps: 30
pixelSizeInCmTemp: 3.3263888888888887e-01
faceCenterPointX: 259
faceCenterPointY: 79
LHandPositionsX: [ 332, 332, 333, 333, 330, 332, 331, 332, 330, 333, 333,
    335, 341, 346, 350, 358, 368, 370, 374, 376, 377, 381, 376, 366, 355,
    349, 353, 352, 356, 361, 369, 377, 384, 383, 383, 380, 370, 360, 360,
    361, 363, 368, 379, 383, 384, 384, 380, 375, 365, 358, 353, 351, 355,
    361, 375, 380, 380, 381, 379, 376, 368, 356, 355, 359, 359, 365, 373,
    379, 380, 377, 380, 374, 371, 365, 354, 352, 346, 344, 342, 340, 336,
    339, 338, 339, 337, 337, 337, 338, 337, 333, 334 ]
LHandPositionsY: [ 263, 263, 263, 263, 266, 264, 266, 266, 262, 264, 257,
    250, 241, 233, 231, 215, 200, 198, 192, 186, 182, 173, 168, 165, 169,
    169, 167, 167, 170, 165, 164, 160, 161, 160, 161, 160, 164, 162, 162,
    165, 165, 162, 162, 158, 158, 160, 160, 157, 163, 165, 166, 164, 169,
    168, 167, 163, 164, 165, 162, 163, 165, 168, 169, 169, 167, 172, 170,
    167, 166, 169, 169, 173, 176, 182, 194, 202, 215, 225, 239, 250, 249,
    251, 253, 251, 251, 256, 256, 253, 254, 255, 256 ]
RHandPositionsX: [ 184, 184, 183, 184, 184, 185, 183, 183, 185, 185, 183,
    185, 185, 183, 183, 186, 184, 186, 182, 186, 184, 186, 186, 185, 182,
    186, 183, 185, 182, 186, 184, 182, 184, 183, 182, 182, 186, 186, 183,
    185, 186, 184, 182, 184, 185, 182, 184, 186, 183, 185, 184, 185, 186,
    183, 185, 183, 183, 182, 183, 183, 182, 185, 184, 185, 182, 185, 182,
    185, 183, 182, 184, 182, 184, 186, 184, 183, 184, 183, 183, 185, 184,
    182, 183, 184, 184, 186, 183, 185, 182, 184, 182 ]
RHandPositionsY: [ 274, 273, 274, 273, 274, 271, 274, 274, 272, 271, 273,
    270, 274, 271, 271, 274, 272, 270, 274, 271, 270, 270, 274, 272, 272,
    272, 272, 270, 270, 271, 273, 274, 272, 274, 274, 271, 271, 272, 272,
    270, 271, 271, 273, 273, 270, 274, 272, 273, 273, 272, 274, 270, 273,
    271, 270, 272, 274, 272, 272, 270, 271, 270, 274, 270, 273, 273, 273,
    271, 272, 271, 273, 270, 270, 274, 274, 271, 274, 273, 271, 273, 270,
    274, 273, 271, 273, 271, 272, 270, 273, 271, 274 ]
