%YAML:1.0
---
videoName: "LHShake00.mp4"
gestureLabel: 2
fps: 29
pixelSizeInCmTemp: 3.4214285714285714e-01
faceCenterPointX: 252
faceCenterPointY: 85
LHandPositionsX: [ 353, 352, 350, 352, 355, 355, 358, 356, 353, 343, 335,
    325, 324, 322, 322, 325, 328, 331, 338, 336, 341, 338, 334, 328, 327,
    326, 324, 330, 334, 336, 339, 338, 337, 332, 323, 323, 325, 327, 329,
    334, 341, 340, 343, 342, 335, 324, 324, 326, 328, 329, 333, 337, 341,
    344, 343, 335, 326, 327, 322, 322, 327, 329, 335, 339, 339, 340, 341,
    338, 338, 333, 332, 327, 324, 326, 328, 331, 329, 330, 336, 337, 337,
    341, 342, 340, 342, 341, 340, 340 ]
LHandPositionsY: [ 258, 254, 245, 229, 209, 186, 169, 151, 138, 137, 133,
    133, 134, 136, 133, 133, 130, 131, 125, 128, 124, 124, 127, 132, 132,
    131, 131, 130, 132, 126, 123, 123, 122, 125, 135, 134, 136, 132, 132,
    127, 129, 126, 120, 120, 129, 132, 134, 130, 132, 131, 129, 128, 123,
    124, 124, 128, 130, 131, 129, 127, 129, 125, 123, 121, 122, 121, 116,
    126, 137, 151, 158, 164, 161, 175, 183, 190, 199, 206, 213, 219, 223,
    226, 229, 230, 235, 237, 236, 235 ]
RHandPositionsX: [ 152, 152, 153, 156, 152, 153, 153, 153, 153, 153, 154,
    155, 156, 154, 154, 156, 153, 154, 152, 156, 154, 154, 153, 156, 153,
    154, 155, 155, 156, 155, 156, 155, 154, 154, 154, 153, 154, 156, 156,
    155, 156, 156, 154, 152, 156, 155, 156, 156, 154, 152, 156, 155, 152,
    153, 154, 155, 153, 153, 153, 154, 155, 156, 154, 154, 156, 156, 154,
    153, 154, 154, 155, 154, 154, 153, 154, 153, 153, 153, 152, 156, 156,
    154, 154, 156, 152, 152, 153, 155 ]
RHandPositionsY: [ 276, 279, 277, 278, 278, 274, 276, 272, 275, 272, 272,
    270, 273, 270, 272, 271, 270, 267, 271, 268, 266, 266, 266, 267, 266,
    266, 265, 264, 266, 264, 264, 264, 264, 265, 266, 265, 265, 261, 264,
    262, 265, 265, 264, 260, 262, 264, 264, 261, 260, 262, 260, 262, 264,
    260, 261, 262, 264, 262, 261, 262, 264, 260, 260, 260, 263, 264, 262,
    264, 264, 264, 260, 260, 262, 263, 260, 261, 260, 264, 264, 261, 263,
    263, 264, 262, 260, 260, 262, 260 ]
