%YAML:1.0
---
videoName: "LHShake19.mp4"
gestureLabel: 2
fps: 29
pixelSizeInCmTemp: 3.3732394366197183e-01
faceCenterPointX: 250
faceCenterPointY: 62
LHandPositionsX: [ 307, 306, 309, 309, 305, 307, 309, 308, 308, 305, 309,
    309, 305, 307, 308, 307, 311, 318, 320, 324, 325, 322, 312, 292, 287,
    289, 293, 296, 304, 313, 312, 311, 306, 296, 287, 288, 291, 299, 312,
    315, 320, 315, 303, 294, 292, 294, 297, 308, 315, 311, 312, 305, 296,
    291, 298, 299, 305, 313, 314, 317, 316, 311, 304, 301, 297, 292, 293,
    295, 295, 297, 303, 301, 304, 306, 304, 306, 309, 311, 308, 309, 310,
    309, 307, 311, 307, 311, 310, 308 ]
LHandPositionsY: [ 248, 249, 250, 249, 249, 249, 248, 252, 250, 249, 249,
    249, 247, 246, 244, 238, 229, 216, 202, 192, 177, 170, 165, 161, 155,
    153, 157, 155, 154, 154, 151, 155, 155, 153, 150, 147, 152, 152, 154,
    152, 151, 154, 157, 146, 147, 152, 156, 152, 154, 150, 153, 159, 146,
    144, 155, 158, 155, 152, 153, 152, 151, 155, 159, 164, 167, 173, 179,
    190, 198, 210, 217, 214, 220, 219, 226, 229, 231, 235, 234, 234, 235,
    239, 237, 238, 237, 240, 238, 238 ]
RHandPositionsX: [ 196, 196, 196, 195, 199, 195, 197, 196, 197, 199, 198,
    198, 198, 198, 198, 195, 195, 197, 197, 195, 199, 198, 196, 195, 194,
    194, 196, 198, 198, 194, 197, 195, 195, 193, 194, 196, 192, 195, 192,
    192, 191, 191, 191, 192, 193, 193, 191, 191, 195, 193, 194, 191, 195,
    191, 193, 192, 193, 191, 194, 191, 191, 191, 192, 193, 194, 191, 191,
    194, 195, 194, 194, 195, 192, 192, 192, 194, 191, 192, 195, 192, 194,
    192, 192, 191, 193, 193, 194, 191 ]
RHandPositionsY: [ 258, 256, 258, 256, 256, 257, 254, 254, 258, 257, 255,
    257, 255, 257, 258, 255, 255, 255, 257, 257, 258, 258, 257, 254, 258,
    256, 257, 256, 255, 257, 254, 254, 255, 255, 258, 256, 256, 256, 257,
    258, 258, 254, 256, 258, 255, 256, 256, 256, 254, 254, 254, 258, 254,
    255, 254, 254, 254, 257, 254, 258, 254, 254, 257, 254, 255, 255, 257,
    255, 255, 256, 257, 254, 255, 255, 257, 255, 254, 255, 254, 255, 254,
    255, 254, 256, 258, 256, 257, 258 ]
