%YAML:1.0
---
videoName: "LHShake12.mp4"
gestureLabel: 2
fps: 29
pixelSizeInCmTemp: 3.3263888888888887e-01
faceCenterPointX: 259
faceCenterPointY: 64
LHandPositionsX: [ 369, 355, 349, 348, 347, 346, 351, 363, 373, 381, 383,
    382, 374, 363, 352, 347, 351, 343, 346, 356, 367, 377, 376, 377, 375,
    369, 360, 349, 342, 341, 339, 342, 349, 362, 370, 368, 373, 371, 366,
    360, 350, 339, 343, 341, 346, 355, 364, 369, 368, 369, 366, 358, 348,
    338, 339, 338, 343, 348, 356, 366, 368, 370, 367, 361, 352, 344, 336,
    329, 324, 318, 318, 316, 319, 323, 332, 328, 333, 332, 336, 337, 333,
    335, 337, 337, 337, 334, 335, 335 ]
LHandPositionsY: [ 165, 161, 164, 165, 161, 161, 159, 157, 151, 152, 153,
    152, 151, 153, 154, 157, 155, 160, 158, 152, 149, 146, 147, 149, 146,
    141, 146, 150, 155, 153, 157, 152, 148, 149, 147, 145, 145, 144, 148,
    148, 154, 159, 154, 157, 157, 153, 154, 153, 149, 149, 152, 154, 152,
    158, 157, 156, 153, 153, 151, 145, 144, 146, 146, 146, 149, 155, 161,
    169, 177, 187, 195, 209, 228, 235, 245, 246, 247, 249, 253, 255, 257,
    254, 258, 258, 256, 259, 256, 255 ]
RHandPositionsX: [ 178, 175, 176, 175, 176, 176, 176, 178, 175, 175, 178,
    177, 174, 174, 175, 177, 174, 174, 174, 177, 177, 178, 178, 175, 174,
    177, 175, 178, 177, 174, 174, 177, 177, 175, 177, 175, 176, 177, 176,
    174, 174, 177, 174, 176, 174, 178, 178, 178, 177, 177, 175, 176, 175,
    175, 176, 175, 174, 176, 177, 174, 178, 177, 174, 177, 176, 174, 174,
    176, 177, 177, 176, 175, 174, 176, 174, 174, 177, 176, 178, 177, 175,
    174, 176, 178, 174, 174, 175, 177 ]
RHandPositionsY: [ 275, 271, 274, 272, 273, 275, 275, 271, 271, 271, 271,
    275, 275, 273, 274, 272, 272, 274, 274, 275, 271, 274, 272, 271, 272,
    275, 271, 274, 275, 273, 271, 273, 272, 275, 274, 275, 271, 273, 273,
    271, 274, 275, 275, 272, 274, 275, 273, 275, 271, 273, 271, 271, 273,
    271, 271, 275, 273, 272, 275, 274, 273, 272, 274, 271, 271, 275, 275,
    274, 271, 275, 274, 272, 273, 271, 272, 274, 275, 272, 272, 275, 271,
    272, 273, 274, 272, 274, 272, 273 ]
