%YAML:1.0
---
videoName: "LHShake18.mp4"
gestureLabel: 2
fps: 29
pixelSizeInCmTemp: 3.4214285714285714e-01
faceCenterPointX: 253
faceCenterPointY: 65
LHandPositionsX: [ 313, 311, 311, 314, 315, 314, 313, 311, 314, 313, 315,
    312, 312, 311, 315, 312, 313, 317, 323, 325, 332, 338, 343, 349, 352,
    350, 338, 324, 313, 296, 302, 306, 307, 312, 311, 314, 311, 306, 300,
    294, 291, 301, 308, 315, 310, 311, 304, 299, 290, 286, 287, 298, 305,
    315, 312, 309, 304, 292, 286, 289, 295, 300, 306, 307, 310, 307, 304,
    293, 293, 301, 303, 305, 307, 308, 315, 311, 306, 307, 304, 306, 304,
    306, 308, 310, 310, 308, 307, 307 ]
LHandPositionsY: [ 246, 249, 247, 246, 247, 246, 246, 246, 247, 249, 249,
    248, 246, 246, 250, 247, 248, 250, 242, 237, 217, 203, 187, 175, 167,
    161, 151, 145, 144, 136, 136, 144, 142, 142, 140, 139, 143, 147, 143,
    141, 137, 141, 144, 144, 144, 147, 150, 145, 144, 141, 144, 145, 148,
    147, 145, 150, 153, 145, 143, 145, 151, 150, 151, 154, 151, 156, 159,
    148, 146, 151, 156, 151, 154, 157, 163, 169, 175, 188, 197, 208, 214,
    218, 222, 231, 233, 230, 232, 235 ]
RHandPositionsX: [ 198, 194, 194, 195, 196, 198, 195, 195, 198, 199, 196,
    199, 197, 199, 195, 196, 199, 195, 198, 195, 198, 195, 197, 198, 196,
    199, 198, 194, 198, 198, 196, 194, 197, 198, 195, 195, 195, 198, 196,
    197, 197, 197, 199, 195, 197, 195, 195, 196, 200, 196, 196, 199, 197,
    199, 197, 195, 200, 197, 199, 198, 195, 197, 198, 196, 196, 194, 198,
    197, 199, 196, 198, 197, 197, 194, 196, 196, 195, 197, 197, 195, 197,
    194, 198, 196, 195, 195, 198, 196 ]
RHandPositionsY: [ 264, 264, 262, 263, 265, 264, 266, 265, 267, 265, 267,
    263, 263, 265, 263, 264, 265, 266, 266, 267, 265, 265, 266, 264, 267,
    266, 264, 266, 265, 266, 262, 265, 266, 266, 265, 265, 264, 266, 265,
    266, 267, 264, 265, 265, 266, 267, 268, 268, 264, 268, 266, 267, 267,
    264, 264, 268, 264, 268, 266, 268, 266, 268, 265, 268, 267, 267, 266,
    264, 268, 266, 264, 265, 265, 267, 265, 265, 267, 264, 265, 264, 267,
    267, 266, 266, 268, 268, 267, 268 ]
