%YAML:1.0
---
videoName: "LHShake02.mp4"
gestureLabel: 2
fps: 29
pixelSizeInCmTemp: 3.3263888888888887e-01
faceCenterPointX: 249
faceCenterPointY: 82
LHandPositionsX: [ 359, 363, 361, 370, 373, 378, 388, 385, 386, 387, 382,
    378, 372, 368, 367, 365, 361, 367, 369, 376, 384, 386, 385, 381, 377,
    370, 366, 367, 362, 362, 368, 370, 377, 379, 378, 381, 380, 377, 374,
    371, 364, 361, 358, 358, 359, 360, 365, 369, 370, 369, 368, 365, 364,
    359, 358, 359, 360, 365, 367, 369, 372, 369, 369, 362, 358, 352, 347,
    345, 344, 346, 341, 344, 341, 343, 343, 346, 343, 347, 347, 348, 348,
    346, 350, 348, 346, 350, 350, 346 ]
LHandPositionsY: [ 124, 121, 117, 117, 111, 112, 110, 110, 110, 109, 110,
    107, 113, 111, 114, 112, 114, 112, 107, 104, 103, 101, 101, 103, 105,
    109, 107, 108, 110, 108, 102, 103, 100, 100, 100, 96, 94, 94, 99, 95,
    101, 100, 100, 102, 104, 103, 102, 99, 100, 101, 100, 104, 108, 110,
    110, 107, 105, 106, 105, 106, 103, 101, 105, 105, 123, 137, 147, 163,
    165, 170, 177, 185, 191, 197, 204, 211, 218, 221, 224, 227, 230, 230,
    229, 234, 232, 232, 234, 240 ]
RHandPositionsX: [ 157, 157, 154, 156, 157, 156, 154, 154, 155, 157, 157,
    154, 155, 155, 157, 156, 154, 153, 155, 155, 153, 156, 155, 155, 156,
    156, 157, 154, 154, 153, 155, 153, 153, 154, 154, 156, 155, 154, 153,
    157, 156, 155, 155, 155, 153, 154, 155, 154, 155, 154, 153, 156, 157,
    154, 153, 153, 155, 155, 153, 153, 154, 155, 157, 155, 157, 156, 153,
    153, 155, 154, 154, 154, 154, 154, 157, 154, 156, 156, 156, 155, 153,
    154, 154, 154, 155, 154, 153, 154 ]
RHandPositionsY: [ 265, 263, 264, 263, 263, 260, 261, 259, 260, 263, 262,
    259, 259, 262, 258, 258, 261, 259, 259, 259, 258, 258, 259, 260, 262,
    258, 259, 259, 260, 262, 260, 259, 262, 259, 260, 262, 260, 260, 258,
    262, 260, 261, 258, 260, 262, 261, 258, 262, 260, 259, 262, 258, 259,
    258, 258, 262, 262, 261, 258, 261, 258, 261, 258, 260, 258, 260, 259,
    259, 262, 261, 261, 262, 259, 262, 262, 258, 260, 259, 262, 258, 262,
    259, 261, 260, 258, 262, 261, 258 ]
