%YAML:1.0
---
videoName: "LHShake09.mp4"
gestureLabel: 2
fps: 29
pixelSizeInCmTemp: 3.3263888888888887e-01
faceCenterPointX: 259
faceCenterPointY: 67
LHandPositionsX: [ 336, 339, 340, 338, 339, 344, 348, 353, 352, 360, 359,
    366, 368, 367, 370, 363, 359, 352, 340, 331, 333, 331, 327, 331, 338,
    346, 350, 348, 350, 350, 350, 351, 340, 335, 336, 336, 340, 345, 355,
    363, 366, 362, 369, 361, 353, 345, 339, 335, 336, 337, 339, 344, 353,
    352, 353, 353, 355, 350, 341, 337, 334, 336, 335, 334, 342, 350, 356,
    355, 355, 353, 350, 342, 337, 329, 323, 321, 318, 319, 323, 324, 329,
    329, 328, 330, 333, 332, 335, 331 ]
LHandPositionsY: [ 274, 273, 272, 273, 274, 272, 266, 257, 249, 237, 231,
    216, 201, 200, 183, 172, 165, 160, 159, 155, 159, 159, 155, 153, 154,
    153, 149, 145, 145, 147, 148, 150, 153, 155, 152, 153, 153, 152, 154,
    155, 152, 155, 153, 153, 155, 154, 158, 158, 155, 153, 152, 154, 151,
    150, 150, 149, 152, 150, 153, 151, 152, 152, 151, 151, 151, 153, 151,
    150, 150, 150, 153, 156, 162, 171, 179, 195, 206, 221, 233, 244, 247,
    247, 251, 256, 257, 260, 260, 257 ]
RHandPositionsX: [ 177, 180, 178, 178, 176, 179, 180, 177, 178, 177, 177,
    180, 176, 176, 180, 179, 178, 179, 180, 180, 178, 176, 179, 178, 178,
    176, 180, 180, 180, 178, 179, 176, 179, 177, 179, 180, 180, 177, 177,
    179, 177, 176, 177, 176, 177, 177, 178, 179, 180, 177, 179, 179, 176,
    180, 176, 178, 177, 180, 180, 180, 176, 177, 176, 179, 176, 179, 178,
    180, 177, 177, 176, 179, 179, 180, 176, 180, 180, 178, 176, 176, 176,
    178, 178, 177, 176, 180, 180, 178 ]
RHandPositionsY: [ 278, 277, 279, 275, 279, 276, 275, 275, 276, 279, 278,
    276, 275, 276, 276, 276, 277, 279, 279, 275, 279, 277, 277, 279, 275,
    278, 279, 278, 278, 275, 275, 278, 278, 279, 275, 275, 278, 279, 279,
    275, 276, 275, 278, 279, 278, 275, 275, 279, 276, 277, 278, 279, 277,
    277, 276, 275, 278, 277, 278, 275, 275, 279, 277, 277, 276, 278, 277,
    279, 279, 275, 278, 278, 277, 279, 279, 276, 277, 279, 278, 275, 275,
    279, 278, 275, 277, 279, 278, 279 ]
