%YAML:1.0
---
videoName: "LHShake03.mp4"
gestureLabel: 2
fps: 30
pixelSizeInCmTemp: 3.2808219178082193e-01
faceCenterPointX: 251
faceCenterPointY: 79
LHandPositionsX: [ 343, 345, 349, 355, 354, 357, 354, 350, 339, 329, 317,
    315, 318, 317, 316, 321, 325, 332, 333, 334, 341, 338, 336, 330, 326,
    321, 323, 322, 327, 332, 332, 341, 343, 338, 332, 323, 316, 315, 311,
    314, 317, 321, 325, 330, 334, 337, 334, 329, 325, 324, 323, 328, 332,
    337, 341, 343, 340, 334, 338, 335, 338, 329, 323, 318, 315, 312, 309,
    304, 300, 299, 295, 295, 298, 293, 293, 293, 290, 289, 289, 290, 290,
    288, 291, 290, 289, 289, 286, 287, 285, 283, 286 ]
LHandPositionsY: [ 143, 135, 125, 118, 112, 110, 103, 101, 95, 97, 104,
    107, 104, 99, 99, 96, 90, 87, 89, 85, 81, 88, 89, 90, 86, 89, 92, 90,
    87, 88, 86, 86, 78, 86, 84, 88, 93, 95, 98, 93, 89, 90, 88, 87, 86,
    90, 87, 88, 90, 89, 90, 91, 93, 89, 85, 89, 93, 93, 97, 102, 112,
    130, 144, 157, 166, 176, 188, 198, 204, 216, 224, 220, 223, 226, 230,
    237, 241, 241, 248, 250, 247, 247, 249, 250, 255, 255, 251, 254, 253,
    252, 252 ]
RHandPositionsX: [ 216, 214, 214, 215, 213, 212, 214, 211, 215, 213, 214,
    215, 213, 215, 213, 213, 213, 215, 211, 212, 215, 215, 214, 215, 214,
    212, 211, 214, 211, 213, 214, 214, 211, 212, 214, 213, 211, 211, 214,
    213, 212, 215, 215, 212, 212, 213, 214, 213, 213, 215, 211, 211, 211,
    211, 211, 211, 210, 210, 214, 211, 214, 212, 211, 211, 214, 213, 213,
    212, 214, 213, 213, 211, 213, 210, 212, 213, 212, 212, 212, 210, 212,
    214, 211, 214, 211, 210, 212, 214, 214, 213, 211 ]
RHandPositionsY: [ 258, 256, 256, 254, 257, 256, 255, 254, 252, 256, 254,
    252, 254, 254, 254, 253, 255, 256, 256, 255, 251, 253, 255, 254, 253,
    254, 253, 255, 255, 254, 254, 251, 251, 252, 255, 251, 252, 252, 255,
    255, 255, 255, 254, 254, 254, 253, 254, 253, 251, 253, 252, 255, 254,
    253, 252, 251, 251, 252, 252, 254, 252, 252, 253, 251, 255, 252, 255,
    251, 251, 254, 254, 255, 252, 253, 252, 253, 253, 254, 251, 254, 251,
    255, 253, 255, 252, 255, 255, 253, 252, 253, 253 ]
