%YAML:1.0
---
videoName: "LHShake00.mp4"
gestureLabel: 2
fps: 29
pixelSizeInCmTemp: 3.4214285714285714e-01
faceCenterPointX: 252
faceCenterPointY: 85
LHandPositionsX: [ 349, 351, 348, 348, 356, 356, 360, 356, 352, 343, 336,
    325, 325, 321, 322, 322, 329, 334, 335, 336, 340, 339, 330, 326, 324,
    326, 325, 329, 333, 338, 336, 338, 338, 331, 324, 323, 324, 326, 332,
    338, 338, 343, 344, 339, 331, 325, 325, 324, 327, 327, 330, 334, 341,
    340, 340, 336, 330, 325, 324, 326, 327, 333, 332, 339, 338, 338, 343,
    338, 336, 335, 329, 327, 328, 328, 328, 327, 332, 330, 334, 337, 338,
    339, 342, 340, 340, 340, 343, 342 ]
LHandPositionsY: [ 258, 254, 247, 231, 209, 186, 170, 153, 136, 135, 135,
    137, 138, 137, 134, 133, 131, 132, 125, 125, 123, 125, 129, 134, 135,
    131, 134, 131, 130, 127, 124, 120, 124, 128, 134, 134, 133, 133, 134,
    127, 127, 125, 120, 122, 127, 131, 134, 134, 131, 131, 130, 128, 122,
    121, 122, 128, 130, 130, 131, 128, 128, 122, 123, 119, 122, 121, 115,
    127, 139, 149, 161, 166, 161, 174, 184, 192, 202, 206, 211, 219, 224,
    226, 227, 233, 237, 237, 233, 233 ]
RHandPositionsX: [ 156, 152, 153, 156, 155, 153, 154, 153, 153, 155, 153,
    153, 155, 156, 154, 155, 154, 156, 155, 154, 152, 155, 156, 153, 155,
    155, 154, 152, 156, 153, 154, 154, 156, 152, 152, 155, 153, 156, 152,
    155, 154, 153, 154, 153, 154, 156, 154, 152, 153, 155, 154, 154, 154,
    155, 154, 155, 152, 156, 155, 156, 153, 155, 154, 155, 153, 156, 152,
    155, 153, 154, 156, 152, 155, 154, 156, 155, 153, 155, 152, 152, 155,
    153, 152, 152, 156, 155, 153, 153 ]
RHandPositionsY: [ 276, 276, 278, 276, 276, 274, 277, 274, 273, 275, 273,
    272, 272, 269, 273, 271, 268, 267, 268, 268, 269, 268, 270, 268, 269,
    267, 264, 268, 264, 265, 267, 263, 265, 265, 263, 263, 263, 262, 264,
    262, 261, 263, 260, 261, 260, 263, 264, 261, 262, 260, 260, 262, 264,
    260, 263, 262, 264, 261, 262, 264, 264, 264, 263, 263, 262, 260, 261,
    264, 262, 264, 261, 262, 262, 264, 261, 263, 262, 262, 264, 260, 262,
    264, 264, 262, 264, 261, 261, 260 ]
