%YAML:1.0
---
videoName: "LHShake19.mp4"
gestureLabel: 2
fps: 29
pixelSizeInCmTemp: 3.3732394366197183e-01
faceCenterPointX: 250
faceCenterPointY: 62
LHandPositionsX: [ 305, 306, 309, 306, 305, 308, 309, 307, 308, 306, 308,
    309, 306, 309, 306, 309, 311, 315, 322, 324, 327, 320, 310, 291, 288,
    288, 291, 296, 308, 317, 313, 315, 304, 294, 286, 288, 294, 301, 308,
    316, 318, 313, 306, 293, 292, 292, 301, 305, 314, 311, 311, 308, 293,
    292, 298, 300, 306, 316, 315, 317, 315, 309, 307, 301, 299, 290, 292,
    291, 296, 297, 304, 304, 304, 305, 306, 305, 305, 311, 308, 310, 308,
    307, 308, 311, 311, 310, 307, 308 ]
LHandPositionsY: [ 252, 252, 250, 251, 250, 252, 250, 249, 250, 248, 249,
    250, 250, 249, 245, 240, 229, 217, 201, 188, 176, 170, 164, 164, 153,
    155, 159, 155, 154, 152, 155, 151, 157, 155, 150, 148, 152, 153, 151,
    152, 153, 150, 157, 148, 148, 154, 152, 153, 153, 152, 155, 156, 148,
    147, 156, 154, 154, 154, 155, 154, 152, 152, 158, 161, 168, 171, 180,
    189, 196, 207, 216, 218, 216, 220, 223, 229, 229, 235, 235, 235, 234,
    239, 237, 240, 239, 240, 238, 237 ]
RHandPositionsX: [ 199, 198, 198, 197, 198, 195, 196, 196, 198, 197, 195,
    199, 198, 198, 196, 198, 195, 198, 195, 198, 198, 197, 196, 195, 198,
    195, 196, 198, 195, 194, 196, 196, 196, 193, 193, 193, 192, 193, 195,
    194, 192, 195, 195, 195, 191, 195, 191, 192, 194, 193, 191, 194, 194,
    194, 194, 195, 193, 191, 195, 191, 192, 191, 192, 192, 194, 193, 192,
    195, 193, 191, 194, 191, 193, 195, 192, 191, 195, 194, 191, 191, 195,
    193, 192, 194, 192, 194, 193, 192 ]
RHandPositionsY: [ 258, 256, 255, 255, 257, 257, 254, 255, 255, 256, 254,
    257, 257, 255, 255, 255, 254, 256, 255, 254, 257, 254, 258, 254, 254,
    254, 257, 254, 258, 257, 256, 256, 257, 258, 255, 257, 258, 254, 258,
    255, 254, 256, 256, 258, 255, 254, 257, 254, 256, 256, 254, 255, 255,
    255, 258, 256, 256, 256, 258, 254, 256, 254, 257, 257, 256, 254, 254,
    256, 255, 257, 257, 258, 256, 258, 254, 258, 258, 258, 257, 254, 254,
    256, 256, 255, 254, 254, 256, 256 ]
