%YAML:1.0
---
videoName: "LHShake11.mp4"
gestureLabel: 2
fps: 29
pixelSizeInCmTemp: 3.3732394366197183e-01
faceCenterPointX: 260
faceCenterPointY: 69
LHandPositionsX: [ 384, 389, 385, 376, 363, 354, 350, 349, 346, 349, 353,
    363, 366, 365, 362, 361, 356, 352, 347, 348, 348, 348, 352, 360, 358,
    355, 359, 355, 348, 344, 346, 345, 348, 353, 356, 354, 351, 352, 349,
    341, 340, 337, 339, 339, 347, 355, 358, 354, 357, 355, 354, 342, 339,
    340, 335, 338, 348, 356, 360, 360, 362, 365, 362, 356, 349, 341, 338,
    333, 329, 329, 331, 329, 334, 331, 332, 334, 334, 335, 332, 332, 331,
    334, 331, 332, 332, 332, 334, 332 ]
LHandPositionsY: [ 177, 161, 152, 143, 142, 147, 145, 147, 148, 138, 130,
    126, 127, 126, 128, 125, 134, 141, 142, 139, 142, 133, 130, 132, 130,
    129, 132, 134, 139, 145, 143, 141, 144, 140, 134, 134, 136, 132, 136,
    140, 146, 146, 144, 142, 143, 136, 132, 135, 131, 129, 139, 140, 146,
    146, 149, 143, 145, 138, 138, 138, 140, 140, 149, 153, 167, 177, 190,
    206, 214, 228, 230, 234, 239, 243, 245, 247, 246, 247, 251, 251, 249,
    248, 251, 249, 250, 248, 252, 250 ]
RHandPositionsX: [ 182, 179, 181, 180, 182, 180, 180, 180, 182, 179, 181,
    183, 182, 180, 180, 183, 183, 182, 180, 179, 180, 180, 182, 182, 182,
    183, 179, 180, 183, 180, 181, 180, 183, 181, 179, 180, 183, 179, 181,
    181, 182, 180, 180, 179, 182, 179, 179, 179, 182, 182, 180, 183, 182,
    179, 182, 182, 179, 182, 181, 183, 180, 182, 183, 180, 181, 183, 180,
    182, 181, 180, 181, 182, 179, 183, 183, 181, 179, 182, 180, 181, 180,
    180, 182, 183, 183, 183, 183, 179 ]
RHandPositionsY: [ 276, 275, 273, 275, 276, 274, 274, 273, 273, 275, 273,
    277, 276, 277, 277, 277, 273, 275, 273, 273, 275, 277, 274, 274, 276,
    277, 277, 277, 275, 277, 273, 277, 275, 276, 273, 275, 274, 277, 277,
    277, 276, 274, 275, 275, 273, 277, 273, 273, 273, 274, 277, 277, 275,
    273, 275, 277, 275, 276, 277, 275, 274, 277, 275, 273, 274, 274, 277,
    276, 277, 276, 275, 273, 274, 276, 274, 276, 275, 274, 273, 273, 277,
    277, 273, 273, 274, 273, 277, 277 ]
