%YAML:1.0
---
videoName: "LHShake14.mp4"
gestureLabel: 2
fps: 29
pixelSizeInCmTemp: 3.2808219178082193e-01
faceCenterPointX: 256
faceCenterPointY: 64
LHandPositionsX: [ 348, 355, 352, 356, 367, 383, 389, 391, 390, 379, 371,
    359, 358, 357, 363, 371, 383, 384, 381, 383, 373, 365, 356, 357, 352,
    361, 367, 380, 390, 388, 386, 375, 366, 358, 358, 358, 363, 370, 382,
    379, 382, 378, 372, 362, 362, 361, 358, 363, 373, 380, 379, 378, 373,
    365, 357, 351, 340, 336, 333, 330, 326, 332, 331, 327, 331, 333, 331,
    332, 329, 331, 332, 328, 331, 329, 330, 328, 327, 327, 331, 330, 329,
    327, 330, 329, 330, 328, 328, 328 ]
LHandPositionsY: [ 147, 148, 147, 145, 142, 140, 141, 139, 143, 143, 147,
    147, 146, 150, 148, 146, 137, 137, 138, 137, 138, 144, 146, 145, 146,
    148, 145, 145, 140, 140, 141, 139, 143, 147, 145, 146, 148, 144, 145,
    144, 145, 141, 140, 143, 144, 144, 143, 140, 141, 143, 142, 147, 149,
    156, 157, 167, 175, 186, 197, 208, 222, 232, 234, 238, 243, 246, 249,
    251, 247, 251, 251, 250, 249, 250, 251, 252, 250, 252, 250, 251, 250,
    252, 248, 248, 248, 249, 249, 252 ]
RHandPositionsX: [ 182, 181, 181, 181, 182, 180, 183, 182, 180, 181, 181,
    182, 178, 182, 178, 177, 177, 180, 178, 178, 179, 175, 176, 179, 178,
    176, 175, 175, 176, 178, 176, 176, 177, 175, 175, 179, 175, 176, 179,
    176, 176, 179, 178, 175, 176, 177, 179, 178, 178, 175, 176, 178, 175,
    176, 176, 176, 178, 178, 178, 176, 178, 177, 178, 178, 179, 175, 178,
    175, 179, 175, 176, 178, 175, 179, 177, 179, 177, 177, 179, 178, 176,
    175, 179, 178, 178, 176, 178, 175 ]
RHandPositionsY: [ 276, 278, 277, 276, 279, 276, 276, 275, 277, 279, 278,
    278, 277, 276, 276, 274, 275, 273, 275, 274, 277, 274, 276, 273, 275,
    273, 277, 276, 273, 274, 277, 275, 274, 276, 275, 276, 274, 273, 276,
    275, 273, 275, 273, 277, 275, 273, 275, 276, 274, 277, 274, 273, 276,
    276, 276, 274, 276, 277, 274, 277, 277, 274, 273, 274, 275, 275, 276,
    277, 274, 276, 276, 275, 275, 276, 277, 276, 275, 274, 275, 273, 273,
    274, 274, 277, 273, 277, 276, 275 ]
