%YAML:1.0
---
videoName: "LHShake04.mp4"
gestureLabel: 2
fps: 30
pixelSizeInCmTemp: 3.2808219178082193e-01
faceCenterPointX: 247
faceCenterPointY: 80
LHandPositionsX: [ 280, 280, 280, 281, 282, 281, 282, 283, 280, 282, 281,
    281, 282, 279, 282, 285, 290, 298, 307, 321, 333, 345, 361, 365, 372,
    367, 363, 357, 346, 344, 337, 336, 335, 339, 349, 363, 369, 366, 356,
    348, 339, 345, 341, 342, 352, 356, 355, 357, 353, 345, 342, 343, 346,
    347, 355, 357, 355, 351, 345, 348, 347, 348, 354, 361, 360, 364, 365,
    360, 352, 347, 332, 326, 312, 307, 301, 295, 289, 287, 287, 287, 289,
    287, 290, 288, 286, 288, 286, 290, 289, 287, 285 ]
LHandPositionsY: [ 268, 271, 269, 268, 270, 271, 268, 271, 269, 271, 272,
    271, 269, 269, 272, 266, 262, 252, 244, 228, 216, 205, 186, 174, 164,
    157, 153, 150, 134, 131, 132, 129, 129, 120, 115, 114, 108, 108, 113,
    120, 128, 127, 122, 126, 119, 118, 114, 114, 117, 118, 121, 121, 120,
    118, 113, 113, 112, 109, 115, 116, 116, 114, 107, 107, 107, 106, 108,
    109, 128, 141, 155, 174, 185, 200, 212, 227, 236, 244, 242, 243, 248,
    247, 248, 249, 249, 250, 252, 252, 250, 254, 253 ]
RHandPositionsX: [ 217, 217, 215, 215, 216, 218, 218, 218, 218, 214, 216,
    216, 217, 218, 217, 218, 217, 215, 217, 214, 215, 214, 214, 216, 217,
    218, 215, 215, 216, 217, 217, 214, 214, 217, 215, 215, 216, 214, 216,
    214, 218, 218, 216, 214, 215, 218, 217, 215, 217, 217, 214, 217, 217,
    218, 214, 215, 214, 217, 216, 218, 216, 214, 215, 217, 218, 218, 218,
    217, 218, 216, 214, 217, 214, 216, 215, 217, 216, 214, 216, 214, 217,
    217, 214, 216, 218, 218, 214, 217, 218, 217, 217 ]
RHandPositionsY: [ 267, 269, 268, 269, 268, 267, 270, 269, 269, 267, 266,
    267, 266, 266, 265, 269, 266, 266, 266, 265, 267, 263, 264, 265, 264,
    265, 265, 264, 266, 267, 267, 263, 263, 262, 262, 265, 265, 262, 262,
    263, 266, 265, 265, 264, 265, 262, 262, 264, 265, 263, 262, 265, 261,
    265, 263, 262, 262, 264, 263, 262, 265, 265, 264, 262, 263, 263, 265,
    261, 261, 264, 261, 262, 261, 264, 265, 265, 263, 262, 261, 261, 262,
    262, 262, 265, 263, 262, 263, 265, 265, 265, 265 ]
