%YAML:1.0
---
videoName: "LHShake17.mp4"
gestureLabel: 2
fps: 30
pixelSizeInCmTemp: 3.3732394366197183e-01
faceCenterPointX: 248
faceCenterPointY: 64
LHandPositionsX: [ 325, 325, 325, 325, 323, 322, 327, 324, 326, 333, 346,
    353, 365, 373, 387, 398, 405, 411, 401, 386, 374, 361, 352, 351, 351,
    357, 368, 378, 376, 383, 376, 366, 351, 348, 345, 350, 356, 363, 370,
    366, 368, 363, 356, 353, 349, 354, 363, 370, 376, 374, 374, 370, 361,
    354, 349, 347, 347, 353, 360, 363, 365, 369, 365, 357, 349, 343, 338,
    339, 336, 333, 331, 332, 331, 332, 328, 330, 328, 328, 327, 325, 325,
    326, 326, 326, 324, 324, 327, 327, 323, 323, 325 ]
LHandPositionsY: [ 249, 247, 250, 251, 247, 248, 248, 247, 247, 232, 217,
    202, 186, 175, 156, 143, 128, 122, 116, 114, 124, 132, 138, 136, 137,
    134, 123, 117, 117, 118, 116, 129, 136, 140, 139, 141, 122, 117, 119,
    121, 118, 115, 125, 136, 131, 133, 124, 117, 122, 122, 121, 120, 133,
    139, 142, 138, 138, 125, 124, 124, 124, 125, 120, 128, 136, 144, 150,
    164, 169, 182, 197, 205, 219, 221, 222, 226, 234, 233, 234, 236, 237,
    239, 239, 236, 238, 238, 239, 238, 237, 238, 236 ]
RHandPositionsX: [ 177, 176, 177, 179, 179, 178, 176, 177, 176, 177, 177,
    180, 179, 177, 179, 178, 177, 179, 177, 177, 180, 179, 180, 180, 177,
    179, 180, 179, 177, 175, 176, 176, 176, 179, 178, 175, 179, 176, 176,
    177, 178, 178, 174, 175, 178, 175, 177, 175, 177, 174, 176, 175, 178,
    176, 174, 175, 175, 174, 175, 175, 174, 177, 174, 175, 175, 177, 174,
    177, 178, 177, 177, 177, 174, 178, 178, 178, 178, 175, 175, 178, 177,
    176, 177, 175, 176, 174, 175, 177, 176, 176, 175 ]
RHandPositionsY: [ 259, 256, 258, 260, 258, 260, 256, 259, 256, 257, 256,
    260, 260, 256, 260, 260, 256, 257, 257, 258, 258, 259, 256, 259, 259,
    259, 259, 260, 258, 258, 257, 260, 259, 256, 257, 259, 259, 258, 258,
    256, 259, 258, 257, 256, 259, 260, 256, 258, 259, 258, 256, 259, 260,
    260, 258, 257, 256, 256, 260, 260, 259, 258, 260, 259, 259, 256, 256,
    257, 257, 260, 257, 256, 258, 259, 256, 260, 257, 257, 257, 260, 257,
    257, 258, 257, 258, 258, 256, 256, 257, 258, 258 ]
