%YAML:1.0
---
videoName: "LHShake04.mp4"
gestureLabel: 2
fps: 30
pixelSizeInCmTemp: 3.2808219178082193e-01
faceCenterPointX: 247
faceCenterPointY: 80
LHandPositionsX: [ 282, 282, 284, 281, 282, 282, 282, 281, 282, 281, 282,
    282, 280, 280, 280, 284, 288, 299, 307, 322, 332, 345, 358, 369, 373,
    365, 361, 356, 347, 344, 338, 337, 334, 342, 346, 362, 369, 367, 356,
    346, 342, 342, 344, 342, 351, 355, 356, 355, 350, 345, 342, 342, 344,
    349, 353, 354, 357, 350, 347, 348, 344, 349, 353, 357, 362, 365, 363,
    357, 352, 344, 336, 326, 316, 305, 297, 293, 292, 291, 287, 288, 290,
    287, 287, 290, 288, 290, 288, 289, 287, 288, 288 ]
LHandPositionsY: [ 271, 272, 269, 270, 269, 269, 270, 269, 269, 269, 272,
    268, 273, 270, 271, 267, 264, 254, 242, 232, 215, 202, 189, 176, 163,
    157, 154, 151, 135, 131, 131, 128, 127, 117, 117, 110, 112, 109, 114,
    117, 128, 125, 123, 129, 119, 121, 117, 111, 117, 121, 118, 122, 119,
    118, 116, 115, 112, 111, 116, 116, 113, 114, 106, 109, 107, 105, 107,
    111, 127, 142, 156, 174, 188, 201, 213, 225, 235, 245, 241, 246, 248,
    250, 248, 247, 251, 251, 250, 251, 250, 251, 250 ]
RHandPositionsX: [ 216, 216, 217, 217, 218, 216, 214, 215, 214, 217, 217,
    218, 218, 216, 218, 216, 216, 217, 215, 217, 215, 216, 218, 215, 214,
    214, 215, 217, 217, 217, 215, 217, 216, 214, 216, 216, 217, 214, 218,
    215, 215, 214, 214, 214, 217, 218, 217, 217, 214, 216, 217, 217, 216,
    215, 216, 215, 217, 218, 215, 214, 215, 216, 218, 215, 217, 216, 217,
    214, 216, 217, 215, 216, 214, 215, 216, 217, 214, 218, 216, 214, 215,
    214, 216, 218, 216, 214, 218, 217, 216, 215, 216 ]
RHandPositionsY: [ 268, 268, 268, 266, 266, 268, 267, 270, 270, 269, 266,
    270, 266, 265, 266, 266, 267, 268, 267, 267, 266, 263, 265, 265, 267,
    265, 265, 266, 263, 265, 267, 263, 263, 264, 263, 266, 263, 264, 263,
    262, 262, 266, 262, 266, 263, 265, 265, 264, 261, 263, 262, 265, 264,
    261, 263, 261, 262, 263, 261, 263, 265, 263, 262, 265, 264, 262, 264,
    261, 261, 265, 265, 263, 264, 262, 265, 265, 263, 264, 265, 265, 263,
    263, 263, 264, 265, 265, 262, 263, 263, 263, 264 ]
