%YAML:1.0
---
videoName: "LHShake22.mp4"
gestureLabel: 2
fps: 29
pixelSizeInCmTemp: 3.5220588235294115e-01
faceCenterPointX: 261
faceCenterPointY: 79
LHandPositionsX: [ 337, 342, 347, 355, 357, 359, 356, 353, 348, 339, 326,
    318, 319, 318, 321, 321, 330, 340, 344, 343, 345, 344, 335, 330, 325,
    323, 322, 326, 329, 340, 342, 342, 343, 339, 330, 320, 316, 316, 319,
    323, 328, 333, 335, 334, 335, 329, 327, 320, 318, 320, 324, 330, 336,
    342, 341, 343, 339, 336, 324, 319, 317, 315, 318, 322, 332, 336, 333,
    337, 335, 329, 327, 325, 319, 318, 319, 325, 322, 325, 324, 326, 325,
    326, 327, 324, 325, 323, 325, 325 ]
LHandPositionsY: [ 258, 254, 245, 238, 233, 222, 205, 203, 195, 189, 188,
    183, 184, 185, 183, 181, 176, 178, 172, 174, 171, 173, 175, 175, 179,
    176, 179, 176, 178, 173, 172, 170, 172, 172, 177, 178, 182, 184, 184,
    181, 182, 179, 175, 175, 175, 174, 179, 182, 181, 181, 183, 179, 176,
    177, 174, 174, 176, 179, 177, 182, 183, 180, 181, 179, 177, 177, 176,
    181, 184, 187, 196, 200, 211, 219, 229, 241, 243, 244, 245, 246, 246,
    247, 251, 249, 247, 251, 251, 251 ]
RHandPositionsX: [ 189, 193, 191, 193, 190, 190, 190, 189, 190, 191, 191,
    193, 191, 192, 189, 190, 193, 189, 190, 190, 192, 191, 189, 191, 189,
    192, 191, 190, 193, 189, 192, 192, 189, 193, 193, 191, 189, 192, 192,
    192, 191, 191, 192, 192, 192, 190, 193, 189, 190, 192, 191, 189, 190,
    190, 189, 191, 189, 190, 191, 189, 190, 192, 193, 191, 190, 192, 189,
    189, 190, 189, 190, 193, 189, 189, 191, 193, 190, 193, 192, 191, 190,
    189, 191, 190, 192, 190, 192, 191 ]
RHandPositionsY: [ 268, 267, 266, 269, 266, 268, 266, 270, 266, 266, 267,
    267, 268, 270, 268, 267, 267, 267, 267, 266, 266, 267, 266, 268, 269,
    270, 269, 268, 266, 266, 269, 266, 266, 270, 270, 266, 268, 270, 268,
    266, 266, 270, 269, 269, 266, 269, 268, 266, 270, 269, 269, 270, 269,
    266, 269, 266, 266, 267, 266, 270, 269, 267, 269, 269, 269, 270, 269,
    267, 268, 267, 267, 269, 268, 268, 266, 266, 266, 268, 269, 268, 269,
    268, 270, 266, 266, 268, 266, 270 ]
