%YAML:1.0
---
videoName: "LHShake00.mp4"
gestureLabel: 2
fps: 29
pixelSizeInCmTemp: 3.4214285714285714e-01
faceCenterPointX: 252
faceCenterPointY: 85
LHandPositionsX: [ 351, 353, 349, 351, 355, 358, 357, 354, 352, 344, 333,
    322, 324, 323, 322, 324, 326, 334, 335, 338, 341, 340, 333, 325, 325,
    324, 325, 328, 334, 340, 340, 342, 341, 334, 322, 325, 323, 325, 332,
    336, 338, 340, 344, 341, 333, 327, 323, 322, 328, 329, 333, 336, 338,
    343, 340, 335, 330, 327, 326, 326, 328, 331, 333, 339, 339, 341, 340,
    338, 334, 334, 331, 329, 328, 325, 330, 327, 329, 334, 332, 338, 338,
    340, 338, 340, 341, 343, 340, 342 ]
LHandPositionsY: [ 259, 254, 246, 231, 210, 190, 171, 151, 135, 136, 133,
    137, 138, 135, 137, 136, 133, 129, 129, 127, 125, 128, 129, 131, 132,
    134, 134, 129, 130, 126, 123, 121, 121, 128, 136, 136, 136, 132, 135,
    130, 125, 124, 121, 119, 125, 131, 131, 132, 134, 133, 129, 125, 126,
    121, 126, 126, 131, 131, 129, 127, 128, 126, 123, 118, 118, 121, 116,
    124, 139, 147, 162, 164, 165, 171, 185, 193, 200, 209, 215, 221, 222,
    226, 226, 232, 237, 236, 236, 234 ]
RHandPositionsX: [ 154, 154, 155, 153, 154, 152, 156, 153, 154, 155, 153,
    155, 152, 154, 156, 155, 154, 153, 154, 153, 154, 154, 153, 156, 152,
    153, 152, 155, 155, 152, 156, 153, 153, 154, 152, 153, 152, 155, 153,
    156, 154, 153, 152, 152, 152, 153, 153, 152, 154, 154, 155, 156, 156,
    155, 154, 155, 153, 152, 152, 155, 156, 156, 152, 153, 154, 154, 154,
    155, 153, 156, 154, 155, 156, 156, 155, 154, 153, 154, 153, 153, 155,
    155, 152, 156, 154, 153, 152, 155 ]
RHandPositionsY: [ 275, 275, 277, 276, 278, 276, 276, 273, 275, 272, 272,
    272, 274, 269, 271, 271, 272, 271, 268, 267, 268, 266, 270, 268, 268,
    269, 266, 265, 264, 266, 264, 263, 266, 262, 263, 264, 264, 262, 261,
    264, 265, 264, 261, 261, 262, 263, 261, 261, 261, 263, 264, 262, 264,
    264, 261, 264, 261, 262, 263, 263, 261, 264, 263, 261, 260, 263, 261,
    263, 263, 262, 261, 262, 260, 260, 260, 260, 262, 264, 262, 261, 261,
    262, 264, 264, 263, 260, 264, 263 ]
