%YAML:1.0
---
videoName: "LHShake08.mp4"
gestureLabel: 2
fps: 29
pixelSizeInCmTemp: 3.4710144927536229e-01
faceCenterPointX: 261
faceCenterPointY: 69
LHandPositionsX: [ 338, 339, 346, 344, 353, 344, 355, 363, 370, 371, 372,
    375, 379, 367, 356, 346, 339, 343, 343, 344, 347, 357, 370, 365, 363,
    361, 361, 354, 344, 336, 338, 339, 343, 348, 359, 365, 368, 367, 366,
    360, 355, 343, 337, 335, 335, 338, 339, 349, 355, 356, 358, 357, 358,
    350, 343, 343, 342, 341, 341, 346, 357, 365, 370, 370, 369, 369, 366,
    357, 353, 345, 341, 337, 333, 332, 334, 335, 338, 336, 336, 335, 338,
    335, 335, 337, 335, 338, 335, 338 ]
LHandPositionsY: [ 268, 265, 262, 254, 249, 237, 220, 198, 186, 176, 165,
    157, 143, 144, 145, 145, 151, 149, 153, 148, 150, 146, 139, 138, 141,
    140, 140, 145, 150, 155, 151, 152, 152, 153, 148, 147, 150, 150, 147,
    150, 150, 156, 161, 160, 159, 162, 159, 159, 156, 156, 157, 154, 154,
    156, 160, 160, 161, 163, 161, 156, 154, 152, 145, 146, 148, 146, 147,
    155, 160, 165, 176, 184, 194, 210, 223, 231, 242, 245, 250, 253, 252,
    256, 252, 257, 256, 255, 256, 258 ]
RHandPositionsX: [ 174, 173, 172, 172, 176, 174, 173, 176, 173, 173, 174,
    173, 173, 174, 173, 173, 174, 172, 173, 175, 174, 173, 172, 176, 173,
    172, 176, 176, 173, 176, 174, 174, 177, 176, 173, 174, 177, 177, 174,
    178, 176, 174, 173, 177, 177, 178, 176, 176, 177, 178, 178, 174, 174,
    175, 175, 175, 178, 177, 177, 178, 177, 176, 176, 176, 175, 175, 176,
    178, 175, 175, 175, 176, 176, 174, 174, 178, 178, 177, 177, 176, 178,
    174, 176, 175, 174, 176, 175, 177 ]
RHandPositionsY: [ 273, 275, 277, 274, 276, 273, 274, 273, 277, 275, 277,
    276, 274, 274, 273, 277, 277, 273, 277, 275, 276, 277, 274, 277, 273,
    273, 276, 274, 274, 274, 275, 277, 274, 275, 276, 273, 276, 274, 275,
    277, 273, 276, 277, 277, 275, 277, 276, 276, 276, 275, 276, 273, 276,
    277, 273, 273, 274, 276, 277, 277, 273, 276, 275, 274, 274, 273, 275,
    275, 275, 273, 274, 273, 275, 277, 273, 275, 277, 276, 274, 274, 273,
    273, 277, 276, 276, 274, 275, 277 ]
