%YAML:1.0
---
videoName: "LHShake21.mp4"
gestureLabel: 2
fps: 29
pixelSizeInCmTemp: 3.4214285714285714e-01
faceCenterPointX: 266
faceCenterPointY: 79
LHandPositionsX: [ 349, 353, 365, 371, 382, 393, 398, 404, 421, 417, 415,
    400, 391, 376, 373, 376, 372, 376, 384, 405, 400, 399, 397, 391, 386,
    373, 372, 370, 372, 372, 377, 391, 390, 386, 383, 380, 377, 372, 365,
    369, 370, 369, 374, 391, 387, 385, 399, 393, 382, 375, 364, 367, 363,
    366, 376, 377, 386, 382, 382, 389, 384, 383, 374, 364, 359, 349, 346,
    340, 336, 338, 333, 337, 334, 336, 335, 334, 331, 331, 334, 330, 332,
    333, 332, 334, 334, 333, 331, 333 ]
LHandPositionsY: [ 273, 263, 243, 227, 207, 192, 183, 169, 152, 151, 139,
    134, 131, 132, 134, 136, 128, 128, 130, 128, 128, 128, 133, 132, 136,
    134, 143, 140, 142, 135, 134, 132, 132, 134, 132, 137, 137, 145, 147,
    146, 147, 143, 138, 137, 137, 136, 135, 138, 140, 150, 150, 155, 152,
    154, 149, 144, 139, 143, 143, 147, 155, 159, 170, 180, 192, 202, 215,
    225, 237, 240, 244, 248, 250, 249, 249, 250, 250, 254, 250, 253, 250,
    252, 250, 253, 250, 251, 252, 251 ]
RHandPositionsX: [ 186, 185, 187, 184, 187, 186, 185, 184, 185, 184, 187,
    186, 185, 186, 186, 186, 188, 187, 186, 188, 188, 186, 188, 187, 185,
    185, 186, 184, 188, 188, 188, 188, 186, 188, 185, 186, 185, 187, 187,
    184, 187, 188, 187, 187, 188, 188, 185, 185, 187, 187, 187, 186, 187,
    187, 185, 188, 185, 188, 187, 187, 185, 187, 186, 184, 187, 184, 188,
    185, 185, 184, 188, 184, 188, 185, 188, 187, 185, 186, 186, 186, 184,
    186, 187, 188, 188, 185, 184, 188 ]
RHandPositionsY: [ 265, 266, 268, 268, 268, 267, 268, 266, 269, 269, 269,
    268, 266, 267, 265, 268, 266, 266, 268, 269, 266, 266, 266, 266, 269,
    266, 265, 267, 269, 266, 269, 265, 268, 266, 269, 268, 267, 265, 269,
    267, 267, 267, 268, 268, 269, 265, 265, 266, 266, 266, 269, 268, 266,
    265, 266, 266, 265, 269, 266, 268, 268, 268, 267, 269, 267, 266, 267,
    269, 267, 266, 269, 269, 267, 269, 268, 267, 265, 267, 266, 269, 265,
    267, 269, 265, 269, 269, 268, 266 ]
