%YAML:1.0
---
videoName: "LHShake13.mp4"
gestureLabel: 2
fps: 29
pixelSizeInCmTemp: 3.4214285714285714e-01
faceCenterPointX: 257
faceCenterPointY: 76
LHandPositionsX: [ 327, 327, 327, 324, 325, 324, 326, 326, 328, 325, 329,
    336, 343, 351, 362, 374, 381, 387, 391, 390, 386, 374, 365, 349, 341,
    344, 341, 344, 352, 358, 374, 367, 363, 361, 354, 347, 343, 343, 340,
    352, 358, 368, 368, 363, 361, 351, 345, 347, 344, 346, 357, 363, 365,
    362, 361, 356, 345, 348, 344, 342, 346, 357, 362, 370, 366, 364, 357,
    354, 349, 338, 333, 327, 327, 326, 324, 327, 327, 325, 326, 326, 325,
    324, 325, 327, 325, 326, 325, 326 ]
LHandPositionsY: [ 259, 262, 260, 260, 263, 262, 260, 260, 262, 256, 258,
    248, 238, 226, 212, 195, 183, 176, 165, 155, 153, 149, 154, 156, 157,
    155, 157, 157, 154, 148, 139, 140, 142, 144, 151, 157, 158, 160, 158,
    157, 154, 155, 153, 158, 157, 160, 165, 161, 163, 159, 156, 155, 158,
    155, 157, 161, 162, 166, 161, 160, 158, 157, 158, 154, 148, 147, 145,
    151, 158, 163, 168, 181, 190, 206, 222, 233, 244, 245, 245, 246, 245,
    245, 250, 247, 249, 246, 250, 249 ]
RHandPositionsX: [ 185, 184, 184, 183, 181, 181, 182, 182, 183, 181, 183,
    183, 182, 181, 181, 185, 184, 184, 181, 184, 183, 183, 184, 181, 184,
    183, 184, 184, 185, 185, 183, 185, 181, 182, 185, 184, 181, 182, 181,
    182, 185, 181, 184, 183, 181, 184, 181, 182, 185, 183, 184, 181, 183,
    184, 185, 182, 181, 182, 184, 183, 184, 181, 184, 182, 183, 181, 182,
    181, 185, 184, 181, 185, 181, 183, 184, 185, 182, 184, 184, 185, 181,
    184, 184, 182, 183, 184, 183, 182 ]
RHandPositionsY: [ 268, 268, 267, 267, 267, 267, 267, 268, 270, 268, 269,
    269, 269, 270, 269, 269, 269, 268, 270, 267, 270, 270, 270, 270, 271,
    271, 269, 270, 269, 268, 267, 267, 270, 270, 268, 269, 268, 268, 270,
    270, 267, 271, 270, 271, 267, 271, 270, 269, 268, 267, 271, 269, 270,
    269, 270, 270, 271, 270, 269, 270, 267, 267, 270, 267, 270, 268, 269,
    267, 269, 267, 267, 270, 270, 267, 271, 268, 267, 267, 270, 269, 268,
    269, 267, 268, 271, 271, 271, 271 ]
