%YAML:1.0
---
videoName: "LHShake24.mp4"
gestureLabel: 2
fps: 30
pixelSizeInCmTemp: 3.4214285714285714e-01
faceCenterPointX: 255
faceCenterPointY: 77
LHandPositionsX: [ 330, 330, 329, 326, 329, 328, 329, 329, 328, 332, 334,
    333, 340, 345, 353, 363, 371, 376, 379, 378, 384, 380, 370, 362, 346,
    343, 342, 339, 341, 349, 357, 367, 380, 375, 375, 376, 370, 357, 344,
    336, 342, 339, 343, 355, 362, 363, 364, 368, 361, 352, 342, 341, 343,
    339, 343, 356, 364, 371, 370, 374, 367, 360, 352, 343, 343, 344, 343,
    352, 360, 370, 367, 366, 364, 361, 349, 343, 337, 335, 327, 326, 323,
    324, 325, 324, 324, 325, 325, 329, 326, 326, 325 ]
LHandPositionsY: [ 264, 261, 261, 264, 263, 260, 263, 261, 264, 259, 261,
    258, 246, 236, 224, 210, 195, 185, 171, 171, 158, 155, 149, 154, 158,
    161, 162, 162, 160, 161, 157, 153, 148, 150, 147, 148, 145, 150, 152,
    156, 152, 155, 154, 153, 151, 148, 150, 152, 152, 153, 158, 164, 162,
    161, 162, 161, 162, 157, 158, 156, 158, 160, 159, 165, 164, 164, 162,
    159, 162, 158, 156, 159, 156, 159, 160, 164, 169, 177, 187, 197, 210,
    218, 232, 231, 236, 239, 241, 245, 246, 246, 248 ]
RHandPositionsX: [ 180, 179, 182, 182, 179, 179, 180, 182, 183, 182, 180,
    179, 180, 183, 180, 182, 183, 183, 179, 179, 180, 182, 183, 180, 182,
    180, 180, 181, 179, 180, 183, 179, 180, 179, 183, 179, 183, 183, 181,
    182, 181, 182, 182, 181, 180, 180, 182, 183, 181, 180, 179, 181, 179,
    179, 181, 182, 182, 180, 181, 180, 182, 179, 181, 179, 183, 183, 180,
    180, 182, 179, 182, 183, 181, 182, 183, 179, 179, 182, 182, 180, 179,
    181, 180, 180, 181, 182, 179, 179, 180, 182, 183 ]
RHandPositionsY: [ 267, 269, 269, 268, 267, 271, 271, 270, 269, 268, 268,
    267, 267, 271, 269, 268, 271, 269, 267, 270, 267, 268, 270, 267, 271,
    268, 267, 271, 267, 268, 270, 267, 269, 267, 268, 271, 270, 270, 270,
    271, 271, 269, 268, 271, 269, 270, 271, 267, 267, 267, 267, 267, 271,
    268, 267, 269, 271, 267, 269, 269, 269, 268, 268, 268, 270, 267, 269,
    267, 271, 268, 270, 267, 270, 271, 269, 267, 268, 268, 268, 271, 269,
    267, 270, 267, 269, 270, 267, 268, 270, 267, 270 ]
