%YAML:1.0
---
videoName: "LHShake03.mp4"
gestureLabel: 2
fps: 30
pixelSizeInCmTemp: 3.2808219178082193e-01
faceCenterPointX: 251
faceCenterPointY: 79
LHandPositionsX: [ 344, 344, 349, 357, 354, 356, 351, 347, 335, 325, 315,
    318, 318, 314, 316, 318, 327, 333, 336, 337, 342, 338, 332, 330, 323,
    324, 321, 322, 323, 332, 332, 342, 342, 341, 333, 321, 317, 312, 309,
    311, 316, 319, 328, 330, 336, 336, 334, 326, 325, 323, 326, 325, 334,
    340, 341, 341, 336, 335, 339, 336, 338, 330, 323, 318, 316, 311, 308,
    304, 300, 300, 299, 297, 295, 296, 292, 293, 292, 291, 292, 291, 288,
    292, 290, 288, 286, 289, 285, 284, 288, 285, 285 ]
LHandPositionsY: [ 142, 136, 125, 122, 113, 108, 103, 101, 97, 98, 107,
    106, 106, 102, 95, 93, 91, 88, 85, 89, 84, 88, 91, 90, 88, 91, 90,
    88, 89, 88, 85, 85, 81, 83, 86, 91, 93, 97, 94, 96, 93, 91, 90, 90,
    87, 87, 84, 85, 88, 92, 93, 92, 91, 88, 86, 90, 93, 93, 99, 100, 113,
    130, 142, 156, 164, 177, 185, 197, 204, 215, 223, 222, 224, 229, 232,
    234, 242, 243, 244, 248, 250, 250, 249, 250, 255, 251, 253, 253, 252,
    252, 254 ]
RHandPositionsX: [ 213, 213, 214, 216, 216, 213, 213, 213, 213, 213, 211,
    214, 213, 212, 211, 215, 211, 215, 214, 211, 214, 215, 211, 212, 212,
    215, 214, 212, 214, 211, 214, 212, 215, 214, 211, 211, 213, 214, 215,
    215, 215, 211, 212, 211, 214, 214, 213, 214, 214, 214, 215, 212, 215,
    213, 211, 212, 214, 211, 210, 214, 210, 214, 210, 212, 214, 213, 214,
    211, 211, 214, 214, 213, 214, 211, 213, 213, 212, 214, 212, 210, 213,
    212, 213, 212, 210, 210, 212, 213, 214, 210, 210 ]
RHandPositionsY: [ 256, 254, 256, 257, 253, 256, 254, 252, 254, 253, 254,
    253, 253, 255, 252, 252, 252, 252, 255, 255, 251, 254, 252, 255, 252,
    255, 254, 252, 255, 252, 251, 251, 254, 253, 253, 252, 252, 255, 254,
    253, 253, 254, 255, 254, 255, 251, 255, 254, 253, 254, 255, 251, 253,
    251, 255, 254, 251, 252, 253, 254, 252, 251, 251, 252, 252, 254, 254,
    254, 254, 252, 253, 254, 254, 251, 254, 255, 251, 252, 251, 251, 255,
    255, 251, 251, 252, 254, 254, 254, 253, 255, 252 ]
