%YAML:1.0
---
videoName: "LHShake22.mp4"
gestureLabel: 2
fps: 29
pixelSizeInCmTemp: 3.5220588235294115e-01
faceCenterPointX: 261
faceCenterPointY: 79
LHandPositionsX: [ 337, 342, 350, 354, 356, 359, 356, 352, 346, 336, 328,
    319, 318, 320, 319, 323, 330, 338, 343, 342, 342, 343, 336, 330, 321,
    322, 323, 326, 333, 336, 341, 341, 340, 337, 332, 320, 315, 316, 320,
    322, 326, 337, 336, 337, 333, 331, 326, 319, 319, 320, 322, 328, 337,
    343, 341, 342, 343, 333, 327, 321, 319, 318, 316, 325, 329, 336, 333,
    333, 333, 332, 326, 325, 323, 320, 320, 321, 323, 325, 325, 323, 326,
    323, 323, 323, 324, 327, 323, 323 ]
LHandPositionsY: [ 262, 254, 246, 236, 232, 221, 206, 206, 192, 187, 184,
    186, 183, 185, 180, 181, 177, 174, 171, 171, 171, 169, 174, 178, 176,
    176, 178, 178, 175, 175, 174, 174, 171, 170, 174, 179, 181, 184, 185,
    181, 178, 179, 178, 175, 174, 176, 179, 183, 181, 179, 182, 183, 177,
    178, 178, 175, 174, 176, 178, 183, 182, 182, 182, 180, 176, 177, 177,
    179, 186, 190, 193, 200, 208, 220, 230, 241, 243, 244, 248, 249, 249,
    246, 247, 251, 251, 247, 247, 248 ]
RHandPositionsX: [ 193, 193, 192, 193, 190, 193, 193, 192, 190, 193, 191,
    191, 192, 191, 189, 193, 193, 193, 192, 192, 189, 191, 190, 192, 193,
    189, 190, 190, 191, 192, 190, 191, 189, 191, 192, 193, 191, 190, 189,
    191, 192, 192, 192, 190, 191, 192, 192, 193, 191, 192, 189, 190, 190,
    189, 189, 192, 193, 191, 189, 192, 193, 190, 192, 190, 190, 191, 191,
    192, 191, 191, 192, 189, 190, 192, 191, 192, 190, 193, 189, 189, 191,
    191, 192, 190, 191, 192, 192, 189 ]
RHandPositionsY: [ 270, 267, 266, 267, 266, 266, 269, 266, 267, 267, 268,
    269, 270, 269, 269, 267, 266, 268, 269, 266, 268, 267, 267, 268, 269,
    268, 267, 266, 268, 268, 270, 268, 266, 269, 266, 270, 267, 267, 268,
    268, 268, 266, 268, 268, 270, 269, 267, 268, 268, 266, 267, 266, 266,
    270, 269, 266, 270, 266, 267, 269, 266, 269, 268, 268, 268, 268, 268,
    267, 268, 266, 266, 269, 267, 270, 268, 268, 266, 270, 267, 267, 270,
    268, 269, 266, 269, 269, 269, 267 ]
