%YAML:1.0
---
videoName: "LHShake23.mp4"
gestureLabel: 2
fps: 30
pixelSizeInCmTemp: 3.3263888888888887e-01
faceCenterPointX: 259
faceCenterPointY: 79
LHandPositionsX: [ 334, 333, 331, 332, 330, 334, 334, 330, 332, 332, 334,
    337, 341, 345, 349, 360, 371, 371, 375, 378, 381, 381, 374, 367, 355,
    353, 355, 352, 355, 360, 371, 378, 383, 386, 386, 377, 372, 359, 358,
    358, 364, 369, 377, 385, 385, 383, 381, 371, 362, 357, 355, 351, 355,
    364, 373, 383, 379, 378, 377, 376, 365, 356, 355, 359, 359, 366, 371,
    380, 379, 376, 378, 373, 367, 362, 356, 353, 347, 343, 339, 341, 339,
    337, 339, 338, 337, 336, 334, 335, 336, 334, 337 ]
LHandPositionsY: [ 263, 264, 266, 262, 265, 263, 262, 264, 262, 260, 259,
    254, 242, 231, 229, 211, 200, 199, 193, 188, 183, 170, 167, 168, 169,
    167, 168, 168, 170, 165, 162, 160, 158, 157, 159, 161, 165, 164, 166,
    166, 163, 162, 162, 158, 157, 160, 157, 161, 163, 162, 165, 167, 165,
    168, 165, 163, 162, 162, 165, 162, 165, 168, 170, 168, 171, 172, 169,
    167, 167, 167, 170, 174, 174, 182, 194, 200, 212, 225, 238, 248, 247,
    251, 252, 251, 253, 253, 253, 253, 252, 252, 256 ]
RHandPositionsX: [ 184, 185, 182, 184, 183, 183, 185, 184, 183, 183, 183,
    186, 182, 184, 182, 183, 183, 185, 182, 182, 182, 185, 183, 182, 185,
    182, 186, 186, 185, 182, 185, 186, 183, 184, 185, 182, 186, 184, 186,
    182, 182, 186, 183, 186, 186, 185, 184, 183, 182, 185, 182, 186, 182,
    182, 184, 186, 185, 186, 186, 185, 186, 183, 185, 185, 185, 185, 182,
    184, 182, 183, 184, 184, 185, 184, 182, 183, 185, 186, 186, 183, 183,
    186, 183, 182, 185, 186, 185, 182, 186, 186, 186 ]
RHandPositionsY: [ 273, 270, 272, 270, 272, 273, 274, 271, 272, 273, 271,
    273, 272, 274, 272, 270, 270, 274, 272, 274, 272, 274, 274, 270, 270,
    272, 274, 274, 274, 274, 273, 270, 274, 270, 271, 273, 273, 271, 270,
    271, 270, 272, 270, 271, 270, 272, 271, 270, 270, 273, 271, 272, 271,
    270, 271, 272, 273, 272, 273, 270, 274, 271, 272, 274, 274, 271, 273,
    274, 271, 274, 270, 271, 271, 273, 274, 273, 270, 274, 274, 272, 274,
    273, 271, 272, 272, 272, 270, 270, 274, 271, 273 ]
