%YAML:1.0
---
videoName: "LHShake18.mp4"
gestureLabel: 2
fps: 29
pixelSizeInCmTemp: 3.4214285714285714e-01
faceCenterPointX: 253
faceCenterPointY: 65
LHandPositionsX: [ 312, 313, 315, 313, 313, 315, 312, 315, 314, 313, 314,
    313, 314, 313, 314, 315, 317, 317, 323, 323, 329, 337, 344, 349, 348,
    347, 336, 323, 316, 300, 303, 303, 309, 311, 310, 315, 312, 307, 299,
    292, 294, 301, 308, 313, 309, 310, 306, 296, 287, 284, 286, 298, 305,
    315, 310, 312, 306, 294, 285, 285, 294, 302, 309, 309, 310, 305, 303,
    293, 297, 302, 305, 304, 310, 310, 316, 313, 307, 308, 306, 304, 304,
    304, 306, 308, 309, 310, 309, 310 ]
LHandPositionsY: [ 249, 248, 249, 246, 248, 250, 249, 246, 249, 246, 246,
    249, 247, 247, 247, 249, 245, 251, 243, 235, 216, 200, 191, 178, 165,
    158, 155, 148, 148, 139, 139, 144, 141, 142, 140, 142, 143, 144, 143,
    140, 134, 143, 147, 146, 143, 144, 150, 145, 143, 138, 143, 147, 146,
    150, 147, 148, 151, 143, 143, 144, 151, 153, 153, 153, 152, 157, 158,
    145, 146, 151, 152, 154, 153, 155, 161, 169, 178, 188, 195, 208, 213,
    218, 222, 233, 232, 230, 234, 231 ]
RHandPositionsX: [ 195, 196, 195, 196, 194, 197, 195, 199, 197, 199, 199,
    195, 198, 197, 199, 199, 199, 199, 196, 197, 195, 197, 198, 197, 197,
    199, 198, 197, 198, 197, 196, 197, 199, 199, 195, 198, 199, 198, 199,
    199, 199, 196, 197, 195, 198, 197, 197, 198, 199, 199, 198, 197, 198,
    197, 195, 197, 197, 198, 198, 199, 195, 195, 199, 198, 199, 195, 197,
    195, 195, 196, 198, 194, 198, 194, 196, 198, 195, 194, 195, 196, 197,
    196, 195, 194, 196, 198, 194, 197 ]
RHandPositionsY: [ 266, 264, 266, 266, 265, 264, 264, 265, 263, 267, 267,
    263, 267, 265, 267, 266, 264, 266, 267, 264, 265, 263, 265, 264, 266,
    266, 264, 266, 262, 262, 266, 266, 263, 263, 264, 264, 263, 267, 265,
    264, 266, 267, 268, 268, 264, 264, 265, 266, 266, 267, 266, 266, 265,
    266, 265, 264, 267, 267, 269, 266, 267, 266, 266, 267, 266, 268, 265,
    265, 266, 266, 268, 266, 266, 268, 266, 265, 264, 267, 267, 267, 264,
    264, 268, 265, 266, 265, 266, 264 ]
