%YAML:1.0
---
videoName: "LHShake02.mp4"
gestureLabel: 2
fps: 29
pixelSizeInCmTemp: 3.3263888888888887e-01
faceCenterPointX: 249
faceCenterPointY: 82
LHandPositionsX: [ 359, 363, 363, 366, 373, 379, 386, 385, 385, 386, 382,
    379, 372, 365, 366, 365, 364, 367, 370, 377, 385, 386, 385, 381, 377,
    370, 366, 365, 362, 365, 368, 369, 375, 380, 377, 382, 382, 378, 376,
    370, 366, 357, 357, 357, 360, 361, 364, 371, 371, 371, 370, 368, 364,
    361, 357, 360, 361, 363, 367, 373, 370, 370, 369, 361, 359, 351, 349,
    344, 347, 342, 342, 342, 341, 341, 345, 342, 347, 344, 346, 347, 347,
    349, 347, 348, 347, 347, 350, 346 ]
LHandPositionsY: [ 125, 122, 116, 116, 111, 108, 110, 112, 111, 108, 108,
    109, 110, 112, 114, 115, 111, 111, 107, 104, 102, 100, 105, 102, 104,
    106, 108, 109, 110, 107, 106, 100, 102, 101, 97, 98, 97, 97, 95, 96,
    100, 101, 101, 105, 106, 103, 103, 102, 99, 100, 100, 105, 109, 109,
    109, 106, 105, 108, 106, 107, 107, 105, 103, 104, 123, 137, 147, 163,
    164, 170, 178, 183, 194, 200, 204, 209, 215, 221, 224, 230, 230, 230,
    231, 234, 235, 233, 234, 238 ]
RHandPositionsX: [ 157, 156, 154, 157, 154, 156, 157, 155, 157, 153, 154,
    157, 154, 155, 153, 154, 155, 153, 154, 154, 153, 157, 156, 153, 154,
    155, 157, 156, 153, 155, 155, 154, 154, 156, 153, 154, 156, 154, 154,
    156, 154, 154, 156, 157, 157, 155, 153, 157, 154, 155, 157, 154, 156,
    154, 154, 157, 157, 155, 155, 156, 153, 154, 154, 156, 153, 156, 157,
    154, 156, 156, 153, 154, 153, 154, 156, 153, 154, 156, 156, 153, 157,
    154, 156, 157, 154, 156, 157, 157 ]
RHandPositionsY: [ 264, 262, 263, 264, 264, 262, 263, 262, 261, 263, 261,
    259, 259, 260, 260, 259, 258, 262, 260, 262, 258, 258, 261, 258, 258,
    258, 258, 262, 258, 261, 262, 258, 261, 261, 261, 260, 261, 259, 261,
    258, 262, 260, 260, 259, 259, 261, 260, 262, 258, 258, 258, 258, 262,
    259, 259, 261, 259, 261, 262, 262, 262, 258, 259, 259, 262, 259, 262,
    260, 259, 259, 262, 259, 258, 262, 261, 261, 261, 259, 260, 259, 258,
    258, 261, 261, 259, 258, 259, 260 ]
