%YAML:1.0
---
videoName: "LHShake04.mp4"
gestureLabel: 2
fps: 30
pixelSizeInCmTemp: 3.2808219178082193e-01
faceCenterPointX: 247
faceCenterPointY: 80
LHandPositionsX: [ 280, 281, 284, 282, 281, 279, 283, 283, 279, 280, 283,
    278, 282, 281, 282, 286, 289, 297, 308, 319, 334, 347, 361, 367, 373,
    365, 360, 356, 350, 341, 339, 335, 333, 338, 349, 365, 368, 368, 356,
    345, 342, 341, 344, 341, 352, 352, 357, 353, 354, 344, 342, 345, 343,
    350, 357, 356, 355, 350, 347, 345, 348, 347, 353, 357, 364, 367, 364,
    360, 354, 347, 334, 323, 313, 304, 301, 294, 291, 290, 288, 286, 288,
    290, 290, 286, 288, 286, 289, 290, 289, 286, 289 ]
LHandPositionsY: [ 271, 268, 272, 272, 270, 268, 268, 270, 268, 268, 271,
    272, 272, 272, 271, 268, 262, 251, 245, 231, 216, 205, 189, 175, 163,
    159, 154, 149, 133, 133, 130, 130, 128, 121, 115, 114, 108, 110, 113,
    116, 129, 128, 124, 129, 120, 117, 114, 111, 118, 120, 120, 124, 121,
    114, 113, 113, 111, 110, 112, 115, 116, 111, 109, 108, 105, 103, 107,
    109, 125, 145, 155, 174, 184, 202, 213, 226, 234, 244, 242, 243, 247,
    250, 247, 249, 251, 251, 254, 253, 252, 251, 250 ]
RHandPositionsX: [ 217, 214, 218, 215, 215, 216, 214, 216, 217, 217, 217,
    217, 216, 215, 214, 216, 217, 215, 214, 214, 218, 215, 215, 215, 216,
    215, 216, 217, 216, 216, 214, 217, 216, 218, 215, 215, 216, 216, 218,
    215, 216, 215, 216, 217, 214, 216, 215, 215, 218, 216, 218, 214, 217,
    215, 214, 215, 216, 214, 216, 215, 218, 218, 217, 216, 218, 217, 215,
    218, 218, 218, 218, 215, 214, 214, 217, 216, 218, 214, 215, 215, 217,
    214, 215, 214, 215, 216, 218, 215, 214, 216, 215 ]
RHandPositionsY: [ 269, 267, 270, 268, 266, 268, 268, 270, 268, 270, 269,
    269, 267, 266, 268, 266, 267, 266, 266, 266, 268, 263, 267, 263, 264,
    266, 265, 266, 265, 267, 263, 266, 264, 264, 263, 266, 265, 266, 266,
    266, 262, 263, 264, 263, 264, 264, 266, 261, 265, 265, 262, 262, 264,
    263, 264, 265, 264, 262, 263, 264, 265, 264, 264, 263, 264, 264, 265,
    265, 265, 261, 263, 263, 264, 264, 265, 264, 265, 262, 265, 264, 261,
    261, 263, 261, 262, 265, 264, 262, 261, 261, 262 ]
