%YAML:1.0
---
videoName: "LHShake05.mp4"
gestureLabel: 2
fps: 30
pixelSizeInCmTemp: 3.2364864864864862e-01
faceCenterPointX: 252
faceCenterPointY: 81
LHandPositionsX: [ 294, 295, 292, 295, 295, 293, 295, 295, 291, 290, 295,
    296, 304, 310, 323, 335, 340, 340, 342, 342, 342, 338, 329, 328, 328,
    331, 334, 339, 341, 343, 343, 339, 332, 325, 324, 322, 326, 331, 337,
    339, 339, 330, 324, 319, 321, 324, 328, 334, 335, 340, 335, 329, 326,
    322, 322, 326, 329, 337, 337, 337, 334, 333, 333, 331, 332, 335, 337,
    338, 340, 338, 335, 325, 322, 314, 312, 305, 303, 301, 298, 293, 296,
    297, 294, 294, 293, 292, 295, 291, 292, 292, 292 ]
LHandPositionsY: [ 266, 267, 270, 269, 270, 267, 265, 267, 262, 256, 243,
    228, 214, 200, 186, 174, 166, 161, 158, 153, 155, 155, 156, 154, 155,
    151, 150, 144, 142, 134, 135, 137, 146, 147, 145, 149, 145, 142, 136,
    133, 132, 140, 142, 145, 145, 143, 139, 135, 132, 131, 137, 141, 143,
    142, 145, 144, 141, 136, 136, 139, 138, 143, 144, 141, 141, 143, 140,
    140, 136, 137, 143, 151, 161, 169, 177, 188, 200, 209, 221, 230, 233,
    236, 241, 243, 246, 250, 251, 249, 254, 258, 261 ]
RHandPositionsX: [ 212, 211, 212, 211, 214, 214, 213, 212, 212, 213, 213,
    209, 213, 210, 211, 213, 212, 210, 209, 210, 209, 212, 211, 210, 208,
    208, 209, 207, 208, 207, 209, 207, 206, 208, 206, 208, 210, 209, 210,
    209, 207, 208, 209, 207, 206, 209, 209, 206, 208, 209, 209, 206, 210,
    210, 210, 210, 206, 206, 210, 209, 210, 208, 208, 208, 207, 208, 207,
    209, 206, 207, 210, 206, 210, 206, 206, 208, 207, 210, 209, 206, 209,
    206, 209, 209, 207, 211, 208, 211, 208, 211, 209 ]
RHandPositionsY: [ 262, 266, 264, 263, 265, 265, 263, 264, 265, 266, 262,
    266, 264, 263, 264, 265, 266, 262, 266, 264, 264, 266, 266, 264, 262,
    265, 262, 263, 262, 265, 262, 264, 264, 262, 261, 263, 265, 265, 262,
    263, 261, 262, 264, 263, 261, 261, 261, 264, 265, 263, 263, 265, 264,
    263, 261, 265, 263, 264, 265, 263, 262, 261, 265, 264, 261, 263, 262,
    264, 261, 261, 262, 263, 263, 263, 261, 261, 265, 263, 264, 263, 264,
    261, 262, 263, 264, 261, 264, 262, 261, 265, 262 ]
