%YAML:1.0
---
videoName: "LHShake20.mp4"
gestureLabel: 2
fps: 30
pixelSizeInCmTemp: 3.3732394366197183e-01
faceCenterPointX: 249
faceCenterPointY: 62
LHandPositionsX: [ 315, 315, 315, 314, 313, 317, 316, 316, 315, 319, 322,
    328, 332, 339, 340, 339, 330, 322, 314, 312, 311, 310, 316, 326, 336,
    337, 337, 336, 332, 323, 317, 320, 318, 322, 335, 342, 341, 339, 331,
    326, 325, 322, 323, 324, 332, 330, 330, 330, 323, 318, 321, 320, 321,
    324, 324, 329, 329, 324, 324, 320, 318, 316, 320, 321, 319, 323, 321,
    319, 317, 313, 314, 311, 312, 315, 312, 312, 316, 313, 313, 316, 312,
    314, 314, 313, 313, 313, 314, 314, 313, 315, 315 ]
LHandPositionsY: [ 247, 247, 249, 248, 248, 245, 248, 245, 236, 228, 218,
    201, 187, 179, 170, 166, 158, 158, 162, 160, 157, 158, 150, 147, 146,
    142, 144, 144, 140, 147, 146, 146, 148, 147, 143, 141, 140, 141, 143,
    145, 149, 148, 147, 144, 144, 141, 141, 139, 140, 148, 148, 146, 148,
    142, 138, 136, 136, 133, 136, 144, 145, 144, 148, 148, 150, 152, 161,
    168, 179, 188, 203, 212, 213, 220, 223, 227, 232, 231, 228, 233, 233,
    232, 232, 233, 236, 238, 239, 237, 240, 238, 236 ]
RHandPositionsX: [ 180, 180, 179, 181, 180, 183, 183, 182, 182, 183, 179,
    179, 181, 179, 182, 181, 179, 179, 181, 182, 183, 182, 183, 182, 182,
    183, 181, 179, 179, 181, 181, 182, 179, 181, 182, 181, 182, 182, 183,
    179, 180, 182, 180, 183, 182, 179, 179, 183, 182, 182, 180, 181, 181,
    183, 182, 183, 183, 180, 182, 181, 180, 181, 181, 179, 179, 181, 180,
    183, 183, 180, 180, 181, 182, 183, 181, 182, 182, 179, 181, 180, 182,
    179, 179, 181, 182, 182, 179, 181, 178, 180, 179 ]
RHandPositionsY: [ 256, 257, 257, 253, 253, 256, 256, 256, 256, 256, 252,
    254, 253, 254, 256, 253, 254, 253, 255, 252, 256, 254, 253, 252, 252,
    253, 252, 254, 252, 254, 251, 252, 253, 253, 252, 251, 252, 252, 252,
    252, 252, 252, 253, 255, 253, 251, 254, 254, 255, 254, 252, 253, 255,
    251, 255, 251, 254, 251, 255, 251, 252, 253, 252, 255, 255, 255, 255,
    254, 252, 255, 251, 253, 253, 253, 252, 252, 253, 253, 255, 255, 254,
    254, 255, 254, 251, 251, 255, 254, 252, 253, 253 ]
