%YAML:1.0
---
videoName: "LHShake19.mp4"
gestureLabel: 2
fps: 29
pixelSizeInCmTemp: 3.3732394366197183e-01
faceCenterPointX: 250
faceCenterPointY: 62
LHandPositionsX: [ 306, 308, 306, 309, 306, 308, 307, 309, 309, 308, 306,
    306, 306, 307, 305, 309, 313, 316, 320, 324, 324, 324, 311, 289, 285,
    290, 293, 298, 306, 317, 316, 313, 305, 295, 288, 288, 292, 300, 310,
    315, 319, 315, 305, 293, 290, 294, 299, 306, 314, 311, 311, 308, 294,
    293, 294, 303, 308, 316, 314, 317, 312, 308, 304, 302, 298, 291, 290,
    295, 294, 298, 304, 301, 304, 306, 306, 305, 309, 310, 310, 308, 308,
    311, 308, 310, 311, 308, 310, 307 ]
LHandPositionsY: [ 252, 250, 248, 250, 249, 252, 252, 250, 250, 249, 252,
    252, 250, 249, 244, 238, 229, 214, 205, 189, 177, 168, 163, 161, 157,
    153, 156, 155, 155, 152, 155, 152, 153, 152, 148, 145, 154, 154, 151,
    152, 153, 151, 158, 147, 145, 154, 156, 151, 152, 150, 154, 155, 149,
    146, 156, 157, 157, 154, 151, 152, 151, 153, 160, 164, 168, 171, 180,
    187, 198, 208, 216, 214, 217, 222, 223, 230, 232, 234, 236, 238, 237,
    238, 237, 236, 238, 237, 239, 241 ]
RHandPositionsX: [ 197, 198, 199, 195, 196, 197, 198, 199, 195, 195, 196,
    198, 197, 198, 196, 196, 195, 198, 196, 195, 197, 198, 197, 198, 194,
    194, 198, 196, 195, 195, 196, 194, 197, 196, 195, 195, 193, 193, 193,
    191, 193, 195, 191, 195, 191, 191, 194, 193, 195, 192, 195, 193, 195,
    195, 193, 193, 191, 194, 192, 192, 191, 195, 193, 193, 193, 192, 194,
    191, 195, 194, 194, 192, 192, 194, 193, 192, 191, 192, 192, 191, 192,
    191, 195, 194, 195, 193, 192, 193 ]
RHandPositionsY: [ 254, 258, 258, 254, 255, 256, 254, 255, 257, 256, 255,
    256, 254, 258, 258, 257, 258, 255, 257, 256, 256, 258, 254, 258, 257,
    256, 255, 258, 258, 255, 254, 255, 254, 254, 258, 256, 256, 254, 256,
    254, 255, 255, 258, 256, 257, 254, 254, 255, 258, 255, 257, 257, 256,
    256, 257, 255, 254, 255, 256, 256, 258, 255, 257, 256, 255, 257, 254,
    257, 257, 257, 256, 258, 257, 254, 256, 257, 255, 255, 255, 257, 258,
    255, 255, 255, 256, 258, 255, 255 ]
