%YAML:1.0
---
videoName: "LHShake17.mp4"
gestureLabel: 2
fps: 30
pixelSizeInCmTemp: 3.3732394366197183e-01
faceCenterPointX: 248
faceCenterPointY: 64
LHandPositionsX: [ 324, 324, 325, 323, 324, 323, 325, 324, 328, 334, 346,
    353, 366, 374, 388, 399, 404, 407, 400, 387, 376, 362, 352, 353, 350,
    356, 370, 382, 378, 380, 376, 363, 351, 344, 348, 350, 354, 367, 367,
    365, 368, 363, 356, 353, 349, 356, 366, 372, 374, 375, 375, 372, 363,
    353, 345, 349, 349, 355, 360, 365, 361, 368, 365, 358, 349, 344, 339,
    336, 337, 335, 331, 331, 332, 331, 331, 331, 326, 325, 327, 324, 325,
    324, 324, 326, 325, 326, 326, 324, 324, 323, 326 ]
LHandPositionsY: [ 249, 247, 250, 251, 251, 248, 246, 245, 247, 230, 219,
    201, 187, 175, 160, 143, 129, 119, 113, 114, 123, 128, 138, 133, 138,
    133, 121, 119, 121, 118, 117, 128, 137, 141, 140, 137, 126, 116, 120,
    120, 118, 117, 125, 136, 132, 135, 123, 120, 122, 123, 119, 123, 133,
    136, 141, 142, 140, 125, 122, 122, 126, 121, 119, 127, 138, 142, 151,
    160, 172, 183, 195, 206, 221, 221, 222, 226, 234, 235, 235, 236, 238,
    236, 236, 237, 238, 236, 236, 239, 237, 235, 237 ]
RHandPositionsX: [ 178, 180, 177, 180, 176, 177, 176, 177, 177, 180, 180,
    177, 177, 177, 179, 178, 178, 176, 179, 177, 178, 178, 176, 177, 179,
    179, 180, 179, 179, 175, 176, 178, 178, 178, 179, 177, 176, 178, 177,
    174, 174, 177, 175, 178, 178, 175, 176, 177, 177, 175, 178, 176, 175,
    176, 178, 177, 178, 174, 178, 177, 175, 175, 176, 178, 178, 176, 177,
    174, 178, 175, 177, 176, 178, 174, 177, 174, 175, 177, 174, 175, 175,
    175, 174, 175, 177, 175, 178, 176, 176, 174, 177 ]
RHandPositionsY: [ 259, 260, 259, 260, 256, 260, 257, 258, 257, 256, 258,
    260, 256, 259, 258, 259, 256, 258, 256, 258, 260, 256, 256, 260, 259,
    258, 258, 256, 258, 257, 257, 260, 258, 256, 259, 260, 260, 257, 260,
    259, 257, 257, 259, 257, 256, 260, 257, 257, 258, 258, 260, 259, 256,
    259, 256, 260, 259, 257, 257, 257, 258, 257, 260, 257, 260, 259, 257,
    260, 260, 260, 257, 257, 259, 259, 259, 256, 259, 258, 260, 260, 260,
    257, 257, 257, 260, 256, 260, 257, 256, 257, 258 ]
