%YAML:1.0
---
videoName: "LHShake06.mp4"
gestureLabel: 2
fps: 29
pixelSizeInCmTemp: 3.3732394366197183e-01
faceCenterPointX: 250
faceCenterPointY: 80
LHandPositionsX: [ 383, 386, 387, 386, 384, 380, 376, 370, 371, 368, 373,
    384, 388, 391, 396, 397, 395, 388, 376, 376, 378, 377, 385, 387, 390,
    391, 393, 389, 385, 380, 377, 378, 386, 388, 388, 390, 387, 383, 380,
    380, 383, 383, 384, 389, 390, 390, 390, 384, 380, 377, 379, 384, 385,
    392, 396, 399, 397, 394, 394, 389, 381, 368, 360, 358, 353, 345, 338,
    328, 318, 313, 309, 305, 305, 306, 305, 301, 300, 303, 299, 299, 300,
    298, 302, 298, 300, 300, 302, 299 ]
LHandPositionsY: [ 150, 146, 142, 141, 137, 139, 137, 135, 136, 134, 134,
    127, 127, 129, 127, 127, 132, 132, 132, 136, 134, 132, 132, 132, 129,
    125, 129, 127, 129, 129, 130, 127, 129, 127, 126, 127, 128, 129, 126,
    129, 126, 128, 124, 124, 122, 123, 124, 124, 126, 129, 128, 124, 124,
    124, 123, 124, 120, 124, 126, 125, 131, 138, 148, 150, 163, 173, 192,
    209, 215, 226, 228, 234, 238, 243, 243, 246, 252, 251, 252, 251, 255,
    253, 253, 252, 256, 255, 255, 256 ]
RHandPositionsX: [ 212, 214, 212, 209, 212, 209, 211, 209, 210, 210, 211,
    211, 212, 212, 213, 211, 210, 212, 212, 210, 211, 212, 211, 212, 213,
    211, 212, 211, 212, 212, 212, 208, 212, 212, 210, 211, 212, 210, 209,
    212, 210, 212, 211, 208, 211, 211, 211, 209, 209, 210, 208, 211, 209,
    210, 209, 211, 208, 211, 207, 211, 209, 209, 208, 207, 209, 211, 208,
    209, 208, 207, 209, 212, 209, 209, 212, 209, 210, 210, 210, 208, 211,
    212, 208, 210, 209, 209, 211, 209 ]
RHandPositionsY: [ 269, 269, 271, 271, 268, 270, 268, 271, 269, 269, 268,
    270, 270, 270, 269, 268, 266, 267, 270, 268, 266, 265, 268, 269, 267,
    267, 265, 265, 269, 269, 269, 269, 267, 267, 265, 267, 267, 266, 269,
    269, 268, 268, 265, 268, 265, 268, 269, 265, 266, 266, 268, 265, 265,
    265, 267, 270, 268, 267, 265, 269, 268, 269, 266, 269, 267, 267, 267,
    267, 269, 266, 265, 265, 268, 266, 268, 265, 268, 265, 269, 265, 265,
    267, 266, 265, 269, 268, 268, 266 ]
