%YAML:1.0
---
videoName: "LHShake07.mp4"
gestureLabel: 2
fps: 29
pixelSizeInCmTemp: 3.3732394366197183e-01
faceCenterPointX: 265
faceCenterPointY: 78
LHandPositionsX: [ 347, 350, 354, 357, 365, 368, 376, 386, 388, 394, 396,
    392, 384, 374, 356, 348, 342, 345, 339, 342, 347, 363, 368, 368, 367,
    362, 359, 345, 340, 345, 344, 347, 356, 358, 368, 371, 368, 364, 359,
    352, 343, 349, 345, 349, 359, 360, 363, 361, 366, 361, 341, 328, 334,
    332, 342, 353, 365, 374, 372, 381, 373, 365, 356, 350, 341, 339, 334,
    337, 334, 340, 341, 340, 343, 340, 342, 342, 341, 342, 344, 343, 342,
    343, 344, 341, 341, 343, 340, 343 ]
LHandPositionsY: [ 278, 276, 272, 266, 256, 250, 233, 218, 201, 188, 177,
    163, 150, 137, 139, 140, 148, 146, 144, 144, 141, 135, 135, 136, 135,
    138, 133, 139, 147, 142, 138, 130, 130, 135, 124, 122, 128, 131, 132,
    133, 145, 144, 147, 141, 139, 139, 141, 139, 131, 128, 134, 151, 146,
    136, 131, 132, 130, 132, 130, 130, 132, 139, 147, 155, 170, 180, 194,
    205, 217, 233, 240, 253, 251, 254, 255, 259, 261, 266, 263, 263, 264,
    264, 267, 265, 268, 268, 270, 270 ]
RHandPositionsX: [ 181, 182, 182, 181, 182, 181, 184, 183, 185, 183, 181,
    183, 183, 183, 185, 182, 185, 185, 184, 183, 185, 185, 184, 182, 183,
    185, 181, 185, 182, 181, 181, 183, 182, 183, 183, 181, 185, 182, 183,
    183, 182, 182, 185, 185, 182, 181, 185, 181, 184, 181, 184, 182, 183,
    183, 185, 183, 184, 184, 182, 185, 184, 182, 184, 181, 184, 181, 184,
    183, 181, 184, 182, 185, 182, 182, 182, 181, 183, 182, 185, 182, 182,
    183, 184, 185, 182, 184, 181, 185 ]
RHandPositionsY: [ 276, 278, 279, 278, 278, 277, 277, 276, 279, 276, 280,
    278, 279, 277, 280, 278, 277, 278, 279, 279, 279, 276, 277, 280, 278,
    277, 278, 277, 276, 280, 276, 280, 279, 279, 279, 278, 280, 279, 277,
    276, 277, 280, 279, 280, 276, 280, 277, 279, 277, 278, 276, 279, 279,
    278, 279, 277, 280, 280, 276, 277, 280, 277, 278, 280, 277, 277, 276,
    279, 279, 277, 279, 279, 280, 277, 277, 277, 276, 276, 276, 279, 277,
    280, 279, 277, 280, 276, 278, 276 ]
