%YAML:1.0
---
videoName: "LHShake01.mp4"
gestureLabel: 2
fps: 29
pixelSizeInCmTemp: 3.4214285714285714e-01
faceCenterPointX: 252
faceCenterPointY: 84
LHandPositionsX: [ 364, 365, 363, 363, 360, 357, 346, 339, 336, 332, 330,
    333, 337, 344, 347, 352, 355, 354, 351, 349, 346, 343, 338, 337, 339,
    338, 344, 347, 352, 348, 349, 349, 343, 339, 337, 336, 330, 334, 335,
    342, 342, 347, 346, 350, 347, 345, 342, 341, 336, 336, 331, 334, 334,
    341, 347, 353, 350, 349, 350, 347, 343, 340, 337, 329, 327, 327, 332,
    332, 331, 326, 330, 333, 338, 338, 339, 341, 346, 345, 349, 349, 349,
    348, 348, 352, 349, 352, 348, 350 ]
LHandPositionsY: [ 147, 138, 134, 125, 126, 120, 120, 119, 122, 121, 120,
    123, 121, 116, 115, 112, 111, 109, 107, 109, 112, 114, 114, 114, 111,
    114, 109, 110, 107, 105, 107, 106, 105, 107, 109, 115, 114, 114, 110,
    111, 108, 105, 104, 103, 106, 109, 106, 106, 110, 110, 112, 109, 109,
    107, 102, 103, 105, 102, 104, 101, 106, 102, 108, 122, 132, 142, 150,
    162, 164, 165, 174, 183, 192, 197, 209, 214, 220, 220, 222, 224, 226,
    226, 230, 230, 232, 231, 231, 230 ]
RHandPositionsX: [ 157, 155, 153, 154, 154, 154, 153, 156, 155, 155, 157,
    154, 157, 154, 157, 154, 157, 157, 156, 156, 156, 153, 156, 156, 154,
    153, 153, 153, 157, 155, 156, 154, 154, 156, 156, 154, 153, 155, 156,
    154, 153, 155, 155, 153, 154, 155, 157, 155, 154, 156, 155, 155, 155,
    153, 153, 154, 154, 156, 155, 154, 157, 153, 155, 157, 155, 155, 157,
    156, 156, 156, 154, 157, 156, 153, 156, 156, 157, 153, 154, 155, 157,
    155, 154, 154, 156, 157, 155, 156 ]
RHandPositionsY: [ 267, 269, 267, 267, 270, 266, 270, 268, 268, 266, 267,
    269, 268, 264, 265, 268, 264, 264, 264, 266, 266, 266, 262, 266, 264,
    264, 265, 262, 261, 262, 263, 263, 265, 261, 262, 260, 261, 262, 262,
    262, 263, 264, 260, 263, 259, 261, 261, 263, 261, 260, 262, 262, 259,
    260, 262, 262, 263, 262, 259, 262, 259, 263, 262, 262, 262, 262, 262,
    261, 260, 261, 263, 259, 260, 261, 261, 263, 261, 262, 260, 259, 260,
    259, 259, 259, 263, 263, 260, 261 ]
