%YAML:1.0
---
videoName: "LHShake19.mp4"
gestureLabel: 2
fps: 29
pixelSizeInCmTemp: 3.3732394366197183e-01
faceCenterPointX: 250
faceCenterPointY: 62
LHandPositionsX: [ 307, 305, 306, 309, 308, 307, 309, 308, 307, 307, 308,
    307, 307, 308, 308, 310, 313, 317, 323, 326, 324, 320, 313, 290, 288,
    287, 289, 298, 304, 314, 312, 315, 306, 296, 286, 290, 293, 301, 312,
    315, 318, 314, 303, 294, 291, 293, 301, 308, 314, 315, 312, 307, 294,
    292, 297, 302, 309, 315, 315, 318, 315, 311, 305, 301, 295, 291, 292,
    291, 295, 301, 302, 303, 305, 302, 304, 308, 306, 311, 310, 308, 307,
    307, 308, 308, 308, 308, 308, 310 ]
LHandPositionsY: [ 252, 250, 250, 249, 250, 250, 249, 248, 251, 250, 251,
    250, 248, 250, 244, 238, 226, 213, 205, 190, 179, 168, 165, 161, 157,
    156, 158, 157, 157, 152, 153, 153, 153, 155, 152, 148, 156, 154, 154,
    152, 153, 152, 154, 147, 148, 154, 155, 152, 155, 154, 155, 157, 146,
    145, 155, 155, 153, 151, 151, 152, 154, 152, 157, 165, 169, 172, 179,
    187, 196, 207, 214, 217, 217, 219, 226, 227, 229, 235, 235, 235, 236,
    235, 237, 240, 241, 241, 238, 237 ]
RHandPositionsX: [ 198, 195, 197, 196, 198, 199, 199, 198, 199, 199, 199,
    196, 198, 196, 197, 199, 197, 197, 199, 199, 197, 195, 197, 196, 197,
    197, 198, 196, 196, 196, 194, 197, 197, 196, 194, 196, 193, 194, 194,
    191, 192, 192, 195, 193, 191, 195, 195, 191, 194, 194, 194, 192, 192,
    195, 195, 195, 191, 191, 194, 192, 195, 191, 191, 193, 193, 194, 194,
    191, 193, 195, 191, 193, 193, 194, 193, 192, 194, 193, 193, 192, 192,
    194, 193, 192, 191, 194, 194, 193 ]
RHandPositionsY: [ 258, 257, 254, 256, 255, 255, 258, 256, 254, 254, 256,
    254, 254, 256, 256, 257, 258, 255, 257, 254, 254, 255, 257, 254, 258,
    256, 256, 255, 258, 256, 257, 255, 257, 258, 254, 256, 258, 255, 255,
    256, 258, 257, 256, 256, 256, 256, 255, 258, 257, 254, 257, 256, 258,
    258, 256, 258, 257, 254, 257, 254, 258, 256, 258, 254, 255, 254, 255,
    258, 257, 257, 255, 255, 255, 257, 254, 256, 257, 254, 257, 258, 257,
    256, 256, 254, 254, 257, 257, 257 ]
