%YAML:1.0
---
videoName: "LHShake18.mp4"
gestureLabel: 2
fps: 29
pixelSizeInCmTemp: 3.4214285714285714e-01
faceCenterPointX: 253
faceCenterPointY: 65
LHandPositionsX: [ 312, 311, 312, 315, 313, 313, 312, 315, 315, 312, 314,
    313, 311, 315, 311, 313, 313, 316, 321, 326, 329, 339, 344, 346, 349,
    346, 340, 325, 317, 300, 304, 304, 309, 313, 312, 314, 313, 308, 300,
    290, 294, 299, 305, 313, 313, 310, 304, 296, 287, 284, 286, 297, 305,
    314, 314, 312, 305, 293, 286, 289, 295, 301, 308, 306, 310, 308, 302,
    295, 295, 301, 306, 304, 309, 308, 313, 309, 304, 304, 304, 305, 304,
    304, 305, 307, 310, 309, 309, 310 ]
LHandPositionsY: [ 249, 246, 247, 248, 250, 248, 246, 250, 248, 247, 247,
    250, 247, 248, 246, 250, 247, 248, 245, 237, 216, 201, 189, 177, 167,
    158, 155, 145, 148, 138, 136, 143, 142, 140, 140, 141, 142, 146, 142,
    139, 136, 145, 146, 144, 147, 146, 150, 144, 143, 139, 141, 145, 147,
    147, 145, 150, 149, 142, 143, 142, 150, 152, 153, 153, 154, 153, 157,
    146, 149, 152, 153, 155, 155, 153, 162, 166, 175, 189, 195, 205, 214,
    216, 218, 233, 232, 234, 233, 235 ]
RHandPositionsX: [ 196, 197, 195, 194, 197, 195, 195, 198, 198, 199, 197,
    199, 195, 197, 197, 195, 196, 195, 199, 196, 196, 196, 197, 196, 199,
    199, 196, 197, 196, 195, 195, 198, 195, 198, 198, 196, 196, 200, 197,
    199, 197, 199, 198, 198, 197, 196, 197, 198, 196, 197, 199, 195, 200,
    196, 196, 197, 199, 200, 199, 198, 199, 197, 199, 197, 199, 194, 195,
    197, 195, 197, 194, 196, 197, 195, 196, 198, 194, 198, 198, 197, 198,
    196, 195, 196, 198, 195, 198, 194 ]
RHandPositionsY: [ 266, 262, 262, 262, 263, 266, 267, 265, 267, 267, 265,
    265, 266, 264, 267, 263, 263, 266, 267, 263, 265, 265, 263, 265, 266,
    265, 267, 262, 264, 263, 264, 263, 266, 263, 265, 263, 264, 264, 264,
    268, 265, 265, 264, 264, 264, 266, 264, 265, 264, 267, 264, 264, 268,
    266, 268, 265, 268, 266, 265, 267, 264, 266, 266, 268, 265, 267, 266,
    267, 265, 266, 266, 264, 268, 265, 264, 264, 264, 266, 265, 266, 266,
    268, 268, 264, 265, 267, 264, 265 ]
