%YAML:1.0
---
videoName: "LHShake10.mp4"
gestureLabel: 2
fps: 29
pixelSizeInCmTemp: 3.4214285714285714e-01
faceCenterPointX: 253
faceCenterPointY: 65
LHandPositionsX: [ 335, 336, 335, 335, 338, 340, 344, 348, 351, 356, 366,
    377, 385, 392, 393, 395, 393, 385, 373, 364, 355, 350, 353, 355, 361,
    370, 379, 392, 389, 393, 393, 385, 376, 366, 358, 356, 360, 363, 370,
    371, 373, 373, 374, 368, 366, 362, 352, 344, 344, 344, 347, 354, 360,
    370, 381, 379, 382, 372, 364, 354, 352, 349, 352, 350, 357, 366, 375,
    379, 377, 378, 376, 371, 368, 364, 355, 350, 345, 340, 340, 336, 337,
    335, 333, 333, 333, 333, 333, 335 ]
LHandPositionsY: [ 271, 271, 270, 270, 270, 271, 269, 261, 253, 239, 223,
    206, 195, 180, 167, 157, 140, 139, 135, 142, 143, 146, 145, 148, 148,
    149, 140, 142, 141, 139, 143, 145, 146, 151, 151, 151, 149, 145, 136,
    132, 134, 136, 132, 131, 131, 130, 139, 142, 141, 146, 144, 146, 137,
    140, 141, 139, 142, 145, 145, 150, 152, 154, 150, 149, 153, 149, 146,
    144, 145, 147, 149, 153, 157, 164, 174, 181, 194, 205, 221, 233, 243,
    253, 252, 256, 258, 257, 257, 259 ]
RHandPositionsX: [ 172, 174, 174, 173, 174, 174, 174, 174, 174, 172, 172,
    176, 173, 173, 176, 175, 174, 172, 172, 172, 172, 173, 173, 171, 175,
    174, 171, 172, 173, 171, 172, 172, 174, 173, 174, 172, 171, 173, 171,
    173, 171, 174, 173, 174, 175, 172, 173, 172, 175, 172, 174, 173, 173,
    174, 172, 173, 175, 173, 172, 172, 171, 171, 175, 175, 175, 174, 174,
    172, 175, 171, 171, 172, 173, 174, 171, 171, 174, 175, 173, 175, 172,
    175, 175, 173, 172, 171, 172, 171 ]
RHandPositionsY: [ 274, 277, 277, 278, 278, 277, 276, 277, 274, 276, 278,
    277, 275, 277, 275, 274, 278, 274, 278, 276, 277, 278, 278, 275, 277,
    275, 276, 278, 278, 276, 274, 275, 277, 276, 276, 275, 275, 277, 274,
    277, 277, 276, 274, 275, 277, 276, 274, 277, 277, 277, 277, 278, 278,
    277, 274, 276, 274, 278, 277, 277, 278, 275, 276, 275, 277, 274, 278,
    276, 278, 274, 276, 277, 275, 278, 277, 277, 276, 275, 274, 274, 276,
    274, 277, 278, 277, 274, 277, 278 ]
