%YAML:1.0
---
videoName: "LHShake17.mp4"
gestureLabel: 2
fps: 30
pixelSizeInCmTemp: 3.3732394366197183e-01
faceCenterPointX: 248
faceCenterPointY: 64
LHandPositionsX: [ 321, 324, 325, 322, 324, 322, 324, 327, 329, 333, 342,
    353, 364, 373, 389, 399, 407, 407, 400, 388, 376, 358, 353, 352, 350,
    358, 372, 378, 378, 383, 377, 364, 350, 344, 348, 350, 356, 365, 368,
    365, 366, 362, 356, 350, 349, 357, 366, 373, 374, 373, 375, 370, 362,
    350, 345, 346, 347, 353, 361, 366, 363, 369, 363, 356, 351, 343, 338,
    337, 334, 334, 333, 332, 333, 329, 332, 331, 329, 328, 327, 327, 327,
    324, 327, 326, 327, 324, 323, 323, 324, 327, 326 ]
LHandPositionsY: [ 247, 248, 250, 251, 247, 250, 246, 246, 246, 232, 218,
    202, 188, 172, 158, 142, 131, 119, 114, 111, 121, 128, 134, 133, 136,
    135, 122, 115, 119, 120, 116, 131, 134, 138, 138, 139, 124, 115, 119,
    121, 116, 113, 127, 133, 133, 133, 123, 118, 124, 123, 121, 120, 133,
    135, 140, 138, 140, 125, 121, 122, 125, 125, 120, 129, 136, 143, 150,
    161, 169, 180, 195, 206, 220, 222, 223, 229, 234, 234, 233, 233, 235,
    237, 237, 239, 236, 237, 239, 238, 235, 238, 237 ]
RHandPositionsX: [ 176, 179, 179, 177, 177, 176, 177, 179, 177, 177, 177,
    178, 177, 176, 179, 179, 179, 178, 180, 176, 177, 180, 180, 180, 176,
    178, 178, 177, 177, 179, 179, 175, 175, 176, 175, 179, 175, 178, 177,
    175, 176, 174, 175, 176, 176, 176, 176, 175, 175, 174, 178, 174, 177,
    177, 174, 174, 174, 177, 178, 175, 175, 177, 178, 174, 174, 176, 174,
    176, 177, 177, 176, 174, 175, 178, 175, 176, 174, 174, 177, 176, 177,
    178, 176, 174, 176, 174, 178, 174, 175, 175, 174 ]
RHandPositionsY: [ 260, 258, 257, 260, 260, 258, 256, 260, 258, 260, 256,
    257, 259, 257, 259, 257, 258, 260, 256, 256, 256, 257, 259, 256, 259,
    257, 256, 258, 257, 260, 260, 259, 260, 258, 257, 258, 259, 259, 256,
    258, 257, 258, 256, 259, 257, 258, 259, 258, 257, 256, 257, 258, 259,
    256, 259, 256, 259, 256, 260, 256, 256, 257, 256, 259, 256, 260, 259,
    257, 257, 256, 260, 260, 256, 259, 257, 258, 258, 258, 260, 256, 257,
    258, 259, 256, 257, 258, 259, 260, 257, 258, 256 ]
