%YAML:1.0
---
videoName: "LHShake14.mp4"
gestureLabel: 2
fps: 29
pixelSizeInCmTemp: 3.2808219178082193e-01
faceCenterPointX: 256
faceCenterPointY: 64
LHandPositionsX: [ 352, 352, 348, 359, 367, 379, 389, 390, 389, 380, 370,
    360, 358, 355, 360, 370, 380, 382, 381, 380, 373, 362, 352, 357, 354,
    361, 366, 378, 389, 387, 382, 379, 368, 358, 356, 357, 359, 369, 383,
    382, 383, 376, 372, 360, 362, 360, 359, 364, 374, 380, 379, 380, 372,
    367, 359, 348, 343, 337, 334, 329, 329, 328, 327, 329, 331, 330, 328,
    328, 329, 328, 329, 331, 330, 329, 328, 330, 330, 331, 331, 328, 328,
    331, 329, 327, 329, 327, 330, 331 ]
LHandPositionsY: [ 149, 146, 148, 146, 140, 140, 141, 143, 140, 143, 145,
    149, 149, 146, 146, 144, 139, 141, 139, 138, 141, 141, 146, 147, 148,
    149, 148, 145, 143, 143, 140, 140, 147, 145, 148, 148, 148, 147, 145,
    144, 143, 142, 142, 142, 141, 141, 139, 138, 140, 140, 145, 147, 147,
    153, 159, 167, 175, 186, 198, 208, 220, 234, 236, 236, 244, 244, 251,
    250, 251, 251, 251, 249, 249, 252, 252, 251, 248, 248, 250, 248, 248,
    250, 252, 249, 251, 249, 248, 249 ]
RHandPositionsX: [ 183, 181, 182, 180, 183, 179, 179, 183, 181, 181, 179,
    178, 180, 179, 180, 178, 179, 179, 176, 177, 175, 175, 179, 179, 179,
    177, 175, 177, 178, 176, 177, 175, 179, 176, 178, 179, 176, 175, 180,
    177, 175, 175, 175, 176, 179, 176, 179, 176, 177, 178, 177, 178, 176,
    176, 179, 176, 175, 179, 177, 176, 175, 178, 176, 179, 176, 176, 176,
    179, 177, 177, 178, 177, 175, 178, 176, 176, 179, 178, 179, 175, 178,
    179, 179, 175, 176, 178, 176, 179 ]
RHandPositionsY: [ 277, 279, 279, 275, 277, 279, 277, 278, 278, 277, 274,
    276, 278, 276, 275, 275, 274, 274, 277, 274, 277, 273, 276, 274, 277,
    277, 277, 274, 275, 277, 276, 273, 277, 277, 276, 275, 276, 276, 277,
    278, 274, 276, 276, 276, 275, 275, 274, 275, 277, 276, 276, 277, 275,
    274, 275, 275, 273, 277, 273, 273, 273, 277, 277, 277, 274, 277, 275,
    277, 276, 277, 273, 273, 275, 275, 275, 277, 277, 274, 275, 277, 277,
    276, 273, 274, 274, 275, 274, 275 ]
