%YAML:1.0
---
videoName: "LHShake14.mp4"
gestureLabel: 2
fps: 29
pixelSizeInCmTemp: 3.2808219178082193e-01
faceCenterPointX: 256
faceCenterPointY: 64
LHandPositionsX: [ 348, 352, 350, 355, 370, 382, 388, 391, 386, 378, 370,
    360, 361, 358, 362, 371, 382, 382, 383, 382, 375, 364, 355, 355, 354,
    360, 370, 378, 388, 387, 383, 378, 369, 360, 359, 354, 360, 368, 379,
    381, 384, 376, 368, 360, 361, 358, 359, 362, 374, 380, 377, 380, 372,
    364, 358, 350, 340, 339, 331, 329, 326, 330, 327, 331, 331, 329, 331,
    331, 330, 332, 330, 332, 332, 330, 330, 331, 327, 329, 329, 330, 327,
    331, 328, 331, 327, 327, 330, 331 ]
LHandPositionsY: [ 146, 145, 146, 147, 142, 141, 143, 139, 141, 142, 146,
    147, 149, 150, 148, 146, 138, 141, 140, 141, 140, 145, 144, 149, 149,
    145, 144, 145, 140, 143, 142, 141, 144, 144, 146, 148, 145, 147, 144,
    142, 143, 142, 144, 140, 141, 140, 139, 142, 139, 144, 145, 145, 147,
    152, 161, 167, 179, 189, 201, 212, 223, 235, 235, 239, 241, 245, 248,
    250, 251, 248, 250, 250, 248, 249, 252, 251, 249, 250, 252, 252, 250,
    251, 249, 249, 250, 248, 252, 250 ]
RHandPositionsX: [ 182, 185, 184, 182, 182, 179, 180, 182, 183, 179, 182,
    181, 179, 181, 178, 179, 177, 180, 179, 177, 177, 177, 176, 178, 175,
    176, 175, 176, 178, 179, 179, 176, 179, 178, 175, 175, 176, 178, 176,
    176, 176, 176, 177, 175, 178, 176, 178, 175, 177, 179, 175, 175, 177,
    177, 178, 179, 177, 176, 177, 176, 178, 177, 178, 178, 176, 179, 175,
    179, 175, 175, 178, 175, 176, 178, 178, 176, 178, 175, 178, 177, 179,
    179, 175, 175, 177, 178, 176, 175 ]
RHandPositionsY: [ 279, 279, 276, 275, 275, 277, 279, 276, 276, 279, 274,
    274, 275, 274, 276, 275, 276, 273, 273, 276, 274, 274, 276, 273, 277,
    275, 274, 277, 274, 276, 273, 277, 274, 276, 273, 277, 275, 275, 277,
    275, 273, 274, 275, 273, 276, 274, 274, 274, 276, 273, 274, 277, 273,
    277, 276, 275, 274, 277, 277, 276, 276, 273, 276, 275, 277, 273, 277,
    274, 275, 277, 275, 274, 275, 273, 276, 275, 277, 277, 274, 273, 277,
    274, 276, 276, 274, 275, 273, 274 ]
