%YAML:1.0
---
videoName: "LHShake22.mp4"
gestureLabel: 2
fps: 29
pixelSizeInCmTemp: 3.5220588235294115e-01
faceCenterPointX: 261
faceCenterPointY: 79
LHandPositionsX: [ 335, 344, 351, 354, 353, 359, 359, 352, 345, 337, 327,
    322, 321, 320, 320, 322, 328, 340, 345, 345, 345, 344, 336, 332, 324,
    323, 322, 327, 331, 339, 344, 343, 344, 338, 332, 321, 316, 316, 317,
    322, 330, 335, 337, 337, 333, 330, 324, 318, 322, 321, 323, 329, 337,
    345, 345, 341, 343, 336, 326, 318, 316, 318, 319, 322, 331, 339, 334,
    335, 336, 331, 330, 322, 322, 317, 319, 325, 323, 323, 327, 325, 323,
    325, 327, 325, 325, 325, 324, 326 ]
LHandPositionsY: [ 259, 256, 248, 239, 233, 219, 209, 205, 193, 188, 184,
    184, 186, 183, 184, 180, 179, 174, 172, 171, 174, 171, 175, 178, 179,
    180, 180, 177, 178, 174, 171, 171, 171, 170, 175, 180, 184, 180, 181,
    181, 179, 176, 176, 177, 174, 174, 179, 180, 181, 183, 179, 179, 179,
    176, 178, 174, 175, 177, 178, 184, 181, 184, 181, 182, 178, 177, 176,
    179, 183, 190, 196, 201, 209, 222, 231, 241, 241, 245, 246, 249, 246,
    248, 248, 251, 247, 251, 247, 250 ]
RHandPositionsX: [ 189, 191, 189, 190, 190, 191, 193, 191, 192, 190, 191,
    190, 193, 189, 189, 192, 192, 192, 193, 192, 189, 190, 192, 193, 191,
    193, 192, 192, 189, 192, 193, 191, 191, 189, 190, 190, 191, 193, 191,
    191, 191, 189, 189, 192, 192, 189, 192, 190, 192, 192, 193, 192, 191,
    192, 192, 189, 190, 190, 193, 190, 193, 190, 189, 189, 193, 191, 191,
    191, 189, 193, 192, 191, 190, 192, 193, 190, 190, 190, 192, 192, 189,
    189, 189, 189, 192, 191, 193, 191 ]
RHandPositionsY: [ 266, 270, 267, 268, 269, 270, 268, 267, 266, 266, 270,
    268, 270, 270, 270, 267, 267, 266, 266, 267, 268, 267, 266, 269, 267,
    267, 267, 266, 269, 268, 269, 267, 268, 269, 270, 266, 270, 266, 266,
    270, 267, 266, 269, 269, 269, 269, 270, 267, 270, 268, 269, 268, 269,
    266, 267, 269, 270, 270, 270, 266, 266, 269, 267, 270, 267, 270, 269,
    270, 266, 268, 270, 267, 267, 270, 268, 268, 270, 268, 269, 270, 270,
    270, 269, 267, 267, 268, 269, 266 ]
