%YAML:1.0
---
videoName: "LHShake07.mp4"
gestureLabel: 2
fps: 29
pixelSizeInCmTemp: 3.3732394366197183e-01
faceCenterPointX: 265
faceCenterPointY: 78
LHandPositionsX: [ 348, 347, 350, 358, 363, 371, 375, 385, 390, 394, 394,
    395, 382, 377, 354, 347, 342, 343, 341, 339, 349, 365, 366, 365, 364,
    366, 361, 341, 340, 343, 344, 348, 355, 358, 369, 371, 365, 363, 362,
    352, 346, 347, 345, 350, 358, 362, 363, 359, 365, 359, 338, 330, 332,
    332, 340, 355, 365, 374, 373, 380, 371, 365, 358, 347, 342, 336, 337,
    335, 335, 336, 338, 341, 343, 341, 342, 343, 342, 341, 341, 341, 344,
    342, 341, 344, 342, 341, 342, 341 ]
LHandPositionsY: [ 277, 275, 273, 268, 259, 246, 236, 217, 205, 189, 177,
    161, 151, 139, 139, 140, 148, 148, 146, 144, 142, 136, 137, 137, 139,
    135, 137, 140, 146, 143, 140, 132, 131, 133, 128, 123, 130, 129, 132,
    133, 142, 145, 145, 141, 139, 137, 140, 137, 129, 128, 136, 152, 146,
    139, 130, 134, 132, 134, 131, 130, 132, 135, 146, 154, 169, 179, 191,
    205, 220, 230, 241, 249, 251, 253, 257, 262, 260, 263, 265, 267, 264,
    268, 265, 269, 269, 270, 270, 267 ]
RHandPositionsX: [ 181, 181, 181, 185, 183, 183, 184, 185, 182, 181, 182,
    185, 181, 182, 183, 183, 183, 183, 183, 184, 184, 184, 185, 184, 181,
    181, 181, 183, 185, 185, 185, 184, 185, 183, 183, 184, 183, 184, 185,
    185, 184, 183, 183, 185, 182, 181, 181, 183, 182, 183, 182, 185, 181,
    181, 184, 184, 184, 183, 185, 185, 184, 184, 181, 183, 183, 183, 181,
    185, 182, 182, 184, 182, 181, 183, 181, 184, 181, 184, 183, 185, 183,
    184, 184, 183, 183, 181, 184, 182 ]
RHandPositionsY: [ 278, 279, 279, 278, 279, 279, 276, 278, 277, 277, 280,
    279, 279, 280, 280, 277, 277, 278, 279, 278, 279, 277, 280, 277, 278,
    278, 280, 279, 276, 277, 276, 278, 279, 277, 277, 280, 279, 276, 279,
    277, 279, 276, 280, 277, 279, 276, 279, 280, 276, 278, 280, 278, 279,
    276, 279, 278, 280, 279, 277, 280, 278, 279, 276, 278, 278, 280, 277,
    277, 280, 278, 278, 279, 279, 279, 277, 279, 278, 278, 276, 278, 278,
    278, 276, 280, 280, 278, 279, 280 ]
