%YAML:1.0
---
videoName: "LHShake08.mp4"
gestureLabel: 2
fps: 29
pixelSizeInCmTemp: 3.4710144927536229e-01
faceCenterPointX: 261
faceCenterPointY: 69
LHandPositionsX: [ 342, 339, 345, 343, 352, 346, 354, 362, 369, 370, 372,
    374, 376, 368, 359, 349, 339, 340, 341, 343, 347, 357, 370, 367, 364,
    360, 358, 351, 345, 339, 342, 339, 341, 351, 360, 364, 367, 365, 369,
    364, 354, 346, 339, 338, 335, 335, 343, 347, 357, 360, 359, 357, 358,
    349, 344, 341, 342, 340, 343, 348, 357, 365, 373, 371, 368, 371, 365,
    358, 350, 347, 338, 335, 330, 330, 330, 331, 335, 336, 336, 338, 337,
    337, 335, 338, 338, 339, 339, 335 ]
LHandPositionsY: [ 267, 266, 262, 254, 249, 235, 220, 200, 185, 175, 163,
    153, 143, 145, 146, 148, 148, 152, 152, 152, 149, 145, 141, 138, 140,
    139, 142, 145, 149, 152, 151, 151, 153, 151, 149, 147, 147, 148, 148,
    149, 154, 155, 158, 159, 162, 164, 158, 159, 156, 155, 155, 156, 153,
    156, 158, 159, 161, 163, 162, 157, 153, 148, 147, 145, 144, 146, 147,
    153, 159, 165, 177, 184, 195, 209, 223, 235, 243, 244, 250, 250, 253,
    252, 254, 256, 258, 255, 254, 254 ]
RHandPositionsX: [ 176, 174, 176, 175, 175, 175, 176, 174, 175, 176, 172,
    175, 174, 172, 175, 176, 174, 175, 176, 173, 175, 175, 175, 174, 173,
    172, 172, 172, 174, 173, 172, 175, 174, 173, 173, 175, 173, 175, 174,
    176, 178, 174, 176, 177, 174, 177, 178, 177, 178, 175, 174, 175, 178,
    174, 176, 175, 178, 178, 178, 177, 178, 177, 175, 178, 177, 174, 174,
    178, 178, 174, 174, 175, 176, 174, 174, 177, 176, 177, 176, 176, 174,
    178, 175, 174, 174, 175, 176, 178 ]
RHandPositionsY: [ 273, 274, 276, 275, 275, 276, 276, 275, 274, 275, 276,
    276, 276, 276, 273, 273, 273, 273, 274, 273, 276, 277, 277, 275, 273,
    274, 276, 273, 274, 273, 277, 273, 276, 275, 274, 273, 273, 274, 276,
    276, 273, 273, 276, 276, 274, 277, 273, 277, 276, 273, 275, 274, 277,
    274, 277, 275, 275, 273, 275, 276, 274, 273, 277, 276, 275, 273, 273,
    275, 275, 276, 274, 277, 273, 274, 277, 273, 273, 274, 277, 275, 274,
    274, 276, 273, 276, 276, 277, 274 ]
