%YAML:1.0
---
videoName: "LHShake10.mp4"
gestureLabel: 2
fps: 29
pixelSizeInCmTemp: 3.4214285714285714e-01
faceCenterPointX: 253
faceCenterPointY: 65
LHandPositionsX: [ 335, 336, 336, 337, 335, 337, 341, 349, 354, 359, 367,
    374, 385, 392, 394, 396, 394, 383, 373, 365, 354, 350, 352, 355, 358,
    369, 379, 390, 393, 390, 391, 387, 377, 366, 355, 358, 359, 366, 367,
    374, 375, 374, 374, 368, 368, 363, 353, 344, 346, 347, 345, 356, 362,
    373, 380, 378, 381, 374, 366, 356, 348, 352, 350, 351, 357, 365, 375,
    379, 378, 378, 376, 375, 365, 360, 354, 351, 342, 344, 337, 334, 334,
    336, 333, 334, 337, 333, 337, 334 ]
LHandPositionsY: [ 268, 269, 271, 271, 270, 268, 266, 262, 251, 238, 226,
    206, 191, 177, 165, 155, 143, 139, 135, 142, 146, 147, 147, 150, 150,
    149, 139, 140, 139, 140, 143, 145, 147, 149, 148, 148, 149, 146, 136,
    131, 133, 134, 131, 131, 130, 130, 136, 145, 142, 143, 146, 144, 141,
    142, 141, 142, 141, 145, 144, 149, 153, 150, 154, 153, 153, 150, 148,
    146, 146, 146, 151, 151, 158, 165, 174, 185, 194, 208, 222, 232, 242,
    253, 253, 257, 254, 259, 258, 259 ]
RHandPositionsX: [ 173, 173, 175, 175, 175, 172, 174, 176, 173, 172, 172,
    174, 172, 176, 173, 176, 173, 175, 172, 173, 172, 174, 175, 175, 174,
    173, 175, 175, 174, 175, 173, 174, 173, 171, 171, 174, 174, 172, 173,
    172, 171, 175, 174, 174, 174, 172, 175, 174, 174, 171, 175, 171, 174,
    172, 173, 175, 172, 171, 171, 171, 173, 175, 173, 174, 171, 173, 174,
    174, 171, 172, 172, 172, 174, 175, 173, 173, 175, 174, 172, 174, 174,
    175, 175, 173, 175, 174, 174, 171 ]
RHandPositionsY: [ 275, 275, 277, 276, 274, 277, 275, 278, 276, 275, 274,
    274, 277, 278, 277, 276, 276, 275, 278, 277, 274, 278, 277, 276, 278,
    276, 275, 274, 277, 274, 275, 275, 278, 275, 278, 277, 276, 276, 278,
    275, 275, 278, 274, 274, 277, 274, 277, 275, 276, 276, 276, 274, 275,
    277, 276, 277, 276, 275, 274, 278, 275, 277, 275, 275, 275, 276, 277,
    278, 277, 277, 278, 278, 278, 277, 277, 278, 277, 277, 274, 275, 274,
    278, 277, 274, 276, 274, 278, 277 ]
