%YAML:1.0
---
videoName: "LHShake12.mp4"
gestureLabel: 2
fps: 29
pixelSizeInCmTemp: 3.3263888888888887e-01
faceCenterPointX: 259
faceCenterPointY: 64
LHandPositionsX: [ 369, 355, 346, 347, 346, 346, 355, 362, 373, 381, 383,
    380, 376, 366, 351, 344, 348, 347, 346, 355, 364, 375, 377, 374, 377,
    373, 362, 349, 340, 342, 338, 344, 349, 359, 368, 368, 371, 375, 366,
    357, 349, 340, 345, 343, 345, 355, 361, 372, 367, 369, 366, 357, 346,
    339, 339, 340, 340, 350, 359, 365, 369, 369, 368, 362, 354, 344, 335,
    329, 325, 316, 315, 317, 317, 323, 328, 331, 331, 335, 332, 334, 336,
    337, 335, 335, 337, 333, 336, 337 ]
LHandPositionsY: [ 168, 162, 162, 162, 164, 159, 157, 154, 149, 152, 151,
    151, 149, 153, 154, 156, 156, 158, 157, 152, 152, 146, 149, 148, 146,
    145, 147, 150, 155, 156, 157, 151, 152, 147, 148, 148, 149, 144, 144,
    150, 153, 157, 153, 155, 153, 154, 153, 151, 150, 148, 150, 154, 151,
    157, 159, 157, 156, 152, 148, 147, 145, 143, 142, 146, 147, 154, 162,
    167, 178, 187, 199, 209, 226, 237, 243, 244, 246, 252, 254, 257, 256,
    257, 256, 259, 258, 255, 259, 259 ]
RHandPositionsX: [ 177, 177, 178, 176, 177, 177, 174, 177, 175, 175, 176,
    174, 176, 178, 175, 174, 178, 175, 177, 176, 175, 178, 177, 178, 174,
    178, 176, 178, 178, 174, 175, 175, 177, 176, 176, 176, 176, 178, 176,
    176, 178, 174, 178, 178, 175, 177, 178, 175, 174, 177, 178, 174, 174,
    174, 176, 174, 176, 178, 177, 174, 178, 175, 174, 177, 178, 178, 175,
    174, 177, 175, 175, 178, 174, 176, 178, 175, 174, 175, 178, 175, 177,
    175, 175, 177, 177, 175, 177, 175 ]
RHandPositionsY: [ 275, 272, 275, 274, 273, 272, 272, 275, 274, 273, 275,
    274, 274, 273, 273, 272, 271, 271, 273, 271, 274, 272, 272, 275, 272,
    273, 275, 273, 272, 274, 272, 275, 273, 273, 274, 272, 273, 274, 273,
    273, 272, 272, 273, 275, 274, 275, 273, 271, 275, 275, 274, 275, 274,
    274, 273, 272, 274, 272, 273, 271, 272, 271, 273, 274, 272, 272, 275,
    275, 271, 275, 274, 273, 275, 271, 271, 273, 273, 272, 271, 272, 272,
    275, 275, 271, 274, 272, 272, 271 ]
