%YAML:1.0
---
videoName: "LHShake14.mp4"
gestureLabel: 2
fps: 29
pixelSizeInCmTemp: 3.2808219178082193e-01
faceCenterPointX: 256
faceCenterPointY: 64
LHandPositionsX: [ 351, 353, 349, 355, 369, 381, 392, 391, 386, 381, 369,
    361, 361, 358, 361, 372, 384, 381, 384, 379, 372, 363, 353, 356, 353,
    361, 367, 382, 390, 387, 382, 378, 366, 357, 359, 358, 360, 370, 380,
    382, 382, 377, 369, 362, 358, 358, 360, 362, 374, 378, 375, 380, 371,
    365, 355, 347, 341, 339, 332, 330, 327, 332, 331, 329, 329, 333, 328,
    332, 330, 329, 330, 332, 330, 328, 330, 328, 331, 331, 330, 330, 328,
    329, 331, 328, 328, 327, 331, 327 ]
LHandPositionsY: [ 148, 147, 146, 147, 141, 137, 141, 142, 143, 143, 146,
    148, 147, 148, 148, 143, 140, 140, 141, 141, 140, 142, 146, 146, 148,
    146, 148, 144, 141, 143, 141, 142, 146, 145, 147, 148, 147, 143, 145,
    145, 141, 139, 143, 144, 142, 140, 141, 138, 137, 144, 143, 147, 151,
    152, 160, 167, 177, 190, 199, 211, 220, 231, 237, 236, 240, 244, 247,
    249, 248, 248, 250, 252, 248, 249, 252, 251, 252, 249, 248, 251, 251,
    250, 250, 250, 251, 252, 252, 249 ]
RHandPositionsX: [ 183, 181, 181, 181, 179, 182, 179, 181, 180, 183, 178,
    182, 178, 178, 182, 180, 178, 177, 179, 179, 177, 176, 177, 179, 179,
    176, 179, 177, 177, 175, 175, 175, 177, 178, 179, 177, 176, 178, 179,
    180, 178, 176, 179, 176, 179, 176, 177, 176, 177, 176, 176, 178, 177,
    176, 176, 177, 178, 176, 179, 178, 178, 177, 179, 175, 177, 175, 178,
    175, 177, 176, 175, 178, 176, 176, 178, 179, 177, 175, 176, 175, 179,
    177, 177, 177, 175, 177, 178, 178 ]
RHandPositionsY: [ 279, 278, 275, 279, 279, 279, 276, 275, 275, 275, 276,
    278, 275, 278, 277, 274, 277, 277, 276, 273, 276, 277, 273, 277, 277,
    274, 273, 276, 273, 275, 277, 274, 277, 277, 274, 277, 274, 273, 274,
    277, 277, 276, 273, 273, 277, 277, 276, 273, 274, 275, 275, 276, 275,
    275, 273, 275, 274, 276, 274, 277, 277, 273, 276, 277, 275, 275, 277,
    273, 275, 275, 274, 275, 277, 277, 277, 276, 273, 273, 273, 273, 273,
    277, 273, 273, 274, 277, 273, 273 ]
