%YAML:1.0
---
videoName: "LHShake09.mp4"
gestureLabel: 2
fps: 29
pixelSizeInCmTemp: 3.3263888888888887e-01
faceCenterPointX: 259
faceCenterPointY: 67
LHandPositionsX: [ 338, 337, 339, 340, 342, 347, 350, 353, 349, 356, 360,
    366, 369, 368, 367, 366, 362, 352, 343, 331, 330, 334, 330, 329, 339,
    345, 349, 348, 346, 347, 350, 351, 341, 339, 335, 335, 338, 343, 351,
    363, 367, 362, 367, 362, 357, 345, 337, 339, 338, 337, 337, 348, 351,
    352, 353, 353, 355, 350, 342, 336, 334, 335, 332, 338, 343, 347, 353,
    354, 354, 351, 347, 342, 336, 332, 324, 321, 318, 321, 323, 327, 327,
    326, 331, 334, 331, 335, 332, 333 ]
LHandPositionsY: [ 274, 275, 273, 275, 275, 270, 264, 255, 248, 237, 232,
    215, 199, 199, 185, 174, 168, 164, 159, 156, 156, 158, 158, 154, 153,
    150, 149, 146, 149, 148, 150, 152, 153, 154, 156, 154, 155, 154, 153,
    155, 153, 151, 155, 153, 157, 156, 158, 157, 157, 154, 153, 156, 151,
    150, 154, 151, 151, 149, 153, 154, 155, 152, 153, 152, 155, 152, 150,
    148, 150, 150, 153, 154, 161, 169, 181, 195, 205, 218, 233, 244, 245,
    246, 249, 255, 259, 259, 260, 260 ]
RHandPositionsX: [ 178, 180, 176, 178, 176, 177, 177, 178, 180, 177, 176,
    178, 180, 178, 179, 178, 177, 178, 177, 179, 178, 179, 178, 179, 180,
    176, 179, 179, 179, 180, 180, 179, 178, 177, 177, 176, 180, 179, 180,
    177, 177, 179, 176, 176, 178, 177, 177, 178, 177, 178, 178, 178, 179,
    177, 180, 177, 177, 180, 177, 176, 176, 177, 177, 177, 177, 176, 180,
    178, 179, 176, 177, 177, 178, 179, 177, 178, 179, 177, 180, 178, 176,
    176, 176, 179, 180, 177, 177, 180 ]
RHandPositionsY: [ 277, 275, 277, 277, 277, 278, 279, 278, 276, 275, 277,
    278, 275, 276, 277, 276, 277, 279, 277, 276, 276, 277, 279, 278, 276,
    275, 275, 278, 278, 279, 276, 277, 279, 277, 278, 279, 276, 277, 277,
    276, 279, 275, 278, 275, 279, 277, 278, 278, 277, 279, 278, 279, 277,
    276, 275, 275, 278, 278, 279, 278, 275, 279, 278, 278, 275, 278, 278,
    276, 278, 275, 277, 275, 279, 275, 278, 276, 277, 277, 277, 275, 278,
    279, 275, 275, 277, 275, 275, 277 ]
