%YAML:1.0
---
videoName: "LHShake16.mp4"
gestureLabel: 2
fps: 30
pixelSizeInCmTemp: 3.3732394366197183e-01
faceCenterPointX: 247
faceCenterPointY: 66
LHandPositionsX: [ 325, 323, 323, 327, 328, 338, 344, 352, 364, 371, 385,
    393, 405, 412, 406, 402, 401, 389, 378, 365, 355, 358, 363, 369, 381,
    399, 397, 390, 391, 386, 373, 371, 370, 370, 370, 380, 388, 386, 400,
    394, 383, 373, 367, 369, 363, 369, 373, 382, 400, 405, 395, 386, 370,
    363, 364, 364, 361, 369, 374, 391, 388, 383, 387, 383, 373, 367, 356,
    350, 342, 337, 333, 331, 332, 331, 328, 331, 328, 330, 327, 329, 330,
    328, 329, 326, 325, 328, 327, 328, 326, 327, 326 ]
LHandPositionsY: [ 253, 252, 252, 253, 252, 246, 232, 224, 211, 195, 181,
    170, 153, 150, 142, 134, 122, 115, 117, 110, 119, 117, 125, 116, 114,
    114, 115, 117, 118, 117, 123, 128, 130, 133, 126, 119, 118, 122, 122,
    117, 117, 129, 132, 133, 134, 137, 129, 128, 123, 125, 123, 132, 138,
    143, 142, 147, 144, 146, 132, 128, 129, 131, 127, 131, 140, 150, 160,
    172, 179, 197, 206, 215, 227, 229, 232, 236, 238, 236, 237, 237, 242,
    243, 243, 245, 243, 241, 241, 243, 245, 241, 245 ]
RHandPositionsX: [ 176, 177, 179, 176, 177, 178, 177, 177, 178, 178, 175,
    177, 178, 175, 178, 175, 176, 177, 176, 175, 177, 175, 179, 175, 175,
    179, 178, 179, 175, 176, 179, 177, 177, 177, 176, 176, 178, 178, 175,
    177, 178, 176, 176, 177, 176, 176, 178, 176, 179, 178, 175, 176, 178,
    178, 179, 178, 178, 176, 176, 179, 179, 175, 175, 176, 176, 175, 176,
    176, 176, 177, 176, 175, 178, 177, 175, 175, 176, 179, 178, 175, 176,
    179, 178, 179, 175, 175, 177, 176, 177, 178, 175 ]
RHandPositionsY: [ 261, 261, 260, 261, 259, 260, 260, 260, 260, 261, 260,
    262, 260, 260, 260, 260, 262, 261, 262, 259, 262, 260, 260, 261, 258,
    260, 259, 262, 262, 260, 259, 261, 261, 258, 262, 258, 261, 259, 262,
    259, 260, 259, 260, 259, 260, 260, 261, 260, 258, 260, 259, 261, 258,
    258, 260, 261, 259, 260, 258, 258, 259, 260, 261, 258, 259, 262, 260,
    262, 262, 259, 262, 260, 259, 259, 258, 259, 262, 262, 262, 259, 260,
    259, 259, 260, 259, 259, 260, 259, 258, 260, 259 ]
