%YAML:1.0
---
videoName: "LHShake15.mp4"
gestureLabel: 2
fps: 29
pixelSizeInCmTemp: 3.3263888888888887e-01
faceCenterPointX: 252
faceCenterPointY: 65
LHandPositionsX: [ 328, 327, 331, 330, 327, 329, 329, 330, 330, 329, 338,
    342, 345, 352, 360, 364, 369, 373, 381, 382, 377, 381, 365, 361, 348,
    342, 342, 340, 345, 351, 360, 358, 361, 363, 358, 346, 330, 332, 333,
    333, 346, 351, 356, 352, 352, 352, 347, 333, 327, 330, 330, 341, 350,
    354, 353, 354, 359, 356, 345, 338, 334, 331, 333, 340, 344, 350, 349,
    350, 350, 347, 340, 336, 328, 327, 325, 321, 319, 323, 324, 326, 324,
    325, 326, 327, 328, 327, 326, 326 ]
LHandPositionsY: [ 258, 255, 258, 257, 254, 257, 254, 255, 255, 254, 244,
    228, 216, 199, 183, 172, 155, 138, 120, 119, 119, 108, 103, 103, 103,
    105, 102, 100, 99, 96, 94, 95, 94, 95, 95, 99, 100, 97, 98, 97, 98,
    92, 98, 98, 98, 97, 99, 102, 103, 101, 98, 96, 91, 94, 97, 95, 97,
    98, 101, 101, 99, 102, 97, 96, 99, 99, 102, 98, 100, 103, 105, 120,
    136, 149, 164, 181, 193, 207, 219, 230, 232, 233, 239, 241, 240, 239,
    242, 241 ]
RHandPositionsX: [ 179, 176, 177, 178, 177, 177, 176, 178, 179, 178, 179,
    176, 178, 175, 179, 178, 176, 176, 179, 176, 179, 175, 175, 177, 175,
    176, 179, 178, 177, 176, 176, 177, 177, 175, 179, 178, 178, 175, 177,
    177, 175, 175, 178, 178, 179, 175, 175, 175, 175, 177, 179, 177, 176,
    178, 176, 176, 175, 178, 177, 178, 179, 178, 177, 177, 177, 178, 178,
    178, 176, 178, 179, 178, 178, 178, 175, 175, 175, 178, 178, 178, 178,
    177, 179, 176, 176, 179, 177, 179 ]
RHandPositionsY: [ 260, 260, 261, 259, 261, 258, 259, 260, 260, 261, 257,
    258, 260, 257, 258, 261, 257, 261, 261, 261, 259, 261, 259, 258, 257,
    258, 261, 258, 259, 257, 261, 257, 258, 260, 258, 257, 260, 257, 261,
    259, 259, 259, 260, 257, 258, 261, 261, 259, 257, 261, 260, 260, 259,
    259, 257, 259, 257, 260, 257, 258, 257, 257, 258, 260, 261, 261, 257,
    261, 260, 257, 258, 259, 258, 260, 258, 259, 258, 260, 261, 261, 257,
    260, 259, 258, 259, 258, 258, 259 ]
