%YAML:1.0
---
videoName: "LHShake00.mp4"
gestureLabel: 2
fps: 29
pixelSizeInCmTemp: 3.4214285714285714e-01
faceCenterPointX: 252
faceCenterPointY: 85
LHandPositionsX: [ 353, 350, 352, 349, 355, 358, 361, 358, 349, 345, 333,
    324, 322, 323, 322, 324, 326, 330, 334, 336, 337, 339, 332, 327, 326,
    326, 325, 327, 332, 339, 337, 341, 341, 333, 322, 324, 321, 328, 330,
    337, 338, 340, 340, 338, 332, 323, 324, 323, 328, 327, 330, 337, 340,
    342, 340, 338, 330, 327, 326, 325, 326, 332, 334, 336, 337, 340, 341,
    341, 338, 334, 330, 331, 326, 327, 330, 328, 331, 334, 332, 338, 336,
    338, 338, 339, 343, 344, 343, 340 ]
LHandPositionsY: [ 258, 250, 247, 230, 213, 190, 170, 151, 138, 134, 132,
    135, 135, 137, 137, 136, 130, 133, 128, 126, 127, 124, 127, 134, 135,
    135, 133, 132, 131, 125, 122, 119, 125, 129, 133, 132, 134, 135, 131,
    131, 126, 126, 124, 121, 126, 133, 133, 133, 131, 131, 133, 126, 124,
    121, 125, 125, 127, 128, 129, 131, 129, 125, 122, 122, 120, 120, 115,
    124, 139, 149, 161, 167, 162, 175, 183, 193, 200, 207, 214, 221, 225,
    226, 230, 232, 237, 236, 237, 236 ]
RHandPositionsX: [ 154, 155, 156, 153, 152, 153, 154, 153, 156, 156, 156,
    154, 152, 154, 155, 154, 155, 154, 153, 156, 154, 152, 152, 152, 152,
    153, 153, 152, 153, 156, 154, 154, 153, 155, 152, 152, 155, 155, 155,
    154, 152, 156, 152, 155, 155, 152, 153, 156, 155, 155, 155, 152, 153,
    154, 156, 154, 152, 156, 156, 152, 153, 155, 153, 155, 153, 153, 154,
    153, 152, 153, 156, 154, 156, 155, 155, 152, 154, 155, 153, 155, 154,
    156, 153, 152, 156, 156, 155, 155 ]
RHandPositionsY: [ 279, 279, 279, 278, 274, 275, 274, 276, 276, 272, 272,
    273, 271, 269, 269, 270, 270, 268, 271, 271, 266, 268, 268, 265, 266,
    267, 267, 268, 267, 267, 264, 267, 265, 264, 263, 266, 264, 262, 262,
    264, 261, 261, 262, 261, 260, 262, 262, 260, 260, 262, 264, 262, 261,
    261, 261, 261, 262, 262, 261, 262, 261, 261, 263, 260, 262, 264, 262,
    263, 262, 263, 264, 263, 264, 260, 263, 260, 261, 263, 261, 264, 261,
    262, 263, 260, 264, 262, 262, 261 ]
