%YAML:1.0
---
videoName: "LHShake19.mp4"
gestureLabel: 2
fps: 29
pixelSizeInCmTemp: 3.3732394366197183e-01
faceCenterPointX: 250
faceCenterPointY: 62
LHandPositionsX: [ 307, 306, 305, 308, 308, 309, 306, 308, 308, 307, 309,
    308, 307, 306, 307, 307, 310, 318, 323, 325, 328, 322, 311, 291, 288,
    288, 290, 299, 308, 316, 313, 314, 308, 296, 287, 290, 292, 303, 311,
    319, 318, 315, 304, 292, 290, 294, 298, 308, 316, 314, 313, 306, 293,
    290, 294, 299, 307, 317, 317, 316, 312, 309, 305, 301, 296, 293, 292,
    295, 298, 297, 302, 300, 302, 306, 304, 305, 305, 311, 311, 309, 309,
    310, 310, 307, 307, 310, 311, 310 ]
LHandPositionsY: [ 248, 249, 252, 248, 252, 251, 248, 250, 252, 251, 249,
    249, 247, 250, 244, 238, 226, 217, 204, 189, 180, 169, 164, 163, 155,
    153, 158, 159, 155, 155, 153, 154, 155, 154, 152, 146, 152, 153, 152,
    152, 152, 154, 158, 146, 146, 152, 154, 153, 154, 152, 151, 157, 147,
    144, 153, 154, 153, 152, 154, 152, 154, 154, 157, 162, 169, 171, 180,
    188, 196, 207, 218, 217, 220, 220, 225, 231, 233, 234, 238, 238, 235,
    239, 236, 240, 241, 239, 238, 241 ]
RHandPositionsX: [ 198, 195, 197, 197, 199, 198, 197, 196, 196, 195, 195,
    195, 196, 199, 195, 198, 198, 196, 195, 197, 196, 199, 199, 194, 195,
    197, 197, 195, 196, 197, 194, 193, 193, 192, 193, 193, 196, 195, 196,
    191, 192, 195, 195, 195, 194, 192, 192, 191, 191, 191, 192, 194, 191,
    195, 193, 195, 195, 195, 192, 191, 195, 193, 195, 192, 193, 191, 194,
    192, 194, 195, 194, 191, 194, 194, 191, 193, 191, 195, 191, 192, 193,
    191, 195, 194, 195, 192, 194, 192 ]
RHandPositionsY: [ 254, 258, 256, 256, 255, 257, 255, 258, 255, 256, 255,
    256, 258, 255, 255, 255, 258, 255, 258, 255, 255, 256, 256, 257, 255,
    255, 257, 255, 254, 257, 258, 256, 255, 255, 258, 257, 256, 255, 258,
    257, 256, 255, 254, 258, 258, 256, 254, 254, 254, 255, 258, 258, 258,
    254, 256, 257, 257, 255, 254, 254, 254, 258, 258, 256, 255, 256, 256,
    256, 258, 258, 256, 255, 258, 254, 257, 254, 254, 255, 256, 258, 256,
    255, 254, 254, 258, 254, 257, 257 ]
