%YAML:1.0
---
videoName: "LHShake14.mp4"
gestureLabel: 2
fps: 29
pixelSizeInCmTemp: 3.2808219178082193e-01
faceCenterPointX: 256
faceCenterPointY: 64
LHandPositionsX: [ 349, 355, 348, 358, 367, 379, 391, 389, 387, 381, 368,
    358, 361, 357, 362, 368, 381, 385, 381, 383, 373, 364, 352, 356, 352,
    359, 367, 379, 388, 387, 386, 379, 369, 358, 360, 356, 360, 371, 381,
    379, 383, 377, 368, 362, 362, 360, 360, 365, 370, 378, 376, 378, 371,
    367, 357, 347, 340, 335, 331, 332, 328, 328, 327, 328, 328, 329, 328,
    332, 329, 329, 329, 331, 332, 327, 331, 331, 327, 331, 330, 328, 331,
    327, 327, 330, 327, 329, 327, 331 ]
LHandPositionsY: [ 149, 144, 147, 145, 140, 138, 140, 141, 143, 142, 143,
    147, 148, 148, 145, 146, 137, 137, 138, 137, 139, 144, 148, 146, 149,
    147, 147, 145, 141, 142, 139, 143, 147, 148, 144, 149, 146, 146, 143,
    144, 143, 139, 140, 144, 140, 142, 142, 141, 137, 140, 145, 146, 150,
    152, 158, 165, 179, 190, 198, 210, 221, 235, 236, 239, 242, 248, 250,
    251, 248, 250, 252, 251, 252, 250, 250, 251, 249, 250, 251, 251, 248,
    252, 249, 248, 248, 251, 250, 252 ]
RHandPositionsX: [ 184, 183, 183, 182, 179, 182, 182, 180, 183, 179, 180,
    179, 178, 178, 179, 180, 180, 178, 176, 177, 176, 179, 177, 177, 179,
    177, 178, 175, 177, 179, 179, 178, 179, 177, 176, 177, 178, 176, 177,
    180, 176, 179, 175, 177, 176, 177, 178, 175, 176, 175, 176, 179, 176,
    177, 178, 178, 178, 179, 179, 176, 175, 177, 177, 177, 175, 176, 176,
    178, 176, 175, 177, 179, 177, 178, 178, 177, 177, 175, 176, 178, 177,
    178, 179, 177, 179, 177, 175, 178 ]
RHandPositionsY: [ 278, 278, 278, 277, 276, 278, 276, 278, 275, 278, 274,
    277, 275, 278, 274, 273, 276, 277, 277, 277, 276, 274, 277, 275, 277,
    277, 273, 275, 277, 277, 276, 275, 273, 275, 277, 273, 274, 275, 274,
    276, 277, 277, 273, 274, 274, 273, 276, 273, 275, 274, 277, 277, 275,
    275, 276, 276, 274, 273, 274, 273, 275, 276, 275, 277, 276, 273, 273,
    275, 273, 274, 275, 276, 273, 275, 273, 277, 275, 274, 275, 275, 276,
    273, 277, 273, 277, 275, 276, 276 ]
