%YAML:1.0
---
videoName: "LHShake15.mp4"
gestureLabel: 2
fps: 29
pixelSizeInCmTemp: 3.3263888888888887e-01
faceCenterPointX: 252
faceCenterPointY: 65
LHandPositionsX: [ 331, 327, 330, 330, 328, 329, 331, 332, 334, 331, 336,
    343, 345, 353, 359, 362, 369, 372, 378, 384, 376, 380, 364, 361, 348,
    342, 340, 342, 346, 353, 363, 362, 361, 362, 356, 348, 334, 330, 333,
    337, 347, 353, 357, 354, 351, 354, 350, 333, 327, 327, 329, 342, 353,
    358, 355, 353, 357, 356, 342, 334, 334, 331, 336, 340, 343, 348, 351,
    348, 346, 351, 342, 333, 327, 327, 322, 319, 320, 323, 324, 323, 323,
    326, 324, 327, 325, 328, 326, 324 ]
LHandPositionsY: [ 255, 255, 257, 255, 256, 254, 255, 256, 254, 253, 244,
    231, 214, 201, 183, 173, 156, 134, 119, 119, 119, 108, 104, 104, 103,
    105, 101, 98, 100, 95, 91, 92, 93, 94, 94, 98, 101, 99, 96, 98, 97,
    95, 94, 97, 95, 96, 103, 101, 101, 102, 96, 94, 91, 94, 95, 96, 94,
    100, 103, 98, 101, 101, 99, 100, 102, 103, 98, 102, 101, 101, 105,
    120, 139, 150, 164, 180, 195, 207, 218, 229, 230, 237, 237, 241, 241,
    239, 243, 240 ]
RHandPositionsX: [ 179, 177, 179, 179, 177, 179, 178, 178, 176, 178, 177,
    177, 177, 176, 178, 176, 178, 178, 176, 179, 176, 178, 177, 178, 179,
    178, 176, 179, 178, 178, 178, 179, 176, 179, 179, 179, 176, 175, 178,
    178, 178, 177, 177, 178, 175, 175, 175, 175, 177, 177, 179, 177, 178,
    177, 179, 178, 179, 179, 177, 176, 175, 175, 175, 177, 177, 179, 176,
    178, 176, 179, 179, 177, 177, 176, 175, 176, 177, 178, 179, 175, 178,
    175, 177, 177, 175, 175, 178, 179 ]
RHandPositionsY: [ 260, 257, 260, 258, 259, 259, 261, 258, 260, 260, 258,
    259, 258, 257, 261, 258, 261, 257, 260, 257, 257, 259, 261, 259, 261,
    258, 261, 260, 260, 259, 257, 261, 261, 260, 260, 257, 259, 261, 260,
    257, 260, 261, 260, 257, 258, 258, 258, 261, 258, 258, 258, 258, 261,
    257, 260, 261, 258, 258, 257, 259, 261, 261, 258, 259, 258, 259, 261,
    261, 260, 260, 259, 259, 258, 258, 258, 257, 258, 258, 258, 259, 260,
    259, 259, 260, 261, 258, 259, 258 ]
