%YAML:1.0
---
videoName: "LHShake20.mp4"
gestureLabel: 2
fps: 30
pixelSizeInCmTemp: 3.3732394366197183e-01
faceCenterPointX: 249
faceCenterPointY: 62
LHandPositionsX: [ 315, 313, 316, 315, 312, 315, 314, 314, 314, 316, 319,
    328, 333, 338, 343, 338, 330, 321, 311, 315, 313, 311, 318, 326, 335,
    340, 337, 339, 331, 322, 316, 316, 320, 322, 333, 341, 338, 337, 331,
    324, 322, 325, 323, 326, 331, 333, 327, 329, 322, 318, 322, 319, 322,
    327, 324, 330, 330, 326, 324, 319, 317, 320, 317, 318, 321, 321, 319,
    317, 317, 313, 315, 314, 316, 316, 312, 314, 316, 315, 314, 312, 314,
    314, 313, 316, 315, 316, 314, 315, 316, 316, 314 ]
LHandPositionsY: [ 246, 246, 250, 248, 249, 246, 247, 242, 235, 227, 215,
    205, 191, 176, 171, 164, 162, 158, 161, 160, 160, 154, 151, 146, 143,
    146, 143, 144, 143, 145, 148, 148, 149, 147, 146, 144, 142, 141, 142,
    144, 149, 148, 147, 142, 143, 141, 139, 143, 140, 147, 146, 149, 146,
    145, 141, 134, 135, 136, 137, 145, 146, 144, 147, 149, 150, 152, 158,
    168, 181, 191, 201, 215, 216, 220, 225, 225, 231, 229, 228, 229, 230,
    233, 236, 236, 238, 237, 236, 238, 238, 240, 239 ]
RHandPositionsX: [ 181, 183, 179, 180, 179, 182, 179, 181, 182, 180, 179,
    183, 179, 181, 179, 179, 179, 181, 181, 182, 183, 183, 181, 179, 181,
    182, 181, 181, 179, 181, 182, 183, 182, 181, 179, 182, 181, 179, 180,
    179, 180, 182, 179, 180, 181, 183, 180, 183, 182, 182, 182, 181, 183,
    179, 180, 182, 182, 182, 179, 179, 179, 181, 183, 180, 179, 182, 183,
    179, 181, 180, 179, 181, 179, 181, 179, 183, 179, 179, 182, 178, 178,
    182, 179, 180, 181, 180, 181, 180, 178, 181, 181 ]
RHandPositionsY: [ 254, 255, 256, 254, 254, 255, 255, 256, 252, 253, 253,
    255, 254, 254, 255, 254, 252, 256, 256, 255, 252, 256, 256, 252, 255,
    252, 254, 255, 254, 254, 252, 253, 255, 254, 253, 252, 255, 254, 255,
    251, 252, 252, 251, 252, 252, 253, 252, 253, 251, 252, 253, 252, 253,
    253, 254, 251, 252, 254, 252, 253, 255, 252, 254, 254, 253, 255, 252,
    253, 253, 255, 253, 252, 253, 253, 252, 255, 251, 252, 252, 255, 255,
    252, 254, 253, 251, 255, 254, 251, 253, 254, 255 ]
