%YAML:1.0
---
videoName: "LHShake15.mp4"
gestureLabel: 2
fps: 29
pixelSizeInCmTemp: 3.3263888888888887e-01
faceCenterPointX: 252
faceCenterPointY: 65
LHandPositionsX: [ 328, 330, 331, 328, 331, 328, 328, 332, 332, 329, 337,
    340, 347, 350, 360, 363, 370, 373, 377, 384, 376, 378, 368, 359, 346,
    343, 342, 342, 349, 354, 360, 358, 360, 360, 357, 344, 331, 331, 332,
    336, 343, 355, 356, 350, 352, 352, 347, 332, 329, 329, 331, 341, 352,
    356, 353, 354, 358, 357, 341, 337, 331, 331, 334, 341, 344, 348, 352,
    350, 348, 350, 339, 336, 327, 323, 324, 321, 323, 320, 325, 323, 325,
    324, 328, 327, 325, 325, 325, 325 ]
LHandPositionsY: [ 256, 256, 255, 257, 255, 254, 255, 256, 252, 253, 244,
    228, 215, 199, 187, 173, 154, 134, 121, 120, 119, 107, 101, 103, 106,
    105, 104, 101, 98, 94, 93, 92, 96, 96, 97, 97, 98, 101, 98, 97, 96,
    94, 98, 97, 97, 100, 103, 100, 103, 99, 97, 92, 92, 93, 93, 97, 94,
    98, 99, 102, 102, 102, 98, 100, 98, 103, 98, 99, 99, 103, 104, 123,
    138, 152, 167, 177, 193, 207, 221, 229, 233, 237, 238, 239, 239, 237,
    242, 240 ]
RHandPositionsX: [ 177, 177, 179, 179, 175, 176, 178, 175, 175, 179, 177,
    179, 175, 179, 178, 178, 175, 177, 176, 179, 177, 175, 177, 177, 175,
    176, 175, 178, 175, 176, 177, 176, 177, 179, 176, 178, 178, 175, 176,
    178, 179, 179, 176, 177, 175, 175, 176, 176, 178, 176, 179, 179, 176,
    179, 179, 179, 177, 179, 175, 179, 176, 176, 179, 175, 177, 178, 175,
    177, 177, 178, 175, 177, 178, 176, 179, 179, 178, 176, 176, 178, 176,
    175, 177, 176, 179, 178, 178, 178 ]
RHandPositionsY: [ 258, 259, 261, 257, 258, 261, 261, 258, 257, 257, 257,
    257, 259, 257, 260, 258, 259, 257, 257, 259, 261, 260, 258, 257, 259,
    261, 259, 260, 261, 260, 261, 260, 259, 257, 261, 261, 261, 261, 257,
    261, 258, 257, 259, 260, 258, 258, 261, 258, 259, 257, 261, 258, 257,
    259, 261, 257, 260, 261, 257, 259, 261, 259, 258, 261, 258, 260, 257,
    258, 260, 257, 261, 260, 261, 257, 261, 257, 257, 258, 258, 259, 261,
    261, 257, 257, 259, 257, 259, 258 ]
