%YAML:1.0
---
videoName: "LHShake10.mp4"
gestureLabel: 2
fps: 29
pixelSizeInCmTemp: 3.4214285714285714e-01
faceCenterPointX: 253
faceCenterPointY: 65
LHandPositionsX: [ 337, 336, 335, 336, 337, 340, 343, 349, 353, 359, 364,
    374, 385, 391, 395, 393, 396, 386, 373, 364, 357, 352, 353, 353, 362,
    368, 381, 393, 393, 393, 393, 385, 373, 366, 357, 360, 358, 364, 367,
    372, 371, 374, 371, 369, 366, 365, 354, 344, 344, 344, 347, 355, 362,
    374, 380, 382, 378, 373, 367, 353, 352, 350, 350, 351, 354, 363, 374,
    383, 377, 380, 378, 372, 369, 361, 355, 348, 343, 343, 339, 338, 334,
    338, 337, 334, 334, 334, 335, 334 ]
LHandPositionsY: [ 272, 271, 270, 268, 268, 272, 270, 260, 252, 239, 226,
    210, 192, 178, 168, 153, 143, 138, 136, 138, 142, 147, 147, 147, 147,
    148, 136, 140, 139, 142, 142, 146, 149, 147, 152, 152, 149, 146, 137,
    132, 131, 133, 134, 134, 130, 132, 139, 143, 144, 145, 144, 146, 141,
    139, 141, 139, 142, 144, 147, 149, 150, 151, 150, 153, 149, 151, 148,
    145, 148, 148, 150, 151, 156, 167, 172, 183, 194, 206, 219, 230, 246,
    253, 255, 254, 254, 258, 260, 259 ]
RHandPositionsX: [ 174, 175, 174, 176, 174, 173, 175, 174, 173, 174, 173,
    172, 172, 173, 172, 175, 173, 171, 171, 174, 172, 171, 175, 171, 172,
    174, 173, 172, 175, 173, 173, 171, 175, 172, 172, 175, 171, 172, 175,
    172, 173, 173, 171, 171, 174, 173, 171, 175, 171, 173, 172, 173, 173,
    173, 173, 171, 175, 173, 174, 171, 174, 172, 171, 175, 171, 171, 172,
    173, 175, 174, 175, 171, 174, 175, 172, 172, 171, 174, 175, 174, 172,
    171, 171, 173, 171, 175, 172, 173 ]
RHandPositionsY: [ 277, 278, 278, 278, 274, 276, 275, 278, 277, 277, 277,
    278, 275, 277, 277, 276, 276, 278, 276, 274, 275, 274, 274, 274, 278,
    278, 278, 278, 278, 278, 278, 278, 275, 274, 275, 275, 274, 275, 277,
    274, 274, 274, 277, 275, 278, 274, 274, 275, 275, 278, 278, 277, 274,
    278, 276, 274, 278, 278, 277, 274, 277, 278, 276, 274, 276, 274, 274,
    275, 276, 277, 276, 274, 276, 275, 277, 275, 277, 276, 276, 277, 277,
    276, 277, 275, 278, 277, 276, 274 ]
