%YAML:1.0
---
videoName: "LHShake22.mp4"
gestureLabel: 2
fps: 29
pixelSizeInCmTemp: 3.5220588235294115e-01
faceCenterPointX: 261
faceCenterPointY: 79
LHandPositionsX: [ 334, 346, 347, 356, 355, 356, 356, 354, 345, 338, 330,
    319, 318, 319, 317, 324, 328, 337, 343, 345, 344, 344, 338, 331, 323,
    324, 324, 325, 330, 340, 341, 343, 343, 339, 330, 321, 315, 319, 321,
    322, 328, 333, 337, 337, 334, 331, 324, 320, 322, 321, 325, 329, 336,
    344, 343, 344, 340, 332, 323, 321, 317, 314, 316, 324, 331, 339, 337,
    334, 334, 331, 327, 325, 321, 321, 320, 325, 322, 327, 324, 326, 323,
    325, 326, 326, 327, 324, 323, 327 ]
LHandPositionsY: [ 261, 255, 244, 237, 235, 219, 206, 207, 195, 186, 184,
    187, 187, 183, 181, 180, 180, 177, 172, 173, 171, 173, 175, 175, 177,
    180, 180, 177, 178, 172, 171, 171, 170, 174, 177, 179, 182, 184, 184,
    182, 178, 178, 178, 176, 177, 174, 177, 182, 181, 180, 179, 180, 176,
    175, 176, 175, 174, 176, 177, 183, 183, 181, 180, 181, 180, 178, 180,
    180, 184, 191, 194, 203, 210, 220, 228, 242, 239, 245, 247, 249, 248,
    249, 250, 251, 248, 251, 248, 250 ]
RHandPositionsX: [ 189, 191, 193, 191, 193, 192, 190, 190, 189, 193, 192,
    189, 192, 191, 193, 193, 189, 192, 190, 190, 189, 193, 189, 192, 190,
    193, 192, 189, 191, 192, 193, 190, 189, 193, 190, 189, 192, 191, 191,
    189, 192, 191, 190, 190, 193, 193, 192, 193, 190, 191, 189, 189, 193,
    193, 190, 192, 192, 190, 192, 191, 193, 191, 192, 193, 191, 192, 190,
    189, 190, 191, 191, 191, 192, 190, 193, 190, 189, 192, 190, 193, 190,
    190, 191, 191, 190, 192, 189, 189 ]
RHandPositionsY: [ 270, 267, 269, 266, 269, 269, 267, 270, 266, 270, 270,
    267, 267, 269, 269, 267, 268, 268, 266, 268, 267, 266, 269, 267, 267,
    267, 267, 268, 266, 268, 268, 268, 269, 266, 270, 270, 266, 269, 268,
    269, 269, 270, 268, 266, 270, 268, 268, 270, 266, 266, 269, 270, 270,
    270, 268, 269, 266, 269, 267, 268, 269, 268, 267, 267, 266, 268, 269,
    268, 266, 266, 266, 266, 269, 269, 269, 268, 270, 269, 266, 268, 268,
    270, 266, 266, 267, 269, 266, 266 ]
