%YAML:1.0
---
videoName: "LHShake21.mp4"
gestureLabel: 2
fps: 29
pixelSizeInCmTemp: 3.4214285714285714e-01
faceCenterPointX: 266
faceCenterPointY: 79
LHandPositionsX: [ 348, 350, 363, 374, 382, 392, 400, 406, 421, 415, 418,
    401, 389, 379, 373, 375, 376, 375, 384, 402, 399, 397, 397, 394, 383,
    374, 368, 373, 374, 373, 378, 390, 388, 388, 386, 380, 376, 370, 368,
    369, 370, 370, 378, 388, 388, 387, 399, 393, 382, 374, 366, 365, 363,
    367, 375, 377, 387, 385, 383, 389, 386, 381, 373, 364, 356, 349, 345,
    337, 334, 337, 333, 335, 335, 332, 333, 331, 332, 332, 332, 330, 331,
    330, 330, 334, 330, 334, 331, 333 ]
LHandPositionsY: [ 270, 265, 245, 228, 211, 194, 184, 167, 152, 151, 136,
    132, 134, 136, 134, 132, 131, 129, 130, 131, 129, 130, 131, 134, 137,
    133, 141, 141, 145, 137, 137, 131, 134, 132, 135, 137, 137, 147, 147,
    146, 145, 144, 142, 137, 139, 138, 137, 138, 139, 149, 152, 151, 154,
    156, 151, 144, 139, 141, 142, 149, 156, 159, 169, 178, 191, 204, 213,
    225, 235, 237, 242, 245, 248, 251, 252, 253, 254, 253, 251, 251, 254,
    251, 250, 251, 251, 251, 254, 252 ]
RHandPositionsX: [ 187, 186, 188, 185, 186, 186, 185, 188, 188, 188, 185,
    188, 185, 186, 186, 188, 185, 188, 187, 188, 186, 185, 187, 188, 187,
    185, 187, 184, 187, 186, 186, 184, 188, 184, 187, 184, 186, 184, 187,
    188, 185, 187, 188, 187, 185, 188, 187, 186, 188, 185, 186, 186, 187,
    187, 188, 188, 186, 186, 186, 186, 184, 184, 186, 188, 184, 188, 186,
    184, 188, 186, 184, 186, 187, 185, 186, 184, 187, 187, 188, 186, 185,
    188, 187, 186, 188, 184, 186, 186 ]
RHandPositionsY: [ 266, 269, 267, 269, 268, 269, 265, 265, 267, 268, 267,
    267, 265, 269, 266, 265, 267, 268, 266, 265, 269, 266, 268, 269, 269,
    266, 266, 268, 267, 269, 267, 268, 267, 268, 267, 269, 269, 268, 265,
    267, 269, 266, 268, 268, 266, 269, 265, 267, 265, 266, 266, 267, 265,
    269, 268, 269, 268, 268, 267, 265, 267, 265, 265, 267, 269, 268, 268,
    267, 266, 265, 269, 268, 266, 265, 267, 265, 269, 268, 265, 266, 265,
    269, 265, 267, 269, 265, 265, 265 ]
