%YAML:1.0
---
videoName: "LHShake08.mp4"
gestureLabel: 2
fps: 29
pixelSizeInCmTemp: 3.4710144927536229e-01
faceCenterPointX: 261
faceCenterPointY: 69
LHandPositionsX: [ 340, 342, 346, 346, 349, 345, 356, 365, 367, 372, 374,
    373, 380, 365, 357, 347, 342, 342, 343, 343, 348, 360, 370, 365, 364,
    361, 357, 351, 345, 336, 342, 340, 343, 352, 360, 365, 367, 365, 365,
    363, 353, 343, 339, 338, 335, 338, 340, 348, 357, 358, 357, 358, 354,
    352, 347, 344, 343, 344, 345, 348, 353, 364, 374, 373, 370, 371, 362,
    358, 351, 344, 341, 335, 332, 330, 330, 333, 335, 335, 334, 337, 336,
    337, 335, 338, 337, 337, 336, 339 ]
LHandPositionsY: [ 268, 267, 264, 254, 251, 238, 219, 198, 184, 172, 161,
    156, 145, 143, 144, 148, 149, 149, 151, 150, 146, 143, 137, 141, 140,
    138, 140, 147, 147, 154, 152, 154, 154, 154, 147, 150, 146, 146, 150,
    152, 153, 157, 161, 160, 162, 164, 159, 160, 158, 155, 154, 153, 155,
    155, 158, 160, 158, 161, 159, 160, 156, 151, 146, 144, 148, 146, 149,
    152, 158, 169, 176, 186, 196, 206, 221, 235, 242, 247, 246, 253, 256,
    255, 252, 253, 255, 257, 254, 254 ]
RHandPositionsX: [ 175, 174, 173, 173, 174, 172, 176, 172, 174, 173, 176,
    175, 176, 172, 174, 176, 175, 175, 172, 175, 172, 172, 174, 176, 174,
    173, 174, 172, 173, 173, 173, 174, 174, 175, 176, 176, 176, 176, 174,
    175, 178, 173, 174, 176, 177, 174, 174, 176, 178, 178, 178, 174, 177,
    176, 174, 177, 176, 175, 178, 176, 175, 177, 177, 178, 175, 177, 175,
    177, 174, 176, 178, 174, 177, 178, 177, 176, 178, 176, 175, 178, 176,
    178, 174, 178, 177, 178, 174, 174 ]
RHandPositionsY: [ 274, 277, 276, 273, 274, 277, 277, 273, 277, 274, 275,
    273, 277, 275, 277, 276, 275, 277, 277, 277, 275, 273, 275, 274, 277,
    277, 277, 274, 274, 276, 277, 275, 273, 274, 276, 277, 275, 273, 277,
    276, 275, 276, 276, 277, 274, 276, 274, 276, 277, 273, 273, 275, 274,
    273, 275, 277, 275, 275, 276, 277, 275, 274, 276, 275, 276, 274, 277,
    276, 274, 277, 276, 274, 275, 277, 274, 276, 276, 277, 276, 275, 274,
    277, 273, 274, 273, 274, 273, 273 ]
