%YAML:1.0
---
videoName: "LHShake04.mp4"
gestureLabel: 2
fps: 30
pixelSizeInCmTemp: 3.2808219178082193e-01
faceCenterPointX: 247
faceCenterPointY: 80
LHandPositionsX: [ 284, 283, 283, 282, 279, 281, 281, 283, 280, 282, 282,
    281, 278, 280, 282, 287, 290, 296, 309, 322, 336, 347, 357, 368, 371,
    369, 360, 359, 350, 345, 337, 334, 335, 340, 346, 362, 369, 367, 358,
    347, 342, 345, 341, 340, 350, 353, 354, 356, 353, 343, 341, 346, 346,
    350, 353, 356, 357, 352, 346, 347, 346, 350, 355, 359, 360, 367, 361,
    360, 354, 344, 334, 324, 314, 303, 298, 292, 291, 289, 289, 288, 286,
    287, 290, 286, 288, 287, 287, 288, 286, 289, 286 ]
LHandPositionsY: [ 270, 270, 269, 268, 271, 270, 269, 272, 272, 268, 268,
    272, 272, 272, 269, 266, 263, 253, 242, 230, 219, 203, 190, 174, 164,
    157, 154, 152, 137, 134, 132, 132, 127, 120, 117, 110, 111, 110, 117,
    118, 129, 128, 123, 128, 122, 121, 116, 112, 118, 118, 121, 124, 121,
    118, 114, 112, 109, 111, 112, 115, 117, 114, 106, 108, 108, 105, 108,
    110, 126, 141, 157, 170, 186, 200, 214, 224, 235, 242, 242, 247, 247,
    246, 248, 249, 250, 251, 253, 254, 250, 250, 251 ]
RHandPositionsX: [ 216, 216, 218, 214, 214, 217, 214, 214, 214, 217, 217,
    218, 217, 215, 218, 217, 214, 215, 217, 218, 217, 216, 215, 215, 217,
    216, 214, 214, 214, 215, 214, 214, 217, 216, 216, 218, 217, 217, 215,
    214, 216, 214, 215, 218, 215, 214, 216, 215, 217, 215, 218, 218, 214,
    218, 216, 218, 215, 214, 218, 214, 217, 215, 215, 216, 215, 218, 217,
    214, 217, 216, 216, 215, 214, 218, 217, 215, 218, 215, 217, 218, 215,
    216, 217, 217, 214, 217, 216, 218, 215, 217, 214 ]
RHandPositionsY: [ 270, 270, 270, 269, 267, 268, 267, 270, 266, 266, 268,
    269, 269, 266, 269, 266, 267, 267, 264, 267, 265, 265, 266, 264, 263,
    263, 265, 263, 265, 263, 267, 267, 267, 265, 263, 262, 263, 264, 265,
    262, 265, 266, 265, 264, 264, 265, 263, 264, 263, 264, 262, 264, 263,
    262, 262, 264, 262, 262, 261, 262, 261, 261, 262, 261, 265, 264, 263,
    265, 264, 265, 264, 264, 261, 265, 265, 263, 263, 265, 263, 264, 265,
    265, 265, 265, 264, 261, 261, 261, 265, 263, 264 ]
