%YAML:1.0
---
videoName: "LHShake20.mp4"
gestureLabel: 2
fps: 30
pixelSizeInCmTemp: 3.3732394366197183e-01
faceCenterPointX: 249
faceCenterPointY: 62
LHandPositionsX: [ 315, 312, 316, 313, 312, 314, 315, 316, 318, 316, 319,
    327, 332, 340, 342, 339, 330, 320, 312, 314, 311, 314, 315, 329, 336,
    338, 336, 339, 332, 321, 317, 317, 319, 323, 333, 339, 340, 338, 332,
    325, 325, 322, 320, 325, 332, 333, 329, 331, 326, 319, 320, 319, 318,
    326, 326, 329, 328, 324, 321, 320, 317, 316, 317, 319, 319, 320, 319,
    317, 316, 315, 316, 313, 313, 315, 313, 315, 316, 316, 314, 315, 314,
    316, 312, 315, 313, 315, 316, 313, 316, 313, 315 ]
LHandPositionsY: [ 249, 250, 250, 246, 248, 245, 246, 244, 238, 227, 217,
    205, 187, 180, 173, 164, 160, 158, 159, 161, 157, 157, 151, 146, 144,
    142, 143, 146, 142, 147, 146, 147, 149, 143, 144, 140, 141, 142, 143,
    146, 145, 145, 146, 145, 141, 140, 142, 139, 144, 146, 148, 146, 146,
    143, 137, 134, 135, 136, 135, 143, 143, 146, 147, 148, 148, 150, 159,
    170, 179, 192, 200, 216, 213, 221, 223, 229, 229, 228, 232, 230, 234,
    235, 232, 234, 238, 238, 238, 236, 239, 237, 240 ]
RHandPositionsX: [ 183, 180, 183, 181, 182, 179, 182, 182, 182, 182, 180,
    182, 183, 179, 182, 179, 180, 183, 181, 182, 180, 179, 180, 182, 181,
    180, 183, 179, 181, 179, 182, 183, 180, 181, 181, 181, 182, 179, 179,
    182, 181, 180, 182, 179, 182, 181, 179, 181, 181, 179, 181, 182, 183,
    179, 181, 181, 180, 183, 182, 179, 181, 181, 180, 182, 183, 181, 180,
    182, 181, 182, 181, 182, 180, 179, 180, 180, 180, 178, 179, 180, 182,
    180, 179, 180, 178, 181, 179, 180, 181, 178, 181 ]
RHandPositionsY: [ 253, 257, 257, 253, 255, 253, 253, 253, 252, 254, 252,
    256, 252, 252, 255, 254, 254, 255, 253, 253, 255, 255, 253, 253, 254,
    256, 252, 252, 254, 255, 251, 251, 255, 252, 251, 254, 252, 253, 252,
    255, 253, 254, 251, 252, 253, 252, 254, 255, 255, 255, 253, 255, 255,
    255, 254, 253, 255, 254, 253, 252, 253, 254, 255, 252, 255, 251, 251,
    253, 254, 254, 253, 251, 253, 255, 251, 251, 251, 255, 255, 253, 252,
    252, 251, 254, 252, 255, 254, 255, 255, 255, 254 ]
