%YAML:1.0
---
videoName: "LHShake12.mp4"
gestureLabel: 2
fps: 29
pixelSizeInCmTemp: 3.3263888888888887e-01
faceCenterPointX: 259
faceCenterPointY: 64
LHandPositionsX: [ 368, 356, 346, 346, 345, 347, 352, 362, 374, 382, 379,
    380, 374, 363, 355, 344, 350, 344, 347, 355, 365, 377, 374, 377, 379,
    373, 362, 348, 340, 341, 340, 340, 347, 359, 372, 370, 370, 374, 368,
    357, 346, 339, 344, 342, 344, 356, 365, 372, 368, 368, 367, 359, 349,
    339, 341, 339, 339, 350, 356, 365, 365, 367, 370, 363, 353, 342, 332,
    329, 321, 320, 316, 316, 319, 327, 331, 329, 329, 332, 336, 337, 333,
    335, 336, 336, 335, 335, 337, 334 ]
LHandPositionsY: [ 167, 163, 164, 161, 160, 159, 159, 156, 153, 149, 152,
    152, 153, 151, 153, 160, 158, 159, 155, 152, 152, 145, 147, 148, 143,
    141, 144, 146, 154, 152, 154, 155, 150, 150, 147, 146, 149, 146, 144,
    149, 150, 157, 157, 158, 155, 152, 150, 150, 151, 147, 150, 154, 154,
    155, 159, 155, 156, 152, 147, 146, 143, 146, 145, 146, 148, 153, 161,
    167, 176, 185, 196, 207, 226, 236, 245, 247, 250, 253, 253, 255, 258,
    257, 258, 255, 258, 259, 255, 259 ]
RHandPositionsX: [ 178, 177, 175, 174, 174, 174, 175, 174, 174, 176, 176,
    176, 175, 178, 175, 178, 175, 176, 178, 178, 175, 175, 177, 175, 176,
    175, 175, 174, 174, 177, 178, 174, 175, 177, 174, 175, 177, 176, 177,
    175, 174, 178, 175, 177, 177, 177, 174, 177, 176, 177, 174, 174, 174,
    174, 177, 174, 176, 175, 175, 175, 175, 176, 178, 177, 176, 175, 174,
    177, 174, 176, 174, 178, 177, 176, 174, 176, 175, 174, 176, 177, 176,
    174, 175, 174, 175, 174, 174, 176 ]
RHandPositionsY: [ 272, 274, 273, 273, 275, 273, 272, 274, 273, 274, 271,
    275, 272, 274, 273, 274, 272, 273, 273, 271, 275, 274, 274, 272, 271,
    271, 271, 275, 272, 274, 275, 274, 271, 274, 272, 271, 273, 274, 271,
    274, 272, 275, 271, 271, 275, 273, 271, 271, 275, 271, 273, 274, 275,
    272, 273, 273, 275, 271, 272, 273, 271, 271, 275, 271, 273, 271, 272,
    274, 274, 273, 274, 275, 275, 274, 273, 274, 272, 271, 275, 273, 274,
    274, 273, 275, 272, 271, 271, 271 ]
