%YAML:1.0
---
videoName: "LHShake14.mp4"
gestureLabel: 2
fps: 29
pixelSizeInCmTemp: 3.2808219178082193e-01
faceCenterPointX: 256
faceCenterPointY: 64
LHandPositionsX: [ 352, 354, 348, 359, 369, 383, 388, 391, 388, 380, 370,
    360, 361, 354, 362, 371, 383, 381, 381, 379, 373, 363, 354, 355, 351,
    361, 368, 382, 390, 384, 385, 377, 370, 358, 359, 356, 363, 372, 379,
    380, 380, 378, 371, 359, 360, 361, 358, 364, 374, 376, 375, 377, 372,
    364, 356, 349, 340, 335, 332, 331, 328, 330, 327, 329, 329, 331, 332,
    329, 330, 330, 329, 330, 329, 328, 330, 328, 331, 329, 328, 327, 328,
    328, 331, 331, 330, 329, 330, 328 ]
LHandPositionsY: [ 147, 145, 147, 143, 140, 139, 139, 141, 139, 141, 143,
    148, 148, 149, 145, 144, 139, 139, 140, 137, 140, 144, 146, 146, 145,
    149, 147, 145, 143, 140, 139, 142, 143, 145, 148, 146, 148, 144, 142,
    145, 144, 141, 143, 144, 142, 142, 141, 139, 141, 142, 144, 147, 149,
    152, 160, 166, 176, 186, 199, 208, 221, 233, 236, 238, 240, 248, 251,
    248, 250, 252, 252, 252, 250, 251, 250, 252, 252, 250, 250, 248, 250,
    252, 251, 248, 251, 250, 249, 248 ]
RHandPositionsX: [ 185, 183, 181, 181, 181, 182, 179, 179, 183, 182, 181,
    182, 181, 180, 179, 177, 176, 176, 177, 179, 175, 179, 176, 179, 178,
    176, 179, 176, 179, 175, 176, 175, 178, 179, 175, 177, 178, 178, 179,
    179, 178, 179, 178, 176, 176, 175, 177, 178, 177, 177, 179, 176, 177,
    178, 175, 176, 175, 179, 177, 176, 176, 175, 178, 179, 177, 176, 175,
    178, 175, 175, 178, 175, 178, 178, 178, 175, 175, 176, 178, 178, 179,
    178, 177, 177, 176, 179, 179, 176 ]
RHandPositionsY: [ 277, 280, 277, 279, 277, 276, 275, 276, 277, 279, 274,
    278, 275, 275, 277, 276, 273, 275, 274, 275, 275, 276, 273, 277, 275,
    276, 275, 277, 276, 276, 273, 276, 273, 277, 275, 276, 274, 274, 276,
    277, 275, 273, 277, 276, 276, 277, 277, 277, 276, 275, 273, 277, 276,
    273, 274, 277, 274, 276, 276, 274, 273, 276, 276, 277, 276, 274, 276,
    275, 275, 274, 275, 276, 276, 273, 276, 277, 276, 277, 273, 274, 277,
    276, 274, 273, 274, 276, 274, 277 ]
