%YAML:1.0
---
videoName: "LHShake02.mp4"
gestureLabel: 2
fps: 29
pixelSizeInCmTemp: 3.3263888888888887e-01
faceCenterPointX: 249
faceCenterPointY: 82
LHandPositionsX: [ 362, 363, 364, 370, 372, 379, 385, 387, 387, 385, 383,
    377, 372, 367, 365, 361, 364, 363, 370, 374, 382, 386, 382, 380, 375,
    371, 366, 363, 362, 366, 367, 371, 375, 380, 379, 383, 381, 379, 374,
    368, 362, 359, 361, 359, 360, 363, 363, 370, 372, 373, 370, 368, 361,
    361, 357, 356, 360, 363, 370, 370, 373, 368, 365, 361, 359, 354, 349,
    344, 346, 343, 344, 343, 344, 340, 343, 344, 345, 344, 346, 350, 346,
    348, 348, 350, 349, 349, 347, 349 ]
LHandPositionsY: [ 125, 120, 118, 116, 115, 110, 112, 111, 112, 108, 107,
    107, 111, 115, 116, 111, 113, 109, 106, 106, 106, 102, 101, 101, 101,
    107, 107, 111, 109, 105, 102, 101, 102, 99, 97, 95, 95, 96, 96, 95,
    101, 101, 103, 101, 102, 105, 103, 98, 101, 99, 102, 101, 105, 107,
    106, 108, 108, 108, 104, 106, 103, 104, 102, 107, 122, 135, 148, 162,
    166, 172, 180, 183, 192, 199, 205, 211, 217, 219, 225, 228, 229, 231,
    229, 234, 235, 232, 234, 240 ]
RHandPositionsX: [ 157, 153, 155, 155, 153, 154, 154, 155, 157, 153, 156,
    157, 155, 153, 155, 153, 155, 153, 155, 157, 156, 153, 157, 153, 153,
    157, 155, 157, 155, 157, 156, 157, 155, 156, 155, 156, 157, 157, 156,
    156, 155, 154, 153, 156, 155, 156, 155, 156, 155, 155, 156, 154, 156,
    155, 153, 155, 157, 157, 154, 156, 157, 155, 155, 156, 154, 157, 154,
    154, 156, 153, 154, 154, 155, 156, 157, 156, 154, 157, 156, 153, 155,
    153, 156, 154, 154, 154, 155, 157 ]
RHandPositionsY: [ 263, 264, 262, 263, 261, 264, 263, 262, 260, 259, 260,
    261, 261, 262, 260, 261, 258, 261, 260, 258, 261, 259, 262, 258, 258,
    261, 261, 262, 259, 258, 259, 258, 262, 262, 259, 262, 262, 260, 259,
    258, 261, 258, 258, 262, 261, 262, 259, 261, 260, 261, 262, 258, 261,
    261, 259, 260, 258, 262, 262, 262, 262, 258, 258, 261, 260, 262, 260,
    259, 262, 258, 261, 261, 261, 262, 262, 259, 258, 258, 261, 261, 260,
    259, 262, 262, 258, 260, 260, 261 ]
