%YAML:1.0
---
videoName: "LHShake17.mp4"
gestureLabel: 2
fps: 30
pixelSizeInCmTemp: 3.3732394366197183e-01
faceCenterPointX: 248
faceCenterPointY: 64
LHandPositionsX: [ 323, 325, 322, 323, 323, 322, 327, 326, 326, 333, 345,
    353, 364, 373, 388, 396, 408, 410, 404, 389, 373, 359, 350, 351, 352,
    355, 371, 381, 378, 384, 373, 362, 354, 345, 346, 350, 355, 364, 370,
    366, 364, 361, 357, 352, 349, 355, 364, 374, 375, 376, 375, 371, 364,
    353, 349, 347, 348, 352, 360, 364, 365, 370, 364, 357, 349, 342, 340,
    337, 333, 334, 334, 334, 330, 331, 328, 331, 329, 328, 327, 324, 328,
    326, 326, 325, 326, 325, 326, 326, 326, 324, 322 ]
LHandPositionsY: [ 248, 247, 250, 249, 251, 249, 250, 244, 247, 230, 219,
    202, 184, 173, 158, 144, 130, 119, 115, 113, 122, 130, 136, 135, 136,
    136, 124, 116, 119, 116, 118, 127, 137, 140, 141, 137, 124, 115, 116,
    121, 119, 117, 129, 132, 135, 136, 122, 120, 124, 125, 121, 120, 132,
    137, 143, 140, 138, 128, 125, 122, 126, 125, 122, 130, 138, 142, 150,
    163, 171, 182, 196, 208, 221, 222, 223, 230, 232, 234, 237, 236, 236,
    238, 238, 238, 236, 235, 237, 237, 235, 237, 236 ]
RHandPositionsX: [ 180, 180, 178, 180, 179, 178, 180, 179, 180, 176, 178,
    178, 178, 177, 176, 178, 180, 177, 180, 178, 178, 178, 178, 177, 180,
    176, 180, 176, 175, 179, 179, 179, 178, 179, 175, 177, 178, 176, 176,
    177, 175, 175, 175, 178, 175, 178, 177, 175, 175, 177, 176, 175, 176,
    176, 174, 178, 174, 175, 174, 175, 176, 177, 174, 176, 176, 174, 175,
    174, 178, 175, 176, 175, 177, 178, 178, 177, 177, 178, 174, 177, 176,
    178, 175, 175, 175, 177, 174, 175, 178, 176, 178 ]
RHandPositionsY: [ 259, 257, 260, 259, 258, 260, 260, 260, 256, 257, 256,
    256, 256, 258, 259, 259, 260, 256, 256, 257, 256, 260, 256, 257, 256,
    258, 258, 257, 260, 259, 259, 258, 260, 258, 258, 256, 258, 260, 257,
    258, 258, 258, 257, 256, 258, 260, 256, 256, 256, 257, 259, 260, 256,
    257, 258, 257, 260, 258, 260, 259, 257, 259, 258, 257, 258, 257, 257,
    257, 256, 256, 259, 257, 259, 256, 260, 256, 259, 259, 259, 258, 258,
    259, 258, 256, 260, 257, 257, 260, 257, 259, 259 ]
