%YAML:1.0
---
videoName: "LHShake11.mp4"
gestureLabel: 2
fps: 29
pixelSizeInCmTemp: 3.3732394366197183e-01
faceCenterPointX: 260
faceCenterPointY: 69
LHandPositionsX: [ 383, 388, 387, 376, 367, 355, 349, 353, 345, 348, 354,
    363, 364, 363, 362, 364, 358, 350, 345, 349, 346, 351, 351, 357, 357,
    356, 362, 353, 352, 345, 348, 348, 347, 353, 352, 355, 353, 352, 346,
    344, 339, 338, 337, 338, 346, 353, 355, 357, 355, 357, 353, 344, 338,
    340, 335, 341, 348, 355, 360, 360, 361, 362, 358, 356, 350, 341, 335,
    330, 333, 331, 329, 331, 331, 335, 334, 331, 333, 335, 334, 331, 331,
    333, 335, 333, 334, 334, 333, 332 ]
LHandPositionsY: [ 178, 161, 153, 143, 141, 143, 148, 144, 148, 138, 131,
    128, 129, 128, 128, 129, 132, 138, 144, 141, 143, 133, 128, 131, 128,
    130, 130, 132, 139, 147, 140, 141, 145, 140, 133, 135, 135, 133, 135,
    140, 142, 147, 147, 143, 140, 135, 131, 133, 134, 129, 138, 141, 144,
    143, 148, 144, 144, 140, 139, 139, 141, 140, 148, 157, 166, 174, 191,
    205, 217, 230, 228, 234, 236, 242, 245, 246, 247, 249, 250, 251, 251,
    251, 248, 249, 251, 252, 248, 250 ]
RHandPositionsX: [ 180, 181, 181, 179, 180, 183, 182, 181, 181, 183, 182,
    180, 182, 183, 181, 180, 181, 181, 180, 179, 183, 183, 183, 182, 182,
    180, 182, 180, 179, 179, 181, 179, 183, 181, 183, 183, 181, 182, 180,
    180, 183, 179, 182, 182, 179, 182, 179, 183, 180, 181, 180, 182, 183,
    182, 182, 180, 181, 180, 183, 180, 179, 181, 182, 180, 179, 180, 182,
    179, 183, 179, 180, 180, 179, 179, 181, 181, 183, 180, 181, 179, 183,
    179, 179, 181, 183, 182, 183, 180 ]
RHandPositionsY: [ 273, 273, 275, 273, 276, 273, 277, 273, 276, 276, 277,
    276, 276, 273, 275, 274, 277, 275, 274, 275, 273, 274, 273, 277, 275,
    277, 275, 276, 277, 273, 274, 277, 274, 274, 275, 274, 274, 275, 273,
    276, 273, 277, 275, 275, 277, 277, 276, 275, 275, 273, 273, 275, 274,
    273, 274, 276, 275, 274, 275, 276, 274, 276, 277, 275, 276, 277, 275,
    274, 273, 274, 273, 276, 273, 275, 274, 275, 277, 273, 275, 277, 276,
    277, 277, 274, 275, 275, 275, 274 ]
