%YAML:1.0
---
videoName: "LHShake01.mp4"
gestureLabel: 2
fps: 29
pixelSizeInCmTemp: 3.4214285714285714e-01
faceCenterPointX: 252
faceCenterPointY: 84
LHandPositionsX: [ 367, 365, 363, 362, 362, 355, 348, 343, 335, 333, 332,
    332, 338, 342, 350, 353, 359, 357, 353, 348, 342, 340, 339, 339, 338,
    338, 343, 349, 352, 351, 352, 350, 347, 341, 337, 334, 332, 334, 338,
    343, 342, 346, 345, 351, 347, 345, 342, 338, 333, 333, 335, 336, 338,
    340, 345, 353, 347, 348, 349, 347, 343, 341, 336, 333, 330, 326, 328,
    331, 335, 329, 330, 333, 334, 339, 341, 345, 347, 344, 348, 349, 350,
    349, 348, 348, 352, 350, 350, 351 ]
LHandPositionsY: [ 146, 138, 131, 128, 126, 118, 116, 119, 121, 122, 123,
    119, 121, 119, 115, 111, 111, 106, 111, 111, 108, 111, 113, 113, 114,
    114, 111, 107, 105, 105, 107, 107, 108, 106, 110, 115, 111, 114, 110,
    109, 109, 105, 106, 102, 105, 107, 108, 108, 106, 108, 109, 107, 110,
    107, 102, 105, 103, 103, 102, 102, 105, 102, 109, 120, 132, 144, 151,
    159, 164, 162, 171, 183, 192, 198, 206, 212, 219, 220, 223, 224, 228,
    225, 226, 230, 231, 230, 228, 232 ]
RHandPositionsX: [ 155, 154, 155, 156, 154, 153, 155, 157, 156, 155, 154,
    153, 153, 153, 156, 154, 156, 155, 155, 156, 153, 153, 153, 153, 154,
    155, 154, 156, 157, 153, 154, 155, 156, 155, 157, 156, 157, 155, 154,
    157, 157, 154, 155, 153, 156, 154, 154, 155, 157, 157, 157, 157, 157,
    153, 155, 155, 157, 157, 154, 153, 154, 157, 153, 155, 155, 157, 153,
    157, 155, 157, 157, 155, 156, 154, 155, 155, 153, 153, 157, 157, 155,
    153, 157, 153, 154, 154, 153, 155 ]
RHandPositionsY: [ 269, 268, 268, 269, 267, 267, 270, 266, 267, 268, 266,
    267, 267, 265, 264, 266, 267, 263, 267, 263, 263, 262, 262, 265, 266,
    264, 262, 264, 265, 264, 262, 262, 263, 264, 261, 260, 260, 261, 262,
    260, 264, 261, 262, 262, 260, 262, 262, 259, 263, 259, 261, 262, 262,
    260, 263, 260, 262, 261, 260, 260, 262, 259, 259, 263, 261, 263, 259,
    260, 262, 260, 261, 260, 259, 259, 261, 262, 262, 261, 260, 259, 261,
    262, 259, 261, 261, 263, 259, 262 ]
