%YAML:1.0
---
videoName: "LHShake24.mp4"
gestureLabel: 2
fps: 30
pixelSizeInCmTemp: 3.4214285714285714e-01
faceCenterPointX: 255
faceCenterPointY: 77
LHandPositionsX: [ 328, 329, 330, 328, 330, 329, 329, 329, 330, 331, 333,
    335, 342, 348, 353, 361, 371, 377, 380, 381, 381, 380, 371, 361, 348,
    340, 340, 339, 344, 348, 357, 368, 379, 379, 378, 377, 369, 359, 345,
    336, 343, 339, 346, 352, 366, 365, 368, 369, 362, 354, 346, 340, 342,
    340, 347, 354, 366, 374, 370, 373, 370, 361, 353, 343, 344, 345, 347,
    351, 361, 370, 366, 368, 366, 361, 350, 342, 337, 335, 328, 325, 322,
    325, 325, 328, 327, 325, 325, 328, 325, 328, 326 ]
LHandPositionsY: [ 262, 263, 263, 263, 264, 261, 263, 260, 261, 260, 257,
    256, 248, 236, 223, 207, 194, 183, 174, 169, 161, 153, 150, 152, 157,
    163, 161, 165, 162, 163, 155, 154, 149, 149, 147, 147, 147, 150, 152,
    156, 155, 155, 153, 153, 149, 150, 148, 151, 152, 154, 161, 164, 162,
    162, 163, 161, 158, 157, 156, 153, 158, 159, 160, 163, 163, 161, 162,
    161, 158, 156, 159, 157, 157, 159, 160, 164, 171, 179, 190, 198, 206,
    219, 232, 232, 235, 240, 241, 245, 245, 249, 248 ]
RHandPositionsX: [ 180, 180, 183, 182, 180, 179, 181, 182, 180, 182, 183,
    183, 179, 182, 179, 182, 180, 182, 181, 180, 183, 182, 179, 182, 182,
    183, 180, 183, 179, 181, 182, 182, 180, 181, 179, 180, 183, 179, 183,
    183, 182, 183, 183, 182, 179, 181, 181, 183, 179, 180, 180, 183, 181,
    179, 182, 182, 182, 179, 183, 181, 181, 180, 182, 179, 181, 182, 183,
    179, 182, 180, 183, 182, 183, 180, 183, 182, 181, 179, 180, 183, 182,
    180, 179, 179, 183, 183, 182, 182, 183, 180, 182 ]
RHandPositionsY: [ 271, 271, 270, 269, 268, 269, 269, 271, 268, 268, 269,
    269, 270, 271, 270, 271, 267, 267, 269, 270, 269, 270, 268, 270, 267,
    269, 269, 269, 271, 269, 267, 268, 267, 268, 270, 267, 268, 269, 268,
    271, 271, 271, 269, 271, 268, 270, 269, 268, 269, 269, 270, 271, 267,
    270, 267, 268, 267, 271, 267, 270, 270, 267, 271, 271, 269, 271, 269,
    268, 269, 271, 270, 270, 270, 268, 271, 267, 269, 268, 267, 267, 268,
    269, 267, 269, 271, 271, 271, 269, 268, 267, 267 ]
