%YAML:1.0
---
videoName: "LHShake20.mp4"
gestureLabel: 2
fps: 30
pixelSizeInCmTemp: 3.3732394366197183e-01
faceCenterPointX: 249
faceCenterPointY: 62
LHandPositionsX: [ 312, 316, 315, 312, 315, 313, 313, 314, 317, 319, 321,
    325, 332, 338, 341, 339, 331, 321, 314, 316, 314, 312, 319, 327, 336,
    339, 336, 336, 329, 324, 319, 318, 320, 325, 336, 343, 341, 337, 329,
    324, 326, 325, 320, 327, 331, 330, 331, 331, 325, 318, 319, 318, 321,
    325, 326, 327, 331, 324, 320, 321, 320, 317, 319, 320, 321, 323, 323,
    320, 319, 313, 312, 313, 316, 314, 314, 313, 316, 314, 314, 313, 312,
    315, 315, 314, 315, 315, 316, 316, 316, 316, 314 ]
LHandPositionsY: [ 249, 247, 250, 249, 248, 248, 246, 245, 235, 229, 218,
    204, 188, 177, 173, 167, 159, 156, 160, 162, 160, 155, 150, 146, 145,
    146, 145, 144, 142, 146, 147, 147, 149, 143, 142, 144, 142, 140, 144,
    148, 146, 145, 143, 143, 140, 142, 141, 140, 140, 146, 146, 147, 145,
    142, 137, 138, 135, 136, 139, 143, 145, 146, 146, 146, 146, 148, 160,
    169, 178, 189, 201, 212, 217, 220, 223, 228, 230, 229, 231, 231, 232,
    235, 233, 235, 234, 235, 235, 240, 238, 238, 236 ]
RHandPositionsX: [ 181, 183, 181, 182, 182, 182, 179, 182, 183, 179, 182,
    181, 183, 180, 181, 180, 180, 180, 180, 183, 180, 183, 181, 183, 179,
    181, 179, 179, 182, 183, 182, 179, 179, 180, 180, 181, 180, 182, 183,
    179, 182, 182, 182, 179, 182, 181, 180, 183, 183, 179, 179, 182, 181,
    179, 182, 181, 183, 182, 181, 180, 182, 180, 179, 182, 181, 180, 179,
    180, 179, 180, 182, 183, 180, 179, 183, 181, 178, 178, 178, 179, 178,
    178, 180, 179, 178, 179, 178, 179, 178, 179, 180 ]
RHandPositionsY: [ 253, 255, 253, 257, 254, 253, 257, 255, 255, 256, 252,
    253, 254, 252, 253, 253, 255, 253, 255, 253, 252, 256, 254, 253, 252,
    255, 253, 253, 256, 254, 254, 251, 253, 255, 255, 255, 255, 251, 255,
    252, 252, 251, 253, 253, 254, 251, 254, 255, 251, 252, 251, 253, 255,
    251, 254, 255, 254, 251, 253, 253, 253, 254, 251, 252, 253, 252, 253,
    253, 252, 253, 253, 254, 252, 255, 253, 255, 251, 254, 255, 255, 255,
    253, 255, 253, 251, 252, 251, 254, 254, 255, 255 ]
