%YAML:1.0
---
videoName: "LHShake05.mp4"
gestureLabel: 2
fps: 30
pixelSizeInCmTemp: 3.2364864864864862e-01
faceCenterPointX: 252
faceCenterPointY: 81
LHandPositionsX: [ 295, 293, 293, 292, 291, 292, 295, 293, 291, 293, 294,
    294, 303, 313, 322, 334, 341, 341, 340, 340, 342, 338, 332, 331, 328,
    333, 334, 337, 340, 346, 346, 340, 333, 323, 325, 323, 327, 331, 337,
    339, 336, 330, 320, 321, 322, 325, 325, 334, 338, 336, 334, 326, 327,
    324, 326, 324, 331, 338, 339, 336, 336, 333, 329, 328, 333, 333, 337,
    338, 342, 338, 335, 327, 320, 315, 312, 305, 302, 299, 296, 296, 293,
    294, 294, 295, 294, 291, 291, 292, 293, 293, 295 ]
LHandPositionsY: [ 266, 270, 269, 270, 266, 269, 269, 267, 266, 254, 242,
    226, 212, 200, 186, 176, 167, 163, 158, 157, 153, 155, 156, 153, 154,
    150, 147, 143, 140, 137, 132, 140, 144, 149, 147, 146, 146, 141, 138,
    133, 135, 140, 144, 144, 143, 142, 141, 138, 134, 130, 137, 141, 140,
    140, 143, 144, 140, 137, 135, 139, 142, 144, 140, 144, 143, 142, 139,
    137, 136, 138, 140, 150, 162, 167, 176, 188, 198, 209, 220, 228, 237,
    235, 238, 241, 244, 249, 253, 250, 253, 256, 257 ]
RHandPositionsX: [ 210, 210, 214, 210, 211, 212, 214, 214, 213, 211, 210,
    213, 211, 210, 209, 213, 212, 209, 213, 208, 210, 210, 208, 210, 210,
    208, 207, 207, 210, 209, 206, 206, 208, 208, 207, 210, 208, 206, 206,
    206, 210, 208, 209, 208, 209, 206, 210, 206, 207, 208, 208, 207, 208,
    209, 210, 206, 210, 210, 209, 210, 209, 208, 206, 208, 209, 208, 207,
    206, 210, 209, 207, 206, 210, 206, 207, 210, 206, 210, 210, 210, 209,
    209, 207, 210, 208, 211, 208, 209, 212, 211, 213 ]
RHandPositionsY: [ 265, 264, 264, 265, 262, 263, 264, 263, 263, 263, 262,
    263, 264, 264, 262, 266, 264, 262, 264, 265, 264, 265, 266, 266, 266,
    263, 262, 262, 264, 265, 265, 264, 264, 264, 264, 265, 264, 263, 261,
    265, 265, 261, 261, 262, 262, 264, 264, 263, 263, 261, 262, 263, 261,
    264, 263, 261, 261, 263, 261, 261, 265, 263, 265, 263, 264, 264, 262,
    261, 265, 262, 262, 263, 262, 262, 261, 263, 262, 261, 263, 261, 264,
    262, 261, 262, 261, 262, 262, 265, 265, 262, 261 ]
