%YAML:1.0
---
videoName: "LHShake19.mp4"
gestureLabel: 2
fps: 29
pixelSizeInCmTemp: 3.3732394366197183e-01
faceCenterPointX: 250
faceCenterPointY: 62
LHandPositionsX: [ 306, 308, 307, 308, 305, 308, 306, 307, 306, 305, 305,
    308, 307, 308, 307, 310, 313, 316, 320, 325, 327, 320, 311, 288, 286,
    289, 293, 298, 306, 315, 315, 312, 304, 295, 289, 287, 292, 301, 310,
    316, 320, 315, 306, 293, 289, 296, 300, 304, 314, 313, 310, 305, 295,
    293, 295, 301, 307, 313, 314, 315, 312, 307, 305, 301, 296, 290, 292,
    291, 297, 298, 301, 303, 302, 306, 304, 304, 307, 310, 309, 307, 311,
    311, 307, 307, 311, 308, 308, 309 ]
LHandPositionsY: [ 251, 250, 251, 248, 251, 249, 249, 249, 250, 248, 248,
    249, 250, 247, 248, 239, 230, 216, 202, 190, 178, 170, 165, 162, 154,
    153, 158, 159, 154, 153, 152, 154, 156, 153, 150, 147, 152, 156, 153,
    153, 153, 153, 156, 150, 148, 154, 154, 155, 151, 152, 152, 156, 148,
    147, 157, 157, 153, 153, 155, 150, 151, 156, 157, 162, 169, 171, 180,
    190, 200, 208, 218, 216, 219, 223, 224, 230, 232, 234, 236, 237, 238,
    238, 238, 238, 239, 239, 240, 238 ]
RHandPositionsX: [ 198, 197, 199, 196, 199, 195, 195, 197, 197, 197, 195,
    195, 199, 198, 199, 199, 198, 198, 199, 199, 199, 199, 199, 194, 194,
    196, 197, 198, 196, 197, 194, 195, 197, 195, 193, 193, 195, 193, 193,
    195, 193, 194, 195, 195, 191, 191, 191, 191, 194, 193, 195, 192, 192,
    192, 193, 194, 195, 194, 192, 193, 193, 193, 194, 193, 194, 195, 193,
    195, 193, 194, 193, 195, 192, 192, 192, 195, 191, 192, 191, 191, 194,
    193, 193, 191, 192, 193, 191, 192 ]
RHandPositionsY: [ 254, 257, 258, 258, 254, 257, 255, 255, 256, 254, 258,
    254, 254, 258, 256, 255, 255, 254, 255, 254, 255, 255, 255, 257, 257,
    257, 255, 255, 256, 255, 256, 258, 256, 258, 255, 257, 254, 256, 255,
    254, 256, 258, 255, 256, 255, 255, 257, 255, 255, 255, 257, 258, 257,
    257, 256, 257, 255, 258, 254, 255, 256, 256, 256, 256, 258, 257, 254,
    256, 257, 256, 255, 255, 258, 255, 255, 255, 256, 258, 255, 254, 258,
    256, 258, 258, 256, 256, 258, 254 ]
