%YAML:1.0
---
videoName: "LHShake03.mp4"
gestureLabel: 2
fps: 30
pixelSizeInCmTemp: 3.2808219178082193e-01
faceCenterPointX: 251
faceCenterPointY: 79
LHandPositionsX: [ 343, 347, 350, 354, 357, 355, 354, 349, 336, 328, 317,
    316, 315, 316, 314, 321, 324, 330, 334, 337, 338, 340, 336, 331, 323,
    325, 325, 324, 327, 328, 333, 343, 343, 339, 336, 323, 318, 314, 312,
    314, 316, 319, 326, 333, 337, 334, 334, 330, 324, 322, 322, 327, 334,
    340, 341, 341, 338, 334, 337, 334, 335, 328, 321, 319, 313, 312, 308,
    301, 302, 297, 298, 295, 297, 296, 292, 293, 289, 289, 292, 289, 290,
    290, 292, 288, 288, 285, 287, 288, 287, 283, 284 ]
LHandPositionsY: [ 140, 135, 129, 119, 115, 111, 103, 101, 98, 100, 105,
    107, 103, 99, 97, 94, 91, 87, 88, 88, 85, 88, 87, 89, 87, 88, 92, 89,
    86, 88, 87, 85, 82, 86, 87, 89, 91, 97, 96, 94, 89, 93, 88, 88, 85,
    86, 88, 88, 90, 90, 91, 92, 91, 85, 86, 88, 92, 96, 97, 103, 112,
    129, 144, 154, 166, 176, 184, 196, 207, 215, 220, 222, 223, 229, 232,
    234, 240, 241, 246, 251, 250, 247, 249, 253, 256, 251, 255, 255, 251,
    253, 253 ]
RHandPositionsX: [ 214, 213, 216, 214, 213, 213, 211, 214, 213, 213, 215,
    213, 212, 211, 215, 214, 215, 213, 211, 213, 215, 214, 213, 212, 214,
    211, 211, 212, 214, 211, 212, 211, 212, 213, 212, 211, 212, 214, 215,
    214, 212, 212, 214, 212, 215, 211, 212, 215, 212, 215, 211, 213, 211,
    211, 215, 212, 212, 210, 214, 212, 211, 211, 211, 213, 211, 214, 214,
    212, 211, 210, 210, 210, 212, 211, 212, 210, 211, 211, 214, 210, 211,
    214, 211, 214, 214, 211, 210, 210, 214, 211, 210 ]
RHandPositionsY: [ 258, 254, 256, 254, 254, 253, 252, 256, 252, 254, 255,
    254, 255, 254, 255, 254, 255, 254, 256, 253, 255, 251, 251, 251, 254,
    251, 254, 251, 255, 255, 255, 253, 251, 254, 252, 252, 251, 254, 254,
    255, 255, 252, 251, 252, 253, 252, 252, 254, 255, 251, 251, 254, 251,
    253, 254, 254, 255, 253, 254, 254, 253, 255, 255, 255, 253, 252, 255,
    251, 251, 252, 252, 255, 254, 251, 254, 251, 253, 251, 255, 254, 254,
    255, 251, 251, 251, 252, 252, 252, 255, 253, 252 ]
