%YAML:1.0
---
videoName: "LHShake23.mp4"
gestureLabel: 2
fps: 30
pixelSizeInCmTemp: 3.3263888888888887e-01
faceCenterPointX: 259
faceCenterPointY: 79
LHandPositionsX: [ 333, 330, 334, 331, 331, 334, 333, 332, 330, 333, 335,
    333, 339, 347, 348, 358, 369, 373, 375, 378, 380, 379, 377, 367, 359,
    350, 352, 352, 356, 364, 373, 381, 384, 383, 385, 377, 372, 361, 361,
    358, 361, 370, 379, 382, 382, 383, 379, 372, 362, 358, 357, 350, 354,
    363, 375, 383, 380, 380, 380, 375, 364, 357, 359, 359, 358, 366, 374,
    380, 379, 378, 376, 374, 369, 365, 356, 352, 346, 346, 342, 337, 339,
    339, 340, 335, 337, 335, 338, 337, 337, 334, 336 ]
LHandPositionsY: [ 265, 265, 264, 262, 265, 264, 266, 263, 263, 262, 257,
    252, 242, 229, 230, 213, 201, 199, 195, 186, 180, 171, 165, 166, 168,
    167, 170, 168, 168, 166, 162, 162, 161, 157, 159, 160, 162, 162, 164,
    165, 165, 162, 163, 157, 159, 161, 161, 159, 159, 165, 166, 164, 169,
    167, 167, 166, 163, 162, 161, 163, 167, 167, 167, 170, 168, 171, 166,
    167, 169, 167, 169, 171, 177, 183, 193, 200, 215, 225, 238, 248, 247,
    252, 252, 251, 254, 252, 252, 256, 254, 253, 255 ]
RHandPositionsX: [ 184, 183, 186, 185, 183, 186, 183, 182, 186, 183, 182,
    186, 186, 186, 184, 186, 183, 185, 184, 184, 183, 185, 182, 185, 184,
    183, 184, 183, 183, 186, 184, 184, 182, 184, 185, 183, 185, 184, 184,
    186, 186, 186, 186, 183, 185, 184, 183, 185, 182, 186, 184, 186, 185,
    183, 185, 184, 184, 184, 185, 185, 182, 184, 186, 184, 185, 185, 186,
    184, 185, 185, 183, 185, 186, 182, 184, 186, 182, 183, 182, 183, 182,
    185, 182, 185, 186, 183, 184, 185, 182, 186, 186 ]
RHandPositionsY: [ 274, 273, 273, 274, 273, 274, 271, 272, 270, 274, 271,
    274, 273, 271, 274, 272, 270, 272, 274, 273, 273, 274, 273, 273, 271,
    274, 272, 270, 274, 270, 270, 274, 273, 271, 270, 274, 271, 270, 274,
    270, 273, 270, 274, 272, 274, 271, 273, 274, 272, 272, 274, 271, 274,
    273, 270, 271, 270, 274, 272, 272, 271, 272, 274, 274, 271, 271, 270,
    272, 273, 272, 270, 273, 270, 270, 274, 273, 272, 270, 274, 274, 274,
    271, 272, 273, 270, 274, 273, 272, 273, 272, 274 ]
