%YAML:1.0
---
videoName: "LHShake22.mp4"
gestureLabel: 2
fps: 29
pixelSizeInCmTemp: 3.5220588235294115e-01
faceCenterPointX: 261
faceCenterPointY: 79
LHandPositionsX: [ 338, 346, 350, 356, 354, 358, 359, 353, 345, 338, 328,
    321, 321, 322, 319, 324, 329, 339, 343, 345, 346, 343, 338, 332, 323,
    324, 323, 324, 333, 340, 343, 343, 342, 336, 332, 322, 315, 317, 321,
    322, 326, 336, 334, 337, 333, 328, 326, 320, 322, 320, 325, 327, 334,
    343, 344, 341, 342, 336, 324, 321, 320, 314, 317, 324, 330, 339, 336,
    335, 333, 329, 330, 325, 319, 320, 322, 324, 324, 325, 324, 326, 327,
    325, 327, 324, 327, 325, 323, 324 ]
LHandPositionsY: [ 261, 256, 246, 239, 236, 220, 209, 204, 194, 186, 186,
    186, 184, 185, 183, 181, 176, 176, 173, 171, 170, 169, 173, 176, 179,
    180, 177, 180, 174, 173, 171, 173, 171, 172, 175, 181, 181, 182, 182,
    182, 178, 177, 176, 175, 177, 174, 177, 183, 181, 180, 179, 181, 179,
    177, 174, 177, 176, 175, 177, 180, 181, 180, 180, 181, 177, 180, 180,
    181, 186, 187, 196, 202, 211, 222, 231, 240, 239, 246, 248, 248, 246,
    250, 247, 250, 250, 251, 248, 248 ]
RHandPositionsX: [ 192, 193, 190, 189, 193, 192, 192, 191, 192, 192, 192,
    191, 193, 190, 193, 193, 193, 191, 190, 191, 190, 193, 190, 189, 193,
    190, 193, 191, 190, 193, 192, 190, 190, 193, 193, 192, 192, 193, 191,
    191, 192, 189, 190, 190, 190, 192, 193, 193, 190, 192, 192, 189, 193,
    193, 191, 192, 192, 191, 189, 191, 191, 189, 190, 190, 191, 189, 192,
    191, 190, 191, 193, 189, 190, 193, 192, 192, 190, 189, 192, 192, 191,
    189, 191, 190, 190, 190, 190, 191 ]
RHandPositionsY: [ 269, 266, 268, 268, 267, 270, 270, 270, 267, 269, 269,
    267, 270, 268, 267, 268, 268, 266, 269, 268, 269, 268, 269, 266, 267,
    266, 269, 269, 267, 267, 269, 269, 266, 270, 270, 270, 269, 269, 266,
    266, 268, 269, 266, 269, 269, 268, 269, 266, 270, 267, 267, 270, 267,
    269, 269, 266, 270, 270, 268, 266, 268, 269, 269, 270, 268, 269, 268,
    266, 270, 270, 268, 268, 267, 268, 269, 270, 266, 268, 268, 269, 267,
    266, 267, 266, 270, 266, 266, 269 ]
