%YAML:1.0
---
videoName: "LHShake23.mp4"
gestureLabel: 2
fps: 30
pixelSizeInCmTemp: 3.3263888888888887e-01
faceCenterPointX: 259
faceCenterPointY: 79
LHandPositionsX: [ 334, 333, 331, 330, 330, 330, 331, 334, 333, 332, 335,
    333, 342, 347, 347, 362, 368, 373, 376, 379, 377, 379, 373, 367, 359,
    351, 351, 353, 353, 362, 370, 379, 385, 386, 382, 381, 369, 362, 361,
    360, 361, 369, 375, 383, 382, 380, 378, 372, 363, 358, 356, 352, 357,
    364, 375, 382, 383, 382, 379, 375, 364, 355, 359, 355, 358, 366, 374,
    379, 378, 377, 376, 374, 367, 365, 357, 350, 349, 344, 343, 337, 340,
    336, 339, 337, 337, 337, 334, 337, 334, 335, 333 ]
LHandPositionsY: [ 264, 264, 264, 262, 265, 264, 265, 263, 262, 261, 260,
    252, 243, 231, 228, 213, 199, 196, 194, 187, 182, 173, 165, 168, 165,
    169, 166, 171, 169, 168, 163, 163, 157, 161, 158, 163, 162, 162, 163,
    162, 167, 165, 162, 161, 161, 158, 157, 158, 161, 166, 166, 167, 167,
    166, 164, 166, 164, 163, 161, 164, 166, 168, 167, 168, 168, 171, 169,
    167, 167, 168, 169, 174, 177, 184, 193, 200, 213, 226, 239, 249, 248,
    252, 249, 254, 255, 254, 256, 253, 256, 254, 255 ]
RHandPositionsX: [ 186, 185, 182, 183, 186, 183, 183, 182, 186, 183, 184,
    183, 186, 185, 185, 183, 186, 186, 183, 186, 183, 183, 182, 182, 184,
    185, 184, 186, 184, 184, 186, 185, 184, 183, 183, 183, 183, 184, 182,
    184, 184, 186, 186, 185, 186, 186, 186, 184, 184, 183, 186, 185, 183,
    183, 184, 186, 186, 182, 183, 183, 183, 184, 185, 185, 183, 183, 186,
    186, 183, 184, 185, 182, 185, 183, 182, 185, 184, 185, 183, 182, 185,
    182, 183, 183, 185, 186, 184, 182, 184, 185, 184 ]
RHandPositionsY: [ 271, 272, 274, 273, 271, 273, 271, 272, 270, 273, 271,
    271, 274, 272, 271, 270, 273, 271, 274, 272, 274, 274, 271, 274, 274,
    271, 270, 274, 274, 274, 274, 270, 271, 274, 273, 270, 270, 273, 273,
    273, 271, 270, 272, 271, 273, 272, 270, 271, 273, 273, 271, 273, 270,
    274, 273, 271, 272, 272, 271, 272, 272, 272, 271, 270, 271, 272, 270,
    271, 272, 274, 271, 271, 274, 273, 270, 272, 272, 274, 271, 270, 271,
    271, 270, 272, 273, 270, 271, 274, 272, 271, 270 ]
