%YAML:1.0
---
videoName: "LHShake18.mp4"
gestureLabel: 2
fps: 29
pixelSizeInCmTemp: 3.4214285714285714e-01
faceCenterPointX: 253
faceCenterPointY: 65
LHandPositionsX: [ 314, 313, 315, 311, 311, 313, 314, 313, 312, 311, 312,
    313, 312, 315, 311, 315, 313, 316, 321, 324, 332, 336, 344, 349, 348,
    348, 337, 326, 314, 299, 301, 306, 308, 312, 312, 311, 312, 305, 299,
    290, 294, 298, 308, 316, 313, 310, 306, 297, 289, 284, 286, 299, 306,
    316, 311, 313, 306, 291, 287, 286, 292, 300, 309, 310, 311, 308, 306,
    292, 293, 302, 303, 307, 310, 312, 314, 312, 304, 305, 305, 303, 308,
    305, 306, 310, 308, 307, 309, 307 ]
LHandPositionsY: [ 248, 249, 248, 246, 246, 247, 246, 249, 249, 248, 249,
    248, 250, 246, 249, 249, 246, 248, 246, 233, 216, 200, 189, 177, 166,
    157, 155, 148, 148, 138, 139, 141, 145, 142, 139, 139, 144, 147, 145,
    141, 135, 142, 144, 146, 143, 145, 148, 145, 144, 139, 143, 148, 150,
    150, 147, 149, 151, 143, 144, 145, 148, 152, 155, 153, 150, 153, 156,
    148, 145, 153, 154, 151, 155, 155, 161, 165, 176, 188, 195, 209, 215,
    219, 220, 232, 232, 233, 233, 233 ]
RHandPositionsX: [ 198, 194, 196, 196, 194, 199, 198, 197, 198, 197, 195,
    196, 197, 198, 196, 199, 196, 195, 199, 199, 198, 198, 196, 197, 195,
    196, 195, 198, 195, 195, 195, 194, 196, 198, 196, 199, 195, 199, 196,
    199, 199, 198, 195, 197, 198, 198, 197, 200, 200, 197, 199, 199, 199,
    197, 197, 196, 200, 200, 197, 197, 198, 198, 196, 199, 195, 198, 196,
    197, 196, 194, 194, 197, 198, 194, 195, 194, 196, 195, 196, 194, 198,
    195, 198, 197, 194, 195, 196, 197 ]
RHandPositionsY: [ 265, 266, 262, 263, 265, 263, 267, 265, 267, 267, 266,
    265, 265, 264, 267, 263, 265, 265, 266, 265, 263, 266, 264, 265, 266,
    265, 264, 262, 263, 264, 265, 264, 265, 266, 265, 265, 264, 264, 267,
    264, 264, 267, 268, 267, 268, 268, 265, 264, 265, 268, 267, 268, 264,
    266, 267, 266, 266, 267, 269, 269, 267, 264, 267, 265, 269, 268, 266,
    266, 267, 267, 267, 267, 266, 267, 268, 266, 266, 265, 266, 265, 265,
    266, 268, 264, 268, 266, 266, 264 ]
