%YAML:1.0
---
videoName: "LHShake19.mp4"
gestureLabel: 2
fps: 29
pixelSizeInCmTemp: 3.3732394366197183e-01
faceCenterPointX: 250
faceCenterPointY: 62
LHandPositionsX: [ 309, 305, 309, 308, 307, 306, 307, 308, 305, 305, 307,
    308, 307, 306, 307, 311, 310, 317, 320, 326, 327, 323, 312, 292, 288,
    287, 290, 298, 307, 313, 316, 313, 305, 294, 289, 290, 292, 303, 310,
    319, 320, 315, 305, 293, 289, 293, 299, 308, 315, 314, 311, 309, 294,
    294, 295, 301, 305, 317, 314, 314, 314, 308, 303, 300, 298, 290, 291,
    292, 297, 301, 304, 302, 302, 306, 306, 306, 309, 308, 311, 310, 311,
    311, 310, 310, 309, 310, 309, 308 ]
LHandPositionsY: [ 252, 252, 248, 248, 248, 251, 251, 248, 252, 249, 248,
    252, 248, 250, 245, 241, 229, 216, 205, 188, 179, 168, 163, 162, 156,
    155, 156, 155, 157, 152, 153, 151, 155, 154, 148, 146, 156, 153, 151,
    154, 149, 154, 157, 149, 145, 155, 153, 154, 151, 151, 152, 159, 146,
    144, 155, 155, 156, 155, 154, 151, 155, 154, 158, 162, 165, 171, 179,
    190, 198, 207, 214, 214, 216, 219, 224, 228, 230, 236, 234, 235, 237,
    236, 236, 239, 237, 237, 239, 239 ]
RHandPositionsX: [ 196, 197, 198, 196, 198, 195, 198, 195, 197, 196, 199,
    199, 195, 196, 199, 195, 196, 199, 198, 198, 196, 195, 198, 198, 198,
    194, 198, 194, 198, 196, 194, 193, 194, 193, 196, 193, 195, 194, 193,
    192, 195, 191, 191, 195, 195, 192, 193, 192, 193, 194, 191, 193, 193,
    195, 191, 193, 194, 191, 195, 192, 191, 193, 191, 194, 192, 195, 191,
    192, 194, 194, 192, 193, 195, 193, 191, 192, 194, 192, 193, 192, 195,
    194, 195, 193, 193, 193, 195, 193 ]
RHandPositionsY: [ 257, 258, 254, 258, 255, 255, 255, 255, 254, 254, 254,
    254, 254, 257, 256, 254, 258, 257, 256, 257, 256, 256, 258, 254, 254,
    258, 258, 256, 258, 257, 255, 258, 257, 256, 257, 255, 257, 255, 257,
    258, 257, 258, 258, 257, 258, 258, 256, 254, 256, 257, 256, 256, 256,
    256, 256, 258, 258, 256, 254, 254, 254, 256, 256, 257, 256, 257, 258,
    258, 254, 258, 255, 256, 258, 254, 258, 258, 254, 257, 258, 257, 256,
    257, 255, 257, 254, 256, 257, 256 ]
