%YAML:1.0
---
videoName: "LHShake03.mp4"
gestureLabel: 2
fps: 30
pixelSizeInCmTemp: 3.2808219178082193e-01
faceCenterPointX: 251
faceCenterPointY: 79
LHandPositionsX: [ 341, 346, 351, 355, 357, 358, 354, 347, 335, 326, 313,
    316, 316, 317, 313, 322, 325, 330, 333, 334, 338, 340, 333, 329, 326,
    322, 324, 323, 326, 329, 333, 341, 343, 339, 333, 324, 315, 315, 309,
    313, 317, 321, 328, 330, 334, 334, 334, 327, 326, 325, 324, 326, 334,
    338, 343, 343, 336, 335, 339, 337, 334, 326, 321, 318, 313, 313, 307,
    304, 299, 300, 299, 294, 298, 297, 293, 290, 290, 292, 291, 293, 291,
    289, 288, 289, 286, 285, 287, 288, 285, 283, 287 ]
LHandPositionsY: [ 141, 135, 129, 119, 116, 107, 105, 102, 99, 96, 105,
    107, 106, 100, 98, 94, 92, 88, 89, 87, 85, 88, 87, 90, 90, 88, 92,
    89, 87, 84, 87, 83, 80, 86, 86, 92, 91, 96, 98, 95, 92, 89, 88, 90,
    88, 86, 84, 87, 90, 89, 90, 90, 90, 89, 85, 88, 94, 94, 99, 102, 115,
    129, 144, 156, 166, 176, 185, 197, 204, 212, 221, 224, 227, 229, 230,
    238, 240, 243, 245, 251, 248, 248, 252, 252, 253, 254, 252, 251, 253,
    255, 255 ]
RHandPositionsX: [ 216, 213, 216, 213, 213, 213, 215, 215, 214, 214, 215,
    215, 214, 213, 215, 214, 214, 215, 214, 215, 213, 211, 212, 213, 215,
    212, 215, 213, 214, 211, 214, 211, 211, 213, 215, 213, 213, 215, 211,
    215, 214, 215, 211, 214, 211, 215, 212, 214, 214, 213, 214, 211, 212,
    214, 214, 213, 210, 214, 213, 214, 210, 211, 213, 211, 214, 213, 214,
    211, 213, 213, 214, 212, 211, 211, 212, 213, 211, 212, 212, 212, 211,
    213, 210, 211, 213, 212, 214, 212, 214, 214, 210 ]
RHandPositionsY: [ 255, 255, 255, 255, 254, 256, 253, 255, 256, 254, 255,
    255, 253, 255, 256, 252, 256, 253, 252, 255, 253, 252, 252, 254, 252,
    251, 251, 254, 255, 252, 251, 255, 254, 254, 254, 252, 252, 255, 251,
    251, 251, 254, 253, 252, 255, 254, 255, 255, 251, 253, 254, 251, 251,
    254, 251, 255, 253, 252, 251, 254, 251, 254, 251, 251, 251, 253, 255,
    254, 253, 252, 254, 254, 255, 253, 254, 252, 255, 252, 252, 255, 254,
    251, 254, 254, 251, 251, 255, 255, 255, 252, 254 ]
