%YAML:1.0
---
videoName: "LHShake22.mp4"
gestureLabel: 2
fps: 29
pixelSizeInCmTemp: 3.5220588235294115e-01
faceCenterPointX: 261
faceCenterPointY: 79
LHandPositionsX: [ 338, 343, 350, 353, 357, 357, 357, 354, 348, 338, 327,
    320, 320, 319, 317, 321, 332, 336, 346, 342, 342, 345, 335, 332, 321,
    324, 326, 327, 330, 338, 344, 342, 341, 337, 329, 321, 317, 319, 319,
    321, 327, 335, 338, 338, 333, 332, 327, 321, 319, 321, 321, 330, 335,
    341, 341, 345, 340, 333, 323, 320, 320, 318, 319, 326, 332, 338, 336,
    337, 333, 330, 330, 324, 320, 321, 322, 324, 321, 324, 326, 326, 323,
    324, 325, 326, 325, 325, 327, 326 ]
LHandPositionsY: [ 258, 252, 246, 239, 233, 219, 209, 204, 192, 187, 185,
    183, 187, 184, 180, 181, 178, 174, 175, 174, 174, 173, 173, 177, 176,
    180, 180, 177, 176, 172, 173, 171, 171, 170, 177, 181, 182, 182, 183,
    182, 182, 178, 174, 176, 174, 174, 178, 183, 181, 182, 179, 181, 180,
    174, 174, 174, 178, 175, 181, 181, 180, 181, 182, 179, 176, 177, 178,
    179, 182, 188, 196, 201, 209, 222, 231, 240, 239, 243, 246, 248, 245,
    248, 248, 250, 249, 251, 249, 249 ]
RHandPositionsX: [ 192, 191, 190, 191, 193, 193, 192, 189, 189, 189, 193,
    189, 189, 192, 189, 189, 189, 190, 190, 193, 192, 189, 192, 193, 192,
    193, 193, 192, 190, 192, 191, 189, 192, 190, 189, 192, 191, 191, 190,
    193, 192, 189, 192, 192, 191, 192, 189, 192, 191, 192, 192, 191, 192,
    192, 192, 189, 193, 191, 189, 192, 191, 191, 191, 193, 191, 192, 193,
    193, 191, 191, 192, 191, 193, 190, 190, 191, 193, 193, 191, 189, 191,
    193, 190, 191, 191, 191, 193, 191 ]
RHandPositionsY: [ 268, 269, 267, 268, 267, 266, 266, 269, 268, 270, 268,
    267, 269, 270, 266, 266, 267, 267, 270, 269, 268, 266, 267, 270, 270,
    266, 269, 269, 267, 270, 268, 269, 266, 268, 270, 268, 267, 266, 270,
    266, 270, 269, 270, 267, 268, 268, 266, 269, 269, 266, 267, 270, 268,
    269, 266, 266, 268, 269, 266, 270, 267, 267, 269, 270, 270, 270, 266,
    269, 266, 268, 270, 268, 268, 266, 268, 268, 270, 270, 270, 267, 269,
    266, 266, 266, 270, 269, 266, 267 ]
