%YAML:1.0
---
videoName: "LHShake24.mp4"
gestureLabel: 2
fps: 30
pixelSizeInCmTemp: 3.4214285714285714e-01
faceCenterPointX: 255
faceCenterPointY: 77
LHandPositionsX: [ 327, 329, 330, 330, 328, 327, 326, 328, 329, 329, 330,
    336, 343, 345, 351, 363, 371, 374, 380, 381, 380, 381, 372, 361, 347,
    339, 343, 342, 340, 348, 360, 369, 380, 377, 374, 375, 370, 357, 343,
    336, 342, 338, 343, 355, 364, 365, 367, 368, 362, 353, 343, 340, 340,
    339, 347, 353, 365, 371, 369, 371, 368, 364, 353, 346, 346, 344, 344,
    351, 360, 370, 367, 367, 364, 358, 348, 340, 338, 335, 326, 326, 323,
    325, 327, 326, 328, 326, 326, 329, 328, 324, 325 ]
LHandPositionsY: [ 264, 263, 260, 262, 262, 260, 260, 261, 260, 262, 258,
    258, 245, 238, 224, 210, 195, 183, 173, 171, 160, 151, 152, 152, 157,
    164, 164, 164, 161, 162, 155, 152, 150, 149, 151, 148, 147, 147, 151,
    153, 152, 154, 154, 151, 148, 148, 148, 151, 151, 156, 160, 165, 163,
    163, 161, 159, 158, 160, 157, 153, 157, 158, 159, 161, 164, 161, 163,
    163, 160, 156, 157, 159, 156, 158, 161, 163, 170, 178, 189, 198, 207,
    218, 228, 232, 237, 238, 241, 245, 249, 247, 250 ]
RHandPositionsX: [ 183, 182, 179, 180, 182, 181, 180, 181, 183, 183, 180,
    182, 182, 181, 180, 183, 183, 180, 179, 183, 181, 182, 181, 181, 179,
    179, 179, 180, 182, 179, 183, 179, 179, 183, 181, 183, 181, 180, 183,
    182, 182, 179, 183, 179, 181, 179, 183, 181, 181, 180, 181, 179, 183,
    181, 182, 182, 182, 180, 182, 181, 180, 180, 183, 179, 180, 183, 180,
    181, 179, 183, 179, 180, 181, 179, 180, 183, 181, 179, 182, 179, 182,
    179, 182, 182, 180, 181, 181, 182, 183, 182, 180 ]
RHandPositionsY: [ 268, 270, 267, 271, 268, 267, 271, 269, 267, 269, 269,
    268, 268, 270, 268, 271, 271, 269, 267, 267, 271, 270, 267, 269, 267,
    270, 269, 270, 267, 267, 271, 268, 270, 270, 270, 268, 269, 271, 270,
    271, 269, 271, 270, 271, 270, 268, 267, 267, 267, 267, 268, 270, 268,
    270, 269, 267, 268, 267, 269, 269, 271, 269, 269, 270, 267, 267, 270,
    269, 267, 270, 271, 270, 269, 270, 271, 269, 271, 270, 270, 270, 269,
    269, 267, 269, 270, 268, 267, 269, 269, 268, 268 ]
