%YAML:1.0
---
videoName: "LHShake07.mp4"
gestureLabel: 2
fps: 29
pixelSizeInCmTemp: 3.3732394366197183e-01
faceCenterPointX: 265
faceCenterPointY: 78
LHandPositionsX: [ 349, 346, 352, 355, 362, 367, 375, 386, 392, 393, 395,
    393, 384, 374, 355, 345, 338, 342, 338, 343, 350, 361, 369, 367, 366,
    364, 360, 345, 341, 343, 344, 346, 355, 359, 368, 371, 365, 361, 361,
    352, 344, 349, 345, 349, 355, 360, 362, 361, 366, 363, 337, 328, 334,
    336, 340, 357, 366, 374, 370, 382, 374, 362, 354, 350, 341, 340, 337,
    334, 334, 339, 337, 342, 341, 343, 344, 344, 342, 341, 344, 342, 343,
    340, 343, 340, 342, 342, 344, 341 ]
LHandPositionsY: [ 277, 278, 274, 266, 256, 249, 235, 218, 203, 189, 179,
    160, 152, 140, 142, 138, 148, 145, 147, 147, 141, 136, 137, 136, 139,
    135, 133, 138, 146, 141, 139, 130, 133, 135, 128, 125, 129, 133, 134,
    133, 142, 141, 145, 140, 136, 138, 138, 136, 130, 128, 135, 150, 145,
    135, 134, 131, 129, 136, 133, 130, 133, 136, 147, 158, 170, 179, 192,
    203, 220, 229, 241, 249, 251, 256, 256, 261, 261, 264, 265, 266, 265,
    266, 268, 265, 269, 266, 267, 266 ]
RHandPositionsX: [ 183, 182, 184, 181, 181, 184, 183, 181, 181, 184, 181,
    182, 183, 184, 184, 181, 185, 185, 185, 182, 184, 185, 185, 185, 181,
    181, 184, 184, 183, 185, 181, 183, 184, 181, 181, 181, 183, 183, 182,
    182, 184, 185, 185, 181, 183, 182, 185, 182, 184, 184, 185, 182, 182,
    182, 183, 185, 184, 184, 185, 181, 181, 181, 185, 184, 181, 183, 181,
    183, 185, 182, 181, 182, 182, 184, 183, 183, 184, 185, 181, 183, 184,
    185, 185, 184, 181, 182, 182, 183 ]
RHandPositionsY: [ 280, 278, 280, 279, 280, 277, 279, 277, 276, 276, 277,
    280, 278, 279, 276, 280, 276, 278, 280, 277, 279, 276, 279, 279, 277,
    277, 278, 280, 278, 279, 276, 279, 277, 277, 276, 280, 277, 280, 279,
    280, 278, 276, 280, 276, 277, 279, 279, 278, 278, 278, 280, 278, 279,
    280, 277, 276, 277, 277, 276, 280, 276, 280, 280, 277, 280, 279, 276,
    278, 278, 279, 280, 279, 277, 280, 278, 280, 278, 277, 279, 277, 277,
    277, 280, 277, 280, 278, 278, 280 ]
