%YAML:1.0
---
videoName: "LHShake21.mp4"
gestureLabel: 2
fps: 29
pixelSizeInCmTemp: 3.4214285714285714e-01
faceCenterPointX: 266
faceCenterPointY: 79
LHandPositionsX: [ 350, 352, 367, 371, 385, 395, 396, 404, 423, 413, 415,
    400, 388, 378, 373, 377, 374, 375, 385, 403, 399, 398, 398, 394, 384,
    372, 371, 370, 372, 371, 375, 392, 387, 384, 387, 381, 373, 369, 366,
    365, 370, 369, 378, 390, 387, 384, 398, 392, 382, 374, 363, 363, 367,
    367, 376, 379, 386, 384, 383, 386, 387, 379, 371, 364, 355, 350, 344,
    339, 337, 335, 334, 333, 334, 336, 332, 332, 330, 331, 330, 332, 333,
    334, 333, 331, 333, 333, 330, 331 ]
LHandPositionsY: [ 272, 262, 246, 229, 210, 193, 182, 167, 151, 150, 139,
    132, 132, 134, 133, 136, 131, 130, 127, 127, 131, 128, 131, 135, 137,
    131, 144, 144, 141, 136, 137, 133, 136, 136, 133, 136, 138, 147, 148,
    144, 149, 145, 140, 140, 139, 140, 135, 137, 143, 147, 153, 153, 154,
    156, 151, 144, 142, 140, 140, 150, 153, 160, 170, 179, 189, 204, 215,
    225, 238, 240, 244, 247, 252, 251, 250, 252, 251, 251, 254, 252, 250,
    253, 254, 253, 252, 252, 251, 253 ]
RHandPositionsX: [ 187, 188, 188, 188, 188, 184, 187, 185, 186, 188, 186,
    187, 184, 186, 186, 187, 184, 187, 186, 188, 184, 184, 185, 187, 186,
    188, 186, 186, 186, 184, 187, 185, 186, 186, 187, 185, 184, 185, 184,
    186, 188, 184, 186, 186, 184, 187, 185, 187, 184, 185, 185, 188, 184,
    188, 188, 186, 186, 186, 187, 184, 187, 186, 185, 186, 188, 184, 187,
    188, 188, 186, 185, 188, 185, 187, 184, 187, 185, 186, 185, 186, 185,
    184, 187, 188, 184, 187, 186, 184 ]
RHandPositionsY: [ 265, 267, 268, 268, 265, 265, 267, 265, 265, 266, 266,
    267, 265, 268, 268, 268, 269, 268, 268, 265, 269, 265, 269, 269, 269,
    266, 268, 266, 268, 266, 266, 267, 265, 267, 267, 269, 266, 269, 266,
    265, 266, 269, 266, 267, 269, 267, 268, 266, 268, 268, 265, 266, 268,
    268, 269, 267, 266, 265, 269, 267, 267, 267, 267, 266, 267, 267, 266,
    266, 265, 267, 269, 269, 265, 266, 265, 265, 269, 266, 267, 265, 267,
    268, 268, 267, 265, 267, 268, 265 ]
