%YAML:1.0
---
videoName: "LHShake01.mp4"
gestureLabel: 2
fps: 29
pixelSizeInCmTemp: 3.4214285714285714e-01
faceCenterPointX: 252
faceCenterPointY: 84
LHandPositionsX: [ 367, 363, 367, 366, 358, 357, 346, 342, 337, 330, 331,
    334, 339, 343, 347, 353, 358, 356, 351, 345, 342, 339, 340, 337, 337,
    341, 345, 349, 349, 350, 353, 351, 346, 340, 336, 336, 332, 336, 334,
    340, 346, 349, 349, 349, 349, 345, 343, 338, 337, 332, 331, 335, 336,
    344, 346, 353, 347, 347, 347, 350, 344, 341, 336, 333, 328, 329, 329,
    335, 335, 327, 331, 333, 334, 337, 340, 343, 347, 345, 345, 350, 348,
    351, 350, 348, 351, 352, 348, 349 ]
LHandPositionsY: [ 144, 140, 134, 125, 125, 121, 120, 117, 121, 119, 123,
    120, 122, 119, 112, 110, 109, 106, 111, 110, 111, 114, 113, 112, 112,
    114, 109, 106, 104, 107, 105, 107, 105, 107, 113, 113, 114, 111, 111,
    111, 110, 108, 105, 102, 104, 109, 104, 107, 109, 112, 108, 111, 110,
    107, 106, 103, 101, 102, 104, 103, 103, 104, 109, 123, 135, 142, 153,
    162, 163, 163, 170, 183, 189, 199, 206, 213, 221, 221, 224, 222, 224,
    226, 228, 229, 230, 230, 230, 229 ]
RHandPositionsX: [ 156, 155, 154, 154, 153, 155, 157, 156, 153, 156, 155,
    156, 153, 154, 155, 154, 155, 153, 156, 153, 153, 157, 154, 156, 154,
    156, 157, 154, 153, 157, 153, 156, 154, 155, 154, 153, 154, 154, 156,
    155, 156, 155, 153, 153, 155, 154, 156, 156, 157, 154, 153, 155, 157,
    153, 155, 156, 153, 156, 156, 156, 153, 153, 155, 154, 153, 154, 155,
    157, 155, 155, 156, 155, 156, 153, 156, 155, 157, 156, 157, 153, 157,
    156, 154, 154, 156, 156, 153, 153 ]
RHandPositionsY: [ 268, 269, 268, 268, 266, 269, 266, 266, 269, 267, 266,
    267, 268, 266, 266, 266, 265, 267, 264, 264, 267, 262, 263, 262, 264,
    265, 265, 263, 263, 261, 263, 263, 265, 262, 262, 261, 263, 263, 264,
    264, 261, 261, 263, 261, 261, 260, 263, 262, 259, 261, 261, 259, 261,
    261, 263, 260, 261, 260, 260, 262, 260, 262, 260, 259, 260, 259, 259,
    263, 262, 261, 260, 262, 261, 263, 262, 263, 262, 263, 261, 262, 260,
    263, 259, 262, 262, 260, 259, 260 ]
