%YAML:1.0
---
videoName: "LHShake23.mp4"
gestureLabel: 2
fps: 30
pixelSizeInCmTemp: 3.3263888888888887e-01
faceCenterPointX: 259
faceCenterPointY: 79
LHandPositionsX: [ 332, 333, 330, 333, 333, 334, 330, 330, 334, 332, 331,
    337, 339, 348, 349, 362, 367, 371, 373, 379, 381, 377, 373, 369, 359,
    353, 351, 354, 353, 363, 369, 377, 387, 385, 385, 379, 373, 360, 362,
    362, 360, 368, 375, 385, 383, 382, 379, 372, 361, 357, 356, 351, 358,
    365, 375, 383, 380, 382, 379, 372, 367, 359, 356, 355, 355, 365, 374,
    380, 376, 379, 376, 377, 368, 365, 355, 352, 346, 342, 340, 338, 340,
    336, 337, 337, 336, 338, 338, 337, 335, 336, 337 ]
LHandPositionsY: [ 264, 263, 265, 266, 262, 263, 266, 264, 262, 261, 259,
    254, 244, 232, 227, 215, 200, 199, 195, 186, 182, 173, 166, 168, 165,
    171, 169, 167, 168, 164, 165, 161, 159, 158, 160, 159, 163, 163, 163,
    162, 166, 164, 161, 160, 161, 157, 157, 157, 163, 166, 164, 164, 168,
    166, 163, 163, 163, 164, 162, 165, 164, 169, 167, 168, 167, 170, 168,
    168, 166, 165, 168, 173, 177, 185, 195, 204, 211, 227, 237, 249, 250,
    253, 253, 252, 254, 255, 254, 256, 254, 255, 255 ]
RHandPositionsX: [ 182, 185, 184, 184, 184, 182, 182, 186, 182, 182, 185,
    186, 182, 184, 185, 186, 184, 183, 183, 185, 185, 183, 185, 186, 184,
    184, 183, 182, 184, 186, 186, 182, 184, 186, 185, 183, 184, 182, 184,
    184, 185, 184, 186, 185, 184, 185, 185, 185, 183, 183, 186, 185, 182,
    182, 183, 182, 182, 183, 182, 186, 182, 185, 184, 185, 182, 184, 183,
    186, 185, 182, 184, 183, 184, 185, 185, 184, 182, 184, 186, 184, 184,
    184, 186, 185, 184, 186, 186, 186, 182, 186, 184 ]
RHandPositionsY: [ 270, 271, 272, 271, 273, 271, 270, 274, 270, 271, 273,
    272, 272, 272, 270, 270, 272, 272, 273, 272, 272, 271, 273, 273, 272,
    274, 274, 274, 272, 273, 271, 274, 273, 274, 273, 271, 274, 272, 273,
    271, 271, 270, 271, 271, 273, 273, 273, 273, 272, 271, 272, 270, 271,
    274, 270, 273, 270, 271, 272, 273, 274, 274, 273, 272, 271, 273, 274,
    272, 272, 272, 272, 274, 270, 273, 272, 274, 274, 272, 271, 270, 272,
    274, 272, 273, 274, 274, 271, 273, 272, 274, 271 ]
