%YAML:1.0
---
videoName: "LHShake21.mp4"
gestureLabel: 2
fps: 29
pixelSizeInCmTemp: 3.4214285714285714e-01
faceCenterPointX: 266
faceCenterPointY: 79
LHandPositionsX: [ 351, 351, 364, 372, 383, 392, 399, 406, 420, 415, 414,
    402, 391, 375, 375, 379, 375, 378, 383, 405, 403, 398, 397, 392, 383,
    375, 368, 371, 371, 372, 376, 392, 391, 385, 385, 384, 375, 370, 364,
    367, 370, 372, 378, 388, 388, 387, 397, 391, 379, 374, 366, 367, 365,
    369, 374, 381, 384, 385, 383, 387, 388, 379, 374, 365, 358, 351, 343,
    340, 336, 336, 336, 333, 335, 336, 335, 331, 333, 330, 333, 332, 330,
    332, 334, 334, 331, 331, 334, 332 ]
LHandPositionsY: [ 270, 262, 247, 226, 208, 192, 182, 169, 152, 149, 136,
    134, 132, 136, 130, 133, 128, 127, 130, 129, 131, 128, 130, 133, 134,
    131, 144, 143, 143, 135, 133, 130, 134, 136, 132, 136, 135, 146, 150,
    146, 148, 145, 141, 138, 139, 136, 135, 140, 142, 147, 152, 154, 151,
    155, 153, 146, 141, 142, 143, 150, 152, 158, 170, 178, 188, 203, 213,
    228, 236, 239, 240, 247, 251, 250, 251, 252, 254, 251, 252, 250, 254,
    250, 254, 250, 252, 254, 252, 251 ]
RHandPositionsX: [ 184, 186, 188, 187, 184, 187, 184, 187, 186, 186, 188,
    184, 188, 184, 184, 186, 188, 188, 185, 188, 185, 184, 188, 186, 187,
    186, 186, 185, 184, 188, 184, 186, 185, 187, 184, 185, 188, 188, 184,
    186, 188, 184, 185, 185, 186, 188, 186, 187, 185, 184, 185, 188, 185,
    185, 188, 185, 188, 186, 188, 186, 187, 188, 187, 185, 187, 188, 187,
    187, 188, 186, 185, 186, 184, 184, 184, 184, 184, 184, 188, 188, 186,
    186, 185, 184, 187, 187, 188, 188 ]
RHandPositionsY: [ 267, 265, 267, 265, 267, 266, 265, 268, 265, 268, 269,
    265, 265, 267, 269, 266, 267, 268, 266, 269, 269, 265, 266, 265, 268,
    266, 269, 268, 265, 269, 265, 269, 269, 266, 269, 266, 266, 265, 265,
    265, 268, 268, 266, 266, 265, 268, 269, 268, 267, 268, 269, 266, 267,
    268, 269, 268, 269, 266, 268, 265, 268, 269, 269, 266, 265, 268, 265,
    268, 268, 269, 265, 269, 268, 265, 266, 267, 267, 265, 269, 266, 266,
    267, 266, 268, 267, 268, 265, 267 ]
