%YAML:1.0
---
videoName: "LHShake04.mp4"
gestureLabel: 2
fps: 30
pixelSizeInCmTemp: 3.2808219178082193e-01
faceCenterPointX: 247
faceCenterPointY: 80
LHandPositionsX: [ 283, 280, 280, 282, 280, 282, 283, 283, 279, 283, 283,
    282, 280, 280, 282, 283, 291, 300, 309, 321, 336, 346, 359, 369, 370,
    366, 360, 356, 346, 342, 335, 334, 333, 341, 350, 364, 368, 364, 358,
    345, 338, 345, 344, 342, 351, 355, 356, 357, 354, 342, 339, 346, 343,
    347, 354, 356, 356, 348, 346, 346, 346, 350, 355, 358, 360, 365, 363,
    359, 356, 346, 334, 325, 316, 304, 301, 296, 291, 287, 291, 287, 289,
    286, 288, 287, 289, 287, 290, 288, 287, 285, 287 ]
LHandPositionsY: [ 272, 269, 270, 272, 271, 268, 269, 270, 271, 271, 271,
    272, 270, 270, 270, 265, 261, 254, 241, 230, 215, 203, 190, 175, 160,
    157, 152, 150, 137, 132, 131, 128, 125, 117, 115, 111, 111, 110, 116,
    119, 128, 126, 124, 126, 120, 118, 115, 112, 117, 118, 119, 121, 121,
    118, 112, 113, 110, 110, 115, 115, 114, 112, 106, 109, 104, 103, 108,
    110, 128, 145, 158, 170, 188, 201, 213, 223, 236, 244, 241, 246, 250,
    248, 250, 251, 249, 250, 253, 252, 253, 253, 254 ]
RHandPositionsX: [ 214, 217, 214, 218, 214, 216, 215, 215, 215, 217, 218,
    216, 215, 218, 217, 218, 217, 215, 216, 218, 215, 216, 216, 218, 215,
    216, 217, 214, 215, 215, 215, 215, 215, 217, 214, 216, 215, 216, 214,
    215, 218, 214, 218, 217, 214, 215, 217, 214, 218, 215, 214, 215, 216,
    218, 215, 218, 217, 214, 218, 217, 218, 218, 218, 216, 217, 218, 215,
    218, 214, 216, 214, 215, 217, 216, 215, 215, 216, 216, 214, 217, 218,
    214, 218, 216, 214, 218, 214, 215, 218, 217, 216 ]
RHandPositionsY: [ 267, 266, 267, 270, 268, 270, 266, 267, 270, 269, 270,
    268, 265, 265, 266, 269, 268, 267, 267, 266, 268, 265, 266, 266, 264,
    263, 267, 263, 264, 266, 264, 263, 267, 265, 262, 264, 264, 264, 266,
    262, 264, 266, 266, 263, 263, 264, 266, 264, 262, 263, 261, 262, 261,
    262, 264, 263, 262, 262, 265, 262, 264, 261, 263, 265, 265, 263, 263,
    265, 263, 263, 262, 262, 263, 264, 262, 262, 264, 264, 264, 264, 262,
    264, 261, 262, 265, 264, 263, 265, 261, 262, 261 ]
