%YAML:1.0
---
videoName: "LHShake16.mp4"
gestureLabel: 2
fps: 30
pixelSizeInCmTemp: 3.3732394366197183e-01
faceCenterPointX: 247
faceCenterPointY: 66
LHandPositionsX: [ 324, 322, 326, 328, 329, 337, 346, 355, 361, 372, 381,
    392, 402, 411, 408, 403, 401, 390, 375, 365, 356, 358, 364, 369, 381,
    400, 393, 394, 389, 387, 372, 369, 369, 371, 371, 378, 388, 386, 403,
    394, 385, 375, 368, 369, 364, 370, 375, 384, 398, 408, 397, 386, 371,
    365, 365, 364, 364, 370, 374, 393, 389, 382, 387, 380, 376, 367, 359,
    350, 344, 336, 332, 334, 333, 330, 328, 328, 331, 327, 329, 331, 326,
    327, 325, 326, 327, 328, 325, 324, 324, 325, 328 ]
LHandPositionsY: [ 252, 255, 254, 250, 252, 243, 233, 224, 211, 197, 183,
    169, 156, 150, 142, 136, 121, 114, 115, 110, 117, 120, 124, 114, 113,
    116, 117, 119, 116, 115, 120, 129, 128, 136, 129, 121, 121, 119, 118,
    117, 118, 129, 133, 133, 134, 134, 131, 127, 126, 125, 121, 132, 136,
    142, 145, 147, 147, 146, 133, 127, 130, 128, 126, 130, 141, 152, 162,
    171, 183, 196, 208, 214, 224, 229, 230, 232, 239, 236, 239, 240, 240,
    241, 243, 244, 245, 242, 242, 241, 243, 245, 243 ]
RHandPositionsX: [ 177, 179, 175, 175, 175, 176, 179, 175, 176, 178, 178,
    179, 178, 175, 179, 177, 179, 178, 178, 179, 177, 178, 177, 179, 179,
    176, 177, 178, 179, 177, 178, 176, 179, 175, 176, 179, 176, 176, 179,
    178, 177, 177, 179, 176, 177, 175, 177, 178, 175, 179, 176, 177, 175,
    175, 177, 178, 176, 178, 179, 177, 179, 176, 176, 179, 178, 178, 176,
    178, 179, 179, 179, 176, 175, 178, 178, 175, 175, 176, 176, 176, 179,
    175, 178, 176, 175, 178, 177, 179, 177, 176, 175 ]
RHandPositionsY: [ 260, 258, 261, 261, 259, 259, 261, 260, 260, 260, 261,
    259, 260, 259, 262, 259, 262, 259, 262, 262, 258, 261, 258, 260, 259,
    261, 261, 260, 258, 258, 258, 258, 258, 259, 258, 262, 262, 260, 258,
    262, 259, 262, 262, 259, 260, 260, 258, 259, 262, 261, 259, 259, 262,
    258, 261, 259, 259, 261, 260, 262, 260, 261, 258, 260, 262, 259, 258,
    261, 260, 260, 258, 258, 259, 261, 262, 259, 259, 259, 261, 260, 262,
    261, 262, 262, 259, 261, 262, 259, 261, 259, 262 ]
