%YAML:1.0
---
videoName: "LHShake11.mp4"
gestureLabel: 2
fps: 29
pixelSizeInCmTemp: 3.3732394366197183e-01
faceCenterPointX: 260
faceCenterPointY: 69
LHandPositionsX: [ 386, 386, 383, 375, 363, 353, 350, 353, 345, 348, 357,
    361, 365, 362, 361, 362, 356, 350, 348, 346, 347, 351, 353, 358, 357,
    358, 363, 352, 352, 348, 349, 347, 350, 351, 355, 353, 355, 351, 348,
    340, 340, 341, 340, 338, 347, 357, 357, 356, 355, 358, 354, 345, 338,
    341, 338, 339, 347, 354, 360, 356, 361, 362, 360, 353, 351, 341, 338,
    331, 331, 327, 329, 333, 334, 334, 333, 335, 331, 335, 332, 335, 333,
    333, 331, 333, 335, 335, 332, 335 ]
LHandPositionsY: [ 174, 160, 153, 142, 144, 143, 148, 147, 147, 136, 130,
    127, 125, 125, 129, 125, 131, 138, 144, 141, 143, 134, 131, 129, 130,
    131, 129, 132, 138, 145, 144, 143, 144, 139, 135, 137, 136, 136, 136,
    139, 145, 146, 146, 143, 142, 133, 132, 131, 130, 130, 136, 139, 146,
    146, 149, 146, 144, 136, 135, 137, 141, 140, 150, 153, 167, 175, 192,
    204, 217, 227, 228, 231, 237, 240, 244, 246, 245, 249, 247, 248, 252,
    248, 252, 252, 252, 248, 252, 251 ]
RHandPositionsX: [ 181, 183, 182, 181, 181, 180, 179, 183, 179, 180, 182,
    181, 180, 182, 180, 180, 183, 181, 180, 180, 179, 182, 180, 180, 182,
    180, 179, 179, 183, 181, 179, 182, 181, 183, 183, 179, 183, 181, 182,
    182, 183, 180, 180, 180, 183, 183, 179, 182, 181, 181, 179, 180, 180,
    181, 181, 183, 180, 183, 180, 183, 183, 182, 180, 181, 180, 182, 180,
    182, 179, 180, 181, 182, 181, 183, 182, 183, 182, 183, 179, 179, 183,
    183, 183, 180, 179, 179, 179, 180 ]
RHandPositionsY: [ 275, 276, 273, 277, 276, 274, 276, 275, 275, 275, 276,
    275, 275, 276, 277, 277, 277, 275, 277, 274, 277, 274, 273, 275, 273,
    273, 277, 274, 277, 273, 277, 277, 277, 277, 273, 277, 275, 275, 273,
    274, 276, 277, 276, 276, 274, 273, 277, 277, 274, 273, 274, 273, 277,
    276, 275, 273, 275, 274, 273, 274, 276, 275, 276, 273, 274, 275, 274,
    274, 274, 274, 275, 277, 275, 275, 277, 275, 273, 273, 275, 274, 273,
    274, 275, 274, 274, 273, 276, 274 ]
