%YAML:1.0
---
videoName: "LHShake17.mp4"
gestureLabel: 2
fps: 30
pixelSizeInCmTemp: 3.3732394366197183e-01
faceCenterPointX: 248
faceCenterPointY: 64
LHandPositionsX: [ 325, 321, 325, 324, 325, 326, 325, 325, 327, 335, 346,
    354, 365, 373, 389, 398, 407, 408, 404, 387, 373, 358, 354, 352, 351,
    358, 370, 379, 377, 383, 376, 362, 354, 345, 345, 349, 357, 367, 367,
    365, 365, 364, 354, 352, 352, 354, 366, 370, 374, 373, 375, 370, 363,
    354, 347, 345, 348, 354, 361, 363, 362, 366, 364, 357, 351, 342, 341,
    337, 333, 335, 332, 332, 332, 333, 328, 327, 328, 327, 326, 325, 325,
    328, 326, 323, 323, 325, 324, 327, 324, 324, 322 ]
LHandPositionsY: [ 249, 251, 249, 250, 249, 251, 247, 247, 246, 232, 215,
    202, 185, 175, 160, 145, 129, 121, 113, 114, 123, 128, 134, 135, 138,
    136, 121, 115, 120, 119, 117, 127, 134, 141, 140, 138, 124, 118, 116,
    121, 119, 117, 128, 132, 135, 136, 122, 120, 123, 124, 121, 121, 131,
    139, 144, 139, 140, 124, 121, 123, 125, 123, 121, 127, 136, 145, 154,
    160, 170, 181, 193, 208, 219, 220, 223, 227, 234, 237, 233, 234, 238,
    235, 239, 238, 239, 237, 235, 238, 239, 238, 238 ]
RHandPositionsX: [ 176, 177, 176, 178, 176, 177, 178, 176, 176, 179, 177,
    179, 180, 178, 177, 180, 178, 177, 178, 178, 179, 176, 180, 176, 178,
    178, 178, 175, 177, 176, 179, 175, 176, 179, 178, 179, 176, 178, 174,
    176, 175, 174, 178, 175, 174, 178, 175, 174, 177, 174, 177, 175, 174,
    174, 178, 178, 178, 177, 176, 177, 176, 176, 176, 177, 174, 174, 178,
    178, 176, 174, 175, 176, 175, 176, 177, 176, 177, 174, 175, 176, 177,
    174, 174, 177, 176, 177, 177, 178, 177, 175, 175 ]
RHandPositionsY: [ 257, 260, 256, 259, 260, 256, 260, 260, 259, 258, 258,
    258, 258, 260, 260, 260, 260, 256, 256, 259, 257, 258, 258, 259, 259,
    260, 258, 257, 258, 256, 257, 256, 260, 256, 259, 260, 260, 257, 256,
    257, 259, 258, 258, 257, 258, 260, 257, 260, 260, 257, 259, 256, 257,
    257, 257, 258, 259, 257, 258, 258, 260, 259, 259, 257, 257, 260, 258,
    257, 256, 258, 260, 260, 256, 257, 260, 259, 257, 258, 260, 256, 260,
    259, 260, 256, 256, 257, 256, 258, 260, 256, 260 ]
