%YAML:1.0
---
videoName: "LHShake01.mp4"
gestureLabel: 2
fps: 29
pixelSizeInCmTemp: 3.4214285714285714e-01
faceCenterPointX: 252
faceCenterPointY: 84
LHandPositionsX: [ 363, 366, 364, 362, 360, 356, 349, 340, 338, 331, 333,
    336, 341, 346, 347, 354, 359, 357, 353, 346, 343, 343, 340, 335, 335,
    338, 341, 346, 352, 351, 351, 347, 345, 342, 340, 333, 332, 334, 336,
    340, 342, 347, 345, 351, 349, 344, 344, 339, 334, 335, 334, 333, 338,
    342, 344, 352, 349, 351, 346, 346, 343, 339, 339, 331, 330, 329, 329,
    332, 333, 328, 330, 334, 335, 340, 340, 341, 344, 346, 347, 348, 347,
    350, 350, 352, 350, 348, 349, 350 ]
LHandPositionsY: [ 143, 141, 133, 125, 124, 121, 116, 121, 122, 119, 120,
    122, 123, 119, 113, 112, 111, 110, 110, 111, 108, 110, 114, 114, 114,
    114, 111, 109, 107, 104, 103, 104, 107, 108, 110, 115, 113, 113, 111,
    110, 110, 109, 104, 106, 105, 105, 105, 107, 108, 112, 111, 110, 109,
    105, 105, 104, 102, 102, 103, 101, 105, 103, 106, 124, 134, 140, 150,
    161, 166, 165, 170, 181, 191, 197, 207, 212, 221, 223, 220, 222, 224,
    225, 227, 231, 232, 230, 231, 230 ]
RHandPositionsX: [ 154, 154, 154, 155, 155, 153, 154, 156, 156, 153, 153,
    154, 154, 154, 156, 156, 156, 154, 153, 157, 156, 156, 157, 157, 155,
    156, 155, 155, 154, 155, 154, 153, 153, 155, 155, 156, 155, 157, 154,
    156, 155, 153, 155, 153, 153, 154, 153, 157, 157, 157, 157, 155, 155,
    156, 157, 154, 157, 153, 155, 153, 156, 157, 154, 155, 155, 157, 157,
    153, 153, 155, 154, 156, 157, 153, 153, 156, 156, 154, 153, 155, 157,
    153, 156, 155, 155, 153, 157, 157 ]
RHandPositionsY: [ 267, 267, 267, 267, 270, 267, 267, 268, 269, 269, 267,
    268, 267, 264, 265, 265, 265, 266, 265, 266, 263, 263, 264, 265, 265,
    262, 265, 261, 265, 263, 265, 264, 261, 264, 261, 264, 263, 261, 260,
    260, 264, 264, 263, 263, 263, 263, 262, 259, 259, 263, 262, 260, 263,
    262, 263, 259, 262, 260, 263, 260, 260, 261, 261, 262, 260, 261, 263,
    263, 259, 260, 261, 262, 260, 261, 262, 260, 262, 262, 263, 260, 260,
    262, 259, 262, 260, 259, 263, 263 ]
