%YAML:1.0
---
videoName: "LHShake19.mp4"
gestureLabel: 2
fps: 29
pixelSizeInCmTemp: 3.3732394366197183e-01
faceCenterPointX: 250
faceCenterPointY: 62
LHandPositionsX: [ 308, 309, 308, 305, 305, 307, 308, 308, 305, 306, 306,
    309, 308, 308, 306, 310, 310, 317, 322, 324, 328, 321, 309, 291, 286,
    289, 290, 297, 305, 315, 314, 313, 307, 297, 290, 286, 291, 299, 309,
    319, 320, 312, 306, 291, 290, 295, 301, 308, 313, 312, 311, 306, 295,
    292, 294, 302, 306, 314, 317, 316, 314, 307, 307, 300, 298, 291, 293,
    293, 294, 301, 301, 304, 303, 302, 306, 306, 309, 310, 311, 309, 309,
    308, 311, 309, 307, 309, 309, 307 ]
LHandPositionsY: [ 250, 249, 250, 249, 250, 250, 250, 249, 251, 251, 248,
    249, 251, 247, 246, 237, 229, 216, 202, 190, 180, 171, 161, 163, 157,
    156, 158, 156, 157, 151, 153, 151, 156, 152, 150, 149, 152, 153, 151,
    152, 153, 150, 157, 148, 146, 154, 155, 153, 151, 153, 152, 155, 148,
    143, 154, 158, 157, 151, 153, 150, 155, 155, 156, 164, 168, 173, 177,
    190, 197, 208, 217, 215, 218, 219, 227, 231, 230, 232, 236, 234, 236,
    236, 238, 240, 241, 240, 237, 240 ]
RHandPositionsX: [ 197, 196, 199, 198, 198, 195, 198, 198, 197, 199, 197,
    199, 195, 196, 198, 196, 197, 195, 199, 198, 196, 199, 196, 195, 198,
    197, 194, 194, 194, 195, 196, 194, 193, 195, 194, 192, 193, 193, 195,
    192, 195, 195, 191, 194, 194, 195, 195, 192, 191, 195, 192, 193, 193,
    194, 191, 195, 193, 194, 194, 194, 191, 193, 195, 192, 193, 194, 194,
    195, 194, 192, 195, 195, 195, 192, 192, 194, 193, 192, 191, 191, 192,
    194, 195, 192, 193, 193, 191, 193 ]
RHandPositionsY: [ 255, 254, 255, 258, 258, 254, 254, 256, 257, 254, 255,
    258, 257, 258, 254, 255, 254, 254, 255, 257, 255, 254, 255, 257, 258,
    255, 256, 257, 258, 254, 255, 258, 254, 257, 255, 257, 257, 258, 256,
    258, 257, 257, 257, 256, 257, 257, 254, 256, 257, 254, 257, 257, 258,
    256, 257, 257, 258, 255, 256, 255, 256, 257, 257, 256, 257, 254, 258,
    258, 254, 256, 256, 255, 255, 255, 255, 256, 255, 254, 256, 257, 255,
    257, 254, 256, 258, 255, 257, 255 ]
