%YAML:1.0
---
videoName: "LHShake04.mp4"
gestureLabel: 2
fps: 30
pixelSizeInCmTemp: 3.2808219178082193e-01
faceCenterPointX: 247
faceCenterPointY: 80
LHandPositionsX: [ 284, 281, 282, 283, 283, 283, 279, 283, 283, 282, 283,
    281, 280, 280, 283, 283, 291, 298, 310, 320, 332, 349, 361, 369, 373,
    369, 360, 358, 350, 342, 339, 333, 337, 341, 346, 363, 369, 364, 360,
    347, 338, 342, 342, 342, 352, 353, 355, 354, 354, 346, 340, 346, 345,
    349, 356, 358, 355, 348, 347, 349, 348, 347, 354, 361, 362, 363, 365,
    357, 352, 343, 335, 326, 315, 304, 299, 293, 292, 288, 288, 290, 286,
    288, 289, 290, 289, 290, 286, 286, 286, 285, 285 ]
LHandPositionsY: [ 272, 271, 269, 268, 270, 272, 270, 271, 269, 270, 269,
    271, 269, 272, 271, 266, 265, 255, 244, 228, 215, 203, 186, 175, 164,
    161, 153, 150, 136, 131, 133, 130, 127, 118, 116, 113, 110, 108, 117,
    117, 129, 127, 124, 125, 120, 120, 116, 113, 117, 118, 122, 122, 120,
    115, 115, 115, 112, 112, 113, 116, 115, 111, 108, 105, 105, 105, 105,
    110, 129, 145, 157, 174, 185, 202, 213, 223, 233, 244, 242, 246, 248,
    250, 248, 249, 249, 250, 252, 253, 252, 250, 254 ]
RHandPositionsX: [ 214, 215, 214, 215, 215, 216, 217, 215, 215, 216, 218,
    217, 215, 217, 216, 215, 216, 214, 215, 217, 216, 216, 214, 215, 216,
    216, 217, 216, 214, 218, 215, 214, 216, 217, 216, 217, 218, 218, 216,
    217, 218, 215, 217, 218, 214, 217, 217, 216, 215, 216, 217, 218, 214,
    217, 218, 214, 215, 217, 215, 217, 214, 216, 217, 214, 217, 217, 216,
    215, 216, 217, 216, 218, 218, 214, 216, 216, 216, 214, 218, 218, 218,
    214, 217, 218, 215, 214, 215, 216, 218, 216, 218 ]
RHandPositionsY: [ 268, 267, 268, 269, 268, 269, 266, 267, 267, 267, 268,
    268, 265, 267, 266, 266, 267, 266, 268, 267, 266, 265, 266, 266, 263,
    264, 264, 266, 264, 267, 264, 264, 266, 264, 263, 265, 266, 263, 263,
    262, 262, 262, 264, 264, 265, 264, 262, 261, 263, 265, 263, 261, 263,
    264, 265, 263, 263, 265, 261, 265, 264, 265, 265, 262, 265, 262, 262,
    263, 265, 263, 265, 261, 264, 263, 262, 263, 261, 261, 262, 262, 264,
    264, 261, 264, 261, 262, 264, 262, 263, 264, 264 ]
