%YAML:1.0
---
videoName: "LHShake16.mp4"
gestureLabel: 2
fps: 30
pixelSizeInCmTemp: 3.3732394366197183e-01
faceCenterPointX: 247
faceCenterPointY: 66
LHandPositionsX: [ 325, 323, 327, 329, 331, 336, 347, 351, 363, 372, 382,
    395, 401, 411, 408, 402, 398, 390, 378, 365, 353, 356, 364, 373, 380,
    397, 394, 393, 389, 385, 373, 369, 368, 368, 372, 380, 388, 388, 403,
    396, 384, 375, 367, 365, 366, 369, 373, 385, 397, 408, 396, 387, 370,
    364, 363, 361, 362, 370, 375, 394, 385, 385, 390, 380, 372, 365, 357,
    351, 342, 334, 335, 330, 329, 331, 331, 331, 327, 331, 329, 330, 330,
    329, 326, 325, 328, 327, 325, 328, 326, 328, 324 ]
LHandPositionsY: [ 254, 252, 255, 250, 250, 245, 236, 224, 207, 193, 183,
    167, 154, 146, 142, 137, 125, 117, 117, 112, 118, 117, 123, 116, 113,
    116, 115, 117, 115, 114, 123, 130, 130, 136, 127, 119, 117, 120, 121,
    118, 118, 126, 133, 130, 135, 137, 133, 127, 127, 124, 124, 131, 138,
    143, 144, 146, 144, 143, 133, 129, 128, 130, 125, 131, 143, 152, 159,
    171, 182, 196, 207, 213, 227, 227, 231, 236, 235, 238, 236, 237, 242,
    242, 244, 243, 244, 244, 243, 242, 245, 244, 242 ]
RHandPositionsX: [ 178, 178, 177, 177, 176, 179, 175, 176, 179, 176, 179,
    179, 179, 177, 177, 179, 178, 178, 176, 175, 177, 177, 179, 177, 178,
    175, 175, 176, 178, 177, 175, 176, 178, 177, 176, 178, 176, 178, 177,
    178, 178, 175, 176, 179, 175, 179, 176, 177, 178, 175, 179, 179, 176,
    175, 178, 176, 176, 175, 179, 176, 175, 177, 178, 176, 176, 177, 175,
    179, 177, 177, 177, 176, 179, 177, 175, 175, 179, 176, 178, 177, 179,
    179, 177, 177, 177, 177, 178, 177, 176, 176, 176 ]
RHandPositionsY: [ 259, 262, 262, 261, 261, 258, 258, 260, 261, 259, 259,
    259, 259, 259, 261, 262, 260, 259, 260, 262, 258, 259, 258, 262, 258,
    259, 260, 262, 259, 260, 260, 259, 262, 259, 261, 262, 262, 261, 260,
    262, 259, 261, 259, 259, 260, 260, 259, 261, 258, 260, 260, 261, 259,
    262, 262, 262, 260, 259, 261, 262, 261, 261, 260, 262, 260, 258, 258,
    260, 261, 260, 261, 261, 259, 259, 260, 259, 262, 260, 259, 260, 260,
    260, 261, 261, 259, 262, 261, 258, 259, 258, 258 ]
