%YAML:1.0
---
videoName: "LHShake06.mp4"
gestureLabel: 2
fps: 29
pixelSizeInCmTemp: 3.3732394366197183e-01
faceCenterPointX: 250
faceCenterPointY: 80
LHandPositionsX: [ 383, 385, 389, 384, 384, 379, 375, 372, 371, 371, 375,
    383, 388, 390, 395, 395, 395, 389, 377, 377, 377, 378, 386, 388, 391,
    391, 391, 390, 382, 380, 380, 379, 383, 389, 390, 391, 389, 382, 382,
    380, 383, 380, 387, 388, 392, 389, 388, 382, 381, 378, 382, 383, 387,
    390, 397, 399, 400, 395, 391, 389, 380, 370, 358, 359, 355, 347, 336,
    328, 317, 313, 305, 305, 306, 305, 304, 302, 302, 301, 299, 299, 299,
    300, 298, 298, 302, 302, 302, 301 ]
LHandPositionsY: [ 148, 145, 144, 142, 138, 138, 137, 138, 138, 134, 131,
    131, 129, 127, 127, 129, 131, 133, 134, 134, 133, 135, 131, 129, 128,
    125, 129, 128, 126, 131, 127, 131, 127, 124, 127, 123, 128, 125, 127,
    129, 129, 126, 125, 125, 124, 124, 127, 128, 125, 127, 125, 125, 123,
    121, 122, 122, 123, 124, 127, 128, 133, 139, 148, 150, 162, 176, 190,
    209, 212, 226, 229, 236, 237, 241, 242, 245, 252, 252, 249, 251, 255,
    255, 253, 255, 254, 255, 253, 254 ]
RHandPositionsX: [ 210, 213, 209, 210, 209, 211, 211, 209, 209, 211, 210,
    210, 209, 211, 212, 209, 209, 209, 213, 212, 209, 209, 212, 209, 210,
    209, 213, 213, 211, 210, 210, 212, 211, 211, 211, 211, 208, 209, 212,
    211, 208, 210, 209, 210, 207, 209, 207, 210, 207, 208, 208, 211, 211,
    207, 208, 209, 210, 211, 209, 207, 207, 207, 211, 211, 208, 211, 211,
    211, 207, 209, 211, 211, 212, 210, 210, 211, 210, 208, 208, 212, 209,
    209, 208, 211, 212, 211, 209, 209 ]
RHandPositionsY: [ 272, 272, 269, 271, 267, 269, 270, 269, 268, 269, 270,
    270, 268, 270, 269, 267, 268, 267, 269, 266, 268, 265, 268, 268, 266,
    269, 269, 265, 269, 268, 269, 267, 265, 265, 266, 267, 269, 267, 268,
    266, 268, 266, 267, 267, 266, 268, 270, 268, 265, 268, 266, 265, 267,
    265, 269, 267, 268, 265, 269, 268, 267, 267, 268, 265, 265, 265, 266,
    267, 269, 265, 268, 268, 269, 268, 267, 267, 268, 265, 267, 266, 267,
    269, 268, 267, 267, 268, 265, 269 ]
