%YAML:1.0
---
videoName: "LHShake11.mp4"
gestureLabel: 2
fps: 29
pixelSizeInCmTemp: 3.3732394366197183e-01
faceCenterPointX: 260
faceCenterPointY: 69
LHandPositionsX: [ 387, 387, 386, 374, 367, 355, 346, 350, 346, 345, 355,
    360, 365, 362, 362, 365, 357, 352, 347, 346, 348, 349, 351, 356, 356,
    358, 360, 352, 351, 345, 350, 348, 347, 353, 353, 353, 354, 351, 349,
    344, 337, 339, 341, 338, 344, 353, 358, 358, 353, 358, 353, 345, 341,
    338, 335, 340, 348, 357, 361, 360, 362, 363, 358, 353, 349, 345, 336,
    334, 329, 328, 332, 330, 330, 334, 336, 331, 334, 333, 335, 333, 334,
    331, 334, 333, 335, 332, 334, 333 ]
LHandPositionsY: [ 174, 164, 152, 143, 144, 143, 149, 146, 146, 137, 128,
    125, 126, 127, 128, 128, 130, 139, 143, 139, 144, 133, 129, 131, 132,
    129, 131, 135, 142, 146, 140, 143, 144, 137, 132, 136, 135, 133, 137,
    139, 142, 147, 145, 143, 144, 135, 132, 135, 134, 128, 136, 138, 145,
    145, 147, 144, 142, 137, 135, 138, 141, 141, 149, 157, 164, 175, 192,
    202, 214, 230, 227, 232, 237, 244, 244, 246, 249, 250, 247, 252, 250,
    249, 250, 251, 248, 251, 248, 252 ]
RHandPositionsX: [ 183, 179, 181, 182, 182, 183, 179, 179, 179, 179, 180,
    182, 181, 181, 180, 183, 179, 181, 182, 179, 182, 181, 183, 183, 179,
    183, 179, 183, 183, 180, 182, 179, 179, 183, 183, 181, 183, 180, 183,
    179, 179, 179, 179, 180, 181, 180, 179, 180, 181, 180, 181, 183, 182,
    180, 179, 179, 182, 183, 180, 181, 180, 179, 180, 183, 183, 182, 183,
    179, 181, 181, 181, 181, 183, 183, 179, 181, 183, 182, 181, 183, 183,
    180, 183, 179, 182, 180, 183, 181 ]
RHandPositionsY: [ 275, 276, 275, 274, 277, 276, 273, 276, 275, 273, 275,
    274, 273, 273, 273, 273, 274, 274, 274, 273, 277, 274, 275, 277, 273,
    273, 273, 273, 273, 274, 277, 275, 276, 277, 276, 275, 277, 277, 276,
    276, 275, 274, 274, 275, 277, 274, 273, 274, 274, 274, 273, 277, 277,
    273, 273, 275, 273, 274, 274, 275, 276, 277, 273, 277, 277, 277, 273,
    273, 274, 275, 275, 275, 276, 276, 276, 277, 274, 277, 274, 275, 276,
    273, 274, 276, 276, 275, 274, 274 ]
