%YAML:1.0
---
videoName: "LHShake22.mp4"
gestureLabel: 2
fps: 29
pixelSizeInCmTemp: 3.5220588235294115e-01
faceCenterPointX: 261
faceCenterPointY: 79
LHandPositionsX: [ 336, 345, 347, 354, 356, 356, 356, 355, 348, 337, 329,
    322, 319, 321, 320, 321, 332, 338, 343, 343, 342, 344, 336, 331, 325,
    322, 325, 328, 330, 340, 345, 340, 342, 336, 330, 321, 318, 319, 319,
    323, 327, 335, 334, 334, 334, 332, 326, 319, 322, 320, 325, 327, 338,
    343, 345, 344, 341, 334, 325, 320, 316, 317, 319, 326, 330, 339, 337,
    335, 335, 331, 330, 326, 320, 319, 318, 321, 323, 324, 327, 324, 325,
    325, 326, 327, 327, 326, 327, 325 ]
LHandPositionsY: [ 262, 254, 247, 237, 233, 219, 209, 206, 194, 189, 187,
    184, 186, 183, 182, 180, 180, 174, 172, 173, 173, 169, 175, 174, 178,
    179, 178, 180, 176, 171, 170, 170, 173, 174, 176, 181, 181, 184, 181,
    184, 179, 176, 177, 173, 177, 174, 179, 179, 180, 183, 181, 180, 176,
    174, 176, 175, 177, 177, 180, 180, 181, 182, 181, 178, 179, 179, 178,
    181, 184, 191, 194, 200, 212, 222, 232, 241, 240, 243, 248, 249, 249,
    248, 250, 248, 248, 250, 250, 250 ]
RHandPositionsX: [ 190, 189, 190, 191, 190, 190, 191, 193, 192, 189, 189,
    191, 190, 190, 189, 192, 191, 189, 191, 189, 189, 191, 193, 191, 190,
    189, 190, 191, 191, 189, 189, 190, 193, 193, 190, 192, 190, 190, 192,
    193, 193, 191, 189, 193, 189, 189, 193, 192, 191, 190, 191, 192, 193,
    189, 189, 189, 191, 191, 193, 192, 192, 189, 191, 192, 191, 190, 190,
    193, 191, 189, 191, 191, 193, 189, 190, 191, 191, 190, 193, 192, 193,
    191, 191, 190, 190, 191, 189, 189 ]
RHandPositionsY: [ 267, 267, 266, 266, 268, 269, 270, 270, 270, 270, 269,
    267, 269, 266, 269, 267, 268, 267, 269, 267, 269, 268, 270, 267, 267,
    267, 268, 267, 269, 269, 266, 266, 268, 270, 268, 267, 266, 270, 266,
    270, 267, 268, 266, 268, 267, 269, 268, 267, 269, 269, 266, 267, 267,
    270, 268, 267, 266, 269, 269, 270, 269, 267, 267, 269, 267, 269, 267,
    270, 267, 266, 269, 267, 268, 270, 270, 270, 267, 269, 270, 267, 266,
    266, 270, 268, 269, 267, 266, 269 ]
