%YAML:1.0
---
videoName: "LHShake02.mp4"
gestureLabel: 2
fps: 29
pixelSizeInCmTemp: 3.3263888888888887e-01
faceCenterPointX: 249
faceCenterPointY: 82
LHandPositionsX: [ 361, 359, 363, 367, 374, 380, 385, 386, 386, 388, 385,
    377, 372, 365, 365, 361, 362, 363, 371, 378, 385, 385, 385, 380, 374,
    370, 365, 366, 363, 363, 367, 372, 374, 377, 375, 381, 379, 376, 374,
    367, 362, 361, 360, 356, 357, 363, 365, 371, 371, 373, 369, 368, 365,
    358, 358, 360, 361, 367, 371, 371, 373, 368, 369, 365, 360, 352, 348,
    345, 343, 342, 344, 340, 340, 344, 345, 345, 347, 345, 347, 350, 350,
    347, 346, 347, 349, 350, 349, 349 ]
LHandPositionsY: [ 125, 123, 117, 117, 115, 108, 109, 109, 110, 110, 109,
    108, 109, 112, 113, 114, 113, 110, 110, 107, 103, 104, 105, 102, 104,
    107, 108, 109, 108, 107, 106, 100, 99, 97, 101, 95, 98, 96, 95, 99,
    98, 104, 101, 102, 106, 102, 99, 99, 102, 102, 102, 105, 108, 110,
    109, 108, 107, 108, 107, 103, 104, 105, 105, 107, 123, 135, 148, 164,
    164, 168, 176, 185, 192, 198, 205, 212, 217, 222, 226, 228, 231, 229,
    229, 234, 233, 234, 235, 236 ]
RHandPositionsX: [ 153, 154, 154, 155, 156, 155, 156, 157, 156, 156, 157,
    153, 156, 155, 153, 155, 155, 153, 157, 157, 153, 157, 153, 157, 153,
    154, 156, 157, 156, 156, 156, 156, 153, 155, 153, 155, 154, 155, 153,
    154, 153, 157, 155, 154, 154, 154, 157, 156, 154, 156, 154, 154, 155,
    153, 155, 156, 153, 155, 154, 156, 155, 154, 155, 153, 153, 154, 155,
    154, 154, 154, 155, 154, 154, 156, 157, 154, 153, 157, 156, 157, 156,
    156, 156, 157, 154, 157, 156, 153 ]
RHandPositionsY: [ 262, 263, 261, 261, 261, 264, 263, 260, 263, 261, 262,
    259, 262, 260, 258, 260, 261, 261, 259, 258, 262, 262, 261, 260, 261,
    258, 260, 260, 259, 260, 258, 261, 262, 261, 262, 262, 260, 260, 262,
    260, 261, 262, 259, 260, 261, 258, 261, 258, 260, 258, 262, 261, 258,
    260, 258, 262, 258, 259, 261, 260, 262, 260, 261, 258, 259, 259, 261,
    259, 260, 262, 262, 261, 262, 260, 259, 258, 258, 262, 262, 259, 262,
    259, 260, 261, 259, 259, 261, 262 ]
