%YAML:1.0
---
videoName: "LHShake02.mp4"
gestureLabel: 2
fps: 29
pixelSizeInCmTemp: 3.3263888888888887e-01
faceCenterPointX: 249
faceCenterPointY: 82
LHandPositionsX: [ 359, 362, 361, 366, 373, 378, 387, 384, 388, 388, 382,
    379, 370, 369, 366, 362, 362, 364, 368, 376, 385, 385, 384, 380, 378,
    370, 364, 367, 362, 366, 370, 371, 374, 378, 379, 380, 382, 377, 374,
    371, 366, 357, 359, 356, 359, 363, 364, 372, 370, 370, 370, 367, 362,
    359, 359, 359, 360, 365, 367, 371, 372, 370, 365, 363, 359, 353, 348,
    344, 343, 342, 341, 344, 344, 340, 341, 345, 346, 348, 345, 350, 350,
    348, 349, 347, 348, 349, 347, 348 ]
LHandPositionsY: [ 125, 121, 119, 113, 115, 109, 109, 110, 111, 107, 108,
    107, 109, 115, 114, 113, 112, 110, 107, 106, 106, 103, 103, 102, 103,
    108, 110, 109, 110, 108, 104, 103, 100, 99, 100, 95, 96, 97, 99, 98,
    99, 102, 101, 104, 102, 104, 102, 102, 101, 100, 100, 102, 108, 107,
    106, 110, 108, 108, 107, 107, 103, 104, 104, 105, 124, 134, 147, 161,
    165, 172, 180, 183, 192, 200, 205, 213, 216, 221, 223, 230, 227, 230,
    233, 233, 234, 235, 236, 236 ]
RHandPositionsX: [ 155, 155, 153, 155, 153, 157, 153, 157, 153, 153, 153,
    156, 154, 153, 156, 156, 153, 157, 157, 156, 156, 156, 154, 153, 156,
    157, 153, 156, 155, 153, 157, 157, 157, 154, 153, 155, 153, 156, 155,
    153, 157, 154, 154, 153, 154, 155, 153, 155, 156, 155, 154, 154, 154,
    157, 155, 156, 154, 156, 154, 157, 155, 156, 153, 154, 156, 156, 156,
    157, 155, 156, 154, 154, 156, 153, 153, 153, 154, 153, 156, 155, 155,
    155, 154, 153, 157, 155, 157, 157 ]
RHandPositionsY: [ 262, 263, 265, 261, 263, 262, 264, 261, 262, 259, 263,
    260, 258, 260, 258, 259, 258, 261, 262, 262, 258, 262, 262, 260, 258,
    260, 260, 262, 261, 258, 259, 260, 260, 262, 259, 259, 260, 262, 262,
    262, 260, 258, 258, 259, 261, 261, 262, 258, 259, 260, 259, 262, 260,
    260, 262, 259, 261, 261, 259, 261, 259, 260, 260, 262, 262, 258, 262,
    262, 262, 258, 260, 258, 261, 262, 258, 262, 259, 259, 262, 260, 259,
    261, 261, 259, 262, 261, 258, 258 ]
