%YAML:1.0
---
videoName: "LHShake17.mp4"
gestureLabel: 2
fps: 30
pixelSizeInCmTemp: 3.3732394366197183e-01
faceCenterPointX: 248
faceCenterPointY: 64
LHandPositionsX: [ 322, 321, 325, 323, 321, 326, 327, 326, 327, 334, 345,
    352, 363, 376, 390, 398, 407, 411, 401, 390, 375, 361, 354, 351, 352,
    359, 372, 381, 377, 383, 376, 363, 353, 346, 346, 348, 356, 363, 370,
    365, 364, 361, 356, 349, 351, 354, 367, 373, 378, 372, 372, 372, 361,
    351, 345, 345, 348, 354, 362, 365, 364, 368, 363, 355, 349, 344, 341,
    337, 335, 333, 333, 332, 329, 331, 330, 330, 329, 326, 325, 325, 325,
    325, 327, 325, 323, 325, 326, 326, 327, 323, 323 ]
LHandPositionsY: [ 249, 250, 247, 250, 248, 247, 246, 246, 245, 233, 215,
    202, 188, 171, 160, 145, 129, 122, 113, 112, 120, 128, 134, 133, 135,
    133, 125, 115, 120, 117, 120, 129, 134, 142, 139, 140, 126, 118, 118,
    119, 120, 116, 129, 136, 134, 134, 123, 118, 121, 123, 121, 119, 130,
    136, 140, 139, 138, 128, 121, 126, 127, 125, 119, 129, 135, 143, 151,
    161, 169, 181, 196, 208, 219, 220, 222, 230, 232, 235, 233, 237, 237,
    235, 240, 235, 237, 236, 235, 238, 235, 235, 237 ]
RHandPositionsX: [ 178, 180, 178, 178, 176, 178, 176, 177, 178, 176, 177,
    178, 180, 180, 177, 178, 180, 177, 179, 180, 180, 176, 176, 180, 178,
    180, 177, 178, 179, 175, 179, 175, 178, 178, 178, 179, 179, 175, 176,
    177, 178, 175, 174, 178, 176, 178, 178, 177, 177, 177, 176, 174, 178,
    178, 175, 178, 175, 178, 178, 177, 175, 176, 177, 177, 178, 177, 178,
    178, 178, 174, 175, 174, 174, 177, 176, 175, 175, 175, 175, 176, 178,
    178, 175, 175, 177, 177, 174, 176, 175, 176, 177 ]
RHandPositionsY: [ 256, 256, 256, 260, 259, 256, 259, 260, 257, 258, 258,
    258, 257, 258, 258, 258, 258, 259, 260, 260, 259, 260, 257, 256, 256,
    259, 258, 257, 258, 256, 258, 260, 260, 257, 259, 257, 257, 257, 259,
    260, 259, 257, 256, 260, 256, 259, 260, 259, 259, 259, 256, 257, 259,
    260, 258, 256, 259, 260, 258, 256, 256, 256, 256, 258, 257, 259, 258,
    258, 256, 256, 259, 258, 259, 256, 260, 257, 258, 258, 259, 258, 259,
    260, 257, 257, 259, 258, 256, 259, 257, 257, 260 ]
