%YAML:1.0
---
videoName: "LHShake20.mp4"
gestureLabel: 2
fps: 30
pixelSizeInCmTemp: 3.3732394366197183e-01
faceCenterPointX: 249
faceCenterPointY: 62
LHandPositionsX: [ 314, 313, 315, 316, 313, 315, 316, 313, 315, 316, 318,
    326, 335, 341, 343, 338, 329, 321, 313, 316, 313, 311, 316, 328, 337,
    339, 339, 339, 329, 321, 316, 316, 317, 325, 333, 340, 341, 337, 330,
    324, 322, 325, 320, 324, 335, 329, 327, 332, 323, 322, 321, 319, 320,
    326, 324, 329, 330, 324, 321, 318, 321, 318, 318, 318, 319, 322, 321,
    318, 319, 313, 313, 315, 313, 312, 316, 313, 316, 313, 313, 315, 316,
    314, 313, 312, 315, 316, 313, 314, 312, 316, 312 ]
LHandPositionsY: [ 248, 246, 246, 248, 249, 247, 247, 246, 235, 227, 217,
    205, 188, 176, 173, 163, 159, 157, 161, 159, 161, 155, 148, 145, 145,
    146, 142, 142, 143, 146, 150, 148, 146, 143, 144, 141, 143, 142, 145,
    145, 146, 148, 146, 143, 141, 143, 139, 140, 140, 147, 148, 147, 144,
    141, 140, 135, 134, 133, 137, 142, 145, 144, 145, 149, 147, 149, 158,
    167, 181, 192, 204, 215, 215, 218, 222, 227, 231, 228, 232, 230, 234,
    234, 232, 236, 237, 236, 236, 236, 237, 237, 237 ]
RHandPositionsX: [ 179, 179, 181, 179, 181, 183, 183, 182, 182, 180, 181,
    179, 183, 180, 183, 181, 180, 179, 179, 183, 183, 180, 182, 181, 181,
    182, 180, 180, 182, 182, 183, 179, 183, 181, 182, 179, 182, 180, 180,
    181, 183, 180, 180, 182, 183, 182, 180, 180, 182, 179, 179, 181, 181,
    181, 179, 180, 183, 181, 181, 183, 179, 183, 180, 181, 183, 180, 182,
    183, 182, 179, 179, 179, 179, 182, 179, 179, 182, 181, 180, 179, 178,
    178, 179, 178, 179, 182, 180, 179, 179, 178, 179 ]
RHandPositionsY: [ 256, 254, 257, 253, 255, 256, 253, 253, 254, 256, 256,
    256, 255, 252, 256, 256, 255, 255, 254, 253, 254, 255, 252, 253, 255,
    255, 255, 256, 256, 255, 253, 255, 255, 255, 255, 252, 251, 253, 252,
    253, 253, 251, 255, 252, 253, 251, 251, 251, 251, 252, 252, 253, 254,
    255, 253, 255, 251, 251, 254, 253, 255, 251, 252, 251, 252, 253, 254,
    253, 251, 251, 252, 253, 251, 254, 251, 252, 252, 255, 254, 255, 254,
    251, 252, 254, 251, 252, 252, 254, 255, 251, 254 ]
