%YAML:1.0
---
videoName: "LHShake15.mp4"
gestureLabel: 2
fps: 29
pixelSizeInCmTemp: 3.3263888888888887e-01
faceCenterPointX: 252
faceCenterPointY: 65
LHandPositionsX: [ 328, 327, 329, 327, 328, 329, 328, 330, 330, 327, 336,
    341, 349, 352, 356, 361, 368, 374, 380, 380, 376, 378, 367, 357, 347,
    344, 343, 340, 345, 354, 361, 362, 361, 359, 358, 345, 330, 332, 332,
    334, 347, 355, 357, 353, 349, 356, 347, 333, 329, 328, 331, 342, 352,
    357, 351, 352, 356, 355, 341, 334, 335, 331, 333, 342, 346, 349, 351,
    350, 350, 350, 341, 334, 326, 324, 322, 320, 323, 324, 324, 326, 325,
    328, 326, 324, 326, 327, 326, 325 ]
LHandPositionsY: [ 254, 257, 257, 257, 258, 255, 254, 256, 252, 254, 242,
    230, 216, 202, 185, 169, 156, 136, 121, 120, 115, 107, 101, 102, 106,
    105, 103, 99, 100, 94, 95, 93, 95, 92, 96, 99, 97, 97, 99, 98, 98,
    92, 96, 97, 97, 98, 102, 98, 101, 100, 99, 92, 93, 95, 94, 97, 98,
    101, 99, 99, 99, 99, 100, 96, 98, 100, 101, 100, 102, 101, 106, 123,
    138, 149, 165, 180, 195, 207, 220, 230, 231, 237, 241, 237, 242, 240,
    242, 240 ]
RHandPositionsX: [ 179, 177, 177, 176, 175, 178, 179, 177, 178, 177, 176,
    178, 179, 177, 178, 177, 177, 175, 175, 178, 177, 175, 178, 176, 179,
    179, 176, 177, 175, 175, 177, 179, 179, 175, 177, 175, 178, 179, 175,
    176, 178, 176, 175, 175, 175, 179, 177, 178, 177, 177, 179, 179, 178,
    176, 176, 178, 178, 175, 178, 177, 175, 175, 178, 179, 175, 176, 175,
    179, 175, 176, 177, 176, 177, 176, 179, 177, 175, 177, 179, 175, 177,
    175, 176, 176, 176, 175, 177, 178 ]
RHandPositionsY: [ 261, 260, 259, 261, 259, 259, 257, 261, 258, 257, 258,
    257, 260, 261, 261, 260, 258, 261, 257, 261, 258, 259, 261, 258, 258,
    260, 257, 258, 260, 259, 258, 261, 260, 260, 261, 258, 259, 260, 257,
    260, 257, 259, 257, 260, 261, 261, 257, 257, 258, 260, 260, 258, 257,
    259, 260, 258, 261, 260, 259, 259, 260, 258, 260, 261, 260, 260, 259,
    258, 259, 258, 257, 261, 258, 261, 261, 261, 259, 260, 260, 257, 261,
    258, 261, 260, 261, 260, 257, 259 ]
