%YAML:1.0
---
videoName: "LHShake02.mp4"
gestureLabel: 2
fps: 29
pixelSizeInCmTemp: 3.3263888888888887e-01
faceCenterPointX: 249
faceCenterPointY: 82
LHandPositionsX: [ 361, 360, 363, 368, 374, 382, 385, 384, 388, 386, 382,
    377, 374, 366, 364, 364, 361, 367, 370, 377, 384, 384, 381, 379, 374,
    368, 364, 367, 364, 365, 366, 368, 377, 379, 378, 380, 380, 379, 372,
    368, 366, 358, 361, 358, 360, 363, 365, 369, 371, 369, 371, 367, 364,
    357, 356, 357, 363, 366, 367, 370, 371, 368, 369, 362, 358, 353, 348,
    345, 344, 344, 344, 342, 343, 341, 345, 344, 347, 346, 345, 349, 346,
    348, 348, 349, 348, 347, 347, 347 ]
LHandPositionsY: [ 125, 122, 118, 116, 113, 110, 108, 111, 109, 110, 107,
    109, 113, 115, 113, 115, 111, 108, 110, 107, 102, 102, 102, 103, 105,
    108, 110, 110, 107, 108, 102, 104, 99, 98, 100, 96, 98, 96, 97, 99,
    97, 103, 104, 104, 102, 105, 103, 101, 98, 100, 101, 101, 105, 107,
    106, 107, 109, 104, 104, 107, 107, 101, 104, 104, 122, 138, 147, 163,
    162, 168, 180, 184, 191, 197, 205, 213, 218, 219, 226, 231, 227, 232,
    233, 233, 234, 233, 236, 236 ]
RHandPositionsX: [ 156, 153, 156, 154, 157, 157, 156, 155, 157, 157, 157,
    154, 154, 154, 154, 153, 156, 157, 154, 155, 154, 157, 155, 154, 155,
    157, 155, 154, 156, 153, 156, 154, 156, 155, 157, 154, 157, 155, 155,
    155, 154, 153, 153, 155, 156, 155, 155, 156, 154, 157, 157, 155, 155,
    153, 155, 155, 157, 157, 156, 157, 153, 156, 157, 157, 155, 154, 154,
    153, 154, 156, 153, 157, 154, 155, 156, 157, 156, 153, 157, 153, 154,
    157, 153, 156, 157, 154, 156, 153 ]
RHandPositionsY: [ 264, 265, 262, 261, 261, 264, 261, 263, 263, 263, 260,
    262, 258, 258, 262, 262, 261, 261, 259, 261, 262, 262, 262, 262, 261,
    262, 258, 258, 258, 258, 260, 259, 258, 261, 261, 259, 260, 259, 262,
    262, 258, 261, 260, 258, 261, 261, 262, 260, 259, 258, 259, 261, 261,
    258, 262, 260, 262, 259, 262, 261, 262, 262, 259, 258, 259, 258, 259,
    262, 258, 258, 260, 262, 258, 261, 259, 258, 262, 261, 261, 262, 262,
    258, 259, 262, 258, 260, 260, 259 ]
