%YAML:1.0
---
videoName: "LHShake06.mp4"
gestureLabel: 2
fps: 29
pixelSizeInCmTemp: 3.3732394366197183e-01
faceCenterPointX: 250
faceCenterPointY: 80
LHandPositionsX: [ 382, 385, 388, 388, 386, 380, 377, 373, 368, 370, 373,
    386, 387, 391, 397, 395, 392, 388, 380, 376, 374, 377, 386, 388, 391,
    391, 391, 387, 382, 382, 377, 382, 382, 387, 390, 392, 386, 385, 382,
    379, 379, 381, 387, 389, 393, 389, 386, 386, 383, 381, 380, 382, 385,
    390, 398, 401, 399, 396, 393, 385, 381, 371, 358, 360, 353, 346, 336,
    328, 321, 312, 309, 305, 303, 303, 302, 303, 301, 301, 301, 302, 300,
    299, 298, 298, 300, 300, 299, 302 ]
LHandPositionsY: [ 151, 149, 143, 141, 137, 137, 138, 137, 139, 135, 134,
    131, 127, 128, 126, 130, 130, 132, 134, 133, 136, 131, 129, 132, 126,
    125, 126, 127, 126, 131, 127, 129, 127, 128, 123, 123, 126, 125, 126,
    129, 128, 126, 124, 126, 123, 125, 126, 128, 128, 128, 128, 124, 127,
    122, 122, 120, 121, 123, 126, 129, 131, 139, 145, 150, 162, 173, 189,
    205, 214, 224, 232, 236, 236, 243, 245, 247, 252, 252, 251, 254, 253,
    255, 253, 255, 253, 253, 257, 255 ]
RHandPositionsX: [ 214, 210, 209, 210, 209, 211, 213, 212, 212, 210, 210,
    212, 213, 210, 210, 211, 212, 209, 209, 211, 211, 212, 211, 212, 213,
    209, 213, 211, 213, 212, 209, 209, 211, 212, 212, 212, 209, 210, 212,
    211, 210, 211, 209, 208, 210, 208, 207, 208, 207, 208, 211, 210, 211,
    211, 211, 208, 209, 207, 211, 211, 208, 210, 208, 210, 209, 208, 208,
    209, 209, 207, 208, 211, 208, 211, 211, 211, 210, 211, 212, 211, 210,
    210, 210, 210, 211, 213, 213, 213 ]
RHandPositionsY: [ 268, 270, 269, 271, 269, 267, 269, 270, 271, 269, 270,
    269, 268, 268, 268, 267, 268, 269, 268, 268, 270, 268, 265, 265, 265,
    268, 269, 267, 265, 268, 265, 266, 267, 266, 267, 269, 268, 265, 267,
    265, 267, 266, 268, 269, 267, 269, 268, 265, 268, 265, 267, 265, 269,
    269, 268, 267, 269, 267, 265, 269, 267, 267, 266, 265, 267, 266, 265,
    269, 267, 266, 268, 268, 267, 268, 266, 268, 266, 269, 266, 268, 268,
    266, 267, 268, 267, 268, 267, 269 ]
