%YAML:1.0
---
videoName: "LHShake18.mp4"
gestureLabel: 2
fps: 29
pixelSizeInCmTemp: 3.4214285714285714e-01
faceCenterPointX: 253
faceCenterPointY: 65
LHandPositionsX: [ 315, 314, 312, 314, 313, 313, 315, 313, 314, 314, 313,
    312, 314, 312, 313, 312, 313, 315, 324, 324, 330, 339, 346, 350, 349,
    348, 338, 324, 317, 297, 302, 302, 309, 314, 313, 314, 310, 309, 299,
    290, 295, 300, 308, 314, 310, 312, 306, 295, 289, 286, 284, 297, 307,
    315, 314, 313, 304, 294, 288, 286, 294, 299, 310, 307, 310, 308, 306,
    295, 297, 301, 304, 305, 309, 310, 315, 312, 306, 307, 303, 304, 308,
    306, 307, 307, 310, 308, 309, 310 ]
LHandPositionsY: [ 247, 250, 246, 247, 249, 249, 248, 247, 248, 250, 246,
    249, 247, 248, 250, 247, 247, 248, 242, 235, 216, 200, 189, 179, 169,
    160, 151, 147, 146, 137, 136, 145, 141, 141, 142, 139, 141, 146, 145,
    138, 134, 143, 148, 146, 143, 147, 151, 146, 144, 138, 142, 146, 148,
    147, 149, 149, 151, 143, 146, 145, 151, 151, 155, 154, 152, 156, 156,
    147, 145, 154, 156, 152, 154, 153, 161, 165, 177, 189, 197, 205, 216,
    218, 221, 233, 236, 230, 233, 235 ]
RHandPositionsX: [ 197, 196, 195, 194, 197, 198, 199, 199, 196, 196, 196,
    199, 197, 198, 199, 195, 196, 196, 195, 197, 196, 199, 197, 199, 198,
    195, 195, 197, 194, 195, 198, 194, 195, 197, 199, 197, 197, 198, 196,
    197, 196, 196, 199, 197, 195, 199, 195, 197, 199, 197, 198, 196, 196,
    196, 197, 195, 200, 200, 198, 199, 197, 199, 198, 196, 199, 197, 198,
    199, 198, 194, 194, 198, 198, 194, 198, 194, 195, 195, 196, 197, 197,
    197, 196, 197, 194, 194, 194, 194 ]
RHandPositionsY: [ 265, 264, 265, 262, 265, 266, 266, 264, 266, 266, 267,
    266, 263, 265, 266, 267, 267, 263, 266, 263, 265, 263, 267, 266, 266,
    264, 264, 264, 262, 264, 266, 266, 265, 264, 263, 267, 266, 266, 267,
    268, 268, 266, 266, 268, 268, 268, 266, 265, 264, 267, 266, 265, 267,
    265, 268, 266, 264, 268, 267, 269, 266, 267, 265, 269, 267, 266, 265,
    266, 266, 265, 264, 264, 264, 267, 266, 268, 268, 266, 265, 267, 267,
    265, 264, 265, 264, 267, 268, 264 ]
