%YAML:1.0
---
videoName: "LHShake11.mp4"
gestureLabel: 2
fps: 29
pixelSizeInCmTemp: 3.3732394366197183e-01
faceCenterPointX: 260
faceCenterPointY: 69
LHandPositionsX: [ 385, 389, 386, 375, 366, 357, 348, 349, 345, 346, 353,
    362, 368, 362, 364, 365, 357, 352, 344, 350, 346, 348, 354, 360, 360,
    357, 361, 353, 351, 346, 348, 345, 348, 350, 356, 355, 352, 352, 347,
    342, 338, 341, 340, 338, 347, 353, 359, 358, 354, 359, 350, 341, 337,
    338, 335, 338, 350, 354, 361, 356, 363, 365, 359, 356, 352, 342, 339,
    332, 332, 328, 332, 330, 333, 334, 332, 331, 332, 335, 331, 331, 332,
    334, 332, 331, 332, 331, 331, 331 ]
LHandPositionsY: [ 178, 164, 151, 143, 144, 146, 149, 146, 147, 137, 131,
    128, 125, 129, 129, 125, 133, 139, 142, 139, 140, 133, 131, 128, 129,
    128, 128, 135, 139, 146, 143, 144, 144, 139, 135, 134, 136, 133, 137,
    141, 143, 143, 145, 144, 143, 133, 133, 135, 134, 127, 136, 138, 147,
    145, 145, 144, 146, 140, 137, 137, 138, 140, 147, 154, 166, 174, 192,
    202, 218, 227, 231, 231, 239, 244, 244, 248, 247, 250, 247, 248, 249,
    250, 249, 248, 251, 249, 250, 252 ]
RHandPositionsX: [ 183, 182, 180, 182, 181, 181, 179, 182, 180, 180, 180,
    179, 182, 183, 179, 180, 181, 179, 180, 180, 183, 179, 179, 181, 182,
    179, 182, 181, 179, 183, 183, 183, 181, 183, 181, 179, 182, 183, 180,
    181, 181, 183, 179, 179, 180, 180, 180, 183, 181, 180, 180, 181, 181,
    181, 181, 179, 181, 179, 179, 182, 179, 179, 183, 180, 183, 179, 179,
    179, 181, 179, 182, 182, 182, 181, 183, 183, 183, 180, 183, 183, 180,
    183, 182, 182, 180, 181, 183, 183 ]
RHandPositionsY: [ 273, 275, 273, 276, 276, 276, 276, 274, 274, 277, 273,
    275, 273, 275, 274, 277, 277, 276, 277, 277, 275, 276, 273, 274, 276,
    276, 274, 273, 276, 273, 276, 274, 276, 275, 274, 273, 277, 277, 276,
    276, 274, 276, 276, 274, 277, 276, 274, 273, 276, 277, 277, 275, 274,
    275, 274, 273, 275, 273, 274, 276, 276, 273, 273, 274, 275, 277, 275,
    273, 275, 276, 274, 277, 274, 277, 275, 277, 275, 274, 275, 275, 277,
    275, 273, 273, 276, 273, 276, 273 ]
