%YAML:1.0
---
videoName: "LHShake05.mp4"
gestureLabel: 2
fps: 30
pixelSizeInCmTemp: 3.2364864864864862e-01
faceCenterPointX: 252
faceCenterPointY: 81
LHandPositionsX: [ 293, 294, 293, 292, 294, 295, 293, 296, 292, 294, 292,
    295, 305, 310, 324, 333, 343, 340, 339, 339, 342, 338, 330, 332, 332,
    331, 331, 336, 341, 345, 343, 340, 330, 323, 323, 322, 330, 333, 337,
    340, 336, 330, 324, 319, 319, 321, 327, 332, 335, 336, 332, 329, 323,
    323, 325, 326, 329, 336, 341, 336, 335, 333, 332, 329, 333, 337, 340,
    338, 341, 335, 334, 327, 322, 315, 311, 306, 305, 300, 297, 295, 296,
    297, 293, 292, 295, 295, 291, 293, 295, 296, 295 ]
LHandPositionsY: [ 268, 266, 266, 267, 268, 266, 267, 267, 262, 255, 243,
    228, 210, 201, 188, 175, 166, 161, 158, 157, 152, 153, 156, 157, 154,
    153, 147, 142, 142, 137, 134, 137, 147, 149, 147, 145, 145, 140, 136,
    133, 131, 138, 141, 141, 144, 141, 141, 138, 133, 133, 137, 143, 140,
    143, 141, 141, 139, 138, 137, 137, 140, 141, 140, 141, 141, 140, 138,
    141, 138, 138, 141, 149, 159, 168, 178, 190, 197, 208, 219, 230, 237,
    236, 240, 244, 244, 247, 251, 253, 250, 254, 261 ]
RHandPositionsX: [ 212, 212, 212, 214, 211, 211, 211, 210, 212, 210, 213,
    211, 209, 212, 212, 210, 210, 210, 209, 208, 209, 210, 211, 209, 209,
    211, 207, 207, 211, 206, 206, 206, 206, 208, 209, 207, 209, 206, 207,
    206, 210, 210, 208, 210, 208, 210, 209, 208, 207, 210, 209, 210, 210,
    206, 210, 207, 209, 210, 210, 207, 209, 208, 209, 207, 208, 206, 206,
    207, 210, 208, 210, 210, 206, 206, 208, 206, 210, 208, 209, 209, 206,
    206, 209, 210, 208, 209, 209, 208, 210, 212, 211 ]
RHandPositionsY: [ 264, 264, 265, 266, 264, 263, 265, 262, 262, 262, 262,
    266, 264, 264, 265, 262, 264, 266, 265, 265, 264, 263, 265, 262, 263,
    265, 263, 264, 265, 264, 266, 266, 265, 266, 261, 262, 262, 265, 263,
    262, 263, 264, 261, 263, 265, 264, 261, 263, 261, 265, 263, 264, 264,
    265, 263, 264, 262, 261, 262, 261, 261, 262, 262, 263, 262, 263, 262,
    263, 263, 261, 264, 261, 262, 262, 261, 262, 262, 262, 262, 265, 261,
    261, 262, 262, 263, 262, 264, 264, 264, 265, 264 ]
