%YAML:1.0
---
videoName: "LHShake12.mp4"
gestureLabel: 2
fps: 29
pixelSizeInCmTemp: 3.3263888888888887e-01
faceCenterPointX: 259
faceCenterPointY: 64
LHandPositionsX: [ 369, 356, 346, 345, 346, 347, 352, 364, 372, 384, 382,
    378, 375, 364, 352, 347, 350, 345, 346, 356, 365, 376, 375, 375, 377,
    371, 362, 348, 343, 343, 337, 342, 348, 358, 368, 371, 371, 374, 366,
    358, 348, 339, 342, 341, 344, 355, 365, 370, 369, 370, 366, 357, 345,
    340, 339, 339, 339, 350, 358, 369, 368, 367, 368, 362, 355, 342, 334,
    329, 322, 320, 314, 320, 317, 326, 332, 330, 330, 332, 335, 334, 337,
    335, 336, 337, 335, 337, 335, 336 ]
LHandPositionsY: [ 166, 165, 165, 161, 160, 159, 157, 154, 151, 151, 150,
    149, 153, 155, 156, 160, 156, 157, 157, 156, 150, 147, 145, 146, 145,
    142, 143, 148, 151, 155, 153, 151, 151, 148, 146, 145, 147, 145, 145,
    151, 150, 158, 157, 157, 153, 154, 150, 149, 149, 148, 149, 154, 155,
    155, 158, 159, 154, 152, 150, 145, 144, 143, 144, 148, 148, 152, 161,
    168, 178, 187, 197, 208, 226, 236, 243, 243, 250, 252, 256, 257, 254,
    257, 257, 256, 258, 257, 258, 259 ]
RHandPositionsX: [ 174, 177, 177, 174, 174, 174, 178, 177, 177, 177, 178,
    178, 175, 174, 174, 175, 177, 178, 174, 175, 175, 176, 176, 175, 174,
    175, 177, 176, 174, 175, 177, 174, 175, 178, 175, 175, 178, 178, 177,
    174, 174, 175, 176, 175, 178, 176, 178, 177, 177, 175, 177, 178, 176,
    174, 178, 174, 176, 174, 175, 175, 175, 175, 176, 174, 175, 176, 177,
    178, 178, 177, 174, 178, 174, 177, 174, 174, 174, 176, 175, 178, 176,
    177, 178, 174, 174, 175, 174, 175 ]
RHandPositionsY: [ 271, 274, 272, 275, 275, 272, 273, 275, 272, 272, 275,
    274, 275, 272, 272, 273, 271, 275, 271, 274, 272, 275, 272, 275, 274,
    273, 272, 271, 271, 272, 272, 273, 275, 272, 275, 275, 272, 273, 274,
    272, 273, 272, 273, 271, 271, 273, 274, 271, 272, 271, 271, 271, 275,
    272, 275, 272, 274, 275, 271, 272, 271, 274, 274, 275, 275, 275, 271,
    273, 273, 272, 271, 275, 273, 272, 274, 271, 273, 274, 273, 274, 271,
    273, 272, 272, 272, 274, 273, 275 ]
