%YAML:1.0
---
videoName: "LHShake00.mp4"
gestureLabel: 2
fps: 29
pixelSizeInCmTemp: 3.4214285714285714e-01
faceCenterPointX: 252
faceCenterPointY: 85
LHandPositionsX: [ 349, 349, 349, 351, 353, 357, 360, 354, 349, 341, 335,
    325, 322, 324, 323, 325, 325, 331, 337, 336, 338, 339, 333, 325, 323,
    326, 326, 327, 332, 339, 338, 339, 341, 331, 324, 325, 321, 327, 332,
    338, 339, 342, 343, 341, 331, 327, 325, 324, 325, 326, 333, 337, 340,
    344, 341, 336, 329, 323, 326, 324, 327, 333, 334, 336, 338, 338, 342,
    337, 336, 332, 332, 327, 326, 329, 331, 328, 328, 332, 334, 337, 339,
    340, 340, 341, 344, 343, 340, 341 ]
LHandPositionsY: [ 257, 250, 246, 229, 209, 189, 172, 151, 139, 134, 133,
    133, 138, 134, 133, 135, 130, 130, 127, 126, 126, 128, 128, 131, 133,
    133, 132, 133, 129, 126, 125, 122, 125, 128, 134, 133, 134, 134, 132,
    128, 126, 126, 124, 123, 125, 131, 134, 134, 134, 130, 133, 128, 126,
    122, 123, 128, 131, 127, 131, 130, 129, 126, 121, 119, 121, 117, 116,
    126, 140, 151, 159, 167, 163, 175, 185, 193, 201, 209, 215, 218, 226,
    229, 228, 231, 233, 237, 235, 235 ]
RHandPositionsX: [ 154, 156, 152, 155, 153, 153, 155, 152, 156, 156, 154,
    155, 155, 152, 152, 154, 155, 153, 156, 154, 154, 156, 154, 155, 155,
    153, 155, 155, 155, 153, 153, 152, 155, 156, 153, 153, 156, 152, 154,
    153, 155, 152, 156, 154, 152, 154, 155, 156, 153, 152, 153, 152, 153,
    152, 153, 153, 156, 153, 155, 152, 155, 155, 152, 155, 154, 156, 153,
    152, 152, 154, 152, 156, 156, 152, 153, 152, 156, 152, 154, 153, 154,
    155, 155, 155, 155, 153, 152, 156 ]
RHandPositionsY: [ 277, 277, 278, 275, 278, 274, 276, 273, 273, 273, 274,
    272, 271, 270, 270, 268, 270, 269, 268, 267, 267, 270, 269, 265, 265,
    268, 264, 264, 265, 264, 263, 266, 266, 264, 264, 266, 266, 263, 263,
    264, 265, 261, 260, 260, 264, 260, 260, 262, 260, 260, 263, 263, 264,
    263, 262, 264, 262, 261, 261, 262, 261, 262, 262, 260, 260, 264, 263,
    264, 264, 263, 262, 261, 263, 262, 261, 261, 262, 264, 264, 264, 264,
    264, 260, 260, 262, 264, 264, 264 ]
