%YAML:1.0
---
videoName: "LHShake16.mp4"
gestureLabel: 2
fps: 30
pixelSizeInCmTemp: 3.3732394366197183e-01
faceCenterPointX: 247
faceCenterPointY: 66
LHandPositionsX: [ 324, 323, 323, 325, 331, 337, 343, 351, 365, 374, 381,
    391, 405, 409, 404, 404, 402, 391, 376, 365, 356, 355, 362, 371, 382,
    400, 394, 391, 390, 383, 374, 370, 369, 371, 373, 380, 388, 386, 402,
    394, 387, 372, 366, 368, 363, 369, 374, 386, 400, 407, 397, 386, 372,
    365, 364, 363, 364, 368, 375, 393, 387, 382, 390, 381, 374, 364, 358,
    347, 343, 334, 335, 333, 330, 329, 330, 329, 330, 330, 329, 328, 330,
    326, 328, 326, 326, 326, 328, 326, 327, 327, 327 ]
LHandPositionsY: [ 252, 256, 251, 254, 251, 246, 235, 222, 211, 196, 179,
    166, 154, 147, 142, 136, 125, 116, 118, 113, 117, 118, 123, 117, 116,
    114, 119, 116, 116, 116, 120, 130, 132, 136, 125, 120, 121, 119, 120,
    116, 118, 127, 134, 133, 136, 137, 129, 127, 123, 122, 123, 130, 137,
    146, 145, 145, 146, 142, 133, 127, 128, 131, 126, 131, 144, 153, 161,
    169, 181, 198, 204, 216, 226, 227, 230, 234, 235, 235, 236, 240, 242,
    239, 244, 242, 245, 245, 244, 242, 244, 242, 244 ]
RHandPositionsX: [ 178, 177, 175, 179, 179, 177, 177, 179, 175, 179, 179,
    179, 179, 176, 178, 179, 177, 176, 176, 175, 175, 179, 175, 177, 178,
    175, 178, 179, 176, 178, 178, 179, 178, 177, 178, 175, 179, 177, 176,
    176, 178, 178, 179, 179, 176, 175, 178, 179, 177, 178, 175, 179, 178,
    178, 179, 176, 179, 175, 177, 179, 176, 177, 177, 177, 178, 177, 175,
    177, 175, 176, 179, 178, 178, 179, 175, 175, 177, 179, 177, 176, 178,
    179, 177, 175, 179, 175, 175, 176, 177, 178, 175 ]
RHandPositionsY: [ 261, 261, 262, 259, 262, 260, 259, 258, 259, 261, 260,
    262, 259, 262, 258, 258, 261, 259, 261, 259, 262, 261, 258, 262, 262,
    262, 261, 261, 261, 261, 261, 260, 261, 261, 262, 258, 262, 262, 258,
    262, 260, 262, 260, 260, 260, 260, 258, 261, 258, 259, 260, 261, 260,
    259, 259, 260, 260, 261, 262, 261, 260, 262, 261, 262, 262, 260, 259,
    258, 262, 258, 260, 262, 259, 260, 260, 259, 258, 261, 260, 260, 258,
    259, 262, 262, 260, 260, 260, 258, 259, 260, 259 ]
