%YAML:1.0
---
videoName: "LHShake06.mp4"
gestureLabel: 2
fps: 29
pixelSizeInCmTemp: 3.3732394366197183e-01
faceCenterPointX: 250
faceCenterPointY: 80
LHandPositionsX: [ 380, 383, 389, 384, 386, 379, 373, 373, 370, 371, 374,
    384, 390, 393, 396, 397, 393, 389, 377, 374, 375, 378, 388, 390, 392,
    394, 389, 387, 383, 381, 378, 381, 383, 386, 392, 391, 387, 386, 381,
    379, 379, 380, 385, 387, 391, 392, 386, 383, 379, 378, 381, 381, 386,
    392, 395, 400, 396, 395, 392, 388, 377, 370, 362, 357, 356, 349, 338,
    326, 321, 313, 307, 308, 304, 304, 303, 300, 301, 299, 303, 302, 299,
    300, 302, 300, 298, 302, 302, 301 ]
LHandPositionsY: [ 149, 148, 144, 138, 139, 137, 138, 135, 135, 135, 131,
    129, 130, 130, 126, 130, 130, 132, 132, 133, 134, 134, 132, 128, 127,
    129, 127, 128, 129, 129, 131, 129, 129, 127, 125, 127, 126, 126, 129,
    129, 129, 126, 127, 126, 125, 125, 124, 128, 126, 125, 125, 128, 124,
    122, 120, 124, 124, 124, 127, 128, 133, 137, 145, 150, 163, 174, 189,
    206, 212, 223, 230, 233, 237, 242, 244, 245, 252, 250, 251, 250, 255,
    254, 254, 252, 256, 255, 254, 258 ]
RHandPositionsX: [ 212, 214, 209, 212, 210, 210, 211, 211, 213, 213, 213,
    209, 211, 211, 211, 212, 212, 210, 211, 213, 209, 211, 210, 211, 212,
    210, 213, 210, 213, 210, 209, 209, 212, 209, 212, 208, 210, 210, 209,
    212, 209, 209, 212, 208, 210, 210, 207, 207, 208, 211, 211, 211, 209,
    209, 210, 211, 210, 211, 207, 209, 209, 211, 209, 209, 209, 208, 211,
    210, 208, 211, 211, 208, 208, 211, 211, 211, 211, 210, 209, 210, 212,
    211, 212, 209, 212, 213, 211, 213 ]
RHandPositionsY: [ 269, 269, 271, 268, 269, 268, 268, 268, 270, 271, 267,
    269, 270, 270, 270, 266, 266, 267, 269, 269, 267, 265, 267, 268, 269,
    266, 265, 269, 266, 267, 269, 268, 266, 267, 269, 265, 268, 267, 268,
    268, 269, 267, 267, 265, 267, 266, 268, 267, 265, 267, 265, 269, 267,
    268, 267, 267, 266, 267, 266, 269, 267, 267, 268, 266, 268, 266, 269,
    267, 268, 267, 268, 266, 269, 265, 268, 267, 266, 265, 265, 265, 269,
    266, 268, 268, 266, 265, 267, 265 ]
