%YAML:1.0
---
videoName: "LHShake03.mp4"
gestureLabel: 2
fps: 30
pixelSizeInCmTemp: 3.2808219178082193e-01
faceCenterPointX: 251
faceCenterPointY: 79
LHandPositionsX: [ 342, 345, 348, 353, 358, 358, 351, 348, 336, 327, 315,
    316, 317, 315, 314, 320, 323, 333, 334, 335, 342, 337, 336, 329, 327,
    323, 321, 323, 326, 329, 335, 341, 343, 337, 335, 320, 318, 314, 310,
    313, 314, 322, 328, 333, 335, 334, 334, 327, 326, 322, 323, 328, 334,
    339, 343, 344, 337, 334, 338, 334, 336, 326, 323, 320, 315, 311, 306,
    303, 299, 299, 297, 298, 298, 295, 293, 290, 291, 292, 292, 292, 291,
    288, 288, 286, 287, 285, 289, 288, 286, 287, 283 ]
LHandPositionsY: [ 139, 136, 128, 122, 114, 110, 107, 104, 99, 96, 107,
    103, 104, 100, 96, 95, 93, 88, 85, 89, 83, 85, 88, 89, 87, 91, 88,
    90, 86, 86, 88, 82, 82, 83, 86, 90, 93, 97, 94, 94, 90, 91, 90, 89,
    85, 88, 85, 88, 90, 93, 91, 92, 89, 86, 88, 86, 94, 97, 97, 99, 114,
    132, 144, 154, 166, 178, 186, 195, 207, 216, 220, 222, 223, 230, 231,
    234, 239, 241, 245, 251, 250, 250, 252, 250, 254, 255, 251, 254, 251,
    252, 255 ]
RHandPositionsX: [ 215, 214, 214, 214, 214, 213, 212, 213, 211, 215, 213,
    215, 211, 213, 213, 214, 212, 215, 211, 211, 212, 215, 215, 213, 213,
    211, 213, 215, 213, 214, 213, 214, 211, 214, 215, 213, 214, 215, 212,
    212, 215, 213, 213, 214, 212, 212, 211, 212, 213, 214, 212, 215, 215,
    215, 215, 212, 213, 210, 211, 210, 210, 213, 211, 214, 210, 210, 210,
    211, 211, 211, 213, 213, 212, 212, 212, 214, 210, 210, 214, 214, 210,
    213, 214, 213, 210, 211, 210, 214, 212, 213, 211 ]
RHandPositionsY: [ 257, 257, 254, 257, 257, 254, 254, 252, 254, 254, 254,
    255, 253, 252, 255, 254, 252, 255, 254, 251, 251, 251, 253, 255, 251,
    251, 255, 254, 252, 252, 251, 255, 253, 255, 252, 254, 255, 254, 253,
    253, 254, 254, 252, 255, 253, 254, 252, 252, 255, 255, 255, 251, 251,
    252, 253, 255, 255, 253, 255, 253, 251, 255, 251, 251, 251, 255, 251,
    255, 251, 253, 254, 255, 255, 255, 254, 251, 254, 255, 252, 252, 254,
    254, 252, 254, 253, 253, 252, 253, 255, 255, 255 ]
