%YAML:1.0
---
videoName: "LHShake05.mp4"
gestureLabel: 2
fps: 30
pixelSizeInCmTemp: 3.2364864864864862e-01
faceCenterPointX: 252
faceCenterPointY: 81
LHandPositionsX: [ 292, 295, 292, 292, 291, 293, 293, 296, 293, 293, 293,
    298, 305, 310, 320, 332, 343, 341, 340, 342, 340, 335, 329, 330, 331,
    332, 335, 339, 343, 344, 346, 340, 333, 321, 323, 324, 327, 330, 336,
    339, 338, 329, 320, 323, 319, 321, 328, 333, 337, 337, 334, 326, 324,
    324, 326, 327, 332, 337, 338, 335, 334, 332, 330, 332, 329, 335, 339,
    337, 342, 335, 332, 325, 319, 317, 310, 305, 302, 302, 299, 293, 294,
    293, 292, 291, 292, 294, 295, 293, 295, 293, 296 ]
LHandPositionsY: [ 270, 266, 270, 270, 269, 268, 267, 265, 262, 253, 244,
    227, 210, 200, 188, 176, 165, 161, 157, 154, 151, 152, 153, 155, 156,
    152, 150, 146, 138, 136, 136, 136, 147, 145, 146, 146, 146, 139, 136,
    134, 135, 136, 141, 144, 143, 142, 141, 136, 136, 132, 138, 139, 141,
    142, 145, 142, 142, 140, 135, 137, 139, 141, 143, 144, 145, 139, 137,
    137, 136, 137, 141, 151, 163, 167, 177, 189, 197, 211, 218, 227, 233,
    238, 239, 245, 245, 248, 253, 249, 250, 254, 261 ]
RHandPositionsX: [ 210, 211, 213, 213, 211, 213, 210, 210, 212, 210, 210,
    210, 210, 213, 213, 213, 213, 213, 210, 209, 211, 212, 208, 212, 211,
    210, 209, 209, 207, 209, 206, 210, 209, 209, 206, 207, 208, 206, 206,
    206, 206, 206, 206, 208, 208, 206, 208, 209, 208, 209, 206, 210, 210,
    207, 206, 206, 210, 209, 210, 210, 209, 209, 207, 207, 209, 207, 207,
    209, 207, 210, 210, 209, 208, 208, 209, 209, 207, 210, 206, 210, 207,
    209, 210, 210, 207, 211, 209, 211, 208, 208, 210 ]
RHandPositionsY: [ 263, 262, 264, 266, 262, 263, 263, 263, 262, 266, 265,
    265, 265, 266, 263, 263, 265, 263, 265, 266, 265, 266, 266, 266, 264,
    266, 266, 264, 266, 264, 266, 264, 263, 263, 265, 262, 264, 261, 261,
    265, 265, 265, 263, 263, 262, 265, 262, 261, 262, 265, 265, 263, 262,
    265, 262, 263, 264, 262, 264, 261, 264, 263, 263, 261, 261, 264, 263,
    264, 262, 263, 264, 262, 262, 262, 261, 264, 262, 262, 261, 265, 263,
    261, 265, 265, 262, 262, 263, 265, 263, 263, 262 ]
