%YAML:1.0
---
videoName: "LHShake16.mp4"
gestureLabel: 2
fps: 30
pixelSizeInCmTemp: 3.3732394366197183e-01
faceCenterPointX: 247
faceCenterPointY: 66
LHandPositionsX: [ 325, 322, 327, 327, 327, 336, 346, 351, 361, 371, 384,
    392, 401, 412, 404, 403, 402, 391, 374, 361, 356, 358, 363, 372, 380,
    398, 396, 394, 390, 386, 376, 370, 369, 371, 369, 380, 391, 387, 402,
    396, 384, 373, 367, 367, 365, 371, 375, 382, 401, 408, 399, 387, 371,
    365, 364, 364, 365, 370, 373, 394, 387, 385, 388, 382, 372, 368, 356,
    347, 345, 337, 333, 330, 333, 329, 331, 328, 327, 328, 331, 330, 327,
    326, 326, 326, 328, 325, 324, 327, 325, 326, 326 ]
LHandPositionsY: [ 252, 254, 251, 253, 253, 244, 236, 220, 210, 196, 180,
    166, 153, 148, 143, 136, 124, 118, 115, 112, 116, 119, 123, 114, 114,
    113, 119, 118, 119, 115, 120, 131, 130, 133, 128, 121, 119, 122, 121,
    116, 117, 129, 132, 131, 137, 138, 132, 124, 124, 122, 120, 128, 135,
    144, 142, 147, 148, 143, 134, 126, 128, 127, 127, 134, 142, 150, 158,
    169, 182, 199, 206, 217, 223, 228, 233, 236, 237, 236, 239, 240, 241,
    243, 241, 241, 242, 244, 242, 241, 243, 241, 244 ]
RHandPositionsX: [ 175, 179, 175, 177, 175, 175, 179, 176, 176, 175, 176,
    176, 178, 179, 178, 178, 178, 177, 177, 179, 176, 175, 175, 178, 175,
    178, 178, 177, 178, 178, 176, 179, 176, 177, 175, 175, 179, 175, 175,
    176, 175, 179, 175, 177, 176, 176, 177, 175, 175, 175, 177, 175, 177,
    179, 175, 176, 178, 179, 177, 177, 178, 175, 177, 175, 176, 178, 177,
    175, 178, 175, 179, 175, 178, 177, 179, 177, 175, 176, 177, 179, 177,
    176, 176, 175, 175, 177, 179, 176, 176, 176, 176 ]
RHandPositionsY: [ 262, 259, 262, 262, 258, 261, 258, 260, 262, 260, 261,
    259, 260, 261, 259, 262, 260, 261, 260, 259, 260, 262, 260, 260, 259,
    260, 261, 260, 260, 261, 262, 259, 260, 258, 262, 262, 261, 259, 259,
    261, 261, 261, 261, 261, 260, 262, 261, 259, 262, 262, 259, 259, 258,
    259, 258, 260, 262, 258, 262, 262, 259, 258, 259, 258, 258, 260, 259,
    258, 258, 258, 259, 260, 261, 260, 261, 260, 258, 261, 259, 260, 262,
    260, 260, 260, 258, 261, 258, 259, 262, 262, 258 ]
