%YAML:1.0
---
videoName: "LHShake01.mp4"
gestureLabel: 2
fps: 29
pixelSizeInCmTemp: 3.4214285714285714e-01
faceCenterPointX: 252
faceCenterPointY: 84
LHandPositionsX: [ 364, 367, 363, 364, 362, 353, 346, 339, 335, 332, 332,
    335, 338, 342, 348, 354, 359, 353, 350, 348, 344, 342, 338, 336, 338,
    341, 343, 348, 349, 348, 352, 348, 346, 343, 340, 333, 330, 336, 335,
    343, 344, 347, 346, 349, 348, 344, 344, 339, 335, 335, 332, 336, 336,
    343, 345, 349, 351, 349, 346, 347, 344, 340, 338, 330, 330, 326, 330,
    335, 332, 328, 332, 332, 337, 339, 343, 342, 345, 347, 347, 347, 350,
    349, 348, 352, 350, 350, 349, 351 ]
LHandPositionsY: [ 147, 138, 134, 128, 123, 118, 117, 121, 120, 119, 123,
    122, 119, 117, 114, 111, 107, 110, 111, 108, 109, 111, 114, 114, 115,
    110, 112, 110, 105, 106, 104, 107, 105, 108, 111, 114, 114, 114, 112,
    111, 111, 109, 105, 102, 103, 107, 105, 105, 107, 109, 111, 108, 108,
    106, 104, 104, 102, 100, 103, 103, 105, 102, 108, 120, 131, 140, 152,
    162, 164, 164, 170, 182, 189, 201, 205, 214, 221, 219, 224, 223, 226,
    229, 229, 229, 230, 230, 230, 230 ]
RHandPositionsX: [ 156, 153, 153, 154, 157, 153, 157, 157, 156, 157, 156,
    155, 156, 155, 156, 157, 157, 157, 155, 153, 156, 153, 156, 156, 154,
    156, 154, 157, 153, 155, 157, 153, 157, 153, 156, 157, 156, 155, 157,
    153, 153, 154, 156, 155, 154, 156, 154, 154, 153, 154, 154, 154, 155,
    155, 153, 156, 157, 154, 155, 157, 156, 154, 153, 154, 155, 155, 155,
    155, 153, 157, 156, 154, 156, 157, 153, 153, 153, 156, 153, 157, 155,
    153, 153, 157, 154, 156, 156, 155 ]
RHandPositionsY: [ 268, 268, 268, 269, 266, 268, 269, 267, 266, 267, 268,
    268, 266, 267, 265, 266, 265, 264, 264, 267, 264, 265, 262, 262, 264,
    264, 265, 265, 263, 263, 261, 263, 263, 261, 261, 262, 260, 263, 261,
    263, 260, 261, 262, 260, 263, 259, 259, 261, 259, 263, 260, 260, 261,
    261, 262, 261, 263, 260, 259, 263, 262, 261, 261, 261, 261, 262, 262,
    259, 262, 262, 261, 262, 263, 259, 263, 262, 261, 261, 259, 263, 263,
    261, 259, 260, 262, 263, 260, 262 ]
