%YAML:1.0
---
videoName: "LHShake12.mp4"
gestureLabel: 2
fps: 29
pixelSizeInCmTemp: 3.3263888888888887e-01
faceCenterPointX: 259
faceCenterPointY: 64
LHandPositionsX: [ 369, 358, 350, 347, 345, 345, 351, 361, 372, 380, 383,
    382, 373, 366, 353, 345, 351, 344, 346, 355, 366, 374, 378, 378, 375,
    371, 363, 347, 341, 341, 339, 342, 351, 362, 370, 369, 372, 371, 369,
    360, 346, 341, 345, 341, 345, 352, 364, 369, 369, 371, 366, 356, 346,
    341, 339, 337, 343, 349, 356, 365, 367, 367, 366, 361, 352, 342, 336,
    326, 325, 316, 314, 317, 320, 327, 332, 329, 333, 335, 336, 337, 334,
    337, 333, 334, 337, 337, 336, 337 ]
LHandPositionsY: [ 164, 162, 165, 161, 163, 158, 156, 154, 150, 149, 152,
    153, 149, 154, 153, 158, 158, 158, 156, 154, 148, 146, 147, 147, 142,
    145, 146, 146, 153, 154, 156, 152, 151, 148, 146, 147, 148, 147, 147,
    151, 151, 158, 156, 158, 154, 152, 153, 149, 153, 147, 150, 150, 152,
    155, 158, 155, 154, 152, 150, 147, 145, 143, 146, 145, 147, 153, 160,
    169, 180, 187, 198, 207, 225, 237, 243, 244, 248, 252, 253, 256, 255,
    257, 256, 255, 258, 256, 257, 255 ]
RHandPositionsX: [ 177, 177, 178, 178, 175, 176, 174, 174, 178, 174, 177,
    177, 177, 177, 178, 174, 178, 174, 176, 178, 175, 176, 174, 175, 177,
    178, 175, 177, 177, 176, 177, 176, 178, 176, 177, 177, 177, 176, 175,
    178, 175, 176, 175, 178, 177, 175, 176, 178, 178, 176, 174, 177, 176,
    177, 178, 176, 178, 178, 176, 175, 177, 174, 174, 174, 175, 175, 177,
    174, 175, 175, 178, 178, 178, 174, 178, 177, 177, 175, 175, 175, 178,
    175, 177, 176, 177, 174, 176, 174 ]
RHandPositionsY: [ 272, 271, 273, 273, 271, 273, 274, 272, 274, 273, 273,
    272, 274, 271, 272, 275, 271, 272, 275, 271, 272, 275, 272, 274, 274,
    271, 274, 274, 275, 275, 275, 273, 271, 275, 275, 271, 274, 274, 274,
    271, 273, 275, 271, 271, 271, 275, 274, 272, 273, 271, 275, 273, 275,
    272, 271, 273, 271, 271, 274, 275, 275, 272, 271, 274, 273, 272, 275,
    273, 274, 275, 272, 274, 271, 271, 273, 273, 274, 272, 272, 272, 272,
    273, 274, 275, 273, 274, 272, 274 ]
