%YAML:1.0
---
videoName: "LHShake15.mp4"
gestureLabel: 2
fps: 29
pixelSizeInCmTemp: 3.3263888888888887e-01
faceCenterPointX: 252
faceCenterPointY: 65
LHandPositionsX: [ 328, 330, 327, 330, 330, 327, 327, 330, 334, 329, 338,
    343, 349, 351, 360, 364, 371, 371, 378, 381, 379, 377, 365, 359, 348,
    341, 344, 339, 348, 355, 361, 359, 360, 360, 355, 347, 330, 330, 330,
    334, 343, 351, 357, 351, 353, 353, 351, 332, 329, 327, 329, 342, 351,
    357, 352, 352, 358, 357, 345, 338, 335, 332, 336, 339, 343, 348, 348,
    350, 347, 351, 340, 336, 327, 323, 323, 320, 321, 323, 325, 327, 324,
    327, 327, 325, 324, 328, 325, 326 ]
LHandPositionsY: [ 256, 258, 255, 254, 255, 254, 254, 256, 255, 252, 242,
    227, 214, 202, 183, 170, 153, 136, 123, 119, 117, 108, 105, 100, 105,
    105, 105, 100, 101, 96, 92, 92, 93, 95, 93, 96, 101, 99, 97, 98, 97,
    91, 94, 94, 97, 97, 101, 99, 99, 101, 98, 96, 95, 95, 96, 95, 95,
    102, 99, 102, 100, 102, 97, 96, 99, 103, 100, 100, 100, 101, 107,
    123, 138, 150, 164, 177, 195, 206, 217, 231, 233, 236, 239, 241, 239,
    241, 240, 242 ]
RHandPositionsX: [ 179, 176, 176, 177, 177, 179, 175, 175, 177, 179, 178,
    179, 178, 179, 179, 175, 176, 175, 179, 177, 176, 177, 176, 176, 175,
    179, 175, 175, 178, 176, 178, 178, 175, 178, 177, 176, 179, 177, 178,
    176, 176, 179, 177, 179, 177, 176, 177, 177, 177, 175, 178, 178, 175,
    175, 176, 179, 179, 175, 178, 179, 178, 176, 177, 178, 175, 177, 175,
    177, 177, 178, 176, 179, 178, 176, 175, 176, 175, 175, 175, 177, 178,
    179, 178, 177, 175, 175, 179, 175 ]
RHandPositionsY: [ 257, 259, 261, 258, 261, 261, 260, 260, 261, 261, 257,
    261, 259, 258, 260, 260, 259, 257, 260, 261, 257, 261, 261, 257, 261,
    260, 261, 259, 257, 257, 257, 261, 260, 258, 260, 260, 261, 259, 259,
    260, 257, 261, 260, 257, 257, 260, 261, 259, 261, 258, 258, 261, 261,
    257, 261, 257, 261, 261, 258, 261, 260, 261, 260, 260, 261, 261, 258,
    259, 258, 260, 261, 257, 259, 261, 261, 257, 257, 258, 258, 259, 260,
    261, 257, 257, 257, 258, 261, 257 ]
