%YAML:1.0
---
videoName: "LHShake02.mp4"
gestureLabel: 2
fps: 29
pixelSizeInCmTemp: 3.3263888888888887e-01
faceCenterPointX: 249
faceCenterPointY: 82
LHandPositionsX: [ 361, 363, 360, 367, 375, 380, 386, 386, 386, 389, 385,
    379, 373, 366, 364, 362, 363, 365, 372, 376, 384, 387, 381, 377, 376,
    372, 368, 367, 364, 364, 368, 369, 377, 377, 376, 382, 381, 378, 375,
    367, 365, 360, 360, 357, 358, 363, 367, 371, 371, 371, 371, 368, 365,
    358, 358, 356, 362, 366, 370, 369, 372, 371, 367, 361, 356, 353, 350,
    345, 347, 344, 343, 341, 343, 343, 342, 342, 343, 348, 347, 348, 348,
    350, 350, 349, 349, 347, 347, 346 ]
LHandPositionsY: [ 123, 121, 119, 115, 115, 112, 109, 112, 112, 107, 110,
    111, 111, 112, 112, 113, 114, 108, 109, 108, 105, 102, 102, 105, 104,
    105, 107, 110, 108, 108, 104, 103, 100, 101, 98, 98, 97, 98, 97, 98,
    99, 101, 104, 102, 105, 104, 100, 101, 102, 98, 101, 104, 109, 107,
    106, 108, 108, 105, 105, 106, 104, 104, 103, 106, 120, 134, 147, 163,
    165, 170, 179, 184, 191, 197, 206, 211, 218, 220, 227, 228, 231, 230,
    232, 230, 231, 234, 235, 236 ]
RHandPositionsX: [ 153, 156, 155, 155, 157, 154, 155, 157, 154, 154, 154,
    153, 154, 155, 154, 154, 157, 156, 156, 153, 154, 156, 153, 157, 155,
    155, 157, 154, 155, 156, 157, 155, 156, 157, 153, 154, 153, 157, 154,
    154, 156, 155, 155, 157, 157, 156, 155, 155, 157, 153, 153, 156, 154,
    157, 156, 156, 156, 157, 157, 156, 157, 154, 157, 155, 156, 154, 156,
    157, 153, 156, 156, 154, 155, 154, 157, 155, 155, 154, 157, 156, 155,
    153, 153, 157, 153, 156, 155, 153 ]
RHandPositionsY: [ 261, 263, 264, 263, 262, 262, 264, 262, 259, 262, 262,
    261, 259, 261, 261, 262, 260, 259, 261, 260, 260, 262, 259, 262, 260,
    258, 261, 258, 260, 261, 259, 261, 258, 261, 258, 261, 262, 260, 259,
    259, 261, 258, 261, 259, 261, 262, 261, 260, 262, 258, 261, 261, 260,
    261, 258, 261, 260, 262, 258, 262, 260, 259, 258, 259, 261, 259, 262,
    258, 261, 261, 261, 261, 260, 258, 260, 262, 258, 260, 262, 259, 258,
    262, 261, 259, 260, 258, 258, 261 ]
