%YAML:1.0
---
videoName: "LHShake04.mp4"
gestureLabel: 2
fps: 30
pixelSizeInCmTemp: 3.2808219178082193e-01
faceCenterPointX: 247
faceCenterPointY: 80
LHandPositionsX: [ 282, 283, 283, 282, 283, 279, 280, 282, 282, 282, 281,
    282, 278, 282, 279, 287, 289, 299, 306, 319, 335, 348, 357, 366, 371,
    367, 361, 360, 348, 343, 338, 336, 334, 338, 348, 361, 366, 367, 356,
    347, 338, 344, 341, 343, 352, 352, 358, 356, 354, 344, 340, 344, 343,
    349, 353, 357, 356, 348, 346, 349, 345, 350, 355, 360, 360, 367, 363,
    361, 356, 344, 335, 323, 315, 303, 300, 296, 292, 291, 288, 288, 288,
    287, 290, 288, 290, 287, 290, 287, 285, 285, 288 ]
LHandPositionsY: [ 268, 272, 270, 270, 270, 269, 269, 270, 268, 269, 269,
    271, 270, 268, 271, 266, 264, 253, 243, 231, 219, 205, 188, 176, 162,
    158, 154, 150, 134, 130, 134, 129, 127, 117, 118, 110, 108, 111, 114,
    117, 131, 126, 123, 126, 119, 118, 114, 110, 117, 117, 118, 122, 119,
    117, 112, 111, 112, 112, 112, 117, 114, 110, 107, 105, 106, 105, 106,
    112, 129, 143, 155, 172, 187, 201, 214, 223, 236, 242, 241, 247, 248,
    249, 249, 250, 250, 252, 251, 251, 252, 251, 253 ]
RHandPositionsX: [ 217, 217, 218, 216, 214, 218, 217, 215, 214, 218, 216,
    215, 215, 216, 214, 215, 217, 218, 217, 218, 215, 214, 214, 216, 217,
    214, 218, 214, 214, 217, 214, 217, 214, 217, 216, 216, 216, 215, 216,
    218, 215, 214, 215, 218, 216, 217, 214, 218, 218, 214, 215, 214, 214,
    217, 218, 218, 216, 214, 217, 216, 216, 217, 216, 218, 217, 215, 215,
    216, 217, 217, 214, 214, 216, 216, 217, 215, 214, 215, 214, 215, 217,
    216, 215, 216, 215, 214, 216, 217, 217, 214, 215 ]
RHandPositionsY: [ 266, 269, 270, 270, 269, 267, 266, 267, 266, 266, 270,
    266, 265, 269, 266, 269, 269, 268, 266, 267, 265, 267, 264, 263, 266,
    265, 265, 265, 266, 267, 267, 267, 266, 263, 262, 262, 266, 264, 264,
    262, 262, 265, 264, 262, 262, 265, 265, 262, 265, 265, 261, 264, 262,
    263, 265, 264, 261, 262, 262, 263, 261, 265, 265, 263, 264, 262, 262,
    264, 261, 262, 261, 262, 263, 262, 261, 263, 261, 263, 261, 265, 263,
    265, 261, 262, 263, 262, 262, 261, 261, 262, 262 ]
