%YAML:1.0
---
videoName: "LHShake09.mp4"
gestureLabel: 2
fps: 29
pixelSizeInCmTemp: 3.3263888888888887e-01
faceCenterPointX: 259
faceCenterPointY: 67
LHandPositionsX: [ 338, 336, 338, 337, 342, 348, 349, 355, 350, 357, 357,
    367, 371, 370, 366, 363, 360, 353, 340, 333, 334, 335, 330, 331, 336,
    349, 350, 347, 350, 350, 352, 350, 341, 339, 334, 335, 340, 343, 351,
    361, 365, 365, 366, 361, 355, 343, 337, 336, 336, 333, 339, 346, 352,
    356, 355, 354, 353, 349, 341, 334, 337, 335, 332, 336, 340, 348, 353,
    355, 356, 352, 349, 345, 336, 331, 325, 318, 319, 320, 320, 327, 329,
    330, 332, 330, 333, 332, 331, 331 ]
LHandPositionsY: [ 272, 273, 272, 272, 271, 273, 266, 254, 249, 237, 232,
    214, 199, 199, 183, 172, 167, 160, 157, 159, 157, 158, 156, 153, 154,
    149, 146, 146, 149, 146, 151, 152, 154, 155, 152, 152, 155, 152, 154,
    155, 153, 152, 153, 152, 155, 153, 155, 157, 158, 156, 156, 156, 155,
    151, 151, 149, 153, 150, 150, 153, 152, 151, 155, 153, 151, 151, 153,
    151, 151, 150, 151, 153, 164, 172, 182, 191, 205, 222, 233, 244, 245,
    246, 253, 255, 259, 257, 260, 261 ]
RHandPositionsX: [ 178, 180, 180, 179, 180, 180, 178, 179, 177, 179, 179,
    176, 180, 177, 178, 176, 179, 177, 176, 177, 176, 179, 179, 176, 180,
    180, 179, 179, 178, 180, 177, 179, 178, 176, 178, 179, 179, 180, 177,
    180, 177, 180, 180, 179, 180, 177, 176, 180, 180, 180, 179, 177, 176,
    179, 177, 178, 179, 176, 179, 177, 177, 178, 177, 180, 178, 180, 179,
    176, 180, 178, 179, 180, 178, 180, 177, 179, 176, 180, 177, 178, 179,
    176, 176, 179, 176, 179, 177, 179 ]
RHandPositionsY: [ 278, 277, 277, 276, 279, 276, 277, 276, 279, 276, 275,
    276, 275, 278, 276, 278, 276, 278, 277, 277, 275, 279, 275, 276, 275,
    278, 277, 278, 275, 279, 279, 277, 279, 277, 278, 277, 278, 278, 278,
    276, 276, 279, 275, 279, 279, 278, 277, 278, 277, 275, 279, 275, 278,
    275, 277, 277, 276, 279, 279, 279, 277, 279, 279, 278, 277, 279, 276,
    279, 277, 278, 275, 275, 278, 276, 276, 277, 275, 276, 277, 279, 276,
    275, 276, 277, 278, 276, 278, 277 ]
