%YAML:1.0
---
videoName: "LHShake16.mp4"
gestureLabel: 2
fps: 30
pixelSizeInCmTemp: 3.3732394366197183e-01
faceCenterPointX: 247
faceCenterPointY: 66
LHandPositionsX: [ 323, 326, 327, 327, 327, 336, 343, 352, 364, 374, 381,
    395, 403, 408, 404, 400, 401, 392, 377, 363, 357, 356, 365, 371, 380,
    398, 396, 391, 390, 385, 376, 370, 370, 372, 371, 378, 390, 386, 401,
    394, 383, 376, 367, 367, 367, 372, 372, 383, 401, 405, 397, 383, 373,
    362, 361, 360, 361, 370, 375, 391, 389, 382, 390, 382, 373, 365, 358,
    348, 346, 337, 334, 330, 332, 331, 332, 330, 329, 328, 329, 331, 328,
    328, 328, 329, 329, 325, 325, 328, 326, 328, 328 ]
LHandPositionsY: [ 254, 253, 251, 252, 251, 245, 235, 222, 208, 195, 180,
    170, 153, 149, 141, 134, 124, 114, 115, 113, 117, 120, 123, 116, 112,
    116, 119, 116, 116, 114, 120, 132, 131, 135, 125, 118, 120, 120, 120,
    118, 118, 127, 134, 130, 135, 137, 130, 128, 126, 124, 120, 128, 137,
    144, 145, 147, 145, 143, 134, 129, 128, 131, 124, 134, 142, 150, 161,
    168, 181, 198, 205, 215, 226, 226, 232, 234, 236, 237, 239, 240, 239,
    242, 244, 244, 244, 241, 242, 245, 242, 242, 241 ]
RHandPositionsX: [ 179, 179, 178, 176, 178, 177, 177, 175, 175, 177, 177,
    176, 178, 175, 177, 177, 178, 177, 177, 179, 179, 178, 179, 176, 176,
    177, 179, 178, 179, 175, 176, 175, 175, 177, 179, 175, 178, 176, 179,
    178, 177, 175, 175, 179, 175, 177, 177, 176, 175, 178, 177, 176, 179,
    176, 179, 178, 178, 175, 175, 178, 176, 179, 178, 177, 178, 175, 176,
    176, 178, 177, 176, 175, 178, 176, 176, 178, 179, 177, 179, 177, 177,
    175, 175, 179, 179, 179, 178, 177, 176, 175, 176 ]
RHandPositionsY: [ 260, 261, 260, 261, 259, 261, 258, 260, 259, 258, 259,
    261, 260, 259, 260, 258, 260, 261, 262, 262, 259, 260, 259, 258, 262,
    260, 260, 258, 262, 260, 259, 258, 260, 262, 258, 261, 259, 262, 259,
    261, 258, 261, 259, 260, 259, 260, 261, 262, 259, 258, 260, 260, 259,
    262, 259, 262, 260, 259, 261, 261, 262, 261, 261, 259, 258, 258, 262,
    260, 258, 260, 259, 262, 259, 261, 260, 262, 261, 262, 260, 262, 262,
    261, 259, 260, 258, 261, 258, 261, 258, 260, 260 ]
