%YAML:1.0
---
videoName: "LHShake03.mp4"
gestureLabel: 2
fps: 30
pixelSizeInCmTemp: 3.2808219178082193e-01
faceCenterPointX: 251
faceCenterPointY: 79
LHandPositionsX: [ 341, 347, 352, 355, 357, 358, 355, 350, 339, 326, 316,
    314, 316, 317, 313, 320, 326, 334, 333, 335, 339, 337, 335, 329, 326,
    322, 325, 321, 324, 330, 333, 343, 345, 339, 335, 322, 319, 312, 309,
    313, 315, 321, 327, 334, 337, 334, 330, 326, 324, 324, 324, 325, 334,
    336, 345, 344, 337, 336, 337, 336, 334, 327, 319, 318, 314, 311, 305,
    303, 301, 301, 296, 298, 298, 297, 294, 291, 290, 289, 292, 290, 292,
    289, 292, 286, 285, 285, 287, 285, 285, 285, 286 ]
LHandPositionsY: [ 142, 133, 127, 121, 114, 111, 106, 103, 98, 96, 105,
    105, 105, 102, 99, 95, 90, 86, 85, 89, 84, 86, 89, 88, 88, 90, 89,
    88, 89, 86, 85, 85, 79, 84, 85, 90, 91, 97, 96, 94, 92, 92, 92, 87,
    88, 90, 85, 88, 89, 92, 89, 91, 90, 85, 88, 89, 94, 94, 99, 100, 115,
    130, 141, 153, 166, 178, 187, 194, 208, 216, 223, 224, 224, 229, 231,
    235, 239, 245, 246, 247, 247, 247, 248, 254, 254, 255, 253, 253, 254,
    255, 253 ]
RHandPositionsX: [ 214, 216, 214, 212, 214, 214, 215, 214, 215, 211, 213,
    215, 212, 211, 215, 212, 214, 215, 214, 211, 213, 215, 215, 213, 211,
    215, 214, 215, 215, 213, 214, 214, 211, 211, 215, 215, 213, 211, 213,
    214, 215, 214, 215, 214, 215, 213, 213, 214, 213, 214, 212, 213, 212,
    215, 213, 211, 212, 213, 212, 214, 214, 214, 214, 212, 211, 214, 212,
    211, 210, 212, 214, 210, 214, 211, 213, 213, 210, 211, 212, 210, 214,
    213, 210, 212, 212, 211, 214, 213, 213, 211, 211 ]
RHandPositionsY: [ 257, 256, 256, 257, 254, 252, 255, 254, 252, 253, 256,
    253, 252, 252, 255, 253, 254, 252, 253, 252, 255, 254, 255, 254, 253,
    254, 253, 254, 251, 253, 254, 254, 252, 252, 253, 251, 252, 251, 253,
    251, 254, 252, 253, 253, 252, 252, 253, 252, 254, 254, 252, 251, 251,
    253, 252, 254, 251, 254, 254, 255, 253, 253, 253, 255, 252, 255, 254,
    254, 252, 253, 254, 253, 251, 255, 252, 252, 251, 254, 252, 251, 251,
    252, 253, 251, 251, 254, 252, 251, 253, 252, 255 ]
