%YAML:1.0
---
videoName: "LHShake17.mp4"
gestureLabel: 2
fps: 30
pixelSizeInCmTemp: 3.3732394366197183e-01
faceCenterPointX: 248
faceCenterPointY: 64
LHandPositionsX: [ 321, 321, 322, 325, 325, 324, 327, 324, 327, 335, 346,
    354, 366, 374, 390, 397, 406, 408, 402, 387, 372, 358, 351, 353, 354,
    357, 372, 381, 376, 380, 373, 363, 354, 346, 348, 350, 356, 363, 368,
    367, 364, 360, 354, 351, 349, 356, 363, 370, 374, 376, 373, 372, 360,
    350, 349, 347, 346, 352, 359, 364, 365, 368, 366, 358, 350, 341, 340,
    338, 337, 332, 331, 331, 333, 333, 332, 329, 326, 328, 326, 324, 327,
    328, 324, 324, 327, 323, 327, 326, 327, 323, 323 ]
LHandPositionsY: [ 248, 247, 250, 249, 250, 250, 247, 247, 246, 233, 216,
    204, 187, 175, 160, 146, 130, 122, 113, 113, 123, 130, 136, 137, 138,
    132, 121, 118, 121, 120, 119, 130, 135, 142, 141, 140, 126, 116, 117,
    118, 120, 115, 128, 135, 133, 137, 126, 119, 121, 125, 119, 122, 129,
    136, 142, 139, 137, 125, 124, 122, 127, 125, 122, 130, 138, 143, 153,
    163, 173, 180, 193, 209, 219, 218, 223, 227, 233, 233, 233, 237, 237,
    236, 237, 235, 237, 237, 235, 235, 239, 236, 237 ]
RHandPositionsX: [ 177, 179, 177, 178, 180, 179, 178, 179, 180, 176, 180,
    177, 177, 179, 180, 178, 179, 177, 177, 179, 179, 176, 180, 177, 179,
    176, 178, 178, 178, 179, 176, 178, 176, 178, 177, 178, 178, 177, 174,
    178, 176, 176, 177, 174, 177, 175, 176, 174, 176, 175, 177, 177, 178,
    175, 176, 176, 177, 178, 174, 175, 176, 178, 174, 174, 175, 176, 178,
    178, 176, 174, 177, 176, 177, 174, 175, 177, 176, 175, 174, 174, 175,
    175, 174, 175, 176, 177, 175, 178, 174, 178, 177 ]
RHandPositionsY: [ 258, 256, 258, 257, 259, 256, 259, 257, 258, 260, 257,
    256, 258, 258, 259, 257, 258, 259, 257, 256, 257, 258, 259, 259, 259,
    260, 257, 259, 259, 256, 258, 259, 259, 258, 260, 258, 260, 259, 259,
    260, 260, 259, 260, 259, 260, 259, 260, 257, 256, 257, 256, 260, 259,
    258, 260, 256, 258, 257, 257, 256, 256, 256, 257, 258, 257, 260, 258,
    260, 256, 257, 258, 258, 256, 259, 259, 260, 258, 257, 257, 259, 260,
    257, 256, 260, 258, 260, 257, 256, 258, 260, 257 ]
