%YAML:1.0
---
videoName: "LHShake00.mp4"
gestureLabel: 2
fps: 29
pixelSizeInCmTemp: 3.4214285714285714e-01
faceCenterPointX: 252
faceCenterPointY: 85
LHandPositionsX: [ 352, 349, 352, 351, 355, 357, 359, 355, 352, 342, 333,
    324, 322, 321, 322, 326, 329, 331, 334, 337, 341, 337, 330, 327, 325,
    324, 326, 331, 333, 336, 336, 341, 338, 331, 322, 325, 325, 326, 330,
    334, 342, 340, 344, 339, 334, 326, 324, 326, 325, 327, 331, 338, 337,
    340, 342, 334, 327, 326, 325, 322, 324, 330, 336, 338, 337, 340, 342,
    339, 338, 334, 331, 330, 328, 326, 330, 329, 329, 332, 336, 337, 338,
    339, 339, 342, 340, 340, 341, 344 ]
LHandPositionsY: [ 257, 253, 248, 230, 211, 186, 170, 149, 138, 137, 131,
    135, 138, 133, 133, 133, 130, 129, 128, 128, 126, 126, 130, 130, 135,
    135, 130, 131, 130, 124, 123, 121, 124, 125, 136, 134, 133, 134, 131,
    128, 125, 126, 123, 121, 125, 131, 130, 133, 133, 134, 133, 127, 126,
    120, 123, 126, 129, 128, 129, 130, 126, 123, 120, 121, 122, 120, 116,
    127, 140, 149, 161, 167, 164, 175, 185, 191, 202, 206, 215, 217, 223,
    228, 230, 231, 235, 235, 234, 233 ]
RHandPositionsX: [ 153, 154, 155, 155, 155, 153, 152, 155, 152, 152, 154,
    154, 153, 154, 152, 155, 156, 156, 155, 156, 155, 154, 153, 152, 153,
    155, 155, 155, 153, 153, 152, 152, 154, 156, 154, 154, 154, 155, 152,
    152, 154, 153, 153, 154, 156, 152, 155, 153, 155, 156, 155, 155, 154,
    156, 155, 155, 153, 155, 155, 155, 154, 156, 152, 154, 156, 152, 155,
    156, 155, 156, 156, 153, 156, 153, 153, 155, 156, 156, 154, 154, 154,
    155, 152, 152, 154, 154, 156, 152 ]
RHandPositionsY: [ 277, 276, 276, 276, 275, 274, 273, 272, 274, 271, 273,
    270, 273, 269, 272, 271, 269, 270, 268, 270, 270, 269, 267, 265, 268,
    267, 264, 264, 265, 263, 263, 266, 265, 266, 264, 266, 264, 262, 263,
    264, 262, 264, 263, 261, 261, 260, 261, 260, 263, 260, 261, 264, 262,
    261, 262, 261, 264, 263, 260, 261, 263, 264, 260, 260, 262, 261, 262,
    264, 262, 263, 264, 261, 264, 262, 264, 260, 260, 264, 264, 261, 263,
    261, 264, 262, 263, 262, 264, 263 ]
