%YAML:1.0
---
videoName: "LHShake00.mp4"
gestureLabel: 2
fps: 29
pixelSizeInCmTemp: 3.4214285714285714e-01
faceCenterPointX: 252
faceCenterPointY: 85
LHandPositionsX: [ 353, 353, 351, 348, 352, 359, 359, 356, 349, 343, 336,
    325, 322, 323, 321, 322, 326, 331, 335, 335, 340, 340, 332, 327, 323,
    324, 324, 331, 332, 339, 339, 342, 339, 331, 324, 325, 323, 329, 331,
    334, 339, 342, 343, 338, 335, 326, 324, 323, 328, 328, 333, 335, 339,
    344, 342, 336, 326, 326, 325, 326, 328, 330, 332, 338, 336, 341, 339,
    337, 337, 334, 328, 327, 327, 326, 327, 331, 331, 334, 332, 338, 340,
    339, 341, 343, 344, 341, 344, 344 ]
LHandPositionsY: [ 256, 251, 246, 228, 210, 186, 169, 153, 136, 134, 134,
    136, 134, 134, 137, 134, 134, 130, 128, 126, 126, 125, 129, 131, 133,
    134, 133, 133, 129, 127, 123, 120, 122, 129, 135, 135, 133, 136, 131,
    128, 128, 123, 121, 120, 127, 131, 133, 130, 130, 132, 131, 124, 123,
    120, 126, 127, 129, 127, 131, 127, 128, 124, 122, 120, 120, 119, 116,
    128, 136, 149, 160, 165, 165, 175, 184, 190, 202, 207, 212, 217, 223,
    227, 228, 230, 236, 235, 234, 237 ]
RHandPositionsX: [ 154, 156, 156, 153, 156, 152, 155, 153, 153, 154, 154,
    152, 152, 156, 155, 156, 155, 156, 153, 154, 154, 155, 155, 153, 156,
    156, 153, 152, 153, 154, 155, 156, 152, 152, 154, 153, 156, 153, 153,
    155, 154, 155, 154, 152, 155, 156, 154, 152, 156, 154, 154, 155, 156,
    154, 152, 152, 156, 152, 155, 153, 152, 154, 153, 152, 153, 152, 154,
    155, 154, 152, 156, 152, 153, 152, 154, 154, 156, 153, 153, 152, 156,
    154, 154, 155, 153, 153, 156, 152 ]
RHandPositionsY: [ 279, 279, 277, 279, 276, 274, 277, 272, 273, 272, 271,
    274, 271, 272, 273, 271, 269, 269, 267, 267, 268, 268, 266, 268, 269,
    269, 264, 267, 268, 267, 266, 266, 263, 265, 265, 264, 263, 263, 265,
    263, 262, 262, 264, 263, 263, 264, 261, 262, 264, 262, 261, 262, 263,
    260, 260, 263, 264, 262, 260, 264, 261, 264, 264, 263, 261, 264, 264,
    264, 263, 260, 260, 263, 264, 264, 261, 260, 263, 261, 263, 264, 264,
    261, 264, 262, 263, 260, 263, 262 ]
