%YAML:1.0
---
videoName: "LHShake10.mp4"
gestureLabel: 2
fps: 29
pixelSizeInCmTemp: 3.4214285714285714e-01
faceCenterPointX: 253
faceCenterPointY: 65
LHandPositionsX: [ 336, 336, 338, 337, 335, 339, 345, 349, 353, 356, 367,
    374, 385, 393, 395, 393, 397, 384, 374, 365, 358, 349, 349, 353, 361,
    368, 381, 393, 391, 390, 389, 385, 373, 366, 358, 358, 358, 363, 367,
    371, 372, 373, 372, 370, 368, 364, 353, 346, 344, 344, 348, 355, 363,
    370, 380, 380, 381, 375, 366, 355, 352, 351, 352, 348, 353, 363, 372,
    383, 380, 377, 378, 375, 367, 364, 356, 350, 345, 344, 341, 334, 335,
    334, 334, 333, 334, 334, 334, 335 ]
LHandPositionsY: [ 269, 268, 269, 269, 270, 272, 267, 262, 249, 238, 227,
    206, 194, 177, 166, 154, 143, 136, 136, 139, 142, 148, 146, 150, 151,
    146, 140, 139, 139, 139, 144, 142, 148, 150, 151, 148, 152, 145, 138,
    131, 134, 135, 134, 133, 132, 131, 140, 145, 143, 145, 146, 146, 137,
    140, 143, 140, 141, 143, 145, 150, 151, 150, 151, 152, 152, 150, 149,
    144, 145, 145, 148, 154, 160, 164, 174, 181, 194, 205, 220, 231, 246,
    255, 252, 258, 255, 258, 258, 259 ]
RHandPositionsX: [ 173, 176, 173, 174, 176, 175, 173, 173, 174, 173, 172,
    174, 175, 173, 174, 176, 171, 172, 171, 172, 175, 174, 172, 171, 173,
    175, 171, 175, 174, 173, 172, 174, 174, 175, 175, 175, 171, 171, 175,
    175, 175, 174, 172, 173, 172, 172, 171, 171, 175, 172, 175, 173, 175,
    174, 172, 174, 171, 173, 174, 173, 171, 173, 171, 173, 174, 171, 171,
    172, 173, 171, 171, 175, 172, 175, 171, 172, 173, 172, 173, 172, 175,
    174, 171, 173, 171, 174, 171, 171 ]
RHandPositionsY: [ 274, 277, 278, 276, 275, 276, 275, 276, 274, 276, 278,
    276, 275, 278, 278, 278, 276, 274, 278, 275, 276, 276, 274, 277, 278,
    278, 275, 278, 277, 274, 277, 276, 276, 275, 278, 276, 275, 277, 275,
    277, 275, 275, 277, 277, 276, 274, 278, 278, 276, 277, 276, 278, 276,
    275, 277, 278, 278, 276, 274, 274, 277, 276, 274, 276, 277, 277, 274,
    276, 275, 278, 278, 275, 274, 276, 276, 274, 275, 276, 274, 277, 276,
    278, 274, 277, 274, 278, 277, 276 ]
