%YAML:1.0
---
videoName: "LHShake07.mp4"
gestureLabel: 2
fps: 29
pixelSizeInCmTemp: 3.3732394366197183e-01
faceCenterPointX: 265
faceCenterPointY: 78
LHandPositionsX: [ 347, 349, 350, 359, 365, 371, 378, 386, 390, 395, 394,
    392, 382, 376, 353, 346, 340, 343, 338, 342, 349, 363, 368, 367, 368,
    365, 362, 344, 340, 342, 345, 349, 355, 357, 369, 367, 368, 362, 360,
    350, 344, 348, 346, 349, 357, 360, 362, 361, 366, 360, 341, 327, 335,
    336, 342, 353, 366, 375, 371, 382, 374, 362, 355, 347, 341, 336, 334,
    333, 337, 336, 339, 340, 343, 341, 340, 345, 343, 344, 342, 342, 341,
    344, 340, 343, 340, 342, 341, 344 ]
LHandPositionsY: [ 279, 276, 274, 265, 257, 247, 236, 219, 203, 190, 176,
    159, 149, 138, 139, 138, 146, 147, 144, 148, 144, 138, 135, 137, 136,
    136, 135, 138, 146, 144, 136, 133, 132, 133, 124, 125, 128, 130, 136,
    133, 143, 144, 146, 140, 139, 136, 138, 137, 131, 130, 135, 152, 144,
    137, 131, 131, 132, 132, 133, 127, 130, 139, 149, 155, 167, 177, 191,
    205, 218, 230, 242, 250, 253, 254, 259, 260, 263, 265, 264, 267, 264,
    268, 269, 266, 269, 268, 267, 268 ]
RHandPositionsX: [ 181, 181, 181, 181, 182, 183, 183, 184, 182, 181, 182,
    185, 185, 181, 181, 183, 184, 182, 183, 183, 183, 185, 183, 184, 185,
    181, 183, 185, 182, 183, 182, 182, 181, 183, 182, 184, 184, 184, 183,
    183, 181, 182, 184, 184, 183, 182, 184, 183, 185, 184, 181, 183, 185,
    182, 185, 183, 181, 181, 182, 184, 184, 184, 182, 183, 182, 185, 181,
    182, 183, 182, 182, 183, 182, 181, 185, 183, 184, 185, 183, 183, 183,
    183, 184, 182, 183, 185, 182, 183 ]
RHandPositionsY: [ 280, 276, 280, 279, 278, 280, 279, 278, 277, 279, 276,
    278, 280, 278, 277, 276, 280, 277, 276, 280, 280, 280, 276, 278, 276,
    276, 279, 278, 277, 278, 278, 279, 276, 277, 280, 276, 276, 276, 277,
    280, 278, 280, 277, 280, 276, 279, 277, 278, 278, 280, 279, 280, 276,
    280, 280, 276, 280, 278, 278, 277, 277, 280, 276, 276, 279, 277, 278,
    276, 276, 278, 280, 278, 278, 276, 279, 278, 277, 279, 280, 278, 280,
    276, 276, 276, 276, 277, 280, 279 ]
