%YAML:1.0
---
videoName: "LHShake10.mp4"
gestureLabel: 2
fps: 29
pixelSizeInCmTemp: 3.4214285714285714e-01
faceCenterPointX: 253
faceCenterPointY: 65
LHandPositionsX: [ 338, 334, 335, 334, 338, 338, 345, 346, 350, 359, 364,
    374, 381, 390, 395, 394, 394, 383, 373, 363, 358, 351, 352, 352, 362,
    369, 381, 393, 389, 390, 389, 387, 374, 364, 355, 356, 359, 364, 368,
    372, 374, 370, 373, 370, 366, 361, 352, 343, 344, 347, 346, 354, 361,
    370, 379, 379, 382, 375, 367, 353, 348, 349, 352, 351, 356, 364, 372,
    383, 376, 378, 376, 372, 366, 363, 356, 347, 344, 340, 337, 334, 337,
    334, 337, 335, 333, 336, 336, 333 ]
LHandPositionsY: [ 271, 272, 268, 268, 269, 269, 267, 262, 250, 241, 223,
    208, 193, 179, 165, 156, 142, 135, 134, 140, 143, 147, 148, 147, 147,
    148, 138, 139, 142, 139, 144, 146, 146, 151, 151, 150, 151, 147, 137,
    134, 135, 132, 132, 135, 132, 131, 138, 145, 144, 143, 142, 145, 139,
    143, 139, 139, 142, 144, 144, 150, 151, 154, 150, 151, 152, 149, 145,
    146, 145, 148, 150, 154, 159, 166, 171, 185, 196, 208, 220, 231, 244,
    254, 254, 258, 256, 259, 257, 257 ]
RHandPositionsX: [ 172, 172, 175, 176, 174, 172, 176, 175, 176, 176, 173,
    173, 172, 172, 173, 176, 172, 175, 171, 175, 173, 171, 171, 173, 172,
    173, 173, 175, 175, 175, 174, 171, 174, 174, 174, 173, 173, 175, 172,
    173, 175, 171, 171, 173, 175, 172, 174, 175, 171, 174, 175, 175, 173,
    173, 172, 173, 175, 175, 171, 173, 172, 171, 172, 171, 175, 174, 172,
    175, 174, 173, 174, 171, 175, 174, 175, 174, 173, 174, 175, 174, 173,
    172, 171, 172, 173, 173, 171, 175 ]
RHandPositionsY: [ 274, 274, 277, 276, 274, 275, 277, 276, 274, 278, 274,
    274, 277, 278, 276, 276, 276, 275, 274, 276, 276, 274, 275, 278, 278,
    278, 278, 276, 274, 278, 278, 274, 278, 278, 274, 274, 277, 274, 274,
    277, 276, 278, 274, 275, 275, 275, 274, 274, 278, 277, 274, 276, 276,
    278, 276, 276, 275, 277, 274, 275, 276, 274, 276, 278, 277, 278, 276,
    276, 276, 276, 275, 278, 277, 276, 274, 278, 275, 274, 276, 277, 276,
    275, 275, 277, 275, 276, 278, 274 ]
