%YAML:1.0
---
videoName: "LHShake01.mp4"
gestureLabel: 2
fps: 29
pixelSizeInCmTemp: 3.4214285714285714e-01
faceCenterPointX: 252
faceCenterPointY: 84
LHandPositionsX: [ 364, 365, 366, 366, 362, 354, 349, 340, 337, 332, 330,
    336, 337, 344, 349, 352, 356, 353, 350, 346, 345, 341, 342, 335, 339,
    340, 342, 347, 351, 351, 351, 349, 346, 342, 336, 335, 333, 336, 338,
    343, 343, 347, 346, 349, 350, 344, 344, 340, 334, 333, 335, 334, 335,
    344, 344, 352, 349, 347, 347, 348, 344, 339, 339, 333, 327, 329, 329,
    333, 333, 328, 331, 332, 335, 339, 339, 342, 347, 348, 346, 350, 348,
    350, 351, 348, 350, 351, 352, 351 ]
LHandPositionsY: [ 145, 137, 131, 127, 124, 120, 116, 121, 120, 123, 122,
    123, 120, 118, 113, 110, 109, 106, 109, 108, 108, 111, 111, 111, 115,
    111, 109, 108, 105, 106, 107, 105, 109, 109, 112, 117, 112, 113, 110,
    112, 107, 106, 108, 104, 104, 105, 105, 109, 106, 111, 109, 110, 110,
    107, 102, 102, 103, 104, 105, 105, 104, 102, 109, 124, 131, 144, 153,
    161, 164, 162, 173, 182, 189, 197, 209, 213, 221, 223, 221, 223, 225,
    229, 229, 229, 232, 232, 230, 228 ]
RHandPositionsX: [ 157, 157, 156, 153, 153, 154, 153, 156, 154, 154, 153,
    155, 153, 157, 156, 154, 156, 153, 155, 157, 154, 156, 153, 154, 155,
    157, 157, 155, 154, 153, 153, 153, 154, 154, 155, 153, 155, 157, 155,
    153, 154, 155, 154, 157, 154, 155, 156, 153, 156, 154, 155, 155, 156,
    153, 155, 156, 157, 155, 155, 153, 157, 157, 154, 155, 156, 154, 153,
    156, 153, 153, 156, 157, 153, 154, 156, 156, 154, 154, 157, 156, 157,
    156, 154, 157, 156, 156, 153, 157 ]
RHandPositionsY: [ 270, 268, 271, 268, 269, 269, 268, 269, 265, 267, 269,
    268, 268, 267, 268, 268, 268, 264, 264, 264, 265, 262, 262, 262, 265,
    263, 262, 265, 261, 261, 262, 263, 264, 264, 262, 264, 261, 264, 263,
    260, 260, 260, 262, 260, 259, 262, 259, 263, 263, 261, 260, 261, 259,
    260, 263, 263, 259, 263, 259, 260, 263, 259, 260, 262, 260, 262, 261,
    263, 259, 261, 259, 263, 260, 260, 259, 259, 263, 262, 262, 259, 262,
    259, 260, 262, 261, 263, 261, 262 ]
