%YAML:1.0
---
videoName: "LHShake04.mp4"
gestureLabel: 2
fps: 30
pixelSizeInCmTemp: 3.2808219178082193e-01
faceCenterPointX: 247
faceCenterPointY: 80
LHandPositionsX: [ 284, 280, 281, 281, 279, 280, 279, 279, 281, 281, 283,
    279, 278, 280, 282, 283, 291, 297, 307, 320, 332, 347, 360, 367, 371,
    369, 362, 357, 349, 344, 338, 334, 333, 340, 349, 364, 368, 364, 360,
    347, 338, 344, 340, 344, 351, 354, 357, 355, 354, 345, 339, 345, 346,
    349, 357, 355, 355, 348, 347, 348, 346, 347, 354, 360, 362, 367, 363,
    358, 352, 345, 335, 325, 314, 304, 298, 293, 289, 288, 291, 290, 287,
    288, 288, 288, 287, 287, 288, 288, 288, 287, 288 ]
LHandPositionsY: [ 271, 271, 268, 271, 269, 271, 270, 270, 271, 270, 268,
    269, 271, 270, 271, 267, 261, 253, 243, 228, 216, 204, 188, 176, 160,
    159, 153, 153, 134, 134, 130, 129, 128, 121, 118, 112, 109, 110, 114,
    120, 127, 126, 124, 125, 120, 119, 115, 113, 118, 118, 119, 124, 121,
    116, 112, 115, 110, 112, 116, 117, 113, 114, 109, 106, 106, 107, 105,
    109, 128, 144, 155, 171, 187, 201, 215, 224, 233, 241, 243, 246, 247,
    249, 249, 251, 248, 250, 254, 251, 252, 252, 254 ]
RHandPositionsX: [ 214, 216, 216, 215, 216, 218, 214, 218, 214, 217, 215,
    217, 215, 218, 215, 215, 214, 215, 217, 218, 216, 216, 215, 215, 216,
    216, 214, 218, 216, 215, 217, 217, 214, 217, 215, 218, 217, 215, 214,
    215, 216, 216, 214, 215, 214, 216, 215, 214, 214, 216, 217, 218, 218,
    214, 216, 218, 216, 215, 216, 214, 218, 215, 216, 217, 216, 215, 216,
    218, 217, 214, 218, 214, 218, 217, 217, 217, 218, 216, 216, 216, 216,
    214, 218, 215, 215, 218, 217, 217, 215, 215, 214 ]
RHandPositionsY: [ 268, 270, 267, 269, 268, 270, 269, 270, 266, 267, 269,
    270, 266, 267, 267, 269, 265, 268, 264, 265, 266, 264, 266, 264, 266,
    265, 263, 267, 263, 265, 264, 265, 263, 266, 266, 266, 266, 263, 264,
    263, 264, 262, 264, 263, 265, 264, 266, 263, 263, 265, 263, 261, 262,
    264, 264, 261, 261, 265, 263, 263, 264, 262, 261, 265, 262, 265, 263,
    263, 265, 263, 261, 264, 263, 264, 265, 264, 264, 262, 261, 262, 264,
    265, 265, 261, 261, 265, 262, 264, 262, 261, 263 ]
