%YAML:1.0
---
videoName: "LHShake07.mp4"
gestureLabel: 2
fps: 29
pixelSizeInCmTemp: 3.3732394366197183e-01
faceCenterPointX: 265
faceCenterPointY: 78
LHandPositionsX: [ 346, 346, 354, 359, 364, 369, 374, 388, 392, 391, 393,
    393, 383, 376, 352, 346, 342, 343, 338, 342, 350, 362, 369, 367, 367,
    366, 360, 345, 343, 343, 345, 349, 358, 356, 369, 367, 365, 360, 361,
    353, 345, 347, 344, 353, 356, 362, 361, 360, 365, 360, 338, 329, 333,
    336, 342, 353, 365, 375, 371, 379, 370, 366, 356, 349, 344, 337, 336,
    337, 334, 336, 340, 342, 342, 340, 341, 344, 342, 345, 341, 343, 343,
    341, 344, 342, 341, 343, 342, 343 ]
LHandPositionsY: [ 279, 275, 272, 265, 256, 246, 234, 218, 205, 189, 176,
    160, 149, 140, 143, 139, 147, 148, 146, 146, 141, 139, 136, 139, 139,
    136, 135, 140, 147, 140, 136, 132, 131, 135, 124, 124, 127, 129, 134,
    137, 142, 141, 147, 139, 138, 140, 139, 137, 130, 128, 135, 151, 143,
    136, 130, 131, 132, 135, 134, 126, 131, 136, 149, 155, 168, 177, 190,
    206, 219, 232, 242, 250, 254, 254, 258, 259, 264, 267, 267, 264, 264,
    266, 269, 269, 269, 267, 266, 270 ]
RHandPositionsX: [ 183, 181, 182, 183, 181, 185, 184, 185, 184, 181, 183,
    182, 181, 181, 181, 185, 184, 183, 184, 184, 185, 183, 181, 185, 183,
    185, 185, 181, 183, 184, 184, 183, 185, 183, 185, 182, 185, 184, 183,
    183, 183, 184, 183, 185, 184, 185, 183, 182, 184, 184, 182, 182, 182,
    181, 185, 182, 184, 184, 185, 182, 184, 182, 185, 182, 181, 181, 181,
    184, 184, 184, 184, 181, 185, 185, 183, 181, 182, 185, 184, 184, 184,
    182, 185, 183, 183, 184, 182, 182 ]
RHandPositionsY: [ 277, 277, 279, 277, 280, 278, 277, 280, 276, 276, 280,
    276, 279, 279, 278, 277, 277, 277, 279, 277, 280, 278, 276, 278, 280,
    279, 276, 279, 277, 277, 280, 280, 277, 279, 280, 280, 276, 280, 276,
    278, 280, 280, 280, 278, 280, 276, 276, 277, 276, 279, 278, 280, 277,
    279, 277, 278, 276, 280, 278, 280, 279, 277, 278, 278, 277, 276, 278,
    279, 279, 279, 280, 279, 277, 278, 279, 280, 280, 277, 280, 278, 280,
    276, 278, 276, 280, 280, 280, 276 ]
