%YAML:1.0
---
videoName: "LHShake16.mp4"
gestureLabel: 2
fps: 30
pixelSizeInCmTemp: 3.3732394366197183e-01
faceCenterPointX: 247
faceCenterPointY: 66
LHandPositionsX: [ 326, 326, 323, 327, 330, 335, 347, 354, 361, 375, 385,
    393, 403, 411, 404, 403, 398, 392, 377, 364, 353, 356, 365, 372, 380,
    398, 397, 392, 389, 386, 375, 371, 371, 372, 373, 379, 391, 389, 403,
    396, 387, 375, 368, 367, 367, 370, 373, 386, 401, 407, 398, 385, 372,
    365, 365, 364, 361, 370, 373, 392, 385, 382, 387, 380, 374, 367, 358,
    350, 346, 336, 333, 330, 329, 328, 332, 328, 329, 331, 328, 329, 330,
    328, 329, 326, 325, 326, 326, 327, 324, 328, 326 ]
LHandPositionsY: [ 253, 253, 255, 253, 252, 246, 236, 220, 207, 197, 183,
    170, 152, 147, 141, 138, 121, 118, 118, 110, 120, 121, 123, 115, 112,
    113, 116, 117, 115, 114, 120, 132, 129, 132, 129, 118, 121, 119, 122,
    120, 117, 127, 133, 130, 136, 137, 129, 126, 124, 124, 122, 129, 135,
    144, 142, 144, 146, 146, 136, 126, 128, 131, 126, 130, 140, 150, 161,
    170, 182, 197, 204, 213, 225, 226, 232, 236, 236, 235, 240, 237, 238,
    240, 243, 245, 244, 245, 242, 242, 244, 241, 243 ]
RHandPositionsX: [ 175, 175, 178, 177, 176, 178, 179, 175, 179, 176, 178,
    175, 176, 179, 179, 175, 178, 176, 179, 176, 176, 179, 179, 177, 178,
    179, 175, 177, 176, 177, 179, 176, 179, 176, 178, 179, 175, 176, 176,
    175, 175, 176, 175, 178, 176, 178, 177, 175, 177, 176, 175, 175, 176,
    179, 177, 179, 176, 176, 179, 179, 178, 177, 179, 178, 179, 179, 176,
    178, 175, 177, 177, 177, 175, 178, 175, 176, 178, 178, 179, 178, 178,
    177, 178, 179, 178, 179, 177, 176, 176, 177, 175 ]
RHandPositionsY: [ 259, 258, 258, 258, 262, 259, 259, 259, 260, 258, 262,
    258, 259, 260, 258, 258, 259, 262, 260, 258, 259, 260, 258, 259, 260,
    258, 258, 262, 259, 261, 262, 260, 261, 260, 260, 258, 259, 258, 259,
    258, 258, 259, 260, 260, 262, 258, 259, 259, 261, 258, 262, 261, 259,
    261, 262, 258, 262, 262, 261, 258, 258, 262, 258, 258, 260, 258, 259,
    259, 260, 261, 262, 259, 260, 258, 259, 262, 258, 261, 261, 260, 262,
    258, 261, 258, 259, 259, 260, 258, 262, 260, 261 ]
