%YAML:1.0
---
videoName: "LHShake08.mp4"
gestureLabel: 2
fps: 29
pixelSizeInCmTemp: 3.4710144927536229e-01
faceCenterPointX: 261
faceCenterPointY: 69
LHandPositionsX: [ 341, 341, 344, 347, 353, 348, 353, 361, 369, 371, 372,
    374, 380, 367, 359, 346, 340, 343, 342, 345, 347, 358, 370, 366, 363,
    359, 358, 352, 343, 336, 340, 336, 344, 351, 360, 366, 367, 365, 368,
    364, 354, 346, 337, 339, 334, 339, 341, 348, 356, 358, 359, 360, 358,
    352, 345, 345, 343, 340, 344, 348, 355, 366, 373, 369, 371, 372, 365,
    360, 349, 346, 337, 336, 332, 329, 332, 331, 336, 334, 335, 339, 337,
    339, 337, 335, 335, 338, 338, 339 ]
LHandPositionsY: [ 267, 268, 262, 257, 250, 238, 221, 199, 186, 176, 164,
    155, 146, 142, 143, 144, 152, 151, 150, 149, 150, 145, 140, 141, 140,
    140, 140, 146, 150, 155, 151, 152, 155, 151, 147, 150, 149, 148, 147,
    149, 152, 153, 159, 158, 159, 162, 162, 157, 155, 156, 154, 152, 153,
    157, 160, 161, 158, 160, 161, 157, 153, 151, 145, 145, 144, 144, 149,
    156, 158, 166, 174, 187, 198, 210, 219, 231, 243, 246, 248, 251, 256,
    256, 252, 256, 257, 258, 254, 258 ]
RHandPositionsX: [ 172, 173, 176, 175, 176, 172, 176, 172, 172, 173, 175,
    174, 174, 176, 175, 172, 172, 173, 174, 172, 175, 176, 174, 172, 176,
    172, 172, 173, 175, 172, 176, 175, 175, 176, 175, 176, 176, 177, 175,
    175, 178, 175, 176, 175, 176, 177, 176, 177, 178, 177, 176, 176, 178,
    175, 176, 175, 176, 177, 175, 177, 177, 178, 174, 177, 176, 174, 177,
    178, 178, 174, 178, 176, 177, 175, 174, 177, 176, 174, 177, 178, 178,
    178, 176, 174, 177, 177, 176, 177 ]
RHandPositionsY: [ 273, 275, 275, 275, 273, 274, 274, 274, 276, 276, 274,
    273, 275, 274, 274, 276, 274, 274, 274, 273, 276, 275, 275, 275, 273,
    274, 276, 275, 276, 274, 276, 276, 277, 276, 276, 275, 275, 273, 276,
    275, 274, 277, 275, 276, 275, 274, 277, 273, 276, 273, 273, 274, 274,
    273, 274, 276, 274, 277, 273, 276, 273, 276, 276, 275, 276, 273, 277,
    273, 275, 274, 273, 274, 273, 275, 277, 273, 276, 275, 276, 273, 273,
    274, 275, 274, 275, 276, 276, 275 ]
