%YAML:1.0
---
videoName: "LHShake24.mp4"
gestureLabel: 2
fps: 30
pixelSizeInCmTemp: 3.4214285714285714e-01
faceCenterPointX: 255
faceCenterPointY: 77
LHandPositionsX: [ 327, 326, 326, 329, 329, 326, 328, 330, 327, 332, 330,
    334, 341, 347, 354, 362, 368, 376, 383, 382, 384, 377, 370, 358, 350,
    340, 343, 339, 342, 350, 357, 368, 377, 375, 376, 377, 367, 358, 344,
    337, 340, 338, 346, 355, 362, 364, 364, 366, 362, 352, 343, 338, 341,
    341, 344, 353, 366, 372, 371, 374, 371, 364, 353, 344, 343, 343, 345,
    353, 360, 369, 370, 367, 368, 357, 350, 341, 335, 334, 329, 325, 326,
    325, 326, 324, 325, 325, 328, 329, 328, 328, 325 ]
LHandPositionsY: [ 263, 264, 260, 264, 261, 263, 263, 261, 263, 262, 258,
    255, 247, 238, 223, 206, 194, 182, 174, 170, 161, 153, 150, 156, 157,
    161, 161, 164, 160, 161, 156, 153, 150, 149, 148, 145, 144, 150, 150,
    156, 153, 154, 152, 155, 149, 148, 151, 150, 154, 154, 159, 163, 163,
    163, 163, 160, 160, 160, 159, 156, 156, 156, 159, 163, 161, 160, 163,
    160, 158, 157, 160, 157, 158, 156, 161, 161, 169, 180, 190, 199, 209,
    219, 231, 232, 237, 241, 243, 245, 247, 248, 248 ]
RHandPositionsX: [ 181, 180, 182, 179, 183, 182, 182, 182, 183, 180, 179,
    180, 182, 180, 180, 181, 182, 179, 182, 179, 180, 183, 179, 180, 182,
    182, 179, 181, 179, 179, 182, 179, 180, 183, 180, 183, 183, 182, 181,
    180, 179, 182, 180, 181, 183, 179, 179, 179, 181, 179, 183, 180, 182,
    182, 182, 182, 180, 180, 180, 181, 182, 181, 179, 180, 183, 181, 181,
    182, 179, 180, 183, 183, 179, 181, 180, 181, 182, 182, 183, 179, 181,
    183, 183, 179, 181, 183, 179, 183, 182, 179, 183 ]
RHandPositionsY: [ 269, 269, 270, 267, 267, 270, 269, 267, 267, 270, 269,
    267, 267, 269, 269, 270, 269, 268, 269, 269, 271, 270, 271, 268, 267,
    270, 271, 267, 268, 271, 271, 271, 271, 270, 269, 267, 270, 270, 271,
    271, 271, 269, 268, 267, 268, 268, 269, 267, 270, 269, 270, 267, 269,
    270, 267, 270, 267, 270, 267, 270, 268, 267, 269, 267, 270, 269, 269,
    267, 271, 270, 268, 269, 267, 269, 271, 267, 267, 270, 269, 269, 271,
    268, 268, 271, 268, 269, 271, 267, 267, 267, 267 ]
