%YAML:1.0
---
videoName: "LHShake24.mp4"
gestureLabel: 2
fps: 30
pixelSizeInCmTemp: 3.4214285714285714e-01
faceCenterPointX: 255
faceCenterPointY: 77
LHandPositionsX: [ 326, 326, 327, 326, 328, 329, 329, 328, 330, 330, 333,
    332, 340, 346, 350, 360, 371, 374, 380, 380, 384, 379, 371, 358, 348,
    341, 340, 342, 343, 348, 356, 368, 378, 378, 378, 374, 369, 355, 343,
    337, 342, 336, 345, 351, 365, 366, 366, 367, 362, 352, 345, 339, 339,
    342, 343, 353, 365, 373, 370, 374, 370, 364, 353, 347, 347, 345, 345,
    351, 361, 369, 370, 367, 366, 360, 352, 344, 338, 332, 326, 327, 324,
    325, 324, 328, 327, 326, 325, 328, 327, 327, 327 ]
LHandPositionsY: [ 263, 262, 260, 260, 261, 264, 261, 260, 260, 260, 259,
    255, 248, 234, 222, 208, 194, 184, 174, 169, 160, 152, 150, 154, 156,
    164, 162, 163, 160, 162, 157, 150, 147, 151, 147, 148, 146, 150, 151,
    154, 153, 152, 155, 155, 151, 151, 152, 148, 153, 153, 160, 163, 161,
    163, 163, 161, 159, 158, 158, 154, 156, 156, 162, 165, 164, 161, 160,
    162, 159, 158, 160, 158, 156, 156, 161, 164, 172, 177, 188, 199, 210,
    218, 231, 229, 234, 240, 242, 248, 247, 246, 246 ]
RHandPositionsX: [ 182, 180, 183, 179, 181, 179, 182, 179, 180, 181, 183,
    182, 183, 179, 179, 180, 181, 182, 183, 181, 182, 182, 180, 179, 181,
    180, 180, 180, 183, 180, 180, 179, 182, 183, 183, 182, 183, 182, 179,
    179, 182, 183, 182, 182, 180, 180, 181, 183, 183, 182, 181, 181, 181,
    183, 183, 179, 180, 182, 182, 180, 179, 182, 181, 182, 180, 183, 179,
    180, 182, 182, 181, 179, 182, 179, 183, 179, 183, 183, 181, 179, 181,
    180, 180, 182, 182, 181, 182, 182, 179, 179, 183 ]
RHandPositionsY: [ 270, 271, 267, 269, 271, 269, 267, 267, 271, 268, 268,
    270, 270, 270, 271, 270, 267, 271, 268, 269, 268, 269, 268, 269, 269,
    267, 269, 271, 269, 269, 267, 270, 270, 270, 268, 271, 267, 268, 268,
    267, 267, 271, 269, 270, 267, 271, 269, 270, 270, 270, 270, 267, 269,
    268, 270, 267, 271, 268, 267, 269, 268, 271, 271, 270, 267, 270, 269,
    269, 267, 270, 271, 268, 270, 267, 270, 270, 270, 271, 270, 270, 270,
    267, 268, 270, 267, 271, 268, 269, 267, 271, 267 ]
