%YAML:1.0
---
videoName: "LHShake05.mp4"
gestureLabel: 2
fps: 30
pixelSizeInCmTemp: 3.2364864864864862e-01
faceCenterPointX: 252
faceCenterPointY: 81
LHandPositionsX: [ 291, 292, 294, 292, 293, 294, 295, 293, 294, 292, 295,
    294, 301, 313, 320, 331, 344, 341, 343, 341, 341, 336, 331, 331, 331,
    330, 332, 338, 341, 343, 342, 337, 333, 322, 326, 326, 329, 334, 335,
    338, 337, 329, 324, 323, 321, 324, 327, 332, 336, 338, 333, 328, 326,
    324, 326, 328, 333, 336, 337, 339, 333, 329, 330, 330, 332, 336, 337,
    338, 338, 339, 334, 323, 321, 316, 311, 307, 303, 300, 299, 296, 293,
    297, 296, 291, 294, 291, 295, 293, 295, 295, 294 ]
LHandPositionsY: [ 269, 270, 269, 270, 269, 269, 268, 267, 263, 253, 241,
    229, 213, 197, 186, 174, 166, 161, 158, 154, 153, 153, 154, 154, 153,
    151, 148, 143, 138, 135, 133, 136, 145, 147, 145, 149, 146, 142, 139,
    133, 133, 137, 140, 144, 145, 142, 140, 138, 134, 129, 138, 140, 143,
    144, 145, 142, 140, 137, 134, 136, 142, 144, 141, 143, 142, 142, 138,
    141, 139, 139, 143, 148, 160, 170, 177, 187, 199, 207, 217, 230, 235,
    238, 237, 241, 245, 248, 250, 249, 252, 254, 260 ]
RHandPositionsX: [ 213, 214, 211, 212, 211, 212, 210, 213, 211, 211, 211,
    210, 210, 211, 210, 212, 212, 212, 209, 212, 208, 210, 212, 211, 211,
    209, 210, 207, 211, 210, 210, 209, 207, 208, 207, 209, 207, 208, 210,
    210, 207, 209, 209, 207, 208, 208, 206, 206, 209, 207, 206, 209, 207,
    207, 209, 209, 207, 209, 210, 209, 207, 210, 210, 207, 207, 208, 206,
    210, 208, 206, 206, 210, 208, 210, 209, 209, 207, 207, 208, 207, 208,
    209, 206, 210, 207, 207, 209, 212, 211, 209, 210 ]
RHandPositionsY: [ 264, 266, 263, 262, 263, 262, 264, 262, 266, 263, 262,
    264, 265, 262, 266, 265, 264, 263, 264, 262, 265, 262, 266, 263, 265,
    263, 264, 264, 266, 266, 262, 263, 264, 266, 261, 264, 261, 262, 265,
    263, 262, 262, 261, 264, 261, 263, 262, 263, 263, 262, 261, 261, 264,
    262, 262, 264, 263, 264, 263, 261, 264, 264, 263, 262, 264, 263, 262,
    262, 265, 263, 262, 263, 263, 265, 261, 262, 265, 265, 263, 262, 263,
    262, 263, 262, 265, 265, 265, 262, 264, 263, 262 ]
