%YAML:1.0
---
videoName: "LHShake00.mp4"
gestureLabel: 2
fps: 29
pixelSizeInCmTemp: 3.4214285714285714e-01
faceCenterPointX: 252
faceCenterPointY: 85
LHandPositionsX: [ 350, 349, 349, 349, 356, 355, 361, 358, 352, 345, 334,
    324, 323, 322, 324, 322, 325, 331, 337, 335, 340, 336, 334, 328, 325,
    324, 328, 331, 334, 336, 340, 340, 340, 331, 322, 325, 322, 329, 330,
    335, 341, 343, 343, 341, 333, 326, 324, 325, 325, 327, 330, 334, 341,
    341, 339, 336, 329, 327, 324, 324, 326, 330, 334, 337, 336, 338, 340,
    341, 336, 333, 330, 327, 324, 326, 328, 327, 328, 334, 332, 334, 339,
    342, 341, 341, 342, 344, 343, 344 ]
LHandPositionsY: [ 259, 252, 248, 230, 211, 187, 172, 150, 137, 136, 133,
    133, 135, 135, 137, 134, 131, 131, 125, 125, 124, 125, 128, 131, 135,
    135, 134, 133, 131, 123, 122, 122, 125, 127, 132, 135, 133, 136, 132,
    130, 125, 122, 121, 120, 128, 130, 131, 133, 130, 131, 132, 128, 123,
    120, 124, 126, 128, 131, 130, 127, 130, 124, 123, 118, 119, 118, 116,
    126, 136, 147, 159, 163, 162, 175, 185, 191, 202, 208, 211, 221, 224,
    230, 230, 231, 234, 237, 234, 237 ]
RHandPositionsX: [ 155, 156, 153, 156, 156, 156, 153, 154, 155, 153, 155,
    152, 154, 152, 156, 154, 156, 156, 155, 155, 154, 152, 156, 155, 154,
    154, 156, 155, 156, 156, 155, 153, 153, 152, 154, 152, 153, 153, 153,
    156, 156, 156, 156, 154, 152, 155, 153, 156, 156, 154, 152, 155, 152,
    153, 154, 153, 152, 153, 155, 154, 153, 153, 156, 153, 154, 152, 152,
    153, 154, 156, 155, 155, 156, 155, 155, 154, 156, 153, 154, 153, 154,
    156, 154, 152, 153, 156, 153, 156 ]
RHandPositionsY: [ 276, 276, 279, 275, 278, 274, 274, 274, 274, 271, 274,
    272, 273, 271, 269, 269, 269, 268, 269, 269, 266, 268, 269, 265, 266,
    269, 268, 268, 264, 266, 263, 266, 266, 263, 266, 262, 264, 262, 264,
    265, 261, 264, 262, 260, 264, 264, 262, 263, 261, 264, 263, 260, 262,
    262, 260, 264, 264, 264, 260, 260, 263, 263, 260, 261, 264, 261, 263,
    264, 262, 264, 262, 262, 263, 262, 260, 262, 264, 262, 262, 264, 261,
    262, 262, 260, 264, 263, 263, 260 ]
