%YAML:1.0
---
videoName: "LHShake15.mp4"
gestureLabel: 2
fps: 29
pixelSizeInCmTemp: 3.3263888888888887e-01
faceCenterPointX: 252
faceCenterPointY: 65
LHandPositionsX: [ 330, 331, 331, 328, 328, 331, 327, 331, 332, 330, 337,
    340, 345, 352, 360, 364, 368, 375, 381, 383, 379, 379, 368, 357, 347,
    340, 341, 339, 345, 355, 362, 360, 361, 362, 356, 347, 331, 329, 331,
    333, 345, 353, 353, 353, 352, 353, 347, 335, 328, 328, 328, 339, 354,
    355, 351, 353, 355, 354, 345, 338, 335, 330, 332, 341, 346, 349, 352,
    347, 346, 350, 343, 334, 327, 326, 323, 323, 322, 320, 326, 326, 327,
    325, 327, 327, 326, 327, 327, 326 ]
LHandPositionsY: [ 255, 256, 256, 258, 255, 257, 258, 254, 253, 254, 242,
    228, 213, 203, 185, 171, 156, 137, 120, 121, 118, 105, 103, 101, 106,
    103, 101, 98, 99, 94, 93, 94, 94, 94, 93, 97, 99, 97, 100, 97, 94,
    95, 94, 97, 95, 98, 102, 98, 101, 101, 97, 93, 95, 97, 96, 96, 97,
    99, 99, 101, 100, 98, 100, 98, 101, 100, 98, 102, 102, 99, 106, 119,
    139, 149, 168, 177, 193, 204, 220, 229, 234, 234, 240, 241, 241, 239,
    241, 242 ]
RHandPositionsX: [ 177, 177, 178, 175, 177, 179, 179, 178, 178, 175, 176,
    176, 178, 179, 179, 177, 179, 179, 176, 178, 177, 177, 179, 177, 175,
    175, 175, 179, 178, 176, 176, 176, 178, 178, 179, 179, 179, 177, 176,
    179, 178, 179, 178, 177, 175, 177, 175, 178, 177, 178, 176, 175, 179,
    176, 175, 177, 176, 177, 177, 179, 176, 178, 175, 177, 176, 175, 177,
    177, 176, 179, 179, 176, 179, 179, 179, 177, 177, 178, 176, 177, 177,
    176, 175, 178, 177, 178, 177, 177 ]
RHandPositionsY: [ 261, 259, 259, 259, 257, 257, 258, 260, 258, 260, 259,
    261, 260, 260, 260, 258, 261, 261, 259, 261, 259, 257, 261, 261, 261,
    257, 260, 258, 257, 261, 261, 260, 258, 261, 261, 260, 261, 260, 260,
    259, 259, 260, 260, 257, 260, 257, 258, 259, 260, 259, 261, 259, 258,
    258, 258, 261, 258, 260, 259, 258, 257, 260, 257, 261, 259, 258, 258,
    261, 257, 258, 258, 261, 257, 258, 257, 259, 257, 259, 258, 261, 259,
    259, 261, 257, 258, 259, 261, 258 ]
