%YAML:1.0
---
videoName: "LHShake02.mp4"
gestureLabel: 2
fps: 29
pixelSizeInCmTemp: 3.3263888888888887e-01
faceCenterPointX: 249
faceCenterPointY: 82
LHandPositionsX: [ 359, 359, 363, 368, 371, 378, 384, 385, 385, 385, 386,
    378, 371, 367, 364, 362, 363, 367, 372, 377, 383, 384, 382, 381, 375,
    372, 367, 367, 360, 365, 367, 369, 377, 380, 376, 380, 378, 378, 375,
    371, 365, 360, 359, 356, 358, 360, 367, 372, 371, 370, 369, 365, 365,
    357, 358, 358, 364, 366, 370, 371, 373, 369, 368, 363, 360, 355, 348,
    347, 346, 345, 345, 344, 341, 341, 344, 342, 347, 348, 348, 349, 346,
    347, 350, 349, 347, 349, 350, 350 ]
LHandPositionsY: [ 124, 119, 117, 117, 114, 110, 112, 112, 109, 107, 108,
    109, 112, 113, 116, 114, 112, 111, 107, 108, 103, 102, 103, 104, 104,
    106, 106, 108, 111, 107, 102, 101, 102, 100, 101, 98, 94, 98, 97, 97,
    98, 100, 100, 103, 106, 101, 101, 99, 100, 100, 101, 101, 106, 108,
    108, 110, 107, 106, 107, 106, 104, 102, 101, 105, 123, 136, 148, 162,
    163, 170, 177, 184, 191, 197, 206, 209, 215, 221, 224, 231, 228, 231,
    233, 230, 231, 234, 236, 238 ]
RHandPositionsX: [ 157, 156, 154, 153, 153, 157, 156, 155, 154, 156, 156,
    157, 154, 157, 156, 156, 153, 155, 153, 155, 157, 156, 157, 154, 154,
    156, 155, 156, 157, 154, 154, 156, 155, 155, 157, 156, 157, 153, 153,
    157, 155, 154, 157, 153, 153, 153, 154, 153, 155, 156, 155, 153, 154,
    157, 157, 156, 157, 156, 153, 156, 156, 157, 154, 153, 157, 157, 153,
    157, 157, 157, 156, 153, 154, 155, 157, 156, 157, 155, 153, 157, 153,
    154, 153, 155, 155, 157, 156, 156 ]
RHandPositionsY: [ 264, 263, 263, 263, 261, 260, 261, 262, 261, 262, 262,
    258, 260, 259, 262, 261, 258, 261, 260, 259, 259, 259, 258, 262, 262,
    259, 261, 261, 259, 260, 262, 258, 258, 259, 260, 259, 258, 259, 260,
    259, 259, 259, 261, 261, 260, 262, 261, 262, 262, 258, 260, 259, 259,
    260, 262, 261, 260, 258, 261, 260, 260, 259, 258, 259, 258, 258, 260,
    259, 259, 261, 260, 259, 258, 259, 258, 258, 261, 258, 259, 261, 260,
    260, 259, 259, 259, 262, 260, 262 ]
