%YAML:1.0
---
videoName: "LHShake05.mp4"
gestureLabel: 2
fps: 30
pixelSizeInCmTemp: 3.2364864864864862e-01
faceCenterPointX: 252
faceCenterPointY: 81
LHandPositionsX: [ 294, 292, 292, 291, 292, 292, 292, 296, 295, 294, 291,
    297, 302, 314, 320, 335, 344, 342, 343, 342, 338, 338, 332, 328, 328,
    330, 334, 339, 342, 342, 344, 338, 331, 325, 326, 326, 330, 332, 335,
    338, 336, 330, 320, 322, 319, 324, 327, 333, 338, 336, 335, 327, 325,
    325, 326, 326, 330, 334, 341, 335, 336, 332, 332, 330, 330, 335, 339,
    341, 339, 338, 333, 324, 321, 313, 312, 308, 302, 300, 296, 296, 294,
    293, 292, 292, 293, 291, 293, 294, 292, 295, 296 ]
LHandPositionsY: [ 266, 269, 270, 268, 268, 266, 265, 266, 265, 254, 240,
    227, 211, 200, 187, 172, 165, 161, 160, 156, 153, 153, 156, 154, 152,
    152, 148, 146, 139, 137, 134, 136, 146, 145, 144, 148, 143, 140, 139,
    136, 134, 139, 143, 144, 142, 142, 138, 137, 132, 129, 134, 141, 140,
    144, 142, 142, 141, 136, 136, 140, 138, 143, 142, 144, 143, 139, 140,
    138, 139, 137, 141, 150, 161, 167, 179, 186, 199, 208, 219, 227, 234,
    238, 239, 244, 248, 251, 253, 252, 253, 257, 261 ]
RHandPositionsX: [ 214, 214, 214, 212, 214, 211, 213, 214, 213, 214, 212,
    211, 212, 213, 209, 211, 210, 209, 213, 211, 211, 209, 208, 210, 211,
    207, 210, 210, 207, 209, 210, 206, 208, 208, 210, 207, 207, 207, 210,
    208, 206, 209, 209, 209, 209, 210, 208, 208, 208, 209, 207, 208, 209,
    207, 207, 207, 209, 210, 208, 209, 210, 207, 208, 209, 209, 210, 208,
    208, 208, 207, 207, 206, 210, 209, 208, 210, 206, 209, 207, 208, 207,
    208, 209, 208, 210, 207, 211, 211, 212, 211, 209 ]
RHandPositionsY: [ 262, 264, 262, 263, 263, 262, 264, 262, 262, 263, 264,
    265, 265, 264, 266, 263, 264, 264, 263, 263, 264, 263, 263, 262, 263,
    264, 264, 263, 266, 265, 262, 263, 262, 264, 265, 261, 262, 261, 263,
    264, 265, 264, 265, 265, 263, 262, 264, 265, 264, 261, 263, 265, 263,
    261, 263, 262, 263, 265, 261, 265, 263, 261, 262, 262, 265, 262, 265,
    264, 265, 261, 261, 262, 262, 265, 264, 262, 263, 261, 265, 265, 262,
    261, 265, 261, 263, 265, 262, 263, 264, 263, 262 ]
