%YAML:1.0
---
videoName: "LHShake09.mp4"
gestureLabel: 2
fps: 29
pixelSizeInCmTemp: 3.3263888888888887e-01
faceCenterPointX: 259
faceCenterPointY: 67
LHandPositionsX: [ 336, 336, 339, 337, 342, 346, 351, 352, 351, 358, 361,
    366, 371, 367, 370, 365, 361, 349, 339, 331, 333, 332, 329, 331, 339,
    348, 349, 348, 347, 349, 351, 349, 342, 336, 336, 334, 339, 345, 354,
    363, 366, 364, 365, 363, 357, 343, 338, 339, 335, 334, 338, 344, 355,
    354, 357, 354, 357, 348, 343, 336, 336, 336, 334, 337, 340, 348, 354,
    353, 355, 353, 350, 343, 336, 333, 325, 320, 318, 322, 321, 325, 328,
    328, 330, 332, 332, 333, 334, 334 ]
LHandPositionsY: [ 274, 271, 272, 271, 273, 271, 267, 255, 248, 237, 232,
    214, 201, 196, 185, 175, 165, 161, 156, 157, 157, 156, 159, 153, 153,
    149, 149, 147, 149, 144, 147, 152, 152, 154, 154, 152, 155, 152, 154,
    154, 154, 152, 151, 156, 156, 155, 157, 157, 157, 157, 156, 156, 152,
    153, 153, 151, 150, 152, 149, 153, 154, 150, 153, 151, 152, 152, 152,
    148, 150, 148, 150, 156, 161, 171, 181, 195, 204, 218, 233, 245, 245,
    248, 250, 254, 259, 259, 259, 258 ]
RHandPositionsX: [ 180, 180, 178, 179, 180, 179, 176, 177, 177, 177, 179,
    179, 180, 176, 178, 178, 180, 179, 177, 176, 177, 179, 176, 177, 176,
    177, 176, 177, 176, 177, 178, 180, 176, 176, 176, 177, 178, 177, 179,
    177, 180, 177, 178, 180, 176, 180, 178, 180, 180, 177, 176, 176, 180,
    178, 178, 179, 180, 176, 179, 180, 178, 180, 180, 176, 176, 178, 178,
    176, 179, 176, 179, 176, 180, 179, 178, 178, 178, 179, 178, 180, 179,
    176, 178, 179, 179, 179, 179, 176 ]
RHandPositionsY: [ 278, 279, 275, 275, 276, 275, 276, 276, 279, 276, 277,
    279, 279, 277, 277, 279, 276, 276, 278, 279, 276, 276, 278, 277, 275,
    275, 278, 277, 276, 278, 276, 276, 275, 278, 275, 279, 277, 277, 277,
    276, 277, 276, 276, 277, 278, 275, 279, 277, 277, 279, 275, 276, 278,
    279, 276, 279, 279, 276, 276, 278, 279, 279, 275, 275, 276, 275, 279,
    277, 278, 276, 277, 279, 277, 279, 276, 279, 278, 277, 278, 278, 275,
    275, 279, 277, 278, 275, 279, 279 ]
