%YAML:1.0
---
videoName: "LHShake05.mp4"
gestureLabel: 2
fps: 30
pixelSizeInCmTemp: 3.2364864864864862e-01
faceCenterPointX: 252
faceCenterPointY: 81
LHandPositionsX: [ 292, 291, 294, 291, 295, 295, 293, 292, 292, 294, 294,
    295, 305, 310, 321, 333, 343, 343, 342, 340, 341, 337, 331, 328, 332,
    330, 334, 335, 341, 343, 344, 340, 329, 322, 323, 322, 328, 332, 337,
    337, 336, 329, 323, 320, 321, 322, 328, 333, 335, 340, 336, 326, 325,
    323, 324, 324, 329, 337, 340, 337, 332, 331, 329, 330, 331, 337, 341,
    337, 342, 339, 335, 325, 319, 317, 309, 305, 301, 301, 298, 296, 297,
    297, 294, 291, 292, 291, 291, 293, 293, 292, 294 ]
LHandPositionsY: [ 268, 269, 269, 267, 268, 267, 267, 264, 265, 257, 241,
    225, 212, 199, 188, 175, 164, 162, 159, 157, 152, 154, 156, 155, 152,
    153, 150, 143, 142, 135, 135, 140, 147, 147, 144, 146, 145, 139, 138,
    137, 133, 137, 144, 141, 142, 143, 141, 139, 134, 130, 138, 142, 139,
    141, 141, 143, 141, 140, 137, 136, 138, 143, 144, 143, 143, 142, 140,
    140, 138, 140, 143, 148, 159, 169, 179, 189, 200, 211, 219, 228, 235,
    235, 238, 244, 247, 248, 250, 250, 251, 255, 258 ]
RHandPositionsX: [ 212, 212, 212, 210, 213, 210, 214, 213, 211, 212, 212,
    213, 210, 210, 212, 209, 209, 213, 210, 210, 209, 209, 209, 211, 211,
    208, 207, 209, 208, 210, 207, 208, 210, 206, 208, 207, 206, 207, 206,
    209, 208, 209, 209, 208, 210, 207, 206, 207, 206, 206, 209, 210, 207,
    210, 206, 208, 210, 209, 210, 206, 209, 208, 207, 206, 207, 207, 206,
    208, 207, 207, 209, 209, 210, 206, 208, 208, 208, 206, 206, 208, 206,
    209, 207, 207, 208, 211, 207, 209, 208, 209, 209 ]
RHandPositionsY: [ 263, 262, 266, 262, 264, 263, 265, 266, 265, 263, 264,
    262, 263, 264, 262, 265, 265, 265, 264, 262, 264, 263, 262, 263, 262,
    264, 266, 265, 265, 266, 266, 262, 265, 265, 262, 262, 263, 264, 262,
    263, 265, 263, 264, 262, 265, 261, 265, 265, 265, 262, 265, 264, 261,
    261, 262, 261, 265, 263, 263, 264, 262, 262, 265, 261, 264, 265, 261,
    263, 261, 263, 261, 261, 265, 262, 263, 262, 264, 262, 263, 265, 264,
    263, 262, 261, 261, 262, 262, 261, 264, 265, 262 ]
