%YAML:1.0
---
videoName: "LHShake03.mp4"
gestureLabel: 2
fps: 30
pixelSizeInCmTemp: 3.2808219178082193e-01
faceCenterPointX: 251
faceCenterPointY: 79
LHandPositionsX: [ 341, 347, 348, 355, 357, 358, 351, 350, 338, 329, 317,
    318, 314, 315, 317, 321, 327, 330, 337, 335, 342, 338, 334, 329, 326,
    321, 321, 322, 327, 329, 335, 342, 343, 338, 333, 324, 317, 311, 311,
    311, 316, 322, 325, 332, 336, 335, 333, 327, 325, 323, 326, 329, 334,
    338, 345, 342, 337, 333, 336, 334, 336, 330, 322, 319, 317, 312, 308,
    302, 303, 301, 296, 295, 295, 296, 294, 291, 292, 291, 289, 289, 292,
    288, 289, 289, 286, 286, 285, 286, 287, 284, 284 ]
LHandPositionsY: [ 139, 134, 128, 120, 115, 109, 107, 103, 95, 98, 107,
    104, 104, 102, 96, 93, 90, 87, 87, 86, 84, 86, 87, 89, 86, 89, 91,
    91, 87, 84, 85, 83, 81, 85, 84, 90, 95, 97, 97, 97, 92, 90, 91, 90,
    89, 88, 86, 85, 89, 91, 89, 90, 89, 86, 89, 87, 93, 94, 98, 103, 113,
    131, 140, 153, 167, 175, 186, 194, 204, 215, 221, 220, 225, 227, 232,
    235, 239, 243, 247, 251, 248, 251, 249, 254, 256, 252, 254, 251, 252,
    254, 255 ]
RHandPositionsX: [ 216, 215, 216, 215, 214, 216, 212, 213, 215, 215, 212,
    211, 211, 214, 215, 214, 213, 215, 215, 211, 211, 214, 214, 212, 214,
    213, 211, 215, 213, 214, 211, 214, 213, 215, 214, 212, 215, 211, 212,
    215, 214, 212, 214, 211, 215, 211, 213, 211, 212, 214, 215, 211, 212,
    214, 211, 211, 213, 213, 214, 211, 212, 213, 214, 212, 212, 212, 212,
    211, 212, 210, 210, 211, 211, 212, 214, 212, 210, 212, 214, 212, 213,
    212, 211, 212, 213, 214, 213, 213, 211, 213, 211 ]
RHandPositionsY: [ 257, 258, 258, 256, 255, 254, 256, 253, 256, 252, 256,
    253, 256, 252, 255, 255, 254, 255, 255, 251, 252, 255, 254, 254, 254,
    253, 254, 253, 254, 255, 254, 253, 254, 255, 255, 255, 251, 251, 254,
    255, 253, 254, 252, 251, 251, 255, 253, 255, 251, 253, 253, 254, 252,
    255, 253, 255, 253, 253, 252, 252, 255, 253, 255, 252, 255, 255, 254,
    251, 251, 251, 255, 255, 251, 251, 254, 251, 255, 255, 255, 254, 253,
    254, 253, 254, 255, 253, 254, 253, 255, 255, 251 ]
