%YAML:1.0
---
videoName: "LHShake15.mp4"
gestureLabel: 2
fps: 29
pixelSizeInCmTemp: 3.3263888888888887e-01
faceCenterPointX: 252
faceCenterPointY: 65
LHandPositionsX: [ 329, 330, 329, 327, 329, 331, 330, 331, 331, 330, 338,
    339, 349, 352, 360, 364, 369, 374, 377, 380, 377, 380, 368, 360, 349,
    343, 341, 339, 347, 353, 360, 359, 360, 360, 359, 347, 333, 329, 333,
    334, 344, 351, 355, 351, 353, 352, 351, 334, 328, 328, 332, 341, 353,
    358, 354, 352, 358, 353, 344, 334, 333, 331, 333, 342, 346, 352, 352,
    350, 347, 349, 341, 335, 327, 327, 324, 320, 320, 320, 324, 327, 326,
    325, 324, 324, 324, 326, 324, 327 ]
LHandPositionsY: [ 254, 254, 258, 255, 257, 254, 258, 257, 254, 255, 240,
    229, 215, 203, 183, 171, 157, 137, 120, 119, 117, 106, 102, 103, 103,
    102, 101, 102, 100, 98, 92, 94, 97, 92, 97, 99, 100, 98, 98, 97, 98,
    92, 95, 95, 99, 97, 101, 99, 103, 99, 99, 96, 95, 93, 97, 96, 95,
    102, 102, 101, 99, 98, 100, 100, 101, 103, 101, 101, 99, 103, 106,
    122, 135, 150, 166, 179, 193, 205, 218, 229, 232, 237, 238, 240, 240,
    237, 243, 243 ]
RHandPositionsX: [ 175, 179, 179, 176, 178, 176, 179, 177, 176, 179, 178,
    178, 178, 178, 177, 175, 176, 179, 179, 175, 179, 178, 175, 175, 175,
    178, 176, 177, 178, 178, 175, 175, 177, 178, 176, 179, 179, 179, 175,
    177, 177, 175, 175, 176, 177, 179, 175, 179, 178, 179, 177, 178, 178,
    179, 177, 177, 176, 178, 177, 179, 175, 177, 179, 176, 175, 176, 177,
    177, 175, 177, 176, 177, 177, 177, 179, 178, 176, 179, 176, 179, 175,
    177, 179, 176, 176, 175, 178, 177 ]
RHandPositionsY: [ 261, 261, 260, 260, 258, 258, 259, 260, 260, 261, 257,
    259, 258, 257, 258, 258, 260, 257, 260, 260, 259, 261, 261, 258, 259,
    259, 258, 261, 257, 258, 257, 257, 261, 260, 261, 257, 261, 259, 260,
    260, 258, 257, 257, 261, 257, 261, 261, 259, 258, 257, 259, 260, 260,
    258, 258, 258, 260, 259, 259, 258, 260, 260, 259, 260, 257, 258, 261,
    258, 260, 257, 257, 259, 259, 261, 259, 258, 257, 260, 261, 260, 259,
    260, 257, 258, 258, 259, 257, 258 ]
