%YAML:1.0
---
videoName: "LHShake07.mp4"
gestureLabel: 2
fps: 29
pixelSizeInCmTemp: 3.3732394366197183e-01
faceCenterPointX: 265
faceCenterPointY: 78
LHandPositionsX: [ 347, 346, 353, 359, 364, 371, 375, 387, 392, 391, 393,
    391, 385, 378, 354, 346, 339, 341, 341, 343, 351, 363, 370, 366, 365,
    363, 360, 343, 339, 343, 345, 345, 355, 359, 366, 371, 367, 360, 361,
    352, 345, 347, 348, 353, 358, 363, 360, 363, 366, 363, 338, 327, 335,
    336, 343, 354, 367, 372, 370, 381, 371, 366, 355, 348, 343, 337, 335,
    336, 337, 336, 337, 341, 342, 341, 343, 343, 341, 345, 343, 341, 342,
    341, 341, 342, 342, 344, 342, 342 ]
LHandPositionsY: [ 276, 275, 274, 265, 257, 249, 236, 219, 202, 188, 175,
    163, 152, 138, 142, 141, 148, 148, 144, 146, 144, 136, 136, 136, 138,
    135, 133, 139, 146, 144, 136, 130, 133, 131, 127, 123, 130, 129, 136,
    136, 145, 143, 147, 141, 138, 138, 137, 140, 129, 132, 136, 151, 143,
    137, 130, 132, 130, 136, 133, 126, 133, 137, 145, 154, 168, 181, 191,
    203, 220, 229, 239, 249, 253, 254, 257, 261, 264, 264, 265, 263, 266,
    268, 266, 265, 268, 267, 266, 267 ]
RHandPositionsX: [ 185, 181, 183, 182, 185, 185, 183, 183, 185, 185, 185,
    184, 183, 185, 185, 182, 184, 181, 182, 182, 181, 185, 182, 182, 181,
    181, 184, 184, 181, 184, 185, 181, 184, 181, 181, 181, 184, 185, 181,
    182, 181, 182, 184, 185, 181, 185, 181, 185, 181, 184, 181, 183, 184,
    183, 182, 182, 185, 182, 183, 182, 185, 185, 183, 181, 181, 184, 182,
    181, 183, 185, 182, 182, 184, 185, 184, 185, 184, 184, 184, 181, 185,
    185, 183, 182, 183, 183, 182, 181 ]
RHandPositionsY: [ 276, 278, 280, 280, 277, 278, 279, 279, 280, 279, 277,
    278, 279, 278, 277, 277, 279, 276, 279, 280, 278, 280, 280, 276, 277,
    278, 277, 279, 276, 276, 279, 277, 276, 278, 279, 280, 276, 280, 278,
    278, 280, 280, 278, 280, 276, 276, 279, 278, 278, 279, 276, 280, 277,
    280, 276, 277, 280, 279, 277, 280, 277, 276, 277, 280, 277, 279, 280,
    277, 276, 278, 278, 279, 280, 276, 280, 280, 278, 277, 280, 277, 279,
    279, 278, 276, 276, 279, 279, 277 ]
