%YAML:1.0
---
videoName: "LHShake24.mp4"
gestureLabel: 2
fps: 30
pixelSizeInCmTemp: 3.4214285714285714e-01
faceCenterPointX: 255
faceCenterPointY: 77
LHandPositionsX: [ 328, 326, 326, 328, 329, 327, 329, 330, 327, 332, 334,
    336, 343, 347, 354, 360, 371, 377, 382, 379, 380, 381, 372, 361, 348,
    341, 342, 343, 342, 349, 357, 367, 379, 377, 375, 377, 367, 358, 345,
    338, 340, 340, 342, 353, 365, 364, 368, 370, 363, 356, 343, 337, 343,
    342, 343, 355, 364, 370, 371, 372, 368, 362, 352, 344, 346, 346, 346,
    350, 360, 368, 370, 366, 367, 361, 352, 343, 338, 331, 330, 324, 325,
    327, 325, 325, 328, 329, 326, 328, 324, 325, 327 ]
LHandPositionsY: [ 263, 262, 262, 260, 262, 260, 263, 264, 262, 260, 259,
    258, 248, 237, 224, 210, 194, 185, 172, 173, 161, 152, 151, 154, 158,
    162, 161, 161, 162, 162, 159, 151, 151, 148, 150, 145, 148, 149, 152,
    156, 156, 152, 155, 152, 151, 151, 150, 149, 153, 156, 160, 162, 160,
    165, 163, 162, 161, 160, 156, 156, 158, 156, 159, 161, 163, 161, 162,
    162, 161, 159, 158, 160, 157, 158, 157, 165, 169, 179, 187, 199, 209,
    217, 231, 230, 233, 237, 244, 249, 246, 249, 250 ]
RHandPositionsX: [ 181, 181, 179, 180, 183, 180, 179, 181, 183, 181, 179,
    180, 180, 179, 183, 181, 179, 182, 180, 179, 182, 180, 183, 183, 181,
    179, 182, 180, 179, 180, 180, 180, 183, 182, 180, 180, 183, 180, 182,
    180, 182, 181, 183, 181, 182, 179, 181, 180, 183, 180, 183, 180, 180,
    183, 183, 179, 179, 180, 179, 180, 183, 180, 181, 179, 181, 180, 182,
    180, 181, 182, 181, 182, 179, 181, 179, 182, 179, 179, 183, 180, 181,
    181, 181, 182, 179, 180, 181, 181, 180, 180, 180 ]
RHandPositionsY: [ 270, 271, 270, 270, 269, 271, 270, 271, 271, 269, 270,
    269, 267, 271, 270, 271, 269, 267, 269, 270, 269, 267, 267, 271, 270,
    268, 271, 270, 267, 271, 270, 271, 268, 267, 267, 268, 268, 267, 271,
    269, 269, 267, 270, 268, 270, 271, 268, 268, 270, 270, 270, 270, 269,
    268, 269, 268, 268, 271, 269, 271, 269, 269, 271, 267, 268, 271, 268,
    268, 268, 270, 268, 271, 270, 268, 268, 270, 269, 269, 271, 267, 269,
    269, 269, 270, 271, 268, 269, 269, 269, 269, 268 ]
