%YAML:1.0
---
videoName: "LHShake15.mp4"
gestureLabel: 2
fps: 29
pixelSizeInCmTemp: 3.3263888888888887e-01
faceCenterPointX: 252
faceCenterPointY: 65
LHandPositionsX: [ 329, 327, 330, 331, 329, 331, 327, 330, 333, 330, 336,
    340, 345, 352, 358, 361, 370, 375, 377, 381, 379, 380, 368, 359, 348,
    340, 341, 340, 347, 352, 360, 362, 359, 361, 357, 348, 334, 331, 331,
    335, 343, 355, 355, 350, 350, 354, 351, 335, 329, 330, 330, 339, 351,
    355, 352, 351, 356, 355, 343, 337, 334, 333, 336, 340, 344, 349, 350,
    351, 350, 349, 342, 335, 329, 326, 323, 322, 320, 323, 325, 323, 325,
    327, 325, 327, 325, 327, 326, 328 ]
LHandPositionsY: [ 256, 258, 254, 254, 255, 256, 254, 254, 253, 253, 241,
    227, 216, 199, 187, 169, 153, 136, 123, 121, 117, 106, 104, 100, 106,
    102, 103, 101, 101, 97, 95, 95, 97, 92, 93, 97, 97, 101, 96, 94, 95,
    95, 94, 95, 99, 96, 103, 100, 101, 98, 98, 95, 93, 94, 97, 97, 96,
    98, 103, 99, 99, 98, 99, 99, 100, 103, 101, 101, 101, 101, 107, 122,
    137, 152, 168, 178, 191, 204, 219, 231, 233, 236, 241, 238, 242, 241,
    239, 241 ]
RHandPositionsX: [ 176, 176, 176, 176, 177, 176, 175, 176, 179, 179, 179,
    176, 178, 178, 178, 175, 176, 179, 178, 179, 176, 177, 176, 176, 175,
    175, 178, 176, 176, 179, 179, 175, 176, 175, 175, 175, 175, 178, 179,
    177, 175, 175, 178, 175, 176, 176, 178, 179, 177, 178, 178, 178, 178,
    176, 179, 175, 179, 177, 175, 178, 178, 177, 177, 179, 178, 176, 178,
    178, 176, 179, 175, 177, 175, 177, 179, 177, 177, 179, 179, 175, 179,
    177, 176, 178, 176, 176, 178, 178 ]
RHandPositionsY: [ 257, 261, 258, 259, 259, 259, 260, 257, 260, 257, 258,
    260, 259, 260, 258, 258, 259, 259, 259, 260, 260, 260, 257, 260, 257,
    258, 261, 260, 261, 257, 260, 260, 257, 260, 261, 258, 258, 260, 257,
    260, 260, 260, 257, 261, 260, 258, 258, 259, 259, 257, 259, 257, 260,
    261, 259, 260, 260, 259, 261, 259, 257, 258, 257, 260, 257, 259, 260,
    257, 259, 258, 260, 258, 259, 260, 261, 261, 261, 260, 257, 261, 260,
    259, 261, 260, 257, 260, 258, 259 ]
