%YAML:1.0
---
videoName: "LHShake06.mp4"
gestureLabel: 2
fps: 29
pixelSizeInCmTemp: 3.3732394366197183e-01
faceCenterPointX: 250
faceCenterPointY: 80
LHandPositionsX: [ 383, 385, 387, 384, 385, 381, 377, 372, 369, 372, 377,
    386, 387, 393, 394, 395, 394, 389, 377, 378, 377, 375, 386, 387, 393,
    391, 393, 386, 382, 379, 378, 380, 385, 390, 388, 389, 387, 385, 381,
    381, 381, 381, 385, 387, 392, 388, 388, 384, 382, 381, 379, 381, 385,
    394, 398, 401, 397, 397, 393, 389, 377, 367, 359, 357, 352, 347, 339,
    328, 320, 313, 306, 306, 303, 306, 305, 300, 299, 302, 299, 301, 299,
    298, 298, 301, 301, 298, 299, 300 ]
LHandPositionsY: [ 152, 149, 146, 139, 137, 136, 139, 135, 139, 135, 133,
    131, 127, 128, 130, 127, 130, 130, 135, 136, 135, 132, 130, 130, 127,
    126, 128, 129, 130, 129, 127, 129, 130, 125, 124, 126, 124, 126, 127,
    129, 126, 126, 128, 123, 124, 127, 125, 125, 129, 129, 127, 125, 127,
    125, 121, 122, 120, 126, 123, 129, 132, 136, 144, 149, 160, 175, 192,
    207, 215, 226, 228, 233, 239, 243, 243, 247, 253, 250, 251, 251, 252,
    252, 253, 256, 256, 254, 255, 258 ]
RHandPositionsX: [ 211, 211, 212, 210, 213, 212, 210, 210, 212, 211, 210,
    212, 210, 213, 210, 210, 211, 213, 210, 209, 213, 210, 212, 212, 212,
    210, 212, 210, 211, 208, 209, 211, 210, 208, 212, 209, 211, 209, 209,
    210, 211, 208, 210, 209, 211, 209, 208, 207, 207, 208, 208, 211, 210,
    211, 210, 208, 208, 207, 207, 210, 211, 211, 207, 208, 207, 208, 211,
    208, 211, 210, 210, 211, 212, 209, 212, 211, 211, 211, 211, 208, 209,
    208, 212, 210, 212, 211, 211, 213 ]
RHandPositionsY: [ 268, 271, 272, 271, 271, 269, 268, 268, 270, 268, 267,
    268, 267, 266, 270, 267, 268, 269, 268, 266, 266, 265, 267, 267, 269,
    266, 268, 267, 266, 268, 269, 266, 265, 269, 266, 269, 269, 269, 268,
    267, 269, 265, 269, 269, 265, 269, 268, 266, 267, 267, 266, 269, 267,
    269, 268, 268, 269, 265, 267, 269, 268, 266, 268, 267, 265, 265, 266,
    267, 265, 267, 266, 269, 265, 268, 269, 268, 268, 268, 269, 266, 267,
    265, 267, 269, 266, 269, 268, 265 ]
