%YAML:1.0
---
videoName: "LHShake22.mp4"
gestureLabel: 2
fps: 29
pixelSizeInCmTemp: 3.5220588235294115e-01
faceCenterPointX: 261
faceCenterPointY: 79
LHandPositionsX: [ 337, 343, 348, 356, 356, 359, 356, 356, 346, 335, 326,
    318, 319, 318, 317, 323, 331, 336, 347, 343, 343, 341, 338, 330, 321,
    323, 323, 325, 329, 339, 345, 339, 340, 337, 330, 320, 316, 319, 318,
    320, 326, 334, 334, 336, 334, 331, 327, 320, 319, 319, 322, 330, 338,
    343, 341, 341, 341, 332, 324, 317, 319, 314, 318, 326, 330, 335, 334,
    333, 333, 329, 328, 326, 320, 318, 320, 325, 323, 324, 328, 326, 324,
    325, 323, 327, 323, 326, 323, 323 ]
LHandPositionsY: [ 260, 255, 245, 237, 236, 222, 208, 205, 194, 188, 186,
    183, 187, 184, 181, 182, 180, 174, 175, 173, 172, 171, 173, 178, 178,
    179, 178, 178, 178, 171, 172, 174, 169, 173, 174, 180, 185, 184, 182,
    181, 182, 179, 176, 175, 173, 177, 180, 183, 179, 180, 181, 182, 176,
    177, 176, 178, 178, 179, 178, 184, 183, 181, 181, 178, 176, 178, 178,
    179, 182, 188, 196, 203, 211, 220, 232, 240, 241, 244, 247, 249, 247,
    248, 250, 252, 251, 249, 249, 249 ]
RHandPositionsX: [ 190, 192, 190, 192, 193, 193, 192, 192, 191, 193, 190,
    189, 190, 192, 190, 190, 189, 190, 192, 189, 192, 189, 190, 192, 192,
    191, 191, 192, 190, 191, 189, 190, 193, 190, 190, 190, 189, 192, 190,
    193, 193, 191, 191, 189, 191, 189, 191, 189, 190, 191, 190, 191, 191,
    193, 191, 189, 190, 190, 191, 189, 189, 189, 189, 191, 189, 190, 193,
    192, 193, 193, 189, 189, 191, 193, 189, 193, 191, 191, 190, 192, 191,
    192, 193, 189, 193, 189, 193, 192 ]
RHandPositionsY: [ 270, 269, 266, 266, 266, 267, 268, 270, 267, 267, 266,
    266, 269, 267, 270, 270, 268, 270, 269, 270, 266, 269, 269, 268, 267,
    266, 268, 269, 266, 269, 266, 267, 267, 266, 269, 269, 270, 266, 268,
    268, 266, 268, 270, 270, 270, 270, 266, 269, 268, 269, 269, 270, 268,
    270, 269, 269, 267, 268, 267, 268, 267, 268, 267, 269, 267, 266, 267,
    267, 266, 268, 266, 268, 266, 268, 266, 269, 266, 267, 270, 266, 270,
    268, 267, 267, 270, 266, 268, 269 ]
