%YAML:1.0
---
videoName: "LHShake20.mp4"
gestureLabel: 2
fps: 30
pixelSizeInCmTemp: 3.3732394366197183e-01
faceCenterPointX: 249
faceCenterPointY: 62
LHandPositionsX: [ 316, 313, 312, 314, 313, 316, 315, 314, 316, 319, 320,
    328, 336, 340, 340, 337, 330, 322, 313, 313, 314, 313, 319, 328, 335,
    337, 336, 340, 332, 322, 319, 316, 318, 322, 334, 340, 339, 339, 332,
    324, 325, 322, 319, 326, 335, 332, 328, 330, 325, 318, 318, 321, 320,
    326, 324, 326, 328, 324, 322, 320, 319, 316, 316, 321, 319, 322, 322,
    317, 317, 316, 316, 313, 315, 313, 314, 314, 316, 313, 314, 314, 314,
    315, 314, 312, 313, 312, 314, 316, 312, 316, 314 ]
LHandPositionsY: [ 248, 247, 247, 250, 248, 249, 245, 244, 238, 229, 219,
    204, 187, 179, 173, 167, 158, 160, 160, 163, 159, 155, 148, 145, 142,
    144, 145, 146, 141, 146, 149, 149, 145, 143, 146, 140, 143, 143, 145,
    147, 146, 146, 147, 143, 141, 143, 138, 141, 140, 147, 149, 148, 145,
    141, 139, 136, 138, 135, 137, 145, 144, 144, 146, 148, 147, 148, 160,
    169, 181, 191, 201, 212, 216, 221, 224, 226, 228, 230, 232, 232, 231,
    233, 235, 237, 237, 237, 235, 236, 239, 237, 239 ]
RHandPositionsX: [ 180, 183, 179, 182, 182, 181, 179, 182, 181, 183, 180,
    182, 180, 179, 180, 183, 182, 183, 183, 183, 180, 183, 181, 179, 181,
    179, 180, 180, 179, 179, 179, 183, 179, 181, 180, 180, 183, 179, 182,
    179, 181, 180, 179, 182, 182, 182, 183, 180, 179, 180, 182, 181, 179,
    180, 179, 183, 179, 182, 181, 180, 180, 180, 183, 181, 182, 179, 181,
    181, 182, 182, 182, 182, 183, 180, 179, 181, 178, 182, 178, 178, 180,
    182, 180, 178, 180, 179, 181, 180, 178, 180, 182 ]
RHandPositionsY: [ 257, 254, 253, 254, 254, 253, 254, 256, 256, 253, 253,
    255, 252, 256, 254, 256, 256, 255, 256, 252, 253, 253, 253, 253, 253,
    254, 253, 256, 255, 256, 253, 251, 251, 251, 252, 255, 254, 251, 253,
    255, 252, 255, 253, 252, 251, 254, 253, 254, 251, 251, 251, 251, 255,
    253, 253, 253, 252, 252, 254, 255, 252, 253, 254, 253, 255, 251, 255,
    254, 252, 253, 254, 253, 252, 254, 252, 254, 252, 251, 251, 253, 255,
    255, 252, 254, 252, 254, 253, 251, 252, 255, 251 ]
