%YAML:1.0
---
videoName: "LHShake08.mp4"
gestureLabel: 2
fps: 29
pixelSizeInCmTemp: 3.4710144927536229e-01
faceCenterPointX: 261
faceCenterPointY: 69
LHandPositionsX: [ 341, 342, 345, 343, 352, 344, 356, 364, 370, 373, 374,
    371, 380, 368, 358, 346, 338, 339, 343, 343, 351, 357, 367, 364, 364,
    361, 361, 352, 342, 336, 339, 337, 345, 350, 357, 366, 369, 365, 367,
    361, 351, 343, 335, 339, 337, 338, 343, 347, 355, 359, 358, 357, 356,
    351, 344, 342, 341, 341, 342, 347, 354, 365, 373, 371, 372, 369, 362,
    357, 353, 344, 341, 337, 331, 330, 330, 331, 335, 335, 338, 337, 338,
    338, 335, 337, 337, 337, 339, 337 ]
LHandPositionsY: [ 266, 267, 262, 255, 251, 239, 218, 199, 187, 174, 165,
    155, 144, 144, 147, 145, 149, 152, 152, 152, 149, 147, 139, 138, 139,
    139, 142, 143, 150, 155, 150, 153, 154, 152, 146, 150, 148, 148, 148,
    152, 151, 156, 157, 159, 158, 163, 162, 157, 158, 156, 155, 152, 155,
    155, 159, 163, 161, 159, 160, 156, 157, 151, 147, 146, 148, 147, 151,
    154, 159, 169, 177, 186, 197, 208, 221, 235, 245, 247, 250, 251, 254,
    254, 252, 255, 254, 257, 258, 256 ]
RHandPositionsX: [ 175, 174, 172, 173, 172, 176, 176, 175, 176, 172, 173,
    175, 176, 175, 174, 175, 172, 176, 173, 175, 172, 174, 175, 173, 174,
    174, 174, 176, 175, 173, 173, 177, 177, 176, 176, 177, 177, 177, 176,
    177, 175, 177, 174, 177, 175, 177, 174, 175, 175, 177, 178, 175, 178,
    177, 174, 175, 178, 174, 176, 177, 178, 174, 176, 177, 177, 178, 174,
    175, 174, 177, 178, 176, 178, 175, 177, 176, 174, 176, 175, 176, 175,
    175, 177, 175, 175, 175, 174, 176 ]
RHandPositionsY: [ 273, 277, 274, 275, 277, 274, 273, 273, 275, 274, 276,
    274, 275, 273, 277, 273, 273, 276, 274, 274, 276, 274, 276, 275, 273,
    277, 274, 276, 274, 276, 274, 275, 275, 276, 274, 274, 277, 273, 274,
    273, 273, 274, 275, 277, 273, 274, 277, 277, 277, 276, 276, 277, 273,
    277, 277, 277, 274, 276, 276, 277, 277, 276, 273, 276, 276, 277, 277,
    273, 277, 273, 276, 273, 275, 275, 277, 277, 274, 274, 276, 273, 273,
    274, 274, 276, 273, 274, 276, 275 ]
