%YAML:1.0
---
videoName: "LHShake05.mp4"
gestureLabel: 2
fps: 30
pixelSizeInCmTemp: 3.2364864864864862e-01
faceCenterPointX: 252
faceCenterPointY: 81
LHandPositionsX: [ 293, 295, 292, 294, 293, 293, 292, 296, 293, 292, 291,
    294, 305, 311, 322, 333, 341, 343, 342, 340, 339, 336, 331, 332, 332,
    330, 332, 335, 341, 343, 344, 338, 333, 324, 326, 323, 328, 333, 338,
    336, 336, 331, 321, 322, 319, 325, 329, 333, 339, 339, 332, 326, 325,
    325, 325, 324, 332, 337, 339, 336, 333, 331, 329, 332, 333, 333, 337,
    339, 341, 336, 336, 323, 320, 314, 311, 305, 303, 301, 297, 293, 294,
    296, 296, 295, 295, 295, 293, 291, 292, 296, 294 ]
LHandPositionsY: [ 270, 269, 268, 268, 267, 269, 269, 266, 263, 254, 241,
    225, 210, 198, 184, 176, 165, 163, 158, 154, 154, 154, 153, 156, 155,
    152, 150, 146, 139, 135, 133, 137, 146, 149, 147, 147, 145, 138, 139,
    137, 133, 137, 141, 143, 144, 142, 139, 136, 136, 130, 136, 139, 142,
    142, 145, 145, 142, 136, 137, 140, 140, 144, 144, 143, 141, 141, 141,
    138, 139, 137, 141, 149, 159, 170, 178, 190, 200, 211, 218, 229, 236,
    236, 240, 243, 245, 247, 251, 251, 254, 258, 257 ]
RHandPositionsX: [ 210, 211, 212, 212, 214, 212, 213, 212, 214, 211, 211,
    209, 212, 211, 210, 213, 210, 209, 212, 211, 208, 208, 211, 209, 211,
    209, 207, 211, 208, 210, 209, 210, 208, 210, 209, 210, 207, 209, 208,
    209, 207, 210, 206, 209, 210, 206, 208, 209, 210, 210, 207, 209, 206,
    206, 206, 209, 208, 208, 207, 209, 208, 210, 208, 210, 207, 208, 209,
    206, 208, 210, 209, 209, 209, 209, 210, 206, 210, 208, 207, 207, 207,
    207, 209, 210, 209, 207, 208, 209, 209, 209, 212 ]
RHandPositionsY: [ 266, 262, 264, 263, 265, 262, 263, 262, 264, 266, 264,
    266, 265, 263, 262, 262, 262, 266, 263, 264, 263, 264, 262, 265, 264,
    264, 266, 262, 265, 266, 263, 263, 262, 266, 261, 264, 265, 261, 262,
    262, 265, 261, 264, 263, 264, 261, 265, 262, 264, 261, 264, 265, 261,
    265, 265, 264, 262, 265, 265, 262, 262, 261, 263, 262, 264, 264, 261,
    263, 265, 261, 264, 263, 262, 264, 265, 261, 262, 264, 262, 265, 265,
    263, 265, 262, 261, 261, 264, 263, 261, 264, 264 ]
