%YAML:1.0
---
videoName: "LHShake09.mp4"
gestureLabel: 2
fps: 29
pixelSizeInCmTemp: 3.3263888888888887e-01
faceCenterPointX: 259
faceCenterPointY: 67
LHandPositionsX: [ 338, 336, 336, 338, 342, 344, 347, 354, 351, 356, 358,
    364, 367, 368, 367, 363, 358, 353, 340, 330, 331, 332, 330, 331, 337,
    346, 350, 347, 346, 346, 350, 348, 341, 335, 337, 334, 336, 347, 353,
    363, 367, 366, 369, 364, 354, 343, 336, 336, 336, 333, 337, 348, 355,
    355, 353, 355, 357, 349, 340, 337, 334, 335, 334, 336, 340, 350, 354,
    352, 355, 353, 347, 343, 339, 329, 327, 318, 319, 321, 322, 324, 329,
    327, 329, 334, 331, 332, 331, 331 ]
LHandPositionsY: [ 271, 273, 271, 275, 273, 272, 263, 254, 251, 235, 234,
    218, 202, 199, 182, 176, 169, 164, 158, 157, 156, 156, 156, 156, 154,
    152, 146, 148, 148, 144, 147, 150, 154, 155, 155, 154, 156, 156, 153,
    153, 151, 154, 155, 152, 155, 157, 159, 156, 154, 154, 153, 156, 152,
    154, 152, 150, 152, 152, 153, 150, 153, 151, 152, 153, 154, 151, 152,
    149, 150, 152, 153, 154, 162, 173, 183, 192, 204, 222, 230, 244, 244,
    249, 252, 254, 258, 261, 259, 260 ]
RHandPositionsX: [ 176, 177, 177, 176, 178, 176, 176, 180, 176, 179, 178,
    179, 178, 178, 178, 177, 180, 176, 178, 176, 180, 180, 180, 179, 179,
    178, 176, 179, 177, 176, 179, 178, 179, 180, 180, 177, 180, 179, 180,
    177, 179, 179, 177, 176, 177, 180, 180, 179, 176, 176, 180, 177, 180,
    178, 177, 176, 177, 180, 180, 176, 178, 177, 176, 178, 178, 180, 179,
    179, 178, 177, 180, 176, 177, 179, 176, 176, 178, 179, 180, 178, 179,
    180, 176, 178, 178, 178, 178, 176 ]
RHandPositionsY: [ 278, 275, 279, 277, 277, 279, 278, 277, 275, 278, 277,
    276, 275, 279, 278, 275, 276, 278, 277, 279, 278, 278, 277, 279, 276,
    276, 279, 275, 278, 275, 279, 279, 275, 277, 279, 275, 278, 278, 278,
    275, 277, 275, 275, 276, 278, 279, 277, 278, 278, 275, 277, 277, 278,
    276, 275, 275, 277, 278, 277, 279, 277, 277, 279, 275, 277, 278, 277,
    279, 278, 276, 277, 279, 278, 276, 279, 278, 277, 275, 278, 276, 275,
    279, 277, 277, 275, 278, 277, 277 ]
