%YAML:1.0
---
videoName: "LHShake18.mp4"
gestureLabel: 2
fps: 29
pixelSizeInCmTemp: 3.4214285714285714e-01
faceCenterPointX: 253
faceCenterPointY: 65
LHandPositionsX: [ 315, 314, 314, 315, 312, 313, 313, 315, 314, 313, 315,
    314, 313, 312, 315, 315, 314, 316, 322, 323, 330, 340, 346, 348, 349,
    346, 337, 326, 315, 297, 304, 302, 308, 315, 310, 315, 310, 308, 297,
    290, 292, 301, 305, 316, 310, 309, 305, 298, 290, 286, 286, 299, 307,
    313, 314, 311, 307, 294, 284, 288, 295, 302, 308, 307, 312, 305, 303,
    293, 297, 298, 306, 308, 307, 312, 315, 313, 308, 304, 304, 304, 308,
    306, 305, 307, 307, 311, 309, 311 ]
LHandPositionsY: [ 248, 248, 246, 248, 247, 247, 248, 250, 247, 247, 246,
    247, 250, 246, 249, 247, 246, 249, 243, 237, 217, 203, 190, 179, 169,
    160, 151, 146, 145, 138, 138, 145, 142, 144, 142, 143, 142, 145, 146,
    137, 137, 141, 144, 147, 145, 148, 147, 145, 145, 138, 141, 149, 150,
    148, 149, 148, 153, 143, 142, 141, 150, 151, 154, 152, 151, 157, 160,
    147, 146, 152, 154, 153, 152, 153, 160, 166, 174, 185, 195, 207, 216,
    218, 218, 233, 236, 232, 231, 231 ]
RHandPositionsX: [ 198, 197, 198, 196, 198, 195, 199, 195, 198, 195, 196,
    195, 197, 197, 199, 196, 198, 198, 196, 198, 195, 197, 197, 196, 197,
    199, 198, 196, 198, 198, 197, 195, 196, 199, 198, 195, 197, 199, 200,
    195, 195, 197, 198, 195, 195, 198, 198, 198, 198, 197, 195, 196, 199,
    196, 199, 199, 196, 196, 196, 197, 195, 199, 196, 197, 197, 195, 194,
    196, 199, 194, 194, 195, 194, 198, 194, 196, 195, 197, 194, 196, 198,
    196, 196, 196, 195, 195, 198, 194 ]
RHandPositionsY: [ 265, 266, 262, 266, 263, 266, 266, 266, 267, 265, 264,
    267, 263, 265, 263, 264, 266, 265, 266, 263, 267, 264, 266, 264, 266,
    267, 266, 265, 262, 262, 264, 265, 264, 264, 264, 264, 267, 268, 265,
    264, 264, 266, 265, 266, 268, 266, 268, 266, 268, 265, 265, 268, 267,
    267, 267, 268, 268, 267, 267, 265, 268, 266, 267, 268, 266, 264, 268,
    264, 268, 268, 266, 266, 266, 267, 266, 268, 265, 267, 268, 268, 264,
    265, 264, 265, 264, 265, 264, 264 ]
