%YAML:1.0
---
videoName: "LHShake17.mp4"
gestureLabel: 2
fps: 30
pixelSizeInCmTemp: 3.3732394366197183e-01
faceCenterPointX: 248
faceCenterPointY: 64
LHandPositionsX: [ 323, 321, 325, 324, 322, 322, 326, 324, 326, 333, 343,
    352, 366, 373, 387, 398, 404, 409, 403, 386, 372, 359, 354, 354, 352,
    357, 370, 381, 379, 380, 377, 366, 354, 348, 346, 346, 357, 363, 370,
    368, 365, 363, 356, 350, 350, 354, 363, 372, 376, 372, 373, 369, 362,
    354, 347, 347, 349, 354, 360, 367, 365, 370, 365, 357, 347, 344, 341,
    340, 337, 334, 335, 333, 330, 332, 328, 331, 330, 327, 326, 325, 327,
    326, 326, 326, 323, 326, 327, 327, 327, 323, 323 ]
LHandPositionsY: [ 248, 247, 248, 251, 247, 251, 246, 246, 247, 230, 215,
    202, 184, 172, 158, 142, 131, 120, 113, 111, 121, 128, 135, 133, 135,
    134, 124, 119, 118, 117, 119, 130, 136, 140, 137, 139, 124, 118, 117,
    120, 116, 117, 125, 132, 131, 136, 123, 120, 120, 122, 123, 120, 132,
    139, 142, 140, 140, 126, 123, 124, 125, 124, 121, 127, 134, 143, 152,
    163, 171, 181, 195, 206, 220, 222, 223, 228, 230, 235, 233, 236, 237,
    239, 239, 238, 236, 235, 235, 237, 235, 238, 237 ]
RHandPositionsX: [ 180, 177, 176, 179, 180, 179, 178, 176, 179, 179, 178,
    177, 178, 180, 176, 176, 176, 178, 179, 178, 179, 179, 176, 180, 180,
    180, 178, 176, 176, 177, 177, 176, 177, 179, 179, 179, 176, 176, 174,
    174, 174, 176, 175, 178, 176, 174, 177, 177, 175, 176, 174, 175, 176,
    178, 176, 174, 176, 175, 178, 176, 178, 175, 176, 174, 177, 175, 177,
    178, 174, 177, 177, 176, 176, 176, 175, 178, 175, 175, 177, 174, 178,
    176, 174, 176, 174, 175, 178, 177, 175, 177, 177 ]
RHandPositionsY: [ 258, 260, 257, 260, 259, 257, 256, 257, 260, 257, 260,
    259, 258, 260, 256, 259, 260, 256, 259, 256, 259, 258, 257, 260, 257,
    256, 258, 257, 259, 257, 259, 259, 257, 258, 257, 257, 260, 260, 256,
    260, 257, 258, 259, 256, 258, 260, 258, 256, 259, 257, 258, 256, 256,
    257, 259, 258, 260, 259, 257, 256, 260, 258, 258, 257, 258, 258, 259,
    256, 257, 259, 256, 258, 258, 256, 259, 257, 256, 259, 259, 256, 260,
    258, 260, 257, 256, 256, 257, 257, 259, 258, 257 ]
