%YAML:1.0
---
videoName: "LHShake06.mp4"
gestureLabel: 2
fps: 29
pixelSizeInCmTemp: 3.3732394366197183e-01
faceCenterPointX: 250
faceCenterPointY: 80
LHandPositionsX: [ 383, 387, 385, 386, 385, 381, 377, 372, 369, 371, 374,
    383, 388, 393, 394, 395, 393, 387, 377, 376, 374, 376, 388, 387, 391,
    395, 391, 389, 382, 382, 377, 380, 385, 386, 391, 389, 389, 383, 381,
    380, 382, 380, 384, 387, 389, 389, 388, 382, 380, 378, 382, 385, 387,
    390, 394, 401, 396, 396, 391, 387, 381, 368, 359, 360, 356, 346, 336,
    325, 319, 314, 307, 308, 305, 303, 305, 301, 302, 300, 299, 301, 301,
    300, 298, 301, 298, 300, 301, 302 ]
LHandPositionsY: [ 149, 147, 142, 139, 140, 138, 137, 139, 138, 136, 133,
    131, 128, 127, 128, 126, 131, 134, 135, 136, 135, 131, 133, 128, 127,
    127, 128, 129, 126, 128, 131, 130, 128, 127, 126, 125, 124, 125, 126,
    128, 129, 129, 127, 123, 123, 127, 123, 127, 127, 127, 126, 128, 125,
    124, 123, 124, 124, 126, 127, 127, 134, 137, 144, 151, 161, 173, 189,
    208, 215, 225, 231, 236, 235, 240, 245, 247, 251, 252, 249, 254, 252,
    255, 252, 254, 254, 253, 254, 256 ]
RHandPositionsX: [ 214, 213, 210, 211, 212, 213, 213, 213, 212, 213, 212,
    213, 210, 210, 210, 210, 213, 212, 213, 212, 213, 212, 212, 210, 213,
    210, 212, 213, 209, 210, 211, 208, 212, 210, 208, 208, 211, 212, 210,
    209, 208, 211, 209, 212, 210, 209, 210, 211, 211, 211, 209, 211, 208,
    211, 209, 210, 210, 208, 208, 209, 208, 211, 208, 208, 209, 210, 208,
    211, 208, 208, 212, 209, 211, 210, 210, 210, 209, 208, 210, 208, 209,
    211, 212, 208, 209, 211, 212, 209 ]
RHandPositionsY: [ 268, 269, 271, 269, 270, 268, 271, 271, 267, 268, 268,
    269, 268, 269, 270, 269, 270, 270, 266, 269, 267, 268, 267, 266, 266,
    269, 266, 266, 268, 268, 269, 268, 266, 266, 267, 265, 269, 269, 266,
    269, 269, 266, 269, 265, 269, 270, 269, 267, 269, 266, 268, 267, 266,
    269, 268, 270, 265, 265, 265, 267, 267, 267, 267, 267, 267, 267, 267,
    266, 266, 266, 267, 265, 267, 269, 268, 269, 268, 266, 268, 267, 266,
    268, 266, 268, 267, 268, 269, 267 ]
