%YAML:1.0
---
videoName: "LHShake13.mp4"
gestureLabel: 2
fps: 29
pixelSizeInCmTemp: 3.4214285714285714e-01
faceCenterPointX: 257
faceCenterPointY: 76
LHandPositionsX: [ 327, 323, 326, 326, 327, 327, 326, 327, 328, 328, 330,
    338, 342, 352, 359, 372, 381, 388, 391, 391, 383, 373, 362, 349, 340,
    346, 342, 344, 351, 357, 372, 367, 367, 364, 356, 347, 340, 341, 341,
    350, 362, 369, 368, 367, 359, 351, 342, 348, 343, 349, 357, 367, 364,
    364, 363, 353, 346, 344, 343, 344, 347, 358, 366, 371, 368, 364, 357,
    352, 346, 339, 333, 326, 326, 325, 325, 326, 326, 326, 325, 324, 324,
    327, 325, 326, 325, 325, 325, 326 ]
LHandPositionsY: [ 261, 260, 263, 259, 262, 262, 262, 262, 260, 258, 254,
    247, 236, 228, 210, 197, 184, 176, 167, 159, 152, 149, 151, 155, 155,
    154, 159, 154, 155, 148, 143, 140, 142, 144, 150, 155, 161, 158, 159,
    155, 156, 155, 152, 158, 157, 160, 162, 162, 161, 159, 156, 158, 155,
    158, 160, 163, 165, 162, 162, 160, 160, 160, 154, 154, 150, 146, 146,
    150, 154, 164, 171, 179, 190, 206, 223, 235, 245, 247, 244, 247, 244,
    245, 248, 249, 249, 249, 248, 246 ]
RHandPositionsX: [ 184, 184, 183, 185, 184, 185, 182, 185, 185, 181, 183,
    183, 181, 183, 184, 182, 185, 184, 185, 182, 181, 183, 181, 182, 184,
    185, 185, 181, 185, 183, 184, 185, 184, 183, 182, 182, 183, 181, 183,
    184, 184, 182, 183, 184, 182, 185, 184, 181, 183, 184, 185, 181, 181,
    181, 181, 182, 181, 182, 184, 183, 183, 185, 184, 185, 183, 185, 181,
    182, 182, 184, 183, 181, 182, 183, 185, 182, 185, 183, 182, 182, 184,
    185, 181, 184, 185, 185, 181, 184 ]
RHandPositionsY: [ 269, 268, 269, 269, 270, 269, 267, 271, 267, 267, 270,
    267, 270, 269, 268, 271, 270, 269, 267, 271, 269, 268, 271, 271, 268,
    269, 269, 269, 267, 269, 271, 269, 268, 269, 268, 269, 271, 268, 271,
    270, 268, 269, 271, 267, 270, 270, 271, 268, 268, 268, 268, 271, 269,
    271, 267, 270, 267, 270, 268, 267, 271, 268, 268, 271, 270, 267, 267,
    271, 270, 270, 267, 271, 270, 267, 267, 267, 267, 267, 269, 267, 267,
    267, 271, 271, 267, 267, 269, 268 ]
