%YAML:1.0
---
videoName: "LHShake20.mp4"
gestureLabel: 2
fps: 30
pixelSizeInCmTemp: 3.3732394366197183e-01
faceCenterPointX: 249
faceCenterPointY: 62
LHandPositionsX: [ 314, 314, 316, 316, 315, 314, 315, 314, 316, 315, 319,
    326, 332, 339, 344, 336, 331, 320, 313, 316, 312, 313, 318, 325, 336,
    337, 339, 338, 331, 321, 316, 318, 320, 326, 334, 339, 340, 341, 331,
    323, 322, 325, 320, 327, 331, 331, 330, 329, 322, 320, 319, 318, 318,
    327, 322, 330, 330, 328, 322, 321, 320, 318, 319, 317, 323, 324, 319,
    317, 319, 315, 314, 313, 315, 316, 314, 313, 315, 315, 315, 312, 316,
    313, 314, 312, 315, 315, 316, 314, 313, 312, 316 ]
LHandPositionsY: [ 250, 250, 246, 249, 249, 247, 248, 245, 235, 226, 217,
    203, 191, 179, 169, 167, 160, 159, 158, 161, 160, 155, 148, 146, 145,
    144, 143, 145, 144, 145, 150, 149, 148, 143, 146, 140, 140, 144, 141,
    146, 146, 148, 146, 141, 142, 142, 140, 141, 140, 148, 148, 150, 144,
    142, 138, 136, 137, 137, 135, 145, 145, 142, 146, 149, 147, 149, 158,
    170, 179, 188, 202, 212, 217, 220, 221, 227, 231, 232, 229, 231, 233,
    235, 235, 233, 234, 236, 236, 236, 239, 240, 239 ]
RHandPositionsX: [ 182, 179, 180, 179, 183, 180, 180, 179, 180, 180, 183,
    183, 181, 181, 182, 183, 179, 180, 182, 181, 180, 179, 179, 183, 179,
    179, 181, 181, 182, 182, 181, 183, 180, 179, 182, 181, 181, 181, 180,
    179, 180, 183, 183, 181, 183, 183, 179, 182, 179, 182, 179, 183, 179,
    182, 181, 180, 183, 181, 181, 181, 183, 181, 181, 182, 179, 180, 182,
    183, 180, 182, 182, 179, 181, 179, 179, 180, 179, 182, 182, 178, 178,
    181, 180, 180, 182, 179, 178, 178, 181, 178, 180 ]
RHandPositionsY: [ 253, 253, 257, 253, 254, 256, 256, 257, 252, 253, 256,
    254, 252, 256, 256, 256, 255, 253, 255, 255, 254, 253, 255, 255, 256,
    252, 253, 252, 252, 255, 251, 252, 255, 254, 254, 252, 252, 251, 251,
    252, 253, 253, 252, 254, 251, 251, 254, 252, 255, 251, 253, 254, 252,
    254, 254, 253, 251, 251, 252, 255, 253, 253, 252, 252, 253, 252, 253,
    251, 252, 254, 251, 253, 251, 255, 255, 255, 253, 254, 255, 253, 253,
    254, 252, 255, 253, 251, 253, 254, 253, 255, 251 ]
