%YAML:1.0
---
videoName: "LHShake10.mp4"
gestureLabel: 2
fps: 29
pixelSizeInCmTemp: 3.4214285714285714e-01
faceCenterPointX: 253
faceCenterPointY: 65
LHandPositionsX: [ 338, 337, 334, 335, 334, 340, 342, 350, 354, 359, 365,
    378, 384, 392, 394, 395, 395, 386, 374, 363, 358, 351, 353, 352, 360,
    372, 380, 389, 392, 392, 389, 387, 374, 364, 356, 359, 360, 363, 368,
    370, 373, 371, 370, 372, 366, 365, 353, 344, 344, 343, 344, 356, 363,
    373, 383, 382, 379, 372, 363, 356, 350, 349, 351, 351, 356, 365, 376,
    379, 376, 378, 379, 373, 366, 362, 354, 348, 343, 342, 341, 334, 334,
    334, 335, 334, 337, 336, 335, 335 ]
LHandPositionsY: [ 272, 271, 271, 269, 271, 272, 267, 261, 251, 241, 226,
    210, 194, 177, 169, 153, 142, 139, 136, 142, 144, 146, 147, 147, 148,
    147, 140, 139, 141, 141, 143, 144, 146, 149, 151, 152, 152, 146, 140,
    133, 131, 134, 133, 133, 129, 129, 140, 142, 143, 146, 146, 144, 140,
    141, 139, 140, 143, 143, 144, 146, 154, 150, 153, 150, 150, 152, 146,
    147, 144, 148, 147, 153, 159, 164, 173, 184, 192, 208, 218, 231, 243,
    254, 251, 257, 254, 257, 259, 259 ]
RHandPositionsX: [ 172, 173, 176, 174, 175, 176, 173, 176, 175, 174, 172,
    173, 173, 176, 175, 176, 172, 174, 174, 171, 172, 175, 173, 175, 172,
    171, 174, 174, 171, 175, 171, 174, 174, 174, 173, 172, 171, 175, 171,
    173, 175, 172, 172, 175, 174, 173, 174, 172, 174, 171, 174, 172, 175,
    173, 171, 173, 175, 172, 173, 172, 175, 173, 172, 172, 171, 171, 173,
    172, 174, 173, 173, 174, 172, 173, 174, 175, 172, 173, 171, 173, 173,
    171, 175, 174, 174, 174, 173, 172 ]
RHandPositionsY: [ 277, 274, 274, 278, 277, 274, 277, 275, 277, 278, 277,
    278, 278, 274, 276, 274, 274, 275, 276, 276, 276, 277, 275, 278, 277,
    278, 278, 277, 278, 277, 277, 275, 276, 278, 276, 275, 274, 275, 275,
    275, 274, 275, 277, 274, 276, 274, 276, 275, 277, 276, 277, 278, 276,
    278, 277, 274, 274, 278, 278, 278, 276, 277, 276, 276, 276, 277, 278,
    276, 277, 277, 277, 277, 274, 278, 278, 278, 276, 278, 277, 277, 278,
    275, 277, 276, 277, 278, 276, 278 ]
