%YAML:1.0
---
videoName: "LHShake22.mp4"
gestureLabel: 2
fps: 29
pixelSizeInCmTemp: 3.5220588235294115e-01
faceCenterPointX: 261
faceCenterPointY: 79
LHandPositionsX: [ 335, 343, 351, 356, 356, 359, 358, 355, 347, 335, 329,
    322, 319, 321, 318, 325, 328, 336, 345, 346, 342, 344, 337, 328, 324,
    323, 322, 326, 332, 339, 343, 341, 342, 339, 329, 320, 318, 318, 317,
    320, 326, 337, 335, 337, 333, 330, 326, 320, 321, 318, 322, 331, 334,
    342, 344, 344, 340, 334, 326, 319, 320, 314, 318, 322, 328, 336, 337,
    336, 336, 333, 329, 325, 321, 320, 320, 325, 324, 325, 328, 323, 327,
    324, 327, 323, 324, 324, 323, 323 ]
LHandPositionsY: [ 261, 255, 248, 238, 235, 222, 208, 206, 196, 189, 184,
    186, 185, 184, 181, 183, 176, 178, 171, 171, 170, 173, 174, 177, 179,
    176, 176, 178, 178, 175, 173, 173, 173, 171, 175, 177, 183, 184, 182,
    184, 178, 178, 176, 175, 177, 175, 178, 181, 180, 179, 183, 182, 180,
    176, 178, 178, 175, 178, 181, 182, 183, 182, 179, 179, 179, 176, 179,
    180, 185, 188, 197, 201, 212, 222, 230, 238, 240, 244, 248, 246, 247,
    249, 248, 252, 251, 251, 249, 247 ]
RHandPositionsX: [ 192, 189, 189, 192, 192, 192, 189, 192, 191, 193, 189,
    193, 192, 189, 193, 189, 189, 191, 190, 192, 190, 189, 192, 193, 191,
    190, 191, 192, 192, 193, 189, 189, 191, 192, 189, 192, 189, 192, 190,
    190, 193, 191, 189, 191, 193, 190, 193, 190, 191, 191, 191, 190, 189,
    189, 193, 189, 189, 189, 190, 190, 191, 190, 189, 191, 192, 191, 193,
    192, 190, 189, 192, 193, 191, 193, 193, 193, 190, 192, 191, 193, 191,
    192, 191, 192, 190, 190, 190, 191 ]
RHandPositionsY: [ 267, 270, 268, 267, 268, 268, 266, 267, 268, 270, 270,
    267, 270, 267, 267, 270, 269, 268, 269, 269, 268, 267, 270, 270, 268,
    266, 267, 266, 270, 269, 270, 266, 268, 267, 269, 267, 267, 268, 270,
    266, 266, 269, 267, 266, 267, 270, 268, 266, 270, 270, 270, 267, 268,
    267, 269, 268, 268, 266, 269, 267, 268, 267, 269, 267, 269, 270, 269,
    267, 266, 268, 270, 268, 266, 267, 267, 269, 269, 270, 270, 267, 270,
    266, 268, 267, 267, 266, 270, 268 ]
