%YAML:1.0
---
videoName: "LHShake16.mp4"
gestureLabel: 2
fps: 30
pixelSizeInCmTemp: 3.3732394366197183e-01
faceCenterPointX: 247
faceCenterPointY: 66
LHandPositionsX: [ 323, 325, 327, 328, 327, 338, 344, 351, 365, 375, 383,
    392, 401, 412, 405, 403, 402, 391, 375, 362, 356, 357, 363, 373, 380,
    399, 394, 390, 389, 384, 374, 371, 368, 369, 369, 378, 389, 390, 402,
    395, 386, 376, 369, 368, 363, 371, 376, 384, 400, 407, 397, 387, 370,
    361, 363, 363, 365, 368, 373, 391, 388, 384, 387, 381, 376, 368, 357,
    348, 346, 337, 336, 333, 329, 330, 328, 328, 331, 327, 331, 329, 328,
    330, 326, 329, 326, 327, 324, 326, 328, 328, 325 ]
LHandPositionsY: [ 252, 256, 252, 251, 253, 243, 233, 220, 211, 196, 180,
    169, 155, 150, 142, 134, 124, 115, 119, 111, 117, 117, 127, 116, 114,
    113, 115, 118, 119, 116, 120, 128, 131, 132, 129, 118, 117, 122, 119,
    120, 117, 127, 134, 133, 133, 138, 129, 128, 123, 125, 121, 130, 137,
    144, 146, 145, 145, 146, 132, 125, 128, 128, 123, 131, 141, 152, 162,
    168, 181, 195, 204, 216, 227, 228, 229, 233, 235, 237, 240, 241, 239,
    242, 244, 243, 246, 241, 245, 242, 241, 244, 245 ]
RHandPositionsX: [ 179, 175, 179, 178, 176, 175, 176, 176, 178, 179, 176,
    175, 178, 177, 177, 176, 176, 177, 175, 179, 176, 176, 177, 178, 179,
    178, 178, 178, 177, 176, 175, 179, 177, 175, 179, 175, 175, 176, 178,
    177, 176, 176, 177, 177, 178, 178, 176, 176, 178, 176, 179, 177, 177,
    178, 177, 179, 176, 178, 175, 176, 177, 175, 178, 176, 176, 176, 178,
    175, 177, 177, 177, 177, 179, 177, 177, 179, 176, 178, 177, 176, 179,
    178, 178, 175, 175, 177, 177, 179, 178, 177, 178 ]
RHandPositionsY: [ 259, 258, 262, 260, 261, 259, 260, 259, 259, 259, 258,
    260, 260, 259, 260, 259, 258, 259, 261, 262, 262, 259, 262, 260, 260,
    260, 261, 258, 260, 259, 259, 258, 258, 261, 261, 258, 262, 260, 259,
    260, 260, 259, 261, 260, 262, 261, 260, 260, 259, 261, 258, 260, 260,
    259, 258, 258, 261, 259, 258, 262, 260, 260, 262, 260, 259, 258, 260,
    258, 260, 258, 260, 262, 262, 261, 260, 262, 261, 262, 262, 262, 258,
    258, 260, 258, 259, 261, 259, 260, 259, 259, 261 ]
