%YAML:1.0
---
videoName: "LHShake08.mp4"
gestureLabel: 2
fps: 29
pixelSizeInCmTemp: 3.4710144927536229e-01
faceCenterPointX: 261
faceCenterPointY: 69
LHandPositionsX: [ 341, 341, 343, 344, 353, 345, 353, 363, 370, 372, 375,
    371, 378, 368, 358, 346, 341, 343, 340, 342, 347, 356, 367, 367, 361,
    360, 359, 354, 342, 340, 340, 338, 342, 351, 356, 367, 366, 365, 365,
    363, 351, 343, 336, 339, 336, 339, 343, 349, 359, 356, 358, 357, 356,
    352, 347, 342, 341, 343, 343, 347, 355, 362, 370, 372, 371, 369, 365,
    356, 353, 346, 341, 333, 333, 329, 334, 333, 338, 334, 334, 335, 337,
    339, 336, 336, 335, 335, 336, 335 ]
LHandPositionsY: [ 266, 265, 263, 255, 251, 238, 221, 201, 188, 176, 163,
    156, 142, 142, 144, 148, 150, 149, 149, 152, 150, 143, 140, 139, 139,
    136, 143, 145, 149, 155, 154, 151, 153, 153, 149, 150, 147, 147, 146,
    148, 151, 153, 160, 162, 159, 163, 158, 160, 155, 157, 153, 152, 156,
    154, 159, 161, 158, 163, 160, 156, 155, 150, 148, 147, 148, 146, 150,
    156, 161, 167, 175, 185, 198, 207, 219, 234, 243, 243, 248, 251, 252,
    253, 255, 257, 255, 255, 257, 258 ]
RHandPositionsX: [ 176, 175, 173, 175, 173, 173, 174, 172, 172, 172, 172,
    174, 175, 176, 176, 175, 175, 172, 172, 174, 176, 173, 172, 173, 173,
    172, 175, 175, 172, 176, 175, 176, 173, 177, 175, 176, 173, 177, 175,
    177, 174, 174, 176, 176, 175, 178, 176, 178, 174, 176, 176, 177, 178,
    176, 174, 175, 176, 178, 176, 175, 176, 176, 176, 177, 177, 175, 174,
    175, 177, 175, 175, 177, 177, 177, 174, 174, 176, 174, 175, 178, 175,
    175, 174, 177, 178, 178, 176, 176 ]
RHandPositionsY: [ 276, 273, 276, 274, 273, 277, 273, 276, 276, 275, 275,
    276, 277, 274, 276, 274, 274, 273, 275, 274, 274, 273, 274, 277, 275,
    273, 277, 276, 277, 274, 274, 275, 274, 274, 275, 274, 276, 276, 275,
    273, 274, 276, 277, 277, 276, 274, 275, 273, 277, 276, 276, 276, 276,
    275, 273, 276, 276, 273, 277, 277, 276, 277, 277, 273, 273, 275, 276,
    273, 274, 275, 277, 274, 275, 277, 276, 275, 273, 273, 274, 276, 274,
    276, 273, 275, 275, 274, 275, 273 ]
