%YAML:1.0
---
videoName: "LHShake13.mp4"
gestureLabel: 2
fps: 29
pixelSizeInCmTemp: 3.4214285714285714e-01
faceCenterPointX: 257
faceCenterPointY: 76
LHandPositionsX: [ 326, 324, 325, 324, 324, 326, 327, 327, 326, 326, 330,
    336, 341, 352, 363, 374, 382, 386, 388, 388, 383, 377, 365, 349, 343,
    346, 340, 345, 351, 360, 372, 371, 366, 361, 357, 345, 341, 340, 340,
    350, 360, 366, 368, 367, 360, 351, 341, 347, 345, 350, 355, 367, 363,
    362, 363, 355, 347, 348, 345, 345, 348, 358, 366, 371, 367, 361, 359,
    356, 345, 342, 334, 328, 327, 326, 326, 327, 327, 326, 328, 327, 324,
    324, 326, 326, 324, 327, 327, 327 ]
LHandPositionsY: [ 259, 263, 261, 259, 261, 259, 263, 260, 262, 260, 257,
    249, 237, 227, 211, 196, 183, 174, 165, 158, 151, 151, 155, 152, 159,
    158, 159, 158, 155, 144, 142, 141, 143, 148, 149, 155, 157, 157, 157,
    156, 155, 154, 152, 157, 159, 157, 161, 163, 160, 161, 157, 157, 155,
    158, 158, 160, 162, 166, 161, 160, 160, 157, 158, 151, 152, 147, 145,
    149, 154, 164, 168, 179, 194, 205, 222, 233, 247, 244, 244, 246, 246,
    246, 247, 248, 246, 249, 249, 247 ]
RHandPositionsX: [ 185, 181, 185, 181, 183, 184, 185, 182, 182, 181, 182,
    181, 185, 185, 183, 183, 181, 181, 181, 183, 184, 184, 182, 182, 183,
    185, 184, 181, 182, 181, 184, 182, 185, 182, 184, 182, 184, 183, 183,
    183, 181, 181, 183, 185, 181, 183, 182, 185, 183, 185, 182, 183, 183,
    185, 181, 183, 181, 182, 184, 185, 185, 181, 185, 182, 183, 181, 183,
    181, 185, 184, 184, 181, 185, 184, 181, 183, 182, 185, 183, 182, 184,
    181, 181, 185, 182, 183, 185, 185 ]
RHandPositionsY: [ 269, 269, 270, 268, 267, 267, 267, 271, 267, 271, 271,
    268, 270, 270, 270, 270, 270, 267, 267, 268, 267, 268, 270, 268, 271,
    270, 271, 270, 267, 269, 267, 268, 269, 271, 271, 271, 267, 269, 271,
    271, 267, 268, 269, 269, 268, 270, 268, 269, 269, 268, 268, 269, 270,
    267, 267, 270, 268, 270, 268, 269, 267, 268, 267, 270, 271, 269, 270,
    267, 270, 270, 269, 271, 267, 271, 271, 268, 271, 267, 269, 271, 268,
    268, 271, 270, 271, 267, 270, 268 ]
