%YAML:1.0
---
videoName: "LHShake18.mp4"
gestureLabel: 2
fps: 29
pixelSizeInCmTemp: 3.4214285714285714e-01
faceCenterPointX: 253
faceCenterPointY: 65
LHandPositionsX: [ 313, 314, 314, 315, 313, 315, 315, 311, 313, 312, 313,
    313, 313, 315, 313, 314, 313, 316, 321, 326, 330, 339, 344, 347, 352,
    348, 339, 324, 316, 299, 300, 304, 306, 311, 309, 311, 310, 307, 298,
    291, 291, 300, 305, 314, 309, 312, 305, 296, 288, 284, 285, 296, 308,
    312, 313, 313, 304, 295, 288, 289, 294, 301, 306, 306, 308, 309, 305,
    293, 294, 299, 306, 306, 310, 310, 315, 313, 306, 308, 303, 307, 306,
    306, 305, 310, 308, 307, 309, 310 ]
LHandPositionsY: [ 250, 246, 246, 250, 246, 249, 247, 249, 249, 246, 250,
    247, 248, 249, 246, 247, 247, 250, 244, 236, 220, 201, 191, 176, 166,
    159, 154, 145, 148, 138, 136, 141, 142, 144, 138, 143, 141, 148, 143,
    137, 133, 145, 148, 144, 145, 146, 150, 148, 142, 142, 142, 146, 150,
    149, 149, 151, 149, 142, 146, 141, 149, 153, 152, 150, 154, 157, 159,
    147, 149, 152, 155, 152, 154, 153, 160, 166, 174, 188, 199, 205, 217,
    219, 220, 234, 233, 232, 232, 234 ]
RHandPositionsX: [ 199, 198, 196, 194, 195, 196, 199, 199, 197, 196, 195,
    196, 195, 196, 195, 197, 195, 196, 198, 196, 197, 198, 198, 198, 195,
    198, 197, 196, 196, 195, 198, 198, 198, 199, 196, 198, 199, 197, 196,
    197, 198, 196, 195, 195, 197, 198, 196, 196, 200, 196, 195, 197, 198,
    198, 199, 196, 197, 198, 196, 197, 196, 199, 198, 196, 199, 198, 195,
    199, 195, 196, 198, 195, 198, 198, 196, 197, 194, 196, 195, 197, 195,
    196, 196, 195, 198, 196, 197, 197 ]
RHandPositionsY: [ 265, 264, 263, 266, 263, 263, 266, 264, 263, 267, 264,
    266, 263, 265, 264, 267, 264, 266, 265, 263, 263, 263, 264, 263, 263,
    266, 263, 265, 263, 262, 262, 264, 264, 266, 265, 266, 263, 265, 267,
    267, 267, 268, 267, 267, 264, 265, 265, 267, 268, 268, 265, 266, 268,
    267, 264, 265, 265, 266, 268, 265, 266, 266, 266, 268, 267, 264, 268,
    265, 264, 264, 266, 267, 267, 266, 266, 268, 267, 265, 265, 267, 266,
    265, 264, 267, 265, 267, 267, 266 ]
