%YAML:1.0
---
videoName: "LHShake17.mp4"
gestureLabel: 2
fps: 30
pixelSizeInCmTemp: 3.3732394366197183e-01
faceCenterPointX: 248
faceCenterPointY: 64
LHandPositionsX: [ 325, 325, 321, 325, 321, 326, 327, 327, 329, 335, 344,
    354, 365, 375, 386, 397, 405, 408, 402, 389, 374, 359, 354, 352, 351,
    359, 372, 382, 379, 381, 377, 364, 352, 345, 347, 346, 358, 364, 369,
    366, 367, 364, 357, 353, 351, 354, 365, 370, 378, 372, 372, 368, 364,
    353, 347, 349, 347, 352, 362, 363, 363, 370, 366, 357, 347, 341, 340,
    339, 337, 333, 333, 332, 333, 333, 328, 329, 327, 329, 329, 325, 327,
    328, 327, 325, 323, 326, 327, 327, 326, 326, 325 ]
LHandPositionsY: [ 248, 250, 251, 249, 249, 250, 247, 247, 247, 232, 218,
    200, 185, 174, 159, 145, 129, 122, 115, 113, 123, 128, 134, 135, 137,
    136, 123, 117, 118, 118, 116, 128, 137, 139, 141, 140, 125, 117, 119,
    119, 117, 117, 126, 133, 131, 136, 122, 117, 121, 123, 119, 119, 131,
    138, 142, 139, 141, 128, 125, 125, 125, 123, 120, 131, 136, 144, 154,
    164, 173, 181, 196, 207, 221, 221, 222, 229, 234, 236, 235, 236, 236,
    236, 236, 237, 236, 236, 236, 238, 239, 235, 237 ]
RHandPositionsX: [ 179, 176, 179, 180, 176, 177, 180, 180, 180, 177, 176,
    178, 176, 180, 178, 180, 178, 179, 179, 180, 179, 179, 179, 180, 176,
    180, 180, 179, 178, 179, 179, 178, 175, 178, 178, 178, 177, 178, 177,
    177, 177, 175, 175, 177, 178, 176, 178, 175, 178, 178, 174, 176, 177,
    174, 175, 176, 174, 177, 177, 174, 174, 177, 178, 178, 176, 175, 177,
    174, 177, 176, 174, 177, 178, 176, 176, 176, 176, 176, 174, 175, 178,
    178, 178, 175, 176, 178, 178, 178, 175, 178, 178 ]
RHandPositionsY: [ 258, 256, 259, 259, 258, 259, 260, 256, 257, 259, 259,
    259, 258, 256, 259, 258, 258, 258, 259, 258, 259, 256, 257, 258, 257,
    257, 260, 260, 260, 256, 258, 258, 259, 258, 258, 260, 258, 260, 257,
    259, 259, 256, 257, 258, 259, 258, 258, 259, 257, 258, 258, 259, 259,
    257, 258, 259, 258, 257, 259, 256, 256, 258, 259, 259, 260, 259, 260,
    257, 258, 256, 258, 259, 257, 259, 256, 260, 259, 257, 258, 258, 260,
    260, 258, 257, 260, 257, 256, 256, 256, 256, 258 ]
