%YAML:1.0
---
videoName: "LHShake06.mp4"
gestureLabel: 2
fps: 29
pixelSizeInCmTemp: 3.3732394366197183e-01
faceCenterPointX: 250
faceCenterPointY: 80
LHandPositionsX: [ 380, 384, 386, 387, 385, 378, 375, 370, 371, 372, 376,
    384, 388, 393, 397, 394, 393, 386, 379, 375, 375, 377, 384, 391, 393,
    391, 391, 388, 386, 381, 378, 378, 383, 389, 388, 390, 389, 384, 382,
    381, 380, 383, 387, 387, 393, 389, 388, 385, 381, 380, 379, 382, 384,
    394, 398, 401, 399, 396, 391, 387, 379, 370, 361, 360, 352, 346, 336,
    329, 317, 314, 306, 305, 304, 305, 305, 300, 299, 299, 301, 298, 301,
    302, 298, 298, 300, 299, 298, 299 ]
LHandPositionsY: [ 150, 145, 146, 138, 140, 138, 139, 137, 139, 135, 132,
    131, 130, 128, 126, 126, 129, 133, 132, 132, 136, 131, 133, 131, 129,
    128, 128, 125, 129, 127, 130, 130, 126, 124, 126, 126, 124, 128, 127,
    127, 126, 129, 128, 123, 122, 124, 127, 128, 125, 127, 124, 127, 125,
    124, 120, 124, 124, 122, 127, 126, 132, 140, 144, 151, 163, 175, 189,
    207, 212, 223, 231, 236, 238, 241, 245, 245, 250, 252, 249, 253, 251,
    253, 252, 252, 256, 255, 257, 255 ]
RHandPositionsX: [ 212, 211, 211, 211, 210, 212, 211, 211, 213, 209, 211,
    213, 212, 210, 211, 212, 213, 213, 213, 212, 213, 209, 211, 213, 209,
    209, 211, 209, 210, 212, 212, 208, 210, 210, 212, 211, 211, 212, 208,
    210, 211, 209, 208, 212, 208, 211, 211, 210, 210, 210, 209, 211, 211,
    209, 207, 208, 210, 207, 209, 207, 210, 209, 208, 208, 207, 210, 207,
    208, 207, 210, 211, 208, 210, 211, 210, 208, 212, 208, 211, 211, 212,
    211, 212, 210, 213, 211, 210, 212 ]
RHandPositionsY: [ 272, 270, 269, 269, 267, 268, 270, 268, 269, 267, 268,
    266, 268, 268, 266, 270, 268, 268, 268, 266, 266, 269, 268, 268, 266,
    267, 268, 267, 266, 267, 268, 269, 269, 266, 269, 265, 268, 269, 266,
    266, 265, 268, 265, 265, 268, 270, 270, 267, 265, 267, 265, 269, 266,
    269, 269, 266, 265, 267, 265, 265, 265, 266, 268, 268, 265, 267, 266,
    268, 269, 268, 266, 268, 265, 265, 267, 269, 266, 269, 265, 266, 265,
    269, 266, 266, 269, 269, 267, 268 ]
