%YAML:1.0
---
videoName: "LHShake13.mp4"
gestureLabel: 2
fps: 29
pixelSizeInCmTemp: 3.4214285714285714e-01
faceCenterPointX: 257
faceCenterPointY: 76
LHandPositionsX: [ 323, 323, 327, 323, 323, 325, 323, 325, 326, 325, 331,
    336, 345, 351, 361, 371, 382, 385, 388, 388, 386, 374, 362, 353, 340,
    346, 339, 344, 348, 357, 374, 369, 363, 365, 354, 345, 339, 340, 343,
    352, 358, 369, 368, 364, 357, 349, 345, 348, 346, 347, 358, 364, 364,
    365, 360, 357, 347, 346, 344, 342, 350, 356, 363, 368, 365, 361, 359,
    353, 347, 340, 332, 326, 326, 325, 326, 327, 326, 329, 328, 327, 328,
    325, 324, 325, 327, 325, 324, 325 ]
LHandPositionsY: [ 259, 262, 260, 259, 259, 261, 259, 259, 259, 259, 254,
    246, 238, 228, 213, 198, 185, 176, 163, 157, 151, 152, 152, 156, 156,
    155, 156, 158, 153, 146, 142, 140, 141, 144, 148, 155, 158, 160, 155,
    158, 152, 152, 155, 157, 156, 161, 163, 163, 161, 161, 157, 156, 159,
    155, 159, 159, 165, 164, 163, 163, 162, 159, 156, 151, 148, 148, 145,
    149, 157, 161, 167, 179, 194, 206, 222, 236, 246, 247, 246, 247, 245,
    249, 246, 248, 249, 247, 250, 246 ]
RHandPositionsX: [ 185, 184, 182, 184, 182, 183, 182, 185, 181, 181, 185,
    182, 185, 182, 181, 184, 183, 182, 183, 184, 185, 185, 185, 185, 182,
    184, 181, 182, 183, 183, 182, 184, 182, 185, 181, 183, 185, 183, 181,
    181, 182, 183, 181, 181, 182, 181, 181, 182, 181, 183, 183, 185, 183,
    182, 183, 183, 183, 184, 182, 183, 183, 185, 184, 182, 183, 183, 185,
    185, 184, 181, 184, 182, 184, 182, 182, 182, 182, 185, 181, 183, 184,
    181, 183, 181, 185, 185, 183, 181 ]
RHandPositionsY: [ 268, 270, 268, 268, 269, 268, 267, 268, 269, 268, 270,
    268, 267, 270, 269, 269, 267, 269, 271, 270, 268, 271, 271, 269, 270,
    270, 270, 268, 270, 270, 269, 270, 271, 269, 271, 269, 267, 267, 268,
    270, 271, 268, 267, 268, 271, 271, 269, 269, 271, 269, 268, 267, 271,
    268, 268, 267, 267, 267, 268, 269, 268, 269, 271, 271, 268, 270, 268,
    268, 268, 269, 271, 270, 269, 271, 269, 270, 271, 270, 271, 271, 269,
    269, 270, 269, 269, 271, 270, 270 ]
