%YAML:1.0
---
videoName: "LHShake18.mp4"
gestureLabel: 2
fps: 29
pixelSizeInCmTemp: 3.4214285714285714e-01
faceCenterPointX: 253
faceCenterPointY: 65
LHandPositionsX: [ 312, 314, 315, 312, 312, 311, 312, 312, 315, 311, 315,
    314, 314, 315, 313, 315, 315, 316, 321, 325, 331, 340, 346, 349, 349,
    350, 339, 327, 317, 297, 302, 304, 309, 311, 311, 313, 312, 307, 296,
    291, 294, 298, 305, 314, 312, 309, 306, 296, 289, 283, 286, 297, 304,
    312, 310, 310, 304, 291, 284, 286, 295, 299, 307, 308, 312, 307, 303,
    292, 295, 301, 302, 306, 307, 309, 314, 309, 307, 304, 304, 306, 306,
    305, 308, 307, 309, 311, 308, 308 ]
LHandPositionsY: [ 249, 247, 247, 247, 248, 246, 247, 246, 247, 250, 247,
    250, 246, 249, 246, 247, 245, 249, 243, 234, 218, 203, 188, 175, 168,
    161, 153, 146, 148, 137, 137, 144, 142, 144, 138, 140, 142, 146, 146,
    139, 137, 141, 146, 145, 145, 148, 151, 147, 143, 141, 142, 148, 149,
    147, 146, 151, 151, 141, 145, 145, 149, 153, 154, 150, 151, 156, 157,
    147, 145, 152, 155, 151, 152, 157, 162, 165, 175, 186, 198, 207, 215,
    217, 220, 233, 234, 231, 230, 235 ]
RHandPositionsX: [ 198, 195, 198, 194, 197, 198, 197, 197, 196, 199, 196,
    196, 197, 195, 195, 197, 197, 199, 198, 196, 197, 196, 196, 195, 199,
    197, 197, 197, 198, 194, 194, 196, 196, 197, 197, 198, 198, 196, 199,
    196, 196, 199, 196, 198, 196, 195, 196, 200, 196, 196, 199, 196, 199,
    197, 196, 197, 198, 200, 197, 196, 197, 197, 198, 196, 199, 194, 198,
    196, 198, 197, 194, 194, 195, 195, 195, 195, 197, 196, 194, 196, 198,
    194, 198, 197, 194, 195, 195, 194 ]
RHandPositionsY: [ 262, 265, 262, 265, 263, 266, 265, 263, 264, 266, 267,
    265, 266, 263, 263, 267, 266, 263, 265, 263, 267, 266, 263, 263, 263,
    263, 267, 264, 263, 266, 266, 262, 267, 267, 265, 267, 264, 268, 265,
    268, 266, 265, 264, 265, 266, 268, 267, 264, 267, 268, 267, 267, 268,
    266, 265, 267, 266, 265, 266, 267, 268, 265, 267, 265, 266, 264, 265,
    267, 267, 266, 264, 268, 265, 264, 268, 268, 265, 268, 267, 265, 265,
    267, 265, 268, 264, 266, 267, 264 ]
