%YAML:1.0
---
videoName: "LHShake04.mp4"
gestureLabel: 2
fps: 30
pixelSizeInCmTemp: 3.2808219178082193e-01
faceCenterPointX: 247
faceCenterPointY: 80
LHandPositionsX: [ 281, 281, 282, 280, 280, 279, 281, 283, 282, 281, 282,
    280, 281, 281, 283, 283, 287, 297, 310, 322, 333, 345, 361, 367, 374,
    366, 362, 356, 348, 345, 339, 334, 334, 342, 346, 362, 367, 368, 357,
    344, 341, 343, 341, 343, 349, 356, 355, 353, 351, 346, 343, 346, 345,
    347, 354, 356, 356, 350, 346, 349, 344, 349, 353, 358, 361, 367, 365,
    359, 354, 343, 336, 324, 313, 303, 298, 293, 291, 287, 289, 288, 289,
    289, 289, 289, 290, 290, 287, 286, 288, 288, 287 ]
LHandPositionsY: [ 271, 268, 269, 270, 269, 269, 269, 268, 269, 271, 270,
    272, 273, 272, 268, 267, 262, 254, 241, 228, 219, 203, 187, 175, 160,
    161, 156, 152, 135, 130, 133, 129, 128, 121, 116, 111, 108, 107, 113,
    120, 131, 127, 121, 129, 119, 119, 116, 114, 117, 118, 122, 120, 119,
    116, 114, 114, 109, 109, 116, 116, 115, 113, 108, 105, 105, 105, 105,
    111, 126, 145, 155, 174, 188, 198, 211, 226, 235, 245, 242, 244, 248,
    250, 246, 248, 249, 249, 250, 252, 250, 251, 254 ]
RHandPositionsX: [ 214, 218, 218, 216, 218, 216, 218, 217, 214, 218, 217,
    215, 217, 218, 214, 214, 218, 214, 218, 215, 218, 217, 216, 216, 214,
    216, 218, 218, 217, 215, 214, 214, 218, 216, 218, 216, 218, 217, 218,
    218, 214, 216, 218, 214, 218, 216, 218, 215, 217, 218, 214, 214, 216,
    218, 215, 215, 214, 217, 218, 218, 216, 216, 217, 214, 217, 218, 217,
    216, 216, 218, 214, 214, 216, 218, 217, 216, 216, 217, 217, 214, 217,
    217, 217, 214, 215, 214, 217, 215, 218, 215, 217 ]
RHandPositionsY: [ 269, 268, 268, 270, 270, 269, 266, 269, 269, 268, 266,
    268, 269, 269, 265, 267, 265, 264, 265, 267, 266, 263, 266, 264, 263,
    264, 266, 263, 267, 267, 267, 267, 264, 262, 265, 262, 265, 266, 264,
    265, 263, 262, 264, 264, 264, 266, 263, 263, 264, 265, 263, 262, 262,
    265, 262, 265, 262, 265, 263, 262, 265, 264, 263, 261, 261, 263, 265,
    263, 263, 261, 261, 263, 262, 262, 265, 262, 264, 263, 261, 263, 264,
    263, 262, 261, 262, 263, 261, 264, 262, 263, 261 ]
