%YAML:1.0
---
videoName: "LHShake13.mp4"
gestureLabel: 2
fps: 29
pixelSizeInCmTemp: 3.4214285714285714e-01
faceCenterPointX: 257
faceCenterPointY: 76
LHandPositionsX: [ 324, 327, 324, 327, 325, 327, 327, 327, 326, 325, 330,
    334, 344, 350, 359, 370, 381, 386, 388, 389, 383, 374, 366, 352, 341,
    347, 339, 345, 350, 358, 372, 369, 367, 361, 358, 346, 342, 339, 342,
    348, 361, 370, 368, 367, 357, 351, 342, 348, 344, 350, 354, 366, 367,
    363, 360, 354, 347, 347, 345, 343, 348, 356, 363, 371, 365, 361, 358,
    356, 348, 340, 333, 328, 324, 324, 323, 325, 326, 327, 325, 324, 327,
    326, 326, 327, 326, 327, 327, 324 ]
LHandPositionsY: [ 261, 261, 260, 260, 260, 259, 259, 263, 259, 260, 257,
    247, 235, 227, 211, 196, 186, 172, 164, 155, 152, 149, 152, 153, 159,
    158, 156, 157, 153, 147, 143, 143, 143, 145, 150, 153, 158, 159, 159,
    155, 154, 153, 155, 154, 160, 160, 165, 163, 163, 159, 159, 155, 159,
    157, 156, 159, 164, 165, 164, 162, 159, 159, 155, 151, 149, 148, 146,
    149, 157, 161, 170, 182, 190, 208, 221, 233, 243, 245, 245, 243, 245,
    249, 247, 249, 246, 249, 246, 247 ]
RHandPositionsX: [ 185, 185, 182, 185, 184, 185, 184, 183, 182, 182, 185,
    181, 182, 183, 184, 182, 182, 184, 183, 185, 183, 182, 183, 185, 185,
    185, 185, 185, 185, 183, 185, 183, 182, 185, 181, 181, 181, 185, 181,
    184, 181, 182, 181, 183, 184, 181, 183, 181, 185, 185, 183, 182, 181,
    183, 185, 185, 184, 182, 182, 181, 181, 181, 181, 184, 185, 181, 183,
    181, 181, 184, 185, 184, 184, 183, 182, 183, 184, 184, 181, 183, 185,
    182, 183, 183, 184, 184, 184, 182 ]
RHandPositionsY: [ 270, 269, 268, 268, 270, 271, 271, 271, 271, 269, 267,
    268, 269, 269, 270, 267, 271, 267, 267, 269, 271, 271, 271, 270, 268,
    271, 269, 267, 267, 267, 268, 270, 271, 270, 270, 269, 269, 269, 267,
    270, 267, 268, 268, 268, 269, 268, 269, 271, 268, 269, 270, 267, 268,
    270, 270, 270, 270, 270, 267, 267, 270, 269, 267, 271, 269, 267, 271,
    267, 268, 268, 267, 270, 268, 269, 267, 271, 269, 268, 271, 268, 269,
    270, 270, 267, 269, 270, 271, 269 ]
