%YAML:1.0
---
videoName: "LHShake08.mp4"
gestureLabel: 2
fps: 29
pixelSizeInCmTemp: 3.4710144927536229e-01
faceCenterPointX: 261
faceCenterPointY: 69
LHandPositionsX: [ 342, 339, 345, 344, 350, 345, 356, 364, 369, 374, 376,
    375, 376, 367, 359, 349, 339, 339, 339, 345, 350, 360, 370, 367, 363,
    362, 359, 354, 344, 336, 339, 338, 343, 349, 359, 367, 365, 369, 367,
    361, 355, 342, 335, 337, 335, 337, 339, 347, 357, 358, 357, 356, 357,
    349, 344, 345, 344, 343, 341, 349, 356, 362, 374, 371, 368, 369, 366,
    359, 353, 344, 340, 336, 332, 330, 333, 334, 336, 336, 338, 339, 339,
    336, 338, 339, 339, 338, 339, 338 ]
LHandPositionsY: [ 267, 265, 265, 256, 252, 237, 218, 198, 185, 175, 164,
    157, 142, 146, 145, 148, 148, 150, 153, 149, 148, 145, 140, 139, 139,
    140, 142, 146, 147, 154, 154, 154, 154, 153, 148, 150, 147, 150, 148,
    149, 150, 154, 157, 162, 160, 162, 161, 156, 158, 153, 154, 152, 156,
    154, 162, 160, 160, 159, 163, 159, 156, 148, 144, 145, 148, 145, 151,
    153, 158, 168, 176, 183, 197, 209, 223, 232, 244, 246, 250, 252, 254,
    254, 254, 255, 254, 258, 254, 257 ]
RHandPositionsX: [ 173, 174, 173, 172, 174, 175, 173, 172, 176, 173, 175,
    173, 176, 176, 176, 175, 172, 174, 172, 176, 175, 176, 174, 174, 174,
    176, 176, 174, 174, 176, 174, 175, 173, 175, 175, 175, 173, 177, 176,
    174, 175, 177, 173, 177, 178, 176, 175, 175, 174, 174, 175, 174, 176,
    176, 178, 175, 178, 176, 177, 176, 175, 178, 177, 174, 176, 177, 174,
    174, 178, 178, 178, 175, 176, 178, 177, 178, 175, 178, 175, 177, 175,
    174, 177, 178, 174, 178, 178, 176 ]
RHandPositionsY: [ 274, 276, 276, 276, 276, 276, 277, 277, 275, 273, 275,
    275, 274, 273, 276, 276, 277, 273, 276, 273, 276, 274, 276, 274, 276,
    277, 275, 275, 274, 275, 273, 276, 277, 275, 274, 275, 274, 275, 275,
    275, 274, 275, 273, 274, 274, 273, 273, 273, 276, 274, 275, 273, 276,
    277, 275, 274, 277, 275, 274, 274, 273, 277, 273, 273, 273, 275, 276,
    274, 273, 277, 275, 276, 274, 276, 276, 274, 274, 275, 277, 276, 276,
    273, 277, 273, 275, 277, 276, 275 ]
