%YAML:1.0
---
videoName: "LHShake06.mp4"
gestureLabel: 2
fps: 29
pixelSizeInCmTemp: 3.3732394366197183e-01
faceCenterPointX: 250
faceCenterPointY: 80
LHandPositionsX: [ 382, 383, 387, 384, 385, 381, 375, 371, 368, 369, 376,
    385, 388, 394, 393, 397, 393, 385, 380, 378, 375, 378, 385, 389, 392,
    394, 389, 389, 382, 381, 379, 379, 386, 389, 390, 391, 388, 383, 381,
    381, 379, 380, 384, 390, 390, 389, 387, 384, 380, 377, 378, 382, 384,
    392, 398, 401, 398, 396, 392, 387, 381, 368, 360, 359, 353, 347, 338,
    329, 320, 314, 309, 309, 304, 306, 304, 303, 302, 303, 303, 301, 298,
    300, 300, 300, 299, 300, 301, 300 ]
LHandPositionsY: [ 149, 147, 146, 142, 140, 137, 139, 135, 138, 137, 131,
    128, 128, 126, 127, 128, 132, 133, 134, 135, 134, 132, 131, 129, 130,
    126, 126, 126, 130, 131, 127, 130, 126, 125, 124, 127, 124, 127, 127,
    125, 129, 128, 128, 123, 124, 126, 123, 125, 125, 126, 125, 127, 124,
    123, 123, 121, 123, 126, 124, 125, 130, 139, 146, 153, 159, 172, 193,
    206, 212, 225, 230, 233, 236, 241, 244, 245, 250, 249, 249, 254, 254,
    252, 252, 256, 257, 252, 255, 255 ]
RHandPositionsX: [ 212, 212, 213, 210, 211, 210, 211, 212, 211, 211, 212,
    212, 209, 209, 211, 212, 209, 210, 210, 211, 212, 210, 212, 211, 212,
    211, 211, 209, 211, 211, 209, 211, 211, 209, 212, 211, 209, 212, 210,
    211, 209, 211, 211, 212, 210, 208, 209, 207, 210, 210, 209, 211, 208,
    208, 207, 211, 211, 209, 211, 209, 208, 208, 207, 208, 210, 211, 209,
    207, 209, 211, 212, 211, 210, 209, 212, 211, 209, 209, 210, 209, 208,
    210, 209, 210, 209, 213, 213, 211 ]
RHandPositionsY: [ 268, 269, 269, 270, 271, 267, 270, 267, 268, 267, 269,
    266, 270, 270, 269, 270, 270, 270, 266, 269, 270, 269, 269, 266, 266,
    265, 265, 268, 268, 269, 266, 269, 266, 268, 266, 265, 267, 265, 268,
    268, 266, 268, 268, 268, 266, 270, 270, 266, 269, 268, 266, 268, 268,
    267, 265, 270, 267, 265, 266, 267, 269, 267, 266, 266, 267, 268, 269,
    267, 266, 265, 266, 265, 266, 266, 266, 269, 267, 266, 269, 269, 265,
    265, 267, 269, 267, 269, 265, 266 ]
