%YAML:1.0
---
videoName: "LHShake15.mp4"
gestureLabel: 2
fps: 29
pixelSizeInCmTemp: 3.3263888888888887e-01
faceCenterPointX: 252
faceCenterPointY: 65
LHandPositionsX: [ 327, 327, 331, 327, 328, 329, 331, 330, 330, 330, 334,
    342, 348, 350, 359, 362, 368, 373, 378, 383, 380, 377, 367, 359, 349,
    344, 343, 339, 346, 355, 362, 358, 358, 362, 359, 344, 330, 329, 331,
    333, 347, 351, 357, 350, 352, 352, 350, 334, 327, 327, 330, 342, 352,
    354, 355, 353, 356, 355, 341, 337, 331, 333, 333, 338, 342, 348, 352,
    349, 346, 347, 343, 335, 330, 326, 322, 322, 319, 324, 324, 326, 325,
    326, 327, 324, 327, 325, 327, 328 ]
LHandPositionsY: [ 257, 255, 256, 254, 257, 257, 257, 255, 252, 254, 242,
    231, 216, 201, 184, 170, 155, 137, 120, 118, 116, 107, 102, 104, 104,
    104, 103, 98, 100, 95, 93, 96, 94, 95, 96, 98, 97, 100, 97, 98, 94,
    92, 97, 94, 99, 98, 99, 100, 103, 98, 99, 96, 93, 95, 93, 96, 98,
    100, 103, 99, 101, 100, 99, 96, 98, 101, 101, 99, 100, 103, 108, 122,
    139, 153, 167, 177, 191, 205, 221, 229, 230, 236, 240, 237, 242, 239,
    242, 243 ]
RHandPositionsX: [ 176, 175, 176, 177, 178, 179, 178, 178, 176, 179, 178,
    177, 175, 177, 178, 177, 179, 177, 179, 176, 176, 178, 177, 179, 175,
    177, 177, 179, 179, 176, 175, 178, 178, 179, 179, 179, 175, 176, 175,
    179, 175, 177, 179, 176, 176, 177, 175, 176, 177, 179, 178, 177, 179,
    176, 178, 177, 178, 179, 175, 178, 175, 175, 179, 176, 175, 178, 176,
    178, 176, 178, 178, 178, 176, 175, 179, 176, 176, 176, 175, 176, 175,
    176, 176, 175, 176, 176, 178, 179 ]
RHandPositionsY: [ 260, 260, 258, 257, 260, 258, 261, 259, 258, 257, 259,
    257, 259, 259, 259, 258, 260, 261, 257, 259, 257, 261, 259, 258, 259,
    259, 258, 257, 259, 260, 257, 257, 259, 261, 258, 261, 260, 259, 259,
    259, 258, 261, 259, 259, 259, 258, 259, 261, 261, 260, 261, 259, 259,
    258, 258, 260, 259, 258, 259, 259, 261, 259, 259, 257, 259, 258, 261,
    261, 260, 260, 259, 259, 257, 261, 261, 259, 257, 259, 257, 259, 258,
    257, 258, 259, 259, 259, 259, 261 ]
