%YAML:1.0
---
videoName: "LHShake18.mp4"
gestureLabel: 2
fps: 29
pixelSizeInCmTemp: 3.4214285714285714e-01
faceCenterPointX: 253
faceCenterPointY: 65
LHandPositionsX: [ 311, 311, 314, 315, 314, 313, 312, 314, 311, 311, 313,
    313, 314, 315, 314, 316, 317, 317, 324, 323, 331, 336, 345, 349, 351,
    348, 339, 325, 315, 300, 300, 303, 308, 311, 311, 314, 313, 309, 300,
    290, 295, 302, 305, 315, 312, 313, 305, 299, 289, 285, 286, 298, 307,
    312, 312, 310, 305, 295, 286, 285, 292, 299, 310, 306, 309, 306, 302,
    294, 296, 299, 304, 304, 308, 311, 312, 312, 307, 308, 303, 305, 305,
    306, 307, 306, 310, 307, 308, 311 ]
LHandPositionsY: [ 246, 250, 249, 248, 249, 249, 247, 249, 250, 246, 249,
    249, 246, 247, 247, 249, 247, 249, 245, 236, 220, 201, 190, 176, 165,
    160, 152, 145, 148, 137, 139, 142, 144, 140, 140, 140, 142, 148, 143,
    141, 133, 143, 148, 144, 147, 146, 147, 147, 144, 138, 141, 145, 149,
    147, 148, 149, 150, 144, 146, 144, 149, 152, 151, 153, 152, 157, 160,
    149, 145, 153, 154, 152, 152, 154, 162, 165, 177, 189, 197, 208, 216,
    217, 222, 234, 236, 232, 231, 233 ]
RHandPositionsX: [ 198, 198, 195, 198, 196, 197, 199, 198, 197, 197, 196,
    195, 196, 197, 197, 199, 196, 199, 198, 197, 198, 195, 197, 199, 197,
    198, 198, 198, 197, 198, 194, 194, 199, 199, 196, 198, 195, 197, 200,
    199, 198, 196, 195, 196, 198, 197, 197, 198, 200, 196, 198, 195, 199,
    197, 199, 195, 198, 199, 196, 197, 197, 197, 199, 197, 196, 197, 194,
    198, 197, 197, 194, 194, 194, 196, 198, 195, 197, 195, 198, 196, 196,
    197, 195, 194, 198, 195, 198, 196 ]
RHandPositionsY: [ 266, 264, 262, 264, 264, 264, 264, 266, 263, 265, 264,
    263, 264, 265, 264, 266, 266, 264, 263, 263, 264, 263, 267, 264, 267,
    263, 266, 266, 264, 266, 264, 263, 267, 267, 264, 266, 265, 264, 268,
    266, 267, 267, 267, 265, 267, 264, 265, 266, 265, 268, 265, 267, 267,
    264, 264, 268, 266, 267, 265, 268, 264, 267, 267, 267, 269, 268, 267,
    267, 266, 266, 266, 264, 264, 268, 266, 266, 268, 264, 268, 264, 264,
    264, 267, 268, 267, 265, 265, 266 ]
