%YAML:1.0
---
videoName: "LHShake16.mp4"
gestureLabel: 2
fps: 30
pixelSizeInCmTemp: 3.3732394366197183e-01
faceCenterPointX: 247
faceCenterPointY: 66
LHandPositionsX: [ 325, 324, 324, 325, 327, 338, 343, 355, 363, 375, 381,
    395, 404, 412, 404, 404, 401, 389, 378, 365, 357, 357, 363, 372, 382,
    399, 394, 393, 392, 383, 372, 369, 372, 369, 369, 381, 388, 388, 403,
    396, 384, 375, 367, 365, 364, 368, 373, 383, 400, 406, 398, 385, 370,
    365, 365, 364, 363, 368, 377, 393, 388, 386, 389, 384, 376, 366, 359,
    349, 346, 336, 336, 330, 330, 329, 328, 330, 331, 329, 328, 328, 329,
    327, 328, 325, 326, 328, 328, 325, 327, 325, 326 ]
LHandPositionsY: [ 253, 256, 251, 250, 249, 246, 234, 222, 211, 195, 181,
    166, 154, 149, 142, 135, 121, 116, 117, 111, 120, 117, 127, 115, 114,
    116, 116, 119, 119, 117, 123, 132, 131, 132, 126, 121, 121, 119, 122,
    119, 119, 127, 132, 130, 135, 134, 132, 125, 123, 122, 123, 129, 138,
    142, 144, 145, 148, 142, 136, 128, 130, 128, 127, 130, 142, 149, 158,
    168, 182, 195, 206, 214, 227, 227, 229, 232, 235, 236, 238, 241, 241,
    242, 240, 243, 244, 244, 242, 241, 241, 245, 245 ]
RHandPositionsX: [ 179, 178, 175, 179, 177, 176, 178, 175, 175, 178, 179,
    175, 175, 175, 178, 176, 177, 178, 177, 178, 179, 177, 179, 178, 175,
    177, 179, 175, 176, 175, 178, 176, 177, 179, 176, 175, 179, 176, 175,
    178, 177, 177, 179, 175, 179, 178, 175, 179, 178, 179, 176, 178, 175,
    176, 179, 177, 178, 176, 176, 175, 178, 179, 178, 176, 176, 178, 177,
    175, 176, 176, 179, 179, 177, 177, 175, 175, 177, 175, 179, 175, 178,
    176, 177, 178, 176, 176, 176, 175, 178, 175, 175 ]
RHandPositionsY: [ 262, 258, 260, 258, 259, 261, 261, 260, 261, 260, 262,
    262, 262, 260, 260, 260, 261, 261, 261, 262, 260, 260, 258, 262, 259,
    261, 262, 262, 262, 262, 260, 262, 261, 259, 262, 262, 260, 260, 261,
    259, 259, 261, 262, 258, 260, 262, 261, 260, 259, 259, 259, 259, 260,
    262, 261, 260, 259, 261, 262, 258, 260, 258, 260, 262, 259, 258, 262,
    259, 262, 261, 262, 260, 262, 259, 261, 258, 260, 258, 258, 261, 259,
    260, 260, 261, 260, 258, 262, 259, 261, 261, 258 ]
