%YAML:1.0
---
videoName: "LHShake18.mp4"
gestureLabel: 2
fps: 29
pixelSizeInCmTemp: 3.4214285714285714e-01
faceCenterPointX: 253
faceCenterPointY: 65
LHandPositionsX: [ 312, 311, 312, 311, 312, 314, 315, 313, 314, 315, 314,
    315, 315, 314, 315, 316, 317, 317, 325, 326, 333, 338, 342, 350, 350,
    348, 337, 325, 317, 296, 300, 304, 305, 315, 311, 315, 311, 309, 297,
    291, 293, 301, 306, 313, 313, 310, 306, 299, 287, 287, 288, 296, 305,
    316, 310, 309, 304, 291, 285, 286, 294, 302, 310, 306, 308, 308, 302,
    293, 295, 299, 306, 308, 306, 309, 314, 313, 308, 304, 307, 305, 304,
    307, 305, 306, 307, 307, 307, 307 ]
LHandPositionsY: [ 246, 249, 247, 248, 246, 249, 247, 250, 249, 249, 249,
    246, 248, 250, 247, 247, 248, 250, 243, 236, 220, 200, 188, 179, 167,
    161, 153, 147, 146, 140, 137, 142, 141, 144, 142, 140, 142, 145, 146,
    139, 135, 144, 148, 147, 147, 147, 147, 146, 144, 138, 142, 146, 146,
    146, 149, 148, 149, 143, 142, 143, 149, 153, 151, 150, 151, 154, 157,
    146, 147, 150, 155, 154, 154, 154, 160, 167, 177, 185, 197, 205, 213,
    217, 221, 230, 234, 232, 233, 235 ]
RHandPositionsX: [ 196, 198, 195, 197, 198, 198, 197, 197, 195, 199, 199,
    195, 196, 195, 197, 198, 197, 197, 199, 198, 195, 198, 195, 197, 198,
    196, 197, 194, 195, 198, 197, 196, 199, 199, 197, 195, 196, 196, 196,
    199, 198, 196, 199, 195, 199, 199, 195, 200, 199, 197, 196, 197, 196,
    198, 198, 196, 200, 198, 200, 198, 196, 199, 196, 199, 199, 198, 194,
    198, 198, 198, 196, 198, 194, 197, 194, 194, 194, 198, 197, 196, 198,
    195, 198, 196, 196, 194, 194, 196 ]
RHandPositionsY: [ 265, 264, 263, 264, 266, 266, 264, 263, 266, 263, 263,
    263, 263, 267, 267, 263, 265, 265, 264, 264, 264, 265, 263, 264, 266,
    266, 267, 263, 263, 263, 264, 262, 267, 265, 267, 265, 264, 268, 268,
    264, 267, 268, 265, 265, 268, 268, 268, 267, 266, 264, 267, 264, 266,
    264, 268, 268, 266, 269, 266, 269, 265, 268, 269, 269, 267, 268, 264,
    266, 267, 267, 265, 264, 267, 264, 268, 265, 264, 267, 264, 268, 268,
    268, 264, 266, 267, 264, 265, 265 ]
