%YAML:1.0
---
videoName: "LHShake21.mp4"
gestureLabel: 2
fps: 29
pixelSizeInCmTemp: 3.4214285714285714e-01
faceCenterPointX: 266
faceCenterPointY: 79
LHandPositionsX: [ 351, 352, 366, 372, 382, 396, 397, 405, 421, 415, 415,
    402, 390, 376, 375, 375, 374, 377, 385, 404, 402, 397, 395, 392, 385,
    373, 370, 370, 373, 372, 375, 390, 391, 386, 387, 384, 373, 369, 367,
    367, 369, 369, 376, 387, 389, 385, 399, 391, 382, 373, 367, 367, 367,
    368, 377, 377, 383, 383, 386, 386, 386, 383, 375, 365, 355, 348, 342,
    340, 338, 334, 336, 333, 333, 334, 334, 333, 332, 330, 330, 330, 334,
    332, 333, 333, 332, 332, 334, 332 ]
LHandPositionsY: [ 271, 263, 243, 225, 209, 191, 183, 171, 153, 153, 140,
    135, 135, 134, 130, 135, 130, 128, 129, 130, 129, 132, 131, 134, 136,
    131, 143, 141, 143, 137, 133, 130, 136, 132, 134, 133, 138, 145, 148,
    144, 148, 142, 139, 138, 136, 140, 138, 140, 141, 151, 151, 152, 154,
    156, 152, 142, 139, 139, 142, 148, 156, 162, 167, 178, 188, 204, 215,
    226, 237, 238, 244, 247, 250, 248, 252, 250, 250, 252, 251, 254, 250,
    250, 252, 253, 250, 254, 251, 253 ]
RHandPositionsX: [ 187, 184, 187, 185, 187, 185, 188, 187, 185, 185, 187,
    185, 184, 188, 186, 185, 187, 184, 185, 186, 188, 186, 185, 188, 187,
    188, 188, 188, 187, 188, 185, 186, 188, 184, 187, 186, 186, 184, 187,
    186, 188, 185, 185, 188, 184, 185, 187, 185, 188, 185, 187, 184, 184,
    188, 187, 184, 187, 185, 186, 185, 184, 188, 188, 186, 185, 187, 188,
    184, 188, 184, 186, 186, 184, 186, 188, 188, 187, 185, 184, 184, 186,
    186, 188, 187, 185, 187, 188, 184 ]
RHandPositionsY: [ 269, 269, 269, 268, 266, 269, 268, 268, 269, 267, 267,
    267, 265, 267, 265, 265, 266, 267, 267, 267, 266, 265, 269, 267, 266,
    267, 268, 266, 267, 265, 267, 268, 269, 268, 266, 268, 266, 268, 267,
    268, 269, 265, 266, 266, 268, 268, 269, 268, 269, 265, 268, 265, 268,
    268, 265, 268, 268, 265, 268, 266, 265, 268, 265, 266, 267, 265, 268,
    265, 266, 265, 269, 266, 267, 269, 267, 266, 268, 265, 268, 268, 266,
    267, 269, 267, 269, 266, 265, 266 ]
