%YAML:1.0
---
videoName: "LHShake01.mp4"
gestureLabel: 2
fps: 29
pixelSizeInCmTemp: 3.4214285714285714e-01
faceCenterPointX: 252
faceCenterPointY: 84
LHandPositionsX: [ 365, 366, 364, 362, 360, 356, 348, 343, 334, 333, 331,
    334, 338, 345, 347, 352, 359, 354, 353, 345, 343, 341, 338, 336, 338,
    339, 342, 347, 351, 350, 350, 350, 344, 339, 338, 333, 333, 334, 338,
    340, 343, 349, 349, 351, 349, 344, 343, 337, 335, 333, 334, 334, 336,
    343, 346, 352, 347, 349, 349, 348, 344, 340, 338, 329, 328, 325, 328,
    332, 332, 326, 333, 332, 336, 339, 343, 344, 347, 346, 345, 349, 347,
    349, 349, 351, 352, 349, 352, 352 ]
LHandPositionsY: [ 146, 138, 131, 126, 125, 120, 118, 117, 120, 120, 119,
    120, 119, 116, 111, 112, 110, 108, 108, 111, 108, 110, 111, 113, 111,
    110, 112, 108, 105, 105, 107, 105, 108, 106, 109, 113, 112, 111, 114,
    109, 111, 106, 108, 105, 103, 106, 106, 108, 110, 108, 110, 109, 109,
    108, 103, 104, 103, 104, 101, 105, 102, 104, 109, 124, 135, 142, 150,
    159, 163, 164, 174, 181, 191, 197, 205, 212, 219, 222, 221, 223, 224,
    227, 226, 227, 231, 230, 228, 231 ]
RHandPositionsX: [ 155, 153, 157, 153, 156, 157, 156, 155, 156, 157, 156,
    154, 157, 153, 153, 154, 155, 153, 156, 156, 153, 156, 155, 157, 153,
    153, 154, 156, 154, 157, 154, 157, 153, 156, 156, 154, 156, 157, 156,
    157, 155, 156, 153, 155, 157, 156, 157, 156, 157, 157, 155, 153, 153,
    156, 154, 155, 154, 156, 155, 153, 155, 157, 153, 153, 153, 153, 154,
    154, 155, 154, 155, 154, 156, 153, 156, 157, 153, 157, 154, 153, 153,
    156, 156, 155, 156, 154, 156, 153 ]
RHandPositionsY: [ 271, 268, 269, 269, 266, 266, 270, 269, 266, 268, 268,
    268, 268, 267, 264, 264, 264, 264, 267, 263, 264, 265, 265, 262, 263,
    262, 262, 263, 262, 265, 263, 262, 264, 262, 261, 260, 262, 262, 261,
    261, 263, 260, 262, 264, 259, 259, 260, 260, 262, 260, 262, 259, 262,
    262, 260, 263, 260, 259, 263, 262, 260, 261, 259, 263, 263, 260, 259,
    263, 262, 263, 263, 263, 260, 262, 260, 262, 263, 262, 259, 261, 261,
    261, 259, 262, 259, 260, 262, 261 ]
