%YAML:1.0
---
videoName: "LHShake16.mp4"
gestureLabel: 2
fps: 30
pixelSizeInCmTemp: 3.3732394366197183e-01
faceCenterPointX: 247
faceCenterPointY: 66
LHandPositionsX: [ 326, 324, 324, 326, 328, 335, 345, 354, 364, 373, 385,
    395, 402, 412, 406, 403, 399, 389, 377, 362, 355, 358, 363, 369, 382,
    399, 395, 394, 388, 386, 376, 371, 372, 370, 369, 378, 388, 390, 400,
    397, 385, 372, 365, 369, 364, 369, 373, 383, 399, 407, 395, 385, 371,
    361, 362, 364, 363, 369, 374, 390, 387, 382, 386, 380, 376, 367, 357,
    347, 345, 337, 333, 333, 333, 330, 332, 329, 330, 329, 328, 327, 328,
    329, 326, 326, 325, 327, 325, 326, 324, 325, 325 ]
LHandPositionsY: [ 252, 254, 252, 251, 251, 245, 233, 222, 207, 197, 179,
    166, 153, 147, 144, 138, 122, 115, 116, 112, 117, 121, 123, 116, 114,
    114, 116, 117, 116, 116, 122, 132, 130, 134, 125, 119, 120, 123, 119,
    119, 117, 127, 135, 131, 137, 136, 130, 127, 124, 125, 124, 128, 137,
    143, 143, 144, 146, 143, 136, 125, 130, 129, 127, 132, 140, 150, 162,
    171, 181, 195, 208, 214, 226, 226, 230, 233, 238, 237, 240, 241, 238,
    239, 242, 244, 244, 245, 243, 242, 242, 245, 244 ]
RHandPositionsX: [ 175, 175, 175, 176, 175, 178, 175, 179, 177, 178, 176,
    177, 179, 179, 177, 179, 176, 176, 179, 179, 175, 176, 175, 175, 178,
    178, 177, 179, 176, 177, 176, 177, 178, 178, 177, 177, 177, 176, 176,
    175, 178, 179, 175, 175, 175, 179, 177, 176, 178, 177, 179, 177, 177,
    179, 177, 175, 175, 175, 179, 178, 175, 176, 178, 177, 176, 175, 176,
    179, 179, 177, 179, 176, 179, 179, 177, 175, 179, 175, 176, 176, 178,
    176, 175, 179, 176, 177, 178, 179, 175, 176, 178 ]
RHandPositionsY: [ 262, 262, 258, 260, 262, 259, 258, 261, 261, 258, 260,
    259, 258, 261, 262, 262, 262, 258, 262, 262, 258, 261, 261, 261, 259,
    259, 259, 259, 261, 260, 260, 262, 262, 259, 262, 260, 262, 260, 262,
    258, 259, 261, 261, 261, 258, 260, 258, 261, 259, 259, 259, 260, 259,
    259, 260, 262, 261, 260, 258, 262, 261, 262, 259, 260, 262, 259, 259,
    261, 259, 261, 262, 258, 262, 261, 258, 260, 260, 260, 260, 262, 260,
    261, 262, 260, 260, 262, 261, 258, 259, 258, 260 ]
