%YAML:1.0
---
videoName: "LHShake24.mp4"
gestureLabel: 2
fps: 30
pixelSizeInCmTemp: 3.4214285714285714e-01
faceCenterPointX: 255
faceCenterPointY: 77
LHandPositionsX: [ 330, 328, 327, 328, 329, 327, 326, 326, 329, 330, 332,
    335, 339, 345, 352, 359, 368, 375, 380, 378, 381, 381, 372, 359, 348,
    339, 343, 343, 344, 351, 360, 369, 377, 377, 378, 376, 370, 355, 344,
    338, 341, 338, 344, 355, 362, 363, 367, 369, 365, 354, 344, 341, 343,
    338, 346, 355, 363, 374, 371, 374, 370, 361, 354, 344, 347, 344, 344,
    352, 358, 368, 367, 370, 368, 360, 352, 343, 337, 333, 326, 328, 322,
    324, 327, 324, 326, 328, 329, 325, 326, 327, 325 ]
LHandPositionsY: [ 260, 261, 260, 263, 261, 264, 260, 261, 261, 260, 259,
    257, 247, 235, 222, 206, 196, 182, 173, 170, 161, 153, 150, 155, 156,
    164, 165, 161, 164, 160, 155, 152, 150, 148, 150, 148, 147, 148, 152,
    154, 154, 155, 154, 151, 148, 152, 149, 148, 151, 156, 158, 165, 160,
    165, 162, 162, 159, 160, 156, 154, 158, 158, 161, 162, 165, 163, 163,
    159, 162, 159, 160, 158, 158, 156, 158, 163, 172, 181, 187, 195, 208,
    218, 228, 231, 236, 240, 241, 246, 246, 249, 248 ]
RHandPositionsX: [ 181, 181, 180, 181, 182, 183, 182, 183, 183, 181, 181,
    181, 182, 183, 181, 179, 180, 181, 182, 179, 182, 180, 179, 183, 181,
    182, 179, 180, 180, 179, 182, 183, 180, 181, 182, 183, 183, 182, 183,
    181, 179, 181, 181, 183, 183, 183, 182, 181, 183, 179, 181, 182, 182,
    179, 179, 181, 182, 180, 181, 180, 179, 179, 180, 181, 183, 182, 181,
    183, 180, 179, 181, 182, 182, 180, 180, 179, 182, 180, 181, 181, 180,
    182, 182, 179, 180, 182, 181, 183, 182, 180, 183 ]
RHandPositionsY: [ 268, 269, 268, 271, 268, 271, 267, 270, 268, 271, 270,
    269, 268, 268, 267, 269, 269, 268, 269, 267, 268, 270, 270, 268, 271,
    271, 268, 268, 268, 267, 268, 269, 268, 270, 267, 270, 269, 271, 270,
    269, 271, 268, 268, 270, 270, 270, 267, 267, 269, 271, 270, 269, 270,
    267, 267, 267, 268, 268, 269, 267, 271, 269, 271, 270, 267, 270, 267,
    268, 269, 269, 269, 269, 269, 268, 270, 269, 271, 269, 270, 268, 271,
    268, 268, 269, 269, 269, 267, 271, 271, 267, 268 ]
