%YAML:1.0
---
videoName: "LHShake07.mp4"
gestureLabel: 2
fps: 29
pixelSizeInCmTemp: 3.3732394366197183e-01
faceCenterPointX: 265
faceCenterPointY: 78
LHandPositionsX: [ 347, 346, 352, 358, 362, 370, 376, 384, 390, 392, 393,
    395, 382, 378, 355, 349, 341, 341, 338, 343, 348, 365, 368, 368, 367,
    365, 362, 341, 340, 346, 344, 345, 354, 355, 368, 368, 365, 360, 362,
    349, 344, 349, 344, 351, 359, 360, 360, 359, 363, 360, 341, 329, 331,
    335, 342, 353, 368, 376, 371, 381, 373, 364, 355, 346, 341, 336, 337,
    333, 335, 340, 341, 342, 343, 341, 341, 342, 344, 344, 340, 343, 344,
    342, 341, 344, 344, 340, 344, 343 ]
LHandPositionsY: [ 278, 275, 273, 266, 257, 246, 234, 219, 203, 191, 178,
    161, 151, 141, 142, 139, 148, 148, 145, 146, 144, 136, 136, 136, 138,
    139, 134, 138, 143, 141, 138, 130, 133, 132, 127, 122, 127, 133, 134,
    135, 143, 143, 147, 142, 137, 138, 139, 136, 128, 129, 135, 148, 143,
    138, 134, 132, 130, 133, 132, 127, 132, 137, 147, 155, 167, 179, 193,
    204, 216, 233, 239, 252, 250, 255, 255, 260, 264, 264, 265, 264, 264,
    266, 267, 265, 269, 266, 267, 269 ]
RHandPositionsX: [ 183, 184, 181, 185, 183, 184, 185, 185, 183, 182, 181,
    183, 183, 181, 184, 181, 182, 182, 184, 182, 183, 184, 182, 182, 185,
    181, 184, 181, 185, 182, 183, 184, 183, 181, 185, 182, 182, 183, 183,
    181, 185, 183, 182, 185, 183, 184, 185, 182, 184, 181, 181, 182, 181,
    182, 185, 181, 182, 182, 182, 182, 182, 185, 183, 184, 182, 182, 181,
    185, 181, 181, 183, 183, 184, 185, 181, 185, 184, 182, 183, 183, 182,
    185, 182, 184, 182, 185, 183, 185 ]
RHandPositionsY: [ 276, 280, 276, 278, 280, 280, 276, 279, 278, 277, 276,
    277, 278, 277, 280, 280, 280, 278, 278, 279, 279, 280, 277, 280, 278,
    276, 276, 278, 278, 277, 277, 277, 277, 277, 278, 276, 279, 278, 278,
    277, 277, 279, 279, 277, 277, 279, 279, 277, 276, 279, 280, 279, 277,
    279, 278, 279, 277, 280, 280, 276, 280, 276, 277, 277, 278, 280, 280,
    280, 277, 280, 276, 277, 280, 280, 276, 278, 280, 276, 278, 277, 278,
    278, 276, 276, 280, 277, 279, 277 ]
