%YAML:1.0
---
videoName: "LHShake17.mp4"
gestureLabel: 2
fps: 30
pixelSizeInCmTemp: 3.3732394366197183e-01
faceCenterPointX: 248
faceCenterPointY: 64
LHandPositionsX: [ 323, 322, 322, 322, 323, 325, 323, 325, 327, 334, 345,
    356, 363, 375, 390, 399, 405, 409, 400, 386, 376, 358, 353, 352, 351,
    356, 369, 382, 379, 382, 377, 365, 351, 344, 347, 348, 355, 367, 370,
    365, 366, 362, 353, 353, 350, 353, 363, 373, 378, 373, 375, 372, 364,
    350, 349, 346, 350, 354, 360, 365, 363, 370, 365, 356, 350, 342, 340,
    338, 337, 334, 333, 334, 333, 331, 331, 327, 329, 325, 325, 328, 328,
    327, 325, 325, 325, 323, 327, 326, 326, 324, 325 ]
LHandPositionsY: [ 247, 249, 251, 249, 251, 247, 247, 247, 246, 231, 216,
    202, 185, 175, 158, 143, 131, 122, 116, 110, 123, 129, 137, 136, 135,
    132, 121, 116, 121, 116, 120, 128, 135, 141, 139, 139, 123, 117, 116,
    121, 118, 113, 125, 136, 134, 136, 122, 120, 123, 122, 120, 122, 131,
    139, 141, 141, 141, 127, 125, 122, 124, 124, 121, 129, 137, 145, 153,
    164, 172, 183, 196, 209, 218, 221, 221, 229, 230, 233, 236, 233, 238,
    237, 236, 239, 235, 236, 238, 238, 239, 239, 238 ]
RHandPositionsX: [ 180, 179, 177, 176, 177, 180, 178, 176, 180, 180, 179,
    177, 178, 180, 176, 180, 176, 176, 176, 180, 176, 180, 178, 180, 178,
    179, 178, 179, 179, 178, 176, 175, 176, 175, 178, 179, 178, 175, 176,
    176, 176, 177, 175, 176, 174, 175, 174, 174, 177, 176, 175, 177, 176,
    175, 176, 176, 175, 175, 174, 175, 175, 174, 174, 178, 174, 175, 178,
    174, 175, 176, 176, 175, 174, 178, 174, 175, 175, 174, 174, 178, 177,
    176, 177, 177, 175, 178, 174, 177, 176, 176, 175 ]
RHandPositionsY: [ 258, 257, 256, 260, 256, 257, 259, 259, 257, 256, 260,
    260, 257, 259, 258, 257, 258, 256, 258, 260, 260, 256, 260, 258, 258,
    257, 260, 260, 257, 259, 258, 260, 257, 258, 259, 257, 258, 257, 256,
    259, 260, 259, 258, 257, 257, 260, 257, 256, 257, 259, 256, 259, 256,
    260, 258, 258, 256, 259, 258, 257, 260, 260, 256, 256, 259, 257, 258,
    256, 257, 256, 259, 260, 257, 258, 256, 258, 258, 260, 256, 260, 259,
    259, 257, 260, 257, 260, 257, 259, 259, 259, 260 ]
