%YAML:1.0
---
videoName: "LHShake11.mp4"
gestureLabel: 2
fps: 29
pixelSizeInCmTemp: 3.3732394366197183e-01
faceCenterPointX: 260
faceCenterPointY: 69
LHandPositionsX: [ 387, 386, 383, 377, 364, 354, 349, 352, 347, 345, 354,
    359, 366, 365, 362, 365, 358, 349, 346, 346, 345, 350, 351, 360, 359,
    358, 362, 352, 352, 346, 346, 344, 351, 351, 352, 353, 353, 353, 345,
    344, 338, 340, 337, 339, 346, 353, 357, 358, 355, 358, 352, 345, 338,
    338, 336, 338, 350, 355, 359, 359, 359, 363, 361, 355, 349, 344, 336,
    332, 329, 328, 329, 330, 331, 335, 333, 334, 333, 331, 333, 333, 335,
    335, 334, 333, 333, 333, 333, 333 ]
LHandPositionsY: [ 175, 160, 152, 143, 142, 147, 149, 148, 147, 134, 130,
    128, 128, 126, 127, 127, 130, 140, 142, 142, 142, 135, 128, 130, 129,
    130, 131, 133, 140, 143, 141, 144, 145, 136, 133, 136, 133, 133, 135,
    142, 146, 147, 143, 141, 144, 133, 134, 133, 131, 129, 137, 142, 145,
    142, 148, 143, 144, 137, 136, 135, 139, 143, 150, 156, 166, 177, 192,
    202, 215, 229, 228, 234, 240, 240, 248, 248, 247, 247, 248, 252, 251,
    251, 251, 252, 251, 251, 250, 250 ]
RHandPositionsX: [ 183, 179, 180, 183, 179, 183, 180, 183, 182, 181, 180,
    181, 181, 180, 182, 183, 183, 182, 179, 180, 181, 180, 181, 181, 182,
    179, 181, 180, 181, 180, 180, 182, 181, 182, 180, 182, 183, 181, 183,
    183, 182, 179, 183, 179, 181, 181, 180, 183, 181, 180, 179, 179, 182,
    181, 182, 183, 182, 182, 182, 183, 180, 181, 179, 179, 181, 183, 182,
    179, 180, 181, 181, 181, 179, 183, 183, 179, 183, 183, 183, 179, 182,
    183, 183, 183, 179, 180, 183, 183 ]
RHandPositionsY: [ 276, 274, 276, 275, 274, 274, 276, 277, 276, 274, 273,
    274, 276, 273, 276, 276, 273, 275, 275, 276, 274, 276, 276, 273, 274,
    273, 274, 275, 277, 276, 276, 273, 277, 274, 277, 273, 277, 277, 273,
    274, 275, 273, 275, 276, 277, 277, 276, 274, 276, 277, 273, 274, 275,
    275, 273, 275, 274, 274, 273, 275, 273, 273, 277, 276, 275, 277, 273,
    274, 274, 275, 275, 275, 276, 273, 273, 277, 273, 275, 277, 274, 275,
    273, 275, 275, 276, 275, 274, 273 ]
