%YAML:1.0
---
videoName: "LHShake10.mp4"
gestureLabel: 2
fps: 29
pixelSizeInCmTemp: 3.4214285714285714e-01
faceCenterPointX: 253
faceCenterPointY: 65
LHandPositionsX: [ 337, 335, 336, 338, 338, 336, 345, 350, 350, 360, 364,
    375, 381, 391, 396, 397, 393, 384, 374, 366, 358, 352, 352, 353, 362,
    368, 382, 393, 391, 390, 389, 384, 377, 365, 355, 359, 359, 364, 367,
    374, 374, 373, 372, 371, 367, 361, 353, 344, 344, 343, 348, 353, 363,
    371, 382, 378, 381, 373, 363, 355, 352, 352, 348, 349, 355, 365, 373,
    382, 379, 380, 375, 371, 368, 364, 354, 350, 342, 342, 341, 338, 335,
    335, 336, 335, 335, 337, 334, 336 ]
LHandPositionsY: [ 268, 272, 268, 271, 271, 269, 268, 263, 253, 240, 225,
    206, 194, 181, 166, 155, 142, 135, 134, 142, 143, 149, 147, 150, 147,
    149, 139, 139, 140, 140, 141, 145, 150, 148, 150, 148, 150, 147, 138,
    134, 135, 136, 135, 135, 133, 133, 136, 144, 141, 146, 145, 143, 139,
    142, 142, 140, 142, 144, 144, 150, 151, 150, 151, 150, 151, 152, 146,
    146, 148, 146, 147, 151, 160, 163, 174, 181, 193, 206, 218, 230, 245,
    253, 251, 256, 256, 256, 259, 261 ]
RHandPositionsX: [ 173, 174, 173, 175, 172, 172, 176, 174, 173, 175, 176,
    174, 176, 175, 173, 172, 172, 175, 172, 174, 174, 174, 174, 172, 173,
    171, 174, 171, 175, 172, 175, 172, 175, 173, 173, 174, 174, 172, 175,
    174, 171, 171, 175, 172, 172, 171, 172, 175, 172, 173, 175, 175, 175,
    173, 174, 173, 173, 175, 175, 172, 174, 172, 171, 173, 174, 174, 175,
    175, 173, 171, 175, 173, 175, 172, 175, 174, 173, 171, 172, 172, 174,
    174, 172, 173, 174, 172, 171, 172 ]
RHandPositionsY: [ 277, 277, 277, 275, 278, 277, 277, 278, 275, 275, 277,
    278, 276, 274, 278, 274, 274, 275, 274, 275, 277, 275, 276, 274, 278,
    275, 275, 278, 276, 278, 276, 277, 278, 277, 276, 276, 277, 278, 274,
    277, 276, 276, 274, 277, 275, 274, 277, 277, 276, 275, 275, 278, 276,
    275, 278, 276, 276, 277, 276, 274, 274, 277, 276, 277, 275, 277, 276,
    278, 275, 277, 274, 277, 276, 274, 277, 277, 275, 274, 274, 278, 277,
    276, 275, 274, 276, 278, 276, 275 ]
