%YAML:1.0
---
videoName: "LHShake10.mp4"
gestureLabel: 2
fps: 29
pixelSizeInCmTemp: 3.4214285714285714e-01
faceCenterPointX: 253
faceCenterPointY: 65
LHandPositionsX: [ 338, 338, 336, 338, 337, 337, 341, 350, 352, 359, 364,
    378, 385, 392, 395, 397, 396, 382, 375, 364, 358, 349, 351, 354, 360,
    370, 383, 392, 392, 391, 389, 384, 374, 362, 359, 356, 360, 366, 368,
    372, 371, 372, 374, 371, 370, 362, 352, 346, 344, 345, 348, 355, 362,
    370, 383, 382, 381, 375, 363, 356, 350, 351, 348, 348, 354, 364, 372,
    381, 379, 378, 379, 373, 365, 364, 357, 347, 344, 340, 337, 335, 335,
    338, 336, 334, 334, 336, 336, 335 ]
LHandPositionsY: [ 270, 270, 269, 268, 269, 268, 266, 261, 249, 240, 223,
    209, 195, 181, 166, 154, 141, 138, 134, 139, 145, 146, 147, 147, 148,
    148, 139, 139, 140, 139, 140, 143, 148, 147, 149, 149, 152, 149, 137,
    133, 133, 133, 133, 134, 129, 131, 136, 143, 144, 145, 143, 146, 137,
    139, 139, 139, 140, 143, 146, 146, 154, 150, 154, 150, 152, 148, 148,
    148, 148, 145, 151, 153, 157, 163, 172, 183, 196, 209, 222, 233, 245,
    254, 253, 254, 255, 256, 259, 257 ]
RHandPositionsX: [ 175, 175, 173, 175, 173, 176, 173, 175, 174, 173, 173,
    173, 176, 176, 176, 172, 171, 173, 174, 171, 172, 172, 172, 174, 173,
    172, 174, 173, 175, 175, 175, 174, 173, 172, 175, 174, 175, 174, 171,
    173, 173, 175, 171, 172, 173, 172, 174, 173, 171, 175, 173, 175, 171,
    171, 174, 171, 175, 172, 173, 174, 175, 175, 175, 172, 172, 175, 175,
    174, 174, 174, 173, 174, 171, 175, 172, 172, 171, 174, 174, 174, 171,
    173, 172, 174, 173, 171, 171, 175 ]
RHandPositionsY: [ 278, 276, 278, 276, 276, 278, 276, 275, 277, 277, 275,
    276, 278, 274, 276, 274, 276, 277, 276, 274, 276, 278, 276, 276, 277,
    277, 278, 276, 278, 275, 278, 277, 274, 275, 274, 277, 278, 278, 275,
    278, 276, 274, 275, 276, 278, 275, 276, 274, 278, 276, 275, 277, 274,
    275, 274, 278, 277, 276, 277, 274, 278, 277, 275, 275, 277, 278, 275,
    277, 274, 278, 276, 278, 278, 278, 274, 278, 276, 276, 278, 276, 275,
    274, 278, 275, 274, 277, 275, 274 ]
