%YAML:1.0
---
videoName: "LHShake24.mp4"
gestureLabel: 2
fps: 30
pixelSizeInCmTemp: 3.4214285714285714e-01
faceCenterPointX: 255
faceCenterPointY: 77
LHandPositionsX: [ 329, 330, 329, 326, 329, 329, 328, 326, 331, 332, 334,
    336, 343, 345, 351, 361, 369, 374, 380, 378, 382, 380, 373, 362, 348,
    340, 342, 341, 341, 347, 359, 369, 380, 377, 375, 375, 368, 355, 343,
    339, 339, 337, 343, 354, 362, 366, 364, 369, 361, 352, 342, 339, 339,
    341, 345, 355, 363, 372, 371, 371, 369, 362, 354, 345, 345, 344, 346,
    350, 358, 366, 368, 367, 365, 359, 348, 340, 338, 335, 327, 325, 325,
    327, 328, 328, 325, 327, 326, 327, 328, 326, 326 ]
LHandPositionsY: [ 261, 260, 264, 262, 261, 264, 260, 263, 260, 262, 257,
    255, 245, 235, 225, 209, 196, 183, 173, 173, 160, 154, 153, 153, 158,
    162, 163, 162, 161, 162, 157, 151, 151, 149, 148, 148, 148, 147, 152,
    153, 156, 153, 154, 151, 152, 149, 151, 149, 153, 154, 160, 163, 161,
    163, 160, 162, 159, 156, 157, 153, 156, 157, 160, 163, 165, 160, 162,
    162, 161, 159, 157, 159, 158, 156, 157, 161, 170, 177, 187, 199, 207,
    218, 231, 232, 236, 240, 242, 246, 249, 246, 246 ]
RHandPositionsX: [ 183, 181, 179, 179, 183, 182, 182, 182, 183, 183, 179,
    183, 182, 180, 183, 179, 179, 183, 180, 179, 183, 179, 181, 181, 182,
    179, 182, 181, 179, 179, 181, 181, 181, 180, 181, 182, 179, 182, 179,
    180, 182, 181, 182, 183, 180, 182, 181, 183, 179, 182, 181, 180, 181,
    181, 179, 180, 183, 183, 182, 181, 183, 182, 183, 180, 179, 182, 181,
    179, 183, 183, 180, 181, 182, 181, 179, 182, 180, 181, 180, 183, 183,
    181, 183, 183, 182, 183, 179, 180, 182, 183, 183 ]
RHandPositionsY: [ 268, 269, 271, 269, 267, 270, 270, 271, 269, 271, 269,
    269, 270, 271, 268, 270, 268, 269, 270, 271, 271, 271, 267, 268, 270,
    268, 268, 267, 267, 269, 269, 268, 269, 271, 267, 268, 271, 270, 268,
    270, 271, 268, 269, 268, 271, 269, 271, 270, 270, 267, 270, 267, 267,
    271, 270, 270, 267, 267, 270, 267, 267, 268, 269, 267, 271, 270, 270,
    270, 268, 267, 268, 270, 268, 268, 267, 268, 268, 270, 268, 267, 267,
    270, 271, 268, 268, 269, 271, 270, 267, 268, 268 ]
