%YAML:1.0
---
videoName: "LHShake00.mp4"
gestureLabel: 2
fps: 29
pixelSizeInCmTemp: 3.4214285714285714e-01
faceCenterPointX: 252
faceCenterPointY: 85
LHandPositionsX: [ 352, 350, 349, 351, 355, 355, 361, 357, 351, 342, 335,
    325, 322, 322, 320, 325, 329, 333, 334, 337, 337, 338, 330, 327, 327,
    326, 328, 331, 333, 340, 336, 340, 340, 331, 322, 324, 322, 325, 331,
    337, 342, 341, 340, 342, 331, 325, 326, 322, 327, 328, 331, 337, 337,
    342, 340, 335, 328, 326, 325, 322, 324, 330, 336, 339, 337, 340, 340,
    339, 334, 335, 331, 330, 327, 328, 329, 331, 328, 331, 333, 337, 340,
    342, 339, 341, 343, 341, 340, 344 ]
LHandPositionsY: [ 257, 250, 245, 229, 212, 189, 171, 150, 138, 134, 134,
    133, 134, 134, 133, 136, 132, 129, 125, 128, 126, 124, 128, 130, 132,
    131, 134, 132, 132, 127, 125, 120, 125, 129, 132, 134, 133, 135, 135,
    129, 129, 122, 121, 122, 125, 131, 134, 130, 133, 132, 130, 128, 125,
    122, 123, 128, 127, 131, 127, 127, 129, 124, 120, 118, 121, 119, 116,
    127, 140, 148, 161, 164, 162, 171, 186, 191, 202, 209, 213, 217, 224,
    227, 226, 232, 236, 235, 234, 233 ]
RHandPositionsX: [ 153, 156, 155, 154, 152, 155, 153, 154, 156, 155, 153,
    156, 154, 152, 154, 154, 153, 153, 152, 156, 156, 153, 152, 156, 152,
    154, 155, 152, 153, 154, 156, 154, 154, 153, 156, 152, 155, 155, 156,
    152, 155, 156, 152, 153, 154, 152, 152, 152, 156, 152, 153, 156, 154,
    156, 156, 152, 156, 154, 153, 153, 153, 154, 152, 154, 155, 156, 156,
    156, 152, 153, 152, 152, 153, 153, 152, 152, 152, 153, 155, 155, 155,
    152, 155, 156, 155, 153, 152, 153 ]
RHandPositionsY: [ 275, 278, 279, 276, 275, 275, 277, 275, 276, 274, 273,
    272, 271, 270, 269, 270, 268, 269, 269, 267, 267, 267, 266, 269, 267,
    267, 268, 267, 264, 266, 263, 264, 266, 262, 262, 262, 264, 261, 261,
    261, 264, 264, 263, 264, 260, 263, 261, 262, 260, 262, 263, 261, 264,
    263, 262, 261, 260, 261, 264, 261, 261, 260, 260, 261, 260, 263, 263,
    264, 263, 264, 261, 264, 261, 264, 263, 260, 263, 261, 260, 260, 261,
    262, 261, 261, 260, 264, 263, 262 ]
