%YAML:1.0
---
videoName: "LHShake23.mp4"
gestureLabel: 2
fps: 30
pixelSizeInCmTemp: 3.3263888888888887e-01
faceCenterPointX: 259
faceCenterPointY: 79
LHandPositionsX: [ 330, 330, 333, 330, 331, 332, 334, 332, 333, 335, 334,
    336, 339, 346, 350, 359, 367, 370, 374, 377, 381, 380, 377, 368, 358,
    351, 355, 353, 357, 364, 372, 381, 385, 382, 384, 380, 373, 362, 360,
    361, 360, 368, 376, 386, 381, 382, 381, 374, 363, 356, 353, 352, 357,
    362, 374, 381, 381, 380, 380, 376, 368, 357, 355, 358, 359, 362, 371,
    378, 376, 378, 377, 375, 371, 365, 354, 351, 348, 346, 341, 341, 336,
    336, 336, 336, 335, 338, 334, 335, 336, 336, 333 ]
LHandPositionsY: [ 262, 263, 263, 264, 266, 266, 266, 264, 261, 260, 259,
    251, 242, 230, 231, 214, 198, 196, 191, 188, 183, 173, 167, 167, 165,
    169, 169, 167, 171, 164, 163, 163, 157, 159, 159, 160, 164, 161, 162,
    162, 165, 162, 163, 159, 161, 159, 161, 160, 159, 162, 163, 167, 169,
    166, 165, 165, 162, 165, 165, 162, 164, 169, 169, 167, 167, 169, 169,
    170, 169, 168, 171, 170, 177, 182, 195, 202, 213, 227, 241, 247, 251,
    252, 252, 251, 251, 253, 255, 256, 253, 253, 255 ]
RHandPositionsX: [ 186, 182, 185, 186, 184, 185, 185, 184, 185, 184, 182,
    185, 186, 184, 184, 182, 182, 186, 182, 184, 185, 183, 185, 185, 186,
    185, 185, 182, 183, 185, 184, 183, 186, 186, 182, 185, 183, 185, 184,
    186, 182, 183, 182, 184, 183, 186, 182, 185, 184, 182, 182, 185, 186,
    183, 186, 186, 183, 186, 185, 183, 183, 182, 182, 183, 186, 185, 182,
    183, 184, 186, 186, 184, 184, 184, 185, 182, 186, 182, 183, 186, 184,
    183, 184, 185, 184, 186, 182, 182, 183, 184, 183 ]
RHandPositionsY: [ 274, 271, 271, 272, 272, 271, 272, 270, 270, 271, 274,
    273, 274, 270, 271, 274, 270, 274, 271, 274, 273, 272, 271, 271, 274,
    273, 270, 270, 270, 270, 270, 273, 270, 271, 271, 274, 273, 274, 271,
    270, 273, 273, 271, 273, 273, 274, 272, 271, 273, 274, 272, 271, 274,
    270, 272, 270, 270, 274, 271, 272, 271, 270, 271, 274, 270, 270, 271,
    274, 273, 270, 273, 272, 272, 272, 273, 274, 270, 270, 272, 271, 271,
    270, 271, 270, 271, 271, 273, 274, 272, 272, 270 ]
