%YAML:1.0
---
videoName: "LHShake05.mp4"
gestureLabel: 2
fps: 30
pixelSizeInCmTemp: 3.2364864864864862e-01
faceCenterPointX: 252
faceCenterPointY: 81
LHandPositionsX: [ 292, 295, 295, 292, 291, 291, 291, 293, 291, 292, 292,
    296, 302, 310, 323, 334, 344, 341, 341, 341, 341, 334, 333, 329, 331,
    332, 333, 335, 340, 346, 346, 336, 329, 321, 327, 326, 329, 330, 335,
    336, 339, 332, 321, 320, 321, 321, 327, 330, 336, 339, 334, 326, 326,
    323, 325, 325, 331, 337, 337, 335, 332, 332, 330, 331, 331, 335, 339,
    338, 340, 339, 334, 324, 322, 316, 310, 306, 304, 299, 296, 293, 295,
    293, 294, 295, 292, 291, 293, 294, 291, 294, 293 ]
LHandPositionsY: [ 268, 266, 268, 270, 270, 266, 268, 265, 266, 257, 240,
    225, 213, 198, 186, 175, 166, 160, 159, 157, 152, 154, 153, 153, 152,
    152, 150, 143, 138, 138, 132, 139, 146, 147, 147, 146, 143, 140, 138,
    134, 134, 140, 144, 145, 145, 143, 138, 135, 134, 133, 138, 140, 139,
    141, 141, 145, 141, 139, 137, 139, 142, 141, 142, 143, 144, 143, 141,
    140, 136, 141, 142, 150, 162, 171, 179, 189, 199, 208, 219, 227, 237,
    237, 237, 245, 244, 250, 253, 253, 252, 257, 261 ]
RHandPositionsX: [ 214, 210, 210, 213, 213, 213, 214, 210, 212, 210, 210,
    209, 210, 210, 209, 212, 211, 209, 211, 210, 210, 211, 211, 210, 212,
    207, 208, 208, 211, 206, 206, 206, 208, 210, 209, 210, 208, 208, 208,
    206, 209, 207, 209, 208, 210, 210, 207, 210, 206, 207, 209, 206, 206,
    207, 210, 209, 209, 207, 210, 209, 208, 209, 208, 206, 206, 209, 206,
    206, 210, 208, 208, 207, 207, 209, 207, 209, 210, 207, 206, 210, 208,
    209, 209, 210, 207, 210, 210, 210, 210, 209, 212 ]
RHandPositionsY: [ 263, 266, 262, 262, 264, 263, 262, 262, 264, 262, 266,
    266, 264, 263, 265, 265, 263, 263, 265, 263, 264, 262, 263, 262, 265,
    263, 262, 262, 264, 264, 263, 262, 262, 265, 264, 265, 263, 261, 261,
    265, 264, 262, 263, 262, 262, 263, 263, 261, 264, 261, 261, 263, 262,
    262, 262, 264, 264, 264, 261, 264, 263, 263, 263, 264, 261, 261, 265,
    262, 262, 263, 262, 262, 264, 263, 263, 265, 263, 264, 265, 262, 265,
    262, 265, 264, 261, 265, 263, 263, 261, 265, 261 ]
