%YAML:1.0
---
videoName: "LHShake23.mp4"
gestureLabel: 2
fps: 30
pixelSizeInCmTemp: 3.3263888888888887e-01
faceCenterPointX: 259
faceCenterPointY: 79
LHandPositionsX: [ 333, 330, 332, 332, 332, 333, 331, 332, 333, 331, 331,
    336, 340, 348, 346, 359, 371, 369, 374, 375, 379, 380, 374, 369, 358,
    351, 353, 354, 357, 361, 370, 380, 384, 384, 382, 377, 369, 359, 360,
    361, 363, 369, 378, 384, 384, 384, 382, 374, 365, 358, 357, 353, 355,
    363, 373, 380, 382, 378, 379, 375, 368, 359, 356, 356, 355, 365, 375,
    378, 380, 376, 380, 376, 369, 364, 358, 353, 348, 344, 339, 341, 338,
    338, 337, 335, 336, 334, 335, 336, 334, 335, 337 ]
LHandPositionsY: [ 262, 263, 264, 263, 266, 263, 265, 266, 265, 260, 260,
    250, 240, 233, 229, 211, 200, 198, 193, 189, 182, 170, 167, 164, 169,
    170, 167, 169, 167, 167, 165, 160, 159, 157, 159, 160, 163, 164, 165,
    165, 164, 164, 161, 160, 157, 157, 157, 158, 163, 162, 163, 165, 168,
    165, 163, 164, 165, 165, 161, 161, 167, 168, 169, 168, 169, 168, 170,
    169, 165, 165, 168, 174, 177, 182, 193, 203, 211, 226, 241, 248, 250,
    252, 252, 253, 252, 254, 252, 253, 256, 255, 255 ]
RHandPositionsX: [ 182, 185, 183, 184, 183, 182, 183, 185, 184, 184, 186,
    186, 183, 186, 186, 183, 185, 182, 182, 184, 185, 186, 185, 185, 185,
    182, 185, 183, 185, 186, 186, 182, 182, 183, 186, 183, 183, 183, 182,
    186, 183, 186, 185, 186, 184, 186, 185, 186, 184, 184, 182, 184, 185,
    186, 184, 186, 182, 186, 182, 184, 186, 184, 184, 183, 185, 183, 182,
    182, 185, 183, 185, 182, 183, 183, 186, 185, 186, 186, 182, 184, 182,
    184, 184, 186, 183, 184, 185, 186, 182, 184, 183 ]
RHandPositionsY: [ 273, 272, 274, 274, 271, 270, 274, 274, 272, 273, 273,
    272, 271, 271, 272, 270, 273, 274, 270, 272, 272, 274, 270, 273, 274,
    271, 274, 271, 273, 274, 270, 272, 274, 271, 271, 272, 272, 272, 270,
    271, 272, 272, 274, 272, 270, 274, 274, 274, 272, 274, 273, 274, 274,
    272, 270, 270, 271, 274, 271, 272, 272, 271, 271, 274, 271, 272, 274,
    274, 272, 271, 272, 272, 273, 273, 274, 270, 273, 273, 274, 273, 272,
    271, 273, 273, 274, 274, 273, 274, 270, 270, 273 ]
