%YAML:1.0
---
videoName: "LHShake12.mp4"
gestureLabel: 2
fps: 29
pixelSizeInCmTemp: 3.3263888888888887e-01
faceCenterPointX: 259
faceCenterPointY: 64
LHandPositionsX: [ 368, 357, 347, 349, 346, 347, 353, 362, 376, 382, 382,
    382, 374, 366, 353, 347, 348, 344, 346, 353, 364, 374, 377, 377, 379,
    370, 361, 351, 340, 339, 341, 343, 347, 361, 371, 372, 369, 371, 367,
    358, 350, 342, 345, 340, 344, 355, 361, 371, 365, 371, 366, 356, 348,
    338, 338, 340, 343, 349, 355, 365, 366, 368, 366, 364, 354, 344, 335,
    325, 325, 320, 316, 319, 319, 323, 329, 329, 330, 334, 332, 334, 335,
    333, 337, 336, 333, 337, 333, 337 ]
LHandPositionsY: [ 167, 161, 163, 164, 164, 157, 156, 153, 149, 151, 149,
    151, 153, 154, 154, 159, 158, 156, 158, 152, 151, 146, 149, 146, 144,
    145, 143, 147, 153, 154, 154, 151, 150, 148, 145, 147, 149, 146, 145,
    151, 154, 156, 157, 158, 155, 156, 150, 152, 150, 148, 151, 151, 155,
    155, 159, 159, 157, 151, 150, 145, 145, 145, 145, 147, 148, 152, 163,
    170, 177, 186, 197, 211, 227, 233, 246, 246, 250, 249, 252, 256, 256,
    256, 255, 256, 258, 259, 258, 257 ]
RHandPositionsX: [ 177, 176, 175, 176, 175, 177, 174, 177, 177, 177, 176,
    176, 176, 176, 175, 175, 174, 176, 175, 176, 178, 177, 177, 178, 178,
    176, 175, 176, 174, 178, 177, 175, 175, 176, 177, 177, 174, 174, 176,
    176, 178, 175, 175, 177, 178, 177, 176, 176, 176, 177, 175, 177, 177,
    176, 174, 175, 175, 175, 174, 177, 178, 176, 178, 177, 174, 178, 176,
    178, 175, 177, 175, 176, 174, 178, 176, 176, 177, 177, 178, 178, 175,
    178, 177, 178, 176, 177, 178, 177 ]
RHandPositionsY: [ 274, 274, 275, 271, 273, 271, 271, 275, 274, 273, 272,
    275, 273, 275, 272, 273, 274, 275, 275, 271, 275, 273, 271, 273, 274,
    273, 272, 271, 273, 274, 272, 273, 274, 273, 271, 273, 272, 274, 274,
    273, 271, 274, 271, 274, 271, 273, 274, 271, 271, 274, 275, 273, 272,
    271, 275, 274, 273, 271, 271, 272, 272, 272, 273, 273, 275, 271, 272,
    271, 271, 275, 272, 272, 275, 275, 275, 273, 275, 273, 272, 274, 273,
    273, 272, 275, 274, 271, 273, 271 ]
