%YAML:1.0
---
videoName: "LHShake08.mp4"
gestureLabel: 2
fps: 29
pixelSizeInCmTemp: 3.4710144927536229e-01
faceCenterPointX: 261
faceCenterPointY: 69
LHandPositionsX: [ 342, 339, 343, 343, 351, 347, 356, 362, 367, 373, 376,
    374, 380, 366, 357, 348, 342, 339, 340, 341, 347, 356, 370, 366, 361,
    361, 357, 355, 344, 337, 341, 338, 341, 351, 357, 365, 367, 366, 369,
    361, 353, 344, 339, 336, 336, 338, 342, 350, 357, 357, 358, 359, 355,
    352, 346, 341, 343, 340, 344, 347, 354, 363, 373, 373, 371, 370, 366,
    356, 351, 346, 339, 337, 331, 330, 331, 335, 338, 335, 338, 338, 337,
    336, 338, 335, 336, 337, 335, 335 ]
LHandPositionsY: [ 266, 269, 264, 254, 248, 237, 217, 198, 185, 173, 165,
    156, 142, 143, 147, 144, 152, 151, 150, 149, 150, 143, 140, 140, 139,
    136, 140, 146, 146, 156, 154, 155, 156, 153, 146, 149, 149, 147, 150,
    151, 152, 156, 160, 161, 158, 161, 158, 158, 156, 154, 155, 152, 153,
    155, 159, 160, 159, 159, 160, 159, 156, 151, 147, 148, 148, 145, 150,
    155, 160, 165, 173, 187, 197, 209, 223, 235, 243, 244, 249, 252, 254,
    256, 254, 257, 254, 257, 258, 258 ]
RHandPositionsX: [ 176, 173, 173, 176, 175, 175, 173, 172, 176, 175, 174,
    173, 173, 174, 172, 173, 175, 176, 172, 174, 176, 173, 173, 176, 173,
    172, 174, 174, 173, 175, 172, 175, 177, 175, 175, 175, 173, 174, 178,
    175, 177, 175, 174, 175, 175, 176, 176, 177, 178, 174, 176, 178, 176,
    177, 176, 178, 177, 176, 174, 174, 175, 174, 175, 177, 176, 176, 176,
    174, 178, 178, 175, 177, 178, 174, 178, 174, 175, 174, 174, 178, 178,
    178, 175, 177, 175, 178, 175, 176 ]
RHandPositionsY: [ 276, 276, 276, 277, 277, 277, 276, 276, 275, 277, 277,
    276, 274, 275, 275, 275, 273, 277, 275, 274, 276, 274, 277, 277, 276,
    274, 273, 276, 276, 274, 273, 276, 273, 274, 273, 273, 273, 273, 277,
    276, 275, 274, 276, 277, 273, 277, 275, 275, 276, 276, 276, 275, 274,
    277, 273, 273, 274, 276, 273, 274, 274, 273, 274, 274, 276, 276, 277,
    274, 276, 274, 274, 274, 276, 275, 273, 275, 276, 277, 273, 273, 276,
    275, 274, 277, 277, 273, 275, 275 ]
