%YAML:1.0
---
videoName: "LHShake20.mp4"
gestureLabel: 2
fps: 30
pixelSizeInCmTemp: 3.3732394366197183e-01
faceCenterPointX: 249
faceCenterPointY: 62
LHandPositionsX: [ 315, 316, 316, 314, 313, 313, 313, 312, 317, 318, 318,
    326, 336, 337, 344, 336, 328, 321, 311, 314, 310, 311, 317, 329, 335,
    337, 336, 338, 330, 320, 320, 320, 319, 322, 333, 341, 338, 338, 330,
    326, 323, 324, 322, 325, 332, 331, 330, 329, 324, 322, 320, 318, 318,
    327, 326, 327, 331, 326, 320, 319, 321, 318, 317, 317, 321, 321, 321,
    321, 316, 315, 312, 315, 312, 314, 314, 316, 315, 313, 315, 315, 315,
    312, 312, 314, 313, 314, 312, 313, 313, 316, 314 ]
LHandPositionsY: [ 247, 248, 246, 247, 250, 247, 245, 243, 236, 230, 216,
    203, 191, 179, 170, 167, 159, 158, 161, 163, 161, 155, 151, 149, 143,
    144, 144, 145, 140, 147, 149, 147, 146, 146, 143, 140, 143, 140, 143,
    146, 145, 149, 144, 143, 142, 139, 138, 143, 141, 149, 146, 147, 146,
    141, 140, 135, 136, 133, 138, 144, 146, 143, 148, 148, 150, 149, 160,
    166, 177, 189, 201, 213, 213, 219, 222, 228, 228, 229, 231, 231, 233,
    232, 234, 233, 235, 237, 235, 238, 237, 236, 238 ]
RHandPositionsX: [ 183, 180, 180, 183, 179, 183, 179, 181, 182, 182, 183,
    183, 180, 180, 183, 180, 179, 180, 183, 181, 181, 179, 183, 182, 181,
    180, 183, 180, 181, 180, 181, 182, 182, 181, 180, 181, 182, 181, 182,
    179, 179, 183, 182, 180, 181, 180, 183, 180, 183, 183, 180, 181, 182,
    182, 181, 180, 179, 182, 181, 181, 183, 181, 181, 181, 179, 182, 179,
    182, 179, 179, 179, 183, 182, 181, 181, 181, 180, 182, 182, 179, 181,
    182, 180, 179, 180, 182, 178, 178, 180, 178, 178 ]
RHandPositionsY: [ 256, 254, 254, 254, 253, 257, 255, 254, 255, 253, 252,
    252, 255, 254, 253, 253, 256, 252, 255, 255, 255, 255, 253, 253, 256,
    252, 255, 252, 254, 255, 251, 252, 255, 251, 255, 253, 255, 251, 254,
    252, 252, 255, 251, 254, 254, 254, 254, 253, 255, 252, 251, 252, 255,
    254, 254, 253, 254, 254, 255, 255, 255, 255, 254, 251, 255, 255, 254,
    252, 251, 252, 252, 253, 255, 253, 252, 253, 251, 253, 254, 252, 253,
    251, 255, 251, 253, 251, 252, 255, 253, 251, 254 ]
