%YAML:1.0
---
videoName: "LHShake14.mp4"
gestureLabel: 2
fps: 29
pixelSizeInCmTemp: 3.2808219178082193e-01
faceCenterPointX: 256
faceCenterPointY: 64
LHandPositionsX: [ 351, 351, 349, 359, 370, 380, 390, 389, 386, 381, 371,
    361, 359, 358, 359, 368, 380, 381, 383, 383, 376, 361, 352, 356, 352,
    357, 367, 379, 389, 386, 385, 378, 369, 358, 360, 358, 362, 370, 382,
    379, 381, 377, 370, 359, 358, 357, 361, 364, 374, 380, 375, 376, 374,
    365, 359, 348, 340, 335, 331, 331, 329, 329, 330, 329, 332, 333, 331,
    328, 331, 329, 330, 328, 330, 328, 329, 331, 327, 328, 328, 331, 327,
    331, 329, 327, 331, 329, 329, 329 ]
LHandPositionsY: [ 148, 144, 147, 144, 140, 141, 140, 141, 142, 141, 143,
    149, 146, 149, 146, 143, 137, 139, 138, 137, 142, 142, 144, 148, 148,
    149, 146, 141, 144, 144, 141, 139, 145, 148, 147, 148, 147, 147, 145,
    141, 141, 142, 143, 143, 141, 141, 143, 139, 139, 141, 143, 144, 148,
    155, 157, 166, 177, 190, 197, 212, 220, 235, 237, 236, 240, 244, 250,
    251, 250, 252, 253, 249, 249, 249, 250, 251, 249, 248, 248, 250, 248,
    251, 250, 249, 249, 248, 250, 248 ]
RHandPositionsX: [ 183, 185, 183, 181, 183, 183, 181, 180, 183, 179, 178,
    182, 178, 181, 181, 180, 176, 176, 177, 178, 177, 176, 176, 177, 177,
    175, 178, 177, 176, 175, 178, 176, 175, 177, 177, 176, 175, 177, 180,
    179, 178, 179, 179, 179, 176, 175, 176, 179, 175, 177, 178, 178, 177,
    175, 178, 177, 179, 175, 178, 178, 175, 177, 175, 175, 177, 179, 179,
    179, 177, 179, 175, 179, 176, 175, 175, 176, 177, 178, 177, 179, 176,
    178, 176, 178, 176, 177, 177, 177 ]
RHandPositionsY: [ 277, 276, 279, 278, 279, 277, 279, 278, 277, 279, 275,
    277, 274, 277, 274, 273, 273, 277, 276, 276, 273, 274, 276, 274, 277,
    273, 275, 277, 273, 275, 275, 273, 273, 277, 273, 275, 277, 276, 277,
    274, 276, 274, 273, 275, 276, 277, 274, 277, 277, 276, 274, 276, 274,
    276, 274, 276, 275, 274, 276, 275, 273, 273, 277, 273, 276, 275, 276,
    277, 274, 275, 275, 274, 277, 273, 277, 276, 274, 276, 273, 274, 273,
    277, 275, 274, 276, 277, 276, 273 ]
