%YAML:1.0
---
videoName: "LHShake23.mp4"
gestureLabel: 2
fps: 30
pixelSizeInCmTemp: 3.3263888888888887e-01
faceCenterPointX: 259
faceCenterPointY: 79
LHandPositionsX: [ 334, 332, 334, 331, 331, 334, 334, 330, 330, 334, 332,
    333, 339, 347, 350, 362, 370, 370, 375, 379, 377, 378, 373, 368, 358,
    353, 351, 351, 355, 364, 372, 381, 387, 384, 386, 378, 373, 360, 358,
    358, 362, 367, 378, 385, 381, 383, 378, 375, 361, 355, 356, 353, 355,
    365, 373, 379, 383, 382, 377, 372, 367, 359, 358, 355, 356, 363, 371,
    379, 378, 377, 379, 374, 369, 364, 356, 349, 348, 345, 339, 337, 337,
    338, 338, 336, 335, 337, 334, 336, 336, 333, 335 ]
LHandPositionsY: [ 262, 265, 266, 265, 265, 265, 263, 262, 264, 262, 257,
    252, 243, 231, 230, 211, 202, 196, 194, 189, 179, 172, 167, 167, 165,
    171, 166, 170, 169, 167, 163, 162, 159, 160, 157, 160, 164, 165, 165,
    164, 167, 163, 164, 161, 161, 159, 161, 161, 160, 165, 164, 164, 167,
    168, 167, 162, 163, 162, 165, 165, 166, 166, 166, 167, 169, 170, 167,
    166, 168, 169, 170, 173, 178, 185, 192, 203, 215, 227, 237, 250, 247,
    251, 252, 253, 253, 254, 252, 254, 253, 256, 256 ]
RHandPositionsX: [ 182, 184, 185, 185, 186, 185, 183, 183, 184, 183, 184,
    183, 184, 184, 185, 184, 184, 183, 184, 186, 184, 183, 186, 186, 185,
    182, 183, 183, 184, 185, 184, 182, 182, 186, 186, 183, 186, 182, 183,
    186, 186, 185, 183, 183, 183, 186, 183, 183, 184, 184, 186, 185, 182,
    185, 183, 183, 183, 185, 185, 183, 185, 182, 182, 183, 186, 185, 186,
    185, 185, 183, 185, 183, 185, 185, 183, 183, 186, 183, 185, 186, 183,
    186, 183, 186, 182, 183, 184, 185, 183, 184, 184 ]
RHandPositionsY: [ 273, 271, 274, 271, 270, 273, 272, 273, 271, 274, 274,
    272, 274, 274, 272, 272, 272, 274, 271, 271, 270, 271, 272, 270, 274,
    274, 274, 272, 271, 272, 270, 273, 274, 273, 273, 274, 272, 272, 274,
    270, 271, 274, 272, 271, 272, 270, 270, 271, 271, 272, 273, 270, 273,
    272, 274, 271, 273, 272, 272, 274, 272, 273, 272, 273, 273, 274, 273,
    270, 270, 273, 274, 274, 272, 273, 272, 270, 270, 270, 274, 274, 273,
    272, 270, 273, 274, 274, 274, 273, 270, 270, 274 ]
