%YAML:1.0
---
videoName: "LHShake01.mp4"
gestureLabel: 2
fps: 29
pixelSizeInCmTemp: 3.4214285714285714e-01
faceCenterPointX: 252
faceCenterPointY: 84
LHandPositionsX: [ 363, 366, 366, 362, 360, 355, 349, 341, 338, 334, 330,
    336, 341, 345, 349, 353, 357, 354, 353, 346, 344, 343, 341, 336, 336,
    341, 345, 345, 350, 348, 351, 349, 347, 339, 340, 335, 330, 335, 335,
    341, 344, 347, 345, 347, 346, 345, 342, 341, 333, 336, 335, 335, 335,
    343, 344, 352, 351, 348, 346, 346, 343, 342, 340, 331, 330, 325, 332,
    334, 331, 327, 333, 333, 338, 339, 343, 344, 345, 345, 348, 348, 350,
    351, 348, 348, 352, 352, 349, 348 ]
LHandPositionsY: [ 144, 138, 132, 125, 124, 119, 120, 120, 121, 121, 119,
    120, 122, 115, 114, 109, 111, 110, 110, 112, 111, 112, 111, 114, 112,
    113, 111, 109, 104, 106, 105, 107, 109, 106, 109, 114, 112, 110, 114,
    112, 111, 106, 108, 102, 102, 109, 107, 105, 108, 111, 111, 107, 107,
    106, 102, 101, 102, 102, 105, 102, 102, 105, 108, 124, 133, 143, 153,
    160, 164, 163, 172, 184, 191, 200, 207, 216, 223, 222, 224, 222, 228,
    227, 227, 228, 231, 232, 230, 230 ]
RHandPositionsX: [ 155, 156, 156, 156, 157, 157, 157, 156, 157, 154, 157,
    154, 157, 156, 153, 153, 157, 157, 156, 154, 157, 157, 155, 153, 154,
    156, 154, 155, 154, 153, 155, 153, 156, 156, 157, 153, 156, 156, 156,
    157, 155, 154, 155, 156, 157, 155, 155, 157, 157, 157, 154, 154, 156,
    154, 157, 153, 155, 155, 155, 157, 154, 157, 157, 155, 154, 154, 155,
    154, 156, 154, 156, 154, 156, 153, 157, 154, 155, 156, 156, 157, 153,
    155, 153, 157, 154, 153, 157, 155 ]
RHandPositionsY: [ 269, 268, 269, 267, 270, 270, 268, 269, 267, 268, 269,
    268, 269, 266, 264, 268, 266, 266, 266, 265, 266, 266, 265, 266, 262,
    264, 263, 265, 264, 263, 261, 261, 263, 264, 261, 264, 262, 260, 263,
    262, 263, 264, 262, 262, 262, 263, 263, 259, 260, 262, 261, 259, 261,
    260, 263, 259, 262, 259, 263, 261, 263, 259, 263, 260, 260, 262, 260,
    260, 263, 262, 259, 260, 262, 260, 261, 259, 259, 259, 261, 263, 259,
    260, 263, 260, 261, 260, 261, 261 ]
