%YAML:1.0
---
videoName: "LHShake01.mp4"
gestureLabel: 2
fps: 29
pixelSizeInCmTemp: 3.4214285714285714e-01
faceCenterPointX: 252
faceCenterPointY: 84
LHandPositionsX: [ 367, 367, 367, 364, 362, 353, 347, 339, 336, 330, 333,
    335, 339, 342, 347, 355, 359, 357, 352, 348, 346, 340, 340, 335, 338,
    341, 345, 347, 349, 352, 351, 348, 344, 343, 340, 333, 334, 333, 336,
    340, 343, 345, 349, 350, 350, 348, 341, 341, 336, 333, 334, 333, 334,
    344, 346, 350, 348, 350, 346, 349, 346, 343, 337, 331, 327, 329, 331,
    331, 335, 329, 330, 333, 336, 340, 342, 344, 347, 344, 349, 350, 349,
    347, 347, 352, 350, 350, 352, 352 ]
LHandPositionsY: [ 143, 141, 132, 128, 122, 122, 117, 118, 118, 123, 123,
    120, 120, 116, 111, 112, 109, 109, 108, 108, 111, 112, 115, 115, 115,
    112, 109, 107, 107, 107, 103, 108, 109, 108, 109, 115, 112, 113, 114,
    109, 111, 107, 108, 105, 105, 106, 106, 106, 110, 109, 108, 108, 107,
    107, 106, 104, 101, 104, 101, 105, 105, 104, 109, 123, 135, 144, 151,
    162, 163, 165, 174, 184, 190, 197, 206, 214, 223, 220, 222, 225, 227,
    225, 228, 227, 232, 231, 228, 231 ]
RHandPositionsX: [ 156, 157, 157, 153, 157, 155, 156, 157, 155, 157, 154,
    154, 155, 157, 153, 157, 155, 157, 153, 153, 153, 157, 155, 153, 153,
    155, 155, 156, 153, 156, 157, 157, 153, 155, 156, 155, 155, 154, 153,
    155, 155, 156, 154, 154, 154, 157, 154, 157, 153, 156, 157, 157, 154,
    155, 155, 156, 153, 153, 153, 157, 157, 155, 154, 156, 156, 154, 157,
    155, 157, 157, 155, 154, 156, 154, 156, 157, 154, 156, 154, 157, 153,
    156, 154, 156, 155, 155, 154, 153 ]
RHandPositionsY: [ 270, 267, 267, 270, 270, 266, 270, 270, 266, 266, 265,
    269, 267, 264, 264, 266, 268, 263, 266, 266, 266, 263, 263, 262, 264,
    265, 261, 264, 261, 264, 262, 263, 262, 261, 263, 261, 263, 264, 260,
    263, 260, 264, 264, 261, 263, 259, 261, 261, 263, 260, 260, 262, 259,
    262, 260, 259, 263, 261, 259, 261, 262, 260, 262, 263, 259, 261, 260,
    260, 260, 259, 263, 263, 262, 263, 261, 259, 262, 261, 263, 262, 262,
    263, 259, 261, 259, 259, 260, 262 ]
