%YAML:1.0
---
videoName: "LHShake22.mp4"
gestureLabel: 2
fps: 29
pixelSizeInCmTemp: 3.5220588235294115e-01
faceCenterPointX: 261
faceCenterPointY: 79
LHandPositionsX: [ 336, 344, 349, 356, 355, 356, 355, 355, 348, 339, 327,
    320, 319, 318, 319, 323, 330, 338, 344, 342, 345, 344, 335, 330, 323,
    321, 323, 324, 333, 338, 342, 341, 343, 338, 328, 322, 315, 315, 321,
    322, 330, 335, 337, 336, 334, 328, 327, 322, 318, 321, 325, 328, 334,
    343, 343, 342, 339, 336, 325, 318, 319, 317, 320, 325, 328, 336, 336,
    334, 335, 332, 326, 326, 321, 321, 322, 322, 324, 324, 328, 327, 326,
    327, 323, 324, 327, 326, 327, 323 ]
LHandPositionsY: [ 258, 256, 244, 237, 233, 222, 208, 203, 192, 189, 188,
    185, 187, 187, 184, 181, 179, 174, 172, 171, 172, 171, 174, 178, 176,
    176, 179, 178, 176, 174, 172, 173, 169, 173, 175, 181, 182, 183, 182,
    182, 181, 176, 178, 174, 174, 174, 176, 182, 183, 183, 179, 183, 180,
    178, 177, 178, 177, 175, 177, 181, 183, 184, 182, 180, 176, 177, 178,
    177, 186, 191, 197, 201, 209, 221, 229, 242, 242, 245, 246, 246, 248,
    248, 249, 251, 250, 251, 250, 249 ]
RHandPositionsX: [ 189, 193, 190, 189, 190, 189, 193, 193, 189, 191, 192,
    189, 190, 193, 193, 192, 191, 189, 191, 190, 192, 189, 190, 190, 192,
    191, 189, 189, 193, 192, 192, 191, 189, 193, 193, 190, 189, 192, 192,
    190, 190, 189, 193, 191, 192, 193, 189, 193, 192, 191, 191, 190, 193,
    192, 191, 191, 192, 193, 189, 191, 191, 190, 190, 191, 193, 190, 193,
    189, 193, 193, 189, 191, 192, 191, 191, 189, 192, 191, 191, 192, 190,
    193, 192, 190, 189, 190, 193, 189 ]
RHandPositionsY: [ 266, 269, 270, 269, 270, 266, 270, 266, 267, 269, 266,
    269, 270, 266, 270, 270, 267, 268, 270, 269, 267, 270, 266, 270, 266,
    267, 266, 269, 267, 266, 270, 270, 268, 266, 269, 268, 267, 269, 269,
    268, 268, 266, 266, 267, 269, 267, 267, 267, 268, 267, 267, 267, 268,
    270, 268, 268, 270, 266, 267, 269, 268, 270, 270, 266, 268, 269, 267,
    268, 269, 270, 266, 269, 270, 268, 267, 267, 266, 267, 270, 267, 267,
    269, 269, 270, 267, 267, 268, 269 ]
