%YAML:1.0
---
videoName: "LHShake03.mp4"
gestureLabel: 2
fps: 30
pixelSizeInCmTemp: 3.2808219178082193e-01
faceCenterPointX: 251
faceCenterPointY: 79
LHandPositionsX: [ 341, 348, 349, 355, 355, 357, 354, 346, 335, 325, 313,
    315, 316, 316, 315, 321, 326, 332, 337, 334, 342, 336, 336, 332, 324,
    324, 324, 323, 325, 329, 333, 343, 341, 338, 334, 320, 319, 313, 310,
    312, 317, 319, 326, 330, 335, 337, 330, 328, 325, 323, 326, 327, 334,
    336, 345, 341, 337, 337, 338, 338, 336, 327, 320, 319, 315, 311, 309,
    303, 301, 301, 299, 297, 295, 297, 296, 294, 291, 293, 291, 291, 291,
    292, 292, 288, 285, 289, 288, 287, 284, 285, 283 ]
LHandPositionsY: [ 142, 135, 125, 120, 113, 108, 107, 102, 97, 99, 103,
    105, 102, 102, 98, 94, 93, 88, 85, 88, 85, 88, 91, 88, 86, 89, 91,
    91, 89, 85, 87, 85, 78, 84, 85, 92, 91, 95, 95, 94, 92, 90, 89, 90,
    87, 86, 87, 88, 91, 90, 92, 94, 93, 86, 85, 88, 92, 95, 99, 100, 112,
    133, 143, 154, 167, 177, 184, 197, 207, 212, 224, 220, 223, 226, 232,
    237, 238, 245, 247, 250, 248, 250, 252, 252, 254, 254, 252, 253, 254,
    255, 255 ]
RHandPositionsX: [ 215, 213, 214, 212, 215, 213, 215, 211, 213, 211, 212,
    213, 215, 212, 211, 215, 215, 214, 211, 215, 212, 214, 212, 215, 212,
    215, 214, 214, 213, 214, 215, 211, 211, 211, 214, 212, 214, 211, 214,
    211, 213, 211, 211, 212, 211, 211, 211, 212, 211, 215, 211, 214, 215,
    212, 212, 213, 210, 210, 214, 213, 211, 213, 214, 212, 212, 211, 210,
    213, 211, 211, 213, 210, 211, 210, 214, 211, 214, 212, 214, 212, 213,
    214, 213, 210, 212, 213, 210, 212, 210, 214, 214 ]
RHandPositionsY: [ 258, 256, 255, 256, 254, 256, 255, 253, 255, 255, 252,
    254, 254, 252, 255, 256, 253, 254, 255, 255, 251, 254, 252, 255, 253,
    253, 251, 255, 251, 251, 253, 254, 253, 251, 254, 251, 255, 254, 252,
    253, 254, 254, 251, 253, 252, 255, 255, 254, 253, 252, 255, 255, 255,
    255, 252, 255, 255, 252, 251, 255, 251, 253, 251, 254, 252, 251, 253,
    255, 252, 251, 252, 255, 254, 254, 255, 252, 251, 255, 252, 253, 254,
    251, 252, 255, 255, 251, 253, 254, 254, 252, 251 ]
