%YAML:1.0
---
videoName: "LHShake24.mp4"
gestureLabel: 2
fps: 30
pixelSizeInCmTemp: 3.4214285714285714e-01
faceCenterPointX: 255
faceCenterPointY: 77
LHandPositionsX: [ 327, 327, 330, 328, 326, 327, 328, 327, 327, 333, 334,
    336, 339, 346, 353, 361, 369, 375, 382, 382, 383, 381, 371, 362, 350,
    343, 340, 340, 343, 351, 357, 370, 379, 375, 374, 376, 367, 356, 345,
    340, 342, 337, 344, 353, 366, 364, 365, 370, 365, 352, 342, 339, 342,
    341, 347, 355, 364, 370, 370, 372, 369, 360, 353, 346, 346, 344, 347,
    353, 358, 368, 367, 368, 365, 358, 349, 344, 338, 331, 329, 327, 322,
    323, 326, 324, 328, 327, 326, 327, 325, 324, 325 ]
LHandPositionsY: [ 261, 260, 263, 260, 264, 264, 264, 264, 262, 260, 258,
    257, 245, 237, 223, 208, 197, 181, 171, 171, 161, 154, 152, 154, 156,
    160, 164, 161, 164, 163, 155, 150, 147, 151, 150, 147, 145, 149, 151,
    154, 153, 154, 154, 154, 150, 152, 148, 152, 154, 157, 157, 163, 161,
    161, 160, 162, 161, 159, 157, 153, 157, 156, 162, 163, 163, 162, 160,
    162, 161, 156, 157, 156, 157, 156, 161, 165, 171, 179, 190, 196, 209,
    220, 230, 233, 234, 240, 245, 246, 249, 245, 249 ]
RHandPositionsX: [ 179, 179, 179, 179, 179, 182, 180, 181, 183, 181, 181,
    183, 179, 181, 182, 181, 179, 179, 181, 182, 179, 183, 179, 179, 179,
    183, 179, 179, 180, 182, 182, 182, 179, 181, 181, 179, 182, 180, 181,
    183, 182, 183, 180, 180, 179, 181, 181, 180, 180, 180, 183, 181, 182,
    182, 183, 182, 182, 179, 180, 179, 182, 180, 182, 183, 179, 182, 182,
    179, 181, 179, 183, 179, 179, 180, 179, 183, 180, 183, 182, 183, 181,
    181, 183, 183, 183, 179, 181, 183, 179, 179, 181 ]
RHandPositionsY: [ 267, 271, 267, 271, 268, 270, 271, 270, 268, 270, 269,
    271, 268, 269, 269, 268, 270, 268, 267, 269, 268, 267, 269, 269, 269,
    270, 267, 268, 271, 269, 270, 267, 268, 269, 267, 269, 267, 269, 269,
    267, 271, 269, 268, 268, 269, 267, 269, 270, 268, 269, 270, 267, 269,
    270, 270, 267, 267, 267, 270, 271, 271, 267, 268, 270, 267, 268, 271,
    269, 270, 267, 271, 268, 268, 270, 268, 271, 267, 267, 267, 271, 270,
    270, 268, 271, 270, 270, 271, 267, 271, 269, 271 ]
