%YAML:1.0
---
videoName: "LHShake21.mp4"
gestureLabel: 2
fps: 29
pixelSizeInCmTemp: 3.4214285714285714e-01
faceCenterPointX: 266
faceCenterPointY: 79
LHandPositionsX: [ 347, 354, 364, 372, 382, 394, 398, 408, 423, 415, 416,
    401, 391, 375, 373, 375, 376, 377, 387, 405, 399, 400, 394, 393, 386,
    372, 371, 371, 372, 370, 375, 392, 391, 385, 385, 382, 373, 370, 365,
    367, 369, 371, 375, 391, 388, 383, 398, 393, 382, 375, 366, 363, 364,
    370, 374, 379, 387, 383, 382, 387, 385, 379, 373, 366, 357, 348, 344,
    339, 336, 334, 336, 334, 335, 332, 336, 331, 333, 333, 330, 331, 332,
    331, 332, 332, 334, 333, 333, 329 ]
LHandPositionsY: [ 273, 266, 246, 227, 207, 190, 185, 171, 155, 151, 137,
    134, 134, 134, 132, 132, 131, 131, 130, 129, 132, 131, 131, 135, 137,
    133, 144, 144, 145, 137, 133, 134, 133, 133, 135, 137, 139, 144, 150,
    146, 145, 145, 139, 136, 137, 138, 134, 139, 139, 148, 150, 153, 155,
    152, 153, 143, 140, 141, 142, 147, 153, 161, 171, 181, 189, 202, 213,
    228, 239, 236, 241, 248, 248, 251, 249, 253, 251, 251, 250, 254, 250,
    252, 250, 254, 252, 250, 252, 251 ]
RHandPositionsX: [ 185, 188, 184, 185, 188, 185, 186, 186, 188, 184, 186,
    188, 184, 187, 185, 185, 185, 185, 188, 187, 185, 184, 188, 186, 188,
    185, 188, 188, 186, 185, 188, 184, 185, 186, 187, 185, 185, 187, 186,
    186, 187, 185, 188, 186, 184, 184, 187, 187, 187, 184, 186, 186, 188,
    188, 186, 187, 186, 188, 184, 188, 186, 187, 185, 187, 187, 185, 186,
    188, 184, 185, 186, 186, 188, 187, 184, 186, 184, 185, 186, 188, 188,
    187, 187, 184, 187, 186, 188, 186 ]
RHandPositionsY: [ 265, 266, 266, 268, 266, 266, 266, 269, 269, 265, 268,
    266, 267, 265, 269, 265, 268, 266, 268, 267, 268, 267, 268, 269, 269,
    265, 268, 266, 265, 265, 266, 268, 266, 269, 266, 265, 265, 267, 269,
    269, 269, 266, 269, 267, 267, 269, 268, 269, 266, 265, 268, 268, 268,
    267, 268, 266, 267, 265, 266, 268, 266, 268, 265, 267, 267, 267, 266,
    269, 267, 269, 265, 269, 267, 265, 267, 265, 267, 266, 269, 267, 269,
    266, 267, 267, 269, 267, 265, 265 ]
