%YAML:1.0
---
videoName: "LHShake07.mp4"
gestureLabel: 2
fps: 29
pixelSizeInCmTemp: 3.3732394366197183e-01
faceCenterPointX: 265
faceCenterPointY: 78
LHandPositionsX: [ 348, 348, 352, 357, 361, 369, 374, 386, 389, 394, 393,
    393, 383, 377, 355, 349, 338, 343, 339, 341, 347, 361, 366, 368, 367,
    364, 362, 345, 343, 342, 345, 345, 355, 357, 370, 367, 369, 360, 359,
    350, 345, 347, 346, 351, 357, 361, 364, 363, 363, 361, 338, 330, 331,
    336, 343, 353, 369, 375, 370, 382, 372, 364, 354, 350, 344, 340, 338,
    334, 337, 339, 337, 343, 340, 340, 344, 343, 341, 343, 340, 341, 343,
    340, 341, 342, 340, 343, 342, 343 ]
LHandPositionsY: [ 278, 275, 274, 266, 259, 250, 237, 219, 203, 190, 176,
    162, 151, 141, 143, 141, 149, 144, 145, 146, 142, 136, 136, 136, 138,
    139, 137, 139, 146, 140, 137, 131, 130, 133, 125, 124, 128, 133, 134,
    133, 142, 142, 148, 142, 138, 140, 137, 138, 131, 128, 134, 152, 143,
    137, 134, 132, 129, 135, 133, 128, 133, 139, 148, 158, 170, 181, 194,
    206, 217, 230, 239, 250, 253, 255, 258, 259, 264, 267, 265, 267, 267,
    268, 268, 268, 270, 269, 270, 267 ]
RHandPositionsX: [ 181, 183, 183, 185, 184, 181, 184, 184, 183, 181, 183,
    185, 183, 185, 182, 182, 182, 183, 182, 184, 183, 183, 182, 185, 181,
    184, 185, 183, 182, 182, 185, 184, 181, 183, 184, 181, 184, 181, 183,
    183, 185, 185, 182, 184, 182, 183, 183, 185, 185, 184, 184, 183, 184,
    181, 183, 183, 185, 181, 184, 185, 182, 182, 183, 183, 185, 185, 181,
    183, 182, 185, 182, 184, 181, 183, 183, 183, 182, 185, 182, 185, 184,
    183, 182, 184, 181, 182, 185, 181 ]
RHandPositionsY: [ 276, 278, 276, 280, 279, 279, 278, 278, 278, 279, 276,
    278, 279, 278, 277, 278, 280, 276, 280, 278, 279, 276, 279, 280, 280,
    278, 280, 278, 278, 276, 277, 278, 280, 280, 279, 276, 278, 278, 276,
    280, 280, 276, 277, 279, 278, 279, 279, 279, 280, 280, 280, 276, 280,
    277, 278, 280, 277, 280, 276, 278, 278, 280, 280, 278, 278, 280, 276,
    278, 278, 279, 278, 279, 278, 280, 278, 277, 278, 278, 279, 276, 278,
    277, 277, 277, 277, 280, 276, 278 ]
