%YAML:1.0
---
videoName: "LHShake11.mp4"
gestureLabel: 2
fps: 29
pixelSizeInCmTemp: 3.3732394366197183e-01
faceCenterPointX: 260
faceCenterPointY: 69
LHandPositionsX: [ 383, 386, 386, 377, 363, 354, 346, 351, 348, 345, 353,
    361, 364, 364, 362, 363, 357, 351, 344, 347, 348, 348, 353, 358, 359,
    359, 361, 354, 349, 347, 346, 346, 349, 354, 355, 356, 351, 350, 345,
    340, 339, 341, 338, 341, 344, 357, 359, 357, 357, 356, 354, 343, 340,
    341, 336, 342, 346, 357, 358, 359, 362, 361, 359, 354, 349, 344, 337,
    330, 330, 330, 332, 329, 332, 335, 335, 335, 332, 333, 334, 331, 331,
    333, 332, 331, 334, 333, 331, 335 ]
LHandPositionsY: [ 177, 162, 151, 142, 142, 144, 147, 148, 146, 136, 130,
    126, 125, 129, 125, 127, 131, 139, 142, 139, 141, 133, 129, 131, 131,
    129, 131, 132, 142, 146, 141, 141, 143, 136, 132, 135, 133, 134, 134,
    139, 142, 145, 146, 142, 141, 132, 132, 132, 134, 130, 138, 141, 148,
    144, 146, 144, 143, 136, 136, 135, 138, 144, 148, 154, 165, 177, 190,
    206, 215, 226, 229, 235, 240, 244, 246, 248, 246, 248, 249, 250, 250,
    250, 249, 248, 250, 251, 248, 252 ]
RHandPositionsX: [ 182, 180, 180, 183, 179, 183, 183, 182, 181, 181, 183,
    181, 183, 180, 180, 183, 179, 181, 183, 180, 179, 179, 181, 181, 180,
    181, 180, 180, 183, 182, 181, 183, 180, 180, 182, 182, 182, 183, 179,
    179, 182, 179, 179, 182, 180, 180, 179, 181, 182, 183, 183, 183, 179,
    182, 179, 182, 181, 179, 181, 180, 181, 179, 182, 182, 179, 180, 183,
    183, 182, 180, 182, 183, 179, 180, 183, 180, 183, 180, 183, 179, 180,
    179, 180, 182, 183, 179, 181, 183 ]
RHandPositionsY: [ 273, 275, 277, 275, 275, 274, 274, 274, 274, 275, 273,
    276, 274, 273, 275, 273, 273, 276, 274, 276, 273, 276, 276, 275, 276,
    274, 277, 276, 273, 276, 274, 276, 277, 277, 273, 276, 277, 277, 273,
    276, 273, 276, 277, 275, 277, 273, 277, 275, 276, 273, 276, 275, 275,
    274, 273, 277, 277, 276, 274, 274, 276, 274, 274, 274, 273, 277, 276,
    277, 273, 275, 274, 274, 276, 273, 274, 277, 274, 276, 274, 273, 274,
    273, 275, 274, 277, 273, 277, 276 ]
