%YAML:1.0
---
videoName: "LHShake15.mp4"
gestureLabel: 2
fps: 29
pixelSizeInCmTemp: 3.3263888888888887e-01
faceCenterPointX: 252
faceCenterPointY: 65
LHandPositionsX: [ 329, 327, 331, 331, 329, 329, 328, 328, 332, 327, 334,
    343, 345, 353, 360, 363, 367, 373, 377, 380, 376, 377, 368, 357, 346,
    341, 343, 339, 346, 352, 359, 359, 361, 361, 358, 345, 334, 329, 333,
    335, 345, 351, 357, 350, 350, 355, 350, 335, 327, 327, 332, 343, 354,
    354, 355, 352, 355, 355, 343, 335, 332, 332, 333, 339, 342, 352, 350,
    350, 346, 348, 343, 335, 330, 325, 325, 323, 322, 324, 326, 324, 324,
    327, 327, 326, 327, 324, 328, 327 ]
LHandPositionsY: [ 256, 254, 256, 258, 258, 255, 254, 256, 252, 254, 243,
    230, 213, 201, 183, 173, 153, 134, 120, 118, 117, 105, 101, 103, 107,
    103, 103, 101, 99, 95, 91, 95, 96, 95, 96, 98, 97, 99, 99, 97, 97,
    92, 96, 98, 99, 97, 100, 102, 101, 100, 97, 95, 95, 95, 95, 96, 98,
    100, 99, 101, 100, 100, 98, 99, 99, 101, 99, 99, 101, 101, 107, 122,
    139, 150, 168, 178, 191, 204, 217, 233, 232, 236, 241, 238, 238, 237,
    243, 240 ]
RHandPositionsX: [ 176, 178, 175, 176, 179, 175, 175, 178, 179, 176, 175,
    178, 177, 177, 175, 175, 177, 175, 176, 175, 177, 177, 178, 177, 177,
    179, 176, 177, 179, 178, 177, 176, 178, 178, 177, 176, 178, 177, 176,
    179, 179, 175, 175, 179, 177, 179, 179, 177, 179, 175, 179, 177, 179,
    179, 179, 176, 175, 176, 178, 179, 179, 175, 177, 175, 176, 176, 175,
    178, 178, 179, 175, 179, 177, 178, 175, 179, 176, 175, 175, 176, 176,
    175, 179, 175, 176, 175, 177, 178 ]
RHandPositionsY: [ 259, 258, 259, 258, 258, 261, 261, 259, 261, 261, 261,
    259, 259, 259, 259, 261, 258, 257, 261, 261, 258, 260, 261, 260, 260,
    260, 261, 261, 258, 257, 258, 260, 259, 261, 260, 261, 260, 257, 257,
    261, 257, 257, 260, 261, 257, 257, 260, 261, 261, 260, 257, 258, 261,
    257, 261, 258, 261, 259, 261, 260, 259, 261, 257, 261, 257, 259, 261,
    259, 260, 259, 259, 260, 257, 261, 257, 259, 257, 258, 261, 257, 261,
    259, 261, 257, 260, 259, 260, 259 ]
