%YAML:1.0
---
videoName: "LHShake00.mp4"
gestureLabel: 2
fps: 29
pixelSizeInCmTemp: 3.4214285714285714e-01
faceCenterPointX: 252
faceCenterPointY: 85
LHandPositionsX: [ 352, 353, 352, 351, 353, 357, 360, 354, 350, 344, 336,
    326, 325, 322, 320, 322, 329, 330, 335, 335, 339, 338, 332, 328, 326,
    325, 328, 328, 334, 339, 337, 340, 340, 334, 326, 323, 324, 329, 330,
    337, 341, 344, 342, 340, 332, 325, 325, 325, 327, 327, 334, 337, 337,
    344, 340, 338, 326, 326, 324, 325, 327, 331, 336, 337, 338, 340, 342,
    339, 336, 334, 330, 330, 327, 325, 331, 328, 330, 331, 334, 336, 337,
    341, 338, 340, 343, 342, 343, 340 ]
LHandPositionsY: [ 255, 253, 246, 230, 213, 187, 170, 149, 138, 137, 132,
    134, 135, 137, 133, 135, 134, 130, 125, 127, 124, 125, 129, 132, 134,
    135, 133, 130, 129, 124, 125, 121, 125, 125, 133, 134, 134, 136, 132,
    129, 129, 123, 123, 123, 129, 133, 134, 130, 132, 133, 131, 124, 125,
    124, 122, 128, 129, 130, 127, 127, 128, 123, 122, 121, 118, 117, 116,
    126, 138, 149, 158, 167, 161, 172, 184, 194, 198, 207, 213, 220, 225,
    226, 229, 230, 235, 237, 235, 236 ]
RHandPositionsX: [ 153, 154, 154, 154, 154, 156, 153, 156, 155, 154, 156,
    156, 156, 154, 152, 155, 152, 152, 154, 153, 153, 156, 156, 153, 154,
    154, 152, 155, 155, 152, 156, 156, 156, 153, 154, 155, 155, 156, 154,
    156, 155, 156, 153, 156, 155, 154, 153, 155, 155, 154, 156, 152, 153,
    153, 155, 156, 156, 154, 156, 153, 156, 152, 154, 155, 155, 152, 153,
    153, 152, 154, 152, 152, 152, 152, 155, 154, 156, 156, 153, 152, 154,
    155, 153, 152, 153, 154, 152, 154 ]
RHandPositionsY: [ 278, 276, 275, 278, 278, 274, 273, 274, 274, 272, 271,
    270, 270, 269, 272, 271, 270, 267, 268, 271, 269, 266, 266, 268, 268,
    267, 266, 266, 268, 266, 263, 263, 264, 265, 266, 266, 262, 265, 262,
    263, 263, 261, 260, 262, 260, 260, 264, 263, 260, 262, 262, 264, 262,
    264, 260, 264, 261, 263, 261, 263, 264, 261, 264, 263, 262, 264, 263,
    264, 260, 262, 263, 261, 260, 264, 262, 262, 262, 262, 262, 260, 260,
    262, 260, 262, 263, 263, 260, 264 ]
