%YAML:1.0
---
videoName: "LHShake21.mp4"
gestureLabel: 2
fps: 29
pixelSizeInCmTemp: 3.4214285714285714e-01
faceCenterPointX: 266
faceCenterPointY: 79
LHandPositionsX: [ 348, 351, 363, 374, 383, 394, 396, 408, 421, 417, 416,
    401, 388, 378, 375, 378, 374, 377, 384, 401, 403, 396, 396, 391, 385,
    372, 370, 372, 373, 372, 377, 394, 391, 385, 386, 380, 375, 373, 364,
    367, 366, 372, 374, 388, 388, 384, 396, 394, 382, 372, 366, 363, 365,
    369, 374, 378, 384, 382, 382, 387, 386, 380, 372, 364, 357, 352, 344,
    340, 337, 337, 335, 337, 333, 332, 335, 333, 332, 333, 333, 333, 330,
    333, 332, 332, 330, 334, 332, 332 ]
LHandPositionsY: [ 270, 265, 245, 227, 208, 192, 182, 167, 152, 151, 136,
    135, 133, 134, 133, 133, 132, 131, 128, 130, 132, 132, 131, 134, 136,
    133, 142, 142, 145, 134, 134, 131, 134, 135, 136, 134, 138, 145, 148,
    147, 149, 144, 138, 137, 140, 139, 136, 136, 143, 149, 154, 154, 154,
    152, 149, 144, 139, 141, 142, 150, 155, 161, 167, 180, 189, 201, 212,
    225, 235, 237, 241, 246, 249, 251, 250, 251, 252, 254, 251, 251, 251,
    252, 253, 251, 250, 253, 253, 250 ]
RHandPositionsX: [ 185, 185, 186, 185, 184, 185, 186, 185, 187, 186, 187,
    185, 184, 184, 186, 187, 186, 188, 184, 184, 184, 186, 187, 184, 184,
    185, 188, 187, 188, 185, 185, 188, 188, 185, 188, 188, 185, 184, 188,
    187, 187, 186, 188, 187, 184, 185, 184, 185, 184, 188, 186, 188, 188,
    186, 188, 184, 186, 185, 186, 187, 186, 185, 184, 188, 186, 184, 185,
    186, 186, 184, 187, 185, 188, 188, 187, 188, 184, 185, 186, 186, 184,
    185, 184, 184, 187, 184, 186, 184 ]
RHandPositionsY: [ 267, 266, 266, 268, 269, 269, 266, 268, 267, 266, 265,
    268, 265, 265, 267, 268, 269, 265, 266, 269, 267, 268, 267, 267, 266,
    268, 269, 265, 265, 269, 268, 265, 268, 269, 268, 265, 266, 266, 265,
    266, 267, 266, 267, 267, 269, 269, 267, 265, 265, 266, 267, 268, 267,
    265, 265, 266, 266, 268, 265, 265, 269, 268, 265, 268, 268, 268, 266,
    265, 265, 268, 269, 268, 269, 268, 268, 266, 265, 269, 266, 266, 265,
    267, 267, 267, 266, 265, 269, 266 ]
