%YAML:1.0
---
videoName: "LHShake03.mp4"
gestureLabel: 2
fps: 30
pixelSizeInCmTemp: 3.2808219178082193e-01
faceCenterPointX: 251
faceCenterPointY: 79
LHandPositionsX: [ 342, 344, 351, 354, 356, 355, 352, 347, 338, 328, 315,
    316, 314, 317, 313, 320, 325, 333, 336, 337, 339, 338, 334, 332, 327,
    322, 321, 321, 323, 330, 332, 343, 345, 337, 336, 320, 315, 315, 309,
    312, 314, 319, 328, 331, 333, 334, 332, 330, 322, 324, 324, 325, 333,
    338, 344, 343, 337, 333, 336, 334, 336, 330, 322, 316, 313, 310, 308,
    301, 303, 298, 295, 295, 297, 294, 296, 290, 290, 291, 292, 290, 288,
    288, 291, 290, 287, 286, 289, 286, 286, 284, 284 ]
LHandPositionsY: [ 140, 135, 129, 121, 115, 111, 104, 101, 99, 100, 104,
    106, 106, 99, 95, 93, 91, 90, 89, 85, 81, 87, 89, 88, 86, 90, 89, 91,
    87, 88, 85, 85, 82, 86, 86, 89, 91, 95, 97, 96, 93, 90, 89, 90, 86,
    90, 88, 85, 88, 93, 91, 90, 90, 85, 85, 89, 93, 94, 98, 100, 111,
    131, 144, 155, 165, 176, 187, 198, 205, 216, 224, 221, 225, 226, 231,
    234, 239, 243, 247, 251, 249, 251, 252, 250, 256, 251, 252, 251, 253,
    251, 253 ]
RHandPositionsX: [ 213, 215, 216, 212, 213, 212, 212, 213, 213, 211, 215,
    211, 211, 211, 211, 215, 213, 212, 211, 215, 213, 214, 212, 213, 212,
    211, 215, 213, 213, 211, 211, 211, 215, 215, 214, 215, 211, 211, 214,
    211, 213, 211, 211, 213, 212, 215, 215, 215, 215, 212, 215, 215, 212,
    214, 213, 214, 214, 214, 213, 213, 213, 210, 211, 214, 214, 213, 214,
    212, 211, 214, 214, 211, 211, 212, 210, 210, 214, 212, 210, 211, 212,
    211, 210, 211, 210, 214, 213, 210, 210, 214, 211 ]
RHandPositionsY: [ 256, 255, 256, 258, 253, 253, 253, 253, 255, 253, 255,
    252, 255, 252, 253, 252, 254, 255, 255, 254, 251, 251, 253, 251, 251,
    255, 252, 252, 254, 255, 252, 251, 255, 254, 251, 253, 254, 251, 251,
    253, 255, 252, 253, 251, 254, 253, 252, 254, 252, 254, 254, 252, 253,
    252, 254, 253, 252, 252, 255, 253, 251, 254, 254, 254, 254, 251, 252,
    254, 252, 255, 254, 251, 255, 253, 254, 254, 254, 252, 252, 254, 251,
    254, 254, 253, 251, 253, 254, 252, 253, 251, 254 ]
