%YAML:1.0
---
videoName: "LHShake22.mp4"
gestureLabel: 2
fps: 29
pixelSizeInCmTemp: 3.5220588235294115e-01
faceCenterPointX: 261
faceCenterPointY: 79
LHandPositionsX: [ 336, 343, 347, 357, 353, 360, 359, 353, 348, 338, 328,
    322, 319, 322, 321, 325, 332, 338, 343, 343, 343, 341, 339, 328, 323,
    324, 326, 327, 331, 340, 343, 342, 344, 336, 330, 320, 316, 319, 320,
    322, 330, 334, 334, 334, 334, 328, 326, 318, 321, 319, 322, 329, 336,
    344, 341, 341, 342, 332, 323, 317, 320, 317, 316, 326, 328, 337, 333,
    334, 334, 329, 327, 325, 323, 320, 322, 325, 321, 325, 324, 323, 327,
    323, 323, 323, 323, 325, 326, 325 ]
LHandPositionsY: [ 261, 255, 244, 236, 234, 218, 206, 203, 193, 190, 188,
    184, 183, 187, 181, 183, 180, 175, 173, 172, 174, 172, 173, 178, 177,
    176, 179, 177, 178, 171, 171, 173, 169, 172, 174, 177, 183, 180, 182,
    182, 179, 175, 175, 175, 175, 178, 176, 179, 180, 180, 182, 183, 177,
    177, 174, 175, 177, 179, 178, 180, 182, 183, 180, 180, 177, 176, 179,
    181, 183, 189, 196, 203, 208, 222, 229, 240, 240, 243, 248, 248, 248,
    248, 247, 250, 249, 251, 250, 249 ]
RHandPositionsX: [ 189, 189, 190, 193, 192, 190, 190, 191, 191, 189, 191,
    190, 192, 189, 193, 193, 189, 189, 192, 189, 192, 192, 192, 189, 189,
    191, 191, 190, 191, 191, 190, 190, 191, 192, 190, 193, 193, 189, 192,
    193, 192, 192, 190, 193, 190, 193, 193, 193, 189, 189, 193, 191, 189,
    190, 190, 189, 192, 189, 189, 192, 192, 193, 190, 193, 191, 190, 191,
    190, 189, 190, 191, 191, 193, 193, 192, 190, 189, 192, 190, 193, 193,
    189, 190, 192, 193, 193, 191, 192 ]
RHandPositionsY: [ 266, 267, 270, 267, 268, 270, 268, 268, 268, 269, 268,
    269, 270, 269, 266, 267, 266, 266, 268, 266, 267, 266, 266, 269, 269,
    270, 266, 269, 268, 269, 267, 268, 267, 266, 268, 269, 268, 268, 267,
    270, 269, 270, 268, 268, 270, 266, 266, 268, 267, 267, 268, 266, 267,
    267, 269, 267, 267, 267, 269, 270, 268, 267, 267, 270, 270, 270, 270,
    266, 266, 268, 270, 266, 266, 268, 270, 268, 266, 267, 269, 269, 266,
    270, 270, 269, 270, 270, 267, 266 ]
