%YAML:1.0
---
videoName: "LHShake05.mp4"
gestureLabel: 2
fps: 30
pixelSizeInCmTemp: 3.2364864864864862e-01
faceCenterPointX: 252
faceCenterPointY: 81
LHandPositionsX: [ 292, 294, 291, 295, 295, 295, 295, 292, 294, 294, 295,
    296, 304, 314, 323, 332, 341, 343, 340, 341, 339, 336, 330, 331, 329,
    330, 335, 336, 340, 342, 344, 340, 331, 321, 323, 323, 326, 334, 338,
    338, 339, 329, 323, 323, 321, 324, 327, 334, 337, 336, 336, 328, 324,
    323, 324, 326, 331, 338, 340, 337, 336, 329, 333, 330, 329, 333, 339,
    337, 339, 337, 336, 323, 321, 314, 309, 304, 303, 301, 297, 297, 297,
    293, 294, 295, 291, 295, 294, 292, 291, 295, 293 ]
LHandPositionsY: [ 268, 267, 270, 270, 270, 265, 265, 265, 266, 256, 241,
    227, 213, 198, 185, 176, 167, 162, 157, 153, 155, 155, 155, 153, 155,
    152, 150, 146, 139, 135, 135, 137, 143, 146, 143, 145, 142, 139, 136,
    135, 132, 138, 142, 141, 141, 142, 141, 137, 136, 132, 138, 141, 143,
    140, 143, 145, 139, 137, 135, 138, 138, 141, 140, 141, 141, 139, 139,
    140, 139, 137, 141, 147, 162, 167, 176, 188, 198, 211, 217, 229, 236,
    238, 237, 242, 248, 248, 249, 250, 253, 256, 258 ]
RHandPositionsX: [ 214, 211, 213, 211, 214, 212, 214, 212, 210, 213, 214,
    210, 212, 209, 212, 213, 211, 212, 212, 210, 209, 211, 212, 212, 211,
    209, 209, 209, 211, 206, 208, 207, 210, 209, 207, 206, 206, 206, 208,
    209, 209, 208, 210, 210, 206, 207, 207, 206, 207, 206, 207, 206, 210,
    210, 210, 210, 210, 207, 206, 206, 210, 209, 207, 206, 207, 210, 209,
    209, 207, 207, 209, 210, 208, 209, 208, 207, 210, 208, 208, 207, 209,
    208, 206, 208, 207, 207, 210, 208, 211, 208, 212 ]
RHandPositionsY: [ 262, 266, 264, 262, 265, 262, 266, 263, 263, 264, 265,
    262, 266, 264, 266, 263, 263, 263, 265, 262, 262, 262, 266, 265, 263,
    266, 263, 266, 262, 262, 263, 262, 266, 262, 264, 262, 264, 261, 265,
    261, 264, 264, 261, 263, 265, 264, 262, 265, 263, 261, 261, 265, 262,
    263, 265, 265, 265, 264, 264, 262, 263, 262, 262, 263, 262, 265, 261,
    262, 261, 262, 261, 261, 264, 264, 264, 262, 264, 262, 264, 265, 263,
    262, 261, 262, 262, 264, 265, 261, 264, 265, 264 ]
