%YAML:1.0
---
videoName: "LHShake21.mp4"
gestureLabel: 2
fps: 29
pixelSizeInCmTemp: 3.4214285714285714e-01
faceCenterPointX: 266
faceCenterPointY: 79
LHandPositionsX: [ 347, 354, 363, 371, 384, 395, 399, 408, 424, 413, 417,
    403, 387, 377, 372, 377, 373, 376, 384, 403, 402, 396, 395, 391, 386,
    371, 370, 370, 371, 373, 375, 390, 389, 385, 383, 384, 373, 369, 368,
    365, 370, 371, 374, 391, 387, 383, 399, 393, 383, 373, 365, 363, 364,
    368, 373, 381, 383, 382, 382, 388, 385, 379, 374, 364, 355, 349, 345,
    341, 338, 338, 333, 333, 332, 335, 336, 333, 331, 332, 333, 333, 332,
    333, 331, 330, 333, 331, 331, 331 ]
LHandPositionsY: [ 269, 262, 244, 226, 207, 192, 183, 170, 152, 152, 140,
    135, 132, 136, 134, 134, 132, 130, 130, 130, 132, 128, 131, 133, 136,
    132, 144, 140, 142, 137, 133, 133, 134, 134, 132, 135, 135, 147, 150,
    146, 146, 144, 142, 138, 137, 138, 137, 137, 140, 150, 151, 153, 153,
    154, 151, 143, 143, 143, 142, 146, 155, 160, 168, 180, 191, 204, 215,
    226, 238, 237, 240, 245, 249, 250, 248, 249, 254, 253, 251, 251, 250,
    253, 250, 253, 253, 253, 250, 252 ]
RHandPositionsX: [ 187, 184, 184, 184, 185, 184, 185, 187, 184, 185, 185,
    185, 185, 184, 185, 185, 187, 184, 186, 186, 186, 187, 188, 187, 187,
    187, 186, 185, 186, 186, 184, 185, 184, 188, 184, 188, 187, 186, 188,
    184, 186, 186, 184, 184, 187, 187, 188, 188, 187, 185, 188, 188, 186,
    186, 185, 185, 188, 186, 188, 186, 184, 187, 184, 187, 186, 187, 187,
    185, 186, 184, 184, 187, 188, 187, 185, 184, 188, 186, 185, 184, 187,
    186, 185, 185, 184, 188, 185, 188 ]
RHandPositionsY: [ 265, 265, 265, 265, 268, 267, 269, 269, 266, 265, 268,
    269, 269, 266, 266, 269, 266, 265, 268, 268, 265, 265, 269, 269, 269,
    265, 266, 265, 268, 269, 269, 269, 266, 266, 267, 266, 265, 265, 267,
    269, 268, 265, 267, 265, 266, 267, 268, 268, 265, 266, 269, 265, 268,
    269, 268, 266, 267, 266, 269, 265, 268, 267, 268, 266, 269, 265, 265,
    268, 268, 268, 266, 265, 269, 267, 269, 266, 268, 269, 265, 266, 266,
    267, 267, 267, 266, 265, 269, 266 ]
