%YAML:1.0
---
videoName: "LHShake17.mp4"
gestureLabel: 2
fps: 30
pixelSizeInCmTemp: 3.3732394366197183e-01
faceCenterPointX: 248
faceCenterPointY: 64
LHandPositionsX: [ 323, 323, 323, 321, 321, 325, 327, 326, 326, 333, 343,
    352, 363, 377, 388, 398, 404, 409, 403, 390, 376, 360, 352, 354, 350,
    357, 371, 381, 375, 381, 377, 365, 350, 345, 348, 350, 356, 366, 368,
    368, 366, 360, 354, 353, 352, 355, 363, 370, 377, 374, 373, 369, 360,
    353, 346, 348, 349, 356, 360, 366, 364, 366, 363, 359, 349, 343, 342,
    339, 335, 336, 333, 334, 333, 329, 331, 331, 327, 327, 325, 325, 324,
    325, 327, 327, 325, 324, 323, 327, 325, 324, 326 ]
LHandPositionsY: [ 250, 250, 247, 251, 247, 251, 250, 247, 244, 234, 215,
    201, 187, 173, 158, 143, 130, 122, 116, 113, 120, 130, 136, 137, 135,
    133, 122, 116, 119, 117, 119, 129, 136, 139, 137, 138, 125, 118, 118,
    121, 117, 117, 129, 135, 131, 133, 126, 121, 123, 124, 120, 122, 130,
    139, 142, 141, 140, 124, 124, 123, 124, 123, 122, 130, 134, 146, 152,
    164, 172, 181, 194, 205, 221, 218, 224, 227, 232, 235, 234, 237, 234,
    237, 239, 239, 236, 239, 235, 238, 238, 238, 238 ]
RHandPositionsX: [ 176, 180, 179, 177, 177, 179, 176, 178, 176, 180, 179,
    179, 178, 176, 178, 178, 180, 179, 178, 179, 180, 176, 180, 176, 179,
    179, 178, 176, 178, 175, 178, 175, 175, 176, 175, 179, 176, 177, 174,
    178, 175, 178, 174, 175, 175, 175, 177, 175, 178, 177, 175, 176, 178,
    176, 175, 175, 175, 177, 174, 174, 174, 175, 177, 176, 175, 177, 175,
    174, 178, 174, 175, 175, 178, 175, 178, 175, 178, 175, 176, 177, 174,
    177, 174, 178, 174, 175, 178, 176, 176, 178, 178 ]
RHandPositionsY: [ 256, 257, 257, 258, 256, 259, 258, 257, 256, 260, 257,
    257, 259, 258, 259, 257, 258, 260, 256, 259, 257, 256, 258, 259, 260,
    259, 257, 258, 257, 258, 260, 257, 257, 256, 257, 260, 259, 256, 256,
    260, 260, 258, 258, 258, 259, 258, 258, 256, 256, 260, 257, 257, 260,
    259, 259, 256, 260, 259, 260, 258, 257, 259, 260, 260, 258, 257, 256,
    257, 258, 258, 256, 257, 257, 258, 256, 257, 257, 258, 259, 256, 256,
    260, 257, 257, 259, 256, 260, 258, 259, 259, 260 ]
