%YAML:1.0
---
videoName: "LHShake10.mp4"
gestureLabel: 2
fps: 29
pixelSizeInCmTemp: 3.4214285714285714e-01
faceCenterPointX: 253
faceCenterPointY: 65
LHandPositionsX: [ 338, 338, 334, 334, 337, 340, 342, 347, 354, 360, 365,
    374, 384, 392, 394, 395, 394, 386, 375, 367, 354, 353, 349, 352, 359,
    371, 382, 393, 393, 390, 392, 387, 373, 364, 357, 356, 358, 362, 369,
    370, 372, 371, 374, 372, 368, 363, 353, 345, 344, 346, 347, 353, 359,
    374, 379, 380, 381, 376, 363, 353, 351, 350, 349, 349, 357, 365, 372,
    379, 378, 376, 376, 371, 368, 360, 354, 348, 344, 344, 340, 338, 333,
    338, 334, 335, 335, 335, 335, 334 ]
LHandPositionsY: [ 271, 269, 270, 268, 272, 270, 270, 262, 250, 237, 226,
    208, 194, 180, 169, 156, 143, 136, 134, 141, 144, 147, 149, 147, 151,
    150, 140, 142, 141, 141, 143, 145, 148, 148, 148, 149, 152, 147, 138,
    131, 133, 136, 131, 135, 129, 131, 140, 144, 145, 144, 142, 146, 139,
    142, 142, 140, 143, 142, 145, 150, 153, 150, 154, 149, 152, 152, 146,
    148, 144, 145, 150, 152, 160, 164, 172, 183, 193, 209, 218, 232, 243,
    254, 254, 257, 255, 256, 257, 260 ]
RHandPositionsX: [ 174, 173, 173, 175, 176, 175, 174, 174, 174, 172, 174,
    174, 174, 176, 173, 175, 171, 172, 175, 174, 172, 175, 172, 171, 175,
    175, 173, 175, 172, 173, 173, 171, 171, 173, 173, 171, 174, 171, 172,
    172, 172, 173, 171, 172, 175, 174, 172, 173, 173, 171, 171, 172, 171,
    173, 173, 174, 171, 171, 174, 173, 171, 171, 172, 173, 172, 175, 173,
    171, 175, 174, 175, 171, 174, 174, 174, 171, 172, 174, 173, 175, 173,
    172, 175, 172, 175, 172, 171, 171 ]
RHandPositionsY: [ 278, 275, 278, 278, 278, 275, 275, 276, 275, 277, 274,
    274, 276, 276, 276, 275, 275, 275, 277, 275, 274, 276, 276, 278, 276,
    278, 276, 278, 277, 275, 274, 274, 275, 275, 275, 277, 274, 278, 274,
    275, 275, 278, 276, 274, 274, 277, 276, 275, 276, 278, 275, 275, 276,
    277, 276, 277, 277, 276, 275, 276, 278, 275, 274, 277, 277, 276, 275,
    278, 278, 278, 274, 275, 276, 275, 276, 274, 274, 278, 275, 277, 274,
    276, 276, 277, 276, 277, 276, 274 ]
