%YAML:1.0
---
videoName: "LHShake07.mp4"
gestureLabel: 2
fps: 29
pixelSizeInCmTemp: 3.3732394366197183e-01
faceCenterPointX: 265
faceCenterPointY: 78
LHandPositionsX: [ 349, 347, 352, 358, 364, 369, 378, 384, 389, 391, 393,
    392, 383, 375, 353, 348, 342, 343, 340, 342, 348, 365, 368, 369, 366,
    363, 363, 341, 343, 346, 342, 348, 357, 359, 370, 369, 368, 364, 363,
    352, 347, 348, 347, 349, 356, 359, 360, 359, 366, 359, 340, 326, 331,
    333, 341, 353, 367, 373, 369, 381, 371, 366, 356, 349, 344, 337, 334,
    333, 333, 337, 337, 340, 342, 342, 343, 343, 341, 344, 341, 343, 342,
    343, 341, 343, 344, 342, 343, 341 ]
LHandPositionsY: [ 276, 279, 271, 267, 259, 246, 233, 220, 204, 191, 176,
    160, 151, 141, 143, 142, 145, 145, 146, 145, 143, 137, 137, 139, 138,
    136, 133, 136, 145, 140, 139, 132, 130, 135, 127, 123, 129, 133, 132,
    136, 144, 143, 146, 142, 135, 136, 139, 140, 128, 131, 138, 151, 144,
    139, 130, 131, 128, 134, 130, 126, 133, 137, 147, 156, 166, 181, 194,
    202, 220, 233, 240, 251, 251, 255, 255, 259, 263, 265, 267, 263, 265,
    268, 268, 266, 266, 267, 269, 270 ]
RHandPositionsX: [ 181, 184, 181, 181, 183, 183, 185, 185, 183, 185, 184,
    184, 181, 183, 182, 181, 183, 181, 182, 181, 185, 182, 184, 183, 183,
    181, 185, 181, 183, 181, 183, 184, 185, 181, 181, 185, 182, 185, 183,
    181, 181, 181, 185, 183, 184, 185, 182, 183, 184, 182, 182, 183, 184,
    181, 185, 184, 185, 185, 182, 182, 184, 184, 182, 183, 182, 185, 182,
    183, 185, 184, 183, 184, 181, 182, 183, 183, 182, 184, 181, 184, 185,
    183, 183, 183, 183, 182, 185, 181 ]
RHandPositionsY: [ 280, 277, 278, 276, 276, 279, 276, 279, 276, 277, 277,
    279, 278, 277, 276, 280, 279, 277, 278, 279, 278, 278, 280, 279, 280,
    277, 280, 279, 276, 280, 276, 277, 276, 280, 278, 278, 276, 278, 277,
    279, 277, 280, 276, 279, 277, 277, 276, 276, 279, 280, 280, 280, 276,
    278, 280, 277, 276, 277, 277, 280, 276, 276, 279, 277, 277, 279, 279,
    279, 279, 279, 276, 279, 278, 276, 280, 279, 278, 280, 277, 278, 276,
    276, 280, 277, 279, 280, 278, 280 ]
