%YAML:1.0
---
videoName: "LHShake02.mp4"
gestureLabel: 2
fps: 29
pixelSizeInCmTemp: 3.3263888888888887e-01
faceCenterPointX: 249
faceCenterPointY: 82
LHandPositionsX: [ 360, 362, 364, 370, 371, 381, 386, 387, 387, 386, 384,
    379, 374, 368, 365, 364, 364, 367, 368, 376, 385, 386, 382, 378, 377,
    371, 368, 365, 361, 363, 369, 372, 377, 380, 378, 383, 379, 378, 372,
    369, 365, 359, 360, 356, 356, 361, 366, 368, 371, 372, 368, 368, 362,
    359, 358, 359, 361, 367, 371, 373, 372, 371, 369, 364, 356, 351, 347,
    346, 343, 345, 345, 341, 343, 344, 341, 342, 346, 345, 346, 350, 346,
    346, 346, 349, 348, 347, 346, 348 ]
LHandPositionsY: [ 126, 119, 116, 114, 115, 109, 109, 111, 111, 108, 111,
    111, 112, 112, 114, 113, 112, 110, 107, 108, 102, 104, 104, 103, 103,
    105, 108, 110, 110, 107, 104, 100, 102, 101, 98, 97, 97, 96, 97, 95,
    97, 104, 101, 105, 103, 105, 103, 100, 101, 100, 101, 102, 105, 106,
    107, 110, 105, 106, 105, 104, 103, 105, 104, 108, 124, 136, 147, 160,
    165, 168, 178, 183, 190, 198, 203, 212, 215, 222, 224, 227, 230, 231,
    233, 232, 235, 232, 237, 237 ]
RHandPositionsX: [ 154, 157, 154, 154, 154, 155, 157, 157, 153, 154, 157,
    156, 155, 155, 156, 157, 157, 157, 153, 156, 156, 155, 155, 157, 153,
    154, 156, 156, 154, 156, 154, 154, 153, 157, 155, 156, 156, 155, 156,
    156, 153, 153, 157, 156, 154, 153, 154, 156, 154, 157, 156, 156, 157,
    156, 153, 154, 157, 156, 154, 153, 153, 156, 156, 154, 155, 157, 155,
    154, 153, 153, 157, 156, 157, 153, 153, 156, 157, 155, 156, 154, 154,
    153, 155, 153, 153, 156, 156, 153 ]
RHandPositionsY: [ 264, 263, 263, 260, 262, 260, 262, 259, 259, 259, 263,
    261, 261, 258, 260, 260, 260, 262, 262, 260, 261, 260, 261, 260, 259,
    259, 260, 259, 262, 258, 258, 260, 260, 261, 258, 261, 258, 262, 258,
    260, 258, 262, 262, 262, 261, 261, 260, 262, 260, 262, 262, 259, 258,
    258, 259, 259, 262, 262, 262, 258, 259, 262, 259, 261, 258, 261, 259,
    260, 259, 260, 261, 259, 259, 260, 260, 262, 259, 259, 258, 258, 259,
    261, 262, 262, 258, 259, 258, 261 ]
