%YAML:1.0
---
videoName: "LHShake19.mp4"
gestureLabel: 2
fps: 29
pixelSizeInCmTemp: 3.3732394366197183e-01
faceCenterPointX: 250
faceCenterPointY: 62
LHandPositionsX: [ 309, 307, 306, 307, 306, 308, 308, 308, 307, 305, 306,
    307, 306, 305, 308, 307, 310, 316, 320, 324, 327, 321, 313, 288, 285,
    287, 289, 298, 308, 314, 313, 312, 307, 298, 289, 287, 295, 300, 309,
    316, 318, 311, 305, 291, 290, 296, 297, 305, 313, 313, 313, 307, 296,
    290, 298, 301, 305, 316, 315, 316, 312, 308, 305, 299, 295, 291, 293,
    293, 294, 300, 301, 304, 301, 302, 303, 307, 309, 311, 310, 308, 311,
    308, 310, 309, 307, 309, 308, 311 ]
LHandPositionsY: [ 248, 251, 250, 252, 252, 248, 250, 252, 249, 251, 252,
    249, 248, 249, 245, 241, 227, 215, 205, 190, 176, 169, 161, 160, 156,
    155, 159, 156, 154, 155, 153, 151, 157, 152, 151, 147, 154, 155, 151,
    153, 150, 151, 154, 147, 144, 154, 154, 153, 154, 150, 153, 158, 145,
    144, 154, 156, 155, 154, 154, 152, 154, 156, 157, 162, 165, 171, 178,
    187, 198, 210, 217, 216, 216, 223, 225, 229, 230, 235, 234, 238, 236,
    239, 240, 240, 238, 240, 241, 237 ]
RHandPositionsX: [ 197, 198, 197, 196, 198, 197, 198, 195, 195, 198, 198,
    195, 197, 197, 197, 199, 198, 199, 196, 196, 196, 199, 197, 195, 194,
    196, 198, 195, 194, 194, 194, 195, 195, 195, 194, 192, 192, 194, 192,
    191, 195, 194, 193, 194, 195, 191, 194, 192, 191, 195, 195, 195, 193,
    195, 194, 192, 192, 195, 191, 193, 191, 191, 191, 191, 191, 195, 195,
    195, 195, 194, 192, 191, 193, 195, 191, 193, 195, 191, 194, 192, 194,
    195, 191, 193, 192, 192, 193, 193 ]
RHandPositionsY: [ 257, 256, 258, 254, 255, 257, 254, 258, 254, 258, 257,
    258, 257, 256, 256, 254, 258, 254, 254, 256, 255, 254, 255, 257, 257,
    255, 256, 256, 255, 258, 258, 254, 257, 258, 254, 254, 256, 257, 255,
    255, 258, 255, 255, 258, 256, 255, 255, 258, 257, 257, 257, 255, 257,
    256, 258, 257, 258, 254, 255, 254, 255, 256, 256, 255, 256, 254, 254,
    255, 257, 255, 254, 256, 257, 255, 258, 254, 255, 256, 257, 258, 255,
    258, 255, 257, 254, 256, 255, 254 ]
