%YAML:1.0
---
videoName: "LHShake03.mp4"
gestureLabel: 2
fps: 30
pixelSizeInCmTemp: 3.2808219178082193e-01
faceCenterPointX: 251
faceCenterPointY: 79
LHandPositionsX: [ 343, 345, 351, 354, 357, 357, 354, 348, 336, 325, 315,
    314, 316, 316, 314, 322, 324, 333, 334, 337, 339, 338, 334, 330, 324,
    321, 321, 322, 323, 328, 334, 343, 342, 337, 333, 322, 319, 312, 309,
    310, 315, 322, 328, 333, 333, 335, 333, 329, 325, 321, 325, 326, 334,
    338, 345, 343, 336, 334, 336, 337, 338, 328, 319, 318, 314, 311, 309,
    302, 301, 301, 297, 295, 298, 295, 295, 291, 290, 289, 292, 292, 289,
    290, 291, 288, 286, 287, 286, 288, 284, 287, 284 ]
LHandPositionsY: [ 142, 136, 128, 121, 114, 110, 104, 102, 95, 98, 103,
    104, 103, 98, 97, 94, 91, 89, 89, 87, 84, 86, 91, 87, 86, 90, 90, 89,
    89, 87, 84, 85, 81, 84, 84, 92, 93, 97, 96, 96, 90, 91, 88, 88, 85,
    86, 84, 86, 88, 93, 93, 92, 93, 85, 87, 87, 90, 93, 99, 101, 115,
    130, 140, 157, 167, 176, 187, 196, 206, 213, 221, 221, 225, 229, 230,
    236, 238, 245, 247, 247, 249, 250, 251, 251, 252, 254, 254, 251, 253,
    251, 254 ]
RHandPositionsX: [ 213, 216, 215, 212, 213, 212, 211, 211, 213, 215, 212,
    215, 212, 211, 213, 215, 214, 215, 215, 215, 211, 213, 213, 214, 211,
    211, 214, 215, 215, 215, 212, 215, 212, 211, 215, 211, 215, 212, 215,
    211, 215, 211, 213, 211, 213, 214, 214, 215, 211, 211, 213, 214, 212,
    211, 215, 214, 214, 214, 211, 214, 214, 211, 212, 211, 213, 214, 212,
    214, 213, 210, 212, 211, 213, 211, 210, 214, 213, 210, 214, 212, 213,
    213, 212, 214, 214, 212, 213, 213, 210, 211, 210 ]
RHandPositionsY: [ 259, 254, 255, 255, 255, 255, 253, 256, 252, 252, 255,
    256, 255, 254, 252, 252, 253, 252, 252, 252, 252, 255, 252, 252, 253,
    254, 254, 254, 251, 251, 255, 253, 252, 255, 252, 252, 253, 251, 252,
    255, 254, 251, 254, 251, 251, 253, 253, 254, 253, 252, 253, 253, 253,
    253, 255, 253, 251, 255, 253, 252, 255, 251, 254, 251, 251, 254, 254,
    252, 254, 254, 255, 255, 254, 253, 254, 252, 252, 255, 254, 252, 251,
    255, 252, 251, 252, 251, 254, 254, 253, 254, 254 ]
