%YAML:1.0
---
videoName: "LHShake07.mp4"
gestureLabel: 2
fps: 29
pixelSizeInCmTemp: 3.3732394366197183e-01
faceCenterPointX: 265
faceCenterPointY: 78
LHandPositionsX: [ 348, 347, 353, 355, 363, 369, 378, 384, 388, 391, 392,
    392, 386, 376, 353, 347, 338, 344, 342, 340, 347, 361, 370, 367, 368,
    366, 363, 344, 342, 345, 342, 347, 356, 359, 367, 368, 368, 361, 363,
    350, 343, 346, 345, 353, 355, 360, 364, 363, 366, 359, 337, 326, 331,
    332, 341, 354, 365, 376, 372, 380, 373, 366, 358, 348, 341, 338, 335,
    337, 333, 336, 339, 340, 342, 341, 342, 341, 345, 344, 341, 344, 340,
    342, 344, 343, 340, 343, 340, 343 ]
LHandPositionsY: [ 276, 279, 273, 268, 258, 249, 236, 217, 204, 192, 175,
    159, 148, 139, 139, 139, 148, 144, 148, 146, 140, 138, 135, 135, 135,
    137, 134, 137, 146, 141, 140, 134, 130, 135, 124, 123, 129, 132, 132,
    136, 145, 145, 144, 141, 139, 139, 141, 139, 132, 131, 137, 150, 146,
    138, 133, 132, 132, 132, 134, 128, 130, 135, 149, 155, 169, 177, 194,
    203, 220, 230, 240, 251, 251, 256, 256, 261, 264, 263, 265, 265, 266,
    268, 265, 267, 270, 266, 269, 267 ]
RHandPositionsX: [ 181, 181, 183, 185, 185, 183, 181, 184, 183, 182, 182,
    183, 184, 182, 183, 183, 184, 181, 183, 182, 185, 181, 183, 181, 184,
    181, 185, 182, 181, 181, 182, 184, 183, 183, 182, 183, 183, 185, 185,
    181, 182, 184, 185, 181, 182, 183, 182, 184, 182, 182, 181, 182, 182,
    185, 184, 181, 181, 182, 182, 183, 184, 185, 184, 185, 183, 181, 185,
    182, 182, 183, 184, 184, 185, 184, 181, 181, 182, 184, 185, 184, 183,
    185, 183, 182, 184, 183, 182, 182 ]
RHandPositionsY: [ 277, 277, 277, 279, 280, 277, 277, 277, 280, 276, 276,
    276, 276, 276, 278, 279, 280, 278, 278, 279, 279, 279, 278, 277, 276,
    277, 279, 280, 277, 280, 277, 277, 278, 280, 280, 276, 280, 279, 277,
    278, 276, 279, 276, 277, 280, 279, 278, 279, 277, 277, 277, 278, 278,
    277, 276, 279, 278, 277, 280, 276, 278, 280, 277, 279, 276, 276, 276,
    278, 276, 277, 278, 278, 278, 276, 279, 280, 277, 277, 278, 276, 277,
    276, 277, 280, 276, 276, 276, 276 ]
