%YAML:1.0
---
videoName: "LHShake21.mp4"
gestureLabel: 2
fps: 29
pixelSizeInCmTemp: 3.4214285714285714e-01
faceCenterPointX: 266
faceCenterPointY: 79
LHandPositionsX: [ 351, 351, 363, 375, 383, 394, 398, 408, 423, 416, 418,
    400, 391, 378, 372, 378, 375, 378, 384, 403, 403, 399, 397, 393, 383,
    373, 371, 370, 373, 372, 378, 390, 387, 388, 386, 383, 377, 373, 367,
    366, 370, 371, 374, 388, 386, 385, 399, 392, 380, 375, 367, 366, 365,
    368, 374, 381, 385, 382, 385, 389, 385, 382, 373, 363, 356, 348, 346,
    338, 334, 334, 334, 335, 335, 332, 332, 333, 333, 330, 332, 332, 332,
    334, 330, 333, 332, 330, 332, 330 ]
LHandPositionsY: [ 273, 262, 246, 226, 209, 192, 185, 167, 153, 149, 136,
    134, 132, 136, 133, 133, 131, 129, 128, 127, 129, 131, 131, 133, 135,
    132, 143, 144, 145, 137, 134, 133, 132, 136, 133, 133, 135, 147, 150,
    147, 149, 146, 141, 136, 138, 136, 134, 138, 143, 148, 152, 154, 153,
    155, 153, 144, 142, 139, 143, 147, 153, 160, 171, 180, 188, 203, 214,
    227, 236, 238, 243, 244, 252, 249, 249, 249, 253, 250, 251, 254, 251,
    251, 252, 252, 251, 254, 252, 252 ]
RHandPositionsX: [ 185, 185, 185, 186, 185, 188, 184, 187, 187, 187, 188,
    186, 188, 184, 185, 184, 187, 187, 184, 185, 185, 184, 184, 187, 184,
    184, 189, 187, 187, 186, 187, 186, 187, 188, 186, 186, 186, 188, 184,
    187, 188, 188, 186, 188, 185, 184, 184, 184, 185, 188, 187, 188, 187,
    187, 186, 186, 187, 186, 186, 184, 186, 187, 188, 184, 184, 188, 188,
    185, 184, 188, 187, 186, 185, 187, 187, 188, 187, 188, 188, 186, 184,
    188, 185, 185, 185, 185, 188, 186 ]
RHandPositionsY: [ 268, 267, 265, 267, 268, 265, 265, 268, 268, 268, 268,
    265, 265, 269, 266, 269, 266, 268, 269, 267, 269, 265, 266, 265, 268,
    268, 267, 265, 268, 266, 267, 268, 268, 267, 269, 266, 265, 266, 269,
    268, 267, 268, 269, 267, 265, 265, 269, 266, 268, 265, 269, 269, 267,
    266, 265, 267, 266, 267, 269, 266, 266, 265, 267, 267, 266, 268, 265,
    269, 269, 268, 265, 268, 266, 267, 267, 267, 269, 265, 266, 267, 269,
    267, 269, 267, 269, 269, 265, 265 ]
