%YAML:1.0
---
videoName: "LHShake20.mp4"
gestureLabel: 2
fps: 30
pixelSizeInCmTemp: 3.3732394366197183e-01
faceCenterPointX: 249
faceCenterPointY: 62
LHandPositionsX: [ 313, 312, 316, 312, 313, 317, 315, 314, 315, 318, 321,
    327, 335, 339, 343, 340, 330, 320, 313, 314, 311, 310, 317, 327, 337,
    336, 339, 338, 332, 321, 319, 320, 318, 326, 336, 339, 339, 337, 331,
    326, 326, 322, 321, 326, 334, 329, 327, 331, 326, 318, 320, 318, 318,
    327, 324, 329, 328, 324, 321, 320, 319, 316, 318, 320, 323, 322, 321,
    317, 319, 316, 312, 315, 315, 315, 315, 316, 313, 313, 313, 314, 312,
    314, 314, 315, 315, 314, 315, 313, 312, 316, 315 ]
LHandPositionsY: [ 249, 248, 248, 248, 246, 248, 246, 244, 238, 229, 217,
    205, 187, 176, 171, 164, 162, 159, 161, 163, 161, 158, 149, 149, 142,
    142, 144, 142, 144, 145, 150, 149, 149, 146, 146, 142, 142, 143, 143,
    148, 149, 146, 143, 141, 140, 140, 142, 143, 144, 148, 146, 146, 146,
    141, 139, 135, 135, 136, 138, 141, 146, 143, 145, 148, 148, 150, 157,
    168, 180, 192, 204, 215, 217, 218, 221, 227, 228, 232, 231, 229, 231,
    232, 234, 236, 236, 236, 237, 239, 239, 240, 240 ]
RHandPositionsX: [ 181, 180, 183, 183, 181, 183, 179, 182, 182, 182, 181,
    180, 182, 183, 183, 179, 181, 182, 180, 182, 183, 183, 183, 181, 179,
    179, 183, 179, 180, 181, 181, 181, 181, 183, 183, 181, 183, 181, 179,
    181, 181, 179, 183, 182, 183, 180, 179, 180, 181, 183, 180, 180, 183,
    181, 181, 179, 180, 181, 180, 181, 182, 179, 182, 181, 179, 182, 182,
    180, 179, 182, 183, 180, 179, 179, 183, 181, 178, 181, 180, 179, 179,
    182, 178, 180, 179, 178, 179, 182, 178, 180, 181 ]
RHandPositionsY: [ 256, 257, 254, 257, 256, 255, 254, 254, 253, 254, 253,
    254, 256, 253, 256, 254, 256, 253, 252, 252, 252, 255, 252, 255, 253,
    255, 256, 253, 256, 255, 254, 254, 252, 255, 251, 255, 251, 253, 253,
    253, 253, 251, 253, 252, 255, 255, 252, 253, 255, 251, 254, 251, 255,
    253, 253, 254, 255, 255, 252, 253, 251, 253, 253, 251, 255, 253, 254,
    255, 252, 253, 251, 251, 254, 252, 255, 251, 254, 255, 255, 253, 251,
    255, 253, 253, 255, 254, 252, 252, 255, 254, 254 ]
