%YAML:1.0
---
videoName: "LHShake24.mp4"
gestureLabel: 2
fps: 30
pixelSizeInCmTemp: 3.4214285714285714e-01
faceCenterPointX: 255
faceCenterPointY: 77
LHandPositionsX: [ 327, 326, 330, 328, 326, 330, 330, 328, 327, 331, 334,
    333, 343, 349, 353, 359, 367, 375, 379, 378, 384, 377, 370, 359, 347,
    340, 343, 343, 341, 348, 359, 370, 379, 375, 378, 377, 369, 356, 346,
    338, 340, 338, 345, 354, 366, 363, 367, 367, 364, 352, 342, 339, 342,
    342, 346, 354, 365, 371, 367, 375, 369, 363, 355, 344, 346, 344, 347,
    350, 358, 366, 370, 366, 367, 360, 348, 343, 336, 335, 330, 326, 324,
    327, 327, 326, 327, 329, 328, 329, 325, 328, 326 ]
LHandPositionsY: [ 261, 264, 262, 262, 260, 264, 260, 263, 263, 259, 257,
    254, 249, 237, 226, 209, 194, 185, 172, 172, 159, 154, 149, 155, 159,
    160, 162, 161, 161, 160, 156, 151, 149, 147, 150, 148, 144, 149, 152,
    155, 154, 156, 152, 153, 152, 149, 148, 149, 151, 154, 157, 161, 160,
    162, 161, 161, 162, 157, 157, 157, 157, 160, 159, 162, 164, 164, 160,
    162, 161, 159, 159, 156, 157, 159, 161, 162, 170, 180, 189, 197, 208,
    218, 230, 229, 237, 240, 245, 247, 245, 245, 247 ]
RHandPositionsX: [ 181, 181, 181, 181, 183, 180, 181, 183, 180, 182, 180,
    183, 180, 182, 179, 182, 180, 181, 182, 180, 179, 179, 179, 181, 182,
    183, 181, 180, 181, 183, 180, 182, 180, 180, 180, 183, 183, 181, 179,
    183, 179, 182, 182, 182, 182, 179, 183, 179, 181, 180, 182, 182, 183,
    180, 180, 179, 180, 181, 181, 180, 182, 183, 179, 179, 179, 183, 182,
    183, 182, 182, 182, 182, 180, 180, 182, 179, 182, 181, 182, 183, 180,
    179, 183, 181, 183, 183, 179, 179, 182, 180, 181 ]
RHandPositionsY: [ 269, 268, 270, 270, 268, 270, 267, 271, 269, 270, 268,
    270, 271, 267, 268, 270, 269, 267, 270, 271, 267, 271, 270, 269, 269,
    271, 269, 268, 267, 267, 271, 268, 268, 268, 268, 271, 268, 268, 271,
    267, 270, 269, 269, 267, 267, 268, 267, 270, 268, 270, 270, 267, 269,
    267, 269, 271, 271, 268, 269, 267, 269, 268, 268, 269, 268, 268, 267,
    270, 271, 267, 269, 267, 271, 267, 267, 269, 269, 268, 267, 269, 267,
    271, 267, 267, 267, 271, 270, 271, 270, 270, 269 ]
