%YAML:1.0
---
videoName: "LHShake05.mp4"
gestureLabel: 2
fps: 30
pixelSizeInCmTemp: 3.2364864864864862e-01
faceCenterPointX: 252
faceCenterPointY: 81
LHandPositionsX: [ 293, 294, 292, 293, 291, 295, 291, 292, 291, 294, 295,
    297, 304, 311, 324, 333, 342, 341, 341, 340, 340, 335, 329, 332, 329,
    334, 332, 339, 343, 342, 344, 339, 330, 324, 323, 324, 328, 330, 334,
    338, 337, 328, 323, 319, 321, 323, 328, 333, 336, 338, 332, 330, 323,
    324, 322, 327, 331, 334, 340, 337, 335, 329, 329, 328, 330, 334, 339,
    339, 338, 336, 335, 324, 322, 317, 313, 307, 303, 299, 299, 297, 294,
    295, 296, 294, 292, 294, 293, 295, 291, 293, 296 ]
LHandPositionsY: [ 270, 270, 267, 268, 267, 265, 268, 268, 263, 256, 244,
    226, 212, 197, 186, 172, 164, 160, 157, 156, 155, 156, 155, 155, 156,
    153, 148, 146, 142, 136, 136, 140, 144, 147, 143, 145, 142, 141, 137,
    136, 131, 140, 141, 142, 143, 140, 140, 138, 136, 131, 135, 140, 141,
    144, 142, 145, 139, 140, 137, 140, 139, 143, 144, 143, 145, 142, 138,
    137, 135, 141, 142, 151, 159, 170, 177, 189, 200, 211, 218, 228, 233,
    237, 237, 243, 247, 248, 253, 253, 253, 255, 259 ]
RHandPositionsX: [ 213, 212, 210, 210, 210, 212, 213, 214, 212, 213, 212,
    211, 210, 210, 209, 210, 211, 209, 211, 210, 209, 208, 210, 209, 208,
    209, 208, 207, 207, 209, 207, 206, 209, 208, 210, 206, 209, 209, 206,
    208, 208, 208, 208, 209, 207, 209, 207, 206, 207, 210, 206, 208, 206,
    207, 206, 209, 206, 210, 206, 207, 209, 210, 210, 207, 206, 209, 206,
    206, 206, 207, 210, 209, 210, 207, 209, 209, 209, 207, 209, 209, 206,
    210, 207, 209, 210, 210, 209, 208, 211, 211, 211 ]
RHandPositionsY: [ 264, 266, 266, 262, 262, 264, 266, 265, 264, 266, 263,
    264, 264, 265, 264, 265, 262, 264, 263, 264, 264, 263, 266, 266, 264,
    264, 263, 264, 263, 262, 262, 262, 265, 264, 265, 262, 263, 262, 265,
    263, 262, 262, 263, 262, 261, 263, 261, 264, 262, 265, 264, 261, 261,
    265, 263, 265, 261, 262, 264, 261, 262, 263, 264, 261, 262, 262, 262,
    263, 263, 265, 261, 265, 263, 262, 264, 264, 265, 265, 264, 265, 261,
    263, 264, 262, 264, 265, 262, 264, 261, 261, 264 ]
