%YAML:1.0
---
videoName: "LHShake18.mp4"
gestureLabel: 2
fps: 29
pixelSizeInCmTemp: 3.4214285714285714e-01
faceCenterPointX: 253
faceCenterPointY: 65
LHandPositionsX: [ 314, 311, 313, 311, 315, 315, 314, 315, 315, 311, 312,
    312, 314, 314, 314, 313, 313, 318, 321, 325, 331, 339, 342, 346, 348,
    350, 337, 326, 313, 299, 302, 303, 309, 314, 311, 312, 313, 307, 299,
    291, 295, 301, 305, 314, 311, 311, 308, 297, 287, 283, 284, 299, 305,
    314, 313, 309, 308, 292, 284, 286, 292, 303, 306, 309, 311, 305, 306,
    294, 296, 298, 306, 305, 309, 311, 313, 313, 305, 304, 307, 307, 306,
    308, 306, 306, 309, 311, 308, 307 ]
LHandPositionsY: [ 248, 246, 246, 246, 247, 246, 249, 247, 250, 247, 248,
    248, 249, 248, 249, 250, 245, 247, 243, 236, 218, 201, 187, 175, 169,
    158, 155, 146, 145, 138, 136, 145, 144, 144, 140, 143, 140, 144, 144,
    140, 137, 141, 145, 144, 144, 146, 147, 146, 144, 140, 140, 148, 150,
    146, 147, 148, 150, 141, 143, 145, 148, 152, 152, 150, 153, 154, 159,
    145, 147, 150, 154, 154, 155, 156, 162, 166, 177, 188, 196, 207, 216,
    216, 221, 233, 236, 232, 234, 235 ]
RHandPositionsX: [ 197, 195, 194, 196, 196, 195, 196, 197, 195, 197, 198,
    198, 197, 199, 196, 195, 196, 199, 198, 199, 196, 195, 196, 196, 196,
    195, 199, 197, 195, 195, 197, 194, 197, 198, 198, 195, 195, 197, 200,
    195, 195, 195, 197, 198, 195, 195, 198, 198, 199, 198, 197, 196, 199,
    196, 198, 198, 200, 196, 196, 196, 197, 197, 197, 199, 195, 197, 195,
    199, 195, 197, 195, 194, 196, 198, 196, 195, 198, 194, 195, 198, 194,
    197, 194, 198, 195, 197, 195, 196 ]
RHandPositionsY: [ 263, 265, 266, 262, 262, 267, 265, 264, 266, 264, 264,
    266, 267, 263, 267, 267, 264, 264, 265, 264, 267, 265, 265, 264, 266,
    266, 263, 265, 265, 264, 262, 264, 265, 263, 266, 265, 263, 265, 266,
    264, 266, 267, 266, 266, 265, 267, 266, 264, 264, 267, 267, 267, 265,
    266, 265, 268, 264, 267, 265, 269, 265, 268, 267, 269, 269, 264, 265,
    264, 267, 264, 264, 268, 268, 264, 268, 268, 267, 265, 268, 267, 267,
    267, 265, 266, 265, 268, 266, 266 ]
