%YAML:1.0
---
videoName: "LHShake14.mp4"
gestureLabel: 2
fps: 29
pixelSizeInCmTemp: 3.2808219178082193e-01
faceCenterPointX: 256
faceCenterPointY: 64
LHandPositionsX: [ 348, 355, 351, 357, 366, 383, 392, 387, 388, 381, 369,
    361, 359, 355, 363, 371, 381, 384, 383, 382, 376, 363, 356, 354, 351,
    357, 369, 379, 386, 388, 386, 378, 370, 358, 359, 355, 361, 369, 383,
    381, 382, 379, 369, 362, 359, 357, 361, 365, 373, 376, 378, 376, 370,
    363, 357, 350, 344, 335, 334, 329, 327, 331, 330, 331, 332, 329, 330,
    329, 330, 328, 330, 328, 331, 331, 331, 329, 330, 330, 330, 327, 327,
    327, 327, 330, 330, 330, 328, 331 ]
LHandPositionsY: [ 149, 146, 145, 147, 142, 139, 142, 139, 143, 142, 144,
    146, 149, 146, 147, 144, 138, 140, 141, 141, 142, 142, 145, 147, 148,
    149, 145, 145, 140, 140, 142, 140, 146, 146, 146, 149, 144, 147, 142,
    142, 141, 142, 143, 143, 143, 140, 142, 139, 140, 141, 144, 144, 148,
    154, 158, 168, 178, 186, 201, 210, 220, 233, 235, 239, 243, 247, 249,
    251, 249, 248, 250, 252, 252, 250, 248, 249, 251, 250, 252, 248, 249,
    252, 251, 248, 249, 250, 252, 252 ]
RHandPositionsX: [ 182, 183, 184, 182, 179, 180, 181, 179, 180, 183, 179,
    181, 182, 178, 181, 176, 178, 176, 178, 178, 175, 175, 176, 176, 179,
    175, 178, 178, 179, 177, 178, 176, 178, 175, 176, 177, 178, 177, 177,
    176, 176, 177, 177, 177, 177, 176, 179, 179, 177, 175, 178, 179, 176,
    178, 177, 175, 176, 179, 179, 176, 175, 178, 178, 177, 178, 175, 176,
    178, 177, 175, 178, 176, 176, 179, 177, 179, 176, 178, 175, 176, 175,
    177, 175, 175, 175, 176, 177, 175 ]
RHandPositionsY: [ 279, 276, 279, 276, 279, 279, 275, 275, 275, 277, 277,
    275, 277, 276, 278, 275, 275, 276, 275, 276, 276, 273, 274, 273, 273,
    275, 274, 273, 274, 273, 273, 276, 276, 277, 277, 275, 277, 276, 276,
    278, 273, 275, 277, 274, 276, 277, 277, 277, 273, 276, 275, 274, 273,
    276, 276, 276, 273, 277, 276, 273, 275, 273, 277, 275, 273, 274, 275,
    277, 277, 277, 275, 277, 274, 276, 274, 273, 276, 277, 273, 277, 276,
    274, 277, 277, 276, 273, 275, 275 ]
