%YAML:1.0
---
videoName: "LHShake24.mp4"
gestureLabel: 2
fps: 30
pixelSizeInCmTemp: 3.4214285714285714e-01
faceCenterPointX: 255
faceCenterPointY: 77
LHandPositionsX: [ 327, 327, 327, 326, 327, 329, 329, 329, 330, 329, 333,
    336, 340, 348, 353, 361, 368, 374, 380, 382, 381, 380, 374, 359, 346,
    343, 343, 340, 344, 351, 358, 368, 380, 378, 377, 373, 366, 356, 345,
    340, 342, 340, 342, 355, 364, 366, 364, 367, 365, 354, 344, 337, 339,
    340, 343, 352, 364, 370, 370, 371, 370, 361, 352, 347, 346, 346, 346,
    351, 360, 370, 367, 369, 367, 361, 349, 344, 338, 334, 329, 326, 323,
    323, 328, 326, 328, 326, 326, 326, 327, 326, 327 ]
LHandPositionsY: [ 261, 264, 260, 264, 262, 261, 262, 262, 261, 262, 257,
    255, 247, 235, 224, 210, 193, 185, 170, 173, 160, 155, 152, 152, 159,
    162, 161, 163, 164, 160, 158, 151, 148, 148, 149, 146, 147, 149, 150,
    154, 152, 152, 153, 153, 150, 152, 148, 151, 150, 156, 161, 165, 164,
    165, 164, 159, 158, 159, 159, 157, 157, 160, 158, 163, 162, 163, 163,
    162, 159, 156, 160, 156, 155, 157, 161, 165, 170, 181, 189, 196, 208,
    217, 230, 232, 233, 239, 241, 246, 246, 247, 246 ]
RHandPositionsX: [ 180, 183, 181, 182, 182, 183, 180, 181, 179, 180, 182,
    179, 179, 182, 180, 179, 181, 180, 181, 183, 179, 180, 180, 182, 181,
    179, 182, 179, 183, 180, 182, 181, 180, 183, 181, 183, 183, 183, 181,
    181, 183, 180, 183, 182, 180, 183, 183, 181, 180, 183, 181, 182, 182,
    180, 181, 181, 181, 182, 180, 182, 182, 181, 179, 182, 181, 183, 180,
    181, 182, 180, 182, 183, 179, 179, 179, 181, 183, 182, 183, 180, 183,
    182, 182, 179, 183, 180, 180, 183, 182, 180, 182 ]
RHandPositionsY: [ 268, 271, 268, 270, 268, 271, 267, 267, 267, 270, 271,
    267, 269, 268, 270, 269, 270, 270, 269, 269, 268, 269, 270, 269, 269,
    269, 270, 267, 268, 268, 271, 270, 270, 269, 270, 269, 268, 267, 270,
    267, 268, 271, 269, 271, 270, 268, 270, 269, 271, 271, 271, 268, 270,
    269, 268, 271, 270, 269, 268, 269, 267, 270, 271, 267, 269, 270, 267,
    268, 268, 271, 271, 270, 271, 271, 268, 268, 270, 270, 269, 269, 268,
    269, 267, 270, 271, 268, 271, 270, 267, 267, 269 ]
