%YAML:1.0
---
videoName: "LHShake24.mp4"
gestureLabel: 2
fps: 30
pixelSizeInCmTemp: 3.4214285714285714e-01
faceCenterPointX: 255
faceCenterPointY: 77
LHandPositionsX: [ 327, 330, 330, 330, 327, 328, 328, 328, 327, 329, 333,
    336, 339, 347, 354, 361, 370, 373, 381, 378, 383, 380, 370, 360, 347,
    342, 342, 340, 343, 351, 356, 369, 378, 379, 378, 377, 368, 358, 346,
    338, 339, 336, 342, 351, 364, 366, 364, 367, 362, 355, 342, 341, 340,
    339, 346, 355, 365, 374, 368, 373, 371, 363, 355, 345, 347, 343, 345,
    354, 358, 370, 369, 368, 367, 358, 352, 343, 336, 331, 328, 326, 325,
    325, 324, 327, 328, 327, 325, 329, 325, 325, 324 ]
LHandPositionsY: [ 262, 261, 262, 264, 260, 260, 261, 264, 264, 260, 261,
    254, 246, 235, 224, 209, 195, 185, 174, 170, 158, 151, 149, 153, 155,
    164, 164, 165, 160, 160, 156, 152, 149, 149, 150, 147, 147, 148, 154,
    153, 156, 154, 152, 154, 151, 149, 149, 149, 151, 154, 160, 164, 163,
    161, 163, 159, 162, 156, 159, 154, 156, 159, 158, 162, 164, 164, 164,
    159, 159, 159, 158, 159, 157, 157, 157, 162, 170, 181, 187, 197, 206,
    221, 232, 230, 233, 238, 243, 247, 245, 249, 249 ]
RHandPositionsX: [ 181, 182, 183, 182, 183, 179, 181, 180, 180, 180, 180,
    183, 180, 181, 180, 180, 180, 182, 182, 179, 183, 181, 180, 181, 182,
    179, 181, 181, 180, 179, 180, 179, 181, 181, 181, 182, 180, 179, 183,
    180, 182, 181, 180, 179, 181, 181, 183, 179, 179, 183, 181, 179, 181,
    181, 181, 182, 183, 183, 180, 180, 182, 182, 179, 180, 183, 180, 179,
    183, 182, 182, 182, 183, 179, 182, 180, 179, 183, 182, 181, 183, 183,
    183, 182, 179, 181, 182, 179, 180, 183, 182, 183 ]
RHandPositionsY: [ 271, 270, 269, 269, 267, 271, 268, 271, 268, 268, 271,
    267, 268, 269, 270, 267, 267, 268, 267, 270, 267, 271, 270, 267, 271,
    267, 270, 270, 267, 267, 267, 271, 270, 270, 269, 268, 269, 271, 267,
    270, 269, 269, 268, 270, 267, 269, 269, 271, 271, 270, 270, 268, 270,
    268, 267, 271, 271, 269, 269, 269, 267, 269, 268, 270, 268, 269, 268,
    270, 271, 269, 269, 269, 269, 271, 267, 267, 270, 269, 270, 269, 269,
    269, 268, 270, 271, 271, 270, 271, 271, 271, 267 ]
