%YAML:1.0
---
videoName: "LHShake16.mp4"
gestureLabel: 2
fps: 30
pixelSizeInCmTemp: 3.3732394366197183e-01
faceCenterPointX: 247
faceCenterPointY: 66
LHandPositionsX: [ 326, 326, 327, 327, 328, 336, 343, 355, 362, 372, 384,
    392, 403, 412, 408, 401, 399, 391, 378, 362, 355, 355, 362, 373, 381,
    397, 394, 394, 389, 385, 375, 368, 370, 368, 371, 378, 388, 388, 401,
    397, 384, 376, 367, 366, 363, 371, 372, 384, 399, 406, 398, 384, 374,
    361, 364, 363, 361, 367, 375, 390, 388, 384, 386, 381, 373, 368, 357,
    348, 345, 336, 334, 332, 333, 329, 332, 327, 331, 327, 330, 328, 329,
    326, 328, 326, 325, 325, 325, 326, 328, 326, 326 ]
LHandPositionsY: [ 254, 255, 253, 254, 251, 247, 236, 220, 209, 195, 179,
    170, 152, 146, 140, 134, 123, 116, 119, 114, 120, 117, 124, 116, 113,
    113, 116, 117, 118, 114, 123, 128, 132, 135, 126, 118, 117, 121, 119,
    118, 117, 129, 134, 134, 135, 135, 130, 128, 124, 123, 122, 130, 136,
    142, 142, 143, 146, 143, 134, 128, 130, 131, 127, 134, 140, 153, 161,
    172, 179, 196, 208, 216, 224, 227, 233, 232, 239, 237, 238, 237, 242,
    243, 241, 241, 246, 242, 244, 243, 242, 243, 243 ]
RHandPositionsX: [ 177, 176, 179, 176, 176, 177, 176, 177, 177, 177, 175,
    175, 175, 176, 175, 179, 177, 176, 176, 179, 179, 178, 175, 176, 176,
    176, 176, 176, 178, 178, 178, 178, 175, 178, 175, 177, 178, 179, 178,
    179, 178, 179, 175, 178, 176, 179, 179, 176, 176, 177, 177, 175, 178,
    175, 179, 177, 177, 175, 176, 178, 178, 179, 177, 179, 175, 175, 177,
    179, 175, 175, 175, 175, 177, 175, 178, 176, 179, 177, 175, 178, 176,
    177, 179, 175, 176, 176, 178, 177, 179, 176, 176 ]
RHandPositionsY: [ 261, 261, 262, 259, 258, 261, 260, 258, 259, 259, 259,
    259, 260, 259, 260, 262, 258, 260, 259, 261, 258, 259, 260, 260, 262,
    259, 261, 258, 259, 259, 259, 261, 259, 261, 258, 258, 261, 261, 260,
    262, 258, 262, 259, 260, 258, 258, 262, 260, 258, 258, 258, 261, 258,
    258, 260, 262, 258, 259, 261, 260, 259, 260, 262, 259, 261, 262, 260,
    262, 260, 261, 260, 260, 260, 261, 258, 261, 258, 259, 259, 261, 259,
    261, 261, 260, 261, 260, 258, 261, 259, 259, 259 ]
