%YAML:1.0
---
videoName: "LHShake09.mp4"
gestureLabel: 2
fps: 29
pixelSizeInCmTemp: 3.3263888888888887e-01
faceCenterPointX: 259
faceCenterPointY: 67
LHandPositionsX: [ 340, 336, 340, 337, 341, 345, 348, 355, 349, 357, 357,
    366, 368, 369, 368, 364, 361, 350, 340, 331, 330, 334, 327, 329, 337,
    347, 351, 351, 350, 350, 350, 348, 340, 338, 338, 336, 338, 343, 351,
    362, 367, 366, 367, 362, 355, 346, 338, 336, 334, 336, 341, 347, 352,
    353, 354, 356, 357, 348, 344, 334, 336, 337, 335, 334, 344, 348, 354,
    352, 354, 351, 351, 341, 336, 329, 323, 321, 317, 320, 324, 328, 329,
    326, 329, 330, 332, 333, 332, 332 ]
LHandPositionsY: [ 273, 275, 273, 274, 272, 270, 264, 258, 247, 236, 231,
    215, 201, 198, 183, 176, 169, 163, 158, 157, 158, 157, 157, 153, 152,
    151, 147, 147, 145, 144, 147, 150, 151, 156, 153, 152, 156, 153, 151,
    155, 155, 153, 151, 154, 156, 157, 155, 155, 154, 154, 155, 153, 153,
    151, 152, 149, 149, 153, 152, 150, 151, 152, 152, 152, 151, 153, 150,
    149, 150, 150, 149, 155, 162, 170, 181, 193, 206, 220, 231, 243, 244,
    246, 252, 256, 255, 261, 259, 260 ]
RHandPositionsX: [ 179, 179, 180, 177, 180, 176, 180, 176, 177, 179, 177,
    176, 176, 176, 178, 179, 178, 177, 180, 179, 176, 178, 179, 179, 180,
    178, 178, 178, 180, 179, 177, 176, 176, 177, 176, 178, 176, 176, 179,
    178, 177, 177, 176, 179, 176, 176, 179, 176, 177, 179, 176, 180, 177,
    178, 179, 176, 180, 178, 178, 177, 178, 178, 180, 177, 178, 180, 180,
    177, 177, 178, 177, 177, 177, 180, 180, 176, 178, 179, 176, 178, 179,
    180, 178, 178, 180, 179, 178, 176 ]
RHandPositionsY: [ 278, 278, 277, 279, 277, 279, 275, 279, 279, 277, 279,
    277, 279, 279, 278, 277, 276, 276, 276, 276, 277, 277, 275, 278, 275,
    279, 279, 278, 275, 278, 277, 275, 276, 279, 275, 277, 278, 277, 276,
    279, 275, 279, 277, 278, 277, 275, 275, 276, 278, 275, 276, 279, 277,
    278, 279, 275, 276, 275, 277, 277, 278, 277, 278, 279, 279, 278, 276,
    279, 275, 277, 276, 279, 276, 277, 279, 277, 277, 278, 279, 276, 277,
    277, 277, 276, 278, 278, 275, 275 ]
