%YAML:1.0
---
videoName: "LHShake08.mp4"
gestureLabel: 2
fps: 29
pixelSizeInCmTemp: 3.4710144927536229e-01
faceCenterPointX: 261
faceCenterPointY: 69
LHandPositionsX: [ 342, 343, 344, 345, 352, 345, 356, 363, 370, 370, 372,
    371, 379, 369, 355, 345, 339, 339, 341, 341, 348, 360, 368, 363, 364,
    361, 359, 352, 345, 336, 340, 337, 345, 350, 357, 366, 368, 366, 369,
    362, 352, 342, 337, 337, 338, 336, 340, 348, 358, 359, 355, 358, 354,
    351, 345, 344, 342, 343, 344, 350, 356, 365, 374, 370, 368, 370, 366,
    357, 353, 347, 339, 336, 332, 333, 330, 332, 335, 337, 337, 335, 339,
    337, 335, 336, 339, 339, 338, 335 ]
LHandPositionsY: [ 265, 265, 264, 255, 251, 236, 218, 199, 185, 172, 165,
    154, 145, 145, 145, 144, 150, 150, 150, 151, 150, 143, 141, 141, 140,
    139, 141, 143, 147, 152, 151, 154, 152, 153, 149, 147, 146, 147, 146,
    152, 152, 154, 160, 158, 160, 163, 160, 158, 155, 153, 156, 153, 152,
    153, 161, 160, 161, 162, 159, 157, 153, 150, 148, 147, 146, 144, 148,
    153, 160, 168, 173, 186, 196, 206, 219, 233, 242, 247, 249, 252, 254,
    254, 252, 253, 258, 256, 255, 255 ]
RHandPositionsX: [ 175, 176, 176, 175, 173, 176, 175, 173, 172, 172, 174,
    174, 174, 173, 172, 172, 176, 174, 176, 173, 176, 173, 176, 172, 172,
    174, 174, 173, 174, 172, 176, 173, 176, 176, 174, 175, 177, 175, 176,
    178, 174, 177, 173, 174, 177, 177, 178, 178, 177, 176, 178, 178, 175,
    178, 174, 175, 176, 174, 174, 175, 175, 178, 178, 175, 176, 177, 178,
    178, 178, 176, 176, 174, 174, 174, 175, 174, 175, 175, 174, 177, 178,
    174, 176, 177, 177, 174, 177, 177 ]
RHandPositionsY: [ 276, 275, 276, 273, 275, 273, 277, 274, 275, 275, 274,
    276, 277, 273, 277, 277, 277, 277, 276, 273, 275, 277, 274, 276, 275,
    275, 275, 273, 277, 277, 275, 277, 273, 277, 275, 273, 274, 274, 275,
    274, 275, 275, 277, 277, 273, 275, 275, 277, 274, 275, 275, 273, 275,
    274, 277, 277, 273, 274, 275, 277, 276, 276, 273, 273, 276, 273, 277,
    276, 274, 277, 274, 273, 277, 275, 274, 273, 275, 275, 274, 274, 275,
    277, 277, 275, 276, 276, 273, 277 ]
