%YAML:1.0
---
videoName: "LHShake13.mp4"
gestureLabel: 2
fps: 29
pixelSizeInCmTemp: 3.4214285714285714e-01
faceCenterPointX: 257
faceCenterPointY: 76
LHandPositionsX: [ 323, 327, 324, 325, 327, 323, 324, 326, 326, 328, 330,
    335, 341, 350, 363, 372, 378, 388, 391, 389, 383, 375, 362, 350, 341,
    343, 340, 341, 349, 357, 375, 371, 365, 362, 355, 347, 342, 341, 342,
    348, 361, 367, 366, 364, 361, 349, 342, 345, 345, 350, 357, 366, 366,
    362, 363, 355, 349, 345, 345, 344, 350, 357, 364, 369, 367, 362, 359,
    354, 345, 338, 333, 325, 323, 326, 327, 327, 325, 328, 328, 328, 327,
    328, 324, 326, 324, 325, 324, 325 ]
LHandPositionsY: [ 261, 262, 262, 260, 262, 260, 259, 262, 262, 256, 254,
    249, 235, 228, 210, 197, 183, 173, 166, 157, 152, 153, 152, 156, 155,
    155, 159, 158, 155, 144, 141, 139, 142, 144, 148, 155, 159, 156, 156,
    159, 155, 155, 155, 155, 156, 160, 162, 163, 164, 162, 157, 156, 155,
    159, 158, 159, 164, 165, 161, 160, 159, 160, 154, 151, 152, 149, 145,
    151, 157, 164, 170, 180, 191, 207, 219, 232, 244, 246, 245, 246, 247,
    249, 248, 248, 246, 250, 247, 249 ]
RHandPositionsX: [ 183, 184, 181, 182, 182, 181, 181, 182, 185, 184, 183,
    181, 183, 184, 185, 184, 181, 182, 181, 181, 181, 181, 182, 185, 181,
    181, 181, 185, 185, 182, 184, 183, 185, 185, 185, 183, 185, 185, 183,
    183, 183, 182, 182, 185, 185, 184, 183, 183, 184, 182, 181, 182, 183,
    182, 182, 181, 182, 185, 185, 184, 181, 181, 181, 183, 181, 182, 184,
    184, 181, 182, 181, 183, 185, 185, 184, 184, 183, 185, 185, 181, 185,
    183, 185, 184, 182, 181, 181, 185 ]
RHandPositionsY: [ 271, 271, 269, 268, 268, 267, 268, 271, 271, 270, 269,
    269, 268, 269, 269, 270, 269, 270, 268, 270, 270, 267, 268, 269, 269,
    267, 268, 269, 268, 271, 271, 268, 268, 269, 269, 270, 268, 267, 270,
    270, 267, 271, 267, 270, 268, 268, 268, 268, 268, 271, 270, 268, 269,
    271, 270, 269, 271, 270, 268, 270, 270, 269, 268, 270, 269, 267, 267,
    268, 268, 267, 268, 270, 271, 267, 267, 271, 267, 270, 269, 268, 269,
    270, 267, 268, 270, 267, 267, 267 ]
