%YAML:1.0
---
videoName: "LHShake06.mp4"
gestureLabel: 2
fps: 29
pixelSizeInCmTemp: 3.3732394366197183e-01
faceCenterPointX: 250
faceCenterPointY: 80
LHandPositionsX: [ 384, 387, 388, 386, 385, 381, 375, 373, 371, 372, 374,
    383, 386, 390, 395, 397, 392, 389, 379, 378, 374, 376, 384, 389, 390,
    392, 390, 388, 385, 380, 381, 380, 384, 387, 389, 388, 387, 383, 379,
    383, 380, 382, 384, 388, 391, 389, 388, 385, 381, 381, 379, 385, 385,
    392, 394, 401, 399, 397, 391, 387, 380, 370, 360, 358, 352, 346, 339,
    327, 320, 311, 309, 308, 304, 303, 301, 301, 302, 302, 301, 299, 302,
    300, 298, 298, 300, 299, 301, 299 ]
LHandPositionsY: [ 148, 149, 146, 140, 137, 137, 139, 135, 138, 136, 134,
    131, 130, 129, 127, 127, 130, 134, 135, 136, 134, 134, 129, 132, 130,
    125, 129, 129, 128, 127, 129, 128, 127, 127, 124, 126, 126, 127, 128,
    127, 126, 126, 124, 124, 122, 125, 124, 126, 125, 129, 128, 124, 123,
    122, 121, 120, 123, 122, 127, 128, 130, 140, 147, 149, 161, 173, 191,
    206, 214, 223, 232, 232, 235, 240, 245, 246, 253, 250, 250, 254, 253,
    251, 252, 254, 253, 256, 255, 258 ]
RHandPositionsX: [ 214, 213, 211, 211, 211, 212, 210, 210, 213, 213, 211,
    211, 210, 210, 212, 212, 209, 209, 210, 211, 213, 210, 212, 210, 209,
    211, 212, 212, 212, 209, 208, 210, 208, 209, 208, 211, 211, 210, 212,
    212, 212, 209, 210, 212, 211, 208, 207, 210, 208, 208, 211, 208, 208,
    208, 207, 207, 208, 207, 207, 208, 208, 209, 208, 207, 209, 207, 207,
    208, 208, 209, 211, 209, 209, 208, 212, 208, 210, 211, 212, 208, 211,
    212, 208, 211, 213, 211, 210, 211 ]
RHandPositionsY: [ 270, 271, 268, 268, 269, 269, 271, 267, 270, 271, 268,
    270, 266, 267, 266, 266, 269, 270, 268, 267, 268, 265, 269, 268, 268,
    267, 265, 265, 266, 269, 266, 266, 268, 265, 267, 267, 269, 265, 267,
    268, 269, 266, 267, 265, 267, 266, 270, 268, 265, 268, 269, 269, 267,
    266, 267, 266, 268, 267, 265, 267, 268, 267, 269, 269, 267, 266, 266,
    268, 267, 269, 269, 265, 268, 268, 267, 267, 266, 265, 269, 265, 269,
    265, 266, 265, 268, 265, 267, 265 ]
