%YAML:1.0
---
videoName: "LHShake12.mp4"
gestureLabel: 2
fps: 29
pixelSizeInCmTemp: 3.3263888888888887e-01
faceCenterPointX: 259
faceCenterPointY: 64
LHandPositionsX: [ 369, 356, 347, 348, 348, 346, 351, 363, 375, 384, 379,
    378, 375, 367, 352, 344, 349, 346, 349, 354, 365, 374, 377, 378, 379,
    369, 361, 351, 340, 341, 341, 342, 349, 361, 370, 371, 369, 372, 370,
    356, 350, 339, 345, 344, 347, 354, 365, 372, 365, 368, 368, 359, 346,
    341, 339, 340, 339, 347, 355, 365, 368, 370, 369, 365, 353, 343, 333,
    326, 322, 320, 318, 317, 319, 325, 331, 331, 333, 335, 334, 335, 334,
    336, 335, 335, 335, 333, 333, 337 ]
LHandPositionsY: [ 167, 164, 164, 165, 160, 160, 155, 154, 152, 149, 153,
    152, 150, 155, 156, 158, 159, 156, 155, 155, 149, 147, 146, 146, 144,
    144, 147, 149, 151, 155, 155, 154, 148, 148, 147, 147, 148, 145, 145,
    151, 151, 158, 154, 156, 155, 155, 152, 149, 152, 151, 150, 150, 152,
    158, 159, 157, 154, 153, 149, 144, 143, 143, 142, 145, 150, 154, 163,
    168, 176, 187, 196, 208, 224, 234, 244, 243, 249, 249, 252, 257, 257,
    257, 255, 255, 257, 258, 256, 259 ]
RHandPositionsX: [ 177, 177, 174, 175, 178, 178, 175, 178, 174, 174, 175,
    178, 174, 177, 177, 178, 178, 177, 175, 178, 177, 174, 176, 174, 178,
    175, 178, 174, 178, 174, 178, 177, 178, 177, 177, 174, 178, 175, 176,
    175, 174, 174, 176, 174, 177, 175, 175, 176, 175, 175, 176, 175, 178,
    174, 176, 175, 177, 178, 174, 174, 178, 174, 175, 177, 176, 178, 177,
    178, 175, 175, 175, 177, 175, 174, 178, 178, 174, 175, 178, 174, 174,
    178, 174, 177, 175, 174, 174, 177 ]
RHandPositionsY: [ 274, 275, 275, 275, 274, 274, 271, 271, 271, 271, 274,
    271, 273, 272, 274, 275, 275, 274, 273, 273, 272, 271, 275, 273, 273,
    273, 272, 271, 272, 274, 273, 275, 273, 275, 272, 272, 272, 273, 271,
    271, 273, 275, 274, 271, 274, 272, 271, 272, 273, 274, 272, 272, 273,
    271, 271, 272, 274, 272, 272, 271, 272, 273, 274, 274, 275, 275, 273,
    275, 272, 272, 275, 273, 271, 271, 275, 275, 275, 275, 271, 272, 275,
    275, 273, 271, 271, 272, 275, 272 ]
