%YAML:1.0
---
videoName: "LHShake19.mp4"
gestureLabel: 2
fps: 29
pixelSizeInCmTemp: 3.3732394366197183e-01
faceCenterPointX: 250
faceCenterPointY: 62
LHandPositionsX: [ 305, 307, 307, 307, 307, 309, 306, 305, 306, 305, 306,
    305, 307, 305, 306, 307, 311, 317, 319, 327, 326, 320, 311, 290, 288,
    288, 290, 300, 307, 317, 316, 313, 307, 296, 286, 289, 294, 300, 309,
    317, 320, 313, 306, 290, 291, 295, 300, 308, 313, 312, 309, 309, 297,
    294, 297, 303, 309, 313, 316, 318, 314, 308, 303, 300, 296, 294, 290,
    295, 298, 301, 303, 301, 305, 306, 304, 305, 307, 310, 307, 310, 310,
    309, 308, 311, 311, 307, 311, 307 ]
LHandPositionsY: [ 249, 251, 252, 248, 251, 252, 251, 249, 249, 252, 250,
    248, 249, 246, 245, 240, 230, 215, 201, 191, 180, 169, 163, 163, 155,
    154, 156, 156, 155, 153, 151, 154, 155, 151, 149, 147, 153, 153, 152,
    151, 152, 152, 156, 146, 145, 151, 153, 153, 152, 150, 152, 156, 146,
    147, 156, 155, 157, 153, 153, 151, 155, 153, 158, 164, 166, 170, 181,
    191, 199, 208, 214, 214, 217, 223, 224, 228, 232, 234, 234, 238, 236,
    236, 237, 240, 238, 240, 238, 237 ]
RHandPositionsX: [ 195, 199, 197, 198, 195, 196, 196, 199, 197, 196, 197,
    195, 197, 198, 198, 199, 197, 199, 198, 195, 195, 196, 199, 196, 197,
    198, 195, 196, 196, 194, 197, 193, 193, 196, 192, 196, 194, 192, 193,
    195, 194, 191, 194, 193, 193, 194, 192, 192, 195, 192, 193, 193, 193,
    194, 192, 195, 194, 193, 192, 191, 192, 193, 194, 192, 195, 191, 192,
    195, 193, 191, 191, 191, 194, 195, 195, 193, 192, 191, 195, 194, 194,
    192, 192, 192, 193, 193, 193, 193 ]
RHandPositionsY: [ 256, 256, 255, 257, 256, 255, 257, 257, 258, 257, 255,
    256, 258, 254, 256, 256, 257, 258, 258, 257, 254, 256, 257, 255, 255,
    258, 255, 255, 254, 255, 256, 256, 254, 256, 254, 258, 256, 255, 256,
    255, 256, 254, 257, 254, 254, 254, 256, 254, 257, 257, 258, 256, 254,
    258, 254, 254, 256, 256, 257, 258, 255, 255, 255, 256, 254, 256, 255,
    256, 257, 255, 255, 256, 255, 257, 254, 257, 254, 254, 256, 258, 257,
    254, 256, 258, 257, 254, 256, 255 ]
