%YAML:1.0
---
videoName: "LHShake01.mp4"
gestureLabel: 2
fps: 29
pixelSizeInCmTemp: 3.4214285714285714e-01
faceCenterPointX: 252
faceCenterPointY: 84
LHandPositionsX: [ 366, 364, 363, 362, 358, 354, 346, 342, 336, 331, 331,
    333, 339, 343, 350, 354, 358, 356, 350, 349, 342, 343, 340, 336, 337,
    339, 343, 349, 352, 352, 349, 349, 347, 342, 337, 333, 332, 334, 334,
    341, 345, 349, 346, 350, 348, 347, 343, 341, 336, 332, 334, 335, 334,
    340, 347, 351, 348, 351, 348, 346, 345, 342, 337, 333, 327, 328, 330,
    331, 331, 328, 332, 334, 334, 338, 341, 341, 344, 345, 346, 347, 347,
    350, 349, 350, 353, 352, 351, 348 ]
LHandPositionsY: [ 144, 137, 134, 129, 124, 120, 116, 121, 118, 123, 120,
    119, 120, 116, 114, 113, 109, 109, 109, 109, 111, 112, 113, 114, 114,
    114, 110, 109, 107, 105, 105, 105, 108, 110, 113, 116, 111, 114, 114,
    111, 110, 105, 107, 106, 105, 105, 107, 106, 109, 108, 109, 108, 110,
    107, 102, 105, 105, 102, 103, 105, 106, 106, 107, 120, 132, 143, 151,
    159, 162, 162, 172, 180, 190, 199, 207, 214, 220, 222, 224, 223, 226,
    229, 229, 229, 229, 231, 228, 229 ]
RHandPositionsX: [ 156, 156, 155, 155, 154, 153, 153, 154, 153, 157, 156,
    155, 155, 153, 153, 157, 157, 154, 155, 157, 157, 154, 156, 156, 154,
    153, 154, 157, 155, 156, 157, 154, 157, 154, 155, 154, 154, 157, 157,
    155, 154, 157, 153, 153, 153, 155, 156, 153, 155, 153, 154, 154, 155,
    155, 156, 155, 157, 155, 157, 155, 157, 153, 153, 153, 157, 157, 153,
    154, 155, 156, 153, 154, 154, 155, 155, 155, 156, 153, 156, 157, 153,
    153, 156, 156, 156, 156, 155, 153 ]
RHandPositionsY: [ 268, 267, 269, 268, 268, 268, 268, 269, 265, 265, 265,
    266, 266, 267, 266, 266, 268, 264, 263, 267, 265, 262, 263, 266, 263,
    263, 262, 261, 264, 262, 262, 264, 261, 265, 264, 263, 263, 261, 261,
    261, 263, 262, 264, 262, 260, 260, 261, 260, 262, 262, 263, 260, 259,
    259, 261, 260, 261, 260, 259, 262, 259, 261, 259, 261, 259, 263, 260,
    263, 260, 259, 263, 261, 262, 263, 259, 262, 260, 261, 262, 261, 259,
    261, 262, 263, 261, 262, 260, 262 ]
