%YAML:1.0
---
videoName: "LHShake05.mp4"
gestureLabel: 2
fps: 30
pixelSizeInCmTemp: 3.2364864864864862e-01
faceCenterPointX: 252
faceCenterPointY: 81
LHandPositionsX: [ 292, 294, 291, 291, 295, 292, 294, 293, 292, 293, 292,
    297, 305, 313, 321, 333, 341, 341, 343, 341, 341, 335, 332, 328, 329,
    332, 335, 339, 342, 342, 346, 337, 331, 324, 325, 322, 327, 332, 338,
    338, 337, 328, 323, 319, 321, 322, 329, 333, 339, 337, 333, 330, 327,
    326, 326, 326, 330, 334, 341, 339, 335, 332, 330, 329, 332, 335, 340,
    338, 342, 336, 336, 323, 319, 315, 313, 305, 301, 300, 296, 297, 294,
    293, 292, 293, 293, 294, 291, 292, 292, 293, 294 ]
LHandPositionsY: [ 267, 268, 268, 268, 269, 268, 268, 267, 265, 257, 242,
    229, 214, 197, 184, 175, 167, 163, 157, 153, 153, 154, 156, 155, 155,
    154, 151, 146, 138, 137, 133, 137, 144, 146, 147, 149, 142, 142, 140,
    133, 131, 138, 142, 142, 143, 140, 141, 136, 136, 130, 135, 143, 139,
    143, 144, 142, 139, 138, 138, 138, 140, 141, 143, 145, 141, 143, 141,
    141, 137, 140, 141, 150, 159, 169, 178, 189, 199, 210, 221, 230, 233,
    236, 238, 242, 248, 250, 252, 251, 252, 255, 258 ]
RHandPositionsX: [ 212, 212, 212, 210, 212, 213, 211, 213, 210, 211, 213,
    211, 211, 209, 211, 210, 211, 212, 209, 211, 210, 208, 210, 210, 210,
    207, 209, 209, 207, 206, 208, 207, 207, 206, 209, 208, 210, 210, 207,
    210, 208, 208, 207, 207, 210, 209, 206, 207, 209, 210, 206, 210, 206,
    208, 210, 210, 207, 207, 207, 206, 210, 208, 210, 208, 210, 208, 208,
    208, 209, 209, 210, 207, 209, 207, 207, 210, 208, 208, 208, 208, 206,
    208, 209, 206, 207, 209, 209, 211, 209, 211, 209 ]
RHandPositionsY: [ 265, 263, 262, 266, 262, 265, 266, 265, 265, 265, 265,
    266, 266, 265, 266, 263, 262, 263, 264, 266, 262, 266, 262, 266, 264,
    266, 263, 262, 263, 263, 265, 265, 266, 265, 263, 264, 264, 263, 262,
    264, 262, 265, 261, 261, 263, 264, 261, 262, 262, 263, 261, 264, 264,
    263, 262, 263, 263, 263, 262, 265, 261, 265, 265, 265, 263, 263, 265,
    262, 265, 261, 261, 261, 262, 261, 263, 261, 262, 261, 263, 261, 265,
    264, 263, 262, 265, 264, 264, 262, 261, 263, 261 ]
