%YAML:1.0
---
videoName: "LHShake10.mp4"
gestureLabel: 2
fps: 29
pixelSizeInCmTemp: 3.4214285714285714e-01
faceCenterPointX: 253
faceCenterPointY: 65
LHandPositionsX: [ 336, 335, 336, 337, 336, 336, 343, 347, 351, 359, 366,
    374, 382, 391, 397, 394, 396, 383, 377, 363, 354, 353, 352, 353, 361,
    371, 381, 393, 393, 394, 390, 385, 374, 364, 358, 357, 360, 362, 368,
    373, 373, 373, 371, 372, 368, 362, 355, 346, 342, 344, 348, 354, 363,
    370, 379, 379, 378, 372, 364, 354, 348, 351, 352, 350, 353, 364, 375,
    381, 377, 378, 377, 372, 366, 362, 355, 351, 342, 341, 340, 338, 335,
    338, 336, 336, 334, 335, 333, 336 ]
LHandPositionsY: [ 272, 270, 269, 268, 268, 271, 267, 261, 251, 240, 227,
    208, 193, 178, 165, 156, 141, 138, 134, 141, 145, 148, 148, 149, 147,
    146, 138, 139, 139, 139, 143, 146, 148, 151, 152, 151, 151, 148, 138,
    132, 131, 136, 135, 135, 132, 131, 140, 144, 145, 145, 142, 144, 140,
    142, 142, 143, 143, 143, 147, 147, 153, 153, 152, 149, 153, 149, 148,
    147, 147, 148, 150, 153, 156, 164, 171, 182, 193, 208, 222, 233, 244,
    254, 254, 255, 258, 256, 260, 260 ]
RHandPositionsX: [ 172, 172, 175, 174, 172, 172, 172, 174, 176, 172, 174,
    176, 176, 174, 173, 174, 174, 175, 171, 175, 171, 173, 174, 173, 173,
    172, 172, 173, 171, 174, 175, 172, 172, 172, 172, 171, 171, 174, 175,
    172, 172, 171, 172, 175, 171, 172, 171, 174, 175, 172, 174, 172, 175,
    173, 174, 173, 173, 175, 174, 174, 171, 173, 171, 174, 174, 172, 175,
    174, 175, 173, 174, 172, 175, 171, 171, 173, 173, 175, 171, 175, 174,
    171, 173, 172, 175, 173, 173, 175 ]
RHandPositionsY: [ 274, 277, 275, 278, 277, 275, 274, 275, 275, 277, 277,
    275, 275, 274, 274, 276, 276, 278, 276, 274, 274, 276, 276, 274, 276,
    278, 277, 275, 278, 275, 275, 274, 274, 277, 277, 274, 277, 277, 274,
    275, 274, 277, 276, 276, 275, 277, 278, 274, 275, 274, 277, 274, 274,
    275, 275, 278, 277, 275, 277, 276, 274, 276, 276, 277, 276, 276, 276,
    274, 274, 274, 276, 278, 277, 274, 276, 277, 275, 274, 275, 278, 275,
    276, 275, 274, 274, 278, 278, 275 ]
