%YAML:1.0
---
videoName: "LHShake21.mp4"
gestureLabel: 2
fps: 29
pixelSizeInCmTemp: 3.4214285714285714e-01
faceCenterPointX: 266
faceCenterPointY: 79
LHandPositionsX: [ 348, 351, 366, 374, 381, 395, 396, 408, 422, 417, 417,
    401, 390, 377, 376, 378, 372, 378, 383, 404, 400, 400, 395, 392, 387,
    371, 370, 373, 371, 372, 377, 393, 391, 386, 384, 384, 374, 369, 367,
    368, 366, 370, 376, 387, 387, 387, 396, 390, 381, 373, 365, 367, 363,
    369, 373, 380, 383, 382, 383, 388, 384, 380, 372, 363, 357, 352, 344,
    341, 338, 334, 333, 335, 334, 333, 333, 335, 333, 333, 332, 332, 332,
    332, 333, 334, 334, 333, 331, 332 ]
LHandPositionsY: [ 270, 265, 246, 229, 210, 193, 181, 167, 151, 152, 138,
    135, 134, 136, 134, 136, 128, 129, 130, 129, 132, 132, 130, 131, 135,
    130, 144, 143, 145, 135, 135, 133, 134, 132, 135, 137, 135, 143, 149,
    148, 149, 146, 139, 136, 138, 136, 136, 137, 142, 148, 150, 155, 154,
    153, 152, 144, 141, 141, 142, 146, 152, 159, 167, 177, 192, 203, 212,
    224, 236, 238, 240, 248, 248, 252, 248, 250, 253, 251, 252, 251, 253,
    254, 252, 251, 251, 250, 250, 254 ]
RHandPositionsX: [ 184, 187, 186, 184, 186, 185, 185, 187, 186, 188, 186,
    186, 186, 187, 187, 185, 186, 186, 188, 184, 185, 185, 186, 187, 188,
    184, 186, 187, 188, 184, 184, 188, 184, 185, 184, 184, 187, 184, 184,
    186, 188, 185, 187, 185, 185, 188, 185, 186, 184, 184, 184, 184, 186,
    185, 188, 185, 188, 185, 184, 184, 184, 187, 184, 188, 188, 188, 185,
    184, 186, 186, 184, 184, 187, 184, 188, 185, 185, 186, 184, 187, 188,
    186, 186, 184, 185, 184, 184, 187 ]
RHandPositionsY: [ 269, 268, 268, 267, 269, 266, 265, 267, 268, 265, 267,
    268, 265, 265, 265, 266, 266, 268, 267, 266, 268, 269, 269, 267, 265,
    266, 266, 267, 267, 269, 267, 267, 267, 268, 266, 268, 267, 269, 266,
    266, 267, 267, 267, 266, 265, 269, 269, 268, 265, 269, 266, 266, 268,
    268, 267, 266, 267, 265, 266, 269, 269, 265, 265, 265, 266, 265, 266,
    269, 267, 265, 265, 265, 267, 265, 267, 266, 269, 269, 269, 266, 268,
    266, 265, 268, 268, 267, 265, 267 ]
