%YAML:1.0
---
videoName: "LHShake01.mp4"
gestureLabel: 2
fps: 29
pixelSizeInCmTemp: 3.4214285714285714e-01
faceCenterPointX: 252
faceCenterPointY: 84
LHandPositionsX: [ 366, 366, 363, 366, 361, 357, 349, 340, 335, 330, 334,
    332, 341, 343, 347, 352, 357, 353, 354, 346, 342, 343, 338, 336, 335,
    341, 341, 347, 353, 349, 352, 350, 345, 340, 339, 333, 330, 335, 337,
    342, 343, 346, 347, 349, 348, 347, 341, 340, 337, 334, 333, 336, 337,
    344, 347, 350, 351, 351, 348, 348, 347, 340, 339, 330, 328, 325, 331,
    331, 332, 328, 331, 332, 336, 337, 343, 341, 346, 345, 346, 347, 350,
    350, 349, 351, 352, 348, 348, 351 ]
LHandPositionsY: [ 147, 137, 133, 126, 122, 120, 120, 117, 119, 120, 123,
    119, 123, 116, 113, 109, 110, 108, 107, 112, 109, 113, 113, 112, 113,
    111, 109, 106, 106, 108, 103, 104, 109, 110, 110, 117, 113, 114, 112,
    112, 109, 106, 105, 105, 104, 108, 105, 109, 108, 108, 108, 110, 106,
    107, 105, 105, 101, 104, 102, 105, 104, 105, 108, 121, 134, 140, 151,
    161, 162, 165, 171, 182, 189, 197, 208, 216, 221, 223, 223, 222, 228,
    225, 230, 228, 228, 228, 230, 228 ]
RHandPositionsX: [ 153, 157, 155, 155, 156, 156, 156, 155, 156, 155, 153,
    155, 157, 157, 157, 157, 157, 156, 153, 157, 156, 155, 157, 156, 157,
    153, 156, 155, 153, 153, 154, 157, 157, 155, 153, 153, 157, 156, 153,
    156, 154, 155, 155, 155, 153, 156, 155, 153, 153, 154, 156, 157, 156,
    153, 153, 153, 154, 155, 154, 157, 153, 155, 157, 153, 153, 156, 156,
    157, 155, 156, 157, 157, 156, 153, 155, 157, 154, 153, 153, 154, 155,
    157, 156, 153, 155, 154, 156, 156 ]
RHandPositionsY: [ 270, 270, 268, 269, 267, 269, 270, 266, 268, 267, 268,
    265, 266, 265, 268, 266, 264, 263, 264, 265, 267, 262, 266, 266, 266,
    264, 265, 264, 263, 263, 264, 262, 262, 262, 263, 260, 261, 262, 264,
    263, 260, 262, 264, 263, 263, 259, 261, 260, 261, 260, 259, 259, 263,
    261, 260, 261, 263, 262, 262, 260, 259, 261, 261, 263, 259, 261, 263,
    260, 263, 260, 262, 263, 260, 259, 260, 263, 259, 261, 259, 262, 259,
    263, 263, 261, 261, 262, 259, 261 ]
