%YAML:1.0
---
videoName: "LHShake17.mp4"
gestureLabel: 2
fps: 30
pixelSizeInCmTemp: 3.3732394366197183e-01
faceCenterPointX: 248
faceCenterPointY: 64
LHandPositionsX: [ 322, 323, 325, 321, 325, 325, 327, 328, 327, 334, 345,
    356, 366, 374, 388, 396, 404, 408, 401, 389, 375, 359, 353, 353, 350,
    355, 368, 382, 378, 383, 376, 363, 353, 346, 348, 347, 358, 363, 369,
    365, 368, 361, 354, 353, 352, 356, 366, 373, 378, 375, 373, 370, 364,
    352, 349, 348, 350, 355, 362, 367, 364, 369, 364, 356, 349, 341, 342,
    340, 335, 332, 334, 334, 332, 333, 332, 330, 330, 326, 326, 326, 328,
    326, 327, 324, 326, 327, 323, 327, 324, 325, 326 ]
LHandPositionsY: [ 249, 249, 248, 248, 251, 249, 250, 247, 244, 232, 216,
    201, 185, 175, 158, 142, 129, 122, 113, 114, 121, 130, 136, 136, 136,
    135, 125, 119, 120, 117, 119, 128, 137, 138, 140, 139, 126, 119, 117,
    117, 119, 116, 125, 135, 131, 137, 125, 118, 122, 123, 123, 120, 130,
    138, 144, 138, 138, 126, 122, 124, 125, 124, 121, 128, 136, 142, 152,
    162, 173, 181, 194, 209, 219, 219, 225, 227, 232, 233, 234, 236, 238,
    235, 236, 237, 236, 238, 239, 237, 237, 239, 236 ]
RHandPositionsX: [ 180, 178, 180, 176, 179, 179, 179, 177, 176, 176, 178,
    180, 180, 178, 180, 180, 177, 176, 178, 177, 176, 178, 177, 179, 177,
    177, 177, 175, 175, 179, 178, 178, 178, 179, 176, 178, 177, 177, 176,
    177, 174, 175, 176, 178, 178, 178, 177, 178, 175, 177, 175, 176, 174,
    176, 174, 176, 177, 176, 174, 178, 174, 177, 174, 176, 176, 178, 178,
    176, 175, 177, 177, 176, 175, 178, 175, 174, 177, 177, 178, 178, 176,
    178, 178, 176, 178, 174, 175, 177, 175, 174, 174 ]
RHandPositionsY: [ 257, 258, 259, 260, 258, 256, 260, 260, 256, 258, 258,
    258, 260, 257, 260, 257, 259, 260, 260, 256, 259, 260, 259, 257, 259,
    256, 260, 260, 256, 257, 259, 260, 256, 258, 260, 256, 258, 258, 257,
    258, 257, 259, 257, 259, 260, 256, 259, 258, 260, 257, 260, 256, 256,
    259, 258, 256, 257, 259, 257, 260, 257, 260, 256, 257, 260, 257, 257,
    259, 256, 257, 258, 258, 256, 257, 256, 258, 258, 256, 258, 259, 260,
    260, 256, 258, 256, 259, 257, 260, 257, 260, 259 ]
