%YAML:1.0
---
videoName: "LHShake13.mp4"
gestureLabel: 2
fps: 29
pixelSizeInCmTemp: 3.4214285714285714e-01
faceCenterPointX: 257
faceCenterPointY: 76
LHandPositionsX: [ 325, 324, 327, 326, 326, 324, 325, 323, 328, 329, 327,
    334, 342, 349, 360, 372, 379, 389, 388, 391, 383, 376, 363, 352, 343,
    346, 338, 344, 352, 360, 375, 370, 366, 362, 357, 347, 340, 340, 342,
    349, 359, 367, 368, 365, 358, 349, 343, 348, 346, 350, 356, 364, 366,
    364, 364, 353, 345, 345, 345, 342, 347, 357, 362, 368, 369, 363, 357,
    354, 346, 339, 333, 326, 324, 324, 323, 328, 329, 326, 326, 324, 324,
    326, 326, 327, 325, 325, 324, 326 ]
LHandPositionsY: [ 261, 263, 262, 261, 263, 259, 260, 260, 260, 258, 256,
    245, 237, 224, 212, 198, 187, 172, 163, 155, 152, 149, 155, 156, 156,
    157, 158, 155, 155, 146, 139, 139, 142, 148, 151, 156, 158, 159, 158,
    155, 153, 155, 153, 158, 156, 161, 165, 160, 164, 160, 156, 159, 155,
    159, 157, 160, 166, 165, 165, 160, 161, 157, 154, 153, 149, 146, 145,
    153, 154, 164, 169, 181, 192, 207, 222, 235, 245, 247, 246, 244, 245,
    245, 248, 250, 248, 246, 249, 250 ]
RHandPositionsX: [ 182, 185, 181, 185, 181, 182, 183, 182, 182, 181, 184,
    182, 182, 184, 181, 183, 183, 183, 181, 181, 182, 184, 181, 182, 184,
    185, 185, 184, 183, 184, 182, 185, 181, 183, 183, 185, 184, 182, 181,
    184, 182, 182, 181, 181, 184, 185, 185, 183, 184, 181, 182, 182, 183,
    181, 181, 181, 183, 182, 183, 185, 185, 181, 185, 181, 185, 181, 183,
    182, 185, 185, 183, 181, 182, 185, 183, 185, 185, 182, 184, 181, 183,
    181, 182, 182, 183, 184, 182, 184 ]
RHandPositionsY: [ 271, 271, 267, 270, 271, 268, 270, 269, 270, 269, 269,
    268, 267, 268, 268, 268, 267, 269, 267, 267, 269, 268, 270, 268, 271,
    271, 269, 271, 267, 271, 270, 268, 270, 269, 270, 271, 271, 267, 267,
    271, 271, 269, 270, 267, 268, 269, 268, 270, 269, 268, 267, 271, 267,
    270, 270, 269, 270, 270, 269, 268, 271, 269, 269, 269, 271, 271, 269,
    271, 268, 269, 270, 269, 267, 269, 267, 270, 271, 270, 268, 267, 269,
    268, 271, 270, 270, 270, 267, 267 ]
