%YAML:1.0
---
videoName: "LHShake23.mp4"
gestureLabel: 2
fps: 30
pixelSizeInCmTemp: 3.3263888888888887e-01
faceCenterPointX: 259
faceCenterPointY: 79
LHandPositionsX: [ 331, 333, 330, 332, 334, 333, 331, 331, 331, 334, 335,
    335, 340, 348, 346, 362, 368, 370, 373, 379, 377, 380, 376, 369, 356,
    353, 354, 353, 354, 364, 370, 380, 387, 384, 383, 378, 370, 362, 358,
    359, 361, 370, 379, 382, 383, 380, 380, 375, 365, 357, 354, 351, 357,
    365, 375, 380, 382, 380, 380, 375, 366, 355, 355, 356, 357, 365, 371,
    377, 378, 380, 379, 375, 367, 361, 358, 349, 345, 342, 342, 337, 338,
    339, 340, 336, 336, 336, 337, 337, 336, 335, 335 ]
LHandPositionsY: [ 264, 266, 265, 265, 264, 266, 262, 264, 264, 262, 260,
    251, 241, 233, 228, 213, 201, 197, 193, 185, 183, 170, 165, 167, 168,
    167, 167, 169, 170, 165, 163, 160, 157, 161, 159, 159, 161, 162, 166,
    164, 165, 163, 163, 159, 160, 160, 160, 160, 160, 163, 164, 164, 168,
    165, 164, 164, 165, 165, 164, 165, 166, 169, 170, 168, 168, 169, 170,
    169, 166, 169, 170, 174, 175, 186, 194, 201, 214, 228, 241, 249, 251,
    250, 249, 250, 255, 254, 252, 256, 255, 252, 252 ]
RHandPositionsX: [ 185, 183, 184, 182, 185, 182, 183, 186, 184, 182, 185,
    182, 185, 182, 182, 183, 184, 186, 184, 184, 186, 183, 186, 184, 183,
    186, 186, 186, 183, 183, 185, 184, 182, 184, 185, 183, 186, 183, 183,
    186, 186, 183, 182, 185, 183, 186, 183, 183, 183, 184, 184, 182, 183,
    186, 186, 182, 186, 184, 184, 183, 185, 182, 182, 186, 184, 184, 183,
    184, 185, 186, 185, 183, 184, 186, 184, 185, 185, 183, 185, 186, 184,
    183, 182, 183, 182, 184, 184, 184, 184, 184, 183 ]
RHandPositionsY: [ 270, 270, 272, 272, 271, 270, 272, 273, 273, 271, 271,
    272, 273, 273, 270, 271, 274, 270, 273, 274, 272, 271, 272, 270, 273,
    272, 274, 272, 272, 272, 274, 272, 271, 271, 271, 271, 272, 271, 274,
    272, 271, 271, 273, 272, 272, 272, 271, 272, 272, 270, 271, 274, 271,
    271, 274, 271, 274, 270, 271, 271, 272, 271, 273, 271, 271, 273, 271,
    270, 271, 271, 270, 273, 270, 274, 271, 272, 273, 270, 272, 270, 274,
    272, 274, 274, 271, 273, 271, 270, 274, 273, 273 ]
