%YAML:1.0
---
videoName: "LHShake21.mp4"
gestureLabel: 2
fps: 29
pixelSizeInCmTemp: 3.4214285714285714e-01
faceCenterPointX: 266
faceCenterPointY: 79
LHandPositionsX: [ 350, 352, 366, 373, 385, 392, 399, 408, 424, 416, 416,
    404, 390, 379, 376, 375, 373, 379, 384, 402, 402, 398, 395, 393, 386,
    371, 369, 374, 370, 373, 377, 393, 389, 386, 385, 382, 377, 370, 366,
    365, 368, 372, 374, 391, 388, 385, 399, 393, 379, 373, 366, 364, 364,
    367, 377, 380, 385, 384, 386, 390, 388, 379, 373, 366, 358, 351, 342,
    338, 335, 334, 335, 335, 333, 333, 333, 335, 333, 331, 331, 332, 334,
    330, 333, 330, 331, 330, 330, 333 ]
LHandPositionsY: [ 269, 265, 245, 226, 208, 194, 183, 169, 155, 153, 137,
    132, 132, 136, 132, 136, 129, 128, 127, 130, 128, 132, 131, 134, 134,
    134, 144, 142, 143, 137, 136, 130, 135, 135, 135, 134, 137, 144, 148,
    148, 148, 142, 139, 136, 138, 136, 138, 137, 140, 147, 151, 152, 154,
    155, 150, 143, 140, 141, 143, 146, 156, 158, 168, 179, 189, 201, 214,
    227, 239, 240, 243, 248, 251, 248, 252, 253, 250, 251, 253, 250, 250,
    253, 252, 252, 252, 254, 253, 251 ]
RHandPositionsX: [ 186, 186, 184, 188, 186, 184, 184, 186, 188, 187, 188,
    187, 185, 184, 184, 184, 184, 187, 185, 184, 185, 186, 187, 185, 188,
    186, 185, 187, 186, 187, 186, 184, 184, 184, 188, 187, 184, 184, 186,
    186, 187, 187, 188, 186, 187, 186, 187, 185, 184, 186, 186, 186, 186,
    185, 187, 188, 188, 185, 187, 185, 188, 186, 184, 188, 184, 186, 188,
    186, 186, 186, 186, 185, 184, 185, 185, 187, 188, 186, 188, 185, 188,
    187, 187, 185, 185, 184, 188, 185 ]
RHandPositionsY: [ 268, 266, 266, 268, 268, 268, 267, 268, 268, 266, 269,
    269, 268, 267, 268, 265, 268, 268, 265, 269, 269, 266, 267, 265, 266,
    266, 267, 269, 267, 268, 267, 268, 265, 266, 266, 265, 269, 267, 267,
    269, 267, 268, 268, 269, 265, 265, 269, 265, 269, 267, 267, 266, 266,
    269, 265, 268, 265, 268, 266, 265, 269, 268, 266, 265, 268, 269, 265,
    265, 268, 268, 265, 269, 266, 268, 269, 265, 265, 266, 267, 269, 267,
    269, 268, 269, 268, 265, 266, 266 ]
