%YAML:1.0
---
videoName: "LHShake05.mp4"
gestureLabel: 2
fps: 30
pixelSizeInCmTemp: 3.2364864864864862e-01
faceCenterPointX: 252
faceCenterPointY: 81
LHandPositionsX: [ 295, 294, 291, 292, 291, 295, 294, 292, 295, 293, 294,
    298, 303, 313, 324, 331, 341, 344, 340, 340, 342, 337, 331, 328, 328,
    332, 334, 338, 343, 342, 342, 337, 333, 325, 327, 326, 327, 334, 335,
    339, 337, 328, 320, 322, 320, 322, 326, 330, 337, 339, 335, 330, 324,
    325, 326, 326, 333, 336, 337, 336, 334, 333, 332, 328, 330, 333, 337,
    337, 338, 335, 336, 327, 323, 317, 312, 307, 301, 299, 295, 294, 294,
    296, 292, 295, 293, 295, 293, 291, 292, 296, 294 ]
LHandPositionsY: [ 270, 266, 269, 267, 269, 266, 269, 267, 264, 257, 243,
    226, 210, 197, 187, 175, 167, 161, 157, 155, 153, 152, 156, 155, 152,
    154, 149, 146, 141, 138, 134, 136, 143, 149, 146, 145, 145, 138, 137,
    137, 134, 140, 141, 143, 145, 142, 137, 137, 132, 133, 136, 143, 140,
    144, 143, 144, 142, 139, 135, 139, 142, 144, 141, 143, 145, 140, 141,
    141, 137, 138, 143, 148, 163, 169, 177, 188, 198, 207, 217, 230, 235,
    237, 241, 244, 244, 250, 250, 252, 254, 258, 259 ]
RHandPositionsX: [ 211, 211, 214, 211, 212, 213, 213, 214, 210, 211, 211,
    210, 209, 210, 211, 213, 212, 212, 213, 212, 211, 209, 210, 209, 210,
    211, 210, 211, 208, 210, 207, 206, 209, 206, 208, 209, 206, 207, 208,
    208, 210, 207, 206, 209, 210, 209, 209, 209, 207, 207, 206, 209, 206,
    209, 207, 206, 206, 206, 208, 206, 207, 206, 209, 208, 209, 207, 207,
    207, 210, 206, 208, 206, 207, 206, 206, 206, 210, 207, 206, 207, 209,
    210, 207, 209, 210, 211, 209, 210, 212, 210, 211 ]
RHandPositionsY: [ 263, 265, 263, 266, 266, 265, 262, 264, 265, 265, 264,
    263, 265, 262, 265, 263, 262, 263, 263, 265, 264, 265, 264, 266, 263,
    265, 265, 263, 265, 263, 266, 263, 262, 264, 261, 262, 265, 265, 264,
    261, 264, 261, 263, 261, 263, 264, 265, 265, 264, 264, 264, 264, 265,
    264, 264, 261, 261, 263, 263, 263, 265, 263, 262, 263, 264, 262, 262,
    262, 262, 262, 265, 265, 261, 263, 262, 264, 263, 264, 261, 262, 261,
    263, 264, 261, 262, 261, 264, 265, 265, 264, 263 ]
