%YAML:1.0
---
videoName: "LHShake14.mp4"
gestureLabel: 2
fps: 29
pixelSizeInCmTemp: 3.2808219178082193e-01
faceCenterPointX: 256
faceCenterPointY: 64
LHandPositionsX: [ 352, 351, 349, 355, 368, 379, 392, 390, 390, 379, 369,
    361, 357, 356, 359, 369, 383, 382, 382, 379, 375, 362, 352, 355, 354,
    359, 369, 381, 390, 388, 385, 379, 368, 360, 356, 355, 360, 369, 382,
    382, 384, 376, 369, 360, 361, 357, 357, 363, 371, 378, 377, 377, 373,
    364, 356, 349, 341, 336, 334, 332, 326, 329, 328, 327, 332, 330, 332,
    330, 331, 330, 331, 330, 329, 328, 328, 328, 329, 329, 327, 329, 329,
    329, 328, 331, 331, 328, 327, 330 ]
LHandPositionsY: [ 145, 146, 146, 144, 142, 141, 142, 140, 141, 140, 144,
    147, 150, 149, 144, 143, 141, 138, 140, 138, 138, 142, 147, 146, 146,
    148, 144, 143, 143, 141, 139, 143, 144, 148, 146, 147, 148, 147, 145,
    144, 142, 143, 144, 141, 141, 144, 143, 141, 141, 141, 143, 145, 150,
    154, 158, 166, 176, 188, 198, 210, 220, 235, 237, 240, 243, 244, 247,
    248, 248, 250, 252, 251, 250, 250, 248, 251, 252, 250, 249, 251, 248,
    252, 249, 252, 248, 250, 249, 251 ]
RHandPositionsX: [ 182, 183, 181, 184, 181, 182, 183, 180, 180, 183, 181,
    179, 182, 182, 180, 176, 177, 176, 177, 176, 175, 176, 175, 178, 179,
    178, 175, 177, 179, 175, 177, 177, 177, 178, 179, 178, 177, 176, 177,
    176, 178, 178, 177, 177, 179, 176, 176, 177, 179, 175, 175, 179, 176,
    175, 178, 176, 176, 175, 175, 179, 178, 178, 179, 175, 175, 175, 177,
    178, 178, 179, 179, 178, 177, 176, 175, 178, 175, 175, 177, 178, 176,
    176, 178, 176, 179, 175, 175, 175 ]
RHandPositionsY: [ 277, 279, 277, 278, 278, 277, 276, 275, 276, 279, 274,
    274, 276, 275, 275, 274, 273, 273, 274, 276, 277, 276, 275, 276, 275,
    276, 276, 274, 273, 276, 276, 273, 275, 273, 276, 277, 273, 274, 277,
    274, 277, 274, 275, 276, 277, 275, 274, 277, 273, 273, 277, 273, 273,
    275, 276, 277, 276, 276, 276, 276, 276, 275, 273, 276, 273, 276, 276,
    277, 277, 273, 276, 275, 276, 275, 274, 276, 273, 276, 273, 277, 275,
    276, 276, 274, 276, 276, 276, 275 ]
