%YAML:1.0
---
videoName: "LHShake06.mp4"
gestureLabel: 2
fps: 29
pixelSizeInCmTemp: 3.3732394366197183e-01
faceCenterPointX: 250
faceCenterPointY: 80
LHandPositionsX: [ 382, 384, 388, 386, 386, 380, 375, 371, 369, 368, 376,
    386, 389, 393, 394, 396, 396, 389, 377, 375, 374, 375, 388, 389, 390,
    393, 391, 386, 382, 381, 378, 382, 384, 390, 388, 391, 390, 382, 383,
    383, 383, 382, 387, 387, 389, 391, 390, 384, 379, 379, 379, 383, 384,
    394, 396, 400, 399, 396, 393, 388, 381, 367, 359, 359, 352, 348, 339,
    327, 320, 312, 309, 307, 306, 303, 301, 301, 303, 302, 302, 299, 298,
    302, 299, 302, 300, 301, 301, 299 ]
LHandPositionsY: [ 152, 145, 142, 139, 140, 137, 138, 136, 138, 135, 130,
    127, 128, 130, 130, 126, 128, 134, 135, 136, 135, 135, 129, 129, 129,
    128, 129, 125, 126, 131, 127, 130, 129, 127, 124, 126, 126, 129, 129,
    128, 128, 128, 125, 123, 122, 127, 127, 126, 127, 129, 128, 125, 127,
    125, 121, 123, 122, 126, 126, 128, 134, 138, 148, 152, 160, 174, 192,
    205, 212, 223, 229, 234, 238, 239, 242, 246, 250, 251, 253, 253, 255,
    255, 253, 252, 257, 253, 254, 254 ]
RHandPositionsX: [ 212, 212, 209, 213, 213, 210, 212, 209, 212, 213, 212,
    209, 212, 213, 212, 211, 209, 209, 209, 213, 213, 211, 212, 211, 213,
    212, 212, 210, 213, 210, 212, 211, 209, 208, 210, 210, 208, 210, 210,
    212, 212, 210, 210, 212, 210, 211, 211, 207, 209, 207, 209, 210, 207,
    211, 207, 209, 210, 209, 211, 210, 209, 210, 210, 207, 209, 207, 208,
    209, 211, 207, 208, 211, 209, 212, 210, 211, 210, 211, 211, 212, 212,
    208, 211, 208, 209, 212, 212, 213 ]
RHandPositionsY: [ 272, 268, 272, 267, 271, 270, 269, 268, 271, 269, 266,
    268, 270, 270, 269, 269, 266, 269, 266, 270, 267, 267, 265, 265, 265,
    269, 269, 265, 265, 269, 267, 265, 269, 268, 268, 267, 267, 266, 265,
    266, 266, 268, 266, 269, 269, 268, 269, 267, 266, 267, 265, 268, 269,
    267, 266, 267, 266, 268, 265, 268, 265, 266, 267, 267, 267, 266, 268,
    269, 266, 265, 269, 268, 265, 266, 267, 268, 268, 266, 267, 267, 267,
    269, 268, 267, 268, 266, 265, 268 ]
