%YAML:1.0
---
videoName: "LHShake00.mp4"
gestureLabel: 2
fps: 29
pixelSizeInCmTemp: 3.4214285714285714e-01
faceCenterPointX: 252
faceCenterPointY: 85
LHandPositionsX: [ 352, 349, 352, 349, 354, 357, 359, 354, 350, 341, 332,
    323, 324, 322, 320, 323, 328, 331, 336, 337, 340, 337, 332, 328, 324,
    323, 328, 329, 335, 337, 340, 342, 339, 334, 323, 321, 325, 326, 331,
    338, 338, 340, 341, 339, 332, 325, 326, 325, 326, 327, 333, 334, 340,
    342, 343, 337, 330, 323, 324, 322, 324, 332, 335, 339, 336, 341, 340,
    340, 337, 331, 332, 327, 328, 329, 331, 330, 331, 333, 335, 335, 336,
    338, 339, 342, 340, 343, 343, 342 ]
LHandPositionsY: [ 258, 250, 246, 229, 211, 189, 168, 151, 137, 137, 132,
    135, 136, 134, 135, 136, 131, 130, 125, 128, 127, 125, 128, 132, 135,
    132, 134, 130, 130, 124, 125, 123, 122, 128, 134, 132, 135, 133, 132,
    127, 126, 123, 124, 121, 127, 131, 132, 134, 134, 134, 133, 126, 125,
    123, 125, 128, 131, 128, 127, 128, 130, 126, 124, 118, 118, 120, 116,
    125, 140, 148, 160, 164, 165, 175, 184, 192, 201, 209, 211, 221, 225,
    226, 226, 231, 235, 235, 237, 237 ]
RHandPositionsX: [ 154, 155, 153, 154, 156, 152, 152, 154, 154, 153, 154,
    155, 154, 153, 154, 152, 155, 155, 152, 156, 152, 152, 156, 152, 153,
    152, 154, 153, 154, 155, 153, 156, 155, 153, 153, 153, 154, 153, 156,
    156, 153, 153, 152, 152, 154, 153, 156, 155, 156, 156, 155, 154, 155,
    156, 152, 154, 155, 153, 153, 154, 156, 155, 153, 154, 155, 152, 155,
    152, 153, 153, 154, 156, 155, 156, 156, 156, 154, 156, 153, 156, 155,
    156, 155, 155, 152, 154, 154, 155 ]
RHandPositionsY: [ 279, 277, 277, 276, 278, 273, 275, 275, 273, 272, 273,
    274, 272, 273, 272, 269, 269, 269, 270, 271, 266, 268, 267, 267, 265,
    266, 266, 267, 265, 265, 263, 263, 266, 263, 266, 263, 262, 264, 264,
    265, 264, 261, 263, 261, 263, 263, 263, 264, 260, 263, 263, 263, 263,
    261, 262, 263, 262, 262, 263, 264, 263, 262, 260, 260, 262, 261, 264,
    260, 264, 260, 260, 263, 260, 260, 260, 264, 261, 260, 260, 260, 261,
    263, 261, 263, 261, 263, 260, 261 ]
