%YAML:1.0
---
videoName: "LHShake19.mp4"
gestureLabel: 2
fps: 29
pixelSizeInCmTemp: 3.3732394366197183e-01
faceCenterPointX: 250
faceCenterPointY: 62
LHandPositionsX: [ 307, 307, 308, 307, 307, 307, 307, 307, 305, 309, 309,
    306, 308, 305, 308, 311, 310, 315, 322, 326, 324, 320, 309, 289, 285,
    290, 293, 299, 305, 317, 312, 313, 308, 295, 286, 286, 293, 303, 311,
    317, 317, 313, 306, 292, 291, 296, 299, 304, 315, 311, 312, 307, 296,
    290, 295, 299, 305, 317, 316, 318, 312, 311, 306, 300, 299, 294, 292,
    291, 298, 301, 301, 301, 301, 305, 303, 305, 308, 308, 311, 310, 309,
    309, 308, 309, 310, 307, 308, 307 ]
LHandPositionsY: [ 251, 251, 250, 251, 252, 249, 248, 252, 249, 249, 252,
    251, 248, 247, 244, 240, 227, 213, 205, 190, 180, 169, 161, 164, 155,
    152, 156, 156, 155, 153, 154, 155, 154, 151, 149, 145, 155, 154, 155,
    153, 149, 150, 157, 150, 146, 155, 156, 151, 151, 150, 154, 157, 148,
    143, 153, 154, 157, 153, 154, 151, 155, 154, 157, 164, 168, 173, 178,
    190, 198, 209, 214, 218, 219, 222, 223, 229, 231, 233, 237, 236, 235,
    238, 237, 240, 238, 238, 240, 237 ]
RHandPositionsX: [ 196, 195, 197, 195, 195, 196, 196, 198, 196, 195, 196,
    198, 199, 199, 199, 196, 196, 199, 199, 197, 197, 195, 196, 198, 197,
    195, 197, 194, 198, 195, 194, 195, 193, 196, 193, 196, 193, 192, 192,
    193, 193, 195, 195, 191, 195, 193, 194, 195, 194, 194, 191, 193, 192,
    194, 191, 193, 194, 191, 194, 192, 192, 193, 194, 195, 191, 195, 194,
    191, 191, 195, 191, 193, 193, 194, 191, 194, 191, 194, 191, 191, 191,
    192, 195, 194, 192, 195, 192, 194 ]
RHandPositionsY: [ 256, 255, 254, 256, 258, 257, 257, 255, 256, 257, 254,
    256, 256, 256, 254, 255, 256, 255, 256, 257, 258, 258, 256, 255, 255,
    255, 255, 258, 258, 258, 258, 257, 254, 255, 258, 257, 256, 257, 258,
    257, 254, 255, 257, 256, 255, 257, 258, 256, 258, 256, 257, 254, 254,
    257, 257, 257, 258, 257, 257, 258, 254, 256, 258, 256, 258, 256, 255,
    254, 257, 256, 255, 256, 256, 256, 256, 255, 256, 258, 257, 257, 255,
    256, 257, 258, 257, 258, 255, 254 ]
