%YAML:1.0
---
videoName: "LHShake08.mp4"
gestureLabel: 2
fps: 29
pixelSizeInCmTemp: 3.4710144927536229e-01
faceCenterPointX: 261
faceCenterPointY: 69
LHandPositionsX: [ 339, 339, 344, 346, 351, 348, 353, 361, 371, 370, 375,
    371, 379, 368, 356, 346, 341, 343, 341, 343, 350, 360, 367, 364, 361,
    361, 359, 352, 344, 336, 342, 337, 343, 348, 356, 366, 369, 366, 369,
    361, 353, 346, 339, 335, 338, 335, 342, 348, 356, 359, 356, 357, 355,
    351, 344, 343, 341, 344, 345, 347, 357, 362, 371, 370, 368, 371, 363,
    360, 351, 346, 338, 335, 331, 331, 331, 331, 338, 334, 334, 337, 336,
    336, 336, 335, 335, 336, 336, 335 ]
LHandPositionsY: [ 266, 268, 264, 257, 250, 238, 219, 198, 187, 175, 161,
    157, 145, 144, 143, 147, 149, 151, 150, 152, 146, 146, 141, 139, 141,
    140, 143, 145, 150, 153, 153, 154, 154, 151, 146, 146, 150, 149, 146,
    151, 152, 155, 159, 159, 158, 161, 160, 160, 158, 153, 155, 152, 155,
    157, 162, 161, 159, 160, 160, 156, 154, 148, 146, 146, 148, 146, 147,
    152, 162, 168, 177, 186, 194, 206, 223, 234, 246, 247, 248, 249, 253,
    256, 252, 257, 257, 255, 255, 255 ]
RHandPositionsX: [ 172, 176, 172, 174, 173, 174, 173, 175, 176, 176, 173,
    174, 176, 172, 176, 172, 176, 174, 175, 175, 172, 175, 175, 174, 176,
    174, 173, 174, 175, 174, 174, 177, 175, 173, 176, 177, 176, 176, 176,
    176, 175, 174, 176, 178, 175, 177, 175, 177, 178, 174, 178, 177, 177,
    175, 176, 176, 176, 177, 174, 175, 177, 176, 176, 177, 177, 177, 177,
    174, 178, 175, 178, 176, 174, 178, 177, 175, 176, 178, 177, 176, 174,
    177, 174, 176, 175, 178, 178, 175 ]
RHandPositionsY: [ 276, 274, 275, 276, 277, 274, 273, 276, 273, 275, 276,
    277, 275, 276, 273, 273, 274, 274, 277, 275, 277, 275, 276, 276, 277,
    277, 274, 276, 275, 277, 275, 274, 276, 276, 274, 276, 275, 277, 274,
    274, 274, 274, 273, 274, 277, 273, 274, 275, 276, 273, 276, 275, 274,
    276, 276, 275, 274, 274, 274, 276, 273, 277, 276, 276, 274, 277, 276,
    276, 274, 273, 273, 275, 274, 274, 273, 277, 277, 276, 273, 277, 273,
    277, 273, 273, 274, 274, 273, 275 ]
