%YAML:1.0
---
videoName: "LHShake19.mp4"
gestureLabel: 2
fps: 29
pixelSizeInCmTemp: 3.3732394366197183e-01
faceCenterPointX: 250
faceCenterPointY: 62
LHandPositionsX: [ 305, 305, 308, 307, 305, 305, 305, 307, 309, 306, 309,
    309, 309, 307, 309, 310, 311, 314, 320, 324, 324, 320, 309, 289, 288,
    289, 290, 300, 305, 315, 313, 313, 307, 294, 287, 289, 291, 302, 310,
    318, 319, 312, 307, 290, 290, 294, 300, 305, 316, 315, 311, 306, 296,
    292, 297, 300, 309, 317, 317, 316, 312, 309, 305, 300, 298, 293, 293,
    293, 294, 300, 302, 301, 301, 303, 306, 305, 305, 308, 310, 307, 311,
    309, 310, 309, 311, 308, 310, 310 ]
LHandPositionsY: [ 250, 252, 249, 248, 252, 252, 248, 252, 248, 249, 250,
    248, 251, 246, 247, 237, 227, 213, 201, 191, 178, 171, 162, 162, 155,
    156, 156, 156, 157, 152, 153, 152, 157, 152, 150, 149, 156, 153, 152,
    152, 149, 150, 157, 146, 144, 155, 154, 154, 154, 151, 152, 157, 145,
    145, 154, 156, 157, 154, 155, 154, 153, 154, 157, 162, 169, 172, 180,
    190, 196, 207, 215, 217, 220, 222, 223, 228, 231, 233, 237, 238, 236,
    237, 239, 240, 237, 238, 238, 238 ]
RHandPositionsX: [ 195, 196, 195, 197, 198, 197, 197, 196, 199, 195, 197,
    197, 199, 196, 195, 198, 197, 196, 198, 197, 197, 197, 195, 194, 198,
    196, 194, 198, 198, 194, 196, 196, 193, 196, 194, 193, 194, 195, 195,
    194, 194, 195, 194, 195, 194, 195, 191, 191, 193, 192, 195, 193, 193,
    195, 192, 193, 195, 194, 191, 194, 191, 194, 191, 194, 192, 193, 194,
    191, 193, 191, 194, 192, 195, 194, 192, 193, 192, 193, 194, 195, 192,
    191, 192, 192, 191, 193, 191, 192 ]
RHandPositionsY: [ 255, 256, 255, 254, 258, 258, 256, 255, 255, 257, 257,
    258, 255, 255, 256, 256, 255, 256, 256, 254, 257, 257, 255, 257, 254,
    257, 255, 256, 254, 255, 257, 256, 254, 256, 258, 256, 258, 255, 254,
    256, 257, 254, 257, 257, 257, 255, 257, 256, 257, 258, 256, 255, 254,
    254, 255, 254, 254, 254, 255, 257, 254, 254, 256, 258, 258, 256, 257,
    256, 257, 255, 254, 257, 254, 256, 258, 254, 254, 257, 257, 257, 255,
    257, 255, 257, 256, 258, 255, 255 ]
