%YAML:1.0
---
videoName: "LHShake01.mp4"
gestureLabel: 2
fps: 29
pixelSizeInCmTemp: 3.4214285714285714e-01
faceCenterPointX: 252
faceCenterPointY: 84
LHandPositionsX: [ 363, 366, 363, 366, 362, 353, 348, 343, 335, 332, 334,
    333, 337, 345, 348, 351, 355, 353, 354, 349, 345, 343, 339, 335, 337,
    339, 341, 347, 353, 351, 349, 349, 345, 342, 339, 335, 330, 333, 336,
    343, 345, 345, 346, 349, 347, 348, 343, 341, 335, 336, 331, 336, 337,
    341, 348, 352, 348, 351, 349, 347, 345, 342, 340, 329, 326, 329, 328,
    332, 333, 327, 332, 336, 338, 341, 339, 345, 343, 345, 348, 346, 351,
    347, 351, 349, 353, 348, 351, 352 ]
LHandPositionsY: [ 147, 141, 131, 126, 123, 120, 120, 119, 121, 120, 121,
    119, 122, 117, 112, 111, 109, 106, 107, 108, 110, 114, 115, 114, 115,
    111, 109, 108, 108, 104, 106, 104, 109, 109, 110, 117, 111, 111, 111,
    112, 110, 108, 108, 103, 105, 109, 108, 106, 109, 110, 112, 109, 106,
    108, 106, 101, 101, 102, 103, 102, 102, 105, 105, 123, 132, 143, 150,
    163, 166, 162, 170, 180, 193, 197, 207, 212, 223, 220, 221, 225, 228,
    227, 226, 229, 228, 231, 230, 232 ]
RHandPositionsX: [ 156, 154, 154, 156, 154, 155, 157, 155, 154, 156, 156,
    157, 157, 157, 155, 157, 157, 156, 157, 157, 155, 157, 155, 155, 154,
    157, 155, 156, 157, 154, 156, 156, 155, 156, 154, 157, 156, 156, 155,
    157, 156, 153, 153, 153, 155, 157, 155, 155, 153, 156, 157, 153, 155,
    154, 154, 156, 155, 155, 155, 156, 156, 157, 157, 153, 156, 157, 153,
    155, 157, 156, 157, 156, 153, 154, 154, 153, 154, 157, 155, 153, 154,
    155, 155, 156, 155, 154, 157, 153 ]
RHandPositionsY: [ 269, 268, 270, 269, 267, 269, 270, 269, 267, 267, 266,
    266, 265, 268, 267, 267, 264, 267, 263, 266, 266, 264, 265, 264, 263,
    265, 261, 261, 263, 265, 264, 264, 264, 262, 263, 260, 263, 263, 260,
    264, 262, 262, 264, 261, 263, 262, 263, 263, 262, 260, 259, 262, 261,
    259, 260, 261, 262, 261, 260, 260, 260, 259, 259, 259, 262, 260, 259,
    261, 259, 262, 261, 263, 263, 261, 261, 263, 263, 263, 262, 259, 262,
    260, 262, 259, 260, 259, 263, 260 ]
