%YAML:1.0
---
videoName: "LHShake20.mp4"
gestureLabel: 2
fps: 30
pixelSizeInCmTemp: 3.3732394366197183e-01
faceCenterPointX: 249
faceCenterPointY: 62
LHandPositionsX: [ 315, 312, 316, 315, 312, 316, 317, 312, 316, 317, 318,
    329, 333, 338, 340, 338, 328, 320, 313, 316, 312, 313, 316, 329, 335,
    337, 340, 339, 328, 320, 317, 316, 318, 325, 334, 342, 339, 341, 330,
    326, 325, 325, 319, 324, 333, 333, 331, 328, 323, 319, 320, 318, 322,
    326, 324, 330, 329, 328, 320, 321, 321, 319, 320, 318, 323, 323, 321,
    317, 316, 313, 315, 313, 312, 313, 313, 313, 312, 312, 312, 315, 316,
    314, 316, 313, 315, 316, 313, 315, 314, 315, 314 ]
LHandPositionsY: [ 249, 249, 250, 247, 246, 249, 246, 243, 236, 229, 217,
    203, 188, 180, 173, 167, 162, 158, 162, 161, 157, 155, 148, 149, 146,
    144, 146, 143, 141, 145, 150, 149, 145, 145, 145, 140, 140, 140, 142,
    147, 149, 148, 146, 144, 140, 139, 141, 143, 141, 147, 147, 148, 148,
    144, 141, 134, 135, 136, 135, 144, 145, 144, 148, 146, 150, 150, 160,
    167, 178, 190, 202, 215, 213, 217, 224, 226, 230, 229, 228, 233, 231,
    232, 236, 236, 235, 237, 237, 239, 237, 237, 239 ]
RHandPositionsX: [ 180, 181, 179, 181, 183, 183, 183, 182, 182, 179, 180,
    180, 182, 181, 183, 179, 180, 179, 180, 183, 180, 183, 181, 182, 180,
    182, 183, 180, 183, 182, 179, 179, 182, 183, 179, 180, 182, 181, 179,
    180, 182, 183, 180, 179, 183, 182, 181, 179, 180, 179, 183, 179, 179,
    182, 179, 183, 181, 180, 179, 179, 183, 180, 182, 181, 181, 180, 183,
    182, 183, 179, 181, 182, 183, 182, 183, 180, 178, 179, 178, 180, 181,
    181, 180, 179, 181, 180, 181, 181, 182, 181, 178 ]
RHandPositionsY: [ 253, 256, 254, 254, 254, 257, 257, 257, 253, 255, 252,
    252, 253, 252, 256, 255, 252, 253, 256, 253, 253, 255, 254, 255, 256,
    253, 252, 255, 254, 256, 253, 253, 254, 252, 251, 251, 253, 252, 252,
    253, 254, 255, 252, 255, 253, 252, 251, 253, 253, 253, 251, 255, 251,
    251, 253, 254, 251, 251, 253, 255, 251, 251, 254, 253, 252, 251, 254,
    252, 253, 252, 251, 255, 254, 251, 254, 255, 251, 252, 251, 255, 251,
    253, 251, 252, 254, 253, 252, 255, 253, 255, 253 ]
