%YAML:1.0
---
videoName: "LHShake16.mp4"
gestureLabel: 2
fps: 30
pixelSizeInCmTemp: 3.3732394366197183e-01
faceCenterPointX: 247
faceCenterPointY: 66
LHandPositionsX: [ 323, 322, 323, 327, 327, 335, 346, 354, 361, 371, 381,
    395, 403, 412, 404, 402, 398, 392, 377, 364, 353, 357, 362, 371, 382,
    400, 394, 391, 389, 385, 373, 367, 370, 369, 371, 380, 390, 387, 400,
    394, 384, 375, 366, 367, 366, 372, 375, 386, 397, 409, 397, 387, 371,
    363, 365, 362, 361, 367, 374, 394, 388, 382, 389, 383, 375, 364, 356,
    348, 346, 333, 336, 331, 329, 328, 330, 327, 331, 329, 329, 328, 329,
    329, 326, 327, 327, 328, 326, 327, 328, 326, 326 ]
LHandPositionsY: [ 256, 252, 252, 250, 249, 243, 232, 223, 211, 195, 179,
    166, 155, 147, 140, 135, 122, 117, 117, 113, 120, 117, 127, 118, 115,
    115, 116, 117, 118, 117, 119, 130, 129, 134, 128, 121, 119, 119, 120,
    120, 115, 126, 134, 133, 137, 135, 131, 126, 127, 122, 123, 132, 136,
    143, 146, 147, 144, 142, 136, 129, 129, 129, 127, 134, 141, 153, 162,
    172, 183, 195, 207, 217, 226, 227, 229, 235, 238, 237, 239, 240, 241,
    240, 243, 244, 244, 244, 243, 243, 242, 243, 242 ]
RHandPositionsX: [ 178, 176, 175, 176, 178, 175, 178, 177, 178, 175, 177,
    178, 175, 178, 175, 179, 179, 176, 175, 175, 175, 179, 178, 177, 178,
    176, 176, 175, 175, 176, 178, 176, 178, 178, 176, 175, 179, 175, 179,
    176, 177, 178, 179, 178, 175, 175, 177, 178, 179, 176, 177, 175, 177,
    179, 178, 178, 178, 177, 177, 179, 177, 175, 175, 175, 176, 177, 177,
    178, 178, 178, 179, 177, 179, 178, 178, 178, 178, 176, 177, 178, 176,
    176, 179, 178, 176, 175, 179, 176, 179, 177, 175 ]
RHandPositionsY: [ 258, 261, 262, 260, 261, 262, 258, 261, 261, 261, 261,
    259, 262, 262, 258, 259, 258, 262, 261, 262, 258, 260, 258, 262, 262,
    258, 260, 262, 259, 259, 259, 260, 258, 258, 258, 261, 259, 258, 262,
    261, 260, 260, 259, 262, 260, 260, 262, 259, 260, 260, 261, 261, 262,
    261, 259, 262, 260, 261, 262, 259, 262, 261, 262, 262, 261, 260, 259,
    260, 261, 260, 262, 259, 260, 261, 260, 260, 258, 262, 262, 260, 261,
    260, 262, 262, 261, 258, 260, 258, 259, 260, 261 ]
