%YAML:1.0
---
videoName: "LHShake05.mp4"
gestureLabel: 2
fps: 30
pixelSizeInCmTemp: 3.2364864864864862e-01
faceCenterPointX: 252
faceCenterPointY: 81
LHandPositionsX: [ 291, 292, 291, 293, 292, 293, 291, 296, 291, 291, 291,
    296, 305, 314, 321, 335, 343, 342, 341, 340, 338, 336, 331, 328, 331,
    332, 335, 338, 342, 346, 345, 336, 331, 325, 326, 325, 326, 332, 338,
    338, 337, 329, 322, 319, 322, 322, 328, 334, 338, 339, 336, 328, 324,
    326, 324, 327, 331, 335, 337, 336, 332, 333, 329, 331, 330, 337, 341,
    337, 341, 336, 333, 327, 319, 314, 312, 304, 301, 302, 299, 293, 294,
    297, 295, 294, 291, 294, 291, 291, 295, 292, 294 ]
LHandPositionsY: [ 268, 270, 270, 268, 269, 265, 265, 268, 262, 254, 240,
    225, 212, 199, 188, 175, 167, 160, 157, 155, 151, 153, 155, 153, 152,
    150, 149, 142, 141, 134, 134, 139, 147, 146, 146, 147, 146, 142, 137,
    137, 132, 136, 140, 145, 145, 142, 139, 135, 136, 132, 138, 141, 141,
    140, 144, 144, 140, 138, 138, 139, 140, 143, 143, 143, 145, 139, 138,
    137, 138, 138, 141, 148, 162, 171, 179, 189, 197, 210, 221, 227, 233,
    238, 239, 242, 248, 251, 252, 251, 254, 258, 260 ]
RHandPositionsX: [ 212, 210, 212, 211, 212, 211, 212, 214, 212, 213, 213,
    209, 213, 209, 209, 209, 212, 212, 211, 208, 211, 211, 209, 210, 210,
    210, 209, 209, 210, 209, 207, 207, 206, 209, 210, 208, 209, 206, 209,
    206, 208, 207, 207, 208, 207, 207, 207, 210, 210, 210, 210, 210, 208,
    210, 209, 210, 210, 208, 210, 206, 208, 207, 208, 209, 207, 206, 209,
    208, 210, 210, 208, 210, 207, 209, 208, 209, 207, 207, 207, 207, 207,
    206, 206, 209, 209, 210, 210, 209, 208, 210, 213 ]
RHandPositionsY: [ 263, 266, 262, 263, 265, 263, 263, 264, 262, 264, 263,
    264, 262, 262, 263, 262, 264, 264, 263, 262, 262, 266, 266, 262, 263,
    262, 263, 265, 266, 263, 263, 264, 263, 263, 261, 265, 264, 261, 263,
    263, 264, 264, 261, 262, 265, 263, 265, 261, 264, 262, 263, 265, 263,
    261, 261, 262, 264, 263, 261, 264, 265, 261, 262, 263, 264, 262, 262,
    265, 263, 261, 265, 261, 264, 263, 264, 261, 262, 262, 261, 265, 261,
    265, 262, 263, 261, 263, 265, 264, 265, 261, 262 ]
