%YAML:1.0
---
videoName: "LHShake03.mp4"
gestureLabel: 2
fps: 30
pixelSizeInCmTemp: 3.2808219178082193e-01
faceCenterPointX: 251
faceCenterPointY: 79
LHandPositionsX: [ 343, 344, 350, 353, 356, 357, 352, 349, 335, 326, 314,
    316, 314, 315, 314, 319, 324, 331, 336, 334, 339, 336, 334, 329, 324,
    322, 324, 320, 326, 330, 332, 341, 345, 337, 332, 323, 315, 315, 311,
    313, 316, 322, 329, 330, 336, 333, 330, 330, 326, 325, 324, 325, 331,
    336, 345, 342, 337, 337, 338, 334, 335, 329, 319, 317, 313, 310, 307,
    304, 299, 301, 295, 294, 296, 295, 296, 291, 291, 289, 292, 289, 292,
    289, 290, 286, 285, 288, 287, 284, 287, 283, 285 ]
LHandPositionsY: [ 140, 137, 128, 122, 112, 111, 103, 104, 99, 97, 104,
    107, 104, 102, 98, 92, 89, 90, 89, 89, 82, 85, 90, 90, 89, 89, 91,
    89, 90, 87, 84, 84, 80, 85, 87, 91, 94, 97, 96, 96, 90, 92, 91, 87,
    89, 90, 87, 86, 91, 92, 93, 90, 90, 88, 88, 88, 90, 94, 95, 101, 111,
    129, 141, 157, 168, 179, 188, 198, 206, 212, 223, 222, 225, 230, 231,
    237, 242, 242, 247, 249, 250, 247, 251, 251, 255, 255, 252, 254, 255,
    255, 253 ]
RHandPositionsX: [ 213, 212, 216, 215, 215, 213, 212, 211, 213, 215, 211,
    214, 213, 211, 211, 212, 213, 212, 213, 211, 214, 214, 215, 213, 213,
    215, 212, 214, 214, 211, 214, 214, 215, 214, 211, 212, 212, 215, 215,
    213, 212, 212, 212, 214, 213, 211, 213, 213, 214, 215, 215, 211, 212,
    212, 212, 213, 211, 211, 210, 214, 211, 211, 210, 213, 214, 210, 213,
    211, 213, 214, 214, 214, 211, 213, 213, 213, 210, 211, 212, 212, 210,
    211, 214, 214, 210, 211, 210, 213, 214, 210, 213 ]
RHandPositionsY: [ 256, 257, 255, 257, 254, 255, 253, 255, 255, 252, 253,
    256, 252, 252, 254, 256, 256, 254, 252, 253, 254, 253, 255, 255, 252,
    251, 253, 255, 252, 253, 253, 253, 255, 254, 251, 255, 254, 254, 255,
    251, 251, 255, 254, 254, 252, 255, 254, 251, 254, 254, 254, 254, 254,
    254, 252, 254, 253, 254, 255, 252, 251, 251, 253, 255, 251, 251, 255,
    252, 254, 255, 252, 253, 251, 251, 254, 251, 254, 251, 255, 254, 252,
    253, 252, 255, 254, 252, 253, 252, 255, 254, 251 ]
