%YAML:1.0
---
videoName: "LHShake22.mp4"
gestureLabel: 2
fps: 29
pixelSizeInCmTemp: 3.5220588235294115e-01
faceCenterPointX: 261
faceCenterPointY: 79
LHandPositionsX: [ 338, 345, 350, 356, 353, 356, 357, 356, 348, 337, 330,
    322, 322, 321, 318, 324, 328, 340, 346, 344, 345, 341, 336, 329, 323,
    324, 322, 326, 332, 339, 343, 340, 344, 335, 332, 320, 315, 319, 317,
    321, 328, 336, 334, 337, 337, 329, 323, 318, 321, 321, 325, 329, 337,
    345, 344, 343, 340, 332, 325, 320, 316, 315, 316, 325, 329, 338, 336,
    333, 333, 331, 329, 323, 322, 319, 321, 323, 321, 324, 328, 323, 326,
    325, 324, 326, 323, 327, 323, 327 ]
LHandPositionsY: [ 259, 256, 247, 235, 236, 220, 206, 205, 196, 189, 184,
    183, 185, 185, 182, 183, 178, 178, 172, 171, 174, 169, 175, 178, 180,
    176, 177, 177, 177, 174, 173, 174, 170, 172, 175, 178, 183, 184, 181,
    184, 178, 177, 177, 174, 173, 175, 176, 179, 183, 183, 179, 182, 177,
    177, 174, 177, 176, 175, 177, 181, 183, 184, 183, 182, 177, 177, 180,
    178, 185, 190, 194, 200, 209, 219, 229, 238, 242, 243, 249, 249, 246,
    247, 249, 248, 251, 247, 248, 248 ]
RHandPositionsX: [ 189, 192, 189, 193, 190, 190, 190, 190, 192, 192, 191,
    191, 193, 189, 193, 193, 190, 190, 189, 190, 189, 192, 189, 191, 191,
    193, 191, 189, 192, 189, 193, 191, 191, 193, 189, 189, 190, 190, 190,
    189, 190, 190, 193, 190, 192, 191, 190, 192, 191, 190, 190, 191, 191,
    189, 189, 190, 189, 193, 189, 190, 189, 191, 191, 193, 190, 190, 193,
    189, 191, 192, 190, 190, 190, 191, 193, 193, 192, 190, 190, 193, 192,
    191, 192, 190, 193, 190, 190, 189 ]
RHandPositionsY: [ 266, 269, 269, 268, 267, 266, 269, 267, 267, 266, 267,
    270, 266, 269, 270, 267, 269, 270, 270, 270, 269, 267, 269, 268, 268,
    268, 269, 269, 266, 268, 268, 270, 270, 266, 270, 268, 268, 269, 269,
    266, 267, 270, 269, 266, 268, 267, 270, 269, 266, 270, 270, 267, 269,
    266, 266, 269, 270, 266, 268, 268, 266, 270, 266, 266, 267, 270, 269,
    266, 270, 268, 269, 269, 267, 268, 267, 269, 269, 267, 267, 266, 269,
    269, 266, 268, 270, 269, 266, 266 ]
