%YAML:1.0
---
videoName: "LHShake04.mp4"
gestureLabel: 2
fps: 30
pixelSizeInCmTemp: 3.2808219178082193e-01
faceCenterPointX: 247
faceCenterPointY: 80
LHandPositionsX: [ 280, 284, 281, 284, 282, 282, 279, 283, 279, 281, 281,
    279, 280, 281, 283, 285, 288, 300, 309, 322, 336, 347, 359, 367, 372,
    366, 362, 360, 349, 341, 335, 335, 336, 339, 346, 365, 369, 366, 360,
    344, 339, 345, 343, 343, 351, 353, 355, 357, 350, 345, 342, 344, 343,
    347, 355, 354, 354, 351, 343, 345, 344, 349, 354, 357, 364, 366, 365,
    361, 353, 344, 334, 322, 312, 305, 299, 295, 289, 291, 287, 289, 286,
    288, 290, 286, 286, 290, 286, 286, 286, 286, 286 ]
LHandPositionsY: [ 271, 272, 272, 272, 268, 272, 269, 271, 272, 268, 268,
    268, 270, 272, 270, 268, 264, 253, 242, 231, 219, 202, 190, 176, 161,
    160, 154, 151, 136, 132, 131, 130, 127, 119, 114, 110, 110, 108, 117,
    117, 128, 125, 125, 126, 119, 119, 115, 113, 120, 117, 121, 120, 117,
    114, 112, 112, 112, 112, 116, 115, 117, 114, 110, 106, 108, 105, 108,
    111, 126, 144, 157, 171, 185, 202, 215, 223, 235, 243, 243, 245, 247,
    250, 250, 247, 251, 249, 251, 255, 250, 253, 250 ]
RHandPositionsX: [ 218, 218, 214, 216, 218, 214, 214, 217, 214, 217, 217,
    217, 218, 216, 214, 215, 216, 218, 216, 215, 216, 214, 216, 215, 215,
    217, 215, 216, 216, 218, 218, 218, 218, 218, 214, 216, 216, 216, 214,
    218, 216, 218, 214, 217, 218, 217, 214, 215, 215, 218, 216, 218, 214,
    216, 215, 216, 217, 216, 217, 216, 216, 218, 214, 218, 218, 217, 217,
    214, 214, 217, 217, 217, 217, 216, 214, 217, 215, 215, 217, 217, 218,
    215, 218, 218, 215, 215, 214, 217, 215, 214, 214 ]
RHandPositionsY: [ 266, 270, 266, 270, 270, 268, 266, 270, 269, 268, 267,
    267, 267, 267, 265, 267, 267, 264, 266, 267, 268, 264, 264, 265, 263,
    264, 267, 267, 265, 267, 267, 264, 265, 263, 264, 264, 265, 264, 262,
    264, 262, 262, 264, 262, 262, 266, 266, 261, 262, 265, 261, 261, 263,
    262, 265, 262, 262, 262, 261, 262, 261, 264, 263, 264, 261, 263, 264,
    264, 265, 264, 263, 261, 264, 261, 264, 261, 263, 263, 262, 264, 263,
    264, 264, 261, 265, 264, 263, 262, 261, 261, 265 ]
