%YAML:1.0
---
videoName: "LHShake23.mp4"
gestureLabel: 2
fps: 30
pixelSizeInCmTemp: 3.3263888888888887e-01
faceCenterPointX: 259
faceCenterPointY: 79
LHandPositionsX: [ 332, 333, 334, 334, 330, 331, 331, 332, 330, 334, 335,
    333, 342, 348, 348, 361, 370, 371, 376, 376, 378, 381, 374, 366, 359,
    349, 352, 351, 357, 362, 371, 378, 383, 384, 384, 378, 370, 361, 359,
    362, 362, 368, 378, 385, 383, 384, 380, 373, 365, 355, 353, 354, 357,
    364, 374, 379, 383, 382, 380, 373, 368, 355, 358, 356, 358, 363, 373,
    378, 378, 376, 380, 375, 368, 364, 354, 350, 349, 343, 340, 339, 338,
    336, 340, 338, 337, 335, 334, 336, 334, 334, 333 ]
LHandPositionsY: [ 262, 266, 262, 262, 263, 264, 264, 265, 263, 264, 258,
    254, 240, 232, 229, 212, 201, 198, 191, 187, 181, 169, 169, 168, 168,
    168, 167, 169, 170, 168, 165, 161, 157, 158, 157, 159, 164, 165, 166,
    164, 167, 162, 164, 160, 159, 158, 158, 160, 162, 162, 164, 168, 167,
    167, 164, 163, 163, 166, 161, 164, 165, 168, 169, 166, 168, 171, 168,
    166, 169, 168, 169, 171, 174, 184, 194, 200, 215, 228, 241, 250, 251,
    249, 252, 251, 255, 256, 255, 255, 255, 256, 255 ]
RHandPositionsX: [ 185, 186, 186, 185, 182, 186, 186, 182, 182, 186, 186,
    186, 182, 183, 186, 186, 182, 186, 184, 186, 183, 186, 184, 182, 186,
    186, 184, 182, 184, 186, 182, 185, 183, 186, 183, 186, 185, 184, 184,
    185, 183, 185, 185, 182, 182, 184, 185, 182, 182, 182, 186, 186, 185,
    186, 184, 185, 182, 184, 184, 184, 183, 184, 184, 185, 182, 184, 185,
    183, 184, 185, 185, 183, 183, 185, 183, 185, 184, 185, 184, 183, 184,
    186, 185, 185, 183, 182, 182, 185, 185, 182, 186 ]
RHandPositionsY: [ 274, 271, 274, 271, 270, 271, 272, 270, 274, 270, 271,
    273, 273, 273, 271, 271, 272, 273, 271, 274, 271, 274, 273, 273, 273,
    270, 274, 271, 272, 271, 274, 273, 273, 274, 270, 274, 270, 270, 271,
    272, 274, 270, 272, 270, 274, 273, 271, 270, 270, 274, 274, 274, 273,
    273, 271, 273, 271, 270, 272, 272, 272, 271, 270, 270, 272, 272, 272,
    274, 273, 274, 274, 271, 273, 272, 273, 274, 274, 272, 271, 272, 274,
    274, 270, 270, 273, 273, 274, 271, 273, 271, 272 ]
