%YAML:1.0
---
videoName: "LHShake06.mp4"
gestureLabel: 2
fps: 29
pixelSizeInCmTemp: 3.3732394366197183e-01
faceCenterPointX: 250
faceCenterPointY: 80
LHandPositionsX: [ 381, 383, 386, 384, 386, 378, 377, 373, 369, 368, 376,
    385, 387, 391, 394, 397, 396, 386, 380, 377, 374, 379, 387, 387, 392,
    395, 390, 386, 382, 380, 381, 382, 385, 386, 389, 390, 387, 382, 381,
    382, 380, 380, 383, 390, 392, 390, 388, 383, 380, 377, 382, 382, 387,
    394, 398, 398, 397, 395, 392, 386, 381, 369, 359, 357, 353, 345, 335,
    328, 318, 312, 306, 305, 307, 303, 305, 301, 303, 301, 302, 302, 298,
    302, 299, 301, 302, 301, 298, 302 ]
LHandPositionsY: [ 148, 145, 145, 140, 139, 138, 135, 138, 135, 135, 131,
    127, 126, 126, 128, 126, 131, 133, 133, 136, 132, 135, 129, 128, 130,
    129, 126, 127, 128, 130, 129, 128, 127, 126, 126, 125, 125, 127, 128,
    127, 125, 125, 128, 124, 125, 123, 125, 128, 126, 127, 125, 125, 125,
    123, 122, 124, 123, 122, 127, 127, 133, 137, 144, 149, 159, 172, 192,
    208, 216, 224, 230, 232, 239, 239, 243, 246, 251, 252, 251, 253, 255,
    253, 253, 255, 255, 253, 254, 258 ]
RHandPositionsX: [ 212, 210, 211, 212, 210, 213, 212, 209, 211, 210, 210,
    209, 209, 212, 213, 212, 213, 211, 213, 210, 212, 213, 210, 211, 211,
    210, 212, 213, 212, 210, 208, 212, 212, 212, 210, 211, 209, 212, 211,
    208, 211, 212, 210, 211, 207, 211, 210, 208, 208, 209, 208, 207, 211,
    210, 210, 209, 210, 207, 210, 207, 211, 211, 208, 207, 211, 210, 211,
    209, 209, 207, 209, 211, 208, 208, 210, 209, 211, 212, 209, 210, 210,
    210, 209, 209, 212, 210, 212, 211 ]
RHandPositionsY: [ 270, 270, 269, 270, 270, 269, 267, 271, 269, 270, 269,
    267, 266, 267, 267, 267, 268, 269, 269, 269, 268, 269, 269, 267, 269,
    265, 267, 269, 267, 269, 267, 267, 266, 267, 265, 268, 266, 267, 268,
    269, 266, 268, 267, 268, 268, 270, 270, 266, 266, 269, 265, 265, 268,
    265, 268, 266, 265, 265, 266, 269, 268, 267, 267, 269, 265, 265, 265,
    268, 268, 266, 268, 269, 266, 269, 265, 269, 265, 265, 266, 269, 267,
    269, 265, 269, 267, 267, 266, 268 ]
