%YAML:1.0
---
videoName: "LHShake09.mp4"
gestureLabel: 2
fps: 29
pixelSizeInCmTemp: 3.3263888888888887e-01
faceCenterPointX: 259
faceCenterPointY: 67
LHandPositionsX: [ 337, 338, 340, 337, 343, 345, 350, 353, 350, 359, 357,
    365, 367, 367, 369, 365, 362, 352, 340, 334, 331, 331, 329, 331, 339,
    349, 348, 351, 350, 349, 353, 347, 340, 338, 334, 336, 339, 344, 352,
    363, 367, 365, 367, 364, 356, 345, 338, 338, 337, 337, 337, 344, 355,
    353, 353, 355, 355, 348, 344, 337, 336, 336, 334, 336, 344, 349, 355,
    353, 355, 351, 347, 342, 338, 329, 324, 320, 318, 322, 323, 325, 326,
    329, 332, 330, 334, 333, 331, 333 ]
LHandPositionsY: [ 271, 271, 273, 275, 271, 272, 263, 255, 248, 239, 233,
    217, 199, 197, 186, 172, 165, 164, 160, 159, 156, 156, 155, 152, 154,
    153, 147, 146, 146, 146, 149, 149, 150, 156, 153, 153, 154, 153, 152,
    151, 153, 155, 154, 152, 153, 157, 157, 157, 155, 153, 153, 152, 152,
    153, 153, 152, 150, 151, 152, 154, 152, 152, 155, 154, 152, 150, 151,
    151, 148, 148, 149, 153, 162, 171, 183, 192, 207, 219, 231, 242, 243,
    250, 250, 253, 259, 261, 259, 261 ]
RHandPositionsX: [ 180, 178, 177, 179, 176, 180, 180, 176, 177, 178, 178,
    177, 180, 176, 177, 177, 179, 178, 178, 180, 176, 176, 176, 180, 180,
    179, 176, 178, 177, 179, 178, 176, 176, 179, 177, 180, 176, 179, 180,
    176, 176, 176, 177, 176, 176, 177, 178, 178, 176, 179, 176, 176, 180,
    176, 180, 180, 180, 178, 180, 178, 180, 179, 176, 178, 179, 180, 180,
    179, 180, 178, 180, 179, 177, 178, 179, 177, 176, 176, 176, 179, 177,
    177, 178, 180, 178, 178, 176, 180 ]
RHandPositionsY: [ 276, 276, 275, 275, 276, 279, 279, 278, 275, 276, 275,
    279, 275, 278, 276, 278, 275, 275, 279, 279, 276, 275, 277, 275, 279,
    278, 276, 278, 279, 277, 277, 279, 279, 276, 275, 275, 277, 276, 277,
    278, 277, 277, 277, 279, 279, 279, 278, 278, 278, 275, 277, 277, 277,
    277, 279, 275, 277, 276, 279, 279, 276, 275, 277, 279, 277, 276, 279,
    277, 277, 279, 279, 277, 277, 279, 277, 279, 277, 276, 278, 276, 276,
    279, 277, 277, 275, 278, 275, 278 ]
