%YAML:1.0
---
videoName: "LHShake22.mp4"
gestureLabel: 2
fps: 29
pixelSizeInCmTemp: 3.5220588235294115e-01
faceCenterPointX: 261
faceCenterPointY: 79
LHandPositionsX: [ 334, 346, 351, 355, 353, 359, 359, 353, 347, 338, 327,
    318, 319, 318, 317, 323, 331, 339, 343, 346, 342, 342, 339, 329, 324,
    324, 326, 324, 333, 338, 341, 340, 343, 338, 328, 322, 319, 319, 321,
    320, 328, 335, 337, 335, 334, 329, 323, 322, 318, 322, 325, 328, 337,
    344, 345, 345, 343, 333, 323, 320, 319, 315, 319, 323, 329, 337, 337,
    335, 337, 331, 326, 323, 321, 318, 321, 321, 322, 327, 327, 327, 324,
    323, 324, 323, 327, 324, 324, 326 ]
LHandPositionsY: [ 258, 254, 245, 238, 235, 220, 207, 203, 192, 187, 184,
    186, 187, 187, 182, 181, 179, 174, 171, 175, 174, 171, 175, 177, 180,
    177, 179, 180, 175, 173, 172, 171, 172, 173, 176, 181, 183, 182, 183,
    182, 180, 179, 174, 175, 177, 178, 178, 179, 181, 179, 183, 183, 180,
    177, 176, 175, 175, 177, 179, 181, 182, 184, 182, 179, 180, 176, 176,
    181, 184, 191, 194, 204, 209, 222, 229, 238, 243, 245, 248, 245, 248,
    247, 250, 248, 249, 247, 248, 250 ]
RHandPositionsX: [ 189, 192, 191, 192, 190, 190, 190, 190, 193, 192, 191,
    191, 191, 189, 193, 191, 191, 190, 192, 193, 190, 190, 190, 191, 189,
    193, 192, 191, 191, 189, 189, 190, 193, 191, 189, 189, 191, 192, 193,
    193, 193, 190, 193, 192, 189, 189, 192, 191, 193, 189, 192, 191, 189,
    191, 192, 189, 189, 192, 193, 190, 193, 190, 193, 193, 189, 193, 190,
    191, 191, 189, 189, 192, 192, 193, 191, 191, 189, 189, 192, 193, 190,
    190, 192, 189, 190, 190, 190, 191 ]
RHandPositionsY: [ 269, 267, 267, 269, 269, 267, 266, 270, 269, 270, 270,
    266, 269, 268, 270, 268, 270, 268, 266, 268, 266, 270, 270, 267, 267,
    266, 267, 266, 270, 267, 269, 266, 267, 266, 269, 267, 267, 267, 270,
    267, 270, 267, 269, 268, 266, 267, 269, 267, 269, 270, 270, 270, 267,
    267, 267, 267, 268, 269, 269, 267, 269, 266, 268, 267, 268, 266, 267,
    267, 268, 266, 266, 269, 266, 267, 270, 268, 268, 269, 267, 269, 268,
    267, 268, 266, 268, 266, 268, 270 ]
