%YAML:1.0
---
videoName: "LHShake01.mp4"
gestureLabel: 2
fps: 29
pixelSizeInCmTemp: 3.4214285714285714e-01
faceCenterPointX: 252
faceCenterPointY: 84
LHandPositionsX: [ 363, 366, 365, 363, 361, 356, 345, 343, 338, 333, 332,
    336, 339, 346, 350, 351, 359, 356, 354, 346, 346, 343, 341, 337, 338,
    338, 343, 345, 350, 348, 352, 351, 343, 342, 338, 333, 331, 334, 335,
    342, 346, 345, 345, 351, 347, 347, 342, 339, 337, 335, 333, 336, 335,
    344, 346, 350, 348, 347, 349, 350, 343, 342, 339, 330, 326, 329, 332,
    333, 333, 327, 331, 334, 337, 339, 342, 344, 343, 344, 345, 348, 349,
    347, 347, 352, 352, 352, 348, 349 ]
LHandPositionsY: [ 143, 137, 130, 126, 124, 122, 120, 118, 119, 121, 121,
    119, 123, 115, 115, 112, 110, 110, 110, 112, 111, 113, 113, 111, 112,
    112, 111, 107, 105, 107, 104, 108, 108, 109, 109, 113, 115, 112, 114,
    108, 109, 107, 107, 106, 104, 108, 106, 107, 109, 108, 112, 109, 110,
    105, 106, 102, 105, 104, 105, 105, 104, 103, 105, 122, 132, 141, 150,
    159, 165, 164, 174, 183, 191, 197, 206, 215, 223, 219, 223, 225, 225,
    227, 227, 227, 232, 232, 232, 230 ]
RHandPositionsX: [ 157, 155, 155, 153, 157, 154, 156, 157, 154, 154, 154,
    153, 153, 153, 157, 156, 157, 156, 153, 154, 157, 156, 155, 156, 153,
    157, 155, 155, 154, 156, 155, 156, 154, 157, 154, 156, 153, 157, 157,
    156, 154, 157, 153, 155, 154, 154, 157, 153, 154, 155, 154, 157, 153,
    155, 154, 157, 156, 153, 153, 153, 153, 156, 157, 157, 154, 156, 156,
    154, 153, 157, 155, 156, 153, 156, 153, 154, 153, 154, 157, 155, 155,
    154, 154, 157, 157, 153, 154, 155 ]
RHandPositionsY: [ 270, 267, 267, 269, 267, 266, 268, 270, 269, 266, 268,
    266, 267, 264, 267, 264, 267, 263, 264, 267, 267, 264, 262, 263, 264,
    264, 261, 262, 263, 264, 264, 265, 263, 262, 263, 262, 263, 263, 264,
    261, 262, 260, 262, 262, 260, 259, 261, 261, 260, 263, 259, 259, 260,
    262, 262, 260, 261, 262, 259, 261, 263, 261, 262, 262, 262, 261, 261,
    263, 262, 261, 262, 260, 260, 263, 263, 260, 262, 263, 263, 262, 263,
    260, 262, 259, 262, 259, 261, 260 ]
