%YAML:1.0
---
videoName: "LHShake06.mp4"
gestureLabel: 2
fps: 29
pixelSizeInCmTemp: 3.3732394366197183e-01
faceCenterPointX: 250
faceCenterPointY: 80
LHandPositionsX: [ 384, 383, 388, 386, 382, 378, 374, 372, 368, 372, 373,
    384, 390, 393, 394, 394, 393, 385, 380, 377, 377, 377, 386, 391, 390,
    393, 393, 386, 386, 379, 380, 378, 385, 387, 388, 391, 388, 386, 380,
    382, 379, 381, 386, 388, 391, 389, 390, 384, 380, 378, 380, 382, 384,
    391, 397, 401, 399, 397, 391, 388, 380, 371, 362, 360, 354, 345, 335,
    329, 320, 313, 308, 306, 303, 302, 304, 304, 302, 299, 303, 302, 298,
    298, 298, 302, 299, 300, 298, 300 ]
LHandPositionsY: [ 149, 145, 143, 138, 136, 136, 136, 137, 137, 135, 130,
    128, 130, 130, 127, 129, 129, 134, 131, 135, 134, 132, 130, 130, 129,
    127, 127, 127, 126, 130, 129, 130, 128, 125, 127, 126, 127, 129, 127,
    127, 127, 129, 128, 127, 122, 126, 125, 127, 126, 129, 125, 125, 123,
    121, 123, 122, 121, 122, 124, 126, 134, 138, 146, 153, 162, 176, 191,
    207, 216, 224, 230, 235, 236, 242, 245, 245, 252, 252, 250, 253, 255,
    254, 253, 253, 254, 254, 256, 257 ]
RHandPositionsX: [ 210, 211, 212, 209, 209, 213, 209, 211, 211, 211, 213,
    209, 213, 213, 213, 212, 213, 210, 212, 213, 210, 209, 213, 210, 210,
    209, 213, 211, 212, 209, 209, 208, 208, 210, 212, 208, 210, 208, 209,
    208, 210, 210, 209, 210, 207, 210, 209, 210, 211, 211, 209, 210, 207,
    210, 207, 207, 207, 210, 211, 208, 207, 211, 209, 209, 211, 210, 210,
    210, 211, 210, 208, 211, 211, 209, 208, 208, 211, 211, 210, 212, 209,
    212, 210, 208, 213, 213, 211, 213 ]
RHandPositionsY: [ 269, 269, 270, 270, 268, 268, 267, 270, 269, 269, 267,
    269, 267, 268, 270, 266, 269, 267, 269, 270, 266, 268, 267, 265, 266,
    267, 269, 265, 269, 268, 266, 269, 268, 268, 269, 268, 267, 266, 265,
    268, 266, 266, 269, 265, 267, 268, 269, 265, 268, 265, 265, 269, 267,
    265, 267, 270, 267, 269, 265, 266, 265, 267, 266, 269, 266, 268, 265,
    267, 266, 268, 266, 266, 269, 267, 269, 268, 267, 267, 268, 265, 268,
    266, 267, 266, 266, 268, 265, 266 ]
