%YAML:1.0
---
videoName: "LHShake10.mp4"
gestureLabel: 2
fps: 29
pixelSizeInCmTemp: 3.4214285714285714e-01
faceCenterPointX: 253
faceCenterPointY: 65
LHandPositionsX: [ 334, 335, 338, 336, 336, 340, 343, 346, 350, 359, 368,
    376, 385, 391, 396, 394, 395, 383, 375, 363, 355, 352, 350, 353, 362,
    371, 379, 391, 393, 393, 392, 387, 373, 363, 358, 359, 358, 363, 370,
    370, 371, 371, 374, 371, 370, 364, 353, 347, 342, 343, 345, 354, 362,
    374, 380, 379, 379, 373, 365, 356, 350, 349, 349, 349, 353, 364, 374,
    381, 377, 376, 376, 373, 367, 363, 355, 350, 342, 342, 339, 335, 336,
    336, 337, 335, 334, 333, 335, 333 ]
LHandPositionsY: [ 270, 270, 270, 269, 270, 271, 268, 261, 252, 241, 225,
    210, 191, 179, 166, 157, 142, 137, 132, 138, 145, 147, 147, 151, 147,
    149, 139, 138, 143, 143, 140, 145, 147, 147, 152, 149, 151, 149, 136,
    132, 133, 132, 135, 131, 131, 131, 136, 142, 142, 146, 146, 146, 141,
    142, 140, 143, 142, 146, 144, 150, 150, 154, 152, 150, 151, 151, 147,
    147, 147, 144, 147, 152, 157, 167, 175, 181, 194, 208, 219, 230, 242,
    251, 255, 257, 257, 255, 260, 261 ]
RHandPositionsX: [ 175, 173, 172, 174, 174, 172, 173, 173, 174, 176, 176,
    175, 175, 176, 173, 175, 171, 171, 173, 172, 172, 175, 174, 175, 172,
    172, 171, 175, 175, 175, 175, 173, 171, 171, 173, 174, 175, 173, 173,
    175, 172, 171, 171, 174, 174, 175, 172, 175, 174, 171, 174, 173, 175,
    175, 175, 174, 175, 171, 171, 173, 171, 175, 173, 173, 171, 173, 171,
    174, 171, 172, 172, 175, 173, 172, 171, 171, 173, 172, 175, 174, 175,
    174, 175, 173, 172, 172, 173, 174 ]
RHandPositionsY: [ 274, 274, 276, 275, 278, 276, 277, 276, 274, 277, 275,
    275, 276, 277, 278, 278, 275, 275, 277, 274, 277, 276, 278, 278, 278,
    274, 277, 276, 277, 276, 274, 276, 278, 278, 274, 274, 276, 274, 277,
    274, 276, 277, 274, 274, 276, 276, 278, 275, 275, 277, 277, 274, 277,
    277, 277, 274, 276, 276, 276, 275, 278, 274, 278, 274, 277, 274, 274,
    274, 277, 275, 276, 276, 276, 276, 278, 277, 275, 274, 277, 274, 275,
    274, 276, 277, 277, 278, 274, 278 ]
