%YAML:1.0
---
videoName: "LHShake17.mp4"
gestureLabel: 2
fps: 30
pixelSizeInCmTemp: 3.3732394366197183e-01
faceCenterPointX: 248
faceCenterPointY: 64
LHandPositionsX: [ 324, 321, 321, 324, 322, 323, 323, 328, 330, 337, 345,
    353, 363, 374, 390, 398, 405, 407, 403, 390, 372, 361, 354, 351, 354,
    359, 369, 378, 376, 384, 374, 366, 351, 345, 348, 349, 358, 364, 367,
    365, 365, 364, 357, 352, 350, 356, 365, 371, 378, 373, 375, 369, 360,
    354, 348, 347, 350, 356, 363, 364, 363, 369, 363, 358, 347, 343, 341,
    336, 333, 335, 334, 332, 330, 333, 328, 327, 327, 329, 327, 327, 327,
    325, 326, 327, 324, 327, 325, 325, 324, 323, 324 ]
LHandPositionsY: [ 250, 247, 247, 250, 247, 247, 250, 246, 248, 230, 218,
    203, 188, 174, 156, 142, 129, 119, 116, 114, 124, 132, 136, 137, 137,
    134, 123, 117, 118, 116, 118, 130, 137, 138, 138, 139, 123, 118, 120,
    121, 117, 116, 129, 135, 135, 133, 124, 120, 124, 124, 122, 120, 132,
    136, 143, 142, 138, 125, 123, 122, 124, 122, 120, 130, 134, 146, 151,
    164, 169, 180, 195, 205, 218, 222, 221, 226, 230, 234, 233, 234, 237,
    236, 238, 236, 238, 239, 238, 238, 236, 236, 236 ]
RHandPositionsX: [ 177, 180, 177, 180, 178, 176, 179, 180, 180, 178, 178,
    180, 177, 176, 178, 180, 176, 178, 180, 176, 179, 179, 179, 176, 176,
    178, 176, 179, 179, 179, 176, 179, 177, 175, 175, 179, 176, 179, 174,
    176, 174, 178, 175, 175, 178, 178, 174, 175, 178, 176, 174, 178, 177,
    175, 178, 176, 176, 177, 178, 178, 174, 175, 176, 175, 174, 178, 174,
    178, 174, 176, 178, 175, 175, 177, 175, 174, 176, 176, 175, 174, 177,
    174, 178, 178, 175, 176, 177, 177, 175, 175, 177 ]
RHandPositionsY: [ 256, 258, 258, 259, 258, 258, 256, 260, 257, 260, 260,
    257, 256, 259, 259, 256, 260, 260, 257, 257, 257, 258, 256, 260, 258,
    257, 259, 257, 256, 257, 256, 257, 256, 257, 257, 258, 258, 259, 259,
    257, 257, 257, 258, 260, 256, 260, 259, 259, 259, 256, 258, 260, 257,
    257, 256, 257, 256, 260, 260, 259, 258, 260, 258, 260, 258, 260, 259,
    257, 256, 256, 257, 260, 257, 259, 256, 260, 260, 258, 259, 257, 257,
    258, 258, 257, 258, 258, 258, 258, 256, 256, 256 ]
