%YAML:1.0
---
videoName: "LHShake18.mp4"
gestureLabel: 2
fps: 29
pixelSizeInCmTemp: 3.4214285714285714e-01
faceCenterPointX: 253
faceCenterPointY: 65
LHandPositionsX: [ 313, 313, 313, 314, 311, 311, 313, 312, 311, 314, 311,
    312, 314, 312, 311, 316, 315, 314, 322, 324, 330, 337, 346, 347, 349,
    348, 340, 327, 316, 299, 300, 302, 305, 315, 312, 314, 312, 308, 298,
    292, 294, 300, 306, 314, 312, 312, 307, 299, 290, 285, 286, 296, 305,
    315, 312, 311, 308, 292, 286, 287, 295, 303, 309, 306, 310, 309, 303,
    294, 296, 301, 303, 304, 306, 309, 312, 313, 306, 305, 304, 305, 304,
    307, 305, 310, 310, 311, 308, 311 ]
LHandPositionsY: [ 247, 246, 247, 250, 248, 249, 246, 246, 250, 247, 250,
    246, 247, 248, 249, 249, 246, 249, 245, 235, 219, 203, 187, 178, 169,
    158, 151, 145, 146, 137, 137, 141, 144, 142, 138, 143, 141, 147, 144,
    138, 136, 141, 144, 145, 145, 145, 148, 146, 143, 139, 143, 148, 148,
    146, 149, 149, 149, 141, 146, 142, 152, 152, 151, 150, 152, 155, 159,
    147, 147, 152, 152, 152, 152, 154, 162, 165, 178, 189, 197, 208, 214,
    216, 220, 234, 235, 231, 232, 231 ]
RHandPositionsX: [ 195, 196, 196, 195, 195, 197, 195, 196, 198, 199, 197,
    198, 199, 196, 198, 198, 198, 198, 196, 196, 199, 196, 197, 196, 199,
    197, 195, 194, 198, 197, 196, 194, 197, 199, 199, 198, 199, 197, 196,
    196, 195, 195, 196, 199, 197, 196, 199, 197, 197, 196, 196, 199, 199,
    200, 197, 196, 196, 200, 198, 196, 195, 197, 197, 196, 197, 196, 197,
    196, 197, 196, 196, 197, 194, 194, 197, 195, 195, 198, 197, 195, 194,
    198, 198, 197, 196, 195, 198, 195 ]
RHandPositionsY: [ 262, 262, 265, 263, 266, 264, 265, 267, 266, 266, 267,
    265, 266, 264, 265, 263, 263, 264, 266, 264, 264, 266, 264, 264, 267,
    264, 264, 265, 263, 262, 262, 262, 267, 267, 267, 265, 266, 268, 268,
    268, 268, 266, 265, 268, 265, 266, 264, 268, 264, 265, 266, 267, 267,
    264, 264, 265, 265, 266, 267, 267, 266, 268, 269, 265, 267, 267, 267,
    264, 268, 264, 268, 264, 265, 264, 267, 268, 266, 268, 265, 266, 264,
    267, 267, 264, 265, 265, 266, 268 ]
