%YAML:1.0
---
videoName: "LHShake16.mp4"
gestureLabel: 2
fps: 30
pixelSizeInCmTemp: 3.3732394366197183e-01
faceCenterPointX: 247
faceCenterPointY: 66
LHandPositionsX: [ 325, 322, 327, 325, 331, 338, 347, 352, 363, 374, 384,
    394, 405, 409, 405, 400, 402, 393, 376, 365, 353, 355, 366, 370, 379,
    398, 396, 391, 389, 385, 373, 371, 372, 372, 372, 380, 388, 387, 401,
    394, 383, 373, 366, 366, 364, 371, 372, 383, 400, 406, 396, 385, 372,
    363, 361, 361, 361, 369, 373, 394, 386, 384, 387, 380, 373, 367, 358,
    347, 345, 334, 336, 330, 332, 331, 329, 329, 329, 329, 329, 331, 329,
    326, 326, 325, 329, 327, 327, 325, 325, 326, 325 ]
LHandPositionsY: [ 252, 253, 253, 252, 249, 247, 235, 222, 209, 195, 181,
    170, 152, 147, 142, 137, 122, 115, 119, 112, 120, 118, 127, 115, 115,
    113, 115, 120, 117, 118, 119, 132, 128, 133, 125, 121, 121, 122, 122,
    118, 118, 125, 132, 131, 133, 135, 130, 126, 126, 121, 122, 128, 139,
    146, 142, 143, 148, 144, 134, 126, 128, 131, 123, 130, 142, 152, 162,
    169, 180, 198, 208, 213, 225, 228, 230, 236, 235, 238, 239, 238, 240,
    242, 241, 244, 244, 243, 245, 243, 244, 245, 241 ]
RHandPositionsX: [ 175, 179, 175, 177, 178, 177, 175, 177, 176, 175, 179,
    175, 179, 179, 175, 175, 177, 178, 179, 178, 178, 176, 176, 178, 177,
    175, 179, 175, 177, 175, 179, 177, 175, 177, 179, 179, 179, 179, 176,
    179, 175, 175, 176, 176, 179, 177, 179, 177, 178, 177, 179, 178, 175,
    177, 177, 179, 179, 179, 178, 179, 177, 175, 176, 178, 175, 178, 179,
    179, 176, 179, 177, 175, 177, 179, 175, 178, 176, 178, 176, 176, 175,
    175, 179, 178, 176, 178, 177, 175, 179, 175, 178 ]
RHandPositionsY: [ 258, 260, 261, 261, 260, 259, 261, 258, 259, 261, 258,
    259, 259, 262, 262, 262, 261, 262, 258, 259, 258, 261, 260, 260, 262,
    262, 260, 259, 260, 259, 259, 261, 259, 258, 261, 259, 262, 258, 259,
    262, 258, 262, 261, 259, 258, 259, 261, 258, 260, 258, 258, 260, 258,
    261, 262, 262, 258, 262, 262, 260, 259, 258, 260, 262, 259, 262, 259,
    259, 258, 261, 262, 259, 262, 258, 259, 262, 261, 262, 261, 262, 260,
    259, 260, 262, 260, 258, 262, 262, 259, 261, 260 ]
