%YAML:1.0
---
videoName: "LHShake12.mp4"
gestureLabel: 2
fps: 29
pixelSizeInCmTemp: 3.3263888888888887e-01
faceCenterPointX: 259
faceCenterPointY: 64
LHandPositionsX: [ 371, 358, 349, 347, 344, 344, 354, 364, 373, 380, 383,
    380, 373, 364, 352, 348, 351, 343, 348, 355, 363, 375, 378, 376, 377,
    369, 363, 347, 341, 343, 339, 344, 348, 359, 368, 372, 370, 372, 368,
    359, 346, 341, 343, 340, 345, 355, 362, 372, 368, 368, 366, 358, 347,
    338, 339, 339, 340, 349, 356, 365, 368, 367, 367, 365, 353, 344, 332,
    325, 321, 318, 315, 317, 318, 325, 332, 331, 332, 332, 333, 334, 335,
    334, 336, 334, 333, 334, 335, 337 ]
LHandPositionsY: [ 165, 162, 163, 163, 160, 159, 158, 153, 149, 153, 153,
    153, 150, 152, 153, 159, 156, 159, 155, 155, 149, 149, 146, 145, 144,
    144, 147, 148, 151, 154, 156, 151, 148, 147, 144, 148, 149, 147, 144,
    147, 153, 158, 157, 156, 154, 155, 152, 153, 153, 148, 151, 150, 153,
    155, 159, 159, 157, 153, 151, 145, 145, 145, 142, 149, 147, 152, 159,
    169, 179, 188, 195, 210, 227, 233, 244, 246, 250, 251, 253, 254, 254,
    257, 256, 257, 259, 256, 258, 259 ]
RHandPositionsX: [ 177, 174, 177, 175, 175, 176, 175, 177, 176, 176, 174,
    175, 174, 174, 177, 178, 175, 175, 174, 177, 175, 177, 176, 177, 175,
    175, 178, 174, 177, 174, 178, 178, 174, 176, 175, 176, 175, 174, 174,
    175, 174, 175, 175, 176, 177, 177, 174, 175, 176, 174, 175, 174, 175,
    175, 176, 174, 178, 178, 178, 174, 178, 176, 174, 177, 178, 175, 175,
    176, 178, 174, 176, 176, 174, 177, 177, 177, 178, 176, 176, 178, 178,
    177, 174, 178, 176, 174, 175, 175 ]
RHandPositionsY: [ 271, 275, 274, 271, 275, 275, 273, 274, 274, 273, 272,
    275, 275, 272, 274, 271, 272, 272, 274, 271, 272, 274, 272, 273, 272,
    273, 274, 275, 271, 273, 274, 273, 272, 271, 274, 275, 274, 273, 273,
    272, 274, 274, 273, 272, 275, 275, 274, 273, 273, 275, 274, 274, 274,
    273, 275, 274, 275, 272, 274, 274, 275, 271, 273, 275, 272, 275, 271,
    275, 272, 271, 273, 272, 275, 271, 272, 272, 271, 271, 275, 273, 272,
    274, 273, 271, 271, 273, 274, 275 ]
