%YAML:1.0
---
videoName: "LHShake14.mp4"
gestureLabel: 2
fps: 29
pixelSizeInCmTemp: 3.2808219178082193e-01
faceCenterPointX: 256
faceCenterPointY: 64
LHandPositionsX: [ 349, 352, 349, 359, 367, 382, 389, 391, 386, 381, 368,
    359, 359, 358, 363, 372, 382, 384, 383, 380, 376, 363, 356, 354, 353,
    358, 368, 382, 389, 387, 383, 377, 366, 357, 357, 354, 363, 368, 379,
    382, 382, 376, 369, 363, 358, 361, 357, 362, 370, 380, 375, 376, 372,
    367, 357, 347, 344, 338, 333, 331, 328, 331, 331, 328, 332, 332, 329,
    330, 328, 328, 330, 328, 332, 329, 329, 327, 331, 329, 329, 329, 328,
    330, 331, 330, 331, 328, 330, 330 ]
LHandPositionsY: [ 149, 148, 146, 146, 142, 139, 141, 143, 141, 143, 146,
    150, 147, 150, 144, 144, 139, 137, 137, 137, 141, 143, 148, 147, 145,
    148, 148, 145, 143, 143, 141, 141, 147, 145, 147, 148, 147, 145, 144,
    145, 142, 142, 143, 143, 143, 141, 140, 141, 141, 140, 144, 147, 148,
    155, 160, 168, 177, 188, 198, 210, 223, 232, 233, 237, 244, 245, 248,
    248, 250, 250, 253, 252, 248, 251, 251, 248, 249, 252, 252, 252, 248,
    251, 251, 252, 249, 250, 248, 251 ]
RHandPositionsX: [ 184, 181, 181, 181, 182, 180, 179, 182, 180, 180, 181,
    181, 181, 182, 178, 177, 180, 178, 176, 177, 175, 176, 178, 179, 178,
    178, 176, 178, 175, 177, 175, 178, 177, 179, 177, 178, 177, 177, 177,
    180, 175, 175, 178, 177, 177, 178, 178, 177, 179, 176, 175, 176, 179,
    178, 179, 175, 179, 178, 178, 175, 175, 175, 177, 179, 175, 177, 175,
    177, 175, 177, 175, 179, 175, 177, 177, 179, 177, 177, 176, 177, 178,
    176, 179, 177, 177, 179, 177, 179 ]
RHandPositionsY: [ 278, 277, 279, 279, 276, 278, 275, 278, 276, 275, 276,
    274, 276, 278, 278, 273, 274, 276, 275, 274, 277, 274, 274, 277, 276,
    275, 273, 273, 276, 277, 273, 273, 277, 274, 276, 273, 276, 274, 277,
    278, 276, 277, 273, 275, 276, 273, 273, 275, 274, 274, 276, 273, 275,
    276, 277, 277, 275, 276, 277, 273, 274, 275, 275, 276, 275, 276, 277,
    277, 277, 274, 276, 277, 275, 273, 275, 276, 275, 273, 275, 277, 273,
    276, 277, 277, 276, 276, 277, 277 ]
