%YAML:1.0
---
videoName: "LHShake11.mp4"
gestureLabel: 2
fps: 29
pixelSizeInCmTemp: 3.3732394366197183e-01
faceCenterPointX: 260
faceCenterPointY: 69
LHandPositionsX: [ 386, 388, 384, 378, 363, 353, 346, 352, 344, 345, 353,
    361, 365, 364, 364, 363, 357, 349, 346, 346, 346, 350, 353, 360, 357,
    356, 360, 356, 351, 347, 346, 347, 351, 350, 355, 355, 352, 353, 346,
    342, 339, 341, 337, 338, 346, 354, 359, 355, 357, 355, 354, 342, 337,
    338, 335, 338, 347, 356, 360, 358, 361, 364, 359, 353, 349, 342, 338,
    330, 333, 330, 329, 330, 332, 333, 333, 333, 334, 333, 333, 332, 333,
    335, 334, 335, 333, 334, 335, 332 ]
LHandPositionsY: [ 175, 163, 150, 141, 142, 144, 148, 147, 144, 138, 130,
    129, 125, 129, 126, 129, 132, 141, 145, 139, 141, 135, 129, 130, 128,
    128, 128, 134, 140, 145, 141, 142, 145, 140, 133, 137, 134, 135, 135,
    142, 143, 143, 147, 144, 143, 136, 132, 134, 130, 128, 136, 142, 147,
    146, 147, 145, 142, 140, 138, 137, 140, 144, 148, 157, 168, 174, 191,
    202, 218, 230, 228, 232, 240, 241, 248, 247, 245, 249, 248, 248, 253,
    248, 248, 249, 248, 251, 249, 248 ]
RHandPositionsX: [ 179, 183, 179, 180, 182, 180, 181, 179, 179, 183, 180,
    180, 179, 180, 179, 182, 180, 182, 179, 181, 181, 179, 182, 182, 179,
    182, 180, 179, 181, 181, 182, 183, 180, 182, 179, 181, 180, 181, 180,
    180, 180, 180, 182, 181, 183, 180, 179, 182, 181, 182, 179, 183, 182,
    182, 179, 183, 181, 180, 181, 181, 183, 181, 180, 181, 180, 181, 180,
    182, 180, 182, 180, 183, 183, 183, 180, 183, 181, 180, 179, 181, 183,
    181, 181, 182, 183, 179, 179, 180 ]
RHandPositionsY: [ 273, 276, 275, 275, 276, 274, 273, 275, 275, 276, 273,
    274, 277, 275, 276, 276, 274, 274, 277, 276, 274, 276, 274, 275, 275,
    273, 276, 273, 273, 274, 277, 273, 277, 275, 277, 273, 276, 277, 276,
    273, 273, 276, 273, 274, 275, 274, 275, 274, 274, 276, 277, 273, 273,
    275, 277, 273, 274, 273, 277, 273, 276, 276, 277, 274, 276, 275, 275,
    276, 274, 275, 273, 276, 273, 273, 274, 274, 275, 276, 276, 274, 274,
    273, 274, 274, 277, 276, 276, 277 ]
