%YAML:1.0
---
videoName: "LHShake19.mp4"
gestureLabel: 2
fps: 29
pixelSizeInCmTemp: 3.3732394366197183e-01
faceCenterPointX: 250
faceCenterPointY: 62
LHandPositionsX: [ 307, 308, 306, 307, 307, 308, 308, 307, 308, 306, 308,
    307, 308, 308, 307, 309, 309, 314, 320, 327, 325, 324, 313, 292, 285,
    287, 290, 299, 308, 317, 315, 313, 307, 298, 290, 289, 294, 303, 312,
    317, 319, 313, 307, 293, 290, 294, 300, 305, 316, 313, 312, 306, 293,
    294, 298, 299, 305, 314, 317, 315, 312, 311, 304, 301, 297, 290, 290,
    293, 297, 299, 303, 300, 304, 305, 305, 306, 305, 310, 307, 307, 310,
    309, 310, 311, 310, 307, 307, 311 ]
LHandPositionsY: [ 249, 249, 249, 250, 251, 248, 252, 252, 251, 248, 249,
    248, 249, 249, 246, 240, 227, 213, 203, 191, 178, 171, 162, 160, 154,
    155, 156, 159, 156, 153, 152, 155, 155, 155, 148, 147, 155, 154, 155,
    151, 151, 151, 157, 147, 144, 155, 153, 153, 153, 153, 151, 155, 146,
    146, 154, 157, 153, 154, 154, 154, 155, 153, 158, 162, 167, 170, 179,
    188, 198, 210, 214, 214, 218, 222, 226, 231, 229, 232, 236, 237, 235,
    238, 236, 237, 241, 237, 237, 239 ]
RHandPositionsX: [ 195, 195, 196, 198, 196, 197, 199, 196, 197, 198, 199,
    198, 199, 195, 195, 198, 195, 199, 195, 195, 199, 199, 197, 197, 196,
    197, 195, 197, 196, 197, 196, 197, 193, 193, 196, 194, 195, 195, 196,
    193, 193, 192, 192, 191, 194, 194, 191, 194, 193, 192, 194, 192, 192,
    194, 191, 194, 195, 193, 192, 195, 194, 193, 192, 195, 193, 192, 193,
    191, 193, 191, 191, 193, 194, 192, 195, 194, 193, 194, 194, 191, 193,
    192, 195, 195, 194, 195, 192, 191 ]
RHandPositionsY: [ 258, 256, 255, 255, 257, 258, 254, 254, 255, 258, 254,
    254, 256, 255, 255, 256, 257, 255, 254, 257, 255, 258, 255, 255, 258,
    257, 256, 256, 256, 257, 255, 255, 256, 255, 255, 254, 254, 257, 255,
    254, 255, 257, 257, 258, 256, 255, 254, 258, 255, 257, 258, 257, 256,
    257, 254, 254, 254, 257, 255, 256, 254, 258, 255, 255, 257, 255, 257,
    256, 256, 255, 254, 254, 254, 254, 258, 256, 257, 258, 258, 258, 255,
    254, 255, 257, 256, 257, 255, 254 ]
