%YAML:1.0
---
videoName: "LHShake01.mp4"
gestureLabel: 2
fps: 29
pixelSizeInCmTemp: 3.4214285714285714e-01
faceCenterPointX: 252
faceCenterPointY: 84
LHandPositionsX: [ 366, 367, 366, 362, 358, 354, 349, 343, 336, 332, 334,
    332, 337, 345, 351, 354, 357, 357, 354, 347, 342, 340, 338, 337, 339,
    338, 341, 349, 350, 352, 349, 348, 346, 339, 340, 332, 331, 335, 335,
    342, 342, 348, 346, 349, 350, 345, 342, 340, 334, 336, 333, 334, 337,
    341, 348, 352, 350, 350, 346, 350, 347, 343, 340, 333, 330, 325, 329,
    332, 335, 329, 330, 333, 338, 341, 341, 344, 346, 346, 346, 347, 351,
    348, 347, 352, 353, 352, 352, 350 ]
LHandPositionsY: [ 144, 139, 134, 126, 125, 118, 118, 121, 118, 120, 120,
    122, 120, 118, 113, 110, 107, 110, 109, 110, 112, 114, 111, 111, 114,
    114, 109, 110, 107, 104, 107, 106, 106, 106, 109, 113, 112, 114, 113,
    109, 107, 107, 108, 103, 104, 108, 107, 107, 110, 108, 109, 108, 108,
    108, 103, 104, 105, 102, 104, 103, 103, 103, 105, 120, 132, 144, 150,
    160, 163, 163, 171, 182, 191, 200, 206, 216, 223, 223, 221, 224, 227,
    226, 229, 230, 228, 232, 228, 230 ]
RHandPositionsX: [ 155, 153, 157, 153, 153, 153, 156, 156, 156, 157, 153,
    155, 156, 157, 155, 157, 156, 153, 153, 156, 156, 156, 155, 153, 155,
    154, 153, 155, 157, 157, 155, 153, 155, 155, 156, 155, 154, 153, 153,
    154, 153, 154, 155, 156, 153, 154, 154, 156, 155, 153, 153, 154, 153,
    157, 155, 153, 153, 156, 156, 157, 157, 156, 153, 155, 154, 153, 157,
    154, 156, 154, 157, 153, 155, 153, 155, 154, 154, 155, 155, 157, 157,
    155, 154, 155, 154, 155, 156, 155 ]
RHandPositionsY: [ 269, 269, 268, 271, 266, 269, 267, 266, 265, 268, 269,
    266, 268, 264, 266, 264, 266, 263, 265, 264, 264, 265, 265, 263, 263,
    263, 264, 265, 263, 265, 265, 264, 261, 265, 264, 264, 263, 264, 260,
    262, 261, 262, 264, 263, 263, 262, 260, 263, 261, 259, 260, 263, 261,
    259, 261, 261, 263, 261, 261, 260, 260, 260, 263, 262, 263, 262, 262,
    262, 260, 261, 263, 259, 261, 259, 262, 261, 263, 259, 259, 260, 262,
    260, 261, 262, 263, 263, 263, 260 ]
