%YAML:1.0
---
videoName: "LHShake23.mp4"
gestureLabel: 2
fps: 30
pixelSizeInCmTemp: 3.3263888888888887e-01
faceCenterPointX: 259
faceCenterPointY: 79
LHandPositionsX: [ 330, 330, 334, 330, 334, 332, 333, 330, 334, 333, 331,
    333, 341, 348, 346, 361, 371, 373, 374, 378, 381, 380, 377, 365, 356,
    349, 355, 353, 357, 362, 371, 379, 386, 386, 383, 381, 369, 359, 361,
    358, 360, 370, 377, 385, 382, 383, 382, 373, 363, 354, 356, 352, 355,
    365, 375, 379, 380, 380, 381, 373, 365, 355, 357, 356, 358, 363, 373,
    380, 378, 380, 380, 377, 369, 365, 355, 352, 345, 344, 339, 339, 336,
    337, 336, 336, 339, 334, 336, 337, 336, 336, 336 ]
LHandPositionsY: [ 262, 266, 263, 262, 262, 264, 266, 264, 264, 262, 257,
    254, 240, 233, 228, 211, 201, 195, 195, 187, 179, 171, 168, 165, 166,
    168, 169, 167, 170, 166, 163, 159, 158, 159, 158, 161, 161, 164, 165,
    163, 165, 162, 164, 161, 160, 158, 160, 158, 163, 164, 164, 164, 165,
    168, 167, 162, 164, 165, 165, 161, 165, 166, 166, 166, 169, 172, 166,
    168, 168, 169, 171, 171, 178, 182, 194, 204, 215, 225, 240, 250, 248,
    253, 253, 250, 252, 255, 254, 255, 253, 256, 256 ]
RHandPositionsX: [ 185, 185, 182, 183, 184, 185, 182, 184, 183, 184, 182,
    185, 185, 186, 182, 182, 182, 183, 185, 185, 182, 186, 186, 185, 182,
    186, 185, 185, 183, 182, 186, 183, 182, 186, 185, 183, 182, 184, 184,
    184, 182, 186, 185, 182, 182, 186, 183, 186, 184, 185, 184, 184, 182,
    186, 185, 184, 186, 182, 186, 186, 182, 184, 184, 186, 183, 183, 184,
    184, 185, 183, 184, 186, 182, 184, 183, 183, 182, 184, 182, 182, 184,
    186, 182, 182, 184, 185, 183, 185, 186, 182, 184 ]
RHandPositionsY: [ 273, 272, 274, 270, 274, 273, 272, 272, 273, 271, 274,
    274, 270, 272, 274, 273, 271, 273, 272, 270, 272, 272, 272, 270, 274,
    273, 270, 271, 274, 270, 272, 272, 274, 270, 274, 273, 270, 271, 271,
    274, 273, 270, 273, 270, 274, 272, 271, 272, 271, 271, 274, 273, 273,
    272, 272, 270, 273, 272, 272, 274, 274, 270, 274, 271, 270, 273, 272,
    271, 273, 273, 271, 274, 270, 272, 271, 273, 272, 274, 274, 272, 273,
    273, 274, 274, 273, 270, 272, 273, 273, 273, 271 ]
