%YAML:1.0
---
videoName: "LHShake02.mp4"
gestureLabel: 2
fps: 29
pixelSizeInCmTemp: 3.3263888888888887e-01
faceCenterPointX: 249
faceCenterPointY: 82
LHandPositionsX: [ 362, 363, 364, 368, 375, 380, 388, 384, 389, 387, 383,
    378, 372, 367, 366, 365, 362, 365, 368, 374, 385, 385, 381, 379, 378,
    369, 366, 365, 364, 364, 369, 368, 374, 379, 379, 381, 378, 378, 376,
    367, 364, 359, 361, 356, 360, 363, 363, 369, 372, 371, 371, 368, 365,
    358, 359, 357, 360, 367, 368, 369, 371, 372, 367, 363, 360, 354, 350,
    346, 347, 344, 344, 340, 343, 341, 342, 346, 346, 345, 346, 348, 349,
    348, 349, 347, 349, 347, 346, 346 ]
LHandPositionsY: [ 125, 120, 116, 113, 112, 111, 112, 110, 112, 111, 109,
    110, 109, 114, 115, 114, 112, 109, 110, 106, 104, 103, 104, 102, 102,
    107, 108, 108, 111, 105, 102, 104, 98, 97, 100, 96, 96, 98, 99, 98,
    101, 104, 102, 103, 102, 103, 100, 98, 102, 101, 103, 103, 109, 110,
    108, 108, 105, 104, 107, 107, 103, 102, 103, 104, 120, 135, 147, 161,
    164, 170, 178, 185, 190, 200, 206, 211, 214, 222, 225, 228, 228, 232,
    232, 233, 235, 234, 234, 239 ]
RHandPositionsX: [ 156, 155, 154, 157, 155, 154, 153, 156, 153, 156, 155,
    153, 156, 153, 156, 157, 153, 157, 157, 153, 154, 153, 156, 155, 153,
    157, 156, 157, 154, 155, 154, 157, 157, 157, 157, 157, 157, 156, 155,
    153, 153, 153, 153, 154, 157, 155, 157, 154, 156, 155, 154, 156, 154,
    156, 154, 154, 157, 157, 153, 153, 157, 157, 153, 153, 154, 157, 156,
    153, 157, 156, 156, 157, 155, 154, 155, 155, 155, 155, 153, 156, 155,
    154, 154, 153, 153, 156, 155, 156 ]
RHandPositionsY: [ 265, 263, 264, 264, 263, 262, 264, 260, 260, 260, 259,
    261, 261, 259, 261, 262, 258, 262, 262, 259, 261, 261, 259, 260, 260,
    261, 258, 258, 262, 262, 261, 261, 260, 259, 262, 258, 258, 258, 259,
    260, 259, 262, 261, 262, 262, 260, 261, 261, 259, 260, 258, 258, 259,
    259, 258, 262, 262, 262, 258, 259, 259, 258, 260, 258, 261, 261, 258,
    258, 258, 258, 262, 261, 258, 259, 262, 258, 258, 262, 259, 259, 258,
    258, 259, 259, 260, 262, 261, 258 ]
