%YAML:1.0
---
videoName: "LHShake22.mp4"
gestureLabel: 2
fps: 29
pixelSizeInCmTemp: 3.5220588235294115e-01
faceCenterPointX: 261
faceCenterPointY: 79
LHandPositionsX: [ 336, 343, 347, 354, 357, 359, 356, 352, 347, 335, 326,
    321, 318, 322, 319, 324, 329, 337, 347, 345, 346, 341, 337, 332, 324,
    321, 326, 328, 332, 336, 341, 343, 344, 338, 331, 321, 317, 317, 317,
    320, 329, 335, 337, 334, 334, 331, 324, 322, 321, 322, 324, 329, 337,
    344, 341, 344, 341, 334, 324, 318, 320, 315, 318, 323, 329, 339, 335,
    335, 335, 329, 329, 325, 322, 321, 318, 324, 325, 326, 325, 323, 324,
    324, 324, 323, 324, 324, 324, 324 ]
LHandPositionsY: [ 261, 252, 245, 238, 232, 221, 208, 207, 193, 188, 186,
    187, 184, 185, 181, 182, 177, 177, 174, 173, 171, 172, 174, 174, 177,
    177, 180, 176, 177, 173, 170, 172, 170, 170, 175, 180, 183, 183, 185,
    184, 180, 179, 178, 176, 177, 174, 179, 181, 183, 180, 181, 183, 180,
    175, 178, 177, 178, 177, 180, 183, 182, 180, 183, 179, 180, 177, 177,
    179, 185, 191, 194, 201, 210, 222, 232, 242, 243, 244, 247, 246, 249,
    250, 248, 249, 248, 251, 248, 247 ]
RHandPositionsX: [ 192, 189, 190, 189, 189, 191, 189, 191, 191, 193, 191,
    193, 193, 190, 189, 191, 189, 192, 190, 193, 192, 189, 190, 192, 193,
    192, 191, 190, 190, 191, 190, 192, 190, 190, 192, 189, 189, 191, 190,
    190, 191, 189, 191, 193, 191, 191, 191, 192, 193, 190, 193, 191, 192,
    193, 192, 189, 190, 193, 193, 191, 189, 190, 192, 193, 193, 193, 193,
    191, 190, 190, 190, 190, 190, 189, 189, 193, 189, 191, 191, 189, 192,
    190, 193, 192, 193, 190, 189, 193 ]
RHandPositionsY: [ 270, 270, 270, 269, 268, 267, 270, 268, 270, 269, 269,
    268, 267, 270, 270, 266, 267, 266, 267, 267, 268, 268, 266, 269, 267,
    266, 270, 269, 269, 269, 267, 268, 268, 268, 270, 266, 270, 268, 270,
    269, 269, 266, 266, 266, 268, 266, 268, 267, 268, 266, 270, 267, 267,
    270, 266, 268, 266, 266, 267, 266, 266, 269, 266, 266, 268, 269, 269,
    266, 266, 268, 270, 270, 268, 266, 268, 267, 270, 268, 267, 266, 266,
    267, 269, 266, 269, 270, 270, 268 ]
