%YAML:1.0
---
videoName: "LHShake03.mp4"
gestureLabel: 2
fps: 30
pixelSizeInCmTemp: 3.2808219178082193e-01
faceCenterPointX: 251
faceCenterPointY: 79
LHandPositionsX: [ 345, 344, 349, 356, 355, 358, 354, 350, 335, 327, 313,
    318, 314, 315, 316, 320, 325, 331, 336, 337, 338, 337, 335, 328, 327,
    323, 325, 320, 327, 329, 334, 339, 341, 338, 336, 321, 317, 312, 310,
    311, 317, 319, 326, 334, 337, 337, 334, 327, 322, 325, 325, 325, 333,
    339, 344, 344, 337, 333, 337, 335, 336, 329, 323, 318, 317, 312, 305,
    305, 302, 298, 296, 296, 294, 297, 295, 292, 293, 291, 293, 291, 292,
    292, 289, 287, 287, 285, 288, 284, 287, 285, 285 ]
LHandPositionsY: [ 142, 135, 126, 121, 115, 107, 105, 102, 97, 96, 104,
    104, 104, 98, 99, 92, 92, 86, 88, 89, 82, 88, 91, 88, 89, 90, 90, 89,
    87, 87, 88, 83, 78, 85, 86, 89, 93, 96, 96, 97, 92, 93, 91, 87, 87,
    87, 88, 87, 89, 90, 89, 91, 90, 89, 85, 90, 93, 96, 99, 101, 112,
    129, 144, 153, 164, 177, 184, 197, 207, 214, 220, 222, 224, 228, 234,
    237, 239, 243, 248, 249, 250, 251, 248, 253, 253, 255, 255, 253, 255,
    251, 255 ]
RHandPositionsX: [ 213, 214, 216, 213, 216, 214, 215, 215, 213, 214, 212,
    214, 214, 213, 212, 215, 214, 212, 215, 212, 213, 211, 214, 211, 211,
    213, 211, 211, 212, 213, 215, 215, 211, 215, 211, 214, 211, 213, 213,
    211, 215, 214, 213, 211, 214, 215, 212, 214, 214, 212, 213, 214, 212,
    212, 213, 215, 214, 214, 212, 210, 211, 214, 210, 210, 213, 211, 212,
    211, 210, 210, 211, 212, 213, 211, 212, 214, 211, 214, 213, 210, 210,
    210, 214, 211, 212, 212, 211, 212, 212, 211, 214 ]
RHandPositionsY: [ 259, 254, 256, 255, 253, 253, 252, 252, 252, 254, 256,
    254, 254, 255, 252, 253, 256, 253, 256, 251, 253, 255, 254, 254, 254,
    255, 254, 255, 252, 251, 255, 254, 253, 255, 255, 252, 254, 252, 255,
    252, 254, 255, 253, 253, 252, 253, 253, 251, 254, 252, 251, 254, 253,
    253, 253, 253, 253, 255, 253, 254, 253, 254, 252, 254, 255, 252, 252,
    251, 252, 255, 254, 255, 251, 253, 253, 252, 252, 252, 255, 254, 251,
    254, 253, 253, 251, 254, 251, 255, 252, 254, 253 ]
