%YAML:1.0
---
videoName: "LHShake17.mp4"
gestureLabel: 2
fps: 30
pixelSizeInCmTemp: 3.3732394366197183e-01
faceCenterPointX: 248
faceCenterPointY: 64
LHandPositionsX: [ 321, 323, 325, 325, 323, 324, 326, 326, 328, 337, 345,
    354, 364, 374, 386, 400, 404, 411, 400, 387, 374, 358, 350, 353, 354,
    359, 369, 378, 376, 381, 374, 366, 351, 347, 344, 348, 358, 365, 367,
    364, 367, 362, 353, 351, 350, 353, 365, 370, 378, 376, 374, 369, 363,
    353, 345, 347, 349, 354, 361, 365, 363, 370, 363, 356, 348, 341, 341,
    336, 335, 334, 335, 332, 332, 329, 332, 330, 329, 328, 328, 327, 328,
    328, 325, 323, 323, 327, 325, 325, 325, 325, 326 ]
LHandPositionsY: [ 247, 248, 250, 250, 249, 249, 247, 248, 246, 233, 216,
    203, 187, 174, 158, 142, 132, 123, 113, 114, 122, 129, 135, 135, 135,
    135, 123, 118, 119, 119, 120, 130, 138, 142, 137, 141, 126, 119, 118,
    120, 116, 113, 127, 135, 131, 137, 124, 121, 122, 125, 119, 120, 132,
    139, 142, 139, 138, 124, 125, 123, 126, 124, 120, 129, 137, 145, 154,
    163, 172, 183, 197, 206, 221, 221, 223, 230, 234, 237, 237, 235, 236,
    237, 237, 235, 239, 236, 237, 237, 239, 239, 239 ]
RHandPositionsX: [ 177, 178, 180, 177, 178, 177, 180, 176, 180, 179, 177,
    179, 176, 177, 180, 176, 177, 178, 178, 177, 178, 180, 180, 176, 180,
    179, 178, 175, 179, 177, 176, 175, 176, 175, 178, 176, 176, 178, 175,
    178, 178, 175, 176, 178, 174, 174, 177, 174, 178, 174, 178, 177, 175,
    176, 178, 176, 175, 175, 174, 178, 177, 175, 176, 174, 176, 176, 177,
    176, 176, 175, 174, 177, 176, 178, 175, 178, 177, 174, 175, 176, 177,
    177, 174, 175, 177, 175, 174, 175, 175, 174, 176 ]
RHandPositionsY: [ 256, 259, 259, 258, 258, 257, 258, 256, 256, 257, 259,
    256, 258, 256, 258, 256, 258, 256, 259, 260, 258, 258, 260, 260, 260,
    258, 256, 257, 258, 257, 259, 256, 258, 260, 259, 259, 259, 260, 259,
    258, 256, 260, 256, 258, 256, 257, 259, 256, 257, 258, 258, 259, 256,
    257, 256, 257, 260, 259, 260, 256, 257, 257, 256, 258, 256, 258, 260,
    259, 260, 256, 259, 260, 257, 258, 257, 259, 259, 258, 257, 260, 260,
    259, 260, 257, 257, 258, 256, 258, 258, 259, 257 ]
