%YAML:1.0
---
videoName: "LHShake15.mp4"
gestureLabel: 2
fps: 29
pixelSizeInCmTemp: 3.3263888888888887e-01
faceCenterPointX: 252
faceCenterPointY: 65
LHandPositionsX: [ 327, 327, 327, 328, 329, 327, 328, 331, 333, 328, 335,
    343, 346, 351, 358, 364, 367, 373, 377, 381, 378, 380, 365, 360, 348,
    344, 344, 341, 346, 353, 360, 358, 358, 361, 356, 346, 331, 331, 333,
    333, 346, 353, 357, 353, 350, 353, 348, 332, 329, 328, 329, 341, 354,
    358, 352, 351, 359, 356, 344, 335, 331, 332, 336, 341, 345, 349, 352,
    351, 346, 350, 342, 332, 328, 326, 323, 321, 322, 324, 322, 325, 324,
    327, 324, 326, 326, 325, 325, 327 ]
LHandPositionsY: [ 255, 258, 258, 257, 257, 255, 256, 253, 254, 253, 243,
    231, 214, 200, 184, 173, 155, 138, 123, 121, 119, 105, 102, 102, 104,
    103, 103, 100, 100, 97, 92, 93, 97, 96, 97, 97, 97, 101, 100, 97, 98,
    93, 97, 96, 97, 98, 102, 101, 102, 100, 96, 92, 92, 95, 96, 96, 97,
    98, 100, 100, 101, 102, 97, 97, 99, 102, 100, 99, 100, 103, 107, 123,
    139, 152, 165, 178, 192, 207, 220, 231, 230, 236, 240, 238, 242, 237,
    239, 241 ]
RHandPositionsX: [ 176, 178, 177, 175, 175, 179, 175, 178, 176, 178, 178,
    176, 175, 179, 178, 176, 177, 177, 179, 178, 179, 177, 177, 179, 176,
    175, 177, 178, 175, 176, 176, 177, 175, 179, 179, 176, 178, 179, 177,
    177, 177, 176, 175, 178, 175, 179, 176, 175, 175, 178, 178, 178, 178,
    175, 175, 175, 176, 176, 176, 179, 179, 178, 176, 177, 177, 176, 176,
    177, 175, 176, 178, 175, 175, 176, 178, 177, 176, 177, 177, 177, 177,
    175, 178, 175, 178, 179, 178, 175 ]
RHandPositionsY: [ 259, 259, 261, 257, 259, 261, 258, 261, 257, 258, 258,
    257, 258, 261, 258, 258, 259, 261, 258, 260, 260, 260, 258, 259, 257,
    257, 261, 259, 261, 259, 258, 260, 258, 257, 261, 259, 261, 261, 260,
    260, 257, 257, 260, 259, 260, 259, 261, 259, 261, 259, 259, 261, 258,
    257, 257, 259, 257, 259, 260, 257, 257, 257, 258, 260, 261, 260, 258,
    260, 258, 259, 260, 261, 261, 261, 257, 261, 258, 259, 259, 258, 257,
    258, 261, 258, 258, 257, 261, 258 ]
