%YAML:1.0
---
videoName: "LHShake10.mp4"
gestureLabel: 2
fps: 29
pixelSizeInCmTemp: 3.4214285714285714e-01
faceCenterPointX: 253
faceCenterPointY: 65
LHandPositionsX: [ 338, 337, 334, 335, 338, 338, 344, 346, 353, 356, 367,
    377, 383, 390, 394, 395, 394, 382, 374, 367, 354, 350, 352, 351, 360,
    370, 379, 390, 390, 390, 389, 384, 375, 365, 358, 358, 360, 366, 369,
    372, 373, 370, 370, 370, 367, 365, 354, 343, 343, 343, 344, 355, 361,
    373, 380, 381, 379, 374, 365, 354, 351, 348, 352, 347, 354, 362, 376,
    380, 376, 378, 376, 372, 365, 362, 356, 348, 344, 342, 340, 334, 337,
    334, 336, 336, 336, 334, 336, 333 ]
LHandPositionsY: [ 268, 271, 272, 271, 269, 272, 268, 260, 249, 237, 226,
    210, 191, 180, 167, 156, 144, 135, 132, 141, 142, 150, 145, 151, 148,
    146, 137, 142, 140, 141, 141, 143, 147, 148, 148, 150, 150, 148, 140,
    133, 132, 132, 135, 133, 130, 130, 139, 141, 143, 144, 145, 147, 137,
    140, 143, 139, 140, 145, 145, 146, 151, 154, 150, 150, 149, 149, 145,
    147, 144, 144, 150, 155, 160, 166, 171, 182, 195, 209, 218, 230, 244,
    253, 251, 258, 254, 255, 256, 258 ]
RHandPositionsX: [ 172, 176, 172, 174, 175, 175, 173, 175, 174, 175, 176,
    172, 172, 176, 174, 176, 173, 172, 175, 172, 175, 173, 172, 174, 175,
    175, 175, 175, 174, 172, 173, 173, 171, 175, 174, 175, 174, 172, 173,
    172, 175, 175, 171, 175, 171, 173, 175, 173, 175, 174, 174, 173, 173,
    174, 172, 174, 171, 175, 172, 172, 174, 174, 175, 175, 171, 172, 172,
    172, 174, 172, 175, 174, 173, 174, 171, 171, 174, 173, 172, 171, 174,
    174, 171, 175, 174, 171, 174, 173 ]
RHandPositionsY: [ 275, 275, 274, 276, 278, 276, 274, 278, 275, 278, 275,
    276, 276, 274, 277, 274, 275, 275, 278, 275, 274, 276, 276, 277, 275,
    276, 276, 277, 276, 278, 276, 278, 277, 276, 275, 274, 275, 276, 275,
    276, 278, 278, 278, 275, 275, 276, 276, 276, 275, 276, 277, 277, 276,
    277, 276, 276, 275, 276, 276, 276, 277, 276, 274, 275, 276, 275, 277,
    277, 277, 278, 275, 276, 278, 274, 274, 278, 276, 275, 274, 275, 277,
    276, 277, 277, 274, 275, 277, 278 ]
