%YAML:1.0
---
videoName: "LHShake02.mp4"
gestureLabel: 2
fps: 29
pixelSizeInCmTemp: 3.3263888888888887e-01
faceCenterPointX: 249
faceCenterPointY: 82
LHandPositionsX: [ 359, 361, 364, 366, 371, 378, 388, 387, 386, 388, 382,
    378, 373, 369, 366, 361, 363, 363, 371, 374, 384, 387, 384, 381, 377,
    370, 366, 367, 362, 364, 367, 369, 373, 380, 377, 380, 379, 377, 376,
    371, 362, 361, 361, 355, 360, 362, 364, 368, 372, 371, 369, 368, 364,
    360, 357, 360, 360, 364, 370, 371, 370, 369, 366, 361, 360, 354, 351,
    348, 343, 343, 342, 341, 343, 342, 345, 344, 345, 344, 348, 346, 348,
    347, 350, 348, 346, 350, 348, 349 ]
LHandPositionsY: [ 123, 123, 119, 113, 111, 108, 108, 110, 109, 108, 107,
    108, 110, 113, 114, 114, 111, 108, 107, 104, 104, 103, 101, 102, 103,
    107, 106, 109, 109, 105, 104, 102, 102, 98, 101, 99, 98, 95, 97, 97,
    99, 100, 104, 105, 106, 101, 102, 102, 102, 100, 104, 103, 109, 109,
    109, 110, 108, 106, 105, 103, 104, 101, 104, 108, 122, 134, 151, 163,
    163, 170, 180, 183, 194, 196, 206, 210, 215, 220, 227, 231, 227, 232,
    231, 230, 234, 232, 234, 236 ]
RHandPositionsX: [ 156, 157, 155, 153, 155, 155, 157, 154, 154, 154, 154,
    154, 154, 155, 156, 153, 157, 155, 156, 156, 156, 157, 156, 157, 153,
    157, 154, 154, 156, 155, 153, 154, 157, 154, 155, 157, 153, 154, 156,
    155, 155, 154, 154, 154, 157, 157, 154, 153, 154, 156, 153, 154, 155,
    156, 156, 155, 154, 156, 157, 153, 156, 157, 153, 155, 153, 154, 153,
    156, 155, 155, 154, 155, 157, 156, 156, 156, 156, 157, 153, 154, 157,
    156, 154, 154, 154, 156, 156, 156 ]
RHandPositionsY: [ 261, 263, 265, 261, 260, 264, 263, 259, 263, 261, 260,
    258, 262, 259, 260, 261, 259, 258, 262, 260, 262, 259, 261, 260, 259,
    261, 262, 260, 258, 261, 261, 262, 262, 258, 259, 259, 260, 259, 262,
    261, 261, 262, 262, 258, 260, 262, 261, 259, 258, 262, 259, 261, 259,
    262, 261, 258, 262, 262, 261, 261, 261, 262, 260, 261, 259, 259, 261,
    260, 259, 258, 259, 258, 258, 262, 260, 261, 261, 259, 260, 262, 261,
    261, 262, 260, 261, 258, 261, 259 ]
