%YAML:1.0
---
videoName: "LHShake24.mp4"
gestureLabel: 2
fps: 30
pixelSizeInCmTemp: 3.4214285714285714e-01
faceCenterPointX: 255
faceCenterPointY: 77
LHandPositionsX: [ 328, 329, 326, 329, 326, 326, 329, 330, 327, 331, 331,
    333, 340, 346, 351, 363, 371, 377, 381, 380, 384, 380, 370, 358, 346,
    339, 344, 341, 344, 349, 357, 370, 379, 377, 378, 373, 368, 359, 344,
    337, 343, 337, 346, 352, 363, 367, 367, 370, 361, 355, 344, 339, 343,
    340, 347, 354, 363, 370, 370, 372, 367, 362, 352, 347, 345, 342, 344,
    351, 361, 366, 367, 367, 367, 358, 352, 340, 337, 334, 327, 324, 325,
    323, 324, 325, 324, 329, 325, 325, 328, 325, 328 ]
LHandPositionsY: [ 263, 260, 263, 263, 261, 264, 261, 264, 261, 262, 259,
    256, 247, 236, 226, 207, 197, 181, 173, 170, 162, 153, 153, 153, 158,
    160, 163, 163, 164, 162, 156, 153, 147, 150, 151, 146, 144, 150, 152,
    157, 155, 156, 154, 152, 151, 151, 152, 150, 153, 157, 158, 163, 163,
    162, 160, 159, 161, 157, 160, 157, 155, 160, 159, 164, 162, 160, 162,
    160, 162, 160, 157, 156, 155, 158, 157, 164, 169, 178, 190, 195, 207,
    219, 229, 233, 233, 240, 242, 246, 248, 246, 248 ]
RHandPositionsX: [ 181, 183, 183, 180, 182, 181, 180, 180, 180, 183, 182,
    179, 180, 182, 183, 183, 181, 183, 183, 179, 179, 180, 179, 183, 183,
    180, 179, 182, 180, 182, 180, 182, 180, 180, 180, 182, 183, 180, 179,
    180, 183, 183, 182, 181, 181, 183, 182, 183, 181, 182, 179, 180, 179,
    181, 182, 183, 181, 183, 181, 181, 182, 182, 179, 180, 181, 180, 182,
    182, 179, 180, 182, 183, 179, 182, 179, 180, 181, 180, 181, 182, 180,
    181, 183, 180, 180, 181, 183, 181, 179, 180, 183 ]
RHandPositionsY: [ 270, 268, 268, 269, 267, 270, 270, 270, 270, 269, 270,
    267, 270, 268, 269, 267, 267, 269, 269, 269, 271, 270, 270, 268, 270,
    267, 270, 271, 268, 267, 271, 270, 268, 268, 268, 268, 267, 268, 268,
    270, 269, 271, 268, 271, 270, 268, 270, 267, 271, 268, 268, 271, 269,
    270, 271, 267, 270, 267, 267, 267, 270, 269, 269, 271, 270, 269, 269,
    271, 271, 267, 269, 271, 267, 269, 271, 271, 267, 271, 270, 271, 271,
    271, 270, 267, 270, 269, 271, 271, 269, 271, 268 ]
