%YAML:1.0
---
videoName: "LHShake10.mp4"
gestureLabel: 2
fps: 29
pixelSizeInCmTemp: 3.4214285714285714e-01
faceCenterPointX: 253
faceCenterPointY: 65
LHandPositionsX: [ 337, 336, 338, 335, 335, 340, 342, 347, 352, 359, 366,
    374, 384, 393, 396, 394, 394, 385, 374, 365, 355, 349, 353, 352, 359,
    372, 380, 390, 389, 394, 392, 384, 375, 364, 356, 359, 358, 363, 368,
    374, 372, 372, 371, 368, 367, 362, 355, 346, 346, 346, 346, 356, 359,
    370, 380, 379, 381, 373, 364, 353, 351, 352, 350, 348, 356, 362, 374,
    381, 376, 378, 375, 374, 369, 363, 356, 348, 346, 340, 341, 334, 333,
    338, 334, 334, 337, 335, 333, 336 ]
LHandPositionsY: [ 269, 270, 268, 270, 270, 269, 268, 261, 252, 238, 227,
    208, 194, 179, 168, 156, 141, 136, 132, 139, 145, 148, 148, 151, 149,
    149, 137, 138, 141, 141, 142, 143, 149, 147, 149, 149, 148, 147, 137,
    134, 132, 133, 135, 132, 129, 132, 139, 142, 141, 142, 143, 147, 140,
    143, 142, 139, 144, 142, 147, 146, 152, 151, 152, 153, 150, 151, 146,
    145, 145, 145, 147, 151, 157, 166, 171, 181, 194, 208, 221, 232, 243,
    251, 253, 255, 254, 259, 260, 257 ]
RHandPositionsX: [ 175, 175, 173, 175, 174, 174, 173, 173, 173, 176, 174,
    173, 172, 176, 175, 175, 171, 172, 174, 174, 174, 173, 173, 171, 174,
    171, 175, 175, 172, 173, 172, 171, 174, 175, 171, 171, 173, 171, 175,
    174, 172, 172, 174, 171, 175, 171, 175, 171, 171, 171, 173, 172, 171,
    175, 171, 175, 173, 171, 174, 172, 175, 173, 172, 174, 174, 175, 174,
    174, 174, 174, 172, 171, 171, 175, 173, 175, 175, 172, 174, 171, 172,
    174, 171, 175, 172, 172, 171, 173 ]
RHandPositionsY: [ 276, 275, 276, 276, 276, 277, 276, 278, 275, 277, 276,
    276, 274, 276, 275, 277, 277, 274, 277, 275, 274, 278, 276, 275, 278,
    276, 277, 276, 275, 277, 274, 274, 278, 274, 276, 276, 277, 274, 275,
    274, 278, 276, 274, 277, 275, 277, 276, 274, 276, 276, 275, 277, 277,
    278, 278, 274, 277, 278, 278, 275, 275, 275, 275, 274, 276, 278, 276,
    277, 275, 278, 276, 278, 275, 274, 276, 276, 274, 274, 274, 278, 274,
    278, 276, 276, 275, 274, 276, 277 ]
