%YAML:1.0
---
videoName: "LHShake18.mp4"
gestureLabel: 2
fps: 29
pixelSizeInCmTemp: 3.4214285714285714e-01
faceCenterPointX: 253
faceCenterPointY: 65
LHandPositionsX: [ 314, 314, 315, 313, 314, 312, 315, 312, 315, 314, 314,
    312, 314, 314, 312, 316, 314, 314, 325, 326, 330, 339, 344, 348, 350,
    348, 336, 323, 314, 298, 303, 306, 308, 315, 312, 313, 312, 305, 296,
    292, 294, 299, 305, 314, 313, 313, 304, 295, 288, 287, 286, 299, 304,
    312, 310, 312, 304, 292, 288, 285, 296, 302, 310, 307, 311, 309, 303,
    293, 295, 299, 305, 305, 306, 308, 312, 310, 308, 308, 306, 303, 307,
    306, 305, 309, 309, 310, 307, 308 ]
LHandPositionsY: [ 247, 246, 249, 247, 248, 246, 248, 249, 246, 246, 250,
    246, 249, 249, 247, 249, 248, 248, 246, 233, 216, 203, 190, 176, 169,
    161, 151, 148, 145, 137, 136, 141, 144, 143, 139, 143, 142, 144, 146,
    139, 136, 143, 147, 145, 145, 144, 149, 145, 142, 139, 144, 148, 149,
    146, 148, 151, 149, 145, 143, 144, 151, 150, 154, 151, 154, 156, 157,
    145, 147, 152, 155, 152, 154, 154, 161, 169, 174, 189, 196, 206, 214,
    215, 221, 232, 235, 232, 234, 232 ]
RHandPositionsX: [ 198, 194, 194, 195, 194, 196, 198, 195, 196, 197, 199,
    197, 195, 195, 199, 196, 195, 196, 199, 198, 195, 199, 197, 197, 198,
    197, 195, 196, 198, 198, 195, 197, 195, 198, 199, 199, 197, 199, 196,
    198, 197, 197, 196, 198, 196, 196, 195, 197, 196, 195, 198, 198, 200,
    196, 198, 196, 199, 200, 199, 196, 197, 199, 196, 197, 196, 198, 196,
    198, 197, 195, 196, 198, 197, 196, 198, 194, 196, 198, 196, 197, 198,
    197, 194, 194, 194, 194, 196, 196 ]
RHandPositionsY: [ 262, 263, 262, 263, 262, 263, 265, 263, 263, 263, 267,
    266, 265, 265, 265, 264, 266, 264, 263, 264, 266, 263, 264, 267, 264,
    267, 263, 266, 265, 263, 266, 262, 264, 263, 265, 267, 265, 266, 264,
    267, 267, 267, 268, 265, 265, 266, 268, 264, 264, 267, 265, 268, 266,
    268, 265, 268, 265, 268, 268, 268, 268, 265, 266, 269, 265, 266, 265,
    265, 264, 264, 266, 266, 264, 268, 264, 267, 266, 265, 264, 265, 268,
    267, 265, 265, 264, 267, 266, 265 ]
