%YAML:1.0
---
videoName: "LHShake04.mp4"
gestureLabel: 2
fps: 30
pixelSizeInCmTemp: 3.2808219178082193e-01
faceCenterPointX: 247
faceCenterPointY: 80
LHandPositionsX: [ 283, 281, 281, 282, 283, 282, 281, 280, 280, 279, 279,
    282, 278, 279, 283, 283, 291, 299, 307, 323, 333, 348, 359, 368, 370,
    368, 364, 358, 348, 342, 338, 334, 333, 340, 346, 361, 367, 367, 357,
    348, 339, 341, 340, 342, 349, 354, 355, 356, 353, 344, 341, 346, 344,
    349, 354, 355, 354, 352, 343, 349, 348, 351, 355, 360, 362, 366, 361,
    359, 354, 346, 334, 324, 312, 305, 299, 294, 290, 291, 290, 288, 290,
    287, 286, 289, 288, 290, 286, 287, 289, 287, 288 ]
LHandPositionsY: [ 271, 268, 270, 271, 270, 268, 272, 268, 271, 269, 270,
    272, 269, 269, 268, 267, 265, 254, 242, 229, 216, 205, 190, 173, 161,
    158, 154, 151, 136, 133, 134, 132, 127, 117, 117, 114, 109, 107, 115,
    120, 131, 125, 124, 125, 120, 120, 113, 113, 120, 118, 118, 123, 117,
    118, 112, 115, 111, 112, 116, 119, 115, 112, 110, 107, 104, 106, 109,
    111, 129, 144, 158, 170, 184, 201, 212, 223, 236, 242, 245, 244, 246,
    248, 250, 251, 248, 253, 252, 255, 250, 250, 250 ]
RHandPositionsX: [ 218, 218, 216, 217, 215, 216, 218, 216, 217, 217, 216,
    215, 214, 218, 215, 218, 216, 218, 217, 216, 217, 216, 216, 215, 217,
    214, 214, 218, 217, 218, 215, 215, 214, 216, 214, 215, 215, 215, 216,
    214, 217, 217, 217, 216, 218, 215, 215, 215, 215, 216, 215, 217, 214,
    215, 214, 218, 215, 214, 216, 215, 217, 214, 214, 217, 215, 216, 215,
    215, 218, 218, 217, 217, 214, 218, 215, 216, 216, 215, 214, 217, 217,
    215, 215, 217, 214, 217, 214, 216, 218, 216, 217 ]
RHandPositionsY: [ 270, 267, 269, 266, 268, 268, 269, 268, 266, 269, 269,
    270, 265, 266, 265, 267, 265, 266, 265, 266, 264, 267, 263, 263, 266,
    265, 264, 263, 263, 266, 264, 267, 263, 262, 263, 265, 266, 263, 266,
    266, 266, 263, 266, 265, 266, 264, 266, 261, 263, 262, 263, 263, 264,
    262, 264, 265, 265, 263, 261, 262, 265, 263, 261, 265, 262, 264, 262,
    262, 262, 265, 262, 262, 264, 261, 265, 263, 262, 262, 265, 265, 262,
    264, 263, 262, 261, 261, 262, 262, 261, 264, 262 ]
