%YAML:1.0
---
videoName: "LHShake19.mp4"
gestureLabel: 2
fps: 29
pixelSizeInCmTemp: 3.3732394366197183e-01
faceCenterPointX: 250
faceCenterPointY: 62
LHandPositionsX: [ 308, 305, 305, 308, 306, 305, 307, 309, 309, 306, 305,
    305, 306, 307, 307, 309, 311, 317, 322, 327, 327, 323, 311, 292, 286,
    288, 293, 296, 305, 316, 314, 313, 307, 294, 287, 287, 294, 301, 311,
    316, 318, 315, 306, 291, 292, 295, 298, 306, 313, 311, 312, 308, 294,
    294, 295, 300, 307, 316, 314, 314, 314, 310, 303, 303, 295, 292, 292,
    291, 296, 300, 301, 304, 303, 304, 306, 305, 307, 311, 310, 307, 310,
    309, 308, 308, 308, 308, 309, 311 ]
LHandPositionsY: [ 248, 249, 252, 248, 251, 252, 250, 250, 252, 250, 251,
    250, 251, 250, 245, 241, 230, 215, 204, 188, 178, 170, 162, 160, 156,
    154, 156, 155, 155, 151, 151, 152, 154, 151, 151, 147, 153, 154, 153,
    152, 151, 152, 155, 146, 144, 154, 152, 155, 152, 154, 155, 155, 147,
    147, 154, 156, 153, 151, 155, 152, 155, 154, 158, 165, 167, 171, 177,
    190, 197, 206, 215, 216, 216, 222, 224, 231, 233, 235, 237, 236, 234,
    239, 240, 238, 241, 238, 237, 239 ]
RHandPositionsX: [ 198, 197, 199, 199, 195, 199, 199, 197, 197, 195, 195,
    197, 198, 195, 198, 199, 195, 196, 199, 197, 195, 199, 196, 196, 197,
    194, 197, 195, 198, 195, 193, 194, 194, 195, 196, 193, 193, 192, 194,
    194, 191, 194, 194, 195, 195, 193, 192, 193, 195, 194, 195, 193, 194,
    192, 195, 192, 194, 191, 192, 193, 192, 193, 195, 192, 191, 194, 194,
    194, 192, 193, 195, 192, 194, 191, 194, 195, 194, 195, 192, 194, 194,
    191, 191, 192, 193, 193, 192, 195 ]
RHandPositionsY: [ 256, 257, 254, 254, 254, 256, 256, 258, 257, 254, 256,
    258, 257, 254, 257, 258, 254, 256, 255, 258, 254, 257, 257, 258, 255,
    258, 257, 258, 254, 257, 258, 256, 257, 257, 254, 256, 256, 254, 255,
    256, 257, 254, 257, 256, 254, 257, 258, 255, 258, 256, 255, 256, 257,
    254, 254, 257, 258, 258, 256, 256, 258, 258, 254, 254, 258, 258, 258,
    258, 254, 254, 255, 257, 255, 258, 257, 255, 256, 258, 257, 255, 255,
    255, 258, 258, 257, 254, 257, 258 ]
