%YAML:1.0
---
videoName: "LHShake20.mp4"
gestureLabel: 2
fps: 30
pixelSizeInCmTemp: 3.3732394366197183e-01
faceCenterPointX: 249
faceCenterPointY: 62
LHandPositionsX: [ 313, 314, 312, 316, 315, 314, 314, 313, 315, 318, 320,
    325, 332, 339, 344, 337, 332, 320, 313, 316, 311, 311, 316, 327, 336,
    336, 336, 337, 330, 324, 320, 317, 320, 324, 333, 342, 339, 341, 329,
    324, 323, 325, 323, 324, 333, 333, 331, 331, 323, 318, 321, 319, 322,
    325, 322, 328, 331, 325, 320, 317, 317, 318, 318, 319, 319, 324, 322,
    319, 316, 314, 313, 315, 313, 313, 315, 316, 313, 313, 313, 316, 312,
    314, 315, 315, 314, 313, 313, 314, 312, 315, 316 ]
LHandPositionsY: [ 246, 246, 249, 246, 250, 247, 246, 242, 238, 229, 215,
    202, 189, 178, 172, 163, 160, 160, 162, 160, 160, 157, 148, 148, 143,
    146, 146, 144, 140, 143, 149, 148, 148, 144, 145, 140, 142, 144, 142,
    147, 146, 146, 144, 144, 140, 142, 142, 139, 140, 148, 150, 149, 144,
    145, 140, 137, 136, 137, 139, 145, 143, 146, 148, 149, 149, 149, 157,
    167, 178, 192, 201, 212, 215, 218, 225, 227, 231, 230, 228, 233, 232,
    233, 236, 234, 236, 239, 238, 237, 240, 236, 239 ]
RHandPositionsX: [ 183, 181, 181, 180, 180, 179, 183, 180, 182, 181, 180,
    181, 181, 181, 180, 179, 183, 183, 182, 179, 183, 180, 179, 181, 180,
    183, 179, 182, 180, 181, 180, 180, 182, 182, 180, 183, 182, 181, 180,
    181, 179, 183, 179, 181, 179, 179, 182, 183, 179, 181, 181, 183, 179,
    179, 179, 180, 179, 181, 181, 181, 180, 179, 182, 181, 183, 182, 179,
    180, 183, 181, 180, 181, 179, 180, 182, 180, 181, 180, 182, 182, 178,
    179, 179, 182, 178, 181, 181, 180, 181, 178, 180 ]
RHandPositionsY: [ 255, 256, 254, 255, 257, 256, 255, 253, 253, 253, 253,
    253, 254, 256, 254, 255, 252, 256, 255, 255, 254, 253, 256, 254, 256,
    255, 254, 254, 254, 254, 254, 251, 252, 252, 255, 253, 253, 251, 251,
    255, 253, 253, 253, 253, 254, 251, 253, 254, 255, 253, 252, 255, 251,
    252, 251, 255, 254, 252, 251, 252, 252, 255, 252, 251, 254, 254, 254,
    252, 255, 253, 254, 251, 255, 252, 253, 252, 252, 255, 253, 255, 255,
    251, 253, 254, 253, 251, 252, 254, 252, 253, 253 ]
