%YAML:1.0
---
videoName: "LHShake08.mp4"
gestureLabel: 2
fps: 29
pixelSizeInCmTemp: 3.4710144927536229e-01
faceCenterPointX: 261
faceCenterPointY: 69
LHandPositionsX: [ 341, 342, 346, 344, 351, 346, 354, 364, 369, 372, 374,
    373, 378, 368, 355, 345, 341, 340, 343, 343, 350, 358, 369, 363, 361,
    361, 361, 355, 343, 339, 339, 338, 345, 350, 358, 366, 368, 367, 365,
    360, 351, 346, 338, 338, 338, 339, 343, 351, 358, 357, 358, 357, 355,
    349, 344, 343, 343, 343, 345, 347, 353, 365, 372, 371, 372, 371, 366,
    360, 351, 346, 337, 333, 332, 330, 334, 333, 337, 335, 334, 337, 335,
    339, 336, 338, 338, 336, 338, 335 ]
LHandPositionsY: [ 269, 266, 263, 256, 248, 239, 221, 200, 185, 175, 161,
    157, 144, 144, 143, 147, 150, 152, 150, 150, 146, 143, 141, 138, 138,
    140, 139, 147, 147, 155, 151, 153, 153, 152, 146, 146, 148, 146, 150,
    150, 152, 155, 161, 161, 159, 163, 162, 156, 158, 155, 156, 154, 153,
    157, 161, 161, 159, 159, 162, 157, 154, 148, 144, 144, 147, 148, 149,
    154, 162, 165, 176, 187, 197, 210, 222, 233, 244, 244, 250, 252, 253,
    253, 256, 255, 257, 259, 255, 255 ]
RHandPositionsX: [ 173, 176, 175, 176, 175, 173, 174, 173, 175, 174, 176,
    173, 176, 175, 173, 176, 173, 175, 175, 172, 173, 172, 172, 172, 174,
    175, 172, 174, 176, 175, 173, 177, 175, 177, 177, 177, 175, 176, 174,
    178, 177, 173, 175, 176, 176, 175, 175, 177, 177, 175, 174, 178, 174,
    176, 177, 175, 176, 175, 177, 176, 177, 177, 177, 178, 174, 175, 174,
    176, 175, 176, 176, 175, 175, 177, 174, 178, 176, 177, 177, 174, 178,
    175, 175, 178, 177, 177, 178, 176 ]
RHandPositionsY: [ 277, 277, 275, 274, 277, 276, 273, 276, 275, 277, 274,
    276, 274, 276, 276, 273, 276, 273, 273, 277, 274, 273, 274, 275, 274,
    276, 274, 277, 273, 275, 276, 273, 277, 274, 277, 276, 276, 276, 277,
    273, 277, 276, 277, 273, 277, 277, 274, 274, 274, 274, 277, 273, 277,
    277, 275, 274, 274, 273, 276, 274, 275, 277, 273, 275, 277, 274, 275,
    276, 275, 274, 274, 276, 273, 274, 276, 277, 273, 273, 274, 273, 277,
    275, 276, 276, 276, 276, 275, 276 ]
