%YAML:1.0
---
videoName: "LHShake22.mp4"
gestureLabel: 2
fps: 29
pixelSizeInCmTemp: 3.5220588235294115e-01
faceCenterPointX: 261
faceCenterPointY: 79
LHandPositionsX: [ 335, 342, 351, 353, 355, 359, 358, 356, 347, 335, 329,
    322, 319, 320, 317, 322, 330, 339, 346, 342, 346, 342, 335, 332, 324,
    325, 325, 326, 330, 338, 342, 343, 344, 339, 328, 320, 315, 319, 319,
    324, 326, 333, 336, 334, 334, 332, 325, 318, 320, 320, 325, 327, 336,
    341, 342, 345, 343, 333, 325, 319, 316, 315, 319, 322, 330, 338, 334,
    335, 335, 329, 327, 322, 320, 317, 319, 324, 323, 326, 327, 324, 323,
    326, 323, 325, 325, 326, 326, 325 ]
LHandPositionsY: [ 262, 252, 244, 236, 232, 222, 207, 205, 195, 187, 185,
    185, 185, 187, 181, 180, 178, 178, 174, 173, 170, 172, 174, 174, 178,
    179, 177, 177, 175, 173, 171, 170, 169, 172, 177, 177, 182, 184, 185,
    183, 182, 175, 176, 177, 173, 176, 177, 183, 182, 180, 179, 179, 179,
    177, 177, 176, 174, 175, 180, 182, 180, 180, 180, 179, 177, 177, 176,
    181, 186, 187, 194, 200, 210, 218, 229, 241, 242, 243, 248, 247, 247,
    250, 249, 248, 251, 251, 248, 247 ]
RHandPositionsX: [ 191, 189, 189, 189, 189, 192, 190, 193, 191, 190, 192,
    191, 192, 189, 190, 193, 190, 193, 189, 189, 190, 193, 190, 191, 193,
    189, 191, 191, 189, 190, 192, 192, 189, 193, 189, 190, 191, 193, 191,
    189, 189, 190, 189, 189, 193, 189, 190, 191, 193, 193, 189, 190, 192,
    189, 190, 189, 192, 191, 191, 191, 190, 191, 192, 189, 192, 192, 193,
    192, 192, 190, 192, 192, 192, 189, 192, 192, 192, 190, 192, 189, 189,
    189, 193, 190, 193, 192, 190, 190 ]
RHandPositionsY: [ 266, 266, 269, 269, 269, 267, 270, 266, 266, 266, 269,
    270, 268, 269, 270, 266, 267, 268, 269, 270, 269, 267, 266, 267, 270,
    267, 268, 266, 266, 269, 267, 267, 267, 270, 266, 270, 266, 269, 268,
    268, 266, 269, 269, 268, 266, 267, 270, 269, 270, 269, 270, 268, 269,
    268, 267, 268, 269, 267, 269, 267, 269, 269, 268, 269, 267, 268, 267,
    268, 266, 268, 268, 266, 270, 266, 268, 269, 269, 267, 270, 269, 266,
    270, 268, 268, 270, 267, 267, 269 ]
