%YAML:1.0
---
videoName: "LHShake01.mp4"
gestureLabel: 2
fps: 29
pixelSizeInCmTemp: 3.4214285714285714e-01
faceCenterPointX: 252
faceCenterPointY: 84
LHandPositionsX: [ 363, 364, 365, 362, 361, 356, 348, 339, 336, 332, 331,
    332, 338, 345, 351, 354, 355, 354, 351, 346, 343, 342, 340, 338, 338,
    340, 344, 349, 352, 348, 350, 349, 343, 341, 339, 332, 330, 333, 338,
    340, 345, 349, 349, 350, 350, 348, 341, 338, 337, 332, 333, 334, 338,
    341, 345, 350, 347, 348, 346, 348, 347, 340, 336, 333, 328, 329, 329,
    332, 331, 328, 332, 332, 336, 341, 343, 341, 345, 347, 348, 346, 349,
    350, 351, 350, 353, 348, 349, 348 ]
LHandPositionsY: [ 147, 141, 133, 129, 124, 121, 116, 119, 118, 123, 120,
    121, 121, 118, 112, 110, 110, 110, 110, 112, 110, 112, 112, 113, 115,
    113, 112, 108, 107, 105, 107, 107, 105, 110, 109, 115, 112, 112, 112,
    112, 107, 107, 105, 105, 105, 105, 104, 108, 110, 109, 110, 111, 108,
    106, 104, 102, 102, 102, 104, 105, 106, 106, 105, 123, 131, 143, 153,
    161, 166, 164, 174, 180, 189, 201, 209, 215, 222, 220, 220, 223, 224,
    227, 230, 230, 228, 228, 231, 231 ]
RHandPositionsX: [ 157, 156, 153, 153, 154, 156, 155, 155, 155, 153, 155,
    157, 154, 153, 157, 154, 155, 155, 154, 153, 153, 156, 154, 156, 156,
    154, 154, 157, 156, 153, 156, 155, 153, 153, 155, 157, 155, 154, 153,
    155, 156, 153, 155, 157, 155, 154, 153, 156, 153, 154, 156, 156, 157,
    157, 156, 153, 155, 155, 154, 157, 155, 155, 155, 154, 157, 153, 153,
    157, 156, 154, 157, 156, 153, 156, 155, 153, 153, 154, 156, 154, 155,
    156, 153, 153, 156, 156, 153, 154 ]
RHandPositionsY: [ 271, 269, 268, 270, 266, 266, 268, 267, 268, 265, 269,
    267, 266, 265, 265, 265, 264, 263, 267, 265, 263, 263, 262, 266, 262,
    263, 262, 264, 261, 264, 263, 262, 263, 262, 262, 261, 260, 261, 263,
    262, 260, 261, 261, 261, 260, 260, 260, 259, 260, 260, 259, 261, 262,
    260, 260, 263, 262, 262, 260, 263, 262, 263, 262, 259, 261, 262, 263,
    260, 261, 261, 260, 261, 262, 262, 262, 261, 261, 263, 259, 261, 259,
    260, 259, 259, 259, 262, 260, 262 ]
