%YAML:1.0
---
videoName: "LHShake06.mp4"
gestureLabel: 2
fps: 29
pixelSizeInCmTemp: 3.3732394366197183e-01
faceCenterPointX: 250
faceCenterPointY: 80
LHandPositionsX: [ 381, 387, 388, 388, 383, 378, 375, 371, 368, 368, 373,
    382, 390, 394, 393, 395, 394, 385, 378, 378, 378, 375, 386, 389, 392,
    395, 391, 388, 384, 380, 379, 380, 386, 389, 391, 389, 386, 382, 379,
    380, 382, 380, 385, 391, 389, 389, 386, 384, 383, 379, 382, 385, 384,
    390, 395, 399, 399, 396, 392, 386, 379, 369, 360, 360, 354, 346, 336,
    327, 321, 312, 305, 305, 305, 302, 301, 301, 300, 303, 303, 300, 300,
    302, 301, 301, 301, 302, 300, 300 ]
LHandPositionsY: [ 149, 147, 145, 140, 138, 138, 138, 138, 137, 134, 133,
    130, 126, 130, 129, 126, 129, 133, 135, 132, 134, 131, 131, 131, 128,
    129, 128, 129, 127, 129, 127, 128, 129, 126, 126, 126, 126, 125, 127,
    128, 127, 129, 128, 127, 124, 124, 125, 125, 125, 127, 125, 128, 126,
    124, 122, 123, 121, 123, 123, 129, 132, 137, 144, 151, 162, 173, 191,
    208, 213, 223, 229, 236, 238, 243, 245, 246, 250, 249, 250, 253, 251,
    251, 254, 253, 253, 255, 254, 256 ]
RHandPositionsX: [ 210, 210, 210, 212, 211, 211, 210, 210, 210, 213, 212,
    212, 212, 210, 211, 210, 210, 213, 211, 210, 212, 209, 210, 213, 212,
    213, 211, 209, 211, 208, 211, 210, 211, 210, 209, 210, 210, 208, 210,
    210, 208, 209, 210, 210, 208, 207, 211, 210, 207, 209, 209, 207, 210,
    210, 207, 210, 207, 210, 210, 211, 211, 207, 208, 207, 207, 211, 207,
    211, 211, 207, 211, 209, 211, 209, 209, 211, 210, 209, 208, 209, 212,
    210, 212, 212, 212, 209, 209, 213 ]
RHandPositionsY: [ 268, 268, 272, 268, 267, 268, 271, 267, 269, 270, 266,
    266, 268, 266, 269, 269, 270, 269, 266, 266, 269, 265, 266, 268, 265,
    265, 267, 265, 266, 266, 268, 265, 267, 269, 267, 269, 269, 268, 266,
    268, 265, 265, 265, 269, 269, 269, 270, 267, 265, 267, 269, 267, 267,
    269, 266, 268, 268, 269, 265, 268, 269, 265, 268, 266, 265, 265, 267,
    267, 268, 267, 267, 265, 266, 267, 265, 266, 265, 265, 267, 268, 267,
    266, 266, 267, 268, 269, 269, 268 ]
