%YAML:1.0
---
videoName: "LHShake04.mp4"
gestureLabel: 2
fps: 30
pixelSizeInCmTemp: 3.2808219178082193e-01
faceCenterPointX: 247
faceCenterPointY: 80
LHandPositionsX: [ 284, 281, 283, 281, 280, 282, 283, 281, 283, 280, 279,
    278, 280, 279, 282, 284, 288, 299, 307, 320, 335, 349, 361, 365, 372,
    368, 362, 358, 348, 342, 338, 336, 335, 342, 347, 364, 368, 364, 356,
    347, 338, 342, 341, 344, 350, 352, 357, 357, 352, 345, 339, 343, 343,
    347, 357, 356, 357, 352, 345, 346, 347, 347, 354, 359, 362, 367, 362,
    359, 354, 346, 335, 326, 312, 304, 299, 293, 293, 289, 291, 288, 288,
    289, 289, 287, 289, 288, 286, 290, 285, 287, 285 ]
LHandPositionsY: [ 268, 272, 269, 270, 268, 272, 269, 272, 272, 272, 270,
    269, 270, 271, 271, 265, 263, 252, 243, 232, 216, 201, 188, 175, 162,
    160, 154, 153, 136, 134, 134, 130, 129, 120, 117, 113, 112, 108, 116,
    116, 128, 125, 125, 127, 122, 120, 113, 114, 119, 121, 121, 120, 117,
    116, 116, 114, 110, 111, 116, 119, 115, 111, 108, 107, 107, 107, 109,
    112, 126, 144, 155, 170, 188, 202, 215, 227, 235, 243, 245, 247, 246,
    249, 246, 251, 250, 253, 251, 252, 253, 254, 253 ]
RHandPositionsX: [ 217, 215, 218, 218, 214, 218, 217, 215, 216, 215, 216,
    215, 218, 215, 214, 215, 218, 214, 216, 218, 215, 217, 217, 217, 216,
    217, 215, 216, 215, 218, 215, 216, 218, 215, 217, 215, 217, 217, 215,
    217, 216, 215, 217, 217, 215, 217, 215, 214, 214, 214, 214, 214, 217,
    215, 215, 214, 216, 216, 217, 216, 216, 215, 214, 215, 216, 215, 214,
    215, 216, 216, 215, 217, 215, 214, 216, 216, 215, 217, 216, 218, 214,
    215, 217, 216, 216, 218, 217, 214, 214, 216, 215 ]
RHandPositionsY: [ 270, 269, 269, 268, 270, 270, 268, 267, 266, 269, 266,
    266, 267, 267, 269, 268, 269, 267, 268, 264, 268, 264, 264, 265, 263,
    266, 266, 263, 264, 264, 264, 265, 265, 262, 266, 265, 264, 266, 263,
    265, 264, 262, 263, 263, 265, 264, 266, 263, 265, 264, 261, 262, 261,
    262, 265, 262, 261, 262, 262, 263, 262, 264, 261, 262, 261, 263, 263,
    264, 262, 261, 262, 265, 265, 261, 264, 263, 262, 262, 264, 263, 261,
    263, 261, 262, 263, 265, 265, 261, 263, 265, 261 ]
