%YAML:1.0
---
videoName: "LHShake22.mp4"
gestureLabel: 2
fps: 29
pixelSizeInCmTemp: 3.5220588235294115e-01
faceCenterPointX: 261
faceCenterPointY: 79
LHandPositionsX: [ 336, 344, 350, 355, 354, 358, 356, 353, 347, 335, 330,
    322, 320, 322, 317, 325, 329, 337, 344, 345, 344, 343, 339, 328, 322,
    321, 326, 325, 331, 340, 344, 339, 344, 339, 331, 323, 317, 317, 320,
    321, 329, 336, 337, 336, 337, 329, 326, 319, 320, 319, 321, 329, 336,
    345, 344, 344, 340, 335, 327, 321, 319, 314, 318, 323, 329, 337, 334,
    333, 337, 329, 327, 325, 319, 318, 322, 321, 325, 327, 326, 327, 327,
    324, 326, 325, 325, 326, 324, 324 ]
LHandPositionsY: [ 258, 253, 248, 239, 236, 221, 209, 207, 193, 189, 184,
    184, 183, 185, 181, 181, 178, 178, 172, 171, 171, 173, 172, 176, 178,
    180, 180, 178, 175, 173, 174, 171, 172, 171, 177, 178, 185, 180, 184,
    184, 181, 175, 178, 174, 176, 174, 180, 183, 181, 181, 179, 179, 178,
    178, 175, 176, 174, 176, 177, 180, 182, 181, 180, 182, 180, 180, 176,
    179, 182, 187, 194, 202, 208, 222, 228, 241, 239, 243, 248, 247, 247,
    247, 248, 248, 250, 250, 247, 247 ]
RHandPositionsX: [ 193, 191, 189, 189, 192, 193, 192, 191, 191, 190, 190,
    190, 192, 191, 190, 191, 193, 190, 192, 193, 191, 191, 191, 193, 189,
    192, 190, 193, 191, 191, 189, 191, 191, 189, 189, 192, 190, 190, 189,
    192, 191, 193, 192, 189, 191, 192, 193, 191, 190, 190, 193, 190, 192,
    192, 192, 191, 192, 191, 192, 193, 192, 193, 192, 192, 190, 192, 192,
    191, 191, 189, 193, 193, 192, 193, 192, 193, 189, 191, 191, 191, 190,
    190, 191, 189, 190, 193, 193, 193 ]
RHandPositionsY: [ 269, 270, 270, 269, 269, 270, 267, 267, 269, 268, 267,
    268, 267, 268, 270, 270, 266, 268, 267, 268, 268, 270, 266, 270, 270,
    269, 270, 267, 270, 266, 269, 266, 270, 266, 266, 269, 266, 269, 269,
    267, 270, 270, 269, 268, 268, 270, 269, 270, 269, 268, 270, 266, 267,
    268, 269, 267, 269, 268, 267, 270, 268, 268, 266, 266, 270, 266, 269,
    267, 270, 267, 269, 269, 270, 268, 270, 270, 270, 270, 270, 266, 267,
    270, 269, 270, 268, 270, 270, 268 ]
