%YAML:1.0
---
videoName: "LHShake14.mp4"
gestureLabel: 2
fps: 29
pixelSizeInCmTemp: 3.2808219178082193e-01
faceCenterPointX: 256
faceCenterPointY: 64
LHandPositionsX: [ 350, 353, 349, 359, 368, 383, 388, 389, 386, 382, 368,
    357, 359, 358, 360, 372, 383, 381, 384, 381, 373, 361, 354, 355, 352,
    359, 367, 382, 387, 385, 383, 375, 370, 357, 357, 355, 363, 370, 382,
    382, 384, 376, 371, 362, 359, 359, 360, 365, 371, 377, 376, 378, 370,
    363, 358, 349, 343, 337, 333, 328, 329, 328, 327, 331, 328, 331, 332,
    332, 332, 328, 331, 332, 331, 327, 331, 327, 331, 328, 328, 327, 330,
    327, 329, 329, 331, 327, 327, 329 ]
LHandPositionsY: [ 148, 145, 148, 147, 142, 139, 142, 143, 139, 142, 146,
    149, 148, 146, 146, 142, 138, 137, 141, 138, 138, 143, 148, 146, 148,
    148, 145, 141, 141, 143, 143, 143, 143, 147, 144, 148, 148, 146, 142,
    141, 144, 142, 141, 143, 143, 144, 141, 139, 140, 141, 145, 147, 148,
    156, 161, 166, 179, 189, 197, 209, 222, 231, 236, 240, 244, 244, 250,
    248, 249, 248, 249, 252, 251, 249, 252, 251, 251, 250, 251, 250, 250,
    250, 249, 251, 248, 251, 249, 248 ]
RHandPositionsX: [ 181, 182, 181, 180, 182, 182, 179, 181, 181, 182, 180,
    179, 179, 181, 180, 179, 180, 177, 176, 177, 176, 175, 175, 178, 179,
    177, 179, 178, 175, 178, 175, 175, 178, 178, 176, 176, 175, 176, 178,
    176, 175, 178, 175, 179, 176, 178, 176, 177, 179, 178, 177, 177, 176,
    178, 176, 175, 178, 179, 179, 179, 175, 179, 176, 176, 177, 176, 177,
    176, 175, 177, 177, 178, 177, 177, 178, 179, 179, 175, 176, 175, 175,
    178, 178, 179, 178, 176, 178, 178 ]
RHandPositionsY: [ 280, 280, 278, 279, 276, 276, 279, 278, 279, 279, 278,
    278, 275, 278, 275, 276, 274, 274, 274, 274, 274, 276, 276, 274, 277,
    277, 276, 277, 277, 275, 276, 273, 274, 276, 277, 274, 273, 277, 277,
    276, 274, 273, 274, 276, 274, 276, 275, 275, 276, 274, 277, 274, 276,
    277, 276, 274, 276, 275, 276, 273, 274, 276, 275, 274, 276, 276, 275,
    277, 275, 275, 273, 275, 276, 274, 273, 275, 273, 276, 277, 277, 276,
    275, 275, 277, 274, 275, 274, 273 ]
