%YAML:1.0
---
videoName: "LHShake14.mp4"
gestureLabel: 2
fps: 29
pixelSizeInCmTemp: 3.2808219178082193e-01
faceCenterPointX: 256
faceCenterPointY: 64
LHandPositionsX: [ 350, 354, 348, 358, 369, 379, 390, 391, 390, 382, 371,
    361, 359, 358, 361, 372, 380, 385, 383, 381, 375, 364, 354, 353, 352,
    360, 366, 378, 387, 384, 383, 379, 370, 356, 358, 357, 361, 369, 381,
    382, 384, 379, 372, 359, 358, 357, 360, 362, 373, 376, 379, 380, 374,
    363, 355, 350, 344, 339, 334, 328, 328, 332, 327, 328, 329, 329, 330,
    329, 329, 332, 331, 332, 331, 331, 329, 330, 330, 331, 330, 327, 331,
    327, 328, 329, 327, 328, 331, 331 ]
LHandPositionsY: [ 149, 144, 146, 147, 142, 139, 143, 139, 141, 141, 147,
    148, 150, 149, 147, 142, 138, 141, 137, 140, 138, 141, 147, 146, 145,
    145, 148, 141, 141, 143, 139, 143, 146, 147, 147, 147, 146, 146, 143,
    143, 145, 143, 140, 143, 142, 144, 143, 142, 137, 140, 145, 147, 147,
    156, 157, 168, 175, 188, 201, 208, 221, 232, 236, 238, 242, 245, 247,
    248, 247, 251, 253, 248, 250, 250, 252, 252, 250, 249, 249, 251, 250,
    249, 249, 249, 252, 248, 252, 249 ]
RHandPositionsX: [ 185, 184, 182, 182, 179, 181, 179, 181, 179, 183, 180,
    178, 179, 178, 179, 177, 176, 177, 180, 178, 177, 177, 178, 178, 177,
    177, 176, 175, 175, 175, 175, 176, 177, 177, 176, 178, 178, 179, 177,
    177, 179, 177, 179, 178, 177, 175, 178, 178, 176, 177, 176, 177, 179,
    177, 178, 175, 177, 176, 175, 175, 177, 178, 176, 176, 179, 177, 179,
    175, 176, 175, 176, 179, 176, 178, 177, 175, 177, 179, 179, 179, 176,
    175, 176, 177, 178, 177, 177, 179 ]
RHandPositionsY: [ 276, 276, 279, 277, 275, 277, 277, 276, 278, 279, 274,
    278, 275, 274, 277, 276, 277, 277, 276, 275, 277, 276, 275, 277, 273,
    277, 275, 276, 276, 276, 276, 276, 273, 275, 275, 273, 277, 274, 277,
    274, 277, 274, 276, 277, 275, 277, 275, 277, 273, 274, 274, 274, 275,
    275, 274, 277, 275, 275, 274, 275, 276, 277, 275, 275, 277, 275, 277,
    273, 275, 273, 274, 274, 274, 277, 273, 273, 277, 276, 277, 277, 277,
    276, 276, 273, 273, 274, 276, 274 ]
