%YAML:1.0
---
videoName: "LHShake18.mp4"
gestureLabel: 2
fps: 29
pixelSizeInCmTemp: 3.4214285714285714e-01
faceCenterPointX: 253
faceCenterPointY: 65
LHandPositionsX: [ 311, 314, 312, 312, 313, 313, 315, 313, 311, 311, 313,
    313, 312, 313, 311, 314, 315, 318, 323, 326, 329, 338, 343, 348, 352,
    350, 337, 323, 317, 297, 301, 302, 305, 312, 312, 311, 310, 305, 300,
    291, 293, 300, 307, 315, 310, 312, 304, 295, 288, 286, 288, 298, 306,
    313, 314, 313, 308, 295, 288, 285, 293, 300, 307, 307, 312, 305, 302,
    295, 297, 298, 303, 307, 310, 308, 316, 310, 308, 307, 306, 305, 306,
    304, 309, 308, 307, 309, 308, 310 ]
LHandPositionsY: [ 247, 250, 249, 248, 250, 247, 246, 247, 249, 247, 248,
    249, 246, 250, 248, 247, 247, 249, 243, 233, 216, 203, 191, 176, 167,
    159, 155, 144, 144, 138, 137, 141, 144, 144, 138, 141, 143, 148, 145,
    138, 136, 141, 147, 146, 143, 147, 149, 147, 143, 138, 140, 149, 146,
    148, 147, 147, 153, 141, 142, 144, 150, 150, 153, 151, 154, 154, 159,
    146, 147, 152, 153, 152, 153, 154, 163, 165, 175, 185, 199, 205, 216,
    219, 221, 232, 235, 231, 233, 231 ]
RHandPositionsX: [ 197, 198, 195, 198, 198, 197, 199, 195, 195, 197, 195,
    197, 198, 199, 198, 195, 197, 197, 197, 196, 199, 195, 197, 198, 197,
    195, 199, 196, 196, 195, 198, 195, 197, 195, 199, 196, 196, 198, 200,
    197, 196, 195, 196, 198, 199, 198, 195, 196, 197, 199, 196, 198, 198,
    197, 197, 198, 197, 196, 196, 200, 199, 196, 198, 197, 198, 198, 198,
    195, 198, 194, 198, 197, 197, 194, 196, 195, 197, 198, 195, 196, 197,
    194, 196, 196, 197, 196, 197, 195 ]
RHandPositionsY: [ 264, 262, 263, 264, 265, 264, 267, 267, 264, 265, 267,
    265, 264, 267, 267, 263, 264, 265, 263, 263, 266, 265, 263, 266, 263,
    264, 264, 262, 264, 264, 266, 266, 263, 267, 265, 266, 265, 265, 268,
    266, 265, 265, 266, 266, 264, 267, 265, 267, 267, 265, 267, 266, 267,
    266, 264, 264, 265, 269, 267, 267, 264, 264, 267, 266, 266, 267, 267,
    268, 268, 265, 265, 266, 268, 266, 264, 266, 265, 265, 268, 266, 268,
    267, 268, 268, 265, 267, 268, 264 ]
