%YAML:1.0
---
videoName: "LHShake09.mp4"
gestureLabel: 2
fps: 29
pixelSizeInCmTemp: 3.3263888888888887e-01
faceCenterPointX: 259
faceCenterPointY: 67
LHandPositionsX: [ 336, 337, 340, 336, 341, 345, 351, 352, 350, 359, 360,
    365, 371, 366, 369, 365, 359, 350, 343, 334, 332, 334, 331, 330, 337,
    349, 350, 349, 349, 349, 352, 350, 344, 337, 336, 335, 337, 344, 352,
    362, 365, 366, 366, 362, 357, 347, 339, 335, 336, 334, 338, 348, 353,
    356, 355, 357, 355, 350, 343, 335, 333, 334, 333, 338, 341, 350, 352,
    353, 352, 353, 349, 342, 336, 333, 323, 319, 316, 322, 320, 328, 327,
    329, 329, 331, 332, 332, 333, 335 ]
LHandPositionsY: [ 274, 274, 271, 271, 272, 271, 265, 258, 248, 236, 233,
    217, 201, 199, 182, 172, 165, 162, 160, 155, 157, 156, 158, 155, 153,
    151, 146, 146, 145, 147, 150, 152, 153, 155, 153, 152, 155, 154, 154,
    153, 155, 153, 151, 153, 155, 153, 156, 158, 155, 154, 152, 156, 154,
    153, 152, 153, 150, 151, 151, 151, 153, 150, 155, 153, 151, 150, 153,
    151, 148, 149, 150, 154, 163, 169, 181, 191, 204, 221, 232, 241, 247,
    250, 253, 253, 256, 260, 260, 257 ]
RHandPositionsX: [ 177, 180, 179, 180, 177, 176, 176, 178, 180, 180, 177,
    180, 176, 179, 178, 176, 179, 180, 176, 176, 179, 176, 180, 177, 178,
    179, 180, 178, 176, 179, 180, 177, 177, 176, 180, 179, 180, 177, 178,
    180, 180, 176, 178, 177, 178, 178, 180, 176, 179, 176, 179, 180, 179,
    180, 176, 176, 180, 180, 179, 180, 178, 178, 178, 178, 179, 178, 176,
    177, 179, 176, 176, 177, 179, 177, 176, 177, 178, 177, 176, 178, 178,
    179, 180, 180, 180, 177, 179, 178 ]
RHandPositionsY: [ 276, 278, 278, 279, 277, 279, 277, 277, 275, 278, 277,
    278, 278, 279, 275, 276, 275, 276, 278, 278, 275, 275, 275, 278, 276,
    277, 278, 279, 277, 277, 278, 278, 275, 279, 277, 277, 277, 276, 278,
    275, 275, 279, 276, 278, 277, 279, 277, 278, 279, 277, 279, 277, 276,
    275, 275, 277, 275, 279, 279, 277, 277, 277, 278, 278, 277, 277, 278,
    277, 275, 275, 279, 276, 277, 278, 277, 275, 275, 277, 279, 278, 275,
    279, 275, 277, 275, 278, 276, 279 ]
