%YAML:1.0
---
videoName: "LHShake03.mp4"
gestureLabel: 2
fps: 30
pixelSizeInCmTemp: 3.2808219178082193e-01
faceCenterPointX: 251
faceCenterPointY: 79
LHandPositionsX: [ 345, 347, 352, 353, 358, 354, 352, 350, 335, 327, 315,
    318, 317, 315, 314, 321, 326, 333, 333, 334, 338, 338, 335, 329, 324,
    321, 322, 323, 324, 329, 336, 340, 343, 339, 333, 320, 318, 315, 310,
    312, 314, 321, 329, 334, 334, 337, 333, 330, 322, 322, 326, 326, 330,
    337, 344, 342, 337, 336, 339, 335, 338, 330, 320, 316, 315, 313, 305,
    304, 299, 300, 298, 295, 298, 296, 294, 292, 292, 293, 291, 290, 288,
    292, 291, 290, 288, 287, 285, 285, 288, 287, 284 ]
LHandPositionsY: [ 139, 134, 125, 120, 115, 110, 103, 102, 96, 96, 104,
    103, 106, 100, 97, 96, 90, 86, 89, 85, 82, 87, 87, 89, 86, 87, 92,
    88, 88, 87, 88, 86, 79, 85, 84, 89, 92, 97, 98, 94, 92, 91, 90, 87,
    86, 86, 85, 85, 91, 92, 93, 93, 89, 89, 85, 89, 91, 96, 95, 103, 113,
    133, 141, 155, 167, 179, 184, 196, 206, 213, 222, 220, 224, 227, 234,
    235, 240, 244, 247, 248, 250, 249, 251, 250, 255, 254, 251, 255, 252,
    255, 252 ]
RHandPositionsX: [ 213, 213, 216, 216, 213, 215, 213, 211, 213, 213, 214,
    211, 213, 211, 213, 214, 212, 215, 213, 215, 214, 213, 214, 212, 212,
    214, 215, 212, 213, 213, 212, 211, 215, 215, 214, 212, 213, 211, 211,
    212, 214, 215, 212, 212, 215, 211, 213, 215, 214, 214, 214, 214, 211,
    211, 215, 212, 212, 214, 211, 213, 210, 210, 213, 214, 213, 213, 210,
    214, 212, 212, 213, 213, 211, 214, 213, 212, 210, 211, 213, 214, 213,
    212, 212, 210, 211, 213, 210, 212, 210, 211, 214 ]
RHandPositionsY: [ 258, 255, 257, 255, 256, 256, 256, 256, 255, 253, 252,
    252, 254, 253, 253, 254, 252, 255, 252, 251, 252, 251, 252, 252, 253,
    253, 251, 251, 253, 255, 255, 254, 251, 253, 253, 255, 254, 251, 255,
    254, 254, 253, 251, 255, 255, 255, 255, 252, 252, 255, 252, 251, 253,
    254, 253, 255, 255, 255, 252, 253, 252, 251, 252, 255, 255, 254, 252,
    254, 252, 255, 252, 254, 251, 251, 252, 252, 251, 251, 252, 255, 251,
    254, 251, 253, 253, 253, 253, 255, 255, 253, 252 ]
