%YAML:1.0
---
videoName: "LHShake19.mp4"
gestureLabel: 2
fps: 29
pixelSizeInCmTemp: 3.3732394366197183e-01
faceCenterPointX: 250
faceCenterPointY: 62
LHandPositionsX: [ 306, 309, 306, 307, 305, 307, 309, 307, 306, 308, 306,
    305, 309, 307, 305, 307, 309, 317, 322, 324, 328, 324, 312, 292, 285,
    287, 289, 300, 306, 313, 313, 315, 307, 294, 286, 287, 292, 303, 310,
    315, 318, 314, 307, 291, 289, 294, 300, 305, 314, 315, 313, 305, 297,
    293, 297, 303, 309, 316, 318, 318, 314, 311, 305, 299, 296, 290, 293,
    295, 296, 300, 303, 301, 302, 303, 306, 306, 305, 307, 311, 308, 309,
    307, 307, 311, 310, 309, 308, 309 ]
LHandPositionsY: [ 248, 251, 248, 250, 252, 251, 248, 249, 251, 250, 250,
    249, 250, 248, 247, 238, 229, 216, 202, 189, 177, 171, 165, 160, 153,
    156, 157, 158, 157, 151, 151, 155, 157, 152, 150, 147, 155, 155, 153,
    151, 150, 152, 154, 150, 147, 151, 152, 151, 155, 152, 151, 155, 147,
    145, 156, 154, 154, 153, 155, 153, 155, 156, 159, 165, 168, 170, 180,
    189, 196, 207, 215, 214, 217, 220, 226, 230, 231, 233, 236, 234, 234,
    238, 238, 238, 239, 239, 237, 240 ]
RHandPositionsX: [ 198, 196, 195, 198, 198, 198, 195, 198, 196, 199, 197,
    197, 196, 195, 199, 199, 198, 195, 197, 196, 198, 195, 195, 194, 194,
    196, 194, 198, 198, 197, 193, 197, 193, 193, 196, 193, 192, 196, 194,
    194, 193, 192, 193, 192, 194, 191, 195, 191, 191, 195, 192, 193, 195,
    195, 192, 192, 193, 193, 195, 191, 191, 192, 195, 194, 195, 194, 191,
    194, 192, 192, 191, 194, 195, 193, 195, 191, 192, 191, 193, 193, 195,
    194, 194, 192, 195, 191, 195, 192 ]
RHandPositionsY: [ 255, 254, 254, 258, 256, 254, 256, 255, 254, 258, 255,
    258, 256, 255, 254, 256, 257, 258, 258, 256, 256, 254, 255, 258, 254,
    256, 258, 255, 257, 255, 255, 257, 255, 256, 258, 258, 255, 258, 254,
    255, 256, 256, 258, 254, 258, 258, 255, 255, 256, 255, 256, 254, 258,
    257, 258, 255, 256, 254, 255, 254, 255, 255, 254, 255, 258, 256, 254,
    254, 257, 256, 257, 256, 255, 256, 255, 255, 254, 256, 255, 257, 258,
    258, 255, 257, 256, 255, 255, 258 ]
