%YAML:1.0
---
videoName: "LHShake18.mp4"
gestureLabel: 2
fps: 29
pixelSizeInCmTemp: 3.4214285714285714e-01
faceCenterPointX: 253
faceCenterPointY: 65
LHandPositionsX: [ 312, 313, 315, 315, 312, 314, 312, 312, 314, 315, 312,
    313, 313, 315, 314, 312, 314, 315, 321, 324, 330, 340, 346, 346, 352,
    349, 340, 325, 316, 298, 302, 304, 307, 311, 311, 314, 313, 308, 300,
    291, 292, 298, 309, 313, 310, 312, 305, 296, 290, 284, 284, 297, 308,
    313, 313, 313, 305, 294, 284, 285, 294, 303, 310, 309, 309, 306, 305,
    296, 295, 301, 306, 304, 308, 309, 315, 313, 305, 305, 304, 305, 307,
    307, 305, 307, 311, 310, 311, 310 ]
LHandPositionsY: [ 247, 246, 249, 246, 249, 250, 249, 246, 250, 249, 250,
    249, 249, 250, 247, 247, 249, 251, 242, 237, 217, 204, 191, 175, 165,
    161, 153, 145, 144, 136, 138, 145, 143, 142, 140, 142, 142, 147, 143,
    138, 136, 143, 148, 148, 143, 147, 151, 147, 144, 140, 141, 147, 147,
    150, 148, 147, 149, 143, 142, 141, 148, 151, 154, 150, 153, 154, 157,
    146, 146, 152, 155, 152, 154, 153, 160, 165, 177, 185, 198, 206, 213,
    219, 222, 233, 232, 234, 233, 233 ]
RHandPositionsX: [ 195, 197, 197, 195, 194, 197, 196, 195, 195, 199, 198,
    199, 197, 197, 197, 198, 198, 197, 195, 197, 195, 199, 198, 195, 199,
    196, 196, 197, 196, 197, 196, 195, 196, 197, 199, 196, 196, 196, 197,
    197, 199, 195, 197, 199, 198, 197, 198, 197, 196, 199, 197, 199, 200,
    198, 196, 196, 197, 196, 198, 196, 198, 195, 196, 198, 196, 196, 196,
    197, 197, 197, 194, 195, 198, 194, 195, 194, 196, 195, 196, 198, 198,
    195, 195, 196, 196, 194, 195, 194 ]
RHandPositionsY: [ 262, 264, 262, 265, 263, 266, 266, 267, 266, 265, 267,
    265, 267, 264, 267, 267, 267, 264, 265, 265, 266, 264, 263, 267, 265,
    265, 266, 263, 262, 265, 265, 265, 267, 264, 267, 264, 266, 265, 266,
    265, 267, 265, 268, 268, 268, 265, 267, 265, 267, 265, 266, 268, 266,
    266, 267, 268, 264, 266, 265, 267, 264, 265, 266, 265, 267, 267, 264,
    266, 267, 265, 265, 267, 268, 267, 267, 267, 268, 267, 264, 268, 268,
    264, 267, 267, 265, 266, 264, 266 ]
