%YAML:1.0
---
videoName: "LHShake21.mp4"
gestureLabel: 2
fps: 29
pixelSizeInCmTemp: 3.4214285714285714e-01
faceCenterPointX: 266
faceCenterPointY: 79
LHandPositionsX: [ 347, 353, 363, 374, 385, 396, 397, 404, 422, 414, 418,
    404, 390, 375, 376, 375, 375, 378, 387, 402, 399, 400, 397, 393, 383,
    373, 369, 371, 372, 371, 374, 392, 389, 385, 385, 380, 373, 372, 368,
    366, 366, 371, 378, 390, 386, 386, 397, 392, 381, 372, 363, 364, 363,
    366, 376, 380, 387, 385, 385, 390, 385, 379, 374, 366, 359, 352, 342,
    340, 334, 334, 337, 336, 332, 334, 332, 331, 334, 333, 331, 330, 332,
    332, 331, 333, 333, 330, 334, 331 ]
LHandPositionsY: [ 269, 265, 245, 226, 208, 191, 183, 170, 152, 149, 138,
    133, 135, 135, 134, 132, 128, 127, 127, 131, 132, 128, 129, 133, 136,
    132, 142, 140, 145, 136, 133, 132, 133, 133, 133, 134, 136, 147, 149,
    146, 149, 144, 142, 140, 137, 137, 134, 136, 141, 147, 151, 154, 155,
    156, 151, 146, 142, 139, 143, 150, 156, 158, 169, 179, 190, 203, 216,
    227, 235, 238, 243, 247, 251, 248, 252, 250, 254, 251, 251, 252, 254,
    250, 251, 254, 251, 254, 254, 252 ]
RHandPositionsX: [ 184, 184, 185, 187, 184, 188, 184, 184, 187, 184, 184,
    185, 187, 185, 184, 188, 184, 187, 185, 184, 188, 184, 188, 185, 185,
    185, 186, 184, 184, 187, 186, 186, 185, 187, 185, 185, 186, 187, 186,
    187, 185, 188, 187, 185, 187, 187, 186, 186, 186, 187, 186, 186, 185,
    185, 185, 184, 184, 186, 186, 188, 184, 187, 184, 188, 188, 184, 187,
    188, 184, 184, 186, 187, 184, 185, 187, 188, 188, 186, 185, 186, 187,
    184, 185, 185, 188, 185, 187, 184 ]
RHandPositionsY: [ 267, 267, 268, 269, 268, 267, 269, 269, 268, 269, 268,
    269, 266, 269, 268, 265, 269, 268, 269, 269, 267, 268, 265, 266, 266,
    265, 268, 268, 265, 266, 267, 265, 269, 266, 269, 267, 268, 269, 266,
    269, 269, 267, 269, 265, 269, 269, 268, 269, 268, 268, 266, 267, 267,
    269, 269, 269, 266, 265, 266, 266, 268, 267, 265, 268, 267, 269, 265,
    267, 267, 267, 267, 267, 266, 266, 268, 268, 268, 266, 269, 266, 266,
    268, 268, 265, 267, 269, 269, 267 ]
