%YAML:1.0
---
videoName: "LHShake07.mp4"
gestureLabel: 2
fps: 29
pixelSizeInCmTemp: 3.3732394366197183e-01
faceCenterPointX: 265
faceCenterPointY: 78
LHandPositionsX: [ 349, 347, 352, 355, 362, 368, 375, 388, 388, 392, 392,
    391, 386, 378, 354, 346, 342, 344, 340, 340, 348, 364, 366, 365, 367,
    362, 363, 343, 340, 344, 341, 347, 358, 358, 367, 367, 366, 360, 360,
    353, 347, 348, 346, 350, 357, 359, 360, 362, 367, 359, 338, 327, 333,
    333, 340, 354, 369, 372, 372, 378, 371, 362, 356, 349, 341, 338, 337,
    335, 336, 337, 337, 341, 342, 343, 343, 345, 344, 342, 344, 340, 340,
    341, 342, 341, 344, 342, 340, 341 ]
LHandPositionsY: [ 280, 276, 275, 269, 256, 247, 234, 219, 205, 188, 176,
    159, 152, 140, 142, 139, 148, 145, 144, 147, 143, 135, 138, 138, 139,
    135, 133, 138, 147, 141, 136, 131, 133, 131, 126, 123, 129, 129, 136,
    133, 145, 144, 148, 142, 139, 139, 137, 136, 128, 131, 134, 150, 143,
    139, 132, 130, 128, 136, 131, 128, 132, 138, 145, 155, 167, 180, 194,
    203, 218, 230, 243, 250, 253, 256, 256, 262, 262, 265, 266, 265, 264,
    267, 268, 266, 269, 266, 266, 266 ]
RHandPositionsX: [ 184, 185, 184, 183, 181, 184, 181, 182, 182, 181, 185,
    183, 181, 181, 183, 185, 183, 183, 185, 181, 181, 181, 183, 182, 183,
    184, 184, 181, 183, 183, 185, 183, 185, 183, 183, 183, 184, 184, 181,
    181, 181, 185, 184, 181, 184, 185, 181, 182, 181, 184, 183, 184, 183,
    185, 185, 181, 183, 185, 182, 183, 183, 185, 183, 183, 183, 183, 182,
    183, 184, 181, 184, 182, 184, 183, 185, 181, 185, 183, 181, 185, 185,
    183, 184, 182, 184, 182, 182, 184 ]
RHandPositionsY: [ 276, 279, 276, 276, 278, 277, 277, 279, 276, 276, 276,
    280, 279, 277, 276, 279, 278, 276, 278, 277, 276, 278, 280, 277, 278,
    278, 278, 277, 280, 280, 279, 280, 276, 276, 280, 280, 276, 276, 278,
    280, 278, 279, 279, 277, 277, 280, 276, 276, 277, 278, 280, 280, 279,
    280, 278, 277, 280, 278, 276, 278, 278, 276, 280, 277, 279, 277, 276,
    277, 280, 280, 280, 276, 277, 279, 276, 277, 278, 278, 276, 276, 277,
    278, 278, 279, 276, 277, 278, 276 ]
