%YAML:1.0
---
videoName: "LHShake10.mp4"
gestureLabel: 2
fps: 29
pixelSizeInCmTemp: 3.4214285714285714e-01
faceCenterPointX: 253
faceCenterPointY: 65
LHandPositionsX: [ 336, 334, 335, 337, 337, 338, 343, 350, 350, 357, 364,
    377, 381, 392, 396, 395, 397, 384, 377, 366, 354, 350, 353, 355, 361,
    370, 380, 392, 390, 392, 389, 384, 377, 365, 355, 356, 359, 363, 368,
    374, 374, 371, 374, 372, 370, 361, 352, 347, 345, 345, 348, 356, 360,
    374, 383, 378, 379, 375, 365, 355, 348, 351, 349, 351, 355, 364, 374,
    381, 380, 378, 377, 374, 367, 361, 353, 347, 343, 342, 340, 334, 334,
    335, 336, 337, 334, 334, 333, 335 ]
LHandPositionsY: [ 271, 272, 268, 272, 270, 271, 267, 260, 252, 237, 225,
    209, 195, 180, 165, 157, 140, 135, 135, 140, 145, 150, 148, 149, 148,
    149, 140, 141, 139, 141, 144, 145, 149, 150, 148, 151, 152, 148, 140,
    133, 132, 136, 135, 134, 131, 132, 138, 142, 142, 146, 145, 145, 141,
    143, 141, 140, 142, 146, 144, 146, 153, 152, 150, 150, 152, 149, 145,
    145, 144, 144, 151, 155, 159, 165, 174, 181, 193, 206, 222, 232, 246,
    251, 254, 256, 256, 259, 257, 259 ]
RHandPositionsX: [ 174, 173, 173, 176, 176, 175, 175, 175, 176, 173, 175,
    176, 173, 176, 174, 172, 172, 171, 172, 175, 174, 175, 173, 174, 175,
    172, 175, 174, 173, 171, 173, 175, 171, 173, 174, 173, 173, 171, 173,
    174, 172, 173, 173, 175, 174, 174, 172, 173, 175, 172, 174, 175, 171,
    171, 174, 172, 172, 175, 173, 173, 175, 174, 171, 173, 174, 172, 175,
    174, 174, 174, 171, 173, 172, 173, 173, 175, 174, 174, 171, 171, 173,
    172, 171, 174, 175, 171, 174, 172 ]
RHandPositionsY: [ 276, 275, 274, 274, 276, 276, 276, 276, 277, 276, 275,
    274, 274, 275, 275, 276, 276, 274, 277, 275, 277, 276, 277, 275, 275,
    277, 278, 275, 274, 275, 276, 276, 277, 275, 277, 274, 274, 275, 276,
    275, 277, 275, 275, 278, 275, 278, 278, 277, 274, 275, 277, 278, 278,
    277, 278, 276, 275, 277, 274, 276, 278, 277, 276, 274, 277, 277, 278,
    275, 276, 277, 276, 275, 275, 276, 277, 275, 278, 276, 275, 274, 277,
    277, 275, 274, 278, 275, 275, 274 ]
