%YAML:1.0
---
videoName: "LHShake04.mp4"
gestureLabel: 2
fps: 30
pixelSizeInCmTemp: 3.2808219178082193e-01
faceCenterPointX: 247
faceCenterPointY: 80
LHandPositionsX: [ 283, 282, 281, 284, 282, 279, 283, 281, 280, 279, 282,
    278, 282, 283, 280, 283, 291, 297, 307, 323, 335, 348, 359, 368, 374,
    368, 361, 358, 346, 341, 338, 335, 336, 340, 349, 362, 370, 364, 358,
    344, 342, 342, 340, 340, 348, 355, 356, 354, 351, 346, 339, 343, 342,
    349, 357, 356, 356, 352, 343, 347, 346, 350, 352, 361, 360, 365, 362,
    359, 352, 345, 332, 325, 316, 303, 300, 293, 293, 291, 290, 286, 290,
    290, 288, 286, 288, 288, 290, 288, 288, 285, 289 ]
LHandPositionsY: [ 272, 271, 272, 270, 270, 269, 270, 269, 272, 269, 269,
    270, 270, 272, 269, 268, 263, 252, 243, 229, 217, 202, 187, 176, 161,
    158, 152, 149, 135, 134, 133, 128, 129, 118, 114, 113, 112, 108, 113,
    120, 131, 125, 123, 127, 122, 121, 116, 111, 121, 117, 118, 124, 117,
    118, 113, 114, 111, 111, 114, 115, 114, 111, 109, 107, 104, 106, 105,
    111, 126, 145, 157, 171, 185, 202, 214, 224, 235, 242, 244, 244, 246,
    250, 247, 250, 251, 249, 254, 254, 253, 252, 251 ]
RHandPositionsX: [ 218, 214, 217, 215, 215, 214, 216, 215, 218, 214, 218,
    218, 214, 214, 218, 218, 217, 218, 216, 218, 216, 217, 214, 217, 217,
    216, 217, 217, 215, 214, 214, 217, 215, 218, 215, 217, 218, 216, 218,
    215, 216, 218, 214, 214, 218, 216, 216, 214, 216, 214, 214, 218, 215,
    215, 215, 216, 217, 214, 216, 218, 216, 218, 214, 218, 215, 214, 214,
    216, 218, 215, 216, 217, 217, 218, 216, 217, 218, 216, 214, 214, 217,
    214, 216, 218, 218, 216, 214, 214, 214, 215, 214 ]
RHandPositionsY: [ 270, 268, 266, 269, 268, 268, 270, 269, 268, 270, 267,
    270, 265, 265, 268, 265, 269, 266, 267, 264, 266, 266, 263, 264, 266,
    267, 264, 263, 263, 265, 263, 265, 267, 265, 263, 266, 262, 264, 262,
    264, 262, 263, 263, 265, 264, 263, 266, 263, 261, 261, 262, 261, 265,
    265, 263, 263, 261, 264, 265, 264, 262, 264, 262, 263, 261, 261, 264,
    263, 261, 265, 261, 263, 265, 265, 261, 264, 262, 265, 261, 265, 265,
    262, 264, 265, 265, 264, 262, 264, 262, 262, 263 ]
