%YAML:1.0
---
videoName: "LHShake10.mp4"
gestureLabel: 2
fps: 29
pixelSizeInCmTemp: 3.4214285714285714e-01
faceCenterPointX: 253
faceCenterPointY: 65
LHandPositionsX: [ 334, 334, 338, 337, 335, 340, 344, 348, 354, 356, 367,
    378, 384, 390, 396, 397, 396, 386, 377, 365, 354, 350, 352, 353, 361,
    371, 379, 393, 390, 391, 391, 386, 375, 365, 359, 356, 361, 365, 369,
    373, 374, 373, 370, 371, 368, 365, 355, 347, 344, 344, 345, 352, 360,
    372, 382, 378, 382, 373, 364, 355, 352, 351, 350, 351, 355, 364, 372,
    383, 380, 379, 378, 374, 368, 362, 354, 347, 344, 344, 338, 337, 334,
    338, 335, 337, 335, 337, 337, 333 ]
LHandPositionsY: [ 272, 271, 271, 268, 268, 271, 266, 263, 249, 241, 225,
    207, 194, 180, 165, 157, 141, 139, 133, 139, 146, 149, 149, 150, 150,
    149, 140, 140, 141, 143, 144, 144, 147, 148, 152, 149, 149, 147, 136,
    133, 133, 135, 133, 133, 129, 131, 137, 141, 145, 143, 142, 144, 139,
    139, 140, 141, 144, 142, 143, 149, 154, 152, 154, 149, 151, 148, 146,
    144, 145, 146, 150, 153, 158, 166, 174, 185, 196, 207, 220, 233, 243,
    253, 252, 257, 254, 256, 258, 259 ]
RHandPositionsX: [ 176, 174, 174, 176, 173, 173, 175, 172, 172, 175, 173,
    173, 175, 173, 172, 174, 175, 173, 175, 175, 172, 172, 174, 172, 174,
    175, 172, 171, 174, 172, 175, 174, 175, 174, 175, 173, 172, 173, 171,
    174, 173, 174, 175, 172, 172, 174, 173, 173, 174, 174, 174, 171, 174,
    173, 174, 171, 172, 175, 174, 171, 172, 172, 173, 172, 173, 174, 175,
    171, 172, 171, 172, 173, 173, 175, 172, 173, 173, 171, 173, 171, 174,
    173, 175, 175, 174, 173, 171, 173 ]
RHandPositionsY: [ 275, 278, 277, 275, 275, 274, 277, 276, 275, 274, 274,
    274, 277, 274, 274, 277, 278, 276, 278, 277, 274, 275, 278, 277, 276,
    274, 275, 277, 276, 277, 277, 276, 275, 277, 274, 277, 274, 277, 274,
    278, 278, 276, 274, 274, 274, 274, 274, 277, 274, 274, 278, 278, 278,
    274, 274, 276, 277, 278, 275, 275, 274, 276, 278, 276, 274, 278, 277,
    276, 274, 277, 278, 278, 278, 274, 277, 278, 277, 277, 278, 275, 275,
    276, 274, 276, 277, 274, 277, 276 ]
