%YAML:1.0
---
videoName: "LHShake06.mp4"
gestureLabel: 2
fps: 29
pixelSizeInCmTemp: 3.3732394366197183e-01
faceCenterPointX: 250
faceCenterPointY: 80
LHandPositionsX: [ 384, 385, 389, 388, 386, 378, 376, 370, 372, 371, 375,
    385, 390, 394, 397, 395, 395, 389, 379, 378, 374, 376, 386, 391, 394,
    392, 389, 386, 383, 382, 379, 380, 386, 387, 389, 388, 386, 382, 381,
    382, 381, 380, 385, 389, 389, 389, 390, 386, 379, 378, 378, 381, 387,
    392, 395, 397, 397, 397, 392, 385, 380, 369, 361, 361, 355, 345, 335,
    327, 317, 312, 307, 307, 307, 306, 302, 302, 301, 301, 299, 298, 302,
    298, 300, 302, 302, 298, 301, 302 ]
LHandPositionsY: [ 151, 148, 145, 140, 136, 135, 137, 137, 135, 134, 130,
    129, 128, 130, 127, 128, 132, 133, 133, 132, 136, 131, 129, 131, 129,
    128, 129, 125, 127, 128, 129, 129, 126, 126, 125, 126, 128, 129, 129,
    129, 128, 128, 128, 124, 123, 126, 125, 128, 128, 129, 128, 128, 125,
    125, 124, 120, 122, 124, 126, 125, 133, 136, 148, 149, 159, 176, 190,
    208, 214, 224, 231, 234, 238, 239, 245, 245, 251, 252, 253, 253, 253,
    252, 252, 252, 257, 255, 255, 258 ]
RHandPositionsX: [ 214, 211, 212, 211, 213, 213, 210, 213, 211, 211, 211,
    210, 209, 213, 211, 210, 211, 213, 209, 210, 210, 211, 211, 213, 212,
    213, 212, 210, 212, 211, 209, 211, 211, 211, 209, 209, 212, 210, 208,
    208, 212, 212, 209, 210, 208, 208, 207, 211, 207, 208, 210, 211, 208,
    210, 211, 209, 207, 211, 210, 211, 209, 207, 207, 208, 211, 210, 207,
    209, 209, 209, 210, 210, 211, 212, 212, 208, 211, 211, 212, 212, 210,
    208, 209, 211, 209, 212, 213, 213 ]
RHandPositionsY: [ 270, 269, 268, 268, 268, 271, 269, 267, 270, 268, 270,
    269, 269, 269, 267, 266, 269, 267, 266, 269, 268, 267, 266, 265, 268,
    265, 265, 266, 269, 268, 266, 269, 265, 266, 268, 265, 267, 265, 266,
    267, 268, 267, 266, 268, 265, 270, 270, 265, 265, 266, 266, 266, 265,
    266, 269, 266, 267, 265, 267, 267, 265, 265, 265, 268, 268, 269, 268,
    266, 267, 266, 267, 268, 269, 268, 268, 267, 266, 269, 268, 267, 265,
    265, 266, 265, 267, 269, 268, 267 ]
