%YAML:1.0
---
videoName: "LHShake20.mp4"
gestureLabel: 2
fps: 30
pixelSizeInCmTemp: 3.3732394366197183e-01
faceCenterPointX: 249
faceCenterPointY: 62
LHandPositionsX: [ 312, 312, 313, 314, 314, 313, 314, 314, 314, 319, 321,
    326, 335, 340, 340, 338, 330, 322, 315, 315, 313, 313, 315, 328, 335,
    336, 337, 340, 330, 322, 319, 318, 316, 324, 332, 343, 340, 339, 330,
    323, 323, 325, 321, 327, 331, 332, 329, 330, 326, 320, 320, 319, 321,
    324, 325, 327, 330, 328, 324, 320, 318, 316, 320, 317, 321, 324, 320,
    321, 316, 316, 312, 311, 316, 313, 312, 313, 316, 316, 315, 314, 313,
    315, 313, 312, 315, 312, 314, 313, 312, 316, 316 ]
LHandPositionsY: [ 248, 246, 249, 249, 246, 245, 244, 244, 234, 226, 216,
    203, 191, 179, 173, 164, 161, 156, 159, 163, 157, 156, 147, 145, 146,
    145, 146, 145, 141, 147, 149, 148, 146, 146, 146, 140, 143, 144, 144,
    148, 148, 148, 147, 142, 144, 142, 142, 141, 142, 146, 146, 149, 145,
    141, 138, 137, 136, 134, 135, 145, 145, 145, 148, 148, 148, 151, 157,
    169, 178, 189, 201, 213, 217, 221, 221, 225, 228, 231, 230, 230, 232,
    234, 234, 235, 234, 238, 239, 236, 236, 239, 240 ]
RHandPositionsX: [ 180, 180, 179, 179, 183, 182, 179, 180, 183, 181, 179,
    179, 183, 180, 179, 179, 179, 182, 182, 179, 182, 183, 180, 181, 179,
    180, 182, 183, 183, 179, 179, 179, 183, 181, 179, 180, 183, 181, 179,
    180, 182, 182, 182, 179, 183, 179, 181, 180, 181, 182, 182, 179, 182,
    183, 181, 179, 180, 181, 181, 180, 183, 183, 183, 181, 183, 183, 181,
    180, 180, 182, 182, 183, 180, 180, 183, 182, 179, 180, 181, 179, 180,
    178, 181, 178, 179, 180, 180, 180, 181, 182, 181 ]
RHandPositionsY: [ 255, 256, 255, 257, 256, 253, 257, 257, 256, 255, 254,
    255, 253, 256, 252, 255, 254, 252, 253, 256, 255, 255, 256, 254, 255,
    255, 254, 255, 255, 256, 254, 253, 252, 253, 251, 251, 252, 253, 255,
    251, 255, 254, 251, 255, 253, 253, 255, 254, 255, 252, 253, 252, 254,
    251, 251, 253, 253, 253, 254, 252, 255, 255, 255, 251, 252, 253, 253,
    253, 253, 254, 252, 252, 255, 252, 254, 253, 255, 255, 253, 253, 253,
    252, 251, 254, 252, 252, 254, 252, 253, 254, 252 ]
