%YAML:1.0
---
videoName: "LHShake11.mp4"
gestureLabel: 2
fps: 29
pixelSizeInCmTemp: 3.3732394366197183e-01
faceCenterPointX: 260
faceCenterPointY: 69
LHandPositionsX: [ 384, 389, 385, 375, 366, 357, 348, 353, 344, 346, 357,
    361, 364, 364, 365, 361, 355, 353, 348, 346, 345, 350, 352, 360, 360,
    358, 363, 353, 348, 344, 350, 346, 347, 353, 354, 355, 355, 352, 346,
    341, 341, 341, 340, 342, 344, 356, 359, 355, 355, 357, 350, 345, 337,
    340, 339, 340, 350, 356, 358, 360, 362, 363, 362, 353, 349, 341, 336,
    330, 333, 329, 331, 333, 331, 334, 334, 332, 335, 331, 334, 333, 332,
    333, 332, 331, 334, 334, 332, 332 ]
LHandPositionsY: [ 176, 160, 152, 142, 141, 145, 146, 148, 144, 138, 129,
    127, 128, 128, 129, 125, 130, 140, 142, 142, 144, 136, 129, 129, 129,
    128, 132, 134, 138, 147, 141, 145, 142, 137, 135, 137, 135, 136, 135,
    141, 143, 146, 147, 143, 142, 132, 134, 134, 132, 130, 136, 138, 148,
    144, 146, 147, 144, 136, 136, 139, 137, 144, 147, 157, 166, 178, 191,
    205, 215, 228, 227, 231, 238, 243, 247, 247, 245, 246, 249, 251, 253,
    250, 249, 249, 250, 248, 249, 249 ]
RHandPositionsX: [ 181, 181, 179, 181, 180, 181, 180, 183, 179, 182, 180,
    179, 183, 182, 182, 183, 182, 181, 181, 180, 179, 180, 181, 181, 183,
    180, 183, 180, 182, 183, 179, 183, 179, 180, 182, 180, 179, 179, 179,
    179, 182, 183, 182, 183, 183, 181, 179, 182, 183, 180, 180, 182, 183,
    183, 180, 179, 179, 180, 179, 179, 182, 182, 180, 181, 181, 179, 182,
    179, 180, 183, 180, 181, 181, 181, 181, 182, 182, 180, 181, 181, 180,
    179, 181, 179, 183, 182, 181, 180 ]
RHandPositionsY: [ 276, 274, 276, 273, 277, 276, 274, 273, 277, 275, 273,
    277, 274, 273, 275, 277, 275, 273, 274, 274, 276, 273, 276, 275, 277,
    275, 275, 276, 274, 274, 273, 276, 277, 273, 273, 275, 273, 276, 273,
    277, 274, 274, 276, 273, 277, 273, 277, 273, 277, 277, 273, 277, 277,
    276, 276, 273, 277, 273, 275, 276, 276, 273, 274, 273, 274, 276, 276,
    274, 275, 275, 273, 277, 275, 274, 274, 275, 274, 275, 273, 273, 276,
    277, 274, 277, 276, 275, 277, 277 ]
