%YAML:1.0
---
videoName: "LHShake19.mp4"
gestureLabel: 2
fps: 29
pixelSizeInCmTemp: 3.3732394366197183e-01
faceCenterPointX: 250
faceCenterPointY: 62
LHandPositionsX: [ 306, 306, 308, 307, 307, 309, 307, 308, 309, 308, 309,
    309, 307, 305, 309, 307, 309, 317, 320, 325, 326, 320, 311, 288, 285,
    288, 293, 298, 304, 313, 315, 314, 308, 295, 290, 287, 293, 303, 308,
    319, 316, 311, 303, 291, 290, 295, 299, 306, 315, 313, 312, 308, 294,
    291, 295, 300, 309, 317, 317, 316, 316, 309, 306, 299, 299, 292, 292,
    291, 295, 301, 303, 301, 301, 305, 303, 307, 305, 310, 311, 307, 310,
    308, 311, 309, 308, 309, 310, 309 ]
LHandPositionsY: [ 249, 251, 249, 251, 250, 248, 249, 251, 250, 248, 251,
    248, 248, 250, 244, 239, 230, 217, 203, 189, 178, 169, 165, 163, 153,
    152, 158, 156, 155, 153, 152, 152, 154, 152, 148, 147, 153, 152, 155,
    152, 150, 154, 155, 149, 145, 155, 154, 155, 155, 150, 153, 158, 145,
    144, 153, 154, 155, 151, 155, 152, 153, 155, 160, 162, 168, 172, 178,
    191, 197, 209, 217, 214, 219, 223, 223, 227, 231, 232, 236, 238, 236,
    239, 239, 236, 240, 238, 238, 237 ]
RHandPositionsX: [ 196, 197, 196, 195, 199, 197, 196, 199, 198, 199, 196,
    197, 195, 199, 196, 198, 199, 199, 199, 196, 198, 195, 195, 198, 194,
    195, 196, 196, 198, 194, 195, 194, 195, 196, 192, 194, 193, 196, 194,
    193, 195, 191, 191, 193, 194, 195, 191, 192, 193, 193, 195, 191, 194,
    194, 194, 192, 191, 192, 191, 192, 193, 195, 195, 194, 195, 194, 194,
    195, 192, 194, 195, 192, 191, 195, 194, 192, 191, 195, 194, 194, 194,
    194, 194, 194, 195, 193, 192, 192 ]
RHandPositionsY: [ 254, 255, 258, 254, 254, 255, 254, 256, 257, 254, 257,
    258, 256, 257, 256, 257, 255, 255, 256, 256, 255, 257, 254, 256, 254,
    258, 256, 257, 255, 258, 255, 256, 258, 254, 254, 255, 257, 256, 256,
    258, 256, 257, 255, 255, 256, 256, 255, 255, 256, 254, 257, 255, 255,
    258, 254, 258, 256, 256, 256, 257, 256, 255, 255, 256, 256, 256, 258,
    258, 257, 254, 256, 254, 258, 255, 254, 254, 255, 255, 256, 254, 256,
    255, 258, 256, 255, 257, 256, 258 ]
