%YAML:1.0
---
videoName: "LHShake12.mp4"
gestureLabel: 2
fps: 29
pixelSizeInCmTemp: 3.3263888888888887e-01
faceCenterPointX: 259
faceCenterPointY: 64
LHandPositionsX: [ 370, 355, 348, 345, 346, 347, 354, 360, 372, 383, 382,
    379, 374, 363, 355, 346, 347, 344, 349, 354, 367, 375, 375, 378, 377,
    373, 361, 350, 340, 339, 340, 341, 350, 360, 369, 371, 369, 372, 366,
    357, 348, 341, 342, 343, 348, 354, 364, 372, 367, 370, 365, 356, 348,
    340, 339, 339, 340, 346, 358, 368, 365, 369, 370, 361, 354, 343, 335,
    326, 323, 319, 316, 319, 320, 327, 332, 330, 329, 335, 336, 335, 337,
    337, 334, 336, 334, 337, 335, 334 ]
LHandPositionsY: [ 164, 162, 163, 163, 161, 158, 156, 155, 149, 152, 150,
    149, 152, 154, 155, 160, 159, 157, 154, 155, 149, 145, 146, 147, 145,
    142, 144, 146, 153, 153, 156, 151, 150, 151, 146, 145, 147, 144, 147,
    149, 151, 157, 155, 155, 153, 153, 151, 150, 152, 147, 151, 151, 153,
    158, 155, 159, 153, 154, 147, 147, 145, 144, 142, 147, 147, 154, 161,
    171, 179, 186, 198, 209, 227, 235, 243, 246, 249, 253, 256, 256, 254,
    258, 259, 256, 256, 259, 255, 256 ]
RHandPositionsX: [ 176, 177, 175, 178, 174, 175, 174, 174, 176, 175, 175,
    177, 176, 174, 177, 176, 175, 176, 176, 177, 176, 177, 174, 177, 174,
    177, 174, 178, 177, 176, 177, 174, 175, 176, 178, 175, 177, 174, 177,
    174, 176, 175, 176, 175, 178, 177, 177, 174, 176, 174, 177, 174, 176,
    178, 178, 177, 178, 174, 178, 178, 178, 177, 177, 174, 176, 177, 175,
    174, 178, 177, 174, 176, 176, 175, 178, 177, 176, 174, 178, 175, 177,
    176, 176, 178, 174, 177, 176, 176 ]
RHandPositionsY: [ 271, 275, 271, 271, 273, 274, 273, 274, 273, 272, 272,
    273, 271, 273, 271, 275, 272, 271, 273, 271, 272, 272, 274, 273, 271,
    272, 273, 272, 273, 272, 272, 272, 273, 275, 273, 271, 272, 271, 275,
    271, 272, 273, 273, 271, 275, 274, 271, 272, 273, 272, 274, 273, 272,
    271, 273, 275, 273, 272, 271, 271, 272, 272, 274, 271, 272, 275, 271,
    272, 275, 275, 274, 275, 271, 273, 271, 272, 272, 271, 271, 273, 271,
    272, 274, 273, 272, 275, 271, 273 ]
