%YAML:1.0
---
videoName: "LHShake23.mp4"
gestureLabel: 2
fps: 30
pixelSizeInCmTemp: 3.3263888888888887e-01
faceCenterPointX: 259
faceCenterPointY: 79
LHandPositionsX: [ 330, 333, 332, 333, 331, 332, 330, 331, 332, 332, 334,
    333, 338, 345, 349, 362, 368, 373, 376, 378, 378, 380, 376, 366, 357,
    350, 353, 352, 357, 363, 373, 379, 387, 384, 382, 379, 370, 361, 360,
    358, 361, 366, 377, 383, 382, 381, 380, 372, 365, 354, 357, 353, 357,
    361, 371, 380, 380, 382, 378, 375, 367, 357, 358, 358, 357, 366, 373,
    378, 380, 378, 379, 373, 369, 361, 357, 352, 345, 344, 342, 337, 336,
    337, 339, 339, 336, 337, 334, 338, 336, 337, 336 ]
LHandPositionsY: [ 263, 264, 263, 266, 264, 265, 266, 264, 263, 264, 259,
    251, 244, 231, 228, 213, 200, 196, 191, 187, 183, 173, 166, 166, 169,
    167, 170, 170, 168, 164, 161, 160, 158, 160, 158, 159, 163, 161, 162,
    162, 167, 164, 163, 158, 161, 160, 159, 158, 160, 166, 166, 166, 168,
    167, 166, 165, 163, 166, 161, 165, 168, 169, 166, 166, 169, 168, 167,
    170, 166, 168, 168, 173, 175, 186, 192, 204, 215, 227, 238, 251, 247,
    250, 250, 250, 255, 253, 253, 254, 252, 253, 253 ]
RHandPositionsX: [ 183, 186, 185, 186, 186, 184, 185, 182, 183, 184, 186,
    184, 184, 183, 184, 182, 185, 184, 183, 185, 183, 186, 184, 184, 182,
    183, 182, 182, 182, 185, 186, 186, 186, 183, 182, 182, 182, 184, 185,
    185, 186, 183, 183, 184, 184, 186, 184, 186, 185, 185, 185, 185, 185,
    183, 186, 183, 183, 183, 186, 184, 182, 182, 185, 185, 185, 186, 185,
    184, 186, 185, 184, 184, 183, 184, 182, 184, 183, 184, 182, 185, 182,
    184, 184, 183, 182, 182, 182, 183, 185, 183, 185 ]
RHandPositionsY: [ 272, 270, 273, 274, 270, 273, 270, 273, 271, 272, 271,
    272, 271, 274, 270, 273, 274, 270, 274, 271, 273, 273, 274, 271, 270,
    271, 272, 274, 271, 270, 274, 273, 273, 271, 271, 274, 272, 272, 271,
    274, 270, 270, 270, 271, 271, 273, 271, 271, 272, 270, 271, 274, 271,
    273, 271, 270, 271, 271, 271, 272, 274, 273, 272, 274, 270, 274, 274,
    270, 274, 272, 274, 271, 274, 273, 271, 271, 271, 274, 273, 270, 271,
    270, 274, 271, 274, 271, 273, 274, 273, 270, 273 ]
