%YAML:1.0
---
videoName: "LHShake14.mp4"
gestureLabel: 2
fps: 29
pixelSizeInCmTemp: 3.2808219178082193e-01
faceCenterPointX: 256
faceCenterPointY: 64
LHandPositionsX: [ 348, 351, 351, 358, 367, 379, 388, 389, 390, 382, 370,
    357, 360, 354, 361, 372, 381, 383, 383, 381, 376, 365, 353, 354, 352,
    360, 370, 380, 388, 386, 382, 379, 370, 356, 359, 356, 363, 372, 380,
    380, 380, 379, 372, 363, 362, 358, 358, 364, 372, 377, 376, 380, 374,
    365, 356, 350, 340, 338, 334, 330, 326, 328, 330, 331, 328, 330, 330,
    330, 329, 331, 330, 330, 328, 329, 329, 328, 330, 329, 328, 330, 329,
    330, 328, 327, 327, 327, 328, 329 ]
LHandPositionsY: [ 147, 144, 145, 144, 139, 141, 142, 140, 141, 142, 147,
    146, 147, 146, 146, 146, 138, 140, 138, 140, 138, 144, 145, 148, 146,
    145, 148, 144, 141, 144, 142, 143, 146, 148, 144, 148, 145, 144, 145,
    143, 143, 143, 143, 141, 142, 142, 141, 138, 141, 140, 144, 145, 151,
    152, 157, 169, 177, 187, 201, 212, 220, 234, 237, 238, 240, 248, 250,
    250, 250, 249, 252, 249, 248, 251, 248, 249, 250, 248, 249, 250, 248,
    249, 250, 251, 251, 248, 250, 251 ]
RHandPositionsX: [ 183, 184, 183, 180, 179, 181, 181, 180, 180, 183, 181,
    181, 181, 180, 181, 180, 179, 179, 179, 179, 176, 179, 175, 176, 176,
    176, 178, 177, 179, 175, 176, 176, 179, 175, 178, 176, 176, 179, 178,
    179, 175, 176, 176, 177, 178, 175, 178, 178, 175, 176, 175, 179, 177,
    176, 176, 178, 178, 177, 176, 178, 177, 176, 178, 179, 179, 176, 177,
    179, 179, 178, 176, 178, 176, 175, 177, 176, 176, 175, 179, 176, 179,
    178, 178, 178, 176, 179, 179, 175 ]
RHandPositionsY: [ 279, 276, 275, 277, 276, 279, 279, 278, 276, 276, 278,
    274, 277, 276, 277, 273, 273, 277, 275, 275, 274, 274, 275, 275, 275,
    276, 273, 275, 277, 274, 273, 273, 273, 274, 277, 277, 274, 274, 276,
    274, 277, 275, 275, 276, 276, 275, 275, 274, 276, 274, 277, 276, 273,
    273, 277, 275, 276, 274, 274, 276, 277, 274, 274, 273, 277, 277, 274,
    276, 273, 273, 273, 274, 277, 277, 275, 277, 273, 275, 273, 275, 273,
    274, 273, 276, 276, 275, 274, 273 ]
