%YAML:1.0
---
videoName: "LHShake24.mp4"
gestureLabel: 2
fps: 30
pixelSizeInCmTemp: 3.4214285714285714e-01
faceCenterPointX: 255
faceCenterPointY: 77
LHandPositionsX: [ 328, 329, 330, 330, 329, 328, 329, 327, 327, 333, 331,
    335, 342, 345, 354, 362, 371, 374, 379, 380, 380, 381, 371, 359, 347,
    341, 341, 342, 344, 351, 356, 369, 380, 379, 376, 376, 366, 356, 344,
    336, 339, 338, 342, 351, 364, 365, 366, 366, 362, 352, 343, 341, 342,
    338, 344, 352, 364, 373, 367, 372, 370, 363, 355, 345, 347, 344, 346,
    354, 358, 366, 368, 368, 367, 358, 351, 343, 335, 334, 326, 327, 326,
    324, 328, 327, 325, 326, 329, 327, 324, 326, 327 ]
LHandPositionsY: [ 263, 260, 262, 261, 263, 264, 263, 260, 263, 261, 260,
    257, 245, 234, 226, 209, 193, 184, 172, 169, 162, 155, 152, 152, 157,
    161, 163, 164, 164, 162, 156, 151, 151, 147, 150, 145, 144, 147, 152,
    153, 154, 155, 153, 154, 149, 149, 148, 152, 153, 157, 160, 162, 160,
    165, 161, 161, 158, 157, 158, 157, 158, 157, 161, 161, 165, 164, 160,
    160, 162, 158, 156, 159, 159, 156, 157, 163, 171, 179, 187, 199, 206,
    219, 232, 231, 235, 238, 244, 248, 247, 245, 247 ]
RHandPositionsX: [ 180, 179, 181, 180, 179, 180, 179, 179, 180, 181, 182,
    180, 180, 182, 181, 182, 179, 180, 183, 181, 183, 179, 179, 181, 182,
    180, 183, 183, 183, 180, 179, 183, 182, 182, 180, 180, 182, 183, 180,
    182, 180, 182, 182, 183, 179, 182, 181, 181, 182, 182, 183, 183, 180,
    179, 182, 181, 179, 181, 179, 179, 179, 180, 180, 181, 182, 180, 183,
    181, 182, 182, 182, 182, 180, 183, 182, 179, 182, 180, 181, 181, 179,
    179, 180, 181, 183, 182, 179, 181, 180, 183, 183 ]
RHandPositionsY: [ 270, 268, 268, 270, 269, 268, 269, 268, 271, 271, 269,
    271, 269, 271, 270, 270, 271, 270, 269, 267, 268, 270, 269, 270, 271,
    268, 267, 268, 267, 267, 270, 269, 267, 269, 268, 270, 269, 271, 269,
    267, 270, 267, 269, 271, 268, 270, 271, 271, 267, 271, 267, 269, 268,
    270, 268, 270, 270, 270, 268, 271, 269, 268, 270, 271, 271, 270, 268,
    267, 267, 269, 271, 269, 267, 270, 270, 270, 270, 268, 268, 268, 270,
    270, 267, 271, 270, 268, 267, 267, 270, 271, 267 ]
