%YAML:1.0
---
videoName: "LHShake10.mp4"
gestureLabel: 2
fps: 29
pixelSizeInCmTemp: 3.4214285714285714e-01
faceCenterPointX: 253
faceCenterPointY: 65
LHandPositionsX: [ 335, 338, 334, 335, 337, 338, 343, 348, 354, 357, 365,
    376, 382, 389, 395, 397, 397, 386, 375, 363, 355, 349, 352, 355, 362,
    370, 379, 393, 390, 393, 390, 387, 374, 364, 358, 360, 357, 363, 369,
    374, 375, 370, 373, 369, 370, 362, 354, 346, 342, 343, 345, 353, 361,
    374, 383, 381, 382, 372, 366, 353, 351, 351, 352, 348, 355, 362, 375,
    380, 378, 376, 378, 371, 366, 360, 354, 348, 345, 342, 339, 338, 335,
    334, 337, 333, 333, 333, 337, 333 ]
LHandPositionsY: [ 268, 270, 268, 272, 269, 269, 269, 262, 252, 241, 226,
    207, 194, 178, 168, 155, 140, 135, 132, 141, 142, 146, 146, 148, 148,
    150, 137, 140, 139, 141, 141, 143, 148, 150, 152, 152, 150, 148, 137,
    133, 134, 132, 134, 133, 130, 129, 139, 143, 143, 142, 144, 144, 138,
    141, 142, 143, 141, 145, 144, 146, 151, 151, 150, 150, 151, 151, 145,
    146, 146, 146, 151, 155, 158, 165, 171, 185, 194, 207, 222, 232, 245,
    253, 251, 257, 257, 255, 258, 257 ]
RHandPositionsX: [ 173, 172, 176, 174, 172, 172, 172, 176, 173, 173, 175,
    173, 173, 172, 176, 172, 172, 172, 172, 173, 175, 171, 172, 173, 173,
    174, 174, 174, 174, 175, 173, 171, 171, 174, 172, 172, 175, 173, 172,
    175, 172, 171, 174, 172, 172, 172, 171, 173, 173, 175, 171, 174, 172,
    173, 173, 171, 173, 172, 175, 172, 173, 173, 174, 171, 175, 174, 171,
    175, 173, 172, 174, 175, 174, 171, 172, 175, 172, 173, 173, 171, 172,
    173, 172, 173, 172, 175, 175, 174 ]
RHandPositionsY: [ 274, 276, 278, 275, 277, 275, 277, 275, 276, 277, 276,
    277, 274, 275, 275, 277, 274, 275, 277, 276, 274, 278, 276, 274, 276,
    277, 277, 275, 274, 275, 276, 274, 275, 276, 274, 274, 277, 274, 274,
    275, 277, 276, 277, 275, 275, 275, 276, 278, 278, 278, 275, 275, 278,
    276, 276, 276, 275, 276, 276, 278, 275, 274, 278, 274, 274, 276, 278,
    278, 277, 274, 278, 275, 274, 276, 275, 275, 274, 278, 276, 276, 278,
    275, 277, 275, 277, 278, 274, 275 ]
