%YAML:1.0
---
videoName: "LHShake20.mp4"
gestureLabel: 2
fps: 30
pixelSizeInCmTemp: 3.3732394366197183e-01
faceCenterPointX: 249
faceCenterPointY: 62
LHandPositionsX: [ 312, 312, 312, 316, 314, 314, 313, 315, 314, 315, 320,
    328, 332, 340, 344, 339, 330, 322, 315, 313, 312, 314, 317, 325, 336,
    338, 339, 337, 328, 320, 318, 317, 318, 326, 336, 341, 341, 339, 332,
    324, 326, 322, 323, 328, 335, 332, 328, 329, 323, 318, 321, 320, 322,
    324, 324, 330, 329, 327, 324, 321, 317, 320, 320, 320, 321, 321, 321,
    317, 315, 317, 313, 312, 316, 313, 313, 314, 313, 313, 316, 316, 313,
    316, 315, 315, 316, 313, 312, 315, 316, 316, 313 ]
LHandPositionsY: [ 249, 246, 247, 249, 246, 249, 244, 245, 234, 228, 215,
    203, 189, 178, 169, 166, 159, 157, 160, 160, 159, 154, 150, 149, 143,
    144, 146, 145, 140, 145, 147, 150, 147, 146, 144, 143, 141, 143, 141,
    144, 149, 148, 147, 144, 143, 142, 139, 142, 140, 149, 150, 147, 144,
    141, 137, 136, 137, 137, 135, 142, 144, 146, 144, 148, 149, 152, 159,
    166, 177, 192, 200, 216, 213, 219, 222, 225, 229, 230, 230, 231, 234,
    231, 232, 235, 237, 237, 236, 237, 239, 239, 237 ]
RHandPositionsX: [ 183, 179, 179, 181, 181, 181, 182, 182, 181, 180, 179,
    180, 182, 180, 180, 181, 183, 179, 179, 179, 180, 180, 180, 182, 180,
    181, 182, 183, 180, 180, 179, 182, 179, 181, 182, 179, 181, 182, 182,
    180, 182, 183, 179, 181, 180, 179, 181, 179, 183, 180, 182, 183, 182,
    182, 180, 181, 180, 181, 181, 181, 182, 183, 183, 179, 182, 182, 179,
    183, 183, 181, 182, 179, 180, 179, 180, 179, 178, 178, 181, 178, 178,
    180, 182, 179, 180, 182, 178, 181, 179, 178, 179 ]
RHandPositionsY: [ 253, 255, 257, 257, 253, 257, 254, 257, 254, 255, 256,
    253, 256, 252, 252, 256, 252, 254, 255, 254, 254, 252, 254, 254, 252,
    254, 252, 252, 255, 256, 252, 251, 251, 252, 253, 252, 253, 253, 254,
    254, 251, 252, 251, 251, 255, 252, 252, 254, 253, 252, 253, 254, 253,
    252, 253, 255, 254, 253, 255, 254, 253, 253, 252, 252, 255, 252, 255,
    255, 251, 255, 251, 251, 252, 253, 252, 251, 251, 254, 253, 252, 252,
    251, 253, 253, 252, 252, 255, 251, 253, 255, 255 ]
