%YAML:1.0
---
videoName: "LHShake04.mp4"
gestureLabel: 2
fps: 30
pixelSizeInCmTemp: 3.2808219178082193e-01
faceCenterPointX: 247
faceCenterPointY: 80
LHandPositionsX: [ 283, 280, 281, 281, 280, 279, 281, 281, 283, 281, 280,
    282, 279, 280, 283, 285, 291, 298, 307, 320, 335, 349, 361, 366, 372,
    368, 362, 358, 347, 343, 339, 335, 333, 342, 347, 365, 366, 365, 360,
    348, 338, 341, 343, 341, 351, 355, 357, 354, 352, 343, 339, 346, 344,
    350, 356, 357, 354, 351, 345, 345, 348, 349, 354, 357, 361, 366, 361,
    360, 356, 345, 334, 326, 312, 306, 299, 293, 289, 291, 290, 287, 288,
    289, 286, 288, 289, 290, 288, 288, 287, 287, 289 ]
LHandPositionsY: [ 272, 272, 270, 270, 271, 270, 272, 271, 270, 272, 268,
    272, 270, 269, 271, 266, 262, 253, 242, 229, 219, 204, 187, 172, 162,
    158, 154, 152, 135, 133, 130, 130, 127, 119, 114, 112, 110, 108, 115,
    119, 129, 129, 123, 127, 122, 121, 117, 114, 119, 121, 122, 120, 118,
    116, 115, 114, 113, 109, 113, 117, 115, 114, 110, 107, 106, 104, 109,
    112, 129, 144, 156, 172, 186, 198, 213, 223, 234, 244, 244, 243, 250,
    249, 249, 248, 252, 251, 253, 252, 250, 254, 251 ]
RHandPositionsX: [ 217, 218, 214, 217, 215, 214, 217, 218, 217, 214, 214,
    218, 215, 215, 214, 215, 215, 217, 215, 218, 217, 217, 215, 218, 218,
    214, 217, 215, 216, 217, 218, 215, 216, 218, 216, 217, 218, 216, 218,
    216, 217, 214, 216, 218, 215, 214, 217, 217, 215, 214, 215, 214, 214,
    215, 217, 217, 218, 214, 215, 216, 216, 218, 218, 218, 214, 218, 218,
    218, 217, 216, 217, 217, 214, 214, 216, 215, 216, 214, 215, 216, 214,
    217, 217, 215, 217, 215, 215, 217, 218, 216, 218 ]
RHandPositionsY: [ 267, 268, 270, 269, 267, 269, 269, 268, 269, 270, 268,
    270, 265, 267, 266, 266, 266, 264, 268, 267, 264, 264, 264, 266, 267,
    263, 264, 265, 267, 267, 264, 266, 266, 262, 264, 266, 266, 265, 264,
    264, 266, 263, 264, 263, 264, 266, 265, 263, 263, 262, 265, 261, 265,
    263, 261, 263, 264, 262, 262, 264, 264, 264, 265, 265, 264, 263, 265,
    264, 264, 261, 264, 262, 261, 265, 261, 262, 261, 261, 262, 261, 265,
    263, 262, 261, 264, 264, 264, 262, 263, 264, 263 ]
