%YAML:1.0
---
videoName: "LHShake13.mp4"
gestureLabel: 2
fps: 29
pixelSizeInCmTemp: 3.4214285714285714e-01
faceCenterPointX: 257
faceCenterPointY: 76
LHandPositionsX: [ 323, 327, 323, 323, 326, 326, 324, 323, 326, 325, 331,
    334, 342, 351, 363, 373, 379, 387, 390, 388, 385, 374, 363, 352, 343,
    347, 340, 343, 352, 358, 372, 371, 363, 362, 355, 348, 343, 339, 344,
    352, 360, 366, 366, 363, 359, 348, 341, 344, 342, 346, 355, 367, 367,
    366, 363, 354, 346, 346, 345, 345, 348, 357, 364, 371, 368, 361, 360,
    354, 347, 340, 332, 328, 326, 325, 324, 325, 325, 329, 328, 327, 325,
    324, 328, 325, 324, 328, 324, 326 ]
LHandPositionsY: [ 262, 262, 259, 260, 263, 260, 259, 259, 261, 259, 255,
    247, 237, 226, 212, 196, 187, 175, 164, 158, 153, 150, 154, 156, 157,
    158, 155, 156, 154, 147, 142, 139, 140, 146, 150, 154, 157, 159, 157,
    159, 155, 156, 155, 158, 156, 161, 162, 162, 160, 158, 158, 159, 157,
    156, 159, 161, 165, 163, 164, 163, 161, 158, 157, 153, 152, 148, 145,
    151, 158, 160, 168, 179, 192, 204, 220, 235, 244, 247, 242, 246, 245,
    247, 247, 248, 247, 248, 250, 246 ]
RHandPositionsX: [ 181, 183, 185, 181, 184, 181, 181, 184, 185, 182, 181,
    185, 182, 183, 181, 185, 182, 183, 181, 183, 184, 182, 183, 182, 182,
    184, 183, 182, 183, 185, 182, 185, 183, 184, 185, 182, 183, 183, 183,
    183, 184, 182, 182, 182, 185, 182, 184, 183, 185, 183, 182, 182, 184,
    185, 181, 182, 181, 182, 184, 181, 182, 183, 185, 182, 181, 184, 181,
    183, 181, 182, 185, 184, 182, 181, 184, 183, 181, 185, 184, 181, 183,
    185, 185, 185, 181, 185, 185, 184 ]
RHandPositionsY: [ 267, 270, 269, 270, 267, 269, 270, 269, 271, 269, 269,
    269, 267, 267, 269, 268, 269, 271, 267, 268, 268, 269, 268, 267, 267,
    268, 268, 267, 270, 271, 270, 270, 270, 269, 267, 268, 268, 271, 267,
    271, 268, 267, 271, 270, 268, 267, 268, 267, 271, 270, 270, 269, 270,
    271, 268, 271, 267, 268, 269, 271, 270, 271, 267, 267, 270, 267, 269,
    267, 271, 268, 267, 268, 268, 267, 271, 267, 268, 269, 271, 269, 269,
    268, 271, 270, 268, 271, 267, 267 ]
