%YAML:1.0
---
videoName: "LHShake12.mp4"
gestureLabel: 2
fps: 29
pixelSizeInCmTemp: 3.3263888888888887e-01
faceCenterPointX: 259
faceCenterPointY: 64
LHandPositionsX: [ 370, 358, 349, 347, 346, 345, 352, 360, 373, 382, 379,
    378, 374, 367, 353, 344, 348, 347, 347, 354, 365, 374, 377, 378, 376,
    370, 360, 351, 341, 343, 340, 342, 349, 359, 368, 372, 373, 375, 367,
    358, 349, 339, 344, 341, 344, 356, 364, 368, 366, 371, 367, 358, 348,
    342, 341, 340, 340, 347, 359, 368, 368, 369, 368, 364, 355, 342, 334,
    326, 321, 320, 318, 317, 320, 325, 332, 330, 333, 332, 334, 334, 335,
    336, 334, 337, 336, 333, 333, 337 ]
LHandPositionsY: [ 165, 163, 161, 161, 160, 160, 156, 153, 152, 152, 151,
    153, 149, 155, 157, 156, 156, 159, 156, 152, 149, 146, 146, 145, 143,
    141, 146, 149, 152, 155, 153, 152, 148, 147, 148, 147, 147, 147, 144,
    151, 153, 155, 156, 157, 153, 152, 154, 150, 150, 151, 151, 152, 154,
    158, 158, 157, 153, 153, 148, 143, 145, 147, 146, 145, 149, 155, 161,
    168, 178, 184, 199, 209, 224, 233, 243, 244, 249, 252, 256, 255, 257,
    257, 257, 255, 259, 257, 256, 259 ]
RHandPositionsX: [ 178, 175, 176, 178, 176, 178, 174, 178, 175, 176, 177,
    177, 177, 175, 176, 175, 178, 178, 174, 174, 175, 174, 177, 174, 178,
    174, 176, 177, 174, 178, 175, 174, 174, 177, 178, 177, 174, 177, 176,
    178, 175, 175, 175, 176, 174, 174, 174, 178, 174, 177, 175, 174, 174,
    176, 176, 176, 177, 178, 175, 174, 175, 174, 177, 175, 177, 175, 174,
    176, 177, 177, 178, 177, 177, 175, 178, 177, 177, 178, 177, 174, 176,
    175, 176, 178, 178, 178, 177, 174 ]
RHandPositionsY: [ 273, 273, 272, 273, 274, 271, 271, 271, 271, 271, 271,
    275, 272, 274, 273, 274, 271, 274, 274, 271, 272, 271, 274, 272, 271,
    274, 273, 274, 274, 273, 272, 275, 275, 275, 271, 272, 273, 275, 272,
    272, 273, 272, 273, 274, 272, 273, 273, 271, 273, 273, 273, 275, 273,
    274, 272, 272, 273, 271, 271, 275, 274, 272, 273, 272, 271, 274, 273,
    273, 272, 271, 275, 274, 271, 273, 271, 274, 273, 274, 275, 274, 271,
    274, 272, 274, 275, 271, 273, 274 ]
