%YAML:1.0
---
videoName: "LHShake09.mp4"
gestureLabel: 2
fps: 29
pixelSizeInCmTemp: 3.3263888888888887e-01
faceCenterPointX: 259
faceCenterPointY: 67
LHandPositionsX: [ 340, 339, 338, 339, 342, 348, 347, 353, 352, 358, 361,
    365, 367, 369, 368, 366, 362, 351, 343, 331, 332, 331, 331, 332, 338,
    347, 347, 349, 349, 348, 354, 350, 341, 338, 334, 334, 340, 344, 352,
    361, 369, 363, 366, 363, 357, 345, 338, 339, 336, 337, 339, 348, 354,
    353, 357, 354, 357, 348, 344, 337, 333, 337, 334, 338, 342, 347, 356,
    354, 352, 355, 349, 344, 337, 330, 323, 321, 319, 321, 320, 328, 327,
    326, 331, 333, 335, 334, 332, 331 ]
LHandPositionsY: [ 271, 273, 271, 273, 273, 269, 266, 256, 247, 236, 235,
    214, 200, 198, 186, 174, 166, 164, 158, 158, 156, 160, 158, 152, 150,
    150, 148, 149, 147, 144, 148, 151, 150, 152, 156, 155, 152, 152, 152,
    152, 153, 152, 154, 153, 155, 153, 159, 156, 157, 154, 155, 153, 151,
    152, 150, 151, 149, 153, 152, 152, 152, 153, 151, 151, 151, 153, 152,
    149, 148, 150, 153, 153, 160, 169, 180, 192, 207, 218, 232, 241, 245,
    247, 252, 254, 258, 261, 257, 261 ]
RHandPositionsX: [ 176, 178, 179, 180, 179, 180, 180, 178, 179, 178, 178,
    177, 178, 178, 179, 177, 177, 177, 179, 178, 178, 177, 177, 179, 179,
    176, 180, 178, 176, 177, 179, 178, 177, 179, 178, 180, 178, 179, 177,
    176, 178, 176, 177, 180, 179, 178, 178, 178, 177, 179, 179, 177, 179,
    176, 177, 178, 178, 180, 180, 180, 178, 176, 176, 179, 178, 179, 178,
    178, 177, 177, 180, 176, 179, 178, 176, 178, 176, 176, 179, 176, 179,
    177, 178, 178, 179, 178, 180, 180 ]
RHandPositionsY: [ 279, 279, 279, 276, 277, 277, 277, 279, 279, 278, 279,
    277, 275, 279, 275, 277, 279, 279, 275, 275, 276, 276, 278, 278, 278,
    279, 277, 276, 275, 279, 277, 275, 278, 279, 275, 278, 278, 277, 279,
    275, 277, 277, 278, 277, 275, 279, 279, 275, 279, 277, 275, 278, 279,
    279, 276, 279, 277, 278, 276, 276, 277, 276, 277, 276, 276, 276, 279,
    279, 275, 277, 279, 276, 279, 277, 278, 278, 277, 278, 278, 276, 276,
    279, 276, 279, 276, 279, 277, 279 ]
