%YAML:1.0
---
videoName: "LHShake12.mp4"
gestureLabel: 2
fps: 29
pixelSizeInCmTemp: 3.3263888888888887e-01
faceCenterPointX: 259
faceCenterPointY: 64
LHandPositionsX: [ 370, 359, 349, 345, 346, 345, 351, 360, 373, 380, 383,
    382, 373, 367, 351, 344, 349, 343, 346, 353, 366, 377, 378, 374, 379,
    370, 362, 348, 343, 339, 341, 341, 349, 362, 369, 370, 370, 374, 366,
    356, 350, 340, 343, 340, 345, 353, 362, 370, 369, 368, 364, 359, 346,
    339, 339, 337, 342, 346, 355, 369, 367, 370, 367, 362, 351, 344, 332,
    329, 321, 319, 314, 320, 318, 327, 332, 328, 332, 333, 335, 334, 333,
    333, 334, 333, 334, 334, 333, 333 ]
LHandPositionsY: [ 166, 161, 162, 164, 160, 161, 158, 155, 153, 153, 149,
    149, 150, 152, 157, 156, 158, 156, 154, 152, 148, 145, 145, 146, 142,
    141, 144, 149, 153, 156, 154, 155, 152, 148, 146, 146, 148, 145, 146,
    150, 151, 156, 154, 158, 155, 153, 153, 153, 150, 151, 149, 152, 152,
    158, 155, 159, 155, 151, 150, 144, 145, 144, 142, 149, 149, 151, 159,
    171, 176, 188, 196, 211, 228, 234, 243, 246, 250, 253, 256, 257, 255,
    258, 255, 255, 257, 256, 255, 255 ]
RHandPositionsX: [ 176, 177, 176, 177, 178, 177, 175, 174, 176, 175, 177,
    177, 178, 177, 174, 176, 175, 176, 178, 177, 177, 174, 177, 177, 177,
    175, 175, 175, 176, 177, 175, 178, 178, 174, 175, 177, 177, 175, 176,
    177, 176, 176, 178, 175, 175, 175, 174, 174, 176, 174, 178, 175, 178,
    178, 178, 178, 177, 176, 177, 177, 176, 175, 177, 175, 174, 174, 177,
    174, 175, 177, 177, 174, 175, 178, 177, 177, 176, 175, 178, 175, 174,
    175, 176, 176, 175, 177, 177, 174 ]
RHandPositionsY: [ 272, 274, 273, 272, 274, 275, 275, 272, 274, 272, 273,
    275, 274, 271, 275, 274, 274, 275, 275, 275, 272, 272, 271, 272, 271,
    275, 273, 274, 275, 271, 271, 273, 274, 275, 274, 273, 274, 271, 271,
    275, 273, 274, 272, 271, 272, 272, 275, 272, 273, 274, 272, 273, 275,
    275, 273, 271, 272, 274, 272, 275, 275, 274, 275, 272, 272, 274, 271,
    271, 271, 275, 275, 272, 275, 271, 275, 271, 275, 272, 272, 271, 272,
    272, 272, 273, 271, 271, 272, 273 ]
