%YAML:1.0
---
videoName: "LHShake03.mp4"
gestureLabel: 2
fps: 30
pixelSizeInCmTemp: 3.2808219178082193e-01
faceCenterPointX: 251
faceCenterPointY: 79
LHandPositionsX: [ 344, 346, 350, 357, 356, 357, 355, 348, 335, 325, 315,
    317, 318, 316, 314, 322, 324, 330, 335, 335, 340, 338, 335, 331, 327,
    322, 323, 320, 326, 328, 335, 340, 343, 339, 336, 320, 319, 311, 312,
    311, 317, 321, 327, 331, 336, 334, 331, 327, 326, 324, 326, 328, 331,
    337, 345, 343, 338, 333, 337, 336, 336, 329, 320, 316, 316, 310, 306,
    302, 299, 300, 295, 297, 294, 295, 292, 292, 290, 293, 290, 289, 291,
    289, 292, 286, 288, 287, 288, 284, 286, 286, 284 ]
LHandPositionsY: [ 143, 134, 125, 122, 116, 108, 106, 103, 99, 96, 107,
    104, 105, 100, 95, 93, 89, 86, 86, 85, 81, 84, 90, 89, 86, 87, 89,
    92, 90, 88, 84, 82, 79, 85, 83, 91, 91, 93, 95, 93, 89, 93, 90, 88,
    89, 88, 85, 89, 90, 92, 90, 91, 92, 88, 88, 89, 94, 94, 99, 99, 115,
    132, 140, 156, 166, 178, 185, 195, 205, 216, 221, 222, 223, 228, 232,
    235, 242, 243, 248, 247, 249, 247, 248, 252, 255, 254, 251, 254, 253,
    255, 251 ]
RHandPositionsX: [ 214, 212, 216, 216, 214, 216, 212, 214, 211, 214, 212,
    215, 212, 211, 212, 213, 213, 211, 211, 212, 214, 211, 213, 212, 215,
    215, 214, 213, 212, 211, 211, 215, 211, 214, 215, 212, 215, 213, 211,
    215, 213, 212, 212, 211, 213, 214, 215, 215, 212, 211, 212, 213, 215,
    215, 212, 215, 210, 211, 212, 211, 211, 212, 214, 213, 212, 212, 210,
    214, 211, 211, 210, 212, 213, 210, 211, 214, 213, 214, 210, 214, 211,
    212, 211, 210, 214, 212, 212, 212, 210, 214, 210 ]
RHandPositionsY: [ 255, 257, 256, 257, 253, 252, 254, 252, 252, 254, 253,
    254, 252, 252, 253, 256, 253, 255, 253, 253, 254, 255, 255, 255, 252,
    253, 253, 251, 253, 253, 255, 253, 251, 252, 252, 255, 253, 251, 252,
    255, 251, 253, 253, 252, 254, 252, 251, 251, 251, 253, 255, 252, 253,
    254, 252, 252, 254, 253, 254, 254, 255, 252, 255, 254, 251, 254, 251,
    253, 252, 251, 253, 253, 253, 253, 253, 252, 252, 255, 254, 254, 252,
    255, 255, 254, 252, 253, 255, 255, 252, 255, 255 ]
