%YAML:1.0
---
videoName: "LHShake14.mp4"
gestureLabel: 2
fps: 29
pixelSizeInCmTemp: 3.2808219178082193e-01
faceCenterPointX: 256
faceCenterPointY: 64
LHandPositionsX: [ 348, 354, 352, 355, 369, 380, 392, 389, 390, 381, 370,
    359, 359, 356, 360, 370, 384, 383, 384, 382, 373, 363, 353, 353, 355,
    360, 366, 378, 386, 385, 382, 377, 367, 358, 358, 357, 361, 370, 379,
    381, 383, 376, 368, 362, 361, 357, 361, 364, 372, 378, 375, 376, 372,
    365, 355, 349, 341, 339, 331, 328, 327, 330, 327, 329, 328, 331, 332,
    328, 331, 328, 330, 328, 332, 329, 328, 330, 329, 328, 327, 329, 328,
    331, 328, 331, 330, 330, 328, 327 ]
LHandPositionsY: [ 149, 148, 145, 147, 142, 140, 141, 142, 139, 140, 143,
    149, 149, 149, 148, 146, 141, 137, 137, 137, 142, 144, 148, 148, 147,
    145, 146, 144, 144, 141, 141, 140, 144, 145, 147, 149, 147, 147, 142,
    145, 145, 139, 144, 143, 141, 144, 139, 139, 139, 140, 145, 146, 151,
    155, 158, 168, 175, 189, 197, 212, 224, 234, 235, 237, 241, 246, 250,
    248, 247, 249, 251, 250, 250, 248, 252, 252, 250, 249, 249, 249, 251,
    251, 252, 252, 252, 251, 248, 249 ]
RHandPositionsX: [ 185, 184, 184, 182, 180, 183, 182, 183, 182, 181, 180,
    182, 178, 180, 182, 178, 180, 179, 179, 175, 176, 178, 179, 178, 176,
    177, 177, 176, 175, 178, 178, 178, 178, 177, 178, 176, 175, 177, 180,
    178, 179, 178, 176, 177, 176, 179, 175, 179, 176, 179, 177, 176, 176,
    176, 179, 179, 177, 179, 175, 178, 175, 179, 178, 177, 178, 175, 175,
    178, 179, 178, 177, 178, 176, 177, 176, 176, 175, 175, 179, 179, 177,
    178, 176, 175, 177, 178, 175, 178 ]
RHandPositionsY: [ 276, 277, 279, 275, 276, 278, 278, 276, 277, 277, 277,
    274, 274, 277, 276, 275, 274, 277, 275, 276, 277, 274, 274, 273, 277,
    273, 274, 275, 275, 273, 276, 277, 277, 274, 277, 277, 275, 275, 276,
    276, 273, 274, 274, 276, 273, 274, 276, 273, 275, 275, 276, 276, 277,
    277, 275, 274, 276, 274, 275, 276, 275, 277, 274, 277, 273, 274, 274,
    276, 276, 276, 277, 276, 277, 274, 273, 275, 275, 277, 273, 275, 274,
    276, 275, 274, 273, 273, 274, 275 ]
