%YAML:1.0
---
videoName: "LHShake05.mp4"
gestureLabel: 2
fps: 30
pixelSizeInCmTemp: 3.2364864864864862e-01
faceCenterPointX: 252
faceCenterPointY: 81
LHandPositionsX: [ 295, 295, 294, 294, 291, 294, 295, 295, 291, 291, 295,
    294, 303, 311, 322, 333, 340, 340, 342, 338, 338, 335, 329, 329, 332,
    330, 334, 338, 343, 345, 343, 337, 329, 322, 325, 326, 329, 332, 337,
    337, 338, 329, 322, 319, 321, 322, 326, 330, 336, 337, 333, 329, 323,
    324, 322, 324, 329, 337, 339, 339, 335, 333, 329, 332, 329, 333, 338,
    339, 342, 337, 334, 327, 320, 316, 309, 306, 304, 298, 295, 296, 297,
    295, 295, 294, 294, 294, 294, 295, 292, 296, 293 ]
LHandPositionsY: [ 268, 267, 267, 269, 269, 265, 269, 266, 266, 255, 240,
    228, 213, 197, 185, 175, 163, 164, 159, 157, 155, 156, 157, 154, 152,
    151, 147, 142, 141, 138, 135, 137, 147, 146, 143, 146, 142, 138, 136,
    133, 131, 136, 142, 145, 141, 140, 139, 138, 136, 131, 136, 142, 140,
    143, 144, 141, 140, 136, 137, 138, 140, 141, 142, 144, 143, 139, 140,
    140, 139, 139, 141, 148, 161, 171, 177, 190, 197, 208, 219, 226, 235,
    238, 240, 245, 247, 247, 252, 250, 252, 258, 260 ]
RHandPositionsX: [ 211, 214, 210, 214, 213, 210, 211, 214, 210, 212, 212,
    212, 210, 211, 209, 213, 211, 211, 209, 210, 209, 212, 210, 210, 208,
    211, 210, 211, 207, 208, 210, 207, 206, 208, 207, 208, 207, 208, 209,
    209, 209, 207, 206, 209, 210, 208, 206, 207, 210, 208, 210, 207, 207,
    209, 210, 206, 206, 206, 210, 207, 206, 207, 208, 208, 210, 207, 208,
    210, 206, 209, 210, 209, 206, 210, 210, 209, 206, 207, 209, 207, 207,
    208, 209, 209, 210, 209, 210, 212, 211, 211, 210 ]
RHandPositionsY: [ 266, 264, 264, 265, 262, 265, 265, 262, 264, 264, 262,
    265, 265, 262, 262, 263, 262, 262, 266, 263, 264, 266, 264, 263, 262,
    263, 266, 262, 263, 262, 264, 263, 263, 265, 262, 265, 264, 262, 265,
    262, 263, 265, 262, 261, 264, 263, 265, 263, 263, 262, 264, 261, 263,
    262, 261, 261, 263, 264, 264, 262, 265, 262, 262, 261, 263, 263, 261,
    261, 261, 261, 264, 263, 261, 261, 262, 261, 261, 263, 264, 263, 262,
    264, 264, 263, 264, 264, 262, 263, 263, 263, 262 ]
