%YAML:1.0
---
videoName: "LHShake12.mp4"
gestureLabel: 2
fps: 29
pixelSizeInCmTemp: 3.3263888888888887e-01
faceCenterPointX: 259
faceCenterPointY: 64
LHandPositionsX: [ 369, 357, 346, 348, 346, 346, 351, 360, 375, 380, 383,
    378, 374, 366, 355, 346, 349, 344, 348, 355, 365, 375, 377, 377, 378,
    370, 359, 348, 339, 341, 339, 341, 349, 360, 369, 372, 372, 374, 369,
    356, 349, 343, 346, 344, 344, 355, 361, 370, 367, 369, 365, 357, 346,
    340, 342, 336, 343, 349, 356, 366, 365, 370, 370, 362, 353, 343, 333,
    326, 324, 320, 318, 317, 316, 325, 330, 332, 333, 334, 333, 334, 336,
    334, 334, 335, 335, 333, 336, 336 ]
LHandPositionsY: [ 165, 164, 164, 162, 163, 159, 155, 153, 151, 149, 152,
    149, 153, 151, 155, 158, 155, 160, 155, 153, 152, 147, 148, 147, 143,
    142, 146, 147, 151, 154, 157, 155, 149, 148, 147, 146, 148, 147, 145,
    148, 152, 159, 153, 156, 157, 153, 150, 152, 153, 150, 151, 150, 155,
    156, 156, 157, 153, 153, 150, 146, 146, 143, 144, 146, 151, 151, 163,
    167, 176, 186, 196, 209, 227, 236, 246, 247, 249, 249, 254, 256, 256,
    255, 256, 256, 258, 257, 257, 258 ]
RHandPositionsX: [ 178, 175, 175, 175, 178, 176, 176, 175, 175, 174, 174,
    178, 174, 175, 174, 174, 175, 176, 176, 175, 178, 175, 177, 175, 175,
    178, 175, 175, 176, 174, 175, 174, 175, 176, 175, 178, 175, 178, 176,
    174, 177, 177, 176, 177, 176, 178, 175, 178, 178, 176, 176, 178, 174,
    178, 176, 175, 176, 178, 176, 178, 175, 177, 176, 177, 174, 176, 174,
    174, 174, 176, 175, 178, 176, 174, 178, 174, 178, 177, 178, 178, 178,
    176, 174, 176, 176, 177, 176, 176 ]
RHandPositionsY: [ 271, 271, 272, 275, 272, 275, 274, 275, 271, 274, 273,
    272, 271, 272, 273, 275, 271, 273, 271, 271, 272, 272, 273, 271, 272,
    272, 271, 271, 273, 275, 275, 273, 275, 271, 273, 271, 271, 273, 274,
    272, 271, 275, 272, 275, 271, 273, 275, 271, 273, 271, 274, 272, 273,
    275, 275, 274, 272, 275, 274, 272, 271, 275, 272, 275, 273, 275, 274,
    273, 273, 274, 274, 273, 271, 275, 272, 271, 272, 275, 275, 271, 275,
    272, 272, 275, 273, 272, 275, 273 ]
