%YAML:1.0
---
videoName: "LHShake06.mp4"
gestureLabel: 2
fps: 29
pixelSizeInCmTemp: 3.3732394366197183e-01
faceCenterPointX: 250
faceCenterPointY: 80
LHandPositionsX: [ 384, 385, 389, 387, 383, 382, 374, 373, 371, 369, 374,
    384, 389, 390, 394, 394, 394, 386, 380, 375, 375, 378, 386, 389, 392,
    393, 393, 389, 384, 378, 377, 378, 383, 390, 388, 391, 387, 383, 381,
    379, 379, 382, 387, 389, 392, 392, 386, 384, 383, 377, 378, 384, 385,
    390, 395, 399, 398, 396, 393, 388, 381, 368, 362, 357, 352, 345, 339,
    327, 318, 314, 306, 306, 305, 304, 302, 301, 303, 299, 303, 301, 298,
    300, 300, 298, 300, 302, 302, 300 ]
LHandPositionsY: [ 149, 145, 146, 138, 137, 137, 135, 136, 138, 138, 131,
    128, 128, 129, 128, 127, 131, 130, 131, 132, 134, 132, 129, 128, 127,
    125, 128, 128, 130, 130, 129, 127, 127, 126, 127, 125, 125, 128, 129,
    126, 129, 128, 128, 125, 124, 125, 127, 127, 129, 128, 128, 126, 127,
    122, 120, 120, 124, 126, 124, 128, 132, 139, 145, 149, 161, 174, 189,
    209, 216, 224, 231, 235, 238, 239, 243, 249, 252, 252, 253, 253, 253,
    254, 256, 254, 255, 255, 255, 256 ]
RHandPositionsX: [ 212, 210, 210, 213, 211, 213, 211, 213, 209, 211, 210,
    210, 210, 209, 210, 212, 209, 209, 212, 213, 212, 210, 212, 213, 213,
    212, 211, 213, 213, 210, 208, 210, 209, 208, 212, 209, 211, 212, 212,
    210, 209, 209, 208, 212, 211, 207, 210, 211, 210, 210, 207, 207, 210,
    210, 207, 209, 211, 209, 209, 208, 211, 207, 208, 210, 207, 208, 211,
    209, 208, 210, 212, 212, 212, 208, 208, 212, 210, 210, 209, 209, 208,
    208, 209, 210, 210, 213, 213, 210 ]
RHandPositionsY: [ 270, 268, 268, 270, 270, 271, 267, 267, 268, 270, 267,
    267, 267, 269, 266, 267, 267, 266, 269, 267, 267, 269, 267, 268, 268,
    265, 267, 265, 267, 267, 269, 265, 268, 269, 266, 268, 268, 267, 266,
    265, 268, 265, 269, 268, 268, 269, 269, 265, 268, 269, 268, 265, 269,
    269, 269, 267, 265, 265, 269, 269, 269, 269, 268, 268, 265, 267, 265,
    267, 267, 269, 267, 269, 265, 269, 265, 267, 268, 267, 266, 267, 268,
    267, 268, 265, 268, 266, 266, 266 ]
