%YAML:1.0
---
videoName: "LHShake10.mp4"
gestureLabel: 2
fps: 29
pixelSizeInCmTemp: 3.4214285714285714e-01
faceCenterPointX: 253
faceCenterPointY: 65
LHandPositionsX: [ 336, 334, 337, 336, 338, 339, 341, 346, 351, 359, 364,
    376, 385, 390, 395, 396, 396, 386, 376, 363, 356, 351, 351, 354, 362,
    369, 382, 391, 390, 394, 393, 385, 375, 363, 357, 356, 358, 366, 370,
    374, 371, 371, 374, 368, 370, 363, 355, 343, 344, 347, 346, 353, 361,
    371, 379, 380, 380, 373, 367, 356, 349, 348, 352, 348, 353, 364, 375,
    379, 376, 377, 379, 371, 369, 362, 353, 350, 343, 342, 338, 334, 336,
    334, 333, 335, 337, 336, 335, 337 ]
LHandPositionsY: [ 269, 268, 272, 271, 271, 271, 266, 263, 252, 238, 223,
    208, 193, 180, 166, 157, 143, 136, 133, 138, 144, 150, 146, 149, 151,
    150, 139, 142, 141, 140, 144, 146, 148, 147, 151, 151, 151, 147, 138,
    134, 134, 134, 132, 135, 131, 131, 136, 142, 141, 146, 145, 143, 138,
    143, 140, 143, 140, 146, 146, 150, 154, 151, 154, 149, 149, 149, 148,
    147, 148, 144, 148, 154, 160, 167, 171, 181, 195, 205, 218, 230, 242,
    255, 251, 255, 255, 255, 259, 257 ]
RHandPositionsX: [ 174, 172, 175, 173, 173, 174, 175, 174, 173, 173, 172,
    175, 173, 176, 174, 173, 172, 173, 174, 171, 175, 173, 173, 172, 171,
    175, 174, 174, 174, 172, 172, 174, 171, 173, 175, 173, 171, 175, 172,
    173, 175, 174, 175, 171, 173, 173, 174, 173, 174, 171, 175, 175, 174,
    175, 173, 174, 171, 171, 173, 173, 171, 173, 173, 171, 175, 172, 172,
    175, 173, 174, 172, 171, 173, 173, 171, 172, 173, 171, 174, 171, 174,
    172, 174, 173, 172, 171, 171, 174 ]
RHandPositionsY: [ 274, 276, 277, 277, 277, 275, 277, 274, 278, 274, 276,
    274, 277, 278, 275, 277, 277, 278, 278, 276, 275, 274, 277, 274, 275,
    278, 276, 275, 278, 276, 276, 275, 276, 275, 275, 274, 275, 276, 275,
    274, 274, 277, 277, 278, 275, 275, 278, 275, 277, 274, 275, 277, 274,
    275, 277, 276, 274, 275, 278, 275, 277, 277, 278, 276, 276, 274, 277,
    278, 276, 274, 276, 275, 277, 275, 275, 276, 275, 278, 275, 275, 276,
    274, 278, 276, 277, 277, 274, 278 ]
