%YAML:1.0
---
videoName: "LHShake06.mp4"
gestureLabel: 2
fps: 29
pixelSizeInCmTemp: 3.3732394366197183e-01
faceCenterPointX: 250
faceCenterPointY: 80
LHandPositionsX: [ 381, 384, 388, 386, 385, 379, 373, 371, 368, 369, 377,
    382, 387, 390, 394, 396, 394, 387, 379, 378, 378, 378, 386, 391, 391,
    393, 393, 388, 382, 381, 381, 379, 384, 388, 390, 392, 388, 383, 381,
    383, 383, 380, 385, 389, 392, 388, 386, 386, 382, 379, 379, 384, 384,
    394, 398, 401, 399, 394, 390, 386, 381, 370, 359, 360, 355, 348, 338,
    328, 317, 311, 308, 306, 307, 305, 302, 302, 299, 300, 299, 299, 299,
    302, 299, 302, 302, 301, 299, 300 ]
LHandPositionsY: [ 148, 145, 145, 140, 140, 137, 138, 136, 137, 138, 131,
    128, 129, 127, 128, 129, 128, 130, 132, 132, 134, 132, 132, 132, 126,
    127, 129, 127, 126, 127, 130, 129, 127, 125, 124, 125, 126, 126, 125,
    128, 128, 127, 124, 127, 122, 127, 124, 124, 128, 128, 128, 128, 124,
    123, 122, 122, 122, 126, 123, 129, 132, 137, 144, 150, 163, 176, 193,
    206, 212, 222, 232, 235, 238, 241, 246, 249, 253, 252, 252, 254, 254,
    254, 252, 254, 254, 254, 257, 257 ]
RHandPositionsX: [ 213, 210, 210, 210, 209, 213, 213, 212, 212, 211, 213,
    211, 209, 211, 213, 210, 213, 213, 211, 211, 210, 213, 212, 210, 213,
    211, 212, 211, 212, 208, 212, 212, 212, 209, 209, 210, 209, 210, 212,
    210, 209, 212, 212, 212, 211, 210, 209, 208, 211, 207, 211, 211, 209,
    210, 207, 210, 211, 211, 211, 209, 209, 211, 207, 211, 211, 211, 207,
    210, 211, 211, 208, 210, 209, 212, 210, 211, 209, 210, 210, 211, 209,
    210, 210, 211, 210, 210, 210, 213 ]
RHandPositionsY: [ 269, 271, 269, 268, 269, 269, 269, 270, 270, 269, 266,
    266, 266, 270, 267, 269, 267, 267, 268, 270, 268, 267, 267, 266, 267,
    269, 265, 268, 266, 268, 266, 269, 265, 267, 266, 268, 267, 265, 266,
    266, 265, 267, 269, 269, 266, 270, 266, 267, 267, 267, 269, 269, 268,
    265, 266, 266, 269, 267, 266, 265, 269, 268, 265, 265, 266, 267, 265,
    265, 268, 268, 268, 268, 269, 265, 269, 268, 269, 265, 269, 268, 269,
    267, 267, 266, 267, 266, 269, 266 ]
