%YAML:1.0
---
videoName: "LHShake23.mp4"
gestureLabel: 2
fps: 30
pixelSizeInCmTemp: 3.3263888888888887e-01
faceCenterPointX: 259
faceCenterPointY: 79
LHandPositionsX: [ 334, 333, 331, 333, 331, 334, 333, 332, 334, 331, 335,
    334, 341, 348, 347, 361, 368, 370, 375, 377, 378, 377, 375, 366, 358,
    352, 354, 354, 357, 363, 370, 379, 385, 385, 383, 378, 370, 362, 360,
    362, 360, 366, 375, 383, 384, 380, 381, 371, 364, 355, 355, 351, 358,
    363, 374, 381, 383, 379, 381, 373, 364, 359, 355, 358, 355, 366, 372,
    381, 380, 377, 379, 375, 367, 365, 358, 353, 345, 346, 342, 339, 338,
    337, 339, 339, 339, 336, 335, 336, 334, 335, 337 ]
LHandPositionsY: [ 266, 265, 262, 264, 263, 266, 266, 266, 262, 263, 261,
    254, 240, 231, 230, 212, 201, 196, 195, 189, 180, 171, 166, 167, 165,
    170, 168, 171, 171, 167, 163, 161, 158, 160, 160, 159, 163, 162, 164,
    163, 167, 166, 164, 160, 159, 158, 160, 160, 160, 163, 162, 167, 166,
    165, 167, 164, 164, 162, 165, 164, 168, 166, 169, 168, 168, 169, 169,
    168, 166, 167, 170, 172, 174, 184, 193, 200, 211, 228, 241, 251, 249,
    249, 251, 253, 254, 255, 254, 255, 254, 252, 252 ]
RHandPositionsX: [ 183, 185, 183, 185, 186, 182, 182, 182, 186, 186, 186,
    185, 183, 182, 184, 182, 183, 182, 186, 184, 185, 186, 186, 185, 183,
    183, 185, 185, 186, 182, 183, 185, 184, 182, 182, 185, 184, 185, 183,
    183, 183, 185, 186, 182, 182, 184, 182, 186, 186, 183, 182, 182, 183,
    184, 186, 185, 183, 182, 185, 184, 183, 182, 183, 185, 186, 184, 182,
    185, 182, 184, 185, 184, 182, 186, 183, 184, 184, 183, 182, 183, 183,
    183, 184, 183, 185, 186, 182, 186, 183, 183, 185 ]
RHandPositionsY: [ 271, 271, 273, 273, 272, 273, 271, 270, 271, 270, 270,
    271, 271, 270, 274, 272, 272, 274, 273, 272, 273, 270, 272, 272, 270,
    273, 272, 272, 273, 273, 270, 272, 273, 272, 271, 274, 272, 270, 273,
    273, 273, 273, 270, 272, 274, 270, 274, 273, 271, 273, 270, 273, 272,
    271, 272, 273, 273, 272, 271, 271, 273, 270, 271, 271, 271, 270, 273,
    273, 270, 272, 270, 270, 273, 271, 274, 272, 274, 273, 274, 274, 274,
    273, 272, 273, 271, 274, 270, 273, 274, 270, 274 ]
