%YAML:1.0
---
videoName: "LHShake22.mp4"
gestureLabel: 2
fps: 29
pixelSizeInCmTemp: 3.5220588235294115e-01
faceCenterPointX: 261
faceCenterPointY: 79
LHandPositionsX: [ 337, 343, 347, 353, 356, 358, 356, 356, 346, 335, 330,
    319, 319, 321, 319, 321, 330, 336, 346, 345, 346, 343, 337, 331, 325,
    321, 326, 324, 332, 336, 341, 340, 341, 336, 328, 324, 319, 318, 318,
    320, 329, 334, 334, 334, 334, 329, 325, 319, 322, 320, 322, 328, 338,
    342, 341, 342, 343, 334, 325, 318, 316, 317, 316, 323, 330, 335, 336,
    333, 334, 330, 328, 323, 321, 321, 319, 321, 322, 327, 324, 326, 327,
    325, 326, 324, 327, 326, 324, 323 ]
LHandPositionsY: [ 261, 253, 247, 238, 232, 219, 205, 207, 192, 189, 186,
    184, 183, 184, 184, 180, 180, 178, 175, 172, 170, 171, 171, 177, 177,
    179, 178, 178, 178, 172, 170, 174, 172, 172, 177, 179, 184, 180, 183,
    183, 181, 175, 178, 176, 175, 174, 178, 183, 183, 180, 180, 180, 176,
    178, 177, 175, 174, 179, 179, 184, 181, 180, 183, 178, 179, 179, 179,
    178, 185, 190, 195, 201, 212, 218, 232, 240, 240, 244, 247, 246, 249,
    248, 248, 248, 247, 249, 249, 251 ]
RHandPositionsX: [ 189, 193, 193, 189, 193, 193, 190, 191, 191, 189, 191,
    193, 190, 193, 192, 192, 191, 192, 192, 189, 189, 192, 190, 191, 193,
    193, 189, 189, 192, 193, 189, 191, 192, 192, 193, 190, 191, 191, 192,
    190, 190, 189, 192, 192, 190, 190, 192, 191, 193, 192, 193, 193, 189,
    189, 189, 189, 190, 193, 193, 191, 192, 193, 191, 193, 192, 189, 190,
    191, 191, 190, 193, 192, 190, 189, 192, 191, 190, 191, 191, 191, 189,
    190, 191, 189, 191, 190, 191, 190 ]
RHandPositionsY: [ 269, 267, 268, 270, 267, 270, 268, 267, 266, 266, 268,
    266, 270, 266, 268, 267, 266, 269, 266, 266, 267, 269, 267, 267, 269,
    267, 270, 270, 267, 266, 266, 266, 270, 268, 269, 267, 268, 267, 267,
    266, 266, 266, 268, 266, 268, 268, 267, 268, 270, 268, 270, 268, 267,
    268, 268, 270, 267, 268, 268, 267, 268, 267, 270, 266, 268, 267, 270,
    270, 270, 269, 270, 269, 267, 267, 270, 268, 266, 267, 267, 267, 266,
    267, 266, 269, 266, 270, 270, 268 ]
