%YAML:1.0
---
videoName: "LHShake08.mp4"
gestureLabel: 2
fps: 29
pixelSizeInCmTemp: 3.4710144927536229e-01
faceCenterPointX: 261
faceCenterPointY: 69
LHandPositionsX: [ 339, 343, 343, 343, 350, 344, 357, 361, 369, 370, 372,
    372, 379, 367, 356, 345, 340, 342, 342, 342, 347, 357, 369, 364, 360,
    361, 357, 353, 345, 339, 340, 339, 344, 349, 357, 365, 365, 365, 368,
    362, 352, 343, 338, 337, 335, 335, 339, 350, 357, 357, 359, 360, 357,
    353, 347, 344, 344, 340, 345, 346, 353, 366, 370, 370, 370, 372, 366,
    356, 350, 347, 340, 335, 333, 333, 331, 331, 336, 334, 338, 339, 338,
    336, 339, 336, 335, 339, 338, 335 ]
LHandPositionsY: [ 269, 265, 265, 254, 249, 236, 218, 200, 185, 176, 164,
    155, 146, 146, 146, 144, 150, 153, 152, 152, 148, 143, 141, 141, 138,
    137, 139, 145, 150, 156, 152, 154, 155, 150, 147, 148, 149, 147, 150,
    150, 154, 156, 158, 160, 159, 160, 159, 156, 154, 156, 157, 152, 156,
    156, 160, 161, 160, 161, 160, 158, 154, 149, 148, 148, 145, 145, 151,
    156, 162, 166, 177, 186, 197, 207, 219, 234, 245, 246, 250, 250, 255,
    255, 254, 257, 258, 255, 258, 254 ]
RHandPositionsX: [ 176, 175, 174, 176, 176, 172, 172, 172, 172, 173, 173,
    174, 174, 176, 176, 175, 172, 174, 173, 174, 176, 174, 174, 176, 176,
    175, 173, 173, 176, 172, 172, 177, 175, 177, 174, 174, 173, 174, 176,
    174, 177, 174, 177, 174, 177, 178, 178, 175, 177, 176, 175, 178, 177,
    174, 174, 176, 175, 178, 174, 175, 174, 175, 176, 177, 176, 177, 174,
    175, 175, 174, 175, 177, 174, 176, 174, 177, 178, 174, 175, 178, 177,
    177, 178, 178, 175, 174, 176, 178 ]
RHandPositionsY: [ 276, 275, 273, 277, 273, 273, 276, 275, 273, 273, 277,
    274, 275, 273, 274, 276, 277, 273, 273, 275, 277, 276, 274, 276, 276,
    277, 273, 277, 277, 273, 275, 273, 275, 275, 277, 274, 273, 274, 273,
    277, 275, 273, 274, 275, 275, 276, 273, 276, 275, 277, 276, 276, 275,
    273, 273, 273, 275, 274, 277, 273, 275, 277, 277, 275, 277, 276, 277,
    277, 275, 277, 277, 277, 276, 274, 276, 275, 273, 276, 276, 274, 274,
    274, 277, 275, 273, 274, 275, 274 ]
