%YAML:1.0
---
videoName: "LHShake13.mp4"
gestureLabel: 2
fps: 29
pixelSizeInCmTemp: 3.4214285714285714e-01
faceCenterPointX: 257
faceCenterPointY: 76
LHandPositionsX: [ 326, 323, 324, 323, 327, 325, 324, 323, 325, 329, 329,
    338, 344, 349, 359, 374, 380, 389, 392, 389, 386, 377, 363, 353, 344,
    346, 339, 343, 352, 358, 373, 371, 364, 362, 357, 346, 342, 339, 344,
    349, 359, 366, 365, 364, 360, 348, 341, 348, 343, 346, 357, 364, 366,
    365, 363, 356, 345, 348, 343, 341, 348, 356, 362, 371, 365, 361, 360,
    353, 348, 340, 332, 325, 323, 326, 326, 326, 329, 329, 327, 326, 326,
    328, 325, 324, 327, 328, 326, 326 ]
LHandPositionsY: [ 260, 263, 263, 260, 262, 263, 259, 262, 262, 256, 255,
    248, 238, 228, 209, 197, 186, 176, 167, 155, 152, 152, 151, 152, 155,
    155, 156, 155, 156, 147, 140, 142, 142, 144, 152, 157, 161, 157, 158,
    156, 155, 155, 156, 158, 157, 158, 162, 161, 160, 158, 156, 155, 158,
    158, 157, 161, 164, 166, 165, 160, 158, 158, 156, 152, 151, 149, 149,
    149, 157, 161, 168, 179, 192, 205, 219, 234, 245, 245, 244, 247, 244,
    249, 246, 248, 248, 248, 248, 246 ]
RHandPositionsX: [ 183, 184, 184, 181, 182, 185, 185, 181, 184, 182, 181,
    183, 182, 183, 185, 183, 183, 182, 182, 181, 181, 182, 181, 185, 183,
    183, 181, 182, 184, 184, 183, 183, 181, 181, 185, 182, 185, 182, 184,
    181, 185, 181, 183, 181, 183, 181, 185, 181, 183, 182, 182, 181, 184,
    181, 182, 182, 185, 184, 185, 185, 183, 183, 184, 185, 181, 181, 185,
    185, 185, 182, 185, 182, 181, 185, 181, 181, 183, 184, 181, 184, 185,
    182, 184, 182, 183, 185, 185, 185 ]
RHandPositionsY: [ 269, 270, 271, 271, 268, 268, 271, 270, 268, 269, 270,
    270, 268, 268, 267, 269, 267, 267, 268, 267, 269, 269, 268, 271, 271,
    270, 269, 269, 270, 267, 268, 267, 269, 270, 269, 268, 270, 268, 271,
    268, 269, 267, 269, 267, 269, 267, 269, 271, 269, 270, 269, 270, 270,
    270, 267, 270, 270, 271, 269, 268, 269, 268, 269, 267, 267, 271, 269,
    267, 268, 268, 269, 271, 270, 268, 271, 270, 270, 268, 270, 269, 267,
    271, 271, 267, 271, 269, 269, 270 ]
