%YAML:1.0
---
videoName: "LHShake14.mp4"
gestureLabel: 2
fps: 29
pixelSizeInCmTemp: 3.2808219178082193e-01
faceCenterPointX: 256
faceCenterPointY: 64
LHandPositionsX: [ 349, 351, 350, 356, 368, 382, 390, 387, 387, 381, 371,
    361, 358, 356, 361, 370, 380, 383, 385, 379, 372, 362, 354, 356, 351,
    359, 366, 379, 390, 385, 384, 375, 368, 360, 356, 356, 360, 370, 382,
    383, 382, 380, 370, 362, 358, 357, 360, 362, 374, 379, 375, 380, 371,
    366, 356, 351, 343, 336, 334, 329, 327, 332, 327, 330, 331, 330, 328,
    329, 330, 328, 330, 332, 328, 330, 328, 330, 328, 330, 331, 330, 327,
    331, 328, 327, 331, 330, 330, 329 ]
LHandPositionsY: [ 149, 145, 147, 146, 140, 139, 140, 141, 141, 139, 145,
    148, 148, 148, 145, 142, 137, 137, 139, 138, 141, 142, 145, 147, 148,
    149, 145, 145, 141, 143, 139, 140, 146, 146, 145, 149, 145, 143, 141,
    142, 143, 141, 142, 140, 141, 141, 139, 139, 137, 142, 144, 147, 149,
    153, 159, 166, 175, 189, 200, 210, 220, 235, 236, 237, 243, 247, 248,
    249, 247, 252, 253, 252, 248, 250, 248, 249, 252, 250, 248, 252, 252,
    252, 249, 252, 251, 249, 252, 252 ]
RHandPositionsX: [ 181, 182, 180, 181, 183, 180, 181, 182, 179, 181, 178,
    178, 180, 182, 179, 176, 180, 180, 180, 175, 177, 179, 176, 176, 179,
    177, 175, 175, 179, 178, 177, 178, 178, 175, 175, 179, 178, 178, 178,
    179, 177, 179, 175, 177, 176, 177, 175, 179, 175, 176, 176, 177, 178,
    177, 177, 177, 177, 177, 179, 175, 175, 179, 175, 179, 177, 179, 175,
    178, 177, 178, 179, 179, 179, 179, 179, 178, 179, 178, 175, 177, 175,
    179, 177, 175, 175, 178, 175, 176 ]
RHandPositionsY: [ 279, 280, 279, 277, 278, 276, 278, 276, 275, 279, 276,
    277, 277, 278, 274, 273, 277, 275, 277, 273, 275, 276, 276, 276, 276,
    274, 276, 274, 277, 275, 276, 274, 277, 275, 275, 276, 275, 276, 275,
    277, 277, 277, 276, 274, 274, 277, 275, 274, 276, 276, 273, 277, 275,
    274, 276, 273, 273, 274, 274, 277, 274, 275, 275, 277, 276, 275, 273,
    276, 274, 275, 277, 274, 277, 276, 273, 274, 274, 274, 275, 275, 276,
    276, 275, 276, 276, 275, 277, 275 ]
