%YAML:1.0
---
videoName: "LHShake18.mp4"
gestureLabel: 2
fps: 29
pixelSizeInCmTemp: 3.4214285714285714e-01
faceCenterPointX: 253
faceCenterPointY: 65
LHandPositionsX: [ 311, 312, 314, 315, 314, 312, 311, 312, 313, 313, 312,
    311, 311, 311, 313, 314, 315, 315, 324, 323, 330, 338, 344, 349, 348,
    349, 340, 324, 315, 296, 303, 302, 309, 312, 310, 314, 312, 306, 298,
    293, 294, 298, 309, 313, 309, 310, 305, 296, 286, 285, 285, 299, 304,
    312, 314, 312, 304, 291, 285, 287, 294, 302, 310, 309, 308, 305, 303,
    293, 294, 300, 302, 305, 306, 310, 313, 311, 308, 304, 304, 306, 306,
    308, 306, 306, 308, 309, 311, 310 ]
LHandPositionsY: [ 249, 246, 249, 249, 246, 247, 246, 250, 247, 249, 249,
    250, 246, 250, 247, 246, 249, 250, 243, 233, 220, 203, 191, 175, 165,
    160, 151, 148, 146, 137, 138, 143, 142, 142, 139, 140, 144, 145, 146,
    137, 137, 141, 147, 146, 145, 145, 148, 146, 144, 140, 143, 147, 148,
    147, 145, 149, 150, 144, 145, 144, 148, 153, 152, 154, 151, 156, 156,
    148, 145, 151, 156, 155, 151, 154, 160, 167, 177, 186, 195, 205, 216,
    219, 221, 232, 235, 232, 233, 233 ]
RHandPositionsX: [ 197, 197, 194, 194, 197, 197, 197, 199, 196, 199, 196,
    197, 198, 199, 195, 195, 195, 196, 197, 198, 198, 199, 196, 196, 195,
    199, 195, 197, 198, 194, 195, 198, 199, 196, 196, 196, 195, 200, 196,
    196, 195, 197, 196, 199, 195, 196, 195, 199, 197, 198, 195, 198, 198,
    197, 198, 195, 200, 199, 199, 200, 197, 199, 198, 199, 197, 198, 195,
    197, 195, 195, 194, 197, 196, 197, 196, 198, 198, 196, 197, 196, 198,
    198, 195, 196, 195, 198, 197, 196 ]
RHandPositionsY: [ 262, 266, 266, 264, 265, 266, 268, 267, 266, 264, 267,
    266, 266, 263, 265, 264, 264, 267, 267, 264, 264, 264, 267, 264, 263,
    263, 265, 265, 265, 263, 265, 262, 265, 267, 267, 267, 264, 265, 265,
    264, 264, 268, 268, 268, 264, 267, 268, 268, 267, 266, 265, 268, 265,
    267, 266, 264, 267, 267, 267, 269, 266, 268, 267, 268, 269, 265, 267,
    266, 265, 268, 268, 264, 268, 267, 268, 264, 264, 266, 266, 266, 268,
    267, 265, 268, 268, 266, 265, 264 ]
