%YAML:1.0
---
videoName: "LHShake14.mp4"
gestureLabel: 2
fps: 29
pixelSizeInCmTemp: 3.2808219178082193e-01
faceCenterPointX: 256
faceCenterPointY: 64
LHandPositionsX: [ 350, 355, 351, 357, 369, 383, 392, 390, 386, 381, 368,
    358, 359, 356, 360, 372, 384, 382, 382, 380, 372, 361, 353, 354, 353,
    357, 367, 381, 386, 384, 384, 376, 370, 358, 360, 358, 363, 368, 381,
    381, 380, 378, 369, 360, 362, 360, 357, 363, 373, 380, 376, 378, 370,
    367, 355, 347, 341, 337, 333, 328, 327, 331, 328, 329, 332, 329, 331,
    332, 332, 328, 331, 331, 332, 327, 331, 328, 327, 328, 327, 329, 328,
    329, 330, 327, 331, 330, 327, 331 ]
LHandPositionsY: [ 149, 146, 147, 146, 142, 140, 143, 142, 140, 143, 146,
    146, 148, 147, 148, 143, 139, 138, 139, 137, 139, 143, 147, 147, 146,
    146, 147, 144, 144, 144, 139, 142, 145, 145, 145, 149, 144, 145, 142,
    142, 145, 141, 143, 141, 143, 143, 140, 142, 138, 143, 143, 146, 150,
    156, 158, 166, 176, 190, 200, 208, 223, 233, 233, 236, 240, 248, 249,
    250, 248, 248, 249, 252, 250, 251, 252, 251, 249, 251, 250, 249, 250,
    248, 249, 249, 251, 249, 248, 252 ]
RHandPositionsX: [ 181, 185, 183, 183, 180, 181, 181, 182, 180, 182, 182,
    181, 180, 181, 179, 180, 178, 179, 176, 175, 176, 175, 178, 176, 175,
    179, 175, 177, 175, 176, 176, 179, 176, 176, 176, 177, 177, 175, 180,
    176, 175, 176, 176, 176, 175, 177, 177, 176, 178, 177, 176, 175, 177,
    177, 178, 177, 177, 177, 177, 178, 178, 176, 177, 176, 179, 177, 177,
    175, 175, 176, 179, 175, 179, 176, 175, 178, 175, 179, 175, 178, 176,
    177, 177, 178, 177, 175, 177, 177 ]
RHandPositionsY: [ 280, 279, 275, 277, 278, 276, 279, 275, 278, 279, 274,
    277, 275, 276, 278, 273, 277, 275, 275, 273, 273, 273, 275, 273, 275,
    277, 277, 276, 276, 273, 274, 274, 274, 274, 277, 274, 276, 276, 278,
    276, 277, 277, 277, 274, 275, 273, 277, 276, 276, 275, 276, 273, 274,
    277, 277, 277, 274, 276, 273, 275, 273, 276, 275, 273, 274, 277, 273,
    277, 276, 277, 276, 277, 276, 274, 275, 275, 277, 277, 276, 274, 274,
    276, 277, 276, 277, 277, 273, 277 ]
