%YAML:1.0
---
videoName: "LHShake23.mp4"
gestureLabel: 2
fps: 30
pixelSizeInCmTemp: 3.3263888888888887e-01
faceCenterPointX: 259
faceCenterPointY: 79
LHandPositionsX: [ 334, 331, 332, 333, 331, 334, 334, 330, 330, 333, 334,
    335, 339, 347, 350, 361, 371, 370, 376, 377, 380, 379, 376, 366, 355,
    349, 352, 352, 356, 364, 370, 377, 384, 384, 382, 377, 371, 359, 360,
    360, 360, 366, 377, 386, 381, 380, 379, 375, 365, 356, 354, 352, 356,
    364, 371, 383, 381, 381, 381, 375, 367, 356, 356, 355, 358, 363, 375,
    380, 376, 380, 376, 375, 367, 364, 354, 352, 348, 343, 339, 338, 338,
    337, 337, 338, 339, 336, 337, 336, 336, 336, 334 ]
LHandPositionsY: [ 265, 264, 264, 262, 266, 263, 262, 266, 261, 264, 260,
    250, 242, 231, 230, 215, 201, 199, 193, 188, 182, 169, 166, 167, 169,
    168, 170, 169, 168, 164, 165, 162, 158, 160, 159, 163, 162, 165, 163,
    166, 163, 166, 160, 160, 158, 158, 157, 161, 160, 163, 164, 165, 169,
    168, 165, 165, 162, 163, 161, 161, 165, 169, 167, 167, 170, 172, 166,
    169, 165, 167, 171, 174, 178, 182, 192, 201, 212, 227, 239, 251, 249,
    252, 249, 253, 251, 255, 255, 253, 253, 256, 253 ]
RHandPositionsX: [ 182, 184, 186, 184, 183, 185, 183, 185, 184, 183, 186,
    186, 186, 182, 184, 182, 185, 184, 186, 185, 186, 186, 182, 186, 186,
    186, 185, 184, 186, 184, 185, 182, 183, 183, 184, 183, 186, 183, 184,
    186, 182, 186, 184, 184, 186, 182, 182, 182, 182, 184, 184, 185, 182,
    182, 183, 185, 185, 183, 182, 182, 184, 183, 184, 184, 183, 183, 184,
    185, 183, 183, 183, 184, 183, 183, 183, 184, 182, 185, 185, 182, 182,
    184, 182, 183, 183, 185, 182, 186, 185, 185, 184 ]
RHandPositionsY: [ 271, 274, 273, 271, 272, 273, 273, 274, 273, 271, 271,
    271, 273, 273, 271, 273, 273, 271, 272, 271, 272, 273, 272, 273, 271,
    273, 273, 271, 270, 270, 273, 273, 272, 271, 273, 274, 270, 273, 271,
    271, 271, 273, 271, 273, 273, 273, 270, 274, 270, 273, 270, 270, 274,
    273, 274, 271, 274, 271, 271, 271, 270, 270, 271, 274, 274, 274, 274,
    272, 272, 272, 272, 271, 274, 273, 273, 274, 270, 271, 270, 274, 270,
    270, 274, 273, 270, 271, 274, 271, 270, 271, 274 ]
