%YAML:1.0
---
videoName: "LHShake17.mp4"
gestureLabel: 2
fps: 30
pixelSizeInCmTemp: 3.3732394366197183e-01
faceCenterPointX: 248
faceCenterPointY: 64
LHandPositionsX: [ 323, 324, 321, 321, 323, 326, 324, 324, 330, 335, 342,
    353, 363, 374, 386, 397, 407, 411, 402, 387, 373, 358, 350, 353, 352,
    358, 370, 379, 375, 383, 374, 365, 352, 348, 347, 349, 357, 365, 368,
    367, 365, 360, 356, 350, 350, 356, 365, 372, 378, 373, 376, 370, 363,
    352, 349, 349, 349, 352, 362, 364, 365, 369, 365, 356, 350, 343, 339,
    340, 336, 336, 333, 334, 329, 332, 332, 327, 330, 325, 329, 328, 324,
    324, 324, 323, 323, 324, 327, 323, 326, 326, 324 ]
LHandPositionsY: [ 250, 249, 249, 249, 251, 250, 249, 245, 247, 233, 219,
    201, 187, 174, 160, 143, 132, 122, 113, 113, 120, 128, 138, 136, 135,
    132, 124, 115, 118, 120, 119, 131, 134, 139, 141, 137, 126, 118, 117,
    120, 118, 113, 125, 135, 133, 135, 126, 119, 122, 122, 120, 122, 129,
    135, 140, 141, 141, 127, 125, 123, 125, 122, 122, 129, 135, 144, 151,
    164, 172, 184, 197, 209, 220, 222, 223, 227, 234, 234, 233, 237, 237,
    236, 240, 237, 236, 235, 237, 237, 237, 238, 235 ]
RHandPositionsX: [ 176, 177, 180, 177, 178, 180, 178, 176, 176, 179, 176,
    177, 176, 177, 178, 179, 176, 177, 178, 176, 179, 177, 178, 180, 179,
    178, 180, 179, 177, 176, 175, 179, 175, 178, 179, 178, 177, 179, 177,
    175, 178, 178, 178, 176, 177, 175, 174, 174, 175, 176, 176, 174, 177,
    177, 176, 174, 176, 175, 178, 176, 178, 178, 174, 174, 174, 175, 178,
    177, 177, 174, 177, 174, 176, 175, 176, 175, 178, 177, 177, 176, 177,
    176, 175, 178, 178, 176, 176, 177, 176, 175, 175 ]
RHandPositionsY: [ 258, 259, 258, 258, 260, 259, 259, 256, 260, 256, 259,
    257, 260, 257, 260, 256, 257, 257, 260, 260, 258, 256, 257, 258, 259,
    260, 256, 258, 260, 256, 260, 257, 257, 258, 258, 259, 259, 256, 259,
    257, 258, 256, 259, 257, 257, 260, 259, 257, 258, 260, 257, 256, 258,
    260, 258, 257, 260, 256, 258, 258, 259, 258, 256, 257, 257, 258, 259,
    257, 259, 257, 259, 260, 257, 260, 260, 257, 257, 260, 258, 257, 257,
    256, 256, 256, 260, 257, 259, 258, 259, 257, 256 ]
