%YAML:1.0
---
videoName: "LHShake11.mp4"
gestureLabel: 2
fps: 29
pixelSizeInCmTemp: 3.3732394366197183e-01
faceCenterPointX: 260
faceCenterPointY: 69
LHandPositionsX: [ 385, 389, 386, 376, 365, 357, 348, 350, 348, 346, 355,
    361, 366, 366, 363, 364, 357, 353, 344, 350, 345, 349, 353, 358, 360,
    356, 363, 354, 349, 345, 350, 348, 348, 353, 355, 352, 354, 351, 349,
    342, 341, 338, 338, 342, 345, 357, 355, 356, 355, 355, 352, 345, 339,
    341, 337, 340, 348, 356, 357, 360, 362, 362, 360, 357, 352, 344, 337,
    333, 329, 331, 332, 333, 334, 334, 332, 332, 332, 335, 333, 333, 333,
    334, 333, 333, 334, 332, 335, 334 ]
LHandPositionsY: [ 178, 160, 153, 142, 145, 145, 148, 144, 147, 134, 131,
    125, 127, 128, 128, 129, 134, 141, 144, 143, 143, 134, 129, 132, 128,
    128, 128, 132, 140, 146, 141, 145, 143, 138, 132, 133, 133, 136, 137,
    141, 145, 144, 147, 142, 143, 135, 130, 131, 133, 129, 135, 138, 144,
    143, 146, 144, 145, 140, 136, 135, 139, 141, 150, 153, 167, 174, 193,
    203, 216, 226, 230, 232, 238, 244, 247, 247, 248, 246, 249, 250, 251,
    249, 251, 249, 251, 250, 249, 249 ]
RHandPositionsX: [ 180, 182, 179, 181, 179, 183, 183, 179, 181, 179, 182,
    183, 183, 181, 179, 179, 180, 183, 182, 182, 181, 183, 182, 183, 179,
    182, 180, 183, 181, 179, 181, 183, 179, 179, 179, 181, 183, 183, 179,
    179, 181, 180, 180, 179, 180, 182, 179, 182, 182, 183, 179, 179, 179,
    182, 183, 183, 179, 182, 180, 180, 179, 179, 179, 181, 181, 182, 179,
    183, 182, 183, 182, 183, 183, 179, 181, 183, 182, 182, 181, 183, 181,
    179, 183, 179, 182, 179, 180, 183 ]
RHandPositionsY: [ 276, 276, 277, 277, 276, 275, 275, 273, 276, 274, 277,
    274, 275, 275, 273, 277, 276, 277, 276, 274, 274, 277, 276, 274, 274,
    274, 273, 274, 273, 274, 275, 275, 273, 273, 273, 274, 274, 274, 277,
    274, 276, 273, 274, 277, 274, 275, 274, 276, 277, 273, 273, 273, 277,
    274, 273, 275, 277, 275, 273, 276, 273, 276, 275, 273, 273, 275, 274,
    277, 277, 274, 275, 274, 273, 275, 273, 276, 273, 273, 277, 277, 277,
    273, 277, 275, 277, 275, 273, 273 ]
