%YAML:1.0
---
videoName: "LHShake09.mp4"
gestureLabel: 2
fps: 29
pixelSizeInCmTemp: 3.3263888888888887e-01
faceCenterPointX: 259
faceCenterPointY: 67
LHandPositionsX: [ 339, 339, 337, 337, 343, 345, 351, 353, 353, 358, 357,
    365, 368, 369, 369, 363, 359, 352, 343, 333, 334, 332, 327, 328, 337,
    348, 349, 351, 347, 349, 353, 351, 340, 338, 337, 336, 337, 347, 354,
    361, 369, 362, 369, 361, 355, 344, 340, 339, 335, 335, 338, 348, 351,
    355, 356, 354, 354, 349, 340, 335, 335, 338, 332, 338, 341, 351, 353,
    353, 352, 354, 347, 341, 338, 330, 326, 321, 320, 320, 323, 328, 325,
    329, 330, 331, 334, 331, 332, 334 ]
LHandPositionsY: [ 274, 275, 273, 273, 273, 269, 267, 255, 247, 236, 235,
    217, 201, 198, 186, 174, 168, 163, 158, 158, 160, 159, 158, 152, 151,
    150, 148, 146, 148, 147, 149, 150, 154, 156, 154, 156, 152, 153, 155,
    151, 153, 154, 151, 156, 156, 156, 156, 156, 154, 153, 156, 155, 152,
    153, 150, 149, 150, 150, 150, 150, 151, 153, 152, 155, 151, 153, 151,
    150, 150, 151, 153, 156, 163, 173, 181, 195, 205, 222, 232, 245, 247,
    249, 249, 256, 256, 260, 259, 260 ]
RHandPositionsX: [ 180, 180, 179, 176, 178, 176, 177, 179, 178, 176, 179,
    178, 177, 180, 178, 180, 180, 180, 178, 179, 177, 180, 180, 176, 179,
    177, 177, 178, 178, 177, 176, 180, 178, 180, 179, 177, 177, 178, 179,
    179, 178, 179, 180, 176, 177, 180, 180, 179, 176, 177, 177, 176, 176,
    179, 178, 177, 177, 178, 179, 179, 176, 177, 179, 178, 178, 177, 179,
    178, 177, 179, 177, 179, 177, 178, 177, 179, 177, 177, 180, 178, 177,
    178, 177, 176, 178, 177, 176, 176 ]
RHandPositionsY: [ 276, 278, 278, 276, 275, 279, 275, 275, 277, 279, 275,
    275, 279, 277, 278, 275, 277, 275, 277, 275, 277, 276, 277, 275, 279,
    278, 278, 278, 278, 278, 277, 276, 279, 277, 279, 275, 276, 279, 276,
    277, 276, 278, 276, 278, 277, 279, 276, 275, 277, 276, 275, 275, 275,
    278, 277, 278, 276, 275, 279, 275, 279, 278, 277, 279, 276, 277, 279,
    277, 275, 278, 276, 277, 279, 275, 275, 275, 277, 278, 277, 276, 279,
    278, 277, 276, 276, 278, 275, 278 ]
