%YAML:1.0
---
videoName: "LHShake23.mp4"
gestureLabel: 2
fps: 30
pixelSizeInCmTemp: 3.3263888888888887e-01
faceCenterPointX: 259
faceCenterPointY: 79
LHandPositionsX: [ 334, 330, 330, 330, 332, 331, 333, 331, 332, 334, 333,
    335, 340, 344, 350, 360, 370, 370, 373, 377, 379, 380, 373, 367, 359,
    349, 351, 351, 355, 362, 370, 380, 385, 383, 382, 380, 373, 359, 360,
    360, 362, 369, 377, 382, 384, 384, 378, 372, 361, 355, 357, 350, 356,
    365, 373, 379, 379, 379, 379, 375, 368, 355, 358, 358, 358, 362, 374,
    377, 379, 379, 378, 373, 369, 361, 354, 350, 347, 345, 341, 340, 339,
    338, 340, 336, 337, 335, 334, 336, 336, 336, 337 ]
LHandPositionsY: [ 263, 266, 264, 263, 262, 263, 263, 263, 264, 264, 257,
    254, 244, 233, 227, 215, 202, 196, 191, 187, 181, 169, 166, 168, 166,
    171, 167, 169, 169, 168, 163, 161, 159, 157, 161, 162, 164, 165, 163,
    164, 163, 166, 162, 159, 159, 159, 160, 158, 159, 164, 163, 167, 169,
    166, 165, 162, 164, 165, 165, 164, 165, 170, 170, 169, 171, 168, 167,
    170, 166, 166, 169, 171, 176, 186, 192, 201, 213, 229, 240, 248, 249,
    252, 253, 252, 252, 253, 254, 252, 253, 256, 256 ]
RHandPositionsX: [ 186, 184, 183, 184, 186, 184, 186, 184, 184, 186, 185,
    182, 184, 184, 186, 183, 183, 185, 185, 185, 185, 184, 184, 186, 185,
    182, 185, 182, 183, 184, 186, 185, 185, 183, 182, 186, 184, 186, 183,
    186, 185, 182, 186, 186, 184, 183, 184, 182, 184, 184, 183, 185, 184,
    186, 182, 186, 184, 185, 183, 186, 186, 184, 182, 185, 184, 186, 186,
    184, 183, 186, 184, 182, 185, 184, 182, 186, 186, 182, 184, 185, 186,
    183, 182, 183, 182, 183, 185, 183, 183, 183, 182 ]
RHandPositionsY: [ 273, 270, 273, 272, 270, 271, 270, 273, 271, 270, 270,
    271, 274, 271, 274, 270, 273, 272, 273, 274, 270, 271, 274, 272, 272,
    272, 271, 271, 273, 274, 271, 274, 273, 270, 270, 272, 271, 272, 270,
    271, 272, 270, 272, 273, 274, 270, 272, 272, 270, 272, 274, 271, 271,
    271, 274, 270, 272, 274, 271, 270, 272, 271, 270, 273, 273, 271, 274,
    270, 272, 270, 274, 271, 274, 272, 274, 273, 273, 273, 274, 271, 270,
    273, 271, 270, 272, 271, 274, 274, 274, 274, 273 ]
