%YAML:1.0
---
videoName: "LHShake17.mp4"
gestureLabel: 2
fps: 30
pixelSizeInCmTemp: 3.3732394366197183e-01
faceCenterPointX: 248
faceCenterPointY: 64
LHandPositionsX: [ 322, 321, 323, 324, 322, 322, 326, 325, 327, 337, 343,
    353, 365, 376, 386, 399, 407, 409, 401, 390, 372, 362, 353, 354, 354,
    359, 370, 378, 375, 382, 375, 365, 350, 345, 347, 349, 356, 364, 370,
    368, 366, 363, 356, 349, 351, 354, 364, 373, 378, 373, 372, 372, 361,
    353, 347, 348, 350, 353, 359, 365, 365, 370, 363, 359, 348, 341, 340,
    340, 333, 335, 333, 330, 332, 331, 332, 331, 330, 326, 328, 328, 327,
    325, 328, 324, 325, 323, 327, 323, 324, 327, 326 ]
LHandPositionsY: [ 250, 249, 251, 251, 249, 247, 249, 247, 247, 232, 217,
    201, 184, 174, 157, 142, 131, 121, 113, 111, 123, 131, 137, 135, 137,
    135, 125, 118, 117, 119, 119, 129, 138, 142, 138, 141, 126, 116, 116,
    117, 117, 114, 125, 135, 135, 134, 125, 121, 123, 123, 123, 123, 133,
    135, 140, 139, 141, 128, 123, 126, 123, 125, 123, 128, 135, 145, 151,
    162, 170, 184, 193, 209, 218, 221, 223, 229, 232, 236, 234, 237, 236,
    239, 239, 237, 235, 237, 237, 238, 239, 236, 235 ]
RHandPositionsX: [ 176, 180, 180, 179, 177, 179, 176, 180, 178, 179, 180,
    178, 179, 179, 180, 179, 177, 178, 176, 177, 180, 179, 179, 177, 179,
    177, 177, 175, 179, 179, 178, 177, 177, 177, 175, 175, 175, 177, 175,
    175, 176, 175, 176, 178, 178, 175, 178, 177, 175, 175, 177, 177, 177,
    175, 177, 174, 178, 174, 176, 177, 177, 175, 176, 177, 178, 177, 178,
    177, 178, 177, 178, 174, 177, 175, 174, 176, 174, 176, 174, 176, 178,
    174, 177, 177, 175, 176, 178, 174, 174, 175, 174 ]
RHandPositionsY: [ 259, 258, 256, 259, 259, 260, 256, 258, 257, 258, 260,
    257, 257, 259, 258, 258, 256, 258, 259, 257, 259, 259, 258, 257, 260,
    256, 258, 257, 258, 256, 259, 256, 257, 259, 256, 259, 259, 258, 260,
    258, 258, 259, 257, 256, 256, 260, 256, 260, 260, 256, 259, 258, 260,
    260, 260, 257, 259, 260, 258, 256, 256, 258, 259, 258, 259, 260, 256,
    260, 257, 259, 260, 258, 259, 260, 258, 257, 260, 260, 256, 256, 258,
    259, 260, 259, 260, 260, 259, 258, 257, 259, 257 ]
