%YAML:1.0
---
videoName: "LHShake20.mp4"
gestureLabel: 2
fps: 30
pixelSizeInCmTemp: 3.3732394366197183e-01
faceCenterPointX: 249
faceCenterPointY: 62
LHandPositionsX: [ 313, 314, 312, 314, 312, 313, 313, 312, 315, 318, 319,
    325, 333, 337, 341, 340, 329, 322, 312, 316, 310, 310, 319, 328, 337,
    340, 337, 338, 332, 322, 320, 320, 319, 323, 333, 341, 341, 340, 331,
    323, 325, 323, 322, 324, 331, 330, 329, 332, 325, 322, 321, 320, 319,
    324, 324, 328, 328, 324, 321, 318, 320, 316, 318, 319, 323, 320, 319,
    320, 316, 313, 313, 312, 312, 316, 314, 315, 312, 315, 313, 314, 315,
    313, 312, 313, 315, 312, 316, 314, 314, 312, 313 ]
LHandPositionsY: [ 247, 246, 248, 248, 246, 248, 245, 244, 237, 228, 219,
    204, 189, 176, 170, 163, 160, 157, 159, 160, 158, 158, 151, 147, 145,
    142, 145, 146, 143, 147, 146, 149, 145, 144, 143, 144, 142, 140, 145,
    146, 149, 149, 144, 144, 142, 139, 142, 140, 143, 145, 150, 150, 146,
    142, 138, 136, 137, 135, 136, 145, 143, 142, 147, 147, 146, 150, 161,
    170, 180, 188, 202, 215, 213, 221, 223, 228, 231, 228, 229, 229, 231,
    233, 234, 234, 234, 236, 236, 236, 236, 240, 238 ]
RHandPositionsX: [ 181, 182, 180, 179, 181, 180, 183, 181, 183, 183, 182,
    183, 180, 179, 179, 180, 181, 181, 181, 181, 182, 182, 179, 182, 181,
    179, 179, 183, 182, 182, 182, 183, 181, 179, 182, 183, 180, 181, 181,
    182, 180, 182, 183, 181, 180, 183, 179, 183, 179, 179, 183, 179, 182,
    181, 182, 183, 180, 182, 179, 180, 180, 179, 181, 183, 179, 180, 182,
    179, 180, 179, 180, 181, 179, 182, 183, 182, 179, 181, 180, 182, 181,
    180, 180, 180, 182, 179, 178, 179, 182, 182, 179 ]
RHandPositionsY: [ 254, 253, 255, 254, 256, 254, 254, 257, 253, 256, 253,
    254, 256, 254, 252, 254, 254, 254, 255, 255, 256, 252, 256, 252, 255,
    254, 256, 256, 256, 254, 251, 253, 254, 255, 251, 255, 253, 251, 252,
    254, 252, 253, 253, 254, 251, 252, 254, 254, 254, 253, 255, 255, 254,
    254, 253, 254, 255, 252, 251, 253, 253, 252, 253, 251, 253, 251, 255,
    252, 251, 255, 251, 255, 254, 252, 252, 253, 251, 253, 254, 252, 251,
    253, 255, 254, 252, 254, 253, 253, 254, 252, 252 ]
