%YAML:1.0
---
videoName: "LHShake05.mp4"
gestureLabel: 2
fps: 30
pixelSizeInCmTemp: 3.2364864864864862e-01
faceCenterPointX: 252
faceCenterPointY: 81
LHandPositionsX: [ 294, 295, 291, 292, 293, 295, 292, 292, 292, 293, 295,
    294, 301, 311, 322, 333, 340, 342, 341, 338, 342, 337, 330, 330, 330,
    330, 332, 335, 340, 342, 344, 339, 329, 323, 325, 326, 329, 331, 336,
    340, 338, 332, 321, 321, 322, 325, 325, 332, 339, 336, 334, 329, 324,
    326, 325, 328, 331, 334, 337, 339, 333, 332, 329, 332, 331, 334, 339,
    339, 338, 337, 334, 327, 321, 314, 311, 307, 305, 298, 299, 294, 295,
    295, 295, 293, 291, 294, 293, 292, 291, 292, 295 ]
LHandPositionsY: [ 267, 266, 268, 269, 270, 267, 265, 265, 262, 256, 241,
    226, 211, 201, 186, 173, 165, 163, 157, 155, 155, 152, 155, 154, 156,
    153, 147, 143, 142, 135, 134, 139, 146, 149, 144, 147, 142, 139, 139,
    134, 131, 138, 140, 143, 142, 140, 137, 137, 136, 132, 137, 141, 143,
    142, 145, 144, 139, 140, 137, 137, 142, 140, 144, 145, 141, 143, 141,
    141, 136, 138, 143, 149, 161, 168, 178, 190, 199, 211, 219, 230, 237,
    237, 237, 244, 248, 247, 252, 252, 254, 254, 258 ]
RHandPositionsX: [ 211, 212, 214, 214, 210, 214, 211, 212, 213, 213, 214,
    213, 212, 213, 209, 212, 211, 213, 212, 211, 211, 211, 211, 209, 209,
    207, 207, 208, 211, 206, 208, 206, 206, 209, 208, 208, 209, 207, 210,
    206, 207, 209, 207, 209, 209, 210, 210, 210, 207, 210, 209, 206, 210,
    208, 207, 210, 207, 210, 209, 210, 206, 209, 209, 209, 210, 210, 209,
    206, 208, 209, 210, 208, 208, 210, 209, 208, 210, 208, 209, 207, 210,
    208, 210, 206, 208, 210, 207, 211, 212, 212, 212 ]
RHandPositionsY: [ 262, 266, 263, 266, 266, 264, 265, 263, 262, 264, 266,
    263, 266, 265, 264, 263, 263, 264, 265, 264, 265, 266, 264, 264, 264,
    265, 263, 263, 263, 266, 266, 263, 262, 264, 264, 263, 263, 264, 264,
    265, 264, 261, 264, 263, 264, 265, 261, 264, 261, 261, 261, 263, 264,
    263, 265, 261, 263, 263, 262, 261, 265, 265, 265, 265, 263, 262, 262,
    262, 261, 262, 261, 261, 263, 261, 263, 264, 261, 261, 261, 261, 265,
    261, 262, 265, 262, 264, 265, 261, 261, 265, 261 ]
