%YAML:1.0
---
videoName: "LHShake22.mp4"
gestureLabel: 2
fps: 29
pixelSizeInCmTemp: 3.5220588235294115e-01
faceCenterPointX: 261
faceCenterPointY: 79
LHandPositionsX: [ 338, 343, 347, 355, 356, 360, 358, 355, 346, 335, 330,
    320, 320, 319, 321, 323, 331, 336, 343, 343, 345, 345, 335, 328, 324,
    324, 323, 325, 332, 337, 343, 340, 341, 335, 328, 322, 317, 319, 319,
    323, 328, 337, 334, 337, 337, 330, 327, 319, 318, 321, 324, 330, 334,
    344, 344, 342, 343, 332, 323, 321, 319, 314, 317, 325, 331, 337, 337,
    337, 334, 330, 326, 325, 319, 318, 321, 325, 324, 325, 325, 325, 326,
    327, 323, 323, 323, 325, 325, 326 ]
LHandPositionsY: [ 258, 255, 248, 235, 232, 218, 208, 206, 193, 189, 186,
    185, 183, 185, 180, 179, 178, 177, 172, 175, 172, 169, 171, 175, 176,
    178, 180, 177, 174, 172, 171, 172, 169, 171, 176, 181, 182, 180, 183,
    182, 182, 177, 178, 177, 175, 174, 179, 179, 183, 179, 181, 180, 178,
    174, 178, 176, 176, 179, 177, 182, 182, 180, 183, 178, 177, 178, 177,
    179, 183, 191, 195, 202, 210, 220, 232, 240, 241, 242, 246, 246, 249,
    250, 250, 250, 248, 248, 250, 248 ]
RHandPositionsX: [ 192, 190, 189, 191, 189, 193, 189, 191, 189, 193, 190,
    191, 189, 193, 190, 191, 189, 191, 192, 191, 189, 191, 189, 189, 190,
    189, 190, 190, 191, 192, 190, 193, 190, 191, 193, 191, 190, 192, 190,
    193, 191, 190, 190, 193, 189, 192, 189, 190, 189, 192, 190, 191, 193,
    189, 193, 192, 192, 191, 190, 192, 193, 191, 192, 189, 192, 189, 189,
    192, 192, 189, 193, 193, 192, 191, 189, 193, 191, 192, 192, 192, 190,
    189, 191, 189, 192, 193, 189, 191 ]
RHandPositionsY: [ 267, 270, 268, 270, 269, 267, 268, 270, 270, 270, 268,
    266, 267, 269, 269, 266, 267, 270, 269, 270, 269, 267, 269, 270, 266,
    267, 267, 267, 267, 268, 266, 270, 267, 270, 270, 269, 270, 269, 266,
    267, 266, 266, 266, 269, 266, 266, 269, 267, 267, 266, 266, 267, 269,
    270, 267, 267, 270, 269, 266, 269, 267, 266, 268, 268, 267, 268, 267,
    266, 270, 266, 266, 270, 270, 267, 268, 266, 269, 267, 267, 270, 266,
    269, 268, 270, 266, 269, 268, 268 ]
