%YAML:1.0
---
videoName: "LHShake11.mp4"
gestureLabel: 2
fps: 29
pixelSizeInCmTemp: 3.3732394366197183e-01
faceCenterPointX: 260
faceCenterPointY: 69
LHandPositionsX: [ 384, 389, 386, 376, 363, 357, 347, 350, 346, 347, 357,
    360, 365, 364, 365, 364, 355, 351, 346, 348, 346, 350, 354, 360, 359,
    356, 359, 352, 350, 348, 346, 344, 351, 351, 356, 352, 351, 354, 347,
    341, 339, 338, 338, 340, 348, 353, 358, 358, 356, 355, 352, 344, 338,
    341, 336, 339, 348, 356, 360, 360, 359, 363, 360, 356, 348, 345, 339,
    330, 333, 328, 328, 330, 332, 334, 332, 335, 335, 335, 331, 331, 332,
    333, 332, 334, 333, 332, 331, 332 ]
LHandPositionsY: [ 174, 162, 152, 144, 145, 147, 148, 144, 145, 134, 127,
    127, 126, 126, 128, 127, 134, 140, 144, 140, 143, 134, 132, 131, 129,
    132, 132, 132, 142, 145, 142, 141, 144, 137, 136, 137, 133, 135, 134,
    139, 143, 144, 144, 141, 141, 134, 133, 133, 130, 130, 135, 142, 145,
    146, 149, 146, 146, 138, 137, 139, 139, 144, 150, 153, 166, 175, 193,
    204, 214, 229, 229, 232, 239, 244, 244, 247, 245, 248, 248, 249, 249,
    251, 250, 248, 249, 250, 248, 248 ]
RHandPositionsX: [ 183, 182, 183, 180, 181, 183, 181, 182, 182, 180, 182,
    183, 181, 181, 179, 183, 179, 180, 182, 183, 181, 181, 182, 181, 182,
    180, 179, 181, 183, 181, 180, 182, 179, 182, 182, 181, 181, 179, 180,
    179, 182, 183, 180, 180, 182, 179, 181, 182, 183, 183, 179, 181, 181,
    181, 179, 183, 179, 182, 181, 180, 180, 179, 179, 182, 181, 180, 181,
    180, 180, 179, 183, 181, 179, 182, 179, 182, 179, 183, 182, 183, 182,
    180, 182, 179, 182, 182, 181, 182 ]
RHandPositionsY: [ 273, 276, 273, 273, 276, 275, 274, 275, 274, 276, 275,
    275, 273, 273, 273, 273, 275, 276, 274, 275, 277, 275, 273, 273, 277,
    274, 274, 275, 277, 277, 274, 276, 275, 277, 276, 276, 274, 274, 275,
    276, 276, 275, 275, 273, 276, 276, 274, 273, 276, 273, 273, 277, 274,
    273, 276, 274, 277, 273, 273, 274, 277, 276, 275, 274, 273, 274, 276,
    274, 277, 274, 277, 276, 273, 275, 275, 277, 273, 276, 275, 274, 273,
    277, 273, 274, 273, 275, 276, 277 ]
