%YAML:1.0
---
videoName: "LHShake08.mp4"
gestureLabel: 2
fps: 29
pixelSizeInCmTemp: 3.4710144927536229e-01
faceCenterPointX: 261
faceCenterPointY: 69
LHandPositionsX: [ 338, 341, 345, 344, 350, 347, 355, 364, 369, 371, 372,
    373, 378, 365, 357, 345, 341, 342, 339, 344, 348, 356, 371, 363, 364,
    360, 361, 351, 343, 336, 342, 336, 344, 349, 358, 368, 367, 369, 365,
    361, 352, 343, 337, 335, 337, 338, 340, 350, 355, 357, 358, 360, 355,
    352, 346, 345, 344, 340, 345, 349, 354, 366, 373, 371, 368, 371, 365,
    360, 353, 346, 339, 333, 330, 332, 334, 332, 334, 334, 334, 335, 337,
    336, 336, 335, 337, 339, 339, 337 ]
LHandPositionsY: [ 265, 268, 265, 257, 252, 239, 220, 201, 185, 176, 165,
    153, 144, 143, 147, 147, 149, 153, 153, 152, 150, 145, 139, 137, 140,
    137, 142, 146, 149, 153, 154, 153, 155, 150, 150, 148, 147, 149, 148,
    150, 153, 155, 158, 159, 158, 164, 160, 157, 156, 154, 154, 153, 152,
    157, 162, 160, 162, 161, 163, 159, 154, 152, 144, 145, 146, 144, 148,
    154, 158, 166, 176, 183, 198, 207, 220, 232, 246, 244, 249, 249, 256,
    253, 255, 253, 254, 256, 254, 258 ]
RHandPositionsX: [ 172, 172, 174, 172, 175, 173, 172, 176, 175, 173, 173,
    175, 175, 176, 176, 174, 172, 173, 172, 174, 174, 176, 176, 173, 172,
    174, 176, 173, 173, 175, 173, 175, 176, 177, 173, 173, 176, 173, 177,
    176, 177, 173, 176, 177, 175, 178, 174, 175, 174, 178, 174, 177, 176,
    177, 178, 177, 176, 176, 174, 177, 178, 176, 178, 176, 176, 175, 175,
    177, 177, 177, 176, 175, 177, 174, 175, 176, 178, 176, 176, 178, 176,
    175, 175, 174, 176, 175, 174, 178 ]
RHandPositionsY: [ 277, 275, 276, 276, 275, 276, 273, 277, 273, 276, 275,
    276, 274, 276, 276, 273, 277, 273, 276, 274, 274, 275, 276, 273, 277,
    274, 274, 275, 274, 277, 275, 274, 273, 274, 276, 277, 274, 276, 275,
    275, 274, 274, 273, 277, 276, 276, 276, 275, 275, 274, 274, 275, 275,
    275, 274, 276, 274, 275, 275, 274, 273, 274, 275, 274, 277, 273, 273,
    274, 273, 273, 275, 275, 275, 277, 277, 277, 276, 275, 274, 277, 274,
    277, 275, 273, 275, 274, 276, 276 ]
