%YAML:1.0
---
videoName: "LHShake20.mp4"
gestureLabel: 2
fps: 30
pixelSizeInCmTemp: 3.3732394366197183e-01
faceCenterPointX: 249
faceCenterPointY: 62
LHandPositionsX: [ 312, 313, 316, 315, 315, 317, 317, 312, 314, 317, 321,
    327, 335, 338, 340, 340, 328, 319, 315, 316, 310, 310, 318, 325, 335,
    337, 338, 338, 331, 322, 316, 317, 317, 324, 334, 342, 341, 338, 333,
    325, 323, 321, 321, 324, 333, 333, 328, 329, 326, 321, 322, 321, 319,
    327, 322, 329, 330, 324, 324, 317, 321, 316, 318, 317, 321, 323, 319,
    317, 316, 313, 312, 311, 313, 313, 315, 315, 316, 315, 316, 315, 316,
    314, 315, 312, 315, 316, 312, 314, 316, 312, 316 ]
LHandPositionsY: [ 249, 247, 246, 246, 249, 246, 244, 242, 238, 229, 216,
    203, 190, 178, 169, 166, 158, 159, 158, 159, 160, 154, 149, 146, 146,
    146, 146, 143, 142, 145, 147, 149, 146, 146, 146, 141, 143, 141, 142,
    146, 146, 147, 145, 143, 142, 140, 139, 140, 144, 145, 150, 148, 146,
    145, 141, 137, 138, 137, 138, 142, 145, 144, 144, 148, 146, 152, 159,
    167, 181, 188, 204, 214, 214, 220, 225, 225, 232, 232, 232, 230, 233,
    234, 236, 237, 238, 239, 238, 236, 237, 239, 238 ]
RHandPositionsX: [ 183, 183, 182, 181, 181, 180, 183, 183, 182, 180, 180,
    183, 183, 183, 182, 179, 179, 180, 183, 183, 182, 180, 182, 179, 179,
    180, 181, 181, 183, 183, 180, 181, 181, 183, 179, 183, 181, 181, 179,
    182, 179, 182, 179, 183, 183, 180, 179, 183, 181, 183, 180, 181, 182,
    179, 181, 181, 182, 180, 181, 182, 180, 181, 180, 183, 182, 179, 181,
    183, 181, 183, 182, 179, 179, 183, 181, 183, 180, 180, 182, 181, 182,
    179, 182, 182, 181, 178, 180, 178, 178, 178, 180 ]
RHandPositionsY: [ 255, 253, 257, 257, 253, 253, 256, 257, 256, 253, 254,
    255, 255, 256, 252, 254, 253, 256, 252, 253, 255, 255, 253, 255, 252,
    255, 253, 256, 254, 253, 252, 254, 254, 255, 254, 252, 252, 255, 251,
    253, 253, 253, 255, 251, 254, 252, 252, 251, 253, 252, 255, 253, 252,
    253, 252, 251, 254, 251, 253, 253, 253, 252, 252, 252, 251, 255, 252,
    252, 254, 252, 251, 255, 252, 252, 252, 251, 251, 251, 252, 254, 252,
    252, 253, 254, 254, 253, 254, 253, 253, 255, 254 ]
