%YAML:1.0
---
videoName: "LHShake04.mp4"
gestureLabel: 2
fps: 30
pixelSizeInCmTemp: 3.2808219178082193e-01
faceCenterPointX: 247
faceCenterPointY: 80
LHandPositionsX: [ 284, 283, 281, 282, 282, 280, 279, 282, 283, 282, 283,
    280, 282, 282, 282, 283, 287, 298, 309, 320, 333, 346, 357, 365, 370,
    368, 362, 356, 350, 343, 336, 335, 334, 339, 349, 364, 368, 366, 360,
    347, 338, 345, 342, 341, 349, 353, 355, 353, 351, 342, 343, 344, 342,
    350, 355, 354, 354, 349, 343, 345, 346, 347, 353, 359, 364, 365, 364,
    357, 353, 345, 336, 324, 314, 304, 301, 295, 293, 289, 291, 290, 286,
    290, 288, 290, 287, 288, 289, 288, 288, 286, 289 ]
LHandPositionsY: [ 268, 268, 271, 271, 268, 271, 268, 269, 271, 272, 268,
    268, 273, 268, 269, 267, 261, 253, 245, 231, 216, 205, 188, 173, 164,
    161, 152, 149, 133, 130, 132, 131, 127, 120, 115, 113, 110, 110, 115,
    118, 130, 126, 121, 127, 119, 118, 114, 114, 117, 120, 120, 121, 118,
    116, 115, 111, 110, 111, 116, 118, 117, 112, 110, 109, 107, 107, 106,
    110, 129, 141, 158, 174, 186, 200, 213, 224, 234, 242, 244, 244, 250,
    250, 250, 247, 251, 250, 252, 254, 253, 254, 250 ]
RHandPositionsX: [ 217, 216, 216, 217, 217, 218, 217, 217, 218, 216, 217,
    218, 214, 215, 214, 217, 214, 216, 216, 214, 218, 214, 215, 214, 214,
    218, 215, 218, 218, 214, 216, 216, 216, 215, 217, 217, 216, 214, 218,
    216, 218, 214, 214, 217, 218, 218, 217, 216, 218, 217, 217, 215, 214,
    216, 215, 218, 216, 217, 218, 214, 218, 215, 215, 216, 214, 215, 216,
    217, 214, 216, 216, 215, 218, 216, 215, 217, 216, 217, 216, 214, 216,
    215, 214, 215, 218, 214, 218, 216, 214, 215, 217 ]
RHandPositionsY: [ 266, 268, 267, 270, 269, 268, 267, 269, 266, 267, 268,
    269, 265, 266, 267, 265, 267, 268, 267, 268, 265, 263, 263, 267, 263,
    266, 263, 265, 265, 265, 267, 265, 267, 264, 265, 263, 266, 264, 266,
    264, 265, 264, 264, 263, 266, 265, 264, 263, 261, 262, 261, 262, 261,
    262, 264, 261, 264, 263, 261, 264, 262, 263, 262, 261, 265, 264, 264,
    263, 265, 262, 262, 264, 263, 263, 263, 261, 262, 263, 265, 261, 261,
    261, 261, 261, 264, 261, 263, 263, 263, 265, 265 ]
