%YAML:1.0
---
videoName: "LHShake21.mp4"
gestureLabel: 2
fps: 29
pixelSizeInCmTemp: 3.4214285714285714e-01
faceCenterPointX: 266
faceCenterPointY: 79
LHandPositionsX: [ 349, 350, 364, 374, 384, 395, 397, 407, 422, 417, 414,
    401, 387, 377, 375, 375, 375, 379, 386, 404, 402, 396, 395, 391, 386,
    373, 370, 373, 373, 370, 378, 390, 390, 385, 385, 380, 377, 371, 368,
    365, 366, 368, 375, 390, 387, 383, 399, 393, 379, 371, 364, 365, 365,
    369, 375, 378, 384, 382, 386, 390, 388, 379, 371, 363, 358, 352, 342,
    337, 334, 337, 333, 335, 335, 333, 335, 332, 332, 333, 333, 331, 332,
    334, 334, 332, 334, 334, 332, 332 ]
LHandPositionsY: [ 270, 266, 247, 228, 210, 190, 181, 169, 153, 151, 140,
    132, 133, 136, 133, 132, 130, 128, 131, 131, 132, 128, 132, 134, 134,
    134, 145, 141, 144, 135, 136, 130, 134, 134, 132, 134, 139, 147, 148,
    147, 149, 145, 139, 140, 138, 139, 137, 138, 140, 149, 150, 154, 155,
    154, 153, 142, 140, 139, 140, 149, 152, 160, 169, 180, 190, 201, 214,
    228, 237, 236, 243, 247, 252, 249, 248, 250, 254, 251, 254, 252, 252,
    252, 251, 252, 252, 254, 253, 251 ]
RHandPositionsX: [ 185, 186, 187, 185, 185, 184, 188, 186, 186, 186, 188,
    187, 184, 186, 185, 187, 188, 186, 186, 185, 184, 184, 185, 186, 187,
    186, 188, 185, 185, 187, 188, 188, 187, 185, 184, 187, 187, 185, 184,
    187, 184, 187, 184, 187, 185, 186, 184, 185, 185, 185, 187, 186, 188,
    188, 187, 187, 185, 187, 184, 188, 184, 188, 186, 187, 188, 187, 184,
    186, 186, 188, 184, 188, 185, 188, 186, 185, 186, 186, 184, 184, 188,
    185, 186, 184, 188, 188, 184, 188 ]
RHandPositionsY: [ 265, 269, 268, 266, 268, 268, 265, 265, 269, 265, 268,
    265, 269, 269, 266, 268, 265, 269, 268, 266, 265, 265, 269, 268, 265,
    267, 265, 269, 269, 266, 268, 268, 269, 268, 265, 266, 267, 269, 269,
    269, 268, 269, 269, 266, 266, 267, 268, 268, 268, 265, 269, 265, 265,
    266, 267, 266, 266, 265, 267, 265, 267, 268, 266, 267, 266, 268, 265,
    265, 267, 269, 267, 266, 266, 267, 269, 268, 268, 267, 269, 266, 266,
    267, 269, 268, 265, 268, 266, 266 ]
