%YAML:1.0
---
videoName: "LHShake18.mp4"
gestureLabel: 2
fps: 29
pixelSizeInCmTemp: 3.4214285714285714e-01
faceCenterPointX: 253
faceCenterPointY: 65
LHandPositionsX: [ 313, 311, 312, 315, 312, 315, 315, 315, 311, 312, 312,
    314, 311, 312, 313, 313, 317, 315, 325, 326, 333, 337, 343, 346, 352,
    346, 337, 326, 314, 297, 301, 304, 309, 313, 311, 314, 311, 305, 300,
    291, 295, 299, 308, 313, 313, 310, 307, 298, 289, 287, 284, 296, 305,
    316, 312, 311, 305, 294, 284, 286, 292, 299, 308, 306, 311, 307, 302,
    294, 297, 298, 304, 306, 307, 309, 314, 309, 308, 307, 306, 306, 308,
    305, 305, 307, 307, 309, 309, 310 ]
LHandPositionsY: [ 249, 250, 250, 249, 247, 248, 249, 249, 249, 247, 247,
    249, 248, 248, 246, 246, 246, 247, 242, 235, 220, 201, 189, 175, 169,
    158, 153, 148, 145, 137, 139, 145, 143, 143, 142, 140, 140, 147, 145,
    137, 137, 145, 144, 145, 144, 147, 148, 148, 142, 138, 142, 149, 148,
    148, 147, 151, 151, 145, 145, 143, 148, 154, 153, 150, 152, 154, 157,
    147, 149, 154, 154, 152, 151, 154, 163, 165, 178, 188, 196, 206, 216,
    216, 220, 234, 233, 231, 233, 231 ]
RHandPositionsX: [ 198, 198, 195, 198, 194, 195, 195, 199, 197, 195, 195,
    195, 197, 199, 197, 198, 199, 199, 197, 195, 197, 198, 199, 199, 195,
    197, 197, 194, 194, 197, 194, 195, 196, 198, 198, 197, 198, 199, 198,
    197, 195, 199, 197, 197, 197, 199, 196, 199, 198, 195, 196, 199, 199,
    198, 195, 197, 198, 199, 199, 198, 196, 199, 196, 196, 198, 196, 196,
    196, 196, 197, 197, 198, 197, 198, 196, 197, 195, 196, 195, 196, 198,
    196, 198, 195, 198, 198, 195, 194 ]
RHandPositionsY: [ 262, 263, 262, 263, 263, 263, 268, 266, 264, 265, 267,
    263, 263, 263, 264, 263, 265, 265, 267, 264, 264, 265, 267, 264, 264,
    267, 263, 266, 265, 263, 265, 266, 267, 264, 265, 266, 264, 264, 266,
    265, 267, 268, 264, 266, 266, 267, 267, 268, 267, 264, 268, 264, 267,
    264, 264, 267, 267, 265, 266, 266, 267, 264, 267, 266, 265, 265, 268,
    265, 267, 264, 264, 264, 268, 264, 265, 267, 268, 267, 265, 264, 265,
    265, 264, 267, 264, 267, 267, 266 ]
