%YAML:1.0
---
videoName: "LHShake07.mp4"
gestureLabel: 2
fps: 29
pixelSizeInCmTemp: 3.3732394366197183e-01
faceCenterPointX: 265
faceCenterPointY: 78
LHandPositionsX: [ 348, 348, 351, 358, 361, 367, 378, 388, 389, 395, 394,
    393, 384, 376, 353, 347, 339, 342, 339, 343, 350, 361, 366, 369, 364,
    363, 361, 345, 341, 342, 342, 345, 357, 355, 369, 369, 369, 364, 361,
    350, 345, 349, 345, 352, 358, 360, 362, 362, 365, 360, 341, 330, 334,
    332, 341, 353, 369, 373, 369, 382, 372, 362, 357, 349, 341, 338, 336,
    334, 333, 339, 339, 340, 342, 340, 344, 345, 341, 341, 340, 340, 344,
    342, 342, 342, 341, 344, 344, 340 ]
LHandPositionsY: [ 278, 275, 275, 267, 258, 247, 234, 216, 203, 190, 179,
    160, 150, 141, 141, 142, 147, 145, 144, 144, 142, 137, 137, 139, 138,
    138, 136, 137, 143, 141, 136, 130, 132, 135, 125, 122, 129, 131, 133,
    135, 142, 142, 146, 141, 135, 136, 137, 137, 128, 129, 135, 151, 143,
    135, 132, 130, 129, 136, 134, 128, 131, 139, 147, 157, 170, 181, 193,
    206, 218, 232, 242, 251, 254, 252, 256, 258, 264, 265, 263, 266, 267,
    264, 269, 266, 270, 268, 270, 267 ]
RHandPositionsX: [ 183, 182, 185, 182, 181, 182, 184, 182, 184, 184, 184,
    181, 182, 181, 181, 183, 185, 183, 185, 184, 184, 181, 183, 183, 182,
    183, 183, 183, 181, 183, 183, 185, 182, 183, 184, 181, 183, 183, 184,
    182, 181, 182, 183, 183, 183, 182, 183, 185, 184, 185, 181, 184, 185,
    182, 182, 183, 182, 182, 185, 184, 181, 184, 181, 185, 185, 185, 183,
    184, 183, 184, 184, 183, 181, 184, 182, 182, 185, 183, 182, 183, 184,
    182, 182, 185, 185, 185, 182, 182 ]
RHandPositionsY: [ 278, 280, 279, 279, 278, 276, 280, 276, 280, 277, 277,
    277, 278, 280, 279, 277, 277, 277, 276, 278, 276, 278, 278, 277, 278,
    280, 280, 277, 279, 279, 277, 280, 279, 280, 278, 278, 279, 276, 278,
    276, 278, 280, 277, 278, 277, 276, 277, 278, 277, 277, 278, 278, 280,
    280, 279, 276, 279, 278, 280, 279, 279, 277, 278, 278, 280, 279, 276,
    278, 278, 280, 279, 280, 277, 276, 279, 279, 280, 276, 278, 277, 280,
    279, 277, 280, 278, 279, 280, 279 ]
