%YAML:1.0
---
videoName: "LHShake06.mp4"
gestureLabel: 2
fps: 29
pixelSizeInCmTemp: 3.3732394366197183e-01
faceCenterPointX: 250
faceCenterPointY: 80
LHandPositionsX: [ 381, 384, 388, 387, 382, 378, 374, 373, 369, 370, 374,
    384, 386, 391, 394, 396, 395, 388, 376, 377, 375, 377, 384, 387, 390,
    393, 392, 390, 383, 382, 380, 378, 386, 387, 390, 389, 387, 382, 381,
    383, 382, 380, 384, 387, 393, 390, 386, 383, 382, 380, 379, 383, 385,
    394, 397, 398, 399, 398, 393, 388, 381, 368, 360, 357, 352, 348, 339,
    326, 319, 312, 306, 305, 307, 306, 302, 300, 301, 302, 303, 298, 302,
    301, 298, 302, 301, 299, 298, 299 ]
LHandPositionsY: [ 151, 146, 143, 140, 140, 139, 137, 135, 138, 138, 132,
    131, 128, 130, 130, 127, 131, 132, 131, 134, 136, 131, 132, 131, 129,
    126, 126, 127, 129, 130, 127, 129, 128, 126, 125, 125, 125, 129, 127,
    129, 125, 129, 127, 127, 124, 125, 127, 125, 125, 125, 127, 128, 123,
    122, 120, 120, 122, 124, 127, 128, 132, 138, 147, 152, 160, 175, 189,
    205, 216, 225, 231, 233, 238, 239, 244, 249, 251, 252, 252, 254, 251,
    251, 256, 254, 256, 256, 257, 255 ]
RHandPositionsX: [ 214, 212, 210, 212, 213, 210, 213, 213, 211, 210, 211,
    213, 213, 212, 211, 213, 212, 212, 212, 212, 213, 213, 211, 211, 209,
    212, 212, 210, 210, 208, 209, 208, 209, 211, 211, 210, 209, 209, 210,
    211, 209, 210, 211, 212, 208, 208, 211, 209, 211, 210, 209, 209, 210,
    208, 207, 207, 211, 209, 208, 210, 208, 209, 211, 209, 207, 210, 208,
    209, 209, 207, 211, 208, 211, 210, 211, 212, 210, 210, 211, 208, 210,
    209, 209, 210, 210, 209, 210, 212 ]
RHandPositionsY: [ 269, 269, 268, 267, 267, 271, 267, 269, 270, 270, 267,
    267, 270, 270, 266, 267, 270, 267, 267, 268, 270, 268, 269, 267, 269,
    265, 269, 265, 268, 266, 266, 268, 269, 267, 267, 267, 265, 269, 269,
    268, 265, 266, 269, 268, 267, 267, 267, 267, 268, 266, 266, 266, 266,
    265, 269, 267, 265, 268, 268, 269, 266, 266, 267, 269, 266, 269, 268,
    268, 265, 268, 265, 267, 267, 267, 269, 268, 266, 268, 269, 267, 268,
    265, 269, 266, 268, 266, 265, 266 ]
