%YAML:1.0
---
videoName: "LHShake14.mp4"
gestureLabel: 2
fps: 29
pixelSizeInCmTemp: 3.2808219178082193e-01
faceCenterPointX: 256
faceCenterPointY: 64
LHandPositionsX: [ 350, 352, 349, 357, 368, 383, 392, 389, 388, 379, 370,
    360, 361, 354, 360, 372, 383, 385, 381, 381, 376, 361, 355, 353, 355,
    361, 366, 381, 386, 384, 385, 376, 366, 358, 357, 355, 361, 370, 379,
    381, 382, 376, 371, 359, 358, 359, 361, 365, 374, 379, 375, 377, 373,
    365, 355, 350, 341, 335, 330, 328, 330, 329, 327, 327, 330, 332, 331,
    330, 331, 331, 331, 331, 330, 328, 329, 328, 329, 327, 331, 331, 327,
    328, 329, 327, 331, 328, 328, 330 ]
LHandPositionsY: [ 149, 144, 147, 146, 142, 139, 143, 140, 143, 143, 145,
    150, 148, 146, 144, 146, 137, 139, 139, 139, 139, 143, 145, 147, 148,
    148, 148, 143, 144, 144, 141, 140, 146, 147, 144, 150, 145, 143, 145,
    145, 145, 141, 142, 143, 140, 144, 142, 138, 141, 140, 141, 147, 148,
    152, 158, 167, 178, 190, 198, 208, 223, 235, 236, 240, 243, 245, 250,
    249, 249, 252, 250, 248, 248, 251, 252, 252, 251, 249, 252, 248, 252,
    252, 248, 251, 250, 248, 248, 251 ]
RHandPositionsX: [ 182, 183, 183, 182, 179, 179, 181, 181, 182, 183, 182,
    182, 180, 178, 179, 177, 180, 176, 176, 179, 176, 179, 179, 175, 175,
    176, 179, 175, 175, 177, 175, 176, 177, 176, 177, 179, 179, 175, 179,
    177, 175, 179, 175, 179, 178, 178, 176, 176, 179, 176, 176, 178, 179,
    175, 177, 177, 175, 175, 176, 177, 176, 177, 179, 176, 178, 179, 178,
    178, 176, 176, 175, 179, 178, 175, 177, 177, 179, 177, 179, 178, 178,
    178, 175, 175, 177, 177, 175, 175 ]
RHandPositionsY: [ 278, 276, 275, 276, 279, 275, 275, 276, 275, 275, 274,
    278, 276, 274, 274, 274, 273, 273, 275, 276, 274, 276, 274, 273, 274,
    277, 273, 276, 273, 274, 276, 274, 276, 277, 275, 273, 277, 273, 277,
    275, 277, 276, 277, 273, 277, 273, 274, 275, 275, 273, 274, 273, 274,
    276, 276, 277, 274, 275, 273, 277, 276, 273, 274, 275, 275, 273, 276,
    273, 274, 277, 276, 273, 273, 273, 277, 276, 276, 273, 276, 273, 274,
    273, 273, 277, 277, 276, 277, 275 ]
