%YAML:1.0
---
videoName: "LHShake17.mp4"
gestureLabel: 2
fps: 30
pixelSizeInCmTemp: 3.3732394366197183e-01
faceCenterPointX: 248
faceCenterPointY: 64
LHandPositionsX: [ 323, 325, 323, 324, 323, 322, 323, 324, 327, 337, 344,
    355, 364, 375, 389, 397, 406, 411, 400, 389, 376, 358, 354, 353, 354,
    356, 369, 380, 377, 384, 374, 366, 351, 345, 348, 348, 354, 364, 366,
    364, 367, 362, 356, 349, 352, 357, 364, 372, 375, 375, 375, 371, 361,
    353, 346, 349, 347, 354, 359, 364, 364, 368, 364, 356, 348, 345, 340,
    338, 336, 335, 332, 333, 329, 333, 330, 328, 330, 325, 328, 324, 324,
    324, 324, 326, 327, 324, 327, 327, 325, 324, 325 ]
LHandPositionsY: [ 251, 251, 251, 250, 248, 250, 247, 245, 244, 231, 219,
    200, 185, 171, 158, 144, 128, 123, 116, 113, 122, 128, 137, 133, 137,
    133, 124, 119, 120, 120, 117, 131, 134, 141, 138, 137, 123, 118, 117,
    118, 116, 117, 125, 133, 132, 133, 122, 118, 124, 121, 122, 120, 129,
    136, 143, 140, 140, 124, 122, 122, 124, 121, 123, 131, 136, 144, 151,
    160, 173, 182, 196, 208, 220, 222, 222, 226, 234, 236, 233, 236, 237,
    239, 236, 237, 238, 239, 235, 236, 235, 239, 238 ]
RHandPositionsX: [ 176, 177, 176, 177, 176, 179, 179, 178, 176, 176, 177,
    176, 180, 179, 179, 179, 179, 176, 177, 180, 178, 179, 176, 180, 176,
    180, 178, 176, 175, 175, 175, 177, 179, 178, 177, 177, 179, 175, 174,
    177, 178, 178, 178, 177, 177, 174, 178, 175, 175, 178, 175, 178, 175,
    174, 175, 178, 175, 178, 174, 174, 175, 176, 178, 174, 175, 177, 175,
    178, 176, 177, 174, 178, 178, 175, 177, 174, 176, 176, 175, 178, 178,
    175, 177, 178, 174, 177, 176, 176, 174, 175, 175 ]
RHandPositionsY: [ 259, 259, 258, 260, 257, 259, 259, 258, 257, 259, 256,
    258, 256, 257, 257, 257, 256, 259, 258, 258, 260, 258, 258, 257, 258,
    257, 260, 258, 260, 260, 256, 259, 258, 259, 260, 260, 259, 260, 256,
    258, 259, 259, 259, 256, 260, 258, 256, 256, 258, 259, 259, 257, 260,
    259, 258, 257, 259, 260, 260, 260, 256, 256, 256, 258, 260, 260, 258,
    256, 260, 259, 260, 260, 258, 258, 258, 257, 259, 258, 256, 257, 256,
    257, 256, 259, 257, 259, 260, 258, 257, 260, 260 ]
