%YAML:1.0
---
videoName: "LHShake05.mp4"
gestureLabel: 2
fps: 30
pixelSizeInCmTemp: 3.2364864864864862e-01
faceCenterPointX: 252
faceCenterPointY: 81
LHandPositionsX: [ 291, 293, 292, 294, 293, 292, 295, 293, 293, 293, 295,
    294, 302, 313, 323, 334, 344, 344, 342, 339, 341, 336, 329, 331, 329,
    332, 334, 336, 341, 344, 344, 340, 332, 323, 324, 324, 328, 331, 338,
    338, 339, 329, 320, 321, 321, 322, 325, 331, 338, 338, 334, 327, 327,
    326, 325, 325, 330, 335, 338, 338, 335, 331, 330, 332, 333, 337, 337,
    338, 339, 336, 333, 327, 321, 313, 311, 304, 304, 302, 295, 295, 293,
    295, 292, 295, 291, 295, 293, 295, 292, 296, 292 ]
LHandPositionsY: [ 270, 266, 268, 268, 269, 265, 265, 264, 265, 256, 240,
    225, 211, 199, 185, 175, 165, 160, 158, 156, 154, 155, 157, 155, 152,
    151, 148, 146, 139, 136, 135, 137, 146, 148, 144, 149, 144, 138, 136,
    135, 135, 137, 144, 145, 142, 144, 141, 136, 136, 133, 138, 142, 143,
    142, 145, 143, 142, 136, 134, 138, 138, 141, 142, 144, 141, 143, 138,
    138, 139, 141, 141, 149, 162, 170, 179, 189, 200, 208, 220, 228, 235,
    234, 240, 242, 247, 247, 250, 249, 251, 255, 258 ]
RHandPositionsX: [ 212, 214, 214, 214, 214, 213, 213, 214, 212, 213, 212,
    211, 211, 209, 213, 213, 211, 210, 212, 208, 209, 211, 212, 210, 209,
    208, 211, 209, 207, 209, 210, 209, 207, 210, 207, 207, 209, 208, 210,
    207, 207, 206, 208, 210, 209, 210, 206, 207, 207, 206, 210, 210, 210,
    208, 206, 209, 210, 210, 206, 207, 209, 209, 207, 210, 210, 207, 207,
    209, 208, 210, 207, 206, 209, 210, 210, 207, 208, 206, 207, 206, 209,
    208, 208, 207, 207, 208, 207, 212, 212, 209, 212 ]
RHandPositionsY: [ 263, 264, 266, 262, 262, 266, 264, 265, 264, 262, 264,
    264, 265, 266, 266, 263, 264, 264, 264, 264, 264, 264, 264, 262, 266,
    264, 266, 266, 262, 265, 265, 266, 263, 266, 264, 261, 261, 263, 261,
    261, 262, 261, 264, 263, 261, 263, 265, 263, 265, 264, 265, 265, 262,
    262, 262, 265, 261, 265, 263, 261, 264, 263, 264, 261, 264, 261, 265,
    265, 265, 265, 262, 263, 264, 264, 261, 263, 261, 264, 265, 262, 265,
    263, 265, 261, 264, 262, 265, 261, 265, 261, 264 ]
