%YAML:1.0
---
videoName: "LHShake18.mp4"
gestureLabel: 2
fps: 29
pixelSizeInCmTemp: 3.4214285714285714e-01
faceCenterPointX: 253
faceCenterPointY: 65
LHandPositionsX: [ 312, 315, 312, 312, 314, 314, 313, 312, 315, 313, 314,
    314, 313, 314, 315, 312, 314, 316, 324, 324, 333, 337, 343, 350, 351,
    346, 337, 323, 314, 300, 302, 304, 309, 312, 310, 313, 311, 305, 296,
    290, 293, 298, 305, 313, 310, 310, 305, 297, 286, 286, 284, 298, 308,
    316, 313, 309, 307, 291, 287, 289, 293, 299, 308, 308, 310, 305, 304,
    293, 294, 302, 306, 307, 310, 312, 316, 309, 304, 307, 305, 303, 306,
    306, 307, 310, 310, 309, 310, 307 ]
LHandPositionsY: [ 247, 247, 247, 249, 250, 246, 247, 247, 248, 248, 250,
    249, 250, 249, 249, 248, 249, 249, 242, 236, 220, 202, 190, 179, 167,
    160, 151, 145, 146, 136, 136, 141, 143, 141, 141, 142, 143, 148, 146,
    141, 136, 143, 146, 147, 143, 146, 147, 145, 142, 142, 144, 149, 147,
    149, 147, 148, 150, 141, 144, 143, 151, 153, 153, 150, 151, 157, 158,
    145, 149, 154, 154, 155, 153, 156, 163, 168, 177, 187, 197, 206, 213,
    217, 221, 234, 234, 234, 234, 232 ]
RHandPositionsX: [ 198, 195, 197, 197, 194, 197, 197, 196, 199, 198, 199,
    195, 197, 199, 198, 196, 199, 199, 199, 196, 196, 196, 197, 195, 195,
    195, 197, 197, 194, 194, 195, 194, 197, 197, 198, 199, 196, 198, 198,
    196, 196, 197, 198, 197, 197, 197, 199, 198, 197, 199, 195, 197, 197,
    198, 195, 196, 197, 200, 198, 200, 198, 197, 199, 195, 197, 194, 195,
    195, 196, 197, 197, 195, 198, 196, 198, 196, 198, 197, 194, 196, 194,
    194, 194, 196, 194, 195, 195, 196 ]
RHandPositionsY: [ 264, 265, 264, 264, 266, 264, 264, 263, 263, 265, 267,
    264, 267, 266, 264, 263, 264, 263, 263, 267, 266, 264, 267, 265, 263,
    263, 266, 264, 265, 265, 263, 264, 267, 263, 263, 266, 264, 267, 266,
    264, 264, 267, 267, 268, 265, 268, 266, 268, 266, 266, 264, 265, 265,
    267, 265, 266, 267, 266, 267, 266, 265, 264, 265, 269, 268, 267, 268,
    265, 265, 268, 268, 264, 264, 267, 267, 265, 268, 268, 265, 268, 267,
    265, 266, 267, 264, 264, 267, 264 ]
