%YAML:1.0
---
videoName: "LHShake13.mp4"
gestureLabel: 2
fps: 29
pixelSizeInCmTemp: 3.4214285714285714e-01
faceCenterPointX: 257
faceCenterPointY: 76
LHandPositionsX: [ 324, 324, 326, 324, 326, 324, 324, 324, 324, 329, 328,
    338, 342, 352, 360, 373, 379, 385, 392, 387, 383, 374, 366, 353, 341,
    346, 340, 344, 349, 358, 372, 371, 367, 361, 356, 346, 341, 341, 343,
    352, 358, 369, 365, 364, 357, 348, 343, 348, 345, 346, 355, 364, 367,
    365, 361, 355, 345, 347, 343, 344, 347, 355, 365, 371, 369, 363, 360,
    352, 347, 340, 333, 328, 327, 322, 325, 327, 326, 329, 328, 327, 327,
    326, 328, 324, 326, 327, 324, 324 ]
LHandPositionsY: [ 263, 259, 260, 262, 263, 259, 261, 262, 258, 257, 256,
    245, 235, 225, 210, 195, 183, 172, 163, 158, 153, 150, 153, 155, 155,
    157, 159, 156, 156, 148, 140, 142, 139, 147, 148, 156, 158, 160, 156,
    157, 155, 152, 154, 154, 156, 158, 163, 162, 160, 158, 156, 157, 156,
    155, 159, 162, 166, 164, 164, 159, 158, 157, 156, 152, 150, 147, 146,
    152, 158, 160, 167, 180, 194, 207, 221, 234, 244, 245, 242, 244, 244,
    248, 247, 247, 250, 249, 250, 250 ]
RHandPositionsX: [ 182, 183, 181, 184, 185, 181, 183, 181, 184, 181, 184,
    181, 183, 183, 181, 182, 182, 183, 182, 181, 184, 184, 182, 182, 183,
    181, 184, 183, 184, 185, 181, 181, 181, 183, 182, 185, 185, 181, 182,
    183, 183, 185, 184, 185, 185, 184, 181, 182, 182, 184, 181, 181, 183,
    185, 184, 181, 182, 182, 184, 184, 181, 182, 184, 182, 183, 181, 183,
    183, 185, 183, 181, 184, 183, 183, 185, 182, 183, 184, 184, 185, 185,
    182, 184, 183, 182, 182, 185, 183 ]
RHandPositionsY: [ 271, 267, 271, 268, 270, 269, 267, 270, 269, 271, 270,
    271, 267, 269, 268, 268, 270, 269, 269, 268, 267, 269, 268, 268, 269,
    271, 271, 267, 269, 270, 267, 268, 268, 269, 270, 271, 268, 269, 271,
    269, 269, 270, 269, 270, 270, 270, 267, 271, 267, 267, 269, 267, 271,
    269, 267, 268, 268, 269, 271, 267, 267, 268, 270, 269, 267, 268, 269,
    268, 268, 270, 271, 271, 268, 270, 267, 271, 271, 271, 270, 269, 269,
    267, 271, 267, 267, 267, 270, 270 ]
