%YAML:1.0
---
videoName: "LHShake07.mp4"
gestureLabel: 2
fps: 29
pixelSizeInCmTemp: 3.3732394366197183e-01
faceCenterPointX: 265
faceCenterPointY: 78
LHandPositionsX: [ 349, 347, 350, 355, 363, 367, 378, 385, 390, 393, 395,
    392, 383, 378, 354, 347, 339, 341, 342, 341, 347, 362, 367, 367, 367,
    363, 363, 341, 339, 343, 345, 347, 357, 358, 367, 370, 367, 362, 359,
    350, 344, 345, 348, 353, 357, 363, 360, 359, 367, 360, 339, 327, 334,
    336, 341, 357, 369, 372, 369, 378, 374, 366, 354, 350, 342, 339, 337,
    335, 335, 336, 341, 344, 341, 341, 344, 341, 342, 343, 343, 341, 343,
    344, 340, 342, 342, 344, 342, 344 ]
LHandPositionsY: [ 277, 278, 275, 267, 256, 250, 233, 218, 201, 190, 175,
    162, 152, 137, 141, 140, 145, 144, 144, 144, 142, 135, 134, 135, 135,
    139, 135, 137, 146, 142, 139, 130, 129, 131, 124, 125, 128, 129, 133,
    137, 142, 144, 145, 141, 138, 139, 141, 138, 131, 128, 134, 150, 142,
    135, 133, 133, 132, 132, 132, 127, 130, 137, 147, 158, 170, 180, 192,
    204, 217, 231, 239, 249, 250, 254, 259, 260, 261, 263, 267, 264, 264,
    264, 265, 267, 268, 267, 266, 266 ]
RHandPositionsX: [ 181, 185, 183, 185, 182, 183, 184, 183, 181, 184, 183,
    185, 185, 185, 185, 184, 183, 183, 183, 183, 181, 184, 184, 184, 185,
    184, 185, 182, 185, 183, 184, 184, 185, 185, 182, 185, 185, 181, 181,
    182, 183, 182, 185, 181, 182, 181, 185, 183, 185, 185, 183, 181, 181,
    185, 184, 182, 185, 182, 185, 184, 185, 181, 185, 181, 185, 185, 185,
    184, 184, 184, 182, 184, 181, 181, 185, 181, 183, 182, 182, 183, 184,
    184, 185, 184, 184, 184, 183, 184 ]
RHandPositionsY: [ 278, 277, 277, 278, 279, 279, 279, 276, 278, 277, 279,
    279, 276, 277, 277, 280, 277, 277, 278, 278, 276, 277, 277, 280, 279,
    277, 276, 279, 278, 280, 276, 277, 276, 280, 279, 277, 280, 276, 277,
    278, 277, 278, 280, 279, 280, 277, 280, 279, 278, 280, 280, 279, 276,
    279, 280, 279, 280, 279, 278, 280, 276, 280, 277, 278, 278, 278, 278,
    278, 278, 276, 278, 277, 278, 276, 277, 280, 278, 279, 280, 277, 279,
    280, 280, 280, 279, 276, 277, 279 ]
