%YAML:1.0
---
videoName: "LHShake20.mp4"
gestureLabel: 2
fps: 30
pixelSizeInCmTemp: 3.3732394366197183e-01
faceCenterPointX: 249
faceCenterPointY: 62
LHandPositionsX: [ 315, 314, 313, 316, 316, 316, 317, 314, 317, 317, 321,
    326, 333, 339, 343, 340, 330, 321, 311, 315, 313, 312, 316, 326, 338,
    336, 339, 337, 330, 322, 320, 317, 317, 324, 333, 343, 340, 341, 329,
    322, 324, 325, 323, 328, 335, 330, 331, 328, 326, 318, 322, 320, 320,
    325, 326, 326, 327, 326, 322, 320, 319, 317, 319, 317, 323, 321, 319,
    321, 316, 313, 312, 312, 315, 314, 315, 313, 313, 315, 316, 313, 316,
    316, 316, 314, 316, 313, 315, 314, 316, 314, 315 ]
LHandPositionsY: [ 250, 246, 248, 249, 250, 246, 245, 245, 236, 227, 218,
    201, 188, 177, 172, 166, 162, 157, 161, 162, 161, 154, 147, 149, 146,
    146, 145, 143, 142, 146, 150, 149, 145, 147, 143, 143, 139, 143, 141,
    144, 146, 147, 147, 145, 142, 140, 141, 141, 140, 145, 150, 148, 146,
    143, 139, 134, 138, 137, 138, 144, 143, 146, 144, 148, 146, 148, 158,
    169, 178, 190, 202, 213, 217, 217, 221, 227, 229, 231, 229, 231, 232,
    231, 236, 236, 234, 237, 237, 237, 239, 239, 240 ]
RHandPositionsX: [ 180, 180, 183, 182, 183, 180, 179, 179, 182, 179, 183,
    183, 183, 183, 183, 179, 180, 180, 183, 182, 179, 182, 183, 183, 183,
    181, 183, 179, 181, 181, 181, 182, 182, 180, 182, 179, 180, 179, 181,
    181, 179, 179, 179, 181, 183, 182, 181, 179, 183, 180, 180, 183, 182,
    183, 182, 183, 183, 179, 181, 183, 183, 180, 181, 182, 179, 183, 179,
    182, 180, 182, 180, 179, 182, 181, 181, 182, 179, 181, 178, 179, 182,
    182, 180, 182, 181, 181, 180, 179, 179, 179, 181 ]
RHandPositionsY: [ 254, 253, 253, 257, 254, 254, 256, 257, 255, 253, 253,
    254, 252, 256, 256, 254, 253, 256, 256, 256, 253, 255, 252, 255, 256,
    253, 255, 253, 256, 256, 252, 253, 251, 253, 252, 252, 254, 252, 252,
    251, 252, 253, 253, 251, 255, 253, 255, 252, 255, 254, 253, 252, 254,
    252, 255, 255, 254, 255, 255, 251, 251, 254, 251, 251, 255, 255, 254,
    254, 254, 255, 251, 254, 251, 255, 252, 254, 254, 253, 251, 253, 253,
    252, 253, 253, 251, 255, 253, 252, 251, 252, 254 ]
