%YAML:1.0
---
videoName: "LHShake11.mp4"
gestureLabel: 2
fps: 29
pixelSizeInCmTemp: 3.3732394366197183e-01
faceCenterPointX: 260
faceCenterPointY: 69
LHandPositionsX: [ 383, 389, 383, 377, 364, 357, 348, 349, 348, 347, 355,
    361, 367, 362, 362, 362, 354, 353, 347, 348, 349, 350, 355, 358, 360,
    355, 359, 356, 350, 347, 346, 344, 349, 350, 355, 352, 354, 351, 345,
    342, 338, 338, 341, 342, 347, 357, 359, 358, 356, 355, 350, 345, 339,
    340, 335, 338, 349, 356, 360, 356, 359, 363, 359, 357, 352, 343, 339,
    333, 333, 331, 328, 329, 334, 334, 334, 333, 334, 335, 332, 332, 333,
    334, 332, 335, 335, 332, 331, 334 ]
LHandPositionsY: [ 176, 164, 152, 141, 143, 146, 146, 144, 148, 134, 127,
    127, 128, 125, 128, 128, 130, 138, 144, 141, 144, 133, 131, 128, 132,
    128, 130, 131, 141, 146, 144, 143, 144, 139, 135, 137, 134, 133, 138,
    141, 142, 145, 147, 143, 142, 134, 134, 135, 130, 129, 138, 138, 147,
    144, 146, 147, 142, 137, 137, 139, 141, 144, 148, 157, 166, 177, 191,
    205, 216, 230, 231, 231, 239, 244, 248, 248, 248, 246, 251, 249, 250,
    249, 251, 248, 251, 251, 249, 251 ]
RHandPositionsX: [ 181, 182, 179, 182, 181, 181, 181, 183, 181, 180, 181,
    182, 183, 182, 183, 183, 183, 179, 182, 180, 180, 179, 180, 181, 181,
    181, 181, 179, 183, 181, 179, 181, 180, 182, 181, 182, 179, 183, 182,
    182, 183, 181, 183, 181, 183, 181, 181, 180, 182, 183, 183, 183, 182,
    180, 180, 179, 179, 179, 179, 182, 181, 182, 179, 180, 179, 179, 180,
    179, 181, 183, 180, 183, 180, 183, 183, 183, 182, 180, 179, 183, 183,
    181, 180, 179, 179, 180, 180, 181 ]
RHandPositionsY: [ 277, 274, 276, 274, 277, 275, 275, 275, 274, 276, 277,
    273, 276, 276, 275, 273, 274, 273, 276, 277, 273, 276, 277, 275, 274,
    275, 276, 277, 275, 275, 275, 274, 273, 277, 276, 277, 275, 277, 275,
    274, 276, 276, 276, 277, 273, 274, 276, 277, 276, 276, 273, 274, 275,
    277, 276, 276, 277, 273, 274, 273, 277, 277, 276, 275, 275, 275, 273,
    277, 276, 276, 277, 276, 275, 273, 275, 276, 275, 273, 276, 275, 276,
    276, 274, 276, 276, 277, 273, 276 ]
