%YAML:1.0
---
videoName: "LHShake02.mp4"
gestureLabel: 2
fps: 29
pixelSizeInCmTemp: 3.3263888888888887e-01
faceCenterPointX: 249
faceCenterPointY: 82
LHandPositionsX: [ 361, 360, 362, 370, 374, 378, 388, 386, 389, 385, 386,
    378, 370, 367, 366, 362, 363, 367, 371, 374, 384, 388, 384, 378, 374,
    370, 365, 365, 363, 365, 367, 370, 374, 378, 377, 379, 381, 378, 375,
    369, 365, 361, 360, 355, 359, 362, 366, 371, 371, 373, 370, 366, 362,
    361, 357, 359, 361, 365, 371, 370, 373, 372, 367, 361, 357, 351, 347,
    348, 343, 346, 343, 341, 340, 342, 341, 343, 344, 344, 348, 348, 346,
    349, 346, 349, 347, 347, 349, 348 ]
LHandPositionsY: [ 124, 120, 120, 115, 113, 111, 110, 111, 111, 107, 107,
    111, 113, 111, 112, 112, 112, 109, 106, 104, 105, 103, 105, 104, 105,
    108, 106, 107, 111, 106, 105, 102, 102, 100, 97, 97, 97, 98, 96, 95,
    98, 103, 102, 101, 105, 105, 101, 98, 99, 100, 104, 102, 107, 107,
    107, 106, 109, 104, 103, 104, 103, 105, 105, 105, 124, 134, 150, 162,
    166, 168, 177, 185, 190, 200, 207, 210, 215, 220, 223, 229, 227, 232,
    229, 230, 232, 233, 238, 240 ]
RHandPositionsX: [ 157, 157, 157, 156, 154, 153, 155, 156, 156, 157, 154,
    155, 153, 154, 153, 153, 154, 157, 156, 154, 155, 155, 156, 155, 157,
    155, 157, 157, 153, 156, 156, 156, 157, 156, 154, 156, 153, 156, 153,
    154, 155, 153, 154, 156, 155, 155, 154, 157, 154, 155, 153, 154, 154,
    156, 154, 154, 153, 157, 153, 157, 155, 157, 156, 157, 154, 154, 156,
    156, 156, 157, 157, 155, 153, 156, 153, 156, 154, 156, 156, 155, 156,
    156, 156, 156, 157, 156, 154, 155 ]
RHandPositionsY: [ 261, 265, 263, 264, 264, 262, 261, 260, 259, 262, 261,
    260, 258, 258, 261, 261, 262, 258, 258, 261, 258, 258, 258, 259, 258,
    260, 262, 261, 259, 261, 262, 260, 262, 262, 258, 260, 261, 262, 262,
    259, 258, 261, 262, 259, 258, 261, 258, 260, 260, 258, 258, 261, 259,
    260, 261, 258, 261, 259, 260, 262, 262, 262, 262, 259, 259, 260, 262,
    260, 258, 261, 262, 259, 262, 260, 258, 259, 261, 261, 259, 260, 259,
    260, 259, 259, 258, 259, 259, 259 ]
