%YAML:1.0
---
videoName: "LHShake22.mp4"
gestureLabel: 2
fps: 29
pixelSizeInCmTemp: 3.5220588235294115e-01
faceCenterPointX: 261
faceCenterPointY: 79
LHandPositionsX: [ 336, 343, 348, 353, 356, 358, 355, 354, 347, 337, 326,
    320, 320, 318, 320, 325, 329, 339, 345, 343, 342, 342, 337, 332, 322,
    324, 326, 328, 333, 337, 344, 339, 342, 337, 332, 320, 315, 315, 318,
    320, 328, 337, 334, 336, 334, 330, 326, 322, 321, 322, 324, 327, 335,
    343, 345, 343, 342, 333, 327, 317, 318, 317, 316, 324, 329, 335, 334,
    336, 333, 329, 328, 322, 323, 320, 320, 323, 323, 324, 326, 327, 324,
    324, 325, 324, 324, 327, 325, 325 ]
LHandPositionsY: [ 258, 255, 245, 238, 233, 219, 205, 206, 192, 186, 184,
    185, 187, 186, 180, 180, 178, 175, 175, 173, 170, 171, 172, 178, 180,
    180, 176, 179, 178, 175, 170, 173, 171, 171, 175, 178, 185, 184, 185,
    184, 181, 178, 174, 174, 176, 175, 177, 181, 180, 180, 181, 182, 179,
    178, 178, 175, 174, 177, 180, 184, 184, 180, 183, 178, 178, 179, 178,
    179, 182, 187, 194, 203, 208, 218, 230, 242, 242, 246, 248, 245, 249,
    249, 247, 250, 250, 250, 247, 247 ]
RHandPositionsX: [ 193, 193, 192, 192, 191, 193, 193, 189, 193, 190, 191,
    191, 191, 192, 189, 193, 189, 190, 191, 193, 189, 190, 193, 189, 191,
    193, 191, 190, 190, 193, 191, 193, 193, 191, 191, 190, 190, 191, 193,
    189, 191, 193, 189, 191, 193, 193, 189, 191, 191, 189, 190, 191, 190,
    189, 192, 192, 189, 191, 191, 193, 192, 191, 192, 189, 192, 190, 191,
    190, 191, 191, 191, 192, 190, 189, 192, 190, 193, 190, 192, 189, 190,
    191, 189, 192, 193, 192, 192, 193 ]
RHandPositionsY: [ 266, 270, 266, 269, 270, 266, 268, 269, 269, 266, 270,
    270, 269, 266, 268, 269, 268, 270, 269, 268, 270, 266, 267, 269, 267,
    269, 268, 266, 266, 268, 269, 270, 266, 268, 267, 269, 268, 266, 268,
    269, 269, 270, 267, 268, 268, 268, 267, 268, 267, 268, 266, 269, 269,
    267, 269, 269, 268, 267, 267, 267, 268, 270, 266, 266, 269, 268, 268,
    266, 269, 268, 266, 267, 267, 269, 266, 270, 270, 266, 269, 267, 267,
    268, 266, 266, 266, 266, 268, 270 ]
