%YAML:1.0
---
videoName: "LHShake20.mp4"
gestureLabel: 2
fps: 30
pixelSizeInCmTemp: 3.3732394366197183e-01
faceCenterPointX: 249
faceCenterPointY: 62
LHandPositionsX: [ 312, 315, 315, 316, 312, 317, 317, 315, 317, 316, 320,
    325, 334, 337, 342, 340, 331, 320, 314, 314, 310, 314, 319, 325, 336,
    339, 337, 336, 330, 322, 318, 318, 319, 326, 333, 340, 340, 338, 332,
    325, 322, 321, 323, 326, 331, 330, 329, 330, 322, 321, 321, 320, 321,
    324, 324, 326, 329, 328, 324, 317, 317, 316, 316, 321, 323, 320, 320,
    321, 315, 315, 316, 314, 312, 316, 314, 312, 312, 315, 312, 315, 314,
    316, 314, 313, 312, 312, 312, 312, 316, 313, 312 ]
LHandPositionsY: [ 249, 249, 250, 250, 248, 248, 248, 244, 237, 229, 218,
    203, 191, 178, 171, 164, 160, 157, 162, 160, 161, 156, 147, 145, 143,
    145, 145, 143, 141, 146, 148, 147, 145, 143, 144, 140, 143, 141, 143,
    145, 147, 146, 146, 142, 140, 140, 141, 140, 141, 145, 148, 149, 147,
    145, 139, 136, 135, 137, 138, 144, 142, 144, 146, 149, 149, 148, 161,
    170, 181, 191, 200, 215, 215, 219, 225, 229, 229, 232, 232, 231, 233,
    232, 235, 235, 238, 236, 235, 238, 240, 236, 238 ]
RHandPositionsX: [ 180, 182, 182, 182, 183, 179, 179, 179, 179, 180, 183,
    181, 180, 183, 180, 180, 181, 182, 182, 180, 181, 179, 181, 180, 181,
    182, 179, 179, 180, 181, 180, 182, 179, 180, 182, 182, 183, 182, 180,
    181, 183, 182, 180, 179, 181, 180, 182, 181, 181, 183, 179, 182, 180,
    182, 179, 181, 179, 179, 183, 180, 181, 180, 183, 183, 179, 183, 182,
    179, 183, 181, 183, 182, 180, 181, 182, 183, 179, 180, 180, 180, 178,
    179, 179, 179, 178, 180, 180, 180, 178, 179, 182 ]
RHandPositionsY: [ 257, 253, 257, 255, 256, 254, 257, 257, 254, 254, 252,
    256, 256, 256, 253, 255, 255, 254, 252, 252, 256, 254, 252, 253, 253,
    252, 252, 255, 253, 256, 254, 255, 251, 253, 255, 252, 255, 252, 253,
    252, 251, 253, 255, 251, 251, 251, 255, 251, 254, 255, 254, 252, 251,
    253, 252, 252, 254, 253, 251, 254, 255, 252, 253, 253, 254, 251, 253,
    255, 255, 251, 252, 255, 255, 255, 252, 251, 254, 254, 251, 254, 252,
    253, 252, 253, 253, 253, 254, 255, 254, 252, 252 ]
