%YAML:1.0
---
videoName: "LHShake08.mp4"
gestureLabel: 2
fps: 29
pixelSizeInCmTemp: 3.4710144927536229e-01
faceCenterPointX: 261
faceCenterPointY: 69
LHandPositionsX: [ 339, 342, 343, 346, 353, 344, 354, 363, 370, 371, 373,
    371, 376, 367, 359, 349, 340, 342, 341, 341, 347, 359, 371, 363, 364,
    360, 361, 355, 346, 340, 341, 336, 341, 348, 356, 367, 365, 366, 369,
    363, 355, 346, 335, 338, 337, 338, 339, 351, 356, 359, 355, 356, 357,
    353, 347, 342, 341, 344, 341, 346, 357, 366, 374, 370, 370, 368, 366,
    357, 352, 347, 339, 334, 331, 330, 330, 333, 334, 336, 335, 336, 336,
    336, 337, 336, 338, 337, 337, 337 ]
LHandPositionsY: [ 265, 269, 263, 254, 249, 236, 219, 201, 188, 172, 161,
    155, 142, 142, 144, 144, 148, 149, 152, 148, 149, 144, 139, 139, 138,
    139, 141, 146, 146, 154, 153, 151, 152, 154, 146, 149, 148, 148, 147,
    149, 154, 155, 157, 160, 161, 161, 159, 157, 158, 157, 157, 154, 153,
    153, 162, 159, 162, 162, 162, 157, 155, 152, 148, 144, 146, 146, 149,
    153, 162, 166, 177, 185, 197, 207, 220, 234, 242, 246, 248, 250, 253,
    252, 254, 254, 256, 257, 256, 256 ]
RHandPositionsX: [ 175, 172, 176, 176, 173, 173, 176, 174, 176, 176, 172,
    175, 172, 175, 174, 176, 173, 175, 175, 172, 176, 173, 175, 176, 172,
    173, 172, 176, 172, 172, 174, 176, 176, 177, 174, 175, 175, 173, 177,
    175, 175, 174, 177, 176, 175, 178, 177, 175, 176, 176, 176, 175, 178,
    176, 176, 175, 174, 177, 176, 177, 176, 175, 176, 177, 177, 176, 174,
    178, 177, 176, 176, 175, 178, 175, 176, 177, 177, 177, 176, 178, 178,
    177, 174, 174, 178, 176, 175, 174 ]
RHandPositionsY: [ 273, 274, 275, 277, 277, 276, 274, 276, 273, 276, 276,
    274, 276, 277, 273, 273, 275, 277, 277, 275, 277, 277, 277, 276, 277,
    277, 277, 275, 275, 275, 275, 273, 276, 274, 273, 273, 276, 275, 275,
    273, 274, 277, 275, 274, 277, 274, 277, 277, 273, 273, 276, 277, 274,
    274, 275, 273, 276, 277, 273, 274, 273, 277, 275, 275, 275, 274, 273,
    274, 274, 274, 275, 277, 277, 274, 273, 273, 275, 273, 275, 275, 276,
    275, 274, 276, 273, 273, 275, 276 ]
