%YAML:1.0
---
videoName: "LHShake23.mp4"
gestureLabel: 2
fps: 30
pixelSizeInCmTemp: 3.3263888888888887e-01
faceCenterPointX: 259
faceCenterPointY: 79
LHandPositionsX: [ 333, 332, 334, 333, 331, 333, 334, 330, 333, 334, 332,
    335, 341, 345, 347, 359, 367, 371, 374, 375, 380, 379, 376, 365, 359,
    353, 355, 354, 354, 362, 372, 378, 387, 386, 385, 381, 371, 359, 362,
    358, 364, 369, 376, 385, 383, 380, 382, 375, 362, 356, 357, 354, 354,
    361, 374, 381, 379, 379, 378, 376, 367, 358, 357, 355, 357, 366, 372,
    379, 378, 377, 379, 375, 371, 362, 354, 351, 346, 344, 340, 341, 340,
    336, 338, 339, 335, 335, 334, 334, 337, 333, 334 ]
LHandPositionsY: [ 266, 265, 265, 264, 265, 262, 264, 264, 264, 264, 258,
    253, 241, 229, 230, 215, 201, 197, 193, 186, 181, 170, 168, 168, 168,
    171, 166, 171, 167, 168, 161, 159, 157, 161, 159, 159, 163, 164, 163,
    162, 166, 165, 161, 159, 157, 158, 157, 157, 161, 164, 165, 168, 165,
    165, 164, 164, 164, 165, 165, 162, 165, 168, 169, 169, 169, 172, 166,
    170, 168, 166, 171, 171, 178, 184, 194, 203, 212, 228, 241, 247, 249,
    250, 252, 253, 253, 253, 252, 254, 256, 253, 253 ]
RHandPositionsX: [ 183, 183, 182, 184, 182, 183, 185, 183, 185, 184, 185,
    183, 183, 182, 186, 184, 183, 182, 185, 184, 182, 185, 183, 185, 183,
    182, 185, 183, 183, 186, 184, 186, 182, 183, 185, 182, 186, 186, 183,
    182, 182, 184, 183, 185, 183, 184, 182, 184, 185, 183, 185, 186, 186,
    185, 182, 184, 183, 182, 182, 186, 184, 184, 183, 186, 186, 184, 182,
    182, 183, 186, 183, 184, 186, 183, 182, 182, 183, 186, 185, 185, 182,
    185, 184, 185, 184, 186, 186, 182, 186, 185, 186 ]
RHandPositionsY: [ 273, 272, 270, 270, 272, 274, 272, 271, 270, 270, 273,
    274, 274, 271, 274, 273, 270, 272, 270, 270, 270, 272, 272, 270, 270,
    270, 271, 272, 270, 271, 270, 274, 271, 270, 272, 273, 273, 270, 274,
    271, 273, 272, 271, 273, 271, 272, 273, 271, 274, 271, 272, 274, 272,
    274, 274, 271, 271, 272, 270, 272, 270, 272, 272, 270, 271, 273, 271,
    274, 271, 274, 272, 272, 272, 272, 272, 274, 270, 270, 274, 274, 270,
    274, 271, 271, 273, 271, 270, 271, 272, 270, 270 ]
