%YAML:1.0
---
videoName: "LHShake02.mp4"
gestureLabel: 2
fps: 29
pixelSizeInCmTemp: 3.3263888888888887e-01
faceCenterPointX: 249
faceCenterPointY: 82
LHandPositionsX: [ 361, 361, 361, 366, 371, 381, 385, 386, 385, 385, 386,
    378, 373, 366, 363, 363, 361, 366, 371, 377, 385, 387, 385, 380, 374,
    369, 364, 363, 363, 362, 370, 371, 375, 376, 377, 380, 378, 375, 374,
    371, 363, 359, 361, 358, 360, 359, 366, 372, 371, 371, 369, 368, 363,
    357, 358, 360, 361, 364, 367, 373, 370, 369, 368, 365, 357, 355, 350,
    345, 344, 342, 343, 341, 341, 341, 344, 342, 345, 346, 345, 348, 349,
    349, 348, 347, 346, 348, 349, 349 ]
LHandPositionsY: [ 126, 119, 116, 115, 113, 109, 110, 109, 109, 107, 108,
    111, 112, 113, 113, 111, 114, 111, 109, 105, 103, 104, 102, 104, 101,
    108, 109, 111, 110, 105, 104, 102, 101, 97, 101, 98, 96, 95, 98, 95,
    97, 102, 103, 105, 102, 102, 102, 101, 102, 99, 100, 103, 107, 108,
    106, 109, 109, 108, 107, 107, 103, 105, 103, 107, 123, 135, 149, 164,
    164, 170, 180, 185, 192, 197, 206, 212, 214, 223, 226, 231, 231, 229,
    229, 230, 232, 232, 235, 239 ]
RHandPositionsX: [ 156, 155, 156, 154, 156, 153, 153, 155, 156, 155, 153,
    154, 157, 157, 157, 155, 157, 157, 156, 154, 157, 157, 157, 153, 156,
    155, 155, 154, 154, 156, 155, 156, 157, 155, 155, 153, 156, 155, 154,
    157, 157, 157, 156, 155, 154, 156, 154, 153, 154, 153, 155, 156, 154,
    153, 154, 155, 154, 157, 156, 157, 156, 153, 156, 157, 153, 156, 155,
    153, 157, 155, 155, 156, 155, 154, 156, 157, 154, 155, 155, 153, 156,
    154, 157, 157, 157, 157, 157, 154 ]
RHandPositionsY: [ 263, 265, 261, 260, 260, 261, 260, 263, 262, 259, 260,
    260, 261, 260, 262, 262, 261, 262, 259, 259, 262, 258, 259, 259, 258,
    261, 259, 258, 259, 258, 262, 259, 262, 262, 260, 260, 260, 259, 259,
    259, 261, 259, 259, 259, 262, 262, 258, 260, 260, 258, 258, 261, 259,
    262, 258, 262, 258, 258, 260, 262, 259, 260, 259, 260, 258, 260, 260,
    259, 260, 260, 261, 260, 259, 261, 260, 258, 262, 262, 258, 259, 258,
    258, 261, 262, 258, 262, 258, 261 ]
