%YAML:1.0
---
videoName: "LHShake09.mp4"
gestureLabel: 2
fps: 29
pixelSizeInCmTemp: 3.3263888888888887e-01
faceCenterPointX: 259
faceCenterPointY: 67
LHandPositionsX: [ 340, 339, 340, 339, 342, 348, 350, 355, 352, 357, 358,
    363, 368, 368, 367, 363, 360, 350, 342, 330, 330, 335, 331, 329, 335,
    349, 350, 351, 350, 347, 354, 348, 344, 335, 334, 337, 336, 345, 354,
    362, 366, 362, 366, 361, 355, 345, 340, 336, 337, 336, 337, 346, 354,
    356, 353, 354, 353, 348, 340, 337, 335, 334, 333, 334, 342, 348, 356,
    354, 353, 351, 348, 343, 336, 330, 323, 318, 318, 321, 322, 328, 328,
    330, 328, 334, 331, 333, 333, 333 ]
LHandPositionsY: [ 271, 275, 273, 275, 271, 272, 267, 258, 250, 236, 232,
    217, 200, 199, 185, 173, 167, 162, 156, 158, 156, 156, 158, 153, 153,
    150, 145, 145, 148, 146, 147, 153, 151, 153, 154, 153, 152, 154, 153,
    154, 153, 151, 152, 153, 153, 153, 156, 158, 157, 154, 152, 155, 154,
    151, 153, 149, 149, 150, 150, 152, 152, 154, 154, 153, 154, 150, 150,
    148, 148, 148, 152, 153, 162, 169, 179, 192, 205, 218, 233, 243, 243,
    250, 252, 255, 255, 259, 258, 258 ]
RHandPositionsX: [ 180, 180, 178, 179, 178, 179, 178, 176, 176, 177, 178,
    178, 179, 177, 177, 180, 180, 178, 178, 180, 178, 176, 176, 177, 176,
    177, 176, 176, 177, 179, 176, 176, 178, 176, 177, 176, 176, 176, 179,
    180, 176, 178, 180, 178, 179, 179, 180, 176, 176, 177, 180, 177, 178,
    176, 179, 180, 176, 176, 176, 178, 179, 180, 176, 180, 177, 179, 179,
    177, 179, 179, 180, 177, 177, 180, 179, 179, 180, 180, 176, 176, 176,
    176, 179, 178, 179, 179, 176, 178 ]
RHandPositionsY: [ 278, 275, 279, 275, 279, 278, 279, 277, 276, 275, 278,
    276, 279, 277, 278, 275, 278, 279, 278, 277, 278, 275, 275, 276, 278,
    277, 279, 277, 276, 277, 276, 275, 277, 276, 276, 277, 277, 277, 279,
    279, 277, 277, 276, 279, 276, 275, 278, 275, 278, 279, 279, 275, 278,
    278, 276, 279, 275, 276, 279, 277, 277, 279, 278, 275, 275, 277, 277,
    278, 276, 276, 276, 276, 279, 276, 277, 276, 278, 276, 278, 275, 275,
    278, 277, 276, 275, 279, 275, 276 ]
