%YAML:1.0
---
videoName: "LHShake19.mp4"
gestureLabel: 2
fps: 29
pixelSizeInCmTemp: 3.3732394366197183e-01
faceCenterPointX: 250
faceCenterPointY: 62
LHandPositionsX: [ 308, 306, 309, 305, 307, 308, 307, 306, 307, 305, 308,
    309, 306, 309, 308, 307, 311, 318, 319, 326, 324, 320, 313, 292, 287,
    290, 292, 298, 307, 313, 316, 311, 308, 297, 287, 290, 291, 300, 310,
    317, 320, 313, 305, 291, 292, 294, 299, 308, 315, 311, 311, 306, 294,
    293, 298, 301, 306, 317, 314, 318, 315, 309, 307, 301, 295, 290, 289,
    295, 294, 298, 304, 303, 302, 302, 305, 306, 307, 309, 309, 307, 310,
    307, 310, 311, 310, 308, 311, 310 ]
LHandPositionsY: [ 249, 251, 249, 249, 249, 248, 250, 249, 251, 252, 249,
    248, 251, 246, 248, 240, 227, 216, 201, 188, 176, 167, 163, 163, 153,
    154, 159, 159, 154, 154, 155, 152, 154, 155, 148, 147, 154, 156, 154,
    154, 152, 154, 157, 147, 148, 153, 155, 155, 152, 152, 152, 158, 149,
    145, 156, 156, 156, 152, 155, 154, 152, 156, 157, 165, 168, 173, 177,
    187, 199, 207, 214, 218, 218, 222, 226, 229, 232, 235, 235, 238, 237,
    235, 240, 237, 237, 238, 241, 237 ]
RHandPositionsX: [ 197, 195, 196, 195, 199, 199, 196, 199, 199, 195, 198,
    197, 198, 196, 196, 195, 197, 199, 199, 198, 199, 197, 199, 198, 197,
    197, 196, 195, 194, 197, 195, 195, 197, 196, 196, 195, 194, 196, 192,
    191, 195, 191, 193, 195, 194, 191, 191, 191, 195, 195, 193, 193, 191,
    194, 193, 194, 192, 192, 192, 193, 193, 195, 192, 195, 192, 191, 192,
    193, 195, 195, 194, 195, 195, 194, 191, 193, 194, 194, 194, 191, 193,
    192, 191, 194, 191, 193, 195, 191 ]
RHandPositionsY: [ 256, 255, 256, 254, 257, 258, 254, 258, 257, 257, 258,
    256, 257, 256, 254, 255, 254, 257, 256, 255, 255, 257, 258, 258, 258,
    258, 255, 257, 255, 257, 256, 255, 258, 257, 254, 254, 258, 258, 257,
    256, 257, 256, 255, 256, 256, 257, 254, 256, 257, 255, 255, 257, 254,
    254, 258, 258, 254, 256, 254, 257, 258, 256, 254, 255, 254, 258, 258,
    256, 258, 255, 257, 256, 257, 254, 254, 255, 254, 258, 258, 256, 255,
    256, 254, 257, 257, 257, 255, 258 ]
