%YAML:1.0
---
videoName: "LHShake13.mp4"
gestureLabel: 2
fps: 29
pixelSizeInCmTemp: 3.4214285714285714e-01
faceCenterPointX: 257
faceCenterPointY: 76
LHandPositionsX: [ 326, 324, 327, 326, 324, 327, 323, 325, 324, 326, 329,
    335, 341, 352, 363, 371, 382, 388, 388, 388, 386, 376, 364, 353, 343,
    346, 341, 341, 352, 359, 373, 369, 367, 364, 358, 344, 339, 343, 340,
    352, 360, 366, 366, 366, 358, 351, 343, 344, 342, 347, 354, 364, 366,
    363, 364, 354, 346, 348, 347, 345, 346, 356, 363, 368, 365, 361, 359,
    352, 348, 341, 334, 325, 323, 322, 326, 327, 328, 325, 328, 328, 328,
    325, 327, 324, 325, 326, 327, 326 ]
LHandPositionsY: [ 261, 263, 262, 262, 259, 263, 259, 260, 262, 260, 258,
    246, 237, 226, 211, 195, 186, 176, 165, 159, 154, 150, 154, 154, 155,
    154, 157, 157, 154, 146, 139, 140, 140, 145, 151, 155, 159, 160, 159,
    156, 153, 155, 155, 155, 157, 160, 165, 160, 161, 161, 158, 155, 155,
    159, 157, 161, 164, 166, 162, 161, 159, 158, 157, 153, 149, 149, 146,
    150, 158, 162, 168, 181, 190, 208, 219, 232, 246, 246, 244, 245, 244,
    247, 249, 247, 247, 247, 250, 250 ]
RHandPositionsX: [ 182, 184, 181, 184, 181, 183, 184, 181, 183, 182, 184,
    184, 182, 183, 181, 184, 182, 181, 182, 182, 182, 183, 184, 182, 183,
    183, 181, 184, 185, 182, 184, 181, 183, 181, 183, 182, 184, 185, 181,
    182, 185, 183, 185, 185, 184, 182, 185, 183, 184, 182, 184, 185, 184,
    185, 181, 181, 185, 183, 182, 182, 183, 184, 182, 183, 182, 184, 183,
    181, 182, 182, 185, 184, 181, 183, 181, 183, 184, 185, 181, 181, 183,
    184, 184, 184, 182, 181, 184, 183 ]
RHandPositionsY: [ 270, 270, 267, 267, 268, 269, 267, 267, 268, 268, 271,
    269, 267, 267, 267, 270, 270, 267, 271, 270, 267, 268, 269, 267, 267,
    268, 268, 271, 269, 270, 270, 269, 271, 268, 270, 267, 268, 267, 271,
    271, 270, 267, 270, 271, 271, 268, 268, 271, 271, 270, 270, 269, 269,
    267, 270, 267, 267, 267, 270, 269, 269, 270, 270, 267, 271, 268, 267,
    269, 268, 267, 271, 271, 270, 268, 269, 267, 269, 267, 268, 267, 268,
    267, 267, 269, 271, 270, 269, 270 ]
