%YAML:1.0
---
videoName: "LHShake07.mp4"
gestureLabel: 2
fps: 29
pixelSizeInCmTemp: 3.3732394366197183e-01
faceCenterPointX: 265
faceCenterPointY: 78
LHandPositionsX: [ 345, 347, 353, 358, 365, 370, 376, 387, 391, 393, 395,
    395, 385, 375, 355, 349, 339, 341, 341, 343, 349, 365, 367, 368, 367,
    363, 359, 344, 342, 342, 343, 345, 355, 359, 367, 368, 365, 360, 359,
    353, 347, 348, 346, 351, 356, 363, 363, 360, 363, 363, 339, 330, 331,
    333, 343, 354, 369, 372, 370, 378, 370, 363, 355, 349, 342, 338, 336,
    335, 333, 338, 339, 341, 340, 343, 343, 341, 341, 343, 343, 342, 342,
    343, 341, 340, 341, 340, 341, 343 ]
LHandPositionsY: [ 280, 279, 275, 268, 259, 250, 233, 217, 204, 190, 177,
    160, 151, 137, 140, 142, 145, 145, 145, 146, 141, 135, 135, 139, 136,
    136, 134, 138, 143, 140, 137, 131, 129, 135, 127, 122, 126, 129, 135,
    134, 142, 143, 144, 139, 139, 139, 138, 139, 130, 131, 137, 148, 146,
    135, 130, 134, 129, 134, 131, 129, 132, 136, 146, 158, 170, 178, 194,
    205, 220, 233, 241, 252, 251, 253, 256, 259, 263, 265, 265, 265, 267,
    268, 268, 266, 268, 269, 270, 268 ]
RHandPositionsX: [ 183, 181, 182, 181, 184, 183, 185, 184, 183, 181, 185,
    183, 185, 183, 183, 183, 183, 185, 185, 183, 182, 183, 183, 185, 184,
    185, 182, 185, 185, 185, 184, 182, 183, 181, 185, 183, 182, 181, 181,
    184, 184, 181, 184, 185, 185, 182, 185, 181, 184, 183, 183, 181, 184,
    185, 183, 183, 183, 184, 184, 181, 183, 183, 183, 185, 185, 182, 184,
    185, 184, 182, 185, 185, 185, 185, 185, 184, 182, 182, 183, 183, 185,
    184, 181, 183, 182, 181, 184, 185 ]
RHandPositionsY: [ 276, 278, 280, 277, 276, 278, 276, 278, 278, 278, 278,
    276, 276, 278, 280, 276, 278, 276, 277, 279, 276, 280, 280, 276, 280,
    277, 280, 276, 280, 277, 279, 280, 280, 277, 277, 276, 277, 276, 279,
    277, 278, 276, 278, 278, 276, 276, 276, 279, 277, 276, 280, 279, 276,
    278, 278, 276, 280, 276, 278, 278, 279, 280, 276, 276, 276, 279, 280,
    276, 276, 276, 278, 278, 278, 280, 277, 279, 276, 276, 280, 279, 278,
    280, 277, 276, 280, 278, 276, 278 ]
