%YAML:1.0
---
videoName: "LHShake17.mp4"
gestureLabel: 2
fps: 30
pixelSizeInCmTemp: 3.3732394366197183e-01
faceCenterPointX: 248
faceCenterPointY: 64
LHandPositionsX: [ 323, 323, 324, 323, 323, 322, 324, 326, 329, 337, 345,
    353, 365, 375, 388, 397, 408, 409, 404, 388, 376, 359, 353, 352, 351,
    356, 372, 380, 379, 382, 375, 366, 351, 347, 347, 347, 356, 363, 368,
    366, 364, 364, 356, 353, 353, 354, 366, 374, 376, 372, 375, 368, 361,
    351, 345, 345, 350, 353, 362, 365, 365, 370, 366, 359, 350, 345, 340,
    338, 333, 333, 331, 334, 333, 332, 328, 329, 329, 327, 327, 324, 326,
    326, 325, 325, 325, 326, 327, 327, 324, 327, 324 ]
LHandPositionsY: [ 248, 251, 250, 250, 251, 251, 248, 248, 246, 232, 215,
    202, 187, 175, 160, 145, 129, 123, 112, 110, 124, 130, 137, 136, 137,
    133, 122, 118, 117, 118, 117, 129, 136, 138, 141, 139, 124, 119, 119,
    121, 116, 113, 129, 135, 135, 136, 124, 120, 124, 124, 123, 121, 132,
    137, 140, 140, 139, 128, 124, 123, 126, 121, 123, 127, 136, 144, 150,
    162, 169, 180, 194, 205, 217, 221, 224, 228, 230, 237, 233, 236, 235,
    237, 239, 235, 237, 236, 239, 239, 236, 235, 236 ]
RHandPositionsX: [ 178, 176, 180, 176, 180, 176, 180, 177, 177, 177, 178,
    176, 176, 176, 179, 180, 176, 178, 178, 178, 177, 180, 176, 178, 178,
    177, 180, 177, 178, 175, 175, 176, 176, 175, 176, 179, 177, 178, 178,
    176, 177, 176, 176, 176, 177, 176, 176, 176, 174, 176, 177, 177, 176,
    177, 174, 176, 175, 177, 176, 176, 175, 174, 178, 177, 177, 177, 175,
    176, 177, 177, 176, 178, 177, 175, 177, 174, 175, 176, 175, 176, 177,
    178, 178, 178, 178, 177, 176, 174, 176, 178, 178 ]
RHandPositionsY: [ 256, 257, 259, 256, 256, 260, 256, 259, 258, 256, 259,
    257, 260, 256, 258, 260, 260, 260, 257, 259, 258, 259, 257, 259, 257,
    259, 257, 257, 257, 259, 260, 257, 260, 258, 259, 257, 259, 260, 258,
    256, 258, 256, 257, 260, 260, 260, 258, 260, 257, 256, 260, 259, 256,
    258, 256, 256, 258, 259, 256, 256, 257, 257, 260, 256, 257, 258, 260,
    256, 257, 259, 260, 256, 257, 258, 256, 258, 258, 258, 259, 260, 257,
    257, 260, 260, 256, 258, 259, 257, 258, 256, 260 ]
