%YAML:1.0
---
videoName: "LHShake16.mp4"
gestureLabel: 2
fps: 30
pixelSizeInCmTemp: 3.3732394366197183e-01
faceCenterPointX: 247
faceCenterPointY: 66
LHandPositionsX: [ 325, 326, 327, 327, 331, 338, 347, 354, 365, 372, 385,
    394, 404, 409, 404, 401, 398, 393, 376, 361, 356, 357, 363, 373, 382,
    399, 394, 391, 391, 384, 373, 369, 368, 369, 371, 379, 390, 388, 404,
    395, 386, 374, 367, 368, 366, 371, 376, 383, 399, 406, 398, 383, 373,
    363, 365, 363, 363, 366, 373, 394, 389, 383, 390, 382, 372, 365, 355,
    351, 343, 336, 334, 334, 332, 329, 332, 331, 328, 329, 329, 328, 327,
    328, 329, 325, 328, 329, 326, 325, 327, 325, 327 ]
LHandPositionsY: [ 255, 255, 251, 254, 251, 243, 232, 222, 209, 197, 182,
    169, 156, 147, 142, 137, 121, 118, 116, 113, 118, 121, 124, 114, 115,
    114, 117, 118, 116, 115, 119, 129, 130, 132, 126, 121, 119, 120, 122,
    116, 116, 125, 131, 134, 134, 135, 132, 125, 127, 121, 124, 131, 138,
    145, 144, 147, 144, 143, 134, 129, 128, 129, 126, 132, 142, 151, 160,
    171, 181, 196, 208, 217, 224, 229, 229, 233, 237, 236, 238, 239, 240,
    243, 240, 243, 245, 244, 241, 245, 241, 242, 242 ]
RHandPositionsX: [ 175, 178, 179, 177, 176, 177, 176, 175, 175, 177, 176,
    179, 175, 178, 178, 175, 178, 175, 177, 178, 175, 175, 178, 178, 175,
    176, 175, 177, 178, 176, 179, 179, 177, 175, 179, 175, 179, 176, 178,
    176, 177, 176, 177, 179, 177, 177, 177, 177, 175, 177, 175, 179, 176,
    176, 178, 175, 178, 176, 178, 175, 177, 178, 179, 176, 177, 179, 177,
    179, 175, 176, 176, 175, 176, 176, 179, 175, 178, 178, 178, 176, 177,
    175, 178, 176, 177, 176, 179, 179, 177, 178, 177 ]
RHandPositionsY: [ 260, 258, 262, 261, 261, 261, 260, 259, 262, 259, 262,
    258, 260, 260, 258, 261, 260, 260, 259, 258, 260, 260, 259, 258, 259,
    258, 262, 260, 262, 258, 262, 258, 258, 261, 259, 261, 260, 262, 261,
    260, 259, 259, 261, 262, 261, 260, 260, 259, 262, 258, 259, 260, 258,
    262, 259, 259, 262, 261, 261, 261, 262, 258, 260, 258, 259, 258, 261,
    261, 260, 258, 262, 262, 261, 261, 259, 261, 259, 262, 262, 262, 261,
    258, 258, 261, 262, 258, 261, 258, 260, 261, 261 ]
