%YAML:1.0
---
videoName: "LHShake08.mp4"
gestureLabel: 2
fps: 29
pixelSizeInCmTemp: 3.4710144927536229e-01
faceCenterPointX: 261
faceCenterPointY: 69
LHandPositionsX: [ 339, 340, 345, 345, 351, 347, 355, 362, 368, 371, 373,
    374, 376, 366, 357, 346, 339, 339, 339, 341, 350, 357, 368, 363, 363,
    359, 359, 353, 343, 338, 339, 340, 344, 352, 356, 368, 365, 366, 365,
    364, 351, 344, 338, 335, 335, 337, 342, 348, 355, 357, 356, 358, 355,
    349, 345, 344, 345, 342, 343, 350, 355, 363, 374, 369, 371, 372, 366,
    360, 351, 347, 341, 337, 330, 332, 334, 333, 336, 336, 337, 338, 338,
    338, 335, 338, 337, 335, 336, 338 ]
LHandPositionsY: [ 269, 265, 263, 257, 252, 238, 221, 199, 188, 176, 161,
    153, 142, 146, 145, 148, 148, 153, 152, 150, 148, 147, 141, 139, 140,
    140, 142, 146, 148, 154, 154, 151, 153, 152, 150, 147, 148, 148, 149,
    151, 150, 153, 160, 158, 162, 160, 162, 159, 154, 153, 156, 156, 152,
    157, 160, 161, 161, 163, 162, 158, 157, 148, 147, 146, 144, 146, 149,
    152, 162, 168, 175, 187, 196, 208, 222, 233, 245, 243, 250, 249, 254,
    255, 255, 254, 254, 259, 258, 255 ]
RHandPositionsX: [ 175, 175, 176, 174, 176, 173, 175, 172, 175, 172, 172,
    176, 172, 172, 172, 176, 174, 174, 175, 172, 176, 172, 173, 172, 176,
    175, 172, 176, 174, 172, 174, 174, 175, 174, 173, 173, 174, 176, 176,
    174, 177, 176, 174, 176, 178, 174, 174, 178, 178, 177, 178, 177, 177,
    178, 175, 176, 177, 174, 177, 178, 176, 178, 176, 177, 174, 175, 177,
    178, 176, 178, 177, 175, 176, 178, 174, 174, 176, 177, 177, 176, 178,
    177, 177, 178, 175, 176, 174, 177 ]
RHandPositionsY: [ 276, 274, 276, 276, 273, 273, 277, 273, 273, 274, 275,
    275, 274, 277, 277, 276, 277, 276, 274, 275, 275, 276, 275, 275, 274,
    275, 277, 276, 277, 276, 273, 273, 275, 273, 275, 273, 274, 273, 276,
    277, 277, 275, 274, 273, 274, 276, 276, 276, 273, 275, 276, 273, 276,
    273, 274, 273, 275, 277, 274, 277, 273, 273, 275, 276, 274, 274, 276,
    273, 277, 277, 277, 276, 276, 275, 277, 274, 277, 273, 274, 275, 275,
    273, 274, 277, 274, 274, 277, 277 ]
