%YAML:1.0
---
videoName: "LHShake19.mp4"
gestureLabel: 2
fps: 29
pixelSizeInCmTemp: 3.3732394366197183e-01
faceCenterPointX: 250
faceCenterPointY: 62
LHandPositionsX: [ 306, 305, 309, 307, 309, 309, 309, 305, 305, 308, 309,
    306, 307, 305, 305, 308, 313, 314, 321, 323, 324, 320, 310, 290, 285,
    287, 293, 300, 304, 313, 316, 312, 304, 297, 290, 287, 292, 300, 309,
    318, 317, 314, 303, 290, 289, 292, 301, 305, 314, 312, 309, 307, 296,
    291, 298, 299, 307, 313, 317, 317, 313, 311, 306, 302, 296, 291, 291,
    291, 298, 301, 301, 300, 305, 304, 306, 308, 306, 307, 310, 310, 307,
    307, 309, 310, 309, 308, 310, 311 ]
LHandPositionsY: [ 250, 249, 249, 248, 249, 252, 248, 249, 251, 248, 249,
    249, 249, 250, 245, 237, 229, 213, 205, 192, 179, 169, 164, 163, 155,
    153, 159, 157, 157, 153, 154, 152, 154, 152, 151, 147, 155, 155, 152,
    152, 151, 153, 155, 148, 147, 154, 154, 152, 155, 152, 151, 157, 147,
    143, 153, 158, 156, 152, 155, 151, 151, 156, 158, 164, 168, 171, 181,
    188, 196, 209, 214, 217, 217, 220, 223, 227, 231, 234, 238, 238, 238,
    235, 239, 239, 239, 239, 238, 238 ]
RHandPositionsX: [ 199, 198, 198, 197, 196, 197, 195, 196, 198, 196, 195,
    198, 197, 197, 195, 199, 197, 199, 198, 197, 195, 197, 199, 197, 194,
    194, 198, 196, 198, 195, 194, 193, 194, 193, 193, 194, 192, 195, 196,
    193, 193, 195, 194, 191, 192, 192, 192, 195, 193, 194, 195, 191, 191,
    194, 195, 195, 195, 194, 193, 192, 193, 195, 192, 195, 192, 191, 195,
    193, 195, 191, 192, 195, 192, 195, 193, 193, 192, 195, 194, 191, 194,
    193, 193, 192, 194, 192, 195, 191 ]
RHandPositionsY: [ 254, 255, 254, 257, 255, 254, 256, 255, 255, 257, 258,
    258, 257, 255, 256, 254, 258, 256, 254, 256, 255, 258, 255, 255, 257,
    256, 257, 255, 258, 256, 256, 256, 255, 254, 256, 256, 255, 257, 257,
    256, 255, 254, 255, 257, 254, 258, 255, 257, 258, 258, 255, 255, 255,
    255, 254, 257, 255, 258, 256, 254, 258, 258, 258, 258, 256, 258, 256,
    258, 255, 254, 257, 254, 255, 257, 254, 256, 254, 257, 255, 257, 256,
    255, 256, 258, 256, 256, 256, 257 ]
