%YAML:1.0
---
videoName: "LHShake17.mp4"
gestureLabel: 2
fps: 30
pixelSizeInCmTemp: 3.3732394366197183e-01
faceCenterPointX: 248
faceCenterPointY: 64
LHandPositionsX: [ 324, 321, 325, 322, 323, 323, 324, 327, 328, 337, 342,
    353, 363, 375, 388, 399, 406, 409, 401, 387, 374, 361, 351, 352, 350,
    359, 372, 381, 378, 383, 376, 362, 350, 348, 347, 349, 354, 366, 366,
    366, 364, 362, 354, 353, 349, 354, 367, 370, 374, 375, 374, 372, 362,
    352, 345, 349, 347, 356, 360, 363, 362, 367, 366, 356, 350, 345, 339,
    336, 334, 334, 332, 331, 329, 330, 331, 330, 327, 325, 327, 326, 327,
    324, 325, 323, 326, 325, 324, 326, 325, 325, 324 ]
LHandPositionsY: [ 250, 249, 250, 248, 248, 250, 247, 245, 245, 232, 217,
    200, 188, 173, 159, 142, 131, 123, 114, 114, 124, 131, 134, 133, 135,
    134, 122, 117, 119, 119, 117, 129, 137, 140, 141, 138, 123, 118, 116,
    118, 116, 116, 126, 133, 134, 134, 122, 121, 123, 125, 122, 122, 129,
    137, 141, 141, 141, 127, 125, 122, 123, 122, 123, 128, 135, 146, 150,
    162, 172, 180, 194, 207, 218, 219, 223, 229, 232, 234, 234, 235, 237,
    235, 240, 237, 238, 239, 237, 237, 236, 237, 238 ]
RHandPositionsX: [ 178, 178, 178, 180, 178, 178, 177, 177, 178, 179, 178,
    176, 176, 177, 178, 177, 176, 179, 180, 180, 178, 176, 179, 177, 180,
    179, 179, 179, 178, 176, 177, 178, 177, 177, 176, 177, 177, 175, 177,
    178, 176, 178, 175, 174, 177, 174, 178, 176, 176, 176, 177, 177, 175,
    177, 177, 176, 174, 178, 178, 176, 174, 176, 175, 178, 175, 175, 176,
    176, 178, 176, 176, 178, 174, 174, 177, 175, 174, 176, 177, 174, 177,
    174, 174, 175, 177, 177, 174, 174, 178, 178, 177 ]
RHandPositionsY: [ 260, 259, 259, 259, 256, 258, 259, 259, 258, 260, 256,
    258, 258, 256, 260, 258, 260, 256, 256, 257, 257, 257, 258, 259, 256,
    258, 258, 260, 256, 258, 258, 256, 256, 256, 260, 257, 257, 260, 257,
    259, 258, 256, 256, 257, 256, 256, 257, 256, 258, 256, 259, 258, 256,
    259, 259, 256, 258, 259, 256, 256, 260, 260, 257, 259, 259, 256, 256,
    259, 260, 260, 259, 260, 259, 256, 259, 259, 257, 260, 256, 256, 259,
    259, 256, 260, 258, 257, 257, 260, 256, 259, 258 ]
