%YAML:1.0
---
videoName: "LHShake06.mp4"
gestureLabel: 2
fps: 29
pixelSizeInCmTemp: 3.3732394366197183e-01
faceCenterPointX: 250
faceCenterPointY: 80
LHandPositionsX: [ 383, 386, 385, 384, 383, 379, 374, 370, 370, 369, 375,
    386, 387, 394, 393, 395, 392, 387, 377, 374, 377, 379, 384, 387, 391,
    391, 393, 388, 386, 380, 378, 379, 386, 387, 392, 389, 388, 384, 380,
    382, 379, 383, 383, 389, 391, 392, 388, 384, 383, 378, 380, 384, 387,
    391, 397, 401, 396, 398, 394, 385, 378, 370, 358, 361, 356, 345, 337,
    326, 319, 310, 305, 306, 306, 305, 304, 301, 303, 300, 303, 299, 302,
    298, 300, 302, 300, 299, 300, 298 ]
LHandPositionsY: [ 148, 146, 144, 139, 140, 138, 136, 139, 135, 134, 134,
    129, 128, 129, 127, 126, 132, 130, 131, 134, 135, 134, 129, 128, 129,
    128, 128, 127, 128, 127, 127, 127, 130, 125, 127, 125, 128, 128, 127,
    127, 125, 127, 125, 124, 124, 125, 127, 127, 125, 128, 127, 128, 124,
    121, 120, 122, 122, 124, 126, 128, 130, 140, 146, 151, 161, 176, 190,
    208, 213, 225, 229, 232, 239, 242, 246, 248, 252, 250, 250, 253, 252,
    253, 256, 255, 256, 253, 253, 258 ]
RHandPositionsX: [ 212, 214, 212, 209, 213, 211, 210, 213, 210, 211, 213,
    212, 211, 211, 211, 211, 213, 209, 213, 210, 210, 213, 213, 213, 211,
    213, 211, 213, 211, 212, 210, 210, 211, 210, 210, 208, 211, 212, 210,
    209, 210, 210, 212, 212, 208, 211, 208, 207, 210, 211, 210, 210, 210,
    209, 208, 210, 211, 207, 210, 210, 211, 210, 210, 211, 211, 210, 211,
    211, 208, 210, 211, 211, 208, 209, 211, 210, 211, 211, 208, 209, 211,
    212, 209, 210, 212, 213, 209, 210 ]
RHandPositionsY: [ 271, 269, 269, 267, 270, 270, 268, 267, 271, 270, 269,
    270, 266, 267, 268, 268, 270, 269, 266, 266, 268, 265, 268, 267, 265,
    267, 267, 268, 267, 266, 265, 267, 265, 265, 267, 266, 267, 269, 266,
    265, 269, 267, 267, 269, 269, 268, 266, 269, 269, 267, 267, 265, 265,
    265, 268, 267, 267, 269, 265, 269, 266, 267, 265, 268, 269, 265, 269,
    265, 268, 269, 268, 265, 267, 268, 266, 267, 265, 267, 265, 266, 265,
    268, 266, 266, 265, 269, 269, 267 ]
