%YAML:1.0
---
videoName: "LHShake18.mp4"
gestureLabel: 2
fps: 29
pixelSizeInCmTemp: 3.4214285714285714e-01
faceCenterPointX: 253
faceCenterPointY: 65
LHandPositionsX: [ 311, 312, 315, 311, 311, 311, 315, 314, 314, 311, 315,
    312, 315, 315, 313, 315, 313, 315, 325, 322, 331, 338, 346, 346, 352,
    349, 337, 324, 313, 298, 304, 306, 306, 314, 310, 311, 312, 305, 297,
    292, 294, 301, 308, 313, 310, 312, 306, 299, 289, 284, 284, 295, 307,
    314, 314, 311, 308, 293, 287, 288, 296, 300, 309, 310, 312, 309, 306,
    292, 296, 298, 306, 304, 308, 312, 315, 310, 304, 308, 307, 304, 306,
    307, 309, 308, 308, 307, 307, 308 ]
LHandPositionsY: [ 247, 248, 247, 248, 249, 248, 249, 247, 248, 248, 246,
    250, 247, 247, 250, 247, 248, 250, 243, 234, 220, 202, 191, 179, 166,
    161, 154, 145, 146, 139, 135, 145, 145, 144, 138, 143, 140, 148, 146,
    137, 135, 143, 146, 148, 144, 145, 147, 145, 146, 139, 143, 149, 148,
    149, 146, 148, 151, 141, 143, 145, 150, 151, 155, 152, 151, 154, 159,
    145, 145, 152, 153, 154, 151, 156, 162, 169, 175, 186, 198, 206, 216,
    215, 222, 230, 232, 231, 233, 235 ]
RHandPositionsX: [ 195, 198, 196, 198, 197, 199, 196, 197, 195, 199, 199,
    196, 195, 199, 199, 199, 198, 199, 197, 198, 195, 196, 197, 198, 196,
    195, 198, 196, 198, 198, 195, 197, 199, 198, 199, 197, 196, 199, 198,
    196, 198, 199, 196, 198, 199, 199, 195, 200, 200, 197, 199, 198, 198,
    199, 198, 198, 198, 199, 199, 199, 195, 199, 199, 199, 195, 194, 197,
    198, 196, 197, 198, 196, 196, 194, 196, 195, 195, 196, 194, 196, 198,
    194, 198, 195, 198, 195, 198, 196 ]
RHandPositionsY: [ 265, 263, 266, 263, 264, 264, 267, 264, 263, 263, 265,
    267, 264, 266, 265, 263, 265, 266, 265, 263, 265, 264, 264, 264, 263,
    266, 263, 265, 264, 263, 263, 262, 267, 266, 264, 263, 266, 264, 268,
    265, 265, 264, 266, 266, 266, 264, 264, 264, 266, 267, 264, 265, 266,
    265, 266, 266, 268, 268, 265, 267, 265, 266, 266, 269, 268, 266, 264,
    267, 266, 266, 264, 265, 264, 268, 267, 264, 266, 265, 268, 266, 268,
    268, 266, 264, 264, 266, 266, 266 ]
