%YAML:1.0
---
videoName: "LHShake08.mp4"
gestureLabel: 2
fps: 29
pixelSizeInCmTemp: 3.4710144927536229e-01
faceCenterPointX: 261
faceCenterPointY: 69
LHandPositionsX: [ 341, 341, 342, 347, 352, 344, 355, 365, 367, 372, 376,
    373, 376, 369, 359, 347, 338, 339, 342, 341, 351, 357, 368, 363, 364,
    361, 357, 353, 343, 339, 342, 336, 342, 349, 359, 368, 365, 368, 369,
    360, 354, 346, 339, 337, 334, 339, 340, 348, 359, 357, 355, 356, 357,
    352, 347, 341, 342, 343, 345, 349, 354, 363, 373, 372, 368, 369, 364,
    359, 350, 347, 337, 337, 330, 332, 332, 335, 338, 336, 336, 335, 336,
    337, 339, 335, 337, 339, 336, 337 ]
LHandPositionsY: [ 266, 266, 263, 254, 248, 237, 221, 198, 187, 174, 165,
    157, 142, 142, 143, 147, 152, 149, 150, 150, 149, 145, 137, 137, 137,
    136, 143, 147, 147, 153, 150, 152, 152, 151, 149, 146, 149, 148, 147,
    148, 154, 157, 161, 158, 159, 160, 162, 159, 157, 153, 157, 155, 155,
    156, 162, 162, 162, 162, 163, 157, 153, 150, 144, 145, 144, 145, 147,
    152, 161, 169, 177, 187, 194, 209, 219, 231, 246, 246, 248, 250, 254,
    254, 253, 255, 254, 256, 254, 258 ]
RHandPositionsX: [ 174, 175, 176, 176, 175, 175, 172, 173, 172, 172, 175,
    172, 175, 173, 174, 176, 173, 173, 176, 175, 175, 174, 174, 172, 173,
    172, 174, 174, 175, 175, 175, 177, 175, 173, 173, 173, 176, 174, 177,
    174, 177, 174, 175, 178, 178, 174, 177, 175, 178, 174, 177, 176, 174,
    176, 174, 177, 175, 177, 174, 178, 178, 178, 178, 175, 174, 177, 178,
    174, 175, 177, 175, 178, 177, 176, 176, 175, 177, 175, 178, 176, 177,
    176, 176, 178, 174, 175, 176, 175 ]
RHandPositionsY: [ 275, 273, 273, 276, 275, 277, 274, 276, 274, 273, 275,
    274, 276, 274, 275, 277, 273, 277, 275, 277, 277, 277, 274, 276, 276,
    274, 276, 273, 275, 275, 274, 273, 274, 277, 274, 277, 273, 276, 275,
    274, 274, 274, 274, 275, 273, 276, 274, 273, 273, 277, 273, 276, 275,
    277, 274, 275, 277, 276, 273, 276, 277, 276, 274, 275, 274, 275, 275,
    275, 276, 275, 277, 275, 275, 275, 273, 273, 273, 273, 275, 276, 273,
    275, 274, 273, 275, 275, 273, 276 ]
