%YAML:1.0
---
videoName: "LHShake14.mp4"
gestureLabel: 2
fps: 29
pixelSizeInCmTemp: 3.2808219178082193e-01
faceCenterPointX: 256
faceCenterPointY: 64
LHandPositionsX: [ 348, 355, 351, 358, 367, 382, 390, 387, 389, 378, 369,
    359, 358, 358, 363, 372, 384, 385, 384, 379, 372, 362, 352, 353, 351,
    360, 368, 379, 387, 384, 383, 375, 368, 360, 360, 358, 363, 368, 383,
    379, 383, 376, 368, 359, 362, 359, 360, 365, 373, 377, 375, 377, 371,
    367, 355, 349, 342, 335, 334, 329, 328, 332, 327, 327, 331, 333, 329,
    329, 329, 328, 331, 332, 330, 331, 327, 330, 328, 327, 329, 328, 330,
    329, 327, 331, 329, 331, 327, 331 ]
LHandPositionsY: [ 145, 148, 144, 144, 139, 137, 139, 141, 140, 143, 144,
    146, 150, 147, 147, 144, 141, 141, 137, 140, 142, 143, 148, 145, 146,
    149, 148, 143, 143, 140, 140, 142, 143, 144, 144, 148, 145, 145, 144,
    145, 144, 140, 140, 142, 142, 144, 142, 142, 138, 141, 143, 146, 148,
    156, 159, 169, 179, 188, 198, 209, 220, 234, 235, 236, 241, 244, 250,
    249, 251, 248, 253, 248, 252, 248, 252, 250, 252, 250, 250, 251, 251,
    249, 251, 250, 250, 249, 249, 252 ]
RHandPositionsX: [ 183, 184, 181, 182, 183, 181, 181, 183, 181, 180, 178,
    182, 178, 182, 180, 179, 176, 176, 179, 179, 179, 179, 176, 177, 176,
    176, 179, 178, 178, 175, 177, 175, 178, 178, 176, 178, 175, 175, 176,
    179, 177, 175, 175, 176, 178, 178, 176, 175, 176, 179, 177, 177, 176,
    179, 178, 178, 178, 178, 176, 179, 179, 178, 175, 177, 178, 175, 179,
    179, 177, 177, 177, 178, 178, 176, 176, 176, 176, 178, 179, 178, 177,
    176, 179, 175, 177, 175, 178, 177 ]
RHandPositionsY: [ 280, 278, 278, 276, 275, 276, 276, 275, 275, 276, 278,
    278, 277, 276, 276, 275, 275, 277, 274, 273, 276, 276, 277, 276, 275,
    274, 274, 273, 276, 274, 274, 277, 274, 277, 276, 277, 273, 276, 277,
    275, 276, 273, 277, 276, 274, 274, 277, 274, 273, 273, 273, 277, 274,
    274, 274, 276, 277, 275, 276, 273, 274, 276, 273, 274, 276, 277, 274,
    274, 277, 273, 274, 274, 275, 274, 275, 276, 275, 277, 274, 277, 276,
    276, 274, 273, 277, 276, 277, 274 ]
