%YAML:1.0
---
videoName: "LHShake11.mp4"
gestureLabel: 2
fps: 29
pixelSizeInCmTemp: 3.3732394366197183e-01
faceCenterPointX: 260
faceCenterPointY: 69
LHandPositionsX: [ 384, 386, 384, 377, 365, 353, 350, 351, 344, 347, 357,
    359, 367, 362, 365, 363, 357, 349, 345, 349, 347, 347, 351, 356, 360,
    357, 360, 356, 350, 345, 348, 345, 351, 350, 356, 352, 351, 353, 345,
    344, 340, 341, 341, 341, 347, 354, 355, 354, 354, 358, 354, 342, 337,
    342, 339, 340, 349, 353, 358, 358, 361, 361, 360, 354, 349, 343, 338,
    330, 332, 328, 328, 329, 331, 332, 335, 333, 335, 335, 331, 332, 331,
    333, 332, 335, 332, 333, 331, 335 ]
LHandPositionsY: [ 174, 160, 151, 142, 143, 144, 147, 146, 148, 137, 128,
    125, 125, 127, 129, 129, 133, 138, 143, 142, 143, 133, 128, 131, 129,
    129, 129, 135, 140, 147, 143, 143, 146, 137, 133, 135, 137, 133, 134,
    139, 146, 146, 143, 143, 143, 134, 132, 134, 133, 129, 135, 139, 147,
    143, 145, 146, 146, 140, 136, 135, 137, 144, 147, 156, 167, 175, 190,
    205, 216, 227, 231, 231, 237, 240, 244, 246, 248, 246, 250, 252, 252,
    251, 251, 250, 250, 248, 249, 249 ]
RHandPositionsX: [ 180, 183, 180, 182, 180, 179, 180, 181, 181, 181, 179,
    179, 183, 179, 179, 182, 183, 183, 183, 183, 183, 181, 182, 180, 180,
    179, 181, 182, 182, 182, 180, 179, 180, 179, 181, 182, 183, 182, 181,
    179, 182, 181, 180, 179, 182, 180, 182, 182, 180, 181, 179, 182, 182,
    179, 181, 181, 183, 179, 183, 181, 183, 182, 179, 181, 179, 183, 182,
    182, 181, 179, 179, 179, 183, 183, 179, 183, 179, 182, 182, 179, 181,
    181, 182, 179, 183, 180, 180, 183 ]
RHandPositionsY: [ 276, 273, 274, 276, 273, 277, 277, 274, 274, 276, 274,
    274, 276, 276, 273, 273, 273, 275, 276, 275, 273, 276, 274, 273, 273,
    273, 275, 277, 276, 277, 273, 274, 274, 274, 274, 273, 274, 274, 273,
    275, 276, 276, 277, 274, 275, 273, 277, 274, 273, 274, 274, 277, 276,
    275, 276, 276, 274, 277, 277, 276, 273, 273, 275, 273, 276, 273, 274,
    274, 277, 274, 273, 276, 276, 276, 276, 276, 274, 275, 275, 273, 276,
    277, 273, 275, 273, 275, 276, 274 ]
