%YAML:1.0
---
videoName: "LHShake02.mp4"
gestureLabel: 2
fps: 29
pixelSizeInCmTemp: 3.3263888888888887e-01
faceCenterPointX: 249
faceCenterPointY: 82
LHandPositionsX: [ 361, 359, 361, 369, 371, 381, 384, 387, 385, 385, 384,
    378, 371, 367, 363, 365, 363, 364, 372, 378, 382, 386, 383, 378, 375,
    369, 367, 366, 362, 363, 368, 372, 374, 378, 375, 379, 380, 377, 372,
    370, 362, 361, 359, 358, 358, 362, 363, 369, 370, 372, 371, 369, 365,
    361, 357, 356, 363, 363, 368, 371, 369, 369, 365, 364, 356, 352, 350,
    346, 344, 342, 344, 342, 340, 341, 345, 342, 343, 348, 347, 346, 347,
    350, 350, 348, 347, 348, 347, 347 ]
LHandPositionsY: [ 124, 123, 118, 117, 113, 110, 110, 108, 108, 109, 111,
    110, 112, 111, 112, 113, 111, 108, 108, 107, 102, 101, 102, 104, 105,
    109, 109, 108, 108, 108, 104, 103, 98, 101, 99, 96, 95, 98, 99, 99,
    99, 100, 100, 105, 102, 104, 100, 98, 100, 101, 100, 105, 108, 109,
    108, 108, 108, 105, 107, 107, 103, 102, 105, 107, 120, 135, 150, 162,
    162, 169, 179, 186, 194, 200, 207, 212, 217, 220, 226, 231, 230, 229,
    232, 234, 234, 235, 234, 238 ]
RHandPositionsX: [ 157, 154, 157, 153, 154, 155, 154, 155, 156, 154, 156,
    157, 154, 154, 153, 155, 153, 154, 155, 153, 153, 153, 154, 155, 157,
    156, 156, 157, 156, 157, 153, 156, 157, 155, 157, 157, 157, 156, 156,
    153, 154, 155, 154, 155, 153, 155, 153, 153, 157, 154, 157, 155, 156,
    153, 156, 153, 157, 157, 157, 157, 153, 153, 154, 154, 153, 157, 157,
    157, 155, 154, 156, 153, 155, 156, 156, 156, 156, 156, 156, 153, 153,
    156, 154, 153, 157, 155, 157, 155 ]
RHandPositionsY: [ 262, 262, 262, 264, 263, 263, 263, 260, 263, 259, 263,
    261, 260, 259, 258, 259, 262, 261, 261, 262, 260, 261, 261, 261, 260,
    261, 260, 261, 258, 260, 258, 258, 262, 259, 259, 261, 262, 260, 262,
    261, 262, 259, 259, 259, 262, 260, 261, 260, 261, 261, 261, 259, 258,
    260, 261, 259, 258, 261, 261, 260, 261, 258, 262, 259, 258, 260, 260,
    260, 258, 262, 259, 262, 259, 261, 261, 258, 260, 258, 259, 258, 261,
    260, 258, 261, 258, 262, 259, 262 ]
