%YAML:1.0
---
videoName: "LHShake21.mp4"
gestureLabel: 2
fps: 29
pixelSizeInCmTemp: 3.4214285714285714e-01
faceCenterPointX: 266
faceCenterPointY: 79
LHandPositionsX: [ 347, 352, 363, 374, 385, 395, 396, 408, 422, 415, 417,
    400, 388, 376, 374, 375, 376, 377, 387, 403, 402, 400, 397, 392, 385,
    375, 369, 374, 371, 373, 378, 392, 387, 384, 384, 380, 376, 369, 367,
    366, 367, 368, 376, 390, 386, 386, 399, 392, 380, 371, 363, 366, 363,
    368, 375, 378, 386, 386, 386, 388, 388, 383, 375, 367, 358, 349, 342,
    341, 335, 336, 334, 335, 333, 335, 336, 333, 333, 333, 332, 334, 334,
    334, 334, 332, 330, 330, 332, 330 ]
LHandPositionsY: [ 271, 263, 247, 228, 211, 192, 183, 169, 152, 153, 137,
    132, 134, 136, 131, 135, 130, 127, 127, 130, 130, 128, 130, 135, 138,
    134, 144, 144, 142, 134, 137, 130, 134, 134, 134, 137, 135, 146, 148,
    147, 148, 144, 138, 139, 136, 136, 136, 137, 139, 148, 151, 153, 153,
    154, 153, 145, 143, 141, 143, 150, 153, 160, 169, 177, 190, 203, 215,
    224, 239, 240, 241, 247, 249, 249, 248, 252, 252, 253, 251, 250, 252,
    252, 253, 251, 252, 253, 254, 254 ]
RHandPositionsX: [ 185, 187, 187, 184, 188, 184, 188, 185, 184, 188, 184,
    186, 188, 185, 187, 185, 185, 188, 187, 185, 184, 188, 184, 187, 188,
    188, 187, 187, 184, 184, 188, 185, 185, 187, 187, 186, 187, 185, 185,
    188, 184, 187, 185, 187, 185, 185, 184, 185, 188, 185, 185, 184, 185,
    185, 188, 187, 188, 186, 187, 187, 187, 186, 188, 185, 187, 188, 185,
    188, 186, 185, 187, 188, 184, 185, 188, 187, 187, 187, 185, 187, 186,
    187, 185, 186, 188, 188, 185, 184 ]
RHandPositionsY: [ 266, 268, 268, 267, 265, 268, 268, 265, 269, 268, 265,
    267, 265, 268, 268, 269, 269, 267, 267, 267, 269, 269, 267, 265, 269,
    266, 269, 267, 269, 268, 268, 266, 266, 267, 269, 267, 269, 267, 266,
    268, 267, 268, 266, 265, 265, 268, 265, 269, 267, 267, 266, 265, 268,
    268, 265, 266, 266, 268, 267, 266, 268, 268, 268, 268, 267, 269, 267,
    269, 267, 267, 265, 269, 265, 267, 266, 265, 269, 268, 266, 269, 268,
    267, 266, 267, 269, 266, 267, 268 ]
