%YAML:1.0
---
videoName: "LHShake20.mp4"
gestureLabel: 2
fps: 30
pixelSizeInCmTemp: 3.3732394366197183e-01
faceCenterPointX: 249
faceCenterPointY: 62
LHandPositionsX: [ 313, 314, 312, 312, 314, 317, 316, 313, 314, 315, 320,
    329, 335, 340, 342, 338, 329, 318, 312, 315, 311, 312, 315, 326, 338,
    340, 337, 340, 331, 320, 320, 320, 316, 323, 335, 342, 342, 337, 332,
    323, 325, 323, 323, 325, 335, 330, 328, 330, 322, 320, 321, 319, 319,
    323, 326, 330, 331, 326, 324, 320, 319, 319, 319, 319, 320, 321, 320,
    321, 317, 313, 314, 312, 315, 313, 314, 313, 315, 316, 313, 312, 316,
    313, 314, 313, 316, 314, 316, 313, 316, 313, 316 ]
LHandPositionsY: [ 248, 248, 247, 250, 250, 248, 246, 242, 238, 226, 216,
    203, 188, 177, 173, 164, 159, 160, 159, 161, 161, 154, 150, 148, 144,
    143, 144, 143, 143, 143, 147, 150, 149, 143, 144, 144, 141, 142, 144,
    146, 148, 148, 144, 143, 143, 139, 139, 143, 140, 147, 150, 146, 148,
    141, 139, 136, 135, 135, 138, 141, 144, 142, 144, 148, 146, 148, 161,
    169, 179, 189, 203, 214, 215, 221, 225, 229, 231, 231, 230, 233, 231,
    235, 236, 236, 235, 239, 237, 236, 240, 237, 238 ]
RHandPositionsX: [ 180, 180, 182, 179, 179, 183, 179, 179, 182, 179, 181,
    181, 183, 179, 183, 181, 183, 181, 179, 181, 182, 182, 180, 183, 181,
    182, 180, 180, 179, 179, 179, 181, 182, 183, 180, 182, 183, 181, 181,
    182, 181, 179, 180, 182, 180, 179, 179, 179, 179, 179, 181, 183, 183,
    183, 179, 182, 179, 182, 183, 181, 181, 182, 181, 182, 182, 182, 182,
    180, 180, 182, 179, 180, 180, 182, 183, 179, 179, 178, 180, 179, 179,
    178, 182, 178, 178, 182, 180, 180, 181, 182, 179 ]
RHandPositionsY: [ 254, 257, 257, 256, 256, 255, 257, 254, 252, 253, 254,
    256, 255, 252, 256, 254, 252, 252, 254, 256, 256, 256, 253, 253, 252,
    254, 254, 253, 256, 256, 254, 252, 252, 251, 254, 252, 254, 254, 251,
    252, 254, 253, 254, 252, 251, 251, 253, 251, 255, 253, 254, 253, 251,
    252, 251, 253, 251, 251, 253, 255, 255, 252, 253, 252, 253, 251, 254,
    251, 253, 253, 255, 253, 252, 254, 253, 255, 254, 253, 255, 251, 252,
    251, 253, 253, 253, 251, 254, 253, 253, 251, 252 ]
