%YAML:1.0
---
videoName: "LHShake18.mp4"
gestureLabel: 2
fps: 29
pixelSizeInCmTemp: 3.4214285714285714e-01
faceCenterPointX: 253
faceCenterPointY: 65
LHandPositionsX: [ 314, 312, 315, 315, 311, 315, 311, 312, 313, 312, 312,
    314, 314, 311, 314, 312, 314, 318, 325, 323, 330, 339, 343, 348, 348,
    348, 340, 326, 314, 299, 300, 306, 307, 311, 313, 313, 312, 305, 300,
    293, 293, 299, 307, 312, 312, 311, 308, 296, 289, 284, 284, 297, 306,
    316, 314, 310, 304, 295, 287, 289, 296, 299, 309, 306, 308, 306, 306,
    292, 294, 300, 303, 306, 307, 312, 315, 312, 306, 305, 303, 305, 308,
    305, 306, 309, 307, 307, 310, 308 ]
LHandPositionsY: [ 247, 249, 248, 247, 247, 249, 248, 247, 246, 247, 250,
    247, 249, 250, 246, 249, 248, 248, 244, 234, 220, 201, 189, 177, 165,
    161, 151, 146, 147, 136, 137, 145, 144, 140, 141, 140, 142, 146, 143,
    137, 134, 145, 148, 145, 147, 145, 149, 147, 144, 140, 141, 149, 146,
    150, 148, 149, 151, 145, 143, 145, 148, 154, 153, 153, 153, 153, 156,
    149, 148, 150, 156, 155, 155, 157, 160, 166, 174, 186, 198, 207, 213,
    216, 222, 232, 236, 230, 230, 232 ]
RHandPositionsX: [ 197, 198, 195, 197, 197, 199, 198, 199, 199, 199, 197,
    195, 196, 198, 199, 196, 199, 197, 197, 195, 197, 196, 199, 199, 197,
    199, 197, 194, 195, 198, 197, 195, 198, 197, 198, 197, 196, 199, 200,
    195, 199, 197, 195, 197, 195, 195, 198, 198, 196, 197, 198, 199, 198,
    196, 198, 196, 200, 197, 199, 198, 196, 195, 198, 195, 195, 197, 196,
    199, 195, 198, 194, 196, 194, 197, 198, 195, 196, 196, 195, 196, 194,
    196, 198, 197, 197, 195, 197, 198 ]
RHandPositionsY: [ 264, 263, 264, 263, 262, 265, 266, 267, 265, 264, 264,
    263, 264, 265, 267, 266, 267, 267, 267, 265, 263, 266, 263, 267, 265,
    266, 266, 263, 263, 266, 262, 264, 267, 264, 266, 267, 267, 266, 266,
    265, 264, 265, 266, 264, 264, 266, 264, 268, 268, 266, 264, 268, 266,
    264, 268, 265, 264, 265, 266, 266, 266, 268, 268, 268, 266, 265, 264,
    264, 264, 267, 268, 266, 267, 264, 266, 265, 264, 265, 268, 265, 268,
    265, 266, 267, 268, 268, 267, 267 ]
