%YAML:1.0
---
videoName: "LHShake07.mp4"
gestureLabel: 2
fps: 29
pixelSizeInCmTemp: 3.3732394366197183e-01
faceCenterPointX: 265
faceCenterPointY: 78
LHandPositionsX: [ 349, 346, 350, 356, 362, 370, 374, 388, 389, 392, 394,
    391, 386, 375, 356, 345, 341, 343, 342, 341, 349, 363, 370, 367, 365,
    366, 362, 341, 343, 345, 343, 349, 357, 356, 369, 369, 365, 364, 359,
    351, 347, 348, 348, 353, 357, 362, 362, 360, 366, 360, 337, 329, 333,
    332, 344, 355, 368, 376, 373, 382, 370, 366, 354, 346, 340, 338, 336,
    335, 334, 337, 339, 342, 344, 344, 340, 341, 342, 341, 342, 342, 340,
    340, 343, 340, 340, 344, 341, 343 ]
LHandPositionsY: [ 276, 279, 271, 267, 256, 249, 234, 220, 201, 190, 176,
    162, 150, 141, 140, 138, 146, 144, 148, 147, 144, 136, 134, 136, 137,
    135, 134, 136, 143, 144, 138, 131, 133, 134, 127, 126, 126, 129, 136,
    133, 142, 143, 145, 142, 136, 136, 138, 139, 131, 131, 134, 151, 143,
    135, 131, 134, 132, 135, 133, 128, 130, 137, 147, 157, 167, 178, 190,
    205, 216, 231, 242, 253, 252, 254, 257, 262, 261, 265, 266, 266, 266,
    265, 265, 268, 266, 266, 270, 267 ]
RHandPositionsX: [ 181, 181, 183, 183, 184, 183, 183, 181, 182, 183, 185,
    182, 182, 182, 184, 183, 185, 185, 183, 183, 181, 181, 184, 182, 184,
    184, 185, 182, 183, 185, 184, 181, 183, 181, 183, 181, 183, 183, 183,
    185, 183, 181, 182, 184, 181, 183, 182, 185, 184, 184, 184, 184, 183,
    184, 183, 181, 185, 185, 183, 184, 182, 182, 183, 182, 182, 184, 181,
    181, 182, 182, 181, 183, 181, 184, 184, 183, 182, 181, 184, 185, 183,
    183, 185, 182, 181, 181, 183, 184 ]
RHandPositionsY: [ 279, 279, 280, 279, 280, 277, 278, 280, 277, 277, 279,
    280, 280, 280, 279, 276, 279, 276, 277, 280, 280, 276, 277, 279, 280,
    277, 279, 279, 277, 279, 277, 277, 277, 279, 278, 276, 277, 279, 276,
    276, 280, 278, 276, 277, 279, 278, 280, 276, 280, 278, 280, 278, 276,
    279, 277, 280, 278, 277, 280, 280, 279, 276, 276, 280, 280, 278, 276,
    276, 276, 278, 276, 277, 279, 279, 276, 276, 279, 276, 278, 279, 279,
    276, 280, 278, 279, 276, 280, 278 ]
