%YAML:1.0
---
videoName: "LHShake04.mp4"
gestureLabel: 2
fps: 30
pixelSizeInCmTemp: 3.2808219178082193e-01
faceCenterPointX: 247
faceCenterPointY: 80
LHandPositionsX: [ 280, 283, 284, 284, 279, 283, 279, 279, 282, 281, 280,
    278, 282, 283, 283, 286, 291, 298, 308, 322, 332, 348, 357, 369, 373,
    369, 364, 358, 350, 341, 336, 334, 337, 338, 349, 362, 366, 368, 360,
    346, 339, 344, 340, 344, 350, 352, 354, 354, 353, 343, 339, 345, 343,
    348, 356, 357, 355, 350, 344, 349, 347, 349, 355, 360, 363, 365, 363,
    361, 352, 346, 335, 324, 315, 303, 300, 296, 292, 288, 289, 288, 290,
    286, 288, 286, 290, 288, 288, 287, 289, 287, 285 ]
LHandPositionsY: [ 269, 269, 268, 272, 270, 271, 271, 270, 269, 269, 271,
    270, 270, 272, 272, 266, 262, 251, 244, 232, 217, 205, 189, 174, 161,
    160, 153, 151, 137, 132, 133, 131, 125, 118, 118, 113, 108, 108, 114,
    117, 127, 126, 122, 129, 121, 120, 116, 112, 119, 120, 119, 121, 117,
    115, 116, 115, 113, 110, 114, 116, 114, 113, 106, 108, 107, 104, 106,
    109, 128, 142, 155, 173, 184, 199, 215, 225, 236, 243, 243, 247, 249,
    250, 246, 247, 250, 253, 254, 252, 250, 253, 254 ]
RHandPositionsX: [ 216, 217, 218, 214, 215, 217, 217, 214, 217, 214, 218,
    217, 217, 216, 216, 216, 217, 217, 214, 217, 215, 218, 215, 217, 214,
    216, 215, 214, 215, 215, 215, 215, 217, 214, 215, 217, 218, 217, 218,
    215, 217, 215, 215, 214, 216, 214, 215, 218, 214, 216, 216, 218, 218,
    215, 214, 217, 217, 214, 214, 217, 214, 218, 216, 214, 216, 216, 215,
    217, 214, 216, 215, 217, 216, 217, 218, 217, 218, 215, 216, 217, 216,
    214, 214, 214, 216, 215, 216, 215, 218, 218, 217 ]
RHandPositionsY: [ 269, 269, 269, 266, 268, 270, 266, 266, 266, 270, 270,
    267, 265, 269, 268, 269, 269, 266, 267, 267, 267, 266, 266, 267, 264,
    265, 267, 267, 264, 264, 267, 265, 263, 264, 264, 263, 266, 266, 264,
    262, 264, 263, 266, 262, 262, 263, 262, 263, 265, 262, 263, 264, 265,
    265, 262, 265, 264, 263, 264, 263, 263, 261, 261, 265, 264, 263, 261,
    265, 261, 264, 265, 262, 265, 263, 261, 264, 264, 264, 261, 264, 263,
    262, 265, 264, 261, 262, 264, 262, 263, 263, 261 ]
