%YAML:1.0
---
videoName: "LHShake00.mp4"
gestureLabel: 2
fps: 29
pixelSizeInCmTemp: 3.4214285714285714e-01
faceCenterPointX: 252
faceCenterPointY: 85
LHandPositionsX: [ 350, 350, 350, 348, 352, 355, 361, 355, 350, 345, 333,
    326, 321, 322, 323, 325, 326, 331, 338, 335, 339, 340, 330, 328, 325,
    327, 325, 329, 331, 337, 339, 338, 340, 333, 322, 324, 325, 327, 328,
    338, 340, 342, 342, 338, 332, 326, 323, 322, 327, 327, 334, 337, 341,
    342, 343, 338, 326, 325, 323, 323, 326, 333, 333, 337, 339, 338, 342,
    337, 337, 331, 332, 327, 325, 328, 328, 328, 332, 333, 333, 334, 339,
    338, 341, 342, 343, 341, 341, 341 ]
LHandPositionsY: [ 257, 252, 246, 229, 211, 190, 170, 150, 135, 136, 135,
    137, 135, 133, 135, 136, 132, 131, 125, 125, 127, 127, 130, 132, 131,
    132, 132, 129, 132, 126, 122, 120, 125, 126, 135, 132, 134, 132, 135,
    129, 125, 124, 120, 121, 127, 134, 130, 132, 133, 130, 131, 126, 122,
    123, 125, 129, 130, 130, 128, 130, 126, 123, 121, 120, 118, 119, 115,
    125, 137, 151, 158, 165, 165, 175, 184, 191, 202, 206, 214, 221, 224,
    229, 229, 233, 237, 237, 235, 234 ]
RHandPositionsX: [ 153, 155, 155, 153, 152, 154, 155, 156, 155, 152, 154,
    154, 156, 155, 152, 155, 155, 153, 156, 153, 152, 152, 153, 156, 156,
    155, 154, 152, 154, 152, 153, 153, 154, 156, 153, 152, 155, 156, 155,
    154, 155, 154, 154, 154, 154, 155, 152, 154, 155, 156, 154, 155, 155,
    154, 154, 154, 152, 152, 156, 152, 155, 153, 152, 153, 156, 153, 156,
    152, 153, 155, 154, 153, 156, 154, 156, 152, 156, 154, 152, 156, 155,
    156, 153, 154, 152, 156, 156, 153 ]
RHandPositionsY: [ 278, 279, 277, 276, 274, 275, 277, 272, 275, 275, 274,
    270, 272, 270, 272, 269, 270, 271, 268, 269, 269, 267, 269, 265, 267,
    269, 265, 264, 265, 264, 267, 264, 267, 266, 262, 263, 262, 265, 262,
    263, 263, 265, 263, 260, 260, 260, 261, 263, 263, 262, 264, 263, 260,
    263, 263, 264, 263, 260, 260, 263, 264, 262, 263, 262, 260, 264, 261,
    264, 263, 263, 264, 260, 263, 264, 263, 263, 261, 261, 263, 264, 261,
    263, 264, 262, 261, 261, 260, 260 ]
