%YAML:1.0
---
videoName: "LHShake04.mp4"
gestureLabel: 2
fps: 30
pixelSizeInCmTemp: 3.2808219178082193e-01
faceCenterPointX: 247
faceCenterPointY: 80
LHandPositionsX: [ 283, 284, 282, 284, 279, 281, 280, 282, 283, 280, 279,
    280, 280, 282, 281, 283, 287, 300, 308, 322, 335, 345, 359, 366, 370,
    366, 361, 360, 349, 341, 336, 337, 335, 342, 346, 362, 369, 364, 356,
    344, 342, 345, 340, 344, 352, 356, 356, 354, 350, 345, 343, 342, 344,
    350, 357, 355, 354, 351, 347, 348, 344, 347, 354, 358, 364, 366, 363,
    357, 353, 346, 336, 326, 314, 306, 299, 292, 289, 291, 288, 287, 289,
    286, 286, 289, 289, 287, 287, 289, 285, 286, 287 ]
LHandPositionsY: [ 272, 271, 270, 272, 272, 272, 272, 269, 268, 272, 268,
    271, 273, 271, 268, 266, 261, 251, 244, 228, 218, 204, 189, 172, 161,
    159, 153, 153, 134, 134, 131, 128, 128, 120, 118, 114, 109, 109, 115,
    119, 131, 125, 123, 129, 123, 120, 114, 114, 117, 121, 118, 122, 119,
    115, 116, 111, 112, 113, 114, 115, 114, 112, 107, 107, 105, 107, 109,
    113, 129, 142, 157, 174, 186, 202, 213, 224, 236, 244, 243, 245, 246,
    250, 248, 249, 252, 253, 254, 253, 251, 251, 250 ]
RHandPositionsX: [ 216, 218, 214, 217, 218, 216, 217, 215, 217, 216, 217,
    218, 217, 216, 215, 215, 214, 215, 217, 215, 218, 216, 215, 214, 216,
    215, 217, 218, 215, 215, 217, 216, 218, 218, 216, 217, 216, 218, 214,
    215, 218, 215, 215, 216, 218, 215, 218, 214, 216, 216, 216, 216, 218,
    215, 216, 217, 218, 216, 216, 216, 214, 214, 217, 214, 216, 216, 215,
    215, 216, 216, 215, 215, 214, 214, 215, 218, 217, 218, 215, 218, 217,
    215, 217, 214, 215, 214, 217, 215, 217, 215, 215 ]
RHandPositionsY: [ 267, 268, 269, 268, 267, 268, 268, 268, 269, 269, 266,
    266, 269, 268, 267, 266, 268, 266, 266, 265, 268, 264, 267, 266, 267,
    266, 265, 263, 264, 266, 266, 266, 266, 266, 264, 263, 266, 264, 266,
    266, 263, 266, 264, 263, 262, 264, 266, 265, 265, 263, 261, 265, 263,
    261, 264, 265, 265, 262, 264, 262, 261, 262, 263, 265, 261, 262, 261,
    262, 261, 262, 265, 263, 264, 264, 264, 265, 265, 261, 265, 261, 264,
    262, 261, 262, 261, 263, 263, 262, 265, 262, 264 ]
