%YAML:1.0
---
videoName: "LHShake06.mp4"
gestureLabel: 2
fps: 29
pixelSizeInCmTemp: 3.3732394366197183e-01
faceCenterPointX: 250
faceCenterPointY: 80
LHandPositionsX: [ 384, 386, 388, 387, 384, 381, 376, 374, 369, 372, 373,
    384, 390, 393, 393, 397, 396, 387, 377, 375, 378, 377, 385, 390, 390,
    394, 389, 390, 385, 381, 377, 379, 384, 388, 389, 390, 388, 386, 381,
    381, 381, 382, 383, 391, 392, 388, 387, 382, 383, 379, 378, 381, 388,
    393, 394, 398, 397, 397, 392, 387, 377, 370, 362, 358, 354, 346, 335,
    325, 317, 312, 305, 309, 307, 305, 302, 302, 301, 301, 303, 300, 298,
    302, 302, 299, 299, 299, 298, 302 ]
LHandPositionsY: [ 151, 147, 146, 139, 137, 136, 137, 136, 137, 136, 133,
    130, 130, 126, 127, 127, 132, 134, 134, 133, 133, 135, 132, 132, 127,
    126, 126, 125, 127, 129, 127, 130, 126, 124, 124, 123, 127, 129, 127,
    127, 127, 127, 126, 125, 125, 123, 125, 124, 127, 129, 126, 127, 127,
    121, 122, 120, 123, 124, 125, 129, 131, 137, 148, 150, 159, 175, 191,
    205, 212, 226, 232, 235, 237, 239, 245, 247, 249, 251, 250, 250, 254,
    253, 254, 252, 256, 255, 257, 256 ]
RHandPositionsX: [ 214, 210, 209, 211, 210, 212, 212, 211, 211, 209, 213,
    209, 211, 209, 209, 209, 212, 213, 211, 210, 209, 209, 213, 213, 212,
    209, 209, 209, 209, 210, 208, 209, 210, 211, 212, 209, 209, 212, 210,
    208, 212, 208, 212, 209, 210, 210, 209, 211, 208, 207, 208, 207, 208,
    208, 209, 208, 207, 210, 208, 210, 211, 211, 208, 207, 211, 210, 209,
    208, 210, 211, 211, 210, 212, 209, 210, 208, 212, 208, 212, 208, 210,
    211, 211, 208, 211, 213, 210, 210 ]
RHandPositionsY: [ 272, 271, 271, 271, 267, 270, 267, 267, 270, 267, 266,
    267, 270, 266, 267, 270, 266, 268, 266, 270, 269, 266, 267, 265, 266,
    266, 269, 267, 268, 268, 269, 266, 266, 266, 268, 268, 265, 266, 267,
    265, 265, 266, 265, 267, 267, 269, 269, 266, 269, 269, 269, 268, 268,
    269, 266, 270, 265, 265, 268, 268, 267, 268, 269, 269, 265, 265, 267,
    269, 265, 266, 266, 267, 268, 269, 267, 265, 268, 267, 265, 267, 269,
    268, 265, 269, 266, 269, 267, 266 ]
