%YAML:1.0
---
videoName: "LHShake09.mp4"
gestureLabel: 2
fps: 29
pixelSizeInCmTemp: 3.3263888888888887e-01
faceCenterPointX: 259
faceCenterPointY: 67
LHandPositionsX: [ 339, 336, 340, 338, 343, 344, 348, 351, 350, 358, 358,
    363, 370, 369, 369, 367, 360, 352, 341, 330, 333, 331, 331, 332, 336,
    349, 348, 351, 349, 347, 351, 348, 343, 338, 336, 334, 338, 343, 351,
    360, 368, 366, 365, 365, 357, 343, 337, 337, 334, 336, 338, 348, 351,
    354, 356, 355, 356, 352, 340, 334, 337, 338, 334, 334, 344, 348, 352,
    353, 354, 355, 348, 342, 337, 331, 327, 321, 318, 318, 324, 326, 325,
    327, 331, 330, 335, 335, 334, 332 ]
LHandPositionsY: [ 274, 271, 272, 275, 274, 270, 266, 256, 250, 237, 233,
    216, 203, 199, 183, 172, 167, 160, 160, 158, 156, 157, 157, 155, 150,
    153, 149, 148, 149, 144, 150, 151, 151, 155, 152, 152, 152, 156, 152,
    151, 154, 154, 152, 152, 154, 154, 159, 157, 155, 157, 154, 153, 151,
    154, 154, 153, 152, 151, 149, 150, 151, 152, 151, 155, 155, 153, 153,
    152, 149, 148, 149, 157, 161, 170, 181, 193, 208, 221, 232, 241, 247,
    249, 251, 253, 256, 259, 257, 257 ]
RHandPositionsX: [ 176, 180, 178, 176, 180, 176, 177, 179, 177, 180, 177,
    178, 180, 180, 180, 180, 180, 178, 179, 177, 179, 179, 176, 176, 178,
    177, 179, 180, 180, 176, 178, 179, 179, 179, 178, 180, 176, 179, 176,
    180, 176, 179, 176, 180, 180, 176, 177, 178, 177, 178, 180, 180, 177,
    177, 178, 180, 176, 176, 178, 177, 178, 177, 177, 177, 176, 177, 176,
    177, 177, 180, 180, 178, 178, 179, 180, 180, 178, 178, 177, 180, 176,
    177, 177, 178, 176, 180, 178, 177 ]
RHandPositionsY: [ 276, 279, 279, 279, 279, 275, 276, 279, 275, 278, 276,
    276, 278, 278, 277, 278, 279, 277, 279, 279, 279, 279, 275, 277, 275,
    278, 278, 279, 278, 279, 278, 278, 279, 275, 276, 279, 277, 278, 277,
    277, 277, 278, 277, 278, 277, 278, 279, 279, 275, 278, 276, 275, 277,
    277, 279, 278, 276, 276, 275, 278, 278, 278, 276, 278, 279, 279, 278,
    279, 277, 278, 279, 278, 275, 275, 278, 279, 276, 276, 278, 276, 279,
    275, 277, 278, 278, 278, 276, 277 ]
