%YAML:1.0
---
videoName: "LHShake04.mp4"
gestureLabel: 2
fps: 30
pixelSizeInCmTemp: 3.2808219178082193e-01
faceCenterPointX: 247
faceCenterPointY: 80
LHandPositionsX: [ 284, 283, 280, 280, 280, 279, 279, 280, 283, 281, 282,
    281, 281, 281, 282, 286, 290, 296, 310, 321, 335, 347, 359, 369, 374,
    366, 364, 359, 348, 343, 338, 337, 337, 342, 350, 365, 367, 364, 357,
    346, 338, 341, 344, 343, 350, 352, 356, 353, 354, 343, 342, 345, 345,
    349, 354, 357, 353, 348, 343, 348, 348, 348, 355, 360, 361, 365, 363,
    358, 356, 347, 335, 325, 315, 306, 299, 292, 293, 290, 287, 290, 286,
    290, 287, 289, 289, 288, 289, 288, 288, 285, 289 ]
LHandPositionsY: [ 270, 269, 272, 268, 268, 270, 270, 269, 272, 270, 270,
    270, 269, 272, 270, 268, 262, 255, 244, 231, 218, 205, 190, 175, 163,
    159, 154, 153, 135, 132, 130, 132, 127, 120, 114, 111, 111, 107, 113,
    120, 129, 129, 122, 129, 122, 119, 116, 113, 119, 121, 118, 121, 119,
    117, 115, 111, 112, 110, 115, 118, 114, 114, 107, 108, 107, 105, 108,
    113, 126, 141, 158, 171, 187, 198, 213, 226, 236, 242, 244, 244, 247,
    249, 250, 251, 251, 250, 252, 253, 254, 251, 254 ]
RHandPositionsX: [ 218, 217, 217, 214, 218, 214, 216, 218, 217, 217, 218,
    216, 215, 214, 217, 215, 218, 214, 218, 215, 214, 215, 217, 216, 217,
    214, 218, 218, 217, 214, 218, 214, 218, 216, 216, 216, 218, 215, 218,
    215, 216, 217, 214, 216, 216, 215, 216, 217, 215, 218, 214, 214, 214,
    214, 214, 216, 215, 216, 216, 217, 218, 217, 218, 217, 214, 216, 218,
    215, 217, 218, 216, 214, 214, 216, 216, 214, 214, 218, 217, 214, 218,
    214, 216, 216, 214, 217, 215, 217, 217, 217, 214 ]
RHandPositionsY: [ 268, 266, 266, 269, 270, 269, 269, 270, 270, 270, 266,
    266, 267, 268, 268, 269, 268, 267, 264, 266, 267, 267, 265, 267, 263,
    264, 263, 266, 266, 264, 266, 265, 266, 264, 262, 263, 263, 262, 265,
    265, 264, 265, 262, 263, 265, 264, 264, 265, 262, 265, 265, 263, 263,
    264, 264, 264, 261, 264, 262, 261, 262, 265, 261, 261, 264, 264, 264,
    261, 262, 265, 263, 262, 265, 262, 264, 264, 264, 265, 261, 262, 261,
    264, 261, 261, 265, 264, 265, 262, 263, 262, 263 ]
