%YAML:1.0
---
videoName: "LHShake12.mp4"
gestureLabel: 2
fps: 29
pixelSizeInCmTemp: 3.3263888888888887e-01
faceCenterPointX: 259
faceCenterPointY: 64
LHandPositionsX: [ 369, 359, 348, 345, 347, 345, 355, 360, 376, 381, 383,
    378, 374, 364, 351, 345, 348, 343, 349, 353, 365, 376, 377, 376, 379,
    369, 361, 347, 339, 341, 340, 343, 348, 362, 371, 371, 371, 371, 370,
    359, 349, 343, 343, 344, 344, 355, 361, 371, 365, 369, 367, 358, 348,
    341, 338, 338, 342, 347, 355, 367, 366, 368, 366, 365, 352, 340, 334,
    329, 324, 318, 318, 320, 317, 325, 328, 330, 332, 334, 336, 337, 333,
    334, 333, 335, 333, 337, 334, 336 ]
LHandPositionsY: [ 164, 165, 164, 163, 161, 157, 157, 155, 149, 153, 151,
    150, 151, 154, 156, 159, 156, 160, 158, 154, 148, 147, 148, 145, 146,
    141, 146, 147, 152, 155, 156, 155, 150, 149, 145, 147, 146, 148, 144,
    147, 151, 157, 153, 154, 157, 154, 154, 150, 153, 149, 151, 153, 154,
    155, 159, 155, 154, 155, 149, 147, 145, 144, 146, 147, 150, 152, 161,
    167, 179, 187, 196, 210, 226, 234, 242, 245, 247, 252, 256, 257, 257,
    257, 256, 256, 257, 255, 257, 259 ]
RHandPositionsX: [ 177, 175, 178, 177, 177, 174, 175, 178, 178, 176, 174,
    174, 178, 176, 176, 174, 176, 178, 174, 176, 177, 174, 178, 178, 177,
    178, 175, 176, 178, 176, 175, 174, 178, 176, 176, 177, 174, 176, 175,
    174, 176, 174, 178, 175, 175, 178, 176, 174, 175, 176, 174, 178, 174,
    175, 178, 177, 176, 178, 178, 178, 178, 175, 177, 177, 178, 174, 177,
    177, 177, 174, 174, 174, 176, 177, 174, 178, 177, 175, 174, 175, 178,
    178, 174, 176, 174, 178, 177, 177 ]
RHandPositionsY: [ 271, 271, 271, 275, 271, 271, 272, 272, 272, 274, 274,
    275, 271, 272, 272, 273, 272, 275, 274, 274, 275, 271, 271, 273, 272,
    273, 275, 272, 274, 272, 271, 273, 275, 275, 272, 273, 273, 275, 272,
    275, 271, 275, 275, 275, 271, 271, 271, 273, 274, 273, 273, 272, 275,
    274, 274, 272, 274, 275, 274, 273, 273, 275, 271, 274, 275, 272, 274,
    271, 273, 275, 273, 274, 273, 274, 273, 271, 273, 275, 274, 274, 273,
    273, 271, 273, 274, 272, 274, 272 ]
