%YAML:1.0
---
videoName: "LHShake08.mp4"
gestureLabel: 2
fps: 29
pixelSizeInCmTemp: 3.4710144927536229e-01
faceCenterPointX: 261
faceCenterPointY: 69
LHandPositionsX: [ 339, 342, 345, 347, 351, 346, 355, 362, 370, 373, 375,
    371, 376, 365, 355, 349, 338, 339, 339, 343, 350, 359, 367, 365, 360,
    360, 361, 351, 345, 336, 340, 337, 344, 349, 356, 367, 368, 369, 369,
    362, 354, 346, 339, 338, 334, 335, 339, 351, 359, 359, 355, 359, 358,
    350, 346, 341, 341, 343, 341, 349, 356, 366, 373, 372, 369, 371, 366,
    358, 349, 346, 337, 334, 330, 332, 332, 331, 338, 336, 334, 339, 336,
    337, 335, 337, 337, 339, 337, 336 ]
LHandPositionsY: [ 267, 269, 261, 256, 252, 235, 218, 201, 185, 174, 165,
    155, 146, 143, 145, 145, 152, 152, 149, 149, 147, 146, 137, 137, 141,
    138, 143, 144, 149, 154, 153, 154, 154, 151, 147, 146, 146, 150, 149,
    149, 153, 156, 160, 160, 162, 164, 160, 160, 156, 154, 155, 154, 153,
    156, 159, 160, 158, 163, 162, 156, 153, 148, 147, 148, 146, 148, 151,
    154, 160, 168, 177, 184, 195, 209, 219, 235, 245, 243, 247, 250, 253,
    252, 255, 257, 258, 259, 258, 256 ]
RHandPositionsX: [ 176, 175, 174, 172, 176, 176, 174, 173, 176, 174, 176,
    176, 174, 175, 174, 174, 172, 173, 172, 176, 173, 175, 174, 174, 173,
    175, 174, 172, 172, 173, 175, 174, 173, 176, 175, 173, 177, 174, 178,
    177, 176, 175, 175, 175, 178, 177, 176, 176, 175, 176, 176, 174, 174,
    174, 178, 178, 177, 177, 178, 178, 178, 174, 178, 175, 178, 176, 177,
    175, 175, 174, 174, 177, 176, 175, 178, 176, 176, 178, 178, 176, 177,
    174, 175, 174, 175, 177, 177, 177 ]
RHandPositionsY: [ 274, 276, 273, 277, 277, 275, 274, 276, 274, 273, 277,
    274, 273, 275, 274, 276, 277, 277, 274, 277, 274, 275, 277, 274, 277,
    273, 277, 274, 273, 273, 274, 275, 275, 275, 274, 277, 275, 275, 275,
    276, 275, 277, 274, 273, 275, 275, 273, 274, 275, 274, 273, 273, 275,
    275, 274, 274, 273, 276, 276, 274, 276, 273, 273, 277, 276, 275, 277,
    274, 275, 275, 275, 275, 275, 274, 275, 275, 277, 275, 276, 273, 276,
    276, 275, 275, 277, 277, 276, 274 ]
