%YAML:1.0
---
videoName: "LHShake12.mp4"
gestureLabel: 2
fps: 29
pixelSizeInCmTemp: 3.3263888888888887e-01
faceCenterPointX: 259
faceCenterPointY: 64
LHandPositionsX: [ 369, 355, 346, 346, 347, 347, 353, 363, 372, 381, 380,
    379, 377, 366, 352, 345, 347, 347, 348, 357, 366, 377, 374, 377, 377,
    369, 363, 347, 342, 341, 338, 341, 348, 358, 369, 368, 369, 371, 369,
    357, 348, 340, 343, 341, 344, 356, 364, 369, 366, 372, 367, 358, 348,
    341, 342, 336, 341, 350, 359, 368, 366, 369, 369, 364, 351, 340, 336,
    329, 322, 316, 318, 319, 316, 326, 329, 332, 333, 331, 336, 333, 333,
    334, 334, 337, 335, 337, 335, 335 ]
LHandPositionsY: [ 166, 162, 165, 161, 161, 161, 156, 154, 149, 151, 150,
    149, 150, 154, 154, 159, 156, 160, 154, 152, 148, 147, 147, 146, 142,
    145, 143, 149, 153, 154, 157, 152, 150, 148, 148, 148, 148, 144, 145,
    147, 150, 155, 157, 157, 156, 155, 153, 149, 152, 151, 152, 154, 151,
    157, 156, 159, 155, 154, 148, 147, 145, 147, 143, 149, 151, 153, 161,
    169, 177, 188, 198, 208, 226, 233, 245, 247, 246, 250, 255, 254, 255,
    254, 259, 257, 257, 259, 255, 257 ]
RHandPositionsX: [ 177, 177, 178, 176, 178, 176, 174, 177, 175, 177, 175,
    175, 177, 178, 174, 175, 174, 174, 174, 176, 175, 176, 178, 177, 175,
    175, 174, 174, 176, 177, 175, 176, 175, 176, 178, 176, 177, 174, 178,
    178, 178, 177, 176, 174, 174, 175, 175, 176, 175, 177, 176, 176, 177,
    176, 178, 175, 177, 178, 174, 174, 175, 175, 177, 178, 177, 178, 177,
    174, 174, 178, 175, 175, 178, 178, 178, 177, 178, 177, 174, 175, 177,
    177, 178, 174, 175, 176, 178, 177 ]
RHandPositionsY: [ 271, 272, 274, 274, 273, 272, 274, 275, 272, 271, 273,
    272, 271, 275, 275, 274, 274, 275, 274, 274, 273, 273, 272, 271, 271,
    273, 272, 272, 274, 271, 271, 272, 275, 273, 273, 271, 274, 275, 273,
    274, 272, 274, 271, 272, 275, 275, 273, 274, 272, 275, 275, 275, 272,
    271, 275, 275, 273, 273, 271, 272, 271, 272, 271, 273, 274, 272, 275,
    271, 274, 274, 275, 271, 274, 273, 275, 275, 273, 274, 271, 274, 271,
    272, 274, 271, 272, 273, 275, 272 ]
