%YAML:1.0
---
videoName: "LHShake21.mp4"
gestureLabel: 2
fps: 29
pixelSizeInCmTemp: 3.4214285714285714e-01
faceCenterPointX: 266
faceCenterPointY: 79
LHandPositionsX: [ 347, 350, 364, 371, 384, 395, 400, 407, 423, 415, 418,
    402, 391, 375, 374, 375, 375, 376, 383, 404, 399, 398, 397, 394, 387,
    373, 368, 371, 372, 372, 376, 390, 387, 387, 385, 382, 376, 370, 368,
    369, 370, 368, 378, 387, 386, 384, 395, 391, 379, 375, 364, 365, 364,
    369, 376, 379, 383, 383, 384, 390, 386, 380, 371, 367, 357, 348, 343,
    337, 336, 334, 336, 334, 334, 333, 336, 335, 330, 332, 334, 332, 330,
    333, 334, 332, 332, 330, 333, 333 ]
LHandPositionsY: [ 269, 264, 243, 226, 210, 192, 184, 170, 154, 152, 139,
    136, 135, 132, 130, 136, 128, 130, 127, 131, 129, 128, 133, 135, 135,
    131, 141, 141, 144, 134, 137, 133, 133, 135, 133, 136, 137, 147, 150,
    144, 148, 142, 138, 140, 139, 138, 135, 138, 142, 148, 151, 153, 151,
    152, 152, 143, 143, 143, 140, 146, 155, 162, 171, 180, 190, 203, 212,
    224, 238, 236, 240, 246, 248, 252, 250, 250, 250, 253, 250, 253, 254,
    252, 254, 250, 250, 253, 250, 254 ]
RHandPositionsX: [ 186, 186, 187, 184, 186, 184, 188, 184, 187, 187, 188,
    188, 184, 188, 185, 184, 186, 186, 188, 186, 185, 188, 188, 186, 186,
    187, 187, 186, 186, 185, 187, 188, 184, 184, 185, 187, 184, 184, 188,
    187, 186, 184, 186, 184, 186, 188, 185, 187, 187, 185, 185, 185, 185,
    186, 188, 187, 187, 184, 184, 186, 187, 184, 186, 188, 186, 187, 188,
    184, 185, 188, 184, 186, 185, 186, 188, 188, 186, 188, 185, 185, 186,
    185, 186, 185, 186, 185, 185, 188 ]
RHandPositionsY: [ 265, 265, 265, 268, 268, 265, 266, 267, 269, 269, 269,
    266, 268, 265, 267, 266, 265, 268, 267, 265, 265, 265, 266, 266, 269,
    269, 269, 267, 268, 267, 266, 266, 265, 265, 265, 267, 267, 266, 269,
    267, 268, 265, 269, 266, 265, 268, 266, 266, 268, 265, 269, 266, 269,
    269, 268, 265, 268, 269, 266, 265, 268, 268, 265, 266, 267, 268, 265,
    265, 265, 268, 269, 265, 266, 266, 269, 266, 268, 267, 268, 267, 265,
    266, 266, 269, 267, 269, 265, 266 ]
