%YAML:1.0
---
videoName: "LHShake06.mp4"
gestureLabel: 2
fps: 29
pixelSizeInCmTemp: 3.3732394366197183e-01
faceCenterPointX: 250
faceCenterPointY: 80
LHandPositionsX: [ 381, 385, 386, 386, 382, 381, 377, 372, 369, 369, 375,
    386, 389, 392, 393, 395, 396, 387, 378, 377, 378, 376, 385, 387, 391,
    393, 393, 389, 385, 381, 379, 382, 385, 390, 392, 388, 388, 385, 380,
    381, 381, 384, 386, 388, 389, 388, 390, 383, 381, 379, 379, 383, 385,
    394, 398, 401, 398, 398, 393, 389, 381, 367, 358, 357, 352, 345, 336,
    325, 318, 314, 309, 307, 306, 304, 305, 304, 300, 303, 302, 299, 302,
    298, 298, 302, 301, 301, 302, 298 ]
LHandPositionsY: [ 151, 149, 143, 142, 137, 136, 136, 138, 137, 135, 130,
    129, 130, 130, 129, 126, 131, 132, 135, 136, 132, 133, 131, 130, 126,
    128, 125, 126, 130, 130, 129, 127, 128, 126, 127, 123, 125, 127, 125,
    129, 127, 128, 124, 127, 126, 127, 125, 124, 129, 127, 127, 128, 126,
    124, 124, 120, 123, 125, 123, 125, 134, 139, 144, 151, 162, 176, 189,
    209, 214, 223, 231, 233, 239, 242, 245, 247, 249, 252, 249, 254, 255,
    253, 255, 252, 254, 256, 254, 255 ]
RHandPositionsX: [ 210, 212, 210, 212, 211, 213, 213, 209, 209, 211, 211,
    213, 210, 213, 209, 211, 211, 209, 211, 209, 209, 213, 213, 209, 211,
    211, 213, 209, 212, 209, 212, 209, 211, 210, 212, 209, 210, 208, 211,
    212, 208, 209, 209, 211, 209, 208, 207, 209, 211, 208, 210, 209, 207,
    210, 211, 211, 211, 208, 209, 208, 211, 210, 208, 208, 207, 210, 211,
    210, 210, 208, 212, 210, 208, 209, 209, 209, 210, 212, 212, 211, 212,
    211, 212, 211, 210, 213, 211, 212 ]
RHandPositionsY: [ 268, 272, 271, 271, 268, 270, 271, 271, 267, 268, 268,
    267, 269, 266, 270, 270, 267, 268, 267, 268, 266, 269, 269, 269, 265,
    267, 269, 265, 269, 265, 269, 265, 265, 266, 268, 268, 265, 266, 268,
    268, 267, 268, 265, 269, 267, 270, 267, 266, 265, 267, 268, 269, 266,
    266, 268, 268, 267, 267, 265, 269, 268, 268, 269, 267, 267, 265, 268,
    269, 269, 269, 267, 268, 265, 265, 265, 265, 267, 268, 265, 269, 269,
    269, 265, 266, 267, 266, 268, 269 ]
