%YAML:1.0
---
videoName: "LHShake04.mp4"
gestureLabel: 2
fps: 30
pixelSizeInCmTemp: 3.2808219178082193e-01
faceCenterPointX: 247
faceCenterPointY: 80
LHandPositionsX: [ 283, 280, 280, 284, 279, 279, 283, 281, 280, 282, 283,
    282, 279, 281, 280, 285, 287, 299, 310, 320, 334, 349, 359, 367, 370,
    368, 360, 358, 350, 341, 338, 334, 337, 339, 349, 365, 369, 365, 359,
    345, 339, 345, 342, 340, 352, 356, 357, 355, 351, 344, 341, 344, 346,
    349, 357, 354, 354, 352, 346, 346, 346, 350, 355, 361, 361, 363, 363,
    361, 352, 345, 333, 324, 312, 304, 298, 296, 291, 287, 288, 286, 288,
    287, 287, 287, 290, 288, 290, 287, 289, 285, 287 ]
LHandPositionsY: [ 271, 272, 272, 269, 272, 271, 268, 270, 271, 270, 269,
    270, 273, 268, 270, 265, 265, 254, 241, 231, 216, 202, 186, 173, 163,
    160, 154, 149, 135, 133, 132, 128, 129, 120, 118, 111, 111, 111, 114,
    119, 131, 127, 125, 125, 122, 121, 114, 112, 120, 119, 122, 123, 117,
    116, 115, 114, 110, 113, 116, 115, 115, 112, 106, 106, 107, 106, 106,
    109, 125, 143, 158, 173, 188, 198, 213, 226, 236, 243, 243, 247, 246,
    249, 247, 250, 250, 251, 253, 253, 252, 250, 253 ]
RHandPositionsX: [ 216, 217, 216, 217, 217, 216, 217, 216, 216, 215, 216,
    215, 217, 215, 214, 215, 218, 214, 218, 218, 214, 217, 216, 214, 215,
    217, 215, 215, 218, 216, 216, 216, 217, 218, 217, 216, 214, 216, 214,
    218, 216, 218, 216, 218, 214, 217, 218, 215, 214, 215, 216, 215, 218,
    217, 217, 216, 214, 216, 215, 215, 216, 215, 216, 216, 216, 216, 216,
    216, 214, 214, 217, 215, 217, 214, 218, 215, 216, 216, 215, 215, 218,
    215, 215, 216, 218, 215, 217, 217, 218, 215, 218 ]
RHandPositionsY: [ 270, 270, 270, 267, 267, 270, 268, 266, 266, 267, 270,
    266, 267, 267, 265, 267, 269, 265, 265, 265, 265, 267, 266, 265, 267,
    265, 267, 265, 266, 266, 267, 267, 264, 264, 265, 266, 262, 266, 266,
    263, 265, 266, 266, 262, 263, 266, 265, 264, 264, 265, 263, 264, 263,
    262, 265, 262, 263, 265, 263, 264, 262, 262, 262, 264, 261, 263, 265,
    261, 262, 264, 265, 263, 261, 263, 262, 265, 264, 265, 265, 263, 265,
    264, 263, 264, 265, 262, 262, 264, 263, 263, 263 ]
