%YAML:1.0
---
videoName: "LHShake02.mp4"
gestureLabel: 2
fps: 29
pixelSizeInCmTemp: 3.3263888888888887e-01
faceCenterPointX: 249
faceCenterPointY: 82
LHandPositionsX: [ 361, 363, 363, 369, 372, 381, 386, 383, 387, 385, 383,
    380, 371, 365, 365, 365, 361, 365, 369, 374, 384, 384, 381, 377, 377,
    372, 364, 367, 363, 363, 368, 371, 373, 376, 375, 380, 379, 376, 374,
    369, 366, 360, 357, 355, 356, 360, 364, 368, 370, 371, 371, 365, 362,
    357, 359, 360, 363, 365, 368, 370, 371, 372, 366, 362, 358, 355, 348,
    348, 346, 344, 343, 342, 342, 343, 342, 346, 343, 348, 347, 349, 346,
    350, 347, 349, 348, 346, 348, 348 ]
LHandPositionsY: [ 124, 121, 116, 117, 112, 111, 111, 110, 110, 109, 110,
    110, 109, 113, 114, 115, 113, 109, 108, 108, 102, 102, 101, 105, 102,
    108, 107, 110, 107, 105, 104, 101, 99, 97, 98, 98, 96, 95, 95, 98,
    97, 104, 104, 104, 103, 101, 103, 102, 101, 101, 101, 105, 108, 108,
    110, 110, 108, 106, 105, 107, 106, 104, 105, 104, 121, 138, 149, 160,
    165, 171, 180, 184, 194, 199, 203, 212, 218, 221, 223, 230, 229, 231,
    233, 232, 233, 234, 235, 236 ]
RHandPositionsX: [ 157, 157, 157, 157, 156, 157, 156, 156, 153, 157, 153,
    153, 156, 157, 153, 157, 154, 153, 153, 154, 155, 157, 156, 155, 154,
    154, 156, 156, 153, 155, 157, 155, 155, 154, 153, 155, 154, 157, 155,
    157, 156, 157, 153, 153, 157, 156, 154, 153, 157, 155, 155, 156, 157,
    157, 154, 154, 157, 154, 153, 157, 157, 153, 153, 156, 155, 154, 153,
    153, 156, 154, 154, 157, 155, 156, 156, 154, 154, 157, 153, 155, 154,
    154, 156, 156, 155, 156, 157, 157 ]
RHandPositionsY: [ 262, 262, 262, 261, 263, 262, 261, 261, 260, 260, 263,
    262, 262, 258, 260, 262, 258, 258, 258, 260, 260, 259, 261, 260, 258,
    258, 259, 258, 261, 259, 262, 261, 260, 260, 261, 258, 261, 258, 258,
    259, 258, 262, 262, 259, 259, 261, 258, 258, 259, 262, 259, 262, 259,
    260, 260, 262, 258, 260, 258, 258, 259, 259, 261, 259, 259, 258, 261,
    262, 261, 262, 261, 259, 261, 259, 260, 260, 261, 259, 259, 261, 262,
    259, 261, 259, 258, 260, 261, 260 ]
