%YAML:1.0
---
videoName: "LHShake02.mp4"
gestureLabel: 2
fps: 29
pixelSizeInCmTemp: 3.3263888888888887e-01
faceCenterPointX: 249
faceCenterPointY: 82
LHandPositionsX: [ 361, 363, 364, 369, 371, 380, 385, 385, 386, 388, 386,
    379, 370, 367, 363, 364, 364, 364, 370, 374, 385, 388, 385, 378, 376,
    370, 365, 365, 360, 362, 368, 370, 377, 379, 376, 381, 382, 379, 375,
    369, 365, 357, 358, 357, 357, 363, 365, 372, 369, 371, 370, 367, 362,
    361, 356, 357, 361, 366, 369, 370, 371, 371, 367, 364, 360, 354, 348,
    345, 347, 342, 341, 344, 340, 340, 341, 344, 346, 348, 347, 350, 350,
    347, 349, 347, 348, 349, 346, 349 ]
LHandPositionsY: [ 123, 122, 120, 113, 113, 110, 109, 109, 109, 111, 110,
    110, 112, 111, 116, 111, 114, 109, 106, 104, 103, 104, 103, 104, 105,
    109, 107, 111, 108, 105, 103, 101, 101, 99, 100, 97, 97, 95, 99, 96,
    100, 104, 100, 102, 106, 101, 100, 98, 101, 99, 104, 105, 105, 108,
    108, 110, 109, 108, 106, 104, 106, 103, 104, 104, 124, 136, 147, 162,
    165, 170, 179, 184, 190, 200, 207, 212, 214, 223, 226, 227, 229, 228,
    229, 231, 231, 234, 235, 239 ]
RHandPositionsX: [ 157, 156, 153, 155, 154, 153, 157, 154, 155, 156, 156,
    154, 154, 157, 157, 155, 154, 155, 153, 157, 154, 153, 153, 155, 153,
    157, 155, 156, 157, 157, 155, 156, 155, 156, 154, 155, 157, 154, 153,
    153, 155, 154, 153, 154, 157, 157, 154, 153, 157, 154, 154, 155, 153,
    153, 153, 156, 156, 154, 155, 153, 156, 156, 154, 157, 156, 156, 154,
    157, 156, 154, 154, 155, 156, 153, 157, 156, 157, 155, 156, 157, 157,
    154, 155, 153, 155, 154, 154, 154 ]
RHandPositionsY: [ 263, 261, 265, 264, 261, 262, 264, 261, 262, 261, 259,
    261, 259, 258, 259, 260, 258, 258, 262, 261, 261, 259, 261, 260, 260,
    259, 261, 258, 258, 260, 261, 258, 262, 261, 258, 262, 259, 258, 261,
    261, 262, 259, 259, 258, 262, 258, 261, 258, 260, 262, 259, 261, 260,
    258, 258, 260, 259, 262, 260, 258, 261, 262, 258, 261, 258, 262, 260,
    261, 259, 259, 262, 258, 260, 261, 258, 262, 261, 258, 260, 259, 258,
    259, 260, 259, 259, 258, 258, 260 ]
