%YAML:1.0
---
videoName: "LHShake00.mp4"
gestureLabel: 2
fps: 29
pixelSizeInCmTemp: 3.4214285714285714e-01
faceCenterPointX: 252
faceCenterPointY: 85
LHandPositionsX: [ 351, 350, 348, 349, 355, 356, 358, 354, 351, 344, 336,
    325, 322, 323, 324, 322, 329, 332, 337, 339, 340, 337, 331, 324, 327,
    323, 328, 327, 335, 339, 340, 341, 339, 331, 323, 325, 324, 327, 330,
    334, 339, 341, 342, 338, 332, 327, 326, 323, 325, 329, 332, 338, 340,
    342, 339, 337, 327, 323, 324, 323, 324, 331, 333, 339, 336, 339, 342,
    339, 336, 331, 329, 328, 325, 326, 330, 327, 332, 333, 336, 335, 336,
    339, 340, 340, 342, 344, 340, 340 ]
LHandPositionsY: [ 255, 254, 246, 230, 210, 187, 171, 149, 137, 137, 134,
    135, 134, 137, 137, 133, 131, 130, 126, 127, 125, 127, 129, 131, 132,
    132, 134, 132, 129, 124, 124, 119, 121, 128, 136, 134, 134, 135, 133,
    127, 128, 122, 124, 123, 125, 130, 133, 130, 131, 130, 132, 127, 126,
    124, 123, 125, 130, 127, 129, 127, 127, 122, 124, 120, 120, 121, 116,
    127, 139, 149, 161, 166, 164, 173, 185, 190, 198, 205, 211, 217, 223,
    227, 229, 232, 236, 237, 233, 237 ]
RHandPositionsX: [ 155, 153, 155, 154, 156, 153, 152, 156, 154, 154, 155,
    152, 155, 153, 154, 153, 156, 154, 155, 154, 156, 156, 154, 154, 153,
    156, 153, 156, 153, 156, 156, 156, 154, 154, 152, 152, 152, 153, 156,
    154, 155, 152, 156, 156, 156, 155, 156, 154, 155, 153, 152, 155, 153,
    156, 152, 155, 154, 152, 153, 153, 155, 154, 156, 152, 155, 156, 156,
    156, 152, 155, 154, 152, 152, 152, 154, 152, 156, 154, 153, 155, 156,
    154, 153, 152, 154, 152, 156, 156 ]
RHandPositionsY: [ 279, 279, 277, 278, 278, 273, 274, 272, 272, 273, 273,
    274, 270, 273, 271, 271, 268, 271, 270, 270, 267, 269, 268, 269, 267,
    267, 267, 268, 264, 267, 267, 264, 264, 266, 262, 263, 264, 262, 265,
    262, 265, 264, 260, 262, 264, 261, 261, 262, 263, 264, 262, 263, 264,
    261, 262, 263, 260, 261, 261, 263, 260, 263, 263, 263, 264, 264, 261,
    261, 263, 262, 263, 264, 263, 260, 261, 261, 263, 263, 264, 260, 262,
    264, 264, 264, 261, 264, 262, 261 ]
