%YAML:1.0
---
videoName: "LHShake13.mp4"
gestureLabel: 2
fps: 29
pixelSizeInCmTemp: 3.4214285714285714e-01
faceCenterPointX: 257
faceCenterPointY: 76
LHandPositionsX: [ 323, 327, 324, 324, 323, 326, 323, 327, 328, 327, 329,
    338, 343, 352, 359, 371, 381, 385, 392, 387, 382, 375, 363, 350, 342,
    343, 341, 342, 349, 359, 374, 367, 364, 365, 355, 344, 339, 341, 342,
    350, 358, 368, 368, 366, 359, 350, 344, 346, 342, 347, 354, 363, 367,
    362, 364, 354, 346, 345, 343, 345, 348, 355, 366, 370, 366, 365, 359,
    355, 349, 341, 333, 327, 324, 323, 326, 328, 327, 325, 324, 324, 324,
    327, 328, 325, 328, 328, 327, 325 ]
LHandPositionsY: [ 263, 259, 263, 259, 259, 263, 263, 260, 259, 258, 258,
    246, 236, 224, 213, 198, 183, 175, 166, 155, 152, 149, 155, 154, 156,
    155, 158, 156, 153, 144, 143, 143, 141, 144, 148, 154, 160, 159, 159,
    158, 155, 152, 152, 156, 158, 159, 161, 159, 160, 158, 156, 156, 159,
    158, 156, 160, 163, 163, 161, 161, 162, 159, 156, 152, 150, 148, 148,
    153, 155, 162, 168, 179, 193, 208, 219, 234, 244, 244, 245, 246, 246,
    247, 250, 251, 250, 246, 249, 246 ]
RHandPositionsX: [ 185, 181, 182, 185, 185, 182, 182, 184, 181, 181, 182,
    185, 182, 185, 183, 183, 182, 183, 184, 181, 181, 181, 183, 185, 185,
    183, 181, 184, 183, 182, 182, 185, 185, 183, 183, 181, 182, 184, 184,
    181, 182, 185, 185, 182, 184, 184, 184, 183, 185, 181, 183, 184, 184,
    185, 182, 185, 183, 185, 183, 182, 185, 181, 182, 182, 181, 183, 182,
    182, 184, 181, 181, 185, 184, 185, 185, 181, 184, 182, 183, 181, 184,
    183, 185, 181, 184, 185, 183, 185 ]
RHandPositionsY: [ 269, 267, 271, 271, 267, 269, 270, 270, 269, 271, 267,
    271, 271, 267, 269, 269, 269, 269, 271, 269, 270, 268, 268, 268, 268,
    268, 271, 269, 271, 271, 267, 271, 268, 267, 267, 270, 268, 268, 268,
    267, 267, 269, 270, 269, 270, 268, 269, 269, 271, 268, 268, 271, 269,
    271, 267, 271, 267, 267, 269, 271, 271, 269, 268, 270, 267, 268, 267,
    271, 267, 271, 271, 268, 268, 271, 271, 267, 271, 269, 269, 267, 271,
    270, 269, 267, 268, 267, 268, 267 ]
