%YAML:1.0
---
videoName: "LHShake24.mp4"
gestureLabel: 2
fps: 30
pixelSizeInCmTemp: 3.4214285714285714e-01
faceCenterPointX: 255
faceCenterPointY: 77
LHandPositionsX: [ 326, 328, 328, 329, 326, 330, 327, 326, 331, 333, 332,
    335, 342, 345, 352, 361, 367, 374, 379, 379, 383, 380, 371, 360, 348,
    343, 341, 342, 343, 348, 358, 368, 380, 375, 375, 373, 370, 355, 347,
    340, 342, 336, 344, 354, 364, 363, 366, 369, 362, 356, 346, 341, 340,
    339, 345, 355, 362, 370, 369, 375, 370, 362, 352, 345, 347, 345, 346,
    350, 361, 368, 370, 370, 368, 359, 350, 341, 336, 335, 327, 325, 324,
    327, 324, 326, 328, 325, 328, 326, 326, 324, 324 ]
LHandPositionsY: [ 264, 261, 260, 261, 262, 261, 262, 263, 264, 261, 259,
    254, 249, 238, 225, 209, 197, 183, 172, 170, 158, 155, 152, 156, 155,
    163, 161, 163, 161, 159, 159, 150, 149, 148, 149, 146, 147, 150, 150,
    153, 154, 155, 153, 151, 150, 151, 150, 152, 152, 154, 159, 162, 160,
    165, 160, 162, 162, 160, 157, 153, 158, 157, 161, 163, 164, 162, 160,
    163, 161, 159, 159, 156, 155, 158, 161, 162, 169, 181, 189, 195, 208,
    220, 230, 229, 236, 239, 242, 249, 245, 246, 250 ]
RHandPositionsX: [ 179, 179, 181, 180, 179, 179, 180, 181, 183, 180, 183,
    180, 181, 182, 180, 181, 182, 180, 181, 180, 181, 182, 183, 183, 179,
    179, 181, 179, 181, 182, 181, 183, 181, 181, 181, 180, 180, 181, 179,
    179, 181, 179, 180, 180, 182, 179, 180, 182, 183, 180, 183, 182, 181,
    179, 180, 179, 179, 182, 181, 183, 180, 183, 179, 179, 181, 182, 180,
    179, 179, 181, 181, 183, 183, 182, 180, 180, 179, 180, 181, 182, 183,
    179, 183, 181, 180, 181, 180, 181, 182, 179, 182 ]
RHandPositionsY: [ 269, 269, 268, 270, 270, 271, 268, 268, 271, 270, 269,
    271, 268, 268, 270, 267, 269, 271, 267, 267, 269, 267, 267, 269, 269,
    268, 269, 271, 267, 268, 269, 268, 268, 271, 271, 269, 267, 270, 268,
    268, 271, 271, 271, 268, 268, 270, 268, 270, 268, 269, 269, 271, 269,
    270, 267, 267, 270, 268, 268, 268, 268, 267, 269, 269, 270, 267, 271,
    269, 269, 268, 268, 268, 271, 268, 267, 267, 267, 271, 270, 270, 269,
    268, 270, 271, 267, 271, 270, 267, 267, 271, 267 ]
