%YAML:1.0
---
videoName: "LHShake08.mp4"
gestureLabel: 2
fps: 29
pixelSizeInCmTemp: 3.4710144927536229e-01
faceCenterPointX: 261
faceCenterPointY: 69
LHandPositionsX: [ 340, 340, 343, 346, 350, 348, 354, 364, 368, 370, 376,
    371, 379, 369, 357, 345, 341, 342, 343, 342, 347, 357, 371, 367, 361,
    361, 358, 353, 344, 336, 339, 336, 341, 350, 359, 365, 366, 369, 365,
    362, 354, 343, 339, 337, 337, 338, 341, 351, 355, 360, 359, 356, 357,
    353, 343, 344, 342, 344, 343, 350, 353, 366, 370, 370, 369, 371, 365,
    357, 351, 345, 337, 337, 333, 330, 330, 333, 338, 335, 335, 339, 336,
    338, 335, 338, 336, 336, 336, 336 ]
LHandPositionsY: [ 267, 268, 263, 257, 252, 239, 221, 202, 188, 175, 165,
    156, 144, 146, 146, 147, 150, 152, 151, 150, 150, 143, 138, 140, 139,
    139, 139, 144, 150, 153, 151, 152, 152, 150, 150, 148, 146, 149, 148,
    150, 154, 153, 158, 159, 158, 163, 161, 156, 154, 156, 154, 152, 155,
    157, 160, 159, 161, 162, 162, 157, 153, 151, 147, 144, 148, 147, 147,
    154, 158, 167, 174, 184, 194, 207, 221, 232, 242, 247, 248, 249, 254,
    252, 252, 257, 255, 255, 257, 255 ]
RHandPositionsX: [ 175, 174, 175, 174, 174, 173, 172, 175, 175, 173, 175,
    174, 173, 175, 174, 172, 174, 172, 176, 175, 175, 172, 176, 173, 174,
    174, 174, 175, 173, 174, 174, 177, 176, 173, 177, 173, 177, 177, 177,
    175, 176, 174, 173, 177, 177, 174, 175, 174, 177, 174, 177, 177, 176,
    178, 177, 176, 176, 177, 176, 177, 178, 175, 177, 174, 176, 175, 176,
    177, 174, 177, 175, 175, 176, 177, 177, 177, 176, 174, 174, 177, 178,
    178, 178, 174, 177, 175, 178, 177 ]
RHandPositionsY: [ 276, 273, 273, 273, 276, 276, 274, 275, 273, 276, 274,
    276, 273, 276, 274, 277, 277, 275, 275, 277, 274, 274, 276, 275, 273,
    276, 276, 273, 273, 273, 273, 274, 277, 275, 273, 273, 274, 276, 275,
    275, 277, 276, 274, 274, 277, 275, 277, 275, 273, 273, 275, 274, 273,
    273, 276, 277, 274, 274, 276, 276, 276, 273, 277, 277, 277, 273, 275,
    273, 277, 277, 276, 274, 277, 276, 273, 275, 273, 277, 275, 274, 273,
    273, 275, 276, 273, 277, 275, 275 ]
