%YAML:1.0
---
videoName: "LHShake16.mp4"
gestureLabel: 2
fps: 30
pixelSizeInCmTemp: 3.3732394366197183e-01
faceCenterPointX: 247
faceCenterPointY: 66
LHandPositionsX: [ 325, 322, 323, 328, 329, 335, 343, 355, 363, 374, 381,
    391, 403, 412, 404, 402, 399, 391, 378, 365, 357, 356, 365, 373, 381,
    399, 393, 393, 390, 387, 375, 369, 368, 371, 372, 380, 387, 387, 401,
    395, 383, 372, 367, 367, 365, 372, 375, 386, 400, 409, 395, 386, 372,
    362, 364, 361, 362, 367, 377, 393, 386, 384, 388, 380, 376, 364, 355,
    348, 345, 334, 336, 333, 333, 332, 332, 330, 330, 331, 331, 331, 330,
    329, 326, 325, 328, 326, 328, 325, 324, 324, 326 ]
LHandPositionsY: [ 253, 254, 251, 254, 251, 246, 234, 224, 210, 196, 182,
    169, 153, 149, 141, 135, 124, 118, 119, 111, 116, 120, 123, 118, 115,
    115, 118, 117, 117, 114, 119, 131, 130, 134, 127, 118, 118, 121, 121,
    120, 119, 128, 131, 132, 134, 136, 131, 126, 125, 121, 121, 129, 136,
    145, 146, 147, 147, 143, 132, 129, 131, 128, 126, 130, 141, 150, 160,
    169, 181, 199, 206, 213, 223, 228, 233, 234, 237, 239, 237, 238, 239,
    242, 244, 243, 243, 241, 245, 243, 245, 243, 243 ]
RHandPositionsX: [ 177, 179, 179, 178, 178, 178, 176, 176, 178, 176, 176,
    177, 178, 178, 178, 175, 176, 176, 176, 178, 176, 177, 175, 176, 175,
    177, 179, 178, 175, 179, 178, 177, 177, 175, 178, 176, 177, 175, 177,
    176, 176, 179, 176, 179, 176, 179, 179, 179, 175, 177, 178, 179, 178,
    179, 175, 178, 175, 175, 175, 179, 176, 179, 177, 179, 176, 177, 176,
    178, 177, 179, 178, 178, 176, 177, 179, 175, 179, 175, 177, 177, 176,
    176, 175, 175, 178, 178, 175, 176, 178, 177, 176 ]
RHandPositionsY: [ 260, 260, 259, 260, 260, 262, 260, 258, 258, 261, 262,
    261, 259, 261, 261, 262, 260, 258, 259, 260, 261, 258, 259, 261, 261,
    261, 258, 260, 261, 260, 261, 259, 260, 258, 261, 258, 259, 260, 259,
    261, 258, 258, 260, 260, 260, 259, 262, 261, 262, 259, 260, 258, 261,
    260, 259, 262, 259, 262, 260, 258, 262, 260, 259, 259, 259, 258, 259,
    260, 258, 258, 260, 262, 261, 259, 259, 258, 262, 259, 259, 259, 258,
    261, 260, 259, 260, 262, 262, 260, 259, 262, 258 ]
