%YAML:1.0
---
videoName: "LHShake18.mp4"
gestureLabel: 2
fps: 29
pixelSizeInCmTemp: 3.4214285714285714e-01
faceCenterPointX: 253
faceCenterPointY: 65
LHandPositionsX: [ 315, 315, 315, 315, 311, 313, 314, 315, 311, 314, 311,
    314, 315, 315, 314, 313, 317, 314, 324, 322, 331, 336, 346, 348, 349,
    350, 338, 326, 315, 297, 302, 302, 306, 315, 310, 311, 310, 309, 296,
    291, 293, 301, 306, 313, 309, 311, 307, 295, 289, 287, 286, 297, 308,
    314, 310, 312, 307, 295, 284, 286, 296, 303, 310, 306, 308, 306, 306,
    296, 296, 300, 303, 308, 310, 308, 315, 310, 307, 304, 305, 307, 308,
    305, 306, 307, 307, 308, 310, 311 ]
LHandPositionsY: [ 246, 247, 248, 249, 250, 247, 250, 246, 247, 247, 247,
    246, 249, 248, 250, 246, 247, 248, 242, 233, 216, 201, 188, 179, 168,
    158, 151, 146, 144, 139, 136, 145, 142, 141, 138, 139, 141, 146, 146,
    139, 136, 142, 144, 146, 144, 148, 151, 147, 146, 138, 140, 147, 150,
    150, 146, 150, 153, 144, 142, 145, 150, 152, 152, 154, 152, 157, 159,
    146, 147, 152, 156, 153, 155, 155, 164, 167, 174, 188, 199, 209, 214,
    217, 221, 231, 235, 232, 233, 233 ]
RHandPositionsX: [ 197, 197, 194, 196, 195, 198, 197, 195, 198, 195, 195,
    195, 197, 199, 195, 198, 199, 197, 196, 198, 197, 197, 197, 197, 196,
    196, 199, 197, 197, 198, 195, 197, 196, 197, 197, 197, 199, 200, 197,
    198, 195, 199, 196, 195, 195, 199, 195, 198, 199, 195, 197, 197, 196,
    196, 195, 199, 197, 197, 196, 199, 198, 199, 197, 198, 197, 197, 198,
    198, 199, 198, 197, 195, 195, 197, 194, 195, 194, 194, 196, 196, 197,
    195, 194, 196, 198, 195, 195, 198 ]
RHandPositionsY: [ 265, 265, 262, 265, 264, 267, 267, 267, 267, 266, 263,
    267, 266, 267, 264, 264, 263, 267, 266, 267, 267, 266, 264, 265, 266,
    266, 266, 264, 262, 262, 262, 262, 263, 267, 263, 264, 264, 265, 267,
    266, 266, 267, 268, 264, 266, 268, 264, 267, 264, 265, 268, 264, 264,
    264, 266, 268, 266, 265, 267, 267, 265, 266, 267, 266, 269, 267, 264,
    266, 268, 264, 264, 267, 266, 267, 264, 264, 265, 267, 265, 268, 265,
    265, 268, 267, 264, 267, 264, 265 ]
