%YAML:1.0
---
videoName: "LHShake18.mp4"
gestureLabel: 2
fps: 29
pixelSizeInCmTemp: 3.4214285714285714e-01
faceCenterPointX: 253
faceCenterPointY: 65
LHandPositionsX: [ 314, 314, 311, 312, 311, 311, 314, 314, 315, 313, 313,
    312, 311, 315, 311, 314, 317, 318, 321, 325, 330, 337, 345, 346, 352,
    349, 339, 327, 314, 299, 301, 305, 306, 312, 311, 312, 313, 306, 297,
    294, 292, 301, 309, 312, 309, 312, 305, 295, 288, 286, 287, 298, 304,
    313, 310, 312, 307, 292, 287, 287, 296, 300, 308, 310, 310, 305, 303,
    295, 294, 302, 303, 306, 310, 311, 315, 311, 307, 306, 303, 306, 308,
    307, 306, 308, 310, 310, 309, 311 ]
LHandPositionsY: [ 246, 250, 250, 246, 247, 249, 250, 247, 247, 248, 249,
    246, 250, 249, 247, 249, 248, 250, 244, 233, 217, 203, 187, 177, 167,
    159, 154, 148, 148, 136, 138, 143, 142, 143, 141, 139, 140, 144, 142,
    139, 135, 142, 147, 147, 144, 144, 147, 144, 145, 139, 143, 148, 146,
    148, 147, 149, 149, 143, 144, 144, 152, 153, 151, 152, 150, 157, 158,
    149, 146, 150, 152, 152, 153, 154, 163, 166, 178, 189, 196, 205, 213,
    217, 219, 233, 235, 232, 232, 233 ]
RHandPositionsX: [ 198, 194, 197, 196, 195, 199, 199, 197, 198, 195, 198,
    198, 196, 199, 195, 197, 198, 195, 197, 198, 196, 196, 195, 198, 195,
    197, 199, 197, 196, 196, 194, 197, 196, 196, 198, 195, 196, 199, 198,
    195, 199, 199, 195, 199, 199, 198, 199, 200, 196, 199, 199, 195, 196,
    200, 197, 196, 196, 197, 198, 198, 199, 198, 197, 199, 197, 195, 196,
    196, 198, 198, 197, 196, 198, 198, 196, 195, 196, 194, 198, 197, 196,
    198, 196, 195, 197, 196, 198, 195 ]
RHandPositionsY: [ 264, 266, 262, 264, 262, 266, 268, 267, 265, 266, 265,
    263, 265, 266, 264, 263, 266, 263, 266, 264, 263, 266, 265, 267, 266,
    263, 263, 263, 265, 263, 262, 263, 263, 267, 264, 265, 266, 266, 265,
    268, 265, 265, 268, 266, 268, 265, 266, 267, 264, 267, 265, 268, 264,
    264, 264, 264, 266, 266, 265, 266, 265, 265, 265, 265, 267, 268, 266,
    267, 266, 264, 267, 266, 266, 267, 268, 266, 267, 264, 265, 268, 264,
    266, 268, 267, 268, 267, 266, 265 ]
