%YAML:1.0
---
videoName: "LHShake23.mp4"
gestureLabel: 2
fps: 30
pixelSizeInCmTemp: 3.3263888888888887e-01
faceCenterPointX: 259
faceCenterPointY: 79
LHandPositionsX: [ 333, 333, 332, 333, 330, 330, 333, 333, 334, 335, 331,
    336, 338, 344, 348, 360, 367, 371, 374, 376, 380, 379, 376, 369, 356,
    352, 354, 354, 353, 362, 371, 381, 384, 384, 386, 377, 372, 362, 358,
    360, 364, 366, 376, 382, 384, 382, 381, 374, 361, 354, 354, 350, 357,
    363, 374, 380, 382, 378, 379, 373, 365, 359, 359, 358, 357, 364, 374,
    378, 376, 379, 378, 373, 370, 363, 355, 350, 345, 345, 342, 339, 339,
    338, 337, 338, 335, 334, 336, 334, 335, 336, 336 ]
LHandPositionsY: [ 265, 266, 265, 263, 264, 265, 266, 266, 263, 264, 261,
    253, 240, 229, 229, 215, 200, 196, 194, 187, 180, 173, 168, 166, 165,
    168, 166, 170, 168, 168, 161, 163, 160, 157, 157, 163, 161, 164, 165,
    164, 167, 162, 161, 160, 160, 158, 158, 160, 161, 162, 163, 167, 166,
    167, 166, 164, 162, 163, 163, 162, 164, 168, 166, 168, 171, 170, 169,
    167, 168, 165, 170, 171, 175, 186, 192, 204, 212, 227, 239, 249, 248,
    249, 252, 253, 251, 254, 254, 253, 252, 253, 254 ]
RHandPositionsX: [ 184, 183, 183, 183, 184, 186, 184, 185, 185, 186, 186,
    186, 182, 183, 182, 186, 182, 183, 186, 186, 185, 185, 184, 186, 185,
    185, 186, 186, 184, 185, 185, 185, 186, 183, 184, 184, 182, 186, 186,
    182, 182, 185, 186, 186, 186, 182, 185, 185, 183, 185, 185, 185, 185,
    184, 183, 186, 183, 185, 183, 185, 182, 186, 184, 184, 182, 186, 183,
    183, 182, 183, 182, 186, 183, 183, 184, 182, 186, 183, 184, 186, 184,
    184, 186, 184, 184, 186, 184, 186, 185, 186, 186 ]
RHandPositionsY: [ 272, 270, 271, 273, 273, 271, 270, 274, 271, 270, 270,
    273, 273, 273, 273, 271, 272, 272, 273, 274, 271, 271, 270, 270, 273,
    272, 274, 272, 272, 271, 272, 271, 273, 271, 270, 272, 272, 271, 270,
    274, 271, 273, 272, 274, 272, 270, 273, 270, 270, 272, 270, 271, 273,
    270, 271, 270, 273, 273, 272, 274, 271, 271, 274, 270, 271, 272, 270,
    274, 272, 273, 273, 273, 271, 272, 274, 272, 270, 273, 271, 273, 272,
    274, 271, 273, 273, 272, 274, 270, 272, 273, 271 ]
