%YAML:1.0
---
videoName: "LHShake05.mp4"
gestureLabel: 2
fps: 30
pixelSizeInCmTemp: 3.2364864864864862e-01
faceCenterPointX: 252
faceCenterPointY: 81
LHandPositionsX: [ 295, 292, 292, 294, 292, 294, 295, 293, 295, 294, 293,
    295, 303, 313, 324, 334, 343, 340, 340, 340, 338, 336, 333, 328, 331,
    330, 332, 337, 340, 346, 342, 337, 329, 323, 323, 324, 327, 330, 335,
    336, 336, 328, 321, 319, 320, 321, 326, 330, 338, 339, 335, 326, 326,
    322, 324, 326, 330, 337, 338, 339, 333, 331, 330, 332, 329, 333, 338,
    337, 341, 335, 332, 323, 319, 317, 311, 307, 304, 302, 297, 293, 295,
    296, 296, 293, 293, 293, 293, 295, 292, 296, 294 ]
LHandPositionsY: [ 268, 269, 270, 266, 270, 268, 269, 266, 265, 254, 241,
    226, 213, 201, 187, 175, 163, 161, 158, 156, 154, 155, 155, 156, 152,
    153, 147, 145, 139, 137, 134, 138, 147, 145, 144, 148, 146, 139, 138,
    136, 134, 136, 140, 143, 143, 142, 139, 138, 136, 132, 136, 140, 142,
    141, 144, 142, 138, 140, 134, 138, 138, 142, 140, 143, 144, 142, 141,
    139, 137, 138, 141, 149, 159, 169, 178, 190, 198, 209, 220, 227, 236,
    234, 240, 241, 245, 247, 250, 249, 252, 258, 258 ]
RHandPositionsX: [ 210, 213, 210, 213, 211, 213, 213, 212, 213, 210, 212,
    209, 209, 210, 212, 211, 210, 212, 209, 210, 209, 212, 211, 210, 210,
    209, 210, 207, 209, 208, 209, 208, 207, 209, 209, 207, 206, 207, 208,
    206, 207, 207, 208, 210, 209, 209, 206, 207, 207, 210, 206, 209, 210,
    210, 207, 206, 210, 210, 206, 206, 207, 208, 209, 206, 209, 208, 208,
    208, 210, 209, 210, 208, 208, 206, 207, 210, 209, 206, 208, 210, 209,
    209, 210, 210, 208, 209, 208, 211, 212, 211, 210 ]
RHandPositionsY: [ 263, 265, 266, 262, 262, 265, 263, 264, 265, 263, 262,
    262, 264, 262, 266, 265, 264, 266, 262, 264, 265, 263, 266, 262, 264,
    262, 262, 264, 262, 263, 264, 266, 263, 265, 264, 263, 265, 265, 262,
    265, 261, 261, 265, 262, 264, 265, 265, 264, 265, 263, 263, 261, 263,
    264, 262, 265, 265, 262, 263, 264, 262, 264, 262, 264, 261, 264, 262,
    264, 261, 265, 263, 264, 262, 262, 265, 264, 264, 261, 264, 265, 263,
    263, 265, 265, 263, 261, 264, 261, 263, 265, 263 ]
