%YAML:1.0
---
videoName: "LHShake06.mp4"
gestureLabel: 2
fps: 29
pixelSizeInCmTemp: 3.3732394366197183e-01
faceCenterPointX: 250
faceCenterPointY: 80
LHandPositionsX: [ 384, 386, 386, 387, 384, 379, 376, 370, 368, 372, 377,
    385, 389, 393, 397, 396, 395, 387, 376, 375, 377, 379, 388, 391, 390,
    391, 391, 390, 383, 378, 377, 379, 382, 390, 390, 392, 386, 383, 383,
    382, 379, 381, 387, 387, 389, 391, 389, 383, 381, 378, 378, 382, 387,
    391, 398, 399, 398, 397, 394, 386, 378, 369, 361, 360, 356, 348, 338,
    326, 317, 312, 308, 306, 307, 303, 305, 300, 302, 299, 299, 301, 302,
    302, 301, 300, 298, 302, 298, 298 ]
LHandPositionsY: [ 148, 147, 144, 142, 140, 135, 136, 139, 136, 137, 134,
    128, 126, 130, 129, 128, 129, 132, 131, 133, 132, 132, 129, 130, 128,
    128, 125, 129, 129, 129, 129, 127, 127, 125, 126, 127, 126, 125, 128,
    128, 125, 126, 125, 123, 125, 123, 123, 128, 129, 127, 124, 126, 126,
    121, 122, 120, 124, 122, 127, 126, 134, 140, 147, 152, 163, 175, 189,
    208, 212, 223, 231, 236, 236, 239, 243, 249, 251, 250, 252, 250, 254,
    253, 255, 252, 254, 252, 253, 255 ]
RHandPositionsX: [ 213, 211, 209, 210, 209, 210, 212, 211, 211, 212, 213,
    209, 210, 213, 210, 211, 212, 209, 209, 211, 210, 210, 209, 212, 212,
    213, 211, 212, 213, 209, 212, 208, 212, 210, 210, 211, 212, 210, 210,
    212, 211, 211, 212, 212, 210, 210, 208, 207, 210, 208, 209, 208, 209,
    207, 208, 208, 209, 211, 207, 207, 211, 210, 210, 211, 210, 207, 209,
    208, 207, 207, 209, 211, 208, 209, 210, 210, 212, 212, 211, 209, 208,
    211, 208, 209, 209, 213, 209, 212 ]
RHandPositionsY: [ 271, 272, 269, 269, 268, 271, 270, 270, 271, 268, 266,
    270, 269, 266, 267, 270, 269, 269, 270, 268, 269, 267, 266, 269, 269,
    265, 266, 267, 267, 269, 269, 268, 268, 268, 268, 267, 267, 267, 265,
    269, 267, 266, 266, 265, 267, 267, 268, 266, 269, 269, 269, 268, 269,
    266, 268, 270, 268, 269, 269, 267, 269, 269, 265, 268, 265, 268, 265,
    265, 265, 265, 266, 265, 269, 269, 265, 265, 268, 265, 269, 265, 267,
    266, 268, 269, 267, 265, 269, 266 ]
