%YAML:1.0
---
videoName: "LHShake12.mp4"
gestureLabel: 2
fps: 29
pixelSizeInCmTemp: 3.3263888888888887e-01
faceCenterPointX: 259
faceCenterPointY: 64
LHandPositionsX: [ 370, 359, 347, 346, 347, 345, 355, 362, 373, 383, 381,
    382, 376, 364, 354, 346, 348, 346, 346, 354, 367, 376, 378, 378, 375,
    369, 360, 349, 342, 341, 338, 343, 350, 360, 368, 370, 373, 375, 366,
    357, 350, 343, 345, 342, 346, 354, 365, 372, 367, 370, 368, 359, 346,
    341, 339, 337, 343, 349, 358, 368, 368, 370, 370, 364, 354, 342, 333,
    329, 322, 320, 314, 317, 320, 323, 332, 331, 330, 335, 335, 335, 336,
    334, 333, 336, 333, 334, 337, 335 ]
LHandPositionsY: [ 165, 164, 161, 161, 160, 159, 156, 156, 149, 150, 149,
    152, 149, 154, 157, 160, 156, 157, 157, 154, 152, 147, 147, 147, 145,
    145, 143, 147, 151, 153, 157, 154, 152, 151, 146, 148, 149, 147, 145,
    148, 152, 157, 154, 156, 153, 153, 152, 150, 150, 151, 148, 154, 151,
    157, 158, 159, 155, 151, 148, 144, 146, 147, 144, 149, 151, 153, 159,
    170, 178, 185, 198, 210, 228, 236, 246, 246, 250, 253, 253, 254, 254,
    257, 255, 257, 259, 257, 259, 256 ]
RHandPositionsX: [ 177, 175, 178, 175, 178, 177, 176, 175, 175, 178, 174,
    175, 177, 176, 175, 178, 175, 175, 177, 175, 177, 175, 174, 177, 177,
    176, 175, 176, 175, 176, 174, 175, 176, 174, 177, 176, 175, 177, 175,
    175, 177, 175, 174, 174, 175, 175, 174, 175, 176, 177, 174, 177, 175,
    177, 176, 177, 177, 178, 178, 176, 174, 176, 175, 174, 178, 175, 175,
    175, 174, 177, 177, 176, 174, 175, 175, 177, 178, 174, 175, 174, 178,
    177, 177, 177, 174, 175, 177, 174 ]
RHandPositionsY: [ 272, 274, 272, 271, 271, 272, 275, 275, 273, 271, 272,
    272, 272, 274, 275, 275, 273, 272, 271, 271, 274, 273, 273, 273, 274,
    272, 272, 272, 271, 275, 271, 275, 274, 273, 275, 273, 273, 272, 273,
    274, 272, 271, 271, 273, 272, 274, 275, 275, 272, 272, 273, 272, 274,
    274, 275, 275, 272, 275, 272, 273, 275, 271, 273, 274, 272, 273, 271,
    275, 272, 271, 275, 274, 275, 272, 275, 274, 275, 271, 275, 272, 273,
    274, 272, 275, 273, 272, 274, 271 ]
