%YAML:1.0
---
videoName: "LHShake10.mp4"
gestureLabel: 2
fps: 29
pixelSizeInCmTemp: 3.4214285714285714e-01
faceCenterPointX: 253
faceCenterPointY: 65
LHandPositionsX: [ 334, 335, 335, 338, 336, 339, 344, 346, 350, 360, 368,
    377, 385, 390, 395, 394, 395, 386, 376, 366, 356, 350, 353, 352, 362,
    371, 379, 390, 393, 394, 391, 385, 374, 365, 357, 360, 361, 363, 368,
    373, 372, 371, 372, 370, 370, 362, 353, 345, 344, 346, 347, 353, 359,
    372, 379, 380, 380, 373, 365, 357, 351, 352, 349, 351, 354, 363, 376,
    383, 378, 378, 378, 371, 369, 364, 354, 348, 342, 340, 337, 337, 335,
    338, 335, 337, 333, 335, 336, 333 ]
LHandPositionsY: [ 271, 268, 271, 270, 270, 270, 267, 260, 249, 237, 225,
    207, 195, 177, 165, 157, 141, 136, 136, 138, 142, 146, 147, 149, 149,
    147, 139, 141, 141, 142, 141, 143, 146, 148, 152, 149, 152, 146, 138,
    130, 134, 134, 135, 134, 129, 130, 138, 142, 141, 143, 143, 146, 139,
    143, 139, 139, 143, 146, 146, 148, 153, 152, 153, 149, 151, 152, 146,
    144, 144, 146, 150, 154, 156, 164, 173, 183, 194, 205, 218, 230, 243,
    252, 252, 254, 254, 257, 258, 260 ]
RHandPositionsX: [ 175, 173, 175, 175, 176, 174, 173, 173, 174, 173, 176,
    175, 176, 173, 175, 176, 174, 172, 172, 172, 175, 175, 174, 174, 174,
    174, 173, 175, 172, 171, 171, 173, 173, 171, 175, 171, 173, 172, 175,
    173, 175, 171, 175, 174, 172, 174, 173, 172, 172, 172, 174, 173, 175,
    175, 175, 173, 174, 171, 173, 175, 173, 171, 173, 175, 172, 174, 175,
    171, 172, 171, 173, 174, 171, 172, 172, 174, 172, 175, 173, 175, 174,
    175, 172, 173, 172, 172, 172, 174 ]
RHandPositionsY: [ 276, 275, 278, 277, 276, 275, 274, 278, 276, 276, 278,
    277, 275, 276, 278, 278, 277, 278, 278, 277, 278, 275, 275, 275, 275,
    276, 274, 277, 277, 275, 278, 278, 276, 275, 276, 274, 276, 275, 277,
    275, 277, 276, 274, 277, 275, 276, 278, 278, 276, 275, 277, 277, 276,
    278, 278, 274, 277, 277, 275, 274, 274, 276, 275, 276, 278, 276, 278,
    278, 274, 274, 276, 277, 278, 277, 275, 277, 276, 275, 275, 275, 274,
    276, 277, 275, 277, 278, 276, 278 ]
