%YAML:1.0
---
videoName: "LHShake09.mp4"
gestureLabel: 2
fps: 29
pixelSizeInCmTemp: 3.3263888888888887e-01
faceCenterPointX: 259
faceCenterPointY: 67
LHandPositionsX: [ 340, 337, 338, 339, 340, 345, 351, 351, 350, 359, 360,
    366, 369, 366, 369, 365, 361, 349, 342, 334, 331, 331, 330, 328, 336,
    346, 348, 348, 349, 349, 352, 349, 342, 336, 334, 337, 340, 346, 353,
    359, 368, 363, 369, 361, 357, 343, 337, 337, 336, 336, 337, 347, 352,
    354, 355, 356, 355, 352, 342, 334, 335, 334, 334, 337, 340, 348, 354,
    352, 355, 352, 351, 345, 339, 329, 323, 321, 317, 318, 323, 324, 327,
    326, 332, 331, 334, 331, 332, 333 ]
LHandPositionsY: [ 271, 274, 274, 271, 274, 270, 264, 256, 247, 237, 235,
    215, 199, 197, 186, 172, 165, 161, 158, 155, 159, 156, 157, 152, 152,
    152, 149, 146, 147, 145, 148, 153, 154, 152, 156, 154, 153, 153, 152,
    151, 154, 153, 151, 153, 154, 157, 157, 159, 156, 157, 156, 156, 155,
    152, 154, 150, 152, 150, 149, 150, 155, 151, 151, 155, 151, 151, 152,
    150, 148, 150, 150, 153, 160, 171, 183, 194, 208, 221, 233, 242, 244,
    246, 251, 256, 256, 257, 259, 260 ]
RHandPositionsX: [ 178, 180, 176, 180, 176, 178, 179, 180, 176, 180, 180,
    178, 176, 178, 178, 180, 180, 179, 178, 178, 176, 179, 178, 177, 176,
    178, 180, 180, 176, 180, 180, 178, 180, 177, 180, 177, 177, 176, 178,
    176, 180, 177, 176, 176, 178, 179, 176, 177, 178, 180, 176, 177, 180,
    177, 180, 179, 180, 177, 177, 180, 176, 180, 180, 180, 176, 176, 180,
    177, 176, 178, 176, 177, 178, 176, 177, 178, 178, 178, 179, 176, 178,
    177, 176, 176, 177, 180, 179, 177 ]
RHandPositionsY: [ 277, 277, 279, 275, 277, 276, 277, 275, 276, 276, 276,
    276, 275, 279, 277, 275, 278, 276, 278, 278, 277, 277, 276, 276, 275,
    276, 278, 275, 276, 277, 275, 278, 275, 275, 277, 275, 279, 276, 275,
    275, 279, 275, 278, 275, 279, 275, 279, 279, 277, 275, 279, 276, 275,
    279, 279, 277, 279, 275, 276, 277, 275, 276, 278, 279, 276, 279, 275,
    278, 278, 275, 279, 275, 276, 276, 277, 275, 275, 277, 278, 275, 277,
    275, 276, 276, 277, 277, 277, 279 ]
