%YAML:1.0
---
videoName: "LHShake11.mp4"
gestureLabel: 2
fps: 29
pixelSizeInCmTemp: 3.3732394366197183e-01
faceCenterPointX: 260
faceCenterPointY: 69
LHandPositionsX: [ 387, 386, 387, 378, 363, 357, 350, 352, 345, 345, 355,
    361, 368, 365, 361, 365, 356, 349, 348, 346, 349, 349, 355, 357, 356,
    359, 361, 354, 352, 344, 346, 346, 351, 353, 353, 354, 352, 354, 348,
    343, 340, 338, 338, 342, 344, 354, 356, 354, 357, 357, 354, 343, 337,
    341, 337, 340, 350, 356, 357, 357, 361, 364, 362, 354, 349, 343, 337,
    334, 331, 329, 329, 330, 333, 335, 334, 333, 331, 332, 331, 332, 334,
    333, 331, 331, 332, 333, 331, 335 ]
LHandPositionsY: [ 178, 163, 154, 144, 142, 144, 148, 146, 147, 136, 130,
    127, 128, 125, 127, 128, 130, 140, 142, 140, 144, 132, 131, 131, 131,
    131, 131, 132, 141, 146, 143, 145, 146, 139, 132, 135, 137, 136, 137,
    138, 144, 143, 146, 141, 141, 135, 131, 133, 133, 131, 135, 142, 148,
    146, 147, 144, 145, 138, 137, 138, 137, 143, 147, 157, 167, 177, 193,
    204, 218, 226, 230, 231, 237, 241, 247, 245, 245, 248, 250, 251, 253,
    249, 248, 250, 248, 252, 250, 251 ]
RHandPositionsX: [ 179, 179, 183, 182, 182, 179, 182, 179, 181, 179, 180,
    180, 179, 181, 179, 180, 179, 183, 179, 181, 181, 181, 183, 181, 181,
    183, 181, 181, 182, 182, 180, 179, 181, 182, 180, 181, 182, 180, 182,
    179, 182, 181, 179, 179, 182, 183, 181, 179, 179, 180, 183, 180, 182,
    181, 182, 182, 182, 181, 179, 181, 183, 181, 183, 183, 183, 182, 181,
    179, 180, 180, 180, 183, 183, 181, 183, 182, 182, 183, 182, 179, 182,
    179, 183, 181, 183, 180, 181, 182 ]
RHandPositionsY: [ 273, 275, 275, 277, 277, 275, 273, 277, 276, 273, 277,
    275, 273, 275, 276, 273, 274, 276, 277, 275, 275, 275, 277, 273, 277,
    273, 273, 274, 277, 274, 276, 276, 276, 273, 275, 275, 276, 277, 276,
    276, 275, 276, 277, 276, 276, 277, 273, 276, 274, 276, 276, 275, 277,
    273, 275, 273, 275, 276, 273, 273, 277, 276, 274, 274, 276, 277, 277,
    274, 273, 274, 277, 275, 277, 274, 273, 274, 275, 276, 276, 277, 274,
    276, 273, 276, 275, 275, 274, 274 ]
