%YAML:1.0
---
videoName: "LHShake04.mp4"
gestureLabel: 2
fps: 30
pixelSizeInCmTemp: 3.2808219178082193e-01
faceCenterPointX: 247
faceCenterPointY: 80
LHandPositionsX: [ 280, 281, 282, 284, 283, 281, 282, 281, 280, 280, 281,
    282, 279, 281, 283, 286, 288, 299, 306, 320, 336, 345, 357, 367, 370,
    365, 361, 359, 349, 341, 338, 334, 335, 341, 349, 361, 369, 366, 356,
    348, 339, 342, 344, 340, 349, 352, 357, 355, 354, 343, 342, 345, 343,
    347, 355, 358, 356, 351, 347, 345, 344, 351, 353, 361, 360, 365, 364,
    358, 355, 345, 334, 325, 313, 307, 301, 294, 292, 290, 288, 289, 290,
    288, 288, 286, 290, 289, 287, 288, 288, 288, 289 ]
LHandPositionsY: [ 269, 272, 272, 270, 268, 268, 270, 272, 270, 270, 271,
    271, 272, 268, 271, 266, 264, 255, 241, 232, 219, 203, 186, 176, 161,
    159, 156, 150, 136, 132, 130, 128, 125, 119, 116, 113, 108, 109, 114,
    118, 129, 126, 124, 125, 121, 117, 114, 114, 121, 119, 120, 124, 119,
    116, 113, 114, 110, 109, 113, 115, 116, 110, 109, 108, 106, 105, 106,
    109, 125, 141, 159, 173, 184, 198, 212, 225, 234, 241, 241, 245, 246,
    248, 246, 251, 248, 252, 250, 253, 253, 251, 254 ]
RHandPositionsX: [ 216, 218, 216, 217, 217, 215, 215, 216, 215, 215, 214,
    218, 215, 216, 218, 217, 214, 215, 214, 216, 214, 214, 217, 218, 215,
    214, 214, 218, 215, 218, 216, 215, 217, 214, 217, 218, 218, 218, 214,
    218, 216, 218, 215, 217, 217, 217, 216, 215, 216, 218, 215, 217, 218,
    215, 216, 214, 214, 216, 217, 216, 217, 215, 215, 215, 215, 218, 217,
    214, 217, 215, 218, 214, 214, 217, 217, 214, 217, 214, 214, 214, 214,
    218, 214, 218, 218, 218, 218, 218, 214, 216, 217 ]
RHandPositionsY: [ 268, 270, 266, 270, 270, 268, 267, 269, 269, 267, 266,
    268, 265, 269, 266, 266, 265, 264, 265, 267, 266, 265, 265, 265, 264,
    267, 263, 263, 265, 263, 265, 263, 265, 262, 262, 263, 262, 264, 265,
    264, 265, 264, 262, 266, 266, 262, 266, 262, 265, 262, 264, 263, 264,
    262, 264, 261, 264, 262, 263, 264, 263, 263, 262, 263, 265, 265, 263,
    265, 262, 265, 262, 264, 265, 262, 265, 265, 265, 264, 261, 261, 263,
    263, 264, 265, 263, 262, 264, 263, 261, 264, 265 ]
