%YAML:1.0
---
videoName: "LHShake02.mp4"
gestureLabel: 2
fps: 29
pixelSizeInCmTemp: 3.3263888888888887e-01
faceCenterPointX: 249
faceCenterPointY: 82
LHandPositionsX: [ 360, 362, 361, 367, 374, 382, 385, 383, 386, 386, 385,
    380, 373, 365, 364, 362, 362, 367, 371, 376, 381, 386, 384, 378, 375,
    369, 368, 363, 360, 363, 367, 371, 373, 379, 377, 382, 381, 378, 373,
    371, 363, 361, 357, 359, 358, 363, 363, 371, 370, 373, 370, 368, 362,
    361, 355, 356, 364, 366, 367, 370, 369, 369, 366, 361, 360, 355, 350,
    347, 343, 346, 343, 343, 343, 344, 344, 343, 344, 347, 347, 347, 348,
    346, 347, 350, 349, 346, 350, 347 ]
LHandPositionsY: [ 127, 119, 116, 115, 112, 111, 112, 108, 109, 109, 108,
    110, 109, 112, 115, 113, 111, 110, 106, 105, 105, 101, 101, 103, 101,
    109, 110, 110, 108, 105, 105, 103, 99, 101, 101, 95, 96, 94, 99, 98,
    97, 103, 100, 103, 103, 101, 99, 102, 101, 100, 104, 101, 105, 107,
    106, 110, 105, 104, 106, 107, 103, 105, 105, 106, 121, 137, 147, 160,
    165, 171, 176, 185, 191, 197, 206, 213, 215, 222, 226, 231, 231, 230,
    229, 234, 231, 234, 236, 236 ]
RHandPositionsX: [ 155, 155, 153, 157, 153, 153, 155, 155, 153, 157, 153,
    154, 156, 155, 157, 154, 156, 157, 154, 156, 156, 157, 153, 157, 157,
    156, 157, 153, 154, 157, 153, 153, 153, 157, 155, 154, 153, 153, 156,
    154, 155, 155, 154, 157, 154, 154, 157, 154, 154, 155, 154, 156, 156,
    157, 153, 156, 157, 154, 157, 153, 153, 154, 156, 154, 154, 155, 153,
    155, 154, 155, 154, 154, 153, 156, 156, 156, 156, 156, 157, 157, 154,
    154, 154, 154, 154, 156, 153, 157 ]
RHandPositionsY: [ 263, 263, 262, 263, 260, 260, 262, 261, 261, 260, 263,
    262, 261, 258, 260, 260, 259, 262, 258, 260, 261, 262, 259, 260, 261,
    259, 262, 260, 260, 260, 262, 259, 258, 259, 259, 261, 262, 262, 261,
    259, 262, 261, 262, 258, 260, 258, 258, 260, 259, 259, 261, 258, 259,
    259, 258, 259, 261, 262, 262, 258, 259, 262, 262, 260, 259, 259, 258,
    262, 259, 258, 259, 259, 258, 261, 261, 262, 262, 258, 258, 261, 258,
    258, 260, 258, 258, 258, 262, 258 ]
