%YAML:1.0
---
videoName: "LHShake07.mp4"
gestureLabel: 2
fps: 29
pixelSizeInCmTemp: 3.3732394366197183e-01
faceCenterPointX: 265
faceCenterPointY: 78
LHandPositionsX: [ 346, 347, 350, 356, 361, 368, 375, 385, 392, 392, 395,
    392, 383, 377, 352, 346, 338, 344, 341, 342, 347, 363, 368, 367, 367,
    362, 361, 345, 342, 342, 343, 345, 357, 355, 370, 370, 367, 361, 362,
    350, 344, 346, 347, 352, 358, 361, 362, 360, 367, 359, 339, 327, 331,
    334, 343, 355, 367, 372, 373, 381, 371, 362, 357, 350, 344, 337, 336,
    333, 333, 338, 337, 341, 344, 342, 342, 341, 341, 343, 341, 341, 340,
    342, 343, 344, 343, 340, 344, 344 ]
LHandPositionsY: [ 278, 276, 275, 265, 259, 246, 235, 219, 203, 191, 176,
    159, 152, 138, 140, 142, 149, 146, 146, 148, 141, 137, 134, 135, 135,
    137, 136, 138, 145, 144, 138, 131, 129, 133, 125, 126, 126, 133, 134,
    137, 143, 142, 145, 140, 137, 138, 140, 140, 128, 130, 135, 151, 145,
    135, 133, 133, 128, 132, 131, 128, 133, 136, 146, 156, 168, 178, 190,
    202, 217, 230, 239, 250, 252, 256, 259, 258, 263, 263, 263, 265, 264,
    265, 267, 267, 269, 266, 267, 266 ]
RHandPositionsX: [ 185, 185, 182, 182, 184, 183, 182, 185, 183, 183, 181,
    183, 182, 183, 183, 184, 183, 182, 181, 185, 181, 183, 185, 184, 182,
    183, 184, 182, 185, 181, 184, 183, 181, 181, 185, 185, 181, 182, 183,
    184, 185, 183, 184, 184, 185, 183, 183, 185, 182, 181, 182, 184, 184,
    185, 182, 183, 183, 184, 181, 184, 183, 183, 181, 183, 183, 183, 182,
    181, 183, 183, 184, 184, 182, 182, 183, 184, 181, 184, 184, 182, 181,
    183, 184, 184, 184, 183, 184, 184 ]
RHandPositionsY: [ 280, 277, 280, 277, 276, 278, 279, 276, 278, 278, 280,
    277, 280, 278, 276, 279, 280, 280, 278, 276, 278, 280, 278, 279, 276,
    280, 278, 279, 279, 277, 276, 278, 279, 279, 276, 277, 276, 278, 279,
    279, 277, 276, 276, 279, 280, 280, 276, 279, 280, 276, 277, 280, 278,
    280, 278, 279, 280, 277, 277, 279, 279, 278, 276, 280, 279, 276, 280,
    276, 276, 280, 279, 278, 276, 280, 280, 276, 277, 280, 280, 277, 280,
    278, 278, 276, 279, 280, 276, 276 ]
