%YAML:1.0
---
videoName: "LHShake18.mp4"
gestureLabel: 2
fps: 29
pixelSizeInCmTemp: 3.4214285714285714e-01
faceCenterPointX: 253
faceCenterPointY: 65
LHandPositionsX: [ 313, 315, 314, 314, 312, 311, 313, 311, 311, 311, 313,
    313, 314, 315, 313, 312, 313, 318, 322, 322, 331, 338, 344, 346, 349,
    347, 340, 327, 315, 299, 302, 302, 306, 314, 309, 312, 311, 308, 296,
    292, 293, 298, 305, 313, 310, 312, 306, 296, 286, 285, 286, 296, 306,
    315, 314, 313, 304, 293, 285, 289, 296, 303, 306, 310, 311, 309, 305,
    296, 296, 299, 305, 304, 308, 311, 316, 310, 305, 307, 307, 307, 307,
    305, 305, 310, 310, 309, 310, 309 ]
LHandPositionsY: [ 250, 246, 246, 247, 248, 249, 250, 247, 247, 247, 250,
    248, 250, 246, 248, 248, 247, 250, 243, 234, 219, 202, 188, 178, 167,
    161, 153, 148, 145, 138, 135, 141, 144, 143, 138, 142, 143, 144, 145,
    140, 137, 144, 145, 148, 147, 148, 149, 145, 143, 138, 144, 145, 148,
    147, 147, 150, 149, 141, 145, 143, 152, 153, 153, 152, 154, 154, 157,
    145, 145, 154, 155, 154, 153, 157, 164, 169, 175, 185, 195, 205, 215,
    217, 218, 233, 233, 230, 231, 233 ]
RHandPositionsX: [ 198, 195, 195, 195, 194, 197, 198, 196, 195, 196, 197,
    197, 198, 195, 195, 197, 196, 199, 198, 196, 197, 197, 197, 199, 198,
    196, 197, 198, 198, 197, 195, 196, 198, 197, 197, 196, 199, 198, 199,
    199, 196, 198, 195, 199, 198, 197, 195, 200, 200, 195, 198, 195, 198,
    198, 196, 197, 199, 198, 199, 196, 199, 196, 198, 195, 196, 197, 196,
    196, 196, 196, 194, 194, 194, 197, 194, 194, 195, 195, 194, 195, 197,
    197, 195, 194, 198, 197, 196, 195 ]
RHandPositionsY: [ 263, 262, 262, 264, 263, 263, 268, 266, 267, 264, 263,
    267, 264, 263, 264, 264, 267, 265, 267, 266, 266, 267, 266, 264, 265,
    266, 263, 265, 266, 265, 265, 265, 263, 266, 267, 267, 267, 267, 264,
    265, 267, 265, 268, 264, 266, 268, 264, 268, 264, 265, 265, 265, 268,
    264, 266, 265, 268, 268, 265, 266, 268, 264, 266, 269, 268, 268, 264,
    265, 266, 266, 267, 268, 265, 264, 266, 265, 265, 264, 265, 264, 267,
    268, 264, 268, 268, 265, 264, 264 ]
