%YAML:1.0
---
videoName: "LHShake22.mp4"
gestureLabel: 2
fps: 29
pixelSizeInCmTemp: 3.5220588235294115e-01
faceCenterPointX: 261
faceCenterPointY: 79
LHandPositionsX: [ 334, 345, 347, 357, 357, 356, 358, 356, 344, 336, 328,
    319, 318, 320, 319, 322, 330, 338, 347, 342, 342, 341, 337, 332, 325,
    322, 324, 327, 332, 340, 342, 341, 341, 338, 331, 321, 318, 316, 320,
    321, 328, 333, 335, 338, 335, 330, 326, 322, 322, 322, 324, 328, 337,
    342, 341, 343, 341, 332, 327, 318, 316, 316, 320, 324, 332, 338, 337,
    334, 335, 330, 326, 324, 322, 319, 318, 325, 325, 323, 325, 327, 323,
    327, 325, 327, 324, 325, 324, 323 ]
LHandPositionsY: [ 259, 252, 244, 237, 234, 221, 209, 205, 192, 186, 186,
    187, 186, 186, 181, 180, 178, 175, 173, 171, 172, 172, 173, 178, 177,
    179, 180, 179, 177, 172, 170, 171, 171, 173, 173, 177, 182, 181, 181,
    184, 178, 175, 178, 175, 177, 176, 178, 182, 183, 180, 182, 180, 178,
    175, 174, 176, 174, 176, 178, 183, 184, 183, 180, 180, 176, 177, 178,
    177, 184, 189, 196, 203, 210, 221, 228, 241, 240, 243, 247, 248, 247,
    247, 250, 249, 247, 248, 248, 248 ]
RHandPositionsX: [ 190, 191, 193, 191, 189, 189, 193, 190, 191, 189, 189,
    191, 192, 193, 191, 193, 192, 193, 193, 189, 189, 190, 191, 192, 191,
    191, 191, 191, 192, 192, 190, 193, 191, 191, 192, 193, 192, 192, 192,
    193, 193, 193, 192, 193, 192, 193, 189, 190, 193, 189, 191, 189, 189,
    191, 193, 190, 189, 191, 190, 189, 191, 190, 192, 189, 192, 192, 190,
    189, 190, 193, 193, 189, 193, 191, 193, 189, 192, 193, 190, 191, 190,
    193, 192, 193, 191, 192, 190, 189 ]
RHandPositionsY: [ 267, 270, 267, 270, 268, 267, 266, 270, 267, 267, 270,
    266, 270, 270, 270, 270, 266, 270, 269, 266, 270, 266, 268, 266, 270,
    270, 270, 266, 269, 270, 268, 270, 270, 267, 268, 267, 266, 267, 268,
    266, 266, 270, 267, 267, 267, 268, 267, 269, 268, 267, 267, 266, 270,
    270, 268, 270, 266, 267, 268, 269, 268, 266, 270, 269, 269, 269, 267,
    270, 267, 266, 266, 270, 268, 267, 270, 270, 270, 270, 270, 267, 270,
    268, 269, 267, 268, 268, 270, 267 ]
