%YAML:1.0
---
videoName: "LHShake09.mp4"
gestureLabel: 2
fps: 29
pixelSizeInCmTemp: 3.3263888888888887e-01
faceCenterPointX: 259
faceCenterPointY: 67
LHandPositionsX: [ 336, 340, 337, 339, 342, 346, 351, 351, 349, 358, 358,
    364, 367, 369, 368, 363, 361, 349, 340, 332, 333, 331, 328, 332, 335,
    345, 349, 351, 346, 350, 353, 350, 342, 338, 334, 338, 337, 345, 353,
    360, 368, 364, 366, 361, 354, 347, 339, 335, 336, 333, 338, 348, 352,
    352, 356, 357, 354, 349, 341, 333, 335, 335, 333, 337, 342, 350, 352,
    354, 353, 355, 351, 343, 336, 331, 327, 320, 320, 322, 324, 328, 327,
    329, 328, 330, 332, 332, 334, 332 ]
LHandPositionsY: [ 272, 273, 275, 274, 274, 272, 265, 255, 248, 236, 233,
    218, 203, 196, 184, 176, 168, 164, 157, 157, 159, 160, 158, 155, 153,
    152, 145, 149, 146, 147, 147, 150, 152, 152, 154, 156, 152, 155, 153,
    154, 153, 152, 153, 154, 155, 157, 157, 159, 157, 154, 153, 154, 153,
    152, 153, 153, 151, 150, 149, 151, 152, 153, 154, 151, 153, 154, 150,
    149, 151, 150, 152, 156, 164, 169, 183, 192, 208, 220, 231, 241, 246,
    246, 250, 253, 258, 261, 259, 260 ]
RHandPositionsX: [ 176, 180, 180, 179, 177, 180, 178, 177, 180, 178, 178,
    177, 176, 176, 177, 177, 176, 176, 179, 178, 177, 178, 178, 177, 179,
    180, 180, 180, 179, 179, 176, 178, 176, 180, 180, 176, 178, 178, 177,
    176, 177, 180, 180, 176, 176, 177, 179, 178, 176, 177, 179, 176, 180,
    178, 178, 180, 177, 179, 180, 178, 177, 180, 178, 178, 177, 179, 178,
    176, 178, 179, 179, 179, 176, 178, 176, 178, 177, 179, 178, 176, 177,
    179, 176, 180, 176, 180, 180, 178 ]
RHandPositionsY: [ 278, 279, 278, 278, 276, 278, 276, 277, 278, 278, 277,
    276, 278, 275, 276, 277, 276, 279, 276, 277, 278, 279, 275, 278, 278,
    276, 279, 279, 275, 278, 279, 276, 278, 279, 276, 275, 276, 276, 277,
    275, 279, 276, 278, 276, 275, 279, 277, 278, 275, 277, 278, 275, 278,
    276, 275, 279, 279, 278, 279, 279, 275, 276, 278, 279, 275, 276, 278,
    275, 278, 277, 278, 277, 277, 277, 276, 276, 276, 276, 275, 278, 277,
    277, 279, 279, 279, 276, 276, 277 ]
