%YAML:1.0
---
videoName: "LHShake23.mp4"
gestureLabel: 2
fps: 30
pixelSizeInCmTemp: 3.3263888888888887e-01
faceCenterPointX: 259
faceCenterPointY: 79
LHandPositionsX: [ 330, 334, 334, 334, 332, 333, 330, 331, 330, 335, 333,
    334, 341, 346, 346, 358, 369, 372, 372, 376, 377, 378, 376, 369, 358,
    351, 353, 351, 354, 362, 370, 380, 383, 383, 382, 377, 372, 362, 361,
    360, 360, 367, 378, 385, 383, 382, 378, 373, 365, 354, 356, 350, 357,
    365, 374, 380, 380, 378, 378, 376, 366, 355, 357, 357, 358, 362, 372,
    377, 377, 380, 378, 376, 370, 363, 356, 352, 345, 345, 341, 341, 336,
    337, 337, 339, 335, 334, 334, 337, 335, 337, 337 ]
LHandPositionsY: [ 262, 265, 263, 266, 263, 264, 266, 262, 262, 262, 258,
    250, 241, 231, 227, 215, 199, 198, 194, 189, 179, 173, 167, 167, 166,
    169, 170, 167, 171, 166, 161, 161, 158, 159, 160, 160, 164, 164, 163,
    162, 167, 163, 161, 158, 161, 158, 158, 160, 159, 163, 165, 165, 168,
    166, 163, 162, 163, 163, 165, 165, 164, 168, 169, 170, 168, 171, 166,
    170, 165, 165, 168, 173, 174, 184, 194, 204, 214, 229, 240, 249, 251,
    251, 250, 251, 251, 256, 256, 255, 254, 256, 253 ]
RHandPositionsX: [ 183, 184, 185, 184, 182, 186, 184, 183, 186, 186, 184,
    184, 182, 183, 183, 185, 186, 185, 186, 183, 185, 183, 186, 182, 185,
    183, 185, 182, 186, 182, 186, 185, 183, 182, 183, 186, 186, 183, 182,
    182, 182, 183, 184, 185, 182, 186, 185, 183, 183, 186, 182, 184, 186,
    186, 184, 185, 182, 182, 186, 183, 186, 185, 183, 183, 184, 183, 186,
    184, 185, 185, 186, 186, 184, 185, 184, 183, 184, 186, 185, 182, 186,
    184, 185, 186, 184, 182, 186, 186, 182, 182, 186 ]
RHandPositionsY: [ 274, 270, 273, 271, 270, 271, 274, 272, 274, 271, 272,
    270, 274, 273, 272, 272, 272, 270, 270, 270, 270, 271, 270, 274, 274,
    273, 270, 271, 273, 272, 273, 273, 272, 273, 274, 270, 274, 270, 271,
    272, 274, 273, 273, 272, 273, 272, 273, 273, 272, 274, 271, 270, 272,
    272, 271, 271, 274, 271, 271, 270, 274, 272, 273, 272, 270, 274, 271,
    273, 270, 270, 270, 273, 274, 273, 271, 273, 274, 271, 272, 271, 272,
    271, 274, 272, 270, 274, 271, 273, 270, 271, 273 ]
