%YAML:1.0
---
videoName: "LHShake05.mp4"
gestureLabel: 2
fps: 30
pixelSizeInCmTemp: 3.2364864864864862e-01
faceCenterPointX: 252
faceCenterPointY: 81
LHandPositionsX: [ 295, 295, 292, 293, 291, 293, 293, 294, 294, 291, 294,
    298, 304, 310, 323, 332, 344, 342, 340, 339, 340, 334, 333, 328, 329,
    330, 332, 338, 340, 342, 344, 340, 330, 325, 327, 326, 328, 332, 334,
    340, 335, 329, 323, 319, 319, 324, 326, 333, 336, 338, 336, 326, 323,
    323, 326, 328, 329, 334, 341, 335, 333, 333, 333, 330, 333, 333, 341,
    339, 342, 339, 333, 326, 323, 317, 310, 308, 303, 302, 295, 296, 295,
    294, 293, 292, 291, 291, 292, 293, 295, 293, 293 ]
LHandPositionsY: [ 268, 267, 268, 269, 266, 269, 268, 268, 263, 254, 240,
    227, 214, 200, 188, 175, 164, 161, 159, 155, 151, 152, 154, 157, 153,
    152, 148, 142, 142, 138, 132, 139, 146, 147, 143, 147, 145, 140, 138,
    135, 134, 140, 141, 143, 143, 141, 141, 139, 132, 133, 137, 141, 139,
    143, 141, 143, 139, 140, 138, 139, 142, 142, 143, 142, 144, 142, 139,
    141, 137, 140, 142, 148, 160, 169, 176, 190, 199, 208, 220, 228, 236,
    235, 240, 242, 244, 249, 251, 249, 251, 254, 258 ]
RHandPositionsX: [ 213, 211, 214, 214, 214, 211, 214, 212, 213, 214, 214,
    213, 210, 209, 212, 209, 209, 209, 212, 209, 210, 208, 212, 211, 208,
    211, 207, 207, 207, 207, 210, 206, 209, 208, 207, 207, 207, 207, 208,
    210, 210, 209, 210, 207, 208, 209, 208, 207, 206, 210, 208, 207, 206,
    206, 209, 208, 210, 206, 209, 208, 210, 207, 208, 206, 209, 207, 210,
    206, 210, 208, 206, 209, 210, 208, 210, 207, 206, 210, 209, 209, 208,
    210, 206, 209, 209, 211, 210, 210, 211, 212, 212 ]
RHandPositionsY: [ 262, 265, 265, 263, 262, 264, 265, 264, 264, 264, 266,
    262, 264, 266, 266, 263, 264, 266, 263, 264, 262, 263, 262, 263, 265,
    263, 265, 263, 263, 263, 265, 263, 262, 264, 262, 263, 261, 264, 265,
    263, 264, 263, 261, 262, 261, 264, 265, 264, 261, 262, 263, 261, 265,
    262, 265, 264, 264, 264, 263, 265, 263, 263, 264, 261, 263, 265, 264,
    262, 264, 263, 263, 265, 261, 264, 261, 261, 265, 264, 261, 263, 264,
    261, 263, 263, 265, 265, 263, 263, 264, 261, 262 ]
