%YAML:1.0
---
videoName: "LHShake09.mp4"
gestureLabel: 2
fps: 29
pixelSizeInCmTemp: 3.3263888888888887e-01
faceCenterPointX: 259
faceCenterPointY: 67
LHandPositionsX: [ 338, 338, 338, 338, 341, 346, 348, 355, 351, 358, 360,
    364, 368, 366, 367, 364, 361, 351, 343, 332, 332, 333, 330, 328, 339,
    346, 348, 348, 346, 346, 350, 349, 344, 337, 335, 335, 337, 343, 354,
    360, 368, 362, 367, 363, 357, 343, 340, 336, 338, 334, 340, 344, 351,
    353, 356, 357, 355, 348, 340, 333, 336, 334, 336, 335, 341, 348, 356,
    356, 353, 351, 348, 345, 336, 331, 324, 321, 317, 319, 324, 327, 329,
    327, 328, 332, 334, 335, 331, 331 ]
LHandPositionsY: [ 273, 274, 272, 275, 272, 273, 267, 257, 250, 238, 231,
    215, 203, 198, 186, 176, 167, 160, 157, 159, 160, 159, 155, 155, 151,
    151, 146, 148, 148, 146, 148, 149, 154, 155, 156, 154, 153, 156, 154,
    152, 151, 152, 152, 156, 154, 154, 157, 157, 155, 156, 156, 154, 152,
    150, 150, 151, 149, 150, 152, 150, 153, 154, 151, 154, 154, 154, 149,
    150, 148, 148, 150, 156, 164, 173, 180, 195, 208, 218, 233, 244, 245,
    247, 252, 254, 256, 259, 259, 261 ]
RHandPositionsX: [ 179, 176, 178, 178, 179, 180, 178, 176, 176, 176, 178,
    179, 179, 176, 176, 177, 177, 177, 178, 177, 180, 179, 178, 178, 179,
    180, 180, 179, 179, 177, 176, 180, 178, 177, 177, 176, 179, 176, 180,
    179, 179, 180, 180, 177, 180, 180, 178, 180, 176, 177, 177, 177, 178,
    176, 176, 178, 179, 180, 176, 179, 177, 179, 179, 177, 180, 179, 179,
    179, 177, 180, 178, 178, 180, 178, 179, 179, 179, 180, 178, 178, 177,
    178, 178, 179, 176, 176, 178, 177 ]
RHandPositionsY: [ 275, 278, 275, 278, 277, 275, 276, 278, 279, 278, 275,
    275, 276, 276, 275, 278, 276, 277, 279, 279, 276, 277, 278, 279, 279,
    279, 276, 277, 279, 279, 278, 276, 276, 278, 279, 279, 279, 277, 275,
    275, 277, 275, 275, 279, 277, 275, 275, 277, 275, 275, 277, 275, 276,
    277, 277, 279, 278, 276, 277, 276, 279, 275, 279, 279, 275, 279, 278,
    279, 278, 276, 276, 275, 276, 275, 278, 276, 278, 278, 276, 279, 277,
    277, 279, 279, 276, 278, 275, 276 ]
