%YAML:1.0
---
videoName: "LHShake07.mp4"
gestureLabel: 2
fps: 29
pixelSizeInCmTemp: 3.3732394366197183e-01
faceCenterPointX: 265
faceCenterPointY: 78
LHandPositionsX: [ 349, 346, 351, 357, 364, 368, 376, 386, 390, 392, 393,
    394, 383, 378, 355, 349, 342, 344, 340, 340, 347, 364, 369, 368, 367,
    364, 362, 342, 339, 344, 341, 348, 358, 359, 369, 371, 368, 361, 363,
    352, 346, 347, 345, 350, 359, 363, 361, 361, 366, 360, 339, 330, 335,
    333, 342, 353, 369, 375, 369, 379, 370, 363, 354, 347, 341, 339, 334,
    337, 335, 340, 338, 343, 342, 341, 343, 342, 343, 345, 344, 340, 344,
    341, 344, 342, 342, 341, 340, 340 ]
LHandPositionsY: [ 276, 277, 274, 266, 259, 250, 237, 217, 204, 190, 175,
    163, 149, 139, 140, 141, 146, 146, 148, 145, 144, 136, 136, 138, 136,
    137, 137, 140, 144, 142, 138, 130, 132, 134, 127, 124, 126, 132, 132,
    135, 145, 145, 148, 140, 136, 139, 141, 137, 130, 130, 135, 150, 144,
    138, 133, 133, 128, 133, 133, 128, 134, 135, 148, 158, 166, 179, 192,
    204, 220, 230, 240, 253, 250, 255, 259, 259, 260, 266, 264, 266, 265,
    267, 265, 269, 266, 270, 269, 267 ]
RHandPositionsX: [ 185, 184, 182, 184, 185, 181, 185, 182, 183, 183, 183,
    185, 184, 181, 185, 183, 183, 183, 183, 185, 182, 183, 181, 182, 182,
    185, 185, 185, 184, 182, 184, 183, 182, 185, 181, 185, 181, 181, 184,
    185, 181, 185, 184, 185, 185, 181, 182, 185, 183, 181, 181, 184, 181,
    181, 181, 181, 181, 183, 181, 185, 184, 184, 184, 184, 182, 181, 185,
    182, 181, 182, 181, 185, 181, 184, 183, 184, 182, 182, 185, 185, 185,
    181, 181, 185, 183, 185, 185, 181 ]
RHandPositionsY: [ 278, 280, 276, 278, 279, 279, 280, 278, 278, 280, 276,
    276, 277, 278, 279, 279, 277, 278, 277, 279, 279, 276, 278, 276, 280,
    276, 280, 276, 279, 276, 280, 279, 278, 276, 280, 277, 278, 278, 277,
    276, 279, 278, 279, 280, 280, 276, 279, 277, 278, 280, 277, 278, 280,
    280, 277, 276, 278, 280, 277, 278, 280, 278, 279, 278, 277, 277, 280,
    278, 276, 279, 276, 276, 276, 277, 277, 276, 280, 277, 277, 280, 278,
    279, 278, 276, 280, 278, 276, 276 ]
