%YAML:1.0
---
videoName: "LHShake05.mp4"
gestureLabel: 2
fps: 30
pixelSizeInCmTemp: 3.2364864864864862e-01
faceCenterPointX: 252
faceCenterPointY: 81
LHandPositionsX: [ 295, 294, 291, 291, 292, 295, 294, 292, 295, 290, 292,
    295, 304, 312, 322, 334, 341, 340, 340, 338, 342, 338, 331, 328, 328,
    334, 335, 336, 343, 345, 345, 336, 330, 323, 325, 326, 329, 334, 335,
    337, 337, 329, 323, 322, 320, 324, 326, 333, 339, 338, 333, 328, 325,
    323, 324, 325, 332, 338, 341, 336, 336, 329, 332, 332, 333, 337, 339,
    339, 342, 336, 332, 326, 320, 313, 310, 304, 305, 298, 295, 296, 293,
    296, 295, 291, 291, 295, 292, 294, 291, 295, 295 ]
LHandPositionsY: [ 269, 270, 270, 267, 269, 269, 269, 266, 263, 257, 244,
    225, 214, 199, 186, 172, 163, 161, 160, 154, 152, 154, 156, 157, 156,
    154, 147, 144, 138, 134, 132, 140, 147, 145, 144, 145, 145, 142, 139,
    136, 131, 137, 141, 145, 144, 142, 139, 136, 136, 129, 134, 139, 141,
    141, 145, 145, 139, 137, 135, 139, 142, 143, 144, 142, 144, 140, 139,
    137, 135, 140, 143, 151, 160, 170, 180, 187, 196, 211, 217, 229, 236,
    234, 237, 241, 247, 250, 250, 250, 252, 256, 257 ]
RHandPositionsX: [ 210, 213, 212, 214, 210, 211, 213, 211, 214, 213, 210,
    213, 210, 209, 211, 211, 210, 209, 210, 209, 212, 211, 210, 211, 209,
    208, 208, 211, 209, 210, 206, 207, 207, 206, 210, 209, 210, 209, 210,
    207, 206, 208, 206, 209, 208, 208, 209, 208, 210, 207, 209, 206, 207,
    210, 206, 206, 209, 210, 210, 209, 209, 210, 209, 208, 207, 209, 209,
    206, 206, 209, 207, 209, 210, 206, 207, 206, 207, 210, 206, 209, 206,
    206, 207, 209, 208, 208, 210, 211, 209, 211, 209 ]
RHandPositionsY: [ 266, 263, 264, 263, 263, 265, 265, 262, 263, 266, 265,
    263, 266, 266, 266, 263, 265, 266, 265, 265, 265, 265, 262, 265, 266,
    266, 264, 262, 266, 265, 263, 265, 264, 264, 265, 265, 261, 262, 261,
    263, 263, 264, 262, 265, 261, 263, 262, 264, 264, 261, 261, 263, 261,
    263, 265, 263, 264, 263, 263, 262, 261, 265, 264, 261, 261, 265, 262,
    261, 261, 263, 263, 263, 265, 261, 262, 263, 263, 263, 265, 263, 265,
    262, 264, 265, 261, 265, 262, 265, 262, 264, 265 ]
