%YAML:1.0
---
videoName: "LHShake16.mp4"
gestureLabel: 2
fps: 30
pixelSizeInCmTemp: 3.3732394366197183e-01
faceCenterPointX: 247
faceCenterPointY: 66
LHandPositionsX: [ 324, 322, 324, 326, 330, 335, 344, 353, 363, 374, 385,
    395, 401, 412, 404, 403, 402, 390, 376, 364, 354, 358, 366, 369, 383,
    398, 394, 392, 389, 384, 376, 368, 369, 371, 373, 382, 391, 389, 404,
    398, 385, 372, 367, 369, 367, 371, 374, 383, 401, 407, 398, 383, 372,
    365, 364, 364, 364, 367, 374, 394, 387, 385, 389, 382, 375, 366, 358,
    348, 345, 337, 335, 334, 333, 329, 331, 330, 330, 330, 327, 329, 327,
    327, 329, 327, 326, 326, 327, 328, 326, 324, 324 ]
LHandPositionsY: [ 256, 253, 252, 250, 249, 247, 235, 224, 208, 195, 181,
    167, 153, 150, 141, 134, 125, 116, 115, 112, 116, 120, 124, 114, 116,
    117, 116, 117, 118, 114, 121, 130, 131, 136, 128, 119, 120, 120, 118,
    119, 118, 129, 134, 133, 134, 135, 129, 124, 124, 123, 124, 128, 139,
    145, 143, 145, 144, 144, 133, 129, 131, 131, 123, 130, 140, 149, 161,
    172, 183, 198, 206, 215, 223, 227, 229, 234, 239, 236, 236, 239, 238,
    239, 244, 244, 243, 245, 242, 244, 245, 241, 241 ]
RHandPositionsX: [ 176, 176, 177, 179, 177, 175, 179, 176, 179, 178, 175,
    178, 176, 177, 178, 176, 175, 175, 178, 179, 177, 177, 176, 178, 176,
    176, 179, 176, 175, 175, 178, 175, 175, 179, 178, 179, 178, 179, 176,
    178, 176, 177, 177, 176, 176, 179, 177, 176, 179, 176, 177, 175, 179,
    176, 177, 179, 177, 178, 177, 175, 177, 179, 175, 178, 179, 176, 179,
    175, 177, 179, 176, 176, 177, 177, 178, 176, 177, 175, 179, 176, 179,
    179, 178, 176, 178, 178, 176, 178, 179, 179, 175 ]
RHandPositionsY: [ 258, 261, 258, 260, 259, 259, 262, 260, 259, 261, 260,
    261, 259, 261, 260, 258, 260, 259, 262, 260, 259, 262, 260, 258, 259,
    258, 260, 262, 259, 260, 259, 261, 262, 260, 258, 260, 258, 259, 258,
    260, 260, 259, 261, 259, 261, 261, 259, 260, 258, 260, 260, 259, 260,
    261, 259, 261, 259, 260, 259, 259, 258, 260, 259, 258, 260, 262, 260,
    262, 258, 262, 260, 260, 261, 262, 262, 261, 258, 260, 261, 259, 261,
    258, 261, 260, 259, 258, 259, 261, 260, 259, 260 ]
