%YAML:1.0
---
videoName: "LHShake01.mp4"
gestureLabel: 2
fps: 29
pixelSizeInCmTemp: 3.4214285714285714e-01
faceCenterPointX: 252
faceCenterPointY: 84
LHandPositionsX: [ 365, 364, 367, 363, 362, 356, 347, 342, 337, 333, 334,
    332, 340, 345, 349, 354, 356, 356, 354, 348, 345, 340, 342, 338, 339,
    338, 342, 347, 353, 349, 349, 347, 347, 343, 340, 335, 331, 336, 336,
    343, 342, 347, 346, 347, 346, 347, 342, 339, 334, 336, 331, 335, 338,
    342, 345, 350, 349, 348, 349, 347, 344, 340, 337, 330, 326, 329, 331,
    332, 334, 326, 333, 333, 336, 338, 343, 343, 345, 345, 348, 348, 347,
    351, 349, 351, 353, 352, 349, 352 ]
LHandPositionsY: [ 144, 140, 130, 128, 122, 122, 118, 121, 121, 123, 122,
    122, 121, 119, 112, 112, 111, 109, 109, 112, 111, 112, 114, 112, 114,
    112, 111, 110, 106, 107, 104, 104, 108, 107, 112, 116, 112, 113, 113,
    108, 108, 107, 108, 106, 102, 109, 108, 106, 109, 110, 112, 110, 109,
    108, 103, 104, 104, 101, 101, 104, 106, 104, 107, 122, 134, 143, 153,
    160, 162, 165, 171, 180, 193, 198, 207, 214, 223, 221, 224, 223, 224,
    225, 227, 229, 229, 230, 229, 230 ]
RHandPositionsX: [ 153, 154, 157, 153, 155, 154, 153, 153, 156, 157, 153,
    153, 155, 154, 157, 153, 156, 153, 157, 154, 157, 156, 155, 156, 156,
    153, 153, 155, 153, 157, 153, 157, 156, 156, 157, 153, 155, 157, 153,
    154, 157, 156, 156, 157, 156, 155, 155, 156, 156, 154, 155, 156, 156,
    154, 157, 156, 157, 156, 157, 155, 155, 153, 155, 156, 157, 155, 157,
    156, 153, 156, 155, 156, 155, 157, 156, 156, 153, 154, 157, 155, 155,
    156, 154, 157, 153, 156, 153, 153 ]
RHandPositionsY: [ 269, 270, 267, 269, 268, 270, 269, 269, 267, 269, 268,
    265, 267, 266, 265, 268, 268, 265, 267, 266, 264, 262, 265, 263, 264,
    262, 263, 263, 265, 263, 264, 265, 262, 261, 260, 261, 261, 264, 261,
    262, 264, 263, 260, 262, 261, 263, 261, 261, 262, 262, 259, 263, 262,
    263, 259, 261, 261, 261, 262, 262, 263, 261, 261, 263, 263, 261, 262,
    261, 261, 261, 261, 262, 263, 262, 260, 261, 263, 261, 260, 261, 262,
    263, 259, 259, 261, 261, 260, 260 ]
