%YAML:1.0
---
videoName: "LHShake02.mp4"
gestureLabel: 2
fps: 29
pixelSizeInCmTemp: 3.3263888888888887e-01
faceCenterPointX: 249
faceCenterPointY: 82
LHandPositionsX: [ 363, 362, 360, 370, 374, 380, 386, 383, 385, 389, 384,
    379, 373, 367, 365, 363, 361, 365, 370, 375, 382, 385, 384, 379, 377,
    370, 367, 363, 364, 363, 368, 369, 374, 378, 379, 383, 380, 378, 373,
    367, 364, 357, 360, 358, 358, 362, 364, 369, 370, 369, 370, 368, 365,
    358, 357, 356, 360, 363, 370, 369, 373, 368, 366, 362, 359, 353, 349,
    346, 346, 343, 341, 344, 341, 341, 342, 343, 346, 347, 348, 350, 346,
    348, 348, 349, 347, 348, 350, 348 ]
LHandPositionsY: [ 124, 120, 118, 113, 112, 112, 112, 108, 109, 110, 107,
    110, 109, 115, 112, 115, 110, 110, 107, 106, 103, 103, 104, 105, 102,
    105, 110, 107, 107, 104, 104, 101, 99, 98, 101, 95, 94, 95, 98, 99,
    97, 104, 102, 101, 103, 105, 103, 98, 99, 99, 101, 102, 105, 110,
    108, 106, 106, 105, 104, 107, 103, 104, 105, 107, 120, 136, 148, 160,
    166, 171, 178, 182, 190, 198, 205, 209, 217, 221, 224, 231, 229, 232,
    232, 233, 234, 236, 236, 237 ]
RHandPositionsX: [ 153, 157, 154, 157, 154, 154, 153, 155, 153, 154, 157,
    156, 157, 157, 153, 156, 157, 157, 155, 155, 154, 155, 156, 155, 156,
    156, 153, 153, 153, 153, 156, 156, 153, 157, 156, 155, 153, 154, 155,
    155, 154, 157, 157, 153, 155, 153, 153, 153, 153, 153, 157, 153, 157,
    156, 157, 153, 157, 155, 154, 155, 154, 157, 155, 156, 157, 155, 154,
    156, 155, 154, 154, 153, 156, 156, 156, 155, 156, 157, 155, 157, 157,
    154, 157, 153, 157, 157, 157, 153 ]
RHandPositionsY: [ 262, 262, 261, 263, 264, 261, 262, 261, 261, 262, 261,
    259, 259, 260, 260, 259, 262, 261, 262, 260, 260, 261, 261, 259, 261,
    259, 260, 260, 258, 259, 261, 261, 261, 262, 260, 260, 258, 258, 258,
    262, 259, 262, 261, 262, 259, 258, 260, 262, 259, 260, 260, 260, 259,
    261, 262, 262, 259, 259, 262, 258, 262, 260, 262, 259, 260, 262, 258,
    260, 262, 259, 260, 262, 260, 262, 262, 259, 262, 258, 258, 259, 262,
    260, 260, 261, 259, 262, 262, 261 ]
