%YAML:1.0
---
videoName: "LHShake24.mp4"
gestureLabel: 2
fps: 30
pixelSizeInCmTemp: 3.4214285714285714e-01
faceCenterPointX: 255
faceCenterPointY: 77
LHandPositionsX: [ 330, 329, 328, 327, 326, 328, 330, 328, 331, 330, 330,
    332, 339, 349, 350, 360, 370, 377, 380, 382, 380, 381, 372, 359, 350,
    342, 340, 339, 341, 347, 359, 366, 378, 376, 376, 377, 370, 357, 343,
    336, 343, 340, 345, 352, 363, 364, 368, 369, 364, 354, 346, 340, 343,
    342, 344, 354, 364, 373, 368, 371, 367, 363, 355, 347, 344, 343, 347,
    350, 360, 366, 366, 370, 367, 360, 348, 340, 334, 335, 328, 328, 326,
    327, 325, 324, 324, 325, 327, 328, 328, 325, 327 ]
LHandPositionsY: [ 260, 262, 260, 260, 261, 263, 260, 260, 263, 262, 260,
    256, 247, 237, 224, 206, 197, 184, 174, 171, 161, 153, 152, 156, 157,
    161, 164, 163, 164, 159, 157, 152, 149, 151, 150, 145, 145, 149, 153,
    155, 152, 156, 152, 155, 149, 149, 152, 149, 154, 157, 157, 164, 161,
    161, 163, 159, 159, 159, 159, 154, 157, 158, 160, 165, 162, 160, 160,
    161, 162, 158, 160, 158, 159, 159, 160, 165, 168, 180, 188, 199, 206,
    219, 230, 229, 237, 240, 243, 245, 249, 247, 246 ]
RHandPositionsX: [ 180, 180, 179, 179, 182, 179, 180, 181, 180, 183, 183,
    180, 182, 181, 182, 179, 180, 179, 183, 181, 182, 179, 182, 183, 179,
    182, 182, 181, 181, 183, 180, 182, 179, 183, 179, 179, 180, 181, 180,
    182, 183, 181, 180, 180, 179, 181, 181, 182, 183, 179, 181, 182, 180,
    183, 180, 179, 183, 183, 180, 183, 181, 183, 183, 181, 181, 181, 181,
    183, 183, 182, 183, 179, 183, 181, 179, 179, 182, 183, 180, 181, 181,
    183, 183, 181, 182, 180, 180, 181, 179, 181, 180 ]
RHandPositionsY: [ 268, 268, 271, 270, 269, 267, 270, 271, 267, 267, 268,
    269, 268, 270, 268, 268, 270, 269, 271, 267, 270, 271, 271, 271, 268,
    270, 268, 267, 267, 271, 270, 267, 268, 270, 270, 271, 267, 268, 267,
    270, 269, 270, 267, 271, 267, 268, 268, 271, 268, 271, 270, 268, 271,
    268, 267, 271, 270, 268, 268, 270, 270, 268, 268, 268, 268, 268, 269,
    269, 269, 269, 270, 268, 270, 268, 267, 267, 269, 267, 270, 270, 269,
    271, 270, 268, 270, 271, 267, 270, 270, 269, 267 ]
