%YAML:1.0
---
videoName: "LHShake14.mp4"
gestureLabel: 2
fps: 29
pixelSizeInCmTemp: 3.2808219178082193e-01
faceCenterPointX: 256
faceCenterPointY: 64
LHandPositionsX: [ 349, 354, 349, 356, 367, 383, 391, 391, 386, 382, 371,
    358, 358, 354, 359, 371, 383, 382, 382, 383, 374, 361, 354, 356, 351,
    361, 368, 381, 390, 385, 384, 376, 367, 360, 358, 355, 360, 371, 380,
    379, 382, 380, 369, 359, 362, 358, 361, 363, 373, 377, 376, 379, 374,
    365, 358, 347, 344, 336, 330, 331, 326, 330, 330, 329, 328, 332, 330,
    329, 328, 332, 332, 331, 329, 329, 329, 327, 328, 327, 329, 328, 329,
    331, 331, 329, 330, 331, 331, 328 ]
LHandPositionsY: [ 147, 148, 148, 145, 141, 138, 142, 142, 141, 139, 144,
    148, 148, 150, 148, 142, 138, 139, 140, 139, 139, 144, 147, 145, 149,
    147, 144, 143, 141, 142, 141, 142, 146, 148, 144, 150, 146, 146, 145,
    143, 141, 143, 140, 144, 143, 143, 141, 139, 137, 144, 144, 147, 150,
    154, 158, 168, 175, 187, 197, 212, 220, 235, 233, 240, 241, 247, 248,
    250, 251, 249, 251, 249, 250, 252, 252, 250, 251, 250, 252, 250, 249,
    248, 248, 251, 250, 250, 250, 249 ]
RHandPositionsX: [ 181, 182, 183, 181, 179, 183, 180, 181, 181, 182, 182,
    182, 179, 180, 180, 176, 178, 178, 177, 177, 176, 178, 178, 178, 179,
    177, 179, 179, 178, 175, 175, 178, 178, 176, 177, 178, 177, 178, 177,
    180, 179, 175, 178, 179, 177, 175, 176, 175, 177, 176, 178, 175, 177,
    175, 178, 176, 178, 177, 175, 177, 178, 178, 175, 175, 179, 178, 179,
    175, 177, 178, 179, 178, 176, 179, 176, 177, 175, 175, 176, 179, 179,
    175, 179, 178, 179, 177, 179, 178 ]
RHandPositionsY: [ 276, 278, 275, 275, 277, 279, 277, 279, 279, 277, 276,
    278, 275, 278, 275, 275, 275, 277, 277, 277, 275, 274, 276, 273, 274,
    276, 276, 276, 276, 274, 277, 273, 274, 274, 276, 275, 274, 273, 277,
    275, 273, 276, 273, 277, 277, 277, 273, 274, 274, 274, 277, 275, 273,
    273, 273, 276, 273, 276, 273, 275, 274, 275, 273, 273, 275, 274, 276,
    277, 275, 276, 275, 277, 276, 273, 274, 277, 275, 276, 276, 276, 276,
    277, 277, 277, 275, 275, 273, 276 ]
