%YAML:1.0
---
videoName: "LHShake08.mp4"
gestureLabel: 2
fps: 29
pixelSizeInCmTemp: 3.4710144927536229e-01
faceCenterPointX: 261
faceCenterPointY: 69
LHandPositionsX: [ 338, 339, 343, 345, 351, 344, 354, 364, 368, 374, 375,
    371, 376, 367, 355, 348, 339, 339, 340, 344, 348, 358, 367, 366, 364,
    359, 359, 353, 344, 339, 339, 339, 343, 351, 358, 368, 366, 368, 367,
    363, 351, 346, 337, 335, 335, 338, 339, 348, 356, 357, 357, 357, 358,
    349, 346, 344, 341, 342, 341, 349, 356, 362, 371, 373, 372, 368, 364,
    360, 349, 345, 339, 337, 333, 329, 333, 332, 337, 335, 336, 337, 339,
    337, 339, 337, 336, 337, 335, 338 ]
LHandPositionsY: [ 265, 267, 262, 254, 248, 235, 218, 198, 188, 176, 163,
    155, 142, 144, 144, 148, 149, 152, 150, 148, 150, 147, 140, 137, 139,
    136, 140, 144, 146, 155, 153, 155, 154, 154, 149, 147, 148, 148, 146,
    151, 152, 155, 161, 159, 159, 161, 161, 158, 155, 155, 157, 155, 154,
    156, 159, 160, 161, 162, 160, 159, 153, 149, 146, 144, 148, 144, 148,
    154, 160, 168, 177, 187, 194, 207, 221, 231, 243, 245, 250, 249, 256,
    255, 254, 257, 257, 258, 258, 254 ]
RHandPositionsX: [ 176, 173, 174, 173, 174, 174, 176, 174, 176, 176, 176,
    172, 176, 173, 173, 176, 173, 173, 174, 175, 176, 175, 174, 176, 172,
    174, 174, 172, 175, 174, 176, 176, 175, 176, 174, 174, 173, 175, 175,
    174, 177, 177, 176, 176, 178, 175, 177, 175, 176, 177, 175, 178, 177,
    176, 175, 175, 177, 174, 176, 178, 177, 175, 175, 178, 174, 174, 177,
    175, 176, 175, 178, 174, 174, 176, 175, 178, 177, 175, 176, 174, 175,
    177, 177, 175, 178, 177, 178, 174 ]
RHandPositionsY: [ 276, 274, 273, 274, 275, 275, 276, 276, 277, 273, 274,
    273, 274, 276, 275, 275, 274, 274, 275, 276, 275, 275, 275, 274, 273,
    274, 276, 275, 275, 274, 276, 275, 276, 273, 276, 274, 277, 275, 276,
    276, 273, 276, 273, 276, 276, 276, 274, 273, 276, 277, 274, 276, 275,
    277, 275, 273, 274, 274, 274, 274, 275, 276, 274, 274, 275, 277, 273,
    275, 274, 277, 273, 277, 275, 275, 275, 274, 273, 277, 273, 277, 274,
    273, 273, 274, 277, 273, 275, 277 ]
