%YAML:1.0
---
videoName: "LHShake16.mp4"
gestureLabel: 2
fps: 30
pixelSizeInCmTemp: 3.3732394366197183e-01
faceCenterPointX: 247
faceCenterPointY: 66
LHandPositionsX: [ 326, 325, 323, 326, 328, 335, 343, 353, 364, 374, 383,
    395, 405, 410, 406, 400, 400, 393, 378, 363, 353, 359, 362, 370, 383,
    397, 396, 390, 392, 385, 376, 371, 372, 368, 373, 379, 391, 389, 404,
    398, 385, 373, 368, 365, 366, 369, 374, 384, 401, 408, 395, 385, 374,
    361, 365, 360, 362, 369, 376, 390, 387, 382, 387, 380, 375, 367, 357,
    348, 342, 333, 336, 331, 332, 328, 331, 327, 331, 330, 330, 328, 326,
    327, 325, 328, 326, 325, 324, 324, 327, 327, 324 ]
LHandPositionsY: [ 253, 252, 251, 251, 252, 245, 232, 221, 209, 194, 181,
    166, 153, 147, 143, 136, 121, 116, 115, 110, 116, 120, 126, 116, 115,
    114, 115, 118, 116, 116, 123, 129, 129, 134, 129, 121, 117, 119, 119,
    117, 117, 128, 132, 130, 137, 135, 129, 125, 125, 121, 124, 129, 137,
    144, 146, 144, 144, 144, 136, 128, 130, 129, 126, 133, 144, 150, 159,
    171, 181, 198, 204, 217, 227, 227, 233, 232, 237, 238, 238, 237, 239,
    242, 240, 242, 242, 244, 241, 243, 245, 243, 241 ]
RHandPositionsX: [ 177, 179, 178, 178, 175, 178, 177, 175, 178, 177, 175,
    179, 176, 178, 175, 175, 177, 179, 179, 177, 175, 178, 175, 179, 179,
    177, 175, 179, 178, 179, 175, 176, 179, 177, 179, 179, 178, 179, 175,
    175, 176, 178, 176, 178, 176, 177, 177, 178, 177, 179, 175, 175, 177,
    178, 177, 175, 175, 176, 175, 175, 176, 179, 176, 178, 177, 178, 178,
    178, 176, 175, 177, 176, 176, 177, 177, 177, 177, 175, 179, 177, 177,
    175, 176, 178, 175, 175, 177, 179, 178, 177, 177 ]
RHandPositionsY: [ 260, 261, 259, 259, 260, 262, 261, 262, 260, 262, 260,
    259, 259, 262, 261, 262, 260, 258, 261, 258, 260, 261, 259, 258, 260,
    262, 260, 260, 258, 262, 262, 260, 260, 261, 261, 262, 260, 262, 259,
    258, 262, 258, 261, 260, 259, 260, 258, 259, 259, 261, 262, 260, 260,
    261, 261, 261, 258, 261, 260, 262, 260, 259, 259, 262, 262, 262, 262,
    259, 261, 261, 258, 258, 258, 258, 261, 259, 261, 258, 262, 262, 262,
    260, 260, 262, 260, 262, 259, 262, 260, 260, 259 ]
