%YAML:1.0
---
videoName: "LHShake13.mp4"
gestureLabel: 2
fps: 29
pixelSizeInCmTemp: 3.4214285714285714e-01
faceCenterPointX: 257
faceCenterPointY: 76
LHandPositionsX: [ 324, 323, 324, 325, 325, 325, 323, 324, 325, 325, 328,
    337, 344, 351, 363, 374, 379, 387, 388, 388, 386, 377, 365, 349, 340,
    347, 340, 344, 348, 361, 373, 371, 364, 365, 354, 346, 341, 340, 342,
    350, 359, 367, 368, 365, 361, 350, 342, 344, 344, 350, 355, 363, 363,
    363, 363, 354, 347, 348, 343, 344, 350, 358, 365, 369, 367, 363, 357,
    355, 345, 339, 331, 328, 327, 325, 325, 325, 327, 327, 324, 326, 326,
    327, 324, 326, 328, 324, 328, 328 ]
LHandPositionsY: [ 261, 262, 261, 263, 262, 260, 262, 261, 261, 258, 258,
    249, 239, 227, 209, 195, 186, 176, 166, 157, 152, 151, 154, 152, 157,
    154, 157, 155, 155, 145, 141, 140, 139, 146, 151, 155, 159, 156, 158,
    158, 152, 156, 153, 158, 156, 157, 163, 160, 161, 161, 157, 159, 156,
    158, 160, 160, 162, 162, 163, 159, 158, 160, 156, 155, 151, 149, 146,
    151, 154, 163, 171, 179, 191, 208, 223, 235, 245, 245, 244, 245, 244,
    245, 250, 248, 247, 249, 248, 247 ]
RHandPositionsX: [ 185, 181, 184, 181, 181, 182, 185, 184, 183, 184, 183,
    182, 183, 183, 183, 182, 181, 183, 184, 183, 184, 182, 185, 183, 184,
    181, 181, 182, 185, 185, 184, 183, 184, 185, 182, 183, 181, 185, 182,
    185, 181, 182, 183, 182, 184, 181, 183, 185, 185, 182, 185, 182, 183,
    183, 182, 181, 182, 183, 185, 184, 185, 184, 182, 185, 183, 181, 183,
    185, 181, 185, 183, 185, 181, 182, 185, 184, 183, 185, 182, 183, 183,
    185, 181, 182, 185, 185, 183, 182 ]
RHandPositionsY: [ 269, 270, 271, 270, 269, 270, 268, 268, 268, 267, 269,
    268, 268, 269, 267, 267, 271, 271, 268, 268, 271, 269, 269, 268, 269,
    267, 267, 267, 271, 267, 268, 269, 271, 271, 267, 270, 271, 268, 268,
    271, 269, 267, 270, 271, 271, 271, 271, 270, 268, 269, 268, 270, 267,
    271, 270, 269, 269, 270, 268, 269, 271, 268, 269, 269, 270, 270, 271,
    267, 269, 270, 267, 271, 270, 267, 269, 271, 271, 268, 270, 271, 269,
    269, 267, 268, 271, 269, 270, 269 ]
