%YAML:1.0
---
videoName: "LHShake01.mp4"
gestureLabel: 2
fps: 29
pixelSizeInCmTemp: 3.4214285714285714e-01
faceCenterPointX: 252
faceCenterPointY: 84
LHandPositionsX: [ 366, 364, 366, 364, 362, 356, 346, 343, 335, 331, 330,
    335, 338, 343, 351, 355, 358, 356, 353, 348, 343, 343, 338, 338, 338,
    341, 344, 346, 349, 350, 353, 351, 347, 340, 339, 333, 333, 333, 335,
    341, 345, 346, 345, 347, 346, 347, 341, 341, 334, 332, 331, 334, 336,
    343, 346, 353, 350, 348, 346, 350, 347, 339, 338, 329, 329, 325, 330,
    331, 335, 328, 333, 335, 336, 337, 339, 345, 346, 347, 348, 347, 347,
    348, 351, 348, 351, 348, 350, 352 ]
LHandPositionsY: [ 146, 137, 130, 126, 125, 119, 120, 117, 119, 122, 121,
    121, 119, 118, 115, 110, 107, 107, 111, 112, 110, 110, 115, 114, 112,
    112, 112, 106, 106, 104, 104, 104, 105, 109, 110, 113, 115, 113, 113,
    112, 108, 108, 107, 104, 102, 106, 106, 108, 110, 112, 111, 109, 106,
    107, 102, 103, 102, 103, 105, 102, 103, 104, 105, 120, 133, 144, 150,
    162, 165, 161, 172, 183, 191, 198, 205, 216, 221, 219, 220, 224, 227,
    225, 230, 227, 232, 230, 229, 229 ]
RHandPositionsX: [ 156, 155, 155, 155, 154, 155, 157, 156, 157, 155, 154,
    157, 153, 155, 156, 155, 156, 155, 154, 154, 153, 155, 156, 155, 156,
    156, 153, 156, 155, 157, 155, 155, 157, 154, 153, 156, 156, 155, 155,
    153, 157, 155, 155, 157, 153, 155, 154, 154, 156, 153, 154, 155, 153,
    155, 155, 156, 155, 155, 153, 153, 155, 155, 153, 153, 155, 156, 153,
    157, 155, 154, 156, 156, 155, 157, 154, 157, 156, 156, 155, 157, 157,
    156, 156, 157, 154, 156, 157, 153 ]
RHandPositionsY: [ 269, 269, 269, 271, 269, 268, 270, 270, 267, 267, 268,
    265, 266, 266, 264, 266, 267, 264, 263, 266, 263, 265, 264, 265, 263,
    264, 263, 264, 263, 265, 264, 262, 263, 261, 263, 261, 263, 263, 262,
    261, 260, 262, 260, 264, 262, 262, 263, 262, 262, 260, 261, 259, 263,
    260, 259, 262, 259, 261, 263, 260, 263, 263, 261, 259, 262, 260, 259,
    261, 261, 262, 259, 259, 259, 263, 263, 262, 259, 261, 259, 261, 263,
    260, 261, 260, 261, 261, 261, 263 ]
