%YAML:1.0
---
videoName: "LHShake10.mp4"
gestureLabel: 2
fps: 29
pixelSizeInCmTemp: 3.4214285714285714e-01
faceCenterPointX: 253
faceCenterPointY: 65
LHandPositionsX: [ 337, 336, 338, 335, 336, 340, 345, 347, 350, 357, 367,
    377, 382, 392, 393, 394, 394, 384, 377, 365, 354, 349, 352, 354, 358,
    369, 383, 389, 392, 394, 392, 384, 374, 363, 358, 360, 359, 364, 368,
    370, 375, 373, 371, 371, 366, 363, 352, 347, 345, 346, 347, 354, 359,
    372, 380, 380, 382, 374, 365, 357, 352, 348, 351, 351, 356, 362, 372,
    379, 377, 380, 379, 374, 369, 364, 356, 347, 344, 343, 339, 337, 337,
    334, 333, 336, 334, 336, 337, 337 ]
LHandPositionsY: [ 268, 272, 268, 268, 271, 269, 266, 263, 251, 239, 224,
    209, 194, 181, 165, 154, 142, 136, 136, 141, 142, 147, 149, 151, 149,
    146, 137, 140, 139, 143, 143, 143, 150, 151, 152, 149, 148, 148, 138,
    133, 133, 133, 132, 131, 132, 133, 140, 145, 142, 143, 146, 145, 140,
    143, 142, 140, 144, 143, 143, 150, 152, 154, 154, 150, 151, 152, 146,
    148, 145, 148, 147, 151, 159, 166, 173, 182, 192, 208, 218, 231, 245,
    255, 252, 258, 255, 258, 258, 258 ]
RHandPositionsX: [ 176, 175, 172, 176, 174, 173, 175, 176, 176, 176, 172,
    173, 174, 174, 175, 174, 171, 171, 175, 172, 175, 173, 173, 174, 172,
    173, 173, 173, 173, 175, 173, 173, 175, 172, 174, 174, 175, 174, 175,
    175, 172, 173, 173, 173, 171, 172, 175, 174, 174, 172, 172, 172, 171,
    173, 174, 174, 172, 173, 171, 171, 172, 175, 171, 172, 173, 174, 172,
    171, 171, 172, 172, 173, 173, 174, 172, 175, 175, 175, 173, 171, 171,
    171, 175, 173, 174, 175, 174, 175 ]
RHandPositionsY: [ 274, 274, 276, 276, 275, 274, 277, 278, 275, 274, 274,
    277, 276, 275, 274, 276, 276, 274, 277, 277, 276, 278, 275, 275, 274,
    277, 276, 276, 276, 278, 275, 275, 274, 276, 274, 277, 277, 275, 276,
    277, 275, 274, 275, 276, 276, 278, 274, 276, 276, 275, 277, 275, 277,
    278, 278, 278, 275, 276, 277, 278, 278, 277, 274, 274, 274, 278, 277,
    278, 274, 276, 275, 275, 276, 277, 276, 276, 277, 275, 275, 276, 278,
    277, 274, 277, 278, 277, 274, 275 ]
