%YAML:1.0
---
videoName: "LHShake04.mp4"
gestureLabel: 2
fps: 30
pixelSizeInCmTemp: 3.2808219178082193e-01
faceCenterPointX: 247
faceCenterPointY: 80
LHandPositionsX: [ 280, 281, 281, 283, 280, 280, 281, 281, 280, 282, 283,
    279, 278, 282, 280, 285, 291, 300, 310, 319, 333, 348, 358, 367, 370,
    365, 363, 357, 347, 341, 335, 333, 336, 341, 349, 363, 366, 365, 358,
    344, 338, 345, 341, 344, 348, 354, 355, 356, 353, 342, 339, 343, 342,
    347, 356, 355, 355, 349, 346, 349, 346, 350, 355, 361, 363, 363, 364,
    357, 355, 346, 333, 323, 316, 305, 297, 296, 291, 288, 287, 287, 286,
    288, 290, 290, 290, 290, 286, 290, 286, 287, 285 ]
LHandPositionsY: [ 270, 268, 270, 269, 272, 270, 270, 272, 272, 271, 268,
    272, 273, 269, 268, 266, 265, 254, 243, 230, 215, 201, 188, 176, 162,
    160, 156, 150, 137, 134, 134, 132, 127, 120, 115, 110, 112, 107, 113,
    117, 127, 127, 121, 127, 119, 121, 113, 112, 119, 121, 118, 124, 121,
    117, 116, 114, 112, 109, 115, 119, 113, 114, 110, 108, 107, 106, 105,
    109, 125, 143, 156, 171, 186, 201, 212, 227, 237, 243, 244, 244, 248,
    249, 250, 250, 249, 253, 251, 255, 250, 252, 251 ]
RHandPositionsX: [ 218, 217, 218, 217, 218, 215, 216, 216, 215, 218, 217,
    218, 216, 214, 216, 215, 218, 217, 217, 214, 214, 216, 215, 217, 214,
    215, 215, 214, 214, 216, 217, 216, 214, 214, 218, 216, 215, 218, 214,
    214, 214, 217, 217, 216, 217, 218, 218, 216, 217, 216, 216, 216, 218,
    215, 215, 218, 216, 215, 216, 215, 218, 217, 214, 218, 215, 217, 215,
    214, 217, 216, 214, 218, 215, 214, 216, 217, 218, 218, 216, 214, 215,
    215, 217, 215, 214, 215, 214, 216, 216, 216, 218 ]
RHandPositionsY: [ 270, 270, 266, 268, 266, 268, 270, 269, 269, 267, 269,
    266, 267, 266, 269, 267, 269, 265, 265, 265, 268, 265, 263, 266, 265,
    267, 263, 266, 267, 267, 267, 267, 266, 266, 266, 264, 264, 266, 264,
    266, 264, 266, 265, 266, 265, 264, 265, 265, 262, 264, 264, 262, 262,
    264, 263, 265, 261, 263, 264, 265, 263, 261, 262, 265, 261, 265, 265,
    265, 261, 264, 263, 261, 262, 262, 264, 265, 265, 265, 263, 261, 264,
    261, 261, 262, 263, 265, 263, 264, 263, 263, 264 ]
