%YAML:1.0
---
videoName: "LHShake17.mp4"
gestureLabel: 2
fps: 30
pixelSizeInCmTemp: 3.3732394366197183e-01
faceCenterPointX: 248
faceCenterPointY: 64
LHandPositionsX: [ 322, 325, 325, 322, 321, 325, 327, 324, 326, 337, 345,
    355, 366, 375, 390, 399, 406, 409, 400, 387, 375, 361, 351, 352, 352,
    359, 369, 382, 375, 381, 373, 362, 351, 344, 346, 349, 358, 367, 370,
    364, 368, 363, 355, 352, 351, 356, 364, 374, 378, 372, 373, 369, 364,
    351, 345, 345, 350, 353, 360, 365, 362, 369, 364, 356, 348, 342, 341,
    337, 335, 336, 335, 334, 329, 330, 329, 328, 327, 327, 328, 328, 325,
    327, 327, 327, 325, 327, 326, 323, 323, 326, 323 ]
LHandPositionsY: [ 248, 250, 248, 248, 250, 249, 246, 245, 247, 232, 219,
    204, 187, 172, 159, 142, 128, 121, 113, 111, 121, 128, 134, 136, 137,
    135, 125, 118, 121, 119, 116, 130, 134, 139, 139, 139, 122, 117, 119,
    117, 116, 117, 126, 133, 135, 135, 125, 117, 124, 125, 122, 122, 132,
    136, 142, 142, 141, 125, 122, 123, 126, 123, 122, 128, 137, 145, 153,
    163, 171, 181, 197, 206, 220, 220, 224, 226, 234, 236, 235, 233, 236,
    238, 239, 236, 238, 238, 239, 237, 239, 238, 238 ]
RHandPositionsX: [ 179, 178, 177, 178, 178, 176, 177, 176, 179, 177, 178,
    177, 178, 180, 176, 176, 177, 180, 176, 178, 176, 176, 180, 178, 178,
    180, 179, 176, 177, 179, 176, 179, 179, 178, 176, 176, 178, 176, 178,
    175, 174, 178, 175, 178, 177, 177, 174, 175, 176, 174, 178, 174, 176,
    174, 178, 178, 176, 177, 174, 174, 176, 177, 175, 178, 174, 175, 175,
    177, 174, 175, 178, 178, 177, 176, 176, 174, 174, 178, 175, 175, 177,
    174, 174, 177, 176, 178, 177, 174, 177, 178, 178 ]
RHandPositionsY: [ 257, 258, 260, 260, 258, 257, 258, 260, 259, 260, 257,
    259, 256, 256, 259, 258, 260, 256, 256, 258, 259, 260, 260, 256, 256,
    259, 256, 260, 259, 257, 256, 257, 259, 258, 259, 257, 256, 257, 259,
    256, 259, 260, 260, 256, 260, 260, 259, 258, 257, 258, 256, 258, 259,
    256, 257, 258, 260, 258, 260, 256, 256, 257, 260, 258, 259, 260, 257,
    257, 260, 256, 256, 257, 256, 258, 257, 258, 256, 260, 256, 258, 259,
    260, 258, 260, 259, 259, 258, 258, 259, 260, 260 ]
