%YAML:1.0
---
videoName: "LHShake21.mp4"
gestureLabel: 2
fps: 29
pixelSizeInCmTemp: 3.4214285714285714e-01
faceCenterPointX: 266
faceCenterPointY: 79
LHandPositionsX: [ 350, 352, 364, 372, 384, 394, 396, 404, 423, 414, 414,
    400, 387, 375, 374, 377, 376, 376, 383, 402, 402, 396, 396, 395, 385,
    372, 372, 372, 370, 371, 375, 390, 389, 387, 385, 384, 376, 373, 366,
    368, 368, 372, 375, 390, 389, 387, 397, 390, 380, 374, 366, 365, 366,
    369, 377, 379, 385, 385, 384, 387, 384, 381, 374, 367, 358, 351, 345,
    338, 337, 337, 334, 337, 335, 333, 335, 334, 333, 330, 333, 331, 333,
    331, 334, 333, 334, 330, 332, 331 ]
LHandPositionsY: [ 271, 263, 243, 227, 209, 192, 185, 169, 152, 151, 137,
    134, 135, 134, 130, 133, 128, 130, 130, 131, 129, 132, 129, 131, 137,
    132, 141, 141, 141, 138, 133, 132, 136, 132, 132, 134, 138, 145, 150,
    148, 147, 146, 141, 138, 136, 136, 138, 138, 140, 149, 154, 155, 151,
    156, 153, 143, 143, 143, 142, 147, 152, 158, 168, 178, 191, 202, 213,
    228, 236, 240, 242, 247, 252, 250, 250, 253, 253, 252, 254, 254, 254,
    251, 250, 250, 254, 252, 252, 250 ]
RHandPositionsX: [ 187, 185, 186, 185, 187, 185, 187, 185, 188, 185, 188,
    184, 185, 184, 188, 184, 184, 187, 186, 186, 187, 188, 188, 188, 185,
    188, 187, 188, 187, 186, 186, 188, 188, 186, 185, 186, 185, 184, 184,
    184, 185, 184, 184, 187, 188, 184, 187, 188, 188, 186, 187, 188, 184,
    186, 185, 185, 188, 186, 185, 185, 184, 186, 188, 187, 187, 184, 185,
    184, 185, 185, 186, 186, 185, 184, 185, 186, 188, 185, 186, 188, 185,
    188, 187, 188, 186, 186, 187, 187 ]
RHandPositionsY: [ 267, 267, 265, 268, 266, 265, 265, 267, 266, 269, 269,
    266, 268, 268, 269, 268, 265, 268, 267, 268, 266, 265, 269, 266, 269,
    265, 268, 267, 265, 265, 268, 267, 266, 265, 265, 266, 265, 269, 269,
    265, 265, 265, 267, 269, 268, 268, 265, 265, 269, 269, 265, 266, 268,
    265, 265, 265, 265, 266, 265, 265, 268, 265, 268, 267, 266, 268, 266,
    266, 268, 269, 265, 268, 268, 266, 265, 268, 266, 267, 265, 268, 266,
    269, 266, 265, 266, 268, 265, 267 ]
