%YAML:1.0
---
videoName: "LHShake09.mp4"
gestureLabel: 2
fps: 29
pixelSizeInCmTemp: 3.3263888888888887e-01
faceCenterPointX: 259
faceCenterPointY: 67
LHandPositionsX: [ 337, 338, 338, 340, 341, 348, 350, 353, 353, 359, 361,
    366, 371, 368, 370, 367, 358, 350, 341, 331, 331, 335, 327, 329, 336,
    349, 349, 348, 347, 346, 352, 347, 344, 339, 337, 338, 339, 345, 354,
    362, 365, 364, 368, 365, 357, 345, 340, 336, 336, 334, 339, 345, 354,
    356, 356, 353, 353, 351, 342, 334, 337, 336, 333, 336, 341, 347, 355,
    354, 353, 353, 347, 345, 337, 330, 327, 321, 318, 318, 324, 327, 327,
    329, 329, 333, 335, 333, 335, 331 ]
LHandPositionsY: [ 271, 275, 272, 273, 274, 272, 267, 254, 249, 238, 235,
    218, 201, 196, 184, 174, 168, 163, 159, 155, 158, 158, 157, 153, 154,
    152, 145, 145, 146, 144, 148, 149, 151, 152, 152, 153, 155, 155, 154,
    154, 154, 155, 151, 153, 153, 157, 158, 156, 154, 153, 153, 153, 152,
    153, 150, 149, 149, 149, 151, 151, 151, 151, 151, 153, 154, 152, 152,
    150, 148, 152, 151, 154, 162, 169, 179, 195, 206, 218, 234, 243, 245,
    247, 249, 254, 255, 258, 257, 260 ]
RHandPositionsX: [ 180, 177, 176, 180, 178, 178, 176, 180, 179, 180, 179,
    179, 178, 177, 179, 180, 176, 180, 178, 178, 177, 179, 179, 178, 177,
    177, 180, 179, 176, 178, 180, 180, 178, 177, 176, 179, 176, 179, 177,
    177, 179, 178, 178, 180, 177, 176, 180, 179, 178, 176, 177, 180, 178,
    177, 178, 178, 176, 177, 180, 179, 178, 177, 177, 176, 179, 177, 178,
    180, 178, 176, 180, 180, 178, 177, 180, 177, 180, 178, 180, 179, 180,
    177, 179, 178, 177, 179, 180, 176 ]
RHandPositionsY: [ 279, 279, 278, 275, 279, 275, 275, 275, 277, 278, 278,
    278, 277, 275, 277, 279, 279, 277, 276, 278, 277, 279, 275, 279, 277,
    275, 278, 278, 279, 275, 279, 279, 278, 275, 279, 276, 278, 275, 278,
    279, 275, 279, 279, 277, 277, 279, 278, 277, 279, 278, 278, 276, 275,
    276, 277, 275, 279, 277, 277, 277, 275, 275, 278, 277, 276, 275, 277,
    278, 277, 279, 276, 278, 278, 279, 275, 278, 275, 277, 278, 278, 278,
    276, 279, 276, 277, 276, 277, 275 ]
