%YAML:1.0
---
videoName: "LHShake22.mp4"
gestureLabel: 2
fps: 29
pixelSizeInCmTemp: 3.5220588235294115e-01
faceCenterPointX: 261
faceCenterPointY: 79
LHandPositionsX: [ 336, 344, 348, 357, 357, 359, 359, 354, 346, 338, 329,
    320, 318, 320, 317, 325, 332, 339, 346, 344, 345, 341, 335, 330, 322,
    324, 325, 326, 333, 336, 344, 339, 341, 339, 330, 320, 319, 317, 320,
    324, 329, 333, 338, 334, 337, 330, 325, 319, 321, 321, 323, 327, 337,
    341, 341, 344, 342, 333, 323, 320, 318, 317, 320, 325, 329, 338, 335,
    337, 334, 330, 326, 326, 322, 321, 322, 325, 325, 323, 327, 323, 324,
    325, 323, 325, 325, 325, 326, 325 ]
LHandPositionsY: [ 260, 254, 244, 239, 233, 221, 207, 204, 196, 188, 186,
    186, 185, 184, 180, 179, 178, 178, 171, 174, 171, 173, 173, 178, 178,
    179, 177, 180, 178, 172, 171, 170, 172, 170, 173, 179, 183, 182, 183,
    182, 182, 179, 178, 175, 175, 175, 177, 181, 182, 182, 180, 183, 176,
    175, 178, 175, 177, 177, 178, 183, 180, 182, 183, 180, 179, 178, 179,
    179, 185, 188, 197, 201, 212, 218, 228, 238, 240, 246, 249, 248, 247,
    249, 248, 248, 249, 250, 251, 250 ]
RHandPositionsX: [ 190, 192, 191, 189, 193, 193, 190, 191, 190, 189, 190,
    189, 189, 189, 192, 192, 193, 192, 191, 190, 189, 190, 192, 191, 189,
    193, 191, 189, 189, 191, 190, 190, 190, 191, 192, 192, 193, 190, 189,
    192, 189, 189, 192, 190, 189, 192, 190, 191, 190, 190, 190, 190, 189,
    193, 193, 190, 193, 190, 191, 189, 189, 189, 193, 191, 190, 192, 192,
    190, 191, 190, 189, 192, 190, 190, 191, 191, 190, 190, 189, 193, 190,
    193, 193, 192, 193, 190, 190, 191 ]
RHandPositionsY: [ 266, 266, 269, 267, 267, 266, 267, 268, 270, 268, 268,
    268, 266, 268, 270, 269, 267, 269, 268, 269, 270, 266, 270, 270, 269,
    266, 266, 266, 270, 270, 269, 270, 267, 266, 270, 268, 267, 266, 267,
    270, 269, 267, 266, 268, 269, 268, 268, 266, 266, 268, 268, 268, 266,
    268, 270, 268, 268, 269, 266, 269, 267, 266, 266, 266, 266, 268, 268,
    268, 267, 270, 270, 268, 266, 269, 270, 270, 266, 270, 267, 269, 266,
    269, 269, 267, 267, 268, 267, 267 ]
