%YAML:1.0
---
videoName: "LHShake22.mp4"
gestureLabel: 2
fps: 29
pixelSizeInCmTemp: 3.5220588235294115e-01
faceCenterPointX: 261
faceCenterPointY: 79
LHandPositionsX: [ 338, 344, 350, 354, 355, 359, 355, 355, 344, 338, 330,
    319, 321, 322, 317, 325, 332, 338, 346, 345, 345, 343, 336, 328, 322,
    323, 325, 328, 333, 338, 341, 339, 344, 338, 332, 320, 316, 317, 319,
    324, 330, 334, 335, 335, 334, 329, 326, 320, 321, 319, 325, 329, 336,
    343, 344, 343, 339, 335, 325, 320, 319, 317, 318, 324, 328, 339, 333,
    336, 334, 330, 330, 324, 320, 319, 321, 324, 322, 325, 327, 326, 324,
    327, 326, 327, 325, 327, 326, 327 ]
LHandPositionsY: [ 258, 252, 244, 236, 236, 220, 209, 205, 196, 188, 185,
    183, 186, 183, 183, 182, 180, 178, 171, 173, 172, 169, 172, 174, 177,
    178, 176, 177, 176, 173, 171, 173, 171, 174, 176, 180, 183, 180, 184,
    184, 182, 175, 178, 176, 175, 178, 178, 182, 179, 182, 180, 180, 176,
    178, 176, 175, 178, 175, 180, 184, 183, 180, 180, 178, 177, 178, 179,
    178, 184, 191, 197, 204, 212, 220, 228, 238, 243, 245, 248, 248, 246,
    249, 251, 248, 249, 247, 251, 247 ]
RHandPositionsX: [ 193, 190, 191, 193, 193, 189, 193, 193, 190, 190, 191,
    191, 190, 192, 190, 190, 192, 192, 193, 189, 191, 190, 192, 190, 189,
    190, 189, 190, 192, 190, 193, 192, 191, 192, 191, 191, 190, 190, 189,
    192, 191, 189, 191, 190, 192, 192, 189, 191, 189, 191, 190, 193, 191,
    189, 189, 190, 193, 190, 193, 191, 192, 192, 190, 189, 191, 190, 191,
    191, 191, 190, 192, 190, 192, 193, 193, 193, 189, 190, 189, 191, 192,
    190, 193, 189, 193, 193, 192, 190 ]
RHandPositionsY: [ 268, 268, 266, 268, 268, 266, 270, 266, 268, 270, 269,
    268, 267, 266, 270, 266, 267, 267, 267, 267, 269, 267, 268, 269, 266,
    268, 268, 266, 268, 269, 268, 267, 266, 268, 269, 270, 266, 270, 266,
    268, 268, 267, 267, 268, 269, 269, 268, 270, 266, 269, 267, 270, 269,
    269, 269, 267, 266, 268, 266, 267, 266, 270, 270, 266, 267, 266, 270,
    269, 266, 270, 269, 269, 267, 267, 267, 266, 270, 269, 270, 270, 268,
    267, 269, 267, 270, 269, 268, 269 ]
