%YAML:1.0
---
videoName: "LHShake21.mp4"
gestureLabel: 2
fps: 29
pixelSizeInCmTemp: 3.4214285714285714e-01
faceCenterPointX: 266
faceCenterPointY: 79
LHandPositionsX: [ 347, 351, 367, 372, 383, 392, 397, 407, 420, 416, 417,
    402, 388, 378, 376, 377, 375, 376, 386, 403, 400, 396, 395, 395, 385,
    373, 371, 372, 370, 373, 377, 394, 387, 385, 387, 383, 377, 372, 366,
    365, 369, 368, 378, 387, 390, 385, 397, 390, 380, 374, 364, 365, 363,
    369, 375, 378, 385, 382, 384, 390, 384, 379, 375, 366, 358, 352, 345,
    341, 338, 337, 337, 335, 332, 334, 332, 335, 333, 334, 334, 332, 332,
    330, 330, 330, 333, 332, 332, 330 ]
LHandPositionsY: [ 270, 262, 243, 227, 207, 194, 181, 171, 152, 153, 136,
    135, 135, 132, 133, 133, 131, 128, 130, 128, 130, 130, 133, 132, 137,
    130, 144, 141, 141, 137, 134, 134, 135, 134, 134, 134, 138, 145, 147,
    144, 145, 142, 141, 136, 136, 138, 135, 137, 141, 147, 151, 154, 155,
    156, 152, 146, 143, 139, 140, 146, 154, 162, 171, 177, 192, 202, 215,
    224, 239, 239, 241, 247, 249, 250, 252, 252, 252, 254, 251, 252, 251,
    251, 251, 253, 252, 254, 252, 250 ]
RHandPositionsX: [ 187, 186, 187, 185, 188, 184, 186, 185, 184, 187, 184,
    187, 184, 187, 185, 187, 186, 186, 186, 184, 186, 184, 184, 185, 187,
    188, 185, 187, 188, 184, 185, 184, 187, 184, 184, 187, 185, 187, 185,
    184, 186, 184, 188, 188, 184, 187, 185, 188, 188, 185, 187, 184, 186,
    185, 184, 187, 184, 188, 186, 188, 185, 186, 186, 188, 186, 184, 187,
    186, 187, 187, 186, 184, 187, 186, 186, 185, 184, 186, 185, 184, 187,
    184, 184, 185, 184, 185, 186, 186 ]
RHandPositionsY: [ 269, 267, 265, 269, 269, 268, 265, 267, 266, 265, 265,
    266, 265, 265, 265, 265, 267, 267, 269, 268, 269, 266, 265, 268, 269,
    269, 269, 268, 267, 267, 269, 265, 269, 265, 265, 266, 269, 265, 269,
    267, 265, 265, 268, 266, 267, 267, 265, 267, 267, 269, 268, 265, 269,
    267, 268, 267, 269, 266, 267, 268, 266, 268, 267, 268, 267, 266, 269,
    265, 267, 268, 268, 269, 265, 266, 265, 268, 265, 266, 265, 265, 265,
    266, 269, 267, 267, 267, 269, 266 ]
