%YAML:1.0
---
videoName: "LHShake22.mp4"
gestureLabel: 2
fps: 29
pixelSizeInCmTemp: 3.5220588235294115e-01
faceCenterPointX: 261
faceCenterPointY: 79
LHandPositionsX: [ 336, 346, 350, 356, 355, 358, 355, 352, 344, 337, 330,
    318, 321, 321, 319, 325, 328, 339, 343, 344, 344, 345, 337, 331, 325,
    323, 326, 327, 333, 337, 345, 341, 342, 336, 331, 321, 317, 319, 317,
    320, 329, 334, 338, 334, 333, 330, 324, 320, 319, 321, 322, 331, 336,
    343, 342, 342, 342, 334, 323, 317, 319, 316, 316, 323, 331, 337, 334,
    335, 333, 332, 327, 326, 320, 321, 320, 322, 324, 323, 327, 326, 324,
    326, 324, 326, 323, 327, 326, 326 ]
LHandPositionsY: [ 258, 254, 245, 237, 234, 219, 209, 203, 195, 187, 187,
    183, 184, 184, 184, 181, 180, 177, 175, 172, 173, 170, 171, 176, 178,
    180, 179, 180, 174, 173, 174, 170, 170, 172, 176, 178, 182, 182, 183,
    181, 178, 175, 178, 174, 174, 178, 178, 180, 180, 183, 182, 179, 176,
    175, 177, 178, 178, 175, 178, 181, 182, 180, 182, 180, 180, 180, 178,
    177, 182, 189, 194, 202, 211, 220, 231, 238, 243, 243, 249, 248, 247,
    246, 251, 248, 249, 251, 251, 250 ]
RHandPositionsX: [ 191, 192, 193, 192, 192, 193, 191, 191, 192, 191, 190,
    192, 189, 193, 189, 191, 192, 190, 192, 189, 189, 189, 190, 189, 191,
    191, 193, 193, 190, 190, 192, 191, 191, 191, 191, 192, 190, 190, 190,
    189, 190, 193, 190, 191, 191, 191, 189, 190, 189, 193, 192, 191, 189,
    193, 192, 191, 190, 193, 191, 192, 190, 189, 190, 190, 189, 191, 191,
    193, 190, 190, 189, 190, 190, 193, 192, 192, 189, 193, 192, 190, 193,
    193, 189, 193, 193, 192, 189, 190 ]
RHandPositionsY: [ 266, 270, 270, 270, 269, 270, 267, 270, 267, 269, 270,
    269, 270, 269, 267, 269, 269, 266, 266, 270, 266, 269, 268, 266, 266,
    270, 269, 268, 269, 266, 266, 270, 267, 269, 267, 267, 268, 266, 270,
    269, 266, 266, 268, 270, 266, 268, 266, 270, 270, 270, 269, 268, 267,
    269, 268, 268, 270, 268, 268, 267, 267, 269, 268, 269, 266, 269, 270,
    269, 268, 269, 269, 269, 267, 266, 269, 269, 269, 266, 270, 270, 269,
    270, 268, 269, 266, 270, 266, 267 ]
