%YAML:1.0
---
videoName: "LHShake08.mp4"
gestureLabel: 2
fps: 29
pixelSizeInCmTemp: 3.4710144927536229e-01
faceCenterPointX: 261
faceCenterPointY: 69
LHandPositionsX: [ 339, 343, 343, 346, 351, 348, 356, 364, 369, 374, 373,
    374, 377, 368, 359, 348, 342, 340, 342, 345, 347, 360, 369, 363, 362,
    358, 361, 351, 344, 340, 341, 338, 345, 349, 359, 367, 367, 369, 365,
    364, 351, 343, 336, 338, 335, 337, 339, 349, 356, 356, 358, 359, 356,
    351, 347, 342, 341, 344, 341, 346, 353, 366, 372, 372, 370, 370, 362,
    357, 353, 344, 337, 333, 330, 332, 331, 335, 334, 337, 335, 338, 337,
    339, 339, 335, 337, 339, 335, 339 ]
LHandPositionsY: [ 269, 269, 262, 256, 251, 238, 218, 202, 186, 176, 165,
    157, 143, 146, 143, 144, 151, 152, 152, 150, 147, 145, 139, 137, 140,
    140, 143, 147, 150, 154, 153, 155, 156, 153, 146, 149, 147, 146, 149,
    151, 154, 157, 159, 160, 159, 160, 162, 156, 156, 154, 153, 155, 156,
    153, 162, 161, 160, 163, 159, 160, 154, 149, 148, 145, 144, 148, 150,
    155, 159, 169, 173, 184, 195, 208, 219, 231, 244, 244, 249, 250, 254,
    252, 256, 257, 258, 255, 257, 257 ]
RHandPositionsX: [ 173, 172, 172, 172, 172, 172, 173, 176, 172, 172, 173,
    172, 175, 174, 174, 175, 176, 174, 173, 175, 176, 174, 172, 172, 174,
    174, 173, 173, 175, 173, 174, 177, 173, 175, 174, 176, 176, 174, 177,
    178, 176, 177, 173, 174, 174, 174, 177, 175, 176, 174, 177, 175, 178,
    174, 177, 175, 177, 178, 178, 177, 176, 175, 177, 178, 178, 175, 175,
    176, 175, 176, 174, 178, 174, 178, 175, 176, 176, 174, 176, 175, 177,
    175, 178, 175, 177, 178, 174, 174 ]
RHandPositionsY: [ 275, 277, 276, 274, 276, 274, 276, 273, 277, 277, 277,
    274, 274, 274, 274, 273, 276, 275, 274, 273, 273, 275, 276, 273, 275,
    276, 277, 273, 273, 276, 274, 275, 275, 274, 273, 275, 276, 276, 274,
    277, 276, 273, 273, 274, 274, 275, 274, 273, 277, 277, 274, 273, 275,
    275, 276, 273, 275, 277, 273, 274, 276, 275, 276, 275, 277, 273, 274,
    276, 276, 274, 274, 276, 274, 273, 273, 275, 275, 275, 275, 276, 277,
    275, 277, 273, 276, 275, 275, 276 ]
