%YAML:1.0
---
videoName: "LHShake12.mp4"
gestureLabel: 2
fps: 29
pixelSizeInCmTemp: 3.3263888888888887e-01
faceCenterPointX: 259
faceCenterPointY: 64
LHandPositionsX: [ 370, 359, 350, 348, 347, 347, 355, 360, 374, 381, 382,
    382, 373, 365, 353, 347, 348, 343, 346, 354, 366, 375, 375, 375, 377,
    372, 363, 351, 342, 342, 339, 341, 349, 359, 368, 368, 371, 374, 369,
    356, 350, 339, 344, 340, 348, 356, 364, 370, 365, 368, 368, 358, 345,
    342, 338, 338, 343, 349, 358, 365, 366, 370, 370, 365, 352, 344, 334,
    328, 323, 316, 316, 318, 316, 323, 331, 332, 330, 333, 336, 337, 334,
    336, 335, 336, 334, 335, 335, 335 ]
LHandPositionsY: [ 168, 164, 163, 163, 162, 157, 158, 156, 152, 151, 151,
    151, 152, 152, 155, 156, 157, 158, 156, 155, 148, 146, 145, 149, 143,
    141, 144, 146, 152, 154, 155, 154, 149, 150, 147, 145, 148, 147, 145,
    149, 154, 158, 154, 155, 155, 154, 153, 151, 150, 147, 149, 153, 154,
    158, 155, 157, 156, 151, 149, 146, 145, 145, 143, 147, 151, 154, 161,
    168, 180, 188, 197, 211, 225, 236, 244, 246, 250, 249, 255, 258, 256,
    255, 257, 257, 256, 256, 256, 258 ]
RHandPositionsX: [ 177, 176, 174, 177, 175, 176, 174, 176, 178, 175, 174,
    178, 176, 176, 176, 176, 176, 175, 175, 178, 176, 178, 178, 176, 174,
    178, 177, 178, 174, 175, 178, 177, 175, 174, 178, 176, 178, 175, 175,
    177, 175, 174, 175, 174, 176, 177, 175, 174, 177, 178, 177, 177, 176,
    174, 178, 176, 177, 175, 177, 174, 178, 176, 178, 176, 178, 175, 174,
    177, 175, 176, 176, 174, 176, 177, 175, 178, 176, 177, 178, 177, 175,
    177, 175, 174, 178, 177, 176, 174 ]
RHandPositionsY: [ 271, 273, 271, 272, 275, 275, 272, 273, 274, 274, 272,
    272, 275, 272, 274, 271, 274, 272, 272, 273, 274, 275, 272, 271, 271,
    271, 275, 272, 273, 271, 272, 274, 274, 272, 273, 274, 275, 273, 272,
    274, 271, 272, 274, 271, 274, 273, 273, 274, 271, 275, 275, 273, 272,
    271, 271, 274, 272, 275, 275, 274, 271, 275, 272, 274, 274, 275, 275,
    273, 275, 272, 272, 274, 272, 271, 274, 271, 272, 275, 271, 274, 274,
    271, 271, 271, 273, 274, 274, 272 ]
