%YAML:1.0
---
videoName: "LHShake03.mp4"
gestureLabel: 2
fps: 30
pixelSizeInCmTemp: 3.2808219178082193e-01
faceCenterPointX: 251
faceCenterPointY: 79
LHandPositionsX: [ 344, 345, 349, 354, 358, 358, 352, 346, 339, 326, 313,
    317, 318, 317, 313, 318, 323, 334, 337, 333, 342, 340, 336, 329, 327,
    321, 322, 324, 325, 332, 335, 339, 345, 337, 332, 320, 318, 314, 311,
    311, 313, 322, 326, 332, 335, 333, 331, 329, 323, 323, 325, 326, 332,
    337, 341, 344, 339, 333, 336, 335, 336, 326, 319, 317, 316, 310, 308,
    301, 301, 298, 297, 294, 297, 293, 295, 291, 292, 292, 290, 289, 289,
    289, 288, 287, 287, 285, 288, 287, 287, 285, 284 ]
LHandPositionsY: [ 140, 133, 129, 122, 114, 108, 103, 103, 98, 100, 103,
    107, 104, 101, 97, 95, 89, 87, 85, 86, 83, 85, 89, 89, 86, 91, 89,
    92, 86, 87, 85, 82, 80, 86, 85, 89, 95, 96, 98, 93, 93, 92, 88, 86,
    87, 87, 88, 86, 90, 93, 90, 91, 91, 85, 86, 90, 94, 93, 98, 100, 115,
    129, 144, 154, 167, 177, 185, 194, 208, 213, 224, 221, 226, 226, 230,
    236, 241, 242, 246, 249, 251, 248, 248, 253, 252, 252, 253, 254, 253,
    252, 252 ]
RHandPositionsX: [ 213, 213, 214, 212, 215, 213, 214, 214, 214, 215, 215,
    215, 213, 212, 211, 215, 214, 212, 213, 213, 215, 215, 214, 214, 215,
    213, 212, 212, 214, 213, 215, 215, 214, 211, 215, 215, 213, 215, 213,
    213, 214, 211, 212, 213, 215, 213, 213, 211, 211, 212, 212, 213, 214,
    214, 212, 214, 213, 214, 212, 211, 210, 212, 211, 211, 214, 212, 213,
    213, 212, 213, 211, 211, 214, 212, 214, 214, 212, 210, 211, 213, 210,
    210, 210, 213, 212, 213, 212, 214, 211, 213, 211 ]
RHandPositionsY: [ 255, 254, 257, 254, 256, 252, 252, 252, 253, 252, 255,
    256, 252, 254, 255, 254, 255, 253, 253, 254, 251, 251, 251, 254, 251,
    251, 253, 251, 255, 253, 254, 252, 251, 253, 252, 253, 253, 251, 255,
    251, 255, 254, 253, 252, 254, 255, 253, 254, 253, 251, 252, 251, 253,
    251, 255, 253, 255, 252, 253, 251, 253, 255, 251, 253, 253, 254, 255,
    252, 254, 254, 251, 255, 251, 254, 251, 252, 254, 252, 253, 254, 253,
    253, 251, 255, 253, 255, 253, 255, 252, 255, 254 ]
