%YAML:1.0
---
videoName: "LHShake24.mp4"
gestureLabel: 2
fps: 30
pixelSizeInCmTemp: 3.4214285714285714e-01
faceCenterPointX: 255
faceCenterPointY: 77
LHandPositionsX: [ 329, 328, 329, 330, 326, 327, 328, 328, 330, 330, 331,
    335, 342, 347, 351, 363, 367, 373, 379, 380, 381, 377, 371, 361, 349,
    343, 344, 339, 342, 347, 360, 367, 377, 376, 378, 373, 370, 357, 343,
    339, 340, 338, 343, 355, 363, 367, 366, 368, 364, 353, 343, 337, 343,
    339, 346, 356, 365, 371, 369, 375, 371, 361, 353, 344, 343, 344, 345,
    350, 358, 367, 370, 366, 365, 360, 352, 342, 334, 335, 329, 327, 325,
    325, 324, 328, 325, 328, 325, 329, 326, 328, 328 ]
LHandPositionsY: [ 262, 260, 262, 263, 263, 260, 264, 262, 262, 261, 260,
    255, 245, 235, 223, 207, 197, 183, 173, 172, 162, 155, 153, 152, 158,
    160, 161, 165, 161, 159, 157, 151, 150, 149, 150, 145, 144, 148, 150,
    156, 156, 155, 154, 155, 152, 152, 152, 149, 150, 153, 157, 162, 164,
    164, 163, 159, 160, 159, 156, 154, 154, 160, 161, 163, 164, 164, 160,
    160, 161, 159, 159, 160, 157, 159, 161, 162, 170, 178, 186, 196, 207,
    218, 228, 232, 235, 239, 244, 245, 247, 248, 247 ]
RHandPositionsX: [ 181, 183, 180, 179, 183, 183, 179, 182, 182, 181, 180,
    183, 183, 179, 183, 179, 181, 181, 182, 180, 180, 179, 183, 180, 179,
    180, 180, 183, 183, 182, 180, 179, 181, 179, 182, 181, 180, 183, 181,
    179, 181, 179, 180, 181, 181, 181, 179, 182, 179, 179, 180, 183, 183,
    179, 179, 183, 180, 182, 179, 179, 181, 181, 179, 182, 183, 182, 181,
    183, 182, 180, 180, 181, 179, 179, 180, 182, 182, 179, 179, 183, 179,
    179, 183, 181, 180, 183, 183, 182, 183, 179, 181 ]
RHandPositionsY: [ 270, 268, 269, 270, 267, 267, 270, 269, 267, 267, 271,
    267, 271, 270, 269, 270, 269, 271, 269, 268, 268, 269, 270, 271, 268,
    267, 271, 271, 268, 267, 271, 268, 269, 269, 268, 269, 270, 268, 267,
    267, 267, 268, 270, 271, 270, 269, 270, 270, 271, 268, 269, 271, 270,
    270, 269, 268, 267, 268, 270, 269, 271, 269, 271, 270, 269, 268, 269,
    267, 267, 267, 271, 269, 269, 271, 271, 268, 270, 270, 271, 271, 271,
    267, 271, 268, 269, 270, 268, 269, 271, 271, 271 ]
