%YAML:1.0
---
videoName: "LHShake15.mp4"
gestureLabel: 2
fps: 29
pixelSizeInCmTemp: 3.3263888888888887e-01
faceCenterPointX: 252
faceCenterPointY: 65
LHandPositionsX: [ 329, 330, 330, 331, 330, 331, 331, 330, 331, 327, 338,
    341, 346, 350, 359, 362, 371, 373, 379, 382, 379, 378, 368, 359, 349,
    342, 342, 340, 345, 351, 361, 361, 359, 359, 356, 348, 334, 330, 332,
    337, 347, 351, 353, 350, 352, 352, 349, 332, 328, 329, 329, 343, 350,
    355, 351, 354, 356, 355, 344, 334, 331, 331, 333, 339, 343, 348, 351,
    348, 346, 349, 343, 336, 328, 327, 321, 321, 322, 320, 322, 325, 327,
    325, 326, 324, 328, 325, 324, 324 ]
LHandPositionsY: [ 254, 257, 256, 255, 254, 257, 256, 254, 251, 252, 240,
    231, 217, 202, 184, 170, 157, 134, 123, 117, 118, 107, 103, 101, 106,
    105, 102, 101, 99, 96, 91, 94, 93, 94, 94, 95, 97, 101, 100, 97, 96,
    95, 97, 95, 99, 97, 102, 98, 100, 98, 95, 96, 92, 96, 95, 96, 94, 99,
    99, 102, 101, 100, 101, 98, 100, 99, 102, 99, 100, 99, 108, 122, 136,
    149, 167, 179, 192, 207, 219, 232, 233, 236, 238, 237, 241, 241, 241,
    242 ]
RHandPositionsX: [ 179, 179, 177, 176, 178, 179, 175, 179, 179, 177, 177,
    178, 177, 175, 175, 176, 177, 175, 176, 179, 175, 177, 175, 175, 176,
    179, 176, 178, 179, 175, 176, 177, 179, 175, 178, 179, 177, 175, 179,
    177, 178, 178, 179, 177, 178, 179, 177, 178, 177, 177, 176, 177, 179,
    178, 175, 175, 179, 176, 176, 176, 176, 177, 175, 176, 175, 176, 179,
    178, 177, 179, 179, 175, 178, 175, 177, 177, 177, 175, 177, 175, 177,
    176, 179, 175, 178, 175, 175, 177 ]
RHandPositionsY: [ 260, 257, 260, 260, 260, 258, 261, 258, 258, 261, 259,
    257, 258, 259, 260, 261, 258, 257, 261, 260, 258, 260, 258, 261, 260,
    258, 261, 259, 261, 257, 261, 259, 259, 257, 261, 257, 259, 258, 261,
    260, 259, 260, 259, 259, 259, 257, 260, 261, 259, 261, 257, 259, 260,
    258, 257, 261, 258, 258, 259, 258, 259, 261, 260, 260, 260, 260, 260,
    259, 257, 260, 260, 260, 261, 258, 260, 260, 258, 260, 260, 259, 257,
    260, 259, 259, 259, 259, 260, 257 ]
