%YAML:1.0
---
videoName: "LHShake14.mp4"
gestureLabel: 2
fps: 29
pixelSizeInCmTemp: 3.2808219178082193e-01
faceCenterPointX: 256
faceCenterPointY: 64
LHandPositionsX: [ 351, 353, 352, 358, 367, 381, 388, 390, 388, 378, 372,
    359, 360, 357, 362, 368, 384, 383, 381, 381, 374, 364, 355, 355, 355,
    360, 368, 380, 386, 384, 385, 379, 370, 357, 359, 356, 361, 370, 383,
    383, 381, 378, 370, 360, 358, 357, 357, 365, 372, 378, 376, 380, 372,
    366, 357, 350, 342, 338, 330, 328, 328, 331, 331, 327, 331, 329, 332,
    330, 331, 332, 328, 329, 329, 329, 331, 327, 329, 327, 328, 331, 328,
    330, 330, 328, 331, 328, 330, 331 ]
LHandPositionsY: [ 147, 144, 146, 145, 141, 140, 141, 139, 139, 143, 147,
    149, 147, 146, 148, 146, 137, 137, 141, 137, 141, 142, 146, 146, 145,
    148, 148, 145, 144, 140, 139, 140, 147, 144, 147, 146, 144, 146, 144,
    144, 142, 142, 140, 142, 144, 140, 140, 140, 137, 141, 142, 145, 150,
    153, 160, 166, 178, 190, 198, 212, 222, 235, 236, 240, 242, 246, 249,
    249, 250, 249, 252, 252, 249, 251, 250, 251, 250, 250, 251, 251, 248,
    248, 252, 248, 250, 252, 248, 251 ]
RHandPositionsX: [ 182, 182, 182, 180, 183, 180, 179, 181, 183, 182, 179,
    178, 182, 182, 179, 179, 176, 178, 179, 178, 175, 175, 175, 176, 177,
    176, 179, 176, 177, 177, 177, 175, 179, 175, 175, 179, 179, 177, 180,
    180, 177, 178, 176, 178, 175, 179, 176, 175, 178, 179, 175, 178, 176,
    177, 176, 177, 177, 175, 176, 178, 179, 178, 178, 175, 178, 176, 178,
    178, 178, 177, 178, 177, 178, 175, 178, 175, 177, 178, 175, 175, 175,
    176, 179, 176, 178, 177, 178, 179 ]
RHandPositionsY: [ 278, 278, 276, 275, 278, 276, 275, 275, 275, 277, 274,
    276, 274, 278, 277, 277, 273, 274, 277, 273, 276, 275, 277, 274, 276,
    277, 276, 276, 277, 275, 276, 276, 276, 273, 276, 274, 274, 276, 278,
    277, 273, 274, 276, 276, 273, 277, 276, 273, 274, 275, 276, 274, 274,
    275, 275, 275, 276, 273, 274, 275, 276, 275, 277, 277, 275, 275, 275,
    277, 275, 273, 273, 274, 274, 275, 273, 276, 273, 277, 273, 277, 273,
    274, 276, 277, 273, 275, 275, 275 ]
