%YAML:1.0
---
videoName: "LHShake01.mp4"
gestureLabel: 2
fps: 29
pixelSizeInCmTemp: 3.4214285714285714e-01
faceCenterPointX: 252
faceCenterPointY: 84
LHandPositionsX: [ 365, 367, 367, 362, 362, 355, 345, 343, 336, 330, 333,
    333, 338, 344, 350, 355, 355, 354, 354, 346, 345, 343, 340, 336, 335,
    340, 341, 345, 352, 348, 352, 347, 347, 339, 337, 333, 334, 334, 336,
    341, 344, 349, 345, 350, 348, 347, 343, 341, 333, 334, 331, 333, 336,
    342, 345, 351, 347, 349, 348, 348, 347, 340, 338, 330, 328, 328, 330,
    333, 334, 328, 333, 334, 336, 337, 339, 344, 347, 348, 346, 347, 349,
    350, 349, 350, 352, 350, 350, 349 ]
LHandPositionsY: [ 144, 138, 131, 125, 126, 119, 116, 117, 121, 123, 121,
    119, 120, 119, 113, 112, 109, 110, 108, 110, 112, 110, 114, 115, 111,
    113, 109, 108, 105, 104, 106, 104, 106, 108, 110, 116, 113, 112, 114,
    108, 110, 108, 106, 103, 105, 105, 105, 105, 108, 108, 112, 111, 110,
    105, 106, 105, 105, 101, 101, 105, 102, 104, 108, 123, 133, 143, 151,
    160, 166, 164, 172, 181, 190, 201, 206, 214, 222, 220, 222, 225, 227,
    229, 229, 228, 232, 232, 230, 230 ]
RHandPositionsX: [ 156, 157, 153, 153, 157, 153, 157, 153, 153, 156, 157,
    157, 154, 153, 155, 153, 153, 157, 154, 156, 157, 156, 155, 155, 156,
    155, 156, 154, 153, 154, 156, 155, 156, 154, 155, 155, 154, 156, 154,
    153, 156, 154, 157, 156, 153, 156, 154, 156, 154, 153, 153, 155, 156,
    153, 155, 155, 155, 156, 153, 157, 156, 157, 156, 153, 157, 155, 157,
    157, 153, 157, 157, 153, 153, 153, 155, 157, 153, 156, 154, 155, 156,
    154, 156, 157, 156, 154, 155, 153 ]
RHandPositionsY: [ 267, 269, 267, 267, 269, 270, 269, 270, 269, 266, 265,
    265, 269, 266, 267, 268, 265, 265, 267, 263, 266, 262, 263, 265, 266,
    264, 263, 262, 265, 261, 263, 261, 263, 263, 260, 263, 261, 260, 264,
    260, 262, 260, 263, 263, 259, 262, 259, 259, 259, 262, 260, 261, 263,
    259, 261, 260, 260, 259, 263, 259, 261, 263, 263, 261, 263, 259, 263,
    263, 262, 260, 259, 263, 259, 260, 261, 262, 262, 261, 259, 261, 259,
    262, 260, 263, 261, 261, 260, 262 ]
