%YAML:1.0
---
videoName: "LHShake04.mp4"
gestureLabel: 2
fps: 30
pixelSizeInCmTemp: 3.2808219178082193e-01
faceCenterPointX: 247
faceCenterPointY: 80
LHandPositionsX: [ 282, 282, 283, 281, 280, 282, 283, 279, 282, 280, 281,
    281, 281, 281, 279, 284, 290, 297, 307, 320, 336, 348, 359, 366, 373,
    367, 364, 360, 346, 343, 336, 334, 336, 342, 348, 365, 369, 366, 360,
    347, 338, 343, 341, 340, 352, 352, 357, 355, 352, 344, 339, 343, 342,
    350, 354, 354, 353, 351, 347, 346, 346, 351, 354, 357, 362, 364, 363,
    359, 353, 345, 334, 324, 316, 306, 299, 293, 290, 287, 287, 286, 289,
    286, 288, 289, 290, 290, 288, 289, 287, 285, 287 ]
LHandPositionsY: [ 270, 269, 269, 269, 272, 268, 268, 270, 271, 269, 270,
    268, 270, 268, 268, 266, 265, 252, 242, 229, 217, 202, 187, 173, 161,
    158, 156, 150, 133, 134, 134, 128, 128, 117, 115, 113, 108, 110, 115,
    116, 131, 129, 125, 127, 121, 117, 114, 111, 118, 117, 120, 124, 120,
    114, 114, 114, 111, 111, 115, 116, 114, 111, 109, 108, 108, 107, 105,
    112, 126, 143, 156, 171, 188, 200, 211, 226, 237, 241, 245, 243, 248,
    248, 249, 248, 252, 253, 251, 253, 252, 251, 251 ]
RHandPositionsX: [ 218, 216, 214, 218, 217, 216, 216, 218, 214, 214, 214,
    217, 215, 214, 215, 217, 214, 216, 215, 217, 218, 218, 218, 214, 215,
    215, 216, 218, 216, 215, 218, 218, 218, 217, 218, 214, 216, 216, 218,
    217, 214, 217, 217, 218, 218, 214, 217, 216, 216, 215, 217, 217, 214,
    215, 216, 217, 216, 218, 216, 216, 214, 216, 216, 214, 215, 214, 218,
    218, 216, 217, 214, 217, 214, 218, 218, 215, 217, 214, 216, 214, 214,
    217, 215, 218, 216, 215, 216, 217, 218, 214, 218 ]
RHandPositionsY: [ 269, 269, 266, 268, 266, 269, 266, 268, 268, 266, 267,
    268, 266, 266, 265, 266, 266, 268, 268, 266, 265, 264, 263, 265, 264,
    267, 267, 263, 266, 266, 267, 263, 264, 266, 262, 262, 264, 265, 265,
    262, 263, 266, 264, 264, 266, 264, 262, 265, 263, 265, 264, 265, 264,
    262, 265, 264, 262, 264, 262, 262, 264, 264, 262, 262, 265, 261, 262,
    265, 263, 261, 265, 262, 262, 263, 263, 263, 265, 261, 265, 264, 261,
    261, 263, 263, 262, 263, 264, 264, 263, 262, 263 ]
