%YAML:1.0
---
videoName: "LHShake07.mp4"
gestureLabel: 2
fps: 29
pixelSizeInCmTemp: 3.3732394366197183e-01
faceCenterPointX: 265
faceCenterPointY: 78
LHandPositionsX: [ 348, 350, 350, 356, 362, 369, 377, 384, 391, 393, 393,
    393, 382, 376, 354, 346, 340, 341, 340, 342, 349, 363, 370, 366, 366,
    366, 363, 341, 340, 345, 342, 349, 356, 355, 366, 367, 369, 363, 363,
    351, 343, 347, 345, 353, 358, 359, 361, 361, 365, 360, 340, 328, 335,
    332, 344, 357, 366, 372, 369, 380, 373, 363, 354, 347, 343, 336, 336,
    333, 333, 339, 337, 344, 344, 340, 341, 345, 345, 345, 340, 344, 342,
    342, 341, 340, 342, 344, 344, 344 ]
LHandPositionsY: [ 280, 278, 274, 265, 259, 249, 233, 220, 201, 190, 176,
    162, 152, 137, 139, 140, 148, 144, 146, 144, 143, 139, 134, 138, 136,
    138, 137, 139, 147, 140, 139, 130, 132, 133, 128, 125, 129, 130, 133,
    134, 142, 142, 146, 141, 138, 140, 137, 137, 132, 128, 135, 150, 144,
    138, 132, 132, 128, 132, 133, 126, 134, 138, 147, 157, 166, 179, 194,
    202, 218, 232, 239, 250, 250, 255, 258, 262, 264, 263, 264, 265, 265,
    265, 268, 268, 266, 267, 268, 269 ]
RHandPositionsX: [ 183, 184, 181, 185, 182, 184, 182, 183, 181, 185, 182,
    182, 185, 182, 185, 182, 185, 181, 183, 181, 185, 184, 185, 184, 185,
    184, 185, 185, 182, 184, 184, 182, 181, 181, 182, 182, 181, 183, 183,
    185, 182, 182, 185, 184, 183, 181, 185, 185, 185, 185, 181, 181, 185,
    184, 182, 184, 182, 181, 184, 185, 181, 183, 182, 185, 181, 185, 183,
    184, 181, 183, 183, 182, 181, 181, 183, 181, 184, 184, 182, 181, 181,
    181, 185, 185, 183, 184, 183, 183 ]
RHandPositionsY: [ 277, 277, 279, 277, 280, 276, 279, 279, 277, 278, 277,
    277, 278, 280, 278, 276, 279, 278, 278, 276, 276, 279, 279, 280, 276,
    276, 277, 280, 280, 276, 277, 278, 276, 277, 279, 276, 280, 279, 279,
    277, 276, 278, 279, 277, 277, 277, 279, 276, 279, 277, 276, 277, 276,
    278, 278, 277, 278, 276, 279, 276, 279, 278, 276, 280, 278, 276, 278,
    276, 278, 280, 276, 277, 280, 276, 280, 280, 280, 280, 280, 278, 278,
    279, 276, 279, 280, 277, 276, 277 ]
