%YAML:1.0
---
videoName: "LHShake14.mp4"
gestureLabel: 2
fps: 29
pixelSizeInCmTemp: 3.2808219178082193e-01
faceCenterPointX: 256
faceCenterPointY: 64
LHandPositionsX: [ 351, 353, 352, 356, 369, 380, 391, 389, 388, 380, 371,
    357, 357, 356, 363, 368, 380, 381, 382, 379, 374, 362, 352, 357, 351,
    357, 369, 380, 388, 386, 385, 377, 367, 358, 356, 355, 360, 369, 381,
    383, 381, 377, 369, 360, 360, 357, 358, 363, 370, 379, 375, 379, 370,
    367, 358, 348, 342, 337, 333, 331, 329, 328, 330, 327, 332, 333, 328,
    331, 330, 331, 329, 330, 330, 329, 329, 328, 330, 327, 331, 329, 331,
    327, 327, 329, 327, 331, 328, 327 ]
LHandPositionsY: [ 148, 145, 144, 145, 140, 138, 142, 143, 143, 140, 145,
    149, 150, 146, 146, 146, 139, 139, 140, 137, 141, 142, 145, 147, 147,
    146, 147, 141, 142, 140, 140, 140, 144, 145, 144, 150, 146, 146, 142,
    145, 144, 140, 141, 143, 142, 142, 139, 138, 140, 144, 144, 146, 149,
    153, 161, 169, 176, 190, 198, 210, 220, 234, 235, 240, 244, 248, 250,
    247, 247, 249, 251, 251, 248, 249, 251, 248, 249, 251, 252, 249, 251,
    248, 249, 250, 249, 252, 251, 252 ]
RHandPositionsX: [ 182, 185, 184, 182, 179, 183, 182, 183, 182, 183, 181,
    179, 178, 179, 180, 180, 179, 178, 176, 177, 176, 175, 179, 177, 178,
    177, 176, 179, 175, 177, 177, 177, 179, 178, 175, 179, 176, 175, 180,
    176, 175, 179, 178, 178, 177, 178, 179, 178, 177, 179, 175, 179, 175,
    178, 177, 177, 175, 177, 176, 177, 175, 176, 178, 175, 175, 177, 178,
    179, 179, 179, 177, 179, 177, 175, 175, 176, 177, 179, 179, 179, 176,
    176, 178, 176, 177, 177, 177, 176 ]
RHandPositionsY: [ 277, 278, 276, 279, 276, 276, 279, 277, 277, 276, 275,
    274, 277, 275, 277, 276, 275, 274, 273, 273, 274, 277, 273, 276, 275,
    275, 277, 276, 274, 276, 276, 273, 274, 275, 274, 273, 275, 277, 278,
    278, 274, 274, 276, 273, 276, 276, 276, 274, 277, 277, 273, 273, 274,
    273, 274, 276, 275, 275, 276, 275, 274, 273, 274, 274, 277, 275, 275,
    276, 275, 275, 274, 273, 273, 277, 273, 274, 276, 277, 274, 275, 273,
    274, 273, 275, 273, 277, 277, 274 ]
