%YAML:1.0
---
videoName: "LHShake15.mp4"
gestureLabel: 2
fps: 29
pixelSizeInCmTemp: 3.3263888888888887e-01
faceCenterPointX: 252
faceCenterPointY: 65
LHandPositionsX: [ 329, 328, 329, 327, 327, 331, 327, 328, 332, 328, 337,
    339, 347, 351, 360, 363, 371, 374, 377, 383, 379, 380, 364, 359, 347,
    342, 344, 341, 348, 354, 360, 362, 359, 361, 359, 348, 330, 329, 330,
    334, 344, 352, 356, 350, 351, 355, 347, 336, 330, 329, 332, 340, 351,
    356, 353, 353, 359, 356, 343, 334, 335, 333, 333, 342, 343, 351, 349,
    350, 348, 349, 340, 336, 330, 326, 322, 322, 321, 323, 326, 323, 325,
    325, 328, 326, 326, 326, 328, 325 ]
LHandPositionsY: [ 255, 257, 255, 256, 255, 257, 254, 253, 253, 253, 243,
    227, 213, 199, 185, 170, 155, 135, 119, 121, 115, 107, 105, 100, 104,
    104, 104, 102, 99, 95, 91, 95, 94, 94, 97, 95, 97, 98, 99, 97, 97,
    95, 94, 98, 98, 99, 100, 101, 102, 102, 99, 92, 91, 93, 95, 96, 94,
    99, 101, 102, 103, 101, 100, 100, 98, 99, 98, 99, 99, 101, 104, 120,
    135, 152, 164, 180, 192, 207, 221, 231, 230, 235, 239, 240, 240, 240,
    241, 240 ]
RHandPositionsX: [ 179, 176, 175, 177, 176, 178, 175, 178, 177, 175, 176,
    178, 177, 178, 175, 179, 178, 176, 175, 179, 176, 177, 175, 179, 177,
    176, 176, 176, 175, 177, 176, 177, 176, 178, 176, 178, 179, 175, 175,
    176, 179, 175, 177, 175, 178, 179, 177, 177, 176, 179, 178, 179, 175,
    177, 178, 178, 178, 179, 176, 178, 176, 178, 175, 179, 176, 175, 177,
    176, 177, 177, 178, 179, 177, 176, 176, 179, 179, 176, 175, 176, 178,
    176, 176, 178, 176, 178, 176, 177 ]
RHandPositionsY: [ 260, 258, 259, 260, 260, 260, 259, 257, 260, 260, 257,
    261, 259, 258, 259, 257, 258, 260, 258, 260, 260, 258, 258, 261, 258,
    257, 257, 260, 258, 258, 258, 258, 259, 257, 261, 260, 259, 260, 259,
    259, 257, 257, 258, 257, 259, 258, 261, 258, 258, 260, 260, 260, 257,
    259, 261, 260, 259, 257, 257, 261, 259, 259, 261, 257, 259, 260, 258,
    257, 258, 259, 257, 259, 258, 257, 258, 261, 258, 257, 259, 259, 257,
    261, 261, 257, 260, 261, 261, 258 ]
