%YAML:1.0
---
videoName: "LHShake18.mp4"
gestureLabel: 2
fps: 29
pixelSizeInCmTemp: 3.4214285714285714e-01
faceCenterPointX: 253
faceCenterPointY: 65
LHandPositionsX: [ 315, 315, 313, 314, 315, 315, 313, 315, 315, 315, 315,
    314, 314, 312, 311, 314, 314, 315, 325, 324, 331, 336, 345, 348, 348,
    350, 338, 326, 317, 299, 304, 306, 305, 312, 312, 312, 310, 308, 300,
    291, 291, 302, 307, 316, 311, 311, 305, 298, 288, 285, 288, 299, 308,
    315, 310, 312, 304, 294, 286, 288, 292, 302, 310, 309, 310, 307, 302,
    293, 297, 299, 306, 305, 309, 312, 313, 309, 305, 306, 305, 303, 308,
    306, 305, 306, 310, 311, 308, 308 ]
LHandPositionsY: [ 249, 247, 246, 247, 249, 250, 249, 249, 250, 250, 249,
    246, 249, 247, 249, 250, 247, 248, 242, 236, 220, 201, 187, 179, 165,
    160, 151, 145, 147, 137, 137, 142, 141, 141, 142, 139, 142, 145, 145,
    139, 133, 144, 148, 148, 145, 145, 149, 148, 144, 139, 140, 146, 148,
    148, 145, 147, 150, 143, 146, 141, 149, 153, 152, 154, 154, 155, 160,
    149, 146, 151, 153, 155, 154, 157, 161, 169, 178, 186, 195, 209, 215,
    215, 219, 232, 233, 230, 233, 233 ]
RHandPositionsX: [ 197, 198, 198, 196, 197, 199, 197, 199, 199, 197, 195,
    195, 197, 195, 198, 197, 196, 196, 196, 195, 198, 195, 195, 197, 199,
    198, 199, 196, 196, 198, 195, 194, 195, 198, 195, 197, 196, 198, 199,
    198, 195, 195, 196, 198, 198, 195, 195, 197, 196, 196, 195, 195, 200,
    200, 196, 195, 199, 200, 198, 197, 198, 198, 196, 197, 195, 194, 194,
    196, 197, 197, 196, 194, 195, 198, 194, 197, 195, 195, 196, 197, 198,
    196, 197, 195, 198, 196, 195, 194 ]
RHandPositionsY: [ 262, 265, 263, 263, 262, 266, 265, 267, 265, 267, 264,
    263, 267, 263, 264, 266, 265, 267, 266, 264, 265, 266, 267, 267, 266,
    263, 265, 263, 266, 266, 266, 262, 267, 266, 263, 264, 266, 266, 264,
    264, 268, 265, 264, 266, 265, 265, 265, 267, 267, 266, 265, 268, 268,
    266, 266, 265, 265, 269, 265, 268, 266, 268, 268, 268, 269, 267, 265,
    267, 264, 264, 264, 267, 264, 264, 267, 265, 265, 265, 264, 264, 268,
    268, 265, 266, 266, 266, 267, 266 ]
