%YAML:1.0
---
videoName: "LHShake04.mp4"
gestureLabel: 2
fps: 30
pixelSizeInCmTemp: 3.2808219178082193e-01
faceCenterPointX: 247
faceCenterPointY: 80
LHandPositionsX: [ 284, 284, 282, 281, 279, 283, 281, 279, 280, 282, 280,
    282, 282, 282, 282, 285, 291, 299, 307, 320, 332, 347, 357, 365, 371,
    368, 362, 359, 348, 345, 335, 334, 337, 338, 349, 362, 370, 367, 356,
    346, 342, 341, 341, 341, 351, 353, 356, 356, 351, 346, 343, 345, 346,
    346, 353, 358, 353, 349, 344, 346, 346, 351, 353, 360, 360, 367, 364,
    361, 354, 346, 334, 325, 313, 303, 300, 295, 290, 289, 287, 289, 289,
    287, 289, 286, 288, 289, 288, 287, 286, 285, 285 ]
LHandPositionsY: [ 271, 272, 271, 269, 272, 269, 268, 270, 270, 269, 269,
    270, 273, 269, 270, 267, 262, 255, 245, 229, 219, 201, 188, 175, 162,
    161, 155, 149, 137, 134, 131, 130, 128, 119, 114, 112, 112, 111, 113,
    118, 128, 129, 125, 127, 120, 119, 116, 110, 117, 118, 122, 122, 118,
    118, 112, 112, 112, 111, 112, 119, 117, 111, 107, 106, 104, 103, 106,
    109, 127, 145, 158, 174, 185, 199, 215, 227, 234, 243, 242, 246, 247,
    249, 250, 247, 252, 249, 250, 252, 254, 252, 251 ]
RHandPositionsX: [ 218, 214, 218, 216, 217, 216, 214, 217, 218, 216, 215,
    218, 214, 214, 215, 215, 218, 218, 217, 215, 214, 218, 214, 214, 216,
    214, 218, 214, 218, 216, 216, 214, 215, 217, 217, 217, 218, 218, 218,
    215, 216, 218, 215, 214, 214, 218, 215, 218, 214, 214, 216, 216, 217,
    217, 218, 217, 215, 214, 214, 217, 216, 217, 218, 216, 215, 215, 216,
    217, 217, 214, 214, 215, 218, 217, 216, 216, 214, 214, 217, 216, 218,
    214, 216, 215, 217, 214, 214, 214, 218, 218, 218 ]
RHandPositionsY: [ 266, 270, 270, 266, 269, 270, 268, 267, 266, 267, 270,
    268, 267, 266, 265, 266, 265, 264, 266, 264, 265, 263, 264, 264, 266,
    267, 265, 265, 267, 265, 267, 267, 266, 264, 262, 265, 264, 262, 262,
    266, 264, 263, 263, 262, 264, 262, 262, 262, 262, 261, 265, 265, 265,
    262, 264, 262, 264, 264, 263, 261, 264, 265, 262, 262, 263, 262, 262,
    261, 263, 263, 265, 265, 265, 262, 262, 262, 265, 262, 262, 263, 261,
    263, 263, 262, 262, 262, 263, 263, 261, 263, 261 ]
