%YAML:1.0
---
videoName: "LHShake24.mp4"
gestureLabel: 2
fps: 30
pixelSizeInCmTemp: 3.4214285714285714e-01
faceCenterPointX: 255
faceCenterPointY: 77
LHandPositionsX: [ 328, 326, 329, 326, 330, 326, 330, 330, 330, 330, 333,
    334, 339, 349, 350, 363, 369, 375, 381, 380, 380, 378, 374, 362, 349,
    343, 340, 342, 342, 349, 356, 368, 380, 379, 375, 373, 368, 359, 346,
    338, 343, 337, 342, 353, 363, 364, 368, 367, 363, 352, 345, 338, 343,
    338, 347, 354, 362, 370, 370, 373, 369, 364, 353, 343, 343, 345, 345,
    353, 359, 367, 366, 368, 367, 360, 350, 340, 338, 333, 326, 327, 323,
    324, 324, 327, 324, 329, 329, 328, 326, 324, 326 ]
LHandPositionsY: [ 261, 263, 262, 261, 263, 260, 260, 262, 264, 259, 257,
    258, 248, 236, 226, 206, 197, 181, 174, 173, 158, 155, 152, 156, 159,
    162, 163, 164, 164, 160, 157, 154, 151, 150, 148, 145, 146, 148, 153,
    156, 155, 152, 154, 152, 152, 148, 151, 151, 151, 157, 158, 161, 162,
    165, 163, 161, 158, 158, 157, 156, 157, 160, 159, 165, 164, 162, 161,
    160, 161, 160, 157, 157, 156, 156, 159, 164, 171, 181, 186, 197, 206,
    221, 228, 230, 235, 238, 241, 249, 245, 245, 250 ]
RHandPositionsX: [ 180, 180, 183, 182, 179, 181, 183, 182, 182, 183, 180,
    180, 179, 181, 181, 183, 183, 182, 182, 182, 181, 179, 179, 180, 179,
    182, 182, 183, 181, 180, 180, 183, 180, 183, 181, 180, 181, 181, 182,
    183, 182, 183, 179, 179, 180, 182, 180, 182, 180, 181, 182, 180, 183,
    182, 180, 182, 179, 182, 182, 182, 183, 180, 181, 179, 180, 181, 179,
    180, 180, 183, 179, 180, 180, 180, 179, 181, 183, 181, 180, 181, 183,
    183, 183, 183, 181, 183, 180, 179, 181, 179, 182 ]
RHandPositionsY: [ 267, 269, 271, 270, 270, 267, 267, 271, 269, 269, 271,
    268, 270, 270, 271, 269, 268, 271, 269, 271, 269, 268, 268, 268, 270,
    267, 270, 271, 271, 269, 268, 271, 271, 269, 271, 270, 267, 268, 270,
    270, 269, 267, 270, 271, 267, 269, 270, 271, 270, 268, 267, 269, 268,
    268, 271, 270, 267, 270, 268, 270, 267, 269, 271, 269, 267, 271, 267,
    270, 271, 269, 267, 271, 270, 269, 268, 270, 267, 271, 268, 271, 268,
    267, 267, 268, 268, 267, 271, 271, 268, 267, 271 ]
