%YAML:1.0
---
videoName: "LHShake21.mp4"
gestureLabel: 2
fps: 29
pixelSizeInCmTemp: 3.4214285714285714e-01
faceCenterPointX: 266
faceCenterPointY: 79
LHandPositionsX: [ 350, 351, 364, 375, 384, 395, 396, 405, 423, 413, 414,
    404, 390, 377, 372, 375, 372, 377, 387, 402, 400, 398, 394, 395, 383,
    375, 371, 371, 370, 371, 376, 390, 390, 387, 383, 383, 377, 369, 367,
    365, 369, 370, 375, 391, 386, 386, 395, 393, 381, 375, 366, 363, 367,
    366, 377, 378, 386, 382, 384, 389, 385, 380, 374, 367, 359, 349, 344,
    338, 335, 334, 336, 335, 336, 333, 334, 331, 334, 330, 334, 332, 333,
    334, 334, 332, 330, 333, 333, 333 ]
LHandPositionsY: [ 270, 262, 247, 226, 207, 190, 185, 171, 151, 152, 138,
    136, 131, 136, 131, 134, 132, 130, 131, 131, 132, 131, 131, 135, 135,
    133, 145, 142, 144, 137, 136, 131, 136, 134, 136, 134, 136, 147, 150,
    146, 149, 144, 142, 139, 136, 139, 134, 140, 139, 149, 151, 153, 152,
    154, 152, 143, 140, 141, 143, 147, 156, 162, 171, 178, 189, 201, 214,
    226, 239, 236, 242, 245, 251, 252, 251, 253, 251, 254, 252, 254, 254,
    252, 251, 251, 251, 254, 253, 252 ]
RHandPositionsX: [ 188, 188, 185, 186, 186, 186, 186, 186, 185, 186, 187,
    185, 185, 185, 188, 184, 184, 186, 185, 187, 185, 186, 186, 188, 188,
    187, 187, 185, 186, 184, 187, 185, 186, 186, 185, 186, 188, 186, 184,
    187, 184, 188, 185, 186, 186, 184, 184, 185, 186, 187, 188, 185, 187,
    186, 188, 188, 184, 184, 188, 188, 184, 184, 184, 184, 186, 185, 186,
    187, 188, 185, 185, 187, 188, 185, 185, 184, 184, 185, 185, 184, 184,
    184, 186, 184, 184, 185, 187, 186 ]
RHandPositionsY: [ 267, 268, 267, 268, 267, 265, 269, 269, 265, 269, 267,
    265, 266, 266, 266, 268, 268, 269, 269, 269, 267, 267, 267, 266, 266,
    268, 267, 265, 267, 269, 268, 265, 265, 267, 269, 265, 266, 266, 268,
    268, 268, 265, 267, 265, 269, 266, 265, 269, 269, 265, 265, 269, 266,
    268, 267, 265, 266, 267, 267, 268, 267, 265, 265, 267, 266, 269, 268,
    268, 265, 268, 269, 269, 265, 266, 267, 269, 267, 266, 266, 268, 269,
    268, 266, 267, 269, 268, 269, 265 ]
