%YAML:1.0
---
videoName: "LHShake04.mp4"
gestureLabel: 2
fps: 30
pixelSizeInCmTemp: 3.2808219178082193e-01
faceCenterPointX: 247
faceCenterPointY: 80
LHandPositionsX: [ 283, 280, 281, 284, 279, 282, 281, 281, 282, 282, 280,
    280, 280, 282, 281, 284, 290, 297, 308, 321, 332, 345, 361, 366, 370,
    369, 361, 356, 350, 341, 336, 334, 336, 340, 350, 363, 368, 367, 356,
    347, 341, 343, 343, 341, 350, 353, 355, 355, 352, 346, 339, 346, 343,
    347, 354, 357, 354, 351, 347, 345, 345, 347, 354, 358, 361, 367, 363,
    361, 355, 346, 332, 323, 312, 305, 301, 294, 292, 289, 287, 289, 290,
    286, 288, 286, 287, 286, 289, 288, 288, 288, 288 ]
LHandPositionsY: [ 268, 269, 269, 272, 270, 271, 272, 268, 272, 272, 272,
    268, 270, 269, 269, 265, 263, 254, 244, 229, 218, 202, 187, 175, 163,
    161, 153, 149, 137, 132, 130, 130, 127, 118, 118, 113, 112, 110, 116,
    116, 131, 127, 124, 126, 122, 119, 115, 114, 120, 119, 122, 120, 119,
    116, 116, 111, 112, 110, 112, 116, 113, 110, 106, 107, 107, 106, 105,
    112, 127, 142, 156, 172, 187, 201, 213, 226, 237, 241, 243, 243, 248,
    246, 246, 249, 248, 251, 252, 253, 252, 251, 250 ]
RHandPositionsX: [ 218, 218, 215, 218, 214, 214, 214, 217, 216, 217, 216,
    217, 214, 217, 218, 214, 218, 217, 217, 216, 217, 214, 215, 214, 215,
    215, 215, 218, 217, 214, 217, 218, 218, 218, 214, 215, 214, 214, 218,
    218, 218, 218, 214, 217, 218, 216, 218, 218, 216, 214, 216, 214, 215,
    218, 218, 218, 216, 218, 216, 214, 218, 215, 215, 217, 217, 215, 218,
    216, 218, 214, 215, 218, 218, 217, 214, 215, 214, 218, 218, 216, 215,
    216, 217, 215, 214, 217, 216, 218, 217, 214, 215 ]
RHandPositionsY: [ 270, 266, 268, 266, 268, 268, 268, 269, 268, 269, 267,
    268, 268, 265, 269, 266, 266, 265, 265, 267, 266, 265, 267, 267, 266,
    267, 263, 264, 265, 266, 265, 263, 263, 265, 266, 262, 264, 266, 262,
    262, 265, 265, 266, 263, 265, 263, 265, 264, 264, 264, 262, 263, 262,
    261, 261, 263, 265, 265, 261, 262, 261, 264, 263, 262, 261, 261, 262,
    262, 265, 262, 265, 262, 265, 262, 261, 265, 262, 262, 261, 262, 264,
    262, 261, 262, 264, 261, 265, 264, 261, 265, 264 ]
