%YAML:1.0
---
videoName: "LHShake09.mp4"
gestureLabel: 2
fps: 29
pixelSizeInCmTemp: 3.3263888888888887e-01
faceCenterPointX: 259
faceCenterPointY: 67
LHandPositionsX: [ 336, 337, 340, 339, 342, 348, 348, 353, 349, 358, 359,
    363, 367, 367, 367, 363, 362, 350, 340, 334, 333, 333, 331, 328, 335,
    345, 351, 348, 346, 346, 350, 349, 341, 339, 337, 338, 336, 344, 354,
    360, 366, 363, 369, 362, 355, 343, 338, 339, 338, 336, 340, 345, 354,
    352, 353, 356, 355, 352, 340, 334, 333, 334, 335, 338, 342, 350, 352,
    352, 352, 355, 350, 343, 336, 330, 324, 318, 319, 318, 320, 324, 329,
    328, 328, 333, 332, 332, 332, 333 ]
LHandPositionsY: [ 271, 271, 273, 271, 272, 269, 264, 257, 249, 235, 235,
    214, 203, 200, 182, 176, 165, 163, 156, 159, 160, 158, 155, 154, 151,
    152, 149, 147, 147, 146, 150, 153, 152, 155, 155, 152, 156, 152, 155,
    151, 151, 153, 153, 152, 154, 156, 159, 158, 156, 154, 153, 155, 155,
    154, 151, 151, 153, 152, 150, 152, 155, 152, 154, 151, 154, 150, 153,
    149, 151, 150, 150, 153, 164, 170, 181, 194, 208, 218, 232, 241, 245,
    248, 252, 252, 259, 260, 261, 257 ]
RHandPositionsX: [ 177, 178, 176, 179, 179, 178, 179, 180, 176, 177, 179,
    178, 176, 180, 176, 176, 179, 178, 179, 178, 178, 179, 177, 177, 178,
    178, 177, 180, 180, 177, 176, 177, 176, 179, 178, 180, 180, 177, 180,
    179, 176, 178, 180, 180, 177, 177, 179, 180, 179, 176, 179, 180, 178,
    180, 176, 180, 176, 177, 179, 178, 176, 176, 180, 176, 176, 179, 176,
    177, 178, 176, 180, 179, 177, 179, 180, 180, 178, 177, 178, 176, 180,
    177, 177, 176, 178, 177, 178, 180 ]
RHandPositionsY: [ 277, 279, 279, 278, 276, 279, 276, 276, 276, 278, 278,
    277, 276, 275, 277, 275, 275, 275, 275, 277, 276, 276, 276, 279, 276,
    275, 276, 278, 279, 279, 279, 276, 276, 277, 275, 275, 277, 278, 278,
    278, 278, 279, 277, 277, 278, 279, 277, 278, 276, 275, 279, 276, 278,
    277, 276, 276, 279, 277, 278, 279, 275, 276, 276, 276, 276, 277, 276,
    278, 278, 276, 277, 279, 277, 277, 277, 275, 275, 276, 279, 276, 276,
    279, 275, 278, 276, 277, 275, 277 ]
