%YAML:1.0
---
videoName: "LHShake13.mp4"
gestureLabel: 2
fps: 29
pixelSizeInCmTemp: 3.4214285714285714e-01
faceCenterPointX: 257
faceCenterPointY: 76
LHandPositionsX: [ 327, 326, 324, 324, 327, 327, 326, 324, 327, 327, 331,
    334, 343, 350, 359, 370, 378, 389, 390, 388, 386, 373, 364, 352, 340,
    343, 340, 343, 351, 361, 375, 370, 363, 365, 358, 345, 341, 340, 343,
    352, 360, 366, 367, 366, 360, 348, 344, 347, 342, 346, 357, 365, 367,
    364, 362, 355, 348, 345, 346, 344, 350, 355, 362, 368, 366, 362, 361,
    352, 346, 341, 330, 326, 323, 325, 327, 327, 328, 329, 324, 327, 325,
    325, 324, 327, 325, 325, 328, 325 ]
LHandPositionsY: [ 263, 262, 263, 259, 259, 261, 261, 260, 262, 256, 255,
    245, 239, 224, 212, 195, 184, 174, 165, 159, 150, 152, 151, 155, 159,
    155, 156, 158, 154, 144, 140, 140, 142, 147, 151, 155, 160, 156, 155,
    156, 152, 156, 156, 158, 158, 160, 164, 161, 164, 161, 157, 156, 155,
    155, 158, 162, 162, 164, 163, 160, 162, 158, 155, 152, 150, 149, 149,
    150, 157, 163, 170, 179, 192, 207, 221, 233, 246, 246, 246, 243, 245,
    248, 250, 251, 247, 247, 250, 247 ]
RHandPositionsX: [ 185, 183, 181, 184, 184, 181, 185, 185, 181, 183, 182,
    184, 181, 185, 184, 183, 181, 181, 184, 184, 181, 181, 182, 184, 182,
    182, 182, 182, 184, 185, 181, 183, 185, 182, 181, 182, 183, 182, 181,
    181, 183, 181, 185, 182, 182, 182, 185, 182, 183, 184, 184, 184, 185,
    183, 183, 181, 183, 184, 182, 181, 183, 183, 181, 184, 181, 185, 183,
    181, 182, 181, 181, 185, 182, 185, 181, 184, 181, 183, 182, 181, 185,
    184, 183, 184, 184, 181, 181, 182 ]
RHandPositionsY: [ 271, 271, 270, 267, 269, 269, 269, 271, 271, 271, 268,
    267, 269, 271, 268, 267, 270, 267, 268, 270, 271, 270, 270, 270, 271,
    269, 267, 270, 271, 267, 268, 271, 271, 268, 269, 271, 271, 270, 269,
    268, 269, 269, 271, 267, 270, 267, 268, 269, 267, 267, 267, 267, 271,
    268, 270, 269, 268, 271, 268, 269, 269, 268, 267, 268, 267, 271, 268,
    268, 268, 267, 269, 269, 267, 268, 271, 267, 269, 270, 268, 270, 268,
    268, 270, 269, 271, 268, 270, 270 ]
