%YAML:1.0
---
videoName: "LHShake01.mp4"
gestureLabel: 2
fps: 29
pixelSizeInCmTemp: 3.4214285714285714e-01
faceCenterPointX: 252
faceCenterPointY: 84
LHandPositionsX: [ 364, 364, 363, 363, 358, 353, 346, 343, 336, 332, 334,
    335, 340, 345, 350, 351, 355, 354, 352, 346, 344, 339, 341, 337, 336,
    337, 341, 347, 353, 349, 351, 349, 344, 339, 338, 333, 334, 334, 334,
    342, 346, 347, 348, 350, 346, 348, 345, 339, 336, 332, 334, 335, 335,
    340, 346, 351, 348, 351, 350, 348, 346, 341, 339, 330, 329, 329, 328,
    333, 331, 327, 332, 335, 334, 339, 343, 345, 346, 347, 348, 346, 350,
    348, 349, 351, 352, 348, 348, 352 ]
LHandPositionsY: [ 143, 137, 130, 125, 123, 119, 118, 119, 118, 121, 119,
    122, 122, 119, 112, 111, 108, 109, 108, 109, 111, 110, 112, 113, 113,
    114, 113, 106, 106, 104, 106, 107, 108, 109, 109, 113, 115, 111, 114,
    109, 108, 107, 104, 103, 103, 105, 106, 105, 107, 112, 109, 111, 108,
    105, 102, 105, 105, 104, 103, 102, 102, 104, 109, 122, 134, 144, 152,
    161, 166, 163, 170, 184, 192, 199, 206, 214, 220, 219, 222, 222, 226,
    225, 228, 227, 232, 230, 228, 228 ]
RHandPositionsX: [ 155, 153, 157, 157, 153, 157, 154, 155, 153, 156, 155,
    157, 153, 155, 155, 154, 156, 153, 154, 157, 156, 154, 154, 155, 156,
    155, 153, 156, 153, 154, 157, 155, 155, 154, 155, 155, 156, 157, 154,
    154, 157, 153, 155, 157, 156, 157, 153, 153, 156, 154, 156, 157, 156,
    155, 153, 154, 153, 156, 157, 153, 157, 155, 153, 154, 157, 157, 157,
    154, 157, 155, 157, 156, 155, 154, 156, 156, 153, 157, 155, 156, 154,
    156, 156, 153, 153, 154, 153, 154 ]
RHandPositionsY: [ 267, 269, 270, 267, 268, 268, 270, 267, 265, 266, 266,
    268, 268, 266, 268, 264, 264, 267, 263, 266, 265, 266, 266, 266, 266,
    264, 265, 265, 263, 264, 265, 261, 263, 261, 262, 262, 264, 263, 264,
    262, 261, 261, 262, 261, 260, 260, 263, 259, 259, 260, 261, 259, 261,
    260, 263, 259, 259, 261, 263, 263, 262, 263, 261, 261, 263, 261, 263,
    259, 261, 261, 262, 263, 263, 261, 260, 263, 260, 261, 262, 261, 262,
    263, 262, 263, 259, 260, 262, 260 ]
