%YAML:1.0
---
videoName: "LHShake07.mp4"
gestureLabel: 2
fps: 29
pixelSizeInCmTemp: 3.3732394366197183e-01
faceCenterPointX: 265
faceCenterPointY: 78
LHandPositionsX: [ 348, 349, 351, 357, 362, 371, 377, 386, 391, 393, 393,
    391, 384, 377, 355, 348, 340, 343, 340, 342, 348, 362, 367, 368, 364,
    363, 362, 341, 340, 343, 344, 347, 355, 358, 369, 370, 366, 362, 360,
    352, 347, 347, 347, 349, 356, 362, 364, 360, 367, 360, 338, 328, 331,
    334, 342, 357, 368, 375, 373, 382, 371, 364, 357, 346, 342, 337, 337,
    333, 333, 336, 338, 344, 341, 340, 340, 345, 342, 343, 340, 340, 344,
    341, 344, 341, 343, 340, 341, 341 ]
LHandPositionsY: [ 279, 279, 271, 268, 259, 250, 234, 218, 204, 191, 175,
    160, 149, 139, 141, 140, 149, 144, 144, 146, 141, 135, 134, 135, 137,
    136, 137, 138, 144, 143, 140, 132, 129, 134, 125, 124, 129, 133, 135,
    135, 146, 144, 147, 140, 139, 137, 139, 138, 131, 132, 135, 149, 143,
    135, 133, 130, 132, 135, 131, 129, 132, 136, 147, 157, 168, 177, 194,
    205, 218, 230, 242, 252, 252, 256, 255, 260, 261, 265, 264, 263, 265,
    264, 266, 267, 268, 267, 269, 268 ]
RHandPositionsX: [ 181, 184, 182, 181, 181, 181, 181, 185, 181, 185, 183,
    185, 184, 185, 184, 184, 182, 181, 185, 181, 185, 185, 184, 183, 181,
    184, 182, 184, 181, 182, 182, 184, 181, 185, 185, 185, 181, 181, 185,
    184, 181, 185, 183, 181, 183, 181, 185, 182, 183, 185, 184, 182, 185,
    182, 185, 183, 181, 183, 184, 183, 183, 185, 183, 182, 181, 185, 184,
    182, 183, 182, 185, 185, 181, 184, 181, 183, 181, 181, 182, 182, 184,
    183, 185, 185, 183, 182, 182, 183 ]
RHandPositionsY: [ 279, 277, 278, 280, 276, 279, 278, 276, 278, 280, 277,
    278, 279, 280, 280, 280, 277, 277, 280, 277, 276, 276, 279, 278, 280,
    278, 277, 276, 279, 276, 279, 276, 280, 279, 278, 276, 279, 279, 279,
    277, 279, 280, 278, 276, 279, 278, 277, 278, 280, 277, 279, 279, 279,
    276, 276, 277, 277, 280, 276, 279, 280, 276, 280, 278, 278, 276, 280,
    280, 280, 276, 280, 279, 279, 278, 279, 280, 280, 279, 277, 277, 277,
    279, 277, 278, 280, 276, 278, 277 ]
