%YAML:1.0
---
videoName: "LHShake17.mp4"
gestureLabel: 2
fps: 30
pixelSizeInCmTemp: 3.3732394366197183e-01
faceCenterPointX: 248
faceCenterPointY: 64
LHandPositionsX: [ 321, 321, 325, 321, 325, 324, 325, 325, 327, 336, 343,
    354, 365, 374, 386, 397, 404, 407, 403, 390, 372, 361, 352, 354, 353,
    356, 371, 381, 376, 382, 377, 363, 354, 346, 346, 347, 358, 364, 368,
    366, 366, 363, 355, 349, 353, 356, 363, 371, 376, 374, 375, 369, 364,
    353, 345, 347, 348, 354, 363, 364, 361, 368, 366, 355, 350, 345, 340,
    336, 333, 335, 331, 333, 332, 333, 330, 330, 328, 328, 329, 324, 328,
    328, 324, 324, 326, 324, 327, 324, 325, 323, 326 ]
LHandPositionsY: [ 249, 248, 250, 248, 250, 251, 249, 244, 248, 231, 218,
    201, 185, 172, 159, 143, 129, 122, 115, 113, 124, 132, 135, 135, 135,
    134, 121, 118, 118, 119, 118, 130, 136, 140, 141, 137, 122, 116, 117,
    118, 119, 117, 125, 134, 132, 134, 124, 117, 122, 122, 120, 123, 132,
    136, 140, 140, 138, 126, 121, 123, 125, 123, 119, 131, 138, 142, 154,
    163, 173, 182, 197, 207, 218, 219, 223, 226, 233, 234, 237, 234, 237,
    238, 240, 236, 237, 239, 236, 239, 237, 235, 239 ]
RHandPositionsX: [ 178, 177, 180, 176, 179, 179, 180, 177, 179, 179, 177,
    176, 177, 177, 177, 178, 176, 176, 177, 178, 178, 179, 180, 180, 177,
    176, 180, 179, 175, 176, 177, 176, 179, 176, 178, 177, 177, 177, 175,
    175, 175, 174, 177, 177, 175, 177, 174, 178, 176, 175, 178, 176, 178,
    174, 175, 176, 178, 175, 178, 174, 175, 178, 178, 175, 175, 174, 177,
    174, 177, 177, 177, 178, 174, 178, 176, 177, 177, 174, 176, 177, 177,
    176, 174, 176, 174, 174, 176, 176, 175, 177, 178 ]
RHandPositionsY: [ 256, 256, 257, 260, 258, 259, 256, 258, 258, 259, 260,
    256, 259, 259, 259, 258, 258, 258, 258, 260, 259, 256, 259, 256, 260,
    260, 259, 259, 257, 257, 260, 260, 258, 259, 259, 258, 256, 257, 256,
    258, 258, 256, 256, 258, 257, 257, 260, 256, 260, 260, 260, 258, 256,
    258, 259, 258, 256, 257, 256, 259, 258, 260, 259, 258, 258, 256, 260,
    259, 259, 260, 257, 260, 258, 256, 259, 258, 259, 257, 257, 258, 258,
    257, 257, 257, 258, 259, 256, 256, 256, 256, 258 ]
