%YAML:1.0
---
videoName: "LHShake20.mp4"
gestureLabel: 2
fps: 30
pixelSizeInCmTemp: 3.3732394366197183e-01
faceCenterPointX: 249
faceCenterPointY: 62
LHandPositionsX: [ 315, 316, 314, 312, 314, 314, 316, 312, 317, 318, 319,
    328, 334, 338, 340, 338, 328, 321, 313, 312, 311, 311, 316, 328, 339,
    336, 338, 339, 331, 323, 316, 317, 318, 322, 335, 341, 340, 340, 331,
    325, 324, 321, 323, 325, 331, 330, 328, 329, 322, 321, 322, 321, 320,
    327, 324, 326, 329, 324, 321, 318, 320, 320, 319, 320, 319, 323, 320,
    318, 317, 313, 315, 311, 313, 314, 314, 315, 314, 314, 314, 312, 312,
    315, 315, 316, 315, 313, 312, 313, 313, 314, 316 ]
LHandPositionsY: [ 247, 249, 247, 246, 246, 246, 245, 245, 236, 226, 217,
    202, 191, 177, 170, 167, 158, 158, 162, 162, 158, 157, 147, 145, 142,
    145, 145, 144, 144, 147, 150, 146, 148, 147, 146, 141, 140, 144, 141,
    144, 145, 147, 143, 143, 141, 142, 139, 141, 140, 145, 150, 149, 145,
    142, 140, 135, 134, 135, 137, 142, 143, 142, 147, 149, 148, 148, 157,
    166, 177, 191, 202, 213, 213, 217, 224, 226, 229, 231, 229, 229, 234,
    232, 234, 235, 238, 236, 237, 236, 239, 240, 238 ]
RHandPositionsX: [ 179, 180, 180, 181, 183, 180, 180, 179, 183, 182, 179,
    183, 180, 183, 180, 182, 180, 179, 180, 181, 181, 181, 179, 182, 179,
    183, 183, 181, 181, 179, 183, 180, 179, 180, 181, 183, 181, 179, 179,
    182, 179, 183, 180, 182, 179, 179, 179, 179, 179, 182, 182, 181, 179,
    183, 182, 181, 179, 179, 180, 182, 179, 179, 183, 183, 179, 182, 183,
    179, 180, 183, 179, 180, 181, 181, 179, 183, 182, 178, 182, 179, 179,
    180, 182, 178, 179, 182, 181, 179, 178, 178, 178 ]
RHandPositionsY: [ 257, 256, 257, 255, 256, 257, 253, 256, 252, 256, 254,
    254, 256, 256, 253, 255, 253, 252, 253, 255, 256, 254, 255, 252, 255,
    254, 252, 253, 253, 253, 253, 253, 254, 253, 252, 254, 253, 252, 251,
    251, 253, 252, 254, 255, 252, 254, 253, 252, 255, 252, 252, 251, 251,
    254, 253, 252, 253, 251, 255, 251, 251, 251, 251, 255, 255, 255, 252,
    255, 253, 254, 254, 254, 254, 251, 251, 253, 252, 252, 254, 251, 251,
    251, 255, 251, 251, 253, 255, 253, 255, 252, 252 ]
