%YAML:1.0
---
videoName: "LHShake09.mp4"
gestureLabel: 2
fps: 29
pixelSizeInCmTemp: 3.3263888888888887e-01
faceCenterPointX: 259
faceCenterPointY: 67
LHandPositionsX: [ 338, 337, 336, 338, 340, 348, 351, 353, 353, 356, 359,
    364, 367, 368, 369, 365, 359, 350, 340, 331, 334, 332, 327, 328, 337,
    348, 351, 351, 348, 349, 352, 347, 340, 336, 335, 337, 338, 347, 355,
    360, 367, 364, 369, 362, 354, 347, 336, 336, 336, 334, 339, 346, 354,
    354, 355, 357, 354, 349, 344, 335, 336, 337, 333, 334, 344, 347, 355,
    355, 353, 353, 350, 341, 336, 332, 323, 318, 319, 322, 320, 328, 325,
    329, 331, 334, 331, 333, 333, 335 ]
LHandPositionsY: [ 272, 272, 275, 271, 272, 271, 266, 257, 249, 236, 231,
    217, 202, 199, 184, 175, 168, 162, 160, 155, 158, 156, 155, 154, 151,
    149, 148, 149, 146, 147, 150, 151, 154, 152, 155, 155, 152, 152, 151,
    155, 151, 155, 151, 153, 155, 157, 157, 156, 155, 155, 156, 155, 154,
    152, 154, 150, 153, 151, 153, 153, 151, 151, 152, 154, 154, 153, 152,
    152, 149, 152, 151, 155, 162, 171, 182, 193, 208, 219, 233, 242, 244,
    247, 250, 252, 256, 257, 258, 258 ]
RHandPositionsX: [ 177, 176, 180, 176, 178, 180, 176, 176, 178, 176, 177,
    179, 179, 176, 177, 177, 176, 180, 180, 180, 177, 176, 178, 179, 179,
    180, 176, 176, 178, 180, 176, 177, 178, 178, 179, 178, 176, 179, 180,
    178, 180, 179, 177, 180, 177, 180, 178, 177, 177, 178, 176, 179, 178,
    178, 180, 179, 179, 179, 176, 178, 180, 180, 179, 177, 177, 180, 176,
    177, 177, 176, 176, 180, 180, 179, 180, 176, 179, 177, 180, 178, 180,
    177, 180, 179, 176, 180, 178, 177 ]
RHandPositionsY: [ 275, 278, 276, 275, 278, 276, 275, 277, 276, 277, 279,
    276, 276, 279, 278, 275, 275, 275, 276, 275, 275, 277, 276, 277, 275,
    276, 276, 276, 276, 278, 275, 278, 275, 276, 277, 275, 279, 275, 276,
    275, 275, 275, 277, 277, 277, 279, 275, 277, 279, 279, 278, 278, 275,
    278, 278, 275, 276, 278, 279, 276, 276, 275, 277, 279, 276, 277, 275,
    279, 278, 276, 277, 276, 275, 278, 279, 279, 276, 278, 278, 279, 278,
    279, 275, 279, 276, 277, 279, 277 ]
