%YAML:1.0
---
videoName: "LHShake16.mp4"
gestureLabel: 2
fps: 30
pixelSizeInCmTemp: 3.3732394366197183e-01
faceCenterPointX: 247
faceCenterPointY: 66
LHandPositionsX: [ 322, 325, 323, 328, 328, 337, 347, 353, 363, 372, 385,
    392, 404, 410, 407, 402, 398, 389, 376, 361, 356, 358, 362, 369, 380,
    400, 393, 390, 388, 384, 373, 370, 372, 369, 369, 378, 387, 387, 402,
    395, 383, 374, 368, 366, 363, 369, 373, 385, 399, 406, 396, 383, 374,
    362, 364, 360, 364, 366, 374, 390, 388, 382, 388, 384, 373, 364, 356,
    348, 342, 336, 336, 333, 333, 330, 332, 328, 330, 328, 329, 330, 328,
    329, 327, 325, 328, 326, 325, 324, 325, 328, 325 ]
LHandPositionsY: [ 253, 256, 252, 250, 253, 246, 235, 223, 209, 197, 182,
    166, 153, 146, 144, 134, 122, 117, 118, 112, 116, 118, 127, 116, 114,
    115, 116, 117, 116, 114, 120, 128, 132, 133, 128, 117, 121, 119, 122,
    120, 116, 125, 132, 132, 134, 136, 132, 124, 127, 123, 124, 132, 137,
    146, 144, 143, 146, 142, 135, 128, 127, 128, 124, 130, 140, 149, 161,
    172, 180, 199, 204, 213, 227, 229, 232, 234, 236, 237, 240, 240, 240,
    239, 243, 241, 244, 241, 241, 241, 243, 241, 244 ]
RHandPositionsX: [ 177, 177, 175, 178, 178, 178, 175, 178, 176, 176, 179,
    176, 176, 177, 177, 176, 178, 177, 178, 176, 176, 176, 175, 178, 177,
    177, 177, 175, 177, 176, 175, 178, 178, 175, 177, 177, 177, 175, 178,
    178, 177, 175, 179, 179, 175, 175, 179, 177, 176, 179, 176, 175, 179,
    177, 176, 179, 175, 175, 179, 175, 175, 177, 177, 177, 179, 175, 179,
    178, 178, 178, 178, 177, 175, 179, 179, 177, 176, 178, 176, 178, 175,
    177, 179, 179, 179, 176, 175, 175, 177, 177, 178 ]
RHandPositionsY: [ 262, 261, 261, 261, 261, 260, 260, 258, 261, 258, 261,
    258, 261, 260, 261, 261, 259, 262, 260, 259, 262, 262, 258, 258, 259,
    259, 260, 258, 262, 259, 258, 258, 258, 262, 262, 259, 258, 259, 261,
    260, 258, 258, 262, 262, 259, 259, 258, 258, 258, 262, 261, 259, 260,
    259, 260, 260, 259, 262, 259, 260, 259, 261, 260, 258, 260, 262, 261,
    259, 261, 259, 260, 261, 262, 258, 261, 260, 258, 259, 262, 261, 260,
    261, 259, 258, 259, 258, 262, 259, 260, 258, 261 ]
