%YAML:1.0
---
videoName: "LHShake00.mp4"
gestureLabel: 2
fps: 29
pixelSizeInCmTemp: 3.4214285714285714e-01
faceCenterPointX: 252
faceCenterPointY: 85
LHandPositionsX: [ 349, 353, 349, 349, 353, 358, 361, 355, 353, 345, 336,
    326, 322, 323, 324, 323, 326, 334, 337, 335, 338, 340, 331, 324, 323,
    324, 324, 328, 334, 336, 338, 339, 339, 330, 326, 321, 322, 325, 328,
    334, 340, 343, 344, 338, 335, 325, 324, 325, 326, 328, 331, 335, 340,
    341, 342, 336, 327, 325, 322, 323, 327, 331, 335, 336, 339, 342, 341,
    338, 335, 335, 331, 330, 326, 327, 327, 328, 332, 333, 332, 336, 339,
    338, 340, 342, 344, 343, 342, 344 ]
LHandPositionsY: [ 257, 253, 248, 232, 211, 190, 168, 152, 139, 135, 134,
    135, 137, 133, 136, 135, 131, 129, 127, 124, 124, 127, 128, 134, 131,
    134, 131, 131, 131, 127, 125, 122, 121, 127, 132, 132, 132, 133, 132,
    130, 126, 122, 121, 119, 127, 133, 133, 131, 131, 133, 133, 127, 122,
    123, 125, 128, 129, 128, 131, 127, 129, 124, 123, 120, 122, 121, 115,
    124, 139, 147, 161, 166, 164, 174, 187, 191, 200, 206, 214, 221, 222,
    230, 228, 231, 233, 236, 235, 233 ]
RHandPositionsX: [ 156, 154, 154, 155, 152, 155, 155, 153, 155, 152, 153,
    155, 152, 156, 153, 153, 156, 152, 154, 155, 153, 153, 156, 156, 155,
    155, 152, 153, 154, 156, 156, 155, 155, 152, 152, 156, 154, 153, 156,
    153, 155, 152, 154, 155, 155, 152, 155, 154, 152, 152, 156, 152, 153,
    156, 153, 155, 153, 154, 154, 153, 156, 155, 155, 152, 155, 152, 156,
    154, 156, 156, 155, 154, 152, 156, 154, 152, 152, 152, 156, 152, 154,
    154, 153, 154, 155, 156, 156, 154 ]
RHandPositionsY: [ 279, 278, 276, 278, 277, 277, 276, 275, 275, 274, 272,
    273, 274, 270, 271, 271, 271, 271, 268, 268, 269, 267, 269, 265, 269,
    268, 268, 264, 266, 267, 266, 264, 266, 263, 262, 264, 262, 265, 264,
    263, 263, 265, 261, 261, 261, 264, 264, 261, 263, 262, 261, 261, 260,
    263, 264, 263, 260, 264, 262, 261, 261, 261, 264, 260, 262, 264, 261,
    262, 263, 262, 264, 261, 260, 262, 262, 264, 263, 264, 263, 264, 264,
    263, 262, 262, 264, 263, 264, 262 ]
