%YAML:1.0
---
videoName: "LHShake16.mp4"
gestureLabel: 2
fps: 30
pixelSizeInCmTemp: 3.3732394366197183e-01
faceCenterPointX: 247
faceCenterPointY: 66
LHandPositionsX: [ 323, 324, 324, 328, 330, 338, 345, 355, 363, 372, 383,
    393, 401, 412, 406, 402, 402, 391, 377, 364, 356, 357, 364, 369, 380,
    397, 394, 392, 390, 385, 373, 369, 368, 370, 371, 380, 388, 386, 402,
    395, 386, 373, 367, 367, 367, 371, 376, 383, 398, 406, 398, 383, 371,
    364, 362, 360, 363, 367, 377, 391, 388, 383, 390, 384, 374, 365, 355,
    348, 345, 335, 333, 332, 332, 330, 332, 327, 329, 328, 331, 331, 330,
    326, 326, 328, 327, 327, 326, 326, 328, 325, 325 ]
LHandPositionsY: [ 256, 253, 253, 251, 252, 247, 235, 223, 207, 194, 180,
    167, 156, 148, 141, 135, 124, 115, 118, 114, 117, 119, 124, 115, 112,
    115, 119, 120, 119, 118, 121, 130, 131, 134, 128, 118, 121, 119, 121,
    119, 116, 129, 132, 131, 133, 135, 130, 127, 127, 122, 124, 129, 138,
    142, 144, 147, 146, 145, 132, 129, 130, 129, 127, 131, 143, 150, 160,
    168, 179, 196, 205, 213, 225, 229, 229, 235, 239, 237, 237, 237, 241,
    240, 241, 242, 244, 244, 242, 241, 243, 241, 242 ]
RHandPositionsX: [ 177, 178, 177, 176, 176, 178, 176, 175, 175, 175, 177,
    175, 179, 176, 177, 175, 177, 175, 177, 176, 175, 176, 178, 176, 177,
    175, 179, 175, 178, 175, 178, 176, 178, 178, 177, 176, 176, 179, 179,
    179, 176, 176, 177, 176, 177, 176, 179, 175, 175, 179, 176, 175, 177,
    175, 176, 175, 179, 176, 176, 175, 175, 177, 175, 175, 178, 175, 175,
    176, 175, 175, 179, 179, 177, 179, 176, 178, 178, 177, 176, 178, 177,
    175, 176, 178, 179, 177, 178, 175, 178, 179, 175 ]
RHandPositionsY: [ 259, 261, 260, 261, 262, 261, 262, 260, 261, 258, 260,
    259, 258, 261, 261, 261, 258, 261, 259, 258, 261, 260, 261, 262, 259,
    259, 260, 258, 261, 259, 258, 258, 258, 258, 258, 262, 258, 262, 260,
    260, 258, 261, 260, 262, 262, 262, 258, 262, 259, 258, 259, 261, 261,
    259, 261, 258, 258, 259, 262, 261, 260, 260, 262, 259, 261, 261, 260,
    259, 262, 258, 262, 262, 260, 260, 262, 261, 260, 260, 259, 261, 261,
    259, 259, 261, 259, 260, 258, 259, 261, 260, 259 ]
