%YAML:1.0
---
videoName: "LHShake05.mp4"
gestureLabel: 2
fps: 30
pixelSizeInCmTemp: 3.2364864864864862e-01
faceCenterPointX: 252
faceCenterPointY: 81
LHandPositionsX: [ 293, 293, 292, 291, 294, 295, 292, 296, 291, 292, 295,
    297, 305, 314, 323, 332, 344, 344, 339, 340, 340, 335, 331, 329, 332,
    332, 334, 338, 340, 343, 343, 336, 333, 325, 323, 323, 330, 333, 336,
    339, 337, 329, 324, 323, 321, 323, 329, 333, 335, 337, 335, 328, 323,
    325, 326, 326, 333, 337, 340, 336, 335, 333, 331, 331, 331, 334, 337,
    337, 339, 337, 335, 325, 320, 314, 312, 307, 305, 299, 298, 296, 295,
    294, 293, 293, 292, 291, 291, 291, 291, 293, 296 ]
LHandPositionsY: [ 269, 269, 266, 267, 266, 267, 266, 266, 266, 255, 240,
    227, 210, 201, 184, 172, 165, 164, 156, 154, 154, 156, 153, 156, 154,
    153, 149, 143, 138, 138, 132, 138, 146, 148, 146, 147, 143, 142, 137,
    134, 132, 139, 143, 142, 145, 142, 141, 136, 135, 131, 138, 142, 142,
    144, 145, 144, 141, 139, 135, 138, 141, 140, 143, 143, 142, 140, 139,
    137, 139, 139, 142, 149, 163, 169, 178, 189, 197, 208, 219, 227, 233,
    237, 240, 242, 246, 250, 251, 251, 254, 258, 257 ]
RHandPositionsX: [ 214, 210, 211, 212, 213, 211, 211, 214, 214, 211, 213,
    210, 211, 212, 213, 213, 211, 213, 210, 209, 210, 212, 208, 211, 209,
    208, 209, 209, 210, 208, 208, 206, 210, 208, 206, 206, 209, 210, 207,
    210, 210, 207, 208, 206, 206, 209, 206, 210, 209, 206, 207, 208, 210,
    208, 207, 209, 209, 206, 209, 207, 209, 206, 209, 209, 208, 206, 210,
    207, 207, 207, 206, 206, 208, 210, 206, 209, 209, 207, 209, 210, 209,
    207, 207, 208, 210, 209, 209, 209, 212, 210, 213 ]
RHandPositionsY: [ 265, 266, 264, 263, 265, 266, 264, 262, 263, 263, 263,
    264, 266, 263, 263, 264, 265, 266, 263, 266, 263, 263, 263, 262, 265,
    263, 266, 264, 265, 262, 266, 264, 264, 265, 265, 264, 265, 263, 264,
    265, 265, 263, 263, 261, 261, 265, 261, 264, 263, 264, 264, 264, 265,
    265, 263, 261, 263, 264, 264, 265, 261, 265, 265, 262, 261, 261, 265,
    261, 263, 261, 261, 264, 264, 263, 265, 264, 261, 262, 265, 262, 264,
    261, 265, 261, 263, 264, 262, 263, 263, 265, 264 ]
