%YAML:1.0
---
videoName: "LHShake06.mp4"
gestureLabel: 2
fps: 29
pixelSizeInCmTemp: 3.3732394366197183e-01
faceCenterPointX: 250
faceCenterPointY: 80
LHandPositionsX: [ 382, 386, 387, 388, 384, 380, 377, 372, 371, 368, 373,
    384, 389, 391, 393, 393, 392, 385, 377, 374, 378, 376, 388, 387, 392,
    394, 391, 387, 385, 380, 379, 382, 383, 387, 389, 389, 388, 383, 383,
    382, 380, 381, 386, 391, 389, 392, 386, 382, 380, 381, 380, 385, 387,
    392, 397, 399, 396, 395, 393, 386, 378, 369, 362, 357, 355, 348, 337,
    326, 320, 314, 307, 305, 303, 303, 301, 301, 303, 299, 302, 300, 299,
    302, 300, 302, 301, 300, 298, 299 ]
LHandPositionsY: [ 152, 147, 142, 140, 139, 136, 135, 136, 137, 136, 131,
    128, 128, 127, 129, 129, 128, 133, 132, 136, 136, 135, 133, 130, 129,
    128, 127, 128, 126, 127, 131, 129, 126, 125, 124, 126, 126, 128, 129,
    126, 125, 128, 126, 126, 125, 124, 125, 126, 125, 127, 124, 128, 126,
    122, 123, 124, 123, 122, 124, 126, 134, 138, 144, 150, 161, 172, 191,
    205, 212, 224, 229, 235, 237, 239, 243, 248, 250, 253, 249, 254, 254,
    251, 256, 256, 254, 255, 257, 254 ]
RHandPositionsX: [ 211, 212, 212, 211, 213, 212, 212, 211, 212, 211, 213,
    212, 210, 209, 209, 212, 209, 212, 211, 210, 211, 210, 212, 211, 209,
    212, 213, 212, 213, 212, 212, 211, 208, 212, 210, 211, 208, 211, 208,
    210, 210, 212, 211, 210, 210, 207, 208, 207, 208, 209, 210, 207, 210,
    208, 208, 209, 211, 209, 211, 209, 207, 209, 210, 211, 207, 211, 208,
    211, 208, 209, 208, 210, 210, 208, 211, 210, 212, 210, 211, 212, 209,
    208, 209, 210, 209, 212, 211, 209 ]
RHandPositionsY: [ 271, 270, 271, 267, 268, 267, 271, 268, 269, 268, 269,
    268, 269, 270, 269, 266, 268, 267, 266, 268, 267, 269, 266, 266, 267,
    268, 268, 266, 266, 267, 268, 268, 267, 265, 266, 267, 268, 269, 266,
    267, 265, 265, 265, 265, 269, 269, 268, 269, 266, 269, 269, 267, 269,
    266, 266, 270, 268, 269, 267, 265, 268, 266, 268, 265, 269, 266, 267,
    269, 268, 268, 267, 268, 265, 265, 269, 269, 265, 269, 269, 267, 267,
    269, 266, 266, 267, 265, 266, 265 ]
