%YAML:1.0
---
videoName: "LHShake08.mp4"
gestureLabel: 2
fps: 29
pixelSizeInCmTemp: 3.4710144927536229e-01
faceCenterPointX: 261
faceCenterPointY: 69
LHandPositionsX: [ 338, 343, 345, 346, 350, 344, 355, 363, 367, 370, 372,
    371, 376, 366, 356, 348, 338, 340, 340, 341, 350, 360, 370, 366, 360,
    362, 360, 354, 346, 336, 339, 336, 343, 349, 357, 366, 365, 367, 369,
    362, 352, 345, 336, 338, 338, 335, 339, 349, 358, 359, 356, 359, 354,
    353, 344, 343, 344, 342, 342, 346, 354, 362, 371, 371, 368, 370, 364,
    356, 352, 344, 339, 336, 334, 329, 333, 335, 336, 335, 334, 336, 336,
    338, 338, 337, 339, 339, 337, 336 ]
LHandPositionsY: [ 266, 268, 264, 255, 248, 236, 219, 200, 184, 173, 161,
    153, 145, 143, 147, 146, 149, 150, 151, 150, 149, 145, 137, 137, 138,
    140, 143, 144, 149, 156, 150, 153, 152, 152, 150, 146, 150, 146, 146,
    148, 152, 156, 159, 161, 162, 161, 159, 157, 155, 154, 157, 154, 152,
    153, 159, 160, 160, 161, 161, 158, 155, 149, 144, 148, 145, 146, 150,
    152, 159, 166, 174, 185, 197, 209, 220, 234, 246, 246, 247, 252, 256,
    254, 253, 256, 254, 259, 257, 254 ]
RHandPositionsX: [ 173, 172, 175, 173, 172, 173, 173, 176, 172, 173, 175,
    175, 176, 174, 173, 173, 175, 172, 174, 173, 173, 172, 172, 172, 173,
    174, 172, 172, 176, 176, 172, 173, 177, 176, 174, 174, 174, 177, 177,
    178, 178, 174, 176, 175, 178, 175, 176, 177, 177, 175, 178, 178, 174,
    176, 175, 175, 174, 178, 175, 176, 174, 174, 178, 176, 177, 176, 178,
    178, 176, 174, 175, 174, 175, 174, 175, 176, 178, 177, 178, 177, 178,
    174, 174, 177, 175, 178, 175, 174 ]
RHandPositionsY: [ 277, 275, 274, 273, 276, 274, 277, 273, 274, 277, 276,
    276, 277, 277, 274, 274, 275, 275, 273, 274, 275, 274, 273, 276, 274,
    274, 273, 274, 277, 273, 274, 277, 277, 274, 274, 273, 276, 273, 276,
    274, 277, 276, 275, 276, 276, 273, 274, 275, 276, 277, 274, 276, 276,
    277, 274, 277, 276, 273, 277, 273, 274, 277, 275, 277, 273, 276, 277,
    276, 276, 276, 276, 276, 274, 274, 277, 277, 277, 275, 276, 276, 273,
    277, 276, 274, 276, 275, 274, 276 ]
