%YAML:1.0
---
videoName: "LHShake16.mp4"
gestureLabel: 2
fps: 30
pixelSizeInCmTemp: 3.3732394366197183e-01
faceCenterPointX: 247
faceCenterPointY: 66
LHandPositionsX: [ 325, 324, 323, 326, 328, 335, 346, 354, 365, 373, 382,
    395, 405, 410, 404, 404, 401, 390, 377, 365, 357, 357, 363, 372, 380,
    397, 396, 392, 388, 385, 372, 370, 368, 369, 370, 380, 388, 390, 401,
    395, 383, 374, 365, 365, 364, 368, 376, 383, 397, 405, 396, 383, 370,
    364, 364, 360, 364, 369, 373, 394, 389, 382, 386, 380, 372, 365, 356,
    351, 343, 335, 336, 331, 330, 330, 330, 329, 330, 331, 331, 328, 329,
    326, 328, 328, 325, 326, 324, 327, 325, 328, 327 ]
LHandPositionsY: [ 252, 256, 254, 253, 252, 247, 236, 223, 207, 196, 183,
    169, 152, 147, 142, 136, 125, 118, 116, 114, 120, 118, 127, 114, 114,
    115, 116, 120, 117, 117, 119, 131, 128, 132, 126, 120, 117, 120, 118,
    117, 115, 125, 132, 133, 134, 138, 129, 124, 125, 123, 120, 132, 135,
    144, 142, 147, 148, 142, 132, 127, 128, 128, 124, 131, 143, 152, 160,
    172, 181, 196, 205, 213, 226, 226, 229, 235, 235, 239, 237, 237, 242,
    243, 243, 241, 242, 245, 244, 241, 242, 244, 245 ]
RHandPositionsX: [ 178, 179, 175, 179, 177, 178, 175, 177, 179, 178, 175,
    177, 178, 175, 179, 178, 175, 177, 176, 175, 175, 175, 177, 175, 179,
    176, 179, 177, 179, 176, 179, 179, 176, 175, 175, 177, 175, 177, 178,
    179, 177, 177, 179, 177, 175, 176, 179, 177, 179, 179, 178, 179, 177,
    177, 176, 178, 178, 178, 177, 175, 179, 177, 179, 177, 176, 175, 178,
    178, 176, 179, 176, 177, 179, 179, 175, 178, 177, 176, 177, 177, 176,
    176, 178, 178, 175, 176, 175, 178, 178, 178, 177 ]
RHandPositionsY: [ 259, 258, 261, 262, 261, 260, 262, 258, 260, 262, 259,
    258, 259, 260, 262, 259, 260, 260, 261, 260, 262, 262, 261, 260, 258,
    262, 261, 260, 261, 261, 259, 258, 262, 259, 259, 262, 262, 259, 262,
    258, 262, 262, 261, 260, 261, 261, 259, 259, 262, 261, 258, 262, 261,
    260, 260, 261, 259, 261, 258, 259, 258, 260, 258, 258, 260, 262, 262,
    259, 262, 261, 262, 262, 258, 261, 262, 259, 262, 258, 261, 258, 259,
    262, 260, 261, 262, 258, 259, 260, 262, 259, 262 ]
