%YAML:1.0
---
videoName: "LHShake09.mp4"
gestureLabel: 2
fps: 29
pixelSizeInCmTemp: 3.3263888888888887e-01
faceCenterPointX: 259
faceCenterPointY: 67
LHandPositionsX: [ 338, 340, 338, 338, 341, 344, 349, 352, 350, 356, 357,
    366, 370, 366, 367, 365, 359, 352, 343, 333, 332, 334, 328, 330, 339,
    349, 350, 351, 349, 347, 354, 349, 340, 339, 336, 338, 340, 346, 351,
    361, 367, 362, 366, 363, 356, 347, 338, 337, 338, 333, 339, 344, 352,
    353, 355, 353, 354, 349, 340, 335, 334, 338, 336, 338, 344, 351, 356,
    354, 352, 352, 347, 341, 337, 329, 325, 318, 319, 320, 320, 326, 328,
    328, 332, 330, 335, 335, 334, 331 ]
LHandPositionsY: [ 274, 275, 274, 273, 271, 269, 267, 254, 249, 238, 232,
    218, 202, 198, 182, 176, 167, 161, 159, 157, 156, 160, 157, 152, 150,
    152, 146, 145, 148, 145, 150, 153, 152, 152, 152, 156, 152, 155, 153,
    152, 155, 151, 154, 153, 157, 153, 155, 155, 157, 155, 156, 156, 154,
    150, 150, 153, 149, 150, 152, 152, 154, 153, 153, 152, 151, 154, 152,
    150, 152, 148, 152, 154, 162, 171, 180, 193, 208, 222, 233, 243, 244,
    246, 252, 252, 256, 259, 261, 260 ]
RHandPositionsX: [ 177, 179, 176, 180, 178, 176, 178, 179, 178, 180, 180,
    177, 179, 178, 180, 176, 176, 177, 176, 177, 176, 177, 180, 176, 179,
    176, 179, 177, 178, 180, 177, 178, 178, 178, 176, 178, 178, 180, 178,
    177, 179, 178, 177, 180, 179, 177, 177, 180, 179, 176, 179, 177, 180,
    176, 176, 178, 177, 180, 177, 180, 177, 177, 178, 176, 178, 178, 177,
    178, 178, 178, 178, 177, 178, 178, 176, 178, 178, 178, 177, 180, 179,
    176, 177, 177, 179, 178, 177, 179 ]
RHandPositionsY: [ 278, 277, 276, 277, 275, 277, 278, 278, 278, 275, 278,
    277, 279, 277, 275, 277, 279, 276, 275, 277, 275, 275, 278, 278, 278,
    277, 278, 276, 275, 277, 276, 277, 278, 275, 275, 279, 277, 276, 278,
    278, 277, 276, 278, 277, 275, 278, 278, 277, 279, 278, 278, 276, 276,
    276, 275, 279, 279, 277, 278, 275, 278, 276, 279, 278, 276, 278, 279,
    278, 276, 275, 277, 275, 278, 275, 275, 279, 278, 276, 279, 278, 276,
    279, 275, 275, 275, 276, 279, 278 ]
