%YAML:1.0
---
videoName: "LHShake22.mp4"
gestureLabel: 2
fps: 29
pixelSizeInCmTemp: 3.5220588235294115e-01
faceCenterPointX: 261
faceCenterPointY: 79
LHandPositionsX: [ 335, 344, 349, 353, 357, 356, 356, 353, 348, 336, 327,
    320, 319, 321, 321, 321, 332, 338, 347, 345, 342, 345, 335, 329, 321,
    324, 323, 324, 331, 340, 345, 340, 342, 337, 332, 323, 316, 318, 321,
    322, 327, 334, 338, 336, 337, 328, 325, 322, 320, 322, 321, 327, 335,
    343, 344, 345, 340, 336, 325, 318, 318, 318, 317, 323, 328, 339, 334,
    337, 336, 329, 327, 322, 322, 319, 321, 322, 321, 326, 325, 325, 323,
    327, 327, 324, 327, 326, 326, 326 ]
LHandPositionsY: [ 259, 252, 244, 239, 236, 221, 207, 205, 194, 186, 184,
    183, 184, 187, 180, 181, 177, 178, 171, 173, 173, 169, 174, 174, 180,
    179, 177, 176, 174, 172, 170, 173, 173, 173, 175, 181, 185, 183, 182,
    183, 178, 175, 174, 176, 176, 175, 180, 180, 183, 180, 179, 182, 180,
    174, 178, 174, 176, 179, 180, 180, 183, 184, 179, 179, 177, 180, 176,
    178, 182, 189, 195, 200, 208, 221, 229, 239, 240, 246, 247, 249, 248,
    250, 247, 248, 251, 251, 250, 248 ]
RHandPositionsX: [ 192, 191, 189, 189, 191, 192, 193, 193, 189, 192, 193,
    189, 190, 190, 189, 189, 193, 190, 192, 190, 191, 193, 189, 189, 190,
    192, 190, 191, 189, 193, 192, 193, 190, 191, 190, 191, 193, 189, 192,
    193, 192, 192, 189, 192, 193, 190, 191, 191, 192, 191, 193, 189, 192,
    193, 192, 193, 193, 192, 192, 193, 190, 190, 191, 190, 192, 192, 192,
    192, 190, 189, 193, 193, 192, 192, 192, 193, 189, 190, 193, 190, 189,
    190, 191, 192, 189, 193, 193, 191 ]
RHandPositionsY: [ 270, 269, 270, 267, 267, 267, 266, 266, 268, 269, 266,
    267, 266, 268, 270, 267, 267, 269, 266, 267, 268, 268, 269, 267, 267,
    269, 268, 267, 268, 268, 268, 267, 270, 268, 267, 267, 268, 266, 269,
    270, 269, 268, 270, 269, 266, 267, 269, 266, 266, 270, 269, 266, 267,
    270, 266, 269, 268, 270, 267, 268, 267, 269, 267, 269, 266, 268, 266,
    268, 267, 269, 268, 266, 266, 267, 270, 267, 267, 269, 267, 266, 269,
    269, 266, 268, 267, 266, 267, 268 ]
