%YAML:1.0
---
videoName: "LHShake10.mp4"
gestureLabel: 2
fps: 29
pixelSizeInCmTemp: 3.4214285714285714e-01
faceCenterPointX: 253
faceCenterPointY: 65
LHandPositionsX: [ 335, 335, 335, 336, 336, 339, 343, 346, 353, 359, 368,
    376, 385, 391, 397, 394, 393, 384, 377, 365, 354, 353, 352, 353, 359,
    371, 381, 390, 389, 390, 390, 386, 374, 365, 357, 357, 359, 366, 367,
    371, 375, 373, 370, 369, 368, 361, 351, 347, 346, 344, 348, 355, 361,
    370, 379, 380, 381, 376, 365, 357, 351, 348, 352, 348, 357, 365, 374,
    379, 379, 376, 376, 371, 368, 360, 353, 347, 343, 343, 340, 336, 335,
    337, 337, 336, 333, 333, 335, 335 ]
LHandPositionsY: [ 269, 270, 272, 268, 268, 271, 269, 261, 253, 238, 224,
    210, 195, 177, 169, 154, 141, 135, 133, 140, 143, 149, 148, 147, 147,
    150, 136, 138, 139, 139, 140, 145, 150, 149, 149, 150, 151, 148, 137,
    131, 135, 135, 133, 133, 130, 131, 139, 144, 143, 144, 144, 144, 140,
    141, 139, 143, 142, 145, 147, 149, 152, 154, 151, 150, 150, 149, 149,
    145, 146, 145, 151, 155, 158, 165, 172, 184, 192, 205, 219, 231, 242,
    253, 255, 258, 257, 258, 259, 260 ]
RHandPositionsX: [ 175, 174, 172, 174, 176, 176, 173, 173, 175, 176, 172,
    174, 172, 176, 172, 173, 172, 173, 171, 173, 173, 171, 174, 174, 173,
    171, 172, 173, 172, 173, 174, 172, 172, 174, 175, 171, 174, 172, 173,
    173, 174, 173, 171, 173, 174, 175, 173, 171, 175, 174, 171, 171, 172,
    171, 175, 171, 174, 172, 175, 172, 174, 173, 171, 172, 174, 175, 172,
    173, 171, 175, 172, 172, 171, 173, 172, 171, 175, 172, 172, 173, 174,
    173, 171, 171, 175, 171, 175, 172 ]
RHandPositionsY: [ 278, 277, 274, 275, 276, 274, 274, 276, 275, 274, 277,
    276, 274, 277, 275, 276, 276, 278, 278, 274, 274, 277, 276, 276, 275,
    278, 275, 277, 275, 277, 277, 274, 275, 275, 275, 274, 278, 275, 274,
    275, 277, 278, 277, 276, 278, 274, 277, 276, 274, 276, 277, 275, 274,
    276, 274, 278, 274, 275, 278, 278, 274, 278, 277, 278, 276, 275, 277,
    277, 278, 278, 274, 276, 274, 278, 277, 274, 278, 275, 276, 274, 274,
    276, 274, 276, 276, 276, 275, 277 ]
