%YAML:1.0
---
videoName: "LHShake01.mp4"
gestureLabel: 2
fps: 29
pixelSizeInCmTemp: 3.4214285714285714e-01
faceCenterPointX: 252
faceCenterPointY: 84
LHandPositionsX: [ 363, 367, 366, 364, 361, 353, 346, 342, 335, 334, 332,
    333, 340, 345, 351, 352, 355, 354, 353, 349, 342, 339, 339, 338, 336,
    337, 343, 349, 352, 351, 349, 348, 343, 342, 338, 335, 332, 336, 338,
    340, 344, 347, 349, 351, 348, 344, 345, 340, 337, 334, 331, 334, 335,
    341, 344, 351, 350, 347, 349, 346, 345, 343, 340, 332, 328, 327, 330,
    335, 334, 329, 332, 332, 335, 341, 343, 341, 343, 345, 347, 348, 347,
    350, 347, 348, 351, 350, 352, 348 ]
LHandPositionsY: [ 144, 137, 130, 125, 122, 118, 118, 117, 119, 122, 123,
    122, 120, 115, 111, 112, 108, 106, 110, 111, 110, 110, 111, 112, 114,
    112, 110, 107, 108, 108, 107, 108, 109, 109, 109, 117, 114, 113, 110,
    110, 111, 108, 108, 104, 104, 108, 108, 109, 110, 109, 111, 111, 107,
    104, 102, 103, 101, 104, 104, 105, 103, 106, 109, 124, 134, 141, 149,
    163, 165, 163, 171, 184, 192, 199, 208, 215, 219, 220, 223, 222, 224,
    228, 226, 230, 231, 229, 229, 229 ]
RHandPositionsX: [ 153, 153, 157, 156, 156, 156, 155, 153, 154, 156, 155,
    153, 155, 157, 157, 157, 156, 157, 156, 155, 157, 157, 157, 153, 156,
    156, 157, 154, 153, 156, 155, 157, 153, 153, 155, 153, 154, 153, 154,
    155, 156, 156, 157, 154, 156, 153, 154, 157, 154, 155, 154, 154, 153,
    153, 153, 157, 157, 155, 154, 155, 156, 156, 155, 153, 154, 156, 157,
    154, 154, 155, 153, 157, 157, 154, 157, 155, 154, 154, 154, 156, 156,
    157, 155, 154, 157, 154, 154, 157 ]
RHandPositionsY: [ 269, 269, 270, 270, 268, 267, 270, 267, 267, 267, 266,
    266, 267, 264, 267, 267, 267, 264, 264, 267, 263, 266, 264, 264, 264,
    265, 264, 261, 264, 264, 262, 263, 261, 261, 260, 260, 263, 262, 261,
    260, 262, 264, 263, 261, 260, 263, 261, 260, 260, 259, 259, 263, 262,
    259, 261, 263, 262, 260, 259, 260, 259, 261, 260, 261, 262, 262, 259,
    261, 262, 262, 259, 259, 259, 260, 262, 262, 259, 261, 259, 259, 262,
    260, 263, 259, 261, 263, 259, 260 ]
