%YAML:1.0
---
videoName: "LHShake12.mp4"
gestureLabel: 2
fps: 29
pixelSizeInCmTemp: 3.3263888888888887e-01
faceCenterPointX: 259
faceCenterPointY: 64
LHandPositionsX: [ 367, 358, 346, 349, 344, 346, 352, 362, 375, 383, 381,
    382, 377, 365, 355, 344, 347, 347, 349, 353, 366, 375, 376, 377, 377,
    373, 360, 347, 341, 342, 337, 341, 349, 360, 372, 370, 369, 374, 370,
    357, 349, 341, 344, 341, 344, 353, 365, 370, 365, 369, 366, 360, 347,
    342, 342, 337, 339, 348, 358, 367, 369, 370, 370, 361, 353, 342, 336,
    329, 324, 316, 314, 319, 319, 323, 331, 330, 333, 335, 336, 334, 334,
    335, 336, 336, 337, 335, 337, 337 ]
LHandPositionsY: [ 168, 163, 161, 162, 162, 160, 157, 154, 153, 151, 150,
    153, 153, 154, 154, 158, 159, 159, 157, 153, 151, 146, 145, 149, 145,
    142, 145, 147, 151, 154, 154, 152, 148, 149, 147, 147, 149, 144, 148,
    151, 150, 157, 157, 156, 156, 154, 150, 151, 151, 148, 148, 154, 151,
    155, 156, 157, 156, 154, 148, 144, 145, 145, 144, 145, 147, 153, 161,
    169, 179, 186, 195, 208, 228, 235, 244, 245, 250, 250, 254, 257, 257,
    258, 258, 255, 256, 255, 256, 256 ]
RHandPositionsX: [ 175, 175, 178, 177, 175, 177, 175, 177, 178, 178, 178,
    177, 174, 175, 177, 178, 176, 178, 174, 176, 176, 175, 176, 176, 175,
    174, 176, 177, 174, 174, 176, 174, 175, 178, 177, 177, 176, 174, 177,
    176, 177, 178, 174, 178, 177, 174, 177, 175, 176, 176, 174, 174, 174,
    175, 174, 178, 177, 177, 176, 174, 176, 174, 178, 174, 176, 177, 176,
    177, 175, 175, 174, 178, 178, 174, 177, 177, 177, 176, 177, 178, 176,
    176, 176, 175, 174, 176, 177, 178 ]
RHandPositionsY: [ 272, 274, 273, 272, 273, 271, 271, 274, 271, 275, 272,
    275, 275, 274, 272, 274, 273, 275, 271, 275, 272, 274, 271, 274, 272,
    275, 271, 273, 272, 272, 271, 275, 274, 273, 274, 274, 275, 272, 273,
    275, 275, 272, 274, 271, 271, 272, 272, 271, 271, 272, 273, 274, 273,
    271, 275, 272, 271, 272, 272, 275, 272, 274, 274, 272, 271, 273, 274,
    273, 272, 275, 272, 275, 274, 275, 273, 272, 275, 273, 272, 273, 275,
    273, 271, 272, 272, 275, 273, 274 ]
