%YAML:1.0
---
videoName: "LHShake10.mp4"
gestureLabel: 2
fps: 29
pixelSizeInCmTemp: 3.4214285714285714e-01
faceCenterPointX: 253
faceCenterPointY: 65
LHandPositionsX: [ 337, 338, 335, 337, 334, 338, 344, 347, 354, 357, 366,
    378, 384, 389, 397, 395, 396, 383, 375, 367, 355, 353, 350, 352, 359,
    368, 379, 389, 390, 390, 391, 384, 376, 365, 355, 356, 360, 363, 368,
    371, 371, 371, 373, 369, 368, 364, 355, 344, 345, 345, 348, 352, 359,
    373, 383, 381, 378, 376, 363, 354, 350, 350, 348, 348, 356, 364, 375,
    383, 377, 378, 376, 371, 368, 364, 354, 349, 345, 341, 340, 336, 333,
    336, 337, 336, 335, 336, 337, 333 ]
LHandPositionsY: [ 268, 268, 270, 269, 268, 269, 268, 260, 250, 240, 223,
    210, 194, 178, 168, 156, 140, 138, 136, 138, 143, 150, 147, 147, 151,
    150, 138, 139, 142, 140, 144, 143, 146, 151, 152, 150, 149, 147, 137,
    134, 133, 134, 131, 134, 130, 131, 139, 141, 145, 146, 146, 147, 141,
    141, 141, 143, 144, 144, 144, 147, 150, 152, 154, 149, 151, 150, 149,
    148, 148, 145, 151, 155, 160, 165, 171, 181, 192, 205, 221, 231, 244,
    255, 254, 257, 258, 256, 260, 259 ]
RHandPositionsX: [ 174, 176, 176, 172, 172, 172, 174, 173, 176, 173, 176,
    173, 176, 175, 173, 176, 173, 173, 171, 172, 171, 173, 174, 173, 175,
    173, 174, 171, 171, 174, 173, 171, 172, 171, 174, 175, 175, 174, 175,
    174, 174, 172, 175, 175, 173, 173, 173, 173, 172, 175, 174, 175, 174,
    175, 175, 175, 171, 174, 171, 175, 175, 172, 173, 171, 171, 171, 173,
    174, 171, 171, 175, 173, 173, 175, 173, 175, 172, 173, 174, 175, 173,
    172, 175, 172, 175, 173, 171, 175 ]
RHandPositionsY: [ 278, 278, 275, 275, 276, 276, 275, 278, 278, 277, 277,
    275, 277, 276, 274, 275, 278, 278, 276, 278, 274, 274, 274, 276, 274,
    275, 278, 278, 276, 274, 274, 274, 275, 278, 277, 274, 277, 275, 277,
    275, 275, 277, 274, 275, 277, 275, 275, 274, 274, 277, 277, 277, 277,
    275, 278, 277, 274, 274, 278, 278, 276, 275, 274, 278, 275, 278, 275,
    277, 278, 278, 276, 277, 276, 278, 276, 277, 276, 274, 278, 278, 276,
    275, 276, 277, 278, 277, 277, 276 ]
