%YAML:1.0
---
videoName: "LHShake10.mp4"
gestureLabel: 2
fps: 29
pixelSizeInCmTemp: 3.4214285714285714e-01
faceCenterPointX: 253
faceCenterPointY: 65
LHandPositionsX: [ 335, 336, 335, 335, 338, 340, 341, 347, 352, 358, 366,
    378, 385, 392, 395, 393, 394, 384, 374, 363, 357, 353, 353, 355, 359,
    369, 379, 390, 391, 390, 392, 386, 377, 366, 358, 358, 361, 363, 369,
    374, 374, 372, 370, 368, 369, 361, 355, 345, 342, 343, 348, 353, 359,
    373, 379, 380, 382, 373, 363, 355, 351, 352, 351, 351, 354, 366, 376,
    382, 376, 377, 375, 374, 366, 364, 354, 349, 346, 341, 337, 335, 335,
    335, 334, 336, 334, 335, 333, 335 ]
LHandPositionsY: [ 269, 270, 272, 268, 272, 272, 268, 261, 250, 239, 226,
    207, 192, 178, 165, 155, 143, 136, 135, 140, 145, 148, 145, 150, 149,
    150, 136, 142, 139, 140, 144, 143, 148, 148, 150, 151, 149, 148, 139,
    133, 133, 134, 131, 133, 130, 130, 136, 145, 141, 143, 145, 146, 141,
    143, 140, 140, 144, 142, 145, 149, 153, 152, 154, 153, 151, 152, 147,
    146, 146, 148, 148, 152, 159, 167, 172, 182, 194, 206, 221, 233, 246,
    251, 255, 257, 256, 255, 257, 261 ]
RHandPositionsX: [ 172, 175, 176, 173, 174, 176, 175, 172, 172, 172, 176,
    175, 172, 173, 176, 173, 175, 174, 173, 173, 174, 174, 172, 172, 173,
    175, 174, 174, 174, 174, 174, 175, 174, 174, 172, 175, 171, 175, 173,
    174, 171, 174, 171, 171, 171, 171, 174, 172, 171, 172, 175, 173, 174,
    172, 172, 174, 175, 173, 171, 173, 171, 172, 171, 172, 174, 172, 175,
    174, 171, 171, 172, 173, 173, 171, 173, 175, 175, 172, 173, 175, 174,
    174, 171, 171, 175, 172, 172, 172 ]
RHandPositionsY: [ 275, 278, 276, 277, 278, 274, 276, 274, 274, 274, 275,
    276, 278, 276, 276, 278, 276, 274, 275, 278, 274, 274, 275, 276, 275,
    274, 275, 278, 276, 275, 274, 274, 276, 278, 277, 278, 277, 274, 277,
    277, 276, 276, 274, 275, 276, 276, 275, 275, 278, 277, 276, 277, 277,
    278, 278, 278, 278, 274, 278, 275, 277, 276, 278, 275, 274, 274, 276,
    276, 278, 276, 276, 274, 274, 278, 275, 275, 277, 274, 274, 278, 275,
    274, 275, 274, 278, 274, 278, 277 ]
