%YAML:1.0
---
videoName: "LHShake07.mp4"
gestureLabel: 2
fps: 29
pixelSizeInCmTemp: 3.3732394366197183e-01
faceCenterPointX: 265
faceCenterPointY: 78
LHandPositionsX: [ 347, 346, 350, 355, 364, 371, 376, 385, 388, 395, 392,
    391, 386, 374, 356, 349, 342, 342, 339, 342, 347, 361, 367, 367, 366,
    366, 359, 343, 341, 344, 343, 349, 355, 359, 368, 367, 365, 363, 362,
    349, 344, 346, 346, 351, 358, 359, 361, 360, 365, 361, 337, 328, 335,
    333, 344, 354, 367, 375, 372, 379, 372, 365, 358, 347, 341, 336, 337,
    335, 333, 337, 337, 344, 342, 342, 343, 343, 341, 343, 344, 344, 342,
    344, 341, 340, 340, 341, 340, 340 ]
LHandPositionsY: [ 278, 277, 273, 269, 256, 250, 237, 219, 201, 191, 175,
    162, 152, 141, 141, 142, 145, 146, 145, 144, 140, 139, 137, 139, 135,
    135, 134, 137, 143, 140, 138, 134, 133, 132, 124, 122, 130, 130, 132,
    137, 146, 145, 145, 143, 136, 137, 140, 136, 132, 131, 138, 148, 146,
    136, 134, 130, 130, 133, 132, 130, 134, 139, 148, 156, 169, 179, 192,
    204, 217, 233, 243, 251, 252, 256, 256, 262, 263, 263, 265, 263, 268,
    267, 265, 268, 268, 268, 268, 266 ]
RHandPositionsX: [ 185, 181, 182, 183, 183, 185, 182, 182, 183, 181, 182,
    182, 183, 181, 183, 183, 181, 184, 181, 185, 183, 182, 185, 182, 182,
    184, 183, 182, 182, 185, 184, 183, 185, 184, 183, 183, 182, 182, 183,
    184, 181, 181, 181, 181, 184, 183, 182, 184, 182, 182, 181, 181, 181,
    183, 182, 183, 181, 184, 181, 183, 181, 182, 184, 184, 182, 185, 182,
    181, 185, 185, 182, 181, 185, 182, 184, 184, 181, 184, 182, 183, 183,
    184, 184, 182, 183, 181, 185, 184 ]
RHandPositionsY: [ 278, 279, 279, 276, 279, 279, 277, 280, 278, 276, 276,
    277, 276, 276, 279, 277, 278, 276, 278, 278, 278, 277, 277, 276, 276,
    276, 276, 280, 277, 276, 278, 277, 278, 280, 280, 277, 278, 277, 280,
    280, 279, 277, 280, 279, 280, 277, 280, 278, 277, 277, 277, 279, 276,
    277, 279, 278, 279, 278, 280, 278, 278, 279, 276, 278, 277, 279, 277,
    278, 279, 279, 279, 280, 276, 278, 280, 277, 280, 280, 276, 276, 280,
    279, 278, 278, 278, 276, 276, 279 ]
