%YAML:1.0
---
videoName: "LHShake01.mp4"
gestureLabel: 2
fps: 29
pixelSizeInCmTemp: 3.4214285714285714e-01
faceCenterPointX: 252
faceCenterPointY: 84
LHandPositionsX: [ 366, 367, 365, 364, 358, 356, 349, 340, 335, 334, 332,
    334, 340, 345, 351, 355, 355, 356, 354, 349, 344, 341, 340, 338, 336,
    337, 343, 349, 352, 348, 349, 350, 346, 342, 340, 332, 332, 332, 336,
    342, 342, 346, 346, 348, 349, 344, 342, 341, 337, 336, 332, 333, 337,
    341, 345, 349, 350, 348, 350, 350, 344, 342, 340, 333, 327, 327, 329,
    335, 331, 329, 332, 335, 334, 341, 339, 345, 346, 344, 345, 349, 348,
    351, 348, 352, 352, 348, 351, 350 ]
LHandPositionsY: [ 146, 139, 130, 129, 122, 120, 120, 117, 120, 121, 122,
    122, 123, 117, 111, 111, 109, 107, 107, 112, 109, 110, 115, 114, 113,
    114, 109, 110, 107, 107, 106, 108, 106, 106, 113, 116, 112, 112, 113,
    109, 110, 105, 106, 102, 105, 109, 106, 105, 108, 110, 111, 108, 108,
    105, 104, 103, 102, 104, 104, 104, 106, 103, 108, 122, 135, 140, 153,
    163, 162, 161, 173, 181, 189, 198, 205, 213, 223, 220, 224, 222, 228,
    228, 227, 228, 231, 232, 231, 231 ]
RHandPositionsX: [ 155, 155, 154, 156, 154, 155, 154, 154, 155, 154, 157,
    156, 154, 155, 153, 156, 155, 153, 155, 156, 153, 155, 153, 156, 153,
    157, 154, 156, 157, 154, 153, 157, 154, 153, 153, 154, 154, 155, 156,
    154, 154, 155, 156, 157, 154, 157, 156, 155, 155, 155, 153, 155, 156,
    153, 154, 155, 156, 155, 153, 156, 154, 156, 153, 156, 157, 153, 157,
    156, 153, 157, 154, 157, 156, 155, 155, 153, 157, 157, 154, 156, 156,
    156, 154, 155, 154, 156, 154, 153 ]
RHandPositionsY: [ 269, 270, 267, 271, 270, 270, 268, 268, 269, 268, 267,
    266, 268, 267, 267, 264, 264, 265, 263, 267, 263, 265, 263, 264, 266,
    261, 261, 263, 265, 264, 261, 262, 263, 261, 262, 261, 260, 263, 264,
    264, 261, 261, 262, 264, 260, 262, 259, 260, 263, 259, 262, 261, 261,
    262, 259, 259, 263, 263, 259, 263, 261, 263, 261, 260, 259, 259, 262,
    259, 260, 259, 259, 263, 261, 262, 262, 260, 262, 262, 259, 262, 261,
    259, 262, 260, 261, 262, 260, 259 ]
