%YAML:1.0
---
videoName: "LHShake02.mp4"
gestureLabel: 2
fps: 29
pixelSizeInCmTemp: 3.3263888888888887e-01
faceCenterPointX: 249
faceCenterPointY: 82
LHandPositionsX: [ 363, 360, 360, 368, 372, 380, 388, 387, 386, 387, 385,
    378, 371, 368, 363, 361, 364, 363, 371, 376, 385, 385, 382, 381, 374,
    368, 367, 364, 364, 362, 369, 368, 376, 378, 379, 380, 379, 376, 374,
    369, 364, 360, 357, 359, 359, 361, 367, 371, 372, 372, 371, 369, 364,
    361, 359, 356, 360, 365, 369, 370, 373, 371, 366, 363, 360, 354, 349,
    347, 347, 346, 344, 342, 341, 342, 342, 345, 343, 348, 348, 346, 350,
    349, 346, 350, 349, 347, 346, 347 ]
LHandPositionsY: [ 126, 119, 119, 116, 111, 109, 111, 112, 110, 109, 109,
    111, 111, 115, 116, 115, 113, 112, 108, 106, 102, 100, 102, 102, 103,
    107, 110, 109, 111, 106, 104, 102, 102, 99, 97, 96, 95, 97, 99, 95,
    101, 100, 103, 104, 102, 105, 100, 101, 100, 102, 104, 105, 109, 107,
    110, 106, 105, 105, 104, 103, 105, 104, 104, 105, 122, 138, 149, 160,
    162, 168, 180, 184, 192, 197, 207, 209, 216, 222, 225, 227, 229, 229,
    230, 231, 234, 236, 235, 237 ]
RHandPositionsX: [ 153, 156, 153, 155, 157, 153, 154, 154, 156, 155, 156,
    155, 156, 154, 156, 156, 157, 156, 154, 154, 153, 157, 153, 153, 157,
    157, 153, 154, 156, 156, 157, 153, 156, 156, 156, 154, 157, 153, 154,
    157, 157, 154, 156, 156, 156, 155, 153, 157, 153, 157, 156, 157, 155,
    155, 156, 155, 157, 154, 156, 155, 155, 153, 155, 156, 153, 153, 157,
    157, 155, 157, 153, 156, 154, 153, 154, 156, 156, 155, 155, 157, 155,
    156, 157, 155, 154, 157, 157, 154 ]
RHandPositionsY: [ 261, 262, 262, 261, 263, 261, 260, 260, 263, 261, 260,
    261, 260, 259, 261, 258, 262, 258, 259, 258, 261, 259, 262, 262, 259,
    260, 262, 259, 259, 262, 258, 261, 260, 261, 262, 262, 261, 261, 258,
    262, 258, 259, 258, 262, 259, 260, 258, 259, 258, 262, 259, 260, 260,
    258, 260, 261, 258, 262, 260, 261, 260, 260, 259, 259, 260, 259, 261,
    259, 262, 258, 262, 259, 262, 261, 259, 262, 262, 262, 259, 262, 261,
    258, 258, 258, 262, 259, 261, 259 ]
