%YAML:1.0
---
videoName: "LHShake06.mp4"
gestureLabel: 2
fps: 29
pixelSizeInCmTemp: 3.3732394366197183e-01
faceCenterPointX: 250
faceCenterPointY: 80
LHandPositionsX: [ 381, 386, 387, 384, 382, 379, 374, 374, 372, 372, 373,
    384, 388, 390, 394, 393, 394, 388, 377, 376, 375, 379, 386, 387, 394,
    392, 389, 388, 382, 378, 380, 380, 384, 387, 391, 390, 387, 386, 379,
    379, 382, 384, 384, 388, 391, 392, 390, 384, 381, 378, 382, 384, 387,
    394, 394, 399, 396, 396, 393, 385, 378, 367, 362, 360, 355, 349, 335,
    329, 318, 314, 305, 309, 304, 305, 305, 301, 299, 299, 299, 300, 300,
    299, 299, 301, 301, 300, 301, 302 ]
LHandPositionsY: [ 150, 147, 142, 138, 138, 138, 135, 139, 135, 138, 131,
    127, 130, 129, 127, 127, 128, 132, 132, 134, 136, 134, 132, 131, 129,
    126, 127, 129, 128, 127, 131, 128, 126, 128, 126, 123, 124, 129, 129,
    125, 126, 125, 125, 123, 122, 124, 126, 127, 127, 127, 128, 127, 123,
    125, 120, 121, 123, 125, 125, 129, 131, 139, 145, 150, 161, 175, 191,
    205, 213, 222, 232, 236, 237, 242, 243, 246, 250, 253, 253, 250, 253,
    251, 254, 255, 253, 253, 254, 256 ]
RHandPositionsX: [ 214, 214, 211, 210, 213, 211, 212, 210, 213, 209, 209,
    212, 212, 211, 210, 213, 213, 211, 210, 209, 209, 211, 211, 213, 211,
    210, 213, 209, 212, 212, 208, 208, 212, 212, 208, 210, 208, 212, 209,
    210, 210, 211, 208, 210, 208, 210, 209, 208, 209, 208, 208, 208, 207,
    207, 207, 207, 207, 208, 208, 208, 208, 207, 207, 208, 209, 211, 207,
    211, 207, 209, 212, 208, 210, 210, 212, 208, 209, 210, 211, 212, 211,
    208, 212, 212, 212, 211, 212, 211 ]
RHandPositionsY: [ 270, 270, 270, 270, 270, 269, 271, 268, 267, 268, 270,
    268, 266, 267, 267, 267, 267, 266, 267, 269, 266, 269, 267, 267, 265,
    269, 265, 267, 268, 267, 269, 265, 265, 267, 266, 268, 269, 268, 265,
    268, 267, 265, 266, 266, 269, 266, 267, 267, 269, 265, 267, 267, 265,
    267, 269, 269, 268, 267, 266, 265, 268, 265, 266, 269, 267, 265, 268,
    267, 269, 267, 269, 266, 265, 266, 265, 269, 268, 265, 267, 265, 267,
    268, 266, 265, 269, 269, 266, 266 ]
