%YAML:1.0
---
videoName: "LHShake08.mp4"
gestureLabel: 2
fps: 29
pixelSizeInCmTemp: 3.4710144927536229e-01
faceCenterPointX: 261
faceCenterPointY: 69
LHandPositionsX: [ 341, 343, 346, 344, 351, 346, 356, 363, 370, 373, 376,
    373, 380, 365, 358, 345, 341, 340, 341, 345, 351, 356, 367, 365, 363,
    360, 359, 355, 343, 337, 341, 337, 341, 348, 356, 365, 367, 369, 369,
    364, 355, 346, 338, 338, 336, 337, 339, 347, 357, 357, 358, 358, 355,
    350, 344, 341, 341, 343, 345, 348, 355, 364, 371, 372, 372, 368, 366,
    358, 349, 343, 340, 337, 332, 329, 333, 333, 338, 337, 334, 338, 336,
    339, 339, 339, 336, 339, 335, 336 ]
LHandPositionsY: [ 268, 267, 262, 254, 252, 237, 220, 202, 185, 172, 164,
    154, 142, 145, 144, 148, 150, 150, 149, 151, 150, 146, 138, 139, 141,
    138, 141, 145, 146, 153, 150, 151, 156, 153, 150, 150, 147, 149, 147,
    149, 154, 156, 160, 160, 161, 163, 160, 157, 157, 157, 153, 156, 155,
    156, 162, 163, 158, 163, 163, 156, 156, 149, 144, 148, 145, 144, 150,
    153, 160, 168, 173, 183, 194, 207, 221, 233, 245, 246, 249, 252, 255,
    254, 256, 257, 254, 256, 258, 254 ]
RHandPositionsX: [ 174, 172, 175, 174, 173, 176, 176, 173, 172, 172, 172,
    174, 175, 174, 175, 173, 174, 173, 176, 176, 176, 174, 175, 175, 172,
    173, 172, 176, 175, 174, 172, 173, 174, 173, 176, 175, 175, 175, 174,
    177, 174, 177, 174, 177, 176, 176, 175, 177, 174, 178, 176, 177, 177,
    174, 176, 178, 174, 176, 176, 176, 178, 176, 176, 176, 175, 174, 174,
    175, 176, 174, 174, 176, 175, 175, 178, 175, 178, 177, 177, 178, 175,
    174, 176, 176, 177, 177, 176, 175 ]
RHandPositionsY: [ 275, 275, 275, 273, 277, 274, 274, 276, 275, 276, 274,
    277, 274, 273, 276, 273, 276, 273, 274, 276, 277, 273, 275, 275, 277,
    275, 275, 273, 274, 277, 277, 277, 276, 275, 275, 273, 274, 274, 277,
    276, 276, 275, 277, 276, 276, 277, 277, 276, 275, 275, 276, 276, 276,
    277, 277, 274, 276, 277, 273, 277, 277, 277, 274, 274, 276, 273, 275,
    275, 273, 273, 277, 276, 273, 275, 277, 275, 274, 274, 273, 273, 274,
    273, 277, 274, 273, 277, 277, 275 ]
