%YAML:1.0
---
videoName: "LHShake18.mp4"
gestureLabel: 2
fps: 29
pixelSizeInCmTemp: 3.4214285714285714e-01
faceCenterPointX: 253
faceCenterPointY: 65
LHandPositionsX: [ 314, 313, 315, 311, 312, 312, 313, 312, 313, 314, 312,
    313, 311, 315, 315, 314, 316, 315, 321, 325, 330, 336, 345, 347, 350,
    350, 340, 324, 315, 298, 300, 303, 309, 313, 311, 312, 311, 307, 297,
    291, 292, 302, 308, 312, 310, 309, 304, 296, 290, 284, 286, 295, 306,
    316, 311, 309, 305, 295, 284, 288, 292, 300, 307, 306, 308, 308, 305,
    296, 293, 298, 302, 307, 306, 308, 316, 310, 305, 306, 305, 307, 304,
    307, 307, 306, 308, 309, 309, 311 ]
LHandPositionsY: [ 247, 249, 246, 249, 249, 250, 249, 248, 248, 249, 250,
    249, 250, 249, 247, 247, 246, 250, 245, 236, 219, 204, 187, 177, 169,
    161, 155, 147, 145, 138, 138, 144, 141, 142, 139, 139, 143, 144, 144,
    140, 133, 142, 148, 146, 145, 144, 147, 148, 145, 141, 143, 149, 150,
    150, 148, 151, 153, 141, 145, 143, 152, 154, 155, 153, 154, 156, 159,
    146, 146, 153, 155, 152, 155, 153, 164, 165, 176, 186, 198, 209, 217,
    219, 218, 233, 236, 233, 234, 231 ]
RHandPositionsX: [ 197, 198, 196, 194, 197, 195, 198, 198, 199, 199, 198,
    196, 199, 199, 196, 198, 199, 197, 199, 198, 195, 196, 195, 199, 195,
    195, 195, 198, 194, 195, 195, 196, 197, 198, 199, 199, 199, 199, 197,
    196, 198, 199, 197, 196, 196, 199, 197, 200, 196, 198, 199, 196, 196,
    197, 197, 198, 197, 200, 198, 199, 197, 196, 197, 198, 198, 194, 197,
    195, 195, 194, 194, 198, 196, 196, 195, 194, 195, 194, 197, 194, 198,
    196, 196, 196, 194, 194, 197, 195 ]
RHandPositionsY: [ 262, 263, 265, 264, 263, 267, 266, 265, 265, 265, 267,
    266, 266, 267, 267, 265, 266, 263, 267, 264, 267, 265, 264, 265, 264,
    265, 263, 263, 262, 262, 263, 266, 265, 263, 263, 265, 266, 266, 264,
    267, 267, 265, 267, 265, 268, 265, 267, 265, 268, 266, 268, 264, 266,
    264, 266, 268, 267, 266, 266, 267, 265, 266, 268, 266, 266, 265, 266,
    268, 268, 265, 265, 267, 266, 264, 268, 264, 268, 264, 265, 266, 265,
    264, 264, 266, 265, 265, 267, 264 ]
