%YAML:1.0
---
videoName: "LHShake23.mp4"
gestureLabel: 2
fps: 30
pixelSizeInCmTemp: 3.3263888888888887e-01
faceCenterPointX: 259
faceCenterPointY: 79
LHandPositionsX: [ 334, 333, 334, 330, 330, 334, 334, 333, 332, 332, 333,
    333, 342, 347, 349, 362, 368, 373, 374, 378, 381, 380, 374, 367, 356,
    351, 354, 353, 355, 361, 370, 377, 386, 383, 386, 380, 371, 359, 362,
    360, 361, 366, 376, 382, 382, 380, 382, 373, 363, 357, 353, 352, 356,
    363, 371, 381, 380, 379, 381, 372, 366, 357, 358, 357, 359, 362, 375,
    381, 377, 380, 380, 374, 369, 365, 355, 349, 347, 342, 343, 337, 340,
    336, 339, 338, 335, 337, 334, 334, 334, 335, 333 ]
LHandPositionsY: [ 262, 262, 262, 265, 262, 262, 266, 263, 265, 260, 260,
    253, 242, 229, 228, 214, 202, 197, 193, 186, 182, 170, 167, 168, 167,
    167, 167, 168, 170, 164, 164, 163, 157, 158, 157, 160, 161, 163, 163,
    166, 167, 166, 161, 159, 159, 159, 160, 158, 163, 163, 165, 167, 169,
    168, 164, 166, 162, 165, 163, 164, 167, 166, 168, 167, 170, 172, 168,
    168, 166, 169, 170, 174, 175, 182, 192, 200, 212, 227, 240, 250, 248,
    250, 249, 254, 255, 253, 252, 256, 254, 252, 252 ]
RHandPositionsX: [ 182, 186, 186, 183, 185, 182, 185, 183, 184, 185, 183,
    186, 186, 185, 186, 182, 185, 183, 183, 185, 186, 185, 182, 182, 184,
    185, 186, 186, 185, 182, 186, 184, 184, 185, 185, 186, 185, 186, 183,
    186, 184, 183, 182, 182, 183, 186, 182, 184, 184, 182, 184, 183, 184,
    182, 186, 185, 186, 183, 185, 184, 184, 184, 186, 186, 182, 186, 184,
    185, 182, 184, 184, 184, 186, 185, 184, 185, 182, 186, 183, 185, 184,
    183, 183, 183, 183, 182, 182, 183, 185, 185, 183 ]
RHandPositionsY: [ 272, 270, 273, 273, 272, 273, 270, 273, 272, 270, 274,
    272, 272, 274, 273, 274, 274, 273, 270, 270, 274, 274, 270, 272, 273,
    271, 270, 274, 274, 274, 274, 273, 272, 273, 272, 274, 273, 273, 274,
    273, 272, 273, 272, 274, 273, 270, 271, 273, 272, 274, 271, 271, 273,
    270, 272, 273, 270, 273, 271, 273, 270, 274, 272, 271, 271, 270, 272,
    271, 273, 270, 270, 270, 271, 271, 271, 274, 272, 273, 274, 272, 274,
    273, 272, 271, 272, 273, 270, 271, 271, 272, 272 ]
