%YAML:1.0
---
videoName: "LHShake16.mp4"
gestureLabel: 2
fps: 30
pixelSizeInCmTemp: 3.3732394366197183e-01
faceCenterPointX: 247
faceCenterPointY: 66
LHandPositionsX: [ 325, 326, 327, 328, 330, 336, 345, 353, 361, 372, 382,
    393, 405, 411, 407, 402, 401, 389, 374, 361, 354, 358, 362, 373, 382,
    401, 396, 394, 392, 383, 374, 371, 371, 368, 369, 381, 391, 386, 402,
    398, 387, 375, 366, 367, 365, 369, 375, 383, 401, 407, 398, 387, 372,
    365, 363, 362, 364, 369, 377, 391, 386, 383, 390, 384, 373, 364, 355,
    351, 343, 334, 333, 333, 330, 330, 332, 329, 328, 327, 331, 327, 330,
    330, 328, 326, 327, 327, 327, 328, 326, 327, 324 ]
LHandPositionsY: [ 252, 254, 252, 253, 253, 243, 235, 222, 211, 193, 182,
    170, 154, 150, 140, 136, 122, 118, 117, 113, 119, 120, 124, 117, 113,
    116, 117, 120, 117, 117, 120, 130, 128, 136, 127, 120, 117, 119, 122,
    119, 116, 129, 134, 132, 133, 136, 130, 126, 123, 125, 121, 132, 136,
    142, 143, 144, 144, 146, 136, 127, 128, 129, 125, 134, 144, 152, 162,
    171, 182, 198, 204, 216, 224, 228, 233, 236, 236, 235, 238, 237, 239,
    243, 241, 242, 243, 245, 242, 242, 244, 243, 244 ]
RHandPositionsX: [ 176, 178, 177, 179, 177, 176, 179, 179, 177, 177, 177,
    176, 177, 179, 175, 176, 175, 175, 179, 179, 179, 177, 177, 179, 177,
    177, 178, 178, 176, 177, 178, 175, 177, 175, 178, 175, 177, 175, 176,
    177, 176, 177, 176, 178, 178, 179, 179, 175, 179, 175, 178, 177, 179,
    177, 177, 179, 178, 179, 177, 179, 177, 176, 178, 177, 175, 177, 178,
    175, 176, 176, 176, 178, 175, 178, 175, 177, 178, 175, 175, 176, 176,
    175, 178, 177, 178, 179, 177, 177, 177, 177, 176 ]
RHandPositionsY: [ 258, 260, 262, 260, 258, 262, 261, 261, 261, 260, 260,
    262, 258, 261, 262, 261, 260, 261, 261, 261, 260, 262, 262, 260, 258,
    262, 259, 261, 261, 258, 258, 260, 260, 262, 261, 260, 260, 259, 259,
    258, 258, 258, 262, 260, 260, 258, 262, 262, 259, 260, 258, 259, 259,
    260, 259, 262, 258, 259, 258, 259, 258, 259, 261, 258, 262, 260, 261,
    262, 259, 261, 260, 261, 261, 262, 262, 262, 259, 260, 259, 259, 259,
    260, 261, 261, 261, 262, 262, 259, 258, 258, 258 ]
