%YAML:1.0
---
videoName: "LHShake07.mp4"
gestureLabel: 2
fps: 29
pixelSizeInCmTemp: 3.3732394366197183e-01
faceCenterPointX: 265
faceCenterPointY: 78
LHandPositionsX: [ 348, 350, 350, 359, 362, 370, 376, 387, 391, 394, 396,
    393, 385, 376, 354, 349, 342, 344, 342, 341, 350, 364, 369, 367, 365,
    362, 361, 342, 343, 343, 343, 348, 354, 356, 366, 369, 366, 362, 362,
    353, 347, 348, 345, 351, 357, 359, 361, 362, 364, 363, 337, 328, 335,
    334, 341, 353, 368, 372, 372, 379, 373, 366, 358, 350, 343, 338, 337,
    335, 337, 338, 340, 341, 342, 341, 342, 342, 344, 341, 344, 342, 344,
    343, 342, 342, 344, 340, 340, 341 ]
LHandPositionsY: [ 277, 278, 271, 268, 256, 250, 237, 218, 204, 188, 178,
    160, 151, 138, 139, 140, 146, 145, 146, 148, 143, 136, 138, 139, 138,
    139, 133, 137, 145, 141, 139, 131, 133, 134, 128, 126, 126, 133, 134,
    136, 143, 143, 145, 143, 135, 137, 141, 140, 130, 128, 134, 152, 144,
    139, 133, 133, 129, 134, 132, 126, 131, 135, 147, 157, 169, 181, 190,
    204, 217, 233, 240, 253, 252, 252, 256, 259, 262, 264, 266, 266, 264,
    266, 268, 269, 268, 267, 269, 266 ]
RHandPositionsX: [ 181, 182, 183, 184, 184, 181, 182, 185, 185, 181, 182,
    184, 184, 185, 184, 185, 182, 184, 181, 182, 181, 185, 183, 185, 185,
    181, 185, 181, 185, 181, 181, 182, 184, 181, 183, 184, 181, 181, 181,
    182, 182, 184, 185, 185, 182, 183, 185, 185, 185, 181, 182, 181, 185,
    184, 182, 184, 184, 184, 181, 183, 184, 185, 185, 182, 185, 182, 182,
    181, 182, 182, 185, 181, 183, 181, 183, 184, 185, 181, 182, 185, 182,
    181, 181, 184, 184, 182, 181, 182 ]
RHandPositionsY: [ 279, 278, 277, 277, 277, 276, 277, 279, 280, 278, 280,
    279, 280, 278, 279, 278, 276, 280, 280, 280, 276, 278, 280, 278, 276,
    278, 280, 280, 278, 280, 278, 279, 279, 280, 277, 280, 278, 278, 277,
    277, 276, 277, 278, 279, 278, 276, 279, 280, 278, 280, 280, 280, 277,
    277, 277, 276, 276, 276, 280, 278, 276, 280, 280, 277, 276, 280, 277,
    280, 280, 276, 279, 276, 277, 278, 276, 277, 277, 280, 276, 276, 277,
    279, 278, 276, 278, 280, 277, 279 ]
