%YAML:1.0
---
videoName: "LHShake19.mp4"
gestureLabel: 2
fps: 29
pixelSizeInCmTemp: 3.3732394366197183e-01
faceCenterPointX: 250
faceCenterPointY: 62
LHandPositionsX: [ 309, 307, 309, 305, 305, 307, 306, 305, 309, 305, 307,
    306, 305, 305, 309, 308, 313, 318, 320, 324, 327, 320, 311, 289, 285,
    286, 291, 297, 308, 314, 316, 312, 308, 294, 288, 289, 292, 300, 310,
    316, 317, 312, 306, 290, 291, 296, 297, 307, 314, 313, 313, 306, 296,
    292, 298, 301, 305, 317, 315, 314, 315, 310, 306, 303, 299, 294, 293,
    292, 298, 301, 303, 303, 304, 305, 306, 308, 307, 310, 308, 307, 309,
    308, 309, 309, 309, 309, 307, 307 ]
LHandPositionsY: [ 249, 252, 249, 249, 250, 248, 250, 248, 249, 250, 252,
    249, 248, 246, 247, 239, 227, 215, 204, 192, 176, 170, 161, 162, 157,
    156, 158, 159, 156, 155, 154, 155, 155, 153, 152, 146, 152, 154, 155,
    154, 150, 154, 157, 147, 146, 152, 156, 155, 155, 153, 155, 157, 145,
    144, 155, 157, 154, 155, 151, 150, 155, 155, 156, 163, 169, 174, 179,
    188, 200, 206, 215, 216, 219, 220, 223, 227, 233, 236, 235, 234, 236,
    239, 239, 236, 241, 241, 241, 237 ]
RHandPositionsX: [ 195, 196, 196, 197, 196, 198, 197, 199, 198, 197, 195,
    195, 195, 198, 197, 199, 198, 199, 198, 196, 195, 195, 198, 194, 197,
    194, 198, 194, 195, 196, 195, 196, 194, 196, 195, 195, 194, 196, 196,
    191, 191, 193, 192, 194, 194, 191, 191, 191, 193, 194, 191, 193, 194,
    195, 192, 193, 192, 193, 195, 193, 193, 193, 194, 194, 193, 193, 193,
    193, 193, 194, 191, 194, 191, 193, 192, 192, 193, 192, 192, 192, 192,
    192, 193, 193, 192, 194, 191, 192 ]
RHandPositionsY: [ 255, 255, 257, 256, 258, 255, 258, 254, 256, 256, 258,
    257, 258, 258, 254, 255, 256, 255, 255, 255, 254, 255, 257, 254, 256,
    255, 254, 254, 257, 254, 258, 258, 256, 257, 258, 256, 255, 257, 257,
    254, 256, 255, 254, 257, 258, 257, 255, 258, 256, 254, 258, 256, 254,
    256, 257, 256, 254, 256, 254, 258, 256, 258, 258, 257, 254, 254, 255,
    255, 257, 256, 254, 257, 257, 255, 255, 257, 255, 254, 255, 255, 257,
    258, 255, 254, 255, 255, 254, 256 ]
