%YAML:1.0
---
videoName: "LHShake11.mp4"
gestureLabel: 2
fps: 29
pixelSizeInCmTemp: 3.3732394366197183e-01
faceCenterPointX: 260
faceCenterPointY: 69
LHandPositionsX: [ 385, 389, 384, 374, 365, 355, 348, 349, 346, 348, 356,
    363, 365, 366, 363, 363, 356, 351, 348, 347, 346, 348, 351, 356, 356,
    357, 360, 356, 349, 345, 346, 344, 347, 354, 353, 353, 352, 351, 347,
    343, 341, 340, 341, 341, 344, 357, 357, 357, 355, 357, 354, 345, 340,
    341, 335, 340, 348, 354, 358, 360, 362, 363, 360, 353, 351, 344, 339,
    333, 333, 331, 331, 330, 334, 334, 335, 331, 333, 335, 332, 332, 334,
    333, 331, 331, 333, 334, 335, 335 ]
LHandPositionsY: [ 174, 164, 151, 141, 143, 145, 148, 144, 146, 134, 127,
    127, 126, 128, 129, 126, 130, 140, 143, 142, 141, 135, 129, 128, 128,
    128, 132, 132, 141, 146, 140, 141, 146, 136, 133, 133, 135, 132, 136,
    138, 143, 145, 144, 143, 141, 133, 133, 133, 133, 128, 136, 139, 144,
    143, 146, 144, 145, 138, 135, 135, 139, 141, 146, 155, 165, 175, 191,
    203, 215, 229, 227, 233, 239, 244, 248, 244, 245, 249, 251, 251, 252,
    251, 250, 249, 250, 251, 252, 252 ]
RHandPositionsX: [ 181, 183, 180, 182, 181, 181, 181, 181, 180, 180, 183,
    181, 179, 179, 181, 183, 179, 182, 183, 180, 179, 179, 182, 180, 179,
    183, 181, 181, 182, 180, 182, 180, 183, 182, 183, 183, 182, 179, 181,
    179, 181, 181, 180, 181, 180, 182, 181, 183, 183, 182, 182, 183, 181,
    183, 180, 182, 181, 182, 179, 179, 181, 182, 181, 183, 180, 182, 181,
    182, 182, 182, 179, 180, 179, 183, 182, 183, 179, 181, 183, 181, 182,
    182, 183, 182, 183, 180, 183, 183 ]
RHandPositionsY: [ 273, 275, 273, 274, 273, 276, 274, 275, 273, 273, 276,
    273, 275, 274, 273, 277, 277, 275, 273, 277, 274, 273, 277, 276, 275,
    274, 275, 275, 275, 275, 277, 274, 276, 276, 275, 274, 275, 274, 274,
    276, 273, 276, 277, 273, 275, 273, 275, 277, 275, 277, 275, 275, 277,
    276, 277, 276, 277, 277, 276, 277, 273, 274, 277, 275, 274, 277, 275,
    274, 275, 277, 273, 274, 274, 274, 276, 276, 273, 273, 275, 276, 277,
    274, 277, 275, 275, 273, 277, 273 ]
