%YAML:1.0
---
videoName: "LHShake12.mp4"
gestureLabel: 2
fps: 29
pixelSizeInCmTemp: 3.3263888888888887e-01
faceCenterPointX: 259
faceCenterPointY: 64
LHandPositionsX: [ 371, 359, 348, 345, 347, 346, 351, 363, 372, 383, 383,
    382, 375, 366, 354, 346, 347, 343, 347, 357, 365, 378, 376, 376, 379,
    373, 361, 351, 342, 341, 338, 343, 350, 361, 372, 368, 371, 372, 367,
    358, 347, 343, 343, 341, 344, 355, 365, 370, 366, 369, 364, 358, 348,
    342, 342, 339, 340, 348, 355, 368, 368, 368, 369, 363, 351, 341, 336,
    329, 324, 318, 315, 319, 318, 324, 331, 332, 330, 334, 336, 334, 334,
    333, 333, 334, 333, 336, 333, 333 ]
LHandPositionsY: [ 166, 165, 162, 162, 162, 159, 157, 155, 153, 152, 152,
    152, 152, 155, 153, 156, 158, 156, 155, 152, 152, 145, 146, 148, 146,
    143, 146, 149, 152, 156, 156, 152, 148, 150, 148, 146, 147, 145, 145,
    148, 151, 159, 153, 156, 156, 155, 150, 153, 152, 151, 148, 150, 153,
    157, 157, 157, 157, 155, 149, 146, 144, 147, 143, 145, 150, 152, 159,
    169, 178, 188, 197, 207, 224, 233, 242, 247, 247, 249, 255, 256, 257,
    255, 255, 257, 256, 259, 257, 257 ]
RHandPositionsX: [ 178, 178, 175, 178, 175, 175, 178, 177, 176, 174, 177,
    176, 177, 174, 178, 178, 175, 175, 175, 175, 178, 176, 174, 175, 176,
    176, 177, 177, 178, 177, 178, 177, 177, 177, 174, 174, 178, 177, 177,
    177, 178, 175, 174, 177, 175, 177, 174, 178, 176, 177, 177, 174, 175,
    175, 174, 178, 177, 177, 178, 176, 178, 177, 177, 174, 174, 178, 178,
    178, 175, 177, 174, 175, 177, 176, 178, 177, 178, 177, 176, 174, 178,
    174, 177, 174, 175, 178, 174, 174 ]
RHandPositionsY: [ 271, 271, 271, 271, 275, 275, 271, 273, 274, 275, 273,
    275, 271, 275, 273, 272, 274, 273, 273, 274, 274, 271, 272, 275, 274,
    273, 275, 271, 274, 273, 275, 273, 272, 272, 272, 272, 273, 271, 273,
    273, 274, 274, 272, 272, 273, 274, 271, 271, 274, 274, 275, 271, 274,
    271, 273, 272, 275, 274, 272, 275, 271, 272, 273, 272, 272, 275, 273,
    271, 273, 272, 272, 273, 271, 271, 273, 274, 271, 273, 273, 273, 272,
    275, 271, 275, 272, 271, 272, 271 ]
