%YAML:1.0
---
videoName: "LHShake01.mp4"
gestureLabel: 2
fps: 29
pixelSizeInCmTemp: 3.4214285714285714e-01
faceCenterPointX: 252
faceCenterPointY: 84
LHandPositionsX: [ 363, 364, 367, 366, 360, 357, 345, 342, 335, 334, 333,
    334, 340, 344, 349, 351, 358, 355, 353, 345, 343, 343, 340, 336, 339,
    340, 343, 345, 353, 349, 349, 351, 344, 340, 340, 333, 334, 334, 338,
    340, 345, 347, 346, 347, 346, 345, 344, 340, 333, 333, 332, 334, 335,
    343, 346, 349, 349, 350, 348, 349, 343, 342, 340, 332, 327, 325, 329,
    332, 333, 329, 333, 333, 335, 341, 341, 341, 346, 344, 347, 348, 348,
    351, 348, 350, 352, 350, 350, 348 ]
LHandPositionsY: [ 144, 139, 134, 127, 125, 120, 120, 119, 121, 121, 122,
    123, 121, 116, 111, 112, 109, 106, 109, 110, 112, 112, 114, 113, 113,
    111, 111, 106, 106, 107, 104, 104, 105, 109, 109, 115, 115, 111, 113,
    108, 108, 105, 108, 102, 106, 109, 107, 108, 106, 108, 112, 108, 109,
    107, 106, 104, 103, 103, 102, 101, 105, 103, 105, 120, 131, 141, 153,
    161, 164, 163, 172, 184, 192, 200, 209, 213, 223, 222, 220, 226, 226,
    226, 227, 229, 232, 230, 231, 230 ]
RHandPositionsX: [ 155, 154, 153, 153, 153, 156, 156, 157, 156, 156, 157,
    155, 155, 156, 156, 156, 157, 155, 156, 153, 153, 153, 155, 154, 154,
    153, 155, 156, 154, 157, 155, 156, 157, 155, 156, 154, 153, 155, 153,
    153, 156, 156, 157, 154, 154, 154, 153, 155, 157, 155, 155, 157, 155,
    157, 156, 154, 153, 157, 157, 157, 155, 154, 153, 156, 157, 154, 153,
    153, 156, 156, 153, 157, 154, 157, 156, 155, 154, 153, 157, 156, 155,
    156, 156, 154, 157, 154, 154, 153 ]
RHandPositionsY: [ 267, 268, 267, 269, 270, 270, 269, 270, 268, 266, 269,
    265, 267, 264, 266, 264, 268, 264, 263, 264, 263, 262, 264, 264, 262,
    263, 264, 261, 264, 261, 262, 263, 263, 263, 261, 264, 262, 260, 263,
    264, 261, 264, 261, 260, 263, 262, 261, 260, 263, 260, 259, 259, 261,
    261, 262, 263, 262, 261, 261, 262, 263, 263, 262, 259, 259, 262, 259,
    262, 262, 260, 260, 260, 263, 263, 259, 263, 259, 261, 261, 263, 261,
    263, 259, 262, 262, 261, 262, 260 ]
