%YAML:1.0
---
videoName: "LHShake09.mp4"
gestureLabel: 2
fps: 29
pixelSizeInCmTemp: 3.3263888888888887e-01
faceCenterPointX: 259
faceCenterPointY: 67
LHandPositionsX: [ 336, 337, 340, 337, 341, 348, 349, 351, 353, 356, 361,
    363, 368, 368, 369, 366, 360, 349, 341, 334, 334, 332, 330, 328, 336,
    349, 349, 348, 346, 349, 350, 348, 342, 339, 335, 336, 337, 344, 354,
    360, 368, 366, 368, 365, 354, 343, 338, 335, 336, 334, 341, 345, 351,
    355, 355, 357, 354, 351, 341, 336, 333, 337, 333, 337, 342, 347, 354,
    355, 353, 354, 350, 342, 337, 329, 323, 319, 320, 321, 323, 325, 326,
    328, 330, 332, 331, 331, 335, 332 ]
LHandPositionsY: [ 272, 274, 272, 273, 273, 271, 267, 258, 248, 237, 235,
    217, 200, 199, 186, 172, 169, 160, 157, 156, 158, 160, 157, 153, 151,
    152, 147, 145, 148, 144, 150, 149, 150, 155, 154, 152, 153, 152, 154,
    152, 152, 151, 151, 155, 156, 156, 157, 158, 157, 156, 153, 154, 152,
    154, 152, 150, 152, 151, 153, 153, 154, 150, 152, 155, 154, 154, 152,
    149, 149, 150, 149, 153, 161, 173, 182, 192, 208, 220, 234, 242, 247,
    249, 251, 252, 257, 258, 259, 260 ]
RHandPositionsX: [ 180, 176, 176, 180, 178, 180, 176, 180, 179, 177, 180,
    179, 177, 176, 177, 178, 178, 177, 179, 177, 178, 177, 176, 180, 178,
    180, 180, 176, 180, 179, 178, 178, 177, 179, 180, 177, 177, 177, 180,
    179, 178, 177, 177, 179, 179, 180, 179, 176, 176, 180, 176, 178, 180,
    178, 178, 176, 176, 177, 179, 179, 180, 176, 178, 177, 177, 180, 178,
    180, 179, 177, 178, 180, 180, 177, 180, 180, 176, 176, 179, 179, 180,
    179, 177, 179, 179, 178, 177, 176 ]
RHandPositionsY: [ 276, 276, 279, 278, 275, 277, 278, 275, 279, 278, 277,
    279, 277, 275, 279, 279, 276, 276, 279, 279, 277, 279, 279, 278, 275,
    278, 279, 277, 276, 279, 279, 277, 277, 276, 279, 275, 275, 277, 277,
    275, 277, 276, 277, 279, 277, 277, 277, 275, 276, 277, 279, 275, 278,
    278, 279, 279, 279, 278, 277, 278, 277, 278, 279, 276, 277, 275, 276,
    278, 278, 275, 276, 279, 279, 277, 277, 277, 275, 276, 276, 278, 279,
    275, 278, 276, 278, 278, 279, 275 ]
