%YAML:1.0
---
videoName: "LHShake04.mp4"
gestureLabel: 2
fps: 30
pixelSizeInCmTemp: 3.2808219178082193e-01
faceCenterPointX: 247
faceCenterPointY: 80
LHandPositionsX: [ 280, 281, 282, 282, 283, 282, 279, 280, 283, 280, 281,
    281, 279, 280, 279, 284, 287, 299, 307, 319, 333, 348, 359, 367, 373,
    365, 364, 356, 348, 344, 339, 335, 333, 342, 350, 363, 367, 364, 357,
    344, 341, 345, 341, 340, 348, 356, 358, 353, 354, 344, 340, 342, 346,
    346, 353, 358, 356, 352, 343, 349, 347, 351, 355, 361, 364, 365, 364,
    361, 352, 343, 335, 323, 313, 306, 299, 293, 289, 290, 290, 288, 288,
    286, 286, 286, 288, 289, 290, 287, 285, 289, 285 ]
LHandPositionsY: [ 272, 268, 271, 272, 270, 272, 268, 268, 271, 271, 269,
    268, 273, 269, 272, 265, 263, 255, 244, 232, 217, 201, 187, 172, 164,
    158, 153, 152, 135, 134, 134, 132, 127, 121, 115, 110, 110, 107, 117,
    116, 127, 127, 125, 125, 119, 117, 115, 113, 121, 119, 121, 122, 117,
    118, 115, 111, 109, 112, 112, 119, 113, 112, 110, 107, 104, 103, 106,
    109, 129, 144, 159, 173, 185, 201, 214, 224, 233, 242, 242, 244, 250,
    249, 247, 247, 251, 249, 253, 253, 254, 250, 250 ]
RHandPositionsX: [ 214, 217, 217, 216, 214, 218, 217, 216, 216, 214, 216,
    214, 214, 214, 215, 216, 218, 214, 215, 214, 217, 214, 216, 215, 218,
    214, 217, 215, 214, 215, 217, 214, 217, 217, 218, 216, 217, 214, 215,
    217, 214, 218, 217, 217, 214, 216, 217, 217, 216, 214, 217, 216, 216,
    218, 216, 216, 218, 218, 217, 218, 216, 216, 214, 214, 215, 215, 218,
    214, 214, 215, 216, 218, 214, 217, 217, 215, 216, 217, 216, 214, 214,
    215, 216, 218, 217, 218, 216, 214, 218, 217, 218 ]
RHandPositionsY: [ 268, 269, 269, 269, 266, 269, 268, 266, 270, 266, 269,
    267, 266, 268, 266, 266, 267, 264, 268, 268, 267, 265, 266, 265, 264,
    265, 265, 265, 266, 267, 263, 265, 265, 265, 265, 264, 263, 262, 263,
    262, 265, 266, 266, 265, 262, 264, 263, 261, 263, 263, 264, 261, 263,
    261, 262, 264, 263, 265, 265, 261, 263, 264, 263, 263, 265, 264, 262,
    263, 261, 263, 261, 264, 263, 263, 262, 265, 261, 261, 261, 262, 262,
    261, 261, 261, 262, 265, 265, 261, 262, 261, 262 ]
