%YAML:1.0
---
videoName: "LHShake20.mp4"
gestureLabel: 2
fps: 30
pixelSizeInCmTemp: 3.3732394366197183e-01
faceCenterPointX: 249
faceCenterPointY: 62
LHandPositionsX: [ 315, 312, 312, 316, 313, 317, 314, 315, 317, 319, 321,
    329, 335, 338, 343, 337, 328, 321, 311, 316, 310, 313, 317, 328, 335,
    338, 339, 337, 328, 321, 316, 316, 318, 326, 332, 339, 339, 341, 330,
    325, 326, 323, 321, 326, 331, 331, 330, 330, 323, 318, 319, 318, 319,
    327, 323, 326, 328, 326, 323, 319, 320, 318, 320, 317, 323, 320, 320,
    321, 318, 313, 314, 313, 312, 312, 316, 315, 315, 315, 314, 316, 315,
    315, 316, 316, 313, 315, 316, 315, 312, 313, 315 ]
LHandPositionsY: [ 250, 248, 250, 250, 250, 248, 247, 246, 235, 228, 217,
    201, 190, 179, 172, 163, 158, 160, 158, 160, 157, 155, 151, 149, 143,
    144, 145, 143, 144, 143, 148, 150, 148, 144, 143, 141, 141, 143, 142,
    145, 146, 145, 146, 145, 142, 139, 140, 141, 140, 147, 149, 147, 148,
    142, 137, 134, 138, 134, 138, 145, 143, 145, 148, 146, 147, 150, 161,
    167, 179, 189, 202, 215, 215, 218, 222, 226, 230, 232, 228, 231, 232,
    234, 236, 237, 235, 236, 237, 236, 237, 237, 238 ]
RHandPositionsX: [ 180, 181, 179, 181, 181, 183, 183, 179, 183, 183, 180,
    180, 182, 182, 183, 183, 182, 181, 179, 179, 181, 182, 181, 179, 183,
    180, 180, 180, 181, 180, 181, 183, 183, 182, 180, 182, 179, 181, 180,
    181, 183, 181, 180, 180, 179, 181, 183, 182, 182, 179, 180, 179, 179,
    183, 183, 181, 180, 182, 180, 181, 183, 179, 182, 181, 182, 182, 179,
    180, 182, 183, 179, 180, 183, 180, 182, 181, 181, 180, 180, 179, 179,
    179, 181, 181, 180, 178, 181, 182, 181, 181, 181 ]
RHandPositionsY: [ 255, 257, 255, 253, 255, 255, 256, 254, 254, 255, 252,
    253, 256, 252, 255, 254, 255, 255, 252, 256, 254, 253, 255, 252, 252,
    252, 252, 256, 256, 253, 255, 253, 251, 253, 252, 255, 255, 254, 253,
    253, 252, 255, 252, 251, 252, 254, 252, 252, 252, 251, 251, 254, 254,
    251, 253, 252, 252, 251, 252, 255, 255, 255, 253, 251, 251, 255, 255,
    251, 251, 254, 255, 254, 255, 253, 255, 255, 255, 252, 252, 252, 254,
    253, 251, 252, 255, 255, 254, 252, 251, 255, 253 ]
