%YAML:1.0
---
videoName: "LHShake13.mp4"
gestureLabel: 2
fps: 29
pixelSizeInCmTemp: 3.4214285714285714e-01
faceCenterPointX: 257
faceCenterPointY: 76
LHandPositionsX: [ 326, 323, 327, 325, 323, 326, 327, 324, 324, 328, 329,
    335, 343, 353, 363, 372, 378, 388, 391, 387, 386, 373, 366, 350, 340,
    344, 341, 344, 352, 358, 374, 370, 367, 364, 357, 344, 343, 343, 344,
    348, 361, 368, 365, 363, 359, 347, 344, 347, 346, 349, 358, 365, 367,
    362, 363, 355, 348, 347, 346, 343, 347, 355, 362, 370, 366, 364, 361,
    355, 346, 342, 331, 325, 324, 326, 327, 324, 328, 329, 326, 327, 327,
    327, 327, 328, 325, 326, 324, 325 ]
LHandPositionsY: [ 263, 261, 263, 263, 262, 261, 261, 262, 258, 259, 255,
    249, 237, 226, 211, 197, 186, 176, 166, 155, 151, 151, 151, 152, 155,
    155, 155, 158, 156, 145, 140, 142, 142, 147, 152, 155, 157, 158, 157,
    157, 155, 152, 156, 155, 157, 158, 162, 159, 164, 159, 160, 156, 158,
    155, 160, 159, 162, 164, 163, 163, 158, 159, 154, 153, 151, 149, 148,
    151, 158, 162, 167, 182, 191, 207, 220, 236, 245, 248, 242, 243, 245,
    248, 247, 247, 248, 248, 250, 248 ]
RHandPositionsX: [ 181, 184, 184, 185, 183, 183, 184, 183, 184, 181, 181,
    182, 184, 184, 183, 184, 182, 185, 185, 182, 185, 181, 185, 185, 184,
    182, 184, 185, 183, 182, 183, 183, 185, 185, 185, 181, 184, 181, 183,
    182, 181, 182, 181, 183, 181, 182, 184, 185, 185, 184, 183, 184, 181,
    181, 183, 181, 184, 182, 185, 182, 183, 184, 185, 184, 182, 184, 181,
    183, 182, 184, 184, 184, 183, 183, 184, 183, 185, 185, 183, 183, 183,
    185, 184, 181, 181, 181, 184, 184 ]
RHandPositionsY: [ 269, 268, 269, 268, 270, 271, 271, 271, 271, 267, 271,
    268, 271, 268, 267, 269, 271, 268, 271, 268, 270, 267, 269, 268, 267,
    267, 270, 267, 267, 271, 268, 268, 269, 270, 269, 271, 269, 269, 270,
    268, 268, 268, 271, 267, 268, 270, 267, 269, 268, 270, 268, 269, 268,
    269, 269, 271, 267, 269, 270, 267, 267, 268, 269, 269, 269, 269, 269,
    270, 270, 270, 269, 269, 271, 267, 270, 267, 269, 268, 270, 268, 267,
    267, 267, 270, 267, 269, 267, 267 ]
