%YAML:1.0
---
videoName: "LHShake15.mp4"
gestureLabel: 2
fps: 29
pixelSizeInCmTemp: 3.3263888888888887e-01
faceCenterPointX: 252
faceCenterPointY: 65
LHandPositionsX: [ 327, 327, 329, 330, 329, 330, 329, 328, 331, 331, 336,
    343, 349, 354, 358, 365, 368, 372, 380, 380, 377, 380, 367, 361, 349,
    343, 340, 340, 349, 352, 359, 361, 358, 362, 355, 346, 334, 328, 329,
    337, 345, 351, 355, 352, 353, 352, 348, 335, 327, 330, 329, 341, 352,
    358, 355, 351, 358, 355, 343, 334, 335, 332, 335, 338, 344, 350, 351,
    349, 348, 350, 342, 336, 330, 326, 325, 320, 322, 322, 324, 323, 324,
    327, 324, 326, 326, 328, 325, 328 ]
LHandPositionsY: [ 257, 255, 255, 255, 256, 256, 257, 256, 254, 254, 243,
    227, 216, 201, 187, 173, 156, 136, 121, 119, 117, 105, 103, 102, 104,
    102, 104, 101, 99, 96, 93, 94, 94, 96, 94, 95, 98, 100, 99, 95, 95,
    91, 95, 96, 95, 96, 99, 100, 100, 100, 98, 96, 92, 94, 97, 96, 96,
    100, 103, 102, 99, 99, 99, 98, 99, 102, 99, 100, 100, 101, 106, 121,
    139, 153, 168, 181, 192, 206, 217, 232, 233, 235, 241, 238, 238, 238,
    239, 243 ]
RHandPositionsX: [ 179, 178, 177, 178, 179, 179, 177, 177, 178, 177, 177,
    176, 177, 177, 178, 175, 177, 179, 179, 179, 176, 177, 179, 179, 177,
    179, 176, 175, 175, 178, 179, 178, 175, 175, 175, 176, 175, 176, 178,
    176, 176, 179, 178, 179, 175, 175, 176, 177, 176, 175, 177, 179, 178,
    179, 177, 176, 179, 178, 178, 178, 179, 176, 178, 175, 176, 177, 178,
    178, 179, 178, 176, 175, 178, 179, 179, 179, 175, 178, 175, 176, 175,
    176, 175, 175, 175, 178, 177, 179 ]
RHandPositionsY: [ 259, 261, 261, 260, 260, 260, 258, 259, 259, 261, 259,
    261, 259, 260, 257, 259, 258, 259, 260, 259, 261, 258, 260, 258, 257,
    261, 259, 257, 260, 261, 258, 261, 258, 258, 259, 260, 258, 260, 258,
    259, 258, 259, 261, 259, 259, 261, 261, 261, 257, 261, 259, 261, 260,
    258, 258, 258, 261, 261, 257, 260, 261, 259, 260, 257, 259, 259, 258,
    260, 257, 259, 260, 257, 261, 261, 259, 259, 258, 258, 259, 257, 260,
    261, 261, 260, 258, 258, 259, 260 ]
