%YAML:1.0
---
videoName: "LHShake03.mp4"
gestureLabel: 2
fps: 30
pixelSizeInCmTemp: 3.2808219178082193e-01
faceCenterPointX: 251
faceCenterPointY: 79
LHandPositionsX: [ 343, 344, 350, 354, 357, 355, 353, 347, 336, 328, 315,
    316, 318, 315, 313, 318, 324, 332, 337, 335, 339, 337, 332, 328, 323,
    324, 325, 322, 323, 332, 335, 340, 345, 338, 335, 321, 316, 313, 309,
    310, 314, 319, 328, 331, 333, 337, 330, 329, 323, 324, 325, 329, 330,
    340, 344, 345, 337, 336, 338, 334, 338, 328, 319, 316, 314, 314, 309,
    302, 303, 301, 298, 295, 295, 294, 295, 290, 292, 293, 289, 293, 289,
    288, 291, 286, 287, 286, 287, 284, 287, 287, 286 ]
LHandPositionsY: [ 140, 135, 125, 119, 116, 109, 103, 102, 99, 97, 103,
    104, 102, 102, 97, 95, 91, 86, 86, 88, 83, 85, 89, 90, 86, 87, 91,
    88, 87, 88, 84, 85, 80, 85, 85, 91, 94, 95, 98, 97, 93, 89, 89, 86,
    85, 88, 85, 89, 92, 91, 91, 90, 91, 85, 87, 90, 93, 97, 98, 99, 112,
    132, 140, 157, 165, 178, 186, 195, 205, 212, 224, 224, 227, 230, 233,
    236, 239, 241, 244, 250, 247, 248, 251, 251, 255, 254, 252, 255, 254,
    254, 251 ]
RHandPositionsX: [ 212, 213, 215, 214, 216, 212, 211, 213, 212, 211, 212,
    214, 215, 212, 214, 213, 213, 213, 211, 213, 212, 214, 212, 215, 213,
    213, 213, 214, 213, 214, 213, 214, 212, 214, 213, 213, 214, 211, 213,
    213, 211, 211, 214, 214, 215, 214, 213, 211, 214, 213, 213, 211, 213,
    211, 212, 211, 212, 214, 211, 210, 214, 214, 214, 211, 211, 211, 214,
    211, 211, 214, 210, 213, 211, 214, 210, 211, 212, 210, 212, 212, 213,
    213, 211, 213, 210, 210, 212, 211, 212, 210, 213 ]
RHandPositionsY: [ 259, 258, 256, 254, 256, 253, 255, 253, 254, 255, 254,
    255, 252, 254, 252, 253, 254, 252, 252, 251, 255, 255, 251, 254, 254,
    255, 255, 254, 254, 255, 254, 255, 253, 253, 253, 253, 251, 255, 254,
    252, 255, 252, 253, 252, 255, 254, 251, 255, 253, 252, 255, 252, 253,
    255, 254, 255, 254, 254, 253, 253, 253, 255, 255, 252, 255, 253, 253,
    253, 253, 252, 252, 253, 254, 253, 252, 252, 251, 252, 252, 253, 251,
    254, 251, 252, 251, 251, 254, 251, 254, 251, 252 ]
