%YAML:1.0
---
videoName: "LHShake23.mp4"
gestureLabel: 2
fps: 30
pixelSizeInCmTemp: 3.3263888888888887e-01
faceCenterPointX: 259
faceCenterPointY: 79
LHandPositionsX: [ 332, 333, 334, 330, 334, 334, 334, 330, 332, 333, 333,
    335, 342, 346, 349, 361, 371, 370, 374, 378, 379, 381, 377, 366, 355,
    352, 355, 354, 353, 362, 369, 379, 387, 383, 385, 380, 369, 362, 360,
    361, 360, 368, 377, 385, 385, 381, 380, 371, 362, 355, 357, 351, 355,
    363, 375, 381, 380, 378, 379, 373, 365, 359, 359, 355, 358, 362, 371,
    380, 378, 378, 380, 375, 371, 363, 358, 352, 349, 342, 339, 341, 340,
    340, 338, 336, 335, 334, 335, 336, 334, 333, 333 ]
LHandPositionsY: [ 265, 262, 264, 264, 266, 266, 263, 265, 265, 261, 260,
    251, 241, 231, 227, 215, 202, 196, 195, 185, 181, 171, 168, 167, 165,
    170, 166, 167, 169, 167, 165, 163, 161, 159, 159, 163, 162, 164, 166,
    164, 164, 166, 162, 160, 160, 160, 160, 161, 162, 166, 162, 164, 166,
    167, 166, 166, 164, 163, 163, 162, 167, 169, 169, 169, 170, 168, 168,
    166, 168, 167, 170, 170, 177, 182, 193, 204, 214, 229, 241, 247, 249,
    252, 250, 250, 254, 252, 256, 255, 256, 255, 254 ]
RHandPositionsX: [ 184, 182, 182, 184, 182, 184, 185, 186, 186, 183, 185,
    184, 186, 186, 185, 184, 183, 186, 183, 183, 182, 184, 185, 182, 186,
    182, 184, 185, 185, 186, 184, 183, 186, 184, 183, 185, 182, 185, 184,
    186, 182, 185, 184, 183, 184, 185, 182, 183, 184, 182, 183, 186, 182,
    184, 184, 185, 182, 184, 183, 183, 183, 186, 185, 184, 183, 182, 186,
    182, 182, 183, 186, 186, 182, 184, 184, 183, 185, 186, 182, 186, 182,
    185, 186, 183, 186, 183, 186, 186, 184, 182, 182 ]
RHandPositionsY: [ 272, 274, 272, 271, 273, 271, 272, 274, 270, 271, 273,
    274, 270, 273, 271, 272, 273, 271, 272, 273, 271, 271, 271, 274, 273,
    273, 271, 271, 271, 273, 271, 270, 272, 270, 270, 272, 273, 271, 274,
    272, 272, 270, 274, 270, 271, 274, 271, 272, 273, 272, 273, 274, 273,
    274, 273, 272, 270, 272, 272, 272, 272, 271, 271, 271, 273, 271, 271,
    273, 274, 273, 270, 270, 274, 273, 273, 273, 270, 274, 274, 271, 272,
    274, 273, 273, 271, 271, 272, 273, 271, 270, 274 ]
