%YAML:1.0
---
videoName: "LHShake15.mp4"
gestureLabel: 2
fps: 29
pixelSizeInCmTemp: 3.3263888888888887e-01
faceCenterPointX: 252
faceCenterPointY: 65
LHandPositionsX: [ 329, 329, 327, 331, 327, 328, 327, 331, 330, 331, 337,
    342, 345, 351, 359, 361, 368, 373, 377, 380, 380, 380, 366, 361, 349,
    344, 340, 340, 347, 354, 359, 360, 361, 359, 359, 345, 331, 332, 330,
    336, 346, 355, 355, 350, 352, 352, 349, 333, 330, 328, 330, 341, 350,
    356, 351, 351, 355, 355, 341, 334, 332, 333, 333, 339, 343, 351, 351,
    347, 347, 347, 340, 336, 326, 326, 324, 319, 323, 323, 322, 324, 323,
    328, 328, 327, 328, 325, 324, 325 ]
LHandPositionsY: [ 254, 255, 257, 255, 254, 256, 254, 253, 253, 255, 242,
    230, 215, 203, 184, 173, 155, 135, 121, 120, 117, 106, 101, 102, 106,
    102, 104, 101, 101, 97, 92, 92, 95, 92, 95, 97, 101, 99, 97, 96, 94,
    93, 95, 96, 96, 99, 103, 99, 101, 101, 95, 92, 92, 97, 97, 97, 96,
    98, 102, 99, 99, 101, 100, 96, 99, 100, 102, 101, 102, 100, 106, 122,
    139, 149, 166, 178, 194, 205, 221, 233, 231, 235, 241, 238, 241, 238,
    241, 244 ]
RHandPositionsX: [ 179, 175, 175, 178, 179, 177, 178, 176, 177, 175, 178,
    176, 178, 176, 178, 176, 175, 179, 175, 176, 178, 179, 175, 179, 177,
    177, 179, 178, 179, 175, 176, 177, 175, 175, 175, 177, 179, 179, 175,
    179, 175, 175, 177, 179, 175, 179, 175, 178, 177, 176, 178, 179, 178,
    177, 177, 177, 177, 177, 177, 175, 176, 178, 176, 177, 175, 178, 179,
    178, 179, 179, 177, 179, 175, 177, 178, 178, 179, 177, 177, 175, 177,
    177, 177, 178, 176, 178, 175, 177 ]
RHandPositionsY: [ 257, 257, 261, 259, 260, 259, 258, 259, 260, 258, 258,
    259, 259, 261, 258, 260, 261, 261, 260, 260, 258, 259, 258, 261, 258,
    261, 260, 257, 257, 258, 257, 261, 259, 260, 257, 258, 258, 259, 258,
    258, 260, 260, 257, 257, 258, 257, 260, 257, 259, 260, 257, 261, 257,
    258, 261, 261, 258, 261, 257, 260, 260, 261, 258, 261, 259, 261, 257,
    257, 257, 259, 259, 258, 259, 257, 259, 258, 261, 257, 257, 258, 260,
    261, 258, 260, 258, 260, 257, 258 ]
