%YAML:1.0
---
videoName: "LHShake20.mp4"
gestureLabel: 2
fps: 30
pixelSizeInCmTemp: 3.3732394366197183e-01
faceCenterPointX: 249
faceCenterPointY: 62
LHandPositionsX: [ 314, 314, 316, 312, 316, 313, 314, 312, 314, 315, 319,
    327, 335, 337, 344, 339, 332, 322, 315, 314, 312, 313, 318, 329, 339,
    338, 338, 337, 332, 324, 318, 320, 320, 323, 336, 340, 338, 338, 332,
    324, 323, 322, 320, 328, 332, 330, 330, 331, 325, 322, 321, 319, 320,
    323, 326, 328, 328, 327, 321, 317, 320, 317, 320, 320, 319, 320, 319,
    317, 319, 313, 312, 312, 315, 316, 312, 316, 314, 314, 316, 316, 314,
    314, 315, 316, 316, 315, 316, 312, 314, 314, 314 ]
LHandPositionsY: [ 250, 247, 249, 246, 246, 245, 245, 244, 237, 226, 216,
    201, 189, 179, 172, 164, 162, 157, 162, 160, 158, 158, 149, 148, 144,
    144, 146, 144, 143, 147, 150, 148, 146, 147, 142, 142, 142, 142, 142,
    146, 146, 149, 144, 142, 142, 143, 139, 143, 144, 148, 146, 148, 145,
    144, 139, 137, 134, 135, 139, 144, 146, 145, 145, 145, 147, 148, 161,
    168, 180, 191, 204, 213, 215, 218, 225, 227, 231, 228, 229, 233, 234,
    234, 234, 234, 236, 236, 236, 237, 238, 238, 240 ]
RHandPositionsX: [ 181, 179, 182, 179, 182, 179, 183, 181, 179, 181, 182,
    182, 183, 179, 183, 180, 182, 183, 179, 180, 180, 179, 179, 179, 179,
    181, 182, 183, 182, 181, 181, 180, 183, 183, 183, 180, 183, 179, 183,
    180, 181, 180, 182, 179, 182, 179, 183, 183, 182, 180, 180, 182, 183,
    179, 183, 179, 183, 183, 181, 179, 180, 182, 182, 179, 180, 183, 180,
    183, 183, 179, 183, 182, 181, 183, 181, 182, 179, 178, 180, 178, 182,
    178, 182, 182, 181, 182, 180, 181, 178, 179, 179 ]
RHandPositionsY: [ 256, 257, 254, 254, 253, 257, 256, 254, 252, 255, 253,
    254, 255, 256, 253, 256, 254, 253, 256, 256, 253, 252, 255, 252, 255,
    252, 252, 256, 256, 254, 253, 255, 251, 254, 254, 253, 255, 255, 251,
    251, 254, 255, 253, 252, 251, 254, 255, 253, 251, 251, 251, 253, 252,
    252, 255, 254, 253, 255, 255, 255, 252, 254, 251, 254, 254, 251, 255,
    254, 254, 252, 253, 254, 253, 255, 252, 253, 254, 252, 253, 255, 255,
    254, 251, 254, 255, 251, 252, 252, 252, 254, 255 ]
