%YAML:1.0
---
videoName: "LHShake18.mp4"
gestureLabel: 2
fps: 29
pixelSizeInCmTemp: 3.4214285714285714e-01
faceCenterPointX: 253
faceCenterPointY: 65
LHandPositionsX: [ 314, 315, 315, 313, 314, 315, 314, 312, 313, 312, 313,
    315, 315, 314, 313, 313, 313, 314, 323, 324, 332, 336, 345, 346, 349,
    348, 339, 324, 315, 297, 304, 306, 308, 311, 313, 312, 313, 309, 297,
    291, 293, 299, 308, 315, 309, 312, 307, 296, 286, 285, 288, 298, 306,
    316, 311, 311, 306, 293, 285, 287, 293, 299, 307, 310, 310, 306, 306,
    295, 294, 302, 302, 306, 308, 308, 313, 309, 307, 304, 304, 303, 307,
    306, 306, 308, 307, 310, 311, 310 ]
LHandPositionsY: [ 250, 249, 248, 247, 248, 247, 249, 247, 250, 249, 246,
    250, 247, 247, 249, 247, 247, 247, 243, 234, 218, 200, 188, 179, 165,
    161, 154, 144, 146, 140, 138, 143, 141, 141, 142, 141, 141, 148, 146,
    139, 134, 145, 148, 145, 146, 144, 147, 145, 142, 139, 142, 147, 147,
    150, 145, 149, 152, 143, 144, 141, 150, 153, 151, 154, 150, 154, 156,
    145, 145, 153, 155, 152, 154, 156, 163, 168, 174, 187, 197, 205, 214,
    217, 218, 233, 235, 234, 230, 231 ]
RHandPositionsX: [ 195, 195, 194, 197, 197, 197, 199, 195, 197, 195, 198,
    196, 197, 198, 195, 195, 196, 198, 197, 195, 196, 196, 199, 198, 196,
    198, 199, 196, 198, 195, 198, 197, 199, 198, 198, 195, 198, 200, 197,
    198, 196, 195, 199, 196, 198, 195, 195, 199, 198, 195, 199, 199, 200,
    197, 197, 195, 196, 197, 200, 198, 195, 199, 195, 196, 199, 196, 197,
    196, 196, 197, 195, 197, 198, 197, 198, 197, 194, 195, 197, 196, 194,
    197, 196, 195, 197, 197, 195, 197 ]
RHandPositionsY: [ 264, 263, 262, 266, 263, 267, 264, 264, 267, 266, 266,
    264, 265, 267, 264, 267, 267, 266, 267, 267, 265, 267, 263, 267, 267,
    265, 264, 263, 264, 262, 264, 262, 264, 265, 267, 266, 267, 267, 265,
    267, 264, 266, 268, 268, 265, 268, 266, 267, 267, 268, 264, 268, 265,
    268, 265, 267, 268, 269, 266, 268, 265, 265, 267, 269, 265, 268, 265,
    264, 265, 266, 266, 267, 268, 267, 267, 265, 264, 265, 266, 264, 265,
    265, 266, 268, 265, 264, 266, 267 ]
