%YAML:1.0
---
videoName: "LHShake21.mp4"
gestureLabel: 2
fps: 29
pixelSizeInCmTemp: 3.4214285714285714e-01
faceCenterPointX: 266
faceCenterPointY: 79
LHandPositionsX: [ 348, 352, 367, 371, 384, 394, 398, 405, 422, 416, 415,
    402, 388, 379, 372, 376, 372, 376, 385, 403, 400, 397, 396, 392, 385,
    372, 372, 371, 371, 373, 377, 393, 391, 388, 386, 380, 377, 373, 364,
    369, 366, 368, 377, 390, 389, 387, 398, 393, 379, 372, 366, 363, 364,
    367, 376, 379, 385, 384, 384, 386, 386, 381, 374, 365, 357, 349, 345,
    341, 335, 334, 333, 333, 333, 333, 336, 333, 332, 331, 333, 330, 333,
    330, 332, 331, 331, 332, 330, 333 ]
LHandPositionsY: [ 269, 262, 244, 229, 209, 191, 181, 171, 152, 149, 140,
    133, 131, 135, 133, 135, 130, 131, 129, 127, 132, 131, 129, 133, 134,
    131, 142, 140, 145, 137, 137, 130, 136, 134, 136, 134, 137, 147, 148,
    148, 145, 144, 141, 138, 137, 137, 135, 137, 140, 151, 153, 151, 152,
    153, 152, 146, 143, 143, 143, 148, 155, 161, 170, 178, 189, 203, 212,
    228, 239, 236, 242, 245, 250, 248, 251, 251, 251, 250, 253, 252, 251,
    253, 251, 252, 254, 253, 251, 254 ]
RHandPositionsX: [ 187, 188, 188, 184, 185, 187, 186, 184, 188, 184, 184,
    184, 184, 188, 185, 184, 188, 188, 184, 184, 184, 188, 184, 186, 185,
    187, 186, 188, 187, 184, 185, 188, 187, 187, 186, 185, 186, 186, 184,
    188, 185, 186, 188, 186, 185, 184, 186, 184, 185, 187, 184, 188, 188,
    187, 184, 186, 186, 187, 184, 186, 187, 187, 187, 186, 185, 187, 185,
    187, 184, 188, 188, 185, 188, 188, 188, 186, 187, 186, 188, 185, 188,
    187, 188, 186, 184, 185, 185, 186 ]
RHandPositionsY: [ 266, 266, 266, 265, 265, 268, 266, 267, 265, 267, 269,
    269, 266, 269, 267, 269, 265, 267, 268, 266, 268, 268, 266, 267, 267,
    266, 269, 266, 266, 267, 266, 266, 266, 269, 268, 269, 267, 265, 267,
    265, 266, 269, 265, 267, 265, 269, 266, 268, 265, 269, 269, 265, 266,
    268, 267, 269, 268, 267, 265, 269, 268, 269, 265, 267, 265, 265, 267,
    266, 265, 269, 265, 269, 266, 265, 266, 266, 268, 266, 267, 265, 265,
    269, 269, 267, 268, 266, 266, 268 ]
