%YAML:1.0
---
videoName: "LHShake03.mp4"
gestureLabel: 2
fps: 30
pixelSizeInCmTemp: 3.2808219178082193e-01
faceCenterPointX: 251
faceCenterPointY: 79
LHandPositionsX: [ 341, 348, 350, 357, 358, 357, 353, 347, 337, 329, 317,
    317, 318, 314, 314, 320, 323, 330, 333, 333, 338, 339, 332, 328, 325,
    323, 324, 320, 327, 332, 332, 339, 342, 340, 336, 322, 319, 313, 309,
    310, 313, 320, 328, 334, 335, 335, 331, 329, 324, 324, 326, 329, 331,
    338, 344, 342, 336, 337, 337, 337, 336, 327, 319, 319, 313, 314, 308,
    303, 302, 300, 299, 294, 295, 293, 295, 290, 291, 289, 289, 291, 291,
    292, 288, 287, 286, 287, 288, 287, 286, 284, 286 ]
LHandPositionsY: [ 139, 133, 127, 120, 116, 108, 104, 102, 95, 97, 104,
    105, 104, 100, 99, 96, 90, 87, 86, 85, 83, 88, 87, 88, 86, 90, 91,
    92, 88, 87, 85, 82, 81, 85, 85, 90, 91, 93, 95, 93, 89, 92, 88, 89,
    85, 87, 85, 86, 89, 90, 89, 94, 92, 88, 89, 87, 91, 93, 99, 100, 112,
    132, 144, 155, 164, 177, 185, 196, 206, 214, 221, 222, 227, 228, 233,
    235, 239, 244, 247, 251, 251, 247, 248, 250, 252, 251, 252, 255, 255,
    251, 254 ]
RHandPositionsX: [ 216, 215, 216, 215, 212, 214, 215, 215, 212, 212, 214,
    213, 214, 214, 212, 211, 215, 212, 214, 214, 215, 212, 211, 213, 213,
    215, 213, 211, 214, 212, 214, 213, 213, 212, 213, 215, 211, 213, 213,
    213, 215, 212, 215, 215, 214, 211, 212, 213, 211, 214, 211, 215, 211,
    212, 212, 211, 211, 211, 213, 210, 214, 213, 211, 210, 213, 210, 210,
    211, 212, 214, 210, 213, 211, 213, 212, 211, 212, 214, 214, 210, 213,
    214, 214, 210, 212, 211, 210, 210, 211, 210, 212 ]
RHandPositionsY: [ 255, 258, 256, 254, 255, 255, 252, 253, 255, 255, 254,
    256, 253, 256, 255, 252, 253, 252, 254, 253, 255, 254, 254, 254, 254,
    251, 254, 252, 254, 254, 252, 254, 255, 251, 252, 255, 251, 254, 252,
    253, 253, 251, 251, 253, 254, 252, 251, 255, 253, 255, 254, 251, 253,
    255, 251, 252, 251, 255, 253, 253, 252, 254, 251, 251, 252, 254, 254,
    252, 254, 253, 252, 254, 255, 254, 255, 252, 253, 251, 254, 255, 255,
    253, 254, 255, 251, 255, 254, 253, 252, 254, 252 ]
