%YAML:1.0
---
videoName: "LHShake16.mp4"
gestureLabel: 2
fps: 30
pixelSizeInCmTemp: 3.3732394366197183e-01
faceCenterPointX: 247
faceCenterPointY: 66
LHandPositionsX: [ 323, 323, 326, 325, 330, 335, 344, 354, 363, 375, 383,
    393, 401, 408, 405, 402, 400, 393, 378, 361, 357, 356, 362, 371, 382,
    400, 393, 394, 388, 384, 372, 369, 369, 371, 373, 382, 391, 389, 404,
    398, 385, 372, 369, 369, 367, 371, 373, 384, 401, 405, 395, 387, 371,
    365, 363, 364, 365, 367, 377, 390, 387, 382, 387, 380, 374, 368, 359,
    349, 346, 333, 332, 333, 331, 328, 330, 330, 327, 327, 329, 328, 329,
    327, 328, 326, 325, 328, 325, 324, 327, 324, 327 ]
LHandPositionsY: [ 253, 256, 254, 254, 251, 246, 236, 223, 209, 194, 183,
    169, 152, 147, 142, 134, 123, 116, 118, 114, 118, 121, 126, 118, 112,
    116, 116, 117, 117, 116, 123, 132, 131, 133, 128, 121, 121, 122, 118,
    118, 119, 129, 135, 131, 134, 137, 131, 126, 123, 121, 121, 131, 139,
    145, 143, 145, 148, 143, 135, 125, 131, 131, 127, 130, 142, 152, 160,
    172, 183, 198, 205, 215, 225, 226, 232, 233, 239, 236, 240, 238, 241,
    243, 243, 241, 245, 241, 241, 245, 243, 241, 243 ]
RHandPositionsX: [ 177, 175, 175, 176, 179, 175, 177, 176, 177, 176, 176,
    176, 176, 178, 178, 179, 179, 179, 177, 176, 179, 179, 177, 176, 179,
    176, 179, 176, 175, 178, 178, 179, 177, 178, 178, 177, 176, 177, 175,
    177, 178, 176, 176, 176, 175, 175, 177, 178, 178, 178, 175, 176, 179,
    176, 177, 177, 178, 175, 175, 177, 175, 177, 178, 177, 178, 177, 178,
    178, 178, 176, 175, 179, 179, 177, 178, 176, 175, 177, 178, 176, 179,
    179, 176, 178, 176, 176, 176, 179, 179, 176, 179 ]
RHandPositionsY: [ 259, 258, 261, 261, 261, 261, 261, 258, 260, 260, 262,
    261, 259, 259, 262, 260, 261, 260, 262, 262, 259, 262, 260, 258, 261,
    258, 262, 259, 258, 262, 258, 259, 261, 260, 261, 262, 259, 262, 258,
    259, 258, 261, 258, 258, 260, 260, 260, 262, 262, 260, 262, 260, 260,
    260, 261, 261, 260, 260, 259, 261, 261, 261, 261, 258, 260, 261, 262,
    262, 261, 262, 259, 261, 260, 260, 261, 260, 261, 258, 261, 259, 262,
    260, 259, 259, 258, 258, 260, 259, 261, 258, 262 ]
