%YAML:1.0
---
videoName: "LHShake00.mp4"
gestureLabel: 2
fps: 29
pixelSizeInCmTemp: 3.4214285714285714e-01
faceCenterPointX: 252
faceCenterPointY: 85
LHandPositionsX: [ 353, 349, 349, 352, 354, 356, 357, 355, 353, 343, 336,
    322, 323, 321, 320, 322, 328, 334, 334, 339, 338, 340, 333, 325, 323,
    323, 326, 331, 332, 339, 338, 342, 340, 330, 322, 325, 324, 325, 330,
    335, 339, 342, 341, 342, 333, 324, 322, 325, 327, 326, 332, 337, 338,
    343, 341, 335, 327, 327, 324, 323, 326, 333, 332, 338, 339, 342, 342,
    338, 337, 335, 328, 331, 328, 328, 329, 327, 330, 331, 332, 338, 340,
    339, 338, 339, 341, 344, 340, 344 ]
LHandPositionsY: [ 255, 250, 244, 231, 209, 190, 171, 153, 137, 134, 133,
    134, 134, 137, 133, 134, 133, 131, 129, 127, 124, 127, 129, 130, 132,
    134, 133, 130, 131, 127, 124, 121, 121, 126, 132, 136, 136, 134, 134,
    131, 126, 124, 122, 121, 128, 132, 132, 131, 130, 131, 133, 125, 126,
    121, 125, 128, 127, 131, 128, 130, 126, 123, 122, 120, 120, 121, 115,
    125, 139, 149, 158, 165, 165, 171, 184, 191, 202, 209, 215, 219, 222,
    226, 229, 230, 233, 236, 234, 237 ]
RHandPositionsX: [ 156, 156, 156, 155, 153, 153, 152, 154, 155, 154, 153,
    152, 156, 153, 154, 156, 153, 152, 155, 154, 156, 153, 154, 154, 153,
    152, 155, 154, 152, 154, 153, 156, 154, 156, 156, 154, 156, 156, 153,
    155, 153, 155, 156, 152, 152, 153, 156, 155, 153, 155, 154, 156, 154,
    154, 154, 153, 155, 152, 153, 154, 153, 153, 153, 156, 152, 156, 156,
    154, 156, 155, 152, 153, 156, 154, 154, 155, 155, 156, 155, 154, 152,
    153, 156, 156, 154, 153, 153, 154 ]
RHandPositionsY: [ 275, 277, 276, 279, 277, 275, 277, 274, 272, 273, 275,
    273, 273, 270, 270, 268, 272, 271, 269, 267, 270, 267, 267, 265, 268,
    269, 266, 264, 265, 263, 267, 266, 267, 263, 263, 265, 262, 264, 263,
    265, 263, 261, 262, 260, 261, 264, 264, 263, 262, 260, 262, 264, 261,
    262, 263, 261, 264, 260, 263, 262, 262, 262, 261, 263, 260, 261, 260,
    260, 263, 261, 260, 262, 264, 264, 260, 263, 260, 262, 260, 262, 260,
    264, 262, 264, 260, 262, 264, 263 ]
