%YAML:1.0
---
videoName: "LHShake15.mp4"
gestureLabel: 2
fps: 29
pixelSizeInCmTemp: 3.3263888888888887e-01
faceCenterPointX: 252
faceCenterPointY: 65
LHandPositionsX: [ 329, 331, 331, 329, 328, 329, 330, 328, 331, 331, 338,
    341, 345, 354, 360, 363, 367, 375, 381, 384, 377, 377, 365, 360, 346,
    341, 343, 339, 347, 355, 362, 359, 357, 360, 359, 348, 331, 328, 333,
    334, 345, 353, 357, 353, 351, 354, 350, 336, 329, 329, 331, 342, 352,
    355, 355, 354, 356, 357, 343, 336, 331, 332, 332, 340, 346, 349, 348,
    349, 347, 349, 340, 334, 330, 324, 325, 321, 320, 320, 326, 324, 323,
    328, 324, 325, 324, 328, 326, 327 ]
LHandPositionsY: [ 255, 258, 256, 258, 256, 254, 257, 256, 252, 255, 242,
    230, 213, 202, 186, 173, 153, 135, 122, 117, 116, 107, 102, 104, 106,
    104, 103, 98, 98, 95, 95, 92, 93, 93, 94, 96, 97, 99, 98, 94, 97, 93,
    97, 94, 96, 97, 101, 98, 103, 100, 99, 94, 93, 94, 97, 96, 98, 101,
    101, 100, 99, 102, 97, 97, 98, 103, 102, 102, 101, 99, 105, 122, 137,
    153, 164, 179, 191, 207, 221, 231, 233, 234, 239, 239, 238, 241, 242,
    242 ]
RHandPositionsX: [ 179, 177, 177, 177, 175, 177, 175, 175, 179, 176, 177,
    176, 177, 176, 176, 177, 179, 176, 176, 179, 178, 179, 177, 175, 175,
    176, 175, 176, 179, 176, 179, 177, 179, 175, 179, 176, 178, 179, 176,
    178, 177, 178, 179, 178, 177, 175, 179, 179, 176, 177, 179, 179, 177,
    176, 177, 176, 177, 176, 179, 176, 177, 176, 176, 176, 175, 177, 178,
    176, 176, 175, 179, 178, 176, 176, 178, 178, 176, 178, 175, 175, 178,
    175, 178, 179, 177, 178, 176, 178 ]
RHandPositionsY: [ 260, 261, 258, 259, 259, 257, 257, 258, 260, 258, 258,
    257, 261, 258, 259, 261, 260, 257, 257, 260, 260, 260, 258, 257, 259,
    257, 261, 261, 258, 259, 258, 258, 257, 259, 259, 261, 257, 259, 261,
    257, 259, 257, 258, 261, 258, 259, 260, 258, 258, 261, 259, 259, 260,
    260, 258, 257, 261, 258, 261, 260, 257, 260, 260, 260, 261, 258, 257,
    257, 261, 259, 259, 261, 259, 257, 257, 261, 257, 259, 261, 258, 259,
    258, 258, 258, 261, 259, 257, 261 ]
