%YAML:1.0
---
videoName: "LHShake04.mp4"
gestureLabel: 2
fps: 30
pixelSizeInCmTemp: 3.2808219178082193e-01
faceCenterPointX: 247
faceCenterPointY: 80
LHandPositionsX: [ 281, 284, 281, 281, 283, 280, 280, 282, 279, 281, 279,
    281, 282, 282, 279, 285, 290, 297, 306, 321, 332, 347, 357, 366, 373,
    368, 364, 359, 350, 344, 335, 335, 333, 341, 348, 361, 368, 365, 356,
    345, 341, 343, 342, 344, 352, 355, 355, 356, 350, 342, 343, 343, 344,
    349, 353, 357, 355, 349, 345, 346, 346, 348, 353, 357, 364, 366, 364,
    359, 354, 347, 336, 322, 314, 304, 297, 293, 293, 287, 290, 290, 288,
    288, 289, 287, 290, 290, 288, 289, 289, 286, 285 ]
LHandPositionsY: [ 270, 272, 270, 270, 269, 269, 269, 271, 271, 271, 268,
    271, 273, 272, 271, 268, 264, 252, 241, 231, 215, 203, 188, 175, 163,
    158, 155, 149, 136, 132, 131, 132, 126, 117, 114, 113, 112, 110, 117,
    119, 128, 127, 125, 128, 119, 120, 114, 113, 117, 118, 120, 121, 120,
    116, 113, 113, 112, 113, 115, 116, 113, 112, 110, 106, 107, 104, 107,
    111, 128, 144, 155, 174, 184, 202, 211, 227, 235, 241, 243, 247, 248,
    246, 247, 248, 248, 253, 254, 251, 250, 252, 250 ]
RHandPositionsX: [ 216, 216, 218, 214, 217, 218, 215, 214, 218, 216, 214,
    214, 217, 214, 218, 216, 217, 217, 218, 215, 218, 218, 217, 215, 217,
    216, 217, 214, 216, 217, 218, 216, 215, 214, 216, 216, 217, 218, 215,
    217, 216, 214, 216, 216, 217, 214, 218, 214, 218, 215, 217, 214, 218,
    217, 215, 218, 217, 218, 218, 216, 216, 218, 215, 218, 217, 215, 215,
    216, 218, 215, 218, 218, 216, 217, 215, 218, 214, 216, 214, 216, 218,
    217, 215, 215, 214, 214, 215, 217, 215, 217, 216 ]
RHandPositionsY: [ 266, 267, 270, 268, 270, 268, 270, 267, 266, 268, 268,
    270, 267, 267, 268, 269, 269, 268, 264, 268, 268, 265, 267, 264, 266,
    264, 263, 266, 266, 264, 266, 263, 264, 264, 262, 264, 262, 263, 264,
    266, 262, 262, 265, 262, 265, 265, 265, 262, 263, 265, 261, 265, 262,
    265, 264, 265, 265, 265, 265, 263, 263, 265, 262, 264, 262, 262, 261,
    261, 264, 264, 265, 263, 263, 261, 262, 265, 265, 264, 264, 263, 264,
    265, 265, 262, 261, 265, 264, 263, 263, 264, 264 ]
