%YAML:1.0
---
videoName: "LHShake09.mp4"
gestureLabel: 2
fps: 29
pixelSizeInCmTemp: 3.3263888888888887e-01
faceCenterPointX: 259
faceCenterPointY: 67
LHandPositionsX: [ 338, 338, 338, 338, 342, 345, 347, 354, 349, 360, 361,
    367, 369, 367, 370, 363, 361, 351, 342, 332, 330, 331, 327, 332, 336,
    349, 348, 347, 349, 349, 354, 347, 340, 337, 334, 335, 338, 346, 354,
    363, 365, 366, 365, 365, 355, 344, 336, 338, 337, 335, 339, 345, 351,
    353, 356, 353, 354, 352, 343, 333, 335, 336, 332, 337, 341, 350, 355,
    352, 355, 352, 351, 341, 337, 330, 326, 320, 318, 321, 324, 326, 328,
    327, 332, 334, 332, 331, 331, 331 ]
LHandPositionsY: [ 272, 275, 274, 274, 275, 270, 263, 258, 251, 236, 231,
    216, 202, 200, 184, 176, 167, 164, 160, 157, 160, 156, 157, 154, 154,
    153, 148, 149, 147, 145, 150, 149, 151, 156, 152, 152, 156, 153, 152,
    151, 152, 153, 151, 154, 153, 157, 158, 159, 157, 156, 156, 156, 154,
    152, 152, 153, 153, 151, 152, 151, 155, 150, 153, 155, 152, 153, 151,
    150, 151, 151, 152, 157, 164, 173, 181, 193, 207, 221, 231, 243, 245,
    250, 251, 252, 256, 260, 258, 260 ]
RHandPositionsX: [ 180, 180, 176, 177, 176, 180, 178, 177, 177, 178, 179,
    176, 176, 180, 176, 179, 177, 177, 180, 176, 180, 177, 177, 176, 176,
    178, 178, 177, 179, 176, 179, 178, 180, 180, 180, 180, 178, 176, 177,
    180, 177, 177, 179, 180, 176, 176, 179, 179, 176, 179, 180, 178, 176,
    176, 178, 177, 176, 179, 177, 180, 178, 178, 179, 178, 178, 176, 180,
    178, 177, 176, 177, 176, 176, 176, 176, 177, 180, 180, 178, 176, 180,
    177, 180, 179, 176, 180, 179, 178 ]
RHandPositionsY: [ 276, 276, 278, 279, 279, 278, 277, 276, 279, 277, 275,
    279, 276, 277, 277, 275, 276, 277, 278, 276, 279, 275, 275, 278, 279,
    277, 276, 279, 278, 276, 276, 275, 277, 276, 276, 278, 275, 277, 277,
    277, 277, 277, 276, 275, 276, 275, 278, 275, 275, 279, 275, 279, 278,
    277, 278, 278, 277, 279, 277, 279, 275, 279, 278, 276, 275, 276, 275,
    277, 279, 278, 277, 276, 279, 275, 279, 277, 277, 277, 276, 277, 277,
    277, 278, 276, 275, 278, 275, 278 ]
