%YAML:1.0
---
videoName: "LHShake19.mp4"
gestureLabel: 2
fps: 29
pixelSizeInCmTemp: 3.3732394366197183e-01
faceCenterPointX: 250
faceCenterPointY: 62
LHandPositionsX: [ 306, 305, 308, 305, 306, 306, 305, 305, 307, 309, 307,
    305, 306, 307, 306, 308, 309, 314, 323, 323, 327, 324, 311, 288, 286,
    289, 293, 296, 306, 315, 314, 311, 307, 296, 286, 290, 293, 302, 310,
    316, 319, 315, 305, 290, 292, 296, 301, 307, 313, 312, 309, 309, 293,
    294, 295, 299, 305, 316, 315, 317, 312, 309, 306, 299, 297, 294, 290,
    294, 298, 299, 301, 303, 305, 305, 305, 305, 309, 311, 310, 309, 310,
    309, 311, 311, 307, 308, 311, 307 ]
LHandPositionsY: [ 248, 250, 250, 249, 251, 251, 251, 251, 249, 252, 251,
    250, 248, 250, 245, 238, 229, 217, 204, 189, 179, 168, 161, 161, 157,
    155, 159, 158, 155, 153, 153, 151, 153, 154, 151, 145, 155, 152, 155,
    151, 153, 154, 156, 147, 146, 155, 154, 153, 151, 154, 151, 157, 148,
    146, 156, 157, 157, 151, 153, 151, 155, 155, 160, 164, 167, 173, 179,
    188, 199, 208, 215, 217, 216, 223, 223, 231, 230, 236, 238, 238, 238,
    236, 238, 240, 237, 239, 238, 239 ]
RHandPositionsX: [ 196, 199, 197, 195, 199, 199, 199, 199, 198, 198, 195,
    197, 197, 195, 196, 199, 196, 197, 199, 195, 197, 198, 198, 194, 196,
    198, 195, 195, 196, 195, 197, 196, 193, 196, 196, 192, 194, 194, 194,
    191, 192, 193, 193, 192, 192, 193, 192, 192, 195, 192, 195, 195, 192,
    192, 194, 195, 194, 194, 194, 193, 195, 192, 193, 192, 194, 193, 195,
    192, 193, 194, 191, 193, 193, 193, 194, 194, 192, 191, 194, 193, 191,
    193, 193, 192, 191, 191, 195, 195 ]
RHandPositionsY: [ 256, 255, 258, 254, 255, 255, 257, 256, 256, 254, 255,
    255, 258, 254, 254, 254, 258, 258, 254, 256, 254, 254, 254, 257, 257,
    254, 254, 254, 257, 258, 254, 255, 258, 258, 254, 256, 254, 257, 257,
    257, 254, 254, 257, 258, 254, 254, 256, 257, 255, 258, 256, 257, 257,
    258, 257, 256, 257, 257, 254, 257, 257, 255, 257, 257, 255, 256, 255,
    258, 258, 256, 256, 258, 255, 254, 257, 258, 254, 255, 257, 254, 255,
    258, 256, 254, 258, 257, 257, 258 ]
