%YAML:1.0
---
videoName: "LHShake02.mp4"
gestureLabel: 2
fps: 29
pixelSizeInCmTemp: 3.3263888888888887e-01
faceCenterPointX: 249
faceCenterPointY: 82
LHandPositionsX: [ 362, 363, 360, 367, 371, 381, 384, 387, 387, 385, 382,
    377, 373, 368, 366, 365, 361, 363, 372, 377, 385, 388, 385, 381, 378,
    368, 368, 363, 362, 366, 368, 369, 375, 378, 375, 382, 379, 376, 375,
    367, 365, 359, 358, 356, 356, 361, 365, 369, 371, 369, 371, 366, 362,
    360, 355, 360, 363, 364, 370, 373, 370, 368, 366, 363, 359, 355, 350,
    345, 347, 344, 343, 343, 341, 340, 344, 345, 347, 344, 347, 349, 348,
    346, 346, 346, 348, 347, 347, 346 ]
LHandPositionsY: [ 123, 120, 120, 115, 112, 108, 111, 108, 108, 107, 108,
    109, 112, 113, 115, 115, 111, 111, 106, 106, 102, 101, 103, 103, 101,
    109, 106, 108, 107, 106, 103, 104, 99, 99, 101, 95, 95, 98, 96, 98,
    100, 104, 100, 104, 104, 104, 100, 98, 98, 101, 103, 105, 109, 107,
    108, 106, 109, 104, 105, 106, 103, 101, 105, 106, 124, 137, 151, 161,
    163, 168, 180, 186, 194, 196, 205, 213, 215, 221, 225, 230, 228, 231,
    229, 231, 232, 236, 234, 236 ]
RHandPositionsX: [ 157, 153, 154, 154, 155, 156, 155, 153, 156, 153, 153,
    157, 155, 154, 155, 157, 153, 156, 153, 155, 155, 153, 156, 157, 154,
    157, 155, 153, 154, 157, 154, 155, 155, 154, 155, 156, 156, 157, 156,
    157, 157, 156, 154, 157, 153, 155, 157, 154, 156, 153, 154, 154, 153,
    153, 156, 153, 153, 154, 156, 157, 154, 153, 157, 154, 156, 154, 153,
    154, 155, 157, 155, 156, 156, 153, 155, 156, 153, 155, 157, 156, 156,
    156, 153, 156, 153, 153, 154, 155 ]
RHandPositionsY: [ 264, 262, 265, 260, 262, 263, 262, 260, 263, 261, 262,
    262, 262, 261, 258, 259, 262, 261, 260, 259, 259, 260, 261, 259, 262,
    262, 262, 262, 259, 258, 259, 261, 260, 262, 258, 262, 262, 260, 261,
    262, 262, 259, 261, 261, 261, 261, 259, 260, 260, 259, 258, 262, 262,
    258, 262, 259, 258, 262, 259, 259, 259, 259, 260, 259, 259, 262, 260,
    258, 260, 262, 261, 258, 258, 260, 261, 258, 261, 259, 259, 258, 262,
    260, 260, 259, 261, 261, 262, 261 ]
