%YAML:1.0
---
videoName: "LHShake23.mp4"
gestureLabel: 2
fps: 30
pixelSizeInCmTemp: 3.3263888888888887e-01
faceCenterPointX: 259
faceCenterPointY: 79
LHandPositionsX: [ 334, 333, 331, 330, 332, 330, 330, 331, 330, 335, 335,
    333, 341, 344, 347, 362, 369, 370, 376, 376, 380, 379, 374, 365, 357,
    353, 352, 350, 353, 360, 373, 377, 383, 385, 384, 381, 372, 359, 359,
    362, 363, 366, 378, 386, 381, 383, 378, 374, 364, 356, 356, 353, 355,
    363, 375, 382, 383, 381, 379, 375, 368, 357, 357, 356, 357, 363, 371,
    377, 379, 380, 379, 373, 368, 363, 356, 352, 346, 343, 339, 339, 336,
    337, 338, 339, 336, 334, 336, 334, 334, 337, 334 ]
LHandPositionsY: [ 262, 265, 265, 266, 264, 266, 264, 263, 265, 260, 260,
    252, 240, 233, 229, 215, 201, 196, 192, 185, 180, 173, 165, 164, 169,
    168, 167, 169, 167, 167, 164, 159, 160, 160, 161, 163, 164, 163, 162,
    166, 164, 163, 162, 160, 161, 157, 158, 160, 162, 166, 166, 167, 169,
    167, 167, 166, 166, 162, 165, 163, 164, 168, 168, 166, 169, 170, 168,
    166, 166, 169, 167, 171, 177, 184, 192, 203, 215, 225, 241, 248, 251,
    251, 251, 250, 255, 255, 253, 252, 255, 252, 256 ]
RHandPositionsX: [ 182, 186, 183, 185, 185, 186, 183, 182, 184, 182, 185,
    185, 182, 184, 186, 186, 185, 183, 182, 186, 184, 185, 184, 184, 185,
    182, 184, 186, 185, 184, 182, 186, 184, 186, 182, 185, 185, 183, 186,
    186, 183, 183, 183, 186, 183, 185, 183, 186, 185, 183, 186, 184, 186,
    183, 185, 186, 186, 183, 185, 186, 186, 186, 183, 186, 182, 183, 184,
    186, 182, 186, 182, 182, 184, 182, 186, 183, 184, 183, 185, 185, 185,
    185, 186, 185, 183, 182, 183, 183, 184, 185, 186 ]
RHandPositionsY: [ 272, 270, 273, 270, 273, 272, 274, 270, 273, 274, 270,
    270, 271, 272, 270, 271, 272, 271, 271, 272, 273, 271, 273, 270, 270,
    273, 271, 271, 274, 271, 274, 270, 274, 274, 272, 273, 272, 272, 272,
    273, 271, 274, 272, 270, 270, 272, 272, 271, 273, 273, 274, 272, 270,
    273, 270, 271, 272, 271, 270, 274, 271, 274, 273, 271, 270, 274, 271,
    273, 270, 273, 273, 273, 272, 272, 270, 272, 270, 272, 271, 272, 273,
    273, 272, 271, 272, 273, 271, 270, 274, 272, 272 ]
