%YAML:1.0
---
videoName: "LHShake06.mp4"
gestureLabel: 2
fps: 29
pixelSizeInCmTemp: 3.3732394366197183e-01
faceCenterPointX: 250
faceCenterPointY: 80
LHandPositionsX: [ 381, 386, 389, 386, 383, 378, 373, 370, 368, 372, 374,
    385, 389, 392, 396, 396, 392, 388, 377, 374, 374, 378, 387, 391, 390,
    393, 390, 387, 385, 380, 379, 382, 382, 389, 391, 391, 390, 384, 381,
    381, 383, 384, 383, 388, 392, 391, 390, 386, 379, 380, 382, 382, 387,
    390, 396, 400, 398, 396, 391, 388, 379, 367, 362, 360, 354, 346, 338,
    329, 320, 312, 306, 306, 304, 306, 303, 304, 301, 303, 303, 299, 301,
    299, 302, 298, 300, 299, 299, 301 ]
LHandPositionsY: [ 152, 149, 146, 141, 140, 136, 139, 136, 139, 135, 133,
    127, 126, 126, 128, 126, 130, 131, 132, 133, 134, 134, 133, 130, 129,
    125, 129, 127, 126, 130, 129, 130, 126, 128, 123, 123, 128, 126, 127,
    128, 127, 125, 127, 124, 122, 126, 123, 128, 126, 127, 124, 124, 125,
    121, 121, 124, 121, 123, 125, 128, 133, 137, 147, 151, 161, 173, 190,
    208, 214, 223, 230, 236, 239, 239, 245, 249, 252, 252, 252, 251, 255,
    255, 255, 254, 256, 255, 254, 255 ]
RHandPositionsX: [ 212, 214, 211, 211, 209, 210, 212, 211, 210, 210, 209,
    210, 210, 210, 209, 213, 212, 210, 213, 211, 209, 209, 211, 209, 213,
    212, 212, 212, 209, 208, 211, 209, 211, 208, 211, 210, 209, 209, 212,
    209, 208, 211, 211, 209, 211, 211, 207, 210, 209, 208, 209, 209, 208,
    210, 207, 211, 209, 210, 210, 211, 208, 211, 209, 207, 208, 210, 207,
    211, 207, 208, 211, 211, 211, 209, 211, 208, 210, 211, 210, 210, 209,
    209, 211, 212, 213, 212, 213, 210 ]
RHandPositionsY: [ 270, 272, 270, 267, 268, 270, 267, 267, 268, 269, 270,
    266, 268, 270, 268, 266, 270, 268, 270, 268, 270, 266, 265, 269, 265,
    267, 265, 268, 268, 269, 265, 266, 267, 265, 266, 265, 266, 265, 269,
    267, 269, 269, 267, 269, 269, 269, 270, 266, 269, 265, 268, 269, 269,
    269, 269, 267, 265, 269, 266, 267, 269, 266, 265, 267, 267, 269, 266,
    266, 266, 268, 268, 267, 267, 267, 269, 268, 265, 267, 269, 265, 265,
    269, 268, 265, 266, 265, 269, 269 ]
