%YAML:1.0
---
videoName: "LHShake03.mp4"
gestureLabel: 2
fps: 30
pixelSizeInCmTemp: 3.2808219178082193e-01
faceCenterPointX: 251
faceCenterPointY: 79
LHandPositionsX: [ 345, 345, 352, 354, 356, 356, 355, 349, 335, 325, 315,
    314, 317, 314, 316, 320, 324, 330, 337, 334, 339, 337, 335, 330, 327,
    323, 322, 323, 327, 329, 335, 340, 341, 340, 335, 320, 316, 315, 309,
    311, 315, 319, 328, 332, 336, 334, 334, 328, 323, 322, 322, 326, 332,
    340, 344, 341, 339, 334, 339, 336, 337, 329, 320, 316, 314, 310, 309,
    305, 300, 297, 295, 294, 298, 296, 295, 294, 289, 292, 289, 293, 292,
    290, 289, 290, 287, 286, 286, 285, 286, 283, 287 ]
LHandPositionsY: [ 140, 134, 126, 118, 112, 107, 103, 105, 95, 97, 106,
    107, 103, 99, 95, 93, 92, 88, 87, 85, 82, 85, 87, 86, 90, 88, 89, 91,
    86, 85, 88, 84, 78, 82, 86, 89, 91, 93, 96, 97, 89, 91, 91, 86, 88,
    86, 87, 88, 89, 90, 89, 93, 89, 87, 89, 89, 94, 93, 96, 102, 114,
    132, 142, 154, 168, 176, 187, 197, 205, 212, 224, 223, 224, 227, 233,
    238, 239, 245, 245, 250, 249, 248, 249, 252, 254, 251, 252, 255, 253,
    251, 253 ]
RHandPositionsX: [ 212, 215, 216, 215, 214, 213, 214, 215, 213, 212, 212,
    215, 215, 213, 211, 213, 212, 211, 214, 215, 214, 215, 211, 214, 211,
    215, 213, 212, 211, 214, 211, 211, 213, 212, 215, 215, 211, 214, 212,
    214, 215, 212, 213, 212, 214, 214, 212, 213, 213, 211, 213, 212, 211,
    213, 213, 211, 214, 211, 212, 214, 211, 212, 211, 214, 212, 212, 213,
    214, 211, 212, 213, 212, 211, 210, 212, 212, 212, 212, 210, 213, 212,
    210, 214, 212, 214, 213, 213, 213, 210, 210, 210 ]
RHandPositionsY: [ 257, 254, 254, 258, 255, 255, 252, 256, 255, 255, 255,
    254, 255, 253, 255, 252, 256, 254, 254, 252, 255, 252, 252, 254, 252,
    255, 252, 252, 255, 252, 251, 255, 255, 253, 255, 255, 253, 255, 252,
    255, 253, 255, 255, 254, 252, 253, 255, 252, 251, 251, 254, 254, 255,
    255, 251, 251, 254, 253, 254, 251, 254, 253, 251, 252, 255, 255, 254,
    255, 252, 253, 254, 255, 253, 252, 254, 255, 253, 255, 251, 255, 254,
    255, 252, 252, 254, 252, 251, 252, 254, 252, 251 ]
