%YAML:1.0
---
videoName: "LHShake15.mp4"
gestureLabel: 2
fps: 29
pixelSizeInCmTemp: 3.3263888888888887e-01
faceCenterPointX: 252
faceCenterPointY: 65
LHandPositionsX: [ 329, 330, 327, 329, 330, 329, 331, 332, 330, 329, 337,
    340, 349, 352, 360, 363, 371, 372, 378, 380, 380, 381, 367, 358, 348,
    344, 344, 339, 348, 353, 360, 361, 357, 363, 358, 346, 334, 329, 330,
    336, 345, 351, 355, 353, 350, 356, 350, 333, 329, 331, 329, 339, 351,
    355, 355, 350, 355, 356, 341, 335, 334, 333, 336, 339, 346, 352, 351,
    348, 349, 351, 342, 332, 326, 325, 322, 321, 321, 322, 325, 325, 326,
    328, 327, 324, 324, 328, 326, 325 ]
LHandPositionsY: [ 256, 258, 255, 257, 255, 256, 257, 256, 254, 254, 243,
    227, 213, 199, 186, 172, 156, 135, 122, 121, 118, 104, 104, 102, 107,
    102, 102, 99, 101, 96, 94, 96, 94, 94, 93, 98, 100, 98, 97, 94, 96,
    94, 97, 96, 96, 96, 100, 98, 100, 100, 96, 95, 94, 94, 96, 96, 97,
    99, 100, 100, 102, 101, 97, 97, 99, 103, 99, 98, 103, 101, 105, 123,
    138, 153, 166, 177, 195, 205, 220, 233, 232, 236, 239, 241, 242, 239,
    239, 240 ]
RHandPositionsX: [ 177, 175, 177, 179, 179, 177, 176, 175, 176, 179, 178,
    177, 178, 178, 175, 179, 175, 178, 176, 179, 176, 178, 177, 179, 175,
    176, 176, 176, 176, 176, 175, 177, 177, 175, 179, 175, 177, 179, 177,
    175, 176, 175, 178, 177, 177, 176, 176, 176, 177, 175, 175, 178, 178,
    177, 178, 179, 177, 178, 175, 177, 178, 178, 177, 179, 176, 176, 179,
    176, 179, 175, 176, 177, 175, 178, 179, 178, 178, 176, 175, 176, 176,
    175, 176, 179, 175, 175, 175, 179 ]
RHandPositionsY: [ 258, 261, 259, 257, 261, 257, 258, 261, 259, 259, 257,
    258, 258, 261, 259, 258, 259, 259, 258, 257, 261, 258, 258, 261, 257,
    260, 258, 257, 258, 259, 261, 259, 260, 257, 257, 258, 259, 259, 257,
    258, 260, 257, 258, 260, 260, 261, 259, 259, 261, 261, 258, 257, 261,
    258, 257, 257, 257, 257, 259, 257, 258, 257, 260, 258, 259, 260, 259,
    261, 257, 257, 259, 257, 258, 260, 260, 259, 258, 261, 261, 259, 259,
    257, 261, 259, 259, 258, 260, 257 ]
