%YAML:1.0
---
videoName: "LHShake19.mp4"
gestureLabel: 2
fps: 29
pixelSizeInCmTemp: 3.3732394366197183e-01
faceCenterPointX: 250
faceCenterPointY: 62
LHandPositionsX: [ 305, 306, 305, 308, 309, 307, 306, 308, 305, 305, 309,
    307, 309, 306, 309, 308, 309, 316, 322, 323, 325, 320, 311, 291, 285,
    288, 290, 300, 307, 315, 313, 313, 306, 297, 290, 287, 293, 301, 312,
    316, 318, 311, 307, 292, 293, 293, 297, 308, 312, 315, 312, 305, 295,
    291, 298, 299, 306, 314, 316, 318, 313, 309, 305, 300, 295, 293, 292,
    293, 298, 300, 303, 304, 304, 304, 307, 305, 307, 311, 309, 310, 307,
    311, 311, 309, 310, 310, 310, 308 ]
LHandPositionsY: [ 252, 250, 251, 250, 248, 248, 252, 250, 252, 250, 251,
    251, 250, 250, 244, 237, 226, 217, 201, 188, 177, 168, 162, 162, 157,
    153, 157, 159, 153, 155, 153, 151, 154, 154, 151, 147, 154, 153, 152,
    153, 152, 153, 155, 147, 145, 152, 152, 152, 154, 151, 154, 155, 148,
    147, 156, 154, 157, 154, 153, 153, 154, 156, 157, 163, 165, 173, 180,
    189, 200, 208, 214, 214, 218, 222, 227, 228, 233, 234, 238, 236, 238,
    236, 236, 239, 237, 237, 241, 237 ]
RHandPositionsX: [ 199, 195, 197, 199, 198, 199, 199, 196, 195, 199, 199,
    199, 198, 197, 196, 197, 197, 198, 195, 198, 195, 199, 195, 195, 195,
    197, 196, 195, 194, 196, 195, 196, 196, 196, 196, 194, 192, 193, 195,
    194, 191, 194, 193, 191, 193, 195, 195, 192, 193, 195, 194, 194, 191,
    195, 191, 195, 192, 195, 191, 191, 194, 194, 194, 192, 191, 191, 194,
    194, 194, 193, 195, 193, 193, 195, 191, 193, 191, 192, 191, 194, 191,
    195, 192, 195, 191, 192, 194, 192 ]
RHandPositionsY: [ 255, 256, 258, 257, 256, 257, 257, 256, 257, 256, 255,
    256, 258, 258, 256, 257, 256, 257, 256, 255, 256, 257, 257, 257, 258,
    254, 254, 258, 255, 254, 255, 255, 257, 256, 254, 256, 257, 255, 256,
    257, 254, 256, 255, 255, 255, 254, 256, 258, 254, 256, 258, 258, 255,
    256, 254, 256, 256, 254, 257, 257, 258, 258, 256, 257, 257, 257, 256,
    256, 256, 254, 254, 256, 257, 258, 256, 254, 256, 258, 254, 256, 257,
    257, 256, 256, 258, 258, 255, 254 ]
