%YAML:1.0
---
videoName: "LHShake00.mp4"
gestureLabel: 2
fps: 29
pixelSizeInCmTemp: 3.4214285714285714e-01
faceCenterPointX: 252
faceCenterPointY: 85
LHandPositionsX: [ 350, 352, 349, 350, 355, 358, 360, 354, 352, 341, 335,
    322, 323, 325, 323, 325, 326, 333, 337, 338, 338, 339, 332, 326, 326,
    326, 327, 330, 333, 337, 339, 339, 337, 334, 324, 321, 325, 329, 332,
    338, 341, 343, 340, 339, 335, 327, 326, 324, 328, 328, 334, 338, 339,
    344, 340, 337, 329, 326, 323, 326, 328, 332, 335, 339, 339, 342, 340,
    340, 335, 332, 332, 327, 327, 329, 327, 328, 329, 334, 335, 336, 338,
    338, 341, 342, 343, 342, 341, 343 ]
LHandPositionsY: [ 256, 250, 247, 232, 212, 190, 168, 149, 135, 133, 135,
    134, 138, 133, 133, 135, 132, 132, 128, 126, 127, 126, 131, 132, 134,
    131, 132, 130, 129, 127, 125, 123, 123, 126, 136, 136, 134, 135, 131,
    131, 128, 126, 120, 122, 126, 133, 134, 132, 131, 131, 129, 128, 126,
    124, 122, 127, 129, 129, 130, 130, 127, 122, 123, 121, 120, 118, 119,
    124, 137, 147, 161, 164, 162, 171, 185, 192, 200, 209, 211, 220, 224,
    226, 227, 231, 234, 235, 234, 236 ]
RHandPositionsX: [ 154, 155, 155, 152, 152, 154, 156, 155, 154, 154, 155,
    154, 154, 152, 155, 155, 153, 156, 156, 156, 154, 156, 154, 155, 156,
    156, 156, 154, 152, 152, 156, 152, 156, 153, 155, 152, 155, 155, 154,
    156, 156, 154, 155, 156, 153, 153, 154, 153, 156, 154, 155, 153, 154,
    152, 153, 156, 154, 152, 152, 152, 156, 155, 156, 152, 153, 153, 152,
    156, 155, 153, 156, 152, 153, 156, 155, 154, 155, 155, 155, 154, 155,
    155, 152, 154, 156, 152, 155, 152 ]
RHandPositionsY: [ 275, 275, 278, 278, 275, 277, 273, 272, 273, 274, 272,
    270, 270, 269, 269, 271, 268, 268, 270, 268, 270, 268, 268, 266, 269,
    265, 265, 267, 265, 266, 263, 267, 267, 263, 263, 264, 262, 265, 263,
    261, 263, 263, 264, 260, 262, 260, 263, 264, 263, 264, 263, 261, 262,
    260, 264, 262, 263, 264, 260, 263, 261, 260, 260, 263, 260, 260, 263,
    263, 264, 260, 260, 260, 262, 262, 261, 264, 262, 260, 261, 260, 264,
    263, 261, 263, 263, 264, 264, 263 ]
