%YAML:1.0
---
videoName: "LHShake23.mp4"
gestureLabel: 2
fps: 30
pixelSizeInCmTemp: 3.3263888888888887e-01
faceCenterPointX: 259
faceCenterPointY: 79
LHandPositionsX: [ 334, 332, 331, 331, 333, 331, 331, 331, 330, 333, 335,
    337, 338, 345, 350, 360, 367, 373, 373, 377, 378, 381, 376, 365, 357,
    350, 351, 352, 354, 364, 372, 379, 385, 383, 386, 377, 371, 359, 360,
    358, 361, 367, 377, 385, 383, 381, 379, 375, 361, 357, 355, 353, 358,
    362, 371, 379, 381, 379, 380, 373, 365, 355, 358, 358, 357, 364, 374,
    379, 378, 376, 380, 373, 371, 362, 355, 352, 349, 346, 339, 341, 338,
    339, 338, 336, 336, 338, 336, 336, 338, 333, 333 ]
LHandPositionsY: [ 265, 263, 265, 263, 263, 262, 263, 264, 261, 263, 259,
    252, 243, 233, 230, 213, 199, 195, 192, 189, 181, 173, 166, 164, 168,
    170, 170, 171, 168, 167, 161, 159, 158, 161, 159, 161, 164, 163, 164,
    165, 167, 165, 163, 158, 161, 160, 158, 160, 162, 164, 163, 167, 169,
    166, 163, 164, 163, 165, 162, 164, 167, 168, 168, 166, 169, 169, 167,
    170, 169, 165, 168, 172, 178, 183, 194, 202, 213, 226, 241, 249, 248,
    253, 250, 252, 251, 255, 256, 254, 253, 253, 253 ]
RHandPositionsX: [ 186, 185, 185, 183, 186, 184, 182, 184, 186, 185, 183,
    183, 185, 183, 182, 186, 184, 182, 186, 183, 186, 182, 183, 183, 182,
    183, 182, 184, 183, 186, 186, 182, 185, 183, 185, 184, 183, 185, 182,
    185, 182, 185, 185, 184, 182, 182, 184, 185, 186, 185, 185, 183, 183,
    182, 183, 183, 186, 185, 182, 183, 184, 185, 183, 183, 184, 183, 183,
    186, 183, 182, 186, 182, 183, 183, 185, 186, 186, 185, 182, 184, 184,
    183, 184, 184, 185, 185, 184, 182, 185, 186, 183 ]
RHandPositionsY: [ 270, 274, 272, 270, 272, 273, 272, 271, 271, 273, 271,
    271, 270, 272, 274, 272, 271, 273, 274, 271, 271, 273, 272, 271, 272,
    272, 272, 272, 274, 270, 270, 273, 271, 270, 274, 272, 273, 274, 273,
    272, 273, 273, 272, 273, 273, 271, 272, 271, 273, 273, 270, 270, 270,
    271, 270, 274, 272, 274, 272, 272, 273, 271, 270, 272, 274, 270, 272,
    273, 273, 270, 270, 271, 271, 273, 274, 274, 274, 274, 270, 272, 273,
    271, 270, 272, 272, 274, 270, 272, 270, 273, 270 ]
