%YAML:1.0
---
videoName: "LHShake16.mp4"
gestureLabel: 2
fps: 30
pixelSizeInCmTemp: 3.3732394366197183e-01
faceCenterPointX: 247
faceCenterPointY: 66
LHandPositionsX: [ 326, 326, 326, 326, 330, 337, 344, 351, 361, 374, 383,
    392, 405, 408, 406, 402, 398, 391, 377, 365, 356, 357, 364, 373, 380,
    399, 394, 391, 390, 386, 374, 369, 370, 371, 371, 380, 388, 389, 404,
    395, 387, 372, 369, 366, 366, 370, 372, 386, 401, 408, 399, 385, 370,
    362, 361, 364, 362, 369, 375, 392, 387, 384, 390, 383, 374, 368, 358,
    349, 345, 336, 336, 334, 331, 330, 329, 331, 331, 328, 329, 329, 330,
    329, 328, 326, 325, 329, 328, 326, 326, 327, 326 ]
LHandPositionsY: [ 253, 252, 254, 250, 252, 244, 236, 223, 207, 195, 179,
    166, 153, 147, 140, 138, 124, 116, 116, 114, 116, 119, 123, 117, 115,
    113, 118, 120, 118, 115, 123, 132, 128, 133, 126, 120, 121, 123, 120,
    118, 116, 125, 131, 131, 135, 135, 130, 127, 126, 121, 123, 128, 138,
    144, 143, 146, 144, 146, 135, 126, 130, 129, 123, 134, 142, 150, 158,
    171, 180, 199, 207, 213, 227, 227, 232, 232, 238, 236, 237, 240, 240,
    243, 243, 244, 243, 244, 244, 245, 242, 244, 243 ]
RHandPositionsX: [ 176, 179, 175, 178, 178, 178, 178, 179, 179, 176, 177,
    179, 178, 178, 177, 175, 176, 177, 177, 179, 177, 175, 177, 177, 175,
    176, 179, 177, 175, 176, 179, 179, 178, 176, 177, 177, 178, 175, 175,
    179, 175, 179, 177, 175, 177, 179, 179, 178, 178, 176, 179, 177, 179,
    176, 178, 177, 176, 179, 178, 178, 175, 179, 177, 176, 178, 178, 178,
    179, 178, 179, 175, 177, 178, 175, 179, 175, 176, 177, 176, 177, 178,
    177, 177, 176, 177, 177, 179, 178, 176, 177, 175 ]
RHandPositionsY: [ 259, 259, 261, 259, 262, 260, 261, 258, 258, 262, 258,
    258, 258, 258, 258, 259, 262, 260, 259, 259, 260, 262, 261, 259, 261,
    262, 259, 260, 262, 260, 259, 260, 261, 258, 260, 261, 260, 261, 260,
    261, 258, 260, 260, 259, 260, 258, 259, 262, 261, 260, 260, 259, 258,
    262, 258, 260, 258, 261, 261, 262, 259, 258, 262, 260, 262, 260, 258,
    260, 262, 259, 262, 258, 262, 260, 260, 258, 261, 258, 259, 259, 260,
    258, 262, 262, 261, 262, 258, 262, 261, 260, 262 ]
