%YAML:1.0
---
videoName: "LHShake09.mp4"
gestureLabel: 2
fps: 29
pixelSizeInCmTemp: 3.3263888888888887e-01
faceCenterPointX: 259
faceCenterPointY: 67
LHandPositionsX: [ 340, 336, 337, 339, 343, 344, 349, 351, 350, 359, 357,
    366, 371, 368, 369, 367, 361, 351, 342, 333, 330, 334, 328, 331, 339,
    348, 350, 349, 349, 349, 350, 349, 340, 339, 338, 338, 339, 345, 352,
    362, 369, 362, 367, 363, 356, 343, 340, 335, 335, 335, 337, 345, 354,
    355, 355, 356, 357, 349, 340, 335, 334, 334, 333, 337, 344, 348, 356,
    355, 353, 354, 348, 343, 339, 331, 325, 320, 317, 321, 321, 328, 326,
    329, 329, 334, 335, 334, 332, 335 ]
LHandPositionsY: [ 274, 271, 271, 271, 273, 272, 263, 257, 249, 239, 232,
    214, 201, 198, 186, 176, 169, 161, 156, 157, 159, 157, 156, 156, 150,
    150, 146, 149, 147, 146, 150, 153, 153, 155, 155, 155, 156, 156, 154,
    155, 155, 153, 151, 154, 156, 153, 158, 158, 157, 154, 153, 153, 155,
    153, 153, 149, 150, 152, 150, 153, 152, 151, 153, 151, 152, 151, 152,
    149, 151, 148, 152, 157, 164, 170, 183, 191, 204, 220, 231, 241, 245,
    249, 250, 255, 258, 257, 260, 258 ]
RHandPositionsX: [ 180, 179, 180, 179, 180, 178, 177, 179, 177, 178, 176,
    177, 178, 177, 176, 180, 176, 180, 176, 180, 177, 177, 176, 180, 180,
    178, 177, 179, 177, 177, 180, 178, 176, 177, 179, 176, 180, 178, 178,
    178, 178, 179, 176, 178, 178, 177, 176, 178, 177, 180, 180, 176, 179,
    179, 177, 179, 180, 177, 178, 177, 179, 178, 179, 178, 178, 180, 178,
    179, 179, 177, 179, 177, 179, 179, 180, 176, 176, 176, 178, 177, 180,
    176, 179, 178, 176, 176, 176, 179 ]
RHandPositionsY: [ 276, 278, 277, 275, 275, 275, 276, 277, 276, 279, 276,
    279, 277, 279, 275, 275, 276, 277, 279, 276, 275, 275, 275, 275, 277,
    278, 277, 276, 275, 275, 276, 279, 275, 279, 278, 275, 277, 277, 277,
    278, 277, 278, 275, 279, 275, 276, 279, 277, 277, 278, 275, 278, 277,
    275, 275, 278, 275, 278, 278, 278, 278, 275, 279, 279, 277, 278, 277,
    277, 279, 276, 275, 275, 275, 279, 276, 279, 279, 277, 278, 275, 278,
    279, 279, 277, 277, 276, 275, 277 ]
