%YAML:1.0
---
videoName: "LHShake15.mp4"
gestureLabel: 2
fps: 29
pixelSizeInCmTemp: 3.3263888888888887e-01
faceCenterPointX: 252
faceCenterPointY: 65
LHandPositionsX: [ 331, 327, 331, 331, 328, 331, 327, 330, 331, 328, 336,
    340, 348, 353, 360, 362, 367, 375, 380, 381, 377, 381, 364, 361, 348,
    344, 344, 341, 349, 353, 363, 360, 358, 360, 357, 345, 334, 331, 329,
    337, 347, 351, 357, 354, 350, 355, 348, 334, 327, 327, 328, 343, 351,
    354, 351, 350, 357, 354, 344, 334, 333, 332, 332, 341, 343, 351, 348,
    350, 347, 351, 340, 333, 328, 325, 325, 319, 320, 322, 322, 327, 323,
    327, 325, 325, 325, 328, 328, 328 ]
LHandPositionsY: [ 256, 258, 257, 257, 254, 256, 255, 254, 255, 252, 241,
    230, 215, 202, 184, 173, 156, 137, 122, 118, 119, 107, 102, 100, 105,
    103, 103, 98, 100, 97, 91, 93, 97, 93, 94, 95, 99, 97, 100, 98, 96,
    94, 94, 97, 96, 98, 100, 99, 101, 100, 96, 95, 92, 96, 95, 96, 94,
    99, 102, 102, 101, 100, 97, 98, 99, 101, 98, 100, 103, 101, 105, 122,
    135, 149, 164, 179, 191, 205, 217, 233, 233, 233, 241, 237, 239, 241,
    240, 240 ]
RHandPositionsX: [ 178, 179, 177, 177, 176, 179, 175, 177, 179, 177, 176,
    179, 178, 177, 175, 179, 178, 179, 179, 175, 178, 176, 178, 179, 179,
    175, 177, 178, 175, 179, 177, 178, 177, 178, 177, 177, 176, 179, 175,
    178, 175, 175, 177, 175, 175, 178, 176, 179, 179, 179, 178, 177, 178,
    175, 178, 175, 179, 177, 179, 177, 179, 176, 176, 175, 176, 179, 179,
    178, 176, 179, 179, 178, 177, 179, 176, 175, 175, 177, 175, 179, 178,
    178, 175, 177, 178, 175, 176, 178 ]
RHandPositionsY: [ 259, 261, 259, 259, 261, 258, 258, 259, 257, 260, 260,
    260, 261, 261, 258, 259, 261, 261, 259, 259, 257, 261, 259, 260, 260,
    261, 261, 260, 261, 259, 259, 261, 261, 260, 260, 257, 258, 261, 259,
    260, 257, 260, 258, 259, 259, 261, 257, 259, 259, 257, 258, 259, 258,
    258, 260, 257, 258, 261, 258, 260, 261, 258, 260, 258, 261, 258, 261,
    260, 258, 259, 257, 260, 257, 258, 260, 260, 258, 260, 258, 257, 258,
    257, 259, 257, 258, 261, 259, 258 ]
