%YAML:1.0
---
videoName: "LHShake20.mp4"
gestureLabel: 2
fps: 30
pixelSizeInCmTemp: 3.3732394366197183e-01
faceCenterPointX: 249
faceCenterPointY: 62
LHandPositionsX: [ 315, 314, 316, 315, 312, 316, 315, 312, 318, 318, 321,
    328, 336, 338, 344, 337, 330, 321, 315, 315, 312, 314, 319, 326, 339,
    340, 340, 338, 329, 320, 317, 320, 316, 325, 333, 342, 342, 339, 331,
    322, 325, 321, 322, 325, 333, 333, 327, 329, 322, 321, 322, 318, 322,
    327, 326, 326, 327, 325, 324, 317, 321, 320, 318, 318, 320, 321, 323,
    319, 315, 317, 315, 315, 316, 313, 316, 313, 316, 313, 313, 314, 316,
    312, 315, 314, 316, 315, 314, 314, 314, 313, 314 ]
LHandPositionsY: [ 248, 246, 248, 247, 247, 246, 248, 243, 235, 226, 216,
    203, 191, 176, 170, 163, 160, 158, 158, 161, 161, 158, 150, 147, 144,
    143, 146, 143, 144, 143, 146, 148, 147, 144, 145, 143, 141, 143, 142,
    145, 149, 145, 144, 143, 144, 140, 139, 139, 144, 145, 148, 147, 148,
    141, 141, 135, 138, 136, 135, 145, 144, 144, 144, 146, 148, 148, 159,
    169, 181, 188, 202, 216, 213, 220, 225, 226, 229, 228, 232, 229, 232,
    233, 235, 236, 237, 236, 239, 240, 237, 236, 236 ]
RHandPositionsX: [ 181, 179, 180, 182, 183, 182, 181, 183, 183, 180, 183,
    183, 183, 182, 179, 179, 179, 182, 181, 180, 183, 183, 183, 183, 180,
    182, 179, 181, 182, 182, 179, 182, 180, 183, 179, 181, 180, 180, 182,
    181, 180, 183, 181, 181, 180, 179, 180, 181, 183, 180, 180, 179, 180,
    179, 183, 179, 183, 182, 181, 183, 181, 182, 179, 180, 179, 182, 179,
    181, 183, 182, 180, 179, 179, 183, 183, 179, 179, 182, 182, 181, 181,
    180, 182, 179, 180, 178, 181, 179, 181, 178, 182 ]
RHandPositionsY: [ 256, 255, 256, 255, 254, 255, 253, 255, 256, 256, 254,
    254, 255, 252, 256, 253, 254, 254, 253, 254, 256, 253, 256, 252, 253,
    252, 255, 256, 254, 254, 253, 252, 252, 255, 255, 252, 253, 255, 254,
    255, 255, 251, 253, 255, 255, 255, 251, 255, 254, 255, 253, 255, 254,
    254, 254, 251, 253, 254, 254, 253, 252, 251, 251, 253, 252, 255, 251,
    254, 251, 255, 254, 254, 253, 252, 253, 251, 252, 252, 254, 251, 253,
    255, 254, 253, 253, 254, 251, 251, 254, 253, 255 ]
