%YAML:1.0
---
videoName: "LHShake17.mp4"
gestureLabel: 2
fps: 30
pixelSizeInCmTemp: 3.3732394366197183e-01
faceCenterPointX: 248
faceCenterPointY: 64
LHandPositionsX: [ 325, 322, 322, 325, 324, 326, 325, 324, 329, 336, 344,
    353, 364, 377, 386, 398, 405, 407, 404, 387, 373, 360, 351, 350, 351,
    358, 368, 379, 375, 380, 373, 364, 350, 347, 348, 346, 354, 365, 370,
    364, 367, 363, 353, 351, 349, 355, 364, 374, 376, 373, 375, 369, 362,
    351, 349, 348, 350, 354, 361, 363, 363, 366, 365, 355, 351, 345, 341,
    337, 337, 332, 332, 330, 329, 330, 332, 331, 326, 329, 327, 326, 324,
    327, 326, 326, 325, 324, 323, 325, 327, 326, 326 ]
LHandPositionsY: [ 248, 250, 250, 251, 250, 249, 247, 247, 244, 231, 215,
    203, 188, 171, 156, 142, 130, 120, 112, 112, 122, 129, 135, 134, 138,
    133, 121, 119, 118, 119, 118, 130, 138, 142, 141, 137, 125, 119, 119,
    117, 117, 114, 129, 132, 133, 136, 125, 118, 123, 121, 123, 119, 133,
    139, 141, 140, 138, 124, 122, 124, 124, 121, 121, 131, 137, 143, 154,
    162, 171, 181, 195, 207, 219, 221, 222, 228, 234, 234, 234, 233, 238,
    237, 238, 239, 235, 236, 235, 235, 237, 238, 239 ]
RHandPositionsX: [ 179, 177, 177, 179, 180, 178, 177, 179, 177, 176, 176,
    176, 180, 177, 177, 178, 177, 177, 176, 180, 180, 180, 177, 180, 179,
    180, 178, 179, 177, 176, 176, 176, 179, 176, 179, 175, 176, 177, 177,
    174, 178, 175, 174, 178, 174, 174, 177, 178, 178, 176, 177, 174, 175,
    174, 177, 178, 174, 174, 178, 174, 176, 174, 178, 176, 178, 178, 177,
    177, 175, 175, 176, 175, 174, 178, 178, 175, 176, 174, 178, 177, 177,
    176, 175, 177, 178, 177, 177, 176, 177, 176, 174 ]
RHandPositionsY: [ 260, 256, 260, 256, 256, 256, 260, 260, 259, 257, 260,
    259, 256, 258, 258, 258, 259, 258, 258, 260, 258, 257, 257, 260, 257,
    256, 257, 256, 259, 258, 260, 259, 258, 259, 258, 257, 256, 258, 258,
    258, 258, 260, 257, 256, 259, 258, 260, 256, 259, 258, 258, 257, 258,
    256, 258, 257, 260, 256, 256, 257, 259, 257, 258, 257, 258, 258, 257,
    257, 256, 260, 257, 260, 257, 260, 257, 259, 259, 258, 256, 256, 259,
    258, 259, 258, 258, 256, 259, 260, 257, 260, 257 ]
