%YAML:1.0
---
videoName: "LHShake15.mp4"
gestureLabel: 2
fps: 29
pixelSizeInCmTemp: 3.3263888888888887e-01
faceCenterPointX: 252
faceCenterPointY: 65
LHandPositionsX: [ 330, 330, 330, 329, 329, 329, 327, 329, 333, 331, 336,
    342, 346, 352, 356, 362, 368, 374, 377, 383, 378, 377, 366, 357, 348,
    343, 343, 340, 345, 355, 360, 360, 358, 359, 357, 347, 333, 330, 333,
    336, 346, 355, 354, 354, 351, 355, 349, 336, 327, 329, 330, 339, 353,
    358, 355, 354, 356, 355, 341, 334, 334, 333, 334, 341, 343, 349, 351,
    350, 349, 347, 342, 335, 330, 326, 324, 320, 319, 320, 325, 323, 327,
    324, 327, 324, 327, 325, 325, 324 ]
LHandPositionsY: [ 257, 254, 254, 255, 256, 254, 256, 255, 253, 253, 243,
    230, 216, 199, 186, 172, 153, 136, 121, 118, 118, 108, 103, 104, 107,
    106, 103, 99, 99, 96, 95, 96, 97, 94, 96, 99, 101, 98, 99, 97, 94,
    94, 98, 95, 97, 98, 101, 102, 101, 98, 98, 94, 93, 95, 94, 96, 97,
    102, 101, 100, 103, 102, 100, 97, 101, 102, 100, 102, 103, 99, 105,
    122, 138, 152, 167, 181, 193, 206, 220, 233, 232, 233, 240, 239, 241,
    237, 243, 241 ]
RHandPositionsX: [ 177, 178, 179, 175, 175, 179, 178, 179, 176, 176, 176,
    178, 179, 179, 177, 179, 178, 175, 175, 179, 175, 176, 178, 175, 176,
    179, 176, 175, 176, 178, 177, 176, 179, 177, 176, 176, 179, 177, 177,
    178, 178, 175, 177, 179, 177, 178, 178, 175, 176, 176, 176, 178, 176,
    179, 176, 175, 175, 176, 177, 175, 176, 178, 178, 176, 175, 179, 179,
    179, 179, 178, 179, 179, 179, 177, 179, 175, 176, 176, 179, 179, 175,
    177, 175, 177, 179, 178, 177, 176 ]
RHandPositionsY: [ 259, 261, 260, 261, 259, 257, 261, 258, 261, 260, 259,
    258, 260, 260, 257, 258, 260, 257, 260, 259, 257, 257, 261, 261, 260,
    260, 261, 258, 261, 261, 261, 257, 260, 258, 259, 257, 261, 258, 257,
    261, 260, 258, 258, 259, 258, 258, 261, 258, 259, 261, 257, 260, 258,
    257, 260, 260, 258, 260, 257, 260, 257, 257, 259, 258, 261, 259, 260,
    261, 260, 259, 257, 257, 257, 259, 258, 261, 258, 261, 258, 258, 261,
    258, 258, 260, 258, 261, 260, 257 ]
