%YAML:1.0
---
videoName: "LHShake05.mp4"
gestureLabel: 2
fps: 30
pixelSizeInCmTemp: 3.2364864864864862e-01
faceCenterPointX: 252
faceCenterPointY: 81
LHandPositionsX: [ 291, 295, 292, 293, 294, 291, 292, 294, 291, 290, 294,
    298, 303, 314, 320, 331, 340, 340, 342, 338, 342, 337, 329, 332, 331,
    332, 333, 337, 341, 345, 345, 340, 329, 323, 324, 325, 330, 334, 334,
    337, 339, 331, 322, 320, 320, 322, 328, 333, 335, 339, 335, 326, 325,
    324, 323, 327, 329, 335, 338, 337, 335, 331, 329, 331, 332, 336, 339,
    340, 338, 335, 335, 324, 322, 316, 309, 306, 305, 302, 298, 293, 293,
    294, 294, 291, 293, 292, 295, 293, 291, 295, 296 ]
LHandPositionsY: [ 266, 266, 270, 268, 266, 265, 266, 264, 265, 253, 240,
    228, 212, 201, 185, 175, 164, 164, 158, 157, 151, 156, 156, 156, 156,
    150, 147, 146, 138, 136, 135, 136, 145, 149, 145, 149, 143, 138, 138,
    133, 134, 140, 140, 144, 143, 144, 137, 136, 132, 131, 134, 139, 141,
    143, 144, 141, 142, 140, 137, 138, 138, 144, 143, 143, 142, 140, 141,
    137, 139, 137, 140, 148, 162, 167, 180, 190, 197, 209, 221, 230, 233,
    234, 241, 243, 245, 247, 251, 250, 254, 256, 258 ]
RHandPositionsX: [ 210, 212, 210, 213, 214, 212, 210, 213, 211, 213, 212,
    212, 213, 210, 213, 211, 211, 209, 211, 211, 209, 212, 212, 210, 208,
    207, 209, 208, 211, 209, 209, 209, 209, 208, 210, 206, 210, 209, 206,
    207, 210, 207, 210, 206, 207, 209, 206, 207, 210, 206, 207, 209, 208,
    209, 210, 208, 206, 210, 207, 208, 210, 210, 207, 210, 208, 209, 206,
    208, 206, 209, 207, 208, 209, 210, 210, 206, 210, 207, 210, 210, 209,
    207, 210, 206, 207, 207, 209, 212, 209, 208, 209 ]
RHandPositionsY: [ 265, 264, 262, 265, 264, 265, 266, 262, 266, 263, 264,
    264, 264, 265, 266, 263, 263, 263, 264, 264, 263, 264, 262, 263, 262,
    263, 263, 262, 263, 262, 263, 264, 266, 262, 265, 264, 263, 265, 264,
    265, 263, 262, 265, 265, 262, 263, 265, 265, 263, 265, 261, 262, 265,
    263, 262, 265, 265, 262, 264, 262, 261, 261, 264, 261, 263, 263, 264,
    262, 265, 262, 261, 264, 265, 262, 264, 261, 263, 261, 262, 261, 263,
    265, 265, 264, 263, 265, 263, 265, 261, 262, 262 ]
