%YAML:1.0
---
videoName: "LHShake24.mp4"
gestureLabel: 2
fps: 30
pixelSizeInCmTemp: 3.4214285714285714e-01
faceCenterPointX: 255
faceCenterPointY: 77
LHandPositionsX: [ 330, 330, 328, 327, 326, 326, 330, 327, 330, 332, 330,
    336, 339, 346, 353, 363, 367, 376, 382, 378, 383, 381, 372, 361, 350,
    341, 343, 341, 342, 351, 358, 367, 376, 377, 374, 374, 366, 356, 343,
    340, 339, 336, 345, 355, 364, 366, 364, 368, 361, 354, 345, 338, 340,
    342, 343, 354, 363, 371, 367, 372, 367, 361, 353, 344, 347, 344, 345,
    352, 360, 367, 370, 367, 366, 361, 348, 343, 338, 335, 329, 324, 326,
    326, 325, 327, 326, 325, 328, 325, 326, 324, 328 ]
LHandPositionsY: [ 264, 261, 262, 260, 261, 261, 264, 263, 261, 261, 258,
    258, 249, 234, 224, 210, 193, 183, 173, 171, 158, 154, 152, 153, 158,
    162, 162, 163, 161, 160, 156, 150, 149, 149, 147, 146, 147, 149, 151,
    156, 153, 154, 152, 151, 149, 150, 149, 149, 152, 153, 158, 164, 160,
    164, 163, 162, 159, 157, 159, 157, 156, 157, 162, 165, 164, 162, 161,
    160, 160, 159, 158, 160, 159, 159, 160, 165, 168, 181, 190, 195, 206,
    221, 228, 229, 236, 238, 241, 248, 246, 247, 246 ]
RHandPositionsX: [ 181, 181, 180, 181, 182, 179, 183, 179, 183, 182, 181,
    181, 183, 179, 180, 183, 181, 182, 182, 179, 179, 180, 179, 180, 183,
    179, 181, 180, 181, 183, 183, 181, 180, 181, 179, 182, 183, 181, 182,
    179, 180, 183, 179, 183, 182, 182, 183, 181, 180, 180, 180, 183, 183,
    180, 181, 181, 181, 182, 179, 179, 182, 182, 182, 181, 180, 179, 181,
    180, 182, 179, 179, 179, 183, 179, 179, 181, 179, 183, 180, 179, 183,
    183, 180, 180, 180, 181, 181, 183, 179, 183, 179 ]
RHandPositionsY: [ 270, 271, 268, 270, 267, 267, 269, 270, 267, 269, 268,
    269, 271, 271, 269, 267, 268, 270, 268, 267, 269, 267, 270, 271, 267,
    269, 269, 267, 268, 267, 269, 268, 268, 271, 271, 267, 269, 270, 271,
    267, 271, 271, 270, 271, 271, 268, 271, 270, 271, 268, 271, 267, 269,
    271, 271, 271, 270, 269, 270, 267, 269, 270, 267, 267, 270, 269, 268,
    267, 269, 267, 271, 268, 267, 267, 271, 270, 271, 269, 268, 271, 267,
    267, 271, 267, 270, 268, 268, 271, 270, 269, 270 ]
