%YAML:1.0
---
videoName: "LHShake06.mp4"
gestureLabel: 2
fps: 29
pixelSizeInCmTemp: 3.3732394366197183e-01
faceCenterPointX: 250
faceCenterPointY: 80
LHandPositionsX: [ 384, 387, 385, 388, 385, 379, 376, 371, 368, 372, 373,
    382, 390, 394, 395, 393, 393, 385, 380, 374, 374, 377, 387, 388, 390,
    391, 392, 388, 382, 380, 377, 382, 386, 390, 389, 390, 387, 382, 381,
    383, 381, 382, 383, 391, 390, 392, 388, 382, 381, 379, 382, 382, 386,
    392, 398, 398, 396, 395, 391, 386, 378, 371, 359, 358, 352, 346, 339,
    328, 317, 311, 305, 305, 305, 304, 301, 302, 302, 301, 303, 301, 298,
    302, 301, 300, 298, 300, 299, 301 ]
LHandPositionsY: [ 149, 147, 143, 140, 139, 137, 138, 135, 137, 134, 133,
    131, 126, 129, 129, 128, 129, 134, 133, 132, 136, 132, 131, 129, 130,
    125, 127, 125, 126, 127, 131, 129, 126, 128, 125, 123, 127, 128, 125,
    128, 126, 127, 126, 123, 126, 126, 127, 127, 127, 125, 126, 124, 125,
    121, 120, 120, 120, 122, 125, 128, 130, 138, 146, 152, 163, 176, 190,
    209, 215, 226, 231, 233, 238, 239, 242, 245, 251, 253, 253, 253, 255,
    251, 255, 253, 256, 255, 257, 257 ]
RHandPositionsX: [ 212, 214, 213, 209, 209, 211, 213, 212, 213, 213, 212,
    211, 212, 213, 211, 211, 212, 212, 210, 213, 209, 209, 211, 212, 213,
    210, 211, 209, 213, 211, 209, 208, 212, 210, 211, 208, 212, 212, 209,
    210, 210, 210, 210, 212, 211, 210, 209, 209, 210, 209, 207, 207, 207,
    208, 210, 209, 209, 211, 207, 211, 211, 210, 209, 208, 207, 207, 211,
    207, 209, 210, 212, 212, 209, 209, 211, 210, 212, 211, 209, 210, 212,
    210, 211, 208, 212, 210, 209, 213 ]
RHandPositionsY: [ 271, 269, 272, 267, 267, 269, 271, 270, 271, 269, 268,
    270, 266, 266, 269, 267, 270, 268, 268, 269, 269, 265, 266, 267, 267,
    266, 265, 267, 268, 265, 266, 269, 268, 269, 269, 268, 268, 268, 266,
    267, 268, 269, 265, 267, 265, 268, 267, 269, 267, 266, 267, 267, 269,
    266, 268, 269, 269, 267, 267, 267, 265, 265, 266, 268, 265, 265, 269,
    268, 266, 268, 269, 268, 267, 268, 269, 268, 265, 269, 268, 268, 268,
    267, 265, 266, 269, 266, 269, 269 ]
