%YAML:1.0
---
videoName: "LHShake17.mp4"
gestureLabel: 2
fps: 30
pixelSizeInCmTemp: 3.3732394366197183e-01
faceCenterPointX: 248
faceCenterPointY: 64
LHandPositionsX: [ 324, 322, 321, 322, 322, 322, 325, 324, 330, 334, 343,
    355, 366, 376, 388, 396, 404, 407, 403, 390, 376, 358, 352, 350, 354,
    359, 368, 382, 376, 384, 375, 363, 354, 347, 346, 349, 358, 364, 366,
    368, 365, 361, 356, 353, 349, 356, 367, 370, 377, 375, 375, 372, 361,
    350, 346, 345, 350, 353, 363, 364, 365, 368, 363, 355, 348, 344, 340,
    338, 335, 336, 332, 331, 333, 330, 329, 328, 329, 329, 328, 328, 324,
    325, 325, 327, 323, 323, 325, 323, 326, 325, 326 ]
LHandPositionsY: [ 247, 247, 247, 247, 251, 250, 249, 245, 244, 233, 219,
    203, 186, 175, 156, 143, 132, 122, 114, 110, 120, 128, 138, 134, 137,
    136, 122, 116, 121, 118, 116, 127, 137, 138, 138, 141, 125, 116, 118,
    118, 117, 117, 125, 136, 133, 133, 126, 119, 122, 122, 122, 122, 133,
    139, 142, 138, 139, 126, 122, 126, 123, 122, 122, 131, 137, 146, 154,
    164, 171, 184, 193, 208, 219, 222, 224, 227, 233, 237, 237, 236, 234,
    235, 239, 239, 238, 238, 238, 236, 239, 237, 236 ]
RHandPositionsX: [ 178, 176, 180, 177, 176, 177, 178, 179, 176, 180, 176,
    180, 178, 180, 176, 176, 176, 176, 180, 177, 176, 179, 177, 176, 180,
    180, 179, 177, 176, 179, 177, 176, 175, 175, 176, 178, 178, 178, 178,
    178, 174, 178, 177, 174, 177, 177, 176, 177, 177, 174, 174, 176, 177,
    175, 176, 175, 176, 175, 176, 177, 174, 177, 177, 178, 174, 178, 175,
    176, 174, 178, 177, 178, 178, 176, 177, 177, 178, 178, 177, 177, 178,
    177, 176, 174, 175, 178, 175, 174, 178, 175, 177 ]
RHandPositionsY: [ 260, 257, 258, 259, 260, 259, 260, 259, 256, 259, 260,
    260, 256, 256, 258, 256, 258, 258, 256, 256, 258, 259, 256, 257, 259,
    259, 259, 259, 259, 260, 256, 258, 256, 257, 257, 260, 258, 259, 256,
    256, 256, 257, 259, 258, 256, 258, 256, 256, 257, 258, 257, 259, 257,
    258, 256, 258, 260, 257, 257, 258, 259, 256, 259, 256, 260, 259, 257,
    256, 260, 256, 256, 259, 259, 256, 257, 257, 259, 260, 257, 258, 259,
    258, 260, 257, 258, 259, 258, 259, 259, 256, 260 ]
