%YAML:1.0
---
videoName: "LHShake10.mp4"
gestureLabel: 2
fps: 29
pixelSizeInCmTemp: 3.4214285714285714e-01
faceCenterPointX: 253
faceCenterPointY: 65
LHandPositionsX: [ 336, 334, 334, 338, 337, 338, 345, 346, 352, 358, 365,
    375, 384, 393, 395, 396, 394, 382, 374, 367, 355, 350, 352, 355, 361,
    370, 380, 392, 389, 393, 389, 387, 377, 366, 357, 357, 359, 364, 366,
    373, 373, 374, 372, 372, 366, 364, 354, 343, 343, 347, 348, 354, 359,
    373, 380, 381, 382, 375, 365, 353, 352, 351, 348, 349, 355, 366, 373,
    381, 379, 377, 378, 374, 367, 361, 357, 351, 343, 342, 338, 337, 336,
    336, 336, 334, 336, 336, 336, 333 ]
LHandPositionsY: [ 270, 269, 269, 268, 269, 271, 268, 263, 249, 237, 225,
    209, 194, 181, 169, 155, 143, 137, 132, 141, 144, 148, 146, 148, 149,
    147, 137, 142, 139, 143, 144, 144, 149, 150, 148, 148, 148, 149, 140,
    132, 131, 134, 131, 135, 130, 133, 138, 144, 145, 144, 144, 146, 137,
    140, 143, 143, 140, 145, 143, 150, 152, 152, 150, 150, 150, 149, 147,
    145, 146, 144, 147, 153, 158, 167, 173, 182, 192, 205, 219, 232, 244,
    254, 251, 255, 255, 259, 256, 257 ]
RHandPositionsX: [ 175, 175, 172, 172, 173, 175, 175, 172, 174, 174, 174,
    176, 174, 176, 174, 175, 173, 172, 171, 174, 173, 173, 172, 172, 171,
    172, 173, 172, 172, 172, 172, 174, 174, 171, 174, 175, 174, 171, 172,
    175, 173, 171, 172, 171, 175, 174, 172, 174, 175, 175, 173, 173, 175,
    175, 173, 171, 175, 173, 171, 173, 173, 172, 175, 172, 175, 173, 174,
    174, 174, 175, 175, 175, 172, 174, 172, 175, 171, 171, 172, 174, 171,
    174, 175, 172, 171, 171, 172, 171 ]
RHandPositionsY: [ 278, 278, 278, 277, 276, 277, 278, 277, 277, 274, 278,
    278, 278, 275, 278, 275, 278, 275, 276, 275, 276, 277, 274, 276, 274,
    275, 274, 275, 275, 278, 274, 276, 278, 278, 277, 277, 277, 274, 277,
    275, 277, 277, 274, 274, 276, 277, 278, 276, 277, 275, 274, 277, 274,
    277, 276, 277, 278, 277, 277, 274, 277, 275, 278, 276, 277, 274, 274,
    277, 274, 276, 275, 274, 278, 274, 276, 274, 275, 278, 277, 277, 276,
    276, 278, 275, 278, 277, 274, 278 ]
