%YAML:1.0
---
videoName: "LHShake15.mp4"
gestureLabel: 2
fps: 29
pixelSizeInCmTemp: 3.3263888888888887e-01
faceCenterPointX: 252
faceCenterPointY: 65
LHandPositionsX: [ 327, 331, 328, 331, 327, 330, 331, 331, 334, 327, 336,
    340, 347, 351, 357, 363, 369, 371, 378, 383, 380, 380, 368, 358, 348,
    343, 344, 340, 349, 353, 362, 362, 360, 362, 359, 345, 331, 331, 333,
    334, 343, 355, 355, 354, 352, 356, 351, 333, 328, 329, 328, 341, 353,
    356, 355, 352, 356, 356, 343, 335, 332, 330, 336, 342, 346, 351, 352,
    350, 350, 347, 343, 332, 327, 325, 322, 323, 319, 324, 326, 323, 327,
    325, 327, 325, 325, 328, 327, 326 ]
LHandPositionsY: [ 254, 258, 255, 258, 257, 257, 257, 257, 253, 254, 242,
    230, 217, 203, 183, 169, 153, 134, 122, 121, 116, 107, 105, 102, 105,
    105, 103, 100, 100, 94, 91, 94, 93, 96, 94, 98, 100, 99, 96, 94, 95,
    93, 98, 95, 97, 100, 101, 99, 102, 98, 98, 93, 94, 94, 93, 94, 98,
    99, 100, 100, 100, 100, 101, 98, 101, 101, 102, 100, 103, 101, 108,
    119, 136, 151, 168, 179, 191, 208, 221, 232, 232, 234, 240, 238, 242,
    240, 243, 240 ]
RHandPositionsX: [ 175, 176, 175, 179, 177, 177, 175, 179, 175, 176, 175,
    176, 176, 175, 178, 178, 176, 176, 178, 176, 177, 179, 179, 177, 176,
    177, 175, 178, 178, 175, 179, 179, 179, 176, 176, 179, 176, 179, 179,
    176, 179, 175, 179, 177, 177, 178, 175, 179, 178, 179, 177, 177, 176,
    178, 175, 175, 175, 178, 176, 179, 176, 175, 176, 177, 178, 178, 176,
    175, 178, 179, 177, 176, 176, 178, 179, 179, 176, 175, 177, 176, 177,
    176, 176, 179, 175, 179, 178, 175 ]
RHandPositionsY: [ 258, 258, 260, 260, 257, 261, 259, 259, 257, 259, 257,
    257, 257, 261, 258, 260, 260, 261, 260, 259, 259, 258, 257, 258, 257,
    261, 258, 261, 259, 259, 257, 258, 258, 259, 257, 257, 257, 259, 258,
    260, 259, 257, 260, 258, 261, 258, 259, 257, 258, 260, 260, 259, 258,
    258, 261, 257, 257, 259, 261, 261, 257, 257, 258, 257, 261, 259, 259,
    261, 258, 259, 260, 261, 259, 259, 259, 258, 260, 260, 259, 259, 258,
    257, 261, 257, 258, 259, 261, 258 ]
