%YAML:1.0
---
videoName: "LHShake05.mp4"
gestureLabel: 2
fps: 30
pixelSizeInCmTemp: 3.2364864864864862e-01
faceCenterPointX: 252
faceCenterPointY: 81
LHandPositionsX: [ 294, 292, 291, 294, 291, 295, 295, 295, 291, 294, 291,
    295, 305, 314, 324, 331, 340, 340, 340, 341, 341, 337, 329, 330, 332,
    334, 332, 339, 341, 346, 342, 339, 329, 321, 325, 324, 330, 331, 336,
    340, 338, 329, 324, 321, 319, 322, 328, 330, 339, 338, 333, 330, 326,
    326, 323, 327, 333, 336, 339, 335, 332, 332, 330, 328, 333, 335, 337,
    337, 341, 338, 335, 327, 323, 316, 309, 306, 303, 302, 298, 296, 293,
    293, 292, 292, 293, 291, 294, 291, 294, 293, 295 ]
LHandPositionsY: [ 267, 269, 270, 266, 269, 268, 267, 264, 266, 257, 241,
    227, 212, 197, 184, 176, 163, 163, 159, 156, 151, 154, 157, 153, 155,
    151, 149, 144, 140, 135, 135, 140, 147, 146, 145, 145, 146, 139, 136,
    136, 134, 140, 143, 144, 141, 143, 139, 136, 132, 133, 138, 142, 141,
    142, 141, 141, 139, 140, 135, 140, 141, 144, 144, 143, 143, 142, 139,
    141, 137, 139, 144, 150, 162, 169, 179, 189, 200, 209, 218, 229, 235,
    235, 237, 242, 245, 251, 250, 252, 253, 254, 260 ]
RHandPositionsX: [ 211, 212, 213, 211, 212, 211, 214, 213, 212, 213, 211,
    211, 211, 211, 210, 213, 210, 211, 209, 211, 208, 210, 212, 211, 212,
    208, 208, 207, 207, 210, 207, 207, 206, 208, 207, 206, 207, 206, 206,
    208, 210, 207, 208, 209, 207, 208, 207, 208, 209, 206, 208, 208, 210,
    209, 208, 210, 209, 209, 208, 210, 209, 209, 210, 207, 206, 210, 210,
    207, 209, 210, 206, 206, 208, 209, 206, 210, 207, 209, 206, 208, 209,
    206, 209, 206, 211, 207, 211, 211, 212, 208, 209 ]
RHandPositionsY: [ 265, 262, 262, 262, 264, 266, 263, 265, 265, 264, 265,
    266, 265, 264, 264, 264, 263, 264, 264, 262, 264, 266, 264, 265, 266,
    262, 266, 266, 266, 263, 265, 262, 264, 266, 263, 263, 261, 263, 263,
    262, 261, 265, 263, 263, 265, 265, 262, 262, 265, 262, 265, 263, 261,
    263, 265, 263, 264, 265, 263, 265, 261, 263, 261, 264, 264, 262, 263,
    263, 261, 265, 261, 262, 261, 264, 261, 264, 263, 264, 264, 265, 264,
    263, 261, 265, 261, 261, 264, 263, 265, 265, 261 ]
