%YAML:1.0
---
videoName: "LHShake24.mp4"
gestureLabel: 2
fps: 30
pixelSizeInCmTemp: 3.4214285714285714e-01
faceCenterPointX: 255
faceCenterPointY: 77
LHandPositionsX: [ 328, 329, 328, 329, 329, 329, 329, 326, 327, 333, 332,
    334, 343, 346, 351, 360, 367, 373, 379, 381, 381, 377, 370, 362, 348,
    341, 340, 339, 341, 347, 360, 366, 377, 376, 376, 374, 368, 357, 347,
    340, 341, 336, 343, 352, 366, 363, 368, 369, 364, 356, 344, 338, 341,
    342, 345, 354, 364, 371, 370, 371, 369, 361, 352, 343, 343, 345, 346,
    353, 359, 366, 367, 368, 365, 358, 348, 341, 334, 331, 326, 327, 324,
    326, 325, 325, 324, 327, 329, 325, 324, 324, 328 ]
LHandPositionsY: [ 263, 263, 261, 262, 262, 262, 264, 260, 263, 262, 261,
    258, 249, 235, 225, 206, 197, 185, 173, 173, 162, 153, 152, 152, 159,
    163, 163, 163, 160, 159, 159, 153, 150, 148, 150, 146, 146, 150, 153,
    154, 153, 154, 153, 152, 148, 151, 151, 151, 154, 155, 158, 161, 160,
    162, 164, 163, 159, 159, 157, 157, 158, 157, 159, 165, 164, 162, 161,
    162, 159, 159, 160, 159, 155, 158, 161, 164, 170, 181, 186, 199, 209,
    217, 231, 231, 234, 240, 241, 247, 249, 249, 247 ]
RHandPositionsX: [ 180, 183, 179, 182, 179, 180, 183, 183, 182, 181, 183,
    180, 179, 181, 182, 179, 181, 180, 183, 181, 181, 182, 180, 183, 181,
    182, 183, 179, 183, 180, 183, 182, 181, 179, 181, 182, 183, 179, 183,
    182, 180, 181, 181, 180, 180, 180, 181, 180, 180, 179, 179, 181, 182,
    182, 179, 182, 179, 180, 182, 179, 179, 181, 179, 183, 181, 182, 182,
    182, 181, 183, 182, 182, 179, 183, 179, 181, 182, 183, 180, 180, 182,
    183, 179, 180, 182, 183, 183, 182, 182, 179, 179 ]
RHandPositionsY: [ 268, 271, 271, 271, 267, 271, 268, 268, 269, 271, 268,
    268, 269, 270, 267, 270, 268, 267, 267, 270, 267, 270, 268, 271, 271,
    268, 267, 268, 267, 270, 270, 271, 269, 268, 270, 268, 268, 271, 269,
    268, 268, 269, 271, 270, 269, 270, 268, 267, 271, 269, 269, 268, 269,
    270, 268, 268, 267, 271, 268, 268, 268, 271, 267, 270, 270, 268, 269,
    268, 271, 267, 269, 267, 271, 270, 269, 269, 269, 268, 270, 271, 269,
    268, 267, 271, 270, 269, 270, 269, 267, 267, 271 ]
