%YAML:1.0
---
videoName: "LHShake23.mp4"
gestureLabel: 2
fps: 30
pixelSizeInCmTemp: 3.3263888888888887e-01
faceCenterPointX: 259
faceCenterPointY: 79
LHandPositionsX: [ 333, 334, 334, 330, 332, 333, 332, 331, 330, 333, 332,
    336, 338, 347, 346, 360, 370, 372, 376, 378, 379, 380, 373, 369, 356,
    349, 353, 354, 353, 362, 372, 378, 383, 382, 384, 377, 373, 362, 359,
    362, 361, 366, 377, 385, 384, 383, 382, 371, 362, 356, 354, 353, 354,
    362, 375, 383, 382, 379, 379, 373, 368, 357, 355, 357, 358, 362, 372,
    378, 379, 378, 377, 374, 369, 364, 357, 350, 349, 342, 339, 337, 339,
    337, 336, 338, 337, 336, 334, 337, 336, 333, 333 ]
LHandPositionsY: [ 263, 263, 263, 265, 265, 262, 264, 263, 264, 263, 259,
    254, 244, 233, 229, 212, 198, 198, 192, 185, 179, 169, 167, 165, 169,
    170, 170, 167, 168, 165, 162, 161, 160, 160, 161, 162, 163, 165, 162,
    163, 166, 162, 164, 158, 158, 158, 160, 161, 161, 165, 163, 164, 165,
    165, 166, 164, 163, 166, 164, 161, 166, 170, 167, 170, 170, 168, 167,
    167, 166, 167, 169, 171, 175, 186, 192, 201, 211, 229, 240, 248, 249,
    252, 249, 252, 251, 256, 252, 255, 252, 254, 252 ]
RHandPositionsX: [ 186, 183, 183, 185, 184, 185, 183, 183, 182, 182, 186,
    184, 185, 183, 184, 185, 183, 183, 183, 183, 184, 182, 184, 182, 185,
    182, 185, 183, 182, 185, 185, 183, 183, 183, 183, 182, 182, 182, 182,
    186, 185, 185, 186, 183, 183, 183, 183, 183, 182, 185, 186, 182, 182,
    186, 185, 186, 185, 184, 182, 186, 186, 185, 182, 184, 184, 183, 184,
    184, 185, 186, 185, 183, 186, 184, 182, 184, 185, 183, 186, 184, 183,
    183, 183, 182, 182, 184, 185, 183, 186, 184, 185 ]
RHandPositionsY: [ 270, 270, 270, 271, 273, 272, 270, 272, 274, 270, 274,
    274, 272, 272, 270, 273, 272, 274, 273, 273, 272, 271, 270, 270, 274,
    272, 270, 270, 273, 270, 270, 270, 270, 273, 272, 271, 272, 273, 273,
    273, 270, 271, 273, 272, 274, 271, 272, 274, 274, 270, 271, 273, 273,
    273, 271, 272, 271, 270, 274, 272, 274, 271, 271, 274, 270, 273, 271,
    274, 270, 270, 274, 270, 271, 272, 271, 272, 274, 272, 270, 272, 273,
    273, 273, 270, 273, 273, 271, 274, 274, 274, 272 ]
