%YAML:1.0
---
videoName: "LHShake08.mp4"
gestureLabel: 2
fps: 29
pixelSizeInCmTemp: 3.4710144927536229e-01
faceCenterPointX: 261
faceCenterPointY: 69
LHandPositionsX: [ 340, 340, 342, 345, 351, 347, 353, 365, 370, 371, 374,
    373, 378, 368, 359, 349, 339, 339, 339, 341, 350, 356, 370, 367, 364,
    358, 359, 353, 342, 337, 341, 337, 344, 352, 356, 364, 365, 365, 366,
    362, 355, 342, 338, 338, 334, 339, 343, 350, 356, 357, 355, 359, 358,
    353, 343, 343, 343, 340, 345, 350, 354, 363, 370, 369, 369, 372, 363,
    358, 353, 345, 337, 336, 331, 331, 332, 333, 335, 337, 337, 337, 339,
    338, 339, 338, 336, 338, 335, 339 ]
LHandPositionsY: [ 267, 266, 262, 254, 250, 239, 217, 202, 187, 174, 161,
    155, 145, 143, 145, 147, 151, 151, 149, 148, 149, 147, 140, 137, 137,
    136, 143, 145, 149, 156, 153, 154, 156, 150, 149, 149, 149, 148, 147,
    152, 154, 153, 160, 161, 158, 163, 160, 158, 158, 153, 153, 155, 153,
    154, 158, 160, 161, 161, 160, 156, 156, 149, 148, 146, 148, 144, 150,
    154, 161, 168, 173, 186, 196, 210, 220, 231, 245, 243, 246, 250, 252,
    256, 253, 256, 258, 257, 254, 258 ]
RHandPositionsX: [ 172, 173, 173, 173, 173, 176, 176, 175, 173, 174, 174,
    176, 172, 172, 173, 172, 172, 173, 173, 175, 173, 172, 174, 175, 172,
    175, 176, 173, 173, 173, 176, 175, 174, 176, 176, 173, 176, 173, 176,
    177, 178, 175, 176, 176, 175, 175, 174, 174, 178, 178, 175, 177, 176,
    176, 177, 178, 178, 174, 176, 177, 177, 175, 174, 174, 175, 174, 177,
    175, 174, 177, 174, 176, 176, 177, 174, 177, 177, 175, 175, 178, 178,
    176, 176, 176, 174, 178, 174, 174 ]
RHandPositionsY: [ 275, 276, 274, 277, 274, 276, 276, 277, 273, 276, 273,
    276, 274, 277, 273, 277, 273, 275, 273, 274, 275, 276, 276, 276, 277,
    277, 275, 277, 273, 275, 275, 276, 276, 273, 277, 276, 277, 273, 277,
    277, 274, 274, 277, 274, 277, 275, 275, 277, 276, 274, 277, 276, 275,
    275, 273, 277, 277, 276, 277, 273, 274, 273, 277, 273, 276, 274, 273,
    275, 276, 277, 274, 276, 275, 274, 275, 274, 273, 273, 277, 273, 273,
    274, 277, 275, 275, 277, 274, 273 ]
