%YAML:1.0
---
videoName: "LHShake04.mp4"
gestureLabel: 2
fps: 30
pixelSizeInCmTemp: 3.2808219178082193e-01
faceCenterPointX: 247
faceCenterPointY: 80
LHandPositionsX: [ 280, 280, 283, 281, 282, 283, 282, 280, 281, 279, 280,
    282, 281, 282, 282, 287, 287, 297, 308, 319, 336, 345, 358, 367, 370,
    368, 364, 356, 346, 341, 337, 335, 334, 338, 349, 363, 367, 366, 357,
    346, 340, 344, 343, 343, 349, 353, 357, 353, 351, 345, 339, 342, 342,
    348, 357, 355, 355, 352, 343, 348, 346, 351, 355, 361, 362, 367, 363,
    360, 356, 347, 336, 326, 312, 303, 297, 294, 289, 290, 288, 287, 290,
    286, 286, 288, 286, 287, 288, 286, 287, 289, 288 ]
LHandPositionsY: [ 270, 270, 270, 269, 272, 270, 272, 268, 269, 270, 268,
    269, 270, 272, 271, 265, 261, 253, 245, 229, 218, 203, 187, 172, 160,
    158, 155, 151, 136, 133, 130, 128, 129, 117, 114, 110, 108, 108, 115,
    118, 130, 128, 124, 126, 123, 119, 116, 111, 118, 120, 120, 120, 120,
    114, 114, 111, 112, 111, 114, 115, 117, 114, 107, 106, 104, 104, 107,
    112, 125, 144, 157, 174, 188, 198, 215, 224, 236, 241, 245, 244, 248,
    247, 248, 250, 248, 251, 254, 251, 250, 253, 250 ]
RHandPositionsX: [ 215, 216, 217, 216, 214, 214, 215, 215, 214, 216, 216,
    218, 218, 216, 214, 218, 216, 215, 216, 216, 214, 218, 215, 217, 214,
    218, 216, 218, 214, 215, 214, 215, 216, 216, 214, 214, 215, 218, 218,
    216, 218, 215, 218, 214, 215, 214, 217, 218, 215, 217, 215, 215, 218,
    214, 217, 215, 217, 215, 216, 216, 218, 216, 214, 215, 214, 218, 216,
    218, 216, 218, 218, 216, 215, 218, 216, 215, 218, 215, 218, 215, 216,
    218, 217, 216, 217, 214, 215, 215, 215, 218, 217 ]
RHandPositionsY: [ 268, 269, 266, 266, 270, 268, 268, 267, 266, 270, 266,
    267, 267, 266, 267, 266, 267, 264, 266, 264, 265, 264, 263, 267, 263,
    263, 265, 264, 264, 264, 263, 263, 263, 264, 262, 262, 265, 266, 262,
    262, 264, 262, 263, 264, 262, 262, 265, 263, 262, 265, 261, 265, 263,
    262, 263, 264, 263, 265, 263, 264, 262, 264, 263, 265, 262, 261, 261,
    262, 265, 263, 261, 263, 265, 263, 262, 264, 265, 264, 261, 265, 261,
    262, 261, 264, 264, 263, 265, 265, 261, 262, 262 ]
