%YAML:1.0
---
videoName: "LHShake15.mp4"
gestureLabel: 2
fps: 29
pixelSizeInCmTemp: 3.3263888888888887e-01
faceCenterPointX: 252
faceCenterPointY: 65
LHandPositionsX: [ 327, 330, 330, 328, 328, 328, 331, 332, 330, 329, 337,
    339, 348, 353, 358, 365, 371, 374, 379, 384, 377, 380, 367, 360, 349,
    344, 340, 342, 346, 351, 361, 358, 358, 363, 355, 344, 331, 330, 329,
    335, 343, 353, 357, 354, 349, 355, 350, 336, 331, 327, 331, 339, 353,
    357, 351, 354, 358, 356, 341, 335, 331, 329, 334, 338, 346, 350, 351,
    349, 348, 351, 339, 332, 328, 324, 325, 319, 321, 323, 323, 327, 323,
    328, 325, 326, 328, 327, 324, 328 ]
LHandPositionsY: [ 258, 255, 256, 254, 258, 256, 257, 257, 255, 253, 243,
    231, 214, 201, 183, 172, 157, 134, 120, 121, 115, 104, 105, 104, 107,
    104, 105, 98, 100, 95, 93, 95, 93, 94, 94, 99, 100, 98, 100, 98, 95,
    93, 96, 96, 96, 99, 99, 101, 103, 102, 99, 96, 91, 96, 94, 95, 96,
    100, 100, 100, 103, 98, 100, 96, 99, 99, 99, 102, 102, 103, 107, 119,
    138, 149, 164, 177, 194, 207, 220, 233, 230, 235, 240, 237, 240, 241,
    239, 240 ]
RHandPositionsX: [ 178, 179, 177, 175, 177, 176, 179, 178, 175, 179, 177,
    176, 175, 175, 176, 179, 179, 177, 178, 177, 175, 179, 177, 178, 175,
    176, 177, 179, 176, 178, 175, 179, 176, 178, 179, 177, 178, 176, 179,
    175, 179, 176, 178, 176, 179, 177, 177, 178, 178, 179, 175, 176, 176,
    179, 175, 179, 177, 178, 177, 177, 177, 175, 176, 177, 179, 176, 179,
    175, 177, 176, 179, 175, 176, 178, 175, 178, 175, 177, 179, 179, 179,
    177, 179, 178, 178, 177, 175, 178 ]
RHandPositionsY: [ 257, 258, 258, 261, 257, 257, 260, 257, 260, 261, 259,
    257, 261, 260, 257, 259, 259, 261, 260, 260, 260, 257, 257, 257, 261,
    258, 259, 258, 260, 258, 260, 258, 259, 261, 261, 257, 257, 261, 261,
    260, 260, 261, 259, 259, 258, 257, 257, 259, 259, 257, 257, 258, 257,
    260, 261, 260, 258, 258, 261, 258, 257, 261, 257, 260, 257, 261, 261,
    257, 261, 258, 257, 259, 259, 257, 258, 257, 258, 257, 259, 257, 259,
    259, 257, 261, 257, 260, 260, 258 ]
