%YAML:1.0
---
videoName: "LHShake03.mp4"
gestureLabel: 2
fps: 30
pixelSizeInCmTemp: 3.2808219178082193e-01
faceCenterPointX: 251
faceCenterPointY: 79
LHandPositionsX: [ 342, 345, 352, 357, 357, 355, 353, 346, 339, 328, 315,
    317, 315, 314, 315, 321, 324, 333, 335, 335, 340, 339, 334, 332, 325,
    325, 324, 323, 324, 329, 333, 341, 345, 341, 333, 320, 317, 313, 310,
    313, 315, 321, 325, 330, 337, 335, 334, 329, 322, 321, 326, 326, 333,
    339, 342, 343, 340, 333, 336, 334, 335, 328, 320, 317, 314, 311, 306,
    301, 303, 299, 298, 297, 298, 294, 292, 290, 289, 290, 292, 293, 292,
    291, 290, 290, 288, 286, 288, 285, 288, 283, 284 ]
LHandPositionsY: [ 139, 135, 125, 122, 112, 110, 104, 102, 95, 100, 105,
    105, 106, 101, 99, 96, 93, 87, 89, 89, 82, 87, 91, 87, 86, 89, 92,
    89, 88, 86, 84, 84, 82, 84, 86, 91, 91, 93, 95, 95, 89, 91, 90, 86,
    88, 87, 87, 88, 90, 90, 93, 91, 90, 85, 85, 90, 93, 93, 96, 103, 112,
    130, 140, 153, 167, 177, 186, 194, 205, 216, 224, 224, 223, 230, 233,
    238, 238, 244, 245, 249, 251, 249, 248, 254, 255, 252, 253, 252, 252,
    254, 252 ]
RHandPositionsX: [ 214, 213, 215, 215, 213, 213, 212, 212, 215, 211, 214,
    215, 215, 212, 212, 215, 215, 212, 211, 211, 213, 213, 211, 215, 211,
    215, 213, 214, 215, 213, 212, 212, 211, 214, 214, 212, 213, 213, 213,
    214, 215, 213, 213, 211, 215, 212, 215, 212, 212, 212, 212, 214, 213,
    212, 214, 212, 210, 212, 213, 212, 211, 213, 214, 212, 211, 213, 210,
    214, 212, 210, 213, 211, 214, 211, 212, 212, 213, 212, 213, 214, 214,
    213, 211, 214, 214, 210, 213, 213, 211, 210, 214 ]
RHandPositionsY: [ 259, 256, 254, 255, 254, 252, 254, 254, 254, 256, 256,
    253, 255, 254, 256, 255, 255, 253, 256, 255, 254, 251, 251, 251, 252,
    254, 254, 253, 255, 254, 254, 252, 251, 252, 255, 255, 253, 252, 255,
    255, 254, 254, 251, 253, 252, 251, 255, 255, 255, 253, 253, 255, 253,
    252, 255, 253, 253, 252, 254, 253, 254, 253, 252, 255, 254, 254, 252,
    251, 251, 255, 253, 255, 252, 251, 254, 254, 251, 254, 253, 254, 251,
    252, 251, 253, 254, 254, 254, 251, 253, 255, 255 ]
