%YAML:1.0
---
videoName: "LHShake10.mp4"
gestureLabel: 2
fps: 29
pixelSizeInCmTemp: 3.4214285714285714e-01
faceCenterPointX: 253
faceCenterPointY: 65
LHandPositionsX: [ 335, 335, 334, 334, 336, 337, 341, 350, 350, 360, 366,
    376, 382, 391, 395, 393, 393, 386, 376, 363, 355, 351, 350, 353, 360,
    372, 382, 393, 391, 394, 392, 386, 373, 365, 358, 360, 358, 364, 370,
    371, 374, 371, 372, 370, 367, 363, 355, 347, 346, 347, 344, 352, 363,
    373, 380, 381, 380, 374, 367, 353, 349, 352, 351, 350, 353, 364, 375,
    383, 377, 378, 377, 371, 369, 363, 357, 349, 342, 342, 341, 335, 333,
    336, 337, 337, 337, 335, 333, 337 ]
LHandPositionsY: [ 270, 268, 270, 272, 269, 272, 268, 262, 252, 240, 227,
    209, 195, 178, 169, 157, 142, 135, 132, 141, 142, 149, 148, 148, 147,
    148, 136, 142, 143, 140, 141, 145, 148, 151, 151, 151, 152, 148, 138,
    132, 135, 132, 131, 132, 129, 130, 140, 143, 142, 143, 142, 147, 139,
    141, 143, 141, 142, 146, 144, 146, 151, 152, 154, 151, 153, 152, 146,
    146, 145, 144, 147, 154, 160, 163, 174, 184, 192, 207, 222, 234, 243,
    254, 255, 254, 254, 259, 257, 257 ]
RHandPositionsX: [ 174, 175, 172, 175, 172, 175, 176, 175, 172, 173, 174,
    175, 172, 173, 174, 176, 174, 175, 171, 173, 171, 172, 173, 175, 171,
    172, 174, 175, 175, 175, 172, 171, 171, 175, 171, 172, 174, 171, 173,
    171, 172, 175, 173, 172, 174, 171, 173, 175, 173, 172, 174, 172, 175,
    171, 173, 172, 174, 171, 171, 175, 175, 172, 171, 171, 173, 175, 172,
    171, 173, 171, 171, 173, 171, 171, 175, 171, 172, 175, 174, 174, 175,
    171, 174, 174, 174, 173, 174, 171 ]
RHandPositionsY: [ 275, 276, 274, 277, 278, 277, 275, 274, 274, 275, 275,
    277, 275, 278, 277, 276, 275, 275, 277, 274, 278, 274, 274, 275, 274,
    277, 274, 276, 274, 278, 274, 277, 278, 276, 277, 278, 274, 277, 276,
    274, 275, 275, 274, 274, 278, 277, 274, 276, 278, 275, 276, 276, 275,
    277, 277, 276, 275, 277, 278, 277, 276, 276, 277, 274, 275, 276, 278,
    277, 274, 274, 277, 274, 278, 277, 276, 275, 274, 277, 277, 277, 278,
    277, 275, 276, 274, 277, 275, 275 ]
