%YAML:1.0
---
videoName: "LHShake11.mp4"
gestureLabel: 2
fps: 29
pixelSizeInCmTemp: 3.3732394366197183e-01
faceCenterPointX: 260
faceCenterPointY: 69
LHandPositionsX: [ 387, 386, 386, 378, 366, 356, 349, 349, 347, 347, 353,
    359, 366, 366, 362, 365, 358, 352, 344, 347, 348, 347, 353, 359, 357,
    356, 362, 352, 348, 346, 346, 344, 348, 354, 356, 355, 354, 353, 348,
    340, 337, 339, 339, 339, 346, 355, 359, 355, 354, 356, 354, 345, 338,
    339, 335, 342, 348, 355, 360, 358, 359, 361, 358, 355, 350, 345, 335,
    330, 332, 328, 332, 329, 330, 331, 335, 334, 332, 334, 331, 331, 331,
    334, 331, 334, 335, 332, 334, 335 ]
LHandPositionsY: [ 177, 164, 152, 143, 143, 143, 145, 148, 144, 137, 129,
    129, 129, 129, 128, 128, 131, 141, 144, 143, 143, 132, 131, 131, 132,
    132, 128, 135, 139, 143, 143, 141, 143, 138, 136, 134, 133, 134, 134,
    138, 143, 144, 147, 144, 143, 133, 132, 134, 132, 129, 138, 140, 145,
    143, 145, 145, 145, 140, 138, 139, 141, 144, 149, 154, 168, 177, 191,
    203, 215, 230, 231, 232, 239, 240, 244, 244, 246, 249, 247, 251, 253,
    252, 252, 248, 249, 250, 249, 249 ]
RHandPositionsX: [ 179, 181, 181, 181, 179, 179, 183, 181, 182, 183, 180,
    183, 182, 183, 182, 182, 182, 182, 183, 183, 183, 179, 182, 183, 179,
    182, 179, 179, 182, 181, 182, 180, 183, 181, 179, 180, 183, 182, 183,
    182, 179, 183, 181, 179, 179, 181, 181, 180, 180, 179, 183, 183, 182,
    183, 182, 179, 181, 179, 180, 181, 183, 181, 181, 179, 181, 182, 183,
    182, 179, 179, 179, 180, 181, 179, 180, 179, 181, 181, 180, 181, 179,
    183, 183, 180, 182, 179, 182, 182 ]
RHandPositionsY: [ 277, 277, 274, 273, 275, 273, 274, 275, 277, 277, 277,
    274, 276, 276, 276, 277, 275, 276, 277, 276, 273, 274, 275, 276, 276,
    277, 275, 276, 273, 276, 273, 274, 276, 277, 275, 273, 273, 274, 274,
    275, 274, 273, 273, 274, 273, 273, 277, 274, 274, 276, 276, 273, 274,
    275, 277, 277, 275, 274, 274, 273, 276, 276, 275, 277, 275, 276, 277,
    277, 273, 277, 276, 275, 276, 274, 277, 274, 274, 275, 277, 273, 274,
    273, 273, 273, 273, 277, 273, 277 ]
