%YAML:1.0
---
videoName: "LHShake18.mp4"
gestureLabel: 2
fps: 29
pixelSizeInCmTemp: 3.4214285714285714e-01
faceCenterPointX: 253
faceCenterPointY: 65
LHandPositionsX: [ 313, 314, 312, 312, 311, 311, 312, 314, 313, 314, 314,
    313, 311, 314, 314, 315, 314, 318, 322, 325, 332, 340, 345, 346, 350,
    350, 338, 327, 314, 299, 303, 303, 309, 312, 311, 311, 312, 307, 296,
    294, 293, 300, 308, 312, 312, 313, 306, 298, 289, 284, 287, 295, 304,
    314, 312, 310, 306, 294, 286, 289, 295, 301, 309, 309, 312, 305, 303,
    296, 295, 302, 302, 308, 307, 309, 312, 310, 304, 304, 307, 306, 305,
    306, 309, 309, 309, 308, 307, 308 ]
LHandPositionsY: [ 246, 247, 246, 248, 248, 246, 248, 247, 250, 246, 246,
    247, 247, 248, 250, 248, 248, 251, 242, 236, 219, 200, 191, 177, 165,
    159, 153, 144, 145, 140, 137, 143, 145, 143, 142, 143, 144, 148, 145,
    140, 136, 142, 146, 148, 146, 146, 151, 144, 145, 139, 143, 148, 146,
    146, 149, 151, 150, 141, 142, 142, 149, 151, 154, 151, 154, 154, 158,
    147, 148, 153, 156, 151, 152, 155, 162, 169, 177, 188, 199, 208, 216,
    216, 220, 233, 233, 232, 233, 231 ]
RHandPositionsX: [ 199, 196, 198, 198, 198, 195, 197, 196, 195, 197, 195,
    198, 198, 196, 199, 197, 195, 195, 197, 196, 199, 199, 199, 196, 199,
    195, 195, 197, 195, 198, 194, 196, 196, 197, 196, 198, 196, 198, 196,
    196, 196, 195, 197, 197, 197, 198, 197, 200, 196, 195, 195, 198, 196,
    198, 198, 196, 197, 198, 200, 197, 198, 195, 197, 197, 196, 196, 197,
    199, 196, 198, 198, 197, 197, 198, 197, 197, 198, 195, 198, 195, 197,
    197, 195, 194, 194, 197, 196, 196 ]
RHandPositionsY: [ 266, 262, 262, 263, 262, 264, 265, 264, 267, 267, 265,
    267, 264, 264, 266, 264, 266, 266, 267, 264, 263, 264, 264, 264, 265,
    266, 263, 264, 265, 265, 266, 266, 264, 266, 263, 265, 267, 267, 267,
    265, 266, 264, 264, 266, 264, 267, 265, 265, 265, 266, 264, 265, 268,
    268, 267, 268, 267, 266, 267, 269, 265, 267, 266, 267, 268, 267, 264,
    267, 268, 264, 268, 265, 264, 266, 266, 266, 265, 264, 264, 267, 268,
    267, 267, 265, 267, 267, 265, 266 ]
