%YAML:1.0
---
videoName: "LHShake00.mp4"
gestureLabel: 2
fps: 29
pixelSizeInCmTemp: 3.4214285714285714e-01
faceCenterPointX: 252
faceCenterPointY: 85
LHandPositionsX: [ 350, 350, 352, 351, 355, 357, 360, 354, 350, 344, 334,
    324, 322, 324, 321, 326, 325, 332, 337, 338, 337, 339, 331, 324, 324,
    326, 324, 329, 335, 339, 339, 338, 338, 332, 326, 323, 322, 328, 330,
    335, 339, 341, 343, 340, 332, 326, 323, 322, 327, 328, 330, 334, 337,
    343, 340, 335, 326, 323, 325, 325, 328, 329, 336, 336, 339, 342, 341,
    339, 335, 333, 331, 331, 326, 325, 329, 330, 328, 330, 334, 336, 336,
    339, 340, 343, 341, 340, 342, 341 ]
LHandPositionsY: [ 259, 252, 246, 228, 209, 186, 172, 151, 138, 136, 133,
    136, 134, 136, 134, 133, 131, 129, 125, 124, 124, 125, 127, 131, 132,
    132, 132, 130, 130, 126, 125, 123, 124, 128, 136, 136, 134, 135, 135,
    131, 128, 124, 120, 121, 127, 132, 133, 131, 131, 132, 133, 124, 125,
    121, 124, 129, 127, 131, 130, 127, 127, 125, 124, 122, 118, 119, 115,
    128, 139, 151, 160, 167, 161, 174, 185, 192, 200, 208, 215, 218, 223,
    227, 227, 230, 236, 236, 233, 237 ]
RHandPositionsX: [ 153, 155, 156, 153, 152, 155, 155, 152, 154, 153, 152,
    156, 153, 154, 153, 153, 153, 152, 155, 154, 156, 153, 156, 152, 155,
    153, 154, 155, 155, 153, 153, 155, 152, 152, 152, 155, 156, 156, 156,
    153, 152, 154, 155, 153, 155, 152, 154, 153, 152, 153, 154, 154, 153,
    152, 152, 153, 154, 152, 156, 152, 152, 154, 154, 156, 152, 156, 155,
    156, 153, 154, 154, 152, 153, 152, 153, 155, 155, 155, 156, 155, 153,
    154, 154, 152, 152, 152, 155, 155 ]
RHandPositionsY: [ 275, 276, 279, 277, 274, 274, 275, 276, 272, 273, 275,
    270, 271, 270, 271, 269, 268, 267, 270, 267, 268, 266, 267, 265, 267,
    266, 265, 266, 267, 267, 264, 266, 266, 262, 264, 262, 266, 261, 265,
    261, 261, 264, 262, 262, 264, 261, 260, 264, 262, 261, 261, 262, 262,
    260, 260, 260, 264, 260, 264, 264, 262, 260, 262, 264, 264, 260, 261,
    264, 263, 261, 260, 262, 264, 263, 263, 264, 261, 263, 264, 261, 262,
    261, 262, 262, 263, 262, 264, 261 ]
