%YAML:1.0
---
videoName: "LHShake24.mp4"
gestureLabel: 2
fps: 30
pixelSizeInCmTemp: 3.4214285714285714e-01
faceCenterPointX: 255
faceCenterPointY: 77
LHandPositionsX: [ 330, 329, 327, 330, 326, 329, 328, 328, 327, 329, 333,
    336, 340, 348, 353, 362, 371, 374, 382, 378, 381, 377, 372, 359, 346,
    343, 344, 343, 341, 349, 359, 369, 377, 377, 378, 376, 370, 359, 345,
    339, 343, 339, 342, 351, 365, 367, 365, 368, 362, 354, 346, 337, 342,
    342, 345, 355, 366, 372, 368, 371, 368, 364, 352, 343, 345, 342, 343,
    350, 360, 370, 368, 367, 367, 357, 349, 340, 335, 334, 327, 328, 323,
    324, 324, 327, 325, 326, 328, 325, 325, 324, 327 ]
LHandPositionsY: [ 263, 263, 261, 263, 262, 264, 262, 262, 264, 259, 260,
    257, 246, 237, 225, 206, 195, 183, 170, 172, 160, 153, 150, 155, 156,
    163, 163, 163, 164, 163, 157, 154, 149, 151, 150, 148, 146, 149, 150,
    154, 152, 152, 154, 152, 148, 149, 152, 150, 150, 154, 159, 162, 163,
    161, 162, 159, 159, 160, 159, 154, 157, 157, 161, 162, 162, 163, 161,
    160, 159, 157, 160, 157, 158, 158, 158, 163, 171, 180, 189, 198, 210,
    221, 229, 231, 235, 241, 244, 249, 249, 248, 249 ]
RHandPositionsX: [ 180, 180, 183, 183, 183, 180, 181, 183, 183, 179, 179,
    180, 183, 183, 180, 182, 181, 180, 183, 183, 179, 183, 183, 179, 182,
    183, 182, 179, 183, 183, 179, 181, 181, 179, 182, 182, 183, 181, 180,
    179, 183, 182, 180, 181, 183, 183, 182, 183, 179, 180, 179, 179, 180,
    180, 179, 179, 181, 183, 179, 182, 182, 179, 183, 183, 179, 180, 183,
    180, 183, 183, 182, 180, 180, 182, 182, 181, 182, 179, 180, 183, 181,
    183, 182, 181, 182, 180, 183, 182, 179, 181, 182 ]
RHandPositionsY: [ 271, 267, 268, 269, 271, 271, 269, 267, 269, 269, 269,
    268, 270, 267, 268, 269, 268, 269, 271, 270, 268, 270, 267, 271, 270,
    269, 271, 270, 267, 268, 267, 270, 270, 271, 269, 270, 268, 269, 270,
    268, 270, 267, 269, 267, 269, 270, 271, 267, 269, 269, 271, 269, 271,
    269, 267, 268, 267, 269, 267, 271, 270, 268, 269, 269, 271, 267, 268,
    270, 270, 268, 270, 270, 269, 267, 269, 268, 270, 268, 270, 267, 271,
    268, 270, 268, 268, 269, 269, 269, 271, 270, 270 ]
