%YAML:1.0
---
videoName: "LHShake18.mp4"
gestureLabel: 2
fps: 29
pixelSizeInCmTemp: 3.4214285714285714e-01
faceCenterPointX: 253
faceCenterPointY: 65
LHandPositionsX: [ 315, 313, 315, 311, 312, 312, 312, 314, 311, 315, 311,
    314, 311, 313, 312, 313, 316, 315, 321, 324, 330, 337, 343, 350, 350,
    346, 338, 326, 313, 297, 304, 304, 308, 313, 313, 313, 313, 306, 296,
    291, 293, 298, 305, 313, 310, 309, 307, 295, 286, 283, 288, 297, 307,
    312, 314, 309, 308, 295, 286, 289, 293, 301, 307, 310, 309, 307, 303,
    296, 293, 301, 306, 304, 306, 311, 316, 312, 304, 304, 306, 304, 305,
    306, 309, 306, 310, 307, 309, 309 ]
LHandPositionsY: [ 249, 246, 247, 246, 248, 248, 247, 248, 248, 246, 247,
    250, 249, 248, 248, 246, 248, 251, 246, 235, 219, 203, 191, 179, 165,
    161, 155, 148, 146, 137, 137, 141, 145, 143, 138, 143, 140, 148, 144,
    140, 137, 142, 148, 144, 146, 146, 149, 146, 144, 142, 141, 149, 148,
    146, 146, 149, 153, 143, 145, 145, 149, 153, 152, 151, 150, 157, 159,
    147, 147, 150, 155, 153, 153, 154, 162, 165, 176, 185, 198, 206, 215,
    217, 219, 231, 235, 232, 234, 234 ]
RHandPositionsX: [ 196, 195, 194, 196, 195, 198, 199, 195, 199, 195, 195,
    197, 195, 195, 199, 195, 196, 197, 198, 198, 196, 198, 197, 195, 197,
    197, 196, 194, 198, 194, 196, 195, 195, 196, 197, 196, 197, 198, 196,
    197, 196, 197, 196, 195, 199, 197, 198, 199, 198, 198, 197, 197, 198,
    196, 197, 199, 198, 200, 197, 196, 196, 195, 196, 199, 199, 197, 196,
    196, 197, 194, 197, 198, 198, 194, 198, 196, 195, 195, 196, 197, 194,
    195, 194, 197, 196, 194, 197, 196 ]
RHandPositionsY: [ 266, 263, 262, 262, 264, 265, 266, 267, 264, 265, 267,
    265, 263, 264, 266, 266, 266, 263, 266, 265, 265, 263, 265, 263, 267,
    263, 267, 262, 262, 263, 262, 264, 265, 264, 263, 267, 265, 267, 266,
    265, 267, 268, 267, 267, 265, 264, 264, 266, 267, 265, 267, 266, 268,
    266, 264, 268, 265, 266, 267, 268, 267, 267, 268, 266, 266, 267, 267,
    267, 264, 266, 264, 265, 268, 267, 265, 266, 265, 267, 264, 266, 266,
    267, 267, 265, 265, 265, 266, 264 ]
