%YAML:1.0
---
videoName: "LHShake17.mp4"
gestureLabel: 2
fps: 30
pixelSizeInCmTemp: 3.3732394366197183e-01
faceCenterPointX: 248
faceCenterPointY: 64
LHandPositionsX: [ 321, 322, 321, 322, 323, 323, 325, 328, 326, 336, 342,
    354, 367, 373, 390, 398, 407, 411, 400, 389, 375, 358, 351, 351, 351,
    359, 368, 380, 377, 384, 377, 364, 353, 346, 344, 348, 355, 367, 366,
    367, 364, 360, 354, 350, 352, 356, 366, 373, 376, 376, 375, 369, 360,
    352, 349, 349, 346, 353, 359, 364, 362, 366, 367, 359, 348, 345, 340,
    337, 335, 336, 333, 330, 332, 329, 330, 327, 326, 329, 329, 327, 324,
    324, 325, 323, 325, 326, 324, 327, 327, 324, 325 ]
LHandPositionsY: [ 249, 249, 247, 247, 251, 248, 250, 244, 248, 232, 218,
    202, 184, 172, 160, 142, 132, 119, 116, 110, 122, 128, 137, 137, 137,
    136, 125, 115, 118, 118, 120, 127, 138, 140, 138, 140, 125, 116, 117,
    117, 118, 117, 125, 135, 135, 135, 126, 121, 120, 122, 120, 120, 131,
    137, 144, 139, 140, 124, 124, 125, 126, 124, 123, 130, 134, 145, 152,
    162, 172, 182, 194, 205, 219, 222, 222, 229, 234, 234, 235, 237, 236,
    238, 240, 239, 236, 238, 236, 235, 238, 236, 237 ]
RHandPositionsX: [ 179, 180, 176, 178, 177, 176, 179, 176, 179, 177, 177,
    176, 180, 176, 177, 179, 179, 180, 180, 177, 176, 177, 176, 176, 177,
    179, 177, 176, 176, 176, 177, 176, 176, 176, 175, 176, 175, 177, 175,
    174, 178, 177, 176, 174, 177, 178, 176, 178, 174, 176, 174, 175, 174,
    176, 175, 178, 174, 178, 178, 176, 175, 177, 177, 175, 177, 176, 176,
    175, 175, 176, 176, 178, 175, 175, 176, 178, 176, 174, 176, 176, 175,
    178, 178, 177, 177, 175, 176, 176, 178, 176, 175 ]
RHandPositionsY: [ 259, 256, 259, 260, 259, 257, 256, 259, 257, 260, 259,
    258, 257, 258, 260, 258, 260, 256, 256, 257, 258, 258, 257, 257, 258,
    259, 258, 257, 260, 259, 258, 257, 256, 260, 256, 256, 259, 260, 257,
    257, 259, 256, 259, 258, 257, 259, 256, 257, 260, 257, 257, 257, 260,
    256, 256, 257, 257, 260, 259, 260, 257, 258, 258, 257, 257, 256, 260,
    257, 259, 258, 259, 256, 257, 260, 258, 259, 256, 260, 259, 256, 256,
    259, 258, 258, 256, 259, 258, 257, 260, 258, 258 ]
