%YAML:1.0
---
videoName: "LHShake22.mp4"
gestureLabel: 2
fps: 29
pixelSizeInCmTemp: 3.5220588235294115e-01
faceCenterPointX: 261
faceCenterPointY: 79
LHandPositionsX: [ 337, 345, 349, 353, 357, 358, 355, 356, 345, 338, 329,
    319, 321, 319, 319, 324, 331, 338, 343, 342, 346, 341, 338, 329, 321,
    324, 324, 324, 331, 338, 344, 340, 343, 337, 330, 324, 319, 318, 321,
    321, 330, 333, 337, 334, 335, 332, 327, 319, 320, 318, 325, 330, 334,
    342, 341, 342, 342, 336, 325, 318, 317, 315, 318, 326, 330, 336, 336,
    336, 337, 330, 329, 323, 322, 318, 318, 322, 322, 323, 328, 326, 326,
    327, 324, 323, 323, 325, 327, 323 ]
LHandPositionsY: [ 258, 252, 248, 235, 232, 222, 209, 207, 194, 189, 188,
    187, 183, 185, 182, 179, 178, 177, 175, 175, 171, 169, 172, 175, 180,
    178, 177, 178, 176, 171, 173, 170, 173, 170, 173, 177, 183, 183, 183,
    183, 182, 178, 177, 175, 173, 174, 177, 180, 180, 179, 182, 183, 177,
    175, 174, 174, 175, 176, 178, 184, 183, 180, 182, 179, 177, 177, 179,
    179, 184, 187, 197, 202, 210, 221, 230, 240, 243, 244, 247, 247, 249,
    249, 247, 251, 250, 250, 248, 250 ]
RHandPositionsX: [ 191, 193, 191, 193, 190, 191, 191, 192, 191, 189, 192,
    192, 192, 192, 189, 190, 189, 192, 189, 193, 190, 193, 190, 192, 189,
    193, 190, 190, 191, 192, 189, 189, 189, 191, 191, 189, 191, 189, 190,
    189, 189, 189, 189, 192, 189, 192, 193, 193, 189, 193, 192, 193, 190,
    190, 190, 189, 192, 190, 192, 189, 191, 192, 191, 189, 190, 190, 193,
    189, 191, 193, 193, 190, 189, 190, 193, 192, 189, 191, 193, 191, 192,
    193, 189, 190, 189, 191, 192, 192 ]
RHandPositionsY: [ 270, 266, 267, 266, 269, 267, 270, 269, 270, 266, 268,
    268, 268, 269, 267, 266, 268, 270, 269, 269, 267, 269, 270, 268, 270,
    268, 270, 269, 269, 266, 270, 270, 270, 269, 267, 267, 267, 270, 267,
    267, 268, 267, 266, 268, 268, 266, 270, 270, 267, 270, 266, 266, 267,
    267, 268, 267, 269, 269, 267, 268, 267, 269, 269, 270, 268, 266, 267,
    267, 268, 268, 269, 270, 268, 267, 266, 270, 269, 267, 267, 270, 267,
    267, 269, 269, 267, 266, 268, 267 ]
