%YAML:1.0
---
videoName: "LHShake08.mp4"
gestureLabel: 2
fps: 29
pixelSizeInCmTemp: 3.4710144927536229e-01
faceCenterPointX: 261
faceCenterPointY: 69
LHandPositionsX: [ 340, 342, 342, 347, 351, 348, 354, 363, 367, 371, 373,
    375, 379, 365, 356, 345, 340, 341, 339, 343, 347, 356, 370, 366, 361,
    361, 358, 355, 343, 340, 338, 337, 344, 349, 360, 365, 369, 365, 366,
    364, 355, 345, 336, 338, 337, 336, 343, 350, 358, 360, 357, 357, 358,
    352, 345, 343, 345, 341, 344, 346, 355, 363, 374, 369, 371, 368, 364,
    358, 353, 344, 337, 333, 333, 332, 332, 333, 336, 334, 338, 338, 336,
    338, 336, 336, 335, 337, 338, 336 ]
LHandPositionsY: [ 268, 268, 265, 255, 248, 239, 220, 201, 186, 173, 163,
    156, 145, 146, 146, 145, 152, 149, 149, 149, 150, 144, 140, 138, 140,
    136, 143, 146, 148, 156, 151, 153, 154, 152, 150, 150, 146, 148, 149,
    150, 153, 155, 157, 158, 162, 160, 162, 156, 157, 155, 155, 155, 155,
    156, 160, 163, 159, 159, 163, 159, 157, 152, 145, 147, 146, 148, 150,
    153, 159, 168, 177, 186, 196, 209, 220, 235, 245, 246, 250, 252, 254,
    253, 256, 257, 254, 256, 255, 255 ]
RHandPositionsX: [ 172, 173, 174, 175, 176, 172, 173, 174, 173, 175, 174,
    174, 175, 176, 175, 173, 174, 172, 174, 173, 172, 172, 172, 172, 176,
    174, 176, 175, 173, 173, 174, 173, 175, 177, 173, 173, 177, 177, 174,
    177, 176, 175, 174, 174, 178, 178, 174, 174, 176, 175, 178, 174, 175,
    175, 175, 175, 178, 174, 175, 176, 175, 176, 175, 177, 177, 174, 176,
    174, 177, 178, 176, 176, 178, 174, 176, 174, 176, 174, 174, 178, 178,
    177, 177, 176, 175, 175, 177, 175 ]
RHandPositionsY: [ 276, 277, 275, 277, 277, 277, 275, 277, 273, 273, 277,
    276, 275, 274, 275, 273, 274, 275, 276, 274, 273, 273, 276, 273, 276,
    274, 276, 274, 273, 275, 275, 277, 275, 276, 275, 274, 273, 274, 273,
    273, 277, 274, 277, 273, 274, 276, 274, 273, 276, 274, 273, 275, 276,
    276, 274, 273, 276, 276, 276, 277, 275, 277, 276, 277, 276, 273, 274,
    273, 275, 275, 275, 273, 274, 276, 275, 274, 276, 274, 276, 276, 276,
    274, 277, 274, 274, 273, 274, 275 ]
