%YAML:1.0
---
videoName: "LHShake05.mp4"
gestureLabel: 2
fps: 30
pixelSizeInCmTemp: 3.2364864864864862e-01
faceCenterPointX: 252
faceCenterPointY: 81
LHandPositionsX: [ 292, 295, 295, 293, 295, 291, 295, 293, 294, 292, 292,
    297, 303, 312, 324, 333, 340, 344, 339, 338, 342, 336, 330, 330, 329,
    330, 333, 336, 343, 344, 345, 336, 333, 322, 325, 323, 329, 333, 336,
    339, 338, 330, 324, 319, 320, 322, 327, 332, 338, 338, 336, 330, 324,
    326, 324, 324, 333, 335, 341, 339, 335, 333, 333, 329, 331, 337, 337,
    337, 341, 337, 336, 326, 320, 315, 310, 304, 304, 298, 298, 294, 295,
    294, 295, 292, 294, 292, 293, 291, 295, 294, 295 ]
LHandPositionsY: [ 269, 269, 266, 270, 266, 266, 267, 264, 262, 257, 243,
    225, 213, 201, 185, 175, 165, 160, 156, 154, 155, 153, 153, 153, 153,
    154, 150, 144, 142, 135, 133, 138, 143, 147, 143, 148, 143, 141, 140,
    135, 133, 139, 144, 145, 144, 144, 139, 135, 135, 129, 138, 141, 143,
    141, 143, 141, 142, 139, 135, 140, 142, 142, 144, 143, 145, 143, 141,
    140, 135, 140, 142, 151, 160, 171, 177, 187, 196, 208, 220, 226, 235,
    237, 240, 243, 245, 249, 251, 252, 252, 255, 259 ]
RHandPositionsX: [ 213, 211, 212, 210, 213, 213, 211, 211, 214, 213, 214,
    209, 210, 213, 213, 212, 210, 211, 210, 208, 209, 212, 209, 212, 208,
    208, 208, 210, 210, 210, 210, 210, 208, 206, 209, 206, 208, 209, 210,
    207, 210, 207, 206, 209, 207, 207, 209, 206, 207, 210, 208, 210, 207,
    206, 208, 209, 210, 209, 210, 207, 208, 210, 209, 208, 210, 209, 210,
    207, 210, 208, 206, 206, 207, 207, 206, 207, 207, 206, 209, 210, 209,
    207, 206, 207, 207, 211, 208, 209, 208, 210, 211 ]
RHandPositionsY: [ 265, 263, 266, 263, 263, 266, 266, 264, 266, 264, 263,
    265, 263, 265, 265, 264, 264, 262, 265, 263, 264, 262, 262, 264, 265,
    265, 266, 264, 266, 266, 265, 265, 264, 264, 262, 265, 264, 261, 261,
    262, 261, 262, 263, 263, 265, 265, 265, 263, 264, 263, 264, 262, 264,
    261, 261, 261, 263, 261, 264, 262, 263, 262, 262, 263, 262, 261, 262,
    262, 264, 263, 264, 261, 264, 263, 264, 265, 263, 264, 261, 261, 262,
    262, 262, 265, 262, 263, 264, 265, 262, 262, 262 ]
