%YAML:1.0
---
videoName: "LHShake14.mp4"
gestureLabel: 2
fps: 29
pixelSizeInCmTemp: 3.2808219178082193e-01
faceCenterPointX: 256
faceCenterPointY: 64
LHandPositionsX: [ 350, 354, 348, 359, 366, 379, 392, 391, 387, 378, 368,
    358, 360, 355, 360, 370, 382, 384, 385, 379, 375, 362, 354, 357, 354,
    358, 367, 379, 388, 385, 384, 376, 370, 357, 357, 357, 360, 369, 381,
    383, 384, 377, 371, 360, 361, 359, 358, 366, 374, 378, 378, 376, 374,
    365, 356, 351, 343, 337, 333, 329, 330, 329, 331, 329, 328, 332, 330,
    332, 331, 330, 332, 332, 331, 327, 327, 329, 328, 327, 330, 327, 331,
    327, 330, 329, 327, 328, 329, 327 ]
LHandPositionsY: [ 149, 148, 148, 145, 139, 139, 139, 142, 141, 139, 146,
    148, 148, 149, 146, 143, 139, 137, 139, 138, 139, 142, 146, 145, 145,
    148, 144, 145, 144, 144, 139, 139, 143, 145, 144, 147, 148, 145, 144,
    144, 143, 140, 144, 140, 143, 144, 140, 140, 139, 141, 145, 147, 151,
    155, 159, 168, 175, 189, 201, 208, 221, 235, 237, 239, 242, 248, 250,
    250, 248, 251, 253, 252, 248, 249, 250, 250, 250, 248, 252, 251, 252,
    251, 251, 252, 250, 250, 251, 250 ]
RHandPositionsX: [ 181, 185, 183, 182, 183, 180, 182, 183, 183, 180, 178,
    181, 179, 182, 179, 180, 180, 178, 176, 177, 179, 176, 177, 177, 179,
    176, 176, 175, 179, 176, 179, 179, 176, 178, 176, 177, 175, 179, 176,
    178, 175, 175, 176, 178, 179, 176, 179, 178, 179, 175, 177, 175, 177,
    179, 178, 177, 177, 176, 175, 176, 176, 177, 176, 178, 175, 176, 178,
    176, 179, 179, 176, 178, 175, 176, 176, 179, 179, 177, 175, 176, 176,
    175, 179, 176, 175, 179, 175, 176 ]
RHandPositionsY: [ 276, 278, 279, 275, 277, 275, 277, 277, 279, 279, 275,
    277, 275, 278, 278, 274, 276, 275, 274, 275, 275, 273, 277, 274, 275,
    276, 273, 277, 273, 273, 276, 277, 275, 274, 277, 274, 277, 276, 275,
    278, 274, 274, 275, 276, 276, 276, 277, 275, 275, 276, 277, 277, 276,
    273, 273, 273, 273, 273, 275, 274, 276, 277, 273, 273, 273, 277, 273,
    276, 275, 276, 275, 276, 277, 273, 274, 277, 275, 276, 276, 273, 274,
    273, 273, 273, 273, 273, 275, 273 ]
