%YAML:1.0
---
videoName: "LHShake01.mp4"
gestureLabel: 2
fps: 29
pixelSizeInCmTemp: 3.4214285714285714e-01
faceCenterPointX: 252
faceCenterPointY: 84
LHandPositionsX: [ 366, 363, 363, 362, 358, 355, 345, 341, 337, 333, 333,
    333, 341, 345, 351, 355, 358, 357, 350, 347, 345, 340, 342, 339, 339,
    338, 343, 348, 350, 350, 350, 350, 345, 339, 336, 332, 331, 335, 336,
    340, 346, 345, 345, 350, 348, 346, 344, 338, 335, 335, 335, 334, 336,
    341, 345, 349, 351, 347, 347, 349, 343, 342, 338, 333, 326, 329, 330,
    335, 332, 326, 329, 332, 338, 338, 342, 344, 343, 344, 348, 347, 350,
    347, 350, 348, 352, 349, 352, 348 ]
LHandPositionsY: [ 145, 138, 133, 127, 122, 120, 117, 118, 122, 120, 119,
    123, 120, 117, 111, 111, 107, 106, 109, 110, 108, 110, 111, 113, 114,
    111, 113, 110, 105, 108, 106, 107, 108, 110, 113, 113, 115, 112, 113,
    111, 111, 107, 106, 103, 104, 108, 105, 105, 107, 109, 108, 107, 108,
    104, 105, 102, 103, 102, 103, 104, 105, 105, 109, 124, 132, 142, 151,
    163, 165, 165, 171, 180, 190, 200, 205, 214, 220, 223, 222, 225, 226,
    226, 230, 229, 231, 230, 232, 231 ]
RHandPositionsX: [ 156, 153, 155, 154, 156, 153, 157, 156, 156, 154, 156,
    155, 157, 156, 153, 156, 153, 155, 155, 153, 155, 157, 154, 155, 155,
    154, 157, 157, 154, 156, 154, 153, 156, 157, 156, 156, 157, 154, 156,
    153, 154, 155, 154, 154, 153, 157, 157, 157, 153, 157, 155, 157, 153,
    153, 156, 153, 156, 155, 154, 156, 153, 155, 153, 156, 153, 153, 157,
    157, 156, 155, 153, 156, 155, 155, 153, 154, 157, 153, 154, 157, 155,
    156, 153, 154, 157, 154, 156, 153 ]
RHandPositionsY: [ 269, 268, 270, 271, 268, 269, 268, 269, 267, 266, 265,
    265, 269, 265, 266, 264, 268, 264, 263, 264, 264, 264, 262, 262, 264,
    263, 265, 264, 265, 261, 264, 262, 262, 263, 263, 262, 261, 261, 262,
    261, 260, 261, 262, 264, 261, 262, 261, 263, 259, 260, 263, 261, 263,
    262, 262, 262, 263, 261, 259, 261, 263, 259, 263, 263, 259, 261, 263,
    260, 261, 263, 262, 262, 261, 262, 261, 259, 261, 260, 262, 259, 260,
    261, 263, 259, 261, 259, 262, 263 ]
