%YAML:1.0
---
videoName: "LHShake16.mp4"
gestureLabel: 2
fps: 30
pixelSizeInCmTemp: 3.3732394366197183e-01
faceCenterPointX: 247
faceCenterPointY: 66
LHandPositionsX: [ 323, 322, 323, 326, 327, 337, 346, 351, 364, 371, 381,
    394, 405, 412, 408, 402, 400, 389, 374, 361, 355, 357, 365, 370, 382,
    401, 394, 393, 388, 386, 372, 371, 372, 371, 373, 380, 389, 389, 400,
    394, 385, 375, 366, 365, 365, 370, 372, 385, 397, 405, 399, 383, 372,
    365, 365, 361, 363, 367, 375, 391, 385, 382, 390, 381, 373, 367, 359,
    351, 345, 336, 333, 331, 329, 332, 332, 329, 330, 328, 331, 327, 328,
    329, 326, 327, 329, 329, 324, 328, 325, 324, 324 ]
LHandPositionsY: [ 255, 253, 254, 252, 253, 246, 236, 224, 211, 194, 180,
    169, 154, 149, 140, 137, 122, 116, 118, 110, 118, 120, 125, 118, 112,
    113, 117, 119, 119, 117, 121, 128, 132, 136, 125, 120, 119, 120, 122,
    118, 117, 126, 135, 132, 137, 138, 130, 128, 127, 124, 124, 129, 139,
    142, 144, 144, 148, 144, 133, 129, 128, 128, 123, 133, 141, 149, 161,
    168, 180, 199, 205, 213, 224, 227, 232, 236, 238, 237, 237, 239, 239,
    242, 240, 245, 243, 241, 244, 244, 241, 241, 242 ]
RHandPositionsX: [ 178, 175, 176, 176, 178, 175, 177, 179, 177, 175, 176,
    175, 175, 176, 177, 177, 178, 175, 177, 175, 178, 178, 179, 178, 179,
    179, 178, 178, 178, 178, 175, 175, 175, 177, 177, 179, 178, 176, 177,
    175, 179, 178, 177, 179, 179, 177, 177, 179, 178, 179, 177, 175, 177,
    176, 177, 179, 177, 178, 177, 177, 178, 179, 179, 178, 175, 177, 178,
    178, 177, 179, 175, 176, 176, 176, 178, 179, 178, 179, 178, 177, 179,
    175, 176, 175, 178, 176, 177, 175, 179, 176, 177 ]
RHandPositionsY: [ 262, 261, 258, 259, 258, 262, 259, 259, 258, 259, 261,
    258, 260, 260, 261, 261, 258, 261, 258, 260, 258, 261, 262, 259, 260,
    262, 262, 261, 260, 258, 259, 259, 259, 262, 262, 260, 262, 258, 260,
    262, 258, 259, 259, 262, 262, 259, 260, 259, 259, 261, 262, 260, 260,
    261, 259, 262, 262, 259, 260, 259, 260, 262, 261, 260, 261, 262, 258,
    260, 261, 260, 259, 259, 259, 262, 261, 260, 259, 258, 258, 261, 261,
    262, 259, 261, 260, 258, 259, 259, 258, 262, 258 ]
