%YAML:1.0
---
videoName: "LHShake24.mp4"
gestureLabel: 2
fps: 30
pixelSizeInCmTemp: 3.4214285714285714e-01
faceCenterPointX: 255
faceCenterPointY: 77
LHandPositionsX: [ 326, 330, 330, 329, 329, 329, 326, 326, 331, 331, 332,
    336, 341, 349, 353, 362, 369, 377, 379, 382, 382, 381, 372, 362, 348,
    342, 344, 343, 343, 348, 359, 367, 376, 376, 376, 373, 366, 356, 347,
    340, 341, 340, 342, 355, 364, 367, 367, 370, 362, 356, 342, 338, 340,
    338, 346, 354, 364, 374, 367, 374, 371, 360, 353, 343, 347, 343, 345,
    352, 360, 370, 367, 370, 368, 359, 349, 344, 337, 333, 328, 328, 322,
    324, 328, 326, 326, 326, 326, 327, 328, 328, 328 ]
LHandPositionsY: [ 263, 264, 263, 261, 262, 260, 261, 263, 263, 259, 257,
    254, 248, 234, 223, 209, 193, 184, 172, 173, 160, 151, 153, 156, 157,
    161, 161, 164, 160, 161, 156, 154, 151, 149, 149, 148, 144, 147, 154,
    157, 154, 156, 154, 153, 149, 151, 152, 148, 153, 155, 159, 162, 163,
    163, 160, 159, 162, 160, 157, 155, 158, 156, 158, 162, 164, 160, 160,
    163, 160, 157, 157, 160, 156, 158, 160, 165, 171, 179, 187, 199, 208,
    218, 230, 233, 236, 239, 241, 246, 245, 249, 249 ]
RHandPositionsX: [ 182, 181, 179, 183, 180, 180, 180, 182, 179, 179, 183,
    182, 183, 180, 181, 181, 180, 182, 179, 180, 182, 183, 182, 180, 182,
    183, 182, 179, 182, 182, 181, 181, 181, 182, 181, 181, 180, 182, 183,
    179, 183, 179, 179, 182, 179, 180, 182, 181, 181, 182, 181, 183, 181,
    180, 179, 182, 181, 182, 181, 181, 183, 181, 180, 181, 182, 181, 181,
    182, 183, 183, 179, 182, 180, 180, 179, 179, 182, 180, 181, 181, 179,
    180, 180, 180, 180, 179, 180, 182, 181, 183, 179 ]
RHandPositionsY: [ 270, 271, 270, 271, 269, 268, 267, 268, 268, 271, 271,
    271, 271, 271, 269, 267, 269, 267, 268, 267, 269, 268, 270, 267, 271,
    267, 271, 268, 269, 268, 270, 268, 269, 269, 267, 271, 270, 268, 268,
    267, 269, 271, 270, 271, 271, 271, 267, 269, 269, 269, 268, 271, 269,
    268, 268, 271, 267, 271, 269, 270, 270, 269, 268, 267, 269, 269, 267,
    268, 270, 271, 270, 267, 267, 269, 267, 267, 271, 271, 271, 270, 270,
    268, 270, 268, 268, 268, 269, 271, 271, 271, 270 ]
