%YAML:1.0
---
videoName: "LHShake22.mp4"
gestureLabel: 2
fps: 29
pixelSizeInCmTemp: 3.5220588235294115e-01
faceCenterPointX: 261
faceCenterPointY: 79
LHandPositionsX: [ 334, 345, 349, 356, 355, 360, 356, 355, 347, 335, 326,
    319, 322, 320, 320, 322, 332, 336, 344, 345, 345, 343, 339, 330, 325,
    321, 322, 326, 330, 340, 345, 343, 343, 337, 328, 321, 319, 317, 320,
    323, 330, 334, 338, 337, 336, 329, 327, 318, 318, 320, 324, 331, 334,
    344, 345, 343, 341, 334, 325, 318, 318, 316, 320, 323, 331, 337, 335,
    333, 336, 333, 329, 322, 319, 319, 319, 323, 324, 326, 327, 325, 324,
    324, 326, 326, 327, 326, 327, 324 ]
LHandPositionsY: [ 261, 252, 244, 238, 236, 218, 209, 207, 195, 190, 184,
    187, 183, 187, 181, 181, 176, 178, 173, 172, 170, 173, 175, 176, 177,
    180, 179, 180, 175, 171, 172, 172, 170, 172, 175, 180, 182, 182, 184,
    181, 179, 176, 178, 175, 174, 176, 176, 183, 183, 179, 182, 182, 177,
    178, 177, 178, 178, 177, 179, 183, 184, 184, 181, 178, 178, 179, 180,
    179, 186, 189, 193, 200, 208, 222, 230, 240, 241, 244, 245, 245, 246,
    247, 247, 249, 251, 247, 250, 248 ]
RHandPositionsX: [ 190, 190, 193, 193, 191, 189, 192, 190, 190, 191, 189,
    193, 192, 193, 190, 190, 191, 193, 193, 192, 193, 189, 191, 193, 189,
    193, 192, 192, 190, 193, 191, 190, 191, 189, 193, 193, 190, 190, 193,
    192, 190, 193, 191, 189, 192, 192, 190, 191, 190, 191, 193, 192, 189,
    191, 193, 190, 193, 193, 190, 192, 192, 190, 191, 191, 191, 191, 192,
    192, 193, 193, 192, 193, 189, 189, 193, 190, 192, 190, 192, 192, 191,
    191, 193, 193, 191, 191, 190, 189 ]
RHandPositionsY: [ 268, 270, 266, 268, 267, 270, 267, 266, 266, 269, 266,
    270, 269, 268, 266, 268, 266, 270, 266, 270, 268, 268, 270, 270, 266,
    270, 268, 266, 270, 270, 267, 267, 269, 266, 267, 270, 266, 268, 270,
    267, 270, 270, 268, 267, 268, 267, 270, 269, 268, 267, 268, 266, 267,
    266, 267, 267, 269, 266, 268, 270, 268, 267, 270, 270, 266, 266, 269,
    267, 266, 268, 267, 268, 269, 270, 268, 266, 266, 266, 269, 268, 267,
    268, 268, 266, 267, 270, 269, 268 ]
