%YAML:1.0
---
videoName: "LHShake14.mp4"
gestureLabel: 2
fps: 29
pixelSizeInCmTemp: 3.2808219178082193e-01
faceCenterPointX: 256
faceCenterPointY: 64
LHandPositionsX: [ 350, 355, 351, 358, 369, 382, 392, 390, 387, 382, 368,
    360, 358, 354, 359, 368, 381, 381, 385, 381, 373, 365, 352, 357, 351,
    360, 370, 382, 389, 385, 384, 377, 366, 356, 359, 355, 360, 371, 379,
    383, 382, 378, 368, 363, 358, 361, 360, 366, 371, 376, 378, 379, 371,
    363, 359, 347, 342, 339, 333, 329, 329, 331, 329, 327, 329, 333, 328,
    328, 331, 331, 330, 328, 332, 331, 331, 327, 330, 327, 327, 331, 330,
    331, 328, 329, 329, 330, 331, 328 ]
LHandPositionsY: [ 149, 146, 148, 144, 139, 141, 141, 139, 140, 139, 146,
    147, 146, 150, 148, 143, 140, 137, 138, 138, 142, 145, 147, 148, 146,
    147, 144, 144, 141, 144, 140, 142, 146, 147, 148, 147, 144, 145, 144,
    145, 142, 140, 140, 140, 140, 143, 141, 142, 138, 141, 141, 144, 148,
    156, 158, 168, 176, 188, 197, 211, 220, 232, 235, 236, 244, 245, 247,
    250, 248, 251, 253, 250, 251, 249, 249, 250, 252, 250, 249, 250, 249,
    251, 252, 248, 249, 249, 248, 249 ]
RHandPositionsX: [ 183, 182, 183, 184, 180, 181, 180, 181, 180, 180, 180,
    179, 180, 182, 178, 176, 179, 176, 177, 175, 179, 177, 178, 179, 176,
    176, 179, 175, 177, 176, 178, 176, 175, 175, 176, 176, 177, 175, 180,
    176, 177, 176, 178, 178, 178, 177, 178, 178, 175, 175, 175, 176, 175,
    176, 178, 178, 175, 176, 177, 177, 178, 179, 177, 176, 177, 175, 179,
    177, 176, 175, 175, 179, 176, 179, 178, 178, 178, 179, 176, 177, 177,
    175, 175, 179, 179, 175, 178, 179 ]
RHandPositionsY: [ 279, 279, 275, 278, 275, 276, 277, 279, 279, 276, 276,
    275, 274, 277, 275, 277, 276, 275, 273, 275, 274, 273, 274, 275, 275,
    275, 275, 273, 276, 276, 275, 277, 275, 277, 277, 274, 276, 275, 275,
    274, 274, 273, 277, 275, 274, 273, 277, 277, 276, 276, 275, 273, 277,
    277, 273, 274, 277, 274, 273, 276, 277, 274, 275, 275, 274, 274, 275,
    273, 274, 276, 275, 275, 274, 273, 275, 276, 273, 273, 273, 276, 273,
    273, 277, 274, 276, 277, 276, 273 ]
