%YAML:1.0
---
videoName: "LHShake18.mp4"
gestureLabel: 2
fps: 29
pixelSizeInCmTemp: 3.4214285714285714e-01
faceCenterPointX: 253
faceCenterPointY: 65
LHandPositionsX: [ 312, 312, 314, 311, 312, 315, 313, 312, 314, 311, 315,
    311, 312, 311, 315, 313, 317, 314, 325, 326, 331, 336, 342, 346, 349,
    347, 336, 326, 316, 298, 304, 304, 305, 315, 313, 314, 312, 306, 300,
    290, 293, 302, 308, 314, 312, 311, 308, 296, 288, 287, 287, 295, 306,
    312, 314, 312, 304, 295, 287, 285, 294, 302, 306, 306, 311, 307, 305,
    295, 296, 301, 304, 307, 306, 309, 316, 309, 307, 306, 305, 306, 306,
    304, 307, 310, 311, 311, 309, 308 ]
LHandPositionsY: [ 250, 250, 249, 248, 250, 248, 248, 250, 246, 248, 246,
    250, 246, 249, 249, 248, 246, 250, 243, 233, 216, 204, 191, 175, 166,
    159, 152, 144, 148, 138, 137, 144, 143, 142, 140, 139, 142, 148, 146,
    137, 134, 143, 148, 147, 147, 144, 150, 147, 144, 139, 142, 145, 146,
    146, 146, 150, 149, 144, 144, 144, 150, 151, 153, 154, 154, 155, 160,
    149, 147, 150, 154, 155, 154, 156, 162, 165, 176, 188, 199, 207, 214,
    219, 218, 234, 235, 234, 232, 235 ]
RHandPositionsX: [ 196, 194, 196, 197, 196, 199, 195, 197, 199, 196, 198,
    199, 195, 195, 199, 197, 196, 197, 197, 197, 195, 195, 198, 195, 198,
    195, 198, 195, 195, 194, 197, 194, 195, 199, 196, 197, 198, 199, 197,
    196, 198, 198, 196, 199, 197, 199, 195, 198, 197, 195, 199, 198, 196,
    196, 198, 198, 198, 197, 200, 198, 195, 197, 197, 198, 198, 196, 198,
    199, 195, 195, 194, 195, 198, 196, 194, 194, 197, 194, 196, 198, 196,
    198, 195, 196, 194, 197, 195, 198 ]
RHandPositionsY: [ 266, 265, 263, 266, 265, 264, 267, 264, 267, 264, 264,
    263, 263, 263, 264, 264, 264, 263, 264, 267, 265, 263, 263, 267, 265,
    266, 267, 264, 265, 264, 263, 263, 267, 264, 267, 264, 264, 267, 267,
    268, 264, 268, 268, 268, 265, 267, 265, 266, 266, 265, 265, 266, 266,
    266, 268, 267, 267, 266, 268, 267, 264, 264, 267, 267, 268, 264, 265,
    265, 265, 267, 268, 267, 266, 266, 266, 268, 267, 265, 267, 268, 268,
    267, 265, 266, 268, 265, 264, 266 ]
