%YAML:1.0
---
videoName: "LHShake05.mp4"
gestureLabel: 2
fps: 30
pixelSizeInCmTemp: 3.2364864864864862e-01
faceCenterPointX: 252
faceCenterPointY: 81
LHandPositionsX: [ 294, 292, 295, 291, 293, 294, 291, 294, 295, 290, 295,
    298, 303, 311, 323, 333, 341, 344, 339, 341, 342, 335, 333, 329, 330,
    330, 334, 336, 340, 344, 346, 340, 333, 325, 326, 326, 327, 330, 334,
    339, 339, 329, 320, 323, 322, 323, 329, 333, 335, 337, 336, 326, 326,
    326, 326, 327, 331, 336, 339, 335, 333, 331, 330, 328, 331, 334, 337,
    340, 341, 335, 336, 325, 320, 316, 312, 305, 304, 301, 296, 297, 294,
    296, 294, 292, 295, 294, 295, 293, 295, 293, 293 ]
LHandPositionsY: [ 267, 268, 269, 270, 266, 266, 268, 268, 264, 254, 241,
    226, 213, 199, 184, 175, 164, 163, 157, 155, 155, 154, 157, 156, 156,
    150, 150, 145, 140, 136, 133, 138, 147, 147, 144, 145, 146, 138, 138,
    136, 134, 140, 144, 142, 143, 143, 141, 135, 134, 131, 135, 141, 142,
    140, 142, 145, 142, 138, 137, 137, 142, 144, 141, 142, 144, 143, 137,
    137, 136, 141, 141, 150, 163, 170, 180, 190, 200, 210, 217, 229, 233,
    237, 240, 242, 247, 248, 253, 253, 251, 257, 258 ]
RHandPositionsX: [ 211, 210, 214, 211, 213, 210, 211, 210, 213, 213, 214,
    212, 210, 210, 213, 211, 210, 209, 213, 210, 208, 212, 209, 210, 211,
    209, 211, 209, 209, 208, 207, 207, 209, 208, 208, 210, 208, 208, 206,
    209, 206, 206, 210, 207, 208, 206, 207, 210, 209, 209, 210, 208, 208,
    206, 206, 210, 209, 207, 210, 208, 207, 208, 207, 209, 207, 206, 208,
    208, 210, 207, 207, 210, 206, 207, 206, 207, 208, 209, 210, 206, 210,
    208, 208, 209, 211, 207, 210, 212, 210, 211, 211 ]
RHandPositionsY: [ 262, 266, 266, 262, 264, 264, 262, 263, 264, 266, 265,
    263, 263, 263, 266, 266, 266, 266, 264, 262, 266, 264, 262, 263, 262,
    264, 266, 263, 262, 262, 263, 264, 264, 263, 261, 264, 263, 264, 264,
    265, 264, 261, 263, 261, 264, 261, 263, 265, 263, 261, 265, 261, 262,
    261, 263, 261, 263, 264, 265, 262, 265, 261, 265, 261, 263, 263, 261,
    265, 265, 262, 263, 262, 265, 262, 262, 262, 261, 263, 262, 261, 264,
    265, 262, 263, 263, 263, 262, 261, 262, 263, 265 ]
