%YAML:1.0
---
videoName: "LHShake24.mp4"
gestureLabel: 2
fps: 30
pixelSizeInCmTemp: 3.4214285714285714e-01
faceCenterPointX: 255
faceCenterPointY: 77
LHandPositionsX: [ 326, 327, 328, 327, 327, 326, 328, 330, 327, 329, 332,
    335, 341, 349, 354, 362, 367, 377, 381, 382, 382, 377, 372, 359, 350,
    343, 342, 343, 344, 347, 360, 370, 378, 377, 378, 377, 368, 359, 345,
    337, 343, 337, 344, 355, 362, 364, 367, 366, 364, 352, 343, 337, 343,
    341, 343, 353, 364, 374, 370, 371, 368, 360, 354, 346, 344, 343, 345,
    353, 360, 370, 368, 370, 366, 359, 352, 340, 337, 334, 328, 324, 326,
    325, 324, 326, 328, 326, 325, 325, 324, 325, 325 ]
LHandPositionsY: [ 261, 262, 261, 261, 264, 262, 263, 262, 264, 259, 261,
    257, 247, 236, 226, 206, 193, 185, 173, 170, 162, 154, 150, 156, 155,
    160, 165, 161, 162, 161, 158, 153, 147, 148, 150, 148, 146, 147, 152,
    157, 152, 156, 156, 155, 150, 151, 150, 151, 153, 155, 161, 164, 160,
    163, 164, 163, 161, 160, 157, 157, 155, 156, 158, 161, 162, 160, 164,
    160, 158, 156, 157, 160, 157, 157, 159, 161, 169, 177, 188, 198, 206,
    217, 232, 233, 235, 237, 241, 246, 245, 248, 249 ]
RHandPositionsX: [ 181, 182, 180, 180, 180, 183, 180, 182, 180, 182, 183,
    182, 182, 183, 180, 182, 179, 181, 183, 183, 180, 181, 180, 179, 183,
    183, 183, 180, 179, 183, 182, 183, 183, 180, 179, 182, 179, 183, 182,
    182, 182, 181, 181, 180, 183, 183, 181, 179, 183, 181, 182, 183, 182,
    179, 182, 182, 182, 180, 181, 182, 180, 181, 179, 181, 179, 181, 183,
    181, 183, 183, 181, 182, 180, 182, 183, 179, 181, 182, 181, 179, 183,
    182, 182, 182, 182, 180, 182, 183, 180, 179, 182 ]
RHandPositionsY: [ 271, 270, 267, 271, 270, 271, 269, 267, 269, 267, 269,
    267, 271, 267, 267, 271, 269, 268, 270, 271, 269, 270, 267, 268, 268,
    270, 271, 271, 270, 267, 267, 268, 271, 267, 269, 267, 270, 267, 271,
    269, 268, 268, 268, 270, 270, 268, 269, 271, 271, 271, 270, 271, 269,
    271, 269, 270, 269, 267, 268, 268, 270, 271, 268, 271, 270, 268, 268,
    268, 269, 267, 271, 270, 270, 270, 269, 269, 267, 271, 268, 271, 268,
    269, 267, 271, 270, 271, 267, 269, 268, 270, 269 ]
