%YAML:1.0
---
videoName: "LHShake09.mp4"
gestureLabel: 2
fps: 29
pixelSizeInCmTemp: 3.3263888888888887e-01
faceCenterPointX: 259
faceCenterPointY: 67
LHandPositionsX: [ 337, 336, 339, 337, 342, 348, 347, 355, 351, 359, 361,
    367, 369, 370, 370, 366, 362, 349, 339, 334, 334, 335, 327, 330, 336,
    346, 349, 351, 350, 350, 351, 347, 344, 337, 335, 334, 339, 345, 353,
    361, 368, 366, 367, 364, 357, 345, 337, 337, 336, 336, 337, 347, 355,
    352, 357, 353, 354, 351, 343, 334, 337, 337, 335, 337, 343, 349, 353,
    355, 356, 354, 348, 345, 336, 329, 326, 320, 316, 322, 323, 326, 328,
    327, 328, 333, 333, 332, 332, 333 ]
LHandPositionsY: [ 273, 272, 273, 274, 274, 269, 265, 256, 247, 239, 232,
    217, 201, 199, 183, 175, 167, 160, 157, 155, 160, 156, 156, 155, 154,
    153, 146, 145, 149, 147, 151, 149, 150, 152, 154, 156, 153, 156, 151,
    152, 151, 154, 152, 153, 154, 157, 155, 158, 157, 156, 155, 155, 151,
    154, 153, 153, 152, 151, 152, 152, 155, 152, 155, 155, 153, 152, 153,
    151, 151, 151, 151, 157, 161, 172, 183, 195, 208, 221, 234, 244, 244,
    248, 253, 256, 256, 258, 260, 261 ]
RHandPositionsX: [ 176, 180, 179, 176, 178, 178, 179, 177, 180, 180, 178,
    180, 180, 178, 180, 180, 177, 177, 177, 178, 180, 176, 176, 179, 180,
    177, 179, 176, 177, 179, 179, 178, 178, 178, 176, 178, 176, 178, 180,
    177, 178, 179, 179, 180, 176, 176, 176, 177, 177, 180, 179, 177, 178,
    176, 177, 180, 177, 176, 178, 177, 178, 180, 179, 180, 180, 177, 177,
    179, 178, 180, 177, 178, 177, 176, 177, 177, 177, 180, 176, 177, 178,
    178, 178, 176, 180, 177, 180, 177 ]
RHandPositionsY: [ 275, 277, 279, 278, 275, 278, 276, 279, 278, 275, 275,
    276, 275, 277, 278, 279, 277, 278, 279, 275, 276, 275, 277, 278, 277,
    279, 278, 279, 277, 279, 276, 275, 277, 275, 276, 275, 276, 279, 279,
    278, 277, 279, 279, 277, 275, 278, 279, 276, 276, 279, 277, 276, 276,
    275, 276, 279, 278, 278, 279, 276, 277, 277, 276, 276, 277, 277, 276,
    276, 279, 275, 277, 276, 278, 279, 278, 278, 275, 278, 276, 278, 279,
    278, 278, 278, 276, 276, 277, 275 ]
