%YAML:1.0
---
videoName: "LHShake19.mp4"
gestureLabel: 2
fps: 29
pixelSizeInCmTemp: 3.3732394366197183e-01
faceCenterPointX: 250
faceCenterPointY: 62
LHandPositionsX: [ 305, 307, 305, 306, 307, 307, 308, 309, 308, 307, 305,
    305, 306, 306, 309, 307, 312, 314, 319, 327, 326, 323, 310, 290, 288,
    287, 292, 298, 304, 315, 313, 315, 306, 295, 289, 289, 295, 300, 308,
    317, 319, 314, 304, 292, 289, 295, 300, 307, 314, 313, 312, 308, 293,
    292, 294, 303, 309, 315, 316, 315, 315, 310, 303, 301, 299, 292, 291,
    291, 297, 297, 304, 303, 302, 304, 304, 308, 309, 309, 307, 308, 310,
    310, 307, 311, 308, 310, 310, 310 ]
LHandPositionsY: [ 250, 250, 250, 248, 248, 252, 250, 252, 250, 248, 252,
    248, 248, 246, 246, 238, 229, 215, 203, 192, 178, 171, 161, 162, 157,
    155, 158, 156, 153, 154, 153, 152, 156, 152, 151, 147, 154, 156, 153,
    154, 153, 154, 156, 147, 146, 155, 156, 152, 155, 152, 154, 156, 148,
    143, 155, 158, 153, 154, 153, 153, 154, 153, 157, 162, 166, 174, 181,
    189, 198, 209, 217, 217, 219, 221, 224, 227, 229, 232, 235, 236, 235,
    238, 236, 239, 241, 238, 238, 238 ]
RHandPositionsX: [ 197, 199, 199, 197, 198, 197, 198, 196, 197, 195, 197,
    195, 199, 198, 197, 197, 195, 199, 197, 197, 195, 195, 198, 197, 196,
    198, 194, 194, 194, 194, 195, 197, 197, 195, 192, 192, 192, 195, 194,
    195, 195, 195, 193, 191, 195, 195, 192, 195, 191, 194, 193, 195, 193,
    192, 195, 192, 195, 195, 193, 192, 191, 191, 195, 192, 194, 192, 194,
    194, 192, 193, 193, 192, 195, 193, 191, 195, 193, 193, 193, 193, 195,
    191, 195, 194, 195, 195, 194, 191 ]
RHandPositionsY: [ 257, 257, 255, 255, 255, 258, 255, 256, 256, 254, 255,
    254, 254, 254, 255, 255, 258, 256, 257, 257, 256, 255, 257, 258, 254,
    254, 256, 258, 257, 256, 258, 256, 257, 254, 254, 254, 258, 258, 257,
    256, 254, 258, 256, 256, 257, 255, 256, 257, 257, 257, 257, 254, 258,
    257, 256, 257, 255, 258, 256, 256, 258, 258, 254, 255, 255, 254, 257,
    258, 254, 255, 254, 256, 255, 254, 256, 254, 257, 256, 255, 258, 254,
    255, 254, 255, 256, 258, 255, 258 ]
