%YAML:1.0
---
videoName: "LHShake09.mp4"
gestureLabel: 2
fps: 29
pixelSizeInCmTemp: 3.3263888888888887e-01
faceCenterPointX: 259
faceCenterPointY: 67
LHandPositionsX: [ 337, 338, 336, 338, 342, 344, 351, 354, 351, 356, 360,
    366, 368, 369, 368, 365, 361, 352, 343, 332, 330, 334, 327, 331, 337,
    346, 348, 348, 348, 348, 353, 348, 340, 338, 335, 334, 340, 347, 353,
    362, 369, 366, 365, 362, 357, 344, 340, 336, 336, 335, 341, 346, 355,
    355, 354, 354, 353, 352, 341, 333, 336, 338, 335, 337, 341, 347, 353,
    355, 355, 354, 347, 342, 337, 332, 325, 321, 317, 318, 320, 326, 326,
    329, 328, 330, 331, 333, 333, 331 ]
LHandPositionsY: [ 273, 272, 271, 275, 275, 270, 264, 255, 250, 235, 232,
    214, 199, 198, 185, 176, 167, 162, 158, 155, 158, 159, 159, 156, 151,
    150, 146, 145, 146, 146, 147, 150, 154, 154, 156, 155, 152, 153, 153,
    154, 153, 155, 155, 155, 153, 154, 157, 159, 156, 154, 154, 153, 154,
    150, 152, 152, 153, 150, 153, 154, 151, 154, 153, 153, 154, 154, 149,
    151, 148, 148, 152, 157, 163, 172, 181, 194, 207, 218, 231, 245, 247,
    249, 250, 254, 255, 259, 259, 257 ]
RHandPositionsX: [ 180, 177, 176, 177, 179, 177, 180, 176, 178, 179, 180,
    177, 179, 176, 176, 177, 179, 178, 179, 179, 178, 178, 179, 177, 179,
    176, 180, 179, 176, 178, 178, 178, 177, 179, 178, 178, 180, 178, 179,
    176, 180, 178, 176, 177, 177, 177, 176, 177, 179, 179, 180, 176, 180,
    180, 176, 176, 178, 177, 178, 178, 178, 180, 177, 178, 176, 180, 176,
    180, 178, 178, 180, 178, 180, 176, 178, 179, 180, 179, 176, 176, 176,
    179, 177, 179, 176, 179, 179, 178 ]
RHandPositionsY: [ 276, 275, 278, 279, 277, 279, 278, 277, 278, 275, 279,
    275, 275, 275, 279, 279, 275, 276, 278, 278, 276, 278, 276, 277, 277,
    279, 278, 277, 276, 278, 278, 277, 277, 279, 275, 277, 277, 275, 278,
    278, 278, 278, 275, 275, 275, 276, 278, 279, 278, 275, 279, 279, 278,
    275, 279, 275, 278, 276, 276, 277, 275, 275, 279, 278, 278, 276, 276,
    276, 276, 279, 277, 278, 278, 278, 275, 277, 276, 275, 278, 278, 278,
    277, 278, 275, 275, 277, 279, 278 ]
