%YAML:1.0
---
videoName: "LHShake14.mp4"
gestureLabel: 2
fps: 29
pixelSizeInCmTemp: 3.2808219178082193e-01
faceCenterPointX: 256
faceCenterPointY: 64
LHandPositionsX: [ 350, 351, 350, 359, 369, 380, 390, 388, 388, 379, 370,
    357, 360, 358, 359, 370, 384, 381, 385, 381, 374, 364, 355, 356, 354,
    358, 369, 379, 386, 386, 382, 379, 367, 357, 356, 356, 362, 372, 379,
    379, 382, 377, 368, 361, 358, 361, 358, 362, 374, 377, 376, 377, 374,
    366, 359, 348, 340, 337, 334, 329, 328, 332, 330, 327, 331, 332, 328,
    330, 331, 329, 331, 332, 332, 330, 330, 327, 328, 327, 328, 330, 330,
    331, 330, 327, 329, 327, 329, 327 ]
LHandPositionsY: [ 148, 144, 145, 144, 141, 140, 141, 140, 141, 141, 147,
    147, 147, 146, 148, 146, 139, 139, 140, 139, 141, 142, 145, 148, 149,
    147, 145, 144, 140, 141, 139, 139, 144, 144, 146, 149, 145, 147, 141,
    141, 142, 142, 144, 142, 141, 144, 141, 141, 137, 140, 143, 144, 150,
    153, 161, 167, 179, 189, 200, 209, 221, 235, 233, 240, 242, 247, 248,
    247, 248, 252, 249, 251, 252, 252, 252, 248, 248, 251, 249, 251, 248,
    252, 250, 252, 249, 252, 249, 252 ]
RHandPositionsX: [ 184, 185, 180, 182, 180, 183, 180, 181, 180, 183, 180,
    182, 179, 182, 178, 178, 177, 179, 179, 178, 179, 176, 176, 177, 179,
    178, 178, 175, 178, 176, 179, 179, 178, 179, 177, 179, 179, 179, 177,
    179, 175, 176, 178, 179, 179, 179, 179, 179, 177, 177, 179, 175, 179,
    175, 176, 175, 179, 179, 179, 175, 179, 177, 178, 179, 178, 177, 178,
    175, 175, 177, 175, 177, 178, 175, 178, 177, 177, 176, 176, 178, 178,
    178, 176, 177, 176, 175, 175, 178 ]
RHandPositionsY: [ 279, 279, 275, 276, 276, 276, 275, 278, 275, 275, 275,
    276, 278, 277, 274, 276, 275, 275, 275, 276, 275, 274, 273, 273, 273,
    276, 274, 276, 274, 273, 274, 276, 274, 277, 277, 277, 277, 275, 275,
    277, 274, 275, 273, 274, 273, 275, 277, 276, 276, 275, 275, 275, 277,
    275, 274, 273, 275, 274, 273, 274, 273, 273, 273, 277, 277, 275, 275,
    276, 274, 275, 273, 277, 274, 274, 275, 274, 277, 275, 276, 275, 273,
    273, 276, 276, 274, 275, 277, 275 ]
