%YAML:1.0
---
videoName: "LHShake11.mp4"
gestureLabel: 2
fps: 29
pixelSizeInCmTemp: 3.3732394366197183e-01
faceCenterPointX: 260
faceCenterPointY: 69
LHandPositionsX: [ 383, 387, 385, 376, 365, 357, 346, 352, 347, 348, 354,
    362, 364, 363, 361, 364, 355, 350, 347, 350, 346, 351, 352, 359, 358,
    355, 360, 352, 348, 348, 349, 347, 349, 352, 352, 353, 353, 350, 348,
    340, 338, 339, 338, 342, 345, 355, 358, 354, 355, 358, 353, 345, 337,
    338, 339, 341, 350, 353, 359, 358, 363, 362, 362, 356, 350, 343, 337,
    334, 332, 327, 331, 329, 333, 331, 335, 333, 335, 332, 335, 333, 333,
    331, 334, 335, 333, 332, 334, 333 ]
LHandPositionsY: [ 175, 164, 150, 144, 142, 144, 146, 147, 147, 138, 127,
    125, 126, 126, 125, 126, 134, 140, 141, 141, 144, 136, 129, 130, 131,
    129, 131, 133, 139, 144, 142, 144, 142, 140, 132, 135, 134, 135, 134,
    140, 146, 144, 143, 144, 140, 136, 132, 131, 131, 129, 137, 142, 146,
    145, 147, 145, 144, 139, 135, 135, 140, 143, 149, 153, 165, 177, 192,
    206, 215, 229, 229, 232, 236, 243, 248, 244, 247, 250, 251, 252, 249,
    251, 249, 249, 248, 249, 250, 250 ]
RHandPositionsX: [ 180, 182, 180, 182, 180, 183, 181, 183, 182, 179, 180,
    182, 183, 182, 179, 181, 179, 180, 182, 180, 180, 180, 181, 183, 182,
    181, 181, 183, 180, 182, 182, 181, 180, 181, 183, 179, 183, 181, 183,
    182, 183, 181, 181, 181, 179, 182, 181, 182, 183, 181, 180, 183, 180,
    181, 182, 181, 181, 183, 183, 181, 183, 179, 180, 179, 180, 180, 179,
    180, 183, 181, 180, 183, 179, 180, 183, 181, 181, 179, 181, 181, 179,
    183, 181, 183, 183, 179, 181, 183 ]
RHandPositionsY: [ 274, 277, 273, 276, 274, 275, 274, 274, 276, 274, 276,
    276, 276, 273, 276, 276, 273, 277, 276, 273, 276, 275, 277, 276, 276,
    275, 273, 274, 273, 273, 273, 276, 274, 274, 275, 277, 274, 277, 274,
    277, 276, 273, 276, 275, 274, 276, 275, 277, 276, 277, 274, 273, 274,
    277, 274, 277, 273, 273, 276, 274, 273, 277, 277, 273, 277, 276, 273,
    273, 277, 275, 276, 276, 273, 273, 277, 277, 273, 275, 277, 277, 274,
    275, 275, 276, 274, 277, 277, 273 ]
