%YAML:1.0
---
videoName: "LHShake12.mp4"
gestureLabel: 2
fps: 29
pixelSizeInCmTemp: 3.3263888888888887e-01
faceCenterPointX: 259
faceCenterPointY: 64
LHandPositionsX: [ 368, 355, 346, 348, 348, 348, 354, 362, 375, 380, 383,
    381, 375, 364, 355, 345, 349, 343, 347, 357, 363, 377, 374, 376, 376,
    370, 359, 351, 341, 342, 340, 341, 350, 358, 368, 370, 371, 375, 369,
    359, 349, 341, 342, 343, 344, 353, 365, 368, 365, 371, 368, 360, 348,
    338, 339, 339, 341, 347, 357, 369, 365, 367, 370, 362, 351, 340, 332,
    328, 324, 320, 317, 317, 317, 324, 329, 328, 332, 335, 336, 333, 335,
    335, 336, 333, 337, 335, 334, 335 ]
LHandPositionsY: [ 166, 165, 164, 162, 164, 160, 156, 156, 152, 151, 150,
    152, 149, 154, 154, 160, 156, 157, 155, 156, 150, 147, 147, 148, 146,
    145, 145, 149, 153, 156, 153, 154, 152, 147, 144, 145, 148, 147, 145,
    151, 154, 158, 155, 155, 153, 154, 154, 153, 152, 149, 150, 152, 153,
    156, 155, 159, 153, 154, 151, 145, 147, 145, 144, 146, 148, 155, 161,
    170, 180, 185, 196, 211, 224, 233, 245, 243, 250, 249, 254, 257, 256,
    258, 255, 255, 256, 259, 257, 258 ]
RHandPositionsX: [ 174, 178, 178, 176, 177, 174, 175, 178, 177, 175, 177,
    176, 176, 174, 175, 174, 175, 175, 174, 175, 175, 177, 177, 178, 178,
    177, 178, 175, 177, 174, 176, 178, 176, 178, 178, 175, 174, 175, 176,
    178, 174, 177, 177, 174, 177, 174, 175, 176, 177, 177, 176, 176, 175,
    178, 174, 178, 176, 178, 174, 177, 174, 177, 176, 176, 177, 178, 178,
    176, 177, 176, 178, 174, 175, 175, 175, 176, 174, 174, 176, 174, 176,
    176, 175, 176, 175, 174, 177, 177 ]
RHandPositionsY: [ 275, 274, 272, 274, 274, 275, 275, 275, 271, 273, 272,
    275, 275, 271, 272, 274, 271, 274, 275, 273, 274, 275, 274, 274, 273,
    275, 272, 272, 274, 273, 272, 271, 273, 273, 272, 273, 273, 272, 275,
    272, 271, 274, 273, 275, 275, 274, 271, 274, 273, 274, 274, 272, 271,
    272, 272, 275, 273, 273, 274, 273, 275, 274, 273, 273, 275, 271, 274,
    274, 271, 273, 274, 273, 275, 273, 271, 274, 273, 273, 271, 274, 274,
    271, 273, 271, 272, 272, 271, 271 ]
