%YAML:1.0
---
videoName: "LHShake13.mp4"
gestureLabel: 2
fps: 29
pixelSizeInCmTemp: 3.4214285714285714e-01
faceCenterPointX: 257
faceCenterPointY: 76
LHandPositionsX: [ 326, 324, 327, 324, 325, 325, 326, 325, 326, 329, 330,
    336, 342, 351, 359, 370, 382, 387, 391, 387, 386, 374, 363, 353, 344,
    347, 340, 341, 351, 359, 376, 367, 363, 364, 358, 346, 342, 343, 341,
    352, 361, 370, 368, 367, 361, 347, 343, 348, 344, 350, 355, 363, 364,
    365, 362, 355, 345, 346, 347, 343, 349, 356, 362, 369, 366, 364, 358,
    354, 346, 339, 334, 326, 327, 322, 326, 327, 329, 326, 328, 326, 325,
    326, 327, 326, 326, 326, 325, 327 ]
LHandPositionsY: [ 259, 259, 259, 259, 262, 259, 263, 262, 259, 256, 255,
    247, 235, 225, 211, 197, 184, 173, 164, 157, 154, 151, 155, 155, 159,
    155, 155, 155, 153, 147, 140, 142, 143, 145, 152, 154, 161, 160, 158,
    158, 154, 154, 156, 154, 158, 157, 161, 160, 161, 162, 160, 156, 155,
    155, 159, 159, 162, 165, 164, 163, 158, 160, 155, 155, 152, 149, 148,
    151, 156, 160, 169, 181, 194, 206, 222, 234, 246, 248, 246, 245, 248,
    247, 248, 247, 246, 247, 248, 247 ]
RHandPositionsX: [ 183, 181, 184, 185, 181, 182, 184, 182, 181, 182, 184,
    181, 184, 185, 183, 185, 185, 185, 184, 183, 183, 182, 182, 184, 182,
    185, 182, 183, 185, 185, 184, 183, 182, 183, 185, 185, 183, 181, 181,
    184, 184, 181, 181, 183, 183, 182, 185, 185, 181, 185, 183, 182, 185,
    183, 184, 185, 182, 181, 182, 184, 183, 181, 185, 181, 181, 183, 183,
    181, 182, 184, 185, 182, 184, 182, 181, 181, 184, 183, 185, 182, 184,
    184, 183, 183, 185, 185, 185, 185 ]
RHandPositionsY: [ 271, 268, 269, 269, 267, 268, 270, 270, 270, 269, 269,
    271, 268, 269, 271, 267, 267, 271, 268, 267, 269, 267, 268, 271, 269,
    270, 271, 268, 269, 267, 268, 268, 270, 271, 270, 270, 268, 270, 269,
    271, 270, 271, 268, 270, 268, 270, 270, 268, 269, 269, 269, 271, 268,
    269, 271, 271, 271, 268, 268, 271, 267, 270, 269, 271, 268, 270, 271,
    268, 268, 267, 271, 271, 268, 269, 270, 268, 267, 267, 270, 271, 271,
    270, 270, 269, 270, 268, 270, 270 ]
