%YAML:1.0
---
videoName: "LHShake09.mp4"
gestureLabel: 2
fps: 29
pixelSizeInCmTemp: 3.3263888888888887e-01
faceCenterPointX: 259
faceCenterPointY: 67
LHandPositionsX: [ 340, 340, 340, 337, 339, 347, 347, 352, 349, 356, 357,
    364, 371, 366, 370, 366, 360, 352, 340, 334, 332, 335, 331, 328, 337,
    346, 347, 348, 346, 347, 353, 349, 344, 336, 338, 337, 339, 345, 352,
    361, 365, 363, 366, 361, 353, 343, 337, 336, 337, 337, 339, 346, 351,
    355, 354, 354, 357, 350, 341, 333, 336, 338, 334, 336, 344, 348, 355,
    355, 356, 352, 351, 345, 338, 333, 327, 320, 316, 322, 323, 325, 329,
    328, 328, 331, 332, 335, 331, 331 ]
LHandPositionsY: [ 273, 271, 272, 274, 271, 269, 267, 257, 247, 235, 234,
    216, 199, 200, 183, 175, 169, 162, 159, 157, 160, 157, 159, 153, 154,
    149, 149, 147, 146, 144, 148, 150, 152, 152, 152, 156, 156, 154, 152,
    152, 155, 155, 151, 154, 157, 155, 156, 159, 158, 155, 155, 153, 155,
    152, 150, 150, 152, 151, 149, 154, 154, 150, 153, 155, 153, 153, 150,
    148, 148, 152, 150, 153, 160, 172, 179, 191, 207, 222, 230, 244, 247,
    250, 249, 255, 258, 260, 261, 257 ]
RHandPositionsX: [ 179, 177, 179, 176, 176, 177, 176, 178, 178, 179, 178,
    177, 176, 178, 177, 179, 180, 176, 178, 177, 179, 180, 179, 179, 177,
    179, 177, 177, 176, 176, 176, 180, 177, 180, 180, 177, 177, 178, 178,
    179, 178, 178, 177, 180, 176, 178, 180, 176, 177, 179, 179, 176, 177,
    177, 176, 178, 178, 180, 180, 178, 177, 176, 179, 179, 179, 180, 177,
    180, 176, 177, 177, 180, 179, 177, 180, 179, 179, 180, 180, 176, 179,
    180, 176, 179, 179, 177, 180, 180 ]
RHandPositionsY: [ 278, 279, 275, 278, 276, 275, 279, 277, 279, 279, 278,
    276, 279, 276, 279, 278, 279, 275, 279, 276, 276, 278, 279, 278, 279,
    276, 279, 275, 278, 275, 277, 275, 275, 277, 275, 276, 277, 279, 277,
    277, 277, 275, 277, 277, 276, 279, 276, 277, 275, 279, 277, 276, 279,
    276, 277, 277, 276, 278, 279, 279, 278, 279, 275, 277, 276, 278, 279,
    279, 277, 275, 275, 278, 276, 278, 278, 277, 279, 278, 275, 279, 279,
    275, 279, 275, 278, 278, 277, 279 ]
