%YAML:1.0
---
videoName: "LHShake15.mp4"
gestureLabel: 2
fps: 29
pixelSizeInCmTemp: 3.3263888888888887e-01
faceCenterPointX: 252
faceCenterPointY: 65
LHandPositionsX: [ 331, 331, 330, 331, 331, 330, 328, 329, 334, 330, 335,
    342, 346, 354, 359, 364, 371, 375, 380, 383, 380, 378, 364, 359, 348,
    342, 342, 338, 348, 355, 363, 362, 359, 363, 359, 345, 334, 329, 329,
    334, 345, 352, 357, 351, 349, 352, 348, 333, 329, 330, 328, 341, 351,
    356, 351, 352, 358, 354, 344, 335, 335, 329, 334, 340, 345, 351, 350,
    349, 347, 351, 341, 335, 328, 327, 322, 320, 323, 323, 326, 325, 325,
    327, 325, 327, 327, 324, 324, 325 ]
LHandPositionsY: [ 255, 254, 257, 255, 255, 255, 258, 257, 255, 252, 241,
    230, 215, 201, 184, 170, 154, 137, 120, 121, 118, 106, 101, 104, 103,
    102, 101, 99, 98, 95, 91, 93, 97, 94, 95, 95, 98, 100, 100, 97, 95,
    92, 97, 95, 99, 97, 101, 99, 101, 100, 96, 93, 92, 94, 93, 96, 98,
    98, 99, 100, 100, 101, 100, 96, 98, 99, 102, 102, 102, 99, 105, 122,
    137, 153, 165, 180, 194, 206, 219, 231, 230, 237, 239, 237, 241, 237,
    240, 244 ]
RHandPositionsX: [ 178, 175, 177, 178, 179, 176, 179, 178, 175, 179, 175,
    175, 175, 176, 175, 179, 179, 179, 175, 176, 176, 178, 178, 177, 177,
    178, 179, 175, 178, 178, 176, 175, 176, 175, 177, 175, 175, 177, 176,
    177, 176, 176, 177, 178, 175, 175, 178, 178, 178, 179, 177, 178, 176,
    177, 179, 176, 177, 176, 179, 179, 178, 176, 179, 179, 179, 175, 178,
    176, 175, 178, 175, 178, 175, 175, 175, 175, 175, 179, 177, 178, 178,
    175, 175, 175, 175, 175, 175, 178 ]
RHandPositionsY: [ 260, 257, 259, 257, 257, 261, 261, 261, 258, 261, 257,
    261, 261, 260, 260, 260, 260, 261, 260, 258, 260, 259, 260, 257, 258,
    258, 260, 259, 257, 259, 260, 260, 261, 261, 258, 258, 260, 260, 259,
    260, 259, 261, 260, 258, 257, 260, 259, 259, 258, 260, 259, 261, 259,
    261, 258, 258, 260, 261, 261, 259, 258, 259, 260, 258, 259, 257, 261,
    259, 258, 261, 260, 259, 257, 260, 258, 257, 258, 260, 259, 261, 260,
    258, 260, 261, 261, 257, 258, 261 ]
