%YAML:1.0
---
videoName: "LHShake09.mp4"
gestureLabel: 2
fps: 29
pixelSizeInCmTemp: 3.3263888888888887e-01
faceCenterPointX: 259
faceCenterPointY: 67
LHandPositionsX: [ 336, 339, 337, 338, 343, 348, 347, 354, 351, 357, 361,
    363, 367, 368, 369, 363, 359, 353, 342, 332, 333, 331, 329, 330, 338,
    348, 350, 349, 348, 350, 354, 349, 342, 335, 338, 335, 337, 344, 351,
    362, 367, 364, 366, 363, 356, 345, 338, 339, 335, 334, 338, 345, 354,
    354, 354, 353, 353, 350, 344, 334, 335, 335, 336, 338, 344, 348, 355,
    353, 356, 352, 348, 344, 338, 330, 325, 321, 320, 320, 323, 326, 328,
    329, 332, 334, 331, 332, 334, 335 ]
LHandPositionsY: [ 271, 272, 273, 273, 272, 271, 263, 254, 248, 237, 235,
    218, 201, 196, 184, 175, 167, 163, 160, 158, 160, 157, 156, 152, 152,
    152, 146, 146, 146, 145, 149, 150, 153, 154, 154, 154, 154, 154, 155,
    153, 152, 151, 153, 154, 157, 153, 156, 159, 155, 154, 152, 153, 152,
    154, 153, 153, 151, 150, 153, 154, 152, 153, 153, 151, 155, 153, 151,
    151, 149, 149, 152, 153, 164, 170, 181, 193, 204, 221, 232, 243, 244,
    249, 249, 254, 255, 261, 261, 257 ]
RHandPositionsX: [ 179, 176, 178, 178, 180, 178, 180, 180, 176, 176, 176,
    180, 180, 176, 177, 178, 176, 178, 176, 179, 180, 180, 177, 176, 177,
    176, 177, 177, 176, 177, 180, 179, 177, 176, 178, 178, 177, 178, 178,
    180, 179, 177, 180, 178, 178, 176, 179, 177, 176, 176, 176, 178, 177,
    180, 176, 176, 179, 178, 176, 180, 178, 180, 180, 178, 177, 177, 179,
    179, 179, 178, 176, 180, 177, 179, 176, 178, 178, 180, 178, 177, 178,
    177, 179, 180, 178, 178, 179, 179 ]
RHandPositionsY: [ 276, 275, 275, 276, 279, 276, 277, 275, 275, 277, 276,
    275, 279, 277, 278, 277, 276, 278, 276, 276, 276, 275, 275, 275, 276,
    275, 275, 276, 277, 279, 276, 279, 278, 277, 276, 276, 278, 277, 276,
    278, 279, 275, 278, 278, 275, 278, 279, 278, 278, 278, 278, 275, 277,
    279, 277, 275, 275, 277, 279, 279, 275, 276, 276, 279, 275, 278, 278,
    277, 279, 276, 276, 278, 277, 277, 276, 278, 279, 275, 278, 278, 277,
    276, 277, 278, 277, 277, 276, 276 ]
