%YAML:1.0
---
videoName: "LHShake02.mp4"
gestureLabel: 2
fps: 29
pixelSizeInCmTemp: 3.3263888888888887e-01
faceCenterPointX: 249
faceCenterPointY: 82
LHandPositionsX: [ 363, 359, 361, 370, 371, 381, 386, 385, 388, 386, 385,
    378, 373, 365, 363, 361, 361, 364, 368, 375, 385, 388, 385, 380, 374,
    369, 365, 365, 364, 365, 370, 369, 373, 377, 376, 382, 379, 375, 373,
    369, 363, 359, 359, 358, 360, 360, 365, 372, 368, 371, 369, 365, 364,
    360, 359, 359, 360, 365, 371, 371, 370, 368, 365, 362, 359, 353, 350,
    348, 343, 342, 343, 341, 340, 343, 344, 344, 345, 346, 346, 346, 347,
    347, 349, 348, 347, 348, 350, 347 ]
LHandPositionsY: [ 124, 123, 116, 115, 112, 109, 112, 109, 108, 109, 108,
    108, 112, 114, 115, 115, 111, 108, 108, 104, 106, 100, 105, 103, 102,
    107, 110, 109, 108, 104, 104, 101, 102, 100, 100, 96, 94, 97, 99, 97,
    100, 101, 104, 103, 102, 105, 99, 102, 100, 102, 102, 105, 107, 110,
    106, 106, 108, 105, 104, 105, 104, 102, 103, 107, 120, 138, 149, 164,
    162, 172, 179, 183, 193, 196, 205, 212, 215, 220, 227, 227, 230, 230,
    229, 231, 235, 236, 236, 237 ]
RHandPositionsX: [ 154, 155, 155, 154, 157, 154, 157, 156, 155, 156, 155,
    157, 154, 155, 154, 154, 155, 155, 156, 153, 156, 156, 156, 154, 155,
    154, 156, 154, 153, 153, 153, 154, 153, 156, 156, 154, 156, 153, 153,
    153, 155, 153, 157, 154, 153, 155, 157, 155, 156, 157, 155, 156, 153,
    154, 156, 157, 156, 157, 153, 157, 153, 156, 155, 156, 153, 154, 156,
    155, 154, 155, 153, 157, 154, 157, 154, 156, 155, 157, 153, 156, 156,
    154, 155, 156, 157, 153, 156, 154 ]
RHandPositionsY: [ 265, 262, 262, 263, 260, 261, 264, 259, 263, 260, 262,
    261, 260, 259, 259, 262, 261, 258, 259, 258, 260, 258, 261, 259, 261,
    259, 260, 259, 262, 260, 262, 260, 260, 261, 259, 259, 261, 262, 261,
    260, 262, 259, 258, 261, 260, 261, 258, 261, 261, 258, 262, 258, 259,
    261, 258, 261, 259, 262, 259, 258, 258, 258, 259, 259, 261, 259, 260,
    261, 260, 261, 262, 260, 258, 262, 258, 258, 262, 258, 259, 260, 260,
    258, 261, 261, 259, 258, 259, 259 ]
