%YAML:1.0
---
videoName: "LHShake17.mp4"
gestureLabel: 2
fps: 30
pixelSizeInCmTemp: 3.3732394366197183e-01
faceCenterPointX: 248
faceCenterPointY: 64
LHandPositionsX: [ 321, 321, 323, 322, 321, 324, 325, 327, 328, 335, 345,
    353, 366, 374, 388, 398, 404, 408, 402, 388, 373, 358, 351, 350, 351,
    357, 369, 379, 378, 384, 376, 362, 351, 348, 344, 350, 358, 364, 368,
    368, 366, 361, 355, 349, 353, 353, 366, 372, 374, 375, 372, 371, 360,
    353, 345, 346, 350, 354, 359, 367, 363, 368, 367, 357, 347, 341, 338,
    336, 336, 336, 335, 331, 332, 331, 330, 329, 327, 327, 329, 327, 327,
    325, 326, 325, 324, 323, 325, 325, 325, 327, 326 ]
LHandPositionsY: [ 250, 249, 248, 251, 247, 248, 246, 247, 245, 234, 217,
    204, 184, 174, 157, 143, 129, 122, 116, 111, 123, 129, 138, 136, 136,
    132, 123, 118, 117, 120, 116, 130, 134, 142, 141, 140, 124, 117, 117,
    117, 117, 113, 129, 136, 135, 133, 125, 117, 120, 125, 120, 123, 131,
    136, 140, 140, 138, 124, 121, 123, 124, 124, 119, 131, 136, 145, 152,
    164, 170, 182, 194, 209, 219, 218, 222, 228, 233, 233, 234, 235, 234,
    237, 239, 237, 238, 239, 237, 236, 237, 235, 239 ]
RHandPositionsX: [ 177, 180, 177, 179, 176, 176, 177, 179, 177, 179, 178,
    180, 178, 180, 180, 177, 178, 179, 177, 178, 177, 179, 177, 176, 178,
    179, 176, 177, 176, 179, 178, 176, 178, 179, 179, 175, 175, 177, 176,
    177, 176, 178, 177, 175, 178, 176, 176, 177, 175, 178, 174, 174, 178,
    177, 178, 178, 178, 178, 174, 175, 177, 177, 176, 177, 176, 177, 176,
    177, 174, 176, 176, 175, 178, 177, 177, 175, 174, 178, 178, 174, 176,
    175, 177, 178, 178, 174, 177, 178, 178, 174, 176 ]
RHandPositionsY: [ 259, 259, 260, 259, 256, 260, 256, 257, 259, 257, 260,
    256, 258, 257, 256, 259, 257, 260, 258, 259, 257, 260, 260, 258, 256,
    256, 259, 256, 260, 259, 257, 259, 256, 257, 256, 258, 257, 256, 257,
    258, 257, 256, 256, 259, 260, 259, 257, 258, 259, 260, 257, 259, 257,
    258, 258, 260, 258, 260, 259, 256, 260, 256, 257, 259, 257, 257, 259,
    260, 259, 259, 259, 256, 259, 260, 257, 258, 256, 256, 256, 259, 260,
    260, 259, 256, 256, 260, 258, 258, 256, 259, 257 ]
