%YAML:1.0
---
videoName: "LHShake22.mp4"
gestureLabel: 2
fps: 29
pixelSizeInCmTemp: 3.5220588235294115e-01
faceCenterPointX: 261
faceCenterPointY: 79
LHandPositionsX: [ 334, 342, 350, 356, 354, 356, 356, 356, 348, 338, 329,
    322, 322, 321, 321, 325, 328, 337, 343, 343, 344, 343, 335, 328, 321,
    324, 322, 328, 330, 337, 343, 342, 342, 339, 332, 321, 317, 315, 317,
    322, 330, 336, 337, 337, 337, 330, 323, 321, 318, 320, 321, 327, 338,
    341, 342, 343, 341, 332, 323, 318, 316, 317, 316, 324, 328, 337, 335,
    337, 334, 331, 329, 322, 321, 320, 322, 325, 324, 327, 327, 324, 324,
    324, 323, 323, 326, 324, 325, 326 ]
LHandPositionsY: [ 262, 256, 245, 236, 233, 219, 206, 207, 192, 189, 185,
    186, 187, 184, 184, 181, 180, 174, 171, 171, 171, 173, 175, 176, 177,
    176, 176, 176, 176, 172, 173, 172, 172, 173, 173, 179, 181, 183, 184,
    182, 181, 175, 176, 175, 173, 177, 180, 183, 182, 181, 183, 179, 177,
    178, 177, 174, 176, 177, 180, 183, 183, 184, 180, 178, 177, 179, 176,
    181, 185, 190, 194, 204, 209, 222, 232, 242, 241, 246, 248, 248, 245,
    249, 250, 249, 248, 249, 249, 248 ]
RHandPositionsX: [ 193, 192, 192, 190, 193, 193, 191, 192, 192, 192, 190,
    191, 192, 191, 190, 193, 193, 193, 191, 192, 189, 193, 190, 192, 193,
    189, 193, 192, 189, 191, 190, 192, 189, 190, 192, 193, 192, 192, 193,
    191, 189, 189, 193, 193, 192, 191, 192, 191, 192, 191, 191, 192, 192,
    192, 193, 191, 190, 189, 190, 190, 189, 190, 190, 192, 190, 189, 191,
    191, 193, 193, 189, 191, 191, 191, 189, 191, 192, 190, 191, 190, 189,
    193, 193, 192, 191, 192, 190, 193 ]
RHandPositionsY: [ 269, 266, 270, 267, 266, 267, 270, 268, 266, 267, 268,
    270, 269, 267, 268, 269, 267, 268, 267, 267, 269, 270, 269, 266, 267,
    266, 266, 270, 269, 270, 267, 270, 270, 268, 269, 267, 269, 268, 270,
    268, 267, 270, 269, 267, 269, 269, 269, 266, 269, 270, 268, 269, 270,
    266, 267, 267, 266, 267, 266, 266, 270, 266, 266, 266, 270, 267, 268,
    270, 269, 267, 267, 268, 269, 267, 268, 269, 268, 268, 269, 270, 266,
    267, 267, 269, 267, 266, 267, 270 ]
