%YAML:1.0
---
videoName: "LHShake03.mp4"
gestureLabel: 2
fps: 30
pixelSizeInCmTemp: 3.2808219178082193e-01
faceCenterPointX: 251
faceCenterPointY: 79
LHandPositionsX: [ 341, 347, 352, 357, 357, 356, 353, 350, 335, 326, 314,
    316, 318, 316, 314, 318, 327, 332, 335, 334, 338, 340, 332, 329, 324,
    324, 321, 321, 326, 329, 334, 341, 343, 338, 336, 322, 319, 312, 312,
    311, 317, 323, 329, 334, 335, 334, 334, 327, 324, 324, 324, 329, 332,
    338, 342, 342, 340, 335, 337, 336, 335, 327, 319, 317, 317, 310, 307,
    304, 303, 301, 295, 296, 294, 295, 292, 291, 292, 290, 290, 289, 290,
    292, 292, 287, 288, 286, 286, 287, 288, 284, 283 ]
LHandPositionsY: [ 142, 135, 129, 118, 114, 110, 104, 105, 95, 96, 105,
    107, 106, 101, 95, 92, 93, 87, 87, 86, 84, 85, 89, 86, 86, 87, 92,
    88, 90, 88, 84, 82, 81, 83, 87, 91, 94, 97, 95, 96, 92, 90, 88, 90,
    87, 88, 85, 86, 91, 91, 90, 94, 90, 87, 86, 88, 94, 96, 96, 99, 111,
    132, 144, 156, 167, 176, 187, 198, 207, 213, 220, 221, 223, 227, 232,
    237, 242, 243, 244, 247, 247, 250, 252, 254, 255, 254, 253, 254, 253,
    251, 255 ]
RHandPositionsX: [ 215, 216, 213, 212, 213, 216, 212, 214, 211, 213, 212,
    214, 212, 211, 211, 212, 214, 215, 214, 212, 211, 212, 211, 212, 211,
    212, 212, 214, 213, 212, 211, 214, 212, 212, 215, 211, 215, 212, 215,
    213, 214, 211, 212, 214, 214, 213, 212, 213, 213, 215, 213, 214, 212,
    214, 211, 215, 211, 213, 210, 212, 212, 210, 214, 213, 214, 210, 212,
    210, 212, 211, 214, 210, 211, 213, 212, 211, 210, 211, 213, 210, 211,
    213, 212, 210, 212, 210, 211, 214, 212, 214, 212 ]
RHandPositionsY: [ 256, 256, 257, 256, 253, 253, 253, 254, 253, 256, 255,
    255, 254, 256, 255, 252, 255, 255, 253, 254, 252, 254, 251, 253, 253,
    252, 255, 254, 252, 254, 251, 252, 252, 255, 253, 255, 251, 253, 254,
    253, 254, 254, 255, 253, 255, 251, 253, 254, 252, 252, 251, 255, 254,
    254, 254, 252, 251, 255, 252, 254, 251, 254, 251, 253, 254, 251, 255,
    254, 255, 252, 252, 251, 255, 254, 254, 255, 254, 254, 251, 253, 251,
    255, 253, 254, 254, 253, 255, 251, 254, 251, 252 ]
