%YAML:1.0
---
videoName: "LHShake14.mp4"
gestureLabel: 2
fps: 29
pixelSizeInCmTemp: 3.2808219178082193e-01
faceCenterPointX: 256
faceCenterPointY: 64
LHandPositionsX: [ 352, 351, 350, 355, 370, 380, 391, 391, 387, 379, 369,
    359, 361, 357, 359, 369, 384, 381, 385, 379, 375, 365, 356, 356, 351,
    358, 369, 378, 390, 388, 386, 379, 366, 357, 359, 358, 359, 370, 381,
    381, 381, 380, 370, 361, 360, 357, 360, 363, 371, 380, 375, 377, 372,
    364, 358, 351, 342, 336, 332, 331, 329, 332, 329, 329, 331, 332, 331,
    329, 328, 329, 332, 330, 329, 329, 328, 331, 330, 327, 330, 327, 328,
    330, 330, 329, 329, 327, 327, 329 ]
LHandPositionsY: [ 147, 146, 145, 143, 139, 141, 139, 140, 142, 142, 147,
    150, 149, 146, 146, 144, 138, 138, 138, 139, 140, 145, 146, 146, 147,
    148, 144, 143, 141, 142, 143, 143, 147, 146, 145, 150, 147, 144, 144,
    144, 141, 141, 144, 142, 142, 141, 142, 141, 138, 144, 143, 143, 150,
    155, 157, 166, 178, 190, 201, 210, 221, 232, 234, 237, 244, 245, 251,
    250, 249, 251, 249, 251, 248, 252, 252, 252, 251, 249, 251, 248, 252,
    251, 248, 249, 251, 248, 249, 251 ]
RHandPositionsX: [ 182, 184, 180, 182, 183, 183, 182, 180, 179, 183, 182,
    182, 181, 181, 182, 176, 177, 179, 179, 176, 175, 176, 177, 177, 179,
    178, 179, 179, 176, 179, 176, 178, 177, 176, 176, 179, 178, 178, 177,
    176, 179, 179, 177, 178, 179, 179, 179, 179, 179, 179, 175, 177, 178,
    179, 179, 175, 176, 175, 179, 175, 175, 177, 179, 176, 176, 176, 177,
    179, 175, 176, 175, 177, 177, 175, 178, 178, 178, 175, 179, 178, 175,
    177, 176, 176, 176, 175, 177, 177 ]
RHandPositionsY: [ 280, 278, 276, 279, 279, 277, 276, 279, 277, 276, 275,
    275, 276, 275, 275, 273, 276, 277, 274, 273, 273, 274, 274, 274, 275,
    277, 274, 275, 273, 273, 274, 277, 274, 273, 276, 274, 275, 274, 278,
    276, 274, 276, 273, 277, 277, 276, 273, 275, 274, 276, 276, 276, 273,
    273, 276, 276, 275, 276, 273, 276, 274, 277, 274, 273, 275, 275, 276,
    274, 274, 276, 276, 277, 276, 274, 277, 274, 275, 276, 273, 276, 277,
    275, 277, 273, 277, 275, 273, 273 ]
