%YAML:1.0
---
videoName: "LHShake09.mp4"
gestureLabel: 2
fps: 29
pixelSizeInCmTemp: 3.3263888888888887e-01
faceCenterPointX: 259
faceCenterPointY: 67
LHandPositionsX: [ 340, 336, 337, 336, 340, 345, 348, 354, 349, 359, 357,
    366, 367, 366, 366, 364, 360, 353, 339, 333, 332, 333, 330, 328, 338,
    349, 351, 347, 346, 348, 350, 347, 343, 339, 337, 334, 336, 347, 353,
    361, 366, 362, 366, 363, 355, 347, 338, 335, 334, 335, 341, 346, 352,
    354, 356, 354, 355, 350, 340, 337, 334, 337, 332, 335, 344, 348, 355,
    353, 355, 352, 349, 343, 338, 333, 326, 320, 318, 320, 322, 326, 328,
    326, 331, 334, 334, 333, 335, 331 ]
LHandPositionsY: [ 272, 273, 272, 271, 273, 269, 266, 257, 247, 239, 235,
    214, 201, 199, 183, 176, 166, 162, 160, 156, 157, 156, 157, 154, 151,
    149, 145, 149, 147, 147, 148, 153, 152, 155, 156, 153, 152, 153, 151,
    153, 152, 152, 153, 153, 153, 156, 155, 159, 154, 157, 156, 153, 154,
    152, 152, 152, 150, 150, 152, 151, 154, 150, 151, 154, 154, 153, 151,
    150, 152, 150, 149, 154, 164, 170, 182, 192, 206, 220, 230, 241, 244,
    249, 249, 253, 259, 260, 260, 260 ]
RHandPositionsX: [ 178, 176, 178, 177, 179, 176, 177, 177, 180, 179, 176,
    176, 180, 180, 178, 180, 179, 179, 180, 179, 180, 180, 176, 177, 178,
    180, 178, 180, 180, 176, 176, 179, 178, 177, 178, 177, 180, 179, 176,
    180, 177, 178, 177, 179, 179, 178, 179, 176, 178, 180, 176, 180, 177,
    180, 178, 176, 176, 177, 180, 178, 176, 180, 177, 176, 177, 177, 180,
    179, 176, 177, 177, 179, 178, 180, 176, 179, 179, 177, 179, 176, 179,
    177, 179, 178, 178, 177, 179, 179 ]
RHandPositionsY: [ 276, 276, 278, 275, 278, 279, 278, 278, 277, 279, 279,
    279, 277, 275, 278, 277, 278, 277, 279, 276, 275, 278, 275, 276, 276,
    277, 275, 279, 276, 276, 277, 275, 277, 275, 277, 279, 277, 278, 277,
    277, 278, 279, 275, 279, 278, 279, 276, 278, 278, 275, 275, 275, 278,
    279, 275, 277, 279, 279, 275, 277, 276, 275, 278, 277, 275, 278, 277,
    275, 279, 277, 276, 279, 279, 277, 279, 279, 275, 278, 279, 275, 276,
    278, 279, 276, 277, 277, 278, 276 ]
