%YAML:1.0
---
videoName: "LHShake01.mp4"
gestureLabel: 2
fps: 29
pixelSizeInCmTemp: 3.4214285714285714e-01
faceCenterPointX: 252
faceCenterPointY: 84
LHandPositionsX: [ 367, 363, 366, 363, 361, 354, 349, 341, 338, 331, 334,
    334, 340, 344, 349, 352, 358, 354, 354, 348, 344, 343, 338, 339, 338,
    341, 343, 346, 349, 348, 351, 349, 344, 341, 337, 336, 334, 335, 337,
    343, 346, 349, 349, 351, 350, 346, 343, 340, 333, 336, 333, 337, 335,
    343, 348, 352, 350, 348, 346, 346, 346, 342, 339, 331, 330, 326, 331,
    333, 334, 325, 331, 336, 337, 337, 340, 341, 345, 347, 348, 350, 347,
    347, 350, 348, 350, 348, 350, 348 ]
LHandPositionsY: [ 147, 140, 134, 125, 124, 120, 119, 121, 121, 120, 119,
    119, 121, 117, 114, 109, 110, 108, 110, 111, 112, 113, 113, 112, 115,
    111, 112, 110, 107, 107, 105, 106, 108, 106, 111, 116, 114, 112, 114,
    108, 108, 108, 108, 103, 105, 106, 106, 105, 106, 112, 111, 107, 107,
    108, 104, 104, 105, 100, 104, 102, 102, 103, 105, 122, 132, 141, 150,
    161, 165, 165, 170, 184, 190, 201, 206, 215, 222, 222, 221, 225, 227,
    228, 227, 227, 230, 228, 228, 232 ]
RHandPositionsX: [ 155, 153, 153, 156, 157, 157, 157, 156, 154, 153, 155,
    155, 153, 153, 156, 157, 154, 153, 154, 153, 157, 154, 153, 153, 155,
    154, 155, 155, 155, 155, 156, 157, 154, 155, 157, 155, 154, 154, 157,
    156, 154, 156, 154, 155, 154, 155, 153, 153, 153, 157, 157, 156, 154,
    155, 153, 155, 153, 153, 154, 153, 156, 155, 157, 153, 157, 153, 154,
    157, 157, 154, 155, 153, 156, 154, 157, 156, 156, 155, 156, 153, 155,
    155, 155, 154, 154, 153, 155, 157 ]
RHandPositionsY: [ 270, 271, 267, 270, 266, 268, 270, 268, 265, 265, 269,
    265, 266, 267, 265, 264, 267, 266, 264, 263, 264, 263, 265, 264, 265,
    263, 265, 263, 262, 262, 263, 262, 265, 262, 262, 264, 261, 261, 260,
    262, 261, 261, 264, 261, 259, 260, 260, 261, 260, 260, 262, 259, 262,
    260, 261, 259, 262, 263, 261, 260, 263, 261, 261, 259, 259, 259, 259,
    261, 262, 263, 261, 261, 259, 261, 262, 263, 262, 263, 261, 263, 260,
    262, 261, 260, 260, 259, 259, 261 ]
