%YAML:1.0
---
videoName: "LHShake02.mp4"
gestureLabel: 2
fps: 29
pixelSizeInCmTemp: 3.3263888888888887e-01
faceCenterPointX: 249
faceCenterPointY: 82
LHandPositionsX: [ 360, 363, 361, 370, 371, 379, 386, 386, 389, 388, 386,
    378, 373, 369, 367, 362, 365, 365, 371, 374, 384, 386, 384, 381, 378,
    372, 367, 364, 362, 364, 367, 369, 377, 378, 375, 383, 381, 376, 376,
    371, 366, 357, 357, 358, 358, 361, 363, 372, 369, 373, 368, 365, 362,
    361, 359, 356, 362, 364, 367, 369, 372, 368, 367, 365, 358, 351, 348,
    345, 345, 342, 344, 341, 340, 341, 341, 343, 346, 347, 347, 348, 348,
    348, 350, 348, 349, 350, 349, 350 ]
LHandPositionsY: [ 126, 119, 119, 116, 115, 112, 112, 108, 110, 108, 108,
    108, 109, 115, 116, 114, 113, 112, 107, 106, 106, 103, 101, 101, 103,
    106, 106, 109, 111, 107, 104, 103, 98, 99, 101, 97, 96, 98, 95, 99,
    98, 100, 100, 103, 103, 102, 102, 98, 102, 102, 103, 102, 106, 109,
    108, 109, 107, 104, 105, 103, 104, 104, 101, 105, 122, 138, 151, 163,
    165, 171, 177, 184, 190, 198, 207, 213, 218, 222, 225, 230, 231, 230,
    229, 231, 232, 235, 238, 236 ]
RHandPositionsX: [ 154, 157, 157, 156, 157, 154, 157, 156, 156, 155, 153,
    153, 153, 155, 155, 155, 155, 153, 155, 156, 156, 154, 154, 153, 155,
    155, 157, 155, 157, 153, 154, 154, 157, 156, 156, 156, 156, 153, 153,
    154, 154, 155, 154, 155, 153, 155, 156, 156, 154, 157, 157, 153, 157,
    157, 155, 154, 156, 156, 157, 153, 155, 153, 157, 155, 157, 155, 155,
    156, 157, 155, 157, 155, 157, 155, 157, 157, 154, 155, 154, 156, 153,
    153, 156, 155, 155, 155, 156, 154 ]
RHandPositionsY: [ 261, 262, 262, 262, 263, 262, 262, 261, 260, 260, 263,
    258, 258, 260, 261, 260, 262, 258, 261, 260, 258, 261, 261, 260, 259,
    261, 259, 260, 258, 258, 260, 258, 258, 262, 262, 261, 261, 260, 262,
    258, 259, 261, 262, 258, 260, 260, 262, 262, 258, 262, 261, 259, 260,
    261, 258, 260, 260, 260, 260, 262, 258, 259, 259, 258, 258, 258, 259,
    260, 259, 262, 260, 259, 259, 261, 262, 261, 260, 261, 258, 258, 258,
    259, 262, 258, 258, 259, 260, 261 ]
