%YAML:1.0
---
videoName: "LHShake13.mp4"
gestureLabel: 2
fps: 29
pixelSizeInCmTemp: 3.4214285714285714e-01
faceCenterPointX: 257
faceCenterPointY: 76
LHandPositionsX: [ 323, 324, 323, 323, 327, 323, 324, 326, 326, 327, 330,
    335, 343, 350, 363, 371, 382, 387, 391, 389, 385, 373, 366, 351, 343,
    343, 342, 343, 352, 361, 374, 369, 367, 361, 355, 345, 340, 339, 343,
    349, 361, 367, 369, 367, 361, 349, 344, 346, 342, 348, 357, 364, 363,
    362, 360, 357, 346, 345, 347, 342, 348, 358, 365, 370, 367, 361, 358,
    354, 348, 338, 333, 327, 327, 325, 325, 327, 325, 326, 327, 328, 328,
    328, 324, 324, 328, 326, 326, 327 ]
LHandPositionsY: [ 263, 259, 261, 263, 262, 263, 260, 261, 258, 260, 256,
    246, 236, 226, 210, 195, 186, 173, 163, 155, 153, 152, 154, 154, 157,
    154, 157, 155, 152, 146, 139, 143, 143, 145, 152, 153, 157, 156, 159,
    157, 156, 152, 156, 158, 157, 160, 163, 159, 163, 158, 157, 155, 158,
    159, 158, 159, 166, 163, 163, 160, 159, 160, 155, 152, 149, 146, 147,
    152, 156, 164, 167, 180, 192, 208, 221, 236, 246, 247, 246, 247, 245,
    248, 249, 247, 247, 248, 246, 246 ]
RHandPositionsX: [ 181, 185, 182, 185, 182, 183, 182, 181, 183, 181, 184,
    181, 184, 184, 185, 181, 184, 183, 184, 183, 182, 183, 182, 183, 184,
    182, 181, 183, 184, 182, 181, 185, 183, 184, 183, 181, 185, 184, 184,
    181, 181, 181, 184, 185, 183, 181, 185, 181, 181, 184, 185, 182, 182,
    185, 182, 184, 184, 181, 185, 181, 183, 184, 184, 181, 185, 181, 183,
    184, 181, 183, 183, 184, 183, 185, 185, 182, 184, 181, 184, 184, 183,
    184, 184, 181, 182, 185, 183, 183 ]
RHandPositionsY: [ 268, 267, 268, 271, 267, 268, 269, 271, 268, 271, 271,
    270, 270, 267, 271, 268, 268, 268, 271, 267, 267, 269, 269, 271, 269,
    271, 268, 271, 268, 267, 271, 267, 270, 269, 270, 268, 269, 271, 268,
    268, 269, 271, 270, 270, 267, 267, 267, 271, 267, 270, 269, 269, 267,
    270, 271, 271, 271, 271, 267, 268, 268, 270, 270, 270, 268, 270, 270,
    267, 269, 269, 268, 270, 271, 267, 269, 270, 267, 269, 269, 269, 268,
    269, 271, 270, 267, 269, 269, 270 ]
