%YAML:1.0
---
videoName: "LHShake04.mp4"
gestureLabel: 2
fps: 30
pixelSizeInCmTemp: 3.2808219178082193e-01
faceCenterPointX: 247
faceCenterPointY: 80
LHandPositionsX: [ 284, 282, 280, 284, 283, 283, 283, 282, 283, 280, 281,
    281, 278, 283, 279, 284, 289, 297, 310, 322, 333, 347, 359, 368, 374,
    366, 364, 360, 350, 345, 338, 337, 333, 339, 347, 365, 366, 367, 358,
    346, 338, 343, 343, 344, 352, 356, 355, 354, 350, 345, 342, 345, 344,
    350, 353, 357, 356, 350, 344, 348, 347, 349, 353, 359, 364, 365, 361,
    358, 353, 347, 332, 326, 314, 303, 298, 296, 292, 290, 291, 288, 290,
    288, 287, 287, 290, 288, 286, 287, 288, 289, 287 ]
LHandPositionsY: [ 272, 272, 270, 270, 269, 270, 269, 272, 270, 270, 270,
    270, 271, 270, 268, 267, 262, 254, 244, 228, 216, 205, 189, 172, 164,
    159, 154, 153, 134, 131, 131, 132, 128, 118, 114, 113, 112, 108, 114,
    116, 128, 126, 122, 129, 121, 119, 117, 110, 121, 120, 120, 120, 118,
    116, 115, 115, 113, 109, 112, 115, 114, 111, 110, 107, 108, 106, 109,
    113, 127, 143, 155, 173, 188, 200, 211, 225, 235, 243, 245, 247, 249,
    246, 249, 249, 248, 252, 252, 254, 252, 253, 252 ]
RHandPositionsX: [ 216, 217, 215, 216, 215, 214, 215, 218, 216, 215, 216,
    215, 215, 217, 215, 218, 215, 218, 217, 214, 217, 214, 218, 215, 214,
    214, 214, 218, 214, 217, 217, 217, 218, 215, 218, 214, 215, 214, 214,
    216, 215, 214, 217, 214, 218, 215, 214, 216, 214, 217, 216, 214, 217,
    218, 217, 216, 217, 216, 214, 216, 214, 214, 218, 214, 218, 214, 218,
    216, 216, 214, 214, 214, 214, 217, 216, 214, 216, 218, 215, 214, 216,
    216, 215, 214, 217, 214, 216, 216, 216, 214, 216 ]
RHandPositionsY: [ 269, 267, 269, 266, 270, 267, 267, 266, 269, 269, 269,
    266, 266, 266, 268, 266, 268, 265, 264, 268, 266, 264, 266, 266, 264,
    263, 267, 264, 265, 265, 266, 266, 263, 262, 265, 264, 262, 262, 262,
    262, 265, 266, 262, 262, 262, 265, 262, 265, 261, 265, 263, 264, 263,
    262, 261, 262, 265, 262, 261, 262, 264, 262, 261, 263, 262, 262, 261,
    261, 262, 262, 263, 264, 264, 261, 261, 265, 265, 263, 262, 261, 264,
    263, 265, 263, 262, 261, 261, 264, 264, 264, 261 ]
