%YAML:1.0
---
videoName: "LHShake04.mp4"
gestureLabel: 2
fps: 30
pixelSizeInCmTemp: 3.2808219178082193e-01
faceCenterPointX: 247
faceCenterPointY: 80
LHandPositionsX: [ 283, 284, 280, 283, 279, 281, 282, 282, 280, 281, 282,
    278, 280, 281, 280, 286, 291, 297, 310, 319, 334, 347, 358, 368, 371,
    369, 361, 356, 348, 343, 337, 337, 335, 339, 348, 363, 370, 367, 360,
    346, 339, 345, 341, 342, 352, 352, 356, 356, 350, 345, 341, 342, 344,
    349, 356, 355, 356, 349, 347, 347, 344, 349, 356, 357, 360, 365, 363,
    358, 356, 346, 334, 322, 315, 303, 300, 294, 293, 289, 289, 286, 290,
    289, 290, 288, 288, 288, 287, 288, 288, 287, 289 ]
LHandPositionsY: [ 268, 271, 269, 269, 269, 268, 272, 268, 270, 270, 272,
    271, 270, 269, 272, 268, 262, 254, 244, 230, 216, 204, 187, 176, 161,
    157, 154, 149, 135, 132, 133, 129, 125, 118, 115, 113, 108, 108, 116,
    116, 131, 125, 121, 125, 119, 121, 113, 114, 119, 118, 118, 121, 121,
    118, 116, 111, 112, 113, 112, 118, 114, 111, 110, 105, 107, 103, 109,
    112, 128, 145, 155, 172, 187, 198, 214, 227, 237, 243, 241, 247, 250,
    250, 247, 247, 252, 253, 252, 255, 253, 253, 252 ]
RHandPositionsX: [ 215, 216, 218, 217, 217, 217, 218, 218, 215, 218, 218,
    214, 216, 214, 218, 215, 216, 217, 214, 215, 215, 215, 217, 217, 217,
    217, 216, 218, 214, 215, 216, 215, 217, 215, 217, 216, 215, 217, 218,
    217, 218, 215, 216, 218, 216, 215, 217, 217, 215, 215, 217, 218, 214,
    218, 214, 218, 218, 216, 217, 215, 216, 215, 214, 218, 218, 218, 215,
    217, 216, 215, 214, 214, 215, 215, 218, 215, 215, 217, 217, 216, 217,
    218, 215, 215, 215, 217, 217, 214, 214, 215, 216 ]
RHandPositionsY: [ 269, 269, 267, 269, 268, 266, 266, 269, 269, 269, 267,
    267, 267, 267, 268, 268, 269, 267, 264, 267, 266, 266, 264, 263, 264,
    264, 267, 265, 266, 264, 265, 267, 263, 263, 265, 266, 265, 265, 265,
    266, 266, 265, 266, 266, 266, 265, 264, 263, 263, 263, 265, 261, 262,
    263, 263, 263, 263, 264, 265, 263, 261, 263, 262, 265, 264, 263, 265,
    264, 261, 264, 265, 264, 264, 261, 262, 263, 261, 261, 263, 263, 262,
    263, 261, 265, 263, 265, 263, 263, 261, 264, 265 ]
