%YAML:1.0
---
videoName: "LHShake19.mp4"
gestureLabel: 2
fps: 29
pixelSizeInCmTemp: 3.3732394366197183e-01
faceCenterPointX: 250
faceCenterPointY: 62
LHandPositionsX: [ 307, 309, 307, 308, 309, 305, 307, 305, 308, 309, 307,
    307, 306, 306, 309, 311, 311, 314, 322, 324, 324, 321, 311, 291, 288,
    290, 293, 297, 304, 315, 315, 312, 307, 298, 286, 290, 292, 303, 308,
    317, 318, 312, 305, 293, 292, 294, 299, 306, 314, 315, 312, 309, 296,
    292, 297, 299, 307, 316, 315, 318, 315, 307, 307, 303, 295, 293, 293,
    295, 296, 297, 302, 304, 305, 302, 305, 304, 307, 308, 308, 309, 308,
    311, 308, 309, 309, 309, 307, 307 ]
LHandPositionsY: [ 249, 252, 250, 251, 251, 248, 250, 248, 250, 252, 251,
    248, 249, 246, 248, 240, 230, 214, 202, 188, 176, 168, 164, 160, 153,
    152, 156, 157, 157, 153, 152, 155, 155, 153, 151, 145, 153, 156, 152,
    152, 151, 151, 156, 150, 148, 154, 156, 151, 153, 152, 155, 158, 146,
    146, 153, 158, 157, 151, 155, 152, 153, 152, 157, 163, 169, 172, 179,
    191, 197, 210, 214, 217, 218, 223, 227, 231, 231, 234, 236, 238, 238,
    236, 238, 238, 238, 238, 238, 240 ]
RHandPositionsX: [ 199, 199, 195, 196, 198, 199, 199, 199, 199, 196, 199,
    198, 198, 199, 196, 197, 196, 198, 199, 195, 195, 195, 196, 196, 198,
    195, 196, 194, 196, 196, 195, 195, 194, 194, 194, 194, 193, 194, 193,
    192, 192, 191, 193, 194, 195, 194, 192, 191, 193, 193, 194, 191, 195,
    192, 191, 192, 192, 191, 193, 193, 193, 192, 191, 192, 193, 191, 191,
    194, 192, 193, 194, 195, 195, 192, 195, 191, 195, 193, 193, 194, 192,
    195, 193, 194, 192, 193, 195, 192 ]
RHandPositionsY: [ 255, 255, 255, 256, 256, 258, 254, 256, 257, 255, 255,
    258, 257, 258, 257, 256, 255, 258, 256, 258, 256, 256, 257, 255, 255,
    255, 258, 257, 257, 257, 254, 255, 255, 256, 256, 257, 255, 257, 257,
    258, 254, 258, 258, 257, 255, 256, 257, 258, 257, 257, 254, 256, 257,
    257, 256, 255, 255, 254, 257, 257, 258, 257, 255, 255, 258, 258, 254,
    254, 256, 256, 254, 255, 254, 258, 255, 257, 254, 258, 258, 255, 255,
    256, 256, 255, 255, 254, 257, 257 ]
