%YAML:1.0
---
videoName: "LHShake06.mp4"
gestureLabel: 2
fps: 29
pixelSizeInCmTemp: 3.3732394366197183e-01
faceCenterPointX: 250
faceCenterPointY: 80
LHandPositionsX: [ 384, 384, 386, 386, 383, 380, 376, 373, 370, 369, 374,
    383, 387, 394, 393, 396, 393, 386, 379, 376, 378, 375, 387, 389, 391,
    395, 392, 387, 382, 382, 380, 378, 384, 387, 390, 392, 390, 383, 383,
    383, 382, 382, 386, 391, 392, 391, 387, 384, 383, 378, 381, 385, 384,
    393, 395, 398, 400, 394, 394, 387, 378, 369, 359, 361, 354, 349, 336,
    327, 320, 313, 309, 305, 306, 303, 304, 303, 299, 299, 301, 300, 298,
    298, 299, 300, 301, 298, 300, 301 ]
LHandPositionsY: [ 149, 147, 143, 141, 139, 138, 137, 139, 135, 138, 133,
    130, 130, 128, 129, 130, 132, 134, 133, 135, 133, 132, 129, 130, 128,
    126, 126, 129, 128, 127, 130, 128, 130, 126, 126, 123, 127, 127, 125,
    125, 129, 125, 125, 124, 122, 125, 123, 128, 129, 128, 126, 124, 124,
    121, 121, 121, 123, 123, 126, 128, 134, 139, 147, 153, 160, 174, 191,
    205, 214, 223, 228, 235, 237, 243, 246, 247, 249, 249, 249, 252, 255,
    254, 255, 253, 256, 255, 257, 255 ]
RHandPositionsX: [ 213, 212, 213, 213, 209, 209, 211, 213, 211, 212, 212,
    209, 212, 212, 211, 210, 213, 213, 213, 211, 211, 211, 213, 212, 211,
    212, 212, 213, 213, 210, 211, 208, 210, 211, 211, 211, 208, 210, 209,
    208, 212, 212, 209, 208, 211, 211, 209, 208, 211, 210, 207, 210, 210,
    207, 207, 211, 208, 209, 210, 209, 211, 208, 208, 211, 211, 208, 210,
    210, 209, 209, 209, 208, 209, 208, 209, 210, 211, 210, 212, 209, 209,
    212, 212, 211, 212, 211, 212, 209 ]
RHandPositionsY: [ 271, 269, 271, 270, 268, 271, 269, 270, 271, 271, 269,
    267, 267, 270, 269, 270, 270, 267, 268, 267, 268, 265, 267, 269, 265,
    269, 267, 266, 267, 267, 265, 269, 268, 266, 265, 265, 267, 265, 266,
    265, 267, 266, 269, 269, 265, 267, 270, 269, 266, 265, 267, 265, 266,
    266, 265, 267, 266, 267, 268, 267, 269, 268, 267, 268, 265, 269, 267,
    268, 268, 265, 268, 265, 265, 269, 266, 269, 268, 268, 266, 267, 268,
    267, 266, 266, 269, 268, 269, 267 ]
