%YAML:1.0
---
videoName: "LHShake19.mp4"
gestureLabel: 2
fps: 29
pixelSizeInCmTemp: 3.3732394366197183e-01
faceCenterPointX: 250
faceCenterPointY: 62
LHandPositionsX: [ 307, 305, 308, 308, 306, 309, 305, 306, 307, 305, 307,
    308, 307, 305, 308, 307, 310, 315, 322, 325, 326, 322, 311, 290, 284,
    290, 291, 299, 304, 313, 314, 314, 307, 295, 287, 290, 292, 302, 310,
    318, 319, 315, 304, 291, 290, 295, 299, 305, 313, 312, 312, 307, 295,
    290, 295, 301, 306, 317, 316, 315, 316, 311, 306, 303, 299, 292, 293,
    292, 296, 299, 303, 304, 305, 304, 303, 306, 307, 311, 307, 307, 311,
    307, 308, 308, 311, 308, 311, 311 ]
LHandPositionsY: [ 251, 252, 248, 249, 250, 248, 248, 249, 249, 252, 251,
    250, 251, 247, 246, 240, 228, 216, 204, 191, 179, 170, 165, 163, 153,
    154, 156, 156, 155, 152, 154, 151, 157, 151, 150, 147, 152, 153, 153,
    152, 151, 153, 157, 148, 146, 155, 156, 154, 155, 154, 151, 158, 148,
    143, 155, 154, 157, 151, 155, 150, 154, 152, 159, 161, 169, 172, 178,
    188, 196, 206, 214, 214, 217, 220, 224, 228, 232, 235, 234, 235, 238,
    235, 236, 240, 240, 240, 239, 238 ]
RHandPositionsX: [ 195, 197, 196, 198, 197, 199, 195, 195, 199, 195, 198,
    199, 197, 195, 195, 196, 196, 198, 199, 196, 199, 197, 199, 195, 194,
    196, 195, 198, 195, 197, 197, 195, 194, 195, 192, 192, 193, 193, 192,
    193, 191, 194, 192, 195, 192, 195, 195, 191, 192, 192, 192, 192, 192,
    195, 193, 192, 194, 195, 195, 193, 194, 193, 193, 194, 195, 191, 192,
    191, 192, 191, 194, 191, 193, 193, 192, 192, 193, 192, 195, 193, 194,
    192, 192, 195, 193, 193, 191, 192 ]
RHandPositionsY: [ 258, 256, 256, 255, 256, 256, 257, 255, 255, 254, 258,
    256, 256, 254, 256, 257, 255, 254, 258, 258, 255, 255, 254, 256, 256,
    254, 254, 255, 254, 257, 258, 256, 258, 256, 255, 257, 255, 258, 254,
    258, 254, 256, 255, 256, 257, 258, 257, 254, 257, 257, 257, 254, 256,
    258, 258, 257, 258, 257, 254, 256, 257, 254, 257, 257, 255, 254, 258,
    256, 255, 258, 256, 254, 258, 258, 257, 256, 258, 257, 258, 256, 258,
    258, 256, 258, 254, 256, 256, 258 ]
