%YAML:1.0
---
videoName: "LHShake15.mp4"
gestureLabel: 2
fps: 29
pixelSizeInCmTemp: 3.3263888888888887e-01
faceCenterPointX: 252
faceCenterPointY: 65
LHandPositionsX: [ 331, 327, 329, 327, 328, 329, 328, 330, 334, 330, 338,
    343, 347, 352, 359, 361, 368, 374, 378, 383, 377, 377, 367, 359, 346,
    341, 344, 340, 345, 353, 362, 359, 361, 363, 357, 347, 331, 332, 333,
    334, 347, 355, 356, 351, 349, 352, 350, 334, 331, 330, 329, 343, 352,
    354, 352, 353, 358, 355, 345, 336, 335, 332, 334, 342, 343, 348, 352,
    348, 349, 351, 343, 332, 329, 327, 321, 321, 323, 324, 324, 323, 325,
    328, 327, 326, 325, 326, 325, 328 ]
LHandPositionsY: [ 257, 254, 258, 257, 255, 258, 255, 254, 254, 254, 242,
    231, 217, 202, 186, 173, 153, 134, 122, 121, 116, 107, 102, 104, 107,
    104, 103, 102, 97, 98, 92, 94, 94, 95, 95, 98, 97, 98, 100, 97, 95,
    92, 97, 98, 98, 97, 100, 101, 102, 102, 95, 92, 95, 96, 93, 97, 94,
    98, 100, 100, 103, 100, 97, 96, 100, 99, 102, 102, 103, 99, 108, 120,
    138, 149, 165, 178, 194, 205, 221, 230, 230, 236, 239, 240, 239, 240,
    243, 244 ]
RHandPositionsX: [ 176, 175, 179, 176, 175, 175, 178, 179, 179, 178, 176,
    175, 179, 175, 175, 179, 175, 176, 175, 179, 178, 177, 178, 176, 176,
    176, 179, 177, 178, 177, 178, 177, 177, 175, 176, 176, 179, 178, 178,
    178, 178, 176, 175, 175, 176, 178, 176, 178, 179, 177, 178, 176, 178,
    177, 175, 175, 175, 179, 177, 175, 178, 176, 179, 178, 176, 177, 175,
    176, 176, 178, 179, 176, 178, 176, 175, 176, 178, 176, 176, 176, 175,
    179, 178, 178, 175, 175, 178, 179 ]
RHandPositionsY: [ 259, 258, 257, 257, 258, 259, 258, 261, 261, 260, 257,
    258, 257, 259, 260, 259, 258, 261, 258, 257, 258, 260, 260, 261, 260,
    260, 259, 260, 260, 260, 259, 258, 261, 257, 257, 257, 259, 258, 259,
    257, 259, 261, 258, 257, 259, 260, 259, 258, 257, 258, 258, 261, 257,
    261, 261, 261, 261, 258, 261, 259, 261, 260, 257, 260, 261, 261, 258,
    258, 259, 258, 260, 260, 260, 258, 260, 261, 258, 260, 259, 261, 258,
    258, 258, 261, 257, 260, 260, 258 ]
