%YAML:1.0
---
videoName: "LHShake06.mp4"
gestureLabel: 2
fps: 29
pixelSizeInCmTemp: 3.3732394366197183e-01
faceCenterPointX: 250
faceCenterPointY: 80
LHandPositionsX: [ 383, 384, 385, 384, 386, 380, 373, 374, 372, 372, 375,
    386, 390, 393, 396, 396, 395, 385, 378, 376, 377, 376, 385, 389, 392,
    395, 390, 389, 382, 381, 377, 382, 385, 390, 391, 391, 386, 386, 382,
    382, 383, 384, 386, 391, 390, 392, 386, 383, 383, 378, 379, 385, 387,
    391, 396, 399, 399, 398, 392, 386, 381, 369, 360, 361, 352, 349, 336,
    329, 319, 311, 307, 309, 306, 302, 301, 302, 300, 301, 303, 299, 299,
    299, 302, 300, 298, 299, 299, 302 ]
LHandPositionsY: [ 150, 146, 144, 140, 136, 138, 136, 138, 139, 136, 132,
    130, 126, 127, 129, 129, 132, 133, 132, 136, 133, 131, 133, 130, 128,
    125, 125, 128, 128, 131, 127, 130, 130, 126, 123, 124, 128, 129, 129,
    125, 127, 127, 124, 125, 126, 126, 125, 124, 129, 129, 124, 127, 126,
    125, 123, 123, 122, 126, 125, 125, 134, 140, 145, 150, 163, 176, 192,
    205, 213, 223, 229, 236, 238, 241, 243, 246, 250, 251, 253, 250, 251,
    253, 255, 254, 256, 255, 253, 256 ]
RHandPositionsX: [ 214, 210, 210, 212, 212, 210, 209, 213, 213, 213, 211,
    211, 210, 212, 209, 209, 211, 211, 211, 209, 209, 210, 211, 212, 211,
    210, 213, 213, 210, 208, 211, 211, 210, 208, 211, 208, 211, 208, 211,
    212, 209, 209, 212, 209, 209, 209, 208, 210, 211, 207, 210, 209, 207,
    210, 207, 209, 208, 207, 209, 210, 208, 211, 211, 207, 207, 210, 210,
    208, 211, 208, 209, 212, 210, 210, 212, 212, 210, 210, 211, 210, 211,
    209, 212, 208, 209, 209, 210, 210 ]
RHandPositionsY: [ 269, 268, 270, 271, 267, 268, 268, 268, 269, 267, 266,
    267, 270, 268, 267, 266, 266, 270, 267, 268, 269, 265, 266, 267, 265,
    269, 265, 269, 265, 266, 269, 266, 269, 269, 266, 266, 265, 266, 268,
    268, 268, 267, 269, 267, 267, 269, 268, 265, 265, 269, 267, 268, 269,
    266, 269, 266, 267, 267, 266, 267, 265, 268, 267, 269, 266, 268, 265,
    269, 265, 267, 267, 266, 267, 269, 265, 269, 265, 266, 268, 268, 266,
    268, 267, 266, 268, 269, 266, 265 ]
