%YAML:1.0
---
videoName: "LHShake16.mp4"
gestureLabel: 2
fps: 30
pixelSizeInCmTemp: 3.3732394366197183e-01
faceCenterPointX: 247
faceCenterPointY: 66
LHandPositionsX: [ 325, 324, 327, 326, 328, 338, 346, 351, 362, 374, 385,
    392, 401, 411, 405, 403, 398, 392, 376, 365, 353, 355, 362, 370, 380,
    400, 396, 393, 390, 385, 374, 370, 370, 368, 369, 382, 389, 388, 401,
    394, 385, 374, 367, 368, 364, 370, 373, 384, 401, 407, 399, 384, 372,
    364, 361, 360, 365, 366, 375, 390, 387, 386, 390, 383, 375, 367, 358,
    351, 343, 335, 336, 334, 332, 328, 330, 327, 331, 330, 330, 331, 326,
    327, 328, 327, 325, 327, 328, 324, 326, 326, 325 ]
LHandPositionsY: [ 253, 256, 254, 254, 249, 244, 233, 224, 208, 195, 180,
    169, 153, 150, 143, 134, 125, 114, 119, 110, 120, 117, 127, 114, 113,
    115, 119, 119, 117, 114, 121, 132, 132, 135, 129, 121, 118, 120, 118,
    118, 116, 129, 131, 132, 136, 138, 129, 128, 125, 124, 120, 129, 136,
    143, 142, 147, 146, 145, 132, 125, 129, 128, 126, 132, 140, 149, 160,
    169, 180, 195, 204, 216, 223, 227, 232, 235, 236, 239, 240, 238, 242,
    239, 242, 245, 243, 244, 243, 241, 243, 242, 243 ]
RHandPositionsX: [ 178, 175, 176, 177, 178, 178, 177, 175, 176, 178, 176,
    175, 178, 175, 179, 177, 179, 177, 178, 176, 177, 178, 179, 179, 178,
    176, 176, 175, 176, 178, 177, 177, 175, 176, 178, 179, 178, 176, 176,
    176, 175, 178, 175, 177, 177, 179, 175, 178, 175, 176, 179, 178, 175,
    179, 178, 176, 178, 175, 177, 177, 176, 176, 175, 177, 178, 179, 176,
    177, 175, 175, 178, 179, 175, 178, 175, 177, 177, 177, 177, 177, 176,
    177, 179, 175, 177, 176, 179, 177, 175, 178, 179 ]
RHandPositionsY: [ 261, 259, 261, 262, 261, 261, 259, 260, 261, 259, 258,
    259, 259, 261, 261, 258, 260, 261, 258, 258, 262, 258, 262, 260, 260,
    262, 258, 259, 258, 262, 259, 262, 262, 262, 259, 260, 260, 261, 262,
    262, 259, 258, 261, 261, 259, 260, 259, 262, 259, 261, 262, 259, 260,
    261, 261, 259, 262, 258, 259, 262, 260, 260, 262, 262, 262, 259, 260,
    262, 260, 262, 258, 261, 261, 258, 258, 262, 262, 260, 260, 259, 260,
    258, 261, 259, 260, 262, 259, 261, 261, 261, 260 ]
