%YAML:1.0
---
videoName: "LHShake07.mp4"
gestureLabel: 2
fps: 29
pixelSizeInCmTemp: 3.3732394366197183e-01
faceCenterPointX: 265
faceCenterPointY: 78
LHandPositionsX: [ 345, 350, 351, 356, 362, 368, 375, 387, 391, 394, 395,
    391, 386, 377, 353, 349, 342, 341, 340, 341, 349, 363, 369, 366, 366,
    363, 361, 344, 339, 342, 341, 347, 357, 358, 369, 367, 368, 364, 362,
    352, 345, 346, 348, 353, 358, 362, 360, 359, 364, 363, 339, 330, 331,
    334, 342, 353, 368, 373, 372, 378, 370, 365, 354, 349, 343, 340, 338,
    337, 333, 337, 337, 342, 344, 341, 340, 344, 343, 341, 343, 340, 341,
    342, 344, 344, 342, 341, 344, 343 ]
LHandPositionsY: [ 278, 278, 275, 266, 260, 246, 237, 217, 202, 191, 176,
    160, 151, 140, 141, 138, 145, 144, 147, 144, 140, 135, 136, 136, 136,
    139, 137, 140, 143, 140, 138, 134, 132, 134, 126, 123, 128, 129, 133,
    135, 143, 145, 148, 140, 138, 136, 140, 137, 130, 131, 137, 150, 144,
    136, 131, 132, 128, 135, 131, 128, 130, 135, 149, 157, 168, 181, 190,
    206, 219, 229, 243, 250, 252, 254, 256, 261, 262, 264, 264, 263, 267,
    268, 268, 269, 266, 266, 268, 268 ]
RHandPositionsX: [ 183, 182, 183, 184, 182, 181, 183, 184, 182, 185, 184,
    184, 183, 182, 184, 183, 184, 181, 182, 183, 184, 182, 183, 184, 184,
    185, 181, 181, 185, 182, 182, 185, 183, 184, 181, 181, 181, 181, 185,
    183, 185, 182, 185, 182, 184, 182, 181, 182, 185, 184, 181, 185, 181,
    184, 183, 185, 183, 185, 183, 182, 184, 182, 185, 182, 184, 183, 185,
    182, 183, 183, 183, 184, 181, 183, 183, 182, 181, 185, 182, 181, 181,
    185, 181, 182, 184, 182, 182, 184 ]
RHandPositionsY: [ 279, 280, 280, 280, 280, 277, 277, 280, 279, 277, 278,
    276, 279, 276, 280, 277, 279, 277, 280, 280, 279, 280, 276, 278, 277,
    279, 280, 280, 279, 277, 277, 279, 278, 280, 276, 278, 278, 280, 277,
    279, 276, 280, 278, 279, 277, 277, 280, 280, 276, 276, 278, 280, 279,
    278, 278, 277, 280, 280, 277, 279, 276, 278, 278, 280, 280, 276, 277,
    280, 276, 279, 279, 276, 280, 280, 276, 276, 278, 279, 279, 276, 276,
    280, 280, 277, 279, 276, 280, 280 ]
