%YAML:1.0
---
videoName: "LHShake14.mp4"
gestureLabel: 2
fps: 29
pixelSizeInCmTemp: 3.2808219178082193e-01
faceCenterPointX: 256
faceCenterPointY: 64
LHandPositionsX: [ 349, 354, 350, 357, 368, 380, 391, 391, 387, 382, 372,
    360, 359, 358, 361, 369, 383, 381, 383, 381, 372, 362, 353, 356, 353,
    361, 370, 381, 389, 384, 384, 377, 366, 359, 360, 358, 363, 371, 383,
    380, 384, 377, 371, 359, 359, 357, 357, 364, 371, 378, 377, 378, 373,
    363, 357, 350, 341, 336, 330, 332, 327, 332, 330, 329, 331, 331, 328,
    330, 328, 331, 328, 329, 329, 328, 330, 328, 327, 328, 331, 329, 330,
    331, 330, 331, 328, 328, 331, 328 ]
LHandPositionsY: [ 146, 147, 147, 146, 142, 138, 140, 141, 139, 143, 143,
    148, 150, 150, 145, 142, 140, 138, 137, 137, 141, 143, 146, 149, 148,
    149, 146, 141, 142, 142, 143, 140, 147, 147, 148, 150, 148, 143, 143,
    142, 144, 143, 143, 144, 144, 141, 143, 140, 139, 144, 144, 144, 148,
    152, 158, 165, 176, 187, 200, 211, 223, 233, 236, 236, 242, 247, 251,
    249, 249, 252, 253, 251, 251, 249, 251, 252, 251, 250, 250, 251, 249,
    248, 252, 250, 248, 252, 251, 250 ]
RHandPositionsX: [ 181, 185, 182, 184, 182, 182, 180, 179, 182, 179, 179,
    180, 179, 181, 181, 178, 179, 179, 177, 176, 178, 175, 178, 176, 176,
    177, 175, 178, 175, 179, 175, 177, 179, 177, 179, 178, 176, 175, 176,
    176, 175, 176, 178, 175, 176, 175, 177, 176, 178, 178, 177, 178, 176,
    177, 178, 179, 178, 179, 176, 178, 178, 175, 175, 175, 175, 178, 175,
    176, 178, 176, 177, 175, 179, 176, 175, 178, 177, 175, 176, 176, 176,
    177, 179, 179, 176, 175, 175, 179 ]
RHandPositionsY: [ 279, 280, 276, 277, 275, 279, 279, 275, 278, 278, 275,
    277, 278, 274, 275, 276, 277, 274, 275, 277, 274, 273, 277, 277, 275,
    273, 277, 273, 275, 274, 275, 275, 274, 276, 275, 274, 274, 274, 274,
    278, 277, 275, 277, 274, 274, 274, 274, 275, 274, 276, 276, 277, 276,
    276, 275, 274, 273, 274, 275, 274, 275, 273, 276, 273, 276, 273, 274,
    273, 275, 277, 274, 277, 275, 276, 273, 276, 277, 277, 277, 276, 274,
    276, 276, 273, 273, 277, 277, 276 ]
