%YAML:1.0
---
videoName: "LHShake07.mp4"
gestureLabel: 2
fps: 29
pixelSizeInCmTemp: 3.3732394366197183e-01
faceCenterPointX: 265
faceCenterPointY: 78
LHandPositionsX: [ 347, 350, 354, 355, 364, 371, 377, 388, 390, 392, 396,
    395, 385, 378, 353, 349, 340, 345, 339, 340, 347, 364, 370, 366, 368,
    366, 362, 341, 343, 342, 344, 347, 355, 359, 368, 371, 369, 362, 361,
    351, 346, 345, 345, 350, 357, 362, 361, 362, 365, 361, 341, 328, 335,
    334, 341, 355, 369, 373, 370, 382, 370, 364, 358, 348, 342, 340, 337,
    334, 333, 338, 340, 341, 343, 342, 344, 344, 344, 344, 340, 344, 344,
    341, 342, 343, 342, 342, 343, 342 ]
LHandPositionsY: [ 278, 278, 272, 267, 260, 248, 235, 217, 204, 189, 175,
    162, 151, 141, 143, 142, 147, 144, 146, 146, 143, 138, 136, 137, 137,
    136, 134, 139, 146, 143, 138, 132, 129, 132, 125, 126, 130, 133, 133,
    137, 145, 141, 148, 141, 137, 139, 140, 136, 132, 129, 134, 148, 146,
    138, 134, 132, 128, 132, 131, 128, 131, 136, 147, 154, 166, 179, 194,
    206, 216, 231, 243, 251, 253, 254, 255, 262, 260, 265, 265, 267, 264,
    267, 268, 268, 267, 269, 268, 269 ]
RHandPositionsX: [ 184, 182, 185, 181, 185, 183, 184, 181, 185, 181, 184,
    182, 182, 183, 182, 184, 185, 183, 185, 185, 185, 184, 181, 181, 182,
    182, 185, 182, 182, 183, 181, 184, 181, 185, 185, 183, 181, 185, 184,
    181, 184, 183, 185, 183, 183, 183, 181, 185, 181, 182, 181, 184, 182,
    182, 182, 184, 183, 181, 183, 182, 182, 182, 185, 182, 181, 182, 183,
    181, 184, 181, 181, 181, 183, 183, 183, 182, 183, 184, 182, 181, 183,
    184, 185, 184, 182, 182, 184, 183 ]
RHandPositionsY: [ 280, 278, 280, 279, 276, 278, 276, 276, 279, 276, 276,
    279, 280, 276, 276, 279, 280, 280, 278, 280, 276, 276, 279, 279, 277,
    278, 278, 277, 279, 277, 278, 276, 278, 280, 276, 279, 280, 278, 279,
    280, 276, 278, 280, 278, 278, 276, 277, 280, 280, 277, 280, 277, 279,
    279, 279, 278, 276, 278, 277, 280, 277, 276, 276, 280, 280, 278, 276,
    280, 279, 279, 276, 279, 280, 280, 278, 277, 280, 280, 277, 280, 279,
    279, 280, 280, 279, 277, 277, 279 ]
