%YAML:1.0
---
videoName: "LHShake05.mp4"
gestureLabel: 2
fps: 30
pixelSizeInCmTemp: 3.2364864864864862e-01
faceCenterPointX: 252
faceCenterPointY: 81
LHandPositionsX: [ 294, 293, 293, 292, 292, 293, 292, 295, 293, 290, 295,
    297, 304, 312, 322, 331, 344, 343, 343, 342, 339, 338, 332, 330, 330,
    330, 331, 338, 340, 346, 345, 337, 332, 325, 324, 324, 326, 330, 338,
    337, 335, 329, 323, 321, 322, 322, 326, 333, 338, 340, 332, 328, 324,
    326, 323, 328, 333, 336, 338, 335, 332, 330, 331, 331, 330, 335, 338,
    337, 339, 338, 335, 325, 321, 314, 313, 305, 302, 299, 298, 293, 295,
    295, 292, 293, 291, 293, 294, 295, 293, 294, 294 ]
LHandPositionsY: [ 270, 266, 267, 268, 268, 265, 266, 265, 265, 257, 244,
    227, 213, 199, 187, 174, 163, 162, 159, 156, 153, 155, 157, 153, 152,
    152, 148, 142, 139, 137, 132, 138, 143, 146, 143, 145, 146, 138, 140,
    136, 133, 136, 140, 143, 142, 140, 139, 135, 136, 129, 134, 143, 139,
    143, 145, 145, 139, 140, 134, 140, 139, 143, 142, 142, 143, 140, 137,
    141, 138, 139, 144, 151, 163, 171, 179, 188, 200, 207, 220, 228, 235,
    237, 237, 241, 245, 249, 252, 253, 254, 257, 261 ]
RHandPositionsX: [ 214, 211, 210, 211, 212, 211, 212, 213, 211, 213, 210,
    211, 213, 210, 213, 210, 212, 209, 212, 208, 210, 209, 211, 211, 211,
    207, 208, 209, 207, 208, 206, 208, 209, 210, 208, 209, 208, 206, 210,
    206, 210, 209, 209, 210, 208, 208, 206, 210, 206, 208, 206, 209, 209,
    210, 209, 206, 207, 206, 210, 207, 207, 208, 209, 208, 209, 207, 208,
    210, 206, 208, 207, 210, 206, 210, 209, 209, 209, 208, 207, 208, 210,
    206, 207, 209, 208, 208, 211, 210, 210, 211, 211 ]
RHandPositionsY: [ 266, 266, 266, 264, 265, 264, 265, 263, 264, 262, 264,
    266, 264, 263, 265, 263, 263, 266, 262, 263, 265, 263, 263, 262, 263,
    264, 262, 264, 265, 263, 264, 266, 263, 265, 265, 264, 262, 261, 264,
    262, 262, 264, 261, 263, 264, 264, 264, 264, 261, 265, 261, 265, 262,
    265, 265, 264, 265, 262, 263, 263, 262, 264, 265, 265, 263, 263, 262,
    262, 264, 262, 264, 261, 263, 264, 263, 262, 264, 261, 265, 265, 263,
    264, 264, 263, 264, 262, 263, 264, 265, 262, 261 ]
