%YAML:1.0
---
videoName: "LHShake08.mp4"
gestureLabel: 2
fps: 29
pixelSizeInCmTemp: 3.4710144927536229e-01
faceCenterPointX: 261
faceCenterPointY: 69
LHandPositionsX: [ 340, 340, 344, 346, 353, 344, 353, 365, 367, 372, 373,
    373, 380, 367, 357, 348, 341, 342, 340, 342, 349, 360, 367, 366, 360,
    359, 360, 353, 345, 337, 338, 339, 343, 352, 357, 365, 369, 365, 368,
    363, 353, 345, 337, 339, 334, 337, 341, 349, 355, 357, 356, 359, 357,
    352, 343, 345, 343, 344, 342, 348, 353, 364, 370, 372, 370, 368, 366,
    356, 353, 346, 340, 334, 333, 332, 333, 333, 334, 335, 336, 339, 339,
    339, 336, 336, 336, 338, 336, 339 ]
LHandPositionsY: [ 269, 269, 265, 253, 252, 235, 219, 201, 185, 175, 165,
    157, 144, 144, 143, 146, 152, 150, 151, 148, 148, 147, 139, 138, 139,
    136, 141, 143, 150, 156, 151, 152, 154, 151, 146, 148, 149, 150, 146,
    152, 153, 154, 158, 160, 159, 164, 162, 160, 157, 154, 157, 153, 155,
    154, 158, 159, 161, 162, 160, 158, 153, 149, 144, 145, 145, 147, 147,
    152, 158, 168, 173, 183, 197, 210, 221, 232, 243, 247, 249, 252, 255,
    252, 254, 254, 257, 259, 254, 254 ]
RHandPositionsX: [ 172, 172, 176, 175, 173, 173, 175, 172, 174, 176, 173,
    176, 175, 173, 176, 172, 176, 172, 174, 173, 172, 172, 176, 172, 173,
    176, 172, 174, 176, 175, 172, 175, 176, 176, 173, 176, 177, 176, 178,
    178, 174, 176, 173, 176, 178, 175, 174, 176, 174, 176, 177, 174, 175,
    177, 174, 176, 174, 178, 175, 174, 176, 175, 176, 178, 176, 177, 177,
    178, 178, 175, 176, 177, 175, 174, 175, 177, 177, 178, 176, 174, 177,
    174, 174, 177, 176, 175, 178, 176 ]
RHandPositionsY: [ 277, 275, 277, 277, 275, 277, 273, 274, 273, 277, 275,
    274, 274, 276, 277, 277, 275, 277, 275, 274, 276, 274, 274, 277, 277,
    276, 274, 273, 276, 275, 274, 273, 275, 277, 273, 276, 276, 275, 274,
    275, 273, 275, 274, 274, 273, 277, 273, 277, 273, 276, 276, 273, 273,
    273, 277, 275, 275, 277, 273, 277, 275, 276, 273, 276, 274, 275, 276,
    275, 277, 275, 277, 273, 273, 277, 275, 277, 273, 277, 276, 277, 273,
    274, 274, 275, 275, 276, 273, 274 ]
