%YAML:1.0
---
videoName: "LHShake03.mp4"
gestureLabel: 2
fps: 30
pixelSizeInCmTemp: 3.2808219178082193e-01
faceCenterPointX: 251
faceCenterPointY: 79
LHandPositionsX: [ 345, 347, 348, 355, 358, 355, 352, 346, 336, 326, 317,
    316, 316, 314, 317, 321, 326, 330, 335, 337, 338, 337, 334, 328, 323,
    324, 321, 320, 325, 329, 335, 341, 345, 341, 336, 321, 316, 314, 310,
    314, 317, 322, 325, 332, 334, 333, 330, 329, 322, 324, 324, 325, 332,
    338, 343, 344, 337, 334, 338, 335, 334, 328, 319, 319, 315, 313, 308,
    304, 303, 298, 297, 297, 295, 293, 292, 291, 293, 292, 289, 291, 292,
    289, 290, 287, 289, 288, 289, 285, 287, 283, 285 ]
LHandPositionsY: [ 143, 134, 126, 119, 113, 107, 107, 103, 96, 99, 107,
    104, 105, 98, 95, 95, 92, 87, 87, 88, 84, 87, 88, 89, 86, 87, 88, 91,
    88, 85, 87, 82, 80, 82, 85, 89, 94, 93, 95, 96, 90, 91, 88, 88, 88,
    89, 87, 89, 92, 92, 92, 94, 90, 85, 89, 87, 90, 96, 97, 100, 114,
    132, 144, 155, 167, 175, 184, 195, 204, 216, 224, 224, 226, 227, 230,
    235, 242, 244, 244, 248, 250, 251, 248, 251, 254, 253, 255, 251, 252,
    253, 251 ]
RHandPositionsX: [ 216, 214, 212, 212, 214, 212, 212, 213, 214, 213, 212,
    214, 214, 213, 215, 215, 213, 214, 213, 211, 215, 213, 214, 213, 215,
    211, 212, 214, 211, 211, 213, 215, 213, 214, 215, 211, 214, 213, 212,
    212, 212, 213, 212, 212, 214, 214, 215, 215, 211, 211, 214, 215, 212,
    211, 213, 215, 212, 214, 210, 212, 211, 212, 211, 211, 212, 213, 210,
    212, 214, 212, 211, 210, 212, 211, 211, 214, 212, 214, 210, 212, 211,
    211, 213, 212, 212, 212, 214, 214, 211, 213, 212 ]
RHandPositionsY: [ 257, 257, 258, 255, 253, 256, 253, 254, 255, 253, 255,
    254, 255, 252, 253, 256, 253, 256, 256, 252, 255, 254, 254, 255, 254,
    254, 254, 255, 253, 251, 252, 255, 252, 255, 251, 255, 251, 252, 254,
    255, 254, 252, 255, 254, 252, 252, 253, 252, 254, 251, 253, 254, 254,
    254, 254, 255, 253, 253, 252, 252, 251, 252, 251, 255, 253, 254, 255,
    252, 252, 254, 251, 252, 251, 252, 255, 253, 252, 254, 251, 252, 252,
    253, 251, 252, 253, 253, 254, 251, 255, 252, 253 ]
