%YAML:1.0
---
videoName: "LHShake23.mp4"
gestureLabel: 2
fps: 30
pixelSizeInCmTemp: 3.3263888888888887e-01
faceCenterPointX: 259
faceCenterPointY: 79
LHandPositionsX: [ 330, 333, 332, 334, 334, 334, 334, 334, 333, 332, 332,
    336, 338, 344, 350, 361, 370, 371, 372, 379, 380, 379, 377, 366, 357,
    351, 351, 352, 353, 361, 369, 378, 384, 386, 382, 380, 369, 361, 358,
    362, 360, 367, 375, 386, 385, 384, 382, 372, 365, 354, 354, 352, 355,
    362, 371, 383, 383, 378, 380, 376, 364, 358, 358, 359, 359, 364, 374,
    381, 380, 376, 377, 376, 371, 364, 358, 351, 348, 343, 340, 338, 340,
    339, 338, 336, 336, 337, 338, 334, 338, 333, 337 ]
LHandPositionsY: [ 266, 263, 266, 263, 262, 263, 266, 262, 265, 260, 260,
    250, 241, 232, 231, 215, 198, 195, 195, 188, 179, 173, 166, 167, 167,
    171, 166, 170, 170, 167, 161, 162, 157, 158, 157, 163, 164, 165, 164,
    164, 164, 164, 162, 159, 161, 157, 159, 159, 161, 164, 166, 164, 167,
    166, 164, 162, 166, 166, 164, 164, 168, 167, 167, 166, 170, 170, 167,
    169, 167, 169, 169, 170, 178, 186, 193, 203, 215, 229, 238, 250, 247,
    249, 250, 254, 251, 256, 252, 255, 252, 255, 252 ]
RHandPositionsX: [ 186, 183, 186, 184, 182, 184, 186, 186, 186, 186, 183,
    185, 186, 184, 183, 183, 182, 186, 185, 182, 186, 183, 183, 182, 183,
    185, 186, 182, 183, 184, 184, 186, 185, 184, 184, 185, 182, 182, 183,
    184, 183, 185, 186, 182, 186, 185, 186, 186, 185, 183, 184, 184, 182,
    184, 186, 184, 184, 184, 184, 185, 185, 186, 186, 185, 186, 185, 182,
    186, 183, 184, 183, 182, 182, 184, 183, 184, 184, 182, 185, 183, 183,
    182, 183, 182, 184, 186, 184, 184, 182, 186, 185 ]
RHandPositionsY: [ 271, 271, 272, 270, 272, 274, 271, 273, 273, 274, 272,
    270, 270, 270, 272, 271, 273, 270, 274, 272, 270, 274, 274, 274, 272,
    273, 271, 271, 272, 272, 271, 271, 274, 274, 274, 271, 271, 270, 271,
    273, 271, 272, 273, 273, 273, 274, 271, 270, 272, 272, 271, 274, 273,
    272, 274, 274, 271, 270, 272, 270, 272, 272, 270, 270, 271, 274, 271,
    270, 270, 272, 272, 273, 274, 270, 270, 271, 272, 272, 272, 272, 270,
    273, 273, 270, 274, 272, 273, 274, 271, 270, 271 ]
