%YAML:1.0
---
videoName: "LHShake17.mp4"
gestureLabel: 2
fps: 30
pixelSizeInCmTemp: 3.3732394366197183e-01
faceCenterPointX: 248
faceCenterPointY: 64
LHandPositionsX: [ 321, 324, 323, 321, 323, 322, 323, 324, 328, 337, 343,
    354, 364, 375, 389, 400, 406, 407, 401, 386, 376, 359, 352, 351, 350,
    357, 370, 380, 377, 383, 377, 363, 351, 348, 346, 347, 355, 366, 369,
    365, 364, 363, 355, 351, 352, 354, 367, 373, 378, 373, 374, 371, 362,
    350, 346, 349, 346, 354, 360, 363, 362, 370, 367, 355, 351, 343, 339,
    336, 333, 335, 334, 332, 331, 329, 329, 327, 326, 329, 326, 328, 325,
    328, 328, 324, 327, 324, 326, 324, 325, 326, 322 ]
LHandPositionsY: [ 250, 249, 248, 250, 247, 251, 250, 246, 245, 231, 218,
    201, 187, 174, 159, 143, 128, 121, 114, 114, 124, 129, 136, 134, 136,
    132, 125, 119, 118, 117, 117, 130, 137, 139, 140, 137, 123, 116, 119,
    118, 118, 115, 125, 134, 135, 134, 126, 121, 120, 123, 123, 122, 132,
    138, 141, 138, 140, 126, 124, 122, 125, 121, 122, 130, 137, 145, 154,
    162, 171, 183, 196, 209, 220, 221, 224, 226, 233, 237, 237, 237, 235,
    239, 237, 237, 237, 239, 239, 239, 238, 238, 238 ]
RHandPositionsX: [ 180, 180, 176, 176, 180, 177, 179, 178, 177, 178, 179,
    177, 179, 179, 176, 178, 176, 176, 178, 176, 179, 180, 176, 179, 176,
    178, 177, 178, 178, 177, 175, 178, 177, 175, 175, 175, 175, 178, 174,
    174, 176, 177, 175, 178, 174, 178, 175, 175, 178, 176, 176, 176, 177,
    174, 175, 175, 174, 176, 175, 178, 174, 175, 176, 177, 175, 175, 178,
    175, 174, 177, 174, 174, 175, 176, 174, 178, 174, 178, 176, 178, 177,
    174, 175, 178, 175, 174, 174, 177, 178, 176, 177 ]
RHandPositionsY: [ 260, 258, 260, 257, 257, 257, 258, 260, 258, 256, 259,
    256, 258, 257, 256, 259, 258, 257, 258, 260, 260, 258, 259, 258, 260,
    259, 257, 260, 260, 258, 257, 256, 259, 258, 260, 260, 258, 259, 260,
    259, 258, 256, 259, 259, 256, 260, 257, 259, 256, 257, 258, 256, 257,
    257, 258, 259, 256, 258, 257, 256, 258, 257, 256, 256, 260, 258, 259,
    257, 257, 257, 259, 258, 257, 256, 259, 258, 260, 260, 256, 258, 257,
    256, 259, 257, 259, 257, 257, 257, 257, 256, 257 ]
