%YAML:1.0
---
videoName: "LHShake16.mp4"
gestureLabel: 2
fps: 30
pixelSizeInCmTemp: 3.3732394366197183e-01
faceCenterPointX: 247
faceCenterPointY: 66
LHandPositionsX: [ 325, 324, 323, 325, 331, 335, 346, 353, 361, 371, 385,
    393, 402, 410, 405, 404, 402, 391, 376, 362, 355, 358, 365, 370, 382,
    397, 397, 392, 390, 384, 375, 370, 370, 372, 370, 382, 387, 387, 400,
    397, 387, 376, 367, 369, 367, 368, 372, 383, 398, 409, 396, 383, 371,
    365, 364, 362, 365, 367, 375, 392, 389, 385, 387, 382, 373, 365, 356,
    351, 342, 336, 335, 334, 330, 329, 330, 331, 330, 328, 331, 329, 327,
    327, 325, 329, 328, 328, 327, 327, 326, 324, 325 ]
LHandPositionsY: [ 256, 255, 254, 250, 251, 244, 235, 221, 211, 195, 181,
    169, 154, 150, 140, 135, 125, 114, 116, 113, 119, 117, 126, 114, 115,
    116, 115, 118, 117, 115, 122, 130, 128, 132, 128, 120, 117, 119, 118,
    118, 115, 125, 132, 133, 134, 136, 133, 128, 123, 123, 122, 130, 137,
    142, 142, 143, 148, 146, 135, 125, 129, 127, 124, 133, 141, 152, 159,
    171, 182, 197, 207, 216, 227, 226, 232, 232, 237, 238, 240, 239, 240,
    240, 240, 244, 243, 243, 245, 242, 242, 242, 241 ]
RHandPositionsX: [ 177, 179, 176, 177, 177, 178, 179, 179, 175, 178, 179,
    178, 175, 177, 176, 175, 176, 175, 179, 178, 175, 179, 175, 179, 177,
    177, 179, 175, 177, 176, 179, 178, 179, 179, 175, 175, 178, 177, 177,
    177, 176, 179, 179, 178, 176, 177, 175, 175, 176, 177, 178, 177, 175,
    176, 175, 179, 178, 178, 179, 179, 179, 175, 176, 178, 179, 177, 178,
    178, 175, 175, 179, 175, 175, 178, 177, 178, 177, 178, 179, 177, 177,
    179, 178, 178, 178, 178, 178, 176, 175, 179, 179 ]
RHandPositionsY: [ 261, 261, 261, 262, 261, 258, 259, 259, 260, 258, 261,
    262, 260, 259, 258, 261, 258, 262, 262, 262, 259, 262, 260, 258, 260,
    260, 259, 261, 260, 260, 260, 262, 260, 262, 259, 258, 258, 259, 262,
    259, 262, 262, 259, 258, 260, 260, 260, 262, 258, 262, 259, 261, 260,
    262, 258, 259, 261, 260, 260, 258, 261, 259, 259, 258, 258, 260, 258,
    260, 258, 262, 259, 259, 262, 262, 260, 262, 262, 258, 261, 260, 260,
    259, 259, 258, 259, 259, 260, 258, 259, 260, 262 ]
