%YAML:1.0
---
videoName: "LHShake24.mp4"
gestureLabel: 2
fps: 30
pixelSizeInCmTemp: 3.4214285714285714e-01
faceCenterPointX: 255
faceCenterPointY: 77
LHandPositionsX: [ 328, 326, 328, 330, 330, 330, 329, 330, 330, 330, 331,
    336, 339, 346, 354, 359, 367, 375, 379, 382, 381, 377, 370, 358, 347,
    340, 341, 343, 344, 349, 358, 370, 379, 379, 377, 373, 369, 357, 344,
    336, 340, 338, 342, 353, 364, 363, 367, 369, 365, 354, 346, 337, 341,
    338, 347, 354, 363, 373, 371, 372, 371, 362, 353, 344, 347, 346, 347,
    353, 358, 366, 368, 366, 365, 358, 351, 343, 336, 331, 328, 326, 326,
    326, 327, 328, 326, 327, 327, 329, 324, 327, 324 ]
LHandPositionsY: [ 263, 262, 261, 263, 264, 260, 261, 263, 262, 260, 257,
    258, 246, 237, 226, 206, 197, 185, 170, 173, 161, 152, 150, 152, 156,
    164, 164, 163, 163, 159, 157, 151, 151, 148, 150, 146, 144, 148, 150,
    155, 155, 154, 152, 154, 149, 149, 151, 151, 151, 157, 159, 163, 162,
    162, 163, 161, 161, 160, 158, 157, 157, 156, 161, 163, 163, 160, 162,
    159, 159, 160, 157, 156, 158, 158, 160, 163, 171, 179, 189, 198, 206,
    218, 230, 231, 234, 239, 244, 247, 246, 248, 246 ]
RHandPositionsX: [ 181, 180, 183, 183, 181, 182, 182, 180, 179, 181, 179,
    179, 179, 181, 182, 181, 183, 180, 182, 181, 183, 182, 182, 181, 179,
    183, 183, 179, 182, 180, 183, 183, 183, 183, 180, 180, 179, 183, 179,
    182, 182, 179, 180, 181, 180, 180, 180, 182, 180, 179, 180, 180, 180,
    181, 179, 180, 182, 182, 179, 179, 180, 180, 182, 179, 183, 181, 182,
    179, 182, 179, 183, 181, 181, 182, 182, 181, 182, 181, 180, 179, 182,
    181, 182, 179, 181, 182, 182, 182, 181, 183, 183 ]
RHandPositionsY: [ 270, 269, 271, 268, 271, 271, 267, 267, 271, 271, 268,
    267, 270, 268, 267, 270, 270, 271, 267, 268, 269, 267, 271, 268, 269,
    268, 268, 270, 269, 271, 269, 267, 267, 271, 267, 268, 270, 270, 270,
    271, 270, 270, 271, 271, 267, 269, 271, 267, 267, 269, 268, 271, 268,
    271, 267, 270, 267, 267, 267, 271, 268, 269, 270, 270, 268, 267, 271,
    269, 268, 267, 269, 268, 269, 270, 267, 269, 271, 270, 267, 269, 269,
    268, 270, 271, 269, 270, 271, 269, 271, 271, 269 ]
