%YAML:1.0
---
videoName: "LHShake14.mp4"
gestureLabel: 2
fps: 29
pixelSizeInCmTemp: 3.2808219178082193e-01
faceCenterPointX: 256
faceCenterPointY: 64
LHandPositionsX: [ 349, 355, 351, 357, 368, 379, 388, 390, 387, 378, 371,
    358, 359, 354, 359, 370, 382, 384, 382, 383, 375, 364, 352, 354, 355,
    358, 370, 378, 386, 385, 386, 375, 368, 359, 358, 358, 360, 370, 383,
    380, 384, 379, 369, 361, 362, 357, 359, 362, 373, 376, 378, 380, 374,
    363, 355, 349, 343, 337, 331, 330, 326, 330, 327, 327, 329, 329, 330,
    332, 329, 330, 332, 332, 329, 328, 329, 327, 331, 330, 329, 328, 329,
    327, 327, 327, 330, 328, 330, 328 ]
LHandPositionsY: [ 147, 145, 145, 145, 141, 140, 143, 141, 143, 143, 144,
    149, 150, 150, 144, 145, 139, 139, 137, 138, 140, 143, 147, 149, 145,
    147, 146, 144, 143, 143, 143, 141, 146, 146, 145, 146, 144, 145, 142,
    142, 145, 142, 142, 144, 143, 140, 143, 139, 137, 140, 144, 147, 147,
    154, 159, 166, 179, 190, 198, 212, 221, 235, 235, 240, 241, 247, 251,
    247, 248, 248, 250, 248, 248, 248, 248, 252, 250, 248, 250, 250, 251,
    252, 249, 248, 250, 250, 252, 252 ]
RHandPositionsX: [ 183, 181, 180, 184, 183, 180, 183, 180, 179, 182, 179,
    181, 182, 179, 182, 176, 179, 180, 179, 178, 176, 176, 179, 175, 179,
    178, 177, 178, 177, 179, 178, 176, 178, 179, 177, 179, 177, 178, 180,
    177, 175, 178, 175, 178, 178, 179, 179, 176, 176, 179, 177, 176, 175,
    177, 177, 177, 178, 175, 176, 179, 176, 178, 179, 175, 178, 176, 178,
    178, 176, 176, 178, 177, 176, 176, 178, 179, 179, 177, 179, 175, 177,
    177, 175, 177, 175, 176, 177, 176 ]
RHandPositionsY: [ 280, 278, 279, 276, 279, 275, 276, 275, 277, 278, 278,
    276, 276, 277, 275, 275, 277, 276, 276, 276, 273, 274, 273, 277, 276,
    273, 277, 276, 276, 276, 277, 275, 275, 273, 275, 273, 273, 275, 277,
    277, 277, 277, 274, 273, 276, 276, 274, 273, 277, 274, 273, 276, 275,
    273, 275, 276, 276, 274, 277, 274, 277, 274, 274, 276, 276, 273, 276,
    277, 273, 276, 276, 273, 274, 274, 276, 274, 275, 277, 274, 276, 274,
    276, 277, 277, 273, 274, 274, 273 ]
