%YAML:1.0
---
videoName: "LHShake20.mp4"
gestureLabel: 2
fps: 30
pixelSizeInCmTemp: 3.3732394366197183e-01
faceCenterPointX: 249
faceCenterPointY: 62
LHandPositionsX: [ 313, 312, 313, 316, 316, 317, 315, 315, 316, 319, 320,
    325, 335, 338, 341, 336, 332, 319, 313, 312, 312, 313, 318, 326, 336,
    339, 338, 337, 328, 321, 320, 320, 320, 322, 333, 340, 339, 339, 329,
    322, 326, 321, 319, 324, 335, 333, 330, 331, 324, 321, 321, 322, 322,
    327, 323, 328, 331, 328, 323, 318, 318, 319, 320, 317, 323, 323, 322,
    319, 317, 317, 314, 311, 312, 315, 314, 313, 312, 312, 313, 312, 313,
    313, 313, 314, 312, 313, 312, 312, 314, 314, 316 ]
LHandPositionsY: [ 250, 246, 246, 246, 250, 248, 244, 246, 235, 230, 216,
    203, 190, 178, 170, 166, 162, 159, 158, 160, 157, 155, 147, 146, 142,
    146, 145, 143, 143, 146, 149, 150, 148, 147, 144, 141, 139, 143, 141,
    146, 147, 149, 143, 143, 142, 142, 139, 141, 142, 146, 150, 146, 144,
    141, 141, 136, 136, 133, 138, 145, 143, 144, 145, 149, 147, 148, 159,
    170, 177, 189, 200, 212, 216, 219, 221, 226, 229, 231, 231, 232, 234,
    235, 232, 236, 235, 238, 236, 240, 238, 237, 237 ]
RHandPositionsX: [ 182, 183, 180, 183, 180, 181, 183, 182, 181, 183, 183,
    179, 181, 179, 182, 181, 181, 182, 181, 181, 181, 179, 179, 183, 182,
    180, 182, 180, 183, 179, 179, 183, 179, 183, 179, 181, 183, 180, 182,
    182, 182, 182, 183, 179, 181, 181, 181, 179, 183, 180, 183, 180, 179,
    182, 179, 182, 182, 180, 180, 179, 180, 179, 180, 179, 182, 181, 183,
    181, 180, 180, 182, 181, 179, 179, 181, 182, 180, 178, 182, 180, 179,
    179, 181, 179, 179, 179, 181, 179, 181, 182, 180 ]
RHandPositionsY: [ 257, 253, 256, 253, 255, 255, 257, 254, 252, 252, 256,
    252, 253, 254, 252, 255, 254, 255, 254, 253, 255, 256, 253, 254, 255,
    255, 254, 253, 254, 253, 252, 251, 252, 254, 254, 252, 255, 251, 253,
    252, 254, 253, 253, 254, 252, 254, 254, 253, 254, 255, 251, 255, 253,
    251, 253, 255, 254, 251, 251, 251, 252, 254, 251, 253, 255, 253, 252,
    251, 253, 251, 254, 253, 254, 251, 254, 253, 254, 254, 255, 252, 252,
    251, 251, 255, 254, 252, 251, 254, 252, 252, 252 ]
