%YAML:1.0
---
videoName: "LHShake23.mp4"
gestureLabel: 2
fps: 30
pixelSizeInCmTemp: 3.3263888888888887e-01
faceCenterPointX: 259
faceCenterPointY: 79
LHandPositionsX: [ 333, 334, 331, 331, 332, 332, 334, 330, 333, 335, 331,
    335, 341, 346, 346, 360, 370, 371, 375, 378, 377, 377, 377, 365, 359,
    349, 353, 352, 356, 361, 369, 380, 386, 386, 386, 378, 369, 360, 360,
    360, 361, 367, 378, 382, 384, 380, 381, 374, 365, 357, 355, 352, 354,
    364, 373, 383, 379, 379, 377, 374, 366, 355, 355, 358, 356, 362, 374,
    379, 380, 376, 377, 376, 367, 362, 357, 351, 349, 343, 342, 338, 338,
    338, 336, 338, 336, 336, 335, 334, 336, 337, 336 ]
LHandPositionsY: [ 265, 263, 262, 266, 262, 264, 266, 265, 263, 264, 261,
    253, 241, 229, 231, 213, 198, 198, 192, 187, 181, 169, 165, 168, 165,
    168, 166, 168, 168, 168, 164, 160, 159, 158, 160, 162, 162, 161, 165,
    166, 166, 165, 163, 158, 158, 158, 157, 158, 159, 162, 163, 165, 168,
    168, 164, 162, 163, 162, 165, 164, 167, 167, 167, 170, 170, 168, 170,
    169, 168, 168, 170, 174, 178, 186, 192, 200, 211, 229, 241, 249, 249,
    251, 252, 254, 255, 252, 255, 254, 253, 252, 255 ]
RHandPositionsX: [ 186, 185, 185, 182, 185, 186, 186, 184, 183, 186, 183,
    182, 183, 186, 186, 184, 182, 186, 185, 182, 186, 186, 183, 183, 185,
    184, 183, 186, 183, 185, 185, 183, 183, 182, 185, 185, 185, 182, 183,
    185, 185, 184, 185, 182, 185, 182, 182, 184, 184, 182, 184, 184, 186,
    184, 183, 184, 182, 182, 186, 185, 182, 182, 183, 183, 184, 183, 186,
    185, 185, 183, 185, 186, 184, 185, 184, 185, 185, 185, 185, 182, 186,
    183, 185, 186, 186, 185, 183, 184, 186, 182, 185 ]
RHandPositionsY: [ 270, 274, 272, 271, 271, 272, 273, 274, 271, 271, 271,
    270, 274, 274, 270, 272, 273, 272, 273, 274, 272, 271, 274, 271, 273,
    274, 274, 270, 270, 272, 273, 271, 272, 274, 271, 271, 271, 270, 272,
    274, 273, 271, 274, 274, 272, 270, 270, 274, 270, 274, 274, 273, 271,
    274, 272, 274, 273, 274, 273, 271, 272, 271, 272, 271, 274, 270, 271,
    271, 272, 270, 274, 273, 271, 271, 274, 273, 273, 270, 273, 273, 272,
    272, 272, 271, 271, 272, 271, 274, 272, 270, 270 ]
