%YAML:1.0
---
videoName: "LHShake03.mp4"
gestureLabel: 2
fps: 30
pixelSizeInCmTemp: 3.2808219178082193e-01
faceCenterPointX: 251
faceCenterPointY: 79
LHandPositionsX: [ 342, 348, 348, 353, 356, 358, 352, 347, 335, 328, 317,
    317, 317, 313, 313, 319, 326, 333, 337, 333, 338, 336, 332, 328, 325,
    325, 322, 320, 324, 332, 335, 343, 343, 341, 336, 324, 317, 312, 309,
    312, 314, 321, 325, 331, 334, 336, 330, 326, 326, 325, 325, 327, 334,
    336, 343, 343, 337, 335, 336, 337, 334, 327, 323, 316, 314, 311, 306,
    303, 302, 298, 296, 294, 294, 293, 295, 294, 292, 290, 292, 290, 292,
    292, 292, 290, 285, 288, 288, 288, 284, 284, 284 ]
LHandPositionsY: [ 143, 134, 125, 120, 112, 109, 104, 101, 99, 97, 105,
    104, 103, 98, 98, 95, 93, 87, 88, 86, 84, 86, 91, 89, 86, 87, 88, 90,
    87, 85, 84, 83, 79, 83, 85, 92, 94, 97, 97, 95, 91, 91, 91, 89, 86,
    86, 87, 85, 91, 93, 89, 91, 93, 89, 87, 87, 94, 93, 98, 101, 114,
    130, 144, 153, 166, 176, 186, 198, 208, 216, 224, 221, 224, 229, 233,
    234, 241, 245, 247, 247, 250, 248, 252, 250, 254, 255, 254, 254, 252,
    252, 251 ]
RHandPositionsX: [ 216, 213, 212, 215, 216, 214, 212, 214, 211, 214, 213,
    211, 213, 213, 215, 211, 212, 212, 212, 215, 213, 212, 213, 214, 214,
    211, 214, 215, 214, 211, 214, 211, 213, 213, 211, 212, 214, 211, 214,
    215, 211, 211, 212, 212, 214, 211, 215, 211, 213, 211, 214, 211, 215,
    212, 213, 213, 210, 213, 210, 213, 212, 212, 210, 213, 214, 210, 213,
    211, 214, 213, 213, 213, 212, 211, 211, 214, 211, 212, 214, 211, 212,
    212, 210, 213, 210, 212, 211, 211, 214, 213, 213 ]
RHandPositionsY: [ 259, 256, 256, 254, 256, 256, 254, 256, 254, 255, 255,
    255, 253, 252, 256, 256, 254, 252, 254, 255, 252, 252, 252, 252, 254,
    254, 255, 254, 251, 252, 252, 251, 252, 251, 251, 251, 251, 253, 251,
    252, 254, 255, 253, 253, 254, 253, 255, 254, 252, 251, 255, 251, 251,
    254, 254, 254, 255, 251, 254, 253, 252, 254, 253, 252, 254, 251, 255,
    254, 254, 253, 252, 253, 253, 253, 253, 251, 253, 252, 253, 252, 252,
    255, 252, 255, 251, 252, 251, 254, 254, 252, 254 ]
