%YAML:1.0
---
videoName: "LHShake03.mp4"
gestureLabel: 2
fps: 30
pixelSizeInCmTemp: 3.2808219178082193e-01
faceCenterPointX: 251
faceCenterPointY: 79
LHandPositionsX: [ 341, 348, 348, 356, 357, 356, 354, 350, 335, 325, 315,
    316, 316, 316, 316, 319, 326, 332, 334, 334, 342, 337, 335, 329, 325,
    325, 321, 324, 325, 329, 335, 341, 343, 341, 333, 320, 317, 315, 312,
    311, 315, 323, 327, 332, 333, 337, 331, 329, 323, 322, 326, 328, 330,
    337, 341, 343, 338, 335, 338, 335, 338, 326, 323, 320, 314, 314, 309,
    303, 303, 297, 297, 297, 296, 294, 293, 290, 290, 291, 293, 291, 289,
    289, 289, 290, 288, 286, 285, 287, 284, 286, 285 ]
LHandPositionsY: [ 139, 133, 125, 118, 112, 108, 104, 102, 97, 96, 106,
    104, 105, 98, 98, 92, 89, 89, 89, 89, 84, 88, 91, 90, 87, 89, 90, 91,
    86, 85, 85, 86, 81, 84, 83, 88, 93, 97, 94, 94, 90, 90, 92, 87, 86,
    89, 85, 85, 91, 91, 91, 92, 89, 87, 86, 90, 94, 95, 97, 101, 114,
    132, 141, 155, 164, 176, 184, 195, 208, 212, 222, 223, 225, 229, 234,
    237, 241, 243, 247, 250, 251, 248, 250, 253, 256, 253, 255, 251, 255,
    252, 251 ]
RHandPositionsX: [ 213, 212, 216, 213, 215, 212, 214, 213, 214, 212, 213,
    212, 211, 214, 212, 213, 213, 213, 214, 215, 212, 215, 214, 214, 213,
    213, 211, 214, 214, 213, 214, 213, 215, 213, 213, 215, 211, 215, 211,
    211, 211, 215, 215, 214, 211, 214, 215, 212, 215, 214, 211, 212, 212,
    211, 212, 213, 211, 213, 213, 210, 210, 210, 211, 213, 211, 210, 212,
    210, 211, 212, 211, 213, 212, 213, 213, 212, 213, 211, 212, 211, 213,
    213, 214, 213, 213, 214, 211, 213, 214, 210, 212 ]
RHandPositionsY: [ 259, 258, 256, 254, 256, 256, 256, 252, 252, 254, 255,
    254, 252, 253, 254, 255, 254, 254, 256, 253, 255, 254, 251, 255, 253,
    255, 253, 254, 254, 251, 252, 255, 252, 251, 254, 251, 251, 254, 252,
    251, 252, 253, 255, 252, 255, 252, 252, 252, 251, 251, 254, 255, 251,
    252, 253, 252, 255, 251, 251, 255, 252, 253, 255, 252, 252, 253, 252,
    255, 255, 255, 254, 252, 253, 254, 255, 251, 251, 254, 255, 253, 255,
    252, 255, 252, 255, 252, 254, 255, 251, 255, 253 ]
