%YAML:1.0
---
videoName: "LHShake20.mp4"
gestureLabel: 2
fps: 30
pixelSizeInCmTemp: 3.3732394366197183e-01
faceCenterPointX: 249
faceCenterPointY: 62
LHandPositionsX: [ 316, 316, 313, 315, 315, 313, 314, 312, 314, 319, 321,
    327, 334, 339, 341, 340, 329, 320, 313, 312, 312, 314, 315, 325, 338,
    339, 336, 337, 329, 321, 319, 316, 318, 322, 336, 339, 340, 339, 332,
    324, 323, 324, 321, 328, 335, 329, 327, 328, 326, 318, 321, 319, 322,
    324, 324, 327, 331, 328, 321, 318, 319, 317, 319, 318, 321, 320, 320,
    317, 319, 316, 314, 312, 312, 313, 316, 313, 312, 313, 312, 312, 313,
    314, 312, 315, 316, 315, 312, 316, 315, 316, 315 ]
LHandPositionsY: [ 250, 246, 250, 247, 249, 247, 246, 246, 234, 230, 218,
    201, 187, 178, 169, 165, 159, 160, 158, 160, 160, 155, 151, 147, 144,
    144, 146, 143, 141, 146, 147, 148, 145, 144, 142, 143, 139, 144, 142,
    145, 148, 145, 143, 145, 141, 143, 141, 142, 141, 145, 146, 150, 144,
    143, 141, 135, 134, 137, 137, 144, 142, 144, 147, 148, 147, 148, 158,
    167, 180, 191, 201, 216, 217, 217, 223, 227, 230, 232, 228, 229, 231,
    234, 232, 233, 236, 237, 235, 240, 237, 240, 238 ]
RHandPositionsX: [ 183, 182, 181, 179, 183, 180, 180, 180, 182, 180, 179,
    181, 183, 179, 182, 183, 182, 182, 180, 180, 182, 180, 183, 181, 180,
    181, 181, 183, 182, 182, 181, 181, 179, 182, 182, 180, 181, 179, 183,
    182, 181, 180, 179, 179, 181, 183, 179, 181, 179, 180, 183, 182, 179,
    179, 182, 181, 179, 183, 180, 183, 182, 181, 181, 182, 179, 183, 183,
    179, 183, 181, 180, 181, 181, 179, 181, 181, 178, 178, 178, 179, 182,
    180, 180, 182, 180, 179, 178, 181, 178, 178, 179 ]
RHandPositionsY: [ 255, 256, 255, 256, 254, 254, 257, 255, 254, 256, 256,
    253, 253, 254, 256, 255, 255, 256, 252, 255, 254, 256, 252, 253, 254,
    255, 256, 256, 253, 254, 254, 255, 251, 254, 251, 254, 255, 252, 252,
    251, 252, 252, 254, 253, 255, 254, 251, 253, 252, 253, 251, 254, 255,
    253, 254, 251, 253, 254, 254, 255, 252, 251, 255, 252, 254, 251, 253,
    253, 252, 251, 253, 251, 253, 255, 254, 255, 254, 252, 255, 255, 255,
    252, 253, 254, 253, 251, 255, 254, 255, 253, 251 ]
