%YAML:1.0
---
videoName: "LHShake19.mp4"
gestureLabel: 2
fps: 29
pixelSizeInCmTemp: 3.3732394366197183e-01
faceCenterPointX: 250
faceCenterPointY: 62
LHandPositionsX: [ 308, 307, 307, 306, 305, 308, 307, 305, 308, 306, 306,
    306, 308, 307, 309, 311, 311, 318, 321, 325, 327, 321, 310, 288, 287,
    290, 290, 300, 304, 315, 313, 312, 307, 297, 290, 289, 295, 303, 310,
    317, 316, 311, 304, 293, 292, 294, 297, 308, 312, 314, 311, 306, 295,
    294, 294, 302, 305, 315, 316, 317, 316, 311, 304, 303, 298, 291, 291,
    292, 295, 301, 302, 301, 303, 306, 307, 307, 307, 308, 307, 308, 309,
    309, 310, 309, 307, 311, 309, 308 ]
LHandPositionsY: [ 251, 249, 251, 252, 252, 249, 248, 248, 249, 249, 251,
    248, 251, 246, 245, 238, 226, 214, 203, 188, 179, 169, 164, 163, 155,
    154, 160, 157, 154, 152, 152, 154, 156, 152, 149, 145, 155, 155, 154,
    154, 151, 151, 158, 148, 145, 154, 155, 154, 153, 151, 153, 156, 148,
    144, 153, 157, 155, 151, 151, 151, 152, 155, 156, 162, 168, 173, 177,
    191, 199, 207, 218, 215, 218, 219, 225, 228, 229, 234, 234, 235, 234,
    235, 240, 237, 240, 239, 238, 241 ]
RHandPositionsX: [ 197, 196, 197, 195, 196, 198, 199, 195, 197, 199, 199,
    195, 199, 199, 198, 198, 198, 199, 196, 195, 195, 195, 196, 198, 198,
    198, 198, 197, 195, 196, 194, 195, 193, 194, 195, 193, 192, 195, 196,
    194, 192, 194, 191, 194, 192, 192, 194, 195, 195, 191, 194, 195, 192,
    192, 192, 194, 191, 192, 195, 193, 193, 192, 192, 195, 195, 191, 192,
    194, 194, 195, 191, 192, 193, 193, 194, 195, 194, 195, 192, 191, 195,
    192, 193, 193, 192, 195, 194, 191 ]
RHandPositionsY: [ 255, 258, 257, 254, 256, 254, 257, 254, 254, 258, 254,
    255, 255, 256, 257, 255, 257, 256, 255, 258, 258, 258, 257, 256, 254,
    256, 256, 258, 257, 258, 255, 256, 255, 255, 256, 255, 258, 257, 256,
    258, 258, 257, 254, 255, 258, 258, 256, 255, 257, 254, 258, 256, 255,
    255, 256, 254, 255, 254, 257, 254, 257, 254, 255, 258, 255, 254, 257,
    258, 257, 255, 255, 258, 256, 256, 258, 255, 257, 257, 257, 254, 256,
    255, 254, 256, 258, 256, 254, 254 ]
