%YAML:1.0
---
videoName: "LHShake12.mp4"
gestureLabel: 2
fps: 29
pixelSizeInCmTemp: 3.3263888888888887e-01
faceCenterPointX: 259
faceCenterPointY: 64
LHandPositionsX: [ 367, 355, 348, 346, 347, 344, 351, 363, 373, 381, 382,
    379, 377, 367, 354, 347, 349, 346, 349, 357, 364, 375, 378, 376, 378,
    371, 360, 351, 341, 340, 341, 341, 349, 360, 371, 372, 369, 375, 369,
    360, 348, 339, 342, 341, 345, 352, 364, 369, 366, 372, 366, 359, 349,
    341, 341, 340, 340, 346, 356, 367, 368, 369, 370, 363, 352, 344, 333,
    326, 321, 320, 314, 319, 319, 323, 329, 328, 330, 332, 334, 337, 333,
    336, 334, 334, 334, 333, 334, 337 ]
LHandPositionsY: [ 168, 163, 165, 163, 164, 160, 157, 154, 152, 151, 152,
    149, 153, 152, 155, 156, 157, 156, 156, 154, 149, 148, 145, 149, 146,
    143, 146, 147, 151, 155, 153, 152, 150, 149, 146, 146, 148, 144, 144,
    150, 153, 157, 154, 156, 153, 154, 151, 150, 149, 149, 149, 154, 154,
    158, 155, 158, 156, 153, 150, 146, 143, 146, 146, 147, 150, 151, 163,
    171, 177, 187, 195, 210, 224, 234, 246, 247, 248, 249, 252, 254, 255,
    256, 259, 258, 259, 259, 256, 259 ]
RHandPositionsX: [ 178, 174, 175, 176, 178, 178, 174, 175, 178, 176, 176,
    178, 178, 178, 174, 174, 178, 175, 178, 178, 178, 174, 176, 177, 177,
    175, 174, 174, 175, 175, 174, 178, 176, 177, 174, 175, 175, 175, 175,
    178, 177, 174, 176, 174, 174, 175, 175, 178, 174, 174, 175, 174, 176,
    177, 174, 175, 177, 175, 178, 178, 178, 174, 174, 178, 178, 177, 177,
    175, 176, 174, 176, 177, 177, 175, 175, 175, 175, 176, 176, 176, 176,
    178, 175, 174, 178, 177, 176, 177 ]
RHandPositionsY: [ 272, 272, 273, 274, 272, 275, 274, 273, 273, 272, 275,
    275, 272, 275, 274, 272, 272, 272, 272, 272, 271, 272, 272, 275, 273,
    271, 271, 271, 274, 274, 273, 273, 273, 274, 273, 272, 275, 275, 272,
    272, 272, 272, 272, 274, 274, 274, 273, 274, 275, 275, 275, 275, 273,
    271, 273, 275, 273, 272, 272, 275, 271, 275, 272, 274, 273, 272, 273,
    271, 275, 273, 272, 274, 274, 271, 273, 272, 271, 272, 275, 275, 275,
    273, 273, 274, 274, 273, 273, 275 ]
