%YAML:1.0
---
videoName: "LHShake22.mp4"
gestureLabel: 2
fps: 29
pixelSizeInCmTemp: 3.5220588235294115e-01
faceCenterPointX: 261
faceCenterPointY: 79
LHandPositionsX: [ 335, 345, 349, 355, 356, 358, 355, 353, 345, 339, 329,
    318, 318, 318, 317, 321, 329, 337, 345, 346, 344, 342, 336, 331, 322,
    324, 325, 325, 333, 337, 344, 343, 342, 337, 328, 320, 315, 316, 320,
    323, 329, 334, 337, 338, 336, 331, 327, 318, 322, 320, 322, 331, 337,
    342, 345, 344, 341, 335, 327, 320, 320, 316, 319, 324, 329, 336, 334,
    336, 334, 329, 330, 324, 319, 317, 322, 324, 322, 323, 328, 323, 327,
    323, 323, 325, 324, 324, 323, 327 ]
LHandPositionsY: [ 258, 255, 247, 239, 236, 218, 205, 204, 193, 188, 186,
    184, 186, 183, 181, 180, 179, 178, 175, 171, 172, 172, 173, 175, 176,
    179, 180, 177, 175, 172, 171, 174, 171, 170, 176, 180, 183, 181, 184,
    185, 178, 178, 177, 175, 176, 175, 176, 179, 179, 181, 181, 182, 179,
    174, 174, 174, 174, 175, 179, 183, 182, 181, 182, 180, 178, 179, 176,
    178, 185, 191, 194, 200, 212, 222, 228, 242, 241, 246, 246, 249, 248,
    247, 247, 250, 249, 247, 249, 247 ]
RHandPositionsX: [ 191, 189, 192, 193, 191, 192, 191, 192, 191, 192, 190,
    193, 193, 190, 190, 192, 189, 189, 190, 189, 189, 192, 191, 192, 190,
    192, 192, 191, 189, 190, 190, 190, 192, 191, 191, 190, 193, 193, 191,
    189, 189, 191, 193, 191, 191, 189, 193, 190, 193, 189, 190, 193, 193,
    190, 190, 191, 192, 190, 193, 193, 189, 191, 192, 191, 193, 190, 191,
    190, 189, 191, 190, 192, 191, 189, 189, 189, 190, 190, 189, 192, 193,
    189, 192, 189, 191, 189, 190, 190 ]
RHandPositionsY: [ 270, 268, 266, 270, 267, 270, 269, 269, 266, 268, 268,
    269, 267, 269, 267, 270, 268, 266, 266, 268, 268, 270, 269, 268, 268,
    268, 267, 270, 270, 269, 270, 266, 268, 269, 267, 268, 266, 266, 269,
    269, 267, 266, 269, 267, 268, 269, 270, 266, 270, 267, 267, 266, 270,
    270, 268, 270, 267, 266, 266, 267, 270, 267, 266, 269, 269, 266, 270,
    269, 266, 269, 266, 268, 270, 268, 270, 270, 267, 266, 268, 269, 269,
    267, 269, 270, 266, 270, 268, 266 ]
