%YAML:1.0
---
videoName: "LHShake21.mp4"
gestureLabel: 2
fps: 29
pixelSizeInCmTemp: 3.4214285714285714e-01
faceCenterPointX: 266
faceCenterPointY: 79
LHandPositionsX: [ 350, 353, 363, 372, 384, 392, 396, 406, 422, 416, 415,
    404, 391, 377, 374, 376, 372, 379, 387, 404, 401, 399, 394, 392, 387,
    371, 368, 371, 374, 372, 378, 392, 388, 384, 387, 382, 375, 371, 367,
    369, 368, 369, 374, 389, 389, 383, 399, 392, 383, 371, 366, 367, 364,
    370, 373, 378, 387, 386, 386, 387, 388, 379, 371, 367, 359, 352, 346,
    341, 335, 334, 335, 337, 332, 335, 332, 331, 330, 333, 332, 330, 332,
    333, 331, 334, 334, 332, 331, 332 ]
LHandPositionsY: [ 270, 264, 245, 228, 207, 193, 184, 167, 151, 150, 136,
    133, 131, 136, 131, 135, 131, 128, 127, 129, 128, 132, 129, 131, 137,
    130, 145, 143, 141, 137, 137, 130, 135, 133, 136, 135, 136, 146, 148,
    144, 147, 146, 141, 137, 140, 136, 138, 137, 143, 149, 152, 152, 151,
    154, 151, 144, 142, 140, 142, 149, 155, 158, 169, 178, 190, 204, 214,
    228, 238, 237, 240, 245, 251, 250, 249, 252, 250, 254, 252, 251, 252,
    251, 251, 252, 250, 250, 253, 252 ]
RHandPositionsX: [ 186, 188, 187, 187, 187, 185, 186, 187, 185, 187, 185,
    187, 185, 188, 188, 186, 186, 188, 185, 188, 187, 187, 186, 187, 187,
    184, 185, 184, 184, 184, 187, 187, 185, 185, 187, 184, 184, 184, 187,
    185, 188, 185, 188, 186, 186, 184, 186, 188, 184, 185, 185, 188, 185,
    188, 186, 188, 187, 188, 184, 187, 185, 187, 187, 185, 186, 185, 186,
    185, 188, 188, 187, 188, 187, 184, 187, 187, 186, 186, 184, 184, 187,
    184, 186, 186, 186, 184, 187, 185 ]
RHandPositionsY: [ 269, 268, 267, 265, 265, 269, 266, 268, 265, 267, 267,
    269, 266, 265, 267, 268, 266, 267, 266, 269, 269, 269, 265, 265, 266,
    268, 266, 268, 268, 268, 268, 267, 269, 266, 265, 267, 266, 267, 266,
    266, 268, 267, 269, 269, 266, 266, 268, 268, 268, 266, 267, 266, 268,
    266, 266, 268, 266, 267, 265, 268, 269, 269, 267, 265, 265, 266, 267,
    266, 267, 267, 265, 267, 269, 269, 266, 267, 268, 265, 269, 265, 268,
    265, 266, 265, 265, 266, 267, 268 ]
