%YAML:1.0
---
videoName: "LHShake07.mp4"
gestureLabel: 2
fps: 29
pixelSizeInCmTemp: 3.3732394366197183e-01
faceCenterPointX: 265
faceCenterPointY: 78
LHandPositionsX: [ 345, 348, 351, 356, 361, 368, 376, 387, 390, 393, 392,
    393, 386, 376, 354, 349, 339, 342, 340, 343, 351, 363, 367, 365, 364,
    364, 361, 345, 341, 345, 345, 348, 354, 358, 366, 369, 368, 363, 361,
    353, 345, 345, 346, 350, 356, 361, 360, 361, 365, 359, 339, 330, 335,
    335, 341, 354, 367, 375, 373, 378, 373, 363, 355, 348, 343, 336, 334,
    335, 337, 338, 340, 343, 342, 344, 340, 344, 345, 345, 341, 340, 344,
    341, 340, 342, 344, 340, 340, 341 ]
LHandPositionsY: [ 277, 275, 271, 268, 256, 246, 235, 220, 203, 192, 178,
    162, 152, 140, 142, 139, 146, 147, 148, 146, 144, 139, 134, 139, 135,
    138, 136, 136, 143, 142, 140, 131, 133, 131, 125, 124, 130, 132, 133,
    133, 142, 142, 146, 142, 137, 139, 139, 139, 128, 129, 136, 149, 142,
    136, 131, 133, 130, 135, 134, 129, 134, 135, 145, 154, 167, 178, 190,
    205, 219, 230, 243, 253, 254, 256, 259, 260, 260, 267, 265, 267, 266,
    268, 265, 269, 267, 266, 270, 267 ]
RHandPositionsX: [ 183, 183, 181, 181, 181, 184, 181, 181, 185, 185, 182,
    185, 182, 181, 181, 185, 185, 183, 185, 185, 184, 184, 185, 185, 184,
    184, 181, 182, 184, 184, 181, 183, 185, 184, 184, 185, 185, 181, 184,
    183, 181, 182, 185, 181, 181, 183, 181, 181, 183, 181, 182, 182, 181,
    182, 184, 183, 181, 184, 184, 182, 184, 183, 183, 184, 181, 182, 185,
    181, 184, 184, 184, 182, 184, 182, 181, 184, 184, 185, 183, 181, 181,
    181, 184, 185, 185, 182, 183, 185 ]
RHandPositionsY: [ 276, 276, 279, 279, 276, 278, 280, 276, 278, 277, 278,
    280, 276, 278, 277, 280, 280, 279, 280, 278, 278, 277, 279, 278, 280,
    277, 280, 277, 277, 279, 277, 280, 280, 277, 278, 278, 277, 277, 278,
    276, 277, 280, 279, 280, 278, 277, 279, 279, 277, 278, 279, 279, 280,
    277, 280, 278, 280, 280, 278, 279, 279, 278, 278, 279, 280, 278, 280,
    277, 280, 279, 280, 279, 280, 276, 277, 279, 278, 277, 279, 279, 276,
    278, 279, 278, 279, 279, 280, 277 ]
