%YAML:1.0
---
videoName: "LHShake10.mp4"
gestureLabel: 2
fps: 29
pixelSizeInCmTemp: 3.4214285714285714e-01
faceCenterPointX: 253
faceCenterPointY: 65
LHandPositionsX: [ 336, 334, 338, 336, 337, 336, 345, 346, 351, 357, 367,
    375, 383, 389, 395, 396, 395, 383, 374, 366, 355, 350, 352, 351, 358,
    368, 382, 389, 391, 390, 392, 385, 377, 365, 355, 356, 360, 364, 367,
    371, 371, 372, 373, 370, 366, 363, 355, 347, 344, 343, 345, 354, 362,
    370, 383, 382, 379, 376, 367, 355, 352, 351, 351, 350, 355, 362, 375,
    380, 377, 377, 375, 375, 366, 363, 354, 351, 344, 344, 337, 335, 336,
    336, 335, 337, 333, 337, 333, 335 ]
LHandPositionsY: [ 272, 272, 269, 268, 271, 268, 266, 263, 250, 237, 226,
    207, 195, 180, 168, 156, 142, 137, 133, 141, 144, 149, 145, 150, 147,
    149, 136, 141, 143, 140, 142, 143, 146, 150, 148, 148, 149, 149, 136,
    131, 132, 134, 134, 133, 129, 132, 137, 145, 141, 142, 142, 144, 140,
    140, 140, 143, 143, 146, 143, 149, 153, 150, 153, 149, 152, 150, 148,
    146, 145, 147, 148, 154, 158, 164, 172, 183, 195, 209, 222, 234, 245,
    255, 253, 256, 256, 258, 258, 259 ]
RHandPositionsX: [ 172, 175, 173, 173, 175, 176, 174, 172, 173, 175, 175,
    175, 173, 174, 173, 172, 175, 172, 172, 171, 171, 173, 171, 173, 173,
    172, 173, 172, 175, 174, 175, 172, 171, 175, 172, 173, 171, 171, 174,
    172, 171, 173, 172, 175, 173, 171, 175, 175, 173, 174, 171, 175, 174,
    171, 171, 173, 173, 173, 173, 172, 173, 173, 171, 173, 174, 171, 175,
    173, 172, 171, 173, 172, 175, 171, 173, 175, 173, 173, 173, 174, 171,
    173, 172, 175, 172, 171, 172, 173 ]
RHandPositionsY: [ 277, 275, 278, 278, 277, 275, 275, 274, 274, 275, 278,
    278, 276, 274, 274, 275, 277, 276, 274, 276, 277, 277, 277, 276, 275,
    274, 278, 278, 276, 274, 276, 277, 277, 274, 278, 275, 278, 277, 274,
    278, 275, 274, 277, 276, 276, 277, 275, 276, 276, 275, 275, 278, 274,
    277, 277, 278, 275, 275, 274, 275, 276, 275, 277, 276, 275, 276, 275,
    276, 276, 277, 277, 278, 278, 278, 274, 274, 278, 275, 278, 276, 276,
    275, 274, 275, 278, 278, 275, 278 ]
