%YAML:1.0
---
videoName: "LHShake07.mp4"
gestureLabel: 2
fps: 29
pixelSizeInCmTemp: 3.3732394366197183e-01
faceCenterPointX: 265
faceCenterPointY: 78
LHandPositionsX: [ 349, 347, 351, 358, 364, 368, 376, 387, 388, 391, 396,
    394, 384, 377, 356, 349, 342, 345, 339, 340, 351, 364, 370, 365, 365,
    362, 363, 341, 343, 344, 344, 345, 356, 359, 367, 368, 368, 361, 359,
    350, 343, 345, 346, 350, 355, 362, 360, 359, 365, 360, 338, 330, 331,
    334, 344, 354, 365, 373, 373, 381, 372, 363, 354, 348, 342, 336, 335,
    333, 333, 337, 338, 342, 344, 341, 340, 342, 342, 341, 340, 341, 341,
    344, 343, 342, 342, 344, 340, 340 ]
LHandPositionsY: [ 280, 275, 271, 266, 257, 250, 236, 217, 205, 190, 175,
    163, 151, 140, 141, 139, 149, 145, 147, 147, 143, 137, 135, 138, 138,
    135, 135, 138, 145, 144, 139, 130, 129, 135, 128, 125, 129, 133, 132,
    135, 145, 143, 145, 140, 139, 137, 139, 136, 128, 128, 134, 152, 143,
    138, 134, 130, 131, 133, 130, 126, 134, 138, 148, 155, 169, 178, 192,
    206, 219, 232, 243, 252, 253, 256, 257, 260, 262, 264, 263, 267, 264,
    266, 265, 269, 267, 268, 267, 267 ]
RHandPositionsX: [ 185, 182, 181, 183, 184, 185, 182, 181, 182, 184, 183,
    181, 182, 181, 181, 181, 183, 183, 181, 185, 183, 183, 185, 181, 182,
    185, 183, 181, 185, 185, 181, 185, 184, 182, 183, 183, 183, 183, 185,
    183, 185, 182, 183, 183, 181, 184, 181, 182, 185, 181, 182, 184, 183,
    182, 182, 184, 184, 185, 181, 184, 184, 181, 183, 185, 183, 184, 183,
    183, 185, 181, 182, 183, 182, 182, 184, 182, 182, 181, 184, 184, 183,
    184, 184, 185, 181, 183, 181, 185 ]
RHandPositionsY: [ 277, 279, 277, 279, 280, 276, 277, 277, 276, 280, 278,
    277, 279, 277, 276, 276, 277, 279, 278, 279, 276, 280, 277, 279, 277,
    279, 277, 279, 279, 278, 280, 278, 278, 280, 279, 279, 280, 277, 280,
    277, 279, 276, 279, 276, 280, 277, 278, 279, 279, 276, 276, 276, 277,
    276, 276, 276, 277, 278, 279, 276, 280, 276, 279, 279, 280, 278, 276,
    277, 277, 279, 279, 279, 279, 277, 276, 280, 276, 276, 277, 277, 279,
    280, 278, 279, 279, 277, 276, 277 ]
