%YAML:1.0
---
videoName: "LHShake13.mp4"
gestureLabel: 2
fps: 29
pixelSizeInCmTemp: 3.4214285714285714e-01
faceCenterPointX: 257
faceCenterPointY: 76
LHandPositionsX: [ 324, 324, 325, 323, 324, 327, 323, 327, 325, 329, 328,
    334, 344, 350, 359, 373, 378, 387, 391, 390, 386, 373, 363, 349, 343,
    346, 340, 344, 348, 357, 374, 367, 364, 365, 354, 348, 341, 342, 342,
    348, 361, 370, 368, 366, 359, 347, 342, 348, 342, 349, 355, 365, 365,
    364, 364, 353, 347, 346, 346, 344, 346, 358, 366, 370, 368, 361, 361,
    356, 346, 339, 332, 328, 325, 326, 325, 327, 326, 328, 327, 327, 325,
    325, 324, 327, 328, 328, 326, 327 ]
LHandPositionsY: [ 261, 259, 260, 260, 263, 263, 262, 259, 260, 259, 257,
    249, 237, 225, 209, 198, 187, 176, 163, 156, 151, 149, 151, 153, 159,
    156, 159, 157, 155, 145, 142, 140, 141, 145, 148, 154, 157, 156, 158,
    158, 154, 156, 156, 155, 157, 157, 165, 161, 160, 161, 158, 159, 155,
    158, 156, 161, 165, 163, 163, 163, 158, 160, 155, 153, 150, 146, 148,
    151, 158, 164, 169, 182, 191, 206, 222, 235, 245, 248, 246, 244, 247,
    246, 249, 248, 249, 249, 246, 250 ]
RHandPositionsX: [ 185, 185, 183, 183, 183, 184, 185, 181, 183, 183, 184,
    182, 185, 182, 185, 181, 184, 183, 183, 184, 183, 183, 183, 183, 184,
    184, 184, 185, 183, 185, 181, 185, 183, 185, 184, 185, 185, 185, 185,
    181, 181, 181, 185, 183, 181, 182, 181, 185, 185, 184, 185, 181, 181,
    185, 184, 182, 182, 185, 185, 182, 181, 182, 182, 185, 184, 184, 183,
    182, 182, 184, 185, 184, 182, 182, 184, 183, 182, 184, 181, 181, 181,
    181, 185, 182, 182, 182, 183, 185 ]
RHandPositionsY: [ 271, 268, 270, 268, 269, 268, 271, 267, 271, 271, 271,
    271, 268, 271, 270, 268, 269, 269, 271, 270, 268, 271, 271, 270, 268,
    267, 269, 267, 269, 270, 270, 271, 271, 268, 269, 269, 271, 270, 267,
    267, 271, 271, 269, 270, 267, 271, 270, 268, 269, 268, 269, 269, 267,
    269, 269, 268, 271, 269, 268, 271, 271, 269, 267, 268, 270, 269, 269,
    267, 268, 271, 271, 268, 269, 271, 267, 271, 267, 268, 271, 271, 269,
    267, 270, 270, 267, 271, 267, 271 ]
