%YAML:1.0
---
videoName: "LHShake23.mp4"
gestureLabel: 2
fps: 30
pixelSizeInCmTemp: 3.3263888888888887e-01
faceCenterPointX: 259
faceCenterPointY: 79
LHandPositionsX: [ 332, 330, 332, 330, 331, 331, 331, 332, 330, 333, 334,
    336, 341, 346, 346, 358, 370, 369, 374, 375, 380, 380, 377, 366, 356,
    351, 351, 350, 354, 363, 369, 381, 383, 384, 384, 377, 370, 360, 360,
    360, 360, 370, 376, 382, 381, 380, 381, 372, 361, 357, 356, 352, 355,
    364, 372, 383, 382, 379, 381, 375, 365, 358, 359, 356, 355, 365, 371,
    378, 377, 377, 378, 374, 367, 362, 355, 353, 347, 343, 340, 339, 338,
    337, 337, 338, 337, 336, 338, 337, 336, 333, 333 ]
LHandPositionsY: [ 263, 264, 262, 263, 266, 263, 262, 263, 264, 260, 260,
    254, 241, 231, 230, 211, 201, 195, 193, 186, 180, 173, 168, 165, 166,
    171, 170, 169, 169, 165, 162, 163, 160, 161, 160, 159, 164, 165, 162,
    166, 164, 163, 160, 158, 158, 157, 157, 157, 161, 166, 162, 165, 167,
    167, 163, 165, 165, 164, 161, 165, 168, 170, 167, 168, 170, 169, 167,
    167, 166, 169, 169, 171, 174, 182, 195, 201, 215, 225, 238, 249, 250,
    251, 250, 250, 253, 256, 253, 253, 256, 253, 254 ]
RHandPositionsX: [ 183, 183, 183, 183, 186, 185, 185, 186, 184, 182, 184,
    182, 186, 184, 182, 184, 184, 184, 183, 185, 182, 186, 182, 186, 184,
    184, 185, 183, 184, 186, 182, 184, 183, 182, 185, 182, 185, 186, 184,
    184, 182, 182, 185, 183, 186, 183, 182, 186, 183, 184, 186, 183, 185,
    185, 182, 183, 185, 186, 182, 182, 183, 184, 184, 184, 185, 182, 185,
    184, 184, 182, 186, 183, 186, 184, 186, 186, 182, 183, 182, 184, 182,
    184, 182, 185, 182, 182, 184, 186, 185, 186, 184 ]
RHandPositionsY: [ 274, 270, 271, 271, 274, 273, 273, 270, 270, 274, 272,
    274, 274, 271, 272, 270, 271, 273, 270, 272, 274, 272, 270, 273, 272,
    273, 273, 274, 273, 271, 274, 271, 272, 273, 272, 270, 273, 271, 274,
    270, 270, 274, 271, 270, 271, 270, 272, 273, 273, 272, 274, 270, 273,
    273, 272, 270, 272, 271, 271, 273, 273, 274, 274, 274, 274, 270, 271,
    273, 273, 274, 271, 272, 273, 274, 272, 274, 273, 272, 271, 272, 271,
    270, 272, 274, 274, 274, 273, 271, 271, 272, 272 ]
