%YAML:1.0
---
videoName: "LHShake05.mp4"
gestureLabel: 2
fps: 30
pixelSizeInCmTemp: 3.2364864864864862e-01
faceCenterPointX: 252
faceCenterPointY: 81
LHandPositionsX: [ 291, 291, 292, 295, 294, 294, 295, 295, 293, 291, 294,
    297, 305, 313, 320, 334, 343, 341, 343, 339, 338, 335, 332, 328, 332,
    330, 333, 338, 341, 343, 342, 339, 332, 325, 326, 326, 327, 332, 335,
    337, 339, 332, 322, 320, 321, 325, 327, 332, 337, 338, 334, 330, 325,
    323, 326, 325, 330, 336, 341, 336, 333, 329, 329, 331, 332, 334, 341,
    338, 342, 338, 332, 324, 322, 316, 313, 305, 302, 302, 299, 294, 296,
    293, 295, 294, 292, 291, 295, 293, 295, 292, 294 ]
LHandPositionsY: [ 270, 270, 269, 270, 268, 266, 266, 264, 265, 255, 243,
    227, 213, 198, 184, 176, 167, 160, 160, 155, 151, 152, 155, 154, 156,
    152, 147, 146, 142, 136, 136, 136, 146, 148, 143, 149, 145, 139, 137,
    136, 132, 138, 142, 142, 144, 142, 138, 138, 135, 129, 137, 139, 140,
    143, 144, 143, 142, 140, 138, 139, 142, 144, 142, 141, 144, 141, 141,
    140, 135, 141, 140, 151, 161, 170, 180, 187, 200, 210, 219, 230, 234,
    234, 238, 242, 247, 251, 253, 250, 254, 257, 261 ]
RHandPositionsX: [ 210, 210, 212, 210, 210, 210, 214, 213, 213, 214, 214,
    213, 209, 213, 211, 212, 211, 210, 210, 209, 212, 210, 212, 212, 209,
    211, 207, 207, 208, 210, 207, 209, 209, 209, 208, 209, 206, 206, 208,
    208, 209, 206, 209, 206, 210, 206, 207, 208, 209, 210, 207, 208, 206,
    210, 209, 209, 207, 210, 206, 210, 206, 210, 210, 207, 210, 209, 210,
    207, 210, 209, 210, 209, 209, 210, 207, 208, 210, 206, 207, 210, 207,
    208, 209, 210, 210, 207, 210, 212, 210, 210, 209 ]
RHandPositionsY: [ 266, 262, 266, 263, 263, 262, 262, 263, 262, 263, 263,
    262, 264, 263, 265, 265, 264, 262, 262, 265, 262, 265, 262, 263, 264,
    262, 262, 265, 262, 262, 265, 263, 262, 266, 262, 263, 265, 264, 263,
    262, 262, 262, 265, 263, 263, 262, 263, 262, 261, 263, 265, 265, 262,
    262, 261, 261, 264, 265, 263, 265, 264, 261, 262, 263, 263, 265, 261,
    265, 265, 262, 261, 265, 264, 263, 265, 262, 264, 261, 262, 263, 265,
    261, 262, 262, 262, 261, 265, 263, 261, 262, 263 ]
