%YAML:1.0
---
videoName: "LHShake23.mp4"
gestureLabel: 2
fps: 30
pixelSizeInCmTemp: 3.3263888888888887e-01
faceCenterPointX: 259
faceCenterPointY: 79
LHandPositionsX: [ 332, 334, 330, 332, 333, 333, 331, 334, 332, 332, 333,
    337, 338, 348, 346, 358, 368, 371, 375, 378, 379, 381, 375, 369, 355,
    349, 353, 352, 353, 362, 371, 380, 383, 383, 382, 377, 371, 363, 359,
    360, 362, 368, 377, 383, 382, 381, 380, 374, 362, 354, 355, 352, 357,
    364, 374, 380, 380, 380, 379, 374, 365, 357, 359, 358, 358, 364, 375,
    377, 377, 377, 379, 376, 370, 361, 356, 353, 345, 345, 340, 341, 338,
    338, 339, 335, 335, 335, 335, 338, 338, 333, 333 ]
LHandPositionsY: [ 263, 266, 265, 265, 265, 265, 266, 264, 264, 263, 261,
    252, 242, 233, 230, 212, 202, 195, 191, 187, 183, 170, 166, 166, 168,
    167, 169, 168, 170, 165, 162, 163, 157, 157, 161, 162, 162, 163, 162,
    166, 166, 164, 163, 160, 157, 159, 158, 161, 161, 163, 164, 166, 168,
    168, 166, 164, 166, 166, 165, 162, 166, 167, 170, 167, 171, 170, 168,
    167, 166, 165, 167, 174, 177, 182, 195, 204, 212, 229, 241, 250, 248,
    251, 253, 250, 254, 254, 253, 255, 253, 255, 253 ]
RHandPositionsX: [ 186, 186, 183, 184, 184, 184, 182, 184, 184, 186, 184,
    185, 185, 185, 182, 183, 185, 184, 186, 182, 184, 185, 186, 184, 183,
    183, 182, 185, 185, 182, 183, 185, 184, 182, 184, 182, 184, 185, 184,
    183, 185, 185, 182, 182, 186, 186, 185, 186, 186, 182, 184, 186, 183,
    186, 186, 184, 184, 186, 185, 186, 186, 184, 184, 182, 185, 184, 183,
    185, 184, 186, 186, 184, 186, 184, 185, 186, 186, 185, 186, 182, 183,
    185, 183, 185, 183, 183, 185, 186, 182, 185, 184 ]
RHandPositionsY: [ 272, 271, 274, 274, 271, 270, 272, 270, 273, 273, 271,
    274, 272, 271, 270, 273, 274, 271, 272, 274, 274, 271, 272, 271, 274,
    271, 271, 270, 273, 272, 271, 271, 270, 274, 270, 271, 271, 271, 274,
    270, 270, 274, 273, 273, 273, 270, 272, 274, 273, 272, 273, 274, 273,
    270, 270, 273, 270, 272, 273, 270, 270, 271, 274, 274, 273, 270, 271,
    271, 270, 270, 273, 271, 271, 272, 273, 271, 270, 271, 271, 271, 272,
    271, 273, 273, 270, 272, 274, 274, 270, 273, 270 ]
