%YAML:1.0
---
videoName: "LHShake09.mp4"
gestureLabel: 2
fps: 29
pixelSizeInCmTemp: 3.3263888888888887e-01
faceCenterPointX: 259
faceCenterPointY: 67
LHandPositionsX: [ 337, 337, 337, 340, 339, 347, 348, 355, 352, 359, 358,
    366, 368, 367, 368, 366, 360, 351, 342, 330, 334, 334, 329, 332, 335,
    345, 347, 350, 346, 348, 353, 349, 340, 338, 335, 336, 339, 344, 354,
    360, 366, 362, 368, 363, 355, 347, 338, 337, 338, 333, 338, 345, 355,
    356, 354, 356, 353, 349, 343, 335, 335, 334, 336, 335, 342, 347, 353,
    352, 356, 352, 351, 342, 337, 329, 325, 321, 320, 319, 322, 324, 327,
    329, 330, 330, 335, 332, 334, 335 ]
LHandPositionsY: [ 272, 275, 272, 275, 275, 270, 264, 256, 249, 236, 232,
    215, 200, 196, 183, 173, 169, 162, 157, 156, 157, 156, 157, 156, 150,
    151, 148, 147, 149, 147, 151, 150, 153, 156, 153, 155, 153, 156, 155,
    155, 151, 153, 153, 153, 153, 154, 156, 155, 156, 153, 153, 153, 155,
    150, 153, 151, 152, 150, 153, 151, 151, 152, 153, 151, 154, 153, 150,
    148, 148, 150, 149, 156, 161, 172, 179, 193, 207, 221, 232, 242, 243,
    249, 253, 253, 257, 260, 261, 258 ]
RHandPositionsX: [ 179, 177, 179, 177, 176, 180, 178, 180, 178, 180, 178,
    179, 176, 178, 179, 177, 180, 178, 178, 176, 176, 177, 179, 176, 180,
    176, 176, 178, 178, 179, 180, 178, 177, 180, 179, 177, 180, 178, 177,
    177, 176, 176, 178, 177, 180, 176, 180, 176, 177, 176, 178, 179, 179,
    178, 177, 180, 179, 178, 178, 177, 176, 179, 179, 179, 179, 180, 178,
    177, 177, 179, 180, 176, 180, 179, 180, 176, 180, 180, 180, 179, 176,
    177, 178, 180, 178, 178, 177, 176 ]
RHandPositionsY: [ 278, 279, 279, 279, 277, 276, 277, 276, 277, 276, 279,
    277, 279, 276, 277, 276, 279, 277, 279, 278, 278, 276, 276, 278, 276,
    275, 276, 276, 275, 278, 278, 279, 278, 277, 279, 275, 279, 279, 277,
    275, 275, 279, 277, 275, 279, 275, 277, 277, 279, 275, 276, 276, 277,
    278, 279, 277, 278, 279, 277, 278, 276, 278, 277, 279, 279, 276, 279,
    279, 275, 277, 277, 277, 277, 279, 276, 278, 275, 276, 278, 279, 275,
    277, 278, 278, 275, 275, 276, 279 ]
