%YAML:1.0
---
videoName: "LHShake23.mp4"
gestureLabel: 2
fps: 30
pixelSizeInCmTemp: 3.3263888888888887e-01
faceCenterPointX: 259
faceCenterPointY: 79
LHandPositionsX: [ 334, 331, 333, 331, 333, 330, 330, 330, 334, 334, 332,
    333, 338, 348, 346, 361, 371, 371, 376, 378, 381, 379, 377, 369, 356,
    350, 352, 352, 356, 360, 372, 380, 383, 384, 385, 378, 372, 361, 359,
    359, 364, 368, 377, 386, 385, 380, 380, 374, 364, 354, 357, 352, 354,
    363, 375, 383, 380, 379, 379, 376, 365, 358, 356, 359, 356, 365, 373,
    379, 380, 380, 378, 373, 367, 361, 355, 350, 347, 343, 341, 340, 340,
    337, 336, 336, 339, 335, 338, 334, 338, 337, 335 ]
LHandPositionsY: [ 263, 264, 266, 263, 265, 263, 262, 262, 263, 264, 257,
    250, 242, 230, 228, 213, 200, 198, 193, 187, 182, 173, 167, 165, 166,
    171, 170, 171, 168, 166, 161, 159, 158, 159, 160, 162, 161, 162, 164,
    162, 167, 164, 164, 159, 160, 161, 158, 158, 162, 162, 164, 168, 165,
    166, 164, 162, 162, 166, 162, 161, 165, 168, 167, 166, 169, 171, 167,
    167, 168, 169, 170, 171, 178, 182, 193, 200, 211, 228, 240, 251, 250,
    249, 249, 252, 254, 253, 253, 252, 252, 252, 253 ]
RHandPositionsX: [ 185, 183, 183, 184, 186, 182, 182, 183, 185, 185, 183,
    182, 186, 182, 186, 184, 185, 183, 183, 184, 186, 182, 185, 186, 183,
    184, 186, 184, 185, 183, 186, 182, 183, 184, 183, 182, 183, 183, 186,
    185, 182, 186, 186, 183, 186, 182, 186, 186, 184, 182, 185, 182, 186,
    186, 186, 186, 183, 182, 185, 182, 182, 185, 184, 184, 185, 185, 186,
    186, 186, 185, 185, 186, 183, 182, 183, 182, 186, 182, 182, 186, 186,
    182, 185, 186, 183, 182, 183, 183, 186, 183, 184 ]
RHandPositionsY: [ 273, 270, 270, 273, 274, 272, 273, 271, 274, 271, 272,
    270, 272, 273, 271, 274, 271, 271, 274, 271, 272, 270, 270, 274, 271,
    273, 273, 272, 274, 270, 270, 272, 271, 270, 270, 273, 274, 271, 270,
    273, 273, 273, 271, 272, 272, 270, 272, 271, 271, 271, 271, 273, 272,
    274, 272, 273, 271, 272, 271, 273, 274, 271, 274, 271, 270, 270, 273,
    270, 274, 273, 273, 271, 273, 270, 272, 270, 270, 274, 273, 272, 271,
    270, 274, 274, 271, 270, 270, 274, 272, 270, 273 ]
