%YAML:1.0
---
videoName: "LHShake04.mp4"
gestureLabel: 2
fps: 30
pixelSizeInCmTemp: 3.2808219178082193e-01
faceCenterPointX: 247
faceCenterPointY: 80
LHandPositionsX: [ 282, 282, 282, 284, 282, 280, 283, 281, 280, 279, 282,
    282, 281, 281, 279, 284, 288, 298, 308, 322, 334, 349, 361, 369, 371,
    365, 364, 356, 349, 342, 338, 333, 335, 340, 346, 365, 366, 366, 358,
    344, 340, 342, 343, 344, 350, 355, 358, 354, 351, 345, 342, 344, 346,
    349, 354, 354, 354, 350, 343, 349, 344, 350, 352, 360, 364, 367, 363,
    361, 356, 344, 333, 322, 312, 303, 299, 293, 290, 287, 291, 288, 286,
    287, 288, 290, 290, 287, 289, 290, 288, 289, 289 ]
LHandPositionsY: [ 270, 270, 268, 268, 271, 269, 269, 271, 271, 272, 270,
    270, 272, 269, 271, 267, 263, 255, 242, 228, 218, 204, 189, 176, 164,
    158, 155, 152, 135, 133, 133, 131, 129, 121, 114, 110, 109, 110, 114,
    119, 130, 126, 123, 126, 119, 119, 115, 111, 121, 121, 121, 120, 121,
    116, 115, 112, 109, 109, 114, 116, 114, 111, 107, 109, 106, 105, 105,
    113, 128, 144, 156, 170, 184, 202, 213, 224, 233, 241, 243, 247, 249,
    249, 250, 248, 250, 249, 253, 251, 253, 253, 252 ]
RHandPositionsX: [ 218, 218, 217, 218, 214, 214, 214, 218, 216, 217, 216,
    216, 218, 218, 216, 214, 215, 216, 217, 218, 218, 214, 218, 215, 217,
    215, 214, 218, 217, 214, 217, 217, 217, 215, 216, 216, 218, 214, 217,
    216, 216, 218, 215, 215, 217, 214, 214, 214, 217, 216, 216, 217, 214,
    214, 215, 214, 218, 218, 215, 217, 214, 217, 218, 218, 214, 215, 217,
    215, 218, 217, 218, 214, 214, 215, 216, 214, 216, 214, 215, 216, 216,
    214, 217, 215, 214, 214, 217, 218, 217, 216, 218 ]
RHandPositionsY: [ 267, 266, 268, 266, 270, 270, 269, 269, 267, 266, 268,
    269, 267, 267, 266, 268, 268, 268, 268, 268, 264, 264, 264, 266, 265,
    267, 263, 265, 266, 265, 265, 266, 263, 264, 262, 264, 263, 265, 265,
    265, 263, 262, 264, 263, 264, 266, 265, 264, 262, 264, 263, 265, 262,
    261, 264, 264, 263, 265, 263, 264, 262, 262, 264, 264, 264, 265, 264,
    262, 265, 261, 261, 263, 263, 265, 261, 265, 265, 261, 262, 262, 263,
    263, 265, 265, 264, 265, 262, 261, 264, 265, 264 ]
