%YAML:1.0
---
videoName: "LHShake15.mp4"
gestureLabel: 2
fps: 29
pixelSizeInCmTemp: 3.3263888888888887e-01
faceCenterPointX: 252
faceCenterPointY: 65
LHandPositionsX: [ 327, 329, 328, 330, 330, 328, 330, 329, 334, 330, 335,
    342, 347, 354, 357, 365, 370, 371, 378, 384, 380, 377, 365, 359, 348,
    343, 341, 341, 348, 352, 359, 359, 361, 363, 359, 346, 330, 332, 329,
    337, 344, 352, 355, 351, 349, 353, 350, 334, 328, 331, 328, 339, 353,
    355, 353, 350, 358, 357, 343, 336, 332, 330, 335, 342, 345, 352, 350,
    349, 348, 349, 342, 334, 328, 324, 324, 319, 322, 322, 326, 327, 326,
    328, 328, 325, 324, 324, 326, 324 ]
LHandPositionsY: [ 257, 254, 257, 255, 256, 255, 254, 255, 253, 251, 241,
    229, 217, 201, 187, 170, 153, 135, 122, 121, 115, 107, 101, 103, 105,
    105, 101, 98, 100, 97, 94, 96, 97, 95, 93, 98, 100, 101, 98, 96, 96,
    93, 98, 96, 97, 100, 102, 102, 103, 102, 99, 94, 93, 97, 97, 98, 95,
    101, 102, 101, 100, 99, 97, 99, 101, 103, 99, 99, 103, 100, 105, 121,
    135, 153, 167, 180, 193, 205, 220, 229, 233, 236, 241, 241, 242, 241,
    239, 242 ]
RHandPositionsX: [ 176, 177, 178, 179, 179, 177, 176, 175, 175, 175, 178,
    177, 177, 179, 175, 176, 177, 175, 179, 177, 177, 179, 178, 175, 177,
    176, 179, 178, 176, 178, 177, 178, 179, 179, 177, 175, 176, 175, 179,
    175, 178, 179, 178, 175, 178, 176, 176, 177, 176, 179, 177, 179, 176,
    175, 176, 177, 175, 175, 179, 179, 179, 179, 179, 176, 178, 176, 175,
    177, 178, 177, 175, 176, 179, 175, 177, 177, 177, 175, 177, 177, 178,
    175, 178, 176, 175, 175, 177, 175 ]
RHandPositionsY: [ 261, 261, 260, 261, 261, 259, 258, 259, 259, 259, 258,
    261, 261, 257, 259, 259, 257, 258, 257, 257, 260, 258, 259, 260, 258,
    258, 258, 259, 257, 257, 260, 259, 258, 259, 258, 259, 260, 260, 259,
    258, 260, 257, 259, 257, 259, 259, 260, 257, 257, 259, 259, 261, 258,
    258, 257, 258, 261, 257, 261, 258, 259, 257, 259, 259, 257, 258, 261,
    257, 261, 260, 257, 257, 257, 257, 261, 257, 259, 260, 259, 257, 260,
    259, 260, 259, 261, 259, 259, 260 ]
