%YAML:1.0
---
videoName: "LHShake21.mp4"
gestureLabel: 2
fps: 29
pixelSizeInCmTemp: 3.4214285714285714e-01
faceCenterPointX: 266
faceCenterPointY: 79
LHandPositionsX: [ 351, 353, 367, 373, 383, 396, 397, 404, 421, 413, 416,
    403, 387, 376, 372, 377, 374, 375, 386, 403, 400, 397, 398, 394, 383,
    371, 371, 374, 374, 373, 376, 394, 391, 384, 384, 382, 374, 370, 368,
    367, 366, 368, 374, 387, 390, 387, 396, 393, 379, 374, 367, 366, 364,
    370, 374, 380, 384, 384, 386, 387, 388, 381, 374, 365, 359, 348, 344,
    339, 336, 338, 333, 333, 333, 335, 334, 333, 330, 330, 332, 331, 331,
    333, 332, 330, 333, 333, 334, 329 ]
LHandPositionsY: [ 273, 266, 247, 229, 207, 190, 184, 171, 152, 152, 138,
    134, 133, 135, 133, 133, 131, 128, 128, 127, 129, 129, 132, 131, 135,
    132, 141, 143, 143, 135, 137, 132, 133, 132, 132, 133, 138, 143, 146,
    144, 145, 146, 141, 138, 136, 140, 137, 137, 140, 151, 150, 155, 152,
    153, 149, 146, 142, 140, 141, 150, 153, 161, 168, 179, 188, 203, 216,
    226, 239, 237, 242, 244, 252, 251, 248, 251, 252, 254, 250, 250, 251,
    251, 250, 251, 254, 252, 252, 254 ]
RHandPositionsX: [ 184, 186, 184, 184, 187, 184, 185, 187, 186, 186, 185,
    187, 185, 184, 186, 185, 185, 184, 184, 188, 184, 186, 184, 187, 187,
    184, 187, 188, 187, 185, 188, 187, 188, 185, 188, 187, 186, 186, 187,
    185, 185, 184, 188, 184, 184, 186, 184, 187, 188, 185, 187, 186, 185,
    186, 184, 184, 185, 184, 184, 184, 187, 184, 184, 187, 188, 187, 187,
    185, 188, 186, 184, 187, 185, 185, 188, 186, 185, 184, 187, 184, 186,
    184, 187, 186, 185, 184, 188, 185 ]
RHandPositionsY: [ 268, 269, 265, 268, 267, 266, 269, 267, 269, 265, 266,
    269, 267, 269, 265, 266, 265, 269, 269, 265, 267, 265, 266, 269, 269,
    266, 266, 265, 266, 265, 269, 265, 265, 265, 266, 268, 267, 268, 268,
    266, 265, 267, 266, 268, 267, 266, 267, 266, 268, 268, 266, 267, 265,
    267, 266, 266, 267, 268, 269, 265, 269, 266, 267, 268, 266, 268, 268,
    267, 268, 269, 269, 269, 269, 266, 265, 266, 269, 265, 266, 268, 268,
    267, 265, 266, 269, 268, 269, 269 ]
