%YAML:1.0
---
videoName: "LHShake11.mp4"
gestureLabel: 2
fps: 29
pixelSizeInCmTemp: 3.3732394366197183e-01
faceCenterPointX: 260
faceCenterPointY: 69
LHandPositionsX: [ 385, 388, 384, 374, 363, 355, 349, 351, 346, 348, 353,
    361, 367, 362, 361, 362, 354, 352, 348, 350, 347, 349, 355, 358, 356,
    357, 363, 353, 349, 345, 347, 346, 348, 352, 353, 355, 354, 354, 346,
    342, 337, 338, 340, 338, 347, 355, 358, 357, 355, 357, 353, 342, 337,
    339, 336, 340, 347, 357, 361, 357, 362, 365, 359, 356, 349, 343, 337,
    334, 330, 329, 332, 333, 331, 333, 334, 334, 335, 334, 331, 333, 335,
    333, 332, 335, 334, 333, 335, 334 ]
LHandPositionsY: [ 176, 164, 152, 142, 142, 143, 149, 148, 144, 135, 131,
    126, 126, 127, 126, 129, 134, 141, 141, 139, 140, 133, 131, 128, 131,
    131, 129, 131, 138, 144, 142, 143, 142, 138, 136, 137, 133, 132, 134,
    142, 142, 143, 147, 145, 141, 135, 132, 134, 132, 131, 135, 138, 147,
    145, 146, 145, 143, 138, 137, 137, 141, 144, 150, 157, 164, 177, 189,
    206, 217, 226, 228, 235, 239, 244, 244, 246, 249, 246, 249, 249, 253,
    252, 249, 251, 250, 248, 249, 251 ]
RHandPositionsX: [ 182, 181, 179, 180, 183, 181, 183, 183, 180, 180, 180,
    181, 180, 182, 183, 183, 180, 180, 180, 180, 183, 181, 182, 180, 183,
    182, 183, 179, 183, 181, 179, 179, 181, 183, 183, 181, 179, 182, 183,
    182, 179, 182, 182, 183, 179, 179, 179, 182, 179, 179, 183, 180, 180,
    182, 179, 182, 179, 181, 179, 181, 179, 182, 180, 179, 182, 181, 183,
    183, 183, 181, 183, 181, 181, 183, 180, 180, 182, 179, 183, 180, 183,
    179, 180, 183, 181, 181, 179, 181 ]
RHandPositionsY: [ 277, 276, 277, 274, 275, 274, 274, 276, 276, 274, 276,
    274, 277, 276, 276, 274, 276, 275, 277, 274, 274, 277, 277, 275, 273,
    275, 276, 275, 274, 275, 273, 274, 275, 277, 274, 274, 274, 274, 273,
    275, 276, 277, 275, 274, 276, 275, 274, 276, 274, 273, 275, 274, 275,
    274, 276, 275, 274, 274, 275, 277, 276, 277, 274, 275, 274, 274, 276,
    274, 276, 277, 274, 277, 273, 276, 274, 277, 273, 276, 276, 276, 276,
    276, 275, 276, 277, 274, 275, 273 ]
