%YAML:1.0
---
videoName: "LHShake10.mp4"
gestureLabel: 2
fps: 29
pixelSizeInCmTemp: 3.4214285714285714e-01
faceCenterPointX: 253
faceCenterPointY: 65
LHandPositionsX: [ 338, 335, 338, 335, 336, 336, 341, 346, 352, 357, 366,
    375, 385, 390, 394, 395, 396, 385, 374, 363, 356, 349, 352, 355, 362,
    371, 380, 391, 389, 393, 389, 387, 376, 363, 359, 359, 361, 364, 366,
    370, 372, 371, 370, 371, 367, 364, 351, 346, 343, 343, 348, 355, 361,
    374, 380, 381, 379, 375, 366, 354, 352, 351, 352, 348, 357, 363, 375,
    382, 377, 378, 379, 371, 366, 361, 355, 350, 342, 341, 341, 336, 333,
    335, 337, 335, 335, 337, 335, 336 ]
LHandPositionsY: [ 268, 269, 272, 268, 271, 270, 268, 260, 250, 237, 227,
    210, 193, 178, 165, 155, 140, 138, 135, 140, 144, 148, 148, 148, 147,
    147, 140, 140, 139, 141, 143, 144, 149, 150, 150, 148, 152, 145, 138,
    133, 134, 135, 133, 133, 132, 133, 140, 145, 141, 144, 143, 144, 137,
    139, 143, 142, 144, 142, 145, 146, 153, 151, 153, 152, 151, 150, 145,
    144, 145, 144, 150, 152, 159, 165, 172, 185, 196, 207, 221, 230, 242,
    254, 254, 256, 258, 255, 256, 260 ]
RHandPositionsX: [ 176, 174, 173, 173, 173, 176, 172, 176, 172, 174, 174,
    174, 172, 174, 176, 174, 172, 171, 173, 174, 175, 175, 174, 171, 175,
    175, 171, 172, 175, 172, 171, 175, 174, 173, 172, 175, 175, 175, 174,
    171, 173, 175, 172, 174, 172, 174, 171, 171, 171, 175, 172, 172, 174,
    174, 172, 171, 175, 174, 173, 175, 172, 172, 172, 175, 173, 171, 174,
    172, 175, 173, 174, 175, 171, 174, 172, 173, 171, 175, 173, 174, 175,
    172, 174, 173, 173, 173, 174, 174 ]
RHandPositionsY: [ 274, 278, 277, 274, 275, 278, 274, 275, 275, 275, 275,
    277, 276, 275, 278, 278, 276, 275, 274, 277, 276, 274, 274, 276, 276,
    276, 278, 278, 276, 278, 274, 275, 277, 278, 275, 274, 275, 274, 277,
    274, 277, 275, 278, 274, 276, 276, 274, 277, 274, 277, 278, 277, 277,
    278, 277, 275, 277, 278, 278, 276, 274, 277, 274, 277, 277, 275, 278,
    274, 276, 277, 274, 274, 278, 277, 277, 275, 276, 278, 275, 274, 274,
    274, 274, 275, 276, 277, 277, 278 ]
