%YAML:1.0
---
videoName: "LHShake24.mp4"
gestureLabel: 2
fps: 30
pixelSizeInCmTemp: 3.4214285714285714e-01
faceCenterPointX: 255
faceCenterPointY: 77
LHandPositionsX: [ 327, 330, 329, 329, 329, 328, 329, 329, 331, 332, 330,
    336, 343, 346, 352, 360, 369, 373, 380, 381, 381, 380, 374, 358, 347,
    339, 344, 339, 341, 351, 357, 370, 377, 375, 378, 375, 367, 359, 345,
    337, 343, 339, 346, 351, 365, 364, 367, 367, 363, 355, 346, 337, 339,
    338, 345, 354, 363, 374, 370, 373, 368, 362, 353, 343, 345, 342, 343,
    351, 361, 366, 367, 367, 366, 358, 348, 343, 337, 333, 328, 324, 322,
    325, 328, 326, 327, 326, 326, 327, 324, 325, 325 ]
LHandPositionsY: [ 263, 260, 260, 264, 263, 264, 263, 263, 263, 261, 261,
    257, 247, 234, 222, 209, 194, 185, 173, 173, 160, 154, 150, 156, 159,
    163, 164, 161, 162, 159, 157, 154, 149, 147, 148, 146, 144, 147, 152,
    154, 153, 152, 156, 155, 149, 151, 149, 151, 152, 155, 157, 162, 160,
    162, 161, 159, 158, 156, 158, 155, 156, 160, 160, 163, 164, 163, 160,
    160, 160, 160, 156, 160, 157, 157, 161, 164, 169, 180, 186, 196, 209,
    218, 229, 229, 235, 241, 241, 245, 246, 246, 249 ]
RHandPositionsX: [ 181, 182, 179, 182, 180, 182, 180, 181, 182, 179, 179,
    182, 182, 183, 180, 182, 179, 179, 179, 179, 181, 180, 179, 182, 181,
    179, 180, 183, 182, 183, 179, 181, 180, 180, 180, 182, 181, 183, 180,
    183, 180, 182, 179, 180, 181, 183, 182, 181, 182, 182, 180, 182, 182,
    179, 181, 180, 179, 182, 183, 180, 182, 183, 183, 181, 181, 180, 180,
    179, 183, 181, 181, 183, 179, 180, 179, 182, 181, 179, 183, 179, 179,
    179, 183, 179, 183, 181, 182, 180, 181, 179, 180 ]
RHandPositionsY: [ 270, 269, 267, 270, 267, 268, 271, 267, 270, 268, 267,
    268, 269, 268, 267, 269, 271, 271, 271, 267, 267, 269, 268, 270, 269,
    268, 271, 271, 270, 269, 267, 271, 270, 271, 267, 270, 271, 271, 267,
    271, 269, 271, 268, 268, 270, 268, 267, 268, 269, 269, 270, 269, 270,
    268, 267, 267, 268, 270, 269, 270, 267, 270, 269, 267, 271, 268, 270,
    270, 267, 267, 267, 271, 268, 267, 270, 271, 267, 270, 267, 271, 269,
    267, 269, 267, 271, 269, 268, 269, 267, 271, 270 ]
