%YAML:1.0
---
videoName: "LHShake13.mp4"
gestureLabel: 2
fps: 29
pixelSizeInCmTemp: 3.4214285714285714e-01
faceCenterPointX: 257
faceCenterPointY: 76
LHandPositionsX: [ 324, 323, 327, 326, 324, 325, 323, 324, 324, 326, 330,
    336, 342, 353, 362, 373, 382, 388, 388, 391, 383, 373, 364, 352, 341,
    343, 338, 341, 348, 357, 372, 370, 366, 364, 354, 344, 339, 342, 341,
    350, 359, 366, 367, 367, 357, 347, 344, 346, 346, 346, 357, 363, 365,
    363, 364, 353, 348, 345, 347, 345, 349, 358, 363, 368, 368, 363, 361,
    352, 349, 340, 334, 325, 323, 322, 324, 324, 328, 327, 325, 327, 327,
    326, 327, 328, 327, 326, 327, 324 ]
LHandPositionsY: [ 261, 262, 259, 260, 260, 260, 263, 259, 258, 259, 256,
    245, 236, 224, 213, 199, 187, 173, 166, 157, 151, 152, 152, 152, 155,
    155, 155, 155, 155, 144, 141, 142, 141, 148, 152, 154, 157, 160, 159,
    157, 153, 156, 156, 154, 156, 161, 161, 161, 160, 159, 156, 157, 157,
    155, 160, 163, 163, 164, 164, 160, 162, 160, 156, 155, 152, 150, 146,
    149, 157, 162, 167, 178, 190, 207, 220, 235, 244, 246, 244, 246, 246,
    247, 246, 249, 250, 249, 248, 249 ]
RHandPositionsX: [ 181, 181, 185, 181, 185, 182, 185, 182, 182, 182, 181,
    182, 183, 182, 184, 184, 181, 184, 182, 184, 181, 183, 185, 181, 182,
    181, 184, 184, 181, 184, 184, 181, 184, 182, 181, 183, 184, 184, 185,
    185, 184, 182, 185, 184, 184, 181, 183, 182, 183, 181, 182, 184, 181,
    182, 185, 181, 185, 182, 185, 182, 182, 185, 183, 184, 185, 182, 181,
    183, 184, 184, 182, 181, 181, 181, 181, 184, 183, 182, 181, 184, 184,
    183, 185, 184, 181, 184, 184, 181 ]
RHandPositionsY: [ 270, 271, 269, 267, 267, 267, 268, 270, 268, 269, 268,
    271, 271, 268, 267, 269, 270, 271, 269, 270, 268, 271, 271, 267, 269,
    271, 268, 267, 268, 268, 268, 267, 268, 269, 271, 268, 267, 269, 267,
    271, 270, 270, 269, 269, 267, 271, 267, 270, 270, 269, 267, 271, 271,
    268, 269, 270, 271, 267, 270, 267, 267, 270, 267, 267, 268, 268, 271,
    271, 271, 267, 271, 267, 270, 269, 270, 267, 268, 267, 271, 271, 269,
    271, 269, 268, 269, 268, 270, 270 ]
