%YAML:1.0
---
videoName: "LHShake20.mp4"
gestureLabel: 2
fps: 30
pixelSizeInCmTemp: 3.3732394366197183e-01
faceCenterPointX: 249
faceCenterPointY: 62
LHandPositionsX: [ 312, 316, 313, 316, 315, 315, 314, 316, 318, 318, 320,
    325, 332, 337, 343, 340, 328, 319, 312, 313, 310, 312, 316, 325, 339,
    339, 338, 336, 330, 322, 319, 320, 319, 322, 336, 340, 341, 337, 331,
    325, 323, 322, 319, 325, 331, 331, 328, 332, 322, 318, 321, 318, 319,
    325, 323, 327, 328, 328, 321, 320, 318, 320, 317, 319, 323, 323, 320,
    321, 317, 314, 313, 315, 313, 313, 315, 313, 315, 314, 314, 314, 314,
    314, 312, 313, 314, 312, 315, 312, 316, 312, 314 ]
LHandPositionsY: [ 248, 248, 248, 248, 248, 246, 244, 244, 235, 226, 219,
    201, 187, 176, 173, 165, 160, 156, 162, 162, 159, 156, 150, 149, 142,
    142, 145, 145, 141, 144, 147, 147, 149, 147, 146, 144, 142, 144, 144,
    146, 146, 149, 147, 141, 144, 143, 138, 141, 140, 146, 149, 149, 146,
    141, 140, 136, 135, 137, 139, 145, 145, 145, 146, 145, 149, 152, 157,
    170, 180, 190, 201, 215, 215, 217, 221, 229, 228, 229, 229, 229, 232,
    234, 232, 237, 235, 238, 236, 236, 236, 240, 237 ]
RHandPositionsX: [ 182, 183, 183, 183, 182, 179, 183, 180, 181, 182, 179,
    180, 180, 180, 183, 183, 180, 179, 181, 183, 179, 181, 179, 180, 183,
    181, 180, 182, 181, 180, 180, 182, 180, 180, 182, 183, 182, 179, 179,
    181, 183, 180, 179, 181, 179, 182, 179, 179, 183, 181, 179, 183, 180,
    183, 181, 179, 181, 183, 181, 179, 182, 181, 179, 182, 179, 182, 181,
    182, 182, 182, 180, 181, 179, 182, 180, 183, 181, 179, 178, 178, 181,
    181, 179, 178, 181, 179, 178, 180, 179, 181, 179 ]
RHandPositionsY: [ 253, 253, 257, 253, 253, 257, 255, 253, 254, 255, 256,
    256, 253, 252, 252, 252, 256, 254, 252, 252, 256, 255, 252, 254, 256,
    252, 253, 256, 252, 255, 255, 254, 254, 254, 252, 254, 254, 253, 252,
    255, 253, 252, 251, 253, 253, 255, 253, 255, 254, 252, 253, 253, 253,
    254, 253, 252, 251, 254, 254, 254, 255, 254, 251, 253, 254, 252, 251,
    251, 255, 251, 252, 253, 254, 252, 253, 253, 252, 253, 251, 255, 252,
    255, 252, 252, 253, 255, 254, 251, 253, 255, 252 ]
