%YAML:1.0
---
videoName: "LHShake07.mp4"
gestureLabel: 2
fps: 29
pixelSizeInCmTemp: 3.3732394366197183e-01
faceCenterPointX: 265
faceCenterPointY: 78
LHandPositionsX: [ 346, 348, 354, 357, 362, 371, 376, 384, 392, 392, 396,
    391, 382, 378, 356, 345, 338, 342, 342, 343, 351, 361, 366, 366, 364,
    366, 360, 341, 339, 342, 344, 347, 355, 357, 370, 371, 367, 360, 362,
    351, 346, 348, 348, 350, 356, 360, 363, 360, 365, 359, 339, 329, 333,
    335, 344, 353, 369, 373, 369, 380, 372, 362, 355, 349, 341, 338, 336,
    335, 336, 338, 339, 342, 343, 342, 341, 342, 345, 342, 341, 342, 343,
    340, 344, 343, 344, 341, 342, 342 ]
LHandPositionsY: [ 277, 275, 272, 266, 256, 248, 236, 218, 201, 190, 179,
    161, 148, 140, 140, 140, 146, 144, 147, 148, 143, 136, 134, 135, 138,
    137, 136, 139, 146, 141, 139, 134, 131, 134, 124, 123, 126, 129, 132,
    136, 142, 142, 147, 140, 138, 137, 137, 136, 132, 128, 135, 152, 144,
    135, 134, 132, 132, 132, 131, 129, 133, 137, 147, 154, 166, 181, 190,
    202, 217, 232, 243, 253, 254, 252, 258, 260, 264, 265, 267, 266, 267,
    268, 266, 267, 270, 268, 270, 267 ]
RHandPositionsX: [ 183, 183, 184, 185, 183, 185, 181, 182, 181, 184, 182,
    184, 183, 184, 185, 182, 184, 181, 183, 182, 183, 182, 181, 183, 185,
    185, 185, 182, 182, 183, 183, 181, 182, 184, 181, 185, 182, 182, 184,
    185, 183, 185, 182, 182, 181, 181, 184, 183, 183, 182, 185, 181, 181,
    183, 181, 185, 182, 182, 181, 182, 182, 181, 185, 183, 182, 184, 185,
    184, 181, 184, 182, 184, 183, 185, 183, 184, 182, 182, 184, 182, 183,
    182, 184, 182, 184, 184, 181, 185 ]
RHandPositionsY: [ 276, 280, 277, 276, 278, 276, 280, 279, 276, 280, 276,
    276, 278, 280, 278, 278, 277, 276, 280, 278, 278, 279, 279, 276, 280,
    276, 278, 279, 276, 278, 277, 276, 277, 276, 280, 276, 278, 279, 279,
    276, 278, 279, 276, 276, 277, 280, 280, 279, 277, 279, 279, 280, 276,
    279, 280, 278, 276, 279, 276, 278, 276, 276, 279, 280, 280, 276, 277,
    276, 276, 279, 279, 278, 280, 279, 277, 276, 280, 278, 278, 280, 278,
    279, 280, 278, 278, 278, 276, 280 ]
