%YAML:1.0
---
videoName: "LHShake15.mp4"
gestureLabel: 2
fps: 29
pixelSizeInCmTemp: 3.3263888888888887e-01
faceCenterPointX: 252
faceCenterPointY: 65
LHandPositionsX: [ 329, 331, 331, 328, 329, 331, 330, 328, 333, 331, 338,
    343, 345, 352, 359, 364, 368, 372, 381, 382, 379, 378, 366, 358, 348,
    341, 342, 339, 345, 351, 361, 358, 360, 363, 358, 347, 333, 329, 330,
    336, 347, 351, 354, 354, 349, 355, 350, 335, 330, 329, 332, 340, 354,
    355, 354, 351, 356, 356, 344, 337, 334, 332, 332, 340, 345, 352, 350,
    349, 348, 347, 341, 332, 330, 327, 321, 323, 319, 321, 326, 323, 323,
    324, 326, 324, 324, 327, 327, 327 ]
LHandPositionsY: [ 255, 256, 255, 256, 258, 258, 256, 255, 255, 254, 242,
    227, 216, 202, 187, 171, 154, 136, 122, 118, 116, 104, 101, 100, 105,
    103, 104, 101, 101, 94, 94, 95, 94, 92, 97, 99, 99, 100, 96, 98, 97,
    94, 95, 98, 97, 100, 103, 102, 100, 100, 98, 93, 94, 96, 95, 96, 96,
    100, 103, 100, 102, 99, 98, 97, 101, 99, 101, 98, 102, 99, 107, 120,
    135, 151, 166, 180, 194, 205, 218, 231, 232, 237, 239, 238, 241, 241,
    242, 241 ]
RHandPositionsX: [ 179, 179, 175, 175, 176, 177, 175, 177, 175, 179, 179,
    177, 177, 175, 179, 176, 175, 179, 175, 176, 177, 177, 178, 179, 178,
    177, 175, 179, 177, 179, 179, 175, 176, 175, 179, 179, 176, 177, 175,
    178, 175, 177, 177, 177, 179, 178, 176, 177, 175, 175, 178, 179, 175,
    178, 175, 176, 176, 175, 179, 178, 178, 178, 175, 179, 177, 177, 176,
    179, 177, 178, 178, 176, 175, 177, 175, 179, 179, 177, 178, 175, 177,
    178, 175, 177, 178, 178, 176, 176 ]
RHandPositionsY: [ 260, 260, 259, 260, 258, 261, 257, 260, 257, 260, 258,
    257, 261, 261, 258, 261, 257, 260, 261, 260, 261, 259, 257, 258, 261,
    259, 259, 259, 261, 257, 260, 259, 258, 261, 258, 259, 259, 261, 260,
    260, 260, 259, 260, 260, 259, 260, 261, 259, 257, 258, 261, 259, 260,
    258, 259, 259, 259, 261, 257, 260, 257, 260, 260, 258, 258, 259, 258,
    260, 260, 257, 257, 259, 261, 261, 258, 258, 257, 258, 260, 259, 259,
    257, 261, 261, 257, 260, 259, 260 ]
