%YAML:1.0
---
videoName: "LHShake10.mp4"
gestureLabel: 2
fps: 29
pixelSizeInCmTemp: 3.4214285714285714e-01
faceCenterPointX: 253
faceCenterPointY: 65
LHandPositionsX: [ 335, 336, 338, 335, 337, 337, 341, 346, 350, 359, 367,
    375, 381, 389, 394, 394, 396, 382, 373, 365, 358, 351, 350, 351, 360,
    372, 380, 389, 389, 393, 390, 384, 374, 365, 358, 359, 359, 364, 370,
    370, 371, 370, 371, 370, 368, 365, 354, 344, 342, 344, 344, 355, 361,
    374, 383, 379, 381, 375, 366, 356, 352, 350, 348, 351, 355, 363, 374,
    383, 378, 379, 378, 374, 368, 363, 353, 351, 346, 343, 341, 334, 335,
    337, 334, 337, 335, 335, 335, 337 ]
LHandPositionsY: [ 270, 271, 272, 271, 272, 268, 267, 264, 249, 241, 223,
    210, 194, 180, 165, 155, 142, 135, 136, 140, 145, 148, 148, 148, 147,
    149, 138, 141, 139, 142, 143, 144, 150, 151, 149, 148, 151, 149, 140,
    134, 134, 132, 134, 135, 132, 133, 139, 141, 144, 146, 146, 147, 138,
    139, 140, 140, 140, 144, 147, 149, 152, 152, 152, 150, 151, 149, 146,
    146, 144, 146, 149, 153, 159, 164, 175, 183, 194, 208, 219, 234, 246,
    255, 255, 254, 254, 259, 256, 260 ]
RHandPositionsX: [ 173, 175, 175, 172, 174, 175, 174, 172, 173, 175, 175,
    172, 176, 176, 173, 176, 171, 174, 173, 174, 174, 173, 174, 172, 172,
    171, 174, 172, 171, 174, 173, 175, 174, 175, 171, 174, 172, 175, 171,
    174, 171, 172, 173, 172, 172, 173, 172, 171, 173, 173, 173, 171, 172,
    172, 175, 174, 175, 172, 172, 173, 174, 173, 171, 174, 172, 172, 175,
    175, 173, 173, 173, 173, 172, 173, 171, 172, 175, 174, 174, 171, 174,
    173, 172, 174, 174, 172, 173, 172 ]
RHandPositionsY: [ 278, 275, 278, 275, 275, 275, 278, 274, 276, 277, 278,
    274, 278, 277, 275, 277, 274, 276, 278, 278, 274, 276, 274, 277, 276,
    276, 275, 278, 274, 274, 278, 274, 277, 277, 276, 278, 274, 276, 278,
    276, 277, 278, 276, 275, 277, 276, 278, 276, 274, 274, 274, 274, 278,
    278, 277, 277, 276, 275, 277, 276, 274, 275, 276, 277, 274, 276, 276,
    278, 276, 277, 278, 277, 274, 274, 276, 275, 277, 276, 275, 278, 277,
    276, 276, 278, 275, 278, 275, 276 ]
