%YAML:1.0
---
videoName: "LHShake13.mp4"
gestureLabel: 2
fps: 29
pixelSizeInCmTemp: 3.4214285714285714e-01
faceCenterPointX: 257
faceCenterPointY: 76
LHandPositionsX: [ 323, 325, 325, 326, 324, 326, 323, 327, 328, 327, 327,
    336, 342, 350, 360, 370, 378, 388, 390, 391, 382, 373, 364, 351, 340,
    345, 342, 341, 351, 357, 373, 368, 366, 362, 355, 344, 339, 340, 340,
    352, 359, 367, 368, 365, 359, 348, 343, 344, 345, 349, 357, 366, 364,
    364, 362, 353, 349, 348, 346, 343, 347, 356, 364, 370, 368, 362, 357,
    354, 347, 339, 331, 327, 323, 323, 323, 328, 327, 326, 328, 324, 326,
    326, 325, 327, 327, 326, 324, 327 ]
LHandPositionsY: [ 263, 263, 263, 259, 261, 259, 263, 261, 261, 259, 257,
    245, 235, 225, 211, 197, 184, 175, 166, 156, 151, 150, 151, 152, 155,
    157, 158, 156, 156, 148, 139, 142, 139, 147, 152, 157, 157, 157, 158,
    157, 154, 155, 156, 155, 158, 158, 165, 161, 161, 160, 159, 158, 156,
    156, 156, 163, 162, 166, 164, 159, 162, 160, 155, 155, 152, 147, 148,
    152, 156, 164, 170, 178, 191, 205, 221, 235, 244, 244, 243, 247, 246,
    248, 249, 247, 247, 248, 247, 247 ]
RHandPositionsX: [ 182, 182, 184, 185, 185, 182, 184, 183, 184, 184, 181,
    184, 185, 185, 184, 182, 181, 184, 184, 185, 184, 185, 182, 185, 183,
    185, 185, 184, 182, 181, 185, 185, 185, 183, 183, 184, 182, 182, 181,
    185, 181, 185, 184, 182, 181, 185, 182, 182, 185, 181, 184, 183, 182,
    182, 182, 185, 184, 183, 185, 185, 182, 182, 185, 183, 181, 184, 181,
    183, 184, 185, 184, 183, 182, 184, 184, 184, 182, 181, 181, 181, 185,
    182, 184, 181, 183, 185, 181, 184 ]
RHandPositionsY: [ 271, 267, 271, 268, 270, 269, 268, 267, 267, 270, 271,
    271, 268, 267, 268, 268, 271, 270, 269, 271, 270, 268, 271, 268, 267,
    268, 268, 269, 269, 269, 271, 267, 268, 268, 267, 270, 268, 268, 268,
    271, 268, 271, 270, 267, 270, 267, 267, 267, 268, 270, 268, 270, 268,
    270, 267, 271, 269, 269, 270, 270, 269, 271, 270, 270, 270, 270, 267,
    271, 269, 270, 270, 268, 270, 271, 271, 270, 267, 270, 269, 268, 267,
    270, 268, 269, 268, 268, 269, 270 ]
