%YAML:1.0
---
videoName: "LHShake18.mp4"
gestureLabel: 2
fps: 29
pixelSizeInCmTemp: 3.4214285714285714e-01
faceCenterPointX: 253
faceCenterPointY: 65
LHandPositionsX: [ 313, 312, 313, 313, 311, 313, 312, 315, 312, 315, 311,
    311, 314, 314, 315, 313, 313, 317, 325, 325, 331, 340, 343, 350, 350,
    347, 338, 323, 315, 297, 302, 302, 306, 314, 311, 314, 312, 307, 298,
    290, 294, 302, 309, 313, 309, 311, 306, 299, 290, 287, 284, 299, 306,
    314, 310, 310, 305, 295, 284, 286, 295, 299, 310, 307, 309, 309, 303,
    296, 295, 302, 304, 305, 306, 311, 313, 309, 307, 307, 306, 303, 308,
    304, 307, 307, 307, 310, 311, 310 ]
LHandPositionsY: [ 248, 249, 248, 249, 248, 247, 249, 246, 249, 246, 250,
    249, 247, 247, 249, 250, 249, 248, 245, 234, 216, 200, 190, 175, 167,
    157, 155, 144, 147, 136, 139, 142, 145, 142, 139, 140, 140, 148, 142,
    140, 134, 142, 144, 146, 143, 148, 149, 145, 144, 138, 144, 148, 150,
    148, 149, 149, 151, 142, 146, 143, 152, 153, 153, 150, 153, 156, 160,
    145, 147, 152, 152, 154, 151, 153, 162, 166, 174, 185, 198, 207, 216,
    218, 221, 231, 232, 233, 232, 232 ]
RHandPositionsX: [ 198, 197, 198, 198, 195, 195, 199, 197, 199, 198, 199,
    199, 199, 198, 197, 196, 197, 195, 196, 196, 196, 196, 198, 197, 199,
    197, 199, 194, 198, 195, 197, 195, 199, 198, 199, 195, 195, 196, 200,
    197, 197, 195, 198, 195, 198, 198, 198, 196, 196, 196, 197, 196, 199,
    200, 198, 198, 197, 200, 198, 200, 197, 196, 197, 198, 199, 196, 198,
    195, 196, 198, 195, 198, 194, 196, 197, 194, 194, 198, 196, 194, 197,
    196, 198, 195, 198, 197, 194, 197 ]
RHandPositionsY: [ 266, 264, 266, 263, 264, 263, 267, 264, 265, 263, 264,
    263, 264, 267, 264, 266, 265, 265, 267, 264, 265, 266, 266, 265, 266,
    267, 265, 266, 266, 263, 266, 262, 264, 265, 263, 263, 265, 268, 266,
    266, 268, 265, 265, 264, 265, 268, 267, 265, 265, 268, 265, 267, 265,
    267, 265, 266, 264, 269, 265, 267, 267, 268, 265, 269, 267, 267, 265,
    267, 265, 265, 265, 268, 264, 267, 265, 268, 268, 266, 265, 268, 264,
    266, 265, 265, 266, 268, 265, 268 ]
