%YAML:1.0
---
videoName: "LHShake06.mp4"
gestureLabel: 2
fps: 29
pixelSizeInCmTemp: 3.3732394366197183e-01
faceCenterPointX: 250
faceCenterPointY: 80
LHandPositionsX: [ 382, 386, 389, 387, 382, 378, 375, 373, 369, 369, 376,
    384, 390, 390, 394, 395, 395, 387, 376, 374, 378, 378, 385, 388, 391,
    394, 389, 390, 382, 382, 379, 379, 382, 388, 388, 388, 388, 382, 379,
    382, 383, 383, 386, 389, 392, 392, 389, 382, 383, 377, 382, 383, 387,
    392, 395, 397, 397, 397, 393, 385, 378, 370, 358, 358, 352, 345, 338,
    325, 320, 313, 306, 307, 305, 305, 302, 302, 299, 303, 302, 298, 300,
    301, 302, 298, 300, 301, 298, 301 ]
LHandPositionsY: [ 150, 149, 145, 141, 140, 137, 135, 138, 136, 137, 133,
    131, 130, 129, 126, 127, 132, 132, 135, 132, 135, 133, 130, 132, 129,
    127, 127, 126, 130, 127, 131, 128, 127, 126, 127, 127, 124, 128, 126,
    129, 129, 125, 126, 124, 123, 123, 124, 128, 125, 128, 128, 127, 127,
    125, 121, 120, 122, 125, 123, 129, 131, 137, 144, 152, 162, 174, 191,
    206, 215, 224, 228, 235, 238, 242, 245, 245, 252, 251, 252, 252, 255,
    253, 256, 255, 256, 254, 253, 258 ]
RHandPositionsX: [ 211, 211, 212, 209, 212, 209, 212, 213, 212, 210, 209,
    212, 211, 213, 212, 212, 210, 209, 211, 209, 209, 211, 209, 210, 209,
    213, 210, 212, 212, 212, 208, 211, 209, 209, 209, 209, 208, 212, 211,
    209, 210, 208, 212, 212, 209, 210, 207, 209, 209, 208, 207, 207, 210,
    209, 211, 211, 208, 209, 207, 208, 211, 211, 209, 208, 211, 209, 209,
    210, 209, 210, 208, 208, 208, 208, 208, 208, 209, 212, 212, 210, 211,
    209, 210, 208, 213, 209, 213, 213 ]
RHandPositionsY: [ 270, 271, 270, 268, 268, 268, 270, 271, 267, 268, 270,
    268, 267, 268, 270, 266, 268, 270, 270, 269, 269, 266, 265, 269, 266,
    266, 266, 269, 269, 269, 268, 267, 269, 268, 266, 266, 268, 265, 267,
    269, 265, 267, 268, 266, 269, 268, 269, 265, 269, 269, 269, 268, 269,
    267, 267, 268, 268, 266, 266, 269, 269, 269, 268, 269, 267, 267, 269,
    268, 269, 268, 267, 267, 267, 265, 265, 269, 269, 265, 266, 267, 266,
    265, 266, 269, 268, 269, 267, 265 ]
