%YAML:1.0
---
videoName: "LHShake18.mp4"
gestureLabel: 2
fps: 29
pixelSizeInCmTemp: 3.4214285714285714e-01
faceCenterPointX: 253
faceCenterPointY: 65
LHandPositionsX: [ 315, 311, 315, 314, 312, 311, 315, 314, 312, 311, 314,
    312, 314, 312, 312, 314, 314, 314, 323, 326, 332, 336, 346, 349, 348,
    347, 336, 327, 313, 298, 302, 302, 306, 313, 311, 314, 311, 305, 300,
    291, 291, 298, 306, 314, 312, 309, 304, 297, 289, 284, 286, 296, 306,
    316, 310, 311, 305, 291, 286, 288, 295, 302, 306, 310, 310, 305, 305,
    293, 293, 299, 305, 307, 307, 308, 312, 311, 308, 307, 303, 306, 304,
    305, 308, 309, 309, 308, 310, 310 ]
LHandPositionsY: [ 246, 250, 248, 249, 248, 250, 248, 247, 248, 246, 249,
    246, 246, 247, 250, 247, 248, 251, 246, 237, 218, 202, 191, 179, 167,
    160, 152, 147, 146, 136, 139, 144, 142, 141, 142, 139, 144, 145, 142,
    141, 134, 142, 147, 145, 147, 146, 150, 147, 146, 141, 141, 148, 150,
    149, 147, 150, 152, 144, 144, 141, 152, 150, 154, 151, 150, 157, 160,
    146, 146, 150, 152, 154, 155, 156, 164, 165, 176, 187, 196, 206, 213,
    218, 219, 234, 235, 233, 233, 235 ]
RHandPositionsX: [ 198, 197, 197, 198, 195, 198, 195, 197, 197, 198, 196,
    198, 195, 197, 196, 198, 199, 195, 198, 196, 198, 198, 196, 198, 197,
    196, 199, 194, 196, 196, 194, 197, 197, 198, 199, 197, 197, 200, 200,
    195, 197, 198, 196, 196, 196, 199, 197, 200, 197, 198, 196, 197, 199,
    199, 196, 196, 200, 197, 198, 197, 199, 199, 196, 199, 195, 197, 196,
    195, 196, 198, 198, 196, 197, 198, 195, 194, 198, 198, 198, 194, 197,
    197, 196, 195, 197, 196, 197, 194 ]
RHandPositionsY: [ 265, 264, 266, 263, 262, 264, 265, 265, 264, 267, 265,
    264, 263, 266, 265, 267, 265, 267, 265, 263, 265, 266, 263, 264, 264,
    264, 263, 262, 266, 264, 266, 265, 267, 264, 263, 264, 263, 264, 268,
    264, 264, 267, 265, 268, 266, 266, 265, 266, 266, 264, 266, 268, 266,
    266, 267, 266, 268, 268, 269, 268, 265, 264, 267, 267, 266, 267, 266,
    265, 264, 265, 268, 268, 265, 268, 267, 267, 265, 265, 265, 266, 266,
    266, 265, 267, 267, 268, 265, 266 ]
