%YAML:1.0
---
videoName: "LHShake09.mp4"
gestureLabel: 2
fps: 29
pixelSizeInCmTemp: 3.3263888888888887e-01
faceCenterPointX: 259
faceCenterPointY: 67
LHandPositionsX: [ 339, 338, 336, 338, 339, 346, 350, 355, 352, 357, 361,
    364, 367, 368, 369, 366, 362, 351, 339, 333, 332, 333, 327, 330, 336,
    349, 347, 351, 347, 350, 351, 351, 344, 337, 334, 335, 339, 347, 354,
    361, 369, 365, 365, 363, 354, 343, 336, 339, 337, 334, 337, 347, 354,
    353, 353, 354, 353, 349, 343, 333, 337, 337, 332, 338, 344, 348, 352,
    356, 354, 355, 347, 342, 335, 331, 324, 321, 320, 318, 322, 328, 327,
    328, 332, 330, 331, 331, 333, 335 ]
LHandPositionsY: [ 274, 272, 272, 271, 274, 269, 264, 254, 251, 235, 235,
    218, 199, 198, 184, 176, 169, 164, 158, 159, 156, 158, 157, 156, 154,
    149, 146, 145, 145, 145, 150, 151, 151, 152, 154, 153, 155, 154, 155,
    152, 152, 155, 153, 155, 156, 157, 155, 155, 154, 153, 156, 153, 151,
    153, 154, 151, 153, 153, 152, 151, 151, 150, 152, 155, 151, 153, 152,
    151, 149, 151, 152, 154, 161, 169, 181, 193, 207, 218, 232, 243, 245,
    248, 250, 254, 256, 261, 257, 258 ]
RHandPositionsX: [ 176, 179, 177, 178, 179, 176, 180, 177, 180, 178, 179,
    178, 180, 177, 177, 179, 176, 179, 176, 180, 180, 179, 178, 180, 179,
    176, 176, 176, 177, 179, 180, 179, 176, 178, 176, 177, 177, 178, 179,
    176, 180, 180, 178, 179, 179, 177, 178, 176, 180, 179, 176, 179, 180,
    176, 178, 180, 180, 177, 178, 180, 179, 179, 177, 179, 180, 177, 180,
    178, 179, 178, 176, 176, 179, 179, 177, 178, 179, 177, 178, 179, 180,
    179, 178, 180, 176, 180, 180, 178 ]
RHandPositionsY: [ 275, 277, 279, 276, 276, 277, 275, 279, 276, 275, 279,
    279, 276, 276, 277, 277, 276, 275, 275, 277, 277, 279, 278, 277, 276,
    276, 276, 279, 279, 275, 279, 277, 276, 276, 276, 277, 279, 277, 278,
    276, 275, 278, 278, 278, 278, 275, 275, 276, 277, 277, 275, 277, 278,
    279, 278, 279, 277, 279, 276, 277, 277, 278, 279, 279, 279, 278, 276,
    277, 279, 277, 277, 277, 277, 276, 277, 277, 278, 278, 278, 276, 277,
    278, 275, 278, 279, 275, 275, 278 ]
