%YAML:1.0
---
videoName: "LHShake15.mp4"
gestureLabel: 2
fps: 29
pixelSizeInCmTemp: 3.3263888888888887e-01
faceCenterPointX: 252
faceCenterPointY: 65
LHandPositionsX: [ 329, 328, 328, 328, 327, 330, 328, 332, 334, 330, 338,
    342, 348, 354, 359, 362, 371, 373, 378, 380, 378, 379, 365, 360, 349,
    340, 344, 341, 348, 354, 360, 359, 358, 361, 357, 347, 332, 331, 333,
    336, 344, 352, 355, 352, 349, 352, 349, 335, 328, 328, 329, 339, 354,
    358, 353, 353, 357, 353, 342, 334, 331, 333, 335, 339, 343, 352, 349,
    350, 348, 349, 342, 335, 329, 323, 323, 323, 322, 324, 326, 325, 327,
    325, 324, 328, 326, 325, 328, 324 ]
LHandPositionsY: [ 258, 256, 255, 256, 255, 258, 257, 256, 253, 254, 241,
    227, 213, 202, 184, 169, 157, 138, 122, 120, 118, 108, 103, 104, 104,
    106, 101, 101, 99, 95, 95, 92, 96, 94, 97, 99, 101, 99, 96, 97, 98,
    93, 98, 97, 98, 97, 100, 102, 99, 100, 96, 95, 94, 94, 93, 98, 96,
    101, 102, 99, 102, 98, 99, 100, 99, 101, 102, 98, 103, 101, 104, 123,
    139, 152, 165, 180, 192, 205, 218, 232, 230, 234, 240, 240, 241, 237,
    239, 242 ]
RHandPositionsX: [ 178, 176, 179, 179, 176, 177, 178, 176, 179, 179, 177,
    177, 178, 176, 178, 179, 175, 178, 178, 175, 179, 176, 177, 179, 175,
    176, 176, 175, 175, 179, 179, 177, 175, 177, 179, 178, 177, 176, 179,
    176, 179, 179, 176, 178, 179, 178, 176, 176, 176, 179, 177, 176, 175,
    176, 179, 178, 176, 176, 176, 177, 179, 179, 178, 175, 176, 179, 178,
    175, 179, 175, 178, 175, 179, 175, 177, 179, 175, 176, 175, 175, 177,
    176, 175, 176, 178, 176, 178, 178 ]
RHandPositionsY: [ 261, 259, 258, 261, 260, 260, 258, 258, 259, 260, 257,
    257, 259, 260, 258, 257, 257, 261, 261, 259, 260, 260, 257, 258, 259,
    261, 260, 261, 261, 257, 258, 260, 261, 258, 258, 258, 257, 257, 261,
    259, 259, 261, 259, 260, 260, 257, 261, 261, 258, 258, 260, 257, 257,
    259, 257, 260, 258, 260, 257, 261, 257, 261, 261, 257, 259, 258, 260,
    258, 260, 261, 257, 258, 257, 261, 257, 259, 258, 258, 260, 258, 258,
    260, 261, 261, 259, 257, 257, 258 ]
