%YAML:1.0
---
videoName: "LHShake04.mp4"
gestureLabel: 2
fps: 30
pixelSizeInCmTemp: 3.2808219178082193e-01
faceCenterPointX: 247
faceCenterPointY: 80
LHandPositionsX: [ 284, 282, 280, 284, 282, 281, 280, 281, 281, 282, 281,
    281, 281, 280, 282, 285, 290, 298, 308, 321, 332, 345, 358, 365, 370,
    365, 363, 356, 349, 343, 339, 334, 334, 338, 347, 361, 368, 365, 359,
    348, 338, 341, 343, 340, 351, 354, 356, 354, 352, 344, 339, 346, 346,
    347, 354, 354, 356, 352, 345, 346, 345, 349, 353, 358, 364, 365, 365,
    361, 354, 346, 333, 323, 313, 307, 300, 292, 291, 288, 288, 288, 289,
    288, 290, 289, 288, 290, 287, 286, 289, 285, 285 ]
LHandPositionsY: [ 270, 268, 269, 272, 271, 271, 269, 270, 272, 268, 269,
    270, 270, 271, 271, 267, 265, 253, 243, 232, 219, 204, 190, 174, 160,
    158, 154, 149, 136, 134, 133, 132, 128, 117, 118, 112, 112, 110, 116,
    119, 129, 126, 125, 126, 120, 118, 117, 113, 121, 120, 122, 124, 117,
    117, 115, 114, 113, 112, 112, 117, 115, 113, 110, 105, 108, 106, 109,
    110, 127, 143, 155, 172, 185, 198, 214, 226, 237, 241, 242, 244, 247,
    250, 246, 249, 250, 253, 252, 253, 254, 251, 253 ]
RHandPositionsX: [ 216, 214, 217, 218, 214, 217, 218, 215, 217, 216, 217,
    215, 218, 218, 215, 217, 217, 216, 215, 215, 216, 215, 218, 215, 215,
    215, 217, 218, 217, 217, 218, 217, 217, 218, 214, 215, 215, 216, 216,
    214, 214, 217, 217, 216, 217, 214, 215, 215, 218, 214, 218, 216, 217,
    214, 215, 217, 216, 216, 216, 217, 217, 215, 214, 218, 214, 214, 216,
    217, 216, 216, 215, 215, 214, 215, 215, 214, 218, 218, 217, 214, 217,
    216, 218, 217, 218, 215, 216, 216, 216, 217, 217 ]
RHandPositionsY: [ 269, 266, 267, 266, 266, 269, 267, 268, 266, 267, 266,
    266, 267, 266, 266, 268, 265, 268, 268, 268, 266, 264, 265, 267, 263,
    265, 265, 267, 264, 264, 265, 266, 266, 265, 264, 264, 263, 266, 266,
    266, 263, 266, 264, 262, 265, 264, 263, 263, 262, 262, 265, 262, 264,
    263, 261, 262, 261, 265, 263, 263, 263, 265, 261, 261, 265, 261, 264,
    265, 264, 263, 263, 261, 265, 261, 262, 263, 264, 264, 261, 265, 262,
    263, 262, 263, 264, 262, 262, 265, 261, 265, 261 ]
