%YAML:1.0
---
videoName: "LHShake08.mp4"
gestureLabel: 2
fps: 29
pixelSizeInCmTemp: 3.4710144927536229e-01
faceCenterPointX: 261
faceCenterPointY: 69
LHandPositionsX: [ 338, 340, 345, 343, 350, 348, 356, 362, 367, 373, 376,
    371, 378, 366, 356, 345, 338, 339, 340, 345, 349, 357, 370, 367, 362,
    362, 359, 354, 344, 339, 339, 336, 342, 351, 360, 366, 369, 367, 366,
    362, 354, 342, 335, 335, 334, 337, 339, 351, 358, 357, 357, 356, 355,
    353, 343, 344, 345, 340, 343, 350, 355, 363, 370, 370, 368, 371, 364,
    358, 349, 344, 340, 335, 333, 329, 330, 332, 338, 335, 338, 337, 337,
    337, 335, 339, 338, 338, 337, 337 ]
LHandPositionsY: [ 267, 267, 262, 256, 249, 239, 221, 198, 188, 174, 164,
    156, 143, 143, 144, 148, 149, 151, 153, 148, 147, 143, 140, 140, 139,
    139, 139, 147, 147, 155, 151, 153, 155, 150, 147, 146, 147, 147, 146,
    151, 153, 155, 157, 158, 162, 160, 160, 160, 156, 155, 154, 155, 153,
    157, 160, 162, 162, 162, 159, 156, 153, 148, 147, 146, 148, 146, 147,
    156, 160, 165, 176, 185, 195, 210, 219, 231, 244, 244, 246, 252, 255,
    252, 255, 257, 257, 256, 254, 257 ]
RHandPositionsX: [ 172, 174, 172, 176, 176, 175, 175, 174, 172, 175, 175,
    175, 176, 176, 173, 172, 173, 175, 175, 175, 174, 175, 175, 176, 175,
    173, 173, 175, 173, 176, 172, 175, 173, 173, 177, 174, 175, 173, 178,
    177, 174, 176, 174, 175, 174, 176, 176, 178, 174, 174, 174, 177, 175,
    175, 176, 177, 178, 174, 177, 175, 178, 174, 176, 178, 176, 175, 175,
    175, 178, 178, 176, 177, 176, 177, 176, 178, 176, 175, 174, 177, 177,
    177, 175, 174, 178, 175, 175, 178 ]
RHandPositionsY: [ 277, 274, 276, 276, 275, 275, 274, 274, 275, 274, 275,
    273, 276, 275, 274, 276, 273, 275, 273, 275, 277, 274, 274, 274, 277,
    275, 274, 275, 273, 276, 274, 274, 276, 273, 275, 277, 274, 277, 273,
    275, 275, 276, 276, 274, 273, 273, 276, 277, 273, 274, 273, 276, 276,
    276, 277, 276, 277, 277, 273, 275, 274, 277, 274, 276, 274, 273, 277,
    275, 277, 277, 276, 273, 276, 276, 276, 276, 275, 273, 274, 274, 276,
    276, 275, 275, 273, 276, 277, 277 ]
