%YAML:1.0
---
videoName: "LHShake23.mp4"
gestureLabel: 2
fps: 30
pixelSizeInCmTemp: 3.3263888888888887e-01
faceCenterPointX: 259
faceCenterPointY: 79
LHandPositionsX: [ 332, 334, 333, 333, 334, 333, 331, 332, 332, 331, 331,
    333, 340, 344, 348, 362, 369, 371, 374, 378, 378, 378, 377, 368, 359,
    353, 354, 351, 356, 363, 369, 377, 384, 385, 384, 378, 369, 361, 362,
    358, 360, 367, 379, 382, 385, 381, 380, 372, 361, 355, 357, 354, 358,
    365, 372, 382, 382, 379, 377, 373, 368, 357, 355, 356, 356, 363, 372,
    378, 378, 379, 380, 376, 369, 361, 355, 349, 346, 345, 339, 338, 339,
    336, 339, 339, 337, 334, 334, 335, 338, 333, 337 ]
LHandPositionsY: [ 266, 266, 266, 266, 266, 264, 262, 265, 264, 264, 260,
    254, 244, 231, 231, 213, 201, 199, 191, 185, 180, 171, 166, 164, 167,
    167, 167, 171, 171, 168, 163, 160, 159, 160, 161, 161, 164, 162, 163,
    166, 167, 165, 163, 161, 161, 160, 157, 158, 163, 163, 165, 164, 169,
    167, 167, 163, 166, 165, 165, 163, 167, 170, 170, 167, 167, 170, 167,
    170, 169, 168, 169, 173, 177, 182, 195, 203, 215, 229, 238, 248, 248,
    250, 251, 252, 251, 256, 252, 252, 253, 254, 254 ]
RHandPositionsX: [ 186, 186, 184, 182, 182, 183, 184, 182, 184, 184, 186,
    185, 186, 182, 185, 184, 186, 186, 182, 186, 182, 183, 184, 185, 183,
    185, 182, 186, 184, 185, 182, 186, 185, 185, 183, 185, 182, 185, 184,
    185, 184, 184, 183, 182, 184, 185, 184, 182, 185, 185, 182, 184, 183,
    185, 182, 183, 184, 185, 182, 184, 183, 182, 185, 182, 186, 184, 183,
    186, 184, 185, 185, 184, 185, 186, 182, 186, 186, 184, 183, 184, 184,
    185, 182, 185, 182, 182, 184, 183, 185, 185, 184 ]
RHandPositionsY: [ 273, 270, 272, 272, 270, 274, 273, 270, 270, 272, 270,
    273, 273, 270, 271, 271, 272, 272, 274, 270, 272, 273, 274, 270, 270,
    273, 272, 274, 271, 274, 270, 273, 271, 270, 272, 272, 272, 272, 273,
    270, 273, 274, 270, 271, 271, 270, 272, 272, 271, 273, 273, 271, 272,
    273, 270, 272, 272, 273, 270, 272, 270, 273, 272, 272, 270, 272, 271,
    274, 274, 270, 272, 273, 274, 271, 270, 270, 274, 271, 271, 271, 270,
    274, 274, 272, 270, 271, 270, 273, 273, 270, 274 ]
