%YAML:1.0
---
videoName: "LHShake18.mp4"
gestureLabel: 2
fps: 29
pixelSizeInCmTemp: 3.4214285714285714e-01
faceCenterPointX: 253
faceCenterPointY: 65
LHandPositionsX: [ 311, 311, 311, 313, 311, 312, 315, 315, 313, 315, 312,
    314, 312, 313, 312, 314, 313, 316, 321, 323, 330, 338, 344, 348, 351,
    348, 337, 327, 313, 296, 301, 306, 305, 311, 313, 311, 311, 308, 299,
    294, 293, 298, 305, 315, 313, 313, 308, 298, 289, 287, 284, 295, 307,
    314, 312, 313, 304, 295, 286, 285, 293, 302, 307, 309, 310, 307, 302,
    295, 295, 301, 303, 305, 307, 309, 313, 312, 307, 305, 307, 304, 304,
    307, 307, 310, 308, 309, 308, 309 ]
LHandPositionsY: [ 249, 249, 246, 250, 249, 247, 249, 246, 249, 248, 246,
    247, 249, 246, 247, 250, 245, 251, 245, 236, 219, 204, 188, 177, 166,
    157, 153, 147, 147, 139, 135, 144, 144, 140, 139, 140, 143, 147, 143,
    137, 134, 143, 147, 146, 143, 146, 148, 148, 143, 142, 143, 148, 146,
    150, 145, 149, 149, 142, 145, 144, 149, 150, 155, 151, 153, 153, 157,
    145, 148, 153, 156, 154, 151, 155, 160, 168, 177, 188, 197, 208, 216,
    219, 218, 230, 234, 230, 231, 232 ]
RHandPositionsX: [ 195, 197, 194, 196, 198, 198, 196, 196, 199, 199, 198,
    195, 195, 196, 198, 198, 198, 197, 199, 198, 199, 199, 195, 195, 198,
    195, 198, 198, 196, 195, 197, 195, 199, 199, 199, 197, 197, 196, 200,
    197, 195, 195, 197, 197, 199, 199, 198, 199, 200, 196, 196, 197, 200,
    196, 196, 195, 198, 198, 197, 200, 198, 197, 198, 198, 195, 197, 197,
    199, 195, 194, 196, 195, 196, 197, 198, 196, 194, 194, 194, 196, 198,
    194, 196, 196, 198, 198, 197, 197 ]
RHandPositionsY: [ 265, 265, 264, 263, 264, 267, 267, 264, 263, 265, 264,
    267, 265, 267, 264, 263, 267, 263, 263, 267, 265, 265, 267, 266, 265,
    267, 264, 266, 266, 266, 263, 262, 264, 266, 263, 266, 263, 268, 264,
    267, 267, 267, 264, 268, 268, 266, 266, 267, 265, 266, 266, 264, 267,
    266, 265, 265, 265, 269, 265, 265, 267, 265, 267, 265, 268, 265, 264,
    267, 264, 268, 268, 268, 268, 265, 264, 265, 268, 267, 264, 265, 268,
    267, 264, 264, 266, 265, 267, 265 ]
