%YAML:1.0
---
videoName: "LHShake21.mp4"
gestureLabel: 2
fps: 29
pixelSizeInCmTemp: 3.4214285714285714e-01
faceCenterPointX: 266
faceCenterPointY: 79
LHandPositionsX: [ 347, 350, 367, 372, 381, 396, 398, 404, 424, 414, 417,
    401, 391, 378, 375, 377, 372, 379, 385, 404, 399, 400, 395, 395, 383,
    374, 368, 372, 372, 372, 374, 392, 391, 387, 387, 381, 374, 370, 366,
    368, 368, 368, 375, 388, 388, 383, 397, 394, 382, 375, 365, 364, 365,
    370, 374, 380, 386, 385, 385, 387, 387, 383, 374, 367, 358, 352, 345,
    340, 334, 336, 334, 336, 334, 335, 335, 331, 331, 330, 333, 334, 332,
    334, 331, 333, 334, 333, 332, 333 ]
LHandPositionsY: [ 271, 265, 244, 225, 208, 190, 185, 169, 155, 152, 138,
    136, 135, 133, 134, 133, 129, 129, 130, 127, 131, 131, 131, 134, 136,
    134, 144, 143, 144, 135, 133, 133, 136, 133, 133, 136, 138, 144, 148,
    145, 146, 146, 140, 136, 138, 140, 134, 140, 142, 149, 150, 153, 152,
    154, 153, 145, 142, 139, 140, 146, 155, 159, 170, 180, 191, 204, 212,
    226, 235, 237, 243, 248, 252, 250, 249, 252, 254, 250, 253, 253, 250,
    252, 253, 254, 251, 251, 250, 251 ]
RHandPositionsX: [ 188, 188, 185, 185, 185, 188, 185, 184, 188, 184, 185,
    184, 184, 188, 184, 184, 184, 185, 185, 188, 187, 184, 187, 188, 186,
    188, 188, 188, 188, 186, 187, 184, 187, 188, 184, 184, 187, 184, 187,
    188, 184, 184, 187, 185, 185, 185, 187, 185, 188, 186, 185, 188, 184,
    185, 185, 188, 188, 187, 186, 187, 186, 186, 184, 187, 184, 185, 187,
    188, 187, 188, 184, 185, 184, 185, 185, 188, 185, 186, 188, 186, 186,
    185, 188, 188, 187, 186, 184, 184 ]
RHandPositionsY: [ 269, 267, 265, 265, 267, 269, 265, 267, 265, 268, 265,
    267, 266, 266, 268, 267, 269, 265, 267, 268, 269, 265, 269, 266, 266,
    269, 268, 265, 268, 268, 266, 265, 265, 265, 266, 265, 266, 268, 265,
    266, 268, 266, 269, 266, 265, 267, 266, 267, 265, 268, 267, 269, 266,
    265, 268, 266, 269, 265, 267, 267, 268, 269, 265, 269, 269, 269, 266,
    268, 267, 265, 265, 268, 267, 268, 269, 265, 266, 267, 267, 269, 265,
    269, 267, 265, 268, 269, 268, 267 ]
