%YAML:1.0
---
videoName: "LHShake20.mp4"
gestureLabel: 2
fps: 30
pixelSizeInCmTemp: 3.3732394366197183e-01
faceCenterPointX: 249
faceCenterPointY: 62
LHandPositionsX: [ 314, 313, 312, 315, 312, 313, 313, 316, 318, 318, 321,
    326, 333, 341, 340, 338, 330, 322, 315, 312, 314, 310, 315, 327, 338,
    338, 338, 336, 331, 323, 317, 320, 320, 326, 336, 342, 340, 341, 333,
    322, 323, 323, 323, 328, 335, 333, 328, 329, 323, 322, 318, 318, 318,
    323, 326, 326, 330, 328, 321, 318, 319, 316, 318, 317, 320, 320, 322,
    320, 315, 313, 314, 313, 315, 313, 312, 313, 312, 316, 313, 316, 315,
    314, 315, 313, 316, 315, 315, 312, 316, 315, 313 ]
LHandPositionsY: [ 248, 246, 247, 246, 250, 247, 248, 246, 237, 227, 219,
    202, 190, 177, 173, 166, 159, 159, 158, 161, 160, 155, 147, 149, 145,
    145, 146, 143, 140, 145, 146, 150, 147, 146, 142, 144, 141, 142, 143,
    147, 149, 145, 144, 141, 142, 140, 140, 143, 140, 146, 149, 147, 147,
    141, 137, 138, 134, 136, 137, 144, 144, 143, 144, 146, 146, 149, 161,
    167, 180, 190, 203, 214, 217, 218, 221, 227, 230, 228, 232, 230, 231,
    235, 232, 233, 238, 239, 238, 238, 239, 236, 238 ]
RHandPositionsX: [ 179, 183, 181, 180, 181, 179, 183, 182, 182, 180, 180,
    179, 180, 181, 181, 181, 182, 180, 181, 181, 179, 181, 182, 183, 183,
    180, 181, 181, 181, 180, 181, 183, 180, 182, 182, 179, 182, 181, 179,
    179, 179, 181, 182, 181, 183, 180, 182, 182, 180, 180, 182, 179, 180,
    181, 181, 179, 182, 179, 180, 180, 183, 181, 180, 181, 180, 183, 181,
    180, 183, 180, 183, 182, 183, 179, 181, 179, 178, 180, 181, 178, 178,
    182, 181, 181, 182, 179, 179, 178, 180, 178, 180 ]
RHandPositionsY: [ 256, 253, 253, 255, 253, 257, 253, 254, 254, 255, 252,
    254, 256, 252, 252, 256, 252, 252, 256, 252, 252, 255, 254, 256, 255,
    254, 252, 254, 254, 255, 252, 254, 252, 251, 253, 253, 252, 251, 254,
    252, 251, 254, 252, 252, 254, 254, 252, 255, 254, 255, 251, 254, 254,
    255, 251, 251, 255, 253, 253, 253, 255, 253, 253, 251, 254, 251, 255,
    255, 255, 251, 253, 255, 255, 254, 255, 254, 255, 253, 253, 252, 255,
    255, 253, 254, 254, 255, 254, 252, 253, 253, 253 ]
