%YAML:1.0
---
videoName: "LHShake10.mp4"
gestureLabel: 2
fps: 29
pixelSizeInCmTemp: 3.4214285714285714e-01
faceCenterPointX: 253
faceCenterPointY: 65
LHandPositionsX: [ 335, 338, 335, 338, 335, 340, 342, 349, 354, 360, 364,
    375, 384, 390, 396, 393, 396, 382, 377, 363, 354, 350, 349, 354, 360,
    372, 381, 390, 392, 394, 389, 383, 375, 365, 355, 357, 359, 364, 370,
    373, 374, 374, 374, 372, 370, 362, 353, 345, 346, 346, 344, 354, 361,
    372, 382, 380, 382, 375, 363, 355, 349, 348, 350, 351, 356, 364, 376,
    379, 376, 377, 378, 374, 366, 363, 355, 351, 343, 342, 337, 337, 336,
    335, 334, 337, 334, 336, 336, 334 ]
LHandPositionsY: [ 271, 270, 272, 270, 268, 268, 266, 262, 249, 238, 224,
    206, 191, 181, 168, 155, 140, 139, 135, 142, 146, 148, 145, 147, 150,
    149, 137, 138, 139, 143, 142, 144, 149, 147, 152, 152, 148, 145, 139,
    133, 131, 133, 133, 131, 132, 130, 137, 142, 142, 144, 146, 146, 140,
    139, 139, 139, 141, 142, 145, 146, 151, 153, 151, 151, 150, 150, 147,
    144, 144, 145, 150, 154, 157, 163, 174, 184, 193, 206, 219, 230, 246,
    253, 254, 257, 258, 255, 260, 258 ]
RHandPositionsX: [ 173, 176, 173, 172, 173, 176, 172, 174, 172, 173, 173,
    174, 173, 175, 172, 176, 171, 175, 171, 175, 175, 173, 173, 171, 173,
    172, 171, 172, 172, 171, 172, 171, 173, 173, 172, 175, 172, 173, 173,
    171, 171, 173, 174, 174, 175, 173, 174, 175, 172, 172, 171, 172, 171,
    174, 171, 175, 171, 174, 172, 174, 171, 172, 171, 172, 171, 175, 173,
    172, 173, 175, 172, 174, 174, 171, 173, 174, 172, 171, 173, 174, 173,
    171, 172, 171, 175, 171, 174, 171 ]
RHandPositionsY: [ 275, 274, 278, 276, 276, 274, 276, 277, 276, 278, 274,
    274, 278, 275, 275, 275, 274, 275, 276, 276, 278, 278, 274, 278, 274,
    278, 276, 275, 278, 275, 276, 274, 274, 278, 276, 274, 275, 274, 277,
    275, 276, 275, 275, 274, 275, 276, 274, 278, 275, 275, 277, 276, 277,
    278, 274, 274, 278, 274, 277, 277, 276, 276, 274, 277, 276, 274, 278,
    276, 278, 278, 276, 278, 277, 275, 275, 274, 274, 274, 275, 274, 278,
    276, 275, 276, 275, 274, 275, 276 ]
