%YAML:1.0
---
videoName: "LHShake14.mp4"
gestureLabel: 2
fps: 29
pixelSizeInCmTemp: 3.2808219178082193e-01
faceCenterPointX: 256
faceCenterPointY: 64
LHandPositionsX: [ 352, 355, 350, 358, 368, 382, 392, 387, 386, 379, 369,
    358, 360, 357, 361, 372, 382, 385, 382, 379, 375, 363, 354, 355, 351,
    357, 369, 381, 388, 385, 384, 379, 370, 356, 357, 358, 359, 368, 379,
    381, 381, 378, 370, 361, 361, 360, 357, 366, 372, 378, 379, 376, 370,
    366, 356, 348, 340, 336, 330, 331, 330, 330, 329, 331, 331, 330, 331,
    330, 328, 330, 332, 331, 329, 331, 329, 328, 330, 330, 330, 327, 331,
    329, 328, 329, 331, 327, 330, 331 ]
LHandPositionsY: [ 146, 144, 148, 143, 141, 137, 140, 141, 141, 143, 145,
    146, 146, 149, 144, 146, 140, 141, 140, 138, 139, 143, 146, 148, 145,
    147, 146, 142, 140, 143, 143, 143, 145, 146, 148, 148, 148, 144, 144,
    145, 143, 143, 143, 143, 142, 143, 143, 142, 139, 141, 141, 143, 149,
    153, 160, 165, 177, 189, 200, 208, 221, 231, 233, 236, 240, 248, 247,
    249, 247, 252, 253, 252, 251, 250, 248, 248, 248, 250, 250, 248, 251,
    248, 249, 252, 249, 250, 248, 252 ]
RHandPositionsX: [ 183, 185, 182, 181, 181, 182, 179, 179, 183, 180, 180,
    179, 178, 181, 180, 177, 178, 177, 176, 177, 179, 179, 178, 177, 179,
    175, 178, 175, 176, 176, 175, 176, 176, 178, 175, 176, 176, 178, 177,
    179, 176, 176, 176, 175, 175, 177, 176, 179, 175, 179, 179, 178, 178,
    176, 179, 176, 176, 177, 177, 177, 179, 177, 178, 179, 178, 179, 179,
    175, 175, 177, 177, 177, 175, 178, 179, 179, 178, 179, 179, 175, 178,
    177, 179, 176, 179, 178, 177, 176 ]
RHandPositionsY: [ 277, 279, 277, 275, 275, 277, 279, 275, 278, 276, 277,
    274, 277, 275, 278, 273, 273, 274, 276, 275, 276, 274, 274, 273, 275,
    276, 275, 275, 277, 276, 274, 276, 273, 276, 274, 276, 276, 274, 276,
    276, 275, 275, 277, 276, 276, 276, 273, 275, 273, 276, 273, 273, 275,
    273, 275, 276, 274, 273, 274, 276, 273, 277, 273, 273, 276, 277, 277,
    277, 275, 275, 275, 274, 275, 275, 276, 274, 275, 273, 274, 273, 275,
    275, 274, 274, 277, 273, 274, 274 ]
