%YAML:1.0
---
videoName: "LHShake22.mp4"
gestureLabel: 2
fps: 29
pixelSizeInCmTemp: 3.5220588235294115e-01
faceCenterPointX: 261
faceCenterPointY: 79
LHandPositionsX: [ 335, 345, 350, 357, 356, 356, 355, 353, 347, 335, 330,
    318, 321, 321, 317, 324, 329, 337, 346, 342, 342, 342, 335, 328, 323,
    322, 323, 328, 333, 338, 344, 340, 340, 337, 331, 321, 315, 316, 319,
    324, 328, 336, 338, 336, 337, 332, 327, 322, 321, 318, 323, 329, 335,
    342, 341, 344, 343, 336, 324, 319, 320, 315, 318, 325, 328, 338, 333,
    333, 334, 329, 327, 326, 320, 320, 320, 321, 325, 327, 325, 323, 326,
    325, 327, 324, 326, 327, 327, 326 ]
LHandPositionsY: [ 259, 253, 247, 237, 236, 221, 205, 204, 196, 189, 185,
    183, 185, 184, 181, 182, 177, 176, 173, 173, 170, 169, 172, 178, 177,
    180, 176, 180, 175, 171, 173, 171, 169, 172, 173, 180, 181, 180, 184,
    181, 181, 178, 174, 173, 173, 176, 176, 183, 181, 179, 182, 180, 180,
    174, 178, 178, 175, 178, 181, 180, 182, 182, 180, 180, 180, 176, 177,
    178, 183, 191, 194, 200, 210, 220, 230, 239, 241, 244, 245, 249, 246,
    246, 248, 251, 249, 249, 251, 250 ]
RHandPositionsX: [ 192, 190, 191, 193, 192, 191, 192, 192, 191, 192, 189,
    191, 189, 191, 189, 192, 190, 190, 193, 191, 192, 189, 192, 190, 192,
    189, 193, 193, 190, 192, 191, 190, 193, 191, 191, 193, 190, 191, 190,
    192, 190, 190, 189, 192, 189, 193, 193, 192, 192, 193, 191, 193, 190,
    192, 192, 189, 193, 189, 192, 190, 189, 192, 189, 189, 189, 189, 189,
    189, 190, 189, 192, 191, 192, 189, 189, 189, 189, 193, 189, 190, 193,
    191, 191, 193, 192, 193, 192, 191 ]
RHandPositionsY: [ 269, 270, 269, 266, 268, 270, 270, 267, 268, 268, 269,
    269, 268, 267, 268, 266, 269, 269, 267, 266, 268, 266, 266, 267, 269,
    268, 269, 266, 268, 270, 267, 270, 269, 270, 267, 266, 268, 269, 268,
    266, 267, 267, 269, 266, 270, 268, 266, 267, 267, 267, 267, 267, 270,
    269, 268, 269, 270, 266, 267, 270, 266, 269, 267, 266, 267, 268, 266,
    266, 270, 268, 269, 266, 266, 270, 270, 270, 268, 269, 267, 267, 269,
    268, 269, 269, 267, 269, 268, 266 ]
