%YAML:1.0
---
videoName: "LHShake18.mp4"
gestureLabel: 2
fps: 29
pixelSizeInCmTemp: 3.4214285714285714e-01
faceCenterPointX: 253
faceCenterPointY: 65
LHandPositionsX: [ 313, 311, 311, 311, 313, 312, 313, 313, 315, 311, 313,
    314, 311, 313, 311, 314, 317, 318, 325, 322, 329, 338, 346, 348, 349,
    348, 336, 325, 315, 297, 303, 303, 309, 315, 311, 315, 313, 308, 298,
    291, 294, 301, 309, 315, 309, 310, 305, 298, 288, 285, 285, 296, 305,
    314, 312, 309, 306, 293, 284, 285, 293, 302, 307, 309, 310, 309, 304,
    293, 297, 302, 302, 306, 306, 310, 313, 309, 306, 308, 306, 306, 308,
    305, 306, 309, 308, 307, 309, 308 ]
LHandPositionsY: [ 248, 247, 248, 246, 248, 248, 248, 249, 249, 249, 249,
    248, 246, 250, 248, 247, 248, 251, 242, 233, 220, 203, 191, 176, 168,
    158, 153, 145, 146, 139, 137, 143, 145, 140, 140, 142, 143, 146, 146,
    137, 137, 144, 148, 145, 146, 148, 147, 148, 143, 142, 140, 146, 148,
    150, 145, 151, 149, 145, 145, 143, 150, 150, 155, 153, 151, 154, 157,
    146, 146, 151, 156, 153, 154, 153, 160, 167, 176, 186, 197, 208, 214,
    216, 222, 232, 233, 230, 230, 234 ]
RHandPositionsX: [ 197, 194, 196, 196, 198, 196, 195, 195, 197, 199, 195,
    197, 197, 198, 195, 197, 197, 196, 198, 199, 198, 198, 196, 195, 195,
    195, 195, 195, 195, 198, 196, 194, 199, 197, 199, 196, 197, 197, 196,
    195, 198, 195, 199, 199, 198, 198, 198, 197, 197, 198, 196, 198, 199,
    198, 198, 196, 198, 199, 198, 199, 195, 199, 195, 197, 195, 195, 198,
    196, 197, 198, 198, 195, 194, 196, 194, 195, 197, 195, 196, 196, 195,
    197, 196, 198, 197, 196, 196, 197 ]
RHandPositionsY: [ 266, 264, 266, 266, 265, 265, 267, 263, 263, 265, 267,
    265, 265, 267, 265, 265, 266, 265, 266, 267, 263, 264, 266, 265, 263,
    263, 264, 263, 263, 265, 266, 264, 265, 266, 266, 263, 265, 266, 264,
    267, 267, 267, 267, 264, 265, 265, 265, 268, 266, 264, 266, 267, 266,
    266, 265, 265, 268, 265, 266, 266, 267, 265, 265, 265, 269, 267, 264,
    267, 268, 266, 265, 266, 268, 267, 264, 264, 266, 265, 267, 267, 268,
    264, 268, 268, 266, 267, 266, 266 ]
