%YAML:1.0
---
videoName: "LHShake20.mp4"
gestureLabel: 2
fps: 30
pixelSizeInCmTemp: 3.3732394366197183e-01
faceCenterPointX: 249
faceCenterPointY: 62
LHandPositionsX: [ 316, 316, 315, 315, 314, 313, 316, 313, 318, 317, 321,
    329, 332, 338, 340, 340, 330, 318, 313, 316, 313, 310, 316, 325, 335,
    336, 338, 337, 331, 324, 319, 316, 318, 323, 336, 339, 338, 339, 330,
    326, 326, 324, 320, 324, 335, 333, 331, 331, 323, 319, 319, 322, 318,
    326, 324, 326, 330, 328, 320, 320, 317, 318, 318, 320, 321, 321, 323,
    318, 317, 317, 313, 314, 316, 312, 313, 312, 312, 314, 314, 314, 315,
    314, 313, 312, 313, 313, 312, 314, 316, 315, 315 ]
LHandPositionsY: [ 250, 249, 248, 249, 246, 245, 246, 243, 236, 228, 219,
    204, 191, 179, 172, 165, 161, 157, 158, 162, 161, 156, 151, 147, 143,
    146, 144, 145, 144, 147, 149, 148, 145, 144, 145, 142, 142, 144, 142,
    147, 147, 149, 146, 141, 142, 141, 141, 140, 141, 149, 146, 150, 147,
    144, 140, 135, 136, 137, 137, 142, 144, 144, 145, 145, 146, 150, 157,
    167, 179, 190, 200, 213, 213, 220, 222, 227, 229, 232, 232, 229, 231,
    232, 232, 236, 238, 236, 238, 239, 236, 236, 240 ]
RHandPositionsX: [ 181, 183, 180, 183, 181, 181, 181, 179, 182, 179, 182,
    180, 181, 180, 181, 182, 181, 181, 182, 179, 183, 179, 179, 180, 181,
    182, 183, 182, 179, 181, 180, 183, 180, 182, 179, 180, 180, 180, 179,
    180, 181, 181, 183, 183, 182, 183, 182, 179, 183, 180, 182, 180, 180,
    182, 181, 182, 181, 179, 179, 180, 180, 183, 182, 179, 183, 182, 182,
    183, 180, 179, 182, 181, 179, 183, 179, 180, 181, 181, 182, 180, 182,
    179, 180, 180, 182, 182, 178, 178, 181, 182, 182 ]
RHandPositionsY: [ 255, 256, 256, 256, 257, 256, 256, 255, 256, 252, 252,
    255, 256, 254, 253, 253, 252, 255, 254, 255, 256, 252, 254, 255, 255,
    252, 256, 255, 256, 254, 252, 254, 251, 251, 255, 254, 253, 253, 253,
    251, 255, 254, 252, 252, 255, 254, 252, 254, 255, 255, 253, 255, 251,
    252, 255, 254, 254, 255, 253, 252, 255, 255, 252, 251, 251, 255, 251,
    251, 253, 253, 255, 255, 253, 251, 251, 255, 253, 252, 255, 251, 253,
    251, 255, 253, 251, 254, 254, 251, 253, 255, 254 ]
