%YAML:1.0
---
videoName: "LHShake11.mp4"
gestureLabel: 2
fps: 29
pixelSizeInCmTemp: 3.3732394366197183e-01
faceCenterPointX: 260
faceCenterPointY: 69
LHandPositionsX: [ 387, 386, 384, 376, 366, 354, 349, 350, 347, 346, 355,
    360, 368, 366, 364, 363, 358, 351, 346, 347, 345, 350, 353, 360, 360,
    357, 360, 352, 351, 345, 348, 345, 347, 352, 356, 356, 355, 350, 347,
    341, 341, 341, 339, 341, 345, 355, 356, 357, 357, 358, 350, 345, 339,
    341, 338, 339, 348, 353, 357, 360, 363, 364, 362, 356, 352, 344, 338,
    331, 330, 329, 330, 331, 332, 331, 336, 334, 333, 332, 334, 333, 331,
    331, 332, 335, 332, 332, 333, 332 ]
LHandPositionsY: [ 178, 160, 154, 140, 145, 143, 149, 146, 146, 135, 129,
    129, 126, 127, 125, 129, 130, 139, 141, 141, 142, 136, 129, 131, 131,
    128, 128, 133, 141, 146, 144, 145, 145, 140, 132, 133, 137, 135, 138,
    141, 143, 143, 145, 145, 143, 136, 134, 131, 134, 128, 136, 141, 148,
    144, 149, 146, 145, 139, 137, 138, 141, 142, 147, 154, 164, 178, 191,
    202, 215, 229, 228, 232, 237, 241, 246, 245, 246, 247, 251, 248, 252,
    250, 252, 249, 249, 248, 251, 250 ]
RHandPositionsX: [ 182, 179, 179, 179, 183, 180, 179, 182, 183, 183, 182,
    183, 180, 180, 179, 183, 180, 180, 179, 183, 180, 183, 180, 183, 181,
    182, 183, 182, 183, 180, 181, 182, 183, 180, 179, 181, 180, 181, 179,
    181, 180, 179, 180, 183, 182, 179, 183, 181, 183, 182, 180, 182, 182,
    179, 181, 179, 181, 180, 182, 179, 182, 181, 180, 183, 180, 180, 179,
    179, 182, 182, 183, 181, 179, 181, 179, 182, 179, 180, 183, 180, 180,
    180, 183, 181, 183, 180, 180, 179 ]
RHandPositionsY: [ 273, 274, 275, 275, 273, 274, 273, 274, 277, 274, 275,
    277, 274, 274, 274, 274, 277, 277, 273, 275, 274, 273, 275, 276, 273,
    275, 274, 276, 274, 276, 277, 277, 277, 277, 276, 277, 273, 277, 273,
    274, 274, 273, 276, 274, 275, 276, 276, 276, 275, 277, 273, 276, 276,
    277, 277, 275, 275, 277, 276, 275, 276, 274, 275, 277, 275, 274, 277,
    273, 273, 277, 275, 275, 277, 273, 274, 273, 274, 274, 276, 274, 273,
    274, 276, 275, 277, 275, 274, 273 ]
