%YAML:1.0
---
videoName: "LHShake12.mp4"
gestureLabel: 2
fps: 29
pixelSizeInCmTemp: 3.3263888888888887e-01
faceCenterPointX: 259
faceCenterPointY: 64
LHandPositionsX: [ 367, 356, 347, 347, 344, 344, 352, 362, 374, 384, 380,
    381, 376, 363, 353, 348, 351, 347, 345, 357, 366, 377, 375, 375, 376,
    369, 362, 351, 340, 342, 339, 343, 348, 359, 370, 370, 370, 371, 369,
    358, 346, 342, 344, 340, 347, 354, 364, 368, 365, 371, 368, 358, 345,
    340, 342, 339, 339, 350, 355, 367, 367, 369, 366, 365, 351, 340, 334,
    325, 325, 318, 316, 317, 320, 326, 328, 332, 332, 333, 335, 333, 334,
    337, 333, 336, 336, 336, 337, 335 ]
LHandPositionsY: [ 166, 165, 162, 161, 164, 160, 156, 153, 152, 151, 149,
    153, 152, 153, 156, 157, 155, 156, 154, 154, 150, 148, 145, 147, 142,
    145, 145, 148, 154, 153, 154, 152, 148, 149, 148, 146, 149, 147, 148,
    151, 152, 157, 154, 154, 156, 153, 152, 152, 152, 148, 152, 150, 154,
    157, 156, 156, 155, 152, 147, 145, 147, 147, 145, 148, 148, 154, 160,
    170, 177, 186, 198, 207, 224, 235, 244, 246, 246, 253, 253, 257, 256,
    257, 256, 259, 258, 257, 255, 257 ]
RHandPositionsX: [ 178, 176, 175, 176, 177, 177, 178, 176, 176, 176, 174,
    176, 174, 175, 174, 176, 177, 178, 174, 177, 175, 176, 174, 175, 175,
    175, 174, 177, 178, 178, 175, 177, 174, 177, 176, 176, 174, 174, 178,
    176, 177, 177, 175, 175, 175, 177, 174, 175, 177, 175, 174, 177, 177,
    177, 176, 176, 178, 177, 175, 175, 176, 178, 175, 178, 174, 178, 174,
    175, 177, 178, 176, 176, 178, 178, 175, 176, 175, 177, 178, 174, 175,
    176, 178, 176, 177, 174, 175, 178 ]
RHandPositionsY: [ 271, 271, 273, 271, 272, 273, 272, 273, 275, 272, 273,
    275, 271, 272, 271, 274, 274, 275, 271, 271, 272, 274, 275, 273, 275,
    272, 274, 274, 273, 272, 274, 271, 274, 275, 271, 273, 274, 275, 274,
    273, 274, 275, 275, 271, 271, 274, 275, 271, 274, 273, 271, 275, 273,
    275, 271, 271, 274, 273, 275, 271, 274, 272, 271, 275, 273, 271, 275,
    273, 274, 274, 273, 272, 275, 274, 274, 272, 271, 274, 272, 274, 275,
    273, 272, 272, 275, 272, 273, 274 ]
