%YAML:1.0
---
videoName: "LHShake21.mp4"
gestureLabel: 2
fps: 29
pixelSizeInCmTemp: 3.4214285714285714e-01
faceCenterPointX: 266
faceCenterPointY: 79
LHandPositionsX: [ 348, 350, 366, 372, 381, 394, 399, 406, 422, 415, 417,
    403, 390, 376, 373, 379, 373, 378, 384, 403, 400, 397, 394, 392, 385,
    375, 369, 373, 372, 370, 378, 391, 391, 386, 385, 384, 375, 369, 368,
    369, 367, 371, 375, 391, 389, 383, 397, 390, 380, 373, 366, 367, 367,
    370, 373, 380, 385, 385, 386, 388, 387, 383, 374, 366, 359, 349, 343,
    338, 337, 337, 333, 333, 336, 332, 332, 333, 330, 334, 331, 332, 334,
    333, 330, 333, 334, 332, 330, 331 ]
LHandPositionsY: [ 272, 266, 247, 225, 207, 194, 184, 169, 152, 150, 138,
    132, 132, 132, 134, 133, 129, 129, 131, 131, 130, 131, 130, 134, 137,
    131, 144, 143, 141, 137, 136, 131, 135, 136, 133, 137, 137, 145, 147,
    146, 146, 146, 141, 138, 136, 136, 137, 137, 139, 148, 152, 153, 151,
    153, 153, 143, 140, 143, 140, 148, 155, 159, 168, 181, 189, 203, 213,
    226, 236, 238, 240, 247, 252, 250, 250, 252, 251, 251, 253, 252, 250,
    254, 253, 254, 254, 250, 251, 254 ]
RHandPositionsX: [ 186, 188, 185, 188, 185, 184, 186, 184, 187, 187, 188,
    185, 185, 184, 187, 185, 186, 185, 188, 185, 186, 184, 187, 187, 186,
    187, 186, 188, 187, 186, 188, 188, 184, 185, 184, 184, 187, 184, 187,
    188, 187, 188, 188, 185, 186, 188, 188, 187, 185, 186, 187, 188, 187,
    185, 186, 185, 184, 184, 186, 186, 187, 184, 188, 188, 187, 185, 188,
    188, 186, 187, 184, 185, 184, 187, 187, 184, 187, 188, 188, 184, 188,
    185, 185, 187, 185, 186, 187, 187 ]
RHandPositionsY: [ 265, 267, 266, 268, 268, 268, 268, 265, 267, 268, 267,
    267, 269, 269, 268, 267, 266, 269, 265, 266, 266, 268, 269, 267, 265,
    268, 268, 265, 265, 265, 267, 269, 265, 266, 266, 268, 269, 265, 265,
    267, 269, 266, 265, 266, 266, 269, 267, 265, 269, 269, 268, 268, 265,
    268, 265, 266, 269, 268, 265, 268, 265, 269, 268, 265, 268, 268, 265,
    268, 267, 268, 269, 268, 269, 267, 267, 266, 265, 268, 269, 266, 265,
    266, 269, 266, 268, 266, 269, 265 ]
