%YAML:1.0
---
videoName: "LHShake01.mp4"
gestureLabel: 2
fps: 29
pixelSizeInCmTemp: 3.4214285714285714e-01
faceCenterPointX: 252
faceCenterPointY: 84
LHandPositionsX: [ 363, 367, 366, 363, 358, 353, 349, 342, 337, 334, 334,
    335, 340, 344, 347, 351, 355, 355, 353, 348, 342, 343, 341, 339, 336,
    340, 342, 346, 352, 350, 353, 351, 345, 343, 338, 334, 333, 333, 335,
    343, 342, 347, 349, 348, 347, 347, 345, 339, 336, 335, 332, 337, 334,
    340, 348, 352, 348, 351, 350, 348, 343, 340, 337, 332, 327, 328, 328,
    334, 333, 328, 333, 336, 337, 340, 341, 344, 347, 346, 348, 347, 348,
    347, 350, 350, 353, 352, 348, 351 ]
LHandPositionsY: [ 147, 140, 132, 126, 123, 121, 116, 118, 120, 121, 123,
    123, 120, 118, 113, 109, 108, 106, 110, 112, 109, 114, 115, 112, 114,
    113, 112, 106, 106, 107, 105, 105, 109, 106, 109, 115, 112, 110, 111,
    109, 111, 106, 108, 102, 104, 108, 106, 109, 108, 109, 110, 108, 107,
    107, 104, 101, 105, 102, 103, 101, 106, 105, 105, 121, 132, 143, 153,
    159, 164, 162, 173, 180, 190, 201, 207, 212, 219, 221, 222, 224, 224,
    226, 228, 230, 230, 231, 232, 230 ]
RHandPositionsX: [ 156, 153, 156, 156, 155, 154, 157, 154, 155, 153, 154,
    155, 156, 153, 155, 154, 157, 156, 155, 157, 153, 154, 153, 153, 154,
    156, 153, 156, 157, 156, 153, 154, 155, 157, 157, 157, 155, 157, 154,
    156, 154, 153, 155, 153, 155, 157, 154, 157, 157, 155, 156, 156, 156,
    156, 155, 153, 157, 155, 157, 154, 155, 153, 155, 153, 153, 157, 155,
    156, 154, 157, 156, 156, 157, 154, 156, 155, 155, 157, 153, 156, 156,
    157, 157, 154, 156, 155, 156, 154 ]
RHandPositionsY: [ 269, 271, 267, 271, 269, 268, 268, 270, 267, 266, 268,
    269, 269, 267, 266, 265, 266, 263, 265, 265, 265, 264, 264, 262, 265,
    264, 263, 262, 262, 264, 262, 264, 261, 261, 263, 261, 264, 261, 262,
    264, 260, 262, 262, 261, 260, 261, 262, 262, 259, 262, 263, 263, 259,
    263, 260, 263, 261, 260, 262, 261, 260, 260, 261, 262, 263, 259, 262,
    259, 262, 263, 262, 261, 260, 259, 262, 259, 263, 260, 262, 259, 263,
    263, 261, 260, 262, 263, 261, 263 ]
