%YAML:1.0
---
videoName: "LHShake07.mp4"
gestureLabel: 2
fps: 29
pixelSizeInCmTemp: 3.3732394366197183e-01
faceCenterPointX: 265
faceCenterPointY: 78
LHandPositionsX: [ 349, 348, 354, 358, 361, 371, 378, 386, 388, 392, 393,
    394, 382, 376, 356, 347, 338, 341, 341, 342, 350, 362, 366, 369, 365,
    366, 363, 344, 341, 342, 345, 347, 358, 357, 366, 370, 368, 360, 361,
    351, 343, 346, 344, 350, 359, 361, 362, 359, 364, 362, 338, 328, 335,
    332, 342, 353, 365, 374, 373, 382, 371, 366, 354, 348, 342, 337, 334,
    335, 334, 340, 340, 344, 341, 342, 344, 345, 345, 341, 343, 342, 341,
    343, 344, 344, 341, 343, 343, 342 ]
LHandPositionsY: [ 276, 277, 274, 267, 256, 250, 235, 217, 205, 192, 179,
    163, 152, 139, 141, 138, 146, 144, 148, 147, 142, 138, 134, 137, 139,
    135, 137, 138, 147, 144, 137, 134, 130, 135, 126, 122, 128, 133, 135,
    133, 143, 144, 146, 139, 136, 137, 141, 140, 131, 129, 138, 149, 142,
    137, 130, 133, 130, 136, 133, 130, 134, 136, 145, 158, 169, 177, 193,
    206, 217, 231, 242, 250, 252, 252, 258, 258, 264, 266, 263, 265, 266,
    265, 266, 266, 266, 270, 268, 268 ]
RHandPositionsX: [ 181, 182, 181, 182, 184, 181, 182, 184, 181, 184, 181,
    183, 184, 183, 183, 184, 183, 183, 185, 184, 184, 182, 181, 184, 181,
    183, 182, 184, 182, 184, 185, 181, 183, 182, 184, 185, 183, 184, 181,
    183, 185, 184, 183, 181, 183, 184, 184, 184, 181, 183, 182, 185, 182,
    184, 184, 184, 185, 184, 182, 185, 181, 182, 183, 182, 181, 183, 183,
    182, 184, 183, 182, 182, 185, 185, 183, 182, 182, 182, 181, 181, 185,
    185, 181, 183, 182, 184, 182, 182 ]
RHandPositionsY: [ 280, 277, 277, 276, 279, 279, 276, 277, 277, 278, 277,
    280, 276, 278, 277, 277, 276, 279, 278, 277, 280, 278, 278, 279, 280,
    279, 280, 279, 277, 277, 280, 278, 279, 276, 280, 279, 280, 276, 279,
    277, 280, 277, 278, 280, 276, 280, 279, 278, 279, 277, 278, 280, 280,
    280, 279, 276, 277, 277, 279, 280, 279, 277, 279, 278, 280, 276, 278,
    277, 276, 280, 278, 279, 276, 279, 277, 280, 278, 277, 278, 278, 280,
    280, 279, 279, 280, 277, 280, 279 ]
