%YAML:1.0
---
videoName: "LHShake08.mp4"
gestureLabel: 2
fps: 29
pixelSizeInCmTemp: 3.4710144927536229e-01
faceCenterPointX: 261
faceCenterPointY: 69
LHandPositionsX: [ 338, 342, 343, 346, 351, 344, 353, 361, 367, 371, 375,
    375, 376, 368, 359, 347, 339, 340, 340, 343, 350, 358, 368, 366, 364,
    362, 358, 354, 344, 336, 342, 340, 343, 348, 360, 366, 365, 366, 367,
    364, 355, 342, 339, 336, 335, 336, 343, 347, 355, 358, 359, 357, 358,
    350, 343, 343, 342, 342, 344, 348, 357, 366, 373, 372, 371, 368, 366,
    360, 351, 346, 340, 335, 334, 329, 331, 332, 334, 336, 338, 335, 336,
    337, 335, 338, 338, 337, 336, 338 ]
LHandPositionsY: [ 265, 269, 261, 253, 249, 239, 221, 201, 184, 176, 161,
    154, 144, 143, 145, 145, 148, 153, 151, 150, 148, 147, 137, 138, 140,
    139, 142, 143, 150, 153, 150, 151, 156, 151, 146, 147, 146, 150, 147,
    150, 150, 153, 158, 158, 162, 161, 158, 158, 155, 156, 155, 154, 154,
    156, 158, 161, 162, 163, 162, 158, 156, 150, 148, 147, 148, 145, 147,
    152, 160, 166, 177, 183, 194, 206, 221, 231, 244, 247, 249, 251, 256,
    254, 254, 256, 255, 258, 256, 258 ]
RHandPositionsX: [ 175, 175, 172, 175, 172, 175, 174, 176, 175, 176, 175,
    174, 172, 174, 175, 176, 172, 172, 172, 173, 174, 172, 172, 172, 174,
    176, 176, 175, 172, 175, 176, 176, 176, 173, 173, 176, 174, 177, 175,
    176, 177, 177, 174, 177, 174, 175, 175, 174, 175, 178, 177, 175, 177,
    174, 176, 176, 174, 175, 177, 178, 175, 175, 178, 178, 176, 174, 177,
    176, 176, 176, 175, 174, 175, 175, 176, 176, 174, 175, 177, 176, 174,
    177, 178, 175, 178, 178, 174, 175 ]
RHandPositionsY: [ 275, 274, 275, 273, 274, 276, 273, 273, 275, 276, 276,
    275, 273, 276, 277, 275, 276, 275, 277, 273, 274, 276, 275, 277, 275,
    274, 273, 277, 274, 274, 275, 273, 273, 274, 277, 273, 275, 276, 275,
    276, 276, 277, 273, 274, 277, 274, 274, 276, 273, 274, 276, 274, 277,
    274, 273, 275, 277, 274, 276, 276, 277, 277, 273, 274, 276, 275, 273,
    276, 274, 275, 273, 275, 274, 276, 275, 275, 277, 277, 275, 276, 277,
    277, 277, 275, 273, 275, 275, 274 ]
