%YAML:1.0
---
videoName: "LHShake03.mp4"
gestureLabel: 2
fps: 30
pixelSizeInCmTemp: 3.2808219178082193e-01
faceCenterPointX: 251
faceCenterPointY: 79
LHandPositionsX: [ 342, 347, 348, 357, 356, 357, 352, 349, 336, 329, 313,
    314, 315, 316, 314, 322, 327, 332, 335, 333, 342, 338, 334, 329, 326,
    323, 322, 320, 323, 332, 333, 343, 344, 340, 333, 324, 318, 314, 313,
    313, 314, 319, 327, 332, 337, 336, 332, 327, 325, 321, 326, 325, 332,
    339, 341, 344, 336, 336, 338, 336, 336, 329, 320, 317, 316, 312, 307,
    302, 300, 297, 295, 294, 294, 294, 295, 291, 291, 290, 293, 290, 292,
    289, 291, 290, 287, 287, 285, 284, 285, 287, 284 ]
LHandPositionsY: [ 143, 135, 125, 121, 114, 110, 105, 101, 96, 99, 106,
    106, 105, 102, 95, 94, 91, 86, 85, 89, 82, 85, 87, 89, 87, 88, 89,
    89, 86, 84, 88, 85, 82, 86, 85, 90, 92, 96, 95, 95, 93, 92, 90, 87,
    89, 89, 84, 86, 88, 93, 91, 94, 89, 85, 85, 89, 91, 96, 95, 103, 114,
    129, 140, 155, 168, 176, 185, 198, 206, 212, 224, 220, 223, 230, 233,
    234, 242, 245, 245, 248, 250, 247, 250, 251, 253, 255, 254, 252, 253,
    254, 251 ]
RHandPositionsX: [ 212, 212, 212, 216, 214, 214, 212, 212, 212, 215, 212,
    213, 211, 211, 215, 212, 213, 211, 215, 212, 215, 212, 214, 213, 213,
    211, 211, 211, 214, 215, 212, 214, 211, 212, 212, 214, 215, 211, 212,
    212, 214, 213, 213, 212, 214, 213, 214, 213, 215, 215, 215, 213, 211,
    213, 213, 213, 211, 212, 212, 212, 210, 211, 213, 210, 211, 210, 211,
    211, 212, 214, 213, 214, 210, 214, 214, 210, 211, 210, 213, 212, 213,
    210, 212, 212, 210, 212, 212, 210, 212, 214, 212 ]
RHandPositionsY: [ 255, 254, 257, 256, 256, 253, 253, 256, 252, 252, 252,
    253, 256, 252, 255, 255, 255, 254, 253, 254, 254, 254, 255, 253, 252,
    251, 255, 253, 251, 254, 255, 252, 255, 255, 255, 253, 252, 251, 252,
    254, 255, 251, 253, 255, 254, 251, 255, 253, 255, 254, 251, 254, 254,
    251, 255, 254, 252, 253, 252, 254, 254, 255, 253, 254, 253, 253, 255,
    252, 253, 252, 253, 253, 252, 253, 254, 254, 253, 251, 253, 251, 254,
    255, 253, 253, 255, 255, 255, 252, 254, 254, 255 ]
