%YAML:1.0
---
videoName: "LHShake23.mp4"
gestureLabel: 2
fps: 30
pixelSizeInCmTemp: 3.3263888888888887e-01
faceCenterPointX: 259
faceCenterPointY: 79
LHandPositionsX: [ 331, 331, 331, 332, 333, 334, 334, 330, 333, 334, 333,
    333, 339, 348, 347, 362, 371, 370, 375, 375, 377, 381, 374, 365, 357,
    352, 353, 352, 356, 360, 372, 379, 383, 386, 384, 380, 371, 363, 358,
    358, 363, 367, 375, 385, 382, 380, 382, 374, 362, 357, 355, 354, 358,
    363, 371, 383, 379, 378, 381, 376, 364, 356, 355, 355, 358, 363, 371,
    378, 376, 379, 378, 375, 370, 364, 357, 350, 347, 344, 341, 339, 339,
    339, 339, 338, 338, 337, 334, 338, 336, 337, 333 ]
LHandPositionsY: [ 264, 264, 264, 263, 262, 264, 264, 264, 262, 261, 260,
    252, 244, 233, 228, 215, 200, 195, 192, 187, 183, 170, 166, 168, 168,
    170, 170, 171, 171, 164, 162, 162, 159, 161, 160, 161, 163, 165, 162,
    164, 163, 164, 161, 157, 157, 158, 157, 158, 159, 165, 162, 166, 166,
    168, 165, 165, 163, 165, 163, 162, 164, 166, 166, 170, 171, 168, 166,
    168, 166, 168, 167, 170, 177, 182, 191, 202, 212, 228, 240, 250, 251,
    251, 249, 252, 252, 254, 254, 255, 253, 252, 253 ]
RHandPositionsX: [ 185, 185, 185, 186, 185, 183, 182, 183, 185, 185, 182,
    186, 182, 185, 182, 184, 186, 185, 183, 182, 186, 183, 184, 184, 184,
    185, 183, 182, 183, 186, 183, 184, 182, 182, 186, 183, 185, 183, 184,
    184, 183, 186, 182, 182, 186, 186, 182, 182, 182, 186, 185, 185, 186,
    185, 186, 184, 186, 184, 186, 183, 186, 186, 184, 184, 183, 186, 182,
    183, 182, 184, 184, 184, 186, 183, 183, 182, 184, 183, 184, 186, 186,
    183, 185, 186, 185, 186, 184, 186, 183, 185, 186 ]
RHandPositionsY: [ 273, 274, 270, 273, 272, 270, 274, 273, 273, 273, 271,
    271, 270, 273, 270, 274, 274, 274, 271, 270, 272, 271, 273, 274, 271,
    271, 270, 273, 270, 273, 274, 270, 272, 274, 271, 271, 274, 272, 270,
    270, 274, 272, 271, 272, 271, 272, 273, 270, 274, 271, 271, 271, 273,
    271, 271, 270, 271, 274, 271, 272, 271, 270, 272, 272, 273, 271, 271,
    274, 273, 270, 272, 273, 272, 271, 274, 272, 274, 271, 274, 271, 274,
    270, 274, 270, 273, 274, 271, 271, 270, 270, 274 ]
