%YAML:1.0
---
videoName: "LHShake05.mp4"
gestureLabel: 2
fps: 30
pixelSizeInCmTemp: 3.2364864864864862e-01
faceCenterPointX: 252
faceCenterPointY: 81
LHandPositionsX: [ 295, 291, 291, 293, 293, 291, 293, 292, 294, 294, 294,
    294, 302, 314, 324, 335, 343, 340, 340, 341, 341, 335, 329, 331, 328,
    333, 334, 335, 342, 343, 344, 337, 331, 321, 326, 322, 328, 334, 337,
    336, 337, 328, 320, 322, 320, 324, 328, 332, 336, 340, 336, 327, 327,
    326, 325, 324, 331, 337, 339, 339, 335, 333, 333, 328, 330, 337, 337,
    337, 340, 338, 335, 327, 323, 315, 313, 304, 301, 299, 299, 297, 297,
    295, 293, 293, 294, 291, 294, 292, 293, 296, 294 ]
LHandPositionsY: [ 267, 267, 268, 266, 267, 266, 265, 268, 262, 257, 244,
    227, 211, 200, 188, 172, 166, 160, 159, 154, 153, 154, 155, 154, 156,
    153, 151, 142, 142, 136, 133, 137, 147, 146, 145, 147, 144, 140, 138,
    137, 131, 138, 141, 142, 143, 143, 140, 139, 136, 132, 138, 141, 141,
    144, 144, 142, 139, 139, 136, 138, 142, 143, 142, 142, 145, 142, 139,
    139, 136, 140, 142, 148, 163, 168, 178, 186, 196, 208, 220, 230, 233,
    237, 241, 242, 245, 248, 249, 251, 254, 255, 260 ]
RHandPositionsX: [ 212, 210, 211, 210, 212, 210, 214, 214, 212, 213, 211,
    210, 211, 211, 210, 212, 210, 212, 209, 208, 209, 211, 211, 212, 212,
    211, 208, 207, 210, 206, 206, 210, 209, 210, 209, 210, 210, 210, 209,
    207, 208, 209, 208, 209, 210, 210, 207, 209, 206, 209, 210, 210, 206,
    207, 206, 206, 207, 210, 206, 210, 209, 210, 207, 208, 207, 208, 210,
    208, 210, 210, 206, 209, 206, 206, 208, 207, 210, 206, 209, 209, 209,
    206, 210, 209, 208, 207, 209, 211, 210, 208, 210 ]
RHandPositionsY: [ 263, 263, 264, 265, 265, 262, 266, 264, 264, 264, 266,
    264, 265, 263, 266, 264, 263, 263, 266, 266, 262, 263, 265, 263, 264,
    266, 265, 262, 265, 266, 263, 262, 264, 264, 265, 263, 261, 265, 262,
    264, 264, 261, 262, 261, 264, 262, 262, 261, 261, 262, 262, 261, 261,
    263, 265, 263, 265, 263, 261, 265, 261, 263, 265, 263, 262, 265, 265,
    265, 264, 265, 263, 262, 263, 265, 261, 264, 263, 262, 262, 263, 261,
    264, 262, 263, 263, 262, 265, 265, 265, 265, 261 ]
