%YAML:1.0
---
videoName: "LHShake10.mp4"
gestureLabel: 2
fps: 29
pixelSizeInCmTemp: 3.4214285714285714e-01
faceCenterPointX: 253
faceCenterPointY: 65
LHandPositionsX: [ 335, 337, 335, 334, 337, 338, 342, 347, 354, 357, 364,
    377, 381, 393, 393, 396, 393, 385, 374, 365, 355, 351, 351, 351, 361,
    368, 379, 393, 389, 391, 389, 386, 377, 363, 359, 356, 357, 364, 368,
    373, 375, 372, 370, 371, 367, 362, 352, 345, 346, 346, 344, 352, 360,
    374, 380, 381, 378, 373, 367, 354, 348, 350, 349, 348, 353, 365, 372,
    379, 380, 380, 377, 372, 365, 361, 356, 350, 342, 342, 337, 334, 335,
    335, 335, 333, 334, 334, 337, 337 ]
LHandPositionsY: [ 272, 270, 269, 269, 268, 268, 267, 262, 252, 241, 226,
    209, 191, 180, 169, 156, 141, 135, 132, 142, 142, 146, 148, 148, 149,
    146, 136, 138, 142, 139, 142, 146, 147, 147, 152, 151, 148, 148, 140,
    133, 135, 134, 134, 131, 133, 130, 137, 144, 142, 144, 142, 146, 139,
    141, 142, 142, 142, 145, 147, 150, 151, 151, 153, 153, 153, 151, 145,
    147, 147, 145, 149, 152, 156, 165, 172, 182, 196, 208, 219, 230, 244,
    252, 251, 254, 254, 258, 256, 260 ]
RHandPositionsX: [ 173, 172, 172, 176, 174, 176, 173, 174, 174, 173, 174,
    175, 176, 173, 172, 174, 173, 173, 173, 174, 171, 173, 174, 171, 174,
    174, 171, 173, 174, 173, 173, 172, 173, 171, 172, 175, 171, 172, 171,
    175, 174, 175, 172, 171, 175, 173, 171, 175, 172, 175, 173, 172, 174,
    174, 173, 175, 172, 172, 174, 173, 171, 173, 173, 174, 171, 174, 174,
    171, 172, 173, 173, 172, 175, 173, 175, 173, 171, 171, 175, 171, 171,
    175, 171, 173, 171, 172, 172, 171 ]
RHandPositionsY: [ 275, 277, 278, 274, 274, 277, 274, 277, 278, 276, 275,
    275, 277, 278, 277, 274, 274, 276, 275, 277, 275, 275, 275, 275, 277,
    275, 278, 277, 276, 278, 278, 275, 276, 274, 275, 274, 274, 276, 278,
    278, 277, 278, 278, 275, 277, 276, 276, 277, 276, 277, 278, 275, 275,
    276, 277, 278, 277, 277, 277, 274, 275, 276, 274, 278, 275, 276, 275,
    277, 275, 278, 275, 277, 274, 275, 274, 277, 276, 275, 275, 278, 275,
    276, 276, 275, 278, 274, 278, 278 ]
