%YAML:1.0
---
videoName: "LHShake12.mp4"
gestureLabel: 2
fps: 29
pixelSizeInCmTemp: 3.3263888888888887e-01
faceCenterPointX: 259
faceCenterPointY: 64
LHandPositionsX: [ 369, 358, 350, 346, 347, 344, 354, 363, 374, 382, 379,
    380, 374, 367, 353, 348, 350, 347, 345, 356, 364, 374, 374, 375, 378,
    372, 361, 350, 339, 343, 337, 344, 351, 360, 369, 368, 373, 371, 367,
    359, 346, 340, 346, 341, 347, 353, 365, 368, 365, 370, 367, 359, 346,
    340, 342, 337, 339, 346, 359, 369, 369, 367, 368, 361, 354, 341, 334,
    325, 325, 319, 314, 318, 318, 323, 328, 330, 331, 335, 336, 336, 336,
    333, 335, 335, 333, 333, 333, 336 ]
LHandPositionsY: [ 167, 165, 162, 161, 161, 157, 157, 156, 150, 153, 152,
    149, 150, 151, 153, 156, 155, 156, 154, 152, 152, 145, 148, 147, 144,
    145, 146, 146, 154, 155, 153, 153, 148, 151, 145, 149, 145, 144, 146,
    148, 151, 156, 155, 156, 156, 152, 151, 150, 152, 147, 149, 151, 151,
    156, 159, 155, 156, 151, 150, 144, 145, 146, 142, 147, 148, 155, 163,
    167, 180, 184, 196, 209, 226, 235, 244, 244, 249, 250, 255, 257, 257,
    256, 257, 256, 257, 255, 257, 257 ]
RHandPositionsX: [ 177, 177, 174, 175, 174, 176, 176, 174, 177, 175, 177,
    177, 174, 177, 178, 176, 174, 176, 174, 177, 174, 178, 178, 178, 178,
    177, 178, 178, 175, 174, 175, 174, 177, 176, 176, 178, 174, 178, 177,
    177, 175, 175, 175, 174, 175, 175, 177, 176, 176, 178, 176, 175, 176,
    175, 174, 177, 178, 177, 178, 176, 175, 175, 176, 174, 176, 176, 175,
    176, 175, 176, 177, 174, 176, 176, 176, 176, 175, 177, 176, 177, 174,
    177, 177, 175, 174, 174, 178, 174 ]
RHandPositionsY: [ 274, 273, 272, 272, 271, 271, 271, 272, 275, 274, 271,
    275, 274, 272, 275, 273, 272, 273, 274, 275, 275, 271, 272, 273, 275,
    274, 275, 271, 274, 271, 274, 274, 275, 271, 275, 272, 271, 273, 271,
    273, 271, 273, 272, 272, 271, 275, 274, 271, 273, 275, 275, 272, 275,
    274, 274, 273, 273, 273, 271, 275, 271, 274, 271, 274, 273, 272, 271,
    275, 271, 275, 273, 274, 271, 271, 275, 271, 271, 274, 273, 275, 275,
    272, 271, 273, 271, 273, 275, 274 ]
