%YAML:1.0
---
videoName: "LHShake07.mp4"
gestureLabel: 2
fps: 29
pixelSizeInCmTemp: 3.3732394366197183e-01
faceCenterPointX: 265
faceCenterPointY: 78
LHandPositionsX: [ 345, 348, 353, 357, 363, 368, 378, 384, 392, 395, 393,
    394, 386, 376, 354, 348, 338, 342, 341, 339, 351, 362, 369, 367, 364,
    362, 359, 343, 341, 344, 341, 346, 355, 357, 369, 369, 367, 363, 359,
    353, 347, 345, 345, 351, 355, 359, 361, 362, 363, 360, 339, 328, 331,
    332, 340, 353, 366, 372, 372, 382, 374, 364, 358, 346, 344, 338, 338,
    336, 335, 339, 340, 341, 343, 344, 342, 344, 341, 345, 341, 344, 344,
    343, 341, 343, 340, 341, 341, 340 ]
LHandPositionsY: [ 276, 277, 275, 266, 258, 248, 235, 218, 202, 189, 176,
    161, 150, 137, 142, 142, 148, 144, 148, 144, 144, 138, 136, 138, 135,
    136, 134, 136, 147, 140, 139, 131, 133, 132, 125, 125, 127, 133, 136,
    135, 144, 143, 147, 139, 136, 139, 139, 138, 128, 128, 137, 148, 142,
    135, 130, 134, 131, 135, 134, 129, 134, 138, 147, 154, 170, 177, 193,
    202, 216, 233, 241, 251, 252, 253, 255, 260, 262, 265, 263, 263, 267,
    264, 268, 268, 268, 268, 266, 267 ]
RHandPositionsX: [ 185, 182, 184, 181, 182, 183, 185, 184, 181, 185, 184,
    182, 182, 185, 184, 185, 185, 184, 181, 181, 182, 183, 183, 185, 181,
    182, 181, 183, 184, 184, 184, 184, 185, 181, 181, 183, 182, 182, 183,
    184, 184, 181, 181, 181, 181, 182, 185, 183, 184, 181, 183, 182, 181,
    183, 183, 184, 182, 184, 183, 181, 183, 185, 183, 185, 181, 184, 184,
    183, 185, 184, 181, 181, 182, 181, 185, 183, 184, 182, 185, 184, 184,
    181, 184, 182, 183, 181, 185, 184 ]
RHandPositionsY: [ 279, 276, 279, 279, 277, 279, 277, 279, 277, 279, 279,
    276, 280, 276, 280, 276, 279, 276, 279, 279, 280, 280, 276, 277, 277,
    276, 278, 277, 276, 276, 279, 279, 280, 280, 278, 280, 278, 279, 280,
    279, 280, 279, 280, 276, 277, 279, 276, 277, 280, 279, 278, 280, 277,
    279, 279, 279, 277, 278, 276, 276, 277, 279, 280, 280, 277, 276, 279,
    279, 279, 279, 276, 276, 278, 276, 280, 278, 279, 277, 279, 279, 276,
    277, 278, 277, 280, 276, 278, 277 ]
