%YAML:1.0
---
videoName: "LHShake11.mp4"
gestureLabel: 2
fps: 29
pixelSizeInCmTemp: 3.3732394366197183e-01
faceCenterPointX: 260
faceCenterPointY: 69
LHandPositionsX: [ 384, 389, 387, 375, 364, 357, 349, 351, 347, 346, 356,
    360, 366, 365, 361, 365, 354, 350, 347, 350, 348, 350, 352, 360, 359,
    355, 362, 354, 348, 347, 350, 347, 351, 353, 356, 356, 354, 353, 349,
    344, 341, 338, 339, 338, 346, 353, 355, 354, 355, 359, 352, 341, 340,
    340, 335, 339, 349, 357, 359, 357, 361, 363, 358, 353, 348, 342, 336,
    333, 330, 329, 329, 329, 330, 331, 333, 333, 331, 333, 332, 334, 333,
    331, 331, 335, 335, 335, 335, 335 ]
LHandPositionsY: [ 175, 160, 151, 144, 144, 145, 147, 144, 148, 137, 127,
    127, 129, 129, 128, 129, 133, 140, 144, 143, 141, 135, 132, 129, 130,
    128, 131, 131, 139, 143, 144, 141, 145, 140, 132, 135, 135, 135, 136,
    138, 142, 147, 147, 145, 143, 134, 130, 131, 133, 131, 136, 141, 147,
    142, 148, 145, 146, 137, 136, 136, 137, 141, 146, 155, 168, 174, 190,
    202, 215, 227, 227, 233, 236, 244, 247, 247, 247, 249, 249, 249, 250,
    251, 248, 248, 251, 251, 248, 250 ]
RHandPositionsX: [ 180, 183, 179, 179, 181, 179, 179, 181, 182, 183, 181,
    180, 182, 183, 181, 179, 179, 180, 181, 179, 179, 181, 181, 183, 182,
    183, 179, 182, 182, 180, 183, 179, 182, 183, 180, 179, 183, 182, 181,
    180, 180, 181, 180, 179, 183, 183, 180, 180, 179, 181, 179, 179, 180,
    182, 180, 182, 182, 181, 182, 181, 179, 179, 181, 183, 179, 179, 181,
    183, 183, 180, 180, 179, 182, 183, 183, 182, 182, 179, 180, 183, 181,
    181, 180, 179, 182, 183, 180, 180 ]
RHandPositionsY: [ 275, 277, 274, 277, 277, 273, 274, 275, 274, 273, 276,
    274, 276, 273, 276, 274, 274, 275, 275, 273, 273, 273, 276, 274, 276,
    275, 276, 274, 273, 276, 274, 277, 275, 276, 277, 274, 275, 273, 275,
    276, 276, 277, 275, 274, 274, 275, 277, 277, 275, 273, 275, 275, 276,
    276, 277, 275, 273, 276, 274, 274, 275, 275, 274, 276, 276, 277, 277,
    277, 275, 277, 277, 274, 277, 275, 276, 274, 274, 275, 275, 276, 274,
    274, 275, 274, 277, 274, 273, 273 ]
