%YAML:1.0
---
videoName: "LHShake02.mp4"
gestureLabel: 2
fps: 29
pixelSizeInCmTemp: 3.3263888888888887e-01
faceCenterPointX: 249
faceCenterPointY: 82
LHandPositionsX: [ 362, 361, 361, 368, 374, 382, 386, 386, 388, 389, 383,
    378, 371, 366, 366, 361, 365, 364, 370, 375, 383, 387, 384, 377, 375,
    368, 367, 365, 361, 363, 367, 368, 376, 380, 378, 381, 379, 375, 374,
    367, 366, 360, 357, 359, 357, 363, 366, 371, 368, 373, 369, 366, 364,
    358, 357, 360, 362, 367, 371, 373, 371, 368, 367, 361, 357, 355, 348,
    348, 344, 344, 344, 341, 343, 344, 345, 342, 344, 347, 345, 347, 349,
    347, 347, 349, 349, 347, 348, 349 ]
LHandPositionsY: [ 125, 123, 120, 116, 112, 108, 109, 112, 110, 109, 111,
    111, 110, 112, 112, 111, 112, 109, 110, 104, 104, 101, 101, 103, 101,
    106, 106, 107, 110, 104, 104, 101, 99, 101, 99, 97, 96, 96, 99, 95,
    101, 100, 102, 101, 105, 104, 102, 102, 100, 99, 102, 101, 109, 108,
    108, 106, 108, 105, 106, 105, 106, 103, 102, 104, 120, 137, 147, 161,
    166, 171, 180, 183, 193, 196, 203, 210, 214, 219, 227, 230, 230, 232,
    229, 233, 233, 233, 234, 239 ]
RHandPositionsX: [ 157, 157, 157, 154, 154, 155, 153, 156, 153, 157, 153,
    153, 153, 156, 155, 156, 155, 155, 156, 155, 157, 156, 155, 154, 156,
    154, 156, 154, 156, 153, 156, 155, 156, 156, 154, 154, 156, 157, 157,
    154, 157, 156, 156, 157, 154, 156, 157, 155, 153, 153, 156, 156, 154,
    154, 153, 155, 154, 157, 155, 154, 156, 157, 157, 156, 155, 155, 155,
    156, 155, 156, 155, 155, 156, 153, 155, 156, 154, 153, 154, 157, 156,
    153, 157, 153, 157, 154, 156, 154 ]
RHandPositionsY: [ 264, 265, 265, 263, 262, 260, 263, 262, 259, 261, 260,
    261, 260, 258, 260, 261, 258, 262, 260, 261, 259, 262, 260, 261, 258,
    259, 259, 259, 258, 259, 262, 259, 261, 260, 261, 260, 259, 262, 259,
    259, 258, 261, 261, 258, 261, 260, 260, 258, 262, 259, 259, 258, 258,
    259, 261, 259, 260, 261, 258, 262, 261, 260, 260, 261, 262, 259, 262,
    258, 259, 259, 259, 262, 260, 261, 258, 259, 258, 260, 261, 260, 261,
    262, 262, 260, 260, 262, 258, 262 ]
