%YAML:1.0
---
videoName: "LHShake13.mp4"
gestureLabel: 2
fps: 29
pixelSizeInCmTemp: 3.4214285714285714e-01
faceCenterPointX: 257
faceCenterPointY: 76
LHandPositionsX: [ 325, 325, 323, 327, 327, 325, 325, 323, 326, 327, 329,
    334, 341, 352, 363, 370, 382, 388, 390, 388, 384, 373, 364, 350, 340,
    346, 338, 343, 351, 359, 374, 370, 366, 364, 358, 346, 342, 341, 341,
    352, 362, 366, 365, 363, 361, 350, 342, 347, 342, 348, 355, 367, 367,
    363, 363, 355, 346, 344, 345, 341, 346, 358, 365, 372, 365, 364, 358,
    356, 345, 342, 331, 327, 326, 323, 323, 324, 325, 326, 326, 326, 326,
    324, 328, 328, 328, 325, 328, 328 ]
LHandPositionsY: [ 261, 261, 263, 263, 263, 259, 260, 261, 261, 258, 255,
    246, 235, 225, 210, 198, 184, 175, 164, 157, 153, 149, 151, 156, 157,
    157, 158, 158, 153, 148, 141, 142, 143, 146, 152, 153, 159, 156, 158,
    155, 154, 152, 155, 154, 159, 160, 161, 161, 164, 159, 159, 159, 159,
    158, 160, 161, 164, 163, 161, 161, 162, 157, 156, 153, 151, 148, 147,
    149, 158, 164, 168, 182, 190, 208, 219, 236, 246, 244, 243, 246, 244,
    248, 248, 250, 247, 246, 247, 246 ]
RHandPositionsX: [ 181, 184, 183, 181, 183, 185, 185, 182, 183, 184, 183,
    183, 182, 184, 182, 183, 183, 185, 184, 181, 182, 183, 181, 183, 183,
    183, 181, 185, 184, 181, 183, 184, 184, 182, 182, 184, 182, 182, 183,
    183, 185, 184, 185, 182, 185, 182, 184, 185, 184, 183, 184, 184, 184,
    184, 185, 185, 185, 182, 184, 185, 184, 183, 183, 181, 183, 183, 183,
    183, 182, 182, 181, 184, 184, 182, 182, 183, 184, 182, 181, 184, 184,
    185, 183, 185, 183, 182, 183, 183 ]
RHandPositionsY: [ 268, 268, 267, 270, 267, 267, 269, 271, 268, 269, 269,
    268, 268, 267, 271, 271, 269, 268, 267, 271, 267, 270, 270, 271, 270,
    267, 269, 268, 270, 269, 271, 268, 269, 270, 268, 268, 271, 268, 269,
    268, 267, 268, 268, 268, 268, 267, 271, 268, 267, 268, 271, 271, 269,
    270, 270, 268, 271, 270, 269, 268, 271, 271, 267, 267, 267, 267, 270,
    271, 268, 269, 271, 270, 271, 271, 271, 268, 268, 267, 271, 269, 269,
    269, 270, 271, 270, 270, 269, 268 ]
