%YAML:1.0
---
videoName: "LHShake08.mp4"
gestureLabel: 2
fps: 29
pixelSizeInCmTemp: 3.4710144927536229e-01
faceCenterPointX: 261
faceCenterPointY: 69
LHandPositionsX: [ 338, 342, 345, 345, 349, 348, 353, 362, 369, 371, 374,
    372, 377, 366, 356, 348, 341, 341, 343, 342, 349, 358, 368, 365, 361,
    362, 360, 354, 342, 338, 340, 340, 342, 350, 356, 365, 369, 366, 367,
    362, 352, 342, 336, 338, 334, 337, 340, 351, 359, 356, 356, 360, 356,
    350, 346, 343, 342, 344, 344, 346, 357, 362, 374, 370, 371, 371, 362,
    360, 351, 345, 341, 333, 332, 332, 331, 331, 338, 337, 337, 337, 339,
    335, 336, 339, 337, 336, 339, 335 ]
LHandPositionsY: [ 269, 267, 264, 254, 249, 236, 217, 199, 188, 176, 162,
    157, 146, 146, 143, 148, 150, 151, 151, 148, 147, 147, 138, 140, 141,
    136, 141, 143, 149, 155, 150, 154, 153, 153, 147, 148, 149, 148, 146,
    148, 151, 154, 160, 158, 161, 162, 158, 156, 158, 153, 155, 152, 156,
    156, 158, 163, 160, 163, 163, 158, 157, 151, 147, 144, 145, 147, 147,
    152, 160, 165, 176, 183, 194, 210, 222, 233, 242, 243, 249, 251, 253,
    255, 256, 255, 254, 255, 258, 255 ]
RHandPositionsX: [ 173, 175, 172, 173, 176, 176, 172, 173, 175, 172, 175,
    175, 173, 174, 174, 173, 174, 176, 173, 174, 172, 172, 173, 176, 175,
    173, 172, 175, 175, 173, 175, 175, 175, 175, 175, 173, 173, 174, 175,
    178, 175, 176, 176, 175, 174, 175, 176, 175, 176, 177, 176, 176, 174,
    177, 176, 176, 177, 175, 175, 174, 175, 176, 174, 174, 174, 174, 176,
    174, 174, 178, 176, 177, 174, 177, 178, 175, 175, 177, 175, 177, 175,
    174, 177, 174, 177, 177, 176, 177 ]
RHandPositionsY: [ 273, 277, 274, 276, 276, 276, 275, 276, 274, 277, 277,
    276, 275, 276, 275, 276, 273, 277, 275, 276, 273, 275, 277, 273, 273,
    275, 277, 274, 274, 274, 275, 275, 276, 276, 276, 277, 277, 275, 275,
    277, 275, 274, 276, 274, 275, 275, 273, 274, 275, 276, 275, 277, 275,
    275, 276, 273, 273, 273, 275, 275, 276, 276, 277, 276, 276, 277, 276,
    273, 273, 274, 274, 273, 273, 274, 274, 276, 274, 273, 277, 274, 277,
    274, 273, 276, 277, 276, 274, 275 ]
