%YAML:1.0
---
videoName: "LHShake06.mp4"
gestureLabel: 2
fps: 29
pixelSizeInCmTemp: 3.3732394366197183e-01
faceCenterPointX: 250
faceCenterPointY: 80
LHandPositionsX: [ 381, 386, 389, 388, 382, 378, 373, 373, 371, 370, 376,
    384, 389, 390, 393, 397, 392, 388, 378, 378, 376, 379, 385, 387, 391,
    395, 393, 390, 383, 380, 379, 382, 386, 389, 389, 392, 388, 385, 379,
    379, 382, 380, 384, 391, 392, 392, 386, 383, 381, 378, 380, 381, 388,
    390, 397, 400, 399, 397, 390, 389, 381, 370, 361, 359, 356, 347, 336,
    329, 317, 314, 308, 308, 304, 304, 304, 301, 300, 300, 302, 298, 301,
    301, 301, 299, 302, 302, 298, 301 ]
LHandPositionsY: [ 148, 148, 145, 139, 140, 137, 135, 138, 137, 134, 131,
    127, 129, 127, 129, 127, 131, 130, 134, 132, 133, 134, 129, 128, 127,
    126, 127, 129, 130, 129, 131, 130, 128, 125, 126, 127, 126, 126, 128,
    125, 128, 129, 127, 125, 124, 126, 126, 124, 127, 125, 128, 128, 126,
    122, 124, 120, 124, 125, 126, 129, 134, 140, 144, 153, 160, 175, 189,
    207, 214, 223, 230, 235, 237, 239, 244, 249, 252, 252, 253, 251, 255,
    253, 252, 252, 255, 252, 256, 256 ]
RHandPositionsX: [ 211, 211, 210, 209, 210, 209, 209, 210, 213, 213, 210,
    211, 213, 210, 211, 209, 213, 211, 211, 210, 209, 211, 213, 211, 213,
    213, 209, 212, 213, 211, 210, 208, 212, 208, 209, 212, 209, 211, 208,
    212, 209, 210, 211, 210, 211, 208, 211, 211, 210, 208, 210, 210, 207,
    210, 210, 210, 207, 208, 210, 210, 210, 210, 209, 210, 208, 211, 209,
    210, 207, 211, 210, 212, 212, 210, 210, 211, 209, 210, 209, 208, 208,
    211, 212, 211, 211, 209, 209, 209 ]
RHandPositionsY: [ 271, 271, 272, 268, 270, 271, 270, 269, 267, 268, 270,
    266, 266, 269, 269, 270, 268, 269, 268, 270, 269, 268, 268, 268, 268,
    267, 268, 269, 267, 267, 268, 267, 266, 267, 267, 266, 266, 268, 269,
    269, 266, 268, 269, 267, 269, 270, 270, 268, 265, 268, 267, 268, 266,
    268, 268, 267, 268, 266, 265, 265, 267, 268, 269, 269, 266, 266, 265,
    268, 267, 265, 267, 269, 268, 269, 267, 265, 265, 267, 269, 266, 267,
    266, 266, 265, 265, 265, 265, 267 ]
