%YAML:1.0
---
videoName: "LHShake06.mp4"
gestureLabel: 2
fps: 29
pixelSizeInCmTemp: 3.3732394366197183e-01
faceCenterPointX: 250
faceCenterPointY: 80
LHandPositionsX: [ 381, 386, 385, 385, 383, 381, 374, 373, 368, 371, 375,
    384, 388, 394, 396, 393, 393, 388, 378, 375, 375, 377, 384, 390, 392,
    393, 389, 386, 384, 379, 381, 378, 386, 386, 390, 392, 386, 386, 380,
    383, 382, 381, 385, 389, 391, 391, 387, 385, 382, 381, 381, 384, 384,
    393, 396, 400, 399, 394, 394, 386, 377, 368, 360, 360, 356, 346, 337,
    327, 321, 312, 307, 305, 305, 303, 303, 300, 302, 302, 303, 299, 298,
    298, 301, 300, 298, 301, 299, 298 ]
LHandPositionsY: [ 151, 145, 146, 138, 138, 135, 137, 138, 137, 135, 131,
    130, 126, 129, 126, 128, 129, 133, 131, 136, 133, 135, 130, 129, 129,
    125, 126, 125, 130, 131, 129, 130, 126, 124, 127, 127, 124, 126, 128,
    129, 129, 126, 127, 126, 122, 123, 124, 125, 126, 126, 124, 124, 124,
    124, 124, 121, 121, 126, 123, 127, 132, 139, 146, 152, 161, 176, 191,
    206, 212, 223, 232, 233, 237, 241, 244, 248, 253, 249, 252, 253, 253,
    254, 253, 256, 256, 254, 257, 254 ]
RHandPositionsX: [ 213, 210, 211, 211, 212, 212, 212, 209, 209, 210, 210,
    209, 210, 210, 209, 211, 209, 209, 210, 211, 209, 209, 211, 211, 213,
    209, 213, 209, 210, 208, 212, 212, 210, 210, 209, 212, 208, 211, 208,
    210, 212, 210, 208, 212, 207, 208, 208, 211, 210, 211, 209, 210, 207,
    208, 208, 208, 210, 209, 207, 207, 209, 208, 208, 208, 211, 209, 211,
    209, 209, 209, 211, 209, 212, 208, 209, 210, 209, 211, 209, 209, 209,
    211, 208, 211, 211, 211, 212, 210 ]
RHandPositionsY: [ 272, 271, 272, 270, 270, 267, 267, 270, 271, 267, 267,
    268, 270, 270, 269, 267, 270, 269, 268, 268, 268, 265, 265, 268, 268,
    266, 269, 268, 267, 267, 269, 267, 269, 269, 266, 267, 265, 268, 267,
    269, 268, 266, 268, 268, 265, 270, 267, 266, 265, 266, 267, 268, 268,
    268, 265, 270, 269, 265, 267, 266, 265, 266, 266, 266, 265, 269, 267,
    267, 269, 267, 269, 268, 265, 267, 267, 269, 268, 266, 268, 269, 265,
    269, 269, 266, 268, 265, 265, 267 ]
