%YAML:1.0
---
videoName: "LHShake08.mp4"
gestureLabel: 2
fps: 29
pixelSizeInCmTemp: 3.4710144927536229e-01
faceCenterPointX: 261
faceCenterPointY: 69
LHandPositionsX: [ 338, 339, 342, 343, 352, 346, 356, 364, 367, 370, 372,
    374, 379, 365, 359, 347, 340, 340, 342, 342, 349, 358, 368, 367, 363,
    362, 358, 353, 345, 340, 339, 340, 345, 352, 358, 367, 367, 368, 365,
    361, 351, 344, 339, 335, 335, 338, 339, 349, 358, 359, 356, 359, 356,
    351, 343, 345, 344, 340, 343, 346, 354, 363, 370, 369, 370, 372, 365,
    356, 349, 343, 340, 333, 330, 330, 333, 331, 337, 334, 335, 337, 338,
    338, 338, 335, 339, 337, 336, 337 ]
LHandPositionsY: [ 265, 265, 264, 255, 250, 237, 221, 202, 185, 174, 161,
    154, 142, 145, 144, 145, 152, 152, 153, 149, 147, 146, 137, 137, 138,
    136, 143, 147, 148, 152, 152, 155, 152, 150, 147, 150, 148, 150, 149,
    150, 154, 157, 158, 160, 161, 161, 158, 159, 157, 157, 154, 153, 152,
    153, 158, 163, 160, 159, 162, 159, 156, 148, 148, 147, 148, 145, 151,
    156, 162, 166, 177, 186, 194, 209, 220, 234, 242, 243, 248, 253, 253,
    252, 256, 254, 256, 257, 256, 254 ]
RHandPositionsX: [ 173, 173, 173, 173, 175, 174, 176, 172, 176, 176, 176,
    172, 174, 173, 175, 173, 176, 176, 172, 173, 175, 174, 172, 175, 173,
    173, 172, 175, 173, 175, 174, 174, 174, 173, 174, 177, 176, 176, 174,
    178, 177, 175, 175, 174, 174, 174, 176, 175, 178, 176, 176, 175, 177,
    176, 174, 178, 174, 174, 178, 174, 176, 174, 177, 178, 175, 176, 175,
    178, 174, 176, 174, 176, 178, 174, 177, 177, 174, 178, 178, 176, 178,
    178, 175, 174, 176, 174, 175, 177 ]
RHandPositionsY: [ 275, 276, 276, 277, 277, 276, 276, 277, 276, 275, 277,
    273, 275, 277, 274, 274, 273, 274, 273, 276, 274, 275, 276, 276, 276,
    276, 273, 277, 276, 274, 274, 273, 275, 273, 277, 274, 275, 275, 276,
    273, 273, 275, 277, 276, 275, 276, 274, 275, 277, 273, 273, 276, 276,
    273, 273, 277, 273, 273, 276, 275, 273, 273, 273, 275, 275, 275, 276,
    276, 274, 277, 275, 274, 273, 277, 277, 276, 273, 273, 275, 273, 275,
    276, 273, 274, 274, 273, 275, 273 ]
