%YAML:1.0
---
videoName: "LHShake11.mp4"
gestureLabel: 2
fps: 29
pixelSizeInCmTemp: 3.3732394366197183e-01
faceCenterPointX: 260
faceCenterPointY: 69
LHandPositionsX: [ 387, 388, 384, 376, 367, 357, 349, 351, 344, 347, 357,
    363, 366, 365, 365, 363, 354, 349, 346, 347, 347, 347, 352, 357, 357,
    359, 359, 355, 348, 347, 346, 346, 350, 353, 352, 355, 352, 350, 346,
    343, 338, 339, 340, 339, 348, 356, 359, 354, 356, 356, 351, 345, 337,
    342, 336, 338, 346, 353, 360, 356, 362, 361, 360, 357, 348, 342, 337,
    332, 332, 331, 331, 330, 332, 332, 333, 331, 333, 332, 334, 332, 335,
    332, 332, 332, 331, 333, 334, 333 ]
LHandPositionsY: [ 175, 160, 154, 141, 141, 145, 149, 145, 146, 136, 130,
    129, 125, 128, 129, 126, 131, 137, 144, 139, 142, 136, 129, 131, 131,
    128, 130, 134, 140, 145, 140, 143, 145, 136, 133, 134, 137, 136, 138,
    140, 145, 144, 145, 143, 142, 133, 130, 135, 133, 130, 138, 139, 148,
    143, 149, 143, 144, 139, 138, 138, 139, 141, 146, 155, 164, 175, 191,
    202, 216, 228, 229, 233, 237, 244, 245, 247, 247, 247, 250, 248, 250,
    249, 251, 248, 250, 250, 252, 248 ]
RHandPositionsX: [ 182, 183, 183, 180, 183, 182, 181, 183, 179, 183, 180,
    181, 179, 179, 179, 182, 180, 181, 182, 180, 181, 181, 182, 179, 179,
    179, 182, 179, 179, 182, 179, 180, 179, 180, 183, 181, 183, 182, 181,
    179, 183, 182, 180, 183, 180, 183, 181, 182, 183, 179, 181, 181, 180,
    179, 183, 183, 180, 183, 181, 180, 179, 182, 179, 181, 182, 182, 182,
    179, 180, 183, 181, 181, 182, 183, 182, 182, 183, 180, 179, 181, 181,
    179, 182, 182, 180, 181, 183, 181 ]
RHandPositionsY: [ 276, 273, 277, 277, 274, 275, 276, 275, 274, 274, 276,
    273, 274, 273, 275, 275, 275, 273, 277, 277, 273, 273, 276, 273, 275,
    276, 275, 276, 277, 274, 273, 274, 277, 274, 275, 274, 273, 277, 273,
    275, 276, 276, 273, 273, 275, 276, 273, 276, 274, 275, 276, 277, 277,
    275, 275, 274, 274, 275, 275, 277, 273, 275, 274, 274, 273, 277, 276,
    277, 273, 276, 276, 276, 276, 276, 274, 273, 274, 273, 275, 274, 274,
    275, 276, 276, 273, 276, 274, 274 ]
