%YAML:1.0
---
videoName: "LHShake05.mp4"
gestureLabel: 2
fps: 30
pixelSizeInCmTemp: 3.2364864864864862e-01
faceCenterPointX: 252
faceCenterPointY: 81
LHandPositionsX: [ 295, 292, 293, 293, 294, 291, 293, 295, 292, 293, 294,
    295, 302, 312, 323, 335, 343, 342, 341, 342, 338, 338, 333, 330, 332,
    333, 334, 339, 339, 345, 343, 336, 330, 321, 327, 324, 326, 331, 337,
    339, 336, 328, 321, 321, 319, 321, 329, 330, 335, 337, 333, 327, 325,
    323, 324, 327, 330, 336, 339, 339, 332, 332, 333, 329, 330, 334, 337,
    340, 341, 338, 335, 325, 320, 317, 310, 308, 303, 298, 295, 293, 297,
    294, 293, 293, 292, 294, 294, 291, 295, 292, 296 ]
LHandPositionsY: [ 267, 270, 270, 268, 266, 266, 269, 267, 263, 254, 243,
    228, 214, 199, 188, 176, 165, 164, 158, 155, 155, 154, 154, 154, 154,
    150, 149, 146, 140, 134, 132, 138, 144, 148, 144, 148, 146, 138, 140,
    137, 132, 140, 143, 141, 144, 140, 138, 136, 136, 129, 136, 140, 143,
    140, 144, 141, 139, 139, 136, 136, 141, 140, 140, 145, 141, 142, 138,
    140, 138, 140, 144, 148, 160, 171, 178, 188, 199, 207, 219, 228, 236,
    234, 240, 243, 244, 251, 253, 249, 254, 258, 259 ]
RHandPositionsX: [ 212, 210, 214, 212, 210, 214, 212, 214, 210, 212, 211,
    212, 211, 212, 209, 212, 213, 213, 210, 209, 210, 212, 212, 210, 208,
    207, 209, 207, 208, 206, 207, 208, 210, 209, 210, 208, 209, 210, 210,
    206, 210, 210, 209, 209, 208, 209, 207, 206, 209, 209, 210, 207, 209,
    210, 206, 209, 208, 210, 209, 208, 207, 206, 207, 210, 210, 210, 210,
    207, 210, 207, 209, 210, 206, 210, 210, 207, 208, 206, 207, 209, 208,
    206, 208, 209, 209, 210, 210, 211, 208, 211, 209 ]
RHandPositionsY: [ 262, 265, 266, 265, 263, 262, 262, 265, 262, 262, 263,
    264, 263, 265, 265, 263, 263, 265, 266, 263, 263, 265, 262, 262, 266,
    266, 262, 262, 262, 262, 263, 262, 263, 262, 263, 265, 265, 261, 265,
    262, 264, 265, 262, 264, 265, 265, 261, 263, 261, 264, 263, 262, 264,
    265, 262, 265, 264, 265, 263, 265, 264, 264, 265, 265, 261, 262, 261,
    262, 262, 264, 262, 263, 262, 263, 265, 264, 261, 265, 265, 265, 261,
    265, 265, 264, 262, 265, 262, 262, 263, 261, 263 ]
