%YAML:1.0
---
videoName: "LHShake08.mp4"
gestureLabel: 2
fps: 29
pixelSizeInCmTemp: 3.4710144927536229e-01
faceCenterPointX: 261
faceCenterPointY: 69
LHandPositionsX: [ 342, 339, 344, 345, 349, 344, 354, 363, 367, 370, 376,
    372, 380, 369, 356, 346, 338, 341, 342, 342, 347, 356, 371, 363, 362,
    361, 357, 351, 342, 336, 341, 340, 343, 350, 357, 367, 369, 369, 366,
    363, 354, 344, 335, 337, 334, 336, 340, 350, 358, 360, 356, 358, 355,
    351, 346, 341, 344, 343, 342, 347, 354, 362, 370, 369, 370, 368, 364,
    360, 349, 343, 337, 333, 332, 329, 333, 335, 335, 337, 338, 335, 335,
    339, 339, 337, 336, 339, 336, 338 ]
LHandPositionsY: [ 269, 269, 261, 256, 251, 239, 220, 202, 187, 172, 165,
    154, 142, 142, 144, 146, 150, 153, 150, 152, 146, 146, 140, 137, 141,
    138, 142, 147, 148, 155, 153, 153, 153, 154, 146, 147, 149, 148, 149,
    151, 150, 155, 159, 162, 159, 161, 162, 158, 157, 153, 155, 154, 156,
    156, 158, 162, 160, 163, 162, 157, 157, 151, 147, 146, 147, 148, 147,
    154, 161, 167, 173, 186, 196, 207, 219, 231, 243, 247, 248, 253, 253,
    255, 254, 256, 255, 259, 257, 258 ]
RHandPositionsX: [ 174, 175, 172, 172, 176, 175, 175, 176, 172, 175, 175,
    175, 174, 174, 176, 175, 172, 176, 173, 172, 175, 175, 173, 173, 174,
    176, 174, 174, 172, 173, 174, 174, 174, 176, 173, 177, 177, 176, 176,
    176, 176, 176, 173, 178, 177, 177, 175, 177, 178, 178, 177, 174, 175,
    176, 177, 178, 177, 175, 178, 176, 175, 175, 177, 178, 175, 178, 174,
    176, 178, 178, 178, 176, 178, 175, 174, 175, 178, 175, 174, 177, 174,
    177, 177, 175, 178, 176, 174, 174 ]
RHandPositionsY: [ 273, 277, 273, 277, 275, 275, 274, 277, 274, 277, 274,
    274, 273, 274, 273, 273, 274, 275, 277, 276, 273, 277, 273, 274, 276,
    275, 274, 277, 276, 276, 273, 275, 274, 275, 273, 276, 275, 275, 274,
    275, 275, 276, 275, 274, 277, 276, 275, 273, 274, 273, 274, 273, 276,
    275, 273, 276, 276, 277, 276, 274, 276, 274, 274, 275, 277, 275, 275,
    277, 276, 276, 277, 275, 276, 275, 274, 277, 277, 276, 274, 273, 273,
    274, 273, 277, 275, 273, 276, 275 ]
