%YAML:1.0
---
videoName: "LHShake10.mp4"
gestureLabel: 2
fps: 29
pixelSizeInCmTemp: 3.4214285714285714e-01
faceCenterPointX: 253
faceCenterPointY: 65
LHandPositionsX: [ 335, 335, 337, 335, 337, 336, 344, 348, 351, 357, 368,
    374, 383, 393, 396, 395, 397, 386, 374, 364, 356, 351, 349, 355, 362,
    371, 380, 389, 393, 393, 393, 385, 376, 362, 357, 360, 359, 365, 366,
    370, 372, 374, 374, 370, 368, 365, 352, 347, 345, 345, 344, 353, 360,
    370, 383, 381, 382, 374, 364, 355, 351, 351, 352, 350, 353, 364, 372,
    380, 377, 377, 377, 375, 365, 362, 353, 351, 346, 342, 341, 336, 337,
    335, 337, 335, 336, 336, 335, 335 ]
LHandPositionsY: [ 269, 268, 270, 272, 271, 270, 270, 263, 253, 239, 226,
    207, 192, 181, 167, 154, 142, 135, 136, 141, 142, 149, 149, 148, 148,
    146, 136, 139, 142, 141, 144, 145, 150, 149, 152, 152, 151, 146, 136,
    134, 134, 134, 135, 133, 133, 129, 137, 144, 143, 143, 145, 143, 139,
    142, 139, 139, 142, 145, 144, 148, 154, 154, 152, 152, 149, 152, 146,
    145, 145, 147, 148, 151, 156, 165, 175, 183, 195, 206, 220, 234, 243,
    255, 255, 256, 256, 257, 260, 258 ]
RHandPositionsX: [ 175, 176, 174, 173, 172, 175, 175, 175, 172, 172, 176,
    172, 174, 174, 173, 174, 173, 174, 174, 174, 172, 174, 173, 175, 172,
    171, 171, 175, 174, 171, 175, 173, 175, 171, 173, 175, 171, 174, 175,
    174, 171, 174, 174, 171, 173, 175, 171, 172, 174, 172, 172, 175, 172,
    171, 174, 171, 171, 171, 173, 171, 173, 171, 175, 174, 171, 175, 172,
    175, 175, 173, 175, 171, 175, 174, 171, 175, 175, 171, 172, 172, 174,
    175, 175, 174, 174, 172, 174, 173 ]
RHandPositionsY: [ 277, 276, 275, 276, 277, 274, 275, 277, 275, 276, 276,
    274, 278, 274, 276, 277, 277, 276, 277, 278, 277, 274, 275, 277, 274,
    278, 276, 274, 275, 275, 274, 278, 278, 275, 275, 278, 278, 276, 278,
    274, 277, 276, 274, 276, 277, 277, 274, 277, 278, 278, 277, 278, 274,
    274, 278, 275, 277, 274, 275, 275, 275, 277, 277, 276, 275, 274, 275,
    275, 274, 278, 278, 277, 277, 276, 278, 274, 278, 275, 274, 278, 274,
    278, 275, 277, 274, 274, 275, 275 ]
