%YAML:1.0
---
videoName: "LHShake15.mp4"
gestureLabel: 2
fps: 29
pixelSizeInCmTemp: 3.3263888888888887e-01
faceCenterPointX: 252
faceCenterPointY: 65
LHandPositionsX: [ 329, 331, 329, 331, 327, 331, 327, 329, 334, 331, 337,
    341, 347, 353, 359, 365, 369, 375, 381, 380, 379, 379, 368, 361, 346,
    344, 341, 340, 346, 354, 361, 360, 361, 361, 357, 345, 332, 331, 329,
    336, 345, 352, 357, 353, 352, 354, 347, 332, 331, 331, 329, 342, 353,
    358, 352, 352, 357, 356, 341, 335, 333, 329, 333, 339, 342, 352, 351,
    351, 349, 347, 339, 334, 328, 325, 323, 320, 320, 324, 322, 323, 324,
    327, 325, 328, 328, 328, 327, 326 ]
LHandPositionsY: [ 257, 256, 256, 255, 254, 255, 258, 255, 252, 255, 243,
    230, 213, 202, 184, 173, 155, 135, 122, 118, 119, 108, 101, 101, 105,
    105, 103, 99, 97, 98, 95, 94, 96, 96, 95, 96, 97, 100, 97, 97, 94,
    94, 96, 95, 95, 96, 103, 98, 102, 102, 97, 96, 95, 96, 93, 95, 96,
    101, 101, 100, 102, 98, 97, 97, 101, 102, 102, 102, 103, 101, 105,
    119, 135, 151, 164, 181, 191, 208, 220, 232, 234, 237, 241, 237, 238,
    241, 240, 243 ]
RHandPositionsX: [ 175, 177, 175, 176, 179, 177, 175, 177, 178, 178, 178,
    175, 177, 179, 175, 175, 176, 175, 175, 178, 178, 178, 176, 175, 176,
    177, 175, 178, 179, 177, 177, 177, 177, 177, 176, 176, 175, 176, 176,
    179, 178, 177, 178, 176, 176, 178, 177, 175, 177, 175, 178, 179, 176,
    178, 179, 175, 175, 175, 177, 176, 179, 176, 176, 175, 177, 175, 176,
    176, 178, 179, 178, 178, 177, 176, 176, 179, 179, 178, 176, 177, 175,
    176, 178, 179, 178, 179, 179, 175 ]
RHandPositionsY: [ 260, 259, 259, 259, 260, 259, 259, 257, 261, 258, 260,
    257, 260, 259, 259, 260, 259, 258, 260, 260, 258, 257, 261, 259, 258,
    261, 260, 260, 261, 260, 261, 261, 257, 259, 258, 258, 259, 258, 258,
    257, 258, 261, 260, 258, 257, 260, 260, 258, 257, 259, 257, 257, 260,
    259, 257, 258, 259, 258, 261, 257, 258, 261, 258, 257, 260, 258, 260,
    260, 259, 259, 258, 260, 257, 261, 259, 259, 257, 257, 259, 260, 260,
    259, 259, 258, 257, 261, 259, 261 ]
