%YAML:1.0
---
videoName: "LHShake11.mp4"
gestureLabel: 2
fps: 29
pixelSizeInCmTemp: 3.3732394366197183e-01
faceCenterPointX: 260
faceCenterPointY: 69
LHandPositionsX: [ 386, 389, 386, 376, 363, 355, 347, 350, 346, 348, 354,
    362, 367, 365, 363, 365, 358, 349, 344, 347, 348, 347, 353, 356, 356,
    358, 359, 353, 350, 346, 349, 347, 347, 352, 353, 352, 352, 350, 349,
    342, 339, 338, 337, 340, 344, 355, 359, 356, 355, 357, 354, 343, 338,
    338, 336, 339, 348, 355, 360, 359, 362, 365, 362, 354, 349, 343, 338,
    332, 330, 329, 329, 331, 330, 334, 333, 331, 335, 333, 335, 333, 332,
    334, 333, 335, 332, 332, 331, 335 ]
LHandPositionsY: [ 174, 164, 152, 142, 145, 145, 146, 147, 145, 135, 127,
    126, 128, 125, 125, 129, 133, 141, 145, 140, 140, 134, 128, 129, 132,
    129, 129, 133, 139, 147, 142, 141, 143, 136, 135, 135, 133, 133, 138,
    139, 143, 146, 147, 144, 144, 132, 132, 135, 134, 127, 138, 138, 148,
    142, 149, 147, 142, 136, 139, 138, 141, 140, 149, 156, 165, 178, 191,
    206, 215, 227, 231, 235, 238, 244, 245, 247, 248, 247, 248, 252, 250,
    249, 250, 248, 250, 251, 250, 252 ]
RHandPositionsX: [ 179, 179, 180, 183, 180, 183, 181, 180, 183, 183, 180,
    179, 179, 180, 182, 183, 182, 180, 179, 182, 181, 181, 183, 183, 179,
    182, 181, 180, 183, 182, 180, 182, 183, 180, 179, 181, 181, 179, 180,
    183, 183, 181, 179, 180, 181, 181, 183, 183, 181, 181, 179, 179, 182,
    182, 181, 182, 181, 181, 182, 181, 180, 179, 180, 182, 183, 179, 180,
    183, 180, 182, 183, 180, 183, 183, 183, 179, 180, 179, 181, 183, 182,
    182, 183, 182, 180, 179, 183, 183 ]
RHandPositionsY: [ 276, 276, 274, 277, 276, 277, 276, 276, 277, 277, 274,
    275, 274, 274, 276, 273, 275, 273, 277, 277, 274, 277, 274, 277, 276,
    276, 277, 275, 276, 273, 273, 273, 274, 275, 277, 275, 276, 274, 273,
    273, 277, 275, 277, 277, 274, 276, 276, 275, 276, 276, 275, 276, 277,
    277, 274, 275, 275, 273, 277, 275, 274, 276, 277, 274, 276, 276, 276,
    274, 276, 276, 273, 273, 275, 276, 274, 275, 276, 275, 275, 274, 276,
    274, 273, 275, 274, 277, 274, 277 ]
