%YAML:1.0
---
videoName: "LHShake16.mp4"
gestureLabel: 2
fps: 30
pixelSizeInCmTemp: 3.3732394366197183e-01
faceCenterPointX: 247
faceCenterPointY: 66
LHandPositionsX: [ 326, 326, 327, 327, 330, 339, 344, 351, 361, 372, 384,
    392, 403, 410, 405, 403, 401, 390, 376, 364, 355, 357, 364, 369, 382,
    399, 394, 391, 390, 384, 374, 370, 369, 371, 372, 378, 390, 389, 404,
    398, 384, 376, 369, 369, 364, 368, 374, 384, 401, 406, 399, 384, 373,
    365, 365, 362, 363, 367, 376, 390, 389, 385, 388, 381, 374, 365, 356,
    348, 343, 334, 334, 333, 330, 332, 332, 331, 329, 331, 328, 328, 327,
    327, 327, 327, 325, 329, 324, 325, 324, 328, 328 ]
LHandPositionsY: [ 253, 255, 254, 253, 251, 244, 234, 223, 209, 195, 180,
    168, 156, 148, 142, 137, 124, 114, 116, 114, 118, 120, 123, 118, 112,
    113, 115, 120, 118, 114, 122, 129, 130, 132, 127, 117, 119, 120, 118,
    116, 117, 129, 132, 130, 133, 136, 129, 127, 125, 124, 121, 130, 139,
    143, 142, 143, 147, 143, 136, 125, 130, 127, 124, 134, 143, 153, 160,
    170, 182, 197, 204, 213, 225, 228, 229, 232, 235, 236, 239, 237, 238,
    239, 240, 244, 245, 243, 241, 245, 244, 245, 241 ]
RHandPositionsX: [ 177, 179, 179, 176, 175, 178, 176, 179, 178, 175, 178,
    178, 175, 178, 179, 179, 177, 175, 176, 179, 175, 179, 176, 176, 178,
    177, 175, 176, 178, 179, 176, 178, 178, 178, 175, 179, 175, 178, 177,
    175, 178, 175, 176, 178, 179, 177, 176, 175, 179, 179, 179, 177, 175,
    176, 175, 179, 176, 178, 179, 178, 176, 176, 176, 177, 176, 177, 177,
    179, 179, 176, 176, 179, 177, 176, 177, 178, 176, 175, 177, 179, 178,
    178, 176, 179, 178, 179, 176, 175, 176, 179, 175 ]
RHandPositionsY: [ 258, 258, 258, 260, 259, 258, 260, 261, 262, 258, 261,
    260, 261, 262, 260, 262, 259, 260, 259, 260, 259, 261, 258, 260, 261,
    262, 261, 262, 261, 262, 260, 258, 259, 262, 260, 261, 262, 262, 258,
    259, 259, 258, 261, 258, 260, 262, 259, 258, 260, 260, 259, 261, 261,
    260, 258, 262, 260, 259, 258, 260, 260, 260, 262, 261, 262, 260, 261,
    258, 259, 260, 262, 258, 261, 258, 261, 261, 258, 260, 260, 262, 261,
    259, 259, 258, 258, 259, 259, 259, 259, 261, 261 ]
