%YAML:1.0
---
videoName: "LHShake05.mp4"
gestureLabel: 2
fps: 30
pixelSizeInCmTemp: 3.2364864864864862e-01
faceCenterPointX: 252
faceCenterPointY: 81
LHandPositionsX: [ 295, 295, 291, 293, 292, 292, 294, 294, 292, 291, 291,
    294, 304, 312, 324, 332, 341, 341, 342, 341, 341, 336, 333, 330, 331,
    334, 335, 339, 340, 342, 346, 340, 332, 325, 327, 322, 326, 332, 336,
    336, 337, 328, 320, 320, 319, 324, 328, 331, 335, 337, 333, 326, 326,
    326, 324, 327, 331, 336, 337, 338, 334, 330, 329, 330, 332, 335, 341,
    337, 338, 339, 335, 324, 321, 313, 309, 304, 301, 302, 296, 294, 297,
    297, 296, 295, 295, 293, 294, 294, 293, 292, 293 ]
LHandPositionsY: [ 266, 266, 269, 270, 267, 267, 266, 266, 263, 254, 243,
    229, 213, 200, 186, 176, 163, 163, 156, 156, 151, 156, 154, 155, 154,
    150, 148, 144, 142, 137, 134, 138, 146, 145, 147, 149, 142, 140, 137,
    133, 134, 137, 140, 145, 145, 143, 137, 136, 136, 131, 136, 141, 142,
    140, 144, 143, 142, 136, 136, 140, 139, 144, 143, 145, 145, 139, 138,
    141, 138, 138, 142, 148, 161, 167, 180, 190, 196, 208, 217, 226, 236,
    237, 241, 244, 245, 247, 249, 252, 250, 258, 258 ]
RHandPositionsX: [ 212, 214, 212, 213, 213, 211, 214, 214, 213, 213, 211,
    210, 210, 211, 212, 213, 212, 209, 210, 210, 209, 210, 212, 208, 210,
    207, 208, 209, 209, 208, 210, 209, 206, 209, 210, 206, 208, 208, 207,
    210, 208, 209, 210, 208, 209, 208, 207, 209, 209, 207, 210, 209, 207,
    207, 208, 207, 206, 209, 209, 209, 208, 208, 206, 206, 206, 207, 208,
    210, 208, 208, 206, 207, 208, 206, 208, 209, 209, 208, 206, 208, 210,
    209, 207, 208, 210, 208, 207, 210, 208, 211, 209 ]
RHandPositionsY: [ 263, 265, 263, 266, 265, 266, 266, 266, 262, 266, 266,
    266, 265, 263, 263, 264, 262, 262, 266, 266, 265, 266, 262, 264, 266,
    266, 262, 265, 266, 263, 266, 262, 264, 266, 263, 262, 263, 264, 262,
    264, 261, 265, 261, 265, 263, 263, 265, 265, 264, 265, 265, 263, 265,
    261, 264, 261, 265, 263, 263, 264, 261, 263, 262, 263, 263, 264, 264,
    264, 263, 263, 264, 262, 263, 262, 263, 265, 264, 264, 265, 261, 264,
    265, 265, 262, 261, 264, 261, 265, 264, 264, 265 ]
