%YAML:1.0
---
videoName: "LHShake14.mp4"
gestureLabel: 2
fps: 29
pixelSizeInCmTemp: 3.2808219178082193e-01
faceCenterPointX: 256
faceCenterPointY: 64
LHandPositionsX: [ 351, 351, 350, 355, 368, 379, 389, 390, 390, 379, 369,
    360, 358, 354, 361, 368, 381, 384, 383, 383, 372, 365, 354, 353, 355,
    361, 370, 382, 388, 388, 382, 379, 368, 356, 359, 356, 359, 371, 381,
    382, 384, 378, 370, 363, 361, 361, 361, 363, 373, 378, 379, 379, 370,
    363, 359, 348, 341, 338, 330, 328, 329, 332, 331, 329, 332, 331, 328,
    330, 328, 332, 332, 332, 329, 328, 327, 329, 331, 330, 329, 330, 331,
    330, 330, 328, 330, 328, 331, 331 ]
LHandPositionsY: [ 148, 147, 147, 143, 140, 141, 141, 139, 139, 142, 145,
    146, 148, 147, 145, 144, 139, 138, 141, 138, 139, 144, 148, 149, 145,
    149, 148, 142, 144, 143, 143, 141, 146, 147, 146, 149, 146, 147, 144,
    142, 143, 139, 142, 143, 144, 144, 142, 138, 139, 140, 143, 146, 148,
    153, 159, 165, 176, 187, 201, 211, 221, 235, 236, 238, 242, 248, 250,
    251, 247, 250, 253, 252, 248, 250, 250, 251, 250, 248, 248, 251, 251,
    249, 252, 250, 248, 249, 248, 250 ]
RHandPositionsX: [ 183, 184, 184, 182, 179, 179, 180, 183, 183, 180, 181,
    182, 180, 180, 181, 178, 177, 180, 178, 179, 179, 177, 175, 175, 179,
    175, 178, 177, 177, 179, 179, 175, 177, 176, 175, 178, 178, 178, 179,
    176, 176, 179, 179, 176, 178, 175, 177, 175, 179, 175, 178, 177, 179,
    178, 175, 176, 179, 176, 179, 179, 175, 179, 176, 177, 177, 177, 177,
    177, 178, 175, 177, 175, 175, 179, 178, 175, 176, 176, 177, 179, 179,
    179, 177, 177, 179, 177, 179, 176 ]
RHandPositionsY: [ 278, 276, 275, 275, 278, 275, 275, 278, 275, 277, 277,
    274, 276, 276, 278, 276, 277, 273, 275, 275, 276, 275, 274, 275, 273,
    276, 275, 273, 275, 277, 274, 273, 276, 274, 276, 274, 274, 276, 275,
    274, 275, 274, 277, 276, 274, 277, 274, 276, 274, 275, 277, 274, 273,
    273, 273, 274, 274, 275, 275, 276, 276, 274, 276, 275, 277, 277, 276,
    273, 276, 275, 275, 275, 275, 275, 273, 273, 276, 274, 275, 277, 277,
    275, 275, 274, 275, 277, 276, 273 ]
