%YAML:1.0
---
videoName: "LHShake15.mp4"
gestureLabel: 2
fps: 29
pixelSizeInCmTemp: 3.3263888888888887e-01
faceCenterPointX: 252
faceCenterPointY: 65
LHandPositionsX: [ 329, 330, 331, 328, 330, 327, 331, 329, 334, 331, 336,
    342, 348, 350, 360, 363, 370, 372, 378, 380, 378, 378, 367, 357, 349,
    340, 343, 339, 345, 352, 360, 361, 361, 361, 356, 347, 333, 330, 330,
    334, 344, 351, 355, 351, 353, 356, 349, 332, 328, 329, 330, 340, 351,
    354, 352, 350, 358, 356, 345, 337, 332, 332, 333, 340, 345, 349, 349,
    351, 349, 349, 342, 333, 326, 327, 324, 319, 320, 324, 324, 325, 326,
    328, 328, 325, 328, 327, 327, 325 ]
LHandPositionsY: [ 254, 255, 256, 255, 257, 254, 254, 253, 254, 252, 241,
    229, 213, 203, 183, 172, 154, 138, 120, 121, 119, 106, 105, 101, 103,
    102, 101, 98, 100, 94, 95, 96, 97, 95, 97, 95, 98, 97, 97, 96, 94,
    94, 96, 97, 98, 99, 102, 98, 99, 101, 98, 94, 91, 97, 95, 94, 94, 98,
    99, 100, 100, 99, 100, 99, 100, 103, 100, 102, 102, 101, 104, 123,
    137, 149, 168, 181, 193, 207, 221, 232, 232, 234, 238, 241, 238, 240,
    241, 241 ]
RHandPositionsX: [ 176, 177, 178, 175, 177, 176, 175, 177, 179, 176, 178,
    179, 175, 178, 178, 177, 176, 179, 176, 179, 179, 178, 178, 179, 175,
    175, 179, 175, 178, 179, 177, 176, 177, 177, 175, 176, 178, 178, 176,
    177, 175, 178, 179, 178, 177, 175, 176, 178, 179, 177, 176, 177, 176,
    175, 178, 175, 175, 177, 175, 178, 178, 175, 175, 179, 176, 177, 176,
    177, 179, 179, 176, 175, 176, 176, 178, 177, 178, 179, 179, 179, 175,
    176, 177, 179, 179, 179, 176, 176 ]
RHandPositionsY: [ 257, 257, 259, 257, 259, 258, 257, 261, 257, 257, 261,
    260, 261, 261, 260, 260, 258, 259, 261, 261, 258, 260, 260, 260, 257,
    259, 261, 261, 261, 257, 258, 261, 258, 261, 259, 258, 260, 260, 258,
    259, 260, 257, 258, 261, 257, 260, 261, 258, 259, 259, 259, 260, 259,
    259, 259, 258, 261, 257, 258, 259, 260, 257, 260, 257, 259, 257, 260,
    259, 258, 257, 259, 259, 259, 258, 257, 259, 258, 257, 259, 260, 260,
    260, 259, 261, 258, 257, 257, 258 ]
