%YAML:1.0
---
videoName: "LHShake18.mp4"
gestureLabel: 2
fps: 29
pixelSizeInCmTemp: 3.4214285714285714e-01
faceCenterPointX: 253
faceCenterPointY: 65
LHandPositionsX: [ 313, 315, 312, 312, 312, 311, 311, 315, 311, 315, 312,
    314, 314, 311, 311, 316, 317, 317, 321, 322, 330, 337, 346, 350, 352,
    350, 336, 327, 315, 296, 300, 305, 306, 312, 312, 315, 313, 309, 297,
    294, 292, 300, 309, 316, 311, 313, 306, 299, 287, 284, 288, 296, 304,
    313, 312, 313, 306, 292, 286, 287, 293, 301, 308, 307, 309, 308, 304,
    295, 293, 301, 302, 307, 306, 308, 316, 309, 304, 304, 305, 304, 307,
    304, 307, 309, 310, 307, 309, 307 ]
LHandPositionsY: [ 247, 248, 250, 249, 250, 250, 249, 246, 247, 247, 247,
    247, 248, 247, 248, 249, 249, 251, 242, 236, 218, 200, 188, 176, 169,
    157, 154, 145, 148, 138, 138, 142, 144, 141, 141, 140, 142, 146, 145,
    141, 134, 144, 144, 145, 143, 145, 147, 147, 142, 139, 144, 149, 147,
    148, 148, 151, 153, 144, 144, 145, 151, 151, 155, 152, 153, 153, 160,
    149, 147, 150, 154, 154, 154, 155, 160, 167, 174, 189, 196, 209, 216,
    218, 221, 233, 232, 233, 230, 232 ]
RHandPositionsX: [ 195, 198, 196, 198, 194, 199, 195, 195, 196, 195, 196,
    196, 197, 197, 198, 196, 195, 197, 195, 195, 198, 199, 198, 195, 198,
    197, 195, 196, 194, 197, 196, 197, 197, 197, 198, 196, 196, 199, 200,
    195, 195, 199, 195, 196, 197, 195, 197, 196, 200, 199, 196, 196, 199,
    199, 196, 196, 197, 200, 199, 200, 196, 197, 195, 198, 195, 198, 197,
    196, 196, 194, 194, 196, 198, 197, 195, 197, 196, 198, 195, 197, 195,
    196, 196, 197, 194, 195, 194, 197 ]
RHandPositionsY: [ 265, 264, 263, 265, 265, 265, 265, 266, 263, 266, 267,
    264, 266, 266, 265, 266, 266, 267, 267, 267, 267, 263, 266, 266, 265,
    265, 266, 262, 266, 264, 263, 264, 266, 264, 264, 266, 263, 266, 267,
    264, 267, 266, 264, 266, 268, 265, 268, 266, 267, 264, 267, 268, 264,
    264, 267, 265, 266, 265, 269, 269, 268, 266, 269, 266, 266, 266, 267,
    267, 266, 268, 266, 264, 268, 265, 268, 264, 268, 268, 268, 268, 268,
    264, 268, 265, 268, 268, 264, 267 ]
