%YAML:1.0
---
videoName: "LHShake24.mp4"
gestureLabel: 2
fps: 30
pixelSizeInCmTemp: 3.4214285714285714e-01
faceCenterPointX: 255
faceCenterPointY: 77
LHandPositionsX: [ 328, 327, 327, 326, 330, 326, 327, 330, 331, 331, 332,
    336, 341, 347, 351, 359, 371, 375, 382, 382, 382, 379, 374, 361, 347,
    343, 343, 341, 344, 348, 358, 366, 378, 375, 378, 376, 370, 357, 346,
    338, 340, 337, 345, 354, 363, 365, 367, 368, 365, 356, 342, 341, 342,
    341, 346, 355, 362, 372, 368, 372, 367, 361, 354, 344, 347, 344, 344,
    350, 359, 369, 369, 366, 368, 360, 349, 340, 338, 333, 328, 328, 324,
    323, 326, 325, 327, 329, 327, 326, 328, 327, 325 ]
LHandPositionsY: [ 264, 261, 261, 264, 263, 264, 260, 260, 263, 258, 259,
    257, 249, 236, 224, 206, 193, 185, 174, 169, 160, 151, 153, 152, 157,
    162, 165, 164, 163, 163, 155, 153, 148, 150, 151, 145, 144, 148, 153,
    153, 156, 153, 153, 152, 152, 152, 148, 150, 150, 153, 160, 161, 160,
    165, 163, 161, 159, 159, 157, 156, 154, 157, 158, 165, 163, 160, 164,
    161, 161, 157, 157, 159, 158, 156, 158, 164, 172, 178, 188, 198, 207,
    220, 228, 233, 237, 241, 242, 248, 245, 249, 248 ]
RHandPositionsX: [ 179, 180, 182, 179, 182, 179, 179, 183, 181, 180, 181,
    179, 183, 183, 183, 182, 183, 179, 180, 182, 180, 183, 183, 179, 183,
    183, 183, 182, 183, 180, 179, 183, 179, 179, 180, 179, 179, 181, 180,
    182, 181, 180, 180, 180, 182, 179, 182, 183, 182, 179, 179, 183, 179,
    181, 182, 179, 182, 181, 179, 182, 181, 183, 180, 181, 182, 182, 183,
    180, 179, 181, 179, 180, 182, 183, 179, 181, 181, 179, 183, 180, 180,
    182, 180, 182, 179, 181, 180, 179, 183, 182, 180 ]
RHandPositionsY: [ 270, 267, 271, 270, 271, 271, 267, 268, 271, 267, 267,
    270, 269, 270, 268, 267, 269, 267, 268, 269, 271, 268, 270, 270, 270,
    267, 270, 267, 268, 271, 269, 268, 267, 269, 267, 271, 268, 267, 268,
    268, 270, 269, 268, 267, 269, 269, 267, 269, 269, 269, 270, 267, 267,
    271, 271, 270, 270, 268, 268, 267, 267, 270, 269, 271, 271, 267, 270,
    270, 271, 271, 269, 271, 270, 270, 268, 271, 267, 268, 268, 271, 270,
    268, 269, 271, 271, 267, 267, 269, 267, 268, 267 ]
