%YAML:1.0
---
videoName: "LHShake14.mp4"
gestureLabel: 2
fps: 29
pixelSizeInCmTemp: 3.2808219178082193e-01
faceCenterPointX: 256
faceCenterPointY: 64
LHandPositionsX: [ 352, 353, 352, 355, 366, 379, 392, 389, 387, 382, 371,
    358, 357, 358, 361, 372, 383, 385, 384, 381, 373, 365, 354, 357, 354,
    360, 369, 380, 386, 387, 382, 379, 369, 356, 357, 355, 362, 372, 383,
    380, 384, 376, 372, 359, 358, 358, 359, 363, 372, 379, 375, 377, 373,
    363, 358, 351, 340, 337, 331, 328, 330, 331, 327, 327, 332, 331, 329,
    331, 328, 332, 331, 328, 328, 330, 330, 329, 330, 331, 330, 330, 329,
    329, 331, 328, 328, 329, 327, 328 ]
LHandPositionsY: [ 146, 147, 148, 146, 140, 137, 143, 142, 143, 140, 145,
    149, 147, 147, 146, 146, 138, 138, 141, 141, 140, 142, 144, 147, 146,
    148, 148, 144, 144, 141, 140, 141, 146, 146, 146, 148, 146, 147, 143,
    143, 145, 141, 144, 143, 144, 144, 143, 141, 138, 144, 142, 147, 151,
    153, 159, 165, 178, 186, 200, 211, 221, 232, 234, 237, 241, 248, 248,
    251, 247, 252, 251, 251, 252, 251, 252, 249, 251, 249, 248, 248, 251,
    248, 251, 250, 251, 249, 252, 249 ]
RHandPositionsX: [ 182, 182, 182, 180, 181, 179, 183, 180, 181, 182, 178,
    182, 178, 181, 179, 177, 178, 177, 180, 175, 178, 175, 177, 176, 176,
    178, 176, 177, 179, 177, 177, 176, 179, 179, 176, 175, 179, 179, 176,
    179, 175, 179, 177, 177, 179, 177, 177, 176, 178, 175, 179, 179, 179,
    176, 178, 177, 178, 175, 178, 178, 178, 179, 178, 176, 178, 178, 178,
    177, 176, 175, 176, 179, 175, 179, 175, 175, 177, 179, 179, 176, 179,
    175, 179, 176, 176, 178, 176, 178 ]
RHandPositionsY: [ 279, 276, 278, 278, 275, 276, 277, 275, 275, 276, 277,
    275, 278, 278, 277, 276, 276, 275, 274, 275, 273, 274, 273, 275, 275,
    277, 274, 277, 276, 273, 275, 277, 273, 274, 275, 275, 276, 274, 275,
    278, 273, 276, 276, 277, 273, 275, 277, 275, 277, 275, 274, 276, 274,
    277, 275, 276, 275, 273, 277, 277, 276, 275, 277, 275, 275, 274, 273,
    273, 277, 277, 276, 273, 276, 273, 275, 275, 274, 275, 274, 273, 273,
    277, 276, 275, 275, 275, 275, 275 ]
