%YAML:1.0
---
videoName: "LHShake07.mp4"
gestureLabel: 2
fps: 29
pixelSizeInCmTemp: 3.3732394366197183e-01
faceCenterPointX: 265
faceCenterPointY: 78
LHandPositionsX: [ 348, 346, 351, 356, 361, 368, 376, 388, 388, 393, 392,
    394, 386, 375, 354, 349, 339, 341, 338, 339, 348, 361, 370, 366, 368,
    365, 359, 345, 341, 342, 344, 345, 355, 355, 366, 369, 368, 360, 359,
    351, 345, 348, 346, 353, 357, 360, 361, 363, 366, 359, 341, 328, 331,
    333, 340, 357, 366, 372, 373, 378, 374, 366, 354, 347, 341, 339, 337,
    335, 334, 336, 340, 340, 342, 342, 343, 344, 341, 342, 344, 344, 343,
    342, 344, 340, 343, 341, 342, 340 ]
LHandPositionsY: [ 279, 277, 272, 269, 257, 246, 235, 217, 202, 188, 176,
    160, 148, 137, 139, 140, 146, 147, 147, 144, 141, 136, 137, 138, 136,
    136, 133, 137, 143, 140, 140, 134, 132, 132, 125, 123, 129, 131, 132,
    136, 142, 142, 147, 142, 137, 138, 137, 138, 132, 130, 137, 151, 145,
    139, 134, 130, 128, 135, 133, 127, 132, 138, 145, 154, 166, 181, 190,
    204, 220, 230, 243, 253, 250, 254, 256, 262, 262, 264, 263, 267, 264,
    267, 266, 265, 266, 266, 268, 270 ]
RHandPositionsX: [ 183, 184, 185, 183, 184, 183, 185, 182, 185, 181, 184,
    185, 183, 182, 182, 181, 181, 184, 181, 182, 184, 182, 182, 182, 183,
    181, 182, 182, 183, 183, 183, 184, 181, 183, 181, 183, 181, 182, 185,
    185, 182, 184, 181, 184, 181, 182, 181, 184, 181, 181, 183, 184, 183,
    181, 181, 182, 185, 182, 182, 185, 181, 183, 182, 181, 183, 185, 184,
    183, 181, 184, 181, 183, 185, 185, 183, 184, 182, 183, 181, 183, 185,
    185, 181, 185, 182, 181, 184, 181 ]
RHandPositionsY: [ 278, 280, 279, 279, 276, 280, 276, 278, 278, 276, 277,
    279, 276, 280, 277, 277, 278, 280, 280, 278, 276, 280, 276, 279, 280,
    279, 277, 279, 280, 276, 276, 278, 276, 276, 278, 280, 277, 279, 278,
    280, 280, 276, 276, 279, 277, 280, 280, 279, 279, 279, 278, 280, 276,
    276, 280, 278, 278, 280, 280, 279, 279, 279, 280, 278, 277, 280, 278,
    276, 276, 280, 277, 276, 277, 280, 279, 280, 279, 280, 276, 276, 277,
    277, 276, 277, 278, 280, 276, 280 ]
