%YAML:1.0
---
videoName: "LHShake24.mp4"
gestureLabel: 2
fps: 30
pixelSizeInCmTemp: 3.4214285714285714e-01
faceCenterPointX: 255
faceCenterPointY: 77
LHandPositionsX: [ 327, 328, 326, 330, 326, 329, 327, 327, 328, 331, 332,
    336, 342, 348, 353, 359, 367, 375, 380, 379, 383, 380, 373, 361, 347,
    340, 343, 340, 344, 348, 360, 367, 379, 375, 378, 374, 367, 355, 346,
    336, 339, 340, 346, 354, 365, 366, 364, 370, 365, 353, 342, 338, 340,
    340, 346, 356, 365, 371, 368, 372, 368, 361, 354, 346, 343, 344, 346,
    353, 360, 369, 367, 366, 365, 357, 349, 340, 335, 332, 330, 324, 325,
    326, 326, 327, 324, 327, 326, 327, 326, 328, 324 ]
LHandPositionsY: [ 263, 264, 261, 260, 262, 263, 260, 264, 260, 261, 258,
    254, 247, 237, 224, 209, 194, 183, 174, 171, 158, 154, 152, 153, 155,
    161, 165, 162, 163, 161, 159, 152, 151, 149, 147, 146, 144, 150, 154,
    153, 156, 154, 153, 154, 152, 148, 150, 152, 154, 154, 159, 161, 161,
    165, 161, 162, 158, 157, 156, 156, 158, 158, 161, 163, 163, 160, 164,
    163, 162, 157, 156, 158, 159, 157, 157, 165, 171, 178, 188, 196, 208,
    220, 228, 232, 234, 241, 244, 247, 248, 247, 247 ]
RHandPositionsX: [ 180, 183, 182, 183, 179, 181, 180, 181, 179, 181, 183,
    180, 182, 180, 179, 181, 182, 183, 179, 182, 179, 182, 182, 181, 183,
    182, 182, 182, 180, 180, 181, 180, 183, 180, 181, 182, 181, 181, 181,
    179, 183, 182, 183, 179, 183, 179, 183, 181, 182, 179, 181, 182, 180,
    182, 179, 180, 180, 183, 180, 180, 182, 183, 179, 179, 181, 183, 181,
    182, 180, 180, 183, 179, 182, 181, 183, 180, 183, 180, 179, 181, 180,
    179, 181, 182, 182, 180, 181, 183, 179, 181, 181 ]
RHandPositionsY: [ 268, 270, 271, 267, 268, 268, 271, 271, 271, 267, 271,
    271, 271, 267, 268, 267, 267, 269, 270, 271, 270, 268, 271, 270, 269,
    267, 271, 267, 270, 268, 269, 267, 268, 270, 267, 268, 268, 267, 268,
    268, 271, 268, 270, 270, 270, 268, 271, 268, 270, 269, 267, 271, 271,
    268, 268, 270, 269, 268, 267, 271, 267, 267, 271, 271, 270, 269, 269,
    269, 268, 271, 271, 270, 268, 271, 270, 268, 270, 270, 267, 270, 270,
    271, 267, 268, 268, 267, 269, 270, 268, 270, 269 ]
