%YAML:1.0
---
videoName: "LHShake19.mp4"
gestureLabel: 2
fps: 29
pixelSizeInCmTemp: 3.3732394366197183e-01
faceCenterPointX: 250
faceCenterPointY: 62
LHandPositionsX: [ 307, 305, 307, 309, 305, 306, 305, 309, 309, 308, 308,
    309, 305, 306, 305, 309, 310, 315, 320, 323, 324, 320, 309, 292, 286,
    289, 291, 300, 307, 317, 313, 312, 306, 296, 290, 290, 294, 303, 311,
    317, 316, 312, 307, 293, 292, 295, 300, 306, 316, 313, 313, 306, 293,
    290, 298, 302, 308, 313, 317, 318, 312, 308, 305, 299, 298, 291, 292,
    293, 296, 297, 304, 303, 304, 302, 307, 308, 306, 309, 310, 307, 307,
    309, 307, 308, 309, 309, 307, 307 ]
LHandPositionsY: [ 250, 248, 251, 251, 250, 249, 252, 251, 250, 251, 251,
    248, 251, 249, 244, 240, 228, 213, 203, 189, 177, 170, 161, 161, 156,
    153, 159, 159, 153, 154, 153, 152, 155, 154, 148, 147, 155, 153, 151,
    153, 149, 154, 155, 149, 145, 152, 153, 151, 152, 150, 151, 155, 149,
    146, 155, 157, 155, 155, 153, 151, 152, 156, 156, 165, 167, 174, 179,
    190, 200, 206, 217, 216, 220, 221, 226, 231, 232, 235, 235, 237, 237,
    237, 238, 238, 241, 240, 241, 239 ]
RHandPositionsX: [ 197, 198, 198, 197, 199, 195, 196, 195, 195, 199, 199,
    198, 195, 197, 196, 199, 195, 198, 195, 196, 196, 195, 196, 198, 194,
    194, 196, 197, 198, 193, 195, 195, 193, 194, 193, 194, 193, 196, 192,
    193, 195, 191, 194, 192, 191, 193, 194, 195, 191, 194, 194, 192, 191,
    193, 193, 194, 191, 195, 192, 192, 194, 194, 195, 191, 193, 192, 193,
    191, 195, 195, 193, 191, 192, 195, 191, 195, 191, 195, 191, 194, 191,
    192, 191, 194, 192, 191, 191, 194 ]
RHandPositionsY: [ 258, 256, 257, 254, 255, 258, 257, 255, 257, 257, 255,
    257, 254, 256, 256, 255, 257, 257, 256, 255, 256, 257, 255, 256, 254,
    258, 255, 255, 257, 254, 254, 256, 256, 256, 258, 256, 255, 257, 255,
    254, 255, 257, 258, 254, 256, 258, 254, 255, 256, 256, 254, 254, 255,
    254, 254, 255, 255, 255, 257, 257, 254, 255, 256, 255, 256, 254, 258,
    256, 255, 255, 256, 256, 257, 258, 255, 256, 258, 255, 256, 254, 258,
    255, 257, 256, 256, 257, 255, 254 ]
