%YAML:1.0
---
videoName: "LHShake08.mp4"
gestureLabel: 2
fps: 29
pixelSizeInCmTemp: 3.4710144927536229e-01
faceCenterPointX: 261
faceCenterPointY: 69
LHandPositionsX: [ 341, 342, 342, 345, 349, 344, 354, 362, 371, 371, 376,
    373, 379, 367, 356, 348, 341, 343, 342, 343, 350, 360, 367, 366, 361,
    360, 359, 351, 345, 338, 341, 338, 345, 348, 358, 367, 369, 366, 365,
    360, 355, 344, 335, 338, 338, 335, 339, 350, 358, 360, 357, 357, 358,
    350, 345, 342, 341, 340, 342, 350, 356, 363, 372, 371, 372, 368, 365,
    360, 350, 347, 338, 337, 334, 332, 331, 331, 336, 334, 335, 337, 336,
    337, 338, 336, 336, 339, 336, 335 ]
LHandPositionsY: [ 268, 268, 263, 256, 248, 235, 221, 199, 188, 173, 165,
    154, 145, 145, 145, 148, 152, 152, 150, 149, 147, 146, 139, 139, 138,
    140, 139, 143, 148, 156, 150, 153, 155, 150, 148, 148, 150, 146, 147,
    149, 153, 155, 159, 161, 161, 161, 160, 156, 154, 157, 153, 154, 153,
    153, 162, 162, 160, 162, 161, 157, 155, 151, 146, 147, 145, 146, 151,
    156, 158, 169, 176, 185, 195, 209, 221, 231, 245, 243, 246, 251, 252,
    254, 252, 253, 254, 255, 255, 254 ]
RHandPositionsX: [ 172, 176, 173, 174, 172, 176, 175, 174, 175, 172, 176,
    172, 175, 176, 175, 172, 176, 173, 174, 176, 175, 174, 173, 175, 176,
    175, 173, 176, 173, 174, 172, 174, 173, 177, 175, 174, 177, 175, 177,
    174, 177, 177, 173, 174, 175, 174, 177, 178, 174, 175, 174, 178, 175,
    176, 175, 175, 177, 177, 178, 176, 178, 177, 174, 176, 178, 174, 175,
    177, 178, 178, 174, 175, 176, 176, 176, 177, 176, 177, 174, 176, 178,
    178, 178, 177, 176, 178, 178, 178 ]
RHandPositionsY: [ 277, 274, 274, 277, 276, 276, 274, 277, 273, 277, 275,
    273, 275, 276, 277, 277, 277, 275, 276, 274, 275, 275, 274, 273, 275,
    276, 277, 275, 274, 276, 276, 274, 274, 277, 274, 276, 274, 276, 274,
    277, 274, 273, 274, 276, 277, 274, 276, 275, 273, 277, 274, 275, 276,
    277, 274, 277, 273, 277, 277, 275, 273, 274, 277, 277, 276, 277, 273,
    277, 275, 276, 274, 277, 277, 273, 276, 275, 274, 277, 273, 277, 277,
    276, 274, 276, 274, 276, 276, 275 ]
