%YAML:1.0
---
videoName: "LHShake24.mp4"
gestureLabel: 2
fps: 30
pixelSizeInCmTemp: 3.4214285714285714e-01
faceCenterPointX: 255
faceCenterPointY: 77
LHandPositionsX: [ 327, 327, 327, 330, 327, 327, 327, 328, 331, 329, 334,
    336, 343, 347, 353, 362, 371, 373, 379, 379, 383, 381, 371, 360, 350,
    343, 342, 339, 343, 347, 356, 367, 377, 379, 378, 373, 366, 356, 344,
    339, 342, 339, 342, 354, 363, 364, 366, 367, 361, 355, 342, 338, 339,
    338, 345, 355, 365, 372, 369, 371, 368, 360, 353, 347, 347, 346, 345,
    353, 359, 369, 368, 366, 367, 360, 349, 340, 334, 331, 327, 326, 325,
    327, 325, 324, 328, 326, 329, 329, 327, 326, 327 ]
LHandPositionsY: [ 261, 261, 263, 261, 263, 263, 264, 264, 263, 262, 261,
    256, 249, 236, 225, 210, 193, 182, 171, 172, 159, 153, 152, 153, 159,
    162, 162, 164, 162, 163, 156, 153, 148, 147, 151, 144, 147, 151, 152,
    157, 154, 154, 155, 153, 148, 152, 149, 148, 154, 155, 158, 165, 163,
    162, 162, 160, 160, 157, 159, 153, 155, 160, 160, 161, 162, 163, 163,
    162, 162, 160, 158, 156, 158, 159, 158, 163, 171, 179, 188, 199, 206,
    218, 229, 232, 236, 240, 245, 247, 249, 247, 248 ]
RHandPositionsX: [ 179, 182, 179, 181, 182, 180, 179, 183, 183, 182, 180,
    179, 180, 181, 180, 181, 182, 181, 183, 179, 183, 180, 180, 183, 182,
    179, 183, 181, 181, 180, 181, 181, 183, 180, 179, 181, 183, 183, 180,
    181, 179, 181, 181, 183, 180, 182, 182, 183, 182, 180, 183, 183, 183,
    183, 181, 179, 179, 183, 180, 180, 180, 180, 179, 180, 183, 179, 183,
    180, 179, 183, 179, 180, 183, 179, 183, 181, 182, 181, 182, 181, 181,
    182, 181, 181, 182, 183, 181, 179, 183, 183, 181 ]
RHandPositionsY: [ 270, 271, 268, 268, 269, 267, 271, 270, 268, 269, 269,
    271, 268, 270, 267, 268, 270, 267, 268, 270, 270, 267, 268, 271, 267,
    269, 271, 267, 267, 270, 268, 270, 270, 269, 269, 271, 270, 271, 267,
    270, 268, 267, 271, 271, 270, 269, 269, 269, 271, 271, 270, 271, 271,
    269, 267, 268, 270, 270, 267, 268, 271, 271, 270, 267, 269, 271, 269,
    271, 270, 268, 268, 269, 270, 267, 268, 271, 270, 271, 270, 269, 269,
    267, 269, 267, 269, 267, 270, 267, 271, 268, 269 ]
