%YAML:1.0
---
videoName: "LHShake09.mp4"
gestureLabel: 2
fps: 29
pixelSizeInCmTemp: 3.3263888888888887e-01
faceCenterPointX: 259
faceCenterPointY: 67
LHandPositionsX: [ 340, 338, 340, 336, 341, 344, 348, 351, 353, 357, 359,
    367, 369, 370, 370, 365, 359, 349, 339, 334, 331, 334, 331, 332, 337,
    346, 348, 351, 350, 349, 351, 347, 344, 335, 336, 337, 337, 343, 352,
    359, 367, 365, 365, 363, 357, 343, 337, 338, 338, 336, 339, 347, 353,
    356, 356, 355, 353, 352, 342, 335, 337, 336, 335, 335, 343, 347, 353,
    352, 352, 351, 349, 341, 335, 331, 323, 320, 316, 319, 321, 327, 325,
    326, 331, 332, 332, 333, 333, 334 ]
LHandPositionsY: [ 274, 271, 271, 272, 275, 272, 267, 257, 248, 239, 232,
    218, 200, 197, 183, 174, 167, 163, 156, 157, 160, 156, 155, 155, 154,
    151, 148, 149, 148, 148, 149, 149, 150, 152, 156, 152, 152, 155, 155,
    152, 153, 155, 152, 154, 155, 153, 156, 159, 157, 157, 156, 153, 153,
    150, 152, 151, 149, 149, 150, 153, 153, 154, 155, 151, 153, 150, 150,
    152, 149, 152, 150, 155, 164, 172, 179, 192, 205, 222, 230, 241, 245,
    248, 249, 252, 255, 257, 260, 258 ]
RHandPositionsX: [ 177, 176, 176, 177, 180, 176, 176, 180, 180, 179, 179,
    180, 180, 179, 178, 180, 177, 177, 177, 178, 177, 177, 178, 176, 178,
    179, 180, 180, 178, 179, 178, 178, 180, 180, 176, 180, 180, 177, 176,
    177, 180, 178, 176, 176, 177, 177, 177, 180, 176, 177, 178, 178, 178,
    177, 178, 178, 176, 176, 176, 178, 177, 179, 179, 176, 177, 177, 179,
    178, 179, 180, 179, 178, 180, 177, 177, 178, 178, 180, 176, 180, 177,
    176, 180, 177, 177, 179, 179, 179 ]
RHandPositionsY: [ 278, 277, 276, 275, 279, 279, 277, 279, 277, 276, 276,
    275, 276, 278, 278, 279, 277, 276, 277, 278, 277, 279, 275, 276, 277,
    276, 278, 275, 278, 277, 278, 279, 277, 276, 275, 278, 275, 275, 275,
    275, 278, 278, 276, 277, 278, 276, 275, 277, 279, 279, 276, 279, 276,
    279, 279, 279, 277, 276, 278, 278, 278, 276, 279, 275, 279, 276, 275,
    278, 278, 277, 277, 277, 278, 279, 278, 279, 275, 278, 277, 277, 279,
    279, 278, 278, 276, 278, 277, 276 ]
