%YAML:1.0
---
videoName: "LHShake12.mp4"
gestureLabel: 2
fps: 29
pixelSizeInCmTemp: 3.3263888888888887e-01
faceCenterPointX: 259
faceCenterPointY: 64
LHandPositionsX: [ 371, 359, 349, 348, 347, 345, 354, 361, 376, 384, 379,
    380, 374, 366, 353, 348, 351, 344, 345, 355, 365, 378, 377, 378, 376,
    369, 362, 349, 341, 342, 339, 343, 348, 360, 371, 372, 371, 373, 366,
    357, 349, 342, 344, 341, 344, 355, 365, 368, 366, 372, 366, 358, 345,
    342, 342, 336, 341, 346, 355, 369, 368, 367, 367, 361, 354, 344, 336,
    327, 324, 317, 317, 316, 317, 324, 332, 331, 333, 334, 336, 333, 334,
    334, 336, 335, 337, 334, 333, 335 ]
LHandPositionsY: [ 164, 161, 165, 162, 162, 160, 158, 155, 153, 152, 149,
    149, 149, 155, 157, 159, 159, 157, 158, 153, 150, 149, 147, 148, 143,
    143, 143, 149, 153, 156, 156, 153, 152, 149, 147, 148, 148, 145, 147,
    151, 151, 156, 153, 158, 157, 152, 151, 151, 149, 148, 149, 152, 152,
    159, 156, 156, 156, 155, 150, 144, 144, 143, 144, 148, 151, 153, 163,
    168, 177, 184, 199, 209, 225, 233, 243, 246, 249, 251, 254, 256, 258,
    254, 258, 257, 258, 257, 258, 256 ]
RHandPositionsX: [ 175, 174, 175, 177, 177, 175, 175, 175, 176, 177, 176,
    178, 174, 178, 174, 178, 176, 178, 176, 175, 176, 175, 176, 175, 177,
    178, 176, 177, 178, 178, 174, 176, 177, 176, 175, 178, 175, 178, 178,
    174, 175, 178, 176, 178, 178, 174, 178, 178, 176, 176, 175, 174, 175,
    177, 175, 177, 174, 174, 178, 176, 178, 175, 176, 174, 174, 178, 174,
    175, 174, 176, 174, 177, 176, 175, 175, 177, 176, 177, 174, 178, 178,
    177, 178, 177, 178, 174, 176, 175 ]
RHandPositionsY: [ 271, 274, 271, 275, 275, 275, 274, 271, 272, 273, 271,
    274, 273, 274, 275, 275, 271, 274, 274, 275, 272, 275, 273, 272, 272,
    273, 275, 274, 271, 275, 273, 273, 272, 274, 271, 275, 271, 274, 273,
    275, 274, 275, 275, 272, 271, 273, 275, 272, 271, 273, 272, 274, 275,
    272, 274, 275, 271, 271, 272, 275, 272, 271, 275, 272, 274, 273, 275,
    271, 273, 275, 275, 274, 274, 273, 275, 274, 271, 273, 271, 274, 275,
    275, 271, 271, 273, 274, 274, 273 ]
