%YAML:1.0
---
videoName: "LHShake19.mp4"
gestureLabel: 2
fps: 29
pixelSizeInCmTemp: 3.3732394366197183e-01
faceCenterPointX: 250
faceCenterPointY: 62
LHandPositionsX: [ 308, 309, 309, 306, 309, 306, 307, 305, 308, 309, 306,
    306, 306, 305, 309, 311, 311, 314, 320, 325, 325, 321, 309, 292, 285,
    286, 292, 300, 305, 316, 313, 313, 306, 297, 286, 289, 291, 300, 312,
    318, 318, 313, 304, 294, 291, 294, 297, 306, 313, 311, 313, 306, 296,
    294, 297, 303, 308, 314, 318, 318, 316, 310, 304, 300, 299, 293, 293,
    294, 294, 300, 303, 303, 301, 302, 303, 308, 306, 311, 307, 310, 307,
    310, 307, 307, 309, 308, 310, 311 ]
LHandPositionsY: [ 249, 249, 252, 252, 251, 250, 248, 249, 251, 252, 250,
    252, 251, 246, 245, 241, 227, 216, 204, 190, 178, 168, 161, 163, 154,
    154, 156, 156, 153, 152, 153, 153, 156, 152, 151, 145, 152, 152, 154,
    150, 150, 154, 156, 147, 145, 153, 155, 155, 152, 151, 152, 159, 148,
    144, 157, 157, 157, 151, 154, 150, 154, 155, 158, 162, 168, 171, 179,
    187, 200, 210, 214, 215, 218, 219, 227, 227, 230, 235, 234, 237, 238,
    237, 236, 236, 239, 238, 240, 238 ]
RHandPositionsX: [ 198, 196, 198, 197, 199, 198, 195, 195, 197, 196, 195,
    195, 195, 199, 195, 195, 195, 196, 197, 196, 198, 197, 196, 194, 195,
    197, 196, 194, 198, 194, 197, 194, 194, 192, 192, 195, 192, 194, 193,
    195, 192, 191, 193, 191, 191, 194, 195, 195, 191, 195, 192, 192, 192,
    194, 193, 193, 191, 191, 191, 195, 195, 192, 191, 193, 193, 195, 194,
    192, 194, 195, 191, 195, 195, 193, 193, 195, 193, 191, 192, 191, 195,
    195, 195, 191, 194, 193, 193, 195 ]
RHandPositionsY: [ 254, 256, 256, 257, 254, 254, 256, 256, 255, 255, 257,
    257, 254, 256, 254, 258, 254, 256, 256, 255, 258, 257, 255, 256, 257,
    255, 255, 258, 257, 257, 258, 256, 256, 257, 258, 255, 257, 254, 254,
    255, 254, 257, 256, 255, 255, 258, 257, 256, 256, 254, 255, 255, 256,
    258, 255, 257, 258, 258, 256, 258, 257, 254, 254, 254, 254, 258, 258,
    255, 256, 256, 258, 257, 257, 257, 258, 254, 257, 258, 255, 258, 256,
    256, 255, 255, 254, 254, 254, 258 ]
