%YAML:1.0
---
videoName: "LHShake15.mp4"
gestureLabel: 2
fps: 29
pixelSizeInCmTemp: 3.3263888888888887e-01
faceCenterPointX: 252
faceCenterPointY: 65
LHandPositionsX: [ 331, 331, 329, 327, 327, 330, 327, 331, 334, 329, 334,
    339, 347, 352, 359, 365, 367, 373, 381, 383, 377, 378, 364, 359, 346,
    340, 341, 339, 348, 351, 360, 361, 360, 359, 356, 346, 334, 332, 331,
    335, 346, 351, 355, 353, 352, 353, 349, 336, 328, 331, 329, 343, 350,
    357, 355, 351, 356, 354, 341, 337, 335, 333, 333, 342, 342, 352, 349,
    348, 349, 351, 343, 335, 330, 326, 325, 322, 320, 321, 323, 325, 325,
    325, 326, 324, 326, 324, 328, 324 ]
LHandPositionsY: [ 258, 256, 254, 255, 254, 256, 258, 256, 254, 252, 244,
    227, 215, 202, 185, 173, 156, 137, 121, 117, 119, 104, 102, 102, 107,
    103, 102, 101, 99, 95, 92, 96, 93, 93, 97, 98, 98, 100, 99, 97, 96,
    92, 96, 98, 95, 98, 103, 100, 103, 99, 98, 92, 92, 96, 94, 98, 96,
    98, 102, 99, 101, 98, 99, 100, 100, 101, 101, 100, 100, 101, 106,
    121, 139, 151, 167, 181, 195, 206, 221, 229, 232, 235, 238, 241, 242,
    238, 239, 242 ]
RHandPositionsX: [ 177, 179, 179, 178, 179, 177, 179, 176, 175, 176, 177,
    175, 177, 178, 175, 175, 179, 177, 175, 179, 176, 177, 175, 178, 178,
    178, 175, 179, 179, 177, 176, 179, 175, 177, 178, 177, 175, 178, 177,
    178, 178, 175, 177, 179, 179, 177, 179, 178, 179, 178, 176, 177, 175,
    175, 179, 177, 178, 178, 179, 177, 178, 178, 177, 179, 175, 179, 175,
    179, 177, 178, 178, 177, 177, 178, 175, 177, 179, 177, 177, 178, 178,
    176, 175, 178, 177, 178, 175, 176 ]
RHandPositionsY: [ 259, 261, 259, 261, 257, 261, 257, 257, 258, 261, 259,
    257, 259, 258, 261, 257, 259, 261, 257, 261, 259, 261, 261, 259, 260,
    260, 261, 257, 261, 259, 259, 258, 261, 258, 260, 259, 260, 257, 261,
    259, 258, 261, 261, 260, 257, 259, 260, 260, 261, 257, 260, 260, 257,
    260, 257, 260, 260, 261, 261, 258, 257, 260, 261, 259, 259, 257, 261,
    259, 261, 259, 261, 260, 260, 261, 261, 257, 260, 257, 261, 259, 260,
    260, 260, 260, 260, 260, 259, 261 ]
