%YAML:1.0
---
videoName: "LHShake23.mp4"
gestureLabel: 2
fps: 30
pixelSizeInCmTemp: 3.3263888888888887e-01
faceCenterPointX: 259
faceCenterPointY: 79
LHandPositionsX: [ 331, 333, 334, 331, 334, 330, 334, 330, 332, 335, 333,
    334, 338, 347, 350, 360, 370, 369, 374, 376, 377, 379, 374, 366, 357,
    352, 353, 351, 355, 364, 372, 381, 385, 384, 385, 380, 370, 359, 360,
    362, 363, 366, 375, 386, 385, 382, 381, 372, 363, 355, 356, 350, 356,
    361, 371, 380, 381, 379, 381, 374, 367, 357, 357, 356, 357, 365, 373,
    380, 379, 378, 378, 375, 367, 363, 354, 352, 347, 345, 343, 340, 340,
    337, 340, 335, 338, 338, 338, 338, 338, 335, 336 ]
LHandPositionsY: [ 265, 265, 263, 265, 266, 266, 266, 266, 261, 264, 260,
    251, 240, 229, 231, 212, 202, 199, 191, 185, 180, 173, 168, 165, 168,
    171, 169, 169, 170, 164, 161, 159, 161, 159, 160, 163, 164, 165, 165,
    163, 165, 165, 160, 160, 161, 161, 160, 159, 162, 164, 164, 164, 169,
    165, 165, 166, 163, 166, 164, 161, 167, 166, 167, 167, 169, 169, 168,
    168, 167, 169, 171, 172, 176, 185, 193, 202, 213, 228, 237, 249, 251,
    249, 249, 254, 255, 256, 256, 252, 253, 256, 253 ]
RHandPositionsX: [ 186, 185, 185, 186, 184, 185, 184, 186, 183, 186, 182,
    183, 182, 182, 183, 184, 183, 186, 186, 184, 186, 182, 182, 183, 186,
    185, 186, 182, 184, 186, 185, 183, 183, 183, 185, 184, 185, 182, 186,
    183, 185, 185, 185, 186, 182, 185, 186, 183, 182, 185, 185, 185, 184,
    186, 183, 185, 185, 182, 184, 185, 186, 184, 184, 182, 183, 186, 184,
    183, 185, 185, 184, 186, 186, 186, 182, 185, 182, 185, 182, 186, 182,
    182, 185, 182, 186, 184, 185, 184, 184, 184, 185 ]
RHandPositionsY: [ 271, 270, 270, 272, 271, 272, 270, 274, 272, 270, 274,
    270, 271, 274, 271, 270, 270, 272, 271, 273, 274, 270, 273, 274, 270,
    270, 270, 270, 271, 274, 270, 272, 271, 274, 270, 273, 274, 273, 270,
    270, 271, 271, 272, 270, 270, 271, 273, 274, 270, 274, 272, 274, 274,
    270, 271, 274, 274, 270, 273, 273, 270, 272, 272, 272, 270, 270, 274,
    271, 273, 271, 274, 271, 271, 274, 272, 272, 271, 272, 272, 271, 272,
    273, 272, 273, 274, 274, 272, 270, 272, 272, 270 ]
