%YAML:1.0
---
videoName: "LHShake07.mp4"
gestureLabel: 2
fps: 29
pixelSizeInCmTemp: 3.3732394366197183e-01
faceCenterPointX: 265
faceCenterPointY: 78
LHandPositionsX: [ 348, 347, 350, 357, 363, 368, 376, 384, 389, 393, 392,
    392, 383, 378, 353, 346, 340, 344, 340, 343, 347, 365, 369, 369, 366,
    365, 361, 341, 343, 343, 342, 345, 356, 355, 369, 371, 366, 360, 363,
    352, 347, 349, 348, 349, 355, 360, 363, 361, 364, 360, 340, 327, 335,
    335, 341, 354, 365, 375, 369, 381, 370, 363, 356, 350, 341, 339, 338,
    337, 334, 339, 339, 343, 344, 341, 341, 344, 344, 342, 342, 341, 343,
    340, 342, 343, 344, 344, 340, 344 ]
LHandPositionsY: [ 277, 275, 273, 269, 256, 249, 235, 218, 201, 191, 176,
    163, 148, 141, 141, 139, 149, 148, 146, 148, 143, 135, 138, 135, 136,
    138, 136, 137, 146, 141, 136, 131, 133, 132, 127, 126, 126, 131, 135,
    134, 142, 143, 147, 139, 138, 140, 140, 138, 129, 130, 135, 150, 144,
    138, 133, 133, 130, 135, 134, 129, 131, 137, 146, 155, 167, 179, 194,
    202, 219, 230, 243, 251, 252, 255, 259, 262, 262, 267, 266, 267, 265,
    267, 268, 267, 266, 266, 267, 268 ]
RHandPositionsX: [ 184, 181, 182, 185, 185, 183, 185, 181, 185, 185, 182,
    181, 185, 182, 184, 181, 184, 181, 183, 181, 183, 183, 182, 182, 181,
    184, 184, 183, 183, 185, 182, 181, 184, 182, 183, 184, 184, 182, 183,
    185, 183, 182, 185, 181, 184, 183, 181, 183, 185, 182, 181, 184, 184,
    182, 184, 182, 182, 185, 182, 182, 182, 185, 185, 184, 184, 183, 183,
    185, 181, 181, 183, 184, 182, 183, 183, 182, 183, 183, 182, 182, 181,
    184, 182, 181, 185, 185, 184, 183 ]
RHandPositionsY: [ 279, 277, 280, 280, 280, 279, 279, 277, 276, 277, 280,
    276, 279, 279, 279, 279, 279, 276, 279, 277, 276, 279, 277, 279, 280,
    280, 279, 278, 277, 278, 276, 279, 279, 276, 280, 280, 280, 280, 279,
    277, 276, 279, 276, 280, 278, 277, 278, 277, 279, 280, 276, 278, 278,
    277, 278, 279, 280, 278, 278, 278, 277, 276, 276, 277, 279, 280, 276,
    279, 278, 277, 279, 280, 276, 277, 278, 278, 279, 280, 279, 278, 279,
    277, 279, 280, 278, 276, 277, 276 ]
