%YAML:1.0
---
videoName: "LHShake19.mp4"
gestureLabel: 2
fps: 29
pixelSizeInCmTemp: 3.3732394366197183e-01
faceCenterPointX: 250
faceCenterPointY: 62
LHandPositionsX: [ 305, 306, 306, 305, 306, 307, 305, 307, 305, 306, 305,
    307, 307, 308, 308, 307, 311, 318, 319, 326, 327, 320, 311, 292, 286,
    286, 289, 297, 305, 315, 314, 314, 307, 297, 290, 287, 291, 299, 308,
    318, 320, 313, 306, 291, 292, 296, 298, 305, 313, 315, 309, 308, 296,
    290, 297, 302, 308, 314, 315, 318, 312, 307, 303, 301, 295, 290, 293,
    295, 296, 298, 304, 303, 304, 304, 307, 308, 309, 310, 311, 310, 310,
    308, 311, 308, 307, 308, 308, 308 ]
LHandPositionsY: [ 248, 250, 249, 250, 251, 251, 250, 252, 248, 248, 248,
    250, 248, 250, 246, 240, 228, 217, 205, 191, 178, 167, 163, 162, 154,
    152, 159, 155, 155, 154, 153, 153, 155, 153, 151, 149, 152, 156, 155,
    152, 149, 152, 156, 146, 146, 151, 156, 151, 153, 151, 153, 155, 148,
    144, 157, 157, 154, 153, 153, 152, 154, 155, 157, 165, 169, 170, 177,
    190, 196, 206, 214, 214, 220, 221, 223, 228, 233, 235, 237, 236, 235,
    239, 237, 238, 241, 240, 238, 237 ]
RHandPositionsX: [ 197, 197, 198, 197, 198, 195, 198, 197, 196, 195, 196,
    196, 195, 199, 196, 195, 199, 196, 196, 195, 199, 197, 197, 196, 198,
    196, 195, 194, 195, 196, 195, 197, 195, 193, 196, 195, 196, 196, 193,
    193, 191, 193, 195, 191, 191, 195, 194, 191, 193, 193, 192, 191, 192,
    194, 191, 192, 192, 191, 194, 194, 191, 193, 194, 194, 195, 191, 194,
    193, 192, 191, 191, 192, 194, 194, 191, 193, 194, 191, 195, 193, 194,
    195, 193, 192, 192, 191, 195, 192 ]
RHandPositionsY: [ 256, 257, 256, 255, 254, 258, 258, 255, 257, 255, 258,
    254, 257, 258, 254, 254, 258, 257, 258, 256, 256, 254, 255, 255, 256,
    255, 258, 258, 254, 254, 256, 257, 257, 254, 258, 255, 257, 254, 257,
    256, 257, 258, 257, 256, 256, 256, 254, 257, 258, 256, 257, 256, 256,
    255, 255, 254, 254, 257, 254, 256, 256, 256, 258, 254, 258, 258, 256,
    255, 258, 257, 257, 256, 255, 257, 258, 255, 258, 256, 255, 256, 257,
    254, 258, 257, 258, 257, 256, 254 ]
