%YAML:1.0
---
videoName: "LHShake03.mp4"
gestureLabel: 2
fps: 30
pixelSizeInCmTemp: 3.2808219178082193e-01
faceCenterPointX: 251
faceCenterPointY: 79
LHandPositionsX: [ 345, 348, 350, 357, 355, 356, 352, 350, 339, 325, 313,
    318, 314, 317, 317, 320, 326, 332, 336, 333, 341, 338, 336, 331, 327,
    321, 324, 322, 326, 328, 334, 342, 344, 340, 333, 324, 317, 313, 309,
    311, 314, 323, 329, 331, 336, 337, 332, 330, 322, 322, 322, 326, 334,
    338, 343, 343, 338, 334, 337, 334, 336, 328, 322, 319, 316, 310, 308,
    303, 299, 299, 297, 294, 296, 294, 296, 294, 292, 292, 292, 291, 291,
    290, 292, 290, 287, 286, 288, 287, 285, 284, 286 ]
LHandPositionsY: [ 139, 133, 125, 122, 114, 107, 104, 103, 99, 100, 106,
    105, 102, 98, 95, 92, 93, 86, 85, 86, 82, 88, 88, 88, 89, 87, 91, 91,
    88, 84, 84, 86, 81, 86, 83, 90, 94, 95, 98, 93, 90, 89, 88, 89, 88,
    87, 87, 85, 91, 89, 91, 90, 89, 86, 85, 88, 93, 95, 98, 99, 113, 131,
    144, 155, 165, 179, 188, 197, 204, 213, 220, 221, 226, 229, 233, 234,
    240, 242, 248, 247, 247, 249, 249, 254, 253, 252, 253, 253, 252, 252,
    253 ]
RHandPositionsX: [ 214, 212, 212, 212, 216, 212, 213, 214, 211, 215, 211,
    215, 215, 212, 211, 211, 214, 213, 214, 215, 211, 214, 215, 213, 212,
    211, 214, 213, 214, 214, 212, 212, 215, 212, 212, 215, 211, 212, 215,
    215, 212, 212, 213, 211, 214, 213, 214, 213, 215, 211, 215, 211, 214,
    215, 215, 213, 210, 213, 210, 210, 210, 213, 210, 210, 210, 211, 210,
    212, 214, 213, 214, 211, 210, 214, 212, 212, 210, 211, 212, 214, 214,
    211, 213, 213, 212, 210, 213, 214, 213, 214, 210 ]
RHandPositionsY: [ 255, 254, 258, 256, 253, 256, 252, 255, 253, 254, 256,
    252, 253, 253, 255, 256, 256, 255, 254, 252, 253, 254, 255, 254, 255,
    251, 251, 255, 251, 253, 254, 251, 255, 254, 255, 251, 252, 252, 255,
    252, 255, 255, 254, 252, 255, 254, 252, 254, 252, 255, 255, 253, 255,
    251, 254, 252, 255, 252, 253, 252, 252, 252, 255, 255, 254, 254, 255,
    253, 254, 255, 252, 252, 254, 254, 255, 253, 255, 253, 254, 251, 252,
    253, 253, 253, 255, 254, 254, 254, 255, 254, 255 ]
