%YAML:1.0
---
videoName: "LHShake20.mp4"
gestureLabel: 2
fps: 30
pixelSizeInCmTemp: 3.3732394366197183e-01
faceCenterPointX: 249
faceCenterPointY: 62
LHandPositionsX: [ 312, 313, 315, 316, 312, 315, 316, 313, 316, 318, 321,
    325, 334, 338, 341, 339, 331, 320, 315, 312, 311, 313, 317, 327, 336,
    336, 337, 339, 329, 323, 316, 318, 316, 326, 334, 343, 338, 341, 332,
    326, 325, 322, 320, 328, 331, 330, 328, 330, 326, 318, 319, 322, 321,
    326, 324, 328, 329, 326, 321, 318, 317, 319, 318, 318, 320, 323, 320,
    321, 317, 315, 314, 314, 314, 312, 315, 313, 316, 313, 316, 313, 314,
    315, 313, 316, 316, 314, 316, 315, 315, 316, 314 ]
LHandPositionsY: [ 250, 248, 249, 247, 246, 249, 244, 245, 234, 229, 219,
    204, 187, 176, 173, 163, 161, 159, 158, 162, 160, 155, 150, 149, 142,
    145, 145, 145, 144, 144, 147, 148, 145, 147, 142, 141, 143, 140, 143,
    144, 145, 146, 144, 143, 140, 143, 140, 140, 143, 147, 150, 147, 144,
    142, 139, 136, 138, 135, 138, 145, 142, 143, 148, 148, 146, 150, 159,
    167, 177, 191, 204, 216, 215, 217, 225, 227, 229, 229, 232, 231, 230,
    234, 236, 233, 235, 239, 235, 236, 237, 237, 239 ]
RHandPositionsX: [ 182, 183, 183, 181, 180, 183, 181, 181, 182, 180, 183,
    180, 182, 180, 180, 183, 180, 181, 182, 182, 181, 181, 182, 183, 180,
    181, 181, 180, 181, 183, 179, 180, 181, 182, 182, 183, 183, 181, 183,
    183, 181, 180, 179, 183, 183, 180, 183, 181, 180, 179, 182, 179, 182,
    182, 183, 182, 180, 181, 183, 179, 180, 179, 183, 179, 183, 180, 180,
    181, 182, 182, 181, 179, 183, 183, 180, 179, 181, 178, 178, 182, 179,
    179, 178, 180, 180, 182, 182, 178, 178, 178, 181 ]
RHandPositionsY: [ 253, 256, 255, 253, 254, 255, 254, 257, 254, 254, 255,
    252, 255, 255, 252, 256, 254, 255, 256, 256, 253, 254, 253, 255, 256,
    253, 256, 256, 255, 253, 255, 253, 255, 253, 251, 255, 253, 254, 253,
    255, 253, 253, 251, 252, 255, 251, 255, 253, 251, 251, 253, 253, 253,
    255, 254, 253, 253, 254, 255, 252, 254, 255, 251, 254, 251, 254, 251,
    252, 254, 255, 252, 254, 255, 253, 251, 255, 255, 251, 254, 255, 254,
    254, 253, 254, 251, 254, 253, 255, 254, 252, 251 ]
