%YAML:1.0
---
videoName: "LHShake14.mp4"
gestureLabel: 2
fps: 29
pixelSizeInCmTemp: 3.2808219178082193e-01
faceCenterPointX: 256
faceCenterPointY: 64
LHandPositionsX: [ 351, 352, 348, 357, 366, 382, 392, 387, 386, 381, 369,
    359, 359, 355, 360, 370, 380, 383, 384, 379, 375, 364, 355, 356, 351,
    359, 367, 380, 390, 388, 385, 377, 366, 360, 356, 355, 363, 372, 380,
    381, 382, 379, 368, 361, 360, 358, 361, 366, 374, 378, 378, 378, 374,
    365, 357, 349, 342, 338, 330, 329, 330, 328, 328, 330, 329, 331, 331,
    328, 329, 328, 332, 331, 332, 329, 327, 330, 328, 329, 329, 328, 331,
    331, 331, 328, 330, 328, 327, 329 ]
LHandPositionsY: [ 147, 148, 148, 147, 140, 138, 143, 143, 140, 143, 144,
    149, 148, 149, 147, 146, 139, 137, 139, 139, 142, 142, 144, 149, 147,
    147, 146, 143, 141, 142, 139, 141, 145, 147, 148, 146, 145, 143, 142,
    141, 145, 143, 144, 140, 140, 142, 143, 140, 138, 143, 142, 145, 149,
    152, 157, 165, 177, 189, 197, 209, 221, 235, 237, 238, 242, 244, 250,
    249, 247, 249, 251, 249, 252, 251, 248, 249, 250, 250, 252, 251, 251,
    248, 252, 251, 250, 250, 251, 249 ]
RHandPositionsX: [ 184, 181, 181, 182, 183, 179, 180, 182, 179, 182, 181,
    178, 180, 179, 179, 177, 177, 179, 179, 179, 175, 178, 179, 176, 178,
    177, 175, 178, 177, 176, 178, 176, 177, 179, 178, 177, 176, 176, 180,
    178, 176, 179, 176, 179, 175, 177, 175, 175, 175, 179, 179, 175, 176,
    179, 176, 175, 176, 179, 179, 175, 175, 175, 175, 178, 176, 176, 178,
    175, 175, 176, 175, 176, 177, 175, 179, 179, 178, 178, 178, 175, 176,
    178, 177, 177, 178, 178, 178, 175 ]
RHandPositionsY: [ 278, 277, 277, 279, 275, 278, 275, 277, 276, 278, 276,
    275, 276, 274, 274, 276, 277, 275, 275, 273, 274, 276, 277, 275, 274,
    277, 276, 273, 275, 276, 274, 273, 276, 277, 277, 275, 276, 273, 278,
    274, 274, 277, 275, 277, 277, 276, 274, 274, 275, 274, 275, 276, 276,
    274, 274, 273, 273, 276, 273, 273, 277, 277, 275, 277, 276, 275, 273,
    273, 275, 274, 276, 275, 277, 275, 276, 274, 277, 274, 275, 275, 274,
    273, 274, 274, 274, 273, 274, 274 ]
