%YAML:1.0
---
videoName: "LHShake09.mp4"
gestureLabel: 2
fps: 29
pixelSizeInCmTemp: 3.3263888888888887e-01
faceCenterPointX: 259
faceCenterPointY: 67
LHandPositionsX: [ 337, 336, 338, 339, 339, 348, 351, 355, 353, 356, 359,
    363, 370, 367, 369, 367, 360, 351, 341, 332, 330, 332, 329, 331, 335,
    347, 349, 347, 350, 350, 354, 348, 344, 337, 338, 335, 338, 345, 354,
    361, 369, 365, 369, 364, 353, 345, 338, 337, 334, 337, 337, 348, 353,
    352, 357, 353, 357, 351, 343, 334, 335, 337, 333, 334, 342, 348, 355,
    356, 354, 351, 350, 343, 339, 330, 326, 321, 317, 321, 320, 324, 326,
    328, 328, 334, 333, 333, 335, 332 ]
LHandPositionsY: [ 272, 271, 273, 274, 271, 273, 264, 254, 250, 235, 233,
    217, 202, 198, 184, 173, 167, 162, 156, 155, 158, 158, 156, 156, 153,
    153, 149, 147, 149, 146, 147, 151, 150, 156, 153, 152, 152, 156, 154,
    153, 154, 155, 151, 153, 154, 156, 158, 155, 156, 155, 155, 154, 154,
    150, 151, 152, 151, 149, 150, 152, 153, 152, 151, 155, 151, 153, 150,
    149, 149, 149, 150, 154, 164, 169, 183, 195, 205, 218, 230, 241, 244,
    249, 253, 256, 257, 257, 260, 257 ]
RHandPositionsX: [ 177, 176, 179, 179, 178, 180, 179, 176, 176, 178, 178,
    177, 176, 176, 179, 177, 179, 177, 177, 176, 176, 176, 177, 177, 180,
    178, 178, 180, 177, 177, 180, 179, 178, 180, 179, 178, 177, 178, 178,
    178, 178, 180, 180, 177, 179, 180, 179, 180, 177, 180, 176, 178, 180,
    176, 180, 180, 177, 179, 176, 179, 180, 177, 178, 179, 179, 177, 178,
    180, 177, 179, 176, 179, 176, 180, 177, 180, 180, 180, 180, 180, 178,
    177, 180, 179, 177, 179, 177, 178 ]
RHandPositionsY: [ 278, 275, 277, 279, 277, 277, 278, 275, 279, 276, 275,
    279, 279, 277, 279, 276, 275, 278, 278, 277, 279, 279, 275, 275, 275,
    276, 275, 276, 276, 278, 275, 276, 276, 279, 277, 277, 275, 276, 277,
    277, 276, 278, 279, 279, 279, 276, 276, 276, 277, 279, 277, 278, 278,
    277, 277, 275, 276, 276, 278, 279, 278, 278, 276, 279, 277, 275, 275,
    277, 276, 277, 275, 278, 277, 278, 276, 278, 275, 279, 275, 276, 279,
    279, 279, 279, 275, 276, 276, 276 ]
