%YAML:1.0
---
videoName: "LHShake11.mp4"
gestureLabel: 2
fps: 29
pixelSizeInCmTemp: 3.3732394366197183e-01
faceCenterPointX: 260
faceCenterPointY: 69
LHandPositionsX: [ 385, 388, 386, 376, 366, 355, 347, 351, 346, 349, 357,
    359, 364, 363, 365, 364, 357, 352, 348, 347, 346, 350, 354, 358, 356,
    355, 359, 354, 352, 345, 346, 345, 348, 353, 355, 353, 354, 351, 348,
    341, 338, 339, 339, 342, 345, 353, 356, 355, 354, 356, 352, 341, 340,
    340, 338, 341, 350, 357, 360, 357, 362, 364, 358, 357, 352, 345, 336,
    333, 330, 328, 330, 331, 332, 335, 334, 333, 335, 335, 335, 333, 332,
    334, 335, 335, 334, 333, 332, 332 ]
LHandPositionsY: [ 174, 163, 152, 143, 141, 144, 148, 146, 148, 134, 128,
    126, 129, 126, 126, 129, 131, 140, 142, 141, 144, 136, 128, 131, 128,
    131, 130, 135, 140, 143, 142, 145, 146, 136, 132, 133, 134, 132, 134,
    142, 142, 144, 143, 142, 140, 136, 130, 131, 134, 130, 137, 138, 148,
    146, 145, 143, 142, 136, 137, 136, 137, 143, 148, 155, 165, 174, 189,
    204, 217, 229, 231, 235, 238, 243, 246, 246, 247, 250, 251, 249, 252,
    249, 252, 252, 251, 250, 251, 249 ]
RHandPositionsX: [ 179, 181, 182, 179, 182, 179, 179, 180, 180, 181, 183,
    183, 179, 179, 181, 183, 179, 183, 179, 183, 181, 182, 182, 179, 182,
    182, 182, 181, 183, 183, 181, 183, 182, 179, 180, 181, 180, 179, 183,
    183, 179, 182, 181, 181, 181, 180, 182, 183, 180, 179, 179, 182, 182,
    179, 179, 182, 180, 180, 181, 179, 182, 181, 182, 179, 182, 180, 180,
    181, 180, 182, 183, 183, 182, 180, 182, 181, 180, 182, 179, 182, 180,
    180, 183, 183, 179, 179, 179, 179 ]
RHandPositionsY: [ 275, 275, 277, 273, 277, 273, 277, 277, 274, 275, 277,
    277, 277, 275, 276, 274, 273, 277, 273, 276, 273, 274, 276, 273, 275,
    276, 277, 275, 275, 274, 273, 276, 276, 275, 274, 277, 275, 276, 277,
    274, 276, 276, 277, 277, 273, 277, 274, 275, 277, 275, 275, 277, 277,
    275, 273, 277, 274, 273, 276, 273, 273, 276, 273, 277, 277, 276, 273,
    274, 277, 277, 277, 277, 276, 277, 275, 276, 273, 275, 274, 273, 273,
    277, 277, 277, 277, 276, 275, 276 ]
