%YAML:1.0
---
videoName: "LHShake21.mp4"
gestureLabel: 2
fps: 29
pixelSizeInCmTemp: 3.4214285714285714e-01
faceCenterPointX: 266
faceCenterPointY: 79
LHandPositionsX: [ 347, 351, 367, 371, 383, 392, 399, 404, 423, 417, 417,
    404, 391, 377, 373, 375, 374, 378, 385, 401, 403, 398, 398, 395, 383,
    374, 368, 373, 371, 369, 376, 390, 387, 386, 383, 380, 374, 369, 364,
    366, 369, 370, 374, 391, 387, 385, 399, 394, 380, 373, 365, 365, 363,
    367, 374, 380, 385, 386, 385, 387, 388, 380, 374, 367, 356, 350, 345,
    337, 335, 338, 336, 335, 335, 334, 333, 331, 330, 330, 333, 332, 332,
    334, 334, 331, 332, 334, 332, 330 ]
LHandPositionsY: [ 273, 262, 244, 225, 211, 191, 183, 170, 152, 153, 137,
    134, 133, 134, 132, 134, 128, 131, 129, 131, 129, 132, 132, 133, 135,
    131, 141, 144, 142, 135, 134, 133, 132, 135, 134, 134, 138, 144, 147,
    147, 147, 146, 139, 140, 136, 140, 134, 136, 141, 147, 154, 152, 154,
    153, 152, 144, 139, 140, 143, 150, 155, 161, 167, 181, 192, 203, 213,
    224, 239, 236, 244, 247, 250, 251, 250, 253, 253, 253, 253, 252, 252,
    250, 252, 251, 250, 251, 250, 250 ]
RHandPositionsX: [ 184, 187, 184, 187, 187, 187, 184, 185, 184, 185, 185,
    187, 184, 186, 188, 186, 184, 184, 186, 186, 186, 185, 185, 185, 184,
    184, 186, 187, 187, 186, 185, 185, 188, 188, 184, 187, 187, 185, 188,
    184, 187, 185, 185, 185, 187, 184, 184, 185, 186, 184, 186, 186, 186,
    186, 185, 188, 185, 184, 185, 188, 185, 188, 187, 187, 187, 184, 187,
    185, 186, 187, 188, 184, 187, 186, 187, 184, 186, 185, 188, 187, 184,
    186, 185, 185, 188, 184, 187, 186 ]
RHandPositionsY: [ 265, 266, 269, 269, 265, 268, 268, 267, 269, 266, 266,
    267, 269, 266, 267, 267, 265, 267, 269, 267, 266, 268, 265, 268, 265,
    268, 266, 267, 266, 265, 266, 268, 265, 268, 266, 267, 268, 269, 268,
    268, 269, 267, 269, 267, 265, 265, 269, 268, 269, 268, 269, 267, 265,
    269, 265, 268, 265, 268, 266, 266, 268, 268, 268, 265, 265, 268, 266,
    268, 266, 266, 266, 268, 266, 265, 267, 267, 266, 265, 266, 265, 267,
    265, 269, 268, 265, 265, 266, 268 ]
