%YAML:1.0
---
videoName: "LHShake05.mp4"
gestureLabel: 2
fps: 30
pixelSizeInCmTemp: 3.2364864864864862e-01
faceCenterPointX: 252
faceCenterPointY: 81
LHandPositionsX: [ 293, 294, 293, 291, 292, 293, 291, 296, 291, 292, 292,
    296, 303, 311, 323, 335, 341, 344, 340, 342, 340, 334, 331, 332, 330,
    333, 332, 338, 341, 343, 345, 340, 333, 325, 325, 323, 328, 331, 335,
    338, 339, 330, 320, 323, 319, 322, 329, 332, 339, 336, 336, 330, 327,
    323, 326, 325, 332, 335, 340, 338, 335, 329, 330, 329, 329, 335, 338,
    341, 339, 338, 334, 324, 320, 313, 312, 306, 304, 302, 298, 294, 296,
    294, 292, 293, 294, 291, 293, 294, 294, 292, 296 ]
LHandPositionsY: [ 267, 270, 266, 269, 266, 268, 265, 266, 263, 253, 242,
    227, 213, 200, 188, 176, 166, 160, 157, 156, 154, 154, 154, 156, 155,
    151, 147, 142, 142, 138, 132, 139, 144, 148, 146, 147, 146, 141, 139,
    133, 134, 136, 141, 144, 145, 143, 139, 138, 135, 131, 138, 143, 141,
    141, 142, 144, 139, 136, 135, 136, 141, 140, 144, 145, 144, 141, 137,
    139, 138, 140, 142, 150, 162, 171, 178, 187, 196, 210, 219, 228, 236,
    238, 237, 244, 248, 248, 249, 250, 251, 255, 261 ]
RHandPositionsX: [ 212, 211, 214, 214, 210, 214, 211, 210, 210, 211, 211,
    209, 212, 212, 213, 211, 210, 213, 209, 209, 209, 210, 208, 212, 210,
    207, 207, 211, 209, 206, 210, 208, 207, 210, 206, 208, 209, 210, 210,
    209, 208, 207, 210, 209, 210, 209, 207, 210, 210, 206, 209, 207, 206,
    208, 208, 206, 207, 206, 208, 206, 210, 209, 208, 209, 206, 210, 206,
    207, 208, 206, 206, 206, 207, 206, 209, 210, 207, 210, 208, 209, 207,
    207, 209, 206, 210, 208, 210, 209, 210, 208, 213 ]
RHandPositionsY: [ 264, 264, 263, 266, 264, 264, 262, 263, 265, 265, 263,
    262, 266, 266, 266, 263, 265, 266, 264, 265, 265, 263, 265, 265, 264,
    262, 263, 262, 265, 262, 266, 263, 262, 265, 261, 263, 263, 262, 264,
    261, 265, 264, 262, 265, 263, 265, 262, 262, 265, 263, 264, 265, 263,
    261, 265, 265, 262, 262, 264, 263, 262, 265, 265, 261, 263, 262, 263,
    265, 263, 261, 263, 265, 263, 265, 261, 265, 264, 265, 265, 262, 261,
    261, 262, 262, 264, 261, 265, 262, 263, 263, 262 ]
