%YAML:1.0
---
videoName: "LHShake07.mp4"
gestureLabel: 2
fps: 29
pixelSizeInCmTemp: 3.3732394366197183e-01
faceCenterPointX: 265
faceCenterPointY: 78
LHandPositionsX: [ 349, 348, 352, 358, 362, 370, 377, 384, 389, 395, 396,
    391, 385, 377, 356, 348, 341, 345, 341, 340, 347, 365, 367, 367, 368,
    364, 361, 345, 341, 343, 344, 346, 356, 357, 368, 371, 367, 361, 360,
    351, 347, 345, 348, 349, 357, 362, 363, 360, 364, 360, 339, 330, 331,
    334, 343, 357, 366, 376, 372, 378, 372, 362, 357, 349, 344, 337, 336,
    336, 334, 338, 341, 342, 340, 344, 344, 342, 344, 341, 340, 341, 344,
    342, 344, 342, 340, 340, 340, 344 ]
LHandPositionsY: [ 277, 279, 274, 266, 256, 247, 237, 216, 202, 192, 179,
    161, 150, 141, 140, 141, 146, 144, 146, 144, 140, 139, 138, 135, 136,
    139, 135, 138, 143, 140, 139, 130, 130, 132, 128, 124, 130, 129, 132,
    133, 143, 141, 148, 143, 139, 137, 138, 140, 132, 128, 138, 152, 143,
    137, 131, 132, 132, 132, 131, 129, 133, 138, 149, 154, 170, 177, 191,
    206, 219, 230, 241, 253, 253, 254, 258, 260, 263, 266, 265, 267, 267,
    268, 266, 268, 266, 268, 268, 266 ]
RHandPositionsX: [ 185, 182, 182, 182, 181, 183, 181, 181, 185, 182, 185,
    185, 183, 182, 185, 182, 183, 184, 182, 184, 185, 184, 184, 181, 183,
    184, 182, 183, 181, 182, 184, 181, 182, 181, 182, 181, 183, 184, 185,
    183, 185, 183, 183, 181, 183, 183, 182, 185, 181, 185, 182, 185, 185,
    185, 184, 182, 185, 184, 181, 184, 181, 185, 181, 183, 182, 181, 182,
    183, 182, 181, 184, 183, 182, 183, 183, 184, 183, 184, 184, 181, 183,
    183, 181, 182, 182, 181, 181, 181 ]
RHandPositionsY: [ 279, 277, 279, 280, 280, 278, 276, 276, 277, 278, 279,
    279, 277, 279, 277, 280, 278, 278, 278, 277, 278, 277, 279, 280, 277,
    278, 278, 278, 280, 277, 279, 280, 280, 277, 278, 280, 280, 278, 278,
    280, 276, 276, 279, 280, 278, 276, 280, 276, 280, 276, 280, 276, 279,
    278, 279, 280, 277, 278, 278, 280, 279, 279, 279, 277, 277, 278, 278,
    279, 277, 278, 278, 277, 277, 279, 278, 280, 278, 277, 278, 278, 276,
    279, 279, 278, 277, 278, 277, 276 ]
