%YAML:1.0
---
videoName: "LHShake08.mp4"
gestureLabel: 2
fps: 29
pixelSizeInCmTemp: 3.4710144927536229e-01
faceCenterPointX: 261
faceCenterPointY: 69
LHandPositionsX: [ 338, 343, 345, 344, 351, 348, 357, 362, 368, 371, 375,
    374, 378, 366, 355, 345, 341, 341, 341, 343, 347, 357, 369, 365, 362,
    361, 360, 351, 342, 339, 340, 337, 344, 350, 357, 365, 365, 365, 366,
    363, 353, 342, 339, 335, 338, 336, 342, 347, 357, 357, 356, 358, 354,
    351, 346, 344, 341, 342, 344, 349, 355, 366, 373, 372, 372, 372, 363,
    360, 351, 344, 341, 333, 332, 329, 332, 335, 334, 337, 338, 335, 335,
    336, 337, 339, 335, 336, 335, 339 ]
LHandPositionsY: [ 265, 266, 263, 253, 251, 236, 219, 198, 184, 176, 163,
    153, 146, 146, 145, 144, 151, 149, 153, 149, 146, 145, 139, 141, 140,
    139, 140, 146, 146, 152, 150, 151, 155, 152, 148, 149, 147, 150, 148,
    151, 154, 156, 159, 162, 161, 163, 161, 159, 156, 154, 157, 153, 152,
    154, 161, 163, 161, 161, 159, 160, 155, 151, 145, 147, 148, 148, 149,
    154, 158, 169, 175, 186, 198, 207, 220, 234, 244, 246, 248, 252, 255,
    254, 252, 257, 256, 257, 254, 258 ]
RHandPositionsX: [ 172, 174, 174, 175, 173, 174, 174, 173, 174, 174, 176,
    173, 175, 174, 175, 176, 173, 176, 174, 172, 176, 175, 172, 174, 172,
    172, 172, 175, 172, 174, 176, 176, 174, 177, 176, 174, 174, 177, 176,
    178, 178, 177, 175, 178, 174, 176, 177, 175, 176, 176, 177, 176, 176,
    178, 174, 177, 177, 174, 176, 174, 177, 178, 176, 175, 176, 178, 174,
    178, 178, 176, 174, 174, 178, 177, 178, 178, 175, 177, 176, 176, 176,
    175, 175, 175, 175, 176, 174, 174 ]
RHandPositionsY: [ 273, 277, 277, 274, 277, 275, 276, 277, 277, 274, 275,
    276, 276, 273, 273, 273, 275, 276, 276, 277, 277, 277, 276, 276, 275,
    276, 277, 274, 275, 277, 276, 275, 274, 274, 277, 275, 275, 275, 277,
    274, 273, 276, 274, 277, 273, 276, 273, 274, 274, 273, 276, 277, 274,
    276, 274, 273, 276, 277, 277, 277, 274, 273, 277, 274, 276, 277, 275,
    276, 274, 274, 277, 276, 274, 275, 273, 277, 275, 275, 276, 276, 277,
    274, 275, 275, 274, 273, 277, 274 ]
