%YAML:1.0
---
videoName: "LHShake23.mp4"
gestureLabel: 2
fps: 30
pixelSizeInCmTemp: 3.3263888888888887e-01
faceCenterPointX: 259
faceCenterPointY: 79
LHandPositionsX: [ 331, 331, 333, 331, 333, 334, 334, 334, 334, 333, 335,
    336, 341, 348, 346, 359, 371, 373, 376, 377, 379, 378, 375, 368, 359,
    352, 352, 350, 356, 361, 371, 378, 385, 383, 386, 379, 369, 363, 360,
    358, 361, 367, 378, 384, 383, 380, 381, 375, 364, 355, 356, 353, 357,
    361, 375, 383, 380, 379, 379, 376, 365, 355, 355, 358, 356, 366, 375,
    377, 378, 380, 380, 375, 369, 363, 357, 351, 346, 343, 340, 338, 336,
    340, 339, 338, 337, 337, 338, 336, 335, 336, 336 ]
LHandPositionsY: [ 266, 266, 266, 262, 265, 266, 265, 266, 265, 264, 260,
    252, 241, 230, 228, 215, 202, 198, 195, 185, 180, 171, 166, 164, 168,
    168, 167, 169, 168, 166, 163, 163, 160, 160, 161, 163, 161, 165, 163,
    166, 167, 165, 163, 157, 159, 158, 161, 161, 160, 162, 166, 166, 165,
    166, 166, 163, 166, 162, 162, 163, 166, 167, 168, 167, 167, 170, 166,
    169, 166, 167, 169, 172, 176, 185, 195, 204, 213, 229, 239, 250, 250,
    249, 249, 254, 252, 253, 256, 253, 255, 253, 252 ]
RHandPositionsX: [ 184, 183, 184, 182, 184, 182, 186, 182, 185, 183, 185,
    184, 184, 186, 183, 184, 183, 183, 183, 186, 186, 184, 185, 186, 182,
    185, 183, 184, 183, 186, 183, 185, 185, 184, 183, 186, 185, 182, 182,
    186, 183, 184, 185, 184, 184, 182, 184, 186, 185, 184, 184, 186, 186,
    185, 184, 185, 184, 182, 183, 186, 186, 184, 182, 182, 182, 182, 184,
    182, 182, 182, 185, 182, 182, 185, 183, 184, 182, 185, 183, 182, 185,
    183, 185, 184, 184, 183, 182, 185, 186, 183, 182 ]
RHandPositionsY: [ 270, 271, 272, 271, 271, 271, 273, 272, 270, 274, 270,
    273, 271, 271, 270, 270, 272, 271, 272, 272, 274, 274, 272, 271, 274,
    270, 273, 271, 272, 274, 270, 272, 273, 274, 272, 272, 272, 270, 274,
    273, 274, 273, 274, 272, 272, 271, 270, 273, 272, 271, 271, 271, 273,
    271, 273, 274, 270, 274, 273, 272, 274, 274, 270, 274, 272, 272, 270,
    270, 270, 274, 274, 271, 270, 271, 274, 274, 270, 272, 272, 272, 274,
    274, 272, 272, 270, 270, 270, 273, 271, 274, 272 ]
