%YAML:1.0
---
videoName: "LHShake19.mp4"
gestureLabel: 2
fps: 29
pixelSizeInCmTemp: 3.3732394366197183e-01
faceCenterPointX: 250
faceCenterPointY: 62
LHandPositionsX: [ 308, 305, 309, 305, 308, 306, 309, 305, 308, 309, 307,
    308, 305, 306, 307, 310, 311, 316, 321, 324, 326, 321, 309, 289, 285,
    289, 290, 297, 307, 315, 312, 314, 304, 296, 288, 289, 292, 303, 309,
    316, 317, 313, 307, 294, 289, 294, 300, 308, 315, 311, 311, 308, 294,
    294, 298, 303, 309, 314, 315, 316, 315, 308, 303, 300, 299, 290, 290,
    293, 296, 301, 301, 303, 305, 306, 304, 308, 309, 309, 308, 311, 310,
    308, 309, 311, 308, 310, 309, 308 ]
LHandPositionsY: [ 252, 248, 252, 249, 252, 250, 251, 251, 249, 251, 250,
    251, 250, 249, 244, 237, 226, 213, 202, 190, 180, 170, 161, 162, 155,
    152, 160, 157, 154, 154, 151, 153, 154, 152, 149, 146, 156, 155, 152,
    150, 150, 152, 156, 150, 148, 151, 152, 152, 155, 154, 155, 155, 148,
    147, 153, 157, 156, 154, 152, 153, 151, 155, 156, 163, 166, 174, 179,
    188, 196, 208, 214, 215, 220, 223, 225, 229, 233, 236, 238, 238, 234,
    239, 237, 239, 239, 238, 238, 237 ]
RHandPositionsX: [ 196, 198, 196, 196, 196, 198, 199, 198, 198, 198, 195,
    197, 195, 196, 195, 196, 196, 195, 195, 198, 195, 198, 198, 195, 196,
    196, 194, 198, 195, 195, 194, 194, 193, 195, 192, 194, 195, 195, 192,
    193, 191, 194, 195, 194, 193, 194, 191, 194, 192, 191, 192, 194, 193,
    192, 192, 193, 193, 193, 195, 193, 193, 194, 194, 193, 192, 192, 195,
    193, 193, 191, 195, 191, 194, 192, 192, 192, 192, 194, 192, 194, 195,
    191, 193, 191, 191, 195, 191, 191 ]
RHandPositionsY: [ 257, 256, 254, 254, 254, 257, 255, 257, 258, 255, 254,
    254, 255, 254, 255, 257, 254, 256, 254, 258, 255, 257, 254, 254, 258,
    256, 254, 257, 258, 255, 254, 255, 257, 256, 257, 257, 258, 257, 256,
    257, 255, 257, 257, 256, 257, 255, 257, 257, 258, 257, 255, 257, 256,
    254, 254, 258, 257, 255, 255, 254, 255, 257, 254, 258, 257, 258, 256,
    257, 258, 255, 257, 257, 257, 254, 258, 256, 257, 256, 257, 254, 256,
    258, 255, 258, 258, 257, 256, 255 ]
