%YAML:1.0
---
videoName: "LHShake16.mp4"
gestureLabel: 2
fps: 30
pixelSizeInCmTemp: 3.3732394366197183e-01
faceCenterPointX: 247
faceCenterPointY: 66
LHandPositionsX: [ 322, 324, 326, 325, 329, 335, 347, 351, 365, 373, 382,
    393, 401, 408, 407, 402, 401, 391, 377, 365, 354, 359, 362, 371, 383,
    398, 396, 392, 390, 387, 373, 368, 369, 371, 370, 381, 391, 386, 404,
    396, 386, 374, 368, 369, 366, 372, 372, 384, 398, 408, 396, 384, 374,
    363, 365, 363, 364, 370, 374, 393, 388, 383, 387, 381, 372, 365, 357,
    347, 345, 337, 332, 333, 330, 328, 329, 329, 329, 331, 331, 328, 327,
    330, 327, 327, 325, 329, 327, 328, 325, 326, 327 ]
LHandPositionsY: [ 253, 256, 251, 253, 250, 246, 234, 223, 211, 196, 182,
    166, 155, 147, 141, 136, 121, 117, 116, 112, 117, 121, 126, 115, 116,
    113, 118, 118, 115, 117, 123, 130, 129, 133, 128, 117, 117, 121, 121,
    118, 115, 129, 131, 130, 135, 137, 129, 128, 125, 121, 120, 128, 136,
    144, 145, 144, 144, 144, 136, 125, 127, 129, 123, 133, 140, 152, 162,
    170, 180, 197, 206, 216, 224, 226, 232, 233, 239, 238, 239, 238, 242,
    242, 243, 243, 245, 245, 243, 241, 241, 245, 242 ]
RHandPositionsX: [ 176, 175, 177, 177, 177, 175, 179, 177, 176, 177, 179,
    176, 177, 177, 179, 176, 175, 176, 179, 176, 178, 177, 176, 177, 176,
    179, 175, 177, 179, 175, 177, 177, 176, 175, 178, 178, 178, 175, 176,
    177, 178, 176, 179, 177, 179, 176, 176, 177, 178, 179, 178, 175, 175,
    175, 175, 176, 177, 178, 176, 179, 177, 178, 176, 176, 175, 179, 177,
    176, 177, 176, 179, 179, 177, 176, 178, 179, 175, 176, 177, 178, 179,
    177, 177, 175, 178, 176, 179, 179, 175, 176, 178 ]
RHandPositionsY: [ 262, 262, 262, 258, 258, 258, 258, 260, 259, 259, 258,
    261, 258, 262, 259, 261, 260, 262, 259, 260, 261, 261, 261, 259, 261,
    259, 261, 261, 259, 258, 259, 260, 261, 262, 258, 258, 261, 258, 258,
    258, 258, 261, 259, 258, 261, 260, 259, 261, 259, 260, 262, 259, 259,
    262, 258, 258, 259, 258, 261, 261, 259, 262, 260, 260, 260, 260, 261,
    260, 262, 258, 260, 261, 262, 259, 259, 262, 262, 261, 259, 261, 258,
    259, 259, 258, 262, 259, 259, 261, 262, 260, 260 ]
