%YAML:1.0
---
videoName: "LHShake01.mp4"
gestureLabel: 2
fps: 29
pixelSizeInCmTemp: 3.4214285714285714e-01
faceCenterPointX: 252
faceCenterPointY: 84
LHandPositionsX: [ 366, 366, 367, 363, 358, 357, 348, 340, 338, 330, 333,
    336, 337, 342, 350, 354, 357, 355, 351, 345, 345, 341, 341, 337, 336,
    337, 342, 346, 350, 352, 352, 350, 347, 341, 340, 335, 333, 335, 335,
    343, 346, 346, 346, 349, 349, 346, 343, 338, 334, 332, 331, 337, 334,
    342, 348, 352, 351, 350, 346, 347, 345, 343, 339, 333, 328, 329, 331,
    334, 331, 326, 330, 333, 338, 337, 339, 343, 347, 345, 348, 349, 348,
    351, 348, 349, 350, 351, 348, 350 ]
LHandPositionsY: [ 143, 141, 130, 125, 126, 121, 119, 119, 119, 119, 121,
    122, 121, 117, 111, 109, 107, 107, 107, 110, 112, 113, 114, 114, 111,
    111, 111, 110, 106, 105, 104, 106, 107, 109, 111, 117, 111, 111, 114,
    111, 107, 106, 108, 103, 103, 105, 106, 106, 108, 108, 112, 111, 107,
    108, 103, 105, 105, 101, 102, 103, 103, 106, 108, 124, 135, 140, 151,
    163, 164, 162, 174, 183, 191, 200, 206, 214, 220, 223, 223, 222, 224,
    225, 229, 227, 228, 229, 228, 229 ]
RHandPositionsX: [ 155, 155, 157, 155, 154, 156, 153, 154, 154, 156, 154,
    153, 155, 154, 154, 157, 154, 154, 157, 157, 153, 153, 154, 156, 154,
    156, 156, 153, 153, 156, 154, 157, 153, 153, 157, 157, 156, 154, 157,
    156, 157, 157, 157, 154, 154, 153, 156, 153, 155, 156, 153, 157, 154,
    153, 156, 156, 156, 156, 154, 155, 155, 155, 156, 154, 154, 155, 153,
    153, 157, 156, 157, 156, 156, 154, 154, 154, 157, 156, 155, 155, 153,
    156, 155, 157, 153, 153, 155, 156 ]
RHandPositionsY: [ 268, 270, 269, 271, 270, 268, 270, 266, 268, 265, 269,
    268, 266, 266, 267, 265, 264, 265, 263, 263, 264, 263, 263, 263, 264,
    262, 264, 263, 263, 261, 261, 263, 261, 262, 264, 262, 263, 263, 261,
    260, 264, 260, 263, 261, 261, 259, 261, 259, 261, 261, 261, 261, 263,
    262, 263, 263, 261, 263, 263, 260, 263, 259, 260, 263, 260, 262, 263,
    261, 259, 263, 262, 263, 260, 261, 262, 260, 261, 260, 261, 259, 261,
    262, 260, 263, 259, 263, 261, 263 ]
