%YAML:1.0
---
videoName: "LHShake08.mp4"
gestureLabel: 2
fps: 29
pixelSizeInCmTemp: 3.4710144927536229e-01
faceCenterPointX: 261
faceCenterPointY: 69
LHandPositionsX: [ 341, 343, 345, 345, 353, 348, 356, 362, 370, 373, 374,
    371, 380, 367, 356, 346, 340, 341, 341, 345, 351, 358, 370, 364, 363,
    360, 360, 353, 345, 337, 339, 338, 343, 350, 360, 364, 369, 368, 368,
    363, 352, 343, 339, 335, 336, 335, 340, 350, 355, 359, 357, 357, 358,
    350, 347, 344, 344, 344, 344, 348, 357, 366, 373, 369, 370, 368, 365,
    356, 350, 344, 338, 334, 330, 333, 331, 332, 335, 338, 338, 339, 338,
    338, 336, 339, 336, 337, 337, 335 ]
LHandPositionsY: [ 266, 266, 261, 253, 252, 235, 217, 202, 185, 173, 162,
    154, 143, 143, 145, 147, 150, 152, 153, 148, 149, 147, 137, 139, 137,
    137, 143, 143, 147, 153, 152, 154, 154, 153, 149, 147, 146, 148, 147,
    148, 151, 155, 161, 159, 159, 163, 159, 156, 157, 155, 154, 154, 155,
    154, 162, 161, 158, 163, 160, 157, 156, 151, 147, 145, 148, 146, 151,
    152, 161, 168, 175, 183, 197, 206, 220, 232, 245, 244, 247, 252, 255,
    253, 254, 256, 254, 256, 255, 257 ]
RHandPositionsX: [ 173, 176, 172, 176, 173, 174, 176, 173, 175, 174, 175,
    175, 175, 176, 172, 175, 175, 174, 172, 176, 174, 174, 172, 173, 174,
    175, 174, 174, 174, 173, 175, 175, 174, 177, 176, 176, 176, 177, 178,
    176, 174, 175, 175, 177, 176, 176, 174, 176, 176, 177, 174, 175, 176,
    178, 177, 174, 176, 175, 176, 176, 176, 176, 174, 174, 176, 174, 178,
    177, 174, 175, 174, 178, 177, 177, 175, 177, 175, 178, 178, 175, 176,
    174, 177, 178, 177, 175, 176, 174 ]
RHandPositionsY: [ 276, 276, 276, 275, 276, 274, 276, 275, 275, 277, 273,
    274, 273, 277, 275, 273, 277, 277, 277, 275, 277, 275, 276, 275, 274,
    274, 273, 277, 275, 275, 276, 275, 273, 277, 273, 276, 273, 277, 275,
    274, 276, 275, 274, 276, 275, 274, 275, 275, 276, 273, 277, 274, 273,
    275, 276, 273, 275, 276, 274, 274, 273, 276, 274, 275, 274, 273, 275,
    274, 277, 273, 277, 274, 277, 276, 277, 274, 275, 277, 276, 274, 273,
    273, 273, 274, 275, 275, 274, 274 ]
