%YAML:1.0
---
videoName: "LHShake03.mp4"
gestureLabel: 2
fps: 30
pixelSizeInCmTemp: 3.2808219178082193e-01
faceCenterPointX: 251
faceCenterPointY: 79
LHandPositionsX: [ 344, 348, 351, 353, 355, 355, 355, 350, 335, 329, 314,
    316, 318, 314, 316, 320, 325, 331, 335, 334, 341, 338, 333, 329, 325,
    321, 324, 321, 325, 330, 332, 341, 342, 338, 333, 322, 319, 312, 310,
    310, 316, 320, 325, 332, 333, 335, 331, 330, 325, 322, 325, 329, 333,
    337, 343, 344, 340, 337, 337, 335, 337, 327, 322, 318, 316, 312, 307,
    303, 301, 300, 298, 294, 294, 297, 293, 293, 293, 289, 293, 290, 291,
    290, 292, 290, 288, 289, 285, 285, 284, 284, 286 ]
LHandPositionsY: [ 139, 135, 127, 122, 113, 107, 103, 101, 99, 100, 106,
    107, 105, 100, 99, 94, 93, 90, 87, 85, 84, 86, 87, 87, 90, 87, 91,
    89, 88, 85, 87, 86, 79, 82, 85, 91, 91, 93, 95, 94, 91, 91, 89, 86,
    89, 88, 88, 88, 91, 91, 91, 93, 90, 89, 86, 86, 91, 95, 95, 102, 113,
    129, 140, 153, 167, 178, 187, 194, 208, 213, 222, 221, 226, 228, 230,
    237, 239, 245, 248, 251, 251, 250, 250, 250, 252, 253, 252, 252, 255,
    253, 253 ]
RHandPositionsX: [ 216, 213, 213, 212, 214, 214, 213, 211, 211, 214, 215,
    213, 214, 211, 214, 212, 215, 215, 213, 213, 211, 211, 213, 211, 212,
    215, 212, 213, 213, 211, 214, 214, 212, 214, 211, 212, 211, 211, 214,
    213, 212, 211, 215, 215, 212, 212, 213, 212, 215, 215, 212, 213, 213,
    211, 214, 213, 212, 210, 213, 212, 212, 211, 213, 212, 214, 212, 210,
    210, 213, 213, 211, 210, 210, 213, 214, 213, 212, 213, 212, 214, 212,
    211, 210, 213, 213, 214, 212, 210, 212, 214, 213 ]
RHandPositionsY: [ 256, 255, 255, 258, 254, 252, 255, 256, 253, 256, 256,
    253, 253, 255, 253, 253, 255, 252, 254, 251, 254, 251, 252, 254, 252,
    252, 253, 254, 251, 252, 253, 254, 251, 254, 252, 252, 251, 254, 254,
    253, 254, 255, 254, 251, 253, 251, 252, 255, 254, 251, 251, 252, 255,
    251, 255, 255, 252, 254, 255, 251, 255, 253, 252, 251, 255, 254, 253,
    255, 255, 254, 255, 251, 251, 255, 254, 254, 252, 254, 253, 255, 251,
    251, 252, 253, 251, 252, 251, 251, 252, 254, 251 ]
