%YAML:1.0
---
videoName: "LHShake14.mp4"
gestureLabel: 2
fps: 29
pixelSizeInCmTemp: 3.2808219178082193e-01
faceCenterPointX: 256
faceCenterPointY: 64
LHandPositionsX: [ 352, 353, 349, 356, 369, 380, 391, 388, 387, 381, 372,
    357, 360, 358, 363, 370, 384, 381, 384, 381, 376, 365, 353, 355, 355,
    359, 370, 381, 390, 387, 384, 377, 366, 358, 359, 355, 360, 370, 380,
    381, 384, 376, 370, 362, 359, 359, 360, 364, 370, 377, 375, 378, 373,
    363, 358, 350, 344, 337, 330, 332, 330, 329, 327, 328, 330, 331, 331,
    332, 330, 332, 330, 328, 328, 330, 331, 331, 327, 330, 330, 329, 328,
    328, 331, 327, 331, 330, 331, 330 ]
LHandPositionsY: [ 149, 148, 146, 145, 142, 137, 139, 143, 139, 141, 143,
    149, 150, 146, 146, 143, 140, 140, 140, 139, 140, 141, 148, 145, 147,
    146, 146, 145, 140, 144, 139, 143, 145, 146, 147, 150, 148, 145, 143,
    142, 144, 141, 141, 144, 141, 142, 139, 140, 141, 142, 141, 147, 149,
    153, 157, 169, 176, 188, 197, 211, 221, 233, 236, 239, 240, 245, 247,
    249, 251, 250, 252, 248, 250, 251, 252, 250, 251, 249, 251, 252, 248,
    252, 249, 252, 248, 252, 251, 252 ]
RHandPositionsX: [ 182, 185, 184, 183, 180, 179, 182, 181, 179, 180, 179,
    179, 180, 181, 178, 179, 178, 178, 180, 178, 179, 176, 175, 175, 175,
    175, 179, 177, 176, 179, 175, 177, 178, 179, 176, 176, 175, 175, 176,
    176, 175, 177, 178, 175, 176, 177, 178, 178, 176, 179, 176, 176, 177,
    176, 175, 177, 176, 179, 175, 179, 179, 176, 179, 179, 175, 176, 179,
    179, 178, 179, 175, 175, 177, 177, 178, 178, 175, 178, 178, 176, 179,
    176, 176, 175, 177, 179, 175, 176 ]
RHandPositionsY: [ 276, 280, 275, 277, 275, 276, 275, 276, 279, 277, 278,
    278, 277, 277, 278, 275, 277, 276, 275, 275, 273, 275, 273, 274, 276,
    275, 274, 273, 275, 275, 276, 273, 274, 277, 275, 276, 274, 275, 275,
    278, 276, 274, 274, 273, 277, 274, 274, 274, 273, 275, 273, 277, 277,
    276, 273, 275, 274, 276, 276, 273, 273, 277, 275, 273, 273, 275, 277,
    277, 276, 275, 274, 276, 275, 277, 276, 276, 273, 274, 277, 277, 273,
    274, 273, 273, 273, 273, 276, 276 ]
