%YAML:1.0
---
videoName: "LHShake13.mp4"
gestureLabel: 2
fps: 29
pixelSizeInCmTemp: 3.4214285714285714e-01
faceCenterPointX: 257
faceCenterPointY: 76
LHandPositionsX: [ 326, 325, 324, 326, 324, 325, 323, 323, 326, 326, 330,
    338, 344, 349, 363, 374, 381, 389, 391, 391, 383, 377, 364, 353, 342,
    346, 338, 345, 352, 357, 372, 370, 363, 361, 354, 344, 339, 342, 342,
    348, 359, 370, 369, 363, 357, 351, 344, 348, 342, 350, 356, 364, 364,
    365, 360, 356, 346, 344, 347, 345, 350, 357, 366, 369, 366, 363, 359,
    352, 347, 342, 333, 327, 323, 324, 327, 326, 325, 328, 324, 327, 326,
    328, 324, 328, 325, 328, 326, 328 ]
LHandPositionsY: [ 261, 263, 263, 260, 260, 262, 260, 261, 260, 256, 257,
    249, 236, 227, 212, 196, 185, 176, 167, 156, 152, 151, 152, 155, 158,
    154, 157, 154, 156, 144, 139, 142, 143, 146, 149, 154, 158, 158, 157,
    159, 153, 154, 156, 156, 157, 157, 163, 161, 163, 161, 158, 155, 155,
    157, 159, 160, 166, 165, 161, 162, 158, 159, 155, 154, 148, 148, 146,
    151, 157, 161, 169, 180, 190, 208, 221, 234, 243, 247, 244, 247, 248,
    249, 247, 247, 250, 246, 247, 250 ]
RHandPositionsX: [ 184, 181, 181, 182, 185, 185, 181, 183, 182, 185, 181,
    185, 183, 181, 184, 182, 182, 184, 184, 183, 182, 182, 181, 183, 183,
    183, 185, 185, 181, 181, 183, 184, 185, 182, 185, 183, 181, 185, 184,
    183, 184, 185, 181, 184, 185, 183, 184, 182, 183, 185, 183, 184, 185,
    182, 184, 181, 185, 185, 183, 183, 184, 185, 183, 183, 184, 182, 181,
    185, 182, 181, 183, 181, 184, 183, 183, 185, 182, 181, 183, 185, 185,
    183, 184, 185, 182, 185, 183, 181 ]
RHandPositionsY: [ 271, 271, 269, 270, 267, 269, 270, 271, 269, 270, 270,
    269, 271, 268, 267, 268, 269, 267, 267, 270, 267, 271, 268, 270, 268,
    270, 268, 269, 271, 268, 268, 271, 271, 270, 271, 267, 269, 270, 268,
    271, 268, 269, 269, 269, 270, 269, 271, 270, 270, 267, 268, 271, 268,
    267, 271, 268, 270, 268, 271, 271, 268, 269, 268, 269, 270, 269, 269,
    269, 268, 267, 267, 268, 267, 267, 271, 269, 267, 267, 271, 268, 268,
    270, 267, 269, 270, 270, 267, 269 ]
