%YAML:1.0
---
videoName: "LHShake01.mp4"
gestureLabel: 2
fps: 29
pixelSizeInCmTemp: 3.4214285714285714e-01
faceCenterPointX: 252
faceCenterPointY: 84
LHandPositionsX: [ 363, 367, 363, 364, 361, 353, 346, 339, 337, 330, 332,
    336, 341, 343, 351, 355, 359, 353, 351, 348, 345, 341, 340, 336, 336,
    337, 343, 349, 352, 350, 351, 348, 345, 340, 340, 334, 330, 335, 338,
    339, 344, 349, 347, 350, 349, 348, 343, 339, 334, 332, 333, 337, 334,
    341, 344, 351, 347, 347, 349, 346, 344, 340, 340, 331, 330, 329, 332,
    335, 332, 327, 329, 336, 337, 340, 339, 343, 345, 347, 346, 346, 350,
    347, 347, 349, 351, 349, 348, 350 ]
LHandPositionsY: [ 146, 141, 134, 128, 125, 121, 117, 121, 119, 122, 119,
    121, 123, 117, 114, 112, 107, 106, 108, 111, 110, 111, 115, 113, 111,
    114, 110, 108, 106, 105, 103, 104, 109, 109, 109, 115, 114, 112, 112,
    109, 107, 106, 108, 102, 105, 106, 108, 105, 108, 112, 111, 107, 109,
    106, 103, 103, 104, 104, 104, 103, 103, 105, 108, 121, 133, 140, 151,
    162, 166, 162, 173, 183, 191, 200, 207, 214, 222, 219, 221, 222, 227,
    225, 230, 227, 228, 230, 231, 229 ]
RHandPositionsX: [ 157, 155, 157, 153, 153, 153, 157, 156, 157, 155, 155,
    155, 157, 156, 153, 154, 154, 156, 153, 156, 153, 153, 157, 154, 156,
    156, 155, 157, 154, 153, 153, 154, 157, 154, 157, 157, 154, 156, 157,
    156, 153, 156, 155, 154, 155, 153, 153, 153, 157, 157, 156, 154, 153,
    155, 153, 155, 153, 154, 154, 156, 153, 155, 157, 153, 156, 157, 157,
    156, 156, 157, 155, 157, 153, 156, 155, 156, 156, 155, 154, 157, 157,
    156, 153, 154, 153, 157, 156, 153 ]
RHandPositionsY: [ 267, 271, 270, 267, 270, 267, 268, 268, 267, 267, 267,
    268, 266, 267, 265, 268, 267, 263, 263, 266, 266, 265, 262, 266, 266,
    261, 261, 264, 261, 262, 264, 263, 261, 262, 260, 261, 264, 263, 264,
    263, 260, 262, 261, 263, 260, 260, 259, 263, 263, 259, 260, 262, 262,
    263, 260, 261, 260, 262, 259, 260, 259, 262, 263, 259, 261, 260, 259,
    260, 260, 262, 260, 262, 262, 259, 263, 262, 261, 261, 261, 260, 263,
    260, 259, 262, 260, 261, 259, 263 ]
