%YAML:1.0
---
videoName: "LHShake12.mp4"
gestureLabel: 2
fps: 29
pixelSizeInCmTemp: 3.3263888888888887e-01
faceCenterPointX: 259
faceCenterPointY: 64
LHandPositionsX: [ 371, 356, 348, 348, 345, 346, 354, 364, 373, 383, 382,
    378, 374, 363, 355, 346, 347, 346, 346, 357, 365, 375, 374, 376, 376,
    372, 360, 347, 340, 341, 340, 344, 348, 358, 368, 368, 370, 374, 368,
    360, 346, 339, 346, 343, 345, 355, 362, 368, 368, 372, 365, 358, 346,
    341, 341, 337, 342, 347, 357, 367, 367, 367, 370, 361, 351, 340, 333,
    329, 324, 319, 317, 316, 320, 327, 328, 332, 331, 335, 333, 333, 334,
    335, 337, 337, 333, 333, 337, 334 ]
LHandPositionsY: [ 168, 162, 161, 161, 163, 160, 155, 157, 150, 152, 149,
    153, 149, 154, 157, 159, 157, 158, 156, 153, 152, 148, 149, 147, 143,
    141, 146, 146, 154, 153, 156, 152, 148, 151, 147, 146, 145, 145, 146,
    148, 153, 159, 153, 157, 155, 156, 152, 150, 149, 148, 149, 150, 154,
    157, 158, 155, 154, 152, 147, 147, 147, 146, 143, 146, 148, 154, 160,
    167, 179, 186, 198, 210, 226, 233, 242, 246, 247, 249, 253, 255, 257,
    256, 255, 259, 259, 255, 256, 256 ]
RHandPositionsX: [ 177, 177, 175, 174, 176, 176, 178, 176, 175, 175, 177,
    177, 178, 176, 178, 175, 175, 174, 178, 177, 177, 178, 174, 174, 178,
    174, 177, 174, 178, 177, 178, 178, 174, 177, 176, 177, 178, 174, 174,
    177, 175, 176, 177, 178, 176, 175, 176, 175, 176, 174, 174, 175, 178,
    175, 177, 178, 178, 174, 175, 178, 178, 176, 177, 178, 174, 176, 176,
    178, 175, 174, 175, 176, 178, 175, 175, 178, 174, 174, 175, 175, 176,
    174, 177, 174, 177, 178, 178, 176 ]
RHandPositionsY: [ 272, 275, 273, 271, 273, 275, 274, 274, 272, 271, 273,
    273, 273, 273, 274, 273, 271, 274, 273, 272, 272, 275, 274, 274, 272,
    272, 273, 272, 273, 273, 271, 272, 274, 273, 273, 272, 275, 272, 273,
    271, 271, 273, 275, 271, 272, 275, 275, 275, 274, 273, 275, 273, 275,
    275, 274, 271, 272, 273, 271, 271, 272, 274, 274, 273, 273, 272, 273,
    275, 273, 273, 275, 274, 273, 271, 271, 274, 272, 274, 275, 273, 271,
    275, 271, 274, 275, 273, 275, 273 ]
