%YAML:1.0
---
videoName: "LHShake05.mp4"
gestureLabel: 2
fps: 30
pixelSizeInCmTemp: 3.2364864864864862e-01
faceCenterPointX: 252
faceCenterPointY: 81
LHandPositionsX: [ 295, 295, 294, 295, 294, 292, 291, 294, 292, 294, 291,
    296, 304, 314, 321, 335, 343, 341, 340, 342, 342, 337, 332, 331, 331,
    332, 334, 338, 341, 345, 345, 336, 330, 321, 326, 325, 328, 331, 334,
    339, 339, 332, 320, 319, 319, 325, 327, 330, 337, 336, 335, 329, 323,
    324, 323, 324, 332, 336, 337, 337, 333, 331, 332, 330, 331, 337, 338,
    338, 338, 336, 335, 327, 323, 316, 312, 307, 304, 301, 295, 293, 294,
    295, 292, 295, 294, 291, 292, 291, 293, 292, 292 ]
LHandPositionsY: [ 267, 269, 270, 268, 268, 268, 266, 268, 266, 254, 241,
    225, 211, 201, 185, 173, 165, 161, 156, 154, 151, 152, 153, 153, 153,
    152, 151, 145, 140, 135, 133, 138, 147, 145, 143, 146, 146, 139, 137,
    136, 135, 139, 140, 141, 141, 142, 140, 135, 136, 131, 135, 141, 139,
    143, 142, 142, 142, 140, 136, 140, 141, 140, 143, 142, 141, 140, 140,
    141, 136, 138, 143, 147, 162, 168, 179, 187, 199, 211, 217, 228, 235,
    238, 241, 244, 247, 249, 252, 251, 252, 255, 261 ]
RHandPositionsX: [ 212, 212, 213, 213, 214, 211, 211, 210, 212, 214, 210,
    212, 211, 210, 212, 212, 211, 211, 209, 212, 212, 210, 209, 210, 209,
    210, 207, 209, 209, 208, 208, 207, 209, 206, 209, 210, 209, 210, 208,
    206, 207, 207, 208, 208, 210, 206, 207, 210, 210, 206, 208, 208, 210,
    210, 208, 206, 206, 210, 208, 206, 207, 206, 208, 208, 207, 208, 206,
    208, 210, 208, 207, 207, 207, 210, 207, 210, 207, 206, 210, 207, 207,
    210, 208, 208, 207, 208, 208, 212, 211, 211, 211 ]
RHandPositionsY: [ 266, 262, 263, 262, 262, 264, 266, 262, 266, 264, 265,
    263, 266, 262, 263, 266, 263, 264, 266, 266, 262, 265, 262, 264, 264,
    266, 265, 262, 263, 265, 264, 265, 265, 262, 264, 265, 264, 265, 261,
    265, 264, 261, 265, 262, 262, 262, 264, 264, 264, 264, 265, 264, 262,
    263, 262, 262, 263, 265, 262, 263, 261, 263, 261, 262, 264, 262, 264,
    265, 265, 262, 262, 262, 263, 263, 263, 263, 261, 261, 261, 262, 262,
    261, 264, 265, 263, 264, 261, 264, 262, 263, 264 ]
