%YAML:1.0
---
videoName: "LHShake07.mp4"
gestureLabel: 2
fps: 29
pixelSizeInCmTemp: 3.3732394366197183e-01
faceCenterPointX: 265
faceCenterPointY: 78
LHandPositionsX: [ 349, 349, 352, 359, 363, 369, 374, 388, 388, 393, 395,
    392, 385, 376, 355, 349, 339, 341, 342, 341, 349, 363, 367, 368, 368,
    365, 360, 342, 341, 343, 345, 345, 355, 355, 369, 370, 369, 364, 360,
    353, 345, 349, 348, 351, 359, 360, 361, 359, 365, 363, 338, 326, 332,
    334, 340, 354, 368, 375, 373, 381, 374, 362, 357, 350, 342, 339, 335,
    333, 335, 337, 337, 340, 343, 340, 341, 341, 341, 342, 340, 343, 341,
    340, 340, 341, 340, 340, 340, 343 ]
LHandPositionsY: [ 276, 277, 271, 267, 259, 248, 236, 219, 203, 191, 175,
    160, 150, 141, 140, 141, 146, 146, 145, 148, 143, 138, 138, 136, 136,
    137, 134, 140, 146, 141, 139, 134, 130, 133, 126, 122, 126, 133, 132,
    136, 143, 142, 147, 140, 137, 138, 138, 140, 129, 130, 137, 148, 144,
    139, 134, 132, 128, 135, 131, 128, 131, 138, 146, 158, 168, 177, 192,
    204, 219, 229, 240, 249, 252, 255, 256, 261, 264, 266, 266, 263, 267,
    266, 267, 265, 269, 269, 267, 267 ]
RHandPositionsX: [ 184, 181, 185, 181, 181, 183, 182, 182, 182, 182, 185,
    184, 181, 182, 185, 185, 184, 181, 183, 184, 182, 182, 184, 181, 184,
    182, 182, 183, 183, 182, 182, 184, 182, 182, 184, 182, 184, 184, 185,
    185, 184, 182, 184, 182, 181, 182, 185, 181, 185, 183, 183, 184, 182,
    182, 185, 182, 182, 182, 182, 183, 183, 182, 181, 184, 185, 183, 181,
    183, 182, 184, 182, 183, 184, 183, 184, 183, 184, 185, 181, 182, 182,
    185, 182, 181, 182, 181, 181, 185 ]
RHandPositionsY: [ 276, 278, 278, 279, 277, 276, 277, 279, 278, 278, 279,
    276, 278, 278, 276, 276, 278, 279, 279, 277, 279, 278, 278, 278, 277,
    279, 280, 277, 278, 276, 277, 279, 276, 279, 280, 280, 276, 276, 278,
    277, 280, 276, 277, 276, 278, 279, 276, 276, 276, 276, 276, 276, 278,
    280, 279, 279, 279, 278, 277, 277, 278, 279, 278, 279, 276, 280, 280,
    280, 277, 280, 279, 278, 280, 279, 279, 276, 276, 279, 276, 276, 276,
    279, 280, 276, 277, 278, 279, 277 ]
