%YAML:1.0
---
videoName: "LHShake24.mp4"
gestureLabel: 2
fps: 30
pixelSizeInCmTemp: 3.4214285714285714e-01
faceCenterPointX: 255
faceCenterPointY: 77
LHandPositionsX: [ 327, 330, 329, 329, 329, 327, 328, 327, 327, 330, 330,
    332, 339, 345, 351, 359, 370, 373, 383, 382, 382, 381, 374, 358, 347,
    343, 340, 342, 341, 351, 358, 369, 376, 378, 375, 376, 368, 359, 343,
    340, 342, 339, 345, 353, 363, 367, 365, 369, 364, 352, 342, 340, 340,
    339, 346, 352, 366, 371, 371, 374, 368, 362, 351, 346, 346, 343, 346,
    354, 359, 368, 369, 366, 365, 359, 351, 343, 335, 332, 327, 327, 324,
    326, 327, 327, 327, 328, 329, 327, 326, 328, 327 ]
LHandPositionsY: [ 262, 260, 260, 261, 263, 261, 260, 261, 264, 259, 257,
    258, 248, 238, 223, 207, 194, 184, 171, 172, 158, 155, 153, 155, 159,
    163, 163, 163, 161, 163, 157, 150, 148, 151, 148, 147, 144, 149, 152,
    153, 152, 153, 156, 155, 148, 148, 152, 148, 151, 156, 158, 162, 161,
    163, 163, 163, 160, 156, 160, 153, 156, 159, 161, 164, 165, 160, 164,
    161, 160, 158, 160, 160, 159, 157, 160, 163, 168, 178, 188, 195, 207,
    218, 228, 230, 234, 238, 242, 248, 249, 248, 246 ]
RHandPositionsX: [ 181, 182, 183, 181, 182, 182, 182, 180, 179, 181, 183,
    181, 180, 181, 182, 183, 183, 181, 179, 182, 179, 179, 183, 179, 179,
    183, 181, 182, 179, 182, 180, 180, 183, 183, 179, 179, 180, 182, 182,
    183, 179, 182, 182, 180, 180, 179, 181, 179, 182, 182, 182, 181, 179,
    183, 182, 182, 179, 180, 183, 182, 180, 182, 183, 180, 179, 182, 182,
    180, 180, 182, 182, 181, 181, 180, 181, 181, 181, 182, 180, 180, 181,
    180, 179, 180, 182, 182, 179, 183, 180, 182, 179 ]
RHandPositionsY: [ 268, 268, 271, 270, 268, 271, 271, 267, 269, 271, 269,
    269, 268, 269, 268, 268, 271, 267, 269, 267, 271, 268, 267, 268, 270,
    267, 269, 271, 271, 271, 270, 269, 269, 267, 269, 269, 267, 271, 271,
    270, 269, 268, 269, 267, 268, 270, 270, 268, 269, 267, 268, 268, 269,
    268, 267, 270, 267, 267, 271, 271, 267, 269, 267, 267, 267, 269, 271,
    271, 268, 270, 267, 268, 270, 271, 271, 267, 270, 269, 270, 271, 267,
    267, 267, 268, 271, 269, 270, 269, 270, 270, 271 ]
