%YAML:1.0
---
videoName: "LHShake22.mp4"
gestureLabel: 2
fps: 29
pixelSizeInCmTemp: 3.5220588235294115e-01
faceCenterPointX: 261
faceCenterPointY: 79
LHandPositionsX: [ 334, 343, 348, 354, 354, 357, 356, 354, 344, 338, 326,
    322, 318, 321, 320, 325, 330, 336, 343, 343, 346, 345, 338, 332, 323,
    322, 322, 324, 330, 337, 345, 339, 342, 336, 330, 324, 317, 315, 317,
    321, 330, 335, 337, 338, 333, 332, 325, 319, 319, 318, 324, 330, 334,
    343, 342, 343, 340, 335, 326, 318, 319, 314, 319, 325, 330, 339, 335,
    336, 337, 331, 326, 326, 319, 321, 320, 324, 323, 325, 328, 325, 325,
    326, 326, 326, 323, 325, 325, 324 ]
LHandPositionsY: [ 262, 252, 248, 238, 235, 222, 209, 204, 194, 187, 187,
    183, 186, 183, 183, 180, 178, 175, 171, 175, 173, 171, 173, 174, 180,
    178, 179, 178, 174, 174, 171, 171, 172, 173, 173, 177, 185, 181, 184,
    185, 182, 179, 175, 176, 175, 174, 180, 182, 181, 180, 181, 180, 177,
    178, 176, 175, 175, 175, 177, 181, 184, 182, 180, 179, 176, 180, 178,
    181, 184, 191, 195, 204, 209, 221, 228, 242, 240, 244, 249, 246, 249,
    248, 248, 249, 251, 251, 248, 251 ]
RHandPositionsX: [ 192, 189, 190, 190, 190, 192, 189, 191, 191, 190, 192,
    192, 189, 190, 189, 189, 189, 191, 192, 189, 190, 191, 190, 189, 191,
    190, 190, 189, 189, 190, 189, 193, 190, 189, 189, 193, 190, 192, 189,
    189, 192, 192, 191, 192, 193, 189, 190, 192, 190, 192, 193, 193, 190,
    192, 193, 189, 189, 189, 191, 192, 192, 191, 192, 191, 189, 192, 189,
    191, 190, 190, 192, 189, 192, 189, 191, 190, 192, 191, 192, 193, 189,
    192, 189, 191, 189, 193, 189, 192 ]
RHandPositionsY: [ 269, 268, 269, 269, 266, 270, 268, 270, 267, 270, 269,
    269, 270, 269, 267, 267, 267, 268, 268, 267, 269, 266, 268, 269, 268,
    268, 267, 269, 267, 267, 269, 270, 266, 267, 270, 269, 270, 267, 266,
    270, 269, 269, 266, 267, 267, 270, 266, 269, 267, 266, 268, 269, 266,
    270, 267, 268, 269, 270, 267, 269, 266, 266, 268, 269, 269, 269, 266,
    270, 270, 269, 267, 266, 270, 266, 267, 267, 268, 270, 270, 269, 267,
    269, 270, 266, 270, 269, 267, 267 ]
