%YAML:1.0
---
videoName: "LHShake13.mp4"
gestureLabel: 2
fps: 29
pixelSizeInCmTemp: 3.4214285714285714e-01
faceCenterPointX: 257
faceCenterPointY: 76
LHandPositionsX: [ 325, 326, 323, 323, 325, 323, 323, 323, 324, 326, 330,
    335, 345, 349, 359, 374, 379, 385, 389, 387, 383, 374, 363, 349, 344,
    343, 341, 343, 349, 358, 374, 367, 367, 361, 358, 348, 341, 340, 340,
    352, 358, 370, 366, 365, 360, 349, 345, 347, 346, 347, 358, 366, 363,
    366, 364, 357, 348, 344, 343, 342, 346, 358, 364, 372, 365, 364, 358,
    353, 347, 342, 333, 328, 324, 326, 327, 324, 326, 326, 328, 325, 326,
    328, 326, 328, 326, 326, 328, 324 ]
LHandPositionsY: [ 263, 260, 260, 259, 260, 259, 259, 259, 258, 257, 257,
    248, 237, 225, 211, 196, 187, 176, 164, 159, 151, 149, 154, 156, 158,
    157, 159, 156, 156, 145, 143, 142, 141, 145, 149, 155, 160, 159, 157,
    159, 152, 154, 154, 154, 160, 158, 162, 160, 162, 158, 157, 157, 159,
    159, 159, 159, 164, 162, 164, 161, 158, 159, 157, 153, 152, 147, 147,
    151, 154, 161, 167, 181, 194, 204, 221, 232, 245, 244, 243, 246, 246,
    248, 250, 247, 248, 246, 248, 248 ]
RHandPositionsX: [ 183, 185, 182, 183, 184, 184, 184, 181, 185, 181, 184,
    182, 182, 185, 185, 185, 182, 181, 182, 182, 184, 185, 184, 185, 185,
    181, 183, 182, 183, 183, 184, 184, 185, 181, 182, 182, 185, 181, 184,
    185, 182, 185, 182, 182, 182, 185, 185, 181, 182, 185, 183, 183, 182,
    184, 182, 184, 184, 184, 185, 183, 181, 181, 184, 185, 185, 185, 184,
    184, 182, 183, 183, 183, 185, 185, 183, 182, 184, 184, 181, 184, 184,
    182, 184, 181, 183, 184, 185, 185 ]
RHandPositionsY: [ 270, 271, 269, 271, 271, 267, 269, 271, 268, 267, 270,
    267, 271, 267, 269, 268, 271, 269, 268, 269, 269, 268, 268, 271, 268,
    267, 267, 269, 268, 269, 270, 269, 268, 267, 267, 268, 271, 267, 268,
    268, 270, 268, 271, 271, 271, 267, 267, 269, 270, 268, 269, 267, 267,
    269, 271, 267, 269, 267, 267, 271, 267, 270, 268, 270, 267, 268, 270,
    268, 267, 271, 267, 271, 268, 269, 270, 271, 268, 268, 269, 271, 271,
    269, 271, 267, 268, 270, 267, 268 ]
