%YAML:1.0
---
videoName: "LHShake01.mp4"
gestureLabel: 2
fps: 29
pixelSizeInCmTemp: 3.4214285714285714e-01
faceCenterPointX: 252
faceCenterPointY: 84
LHandPositionsX: [ 363, 365, 365, 362, 359, 357, 345, 343, 334, 331, 334,
    332, 340, 344, 350, 355, 358, 356, 350, 347, 344, 339, 342, 338, 339,
    338, 342, 345, 352, 349, 349, 348, 344, 340, 338, 335, 331, 332, 334,
    342, 345, 347, 348, 348, 348, 344, 345, 340, 336, 335, 333, 333, 338,
    342, 345, 352, 349, 351, 350, 346, 344, 339, 338, 331, 329, 329, 332,
    333, 332, 328, 333, 333, 338, 337, 340, 343, 346, 345, 347, 346, 350,
    349, 348, 348, 350, 350, 352, 348 ]
LHandPositionsY: [ 144, 137, 132, 128, 123, 119, 117, 121, 122, 121, 123,
    123, 120, 116, 114, 111, 108, 106, 110, 108, 110, 114, 114, 113, 113,
    114, 110, 106, 108, 106, 107, 105, 109, 109, 110, 117, 114, 112, 112,
    108, 107, 108, 105, 104, 106, 106, 105, 105, 106, 108, 111, 108, 107,
    104, 104, 102, 103, 102, 103, 105, 104, 105, 108, 124, 135, 142, 153,
    161, 166, 162, 174, 182, 193, 198, 208, 212, 221, 220, 221, 222, 225,
    228, 228, 231, 228, 229, 230, 231 ]
RHandPositionsX: [ 153, 155, 154, 155, 155, 155, 155, 153, 157, 154, 156,
    157, 155, 155, 153, 157, 156, 157, 156, 157, 156, 157, 154, 157, 157,
    157, 154, 155, 154, 153, 153, 157, 154, 156, 155, 155, 156, 154, 153,
    153, 157, 156, 157, 157, 156, 157, 156, 154, 157, 153, 153, 154, 155,
    157, 157, 153, 155, 153, 157, 156, 156, 157, 155, 157, 155, 153, 155,
    155, 157, 153, 156, 157, 154, 157, 156, 157, 154, 155, 155, 153, 156,
    153, 153, 156, 154, 157, 154, 156 ]
RHandPositionsY: [ 268, 268, 267, 268, 270, 267, 266, 270, 268, 269, 265,
    266, 267, 268, 268, 266, 265, 265, 263, 266, 266, 263, 262, 263, 262,
    261, 262, 265, 261, 265, 263, 261, 261, 262, 264, 264, 264, 263, 262,
    263, 263, 263, 264, 261, 261, 260, 262, 260, 263, 261, 260, 259, 261,
    260, 260, 261, 263, 260, 260, 262, 259, 263, 263, 260, 260, 259, 259,
    261, 260, 260, 262, 262, 262, 259, 260, 260, 260, 262, 259, 262, 260,
    261, 263, 261, 262, 260, 263, 261 ]
