%YAML:1.0
---
videoName: "LHShake13.mp4"
gestureLabel: 2
fps: 29
pixelSizeInCmTemp: 3.4214285714285714e-01
faceCenterPointX: 257
faceCenterPointY: 76
LHandPositionsX: [ 327, 326, 324, 327, 325, 326, 326, 324, 326, 328, 330,
    337, 343, 352, 363, 371, 382, 387, 391, 388, 383, 376, 364, 350, 340,
    347, 341, 343, 349, 361, 373, 370, 366, 362, 358, 345, 343, 341, 340,
    350, 361, 368, 367, 364, 357, 348, 342, 344, 345, 347, 357, 364, 367,
    366, 360, 356, 345, 345, 343, 341, 350, 359, 364, 368, 369, 361, 359,
    354, 349, 338, 334, 325, 323, 322, 325, 326, 327, 325, 325, 324, 327,
    328, 327, 326, 327, 324, 324, 328 ]
LHandPositionsY: [ 260, 263, 261, 263, 263, 262, 261, 262, 260, 257, 256,
    249, 235, 227, 213, 199, 184, 172, 163, 157, 154, 149, 152, 155, 155,
    155, 155, 157, 153, 148, 140, 140, 140, 144, 149, 156, 158, 159, 159,
    159, 154, 154, 153, 158, 157, 159, 161, 162, 161, 159, 158, 159, 157,
    155, 156, 163, 162, 163, 165, 163, 162, 160, 157, 153, 149, 149, 149,
    149, 158, 161, 171, 182, 190, 204, 221, 235, 246, 244, 244, 243, 245,
    246, 248, 248, 247, 247, 249, 248 ]
RHandPositionsX: [ 182, 183, 181, 184, 185, 182, 181, 183, 185, 182, 184,
    185, 184, 181, 185, 182, 184, 185, 181, 182, 182, 182, 182, 185, 183,
    182, 181, 182, 181, 185, 183, 181, 185, 185, 185, 181, 183, 182, 181,
    184, 183, 185, 182, 181, 184, 183, 185, 185, 184, 182, 182, 182, 185,
    184, 182, 185, 182, 181, 182, 185, 185, 182, 184, 181, 185, 183, 181,
    181, 183, 185, 183, 182, 183, 182, 184, 182, 184, 183, 182, 182, 182,
    184, 181, 183, 182, 183, 184, 184 ]
RHandPositionsY: [ 267, 268, 269, 270, 268, 268, 269, 270, 267, 270, 268,
    267, 268, 269, 268, 267, 268, 267, 268, 268, 269, 270, 268, 270, 268,
    271, 269, 270, 269, 271, 270, 271, 268, 270, 268, 269, 271, 269, 271,
    270, 269, 268, 269, 269, 270, 270, 270, 271, 270, 270, 268, 269, 267,
    271, 269, 270, 267, 271, 267, 269, 268, 267, 270, 268, 268, 268, 267,
    271, 268, 270, 271, 267, 269, 268, 269, 268, 267, 270, 267, 268, 267,
    270, 268, 270, 271, 270, 268, 269 ]
