%YAML:1.0
---
videoName: "LHShake12.mp4"
gestureLabel: 2
fps: 29
pixelSizeInCmTemp: 3.3263888888888887e-01
faceCenterPointX: 259
faceCenterPointY: 64
LHandPositionsX: [ 370, 355, 348, 346, 348, 347, 353, 361, 373, 383, 379,
    378, 373, 363, 351, 345, 347, 347, 345, 356, 366, 376, 377, 374, 375,
    371, 362, 348, 341, 339, 339, 341, 350, 361, 372, 370, 369, 375, 366,
    357, 348, 341, 344, 341, 348, 356, 364, 368, 367, 369, 366, 357, 346,
    338, 338, 336, 342, 349, 359, 365, 366, 366, 366, 362, 354, 344, 332,
    326, 321, 317, 315, 320, 316, 327, 328, 332, 329, 333, 336, 333, 334,
    334, 334, 334, 337, 334, 333, 334 ]
LHandPositionsY: [ 168, 165, 163, 161, 162, 160, 158, 156, 152, 152, 149,
    149, 150, 155, 155, 159, 155, 159, 157, 152, 148, 145, 145, 146, 143,
    145, 147, 146, 153, 153, 155, 152, 148, 148, 145, 145, 148, 146, 146,
    151, 154, 158, 153, 155, 157, 156, 152, 153, 151, 149, 150, 153, 153,
    156, 159, 156, 157, 155, 149, 147, 143, 147, 146, 147, 150, 153, 159,
    170, 176, 188, 199, 207, 228, 237, 243, 245, 247, 249, 255, 255, 256,
    255, 258, 257, 258, 255, 259, 259 ]
RHandPositionsX: [ 176, 176, 175, 176, 178, 177, 178, 174, 175, 177, 174,
    178, 175, 177, 177, 174, 178, 178, 175, 177, 178, 176, 176, 178, 178,
    176, 177, 174, 176, 177, 175, 178, 178, 175, 176, 175, 176, 177, 176,
    175, 174, 176, 176, 176, 178, 175, 178, 176, 178, 177, 178, 176, 178,
    176, 178, 178, 177, 176, 176, 174, 178, 176, 178, 174, 178, 177, 175,
    177, 177, 174, 175, 175, 178, 177, 174, 176, 175, 175, 174, 176, 178,
    175, 174, 177, 175, 174, 176, 174 ]
RHandPositionsY: [ 275, 273, 273, 271, 274, 273, 272, 274, 271, 274, 273,
    274, 271, 274, 271, 273, 271, 274, 271, 273, 271, 275, 273, 273, 272,
    274, 271, 271, 272, 272, 273, 274, 273, 272, 273, 275, 275, 271, 271,
    273, 272, 272, 274, 275, 273, 271, 271, 274, 275, 275, 275, 271, 273,
    275, 274, 274, 275, 272, 272, 273, 273, 275, 272, 274, 275, 274, 273,
    271, 273, 271, 273, 273, 271, 271, 271, 271, 274, 274, 272, 273, 274,
    271, 273, 271, 274, 273, 273, 273 ]
