%YAML:1.0
---
videoName: "LHShake09.mp4"
gestureLabel: 2
fps: 29
pixelSizeInCmTemp: 3.3263888888888887e-01
faceCenterPointX: 259
faceCenterPointY: 67
LHandPositionsX: [ 339, 339, 336, 340, 341, 347, 350, 351, 349, 359, 360,
    365, 368, 369, 366, 366, 358, 351, 339, 334, 334, 334, 327, 329, 337,
    345, 350, 348, 347, 347, 353, 350, 344, 338, 335, 336, 337, 343, 353,
    361, 369, 362, 368, 362, 353, 345, 338, 338, 337, 337, 338, 346, 355,
    353, 356, 354, 353, 350, 344, 336, 337, 336, 335, 334, 342, 349, 356,
    356, 353, 355, 349, 342, 339, 333, 324, 322, 317, 319, 323, 326, 326,
    328, 331, 330, 334, 333, 332, 334 ]
LHandPositionsY: [ 274, 271, 274, 275, 275, 273, 267, 255, 250, 238, 234,
    217, 200, 199, 182, 174, 166, 164, 157, 158, 156, 159, 155, 154, 152,
    150, 149, 148, 148, 145, 150, 150, 152, 154, 156, 155, 156, 154, 155,
    152, 151, 153, 152, 152, 153, 154, 157, 159, 158, 156, 154, 153, 154,
    154, 150, 151, 150, 149, 153, 150, 152, 150, 154, 153, 155, 152, 152,
    151, 151, 149, 151, 155, 162, 173, 183, 192, 206, 222, 232, 242, 244,
    246, 251, 253, 259, 257, 258, 257 ]
RHandPositionsX: [ 180, 177, 178, 178, 180, 180, 180, 180, 176, 178, 176,
    180, 179, 178, 177, 177, 176, 176, 179, 177, 178, 177, 176, 179, 176,
    176, 180, 180, 179, 178, 178, 180, 180, 180, 176, 179, 179, 176, 179,
    176, 180, 176, 180, 180, 177, 179, 177, 178, 178, 180, 176, 178, 177,
    176, 176, 177, 180, 176, 179, 179, 177, 176, 177, 179, 177, 178, 177,
    178, 180, 179, 176, 180, 176, 176, 180, 176, 178, 178, 179, 180, 177,
    178, 177, 179, 180, 176, 179, 177 ]
RHandPositionsY: [ 275, 275, 277, 279, 278, 279, 279, 275, 277, 278, 277,
    279, 277, 275, 277, 275, 279, 275, 278, 275, 278, 276, 278, 279, 278,
    277, 279, 278, 279, 276, 276, 275, 278, 277, 276, 278, 275, 276, 276,
    276, 279, 276, 278, 276, 275, 279, 276, 276, 275, 275, 278, 277, 275,
    277, 276, 276, 276, 276, 275, 277, 277, 279, 276, 275, 278, 277, 276,
    275, 275, 277, 276, 277, 275, 278, 277, 279, 277, 275, 277, 276, 278,
    279, 277, 275, 278, 278, 275, 279 ]
