%YAML:1.0
---
videoName: "LHShake18.mp4"
gestureLabel: 2
fps: 29
pixelSizeInCmTemp: 3.4214285714285714e-01
faceCenterPointX: 253
faceCenterPointY: 65
LHandPositionsX: [ 311, 311, 314, 312, 311, 314, 315, 315, 313, 315, 312,
    312, 312, 314, 311, 316, 315, 318, 325, 324, 331, 338, 343, 347, 351,
    347, 338, 326, 317, 297, 302, 303, 307, 313, 311, 311, 310, 305, 298,
    291, 295, 302, 305, 312, 309, 309, 307, 298, 287, 287, 288, 295, 307,
    312, 310, 309, 304, 295, 286, 289, 292, 303, 308, 306, 308, 305, 306,
    295, 293, 299, 302, 306, 310, 310, 312, 310, 305, 306, 305, 307, 306,
    306, 309, 308, 308, 309, 309, 311 ]
LHandPositionsY: [ 249, 246, 247, 249, 246, 246, 250, 246, 249, 249, 247,
    249, 249, 249, 248, 247, 248, 248, 242, 233, 217, 203, 190, 179, 165,
    161, 152, 148, 144, 136, 138, 145, 142, 141, 142, 140, 142, 145, 145,
    140, 136, 142, 147, 146, 143, 146, 151, 146, 144, 142, 144, 145, 146,
    149, 145, 149, 150, 141, 146, 141, 149, 154, 153, 150, 151, 153, 156,
    146, 146, 152, 155, 152, 154, 156, 164, 166, 177, 186, 196, 209, 213,
    216, 220, 234, 236, 232, 231, 231 ]
RHandPositionsX: [ 195, 195, 198, 196, 198, 197, 196, 199, 198, 195, 195,
    198, 196, 195, 195, 199, 198, 196, 196, 195, 195, 198, 199, 195, 196,
    199, 199, 197, 197, 198, 195, 198, 196, 198, 198, 198, 197, 198, 199,
    195, 195, 195, 195, 197, 197, 197, 196, 199, 197, 198, 198, 199, 199,
    197, 197, 197, 198, 198, 197, 199, 199, 198, 196, 198, 197, 196, 198,
    195, 195, 194, 196, 196, 197, 197, 194, 196, 194, 197, 194, 198, 198,
    196, 195, 194, 197, 196, 197, 194 ]
RHandPositionsY: [ 263, 263, 264, 265, 265, 263, 266, 265, 263, 266, 263,
    264, 263, 265, 264, 263, 264, 266, 266, 264, 267, 264, 264, 266, 266,
    267, 267, 266, 265, 263, 264, 264, 265, 263, 266, 267, 264, 264, 266,
    265, 265, 265, 266, 267, 268, 267, 266, 267, 268, 265, 264, 264, 267,
    265, 265, 266, 265, 267, 268, 269, 266, 265, 266, 268, 268, 267, 265,
    267, 265, 264, 266, 268, 268, 264, 264, 265, 264, 267, 265, 264, 268,
    267, 266, 265, 268, 264, 268, 267 ]
