%YAML:1.0
---
videoName: "LHShake16.mp4"
gestureLabel: 2
fps: 30
pixelSizeInCmTemp: 3.3732394366197183e-01
faceCenterPointX: 247
faceCenterPointY: 66
LHandPositionsX: [ 322, 324, 323, 327, 329, 336, 345, 351, 363, 373, 384,
    391, 403, 410, 406, 401, 402, 390, 374, 363, 357, 359, 362, 370, 382,
    398, 396, 394, 388, 383, 376, 367, 372, 372, 373, 378, 390, 386, 401,
    396, 384, 372, 366, 369, 367, 370, 375, 385, 401, 409, 395, 384, 374,
    363, 365, 363, 364, 367, 375, 391, 386, 383, 387, 381, 373, 366, 359,
    351, 346, 334, 333, 331, 329, 328, 328, 327, 331, 327, 329, 329, 326,
    329, 325, 329, 325, 327, 328, 324, 326, 326, 325 ]
LHandPositionsY: [ 255, 256, 254, 250, 253, 246, 233, 220, 207, 196, 183,
    169, 155, 146, 144, 135, 124, 114, 119, 111, 119, 119, 123, 116, 114,
    117, 115, 118, 119, 114, 120, 131, 132, 135, 125, 118, 117, 120, 119,
    117, 115, 129, 134, 131, 134, 138, 133, 127, 127, 124, 123, 132, 138,
    144, 142, 143, 147, 146, 135, 127, 131, 128, 124, 132, 142, 149, 160,
    172, 182, 195, 208, 216, 224, 228, 229, 234, 235, 237, 237, 239, 241,
    242, 244, 241, 246, 241, 243, 244, 242, 244, 243 ]
RHandPositionsX: [ 178, 178, 178, 175, 178, 178, 176, 179, 175, 175, 175,
    175, 176, 179, 176, 178, 176, 176, 178, 178, 179, 178, 178, 178, 177,
    176, 176, 176, 177, 179, 179, 177, 175, 177, 176, 177, 175, 176, 177,
    179, 177, 178, 175, 177, 178, 179, 179, 176, 176, 178, 176, 176, 176,
    178, 176, 178, 175, 176, 176, 175, 177, 178, 175, 177, 177, 175, 176,
    176, 175, 179, 176, 176, 176, 179, 178, 177, 178, 179, 178, 175, 175,
    176, 177, 178, 178, 175, 176, 175, 177, 176, 179 ]
RHandPositionsY: [ 260, 258, 260, 260, 258, 259, 259, 260, 262, 258, 262,
    262, 262, 258, 262, 260, 260, 260, 260, 262, 258, 260, 261, 262, 260,
    261, 260, 262, 258, 258, 260, 258, 260, 262, 261, 260, 262, 261, 261,
    260, 262, 258, 261, 259, 260, 260, 262, 260, 261, 261, 258, 258, 258,
    259, 262, 260, 259, 261, 260, 262, 258, 261, 261, 259, 262, 258, 258,
    259, 259, 259, 262, 262, 259, 259, 260, 259, 262, 259, 262, 258, 261,
    259, 260, 262, 261, 259, 259, 259, 258, 259, 261 ]
