%YAML:1.0
---
videoName: "LHShake13.mp4"
gestureLabel: 2
fps: 29
pixelSizeInCmTemp: 3.4214285714285714e-01
faceCenterPointX: 257
faceCenterPointY: 76
LHandPositionsX: [ 325, 325, 326, 326, 325, 325, 325, 327, 327, 328, 331,
    337, 342, 353, 359, 371, 379, 389, 389, 387, 386, 373, 366, 352, 344,
    347, 338, 344, 349, 359, 375, 369, 365, 365, 354, 348, 342, 343, 344,
    349, 358, 367, 368, 366, 359, 350, 343, 344, 346, 350, 357, 364, 364,
    366, 362, 355, 346, 347, 343, 344, 346, 355, 362, 372, 365, 363, 358,
    354, 347, 340, 330, 327, 324, 323, 323, 324, 325, 326, 324, 325, 326,
    324, 328, 328, 324, 328, 325, 327 ]
LHandPositionsY: [ 263, 260, 261, 263, 261, 260, 262, 260, 261, 260, 256,
    245, 236, 228, 209, 197, 185, 173, 164, 156, 152, 153, 154, 154, 159,
    157, 155, 157, 152, 145, 142, 140, 142, 148, 151, 157, 161, 156, 156,
    156, 152, 156, 153, 155, 160, 157, 163, 163, 164, 159, 158, 156, 155,
    158, 159, 162, 165, 165, 161, 160, 159, 157, 157, 154, 150, 146, 148,
    151, 156, 160, 168, 180, 192, 205, 223, 233, 244, 247, 245, 244, 244,
    248, 249, 248, 248, 248, 250, 250 ]
RHandPositionsX: [ 182, 183, 184, 185, 181, 183, 185, 184, 181, 184, 182,
    184, 181, 181, 184, 181, 182, 182, 184, 185, 184, 182, 181, 183, 183,
    183, 185, 184, 181, 184, 181, 185, 181, 184, 182, 181, 181, 182, 182,
    184, 184, 182, 184, 185, 182, 183, 182, 184, 184, 182, 185, 183, 183,
    184, 181, 182, 182, 183, 183, 182, 183, 184, 184, 185, 182, 183, 183,
    185, 182, 183, 184, 184, 181, 181, 185, 185, 183, 181, 182, 184, 185,
    184, 181, 183, 181, 182, 184, 183 ]
RHandPositionsY: [ 271, 268, 268, 268, 270, 267, 270, 267, 267, 268, 271,
    271, 268, 271, 268, 267, 269, 268, 271, 270, 270, 268, 270, 270, 267,
    269, 269, 271, 270, 268, 269, 268, 268, 271, 268, 270, 270, 270, 267,
    271, 268, 267, 267, 269, 268, 269, 268, 269, 270, 269, 270, 269, 269,
    267, 270, 270, 268, 270, 270, 267, 267, 267, 267, 271, 267, 267, 270,
    268, 267, 268, 269, 269, 270, 271, 270, 270, 270, 269, 267, 267, 271,
    271, 267, 269, 271, 268, 270, 268 ]
