%YAML:1.0
---
videoName: "LHShake24.mp4"
gestureLabel: 2
fps: 30
pixelSizeInCmTemp: 3.4214285714285714e-01
faceCenterPointX: 255
faceCenterPointY: 77
LHandPositionsX: [ 329, 326, 330, 327, 329, 330, 329, 329, 330, 331, 333,
    334, 339, 347, 353, 361, 369, 377, 379, 379, 381, 380, 370, 361, 350,
    341, 344, 342, 341, 349, 360, 369, 377, 375, 377, 374, 368, 358, 347,
    339, 343, 337, 346, 352, 364, 366, 365, 370, 363, 356, 343, 340, 343,
    338, 347, 355, 365, 370, 371, 374, 367, 361, 355, 347, 343, 345, 346,
    350, 359, 367, 369, 368, 367, 360, 352, 343, 334, 333, 329, 326, 322,
    323, 325, 327, 325, 325, 325, 328, 325, 324, 328 ]
LHandPositionsY: [ 261, 262, 262, 260, 262, 261, 262, 260, 260, 262, 260,
    258, 246, 237, 226, 207, 196, 185, 173, 170, 160, 152, 153, 155, 155,
    162, 164, 163, 160, 159, 158, 150, 148, 147, 150, 145, 145, 148, 152,
    157, 154, 152, 155, 151, 151, 148, 148, 148, 154, 153, 161, 165, 164,
    164, 162, 161, 160, 157, 157, 153, 155, 159, 160, 164, 162, 164, 163,
    163, 158, 158, 157, 157, 156, 159, 160, 161, 171, 179, 187, 199, 210,
    217, 230, 230, 233, 237, 245, 246, 249, 249, 249 ]
RHandPositionsX: [ 182, 182, 180, 182, 180, 179, 182, 181, 180, 181, 182,
    179, 181, 180, 179, 183, 180, 182, 182, 183, 183, 181, 181, 181, 181,
    181, 182, 179, 181, 182, 182, 181, 183, 183, 183, 179, 182, 181, 183,
    180, 183, 179, 181, 180, 181, 183, 180, 182, 180, 183, 181, 179, 183,
    183, 182, 180, 179, 182, 181, 182, 183, 182, 183, 179, 181, 182, 183,
    182, 182, 181, 182, 182, 180, 182, 179, 183, 183, 179, 181, 179, 179,
    179, 179, 179, 180, 182, 183, 179, 183, 181, 183 ]
RHandPositionsY: [ 269, 271, 267, 269, 271, 267, 271, 267, 271, 270, 269,
    267, 269, 269, 269, 270, 267, 268, 268, 267, 268, 268, 271, 271, 270,
    268, 269, 269, 269, 270, 270, 269, 268, 270, 268, 268, 267, 271, 271,
    269, 268, 268, 269, 268, 269, 268, 267, 270, 270, 268, 268, 268, 267,
    270, 269, 270, 271, 269, 270, 271, 271, 269, 267, 267, 271, 267, 271,
    270, 269, 268, 270, 270, 267, 270, 268, 270, 270, 267, 268, 269, 268,
    270, 267, 267, 271, 268, 269, 267, 267, 270, 271 ]
