%YAML:1.0
---
videoName: "LHShake22.mp4"
gestureLabel: 2
fps: 29
pixelSizeInCmTemp: 3.5220588235294115e-01
faceCenterPointX: 261
faceCenterPointY: 79
LHandPositionsX: [ 338, 345, 349, 353, 357, 356, 355, 353, 348, 338, 326,
    321, 322, 322, 320, 323, 328, 340, 344, 342, 343, 341, 338, 330, 323,
    323, 324, 327, 330, 338, 343, 343, 340, 336, 329, 320, 318, 315, 317,
    321, 328, 333, 336, 338, 336, 330, 324, 319, 320, 321, 323, 330, 334,
    343, 344, 345, 342, 335, 324, 321, 319, 314, 320, 325, 329, 338, 336,
    337, 333, 331, 328, 325, 323, 321, 322, 324, 322, 324, 328, 325, 323,
    324, 325, 324, 326, 327, 327, 323 ]
LHandPositionsY: [ 259, 252, 248, 235, 232, 220, 208, 207, 193, 190, 186,
    187, 185, 187, 183, 182, 178, 178, 172, 173, 170, 171, 173, 174, 179,
    179, 178, 178, 176, 175, 174, 172, 173, 173, 177, 178, 184, 181, 182,
    184, 178, 178, 178, 176, 174, 178, 180, 181, 183, 180, 179, 179, 178,
    174, 175, 174, 175, 178, 177, 180, 181, 184, 180, 181, 180, 177, 180,
    178, 182, 191, 196, 203, 210, 219, 231, 241, 240, 246, 245, 249, 249,
    250, 251, 251, 247, 251, 248, 247 ]
RHandPositionsX: [ 191, 193, 191, 192, 191, 192, 192, 191, 192, 193, 189,
    191, 190, 192, 189, 193, 189, 193, 190, 191, 190, 191, 191, 190, 193,
    190, 190, 192, 189, 192, 191, 189, 191, 189, 189, 193, 190, 193, 190,
    191, 189, 193, 192, 190, 190, 192, 190, 190, 189, 190, 193, 190, 191,
    192, 191, 193, 192, 189, 193, 190, 190, 189, 190, 190, 190, 193, 191,
    189, 189, 192, 190, 191, 191, 189, 190, 192, 193, 193, 191, 192, 190,
    190, 191, 193, 190, 193, 190, 192 ]
RHandPositionsY: [ 269, 268, 269, 270, 268, 266, 266, 268, 267, 268, 270,
    267, 269, 270, 267, 266, 268, 268, 270, 266, 270, 268, 269, 266, 266,
    268, 269, 269, 270, 270, 270, 268, 269, 266, 270, 269, 266, 270, 267,
    269, 270, 267, 267, 266, 270, 268, 270, 268, 270, 269, 266, 270, 266,
    266, 268, 269, 270, 266, 266, 270, 269, 268, 268, 267, 267, 270, 269,
    268, 268, 270, 268, 267, 266, 266, 269, 266, 266, 267, 267, 267, 267,
    268, 267, 269, 267, 266, 270, 267 ]
