%YAML:1.0
---
videoName: "LHShake19.mp4"
gestureLabel: 2
fps: 29
pixelSizeInCmTemp: 3.3732394366197183e-01
faceCenterPointX: 250
faceCenterPointY: 62
LHandPositionsX: [ 307, 305, 305, 308, 309, 305, 309, 307, 308, 308, 308,
    306, 307, 309, 308, 307, 313, 315, 322, 324, 328, 321, 309, 292, 284,
    289, 293, 299, 304, 317, 314, 315, 305, 297, 286, 290, 292, 302, 310,
    317, 320, 313, 303, 294, 292, 293, 300, 308, 314, 314, 311, 306, 295,
    293, 298, 302, 306, 317, 316, 316, 316, 311, 307, 301, 297, 290, 289,
    293, 294, 298, 303, 303, 305, 303, 305, 306, 309, 307, 307, 308, 310,
    310, 307, 309, 311, 309, 309, 311 ]
LHandPositionsY: [ 249, 251, 248, 251, 248, 251, 248, 250, 251, 248, 250,
    250, 249, 250, 245, 237, 230, 213, 203, 192, 179, 170, 164, 160, 153,
    153, 157, 158, 155, 151, 154, 154, 157, 152, 151, 148, 156, 152, 152,
    153, 153, 153, 158, 150, 148, 154, 155, 154, 153, 154, 152, 155, 145,
    146, 153, 155, 157, 154, 152, 152, 151, 155, 156, 161, 167, 170, 179,
    188, 198, 210, 216, 216, 219, 223, 224, 227, 231, 232, 235, 238, 236,
    237, 240, 236, 238, 240, 238, 240 ]
RHandPositionsX: [ 195, 195, 195, 198, 198, 196, 198, 199, 199, 197, 195,
    197, 199, 196, 197, 197, 195, 198, 198, 198, 195, 195, 195, 194, 197,
    198, 198, 195, 197, 194, 193, 193, 194, 196, 195, 192, 195, 196, 195,
    192, 194, 195, 191, 193, 192, 192, 194, 192, 194, 192, 193, 191, 191,
    193, 191, 193, 194, 193, 192, 194, 194, 195, 192, 191, 193, 195, 192,
    191, 193, 195, 193, 193, 193, 194, 191, 191, 194, 192, 193, 195, 194,
    191, 194, 193, 193, 194, 191, 192 ]
RHandPositionsY: [ 256, 258, 256, 254, 256, 256, 257, 258, 254, 258, 258,
    258, 254, 256, 255, 254, 255, 258, 255, 254, 257, 255, 254, 257, 257,
    258, 254, 256, 257, 256, 256, 258, 257, 255, 257, 256, 254, 257, 254,
    254, 256, 254, 256, 256, 255, 254, 257, 254, 258, 256, 255, 256, 258,
    254, 254, 257, 254, 257, 254, 254, 257, 256, 255, 255, 257, 255, 257,
    258, 258, 257, 255, 257, 256, 256, 256, 256, 258, 254, 258, 254, 258,
    255, 258, 256, 256, 254, 257, 257 ]
