%YAML:1.0
---
videoName: "LHShake08.mp4"
gestureLabel: 2
fps: 29
pixelSizeInCmTemp: 3.4710144927536229e-01
faceCenterPointX: 261
faceCenterPointY: 69
LHandPositionsX: [ 340, 342, 344, 344, 351, 345, 353, 364, 371, 372, 375,
    371, 378, 366, 357, 345, 339, 341, 341, 342, 347, 356, 371, 366, 360,
    361, 359, 353, 343, 338, 341, 337, 341, 350, 358, 364, 369, 366, 369,
    361, 355, 346, 337, 335, 334, 339, 342, 349, 359, 357, 358, 360, 356,
    353, 344, 344, 342, 341, 345, 349, 353, 363, 372, 372, 371, 370, 362,
    357, 350, 346, 339, 335, 332, 332, 332, 335, 335, 335, 336, 335, 339,
    337, 338, 339, 335, 337, 339, 339 ]
LHandPositionsY: [ 267, 266, 261, 255, 249, 235, 218, 199, 184, 175, 164,
    156, 143, 143, 146, 145, 148, 150, 152, 152, 146, 144, 140, 137, 137,
    137, 140, 146, 150, 153, 152, 154, 153, 151, 150, 148, 149, 147, 149,
    150, 150, 154, 157, 158, 159, 163, 158, 160, 155, 157, 154, 153, 155,
    157, 158, 160, 160, 161, 159, 159, 155, 148, 145, 144, 147, 145, 151,
    155, 162, 168, 174, 183, 197, 208, 222, 233, 243, 245, 249, 253, 252,
    255, 252, 257, 255, 257, 254, 256 ]
RHandPositionsX: [ 175, 176, 173, 172, 174, 173, 173, 174, 176, 172, 176,
    173, 173, 173, 174, 172, 174, 174, 176, 175, 175, 175, 172, 175, 173,
    175, 176, 175, 174, 173, 173, 173, 176, 175, 173, 176, 173, 177, 177,
    178, 178, 175, 175, 175, 178, 175, 177, 175, 177, 178, 174, 177, 176,
    177, 174, 177, 178, 175, 176, 175, 175, 177, 174, 175, 177, 177, 176,
    174, 178, 178, 176, 177, 174, 175, 178, 178, 178, 175, 174, 176, 177,
    176, 174, 175, 178, 174, 178, 176 ]
RHandPositionsY: [ 277, 274, 273, 275, 276, 273, 274, 274, 277, 274, 273,
    277, 277, 277, 273, 275, 275, 277, 277, 276, 277, 274, 275, 274, 273,
    277, 277, 276, 273, 275, 273, 274, 277, 275, 275, 275, 276, 277, 273,
    275, 275, 277, 275, 274, 277, 273, 273, 273, 273, 275, 274, 273, 275,
    274, 274, 275, 273, 277, 276, 275, 275, 276, 277, 277, 275, 276, 276,
    276, 274, 277, 274, 274, 275, 277, 276, 276, 276, 275, 276, 277, 277,
    277, 273, 274, 275, 275, 275, 277 ]
