%YAML:1.0
---
videoName: "LHShake08.mp4"
gestureLabel: 2
fps: 29
pixelSizeInCmTemp: 3.4710144927536229e-01
faceCenterPointX: 261
faceCenterPointY: 69
LHandPositionsX: [ 342, 339, 344, 345, 350, 345, 357, 361, 371, 373, 374,
    375, 379, 366, 356, 345, 342, 342, 339, 343, 351, 357, 371, 364, 364,
    358, 359, 355, 343, 336, 341, 340, 343, 350, 356, 366, 369, 369, 368,
    363, 351, 346, 336, 336, 334, 335, 342, 347, 357, 359, 356, 357, 356,
    351, 345, 341, 342, 341, 345, 348, 354, 362, 374, 372, 372, 368, 366,
    359, 353, 346, 341, 334, 330, 330, 331, 331, 338, 334, 338, 337, 338,
    336, 337, 338, 339, 338, 338, 339 ]
LHandPositionsY: [ 266, 268, 263, 257, 250, 237, 217, 199, 186, 176, 165,
    154, 144, 143, 146, 148, 150, 150, 150, 149, 146, 143, 138, 140, 138,
    136, 143, 144, 146, 153, 152, 152, 153, 153, 149, 149, 149, 150, 149,
    150, 151, 156, 157, 162, 159, 161, 158, 156, 154, 156, 156, 153, 156,
    153, 158, 161, 160, 162, 163, 157, 154, 151, 147, 145, 146, 148, 151,
    155, 161, 165, 175, 186, 197, 206, 223, 232, 243, 247, 250, 250, 253,
    255, 253, 255, 258, 256, 256, 257 ]
RHandPositionsX: [ 174, 173, 176, 172, 175, 175, 176, 172, 173, 173, 174,
    172, 175, 174, 172, 175, 174, 174, 176, 172, 176, 176, 176, 173, 176,
    172, 174, 172, 172, 175, 176, 174, 174, 177, 176, 173, 174, 174, 177,
    174, 177, 176, 177, 177, 178, 177, 177, 176, 177, 174, 174, 178, 177,
    178, 174, 175, 176, 175, 174, 175, 178, 175, 174, 178, 177, 177, 176,
    176, 174, 177, 178, 178, 178, 174, 178, 177, 176, 175, 175, 175, 178,
    175, 176, 174, 174, 175, 176, 177 ]
RHandPositionsY: [ 277, 273, 276, 277, 276, 276, 274, 276, 276, 275, 274,
    274, 273, 275, 277, 276, 274, 275, 276, 275, 274, 276, 276, 274, 276,
    276, 273, 277, 274, 277, 277, 275, 274, 274, 273, 274, 273, 277, 276,
    276, 275, 274, 274, 274, 273, 273, 277, 276, 273, 273, 275, 274, 276,
    276, 275, 275, 274, 277, 277, 274, 274, 275, 275, 275, 274, 277, 277,
    274, 274, 273, 274, 274, 274, 274, 277, 276, 277, 273, 276, 276, 275,
    273, 277, 277, 275, 277, 277, 274 ]
