%YAML:1.0
---
videoName: "LHShake06.mp4"
gestureLabel: 2
fps: 29
pixelSizeInCmTemp: 3.3732394366197183e-01
faceCenterPointX: 250
faceCenterPointY: 80
LHandPositionsX: [ 381, 384, 385, 384, 382, 382, 377, 374, 368, 370, 374,
    386, 390, 394, 396, 395, 396, 387, 378, 376, 377, 376, 388, 390, 394,
    395, 391, 389, 382, 382, 378, 380, 386, 390, 390, 390, 386, 386, 381,
    379, 382, 383, 386, 391, 391, 388, 387, 386, 379, 378, 378, 383, 385,
    394, 394, 401, 400, 394, 394, 386, 378, 367, 362, 361, 352, 345, 335,
    327, 317, 310, 308, 307, 306, 306, 303, 301, 300, 301, 301, 302, 301,
    300, 301, 302, 300, 299, 299, 299 ]
LHandPositionsY: [ 151, 147, 146, 141, 136, 135, 137, 137, 135, 135, 130,
    131, 127, 126, 126, 129, 129, 130, 134, 132, 133, 131, 132, 130, 128,
    126, 125, 129, 130, 127, 128, 129, 129, 124, 123, 124, 125, 128, 127,
    126, 127, 126, 127, 126, 125, 126, 125, 124, 126, 129, 127, 125, 126,
    121, 123, 123, 122, 124, 124, 128, 133, 138, 146, 152, 162, 172, 193,
    208, 214, 223, 231, 232, 238, 242, 246, 248, 251, 250, 249, 251, 253,
    254, 255, 255, 253, 252, 254, 258 ]
RHandPositionsX: [ 211, 213, 210, 210, 212, 213, 211, 213, 211, 209, 213,
    210, 212, 212, 213, 209, 211, 209, 209, 211, 213, 212, 209, 212, 213,
    210, 210, 211, 211, 212, 212, 208, 212, 208, 208, 211, 209, 209, 209,
    209, 208, 210, 209, 211, 208, 209, 211, 208, 209, 211, 208, 210, 211,
    207, 211, 211, 211, 210, 210, 210, 211, 207, 210, 208, 211, 209, 211,
    208, 210, 209, 212, 209, 208, 209, 210, 212, 212, 211, 211, 208, 212,
    212, 210, 208, 212, 211, 211, 209 ]
RHandPositionsY: [ 270, 269, 270, 268, 267, 268, 267, 267, 268, 270, 270,
    267, 269, 267, 266, 266, 268, 267, 268, 266, 270, 267, 268, 268, 269,
    269, 267, 268, 269, 265, 265, 269, 269, 269, 265, 266, 269, 266, 265,
    269, 265, 269, 265, 267, 269, 267, 270, 269, 268, 267, 265, 268, 265,
    267, 268, 269, 265, 267, 269, 268, 266, 268, 266, 267, 268, 269, 268,
    267, 268, 266, 268, 269, 265, 266, 266, 267, 268, 269, 266, 268, 268,
    267, 267, 267, 267, 266, 268, 267 ]
