%YAML:1.0
---
videoName: "LHShake07.mp4"
gestureLabel: 2
fps: 29
pixelSizeInCmTemp: 3.3732394366197183e-01
faceCenterPointX: 265
faceCenterPointY: 78
LHandPositionsX: [ 348, 347, 354, 358, 365, 368, 378, 384, 388, 393, 393,
    395, 384, 374, 356, 346, 339, 344, 341, 339, 350, 365, 368, 366, 367,
    364, 360, 341, 340, 346, 341, 349, 356, 356, 367, 368, 366, 361, 363,
    351, 347, 348, 346, 353, 359, 359, 361, 359, 367, 361, 338, 328, 334,
    333, 343, 356, 369, 372, 372, 380, 373, 365, 354, 348, 341, 340, 334,
    333, 336, 336, 341, 342, 342, 344, 341, 342, 342, 341, 341, 344, 342,
    343, 340, 340, 344, 340, 340, 343 ]
LHandPositionsY: [ 279, 275, 272, 268, 258, 246, 233, 220, 205, 190, 178,
    160, 148, 138, 143, 141, 146, 144, 147, 145, 144, 137, 136, 135, 135,
    135, 133, 140, 143, 142, 140, 131, 131, 135, 125, 124, 127, 132, 134,
    135, 146, 141, 147, 140, 139, 137, 137, 139, 128, 129, 137, 149, 145,
    135, 134, 132, 130, 133, 132, 126, 130, 139, 145, 154, 166, 179, 194,
    204, 217, 233, 239, 251, 250, 254, 257, 260, 262, 265, 266, 266, 268,
    266, 265, 265, 266, 269, 267, 269 ]
RHandPositionsX: [ 181, 181, 181, 185, 182, 184, 182, 185, 181, 185, 183,
    182, 184, 183, 182, 184, 181, 183, 184, 183, 184, 184, 185, 182, 182,
    183, 182, 183, 183, 181, 182, 182, 184, 184, 185, 181, 185, 181, 183,
    183, 182, 185, 181, 182, 185, 182, 181, 184, 185, 182, 181, 182, 184,
    184, 185, 185, 183, 183, 181, 182, 184, 183, 185, 185, 183, 181, 183,
    183, 185, 181, 184, 181, 182, 182, 182, 183, 182, 182, 182, 181, 182,
    183, 184, 181, 184, 181, 182, 184 ]
RHandPositionsY: [ 280, 276, 276, 280, 276, 276, 276, 278, 276, 280, 278,
    276, 276, 279, 278, 277, 277, 276, 276, 280, 276, 276, 276, 276, 277,
    276, 279, 277, 276, 280, 280, 276, 279, 278, 280, 276, 279, 278, 280,
    276, 277, 280, 278, 280, 278, 280, 278, 278, 280, 276, 276, 277, 276,
    278, 280, 278, 279, 277, 278, 278, 277, 276, 280, 279, 279, 279, 278,
    276, 276, 278, 278, 280, 279, 279, 278, 279, 277, 277, 280, 276, 279,
    278, 279, 277, 280, 279, 277, 277 ]
