%YAML:1.0
---
videoName: "LHShake09.mp4"
gestureLabel: 2
fps: 29
pixelSizeInCmTemp: 3.3263888888888887e-01
faceCenterPointX: 259
faceCenterPointY: 67
LHandPositionsX: [ 337, 338, 340, 339, 341, 348, 349, 351, 349, 360, 359,
    365, 367, 368, 367, 367, 359, 353, 341, 331, 333, 332, 328, 328, 336,
    347, 349, 347, 346, 350, 352, 350, 340, 335, 335, 338, 340, 343, 355,
    362, 367, 366, 369, 361, 357, 343, 336, 339, 337, 334, 337, 348, 354,
    352, 353, 355, 357, 350, 340, 337, 337, 338, 336, 337, 344, 350, 356,
    355, 355, 352, 349, 343, 335, 329, 326, 319, 320, 322, 321, 326, 327,
    326, 328, 333, 334, 334, 335, 332 ]
LHandPositionsY: [ 275, 273, 271, 273, 275, 272, 267, 255, 250, 237, 231,
    218, 202, 198, 186, 176, 165, 160, 157, 158, 159, 156, 157, 152, 154,
    151, 149, 148, 148, 144, 149, 153, 151, 155, 156, 155, 154, 153, 152,
    151, 153, 155, 152, 155, 153, 155, 155, 156, 155, 153, 156, 153, 152,
    153, 154, 153, 153, 151, 153, 152, 151, 151, 153, 152, 152, 153, 151,
    150, 149, 148, 153, 156, 163, 169, 183, 194, 207, 218, 234, 244, 245,
    247, 250, 256, 255, 261, 257, 259 ]
RHandPositionsX: [ 178, 177, 180, 178, 178, 176, 178, 178, 178, 180, 180,
    178, 177, 176, 177, 178, 180, 177, 176, 180, 178, 177, 178, 179, 177,
    180, 176, 178, 176, 178, 179, 178, 180, 177, 177, 176, 176, 180, 177,
    180, 179, 177, 176, 179, 179, 180, 176, 179, 177, 176, 179, 176, 178,
    177, 180, 178, 176, 177, 179, 179, 177, 180, 178, 178, 180, 180, 177,
    176, 176, 177, 178, 177, 180, 176, 178, 177, 179, 180, 178, 180, 180,
    180, 178, 179, 176, 177, 180, 176 ]
RHandPositionsY: [ 275, 276, 278, 278, 279, 276, 278, 276, 277, 276, 278,
    277, 275, 277, 275, 277, 276, 276, 279, 276, 279, 278, 276, 278, 275,
    278, 276, 278, 277, 276, 276, 276, 279, 279, 277, 277, 276, 276, 278,
    277, 279, 279, 279, 278, 276, 278, 276, 278, 279, 277, 275, 275, 277,
    276, 278, 276, 278, 278, 277, 279, 279, 277, 276, 275, 276, 277, 275,
    279, 278, 277, 278, 277, 276, 275, 276, 275, 276, 278, 276, 279, 278,
    276, 277, 278, 275, 276, 276, 276 ]
