%YAML:1.0
---
videoName: "LHShake06.mp4"
gestureLabel: 2
fps: 29
pixelSizeInCmTemp: 3.3732394366197183e-01
faceCenterPointX: 250
faceCenterPointY: 80
LHandPositionsX: [ 383, 384, 386, 385, 385, 380, 376, 374, 372, 372, 377,
    384, 386, 390, 397, 397, 395, 386, 377, 375, 375, 378, 386, 391, 392,
    394, 389, 386, 386, 381, 380, 382, 385, 387, 391, 388, 388, 385, 380,
    383, 382, 382, 383, 390, 391, 388, 386, 384, 380, 381, 380, 382, 386,
    394, 397, 400, 397, 394, 392, 387, 378, 369, 360, 358, 353, 345, 336,
    329, 317, 310, 307, 308, 306, 303, 302, 302, 300, 301, 299, 298, 298,
    302, 299, 301, 302, 299, 298, 301 ]
LHandPositionsY: [ 148, 145, 145, 138, 136, 135, 136, 138, 135, 138, 133,
    128, 128, 127, 126, 129, 128, 134, 134, 135, 136, 133, 133, 131, 126,
    128, 127, 125, 127, 129, 129, 129, 126, 128, 124, 124, 126, 127, 126,
    126, 129, 127, 125, 126, 123, 124, 125, 127, 129, 128, 127, 124, 124,
    123, 120, 122, 121, 123, 125, 126, 134, 138, 144, 153, 160, 172, 192,
    209, 216, 222, 228, 233, 235, 240, 243, 248, 252, 251, 250, 254, 254,
    255, 252, 253, 257, 255, 257, 256 ]
RHandPositionsX: [ 211, 213, 209, 210, 209, 209, 211, 210, 210, 209, 210,
    212, 209, 209, 210, 210, 211, 213, 209, 210, 212, 210, 210, 210, 213,
    211, 212, 212, 211, 209, 211, 212, 209, 210, 212, 208, 211, 212, 208,
    211, 208, 209, 211, 211, 208, 208, 207, 208, 209, 207, 210, 208, 207,
    210, 207, 210, 211, 208, 207, 210, 207, 207, 211, 210, 208, 211, 207,
    209, 211, 209, 211, 211, 211, 212, 212, 208, 210, 211, 212, 210, 210,
    209, 210, 211, 210, 211, 209, 209 ]
RHandPositionsY: [ 271, 272, 269, 270, 269, 269, 267, 270, 271, 270, 269,
    269, 266, 266, 268, 269, 267, 267, 267, 267, 268, 266, 266, 269, 266,
    265, 269, 269, 265, 268, 266, 269, 267, 265, 265, 268, 267, 266, 268,
    268, 267, 266, 266, 265, 266, 268, 267, 267, 268, 266, 269, 265, 265,
    268, 266, 270, 266, 267, 268, 267, 265, 268, 267, 265, 265, 267, 266,
    266, 266, 269, 268, 266, 266, 266, 267, 265, 267, 266, 268, 268, 268,
    266, 266, 267, 266, 265, 265, 268 ]
