%YAML:1.0
---
videoName: "LHShake11.mp4"
gestureLabel: 2
fps: 29
pixelSizeInCmTemp: 3.3732394366197183e-01
faceCenterPointX: 260
faceCenterPointY: 69
LHandPositionsX: [ 386, 389, 385, 374, 367, 356, 348, 352, 347, 347, 354,
    360, 364, 364, 362, 362, 357, 352, 348, 346, 349, 351, 351, 356, 358,
    357, 361, 356, 348, 347, 346, 346, 351, 354, 355, 353, 353, 353, 349,
    343, 337, 338, 340, 339, 347, 355, 355, 356, 354, 357, 350, 341, 339,
    338, 337, 338, 348, 355, 358, 359, 360, 365, 359, 353, 352, 343, 335,
    331, 331, 328, 328, 329, 332, 333, 335, 332, 335, 332, 333, 334, 331,
    335, 334, 335, 331, 332, 334, 333 ]
LHandPositionsY: [ 176, 163, 150, 144, 142, 147, 149, 146, 148, 138, 127,
    128, 127, 126, 126, 126, 132, 137, 142, 143, 142, 134, 132, 132, 130,
    131, 129, 132, 139, 147, 140, 145, 144, 140, 135, 135, 134, 135, 136,
    138, 146, 146, 145, 143, 140, 134, 132, 132, 131, 129, 136, 142, 145,
    145, 148, 145, 142, 140, 138, 138, 141, 140, 149, 153, 168, 178, 189,
    205, 215, 230, 227, 232, 239, 241, 248, 247, 249, 246, 250, 248, 252,
    249, 250, 251, 251, 249, 250, 252 ]
RHandPositionsX: [ 183, 182, 182, 179, 182, 183, 179, 181, 182, 182, 179,
    182, 182, 183, 179, 180, 182, 183, 182, 179, 180, 179, 182, 181, 182,
    182, 179, 181, 179, 183, 181, 181, 180, 182, 183, 181, 179, 182, 181,
    180, 180, 180, 181, 181, 179, 182, 180, 181, 181, 183, 183, 183, 180,
    183, 183, 181, 182, 183, 179, 183, 182, 183, 183, 179, 182, 183, 179,
    179, 183, 179, 181, 182, 182, 181, 181, 179, 181, 183, 183, 182, 181,
    181, 179, 179, 180, 183, 183, 182 ]
RHandPositionsY: [ 275, 276, 275, 277, 275, 273, 277, 277, 273, 275, 276,
    277, 274, 277, 276, 276, 275, 275, 274, 273, 274, 277, 277, 276, 276,
    273, 273, 275, 277, 274, 277, 274, 276, 277, 273, 276, 275, 276, 273,
    273, 276, 275, 273, 274, 273, 273, 274, 274, 277, 277, 275, 275, 277,
    276, 276, 273, 274, 273, 275, 273, 277, 277, 275, 277, 273, 277, 275,
    273, 275, 276, 275, 275, 275, 277, 273, 276, 273, 274, 274, 274, 276,
    273, 277, 277, 273, 274, 273, 274 ]
