%YAML:1.0
---
videoName: "LHShake17.mp4"
gestureLabel: 2
fps: 30
pixelSizeInCmTemp: 3.3732394366197183e-01
faceCenterPointX: 248
faceCenterPointY: 64
LHandPositionsX: [ 321, 321, 324, 324, 322, 325, 325, 324, 327, 333, 345,
    356, 367, 374, 390, 397, 404, 409, 403, 390, 373, 359, 353, 350, 353,
    356, 369, 382, 376, 380, 376, 365, 352, 347, 347, 348, 357, 364, 369,
    368, 365, 364, 355, 352, 350, 354, 363, 371, 374, 372, 376, 369, 364,
    352, 345, 348, 350, 356, 362, 364, 362, 369, 363, 357, 350, 341, 341,
    336, 335, 332, 333, 331, 329, 329, 332, 330, 328, 329, 328, 327, 324,
    327, 328, 325, 327, 327, 325, 326, 325, 326, 322 ]
LHandPositionsY: [ 249, 247, 250, 251, 249, 249, 248, 247, 245, 233, 215,
    200, 185, 172, 159, 146, 128, 120, 115, 114, 120, 130, 137, 133, 135,
    132, 125, 116, 121, 120, 116, 127, 138, 142, 138, 139, 122, 117, 120,
    121, 120, 115, 128, 134, 132, 134, 124, 120, 124, 124, 119, 120, 130,
    135, 141, 140, 141, 125, 124, 124, 127, 124, 122, 127, 137, 146, 151,
    163, 169, 184, 197, 207, 218, 218, 225, 227, 232, 235, 237, 237, 234,
    238, 236, 236, 237, 239, 238, 235, 235, 238, 237 ]
RHandPositionsX: [ 178, 177, 180, 178, 176, 178, 180, 179, 180, 177, 180,
    180, 179, 177, 180, 176, 176, 179, 176, 177, 176, 178, 178, 180, 179,
    180, 177, 178, 178, 179, 175, 176, 176, 177, 176, 177, 177, 175, 178,
    175, 174, 177, 177, 174, 177, 177, 174, 178, 174, 176, 175, 174, 177,
    174, 177, 177, 174, 177, 175, 178, 174, 178, 178, 177, 177, 178, 175,
    176, 178, 176, 174, 175, 176, 175, 178, 177, 174, 177, 177, 174, 176,
    177, 175, 174, 176, 176, 176, 177, 174, 175, 174 ]
RHandPositionsY: [ 256, 259, 259, 256, 257, 258, 260, 256, 259, 256, 256,
    258, 260, 257, 257, 256, 256, 257, 258, 258, 258, 258, 260, 258, 259,
    256, 257, 256, 257, 256, 260, 258, 258, 257, 258, 260, 258, 257, 260,
    259, 257, 260, 257, 258, 256, 259, 258, 258, 256, 260, 260, 260, 259,
    260, 256, 256, 256, 257, 259, 257, 258, 256, 256, 257, 260, 257, 260,
    259, 256, 259, 260, 256, 257, 260, 257, 257, 260, 258, 258, 260, 256,
    260, 259, 256, 258, 260, 258, 256, 257, 260, 256 ]
