%YAML:1.0
---
videoName: "LHShake17.mp4"
gestureLabel: 2
fps: 30
pixelSizeInCmTemp: 3.3732394366197183e-01
faceCenterPointX: 248
faceCenterPointY: 64
LHandPositionsX: [ 323, 323, 322, 324, 323, 324, 325, 324, 329, 334, 344,
    353, 366, 373, 389, 399, 408, 407, 401, 386, 375, 361, 352, 354, 351,
    356, 369, 382, 376, 382, 374, 363, 351, 346, 344, 346, 354, 366, 366,
    365, 365, 364, 354, 352, 349, 353, 365, 373, 374, 374, 373, 371, 362,
    353, 347, 347, 347, 352, 359, 367, 363, 366, 367, 356, 350, 343, 340,
    336, 336, 332, 332, 330, 332, 333, 329, 331, 328, 326, 325, 326, 326,
    325, 327, 324, 324, 324, 323, 327, 326, 324, 323 ]
LHandPositionsY: [ 249, 247, 248, 251, 247, 251, 248, 245, 246, 232, 218,
    201, 188, 171, 160, 142, 128, 119, 114, 113, 120, 128, 137, 136, 137,
    136, 123, 117, 119, 116, 117, 131, 136, 139, 138, 137, 125, 119, 116,
    119, 117, 114, 126, 133, 133, 135, 122, 117, 121, 121, 122, 121, 131,
    135, 141, 142, 139, 125, 121, 122, 124, 122, 121, 129, 137, 143, 154,
    163, 172, 184, 194, 208, 218, 219, 224, 227, 231, 235, 234, 235, 237,
    238, 240, 236, 235, 236, 239, 235, 236, 237, 239 ]
RHandPositionsX: [ 178, 179, 178, 177, 180, 177, 179, 179, 179, 178, 177,
    179, 180, 178, 179, 179, 179, 176, 178, 177, 180, 177, 180, 177, 177,
    180, 178, 175, 176, 179, 176, 177, 177, 179, 179, 177, 175, 179, 176,
    177, 175, 176, 175, 174, 176, 178, 174, 176, 174, 178, 176, 174, 177,
    176, 174, 178, 174, 176, 178, 174, 178, 178, 174, 178, 175, 178, 177,
    175, 178, 176, 175, 177, 174, 176, 174, 176, 174, 178, 176, 176, 174,
    174, 178, 177, 178, 178, 176, 178, 176, 174, 175 ]
RHandPositionsY: [ 257, 260, 259, 259, 256, 260, 258, 259, 256, 256, 258,
    260, 258, 260, 257, 260, 256, 260, 260, 257, 260, 257, 260, 257, 256,
    260, 259, 258, 257, 259, 260, 256, 257, 257, 260, 259, 256, 259, 259,
    256, 256, 259, 260, 259, 256, 256, 258, 260, 256, 257, 259, 257, 260,
    259, 256, 259, 259, 257, 260, 260, 260, 256, 259, 256, 256, 259, 257,
    257, 257, 256, 258, 256, 256, 258, 260, 258, 257, 259, 260, 258, 260,
    257, 257, 256, 257, 260, 258, 257, 257, 259, 260 ]
