%YAML:1.0
---
videoName: "LHShake18.mp4"
gestureLabel: 2
fps: 29
pixelSizeInCmTemp: 3.4214285714285714e-01
faceCenterPointX: 253
faceCenterPointY: 65
LHandPositionsX: [ 311, 314, 312, 311, 313, 313, 311, 313, 315, 315, 314,
    313, 314, 312, 314, 313, 315, 317, 322, 324, 331, 340, 346, 349, 349,
    349, 338, 326, 316, 297, 303, 306, 307, 311, 309, 311, 310, 305, 296,
    291, 292, 302, 308, 314, 312, 309, 305, 297, 288, 286, 287, 295, 308,
    313, 312, 311, 306, 293, 284, 287, 292, 300, 308, 310, 311, 306, 303,
    293, 294, 299, 305, 306, 307, 312, 312, 312, 304, 308, 307, 307, 307,
    307, 306, 308, 310, 307, 307, 309 ]
LHandPositionsY: [ 246, 248, 247, 248, 248, 248, 248, 249, 250, 246, 249,
    248, 246, 250, 248, 249, 246, 251, 245, 237, 217, 204, 189, 178, 165,
    159, 153, 148, 145, 137, 138, 145, 142, 141, 142, 141, 140, 144, 146,
    141, 137, 145, 145, 147, 144, 145, 150, 145, 146, 142, 142, 145, 149,
    150, 146, 148, 149, 142, 143, 145, 152, 154, 154, 151, 150, 154, 157,
    148, 145, 153, 152, 153, 152, 156, 160, 168, 178, 189, 198, 205, 214,
    216, 221, 233, 235, 230, 230, 235 ]
RHandPositionsX: [ 197, 198, 196, 194, 196, 198, 197, 197, 195, 199, 195,
    195, 198, 196, 195, 197, 199, 197, 198, 199, 199, 195, 196, 195, 198,
    198, 197, 197, 198, 194, 198, 195, 195, 196, 197, 197, 195, 198, 196,
    197, 196, 199, 196, 197, 197, 195, 196, 196, 199, 196, 198, 195, 200,
    198, 199, 196, 200, 197, 197, 200, 196, 195, 197, 197, 198, 198, 198,
    196, 197, 195, 196, 197, 198, 197, 195, 197, 197, 195, 198, 196, 198,
    194, 196, 198, 196, 198, 195, 194 ]
RHandPositionsY: [ 266, 264, 263, 266, 262, 264, 264, 264, 267, 266, 263,
    265, 263, 265, 265, 265, 266, 264, 266, 266, 264, 266, 265, 264, 265,
    266, 266, 263, 263, 264, 262, 265, 267, 263, 264, 264, 267, 265, 266,
    267, 268, 265, 266, 267, 266, 265, 265, 267, 268, 265, 268, 266, 264,
    264, 265, 265, 266, 266, 266, 267, 265, 264, 265, 269, 269, 264, 267,
    266, 267, 265, 267, 266, 266, 267, 266, 266, 268, 265, 264, 265, 266,
    267, 264, 267, 268, 265, 266, 266 ]
