%YAML:1.0
---
videoName: "LHShake15.mp4"
gestureLabel: 2
fps: 29
pixelSizeInCmTemp: 3.3263888888888887e-01
faceCenterPointX: 252
faceCenterPointY: 65
LHandPositionsX: [ 329, 327, 330, 328, 328, 331, 327, 330, 333, 330, 336,
    340, 345, 353, 356, 362, 367, 372, 378, 380, 377, 378, 365, 360, 346,
    344, 340, 341, 345, 354, 359, 358, 358, 361, 356, 348, 334, 328, 329,
    335, 345, 351, 356, 352, 352, 352, 349, 334, 327, 327, 331, 340, 354,
    355, 353, 354, 355, 357, 341, 336, 333, 331, 336, 341, 343, 351, 350,
    350, 349, 350, 339, 335, 328, 325, 323, 321, 320, 320, 325, 327, 327,
    325, 327, 325, 326, 328, 328, 328 ]
LHandPositionsY: [ 256, 258, 256, 258, 255, 257, 256, 255, 254, 253, 243,
    231, 215, 203, 186, 172, 157, 137, 119, 119, 118, 104, 105, 100, 107,
    105, 105, 99, 99, 96, 95, 92, 95, 96, 93, 96, 99, 99, 96, 97, 96, 93,
    98, 96, 97, 97, 102, 98, 103, 100, 99, 92, 93, 94, 94, 96, 97, 102,
    101, 102, 99, 99, 101, 96, 98, 101, 100, 100, 100, 100, 108, 119,
    139, 151, 164, 179, 191, 208, 218, 229, 230, 235, 238, 237, 242, 241,
    242, 244 ]
RHandPositionsX: [ 178, 175, 176, 179, 176, 175, 177, 176, 176, 175, 178,
    175, 177, 176, 177, 177, 176, 176, 177, 178, 179, 176, 176, 179, 178,
    178, 176, 176, 178, 177, 175, 176, 176, 177, 179, 178, 179, 175, 179,
    176, 175, 176, 176, 177, 176, 177, 178, 175, 177, 179, 178, 176, 179,
    177, 175, 175, 179, 177, 176, 177, 178, 179, 177, 176, 177, 175, 175,
    175, 175, 175, 175, 175, 175, 178, 178, 177, 175, 178, 178, 179, 175,
    175, 178, 178, 176, 179, 176, 177 ]
RHandPositionsY: [ 257, 260, 261, 258, 258, 260, 258, 259, 257, 261, 259,
    257, 259, 259, 259, 259, 261, 257, 258, 259, 260, 259, 260, 259, 257,
    258, 260, 258, 260, 261, 261, 259, 260, 261, 261, 258, 257, 261, 260,
    258, 257, 258, 260, 258, 261, 257, 257, 261, 260, 259, 257, 261, 257,
    258, 260, 261, 257, 257, 258, 260, 258, 257, 260, 257, 261, 259, 260,
    260, 260, 260, 257, 260, 257, 257, 258, 260, 261, 257, 257, 259, 259,
    258, 261, 261, 261, 261, 260, 257 ]
