%YAML:1.0
---
videoName: "LHShake07.mp4"
gestureLabel: 2
fps: 29
pixelSizeInCmTemp: 3.3732394366197183e-01
faceCenterPointX: 265
faceCenterPointY: 78
LHandPositionsX: [ 346, 349, 350, 356, 365, 369, 378, 388, 390, 392, 392,
    392, 383, 376, 352, 348, 342, 343, 340, 340, 351, 365, 366, 365, 366,
    362, 360, 344, 339, 346, 341, 347, 358, 359, 368, 371, 369, 364, 360,
    349, 344, 346, 345, 353, 359, 360, 364, 362, 363, 362, 337, 329, 332,
    335, 343, 357, 366, 372, 371, 382, 373, 365, 356, 348, 344, 338, 335,
    334, 335, 336, 341, 342, 343, 341, 344, 343, 344, 345, 340, 341, 342,
    343, 340, 340, 344, 340, 342, 341 ]
LHandPositionsY: [ 276, 276, 272, 265, 259, 248, 235, 218, 202, 188, 178,
    160, 152, 140, 141, 142, 145, 145, 144, 148, 140, 138, 135, 138, 136,
    139, 133, 137, 146, 140, 139, 130, 133, 131, 126, 125, 126, 132, 133,
    135, 143, 142, 144, 143, 136, 140, 137, 136, 132, 128, 134, 149, 144,
    136, 132, 130, 132, 134, 130, 129, 132, 135, 148, 157, 169, 181, 190,
    202, 216, 231, 239, 249, 252, 256, 258, 260, 263, 263, 265, 264, 268,
    267, 268, 269, 268, 266, 270, 270 ]
RHandPositionsX: [ 184, 182, 183, 182, 183, 184, 181, 185, 181, 185, 185,
    185, 181, 185, 183, 185, 184, 184, 184, 185, 185, 185, 182, 182, 185,
    183, 183, 181, 183, 181, 185, 181, 183, 185, 185, 185, 182, 185, 182,
    181, 184, 182, 181, 185, 184, 183, 181, 183, 182, 181, 182, 181, 184,
    183, 182, 184, 181, 184, 181, 185, 183, 184, 184, 184, 184, 181, 182,
    181, 181, 185, 182, 185, 182, 185, 184, 181, 181, 182, 181, 181, 183,
    183, 183, 185, 184, 183, 184, 183 ]
RHandPositionsY: [ 280, 276, 278, 277, 276, 276, 277, 277, 277, 279, 277,
    279, 279, 277, 276, 277, 280, 276, 279, 279, 278, 277, 277, 278, 278,
    276, 276, 279, 280, 280, 276, 279, 276, 278, 278, 277, 276, 280, 279,
    276, 279, 278, 280, 278, 280, 278, 280, 277, 278, 279, 277, 280, 277,
    276, 280, 277, 278, 279, 276, 278, 276, 279, 278, 278, 280, 277, 279,
    277, 276, 277, 278, 278, 280, 276, 277, 280, 276, 277, 280, 277, 279,
    278, 277, 277, 280, 277, 278, 276 ]
