%YAML:1.0
---
videoName: "LHShake00.mp4"
gestureLabel: 2
fps: 29
pixelSizeInCmTemp: 3.4214285714285714e-01
faceCenterPointX: 252
faceCenterPointY: 85
LHandPositionsX: [ 351, 352, 350, 350, 356, 355, 360, 356, 349, 344, 332,
    323, 321, 323, 320, 325, 329, 333, 338, 339, 338, 340, 331, 324, 324,
    325, 327, 330, 332, 340, 337, 338, 338, 333, 326, 325, 323, 329, 330,
    334, 339, 341, 341, 342, 333, 327, 326, 322, 326, 328, 334, 337, 338,
    340, 339, 336, 326, 325, 325, 325, 325, 332, 334, 335, 336, 341, 343,
    339, 337, 335, 328, 330, 328, 329, 327, 330, 330, 333, 335, 337, 340,
    342, 339, 339, 343, 343, 342, 342 ]
LHandPositionsY: [ 257, 250, 247, 228, 210, 187, 170, 150, 137, 136, 134,
    136, 136, 134, 137, 135, 133, 129, 127, 128, 127, 128, 128, 133, 133,
    133, 134, 130, 132, 123, 122, 119, 123, 125, 132, 136, 134, 132, 131,
    131, 126, 124, 120, 120, 125, 131, 130, 130, 132, 134, 129, 126, 122,
    122, 123, 128, 131, 129, 131, 131, 129, 125, 120, 122, 119, 117, 116,
    124, 136, 150, 158, 164, 165, 172, 183, 193, 199, 207, 215, 218, 225,
    227, 229, 231, 233, 236, 236, 237 ]
RHandPositionsX: [ 155, 153, 152, 156, 154, 153, 153, 152, 156, 154, 156,
    156, 155, 152, 155, 155, 155, 154, 152, 155, 152, 154, 154, 155, 156,
    152, 155, 156, 154, 156, 153, 153, 156, 156, 155, 155, 152, 156, 155,
    156, 156, 154, 152, 155, 154, 152, 155, 155, 155, 153, 156, 154, 155,
    152, 153, 156, 154, 153, 153, 156, 152, 153, 152, 156, 156, 152, 154,
    155, 153, 156, 156, 156, 152, 156, 156, 154, 155, 153, 152, 152, 155,
    153, 155, 154, 156, 156, 153, 156 ]
RHandPositionsY: [ 275, 277, 278, 278, 275, 277, 273, 273, 272, 272, 271,
    273, 274, 272, 272, 269, 270, 271, 270, 271, 267, 267, 268, 266, 269,
    269, 268, 266, 264, 267, 265, 267, 264, 263, 264, 266, 264, 264, 262,
    262, 264, 265, 261, 264, 261, 264, 261, 264, 263, 261, 263, 264, 261,
    260, 264, 264, 264, 260, 264, 261, 263, 260, 260, 264, 262, 261, 263,
    263, 261, 261, 260, 264, 264, 264, 260, 261, 262, 263, 262, 260, 264,
    264, 262, 263, 264, 261, 261, 261 ]
