%YAML:1.0
---
videoName: "LHShake15.mp4"
gestureLabel: 2
fps: 29
pixelSizeInCmTemp: 3.3263888888888887e-01
faceCenterPointX: 252
faceCenterPointY: 65
LHandPositionsX: [ 327, 329, 331, 328, 329, 330, 330, 331, 332, 329, 336,
    343, 346, 353, 360, 361, 367, 374, 377, 382, 376, 377, 365, 357, 347,
    343, 340, 341, 349, 352, 360, 361, 357, 360, 359, 347, 331, 331, 332,
    336, 345, 353, 353, 351, 351, 356, 350, 334, 331, 327, 330, 343, 351,
    357, 351, 353, 355, 353, 342, 334, 333, 333, 332, 341, 345, 348, 350,
    347, 350, 351, 339, 334, 326, 323, 324, 323, 321, 320, 325, 323, 323,
    328, 325, 327, 328, 326, 325, 327 ]
LHandPositionsY: [ 254, 254, 258, 257, 255, 257, 258, 257, 251, 253, 244,
    228, 216, 203, 183, 171, 157, 136, 122, 119, 118, 108, 104, 101, 106,
    106, 104, 102, 98, 94, 94, 92, 95, 94, 93, 96, 99, 98, 99, 94, 97,
    92, 97, 95, 97, 98, 103, 101, 99, 102, 99, 92, 92, 97, 93, 98, 95,
    100, 99, 99, 101, 101, 98, 99, 98, 99, 102, 99, 100, 99, 106, 119,
    136, 149, 164, 180, 192, 204, 221, 232, 234, 236, 239, 239, 239, 241,
    242, 244 ]
RHandPositionsX: [ 177, 176, 178, 175, 179, 175, 175, 175, 178, 176, 178,
    178, 178, 179, 175, 176, 178, 175, 179, 178, 175, 175, 177, 179, 178,
    175, 176, 175, 179, 176, 179, 178, 178, 175, 177, 177, 175, 176, 179,
    175, 176, 175, 175, 178, 176, 178, 175, 176, 178, 175, 177, 178, 175,
    179, 178, 175, 178, 175, 178, 179, 178, 178, 179, 175, 178, 177, 175,
    177, 175, 175, 177, 178, 179, 178, 179, 177, 179, 179, 177, 179, 178,
    179, 176, 176, 176, 176, 175, 178 ]
RHandPositionsY: [ 257, 257, 258, 261, 261, 257, 259, 258, 259, 260, 257,
    258, 258, 257, 261, 257, 261, 259, 257, 260, 259, 261, 260, 259, 260,
    258, 258, 260, 261, 257, 260, 258, 258, 261, 257, 258, 259, 259, 259,
    259, 260, 259, 258, 261, 257, 261, 261, 261, 260, 260, 259, 257, 257,
    258, 257, 259, 258, 260, 261, 258, 261, 260, 259, 258, 261, 260, 257,
    261, 257, 261, 261, 258, 259, 257, 257, 259, 260, 257, 260, 259, 260,
    260, 258, 259, 259, 261, 257, 259 ]
