%YAML:1.0
---
videoName: "LHShake11.mp4"
gestureLabel: 2
fps: 29
pixelSizeInCmTemp: 3.3732394366197183e-01
faceCenterPointX: 260
faceCenterPointY: 69
LHandPositionsX: [ 387, 388, 383, 375, 364, 353, 348, 352, 345, 348, 355,
    363, 367, 365, 365, 365, 356, 349, 345, 349, 347, 347, 352, 358, 357,
    358, 362, 352, 352, 345, 347, 347, 349, 354, 355, 353, 355, 352, 349,
    342, 339, 338, 340, 341, 347, 354, 358, 356, 354, 356, 352, 343, 341,
    338, 339, 341, 346, 355, 357, 359, 359, 361, 360, 353, 349, 342, 337,
    331, 333, 331, 328, 331, 333, 334, 332, 332, 332, 334, 331, 332, 333,
    333, 335, 334, 333, 334, 333, 334 ]
LHandPositionsY: [ 174, 161, 150, 142, 144, 145, 148, 147, 147, 136, 130,
    129, 128, 125, 127, 126, 133, 139, 142, 139, 142, 135, 131, 128, 131,
    128, 130, 133, 141, 147, 141, 145, 142, 138, 133, 133, 136, 132, 136,
    140, 143, 145, 144, 145, 140, 135, 132, 133, 130, 127, 139, 138, 148,
    142, 148, 144, 143, 140, 139, 139, 138, 141, 147, 154, 168, 178, 190,
    203, 217, 226, 228, 231, 238, 240, 245, 247, 246, 246, 248, 249, 250,
    252, 248, 248, 251, 251, 248, 248 ]
RHandPositionsX: [ 182, 182, 182, 179, 181, 183, 179, 181, 183, 181, 182,
    180, 179, 183, 181, 182, 179, 183, 182, 181, 180, 180, 182, 182, 180,
    179, 182, 182, 181, 179, 179, 181, 182, 179, 181, 181, 179, 183, 183,
    183, 182, 181, 181, 183, 182, 182, 180, 183, 183, 183, 179, 182, 179,
    183, 179, 179, 180, 183, 181, 180, 182, 182, 182, 183, 181, 179, 183,
    182, 180, 179, 183, 179, 181, 180, 182, 183, 179, 182, 181, 183, 181,
    183, 183, 179, 180, 179, 183, 182 ]
RHandPositionsY: [ 276, 276, 276, 277, 276, 274, 275, 277, 274, 275, 274,
    275, 274, 273, 273, 276, 277, 276, 277, 277, 277, 273, 273, 273, 274,
    275, 273, 275, 276, 277, 273, 274, 276, 277, 273, 273, 276, 275, 276,
    275, 277, 277, 277, 275, 275, 273, 276, 276, 273, 275, 274, 273, 274,
    276, 277, 277, 274, 274, 273, 277, 276, 276, 276, 275, 274, 274, 273,
    277, 273, 275, 277, 276, 274, 273, 277, 273, 277, 276, 277, 275, 277,
    274, 274, 274, 274, 276, 275, 273 ]
