%YAML:1.0
---
videoName: "LHShake22.mp4"
gestureLabel: 2
fps: 29
pixelSizeInCmTemp: 3.5220588235294115e-01
faceCenterPointX: 261
faceCenterPointY: 79
LHandPositionsX: [ 337, 346, 351, 357, 357, 357, 358, 353, 346, 337, 328,
    321, 318, 319, 321, 321, 331, 339, 347, 344, 346, 343, 339, 330, 322,
    322, 322, 328, 332, 339, 345, 341, 340, 336, 330, 320, 317, 318, 318,
    323, 327, 333, 336, 338, 334, 328, 327, 322, 319, 318, 324, 327, 335,
    343, 342, 343, 341, 334, 324, 317, 317, 318, 316, 326, 332, 338, 335,
    334, 335, 333, 327, 323, 322, 318, 319, 323, 322, 324, 327, 327, 327,
    325, 323, 323, 327, 324, 324, 325 ]
LHandPositionsY: [ 261, 252, 246, 235, 233, 221, 205, 204, 196, 190, 186,
    186, 183, 187, 182, 179, 178, 177, 175, 173, 170, 171, 175, 174, 180,
    178, 178, 176, 177, 172, 170, 174, 173, 172, 174, 180, 184, 184, 185,
    183, 182, 176, 174, 176, 175, 178, 179, 183, 182, 179, 181, 183, 179,
    175, 177, 178, 178, 176, 179, 183, 184, 182, 181, 181, 177, 178, 177,
    179, 184, 191, 193, 201, 208, 220, 230, 242, 242, 244, 246, 245, 249,
    248, 247, 249, 249, 248, 247, 250 ]
RHandPositionsX: [ 191, 191, 191, 189, 191, 193, 190, 189, 193, 192, 193,
    192, 191, 189, 192, 191, 193, 192, 190, 193, 190, 193, 193, 191, 189,
    191, 191, 192, 192, 192, 193, 193, 191, 190, 192, 190, 193, 189, 191,
    193, 190, 193, 192, 189, 193, 192, 189, 189, 191, 193, 193, 189, 192,
    190, 191, 192, 189, 192, 189, 191, 191, 192, 193, 193, 191, 193, 189,
    190, 190, 190, 192, 193, 190, 192, 193, 193, 193, 189, 191, 190, 189,
    191, 192, 189, 190, 189, 190, 190 ]
RHandPositionsY: [ 270, 268, 270, 266, 267, 266, 269, 270, 266, 268, 268,
    269, 267, 268, 270, 270, 270, 270, 268, 266, 268, 269, 266, 268, 267,
    270, 266, 268, 267, 267, 266, 268, 269, 270, 267, 266, 269, 267, 267,
    266, 270, 269, 269, 266, 266, 267, 268, 270, 267, 269, 267, 267, 270,
    269, 267, 266, 270, 270, 268, 267, 266, 269, 269, 266, 270, 266, 270,
    266, 267, 267, 267, 266, 266, 270, 267, 269, 269, 269, 268, 270, 270,
    266, 267, 267, 270, 269, 266, 268 ]
