%YAML:1.0
---
videoName: "LHShake08.mp4"
gestureLabel: 2
fps: 29
pixelSizeInCmTemp: 3.4710144927536229e-01
faceCenterPointX: 261
faceCenterPointY: 69
LHandPositionsX: [ 340, 342, 343, 344, 351, 348, 357, 364, 369, 373, 373,
    371, 378, 369, 356, 345, 340, 341, 343, 342, 348, 359, 368, 364, 361,
    361, 361, 354, 345, 337, 341, 340, 342, 348, 356, 364, 369, 366, 367,
    361, 354, 346, 336, 337, 336, 339, 342, 348, 356, 358, 357, 360, 354,
    349, 347, 343, 341, 343, 341, 346, 357, 363, 373, 370, 372, 372, 364,
    359, 350, 344, 340, 336, 332, 330, 331, 333, 334, 334, 338, 337, 337,
    339, 336, 337, 335, 339, 335, 337 ]
LHandPositionsY: [ 266, 267, 264, 255, 252, 236, 218, 202, 185, 172, 162,
    157, 146, 143, 145, 147, 151, 150, 152, 152, 147, 146, 139, 138, 137,
    138, 142, 145, 147, 155, 150, 154, 156, 153, 146, 149, 147, 147, 149,
    151, 152, 153, 157, 162, 162, 160, 160, 158, 155, 153, 154, 152, 156,
    155, 162, 161, 162, 161, 163, 159, 154, 149, 146, 146, 145, 146, 148,
    152, 161, 169, 173, 186, 197, 208, 222, 231, 242, 247, 250, 252, 256,
    254, 252, 255, 258, 258, 255, 254 ]
RHandPositionsX: [ 173, 174, 176, 176, 175, 172, 175, 172, 172, 175, 172,
    172, 174, 172, 172, 176, 176, 172, 176, 176, 173, 176, 173, 173, 172,
    173, 175, 174, 175, 176, 172, 177, 174, 174, 177, 173, 177, 175, 175,
    176, 176, 175, 174, 174, 174, 174, 174, 178, 176, 178, 176, 175, 177,
    178, 176, 174, 175, 174, 174, 175, 177, 175, 176, 174, 176, 177, 174,
    177, 177, 176, 174, 177, 176, 174, 176, 174, 176, 177, 174, 178, 176,
    174, 176, 177, 178, 176, 175, 175 ]
RHandPositionsY: [ 277, 277, 277, 276, 277, 277, 275, 275, 277, 277, 275,
    276, 276, 273, 275, 274, 275, 273, 273, 273, 275, 274, 273, 275, 277,
    273, 277, 277, 274, 277, 277, 276, 273, 277, 277, 273, 275, 276, 277,
    273, 274, 274, 274, 275, 276, 275, 277, 276, 273, 276, 274, 276, 276,
    273, 276, 274, 277, 277, 275, 273, 276, 276, 277, 277, 277, 275, 273,
    273, 273, 277, 275, 273, 276, 277, 273, 273, 273, 277, 276, 277, 274,
    276, 275, 274, 273, 273, 274, 274 ]
