%YAML:1.0
---
videoName: "LHShake00.mp4"
gestureLabel: 2
fps: 29
pixelSizeInCmTemp: 3.4214285714285714e-01
faceCenterPointX: 252
faceCenterPointY: 85
LHandPositionsX: [ 351, 349, 352, 349, 354, 357, 360, 357, 350, 341, 335,
    325, 321, 321, 324, 326, 329, 332, 337, 337, 339, 339, 332, 324, 324,
    325, 324, 327, 333, 336, 338, 338, 337, 334, 322, 324, 324, 328, 329,
    334, 342, 341, 344, 341, 334, 325, 326, 326, 325, 329, 334, 336, 340,
    340, 339, 335, 330, 326, 325, 325, 327, 331, 332, 338, 337, 338, 342,
    339, 335, 331, 329, 327, 325, 325, 330, 330, 329, 331, 333, 334, 336,
    340, 342, 343, 342, 342, 344, 344 ]
LHandPositionsY: [ 257, 250, 244, 229, 210, 187, 172, 153, 139, 133, 133,
    137, 138, 133, 135, 134, 134, 129, 125, 127, 124, 125, 127, 130, 134,
    134, 130, 132, 128, 126, 126, 119, 124, 126, 136, 134, 132, 136, 131,
    130, 127, 125, 123, 123, 126, 133, 132, 130, 134, 133, 131, 126, 122,
    122, 125, 127, 128, 130, 129, 131, 127, 122, 123, 121, 120, 117, 115,
    124, 136, 151, 159, 167, 164, 173, 187, 190, 201, 209, 215, 218, 222,
    229, 226, 234, 237, 234, 236, 233 ]
RHandPositionsX: [ 156, 155, 155, 156, 154, 154, 153, 153, 155, 156, 156,
    153, 156, 156, 156, 152, 156, 152, 156, 155, 152, 155, 152, 152, 152,
    153, 153, 153, 155, 152, 155, 153, 152, 152, 153, 154, 152, 156, 156,
    152, 152, 155, 152, 153, 152, 155, 152, 156, 156, 152, 153, 156, 152,
    153, 153, 152, 155, 153, 155, 152, 154, 154, 154, 155, 152, 155, 154,
    155, 154, 156, 153, 153, 154, 154, 153, 154, 153, 155, 152, 155, 156,
    156, 154, 154, 153, 154, 156, 154 ]
RHandPositionsY: [ 277, 275, 275, 276, 278, 274, 277, 273, 274, 275, 273,
    270, 270, 271, 269, 272, 269, 269, 269, 269, 267, 267, 267, 268, 266,
    266, 266, 266, 267, 266, 263, 266, 265, 266, 265, 263, 263, 265, 265,
    265, 264, 265, 262, 263, 264, 260, 262, 264, 263, 260, 263, 260, 262,
    261, 262, 263, 261, 260, 264, 263, 262, 263, 264, 262, 261, 263, 263,
    264, 260, 262, 262, 264, 264, 260, 260, 261, 261, 260, 262, 264, 260,
    260, 263, 262, 262, 264, 264, 263 ]
