%YAML:1.0
---
videoName: "LHShake20.mp4"
gestureLabel: 2
fps: 30
pixelSizeInCmTemp: 3.3732394366197183e-01
faceCenterPointX: 249
faceCenterPointY: 62
LHandPositionsX: [ 312, 313, 313, 315, 316, 315, 314, 313, 315, 317, 319,
    325, 332, 337, 340, 336, 328, 320, 311, 312, 313, 313, 319, 328, 337,
    340, 340, 339, 329, 323, 317, 317, 320, 322, 335, 340, 340, 341, 330,
    325, 325, 323, 322, 327, 333, 329, 329, 330, 326, 318, 320, 321, 322,
    323, 325, 330, 327, 327, 323, 318, 318, 318, 317, 317, 323, 324, 319,
    317, 317, 316, 314, 315, 314, 313, 313, 316, 314, 315, 312, 313, 316,
    314, 314, 312, 316, 315, 316, 316, 313, 312, 313 ]
LHandPositionsY: [ 246, 250, 249, 248, 250, 246, 246, 242, 238, 228, 217,
    204, 190, 178, 172, 163, 161, 159, 158, 162, 158, 154, 148, 145, 146,
    145, 143, 142, 140, 146, 149, 147, 145, 144, 145, 144, 139, 142, 142,
    148, 146, 146, 143, 145, 140, 142, 142, 143, 143, 147, 148, 147, 146,
    141, 138, 138, 137, 137, 135, 143, 142, 145, 146, 145, 149, 150, 159,
    168, 181, 190, 202, 214, 216, 221, 221, 226, 228, 228, 230, 229, 233,
    234, 232, 234, 234, 237, 238, 238, 238, 240, 236 ]
RHandPositionsX: [ 182, 180, 179, 182, 180, 180, 181, 182, 180, 179, 180,
    183, 180, 181, 181, 180, 180, 180, 180, 183, 180, 179, 180, 182, 183,
    182, 183, 179, 179, 180, 183, 179, 182, 180, 181, 181, 182, 181, 183,
    179, 181, 180, 182, 182, 183, 182, 183, 181, 179, 182, 182, 183, 183,
    180, 183, 179, 183, 183, 182, 183, 182, 180, 180, 180, 182, 179, 181,
    181, 180, 183, 182, 181, 182, 183, 181, 179, 178, 180, 181, 179, 181,
    180, 182, 180, 181, 179, 180, 179, 180, 180, 181 ]
RHandPositionsY: [ 253, 255, 256, 255, 253, 256, 253, 256, 254, 256, 256,
    254, 255, 256, 255, 253, 255, 255, 252, 253, 253, 252, 254, 256, 256,
    253, 256, 254, 255, 254, 254, 251, 255, 252, 253, 254, 251, 254, 254,
    254, 251, 255, 253, 252, 253, 255, 254, 253, 254, 255, 252, 255, 252,
    252, 255, 255, 253, 255, 254, 251, 255, 255, 255, 255, 255, 252, 251,
    252, 254, 252, 255, 251, 251, 252, 254, 255, 252, 255, 251, 251, 252,
    255, 255, 255, 251, 253, 251, 252, 251, 251, 251 ]
