%YAML:1.0
---
videoName: "LHShake09.mp4"
gestureLabel: 2
fps: 29
pixelSizeInCmTemp: 3.3263888888888887e-01
faceCenterPointX: 259
faceCenterPointY: 67
LHandPositionsX: [ 340, 340, 337, 337, 342, 345, 350, 351, 352, 359, 361,
    364, 369, 369, 368, 363, 360, 352, 342, 334, 331, 335, 329, 331, 338,
    349, 348, 347, 350, 349, 353, 350, 344, 337, 337, 338, 337, 346, 355,
    361, 367, 362, 365, 363, 355, 344, 340, 338, 334, 333, 340, 345, 351,
    356, 357, 355, 354, 352, 342, 334, 335, 334, 332, 336, 340, 347, 355,
    352, 355, 351, 348, 343, 337, 331, 325, 318, 316, 321, 321, 324, 328,
    328, 330, 334, 335, 332, 333, 335 ]
LHandPositionsY: [ 271, 273, 272, 273, 272, 269, 264, 255, 249, 235, 235,
    217, 203, 196, 185, 175, 168, 163, 157, 157, 159, 159, 157, 155, 152,
    152, 149, 145, 147, 148, 148, 153, 154, 156, 156, 155, 155, 156, 153,
    154, 155, 151, 153, 155, 154, 155, 158, 156, 158, 156, 155, 153, 154,
    151, 151, 153, 151, 151, 149, 152, 155, 152, 154, 154, 153, 151, 150,
    152, 152, 150, 149, 156, 162, 172, 179, 192, 204, 221, 234, 245, 245,
    250, 253, 255, 259, 258, 261, 259 ]
RHandPositionsX: [ 180, 180, 177, 178, 176, 177, 176, 177, 179, 178, 180,
    176, 179, 176, 176, 180, 180, 177, 178, 179, 178, 180, 180, 176, 177,
    179, 178, 179, 177, 178, 180, 179, 178, 180, 177, 177, 178, 178, 176,
    177, 180, 177, 177, 179, 176, 177, 176, 176, 176, 180, 180, 178, 178,
    177, 176, 177, 180, 176, 179, 178, 179, 179, 180, 176, 176, 180, 180,
    178, 177, 179, 180, 177, 180, 177, 176, 178, 179, 179, 180, 178, 180,
    178, 178, 176, 179, 179, 176, 180 ]
RHandPositionsY: [ 276, 279, 275, 278, 278, 279, 276, 277, 279, 279, 275,
    277, 276, 279, 275, 278, 279, 278, 275, 278, 279, 275, 278, 279, 275,
    279, 278, 279, 279, 275, 277, 277, 276, 279, 276, 278, 278, 279, 279,
    279, 277, 279, 277, 276, 276, 279, 275, 276, 276, 278, 275, 278, 277,
    275, 278, 279, 277, 278, 275, 277, 279, 277, 279, 279, 275, 277, 275,
    276, 279, 275, 279, 275, 277, 275, 278, 276, 277, 276, 279, 278, 279,
    275, 276, 279, 278, 279, 279, 277 ]
