%YAML:1.0
---
videoName: "LHShake03.mp4"
gestureLabel: 2
fps: 30
pixelSizeInCmTemp: 3.2808219178082193e-01
faceCenterPointX: 251
faceCenterPointY: 79
LHandPositionsX: [ 345, 344, 350, 356, 357, 357, 355, 348, 336, 325, 314,
    315, 316, 315, 317, 320, 325, 331, 335, 337, 339, 339, 332, 329, 326,
    322, 322, 322, 325, 329, 336, 340, 341, 338, 333, 324, 316, 315, 311,
    312, 316, 323, 326, 330, 336, 334, 333, 329, 324, 323, 325, 326, 330,
    340, 343, 343, 339, 334, 339, 336, 335, 326, 322, 316, 316, 311, 306,
    302, 301, 298, 295, 298, 296, 297, 296, 291, 292, 293, 292, 290, 290,
    290, 292, 290, 288, 288, 288, 286, 284, 286, 287 ]
LHandPositionsY: [ 142, 137, 125, 121, 114, 107, 106, 102, 99, 98, 106,
    104, 106, 99, 97, 95, 90, 86, 89, 86, 84, 87, 88, 88, 86, 91, 88, 90,
    89, 86, 88, 83, 81, 82, 83, 92, 93, 95, 98, 94, 90, 93, 88, 86, 86,
    90, 88, 89, 92, 91, 89, 94, 89, 87, 87, 87, 94, 95, 98, 100, 112,
    130, 141, 153, 167, 179, 185, 197, 206, 214, 221, 224, 223, 228, 232,
    235, 241, 242, 248, 247, 249, 250, 249, 253, 252, 252, 255, 252, 253,
    254, 252 ]
RHandPositionsX: [ 214, 212, 212, 215, 212, 213, 212, 215, 215, 215, 212,
    213, 213, 213, 214, 213, 211, 213, 213, 215, 215, 213, 215, 214, 212,
    215, 211, 212, 214, 214, 213, 214, 213, 212, 214, 213, 213, 213, 211,
    213, 213, 211, 214, 211, 214, 212, 212, 212, 211, 214, 211, 215, 215,
    212, 215, 213, 210, 212, 212, 211, 210, 210, 212, 212, 213, 210, 210,
    212, 211, 213, 211, 214, 210, 210, 210, 214, 212, 213, 212, 210, 214,
    211, 212, 210, 214, 211, 211, 212, 213, 213, 211 ]
RHandPositionsY: [ 257, 256, 257, 258, 257, 256, 254, 252, 254, 252, 256,
    256, 253, 252, 253, 252, 254, 254, 254, 252, 254, 255, 251, 251, 251,
    253, 254, 255, 252, 254, 254, 255, 252, 253, 251, 252, 255, 255, 251,
    253, 252, 253, 254, 254, 255, 255, 253, 255, 253, 252, 251, 254, 253,
    251, 255, 252, 254, 255, 254, 254, 253, 251, 253, 253, 253, 251, 251,
    252, 251, 254, 251, 255, 255, 255, 253, 252, 255, 254, 253, 255, 252,
    251, 252, 253, 252, 254, 254, 254, 253, 254, 254 ]
