%YAML:1.0
---
videoName: "LHShake02.mp4"
gestureLabel: 2
fps: 29
pixelSizeInCmTemp: 3.3263888888888887e-01
faceCenterPointX: 249
faceCenterPointY: 82
LHandPositionsX: [ 360, 359, 360, 368, 372, 382, 386, 384, 386, 385, 383,
    379, 373, 367, 367, 364, 361, 363, 369, 378, 381, 387, 381, 380, 376,
    370, 366, 364, 363, 366, 369, 368, 376, 379, 377, 379, 380, 378, 375,
    370, 365, 357, 361, 357, 358, 362, 365, 372, 372, 369, 370, 369, 365,
    359, 356, 359, 364, 363, 368, 370, 372, 370, 365, 364, 357, 355, 350,
    345, 343, 346, 345, 340, 340, 343, 344, 345, 345, 344, 347, 346, 349,
    347, 347, 347, 348, 349, 350, 347 ]
LHandPositionsY: [ 126, 121, 118, 115, 111, 110, 110, 110, 108, 108, 109,
    110, 111, 114, 116, 113, 113, 108, 106, 106, 104, 101, 104, 104, 103,
    108, 106, 109, 107, 104, 102, 101, 98, 100, 97, 95, 98, 98, 99, 98,
    101, 102, 102, 104, 104, 104, 103, 99, 102, 101, 102, 105, 108, 109,
    107, 107, 109, 105, 104, 107, 105, 104, 102, 105, 121, 135, 148, 164,
    166, 170, 178, 186, 193, 198, 207, 209, 215, 221, 224, 231, 229, 232,
    233, 230, 235, 232, 235, 236 ]
RHandPositionsX: [ 153, 154, 155, 155, 156, 154, 155, 157, 153, 156, 156,
    155, 156, 156, 156, 154, 156, 155, 156, 156, 153, 153, 157, 157, 157,
    157, 156, 156, 154, 155, 155, 154, 154, 157, 155, 157, 155, 154, 153,
    155, 156, 155, 156, 153, 156, 154, 156, 156, 155, 156, 157, 156, 153,
    154, 155, 155, 156, 154, 153, 157, 156, 155, 156, 153, 153, 156, 154,
    157, 155, 156, 156, 155, 157, 156, 157, 157, 155, 156, 155, 157, 154,
    157, 153, 157, 154, 154, 153, 155 ]
RHandPositionsY: [ 263, 264, 262, 262, 261, 260, 260, 259, 261, 259, 263,
    259, 260, 261, 261, 262, 258, 259, 260, 260, 262, 262, 259, 262, 258,
    260, 261, 259, 260, 262, 259, 261, 261, 258, 261, 261, 261, 261, 259,
    258, 262, 261, 259, 260, 262, 262, 262, 259, 262, 260, 260, 262, 260,
    260, 261, 260, 259, 258, 259, 261, 262, 262, 258, 261, 259, 258, 260,
    259, 258, 261, 258, 262, 260, 259, 262, 261, 260, 261, 262, 260, 260,
    258, 262, 262, 258, 262, 262, 262 ]
