%YAML:1.0
---
videoName: "LHShake19.mp4"
gestureLabel: 2
fps: 29
pixelSizeInCmTemp: 3.3732394366197183e-01
faceCenterPointX: 250
faceCenterPointY: 62
LHandPositionsX: [ 308, 306, 306, 305, 306, 308, 309, 309, 305, 305, 308,
    305, 309, 305, 309, 307, 310, 317, 322, 327, 326, 324, 312, 288, 287,
    286, 289, 300, 307, 313, 315, 312, 306, 294, 287, 287, 294, 303, 310,
    315, 317, 314, 303, 290, 292, 292, 301, 304, 313, 314, 312, 308, 293,
    290, 297, 300, 307, 317, 316, 317, 314, 307, 307, 300, 297, 291, 289,
    294, 298, 301, 303, 300, 304, 303, 303, 306, 305, 311, 308, 307, 308,
    309, 308, 307, 310, 307, 309, 309 ]
LHandPositionsY: [ 249, 251, 249, 248, 249, 248, 251, 249, 251, 252, 250,
    250, 250, 250, 244, 239, 227, 217, 203, 190, 178, 168, 163, 164, 155,
    152, 159, 156, 153, 151, 152, 155, 153, 151, 149, 147, 152, 155, 155,
    150, 151, 150, 156, 146, 146, 155, 156, 152, 153, 152, 154, 159, 145,
    146, 155, 158, 155, 153, 154, 153, 152, 152, 156, 165, 168, 173, 179,
    190, 196, 208, 214, 218, 216, 220, 226, 230, 233, 233, 236, 234, 234,
    238, 240, 237, 237, 240, 238, 237 ]
RHandPositionsX: [ 195, 195, 197, 199, 195, 198, 198, 197, 198, 195, 198,
    196, 196, 199, 196, 197, 196, 199, 197, 197, 196, 196, 195, 194, 197,
    197, 198, 197, 196, 196, 194, 196, 193, 195, 195, 195, 192, 196, 196,
    191, 194, 192, 192, 192, 195, 192, 191, 191, 191, 192, 191, 195, 193,
    195, 195, 193, 194, 195, 191, 191, 194, 191, 191, 193, 192, 191, 195,
    194, 195, 195, 194, 195, 192, 191, 191, 191, 191, 192, 191, 195, 191,
    194, 191, 194, 192, 192, 192, 195 ]
RHandPositionsY: [ 257, 255, 254, 255, 254, 258, 257, 255, 257, 255, 255,
    256, 257, 255, 257, 255, 257, 258, 257, 254, 255, 257, 254, 257, 255,
    254, 258, 255, 257, 256, 254, 256, 257, 257, 257, 255, 255, 256, 255,
    254, 254, 256, 254, 256, 258, 258, 256, 257, 255, 257, 258, 254, 258,
    256, 254, 255, 256, 257, 257, 255, 255, 258, 254, 256, 258, 256, 257,
    256, 257, 258, 257, 257, 254, 254, 256, 255, 255, 257, 258, 257, 257,
    254, 256, 257, 255, 257, 256, 257 ]
