%YAML:1.0
---
videoName: "LHShake01.mp4"
gestureLabel: 2
fps: 29
pixelSizeInCmTemp: 3.4214285714285714e-01
faceCenterPointX: 252
faceCenterPointY: 84
LHandPositionsX: [ 363, 364, 364, 363, 359, 356, 346, 341, 336, 331, 332,
    332, 340, 342, 348, 353, 359, 355, 354, 346, 344, 342, 340, 336, 336,
    340, 341, 345, 353, 350, 351, 347, 343, 339, 337, 332, 334, 332, 336,
    343, 346, 349, 349, 350, 348, 344, 341, 340, 334, 335, 335, 333, 338,
    341, 345, 350, 349, 350, 346, 349, 345, 342, 336, 331, 328, 326, 331,
    331, 335, 328, 329, 334, 337, 337, 340, 341, 343, 347, 349, 350, 348,
    347, 349, 349, 350, 349, 348, 349 ]
LHandPositionsY: [ 146, 138, 130, 127, 125, 120, 117, 119, 121, 122, 123,
    122, 121, 116, 112, 110, 109, 108, 108, 109, 109, 113, 112, 113, 114,
    111, 112, 108, 107, 105, 106, 108, 107, 110, 112, 117, 111, 114, 110,
    109, 111, 108, 106, 106, 106, 105, 104, 106, 110, 110, 112, 111, 108,
    108, 103, 101, 103, 100, 101, 105, 103, 103, 109, 123, 131, 141, 150,
    159, 163, 164, 171, 181, 192, 198, 208, 216, 220, 220, 223, 226, 225,
    228, 229, 230, 230, 232, 229, 232 ]
RHandPositionsX: [ 154, 153, 153, 153, 153, 155, 154, 157, 157, 154, 154,
    155, 153, 155, 153, 153, 153, 153, 155, 157, 157, 154, 155, 154, 155,
    154, 157, 156, 155, 153, 155, 153, 153, 157, 156, 155, 155, 155, 155,
    157, 154, 153, 157, 155, 157, 154, 157, 155, 157, 154, 155, 154, 157,
    155, 156, 156, 153, 156, 157, 156, 153, 153, 155, 153, 155, 157, 154,
    153, 154, 157, 153, 155, 155, 157, 155, 154, 156, 156, 156, 157, 154,
    156, 156, 155, 156, 156, 156, 154 ]
RHandPositionsY: [ 271, 269, 271, 270, 266, 270, 266, 268, 265, 265, 268,
    267, 268, 264, 266, 267, 267, 263, 267, 263, 266, 265, 266, 266, 266,
    263, 262, 264, 265, 265, 265, 265, 261, 263, 262, 262, 262, 264, 264,
    262, 261, 264, 261, 264, 261, 259, 259, 261, 260, 259, 263, 262, 262,
    261, 261, 260, 261, 261, 259, 261, 261, 259, 261, 260, 260, 260, 262,
    263, 260, 263, 260, 260, 260, 263, 260, 263, 259, 263, 259, 262, 259,
    260, 260, 261, 261, 260, 259, 263 ]
