%YAML:1.0
---
videoName: "LHShake04.mp4"
gestureLabel: 2
fps: 30
pixelSizeInCmTemp: 3.2808219178082193e-01
faceCenterPointX: 247
faceCenterPointY: 80
LHandPositionsX: [ 280, 284, 284, 282, 283, 280, 279, 280, 280, 280, 281,
    278, 282, 282, 281, 285, 287, 297, 308, 319, 334, 348, 361, 367, 370,
    367, 363, 358, 347, 345, 337, 335, 336, 342, 350, 362, 368, 368, 360,
    347, 339, 344, 342, 342, 348, 354, 354, 357, 351, 346, 341, 342, 346,
    348, 356, 356, 356, 348, 343, 346, 347, 347, 355, 360, 363, 367, 363,
    360, 356, 346, 332, 325, 315, 305, 297, 296, 289, 288, 287, 288, 290,
    287, 287, 289, 290, 288, 289, 287, 289, 285, 285 ]
LHandPositionsY: [ 270, 268, 271, 270, 270, 270, 269, 269, 271, 271, 269,
    270, 270, 272, 269, 266, 262, 253, 244, 231, 216, 203, 187, 175, 161,
    159, 153, 150, 135, 130, 133, 129, 126, 118, 114, 112, 108, 109, 117,
    120, 128, 129, 125, 128, 121, 119, 115, 113, 120, 120, 122, 124, 117,
    116, 113, 113, 109, 110, 115, 117, 117, 114, 106, 107, 107, 103, 105,
    109, 129, 142, 159, 174, 188, 199, 214, 223, 236, 241, 242, 244, 247,
    246, 246, 249, 250, 250, 254, 254, 253, 252, 254 ]
RHandPositionsX: [ 216, 214, 216, 214, 214, 217, 215, 215, 215, 218, 214,
    214, 218, 214, 215, 214, 217, 217, 216, 214, 218, 215, 218, 216, 217,
    217, 216, 217, 215, 214, 216, 216, 216, 216, 217, 216, 214, 215, 215,
    218, 216, 216, 217, 218, 218, 216, 216, 214, 218, 218, 218, 217, 215,
    215, 218, 215, 215, 218, 217, 215, 218, 217, 216, 217, 217, 214, 218,
    218, 217, 214, 217, 214, 217, 215, 214, 217, 214, 214, 218, 216, 216,
    215, 216, 214, 216, 217, 214, 215, 214, 214, 214 ]
RHandPositionsY: [ 270, 267, 266, 268, 266, 266, 270, 268, 270, 266, 269,
    269, 267, 266, 266, 269, 267, 265, 266, 265, 268, 265, 263, 265, 266,
    267, 263, 267, 264, 263, 265, 263, 263, 265, 266, 262, 265, 266, 264,
    262, 264, 265, 263, 262, 264, 264, 262, 263, 264, 265, 261, 265, 262,
    261, 265, 261, 262, 265, 264, 264, 262, 262, 264, 265, 262, 261, 262,
    262, 262, 262, 264, 261, 262, 262, 262, 263, 263, 265, 265, 265, 261,
    262, 265, 263, 262, 263, 265, 262, 263, 261, 261 ]
