%YAML:1.0
---
videoName: "LHShake06.mp4"
gestureLabel: 2
fps: 29
pixelSizeInCmTemp: 3.3732394366197183e-01
faceCenterPointX: 250
faceCenterPointY: 80
LHandPositionsX: [ 384, 383, 388, 387, 384, 379, 377, 373, 370, 369, 375,
    385, 386, 392, 396, 393, 393, 389, 378, 376, 378, 375, 387, 387, 390,
    394, 393, 388, 384, 379, 377, 378, 382, 386, 390, 392, 387, 386, 382,
    383, 379, 384, 384, 387, 390, 389, 389, 382, 383, 379, 380, 385, 386,
    390, 398, 397, 398, 398, 391, 386, 379, 371, 362, 361, 354, 345, 336,
    329, 317, 310, 307, 306, 305, 306, 302, 304, 299, 301, 302, 299, 300,
    302, 302, 301, 299, 301, 300, 302 ]
LHandPositionsY: [ 148, 145, 143, 141, 140, 138, 135, 135, 139, 137, 132,
    130, 127, 128, 130, 129, 128, 131, 135, 136, 132, 133, 129, 130, 126,
    127, 126, 125, 127, 128, 128, 128, 126, 125, 127, 123, 124, 125, 127,
    128, 128, 127, 127, 127, 122, 127, 125, 125, 129, 126, 128, 125, 126,
    121, 121, 121, 122, 122, 126, 128, 130, 136, 144, 153, 159, 173, 190,
    207, 212, 224, 229, 235, 238, 243, 245, 246, 253, 253, 251, 250, 252,
    255, 254, 252, 257, 256, 253, 255 ]
RHandPositionsX: [ 212, 213, 213, 211, 212, 213, 213, 213, 212, 211, 209,
    212, 209, 210, 209, 211, 213, 210, 213, 212, 213, 213, 209, 212, 209,
    213, 210, 210, 210, 211, 212, 210, 211, 208, 209, 209, 209, 208, 210,
    208, 210, 210, 209, 209, 210, 209, 208, 208, 207, 207, 207, 211, 207,
    208, 209, 208, 208, 211, 209, 207, 208, 209, 208, 210, 208, 210, 209,
    210, 207, 210, 211, 210, 212, 208, 212, 209, 209, 208, 210, 211, 211,
    209, 208, 211, 211, 209, 213, 210 ]
RHandPositionsY: [ 268, 269, 268, 269, 271, 269, 269, 267, 270, 269, 266,
    269, 268, 267, 269, 268, 269, 268, 267, 270, 267, 268, 266, 265, 268,
    268, 267, 268, 267, 267, 268, 269, 268, 267, 269, 265, 267, 265, 265,
    265, 269, 265, 269, 268, 266, 269, 270, 266, 267, 269, 265, 265, 267,
    269, 266, 269, 265, 265, 269, 268, 266, 266, 267, 268, 268, 266, 265,
    266, 266, 265, 269, 268, 266, 265, 265, 268, 267, 265, 267, 265, 266,
    265, 267, 268, 267, 267, 269, 268 ]
