%YAML:1.0
---
videoName: "LHShake05.mp4"
gestureLabel: 2
fps: 30
pixelSizeInCmTemp: 3.2364864864864862e-01
faceCenterPointX: 252
faceCenterPointY: 81
LHandPositionsX: [ 295, 291, 294, 293, 294, 291, 293, 295, 294, 292, 295,
    298, 301, 314, 320, 332, 342, 344, 343, 340, 339, 336, 331, 330, 329,
    334, 333, 335, 340, 346, 342, 340, 330, 324, 324, 326, 330, 334, 334,
    340, 338, 330, 320, 319, 321, 324, 327, 334, 337, 339, 335, 327, 323,
    324, 323, 328, 332, 336, 340, 337, 336, 331, 331, 332, 330, 334, 337,
    341, 342, 339, 334, 326, 319, 316, 312, 308, 301, 300, 296, 297, 296,
    296, 294, 291, 292, 293, 294, 294, 293, 296, 296 ]
LHandPositionsY: [ 266, 267, 267, 266, 268, 269, 265, 266, 265, 257, 242,
    229, 213, 198, 188, 175, 165, 164, 160, 156, 151, 153, 153, 157, 154,
    151, 149, 144, 140, 135, 134, 136, 143, 147, 143, 149, 146, 140, 138,
    135, 135, 138, 141, 144, 145, 140, 137, 135, 132, 130, 137, 141, 139,
    141, 145, 142, 140, 140, 135, 139, 141, 141, 144, 142, 145, 139, 141,
    141, 136, 140, 141, 149, 162, 170, 179, 190, 199, 209, 219, 229, 233,
    238, 238, 245, 245, 247, 253, 250, 251, 255, 261 ]
RHandPositionsX: [ 211, 213, 212, 213, 211, 211, 210, 212, 212, 212, 210,
    212, 211, 213, 212, 209, 211, 211, 211, 209, 211, 209, 208, 208, 209,
    208, 211, 210, 211, 207, 208, 207, 209, 209, 209, 207, 209, 209, 208,
    207, 208, 210, 209, 209, 210, 207, 209, 210, 210, 206, 209, 208, 206,
    207, 208, 207, 209, 209, 209, 209, 210, 208, 210, 206, 207, 210, 210,
    209, 210, 210, 209, 208, 208, 206, 207, 208, 208, 207, 207, 207, 208,
    208, 209, 208, 207, 209, 207, 210, 211, 212, 210 ]
RHandPositionsY: [ 264, 266, 264, 262, 265, 262, 265, 265, 263, 262, 266,
    264, 262, 264, 264, 263, 265, 263, 265, 263, 266, 263, 266, 262, 265,
    262, 263, 264, 264, 266, 264, 264, 263, 266, 263, 261, 265, 261, 264,
    263, 263, 261, 261, 265, 263, 265, 263, 263, 264, 261, 262, 261, 262,
    265, 263, 263, 265, 262, 263, 264, 263, 262, 262, 265, 264, 263, 261,
    264, 262, 261, 265, 265, 263, 265, 264, 265, 261, 262, 261, 263, 263,
    261, 261, 262, 262, 261, 262, 262, 264, 261, 261 ]
