%YAML:1.0
---
videoName: "LHShake18.mp4"
gestureLabel: 2
fps: 29
pixelSizeInCmTemp: 3.4214285714285714e-01
faceCenterPointX: 253
faceCenterPointY: 65
LHandPositionsX: [ 315, 313, 313, 312, 312, 312, 313, 314, 313, 315, 312,
    311, 311, 315, 311, 314, 313, 314, 321, 325, 332, 337, 346, 348, 349,
    347, 336, 323, 313, 297, 304, 302, 309, 312, 312, 313, 310, 309, 298,
    292, 294, 301, 306, 314, 310, 310, 308, 295, 287, 287, 286, 299, 304,
    316, 310, 313, 304, 291, 285, 287, 295, 300, 309, 307, 308, 305, 305,
    295, 293, 301, 305, 308, 307, 311, 315, 313, 306, 304, 304, 306, 304,
    307, 305, 310, 311, 311, 309, 309 ]
LHandPositionsY: [ 247, 250, 250, 249, 247, 248, 248, 246, 247, 247, 247,
    248, 246, 248, 247, 248, 248, 250, 243, 234, 216, 202, 188, 176, 168,
    161, 154, 145, 148, 137, 135, 143, 142, 143, 138, 143, 140, 145, 145,
    139, 135, 143, 145, 145, 144, 147, 148, 145, 145, 138, 142, 148, 149,
    150, 148, 147, 152, 141, 144, 145, 152, 153, 152, 152, 151, 154, 157,
    145, 147, 152, 153, 153, 154, 156, 161, 168, 177, 188, 199, 209, 216,
    215, 222, 234, 233, 230, 230, 233 ]
RHandPositionsX: [ 198, 197, 198, 197, 197, 197, 195, 199, 198, 196, 195,
    196, 198, 199, 196, 195, 198, 198, 197, 196, 199, 199, 197, 198, 197,
    199, 197, 198, 198, 197, 195, 196, 195, 195, 199, 198, 199, 200, 200,
    198, 199, 199, 195, 196, 199, 196, 195, 196, 196, 199, 196, 198, 198,
    200, 195, 199, 200, 200, 197, 196, 197, 195, 196, 197, 197, 197, 196,
    198, 196, 198, 197, 194, 194, 197, 198, 197, 194, 197, 194, 197, 197,
    198, 196, 195, 195, 196, 198, 195 ]
RHandPositionsY: [ 265, 262, 262, 264, 263, 264, 266, 266, 266, 267, 265,
    267, 267, 264, 265, 265, 267, 263, 263, 265, 267, 266, 267, 265, 264,
    265, 265, 263, 263, 266, 263, 266, 263, 264, 264, 263, 266, 264, 266,
    265, 265, 268, 268, 268, 268, 267, 267, 264, 264, 265, 264, 265, 265,
    265, 268, 266, 267, 269, 269, 269, 264, 264, 268, 269, 265, 266, 268,
    264, 265, 267, 264, 265, 268, 268, 266, 264, 265, 264, 268, 264, 264,
    266, 266, 264, 267, 264, 266, 265 ]
