%YAML:1.0
---
videoName: "LHShake21.mp4"
gestureLabel: 2
fps: 29
pixelSizeInCmTemp: 3.4214285714285714e-01
faceCenterPointX: 266
faceCenterPointY: 79
LHandPositionsX: [ 347, 352, 366, 374, 385, 396, 398, 404, 423, 416, 416,
    403, 390, 378, 376, 376, 376, 379, 383, 402, 403, 398, 397, 393, 387,
    375, 369, 374, 374, 372, 378, 390, 387, 388, 386, 383, 377, 371, 368,
    369, 369, 370, 376, 390, 389, 383, 395, 393, 381, 371, 365, 363, 364,
    369, 376, 378, 384, 383, 385, 387, 386, 380, 375, 366, 359, 350, 344,
    338, 334, 334, 337, 337, 334, 336, 333, 332, 332, 331, 330, 330, 332,
    334, 331, 330, 331, 331, 334, 331 ]
LHandPositionsY: [ 273, 264, 247, 225, 210, 194, 181, 168, 153, 150, 140,
    133, 132, 136, 131, 132, 132, 131, 131, 130, 132, 132, 129, 133, 135,
    131, 142, 140, 144, 136, 133, 133, 133, 135, 134, 136, 135, 144, 150,
    144, 147, 143, 138, 140, 137, 140, 135, 138, 141, 147, 151, 155, 153,
    155, 151, 142, 143, 139, 143, 146, 155, 160, 171, 181, 191, 200, 216,
    227, 236, 240, 244, 247, 249, 248, 252, 252, 253, 250, 253, 254, 253,
    250, 254, 252, 253, 250, 250, 252 ]
RHandPositionsX: [ 185, 185, 185, 188, 187, 187, 184, 187, 185, 188, 187,
    188, 188, 186, 186, 187, 186, 185, 186, 184, 186, 188, 187, 188, 186,
    186, 189, 188, 187, 186, 186, 184, 185, 186, 184, 184, 186, 186, 187,
    187, 184, 188, 186, 185, 188, 185, 184, 184, 188, 184, 188, 186, 187,
    185, 185, 186, 186, 188, 184, 187, 187, 186, 186, 186, 187, 186, 188,
    184, 184, 185, 184, 184, 185, 186, 188, 186, 186, 185, 186, 187, 186,
    186, 184, 185, 185, 187, 187, 186 ]
RHandPositionsY: [ 267, 268, 266, 269, 266, 269, 268, 266, 269, 267, 268,
    268, 269, 268, 266, 268, 268, 265, 267, 269, 269, 265, 267, 269, 269,
    265, 268, 265, 269, 267, 267, 269, 269, 269, 266, 267, 266, 266, 269,
    268, 266, 268, 268, 267, 266, 265, 268, 269, 266, 267, 268, 266, 268,
    265, 266, 265, 268, 265, 267, 267, 266, 267, 265, 268, 268, 265, 268,
    269, 268, 269, 265, 266, 266, 268, 267, 269, 267, 268, 266, 267, 267,
    267, 265, 265, 266, 268, 265, 266 ]
