%YAML:1.0
---
videoName: "LHShake20.mp4"
gestureLabel: 2
fps: 30
pixelSizeInCmTemp: 3.3732394366197183e-01
faceCenterPointX: 249
faceCenterPointY: 62
LHandPositionsX: [ 313, 316, 315, 316, 314, 313, 316, 313, 318, 318, 321,
    329, 332, 340, 343, 338, 330, 319, 312, 316, 313, 311, 319, 327, 338,
    340, 336, 337, 332, 324, 317, 320, 320, 323, 332, 339, 338, 338, 330,
    324, 326, 324, 322, 326, 333, 333, 330, 330, 326, 321, 318, 319, 320,
    323, 325, 329, 331, 327, 323, 319, 319, 316, 320, 321, 321, 324, 322,
    318, 318, 315, 312, 312, 315, 314, 315, 316, 315, 315, 314, 312, 313,
    313, 316, 314, 316, 314, 313, 316, 316, 314, 315 ]
LHandPositionsY: [ 250, 249, 247, 250, 247, 245, 248, 246, 238, 229, 219,
    204, 190, 178, 173, 167, 159, 156, 158, 159, 157, 157, 149, 148, 145,
    144, 144, 145, 142, 144, 150, 147, 148, 146, 145, 142, 141, 141, 142,
    144, 145, 149, 143, 142, 142, 141, 142, 140, 141, 148, 150, 148, 148,
    145, 137, 138, 137, 134, 135, 141, 142, 145, 148, 149, 148, 148, 161,
    166, 178, 188, 201, 212, 216, 221, 223, 227, 229, 229, 228, 230, 232,
    233, 234, 234, 238, 235, 236, 237, 238, 236, 240 ]
RHandPositionsX: [ 183, 182, 182, 182, 179, 181, 179, 183, 179, 179, 183,
    180, 179, 182, 182, 182, 183, 183, 179, 182, 182, 182, 180, 179, 181,
    183, 183, 182, 180, 181, 181, 179, 183, 180, 182, 181, 180, 180, 180,
    181, 182, 179, 181, 179, 181, 179, 181, 179, 179, 182, 179, 182, 182,
    180, 179, 179, 180, 179, 182, 182, 182, 179, 179, 180, 181, 182, 182,
    183, 179, 183, 181, 182, 180, 179, 180, 182, 182, 179, 178, 182, 181,
    182, 180, 182, 181, 179, 178, 182, 178, 179, 181 ]
RHandPositionsY: [ 255, 256, 256, 255, 253, 255, 256, 253, 256, 253, 252,
    253, 252, 255, 255, 253, 253, 254, 255, 252, 255, 255, 256, 252, 254,
    254, 256, 252, 252, 255, 251, 252, 252, 255, 254, 252, 251, 253, 251,
    252, 251, 252, 254, 255, 251, 253, 251, 251, 251, 253, 251, 252, 255,
    253, 253, 255, 251, 254, 254, 252, 254, 253, 253, 254, 251, 254, 255,
    254, 252, 255, 255, 251, 254, 251, 253, 254, 251, 251, 254, 252, 254,
    252, 252, 253, 253, 253, 254, 252, 255, 253, 255 ]
