%YAML:1.0
---
videoName: "LHShake11.mp4"
gestureLabel: 2
fps: 29
pixelSizeInCmTemp: 3.3732394366197183e-01
faceCenterPointX: 260
faceCenterPointY: 69
LHandPositionsX: [ 383, 385, 386, 374, 367, 357, 350, 352, 348, 348, 354,
    361, 364, 362, 361, 363, 358, 352, 344, 350, 346, 351, 353, 356, 359,
    359, 363, 353, 348, 347, 348, 344, 347, 352, 355, 354, 354, 354, 349,
    340, 338, 341, 337, 338, 345, 355, 357, 356, 357, 357, 353, 344, 337,
    341, 337, 342, 350, 357, 360, 359, 361, 361, 358, 353, 348, 345, 338,
    332, 332, 331, 329, 332, 331, 333, 336, 331, 331, 333, 334, 333, 331,
    332, 331, 332, 333, 335, 333, 332 ]
LHandPositionsY: [ 176, 160, 152, 142, 142, 147, 149, 148, 148, 137, 130,
    125, 128, 125, 128, 128, 130, 139, 141, 140, 144, 135, 132, 131, 130,
    128, 131, 133, 142, 147, 140, 144, 145, 136, 132, 136, 137, 135, 134,
    142, 144, 146, 145, 143, 144, 136, 132, 134, 134, 129, 139, 140, 145,
    143, 149, 147, 143, 138, 138, 137, 140, 141, 150, 157, 168, 178, 189,
    204, 218, 229, 227, 233, 239, 243, 245, 246, 247, 250, 247, 248, 253,
    249, 248, 250, 250, 250, 252, 251 ]
RHandPositionsX: [ 183, 180, 179, 183, 182, 180, 183, 182, 180, 180, 182,
    180, 182, 179, 181, 182, 183, 183, 180, 179, 183, 179, 181, 183, 182,
    183, 183, 180, 181, 180, 179, 181, 181, 179, 181, 183, 183, 179, 182,
    182, 181, 183, 179, 182, 179, 181, 182, 181, 180, 183, 179, 180, 180,
    183, 179, 181, 180, 181, 182, 179, 181, 180, 180, 183, 181, 183, 179,
    183, 179, 181, 182, 182, 179, 181, 182, 183, 183, 183, 180, 183, 182,
    179, 179, 182, 182, 179, 183, 182 ]
RHandPositionsY: [ 273, 273, 273, 274, 277, 273, 274, 276, 273, 273, 274,
    274, 273, 273, 273, 277, 273, 276, 273, 276, 273, 274, 277, 276, 275,
    275, 273, 273, 273, 274, 274, 275, 274, 277, 276, 273, 277, 274, 276,
    274, 275, 275, 274, 277, 275, 277, 273, 277, 274, 273, 274, 277, 274,
    276, 274, 273, 277, 275, 276, 277, 276, 275, 274, 275, 275, 276, 277,
    276, 274, 273, 277, 277, 277, 273, 277, 275, 275, 274, 277, 276, 274,
    277, 273, 273, 274, 276, 276, 275 ]
