%YAML:1.0
---
videoName: "LHShake21.mp4"
gestureLabel: 2
fps: 29
pixelSizeInCmTemp: 3.4214285714285714e-01
faceCenterPointX: 266
faceCenterPointY: 79
LHandPositionsX: [ 350, 351, 364, 374, 384, 393, 396, 404, 421, 413, 418,
    403, 388, 378, 374, 379, 374, 377, 385, 404, 400, 400, 396, 391, 383,
    371, 370, 374, 372, 373, 374, 394, 387, 385, 384, 384, 377, 372, 366,
    365, 366, 372, 376, 391, 388, 383, 399, 391, 381, 374, 364, 366, 365,
    370, 375, 380, 385, 382, 384, 386, 384, 383, 373, 365, 357, 351, 345,
    337, 335, 334, 337, 335, 332, 333, 334, 331, 332, 334, 331, 333, 332,
    330, 330, 330, 330, 332, 331, 333 ]
LHandPositionsY: [ 270, 264, 245, 228, 209, 193, 182, 168, 153, 151, 137,
    135, 134, 134, 134, 136, 131, 127, 130, 127, 131, 131, 132, 134, 135,
    131, 144, 142, 143, 138, 136, 131, 135, 134, 132, 134, 138, 147, 146,
    145, 149, 144, 140, 137, 139, 137, 137, 138, 139, 151, 150, 153, 153,
    153, 149, 146, 143, 142, 141, 149, 154, 161, 171, 177, 191, 203, 214,
    228, 236, 236, 242, 245, 252, 252, 252, 249, 254, 252, 253, 252, 251,
    253, 250, 250, 252, 253, 253, 250 ]
RHandPositionsX: [ 188, 188, 185, 185, 185, 184, 184, 187, 184, 184, 186,
    185, 187, 186, 184, 187, 188, 186, 185, 184, 187, 186, 186, 186, 184,
    188, 189, 188, 186, 184, 186, 184, 184, 185, 185, 184, 187, 186, 185,
    186, 185, 184, 187, 188, 185, 186, 187, 184, 187, 187, 184, 185, 186,
    184, 187, 187, 185, 185, 187, 184, 187, 184, 187, 185, 186, 187, 185,
    188, 188, 186, 188, 184, 188, 186, 186, 186, 186, 188, 187, 186, 186,
    185, 187, 188, 186, 184, 186, 185 ]
RHandPositionsY: [ 266, 269, 267, 267, 266, 267, 267, 266, 265, 267, 266,
    267, 269, 266, 267, 267, 266, 267, 265, 267, 265, 267, 267, 269, 268,
    267, 265, 265, 269, 267, 265, 265, 269, 265, 265, 269, 268, 267, 266,
    266, 266, 268, 267, 265, 269, 269, 268, 269, 265, 266, 269, 266, 267,
    265, 268, 265, 267, 266, 265, 265, 266, 269, 269, 266, 268, 269, 267,
    266, 265, 266, 266, 266, 266, 267, 266, 266, 265, 266, 269, 265, 266,
    265, 266, 269, 268, 267, 267, 267 ]
