%YAML:1.0
---
videoName: "LHShake01.mp4"
gestureLabel: 2
fps: 29
pixelSizeInCmTemp: 3.4214285714285714e-01
faceCenterPointX: 252
faceCenterPointY: 84
LHandPositionsX: [ 363, 366, 366, 363, 360, 357, 346, 340, 334, 331, 334,
    332, 338, 343, 347, 351, 358, 355, 351, 348, 344, 343, 342, 337, 337,
    339, 342, 347, 349, 352, 353, 350, 343, 343, 337, 334, 334, 335, 334,
    343, 346, 347, 348, 351, 348, 345, 341, 340, 335, 333, 335, 333, 335,
    340, 348, 349, 348, 351, 349, 348, 347, 342, 339, 331, 330, 329, 330,
    332, 333, 327, 332, 336, 337, 340, 343, 342, 345, 347, 349, 348, 350,
    349, 350, 352, 351, 349, 349, 352 ]
LHandPositionsY: [ 145, 141, 130, 125, 122, 119, 118, 119, 119, 122, 121,
    122, 120, 118, 113, 113, 107, 109, 109, 108, 109, 114, 115, 114, 115,
    111, 112, 110, 106, 107, 107, 106, 106, 107, 110, 116, 115, 111, 112,
    111, 109, 107, 104, 104, 104, 105, 106, 107, 107, 112, 111, 110, 107,
    106, 105, 103, 101, 100, 102, 103, 102, 103, 109, 121, 134, 142, 150,
    163, 163, 164, 172, 180, 191, 200, 209, 212, 221, 221, 220, 222, 228,
    226, 226, 231, 228, 232, 232, 231 ]
RHandPositionsX: [ 154, 153, 155, 157, 153, 156, 157, 156, 153, 154, 157,
    154, 154, 154, 155, 155, 154, 156, 153, 154, 153, 154, 154, 156, 153,
    153, 157, 153, 157, 156, 156, 155, 155, 154, 154, 154, 155, 155, 156,
    156, 155, 154, 155, 154, 153, 153, 156, 156, 155, 155, 154, 154, 153,
    154, 154, 153, 156, 155, 156, 155, 155, 153, 154, 156, 156, 156, 157,
    153, 156, 154, 156, 153, 154, 155, 156, 155, 154, 155, 155, 153, 155,
    154, 154, 156, 157, 157, 156, 153 ]
RHandPositionsY: [ 269, 269, 271, 271, 267, 268, 268, 267, 265, 268, 265,
    265, 266, 268, 267, 265, 264, 265, 267, 264, 267, 266, 266, 264, 264,
    264, 263, 261, 262, 265, 265, 262, 262, 264, 261, 260, 263, 261, 261,
    261, 262, 261, 263, 261, 260, 263, 261, 263, 262, 260, 263, 263, 262,
    261, 261, 260, 261, 261, 259, 262, 261, 259, 259, 261, 259, 263, 262,
    259, 261, 263, 262, 261, 259, 261, 263, 261, 259, 262, 259, 261, 263,
    259, 259, 262, 263, 259, 259, 263 ]
