%YAML:1.0
---
videoName: "LHShake03.mp4"
gestureLabel: 2
fps: 30
pixelSizeInCmTemp: 3.2808219178082193e-01
faceCenterPointX: 251
faceCenterPointY: 79
LHandPositionsX: [ 345, 346, 352, 355, 357, 358, 354, 349, 335, 328, 317,
    314, 314, 315, 317, 318, 326, 330, 336, 334, 340, 340, 332, 330, 326,
    324, 322, 324, 324, 332, 332, 342, 341, 339, 334, 324, 318, 315, 311,
    312, 317, 320, 329, 331, 335, 333, 334, 329, 324, 322, 326, 325, 331,
    337, 344, 344, 340, 336, 339, 336, 338, 330, 320, 316, 317, 314, 308,
    305, 300, 300, 298, 297, 294, 295, 296, 292, 293, 292, 292, 291, 290,
    290, 292, 286, 289, 288, 287, 288, 287, 284, 283 ]
LHandPositionsY: [ 142, 135, 127, 118, 113, 111, 105, 105, 99, 98, 103,
    103, 105, 99, 97, 93, 92, 88, 86, 87, 83, 86, 88, 90, 86, 90, 88, 90,
    90, 87, 87, 84, 79, 82, 85, 92, 94, 97, 94, 94, 91, 92, 89, 89, 88,
    86, 86, 86, 91, 93, 89, 94, 89, 88, 89, 88, 90, 97, 99, 99, 115, 133,
    140, 156, 164, 177, 187, 195, 206, 216, 224, 220, 226, 229, 230, 237,
    239, 242, 246, 251, 248, 251, 250, 251, 253, 255, 251, 254, 253, 254,
    251 ]
RHandPositionsX: [ 212, 214, 215, 213, 214, 212, 215, 215, 213, 213, 212,
    215, 215, 215, 214, 212, 215, 211, 211, 212, 214, 215, 213, 215, 215,
    214, 215, 214, 215, 211, 215, 214, 213, 213, 214, 211, 211, 213, 215,
    213, 213, 215, 211, 214, 212, 211, 213, 211, 215, 214, 214, 214, 214,
    214, 213, 214, 214, 214, 211, 214, 211, 213, 213, 210, 214, 212, 214,
    213, 213, 212, 212, 214, 212, 213, 214, 214, 213, 211, 210, 210, 212,
    212, 212, 210, 214, 211, 210, 212, 211, 214, 211 ]
RHandPositionsY: [ 256, 254, 254, 255, 253, 255, 254, 256, 256, 255, 256,
    256, 253, 252, 252, 255, 253, 252, 253, 254, 255, 253, 252, 253, 255,
    254, 251, 253, 255, 254, 251, 251, 252, 251, 254, 254, 253, 253, 254,
    255, 254, 252, 253, 253, 253, 255, 255, 254, 253, 252, 252, 254, 254,
    252, 255, 253, 251, 254, 252, 254, 251, 252, 254, 251, 255, 253, 252,
    251, 251, 253, 254, 254, 254, 252, 252, 253, 254, 251, 254, 254, 251,
    253, 253, 253, 255, 255, 253, 252, 252, 255, 252 ]
