%YAML:1.0
---
videoName: "LHShake19.mp4"
gestureLabel: 2
fps: 29
pixelSizeInCmTemp: 3.3732394366197183e-01
faceCenterPointX: 250
faceCenterPointY: 62
LHandPositionsX: [ 305, 305, 305, 308, 305, 305, 307, 308, 306, 306, 307,
    308, 306, 307, 306, 309, 311, 315, 319, 324, 325, 322, 313, 290, 285,
    287, 293, 296, 308, 315, 316, 313, 304, 297, 290, 287, 293, 302, 309,
    318, 317, 311, 307, 293, 293, 293, 300, 305, 314, 311, 309, 306, 296,
    292, 297, 300, 308, 315, 314, 317, 315, 308, 306, 301, 299, 292, 292,
    293, 295, 299, 301, 302, 301, 302, 305, 306, 308, 310, 308, 310, 311,
    307, 310, 309, 308, 311, 311, 310 ]
LHandPositionsY: [ 251, 252, 250, 250, 248, 250, 248, 252, 251, 248, 252,
    250, 247, 247, 246, 237, 228, 213, 201, 188, 176, 167, 163, 164, 157,
    153, 156, 156, 154, 154, 152, 154, 153, 155, 150, 146, 156, 155, 151,
    154, 153, 151, 156, 150, 144, 151, 155, 153, 155, 152, 153, 155, 147,
    145, 157, 155, 154, 151, 153, 154, 151, 156, 158, 164, 165, 173, 177,
    191, 199, 207, 216, 217, 218, 221, 223, 228, 229, 236, 238, 234, 237,
    235, 236, 240, 241, 237, 237, 238 ]
RHandPositionsX: [ 195, 198, 197, 198, 198, 195, 199, 199, 198, 197, 199,
    196, 199, 197, 197, 195, 195, 199, 195, 199, 199, 196, 199, 196, 198,
    198, 195, 196, 194, 196, 197, 196, 193, 194, 193, 193, 194, 195, 195,
    194, 194, 195, 191, 193, 192, 191, 194, 192, 193, 194, 191, 194, 194,
    191, 194, 193, 195, 195, 193, 191, 195, 195, 193, 195, 192, 193, 191,
    192, 191, 193, 192, 193, 193, 195, 195, 194, 192, 194, 194, 195, 193,
    193, 191, 194, 193, 192, 192, 193 ]
RHandPositionsY: [ 256, 254, 258, 258, 256, 257, 254, 255, 255, 254, 257,
    256, 258, 256, 254, 254, 255, 256, 255, 258, 258, 258, 257, 257, 258,
    258, 257, 257, 255, 255, 256, 258, 254, 255, 258, 256, 257, 256, 254,
    256, 255, 257, 258, 258, 257, 258, 257, 255, 256, 258, 256, 254, 254,
    258, 258, 257, 257, 255, 256, 255, 255, 258, 256, 257, 258, 257, 255,
    254, 256, 258, 257, 256, 258, 258, 254, 255, 254, 254, 255, 256, 257,
    254, 257, 257, 256, 254, 256, 255 ]
