%YAML:1.0
---
videoName: "LHShake03.mp4"
gestureLabel: 2
fps: 30
pixelSizeInCmTemp: 3.2808219178082193e-01
faceCenterPointX: 251
faceCenterPointY: 79
LHandPositionsX: [ 345, 348, 349, 353, 356, 354, 351, 346, 338, 327, 313,
    315, 316, 316, 314, 321, 326, 331, 337, 335, 339, 339, 336, 331, 324,
    325, 323, 322, 326, 332, 336, 343, 344, 340, 333, 320, 316, 311, 310,
    314, 315, 319, 325, 330, 335, 333, 333, 330, 323, 321, 324, 326, 330,
    340, 345, 345, 337, 337, 338, 334, 336, 327, 322, 319, 316, 312, 305,
    301, 303, 300, 298, 295, 297, 293, 293, 292, 289, 292, 293, 291, 289,
    291, 290, 289, 288, 286, 286, 286, 288, 286, 285 ]
LHandPositionsY: [ 140, 135, 126, 120, 113, 109, 105, 101, 99, 100, 104,
    105, 106, 99, 96, 93, 91, 86, 85, 85, 82, 84, 88, 88, 86, 88, 88, 88,
    87, 86, 85, 83, 78, 83, 85, 92, 91, 96, 97, 97, 89, 90, 91, 90, 88,
    88, 87, 85, 89, 90, 89, 90, 89, 89, 88, 89, 91, 96, 95, 101, 115,
    129, 140, 154, 164, 179, 185, 196, 205, 215, 220, 224, 225, 226, 233,
    235, 242, 242, 246, 247, 251, 247, 249, 253, 255, 253, 253, 254, 254,
    255, 254 ]
RHandPositionsX: [ 214, 215, 213, 213, 213, 213, 215, 215, 212, 211, 211,
    213, 211, 212, 213, 213, 214, 212, 214, 215, 215, 214, 215, 211, 211,
    212, 212, 211, 215, 214, 212, 212, 215, 213, 214, 214, 214, 215, 213,
    212, 211, 214, 214, 215, 214, 213, 215, 212, 211, 214, 212, 214, 212,
    215, 213, 215, 212, 210, 213, 211, 210, 213, 212, 212, 212, 213, 210,
    212, 212, 210, 211, 211, 211, 210, 210, 210, 210, 213, 212, 214, 214,
    213, 212, 211, 213, 214, 212, 212, 212, 214, 213 ]
RHandPositionsY: [ 257, 256, 255, 258, 255, 253, 255, 254, 254, 252, 256,
    255, 255, 254, 252, 254, 252, 253, 255, 252, 254, 251, 251, 253, 252,
    255, 251, 252, 251, 252, 255, 253, 255, 251, 252, 252, 255, 251, 253,
    252, 251, 255, 255, 254, 254, 254, 255, 252, 255, 254, 254, 252, 253,
    253, 255, 255, 253, 252, 251, 251, 255, 255, 252, 255, 251, 252, 251,
    252, 254, 251, 255, 255, 253, 252, 255, 255, 253, 251, 254, 254, 253,
    252, 255, 252, 255, 251, 254, 252, 255, 251, 253 ]
