%YAML:1.0
---
videoName: "LHShake23.mp4"
gestureLabel: 2
fps: 30
pixelSizeInCmTemp: 3.3263888888888887e-01
faceCenterPointX: 259
faceCenterPointY: 79
LHandPositionsX: [ 331, 332, 333, 332, 333, 331, 332, 333, 330, 331, 333,
    335, 339, 345, 350, 359, 371, 369, 372, 376, 377, 381, 373, 368, 356,
    353, 353, 350, 353, 361, 369, 377, 385, 384, 382, 381, 369, 363, 361,
    358, 364, 367, 376, 383, 382, 380, 381, 371, 364, 358, 353, 350, 357,
    365, 374, 382, 379, 378, 381, 376, 367, 357, 359, 357, 358, 362, 374,
    380, 379, 380, 378, 374, 368, 362, 354, 353, 347, 343, 343, 338, 337,
    339, 339, 337, 339, 335, 337, 335, 338, 336, 336 ]
LHandPositionsY: [ 265, 264, 266, 262, 265, 262, 266, 263, 261, 262, 259,
    254, 241, 231, 229, 211, 200, 196, 192, 188, 179, 170, 169, 166, 167,
    168, 169, 170, 168, 166, 163, 161, 158, 160, 159, 159, 163, 165, 165,
    164, 165, 164, 163, 158, 161, 157, 160, 157, 163, 166, 164, 168, 169,
    165, 163, 166, 163, 165, 163, 161, 164, 169, 166, 168, 168, 170, 169,
    168, 169, 168, 168, 173, 178, 182, 193, 203, 212, 227, 237, 249, 248,
    251, 250, 254, 251, 253, 252, 253, 255, 253, 253 ]
RHandPositionsX: [ 185, 182, 186, 182, 186, 182, 185, 183, 185, 182, 182,
    182, 184, 182, 184, 184, 183, 182, 185, 184, 182, 185, 182, 183, 186,
    183, 183, 183, 186, 183, 184, 183, 182, 185, 182, 182, 185, 182, 184,
    186, 186, 186, 186, 184, 185, 182, 186, 184, 185, 185, 186, 183, 186,
    185, 184, 182, 183, 185, 183, 182, 186, 185, 182, 186, 182, 183, 182,
    182, 186, 186, 182, 185, 185, 183, 185, 184, 182, 184, 185, 182, 185,
    182, 182, 182, 185, 182, 185, 182, 182, 182, 182 ]
RHandPositionsY: [ 274, 274, 273, 274, 274, 272, 274, 272, 272, 272, 271,
    272, 272, 271, 273, 273, 270, 273, 274, 272, 272, 273, 272, 271, 271,
    270, 271, 273, 270, 272, 273, 271, 271, 271, 273, 272, 270, 270, 274,
    273, 274, 274, 270, 272, 274, 274, 271, 273, 273, 271, 274, 272, 272,
    273, 271, 271, 270, 272, 273, 270, 270, 270, 272, 271, 270, 271, 272,
    274, 272, 271, 273, 271, 270, 270, 272, 270, 273, 272, 273, 270, 271,
    270, 271, 271, 271, 274, 273, 274, 270, 270, 271 ]
