%YAML:1.0
---
videoName: "LHShake08.mp4"
gestureLabel: 2
fps: 29
pixelSizeInCmTemp: 3.4710144927536229e-01
faceCenterPointX: 261
faceCenterPointY: 69
LHandPositionsX: [ 342, 341, 346, 345, 351, 344, 355, 365, 368, 372, 372,
    371, 378, 368, 355, 346, 338, 341, 343, 341, 350, 356, 370, 367, 360,
    361, 357, 354, 343, 337, 341, 336, 344, 352, 358, 368, 365, 365, 368,
    362, 354, 345, 337, 337, 335, 338, 339, 347, 356, 358, 359, 358, 354,
    350, 345, 345, 342, 344, 343, 347, 353, 364, 372, 369, 368, 372, 362,
    357, 353, 345, 341, 336, 333, 331, 332, 332, 336, 335, 334, 335, 338,
    337, 336, 338, 336, 335, 335, 335 ]
LHandPositionsY: [ 267, 267, 262, 256, 248, 237, 218, 201, 185, 175, 163,
    157, 143, 145, 145, 148, 148, 151, 152, 148, 148, 147, 141, 138, 139,
    140, 140, 144, 149, 155, 150, 154, 156, 154, 147, 147, 146, 146, 149,
    149, 152, 156, 159, 158, 159, 160, 160, 160, 158, 155, 155, 154, 154,
    154, 162, 161, 158, 163, 159, 160, 157, 148, 146, 148, 146, 144, 150,
    152, 162, 169, 177, 187, 196, 210, 221, 234, 243, 245, 246, 252, 256,
    255, 254, 257, 257, 255, 256, 254 ]
RHandPositionsX: [ 176, 174, 175, 173, 172, 175, 172, 175, 173, 174, 176,
    173, 173, 172, 172, 176, 172, 172, 172, 173, 176, 173, 176, 175, 176,
    174, 174, 174, 173, 175, 176, 177, 174, 173, 173, 177, 173, 177, 178,
    174, 178, 177, 174, 176, 177, 177, 178, 174, 178, 175, 175, 177, 176,
    175, 178, 174, 178, 176, 178, 174, 177, 178, 177, 175, 177, 175, 176,
    175, 177, 178, 178, 178, 174, 176, 174, 175, 174, 178, 177, 175, 175,
    176, 178, 174, 176, 177, 177, 175 ]
RHandPositionsY: [ 275, 274, 273, 273, 276, 273, 274, 276, 273, 273, 274,
    276, 273, 273, 274, 275, 276, 276, 273, 277, 277, 277, 275, 274, 277,
    276, 274, 276, 273, 275, 274, 276, 277, 275, 276, 273, 274, 277, 277,
    277, 276, 276, 277, 276, 276, 273, 277, 277, 276, 277, 276, 273, 274,
    275, 274, 277, 274, 274, 276, 276, 274, 273, 275, 274, 274, 273, 276,
    277, 276, 274, 274, 276, 275, 273, 273, 277, 273, 273, 275, 276, 273,
    274, 277, 275, 275, 275, 277, 273 ]
