%YAML:1.0
---
videoName: "LHShake22.mp4"
gestureLabel: 2
fps: 29
pixelSizeInCmTemp: 3.5220588235294115e-01
faceCenterPointX: 261
faceCenterPointY: 79
LHandPositionsX: [ 334, 342, 349, 355, 355, 357, 358, 353, 348, 335, 328,
    318, 322, 319, 318, 325, 328, 336, 343, 342, 343, 342, 339, 328, 324,
    322, 323, 325, 329, 338, 345, 339, 343, 337, 330, 321, 316, 318, 317,
    321, 327, 337, 338, 338, 333, 328, 324, 319, 319, 322, 321, 331, 335,
    345, 343, 342, 341, 334, 324, 317, 316, 314, 316, 324, 329, 336, 334,
    333, 333, 332, 327, 322, 320, 317, 322, 322, 321, 325, 327, 327, 324,
    327, 327, 327, 324, 327, 326, 325 ]
LHandPositionsY: [ 258, 254, 247, 238, 233, 220, 205, 206, 196, 189, 185,
    184, 185, 186, 182, 182, 178, 176, 175, 174, 170, 171, 174, 178, 180,
    179, 179, 177, 177, 175, 171, 173, 170, 171, 177, 181, 181, 182, 184,
    182, 179, 176, 174, 176, 177, 178, 180, 182, 182, 180, 179, 182, 180,
    174, 175, 176, 174, 176, 181, 184, 183, 183, 179, 181, 180, 178, 180,
    180, 182, 189, 193, 204, 210, 219, 232, 241, 239, 243, 245, 249, 247,
    247, 247, 250, 249, 247, 247, 248 ]
RHandPositionsX: [ 189, 189, 189, 190, 191, 193, 193, 189, 189, 193, 193,
    189, 193, 191, 189, 193, 192, 189, 190, 192, 193, 190, 190, 191, 192,
    192, 191, 190, 189, 190, 190, 193, 189, 193, 189, 190, 193, 190, 189,
    193, 190, 191, 191, 192, 190, 190, 189, 189, 189, 189, 193, 189, 190,
    190, 189, 192, 190, 193, 193, 189, 191, 190, 189, 189, 189, 191, 189,
    189, 191, 192, 191, 190, 189, 189, 189, 189, 191, 189, 192, 193, 189,
    193, 192, 192, 193, 191, 190, 193 ]
RHandPositionsY: [ 270, 267, 269, 270, 268, 266, 269, 266, 269, 266, 266,
    266, 270, 266, 269, 270, 269, 267, 270, 267, 270, 270, 269, 270, 269,
    269, 268, 270, 270, 266, 270, 267, 268, 269, 267, 267, 269, 267, 266,
    269, 267, 269, 270, 267, 266, 267, 268, 270, 266, 267, 268, 267, 270,
    268, 266, 270, 267, 268, 268, 266, 267, 269, 270, 268, 268, 266, 270,
    269, 267, 268, 269, 270, 268, 268, 267, 266, 266, 266, 268, 266, 269,
    268, 270, 270, 267, 268, 267, 269 ]
