%YAML:1.0
---
videoName: "LHShake08.mp4"
gestureLabel: 2
fps: 29
pixelSizeInCmTemp: 3.4710144927536229e-01
faceCenterPointX: 261
faceCenterPointY: 69
LHandPositionsX: [ 338, 342, 344, 344, 350, 348, 355, 361, 370, 373, 372,
    371, 376, 369, 356, 346, 338, 342, 340, 345, 348, 357, 368, 367, 363,
    361, 357, 351, 344, 340, 342, 340, 341, 348, 359, 368, 367, 368, 368,
    361, 351, 345, 339, 335, 337, 339, 343, 350, 358, 358, 355, 357, 357,
    353, 344, 345, 342, 343, 341, 347, 357, 363, 374, 372, 369, 370, 364,
    357, 353, 344, 338, 333, 334, 333, 334, 333, 334, 336, 336, 335, 336,
    335, 337, 338, 339, 338, 335, 339 ]
LHandPositionsY: [ 266, 265, 263, 256, 251, 239, 219, 202, 187, 176, 162,
    155, 143, 142, 144, 147, 150, 150, 150, 149, 146, 143, 137, 140, 141,
    139, 143, 144, 146, 153, 151, 152, 155, 152, 147, 146, 147, 146, 147,
    151, 153, 154, 161, 159, 158, 164, 162, 158, 155, 157, 157, 153, 153,
    156, 158, 160, 162, 162, 163, 160, 157, 151, 145, 145, 146, 144, 151,
    156, 162, 168, 175, 185, 196, 207, 219, 233, 243, 247, 248, 250, 252,
    256, 253, 255, 256, 256, 258, 255 ]
RHandPositionsX: [ 176, 173, 176, 173, 174, 176, 174, 174, 173, 176, 175,
    173, 175, 175, 176, 176, 176, 173, 172, 172, 175, 175, 176, 173, 172,
    174, 172, 173, 176, 174, 172, 173, 176, 174, 177, 174, 177, 173, 175,
    174, 174, 176, 173, 174, 177, 176, 178, 178, 178, 174, 175, 177, 175,
    177, 174, 174, 178, 176, 176, 174, 176, 176, 174, 176, 178, 175, 175,
    176, 178, 178, 178, 174, 177, 174, 177, 177, 174, 178, 177, 175, 178,
    177, 174, 177, 176, 176, 176, 177 ]
RHandPositionsY: [ 277, 274, 274, 274, 276, 274, 276, 276, 273, 277, 275,
    274, 276, 274, 275, 275, 273, 276, 273, 275, 273, 277, 276, 275, 273,
    275, 274, 276, 277, 276, 275, 275, 276, 277, 274, 274, 277, 273, 273,
    276, 277, 274, 277, 273, 273, 276, 274, 274, 275, 277, 274, 274, 273,
    277, 274, 273, 276, 273, 277, 277, 277, 275, 275, 275, 275, 273, 273,
    273, 273, 276, 274, 273, 276, 277, 274, 276, 273, 277, 277, 276, 273,
    273, 274, 274, 276, 277, 273, 274 ]
