%YAML:1.0
---
videoName: "LHShake12.mp4"
gestureLabel: 2
fps: 29
pixelSizeInCmTemp: 3.3263888888888887e-01
faceCenterPointX: 259
faceCenterPointY: 64
LHandPositionsX: [ 369, 355, 348, 346, 348, 345, 354, 364, 375, 380, 380,
    380, 376, 366, 355, 345, 347, 346, 348, 357, 365, 378, 378, 375, 379,
    370, 360, 349, 341, 343, 337, 342, 348, 360, 372, 369, 369, 372, 366,
    357, 347, 339, 342, 343, 348, 352, 363, 371, 365, 371, 366, 357, 349,
    340, 340, 340, 342, 346, 357, 366, 367, 367, 368, 361, 351, 344, 332,
    326, 323, 318, 317, 316, 316, 327, 332, 329, 333, 332, 336, 333, 333,
    337, 333, 337, 337, 335, 336, 336 ]
LHandPositionsY: [ 166, 162, 161, 162, 162, 158, 158, 157, 153, 152, 149,
    152, 149, 155, 153, 158, 158, 159, 154, 152, 150, 148, 146, 149, 144,
    144, 144, 146, 152, 153, 153, 155, 150, 147, 147, 145, 148, 145, 148,
    149, 153, 156, 157, 156, 156, 156, 153, 152, 151, 149, 151, 152, 151,
    158, 157, 157, 153, 152, 149, 145, 146, 145, 144, 149, 150, 153, 160,
    167, 176, 186, 197, 208, 228, 236, 242, 246, 250, 251, 252, 254, 258,
    256, 257, 256, 255, 257, 259, 259 ]
RHandPositionsX: [ 178, 177, 176, 176, 177, 174, 174, 176, 178, 174, 175,
    177, 176, 176, 174, 177, 176, 176, 174, 175, 176, 175, 177, 177, 174,
    177, 178, 175, 175, 174, 174, 176, 175, 174, 178, 175, 178, 176, 177,
    175, 174, 174, 178, 174, 175, 176, 175, 174, 178, 175, 178, 177, 175,
    176, 177, 177, 178, 174, 175, 178, 175, 177, 174, 174, 178, 178, 175,
    176, 175, 175, 178, 178, 175, 174, 174, 178, 175, 175, 177, 174, 176,
    177, 175, 178, 178, 175, 177, 174 ]
RHandPositionsY: [ 274, 273, 275, 271, 272, 273, 275, 271, 271, 272, 272,
    271, 273, 274, 274, 274, 273, 271, 274, 272, 275, 273, 273, 271, 275,
    273, 275, 272, 272, 274, 273, 273, 271, 275, 271, 272, 275, 274, 272,
    271, 272, 273, 275, 272, 271, 271, 271, 274, 271, 275, 274, 274, 275,
    273, 273, 271, 274, 274, 271, 274, 272, 275, 274, 274, 272, 272, 275,
    272, 274, 275, 275, 272, 271, 271, 273, 275, 274, 275, 271, 274, 272,
    275, 274, 272, 272, 273, 271, 273 ]
