%YAML:1.0
---
videoName: "LHShake01.mp4"
gestureLabel: 2
fps: 29
pixelSizeInCmTemp: 3.4214285714285714e-01
faceCenterPointX: 252
faceCenterPointY: 84
LHandPositionsX: [ 366, 366, 367, 362, 362, 353, 348, 339, 338, 333, 330,
    335, 340, 343, 350, 354, 358, 355, 354, 345, 346, 340, 340, 335, 339,
    341, 345, 349, 351, 349, 350, 349, 344, 339, 338, 336, 333, 336, 334,
    339, 342, 347, 347, 351, 346, 348, 344, 337, 337, 332, 334, 337, 338,
    344, 345, 353, 349, 350, 350, 349, 347, 343, 340, 332, 330, 326, 332,
    331, 331, 329, 331, 334, 336, 337, 339, 342, 347, 346, 345, 346, 349,
    349, 350, 349, 350, 349, 352, 350 ]
LHandPositionsY: [ 145, 139, 131, 125, 124, 122, 119, 118, 119, 123, 122,
    122, 122, 118, 114, 111, 108, 110, 107, 110, 109, 114, 114, 114, 114,
    111, 113, 109, 106, 105, 106, 107, 106, 107, 110, 117, 112, 111, 112,
    110, 110, 108, 104, 102, 104, 109, 104, 107, 108, 111, 110, 107, 110,
    107, 104, 102, 103, 100, 105, 104, 104, 106, 108, 124, 134, 140, 151,
    163, 164, 163, 172, 183, 189, 201, 205, 214, 221, 219, 221, 222, 224,
    227, 230, 227, 231, 232, 230, 232 ]
RHandPositionsX: [ 156, 156, 155, 153, 154, 156, 154, 154, 157, 155, 156,
    153, 156, 153, 156, 157, 154, 157, 156, 155, 155, 157, 153, 154, 156,
    154, 153, 154, 153, 154, 153, 157, 154, 155, 155, 154, 157, 157, 154,
    156, 157, 155, 157, 154, 153, 156, 156, 154, 155, 155, 153, 157, 154,
    153, 153, 157, 154, 157, 153, 156, 153, 153, 155, 155, 154, 156, 156,
    153, 153, 155, 155, 157, 156, 157, 157, 155, 157, 156, 155, 155, 156,
    153, 155, 155, 157, 157, 153, 155 ]
RHandPositionsY: [ 269, 267, 269, 268, 267, 270, 269, 267, 267, 266, 266,
    267, 269, 265, 265, 265, 264, 265, 264, 264, 267, 263, 265, 262, 264,
    265, 264, 263, 261, 261, 263, 264, 265, 261, 264, 261, 261, 264, 264,
    261, 261, 261, 264, 261, 259, 262, 260, 259, 260, 260, 262, 261, 262,
    259, 263, 262, 261, 259, 260, 259, 261, 263, 261, 263, 261, 261, 260,
    261, 261, 259, 263, 262, 263, 261, 263, 259, 259, 261, 260, 261, 263,
    259, 260, 259, 261, 261, 262, 261 ]
