%YAML:1.0
---
videoName: "LHShake10.mp4"
gestureLabel: 2
fps: 29
pixelSizeInCmTemp: 3.4214285714285714e-01
faceCenterPointX: 253
faceCenterPointY: 65
LHandPositionsX: [ 335, 335, 335, 338, 337, 338, 341, 346, 352, 358, 364,
    375, 381, 390, 394, 396, 394, 384, 375, 365, 356, 349, 350, 352, 360,
    368, 379, 392, 390, 392, 392, 385, 373, 365, 358, 360, 357, 362, 368,
    372, 374, 372, 374, 370, 366, 361, 354, 346, 346, 343, 347, 356, 359,
    374, 380, 378, 382, 375, 366, 355, 350, 352, 349, 348, 353, 364, 373,
    383, 376, 376, 375, 372, 369, 361, 355, 349, 346, 341, 340, 338, 335,
    336, 336, 335, 336, 334, 337, 336 ]
LHandPositionsY: [ 271, 270, 270, 271, 271, 269, 266, 261, 253, 240, 226,
    208, 193, 179, 166, 157, 142, 139, 132, 142, 146, 147, 148, 147, 149,
    150, 136, 138, 140, 142, 142, 142, 149, 150, 149, 151, 152, 147, 136,
    131, 135, 134, 133, 134, 132, 132, 140, 143, 145, 142, 146, 145, 139,
    141, 140, 142, 143, 146, 143, 150, 150, 154, 151, 151, 150, 149, 145,
    145, 144, 146, 151, 155, 159, 167, 174, 183, 192, 209, 220, 232, 244,
    251, 255, 254, 254, 259, 257, 258 ]
RHandPositionsX: [ 176, 174, 173, 174, 176, 176, 172, 173, 175, 175, 174,
    174, 176, 176, 174, 175, 172, 171, 173, 172, 172, 171, 175, 173, 175,
    173, 172, 171, 171, 173, 173, 171, 173, 171, 173, 172, 174, 172, 172,
    172, 171, 172, 173, 171, 171, 172, 174, 172, 171, 173, 171, 175, 172,
    173, 172, 172, 175, 172, 174, 171, 175, 174, 175, 171, 171, 171, 172,
    175, 171, 171, 174, 175, 175, 172, 175, 171, 171, 173, 173, 171, 174,
    173, 171, 171, 171, 171, 174, 172 ]
RHandPositionsY: [ 276, 277, 276, 277, 275, 278, 277, 277, 274, 274, 274,
    274, 275, 276, 277, 277, 277, 274, 275, 275, 275, 276, 275, 278, 276,
    276, 277, 274, 277, 274, 276, 275, 278, 277, 275, 278, 276, 278, 275,
    275, 274, 276, 274, 277, 278, 277, 274, 278, 277, 276, 274, 274, 277,
    275, 276, 277, 274, 277, 277, 277, 274, 277, 276, 274, 276, 278, 277,
    275, 275, 276, 274, 278, 278, 277, 275, 274, 275, 277, 278, 275, 276,
    274, 277, 278, 275, 275, 278, 276 ]
