%YAML:1.0
---
videoName: "LHShake04.mp4"
gestureLabel: 2
fps: 30
pixelSizeInCmTemp: 3.2808219178082193e-01
faceCenterPointX: 247
faceCenterPointY: 80
LHandPositionsX: [ 282, 282, 283, 280, 283, 279, 282, 279, 283, 283, 283,
    280, 280, 281, 283, 286, 290, 300, 307, 323, 336, 345, 359, 365, 374,
    365, 361, 358, 346, 343, 336, 335, 335, 339, 350, 363, 366, 367, 359,
    347, 339, 341, 341, 340, 350, 355, 356, 354, 351, 346, 343, 344, 342,
    349, 353, 358, 356, 351, 346, 345, 346, 351, 353, 361, 364, 363, 365,
    360, 353, 345, 336, 325, 316, 303, 297, 292, 289, 289, 287, 287, 288,
    287, 289, 288, 286, 289, 290, 288, 289, 287, 288 ]
LHandPositionsY: [ 269, 269, 272, 270, 268, 269, 271, 268, 272, 271, 272,
    269, 270, 270, 272, 266, 263, 252, 245, 232, 219, 203, 186, 175, 164,
    161, 152, 152, 137, 132, 130, 132, 125, 119, 118, 114, 110, 111, 115,
    117, 130, 125, 122, 127, 121, 117, 117, 111, 120, 118, 119, 121, 118,
    114, 116, 113, 113, 113, 116, 118, 113, 111, 107, 106, 105, 105, 108,
    112, 125, 144, 158, 174, 186, 199, 212, 227, 235, 242, 243, 243, 248,
    248, 249, 250, 250, 249, 254, 251, 250, 252, 251 ]
RHandPositionsX: [ 215, 218, 218, 215, 216, 216, 217, 217, 218, 216, 216,
    216, 217, 214, 215, 216, 218, 218, 214, 214, 218, 214, 217, 218, 217,
    217, 215, 217, 215, 216, 218, 218, 215, 214, 216, 217, 216, 214, 215,
    214, 216, 215, 214, 217, 217, 218, 218, 217, 216, 215, 215, 218, 214,
    218, 216, 215, 215, 217, 216, 214, 216, 217, 218, 218, 218, 218, 214,
    218, 218, 216, 218, 215, 217, 217, 215, 214, 216, 217, 218, 217, 214,
    215, 216, 215, 215, 217, 218, 216, 218, 217, 217 ]
RHandPositionsY: [ 267, 268, 267, 270, 268, 270, 270, 268, 269, 268, 268,
    267, 269, 268, 267, 269, 269, 268, 267, 266, 264, 267, 267, 266, 264,
    266, 263, 266, 264, 267, 267, 266, 265, 262, 262, 265, 263, 265, 262,
    266, 264, 265, 264, 263, 264, 262, 263, 261, 265, 264, 265, 262, 264,
    264, 264, 265, 264, 265, 263, 264, 263, 264, 262, 262, 264, 262, 262,
    264, 262, 262, 265, 264, 261, 264, 264, 265, 265, 263, 262, 261, 262,
    265, 261, 263, 261, 261, 264, 262, 262, 264, 265 ]
