%YAML:1.0
---
videoName: "LHShake11.mp4"
gestureLabel: 2
fps: 29
pixelSizeInCmTemp: 3.3732394366197183e-01
faceCenterPointX: 260
faceCenterPointY: 69
LHandPositionsX: [ 386, 385, 383, 376, 363, 357, 347, 350, 345, 348, 357,
    362, 365, 366, 365, 361, 356, 351, 344, 347, 345, 350, 355, 359, 359,
    358, 359, 354, 349, 347, 349, 348, 350, 354, 354, 353, 352, 354, 346,
    342, 338, 339, 337, 342, 345, 354, 357, 356, 354, 359, 354, 343, 341,
    339, 338, 340, 346, 354, 358, 358, 360, 365, 359, 354, 351, 341, 336,
    333, 331, 329, 330, 333, 333, 333, 333, 332, 335, 335, 335, 333, 331,
    334, 335, 333, 333, 334, 335, 332 ]
LHandPositionsY: [ 174, 161, 151, 143, 145, 144, 146, 146, 148, 138, 128,
    125, 126, 129, 127, 128, 132, 138, 142, 142, 141, 132, 128, 132, 132,
    130, 130, 133, 139, 144, 141, 141, 144, 137, 134, 133, 137, 132, 136,
    138, 145, 144, 147, 142, 143, 135, 134, 131, 133, 129, 136, 139, 146,
    144, 146, 147, 142, 136, 138, 137, 140, 142, 147, 156, 166, 175, 190,
    202, 217, 228, 227, 233, 237, 241, 244, 248, 246, 246, 248, 248, 252,
    248, 252, 248, 252, 248, 250, 248 ]
RHandPositionsX: [ 180, 180, 180, 183, 182, 182, 179, 179, 181, 182, 179,
    182, 182, 179, 180, 180, 180, 183, 183, 183, 180, 181, 179, 182, 182,
    180, 180, 182, 183, 179, 181, 179, 180, 179, 182, 179, 179, 182, 180,
    180, 180, 180, 179, 179, 179, 181, 180, 183, 182, 183, 179, 182, 182,
    179, 180, 181, 182, 180, 183, 179, 183, 182, 179, 179, 181, 180, 180,
    180, 179, 182, 180, 179, 182, 180, 181, 180, 180, 180, 181, 182, 181,
    183, 182, 179, 182, 183, 183, 181 ]
RHandPositionsY: [ 273, 273, 275, 276, 275, 273, 276, 275, 273, 273, 274,
    274, 273, 273, 276, 273, 276, 277, 273, 276, 277, 275, 274, 276, 274,
    277, 276, 275, 274, 274, 275, 276, 277, 276, 273, 276, 276, 275, 275,
    276, 275, 277, 277, 274, 276, 273, 277, 274, 274, 273, 274, 277, 274,
    277, 274, 275, 273, 273, 277, 274, 273, 275, 275, 275, 276, 273, 276,
    276, 276, 273, 276, 277, 276, 274, 275, 276, 274, 277, 276, 277, 275,
    274, 277, 277, 277, 274, 277, 273 ]
