%YAML:1.0
---
videoName: "LHShake12.mp4"
gestureLabel: 2
fps: 29
pixelSizeInCmTemp: 3.3263888888888887e-01
faceCenterPointX: 259
faceCenterPointY: 64
LHandPositionsX: [ 371, 357, 348, 346, 347, 345, 354, 361, 376, 381, 380,
    382, 376, 363, 351, 347, 351, 345, 346, 357, 366, 374, 377, 376, 377,
    371, 361, 351, 340, 339, 337, 342, 351, 359, 370, 372, 371, 372, 369,
    358, 347, 340, 345, 342, 344, 355, 363, 372, 368, 368, 367, 356, 347,
    339, 339, 339, 342, 350, 359, 368, 368, 368, 366, 363, 354, 341, 336,
    328, 325, 319, 316, 316, 319, 323, 328, 329, 333, 331, 333, 335, 337,
    333, 335, 337, 333, 333, 335, 336 ]
LHandPositionsY: [ 165, 165, 165, 162, 162, 159, 155, 155, 149, 149, 150,
    151, 150, 153, 157, 156, 155, 160, 156, 156, 148, 146, 148, 145, 143,
    144, 145, 147, 153, 152, 157, 154, 150, 151, 147, 145, 145, 145, 144,
    151, 151, 156, 156, 156, 153, 152, 154, 153, 151, 147, 152, 152, 155,
    157, 158, 158, 156, 151, 151, 145, 143, 147, 145, 146, 151, 151, 159,
    169, 179, 186, 198, 211, 228, 237, 242, 246, 248, 251, 254, 256, 257,
    257, 255, 255, 257, 255, 256, 257 ]
RHandPositionsX: [ 178, 176, 178, 177, 178, 176, 174, 175, 178, 174, 178,
    176, 177, 176, 177, 175, 178, 176, 175, 174, 176, 175, 175, 174, 177,
    175, 174, 175, 177, 174, 178, 176, 176, 174, 176, 177, 175, 178, 178,
    178, 174, 178, 174, 176, 175, 178, 174, 175, 175, 177, 174, 177, 175,
    176, 174, 174, 177, 175, 176, 174, 174, 178, 175, 174, 178, 177, 177,
    178, 176, 176, 175, 175, 175, 174, 175, 174, 178, 176, 177, 177, 177,
    175, 176, 177, 175, 177, 174, 178 ]
RHandPositionsY: [ 275, 274, 275, 274, 273, 275, 271, 275, 274, 274, 274,
    274, 274, 273, 275, 275, 272, 271, 275, 271, 273, 275, 273, 275, 272,
    272, 271, 272, 275, 273, 273, 274, 271, 272, 275, 275, 272, 274, 273,
    275, 272, 271, 273, 274, 275, 273, 275, 274, 272, 275, 271, 272, 275,
    271, 275, 271, 271, 273, 272, 275, 272, 275, 271, 272, 275, 275, 275,
    274, 275, 274, 275, 271, 273, 271, 273, 273, 273, 273, 275, 272, 273,
    272, 274, 274, 272, 273, 272, 273 ]
