%YAML:1.0
---
videoName: "LHShake00.mp4"
gestureLabel: 2
fps: 29
pixelSizeInCmTemp: 3.4214285714285714e-01
faceCenterPointX: 252
faceCenterPointY: 85
LHandPositionsX: [ 353, 352, 350, 348, 354, 356, 357, 357, 353, 341, 335,
    325, 324, 324, 320, 324, 326, 334, 338, 339, 340, 340, 330, 324, 324,
    327, 325, 331, 334, 339, 340, 340, 339, 332, 324, 323, 324, 329, 332,
    335, 339, 343, 341, 340, 334, 325, 325, 324, 328, 328, 333, 338, 340,
    343, 339, 336, 329, 324, 323, 322, 328, 331, 335, 335, 337, 339, 339,
    339, 335, 332, 332, 329, 326, 329, 328, 328, 328, 330, 336, 338, 337,
    342, 341, 341, 342, 344, 343, 344 ]
LHandPositionsY: [ 257, 253, 248, 229, 210, 187, 168, 152, 139, 133, 133,
    136, 138, 136, 134, 135, 130, 129, 126, 128, 127, 128, 130, 130, 135,
    133, 130, 131, 128, 126, 123, 122, 121, 125, 133, 132, 135, 133, 133,
    129, 126, 126, 124, 121, 128, 131, 134, 134, 133, 130, 130, 127, 123,
    122, 126, 125, 131, 127, 127, 129, 128, 126, 123, 118, 119, 119, 118,
    125, 136, 149, 159, 163, 165, 173, 186, 191, 201, 206, 215, 218, 223,
    230, 228, 230, 236, 236, 237, 235 ]
RHandPositionsX: [ 153, 156, 152, 153, 153, 155, 153, 155, 152, 153, 154,
    155, 156, 155, 156, 154, 152, 155, 152, 153, 154, 154, 153, 156, 152,
    154, 156, 153, 154, 154, 153, 155, 154, 153, 152, 155, 156, 154, 155,
    153, 154, 156, 152, 152, 154, 152, 154, 152, 156, 154, 155, 154, 152,
    152, 156, 152, 152, 153, 156, 152, 155, 155, 155, 156, 155, 154, 153,
    153, 153, 152, 155, 154, 154, 152, 153, 152, 156, 155, 155, 153, 153,
    153, 155, 153, 154, 156, 154, 153 ]
RHandPositionsY: [ 277, 277, 275, 277, 275, 274, 275, 274, 276, 275, 275,
    272, 270, 272, 273, 270, 269, 267, 270, 271, 270, 268, 270, 268, 266,
    265, 264, 264, 265, 267, 264, 265, 263, 263, 264, 263, 263, 261, 264,
    262, 262, 262, 260, 261, 262, 261, 261, 263, 261, 264, 263, 260, 261,
    260, 264, 261, 263, 264, 260, 263, 263, 261, 261, 263, 261, 260, 264,
    260, 262, 261, 263, 262, 260, 264, 261, 262, 262, 261, 263, 262, 262,
    264, 262, 260, 261, 264, 262, 262 ]
