%YAML:1.0
---
videoName: "LHShake09.mp4"
gestureLabel: 2
fps: 29
pixelSizeInCmTemp: 3.3263888888888887e-01
faceCenterPointX: 259
faceCenterPointY: 67
LHandPositionsX: [ 338, 339, 339, 336, 343, 348, 350, 355, 352, 356, 361,
    365, 367, 369, 369, 365, 361, 353, 340, 334, 334, 335, 331, 330, 338,
    348, 347, 349, 346, 349, 353, 351, 342, 339, 337, 335, 336, 347, 351,
    359, 365, 366, 365, 363, 357, 346, 336, 337, 336, 337, 340, 347, 353,
    356, 353, 357, 355, 350, 344, 337, 337, 336, 335, 337, 340, 350, 354,
    354, 355, 351, 350, 343, 339, 332, 326, 319, 317, 319, 324, 325, 326,
    328, 332, 333, 335, 333, 333, 331 ]
LHandPositionsY: [ 274, 273, 273, 273, 272, 272, 264, 254, 247, 237, 235,
    216, 200, 199, 182, 175, 168, 162, 159, 157, 156, 158, 159, 156, 152,
    152, 148, 146, 145, 145, 150, 151, 153, 153, 154, 156, 155, 155, 154,
    154, 151, 155, 153, 155, 153, 155, 155, 157, 157, 154, 155, 156, 155,
    151, 151, 151, 152, 149, 149, 152, 151, 152, 153, 155, 153, 154, 151,
    149, 149, 150, 153, 153, 162, 170, 182, 193, 207, 220, 231, 241, 245,
    248, 249, 255, 258, 257, 257, 258 ]
RHandPositionsX: [ 178, 176, 176, 177, 176, 179, 177, 177, 180, 178, 178,
    176, 176, 180, 178, 180, 177, 180, 178, 178, 180, 178, 176, 179, 179,
    179, 176, 176, 179, 177, 179, 179, 179, 180, 178, 177, 176, 177, 179,
    176, 180, 178, 180, 176, 178, 177, 179, 180, 178, 176, 178, 180, 176,
    180, 176, 178, 179, 176, 178, 177, 176, 177, 180, 178, 176, 179, 176,
    178, 178, 180, 177, 176, 180, 179, 179, 179, 178, 179, 178, 178, 179,
    177, 176, 178, 180, 178, 176, 177 ]
RHandPositionsY: [ 275, 278, 279, 278, 276, 278, 279, 278, 276, 279, 277,
    277, 275, 275, 279, 275, 275, 275, 275, 279, 276, 277, 279, 277, 279,
    276, 275, 279, 277, 279, 277, 276, 276, 279, 278, 278, 275, 279, 276,
    276, 276, 276, 278, 277, 275, 277, 275, 278, 277, 277, 276, 275, 277,
    278, 275, 275, 278, 279, 278, 278, 277, 279, 275, 276, 275, 276, 276,
    276, 279, 279, 275, 279, 276, 277, 275, 276, 276, 277, 279, 277, 276,
    276, 278, 279, 277, 277, 275, 279 ]
