%YAML:1.0
---
videoName: "LHShake23.mp4"
gestureLabel: 2
fps: 30
pixelSizeInCmTemp: 3.3263888888888887e-01
faceCenterPointX: 259
faceCenterPointY: 79
LHandPositionsX: [ 332, 331, 334, 330, 334, 333, 332, 331, 334, 335, 334,
    335, 341, 346, 346, 359, 369, 372, 372, 376, 377, 377, 375, 366, 357,
    353, 352, 350, 357, 362, 372, 379, 385, 385, 383, 380, 373, 359, 362,
    359, 362, 368, 376, 382, 384, 384, 381, 371, 362, 358, 355, 354, 356,
    364, 373, 380, 383, 382, 379, 372, 366, 359, 359, 355, 357, 363, 373,
    380, 379, 379, 379, 375, 371, 363, 355, 352, 347, 345, 340, 337, 336,
    339, 339, 339, 337, 336, 338, 336, 336, 334, 336 ]
LHandPositionsY: [ 266, 262, 263, 266, 262, 264, 263, 266, 262, 264, 258,
    250, 240, 229, 230, 215, 201, 196, 192, 188, 182, 172, 167, 167, 168,
    170, 166, 167, 169, 168, 163, 163, 158, 157, 161, 163, 162, 164, 165,
    164, 163, 162, 163, 161, 161, 159, 161, 157, 159, 162, 164, 165, 168,
    166, 163, 164, 163, 166, 162, 165, 167, 167, 169, 167, 167, 171, 168,
    169, 169, 167, 168, 174, 176, 183, 191, 204, 212, 228, 240, 248, 251,
    251, 249, 250, 252, 254, 255, 254, 252, 254, 255 ]
RHandPositionsX: [ 182, 184, 186, 185, 185, 185, 183, 184, 183, 182, 183,
    182, 182, 186, 184, 186, 185, 183, 184, 186, 186, 184, 183, 186, 185,
    184, 186, 185, 183, 184, 183, 185, 185, 186, 185, 186, 185, 185, 186,
    183, 182, 183, 182, 183, 182, 186, 183, 184, 184, 184, 183, 182, 184,
    183, 186, 182, 186, 182, 185, 183, 184, 182, 183, 185, 184, 182, 184,
    185, 184, 185, 182, 184, 182, 185, 182, 184, 186, 184, 182, 185, 186,
    184, 185, 182, 184, 186, 186, 183, 184, 185, 182 ]
RHandPositionsY: [ 273, 273, 273, 272, 272, 274, 270, 273, 274, 271, 274,
    270, 273, 273, 274, 270, 270, 273, 271, 271, 270, 270, 274, 274, 274,
    273, 274, 272, 271, 270, 274, 273, 272, 274, 274, 271, 272, 271, 272,
    273, 274, 272, 273, 274, 273, 271, 274, 270, 272, 273, 270, 272, 273,
    272, 273, 270, 271, 273, 270, 273, 272, 273, 273, 272, 273, 270, 271,
    270, 271, 271, 273, 270, 270, 273, 274, 272, 273, 272, 273, 273, 274,
    274, 271, 271, 272, 271, 274, 271, 273, 274, 270 ]
