%YAML:1.0
---
videoName: "LHShake17.mp4"
gestureLabel: 2
fps: 30
pixelSizeInCmTemp: 3.3732394366197183e-01
faceCenterPointX: 248
faceCenterPointY: 64
LHandPositionsX: [ 321, 325, 323, 324, 321, 325, 323, 325, 329, 333, 346,
    353, 365, 373, 387, 397, 404, 409, 400, 387, 373, 358, 353, 351, 351,
    355, 368, 378, 375, 383, 375, 365, 352, 346, 345, 347, 356, 367, 367,
    367, 368, 360, 355, 349, 352, 353, 367, 371, 378, 373, 374, 368, 362,
    352, 346, 345, 350, 355, 360, 364, 365, 370, 363, 356, 349, 344, 342,
    340, 334, 336, 333, 332, 333, 330, 328, 329, 329, 329, 325, 326, 326,
    327, 325, 324, 325, 324, 323, 325, 325, 326, 322 ]
LHandPositionsY: [ 249, 248, 249, 250, 248, 247, 247, 245, 244, 234, 217,
    200, 187, 175, 159, 145, 129, 122, 114, 110, 124, 129, 137, 133, 138,
    134, 124, 115, 117, 116, 117, 130, 136, 138, 140, 137, 123, 117, 119,
    117, 120, 115, 126, 132, 135, 137, 125, 121, 121, 125, 119, 123, 133,
    137, 142, 141, 140, 128, 122, 124, 124, 123, 122, 130, 137, 146, 152,
    163, 170, 180, 196, 207, 217, 221, 221, 228, 231, 234, 237, 237, 235,
    238, 239, 237, 236, 239, 237, 238, 238, 235, 237 ]
RHandPositionsX: [ 176, 176, 180, 180, 177, 180, 178, 180, 177, 179, 179,
    179, 179, 178, 180, 180, 179, 179, 180, 178, 179, 176, 178, 176, 176,
    180, 180, 179, 175, 175, 177, 176, 179, 179, 175, 179, 179, 176, 178,
    176, 176, 177, 174, 175, 178, 175, 176, 178, 178, 175, 175, 176, 176,
    176, 175, 178, 174, 174, 174, 176, 178, 174, 176, 174, 175, 177, 177,
    175, 175, 175, 175, 178, 176, 174, 175, 177, 178, 178, 177, 175, 176,
    176, 175, 174, 175, 178, 178, 178, 177, 178, 178 ]
RHandPositionsY: [ 258, 257, 258, 258, 259, 259, 256, 259, 258, 260, 258,
    260, 259, 258, 258, 258, 256, 259, 258, 260, 256, 258, 258, 256, 256,
    259, 259, 257, 258, 258, 258, 256, 257, 259, 258, 260, 257, 257, 256,
    259, 256, 256, 257, 260, 256, 260, 257, 258, 257, 259, 257, 258, 257,
    256, 256, 260, 258, 256, 260, 259, 257, 257, 260, 259, 259, 259, 257,
    260, 258, 258, 257, 260, 257, 259, 259, 258, 258, 259, 258, 256, 258,
    256, 260, 257, 259, 257, 257, 258, 259, 256, 257 ]
