%YAML:1.0
---
videoName: "LHShake07.mp4"
gestureLabel: 2
fps: 29
pixelSizeInCmTemp: 3.3732394366197183e-01
faceCenterPointX: 265
faceCenterPointY: 78
LHandPositionsX: [ 349, 347, 354, 358, 364, 369, 376, 385, 389, 395, 395,
    392, 383, 375, 352, 345, 339, 342, 338, 343, 350, 361, 370, 368, 365,
    363, 359, 345, 340, 345, 344, 345, 354, 356, 369, 371, 366, 362, 362,
    353, 343, 346, 348, 350, 358, 360, 363, 363, 364, 361, 340, 328, 334,
    332, 342, 353, 365, 373, 371, 378, 374, 362, 354, 347, 344, 340, 336,
    334, 336, 336, 341, 340, 344, 342, 341, 344, 343, 343, 342, 341, 344,
    340, 342, 342, 340, 341, 342, 342 ]
LHandPositionsY: [ 278, 275, 273, 267, 256, 249, 236, 218, 205, 189, 177,
    160, 151, 139, 140, 141, 146, 145, 145, 144, 142, 135, 134, 139, 136,
    139, 134, 136, 144, 141, 138, 131, 132, 131, 125, 122, 126, 133, 136,
    137, 145, 142, 146, 141, 138, 137, 140, 139, 131, 132, 136, 148, 142,
    136, 130, 134, 130, 136, 131, 129, 132, 138, 149, 157, 166, 178, 191,
    204, 219, 232, 240, 250, 253, 256, 256, 262, 264, 263, 264, 264, 265,
    266, 269, 266, 267, 268, 266, 267 ]
RHandPositionsX: [ 181, 181, 181, 181, 182, 184, 185, 183, 183, 184, 181,
    181, 181, 181, 182, 185, 184, 181, 181, 182, 183, 181, 183, 183, 182,
    181, 185, 183, 185, 181, 181, 181, 184, 185, 184, 183, 183, 183, 183,
    184, 183, 181, 185, 185, 183, 181, 183, 184, 183, 181, 181, 185, 185,
    182, 181, 182, 185, 185, 184, 181, 182, 182, 184, 182, 183, 183, 184,
    182, 183, 183, 185, 183, 184, 181, 181, 184, 184, 185, 181, 183, 184,
    184, 181, 184, 183, 185, 184, 184 ]
RHandPositionsY: [ 278, 277, 280, 279, 276, 277, 280, 279, 280, 277, 277,
    276, 280, 277, 279, 280, 280, 276, 278, 279, 279, 279, 276, 279, 276,
    279, 277, 280, 279, 279, 279, 277, 276, 279, 277, 278, 278, 279, 279,
    277, 276, 278, 280, 279, 277, 280, 278, 276, 279, 279, 279, 278, 278,
    279, 279, 278, 280, 278, 279, 279, 278, 276, 277, 280, 277, 279, 280,
    278, 279, 280, 276, 278, 280, 280, 279, 278, 280, 276, 279, 277, 280,
    277, 276, 280, 276, 280, 277, 278 ]
