%YAML:1.0
---
videoName: "LHShake01.mp4"
gestureLabel: 2
fps: 29
pixelSizeInCmTemp: 3.4214285714285714e-01
faceCenterPointX: 252
faceCenterPointY: 84
LHandPositionsX: [ 366, 365, 366, 366, 358, 355, 347, 340, 336, 331, 332,
    333, 339, 343, 349, 351, 356, 356, 352, 349, 344, 342, 340, 336, 336,
    338, 345, 348, 353, 349, 353, 348, 345, 339, 336, 333, 330, 333, 334,
    342, 346, 345, 349, 349, 350, 345, 345, 338, 333, 336, 331, 336, 334,
    343, 344, 352, 347, 350, 347, 349, 343, 343, 340, 333, 330, 328, 330,
    333, 331, 329, 329, 334, 334, 341, 343, 345, 344, 346, 345, 348, 350,
    348, 350, 349, 351, 352, 350, 352 ]
LHandPositionsY: [ 143, 140, 134, 125, 122, 118, 116, 118, 121, 121, 122,
    119, 119, 119, 113, 113, 111, 107, 111, 110, 109, 112, 112, 115, 114,
    111, 109, 110, 106, 104, 103, 105, 108, 110, 112, 117, 114, 112, 114,
    108, 109, 106, 104, 103, 105, 109, 107, 108, 106, 111, 112, 107, 109,
    104, 105, 103, 105, 101, 104, 103, 102, 105, 108, 122, 135, 140, 153,
    162, 164, 163, 173, 183, 191, 197, 209, 213, 223, 220, 221, 224, 225,
    229, 229, 228, 229, 231, 232, 228 ]
RHandPositionsX: [ 154, 153, 157, 156, 154, 155, 157, 157, 156, 154, 154,
    156, 157, 154, 157, 157, 155, 154, 157, 154, 157, 155, 157, 156, 154,
    155, 155, 153, 155, 155, 153, 155, 156, 155, 156, 157, 153, 155, 157,
    155, 156, 157, 157, 153, 154, 156, 155, 156, 154, 155, 156, 157, 155,
    155, 153, 155, 154, 154, 155, 157, 157, 155, 157, 153, 154, 153, 155,
    155, 156, 153, 153, 153, 156, 155, 155, 157, 157, 155, 153, 155, 156,
    154, 154, 156, 156, 154, 157, 155 ]
RHandPositionsY: [ 267, 268, 271, 271, 267, 266, 268, 269, 265, 267, 267,
    268, 269, 266, 265, 268, 268, 263, 267, 263, 266, 262, 266, 264, 265,
    264, 263, 262, 262, 265, 264, 265, 261, 261, 260, 262, 264, 261, 263,
    260, 262, 263, 262, 263, 263, 260, 261, 260, 262, 260, 263, 263, 259,
    261, 261, 263, 259, 263, 260, 260, 261, 261, 261, 262, 261, 263, 260,
    263, 262, 260, 263, 262, 262, 262, 260, 262, 260, 263, 259, 261, 259,
    262, 263, 262, 261, 260, 263, 260 ]
