%YAML:1.0
---
videoName: "LHShake04.mp4"
gestureLabel: 2
fps: 30
pixelSizeInCmTemp: 3.2808219178082193e-01
faceCenterPointX: 247
faceCenterPointY: 80
LHandPositionsX: [ 282, 282, 281, 284, 280, 279, 279, 279, 282, 280, 283,
    281, 280, 281, 282, 285, 289, 297, 308, 322, 336, 348, 358, 369, 372,
    365, 362, 358, 348, 341, 338, 333, 336, 342, 350, 361, 366, 368, 357,
    344, 341, 342, 343, 342, 349, 353, 357, 353, 354, 345, 340, 342, 342,
    346, 356, 358, 355, 348, 346, 345, 344, 349, 354, 361, 361, 367, 365,
    358, 355, 345, 335, 323, 313, 305, 297, 296, 289, 291, 287, 288, 290,
    289, 289, 286, 288, 289, 288, 289, 289, 289, 288 ]
LHandPositionsY: [ 268, 271, 272, 269, 272, 271, 270, 272, 268, 272, 269,
    271, 273, 272, 270, 269, 262, 251, 242, 229, 219, 201, 188, 174, 162,
    158, 152, 150, 135, 132, 132, 129, 129, 120, 117, 111, 112, 111, 114,
    116, 130, 125, 125, 129, 121, 120, 113, 113, 120, 120, 122, 121, 120,
    115, 116, 113, 111, 109, 114, 116, 113, 114, 110, 106, 108, 103, 108,
    109, 129, 142, 158, 172, 184, 199, 213, 227, 237, 244, 242, 246, 248,
    248, 246, 250, 249, 249, 251, 253, 254, 253, 253 ]
RHandPositionsX: [ 215, 218, 215, 218, 214, 218, 214, 218, 214, 214, 214,
    215, 214, 215, 218, 214, 216, 217, 216, 217, 216, 218, 218, 216, 215,
    214, 217, 217, 218, 215, 217, 214, 217, 214, 217, 214, 216, 215, 218,
    215, 214, 214, 217, 215, 218, 216, 214, 217, 214, 217, 217, 216, 216,
    214, 216, 214, 218, 217, 218, 217, 215, 216, 218, 215, 218, 216, 217,
    218, 218, 217, 218, 217, 218, 217, 217, 217, 216, 216, 218, 218, 217,
    214, 216, 215, 214, 214, 215, 216, 217, 216, 215 ]
RHandPositionsY: [ 270, 267, 268, 268, 266, 269, 267, 266, 269, 269, 270,
    270, 269, 268, 267, 265, 265, 266, 267, 264, 268, 264, 264, 267, 263,
    263, 263, 263, 263, 265, 267, 266, 264, 264, 265, 264, 264, 265, 263,
    263, 262, 263, 265, 264, 263, 262, 263, 263, 262, 261, 261, 262, 263,
    264, 261, 261, 265, 265, 263, 265, 262, 263, 264, 263, 262, 263, 265,
    261, 262, 264, 263, 261, 265, 261, 265, 262, 264, 263, 262, 265, 263,
    262, 264, 261, 264, 265, 262, 261, 264, 261, 264 ]
