%YAML:1.0
---
videoName: "LHShake13.mp4"
gestureLabel: 2
fps: 29
pixelSizeInCmTemp: 3.4214285714285714e-01
faceCenterPointX: 257
faceCenterPointY: 76
LHandPositionsX: [ 327, 323, 327, 326, 327, 323, 323, 324, 328, 328, 329,
    334, 344, 350, 360, 370, 379, 389, 389, 388, 385, 376, 366, 350, 343,
    345, 340, 342, 348, 358, 374, 371, 366, 365, 357, 346, 342, 341, 341,
    350, 361, 370, 368, 366, 357, 349, 342, 344, 343, 347, 355, 367, 365,
    366, 360, 357, 346, 347, 345, 341, 346, 357, 366, 371, 366, 362, 361,
    353, 347, 339, 330, 327, 324, 326, 327, 327, 328, 329, 326, 324, 328,
    325, 326, 327, 326, 326, 326, 325 ]
LHandPositionsY: [ 261, 263, 263, 263, 261, 261, 262, 263, 262, 256, 254,
    249, 237, 224, 211, 198, 187, 176, 167, 158, 151, 153, 155, 155, 157,
    155, 155, 154, 154, 148, 141, 143, 143, 145, 148, 154, 157, 158, 158,
    156, 153, 155, 155, 156, 159, 158, 163, 160, 163, 161, 160, 159, 158,
    158, 158, 162, 162, 166, 165, 162, 159, 158, 155, 154, 152, 150, 145,
    152, 157, 162, 171, 178, 190, 206, 223, 236, 244, 244, 244, 245, 244,
    245, 248, 249, 246, 250, 246, 246 ]
RHandPositionsX: [ 185, 184, 184, 185, 184, 182, 181, 181, 184, 183, 182,
    182, 182, 181, 184, 183, 185, 181, 181, 185, 184, 185, 182, 184, 181,
    182, 185, 185, 185, 183, 182, 185, 184, 182, 182, 185, 185, 183, 181,
    182, 183, 183, 184, 184, 182, 183, 184, 185, 184, 185, 181, 185, 183,
    182, 183, 182, 183, 184, 184, 183, 181, 181, 184, 185, 183, 183, 184,
    181, 181, 182, 185, 182, 181, 183, 181, 183, 181, 184, 185, 183, 183,
    182, 181, 182, 183, 185, 182, 181 ]
RHandPositionsY: [ 267, 268, 271, 271, 270, 269, 267, 270, 268, 267, 271,
    271, 271, 269, 271, 268, 268, 267, 268, 267, 269, 269, 269, 270, 271,
    271, 267, 269, 269, 271, 267, 269, 271, 268, 271, 270, 271, 267, 270,
    269, 267, 271, 270, 270, 268, 267, 268, 269, 267, 270, 271, 268, 268,
    268, 269, 270, 271, 270, 269, 268, 268, 270, 267, 267, 271, 270, 271,
    269, 270, 267, 270, 268, 267, 268, 270, 268, 271, 268, 270, 269, 267,
    271, 270, 269, 269, 271, 270, 268 ]
