%YAML:1.0
---
videoName: "LHShake20.mp4"
gestureLabel: 2
fps: 30
pixelSizeInCmTemp: 3.3732394366197183e-01
faceCenterPointX: 249
faceCenterPointY: 62
LHandPositionsX: [ 314, 312, 315, 315, 313, 313, 314, 316, 318, 319, 322,
    329, 332, 339, 341, 338, 328, 318, 315, 316, 311, 312, 318, 326, 336,
    338, 339, 337, 331, 322, 318, 320, 320, 324, 336, 339, 342, 340, 332,
    324, 322, 325, 320, 328, 334, 331, 327, 332, 323, 320, 322, 319, 319,
    323, 323, 327, 330, 327, 321, 317, 318, 320, 318, 321, 319, 323, 320,
    320, 315, 314, 315, 314, 312, 314, 316, 315, 316, 312, 314, 315, 313,
    315, 313, 314, 315, 315, 312, 313, 315, 315, 312 ]
LHandPositionsY: [ 250, 246, 247, 247, 246, 249, 247, 246, 236, 228, 219,
    202, 190, 177, 171, 165, 162, 160, 162, 163, 157, 155, 147, 149, 144,
    146, 145, 142, 144, 145, 147, 146, 145, 146, 145, 143, 139, 140, 142,
    146, 146, 146, 143, 142, 143, 143, 141, 143, 140, 148, 149, 149, 148,
    144, 138, 134, 135, 135, 139, 143, 144, 142, 146, 145, 150, 150, 161,
    166, 178, 188, 204, 214, 215, 221, 222, 229, 228, 232, 232, 231, 231,
    233, 234, 235, 234, 239, 235, 237, 236, 236, 237 ]
RHandPositionsX: [ 181, 183, 181, 183, 179, 181, 183, 181, 179, 182, 182,
    181, 180, 180, 180, 179, 180, 179, 180, 183, 182, 180, 180, 181, 180,
    182, 179, 181, 182, 183, 183, 180, 179, 181, 182, 181, 179, 183, 182,
    181, 183, 181, 182, 182, 180, 181, 183, 179, 183, 180, 179, 179, 179,
    182, 183, 182, 182, 183, 181, 181, 181, 180, 179, 181, 181, 183, 183,
    179, 180, 183, 181, 181, 182, 183, 180, 183, 181, 180, 178, 180, 179,
    182, 178, 180, 178, 180, 181, 180, 178, 179, 182 ]
RHandPositionsY: [ 254, 253, 254, 253, 256, 255, 256, 254, 256, 252, 252,
    254, 256, 252, 255, 252, 253, 253, 253, 254, 255, 252, 256, 256, 255,
    253, 253, 256, 255, 252, 251, 254, 252, 255, 252, 252, 252, 253, 252,
    253, 255, 252, 254, 251, 252, 252, 252, 251, 255, 254, 255, 254, 251,
    252, 251, 251, 255, 252, 253, 254, 252, 254, 254, 251, 252, 254, 254,
    251, 254, 254, 255, 253, 255, 253, 255, 253, 252, 251, 254, 251, 255,
    253, 251, 251, 252, 255, 254, 252, 254, 251, 255 ]
