%YAML:1.0
---
videoName: "LHShake16.mp4"
gestureLabel: 2
fps: 30
pixelSizeInCmTemp: 3.3732394366197183e-01
faceCenterPointX: 247
faceCenterPointY: 66
LHandPositionsX: [ 324, 322, 324, 329, 328, 336, 343, 354, 364, 375, 384,
    391, 401, 410, 408, 400, 401, 389, 376, 365, 357, 357, 366, 371, 380,
    398, 394, 391, 392, 384, 373, 368, 370, 371, 370, 378, 389, 386, 401,
    398, 386, 373, 366, 365, 364, 369, 374, 383, 398, 409, 396, 383, 373,
    362, 364, 362, 364, 369, 377, 392, 388, 384, 387, 383, 372, 365, 359,
    351, 346, 335, 332, 333, 332, 330, 331, 329, 330, 329, 331, 330, 328,
    327, 326, 328, 328, 328, 324, 324, 325, 327, 325 ]
LHandPositionsY: [ 252, 255, 255, 252, 252, 243, 236, 224, 209, 197, 183,
    170, 156, 146, 144, 134, 124, 114, 115, 112, 117, 118, 127, 115, 112,
    114, 118, 117, 119, 117, 121, 129, 132, 134, 129, 121, 118, 123, 120,
    117, 118, 128, 133, 133, 133, 135, 131, 125, 127, 123, 123, 128, 139,
    145, 142, 147, 145, 146, 135, 126, 130, 131, 127, 131, 142, 149, 162,
    169, 180, 198, 204, 215, 225, 229, 230, 234, 236, 237, 237, 238, 238,
    239, 241, 241, 243, 244, 245, 245, 245, 243, 242 ]
RHandPositionsX: [ 178, 178, 177, 178, 175, 177, 178, 178, 178, 178, 179,
    175, 178, 175, 179, 176, 177, 177, 176, 179, 176, 179, 176, 176, 179,
    176, 177, 177, 175, 178, 176, 176, 176, 179, 178, 177, 177, 175, 179,
    179, 175, 179, 179, 177, 178, 179, 179, 179, 177, 176, 176, 176, 178,
    179, 177, 175, 175, 179, 177, 177, 176, 175, 177, 176, 175, 179, 177,
    175, 175, 176, 178, 179, 179, 177, 175, 178, 178, 179, 176, 175, 175,
    176, 176, 178, 179, 175, 179, 177, 178, 179, 176 ]
RHandPositionsY: [ 259, 260, 261, 260, 262, 262, 259, 259, 260, 261, 260,
    258, 262, 259, 258, 261, 262, 262, 261, 259, 262, 260, 260, 259, 261,
    259, 261, 261, 262, 258, 262, 261, 261, 261, 259, 258, 262, 261, 260,
    261, 261, 261, 261, 262, 259, 258, 262, 261, 258, 262, 258, 261, 258,
    261, 260, 262, 260, 258, 262, 260, 262, 260, 261, 259, 259, 261, 262,
    259, 261, 262, 261, 260, 259, 259, 258, 262, 259, 262, 261, 261, 260,
    261, 260, 261, 261, 258, 259, 262, 260, 261, 262 ]
