%YAML:1.0
---
videoName: "LHShake18.mp4"
gestureLabel: 2
fps: 29
pixelSizeInCmTemp: 3.4214285714285714e-01
faceCenterPointX: 253
faceCenterPointY: 65
LHandPositionsX: [ 312, 311, 315, 314, 315, 312, 312, 311, 313, 312, 313,
    311, 314, 312, 311, 316, 315, 315, 325, 326, 332, 337, 343, 347, 352,
    350, 339, 325, 315, 298, 303, 302, 306, 311, 311, 311, 314, 308, 297,
    293, 293, 302, 306, 315, 310, 312, 304, 296, 286, 283, 286, 296, 305,
    312, 314, 309, 305, 291, 287, 289, 295, 300, 306, 307, 311, 307, 305,
    293, 295, 299, 302, 305, 308, 309, 314, 311, 305, 306, 307, 303, 308,
    304, 306, 307, 307, 307, 308, 308 ]
LHandPositionsY: [ 248, 246, 249, 248, 247, 250, 246, 250, 248, 247, 248,
    250, 249, 248, 249, 249, 245, 249, 245, 235, 218, 201, 190, 175, 166,
    161, 151, 147, 148, 136, 136, 142, 144, 141, 142, 139, 144, 147, 144,
    141, 136, 144, 145, 147, 145, 146, 150, 144, 146, 138, 140, 149, 148,
    147, 148, 148, 150, 143, 142, 145, 150, 152, 152, 153, 151, 154, 160,
    146, 147, 152, 153, 153, 153, 153, 163, 165, 174, 189, 199, 209, 213,
    219, 222, 233, 232, 233, 233, 235 ]
RHandPositionsX: [ 196, 195, 197, 196, 194, 195, 198, 196, 196, 195, 199,
    198, 195, 196, 196, 198, 199, 198, 199, 198, 196, 195, 196, 196, 199,
    198, 198, 195, 198, 195, 198, 196, 197, 199, 195, 196, 196, 199, 198,
    195, 197, 195, 199, 196, 195, 199, 195, 196, 198, 195, 196, 197, 196,
    199, 198, 196, 199, 200, 196, 198, 197, 199, 199, 198, 196, 194, 195,
    196, 199, 198, 194, 194, 194, 194, 198, 194, 195, 195, 198, 196, 198,
    194, 198, 198, 196, 194, 197, 198 ]
RHandPositionsY: [ 265, 266, 265, 262, 263, 265, 265, 265, 265, 267, 267,
    267, 267, 263, 265, 266, 267, 264, 266, 265, 263, 265, 266, 263, 265,
    264, 266, 264, 265, 262, 266, 263, 263, 263, 264, 263, 264, 264, 268,
    267, 266, 267, 265, 266, 268, 266, 266, 266, 268, 265, 264, 266, 268,
    267, 265, 268, 264, 265, 266, 266, 266, 266, 267, 265, 267, 266, 268,
    265, 264, 266, 268, 268, 267, 266, 264, 264, 268, 265, 264, 265, 265,
    266, 267, 264, 268, 266, 267, 268 ]
