%YAML:1.0
---
videoName: "LHShake18.mp4"
gestureLabel: 2
fps: 29
pixelSizeInCmTemp: 3.4214285714285714e-01
faceCenterPointX: 253
faceCenterPointY: 65
LHandPositionsX: [ 312, 311, 313, 314, 313, 311, 311, 313, 311, 314, 311,
    315, 312, 311, 312, 313, 314, 317, 322, 322, 329, 340, 345, 348, 352,
    348, 336, 325, 316, 298, 304, 305, 306, 313, 313, 311, 312, 306, 299,
    293, 292, 302, 309, 312, 313, 311, 307, 299, 288, 283, 284, 299, 305,
    312, 310, 311, 307, 295, 288, 286, 295, 300, 306, 307, 311, 305, 303,
    295, 294, 298, 306, 307, 307, 310, 316, 310, 308, 308, 306, 303, 304,
    305, 307, 307, 309, 310, 310, 308 ]
LHandPositionsY: [ 250, 250, 248, 249, 250, 249, 249, 249, 248, 250, 248,
    248, 247, 246, 250, 247, 245, 249, 242, 233, 220, 200, 187, 178, 166,
    157, 154, 144, 144, 136, 136, 143, 141, 143, 140, 139, 140, 145, 146,
    138, 135, 141, 148, 147, 146, 146, 147, 145, 144, 141, 143, 146, 148,
    148, 149, 150, 151, 144, 145, 141, 152, 150, 155, 153, 154, 153, 156,
    146, 149, 153, 156, 151, 152, 154, 160, 166, 178, 186, 196, 206, 213,
    218, 219, 232, 236, 233, 232, 234 ]
RHandPositionsX: [ 196, 197, 195, 196, 195, 197, 195, 195, 195, 196, 195,
    195, 195, 195, 196, 197, 197, 197, 195, 198, 197, 197, 197, 198, 196,
    196, 198, 196, 196, 194, 198, 194, 197, 198, 195, 197, 199, 197, 199,
    199, 198, 197, 198, 198, 199, 195, 195, 199, 199, 199, 197, 197, 198,
    198, 197, 198, 197, 197, 199, 197, 199, 195, 195, 195, 199, 195, 196,
    199, 199, 197, 198, 195, 196, 197, 196, 198, 196, 195, 197, 194, 196,
    194, 194, 197, 194, 194, 195, 194 ]
RHandPositionsY: [ 264, 263, 262, 265, 265, 266, 267, 265, 265, 267, 263,
    265, 263, 265, 263, 267, 263, 264, 265, 266, 267, 264, 266, 263, 264,
    263, 267, 262, 264, 265, 265, 264, 265, 263, 265, 266, 263, 265, 264,
    267, 264, 264, 264, 264, 265, 267, 266, 264, 265, 267, 268, 267, 267,
    265, 268, 266, 267, 266, 269, 265, 266, 264, 266, 269, 269, 264, 267,
    265, 266, 264, 268, 265, 267, 267, 267, 267, 264, 266, 267, 267, 268,
    266, 268, 265, 265, 266, 264, 264 ]
