%YAML:1.0
---
videoName: "LHShake16.mp4"
gestureLabel: 2
fps: 30
pixelSizeInCmTemp: 3.3732394366197183e-01
faceCenterPointX: 247
faceCenterPointY: 66
LHandPositionsX: [ 325, 322, 324, 329, 331, 337, 345, 354, 365, 373, 381,
    394, 403, 409, 408, 404, 401, 392, 376, 363, 355, 359, 363, 370, 381,
    400, 394, 392, 388, 387, 372, 368, 372, 371, 373, 381, 391, 388, 402,
    396, 383, 376, 367, 366, 364, 368, 373, 385, 399, 406, 396, 383, 373,
    364, 361, 363, 365, 369, 373, 394, 385, 383, 387, 384, 374, 364, 359,
    351, 345, 334, 333, 331, 330, 331, 330, 329, 327, 330, 327, 328, 330,
    328, 325, 328, 326, 326, 324, 328, 327, 324, 324 ]
LHandPositionsY: [ 256, 253, 255, 250, 253, 243, 234, 220, 211, 195, 183,
    166, 155, 150, 143, 135, 122, 116, 119, 112, 118, 118, 127, 114, 114,
    115, 117, 118, 116, 114, 123, 132, 129, 132, 125, 120, 117, 119, 120,
    117, 118, 126, 135, 133, 133, 136, 131, 126, 123, 124, 123, 132, 136,
    143, 144, 147, 147, 142, 134, 128, 130, 131, 125, 134, 143, 149, 161,
    169, 180, 199, 205, 214, 224, 227, 231, 235, 236, 239, 239, 237, 241,
    242, 243, 242, 244, 243, 244, 245, 245, 244, 241 ]
RHandPositionsX: [ 177, 177, 175, 177, 179, 175, 177, 175, 176, 176, 177,
    178, 176, 178, 178, 179, 178, 176, 177, 179, 177, 177, 178, 176, 178,
    177, 176, 176, 177, 175, 176, 177, 177, 175, 178, 176, 178, 177, 176,
    175, 175, 178, 179, 175, 176, 177, 177, 178, 176, 178, 178, 177, 175,
    175, 176, 179, 175, 179, 175, 177, 179, 176, 175, 176, 175, 176, 178,
    179, 177, 176, 178, 177, 177, 178, 179, 175, 179, 178, 176, 179, 177,
    177, 179, 177, 176, 179, 175, 177, 175, 177, 176 ]
RHandPositionsY: [ 258, 259, 260, 258, 258, 261, 262, 259, 260, 258, 258,
    260, 261, 258, 258, 261, 260, 262, 260, 261, 261, 261, 259, 262, 258,
    258, 258, 261, 262, 261, 262, 260, 258, 262, 258, 262, 262, 258, 260,
    261, 260, 261, 262, 262, 260, 261, 258, 262, 258, 262, 259, 258, 259,
    260, 262, 258, 260, 258, 260, 259, 260, 258, 260, 259, 262, 258, 261,
    258, 259, 259, 260, 260, 260, 261, 261, 261, 262, 260, 262, 258, 261,
    258, 260, 260, 258, 261, 258, 258, 258, 259, 262 ]
