%YAML:1.0
---
videoName: "LHShake01.mp4"
gestureLabel: 2
fps: 29
pixelSizeInCmTemp: 3.4214285714285714e-01
faceCenterPointX: 252
faceCenterPointY: 84
LHandPositionsX: [ 366, 365, 363, 365, 360, 356, 349, 340, 338, 330, 333,
    335, 337, 344, 348, 355, 359, 354, 354, 345, 345, 342, 340, 335, 338,
    337, 344, 345, 351, 351, 353, 349, 343, 343, 340, 335, 331, 332, 338,
    343, 346, 349, 348, 349, 350, 346, 345, 339, 333, 336, 334, 333, 338,
    340, 344, 349, 350, 348, 346, 347, 345, 342, 337, 332, 329, 326, 329,
    332, 331, 329, 330, 334, 338, 337, 343, 343, 347, 347, 348, 348, 349,
    349, 349, 349, 351, 350, 350, 352 ]
LHandPositionsY: [ 144, 140, 131, 127, 122, 118, 119, 121, 119, 123, 123,
    123, 119, 118, 112, 109, 109, 108, 111, 109, 109, 111, 114, 115, 113,
    110, 113, 110, 108, 108, 103, 107, 109, 110, 113, 117, 111, 110, 111,
    108, 111, 105, 106, 103, 105, 106, 104, 108, 106, 110, 111, 110, 109,
    107, 102, 103, 102, 100, 102, 102, 102, 105, 109, 122, 133, 141, 150,
    160, 164, 161, 172, 182, 193, 199, 209, 212, 219, 220, 220, 223, 228,
    228, 229, 229, 231, 230, 232, 229 ]
RHandPositionsX: [ 154, 153, 153, 154, 154, 154, 157, 153, 157, 154, 153,
    154, 155, 155, 154, 157, 153, 157, 153, 156, 156, 156, 157, 154, 154,
    156, 155, 156, 155, 155, 156, 154, 154, 156, 157, 157, 154, 153, 153,
    153, 156, 155, 157, 157, 155, 153, 153, 154, 156, 153, 155, 157, 153,
    157, 153, 153, 157, 153, 153, 157, 156, 153, 153, 157, 154, 155, 155,
    153, 153, 154, 154, 153, 154, 153, 153, 153, 153, 157, 153, 157, 156,
    153, 154, 155, 153, 153, 155, 155 ]
RHandPositionsY: [ 267, 270, 268, 269, 268, 267, 266, 267, 267, 266, 265,
    267, 268, 268, 266, 268, 268, 264, 267, 267, 264, 266, 262, 262, 262,
    265, 262, 262, 261, 263, 263, 262, 264, 263, 262, 260, 263, 261, 260,
    263, 262, 261, 260, 260, 260, 263, 263, 261, 261, 260, 261, 259, 263,
    260, 263, 259, 260, 260, 259, 259, 259, 259, 261, 259, 259, 260, 260,
    262, 262, 260, 263, 259, 261, 259, 261, 261, 261, 260, 261, 259, 259,
    259, 259, 260, 262, 263, 260, 259 ]
