%YAML:1.0
---
videoName: "LHShake15.mp4"
gestureLabel: 2
fps: 29
pixelSizeInCmTemp: 3.3263888888888887e-01
faceCenterPointX: 252
faceCenterPointY: 65
LHandPositionsX: [ 328, 330, 331, 330, 331, 329, 328, 331, 330, 330, 338,
    343, 345, 353, 358, 364, 367, 373, 379, 381, 380, 377, 364, 358, 346,
    341, 341, 340, 347, 352, 363, 360, 359, 361, 355, 347, 330, 329, 330,
    336, 344, 354, 357, 350, 353, 356, 348, 334, 327, 328, 330, 342, 351,
    356, 354, 353, 358, 355, 344, 334, 334, 333, 332, 342, 344, 349, 350,
    349, 348, 347, 342, 333, 328, 326, 325, 322, 321, 323, 325, 327, 323,
    325, 326, 324, 328, 324, 328, 328 ]
LHandPositionsY: [ 254, 258, 254, 255, 255, 257, 258, 254, 254, 255, 240,
    227, 213, 203, 187, 170, 156, 135, 119, 121, 118, 108, 105, 102, 105,
    105, 103, 101, 101, 98, 93, 93, 95, 95, 95, 95, 99, 101, 96, 98, 96,
    93, 96, 96, 96, 97, 103, 99, 103, 100, 98, 96, 94, 96, 96, 96, 94,
    99, 102, 100, 103, 102, 101, 99, 101, 100, 99, 101, 100, 101, 107,
    122, 139, 152, 168, 178, 191, 206, 217, 230, 233, 235, 239, 237, 239,
    239, 243, 243 ]
RHandPositionsX: [ 175, 176, 177, 178, 179, 175, 179, 176, 178, 177, 177,
    175, 178, 175, 176, 176, 179, 175, 178, 179, 178, 178, 179, 178, 179,
    176, 175, 179, 179, 179, 176, 178, 179, 176, 179, 179, 178, 179, 179,
    176, 175, 175, 179, 178, 176, 176, 176, 176, 178, 179, 177, 178, 179,
    176, 177, 179, 177, 177, 177, 179, 176, 178, 175, 178, 177, 177, 179,
    179, 176, 176, 175, 175, 179, 178, 176, 178, 175, 175, 177, 176, 176,
    177, 177, 177, 179, 177, 177, 177 ]
RHandPositionsY: [ 261, 261, 258, 260, 257, 259, 258, 261, 260, 258, 257,
    258, 261, 258, 258, 258, 257, 259, 261, 259, 260, 258, 260, 261, 258,
    261, 260, 261, 260, 258, 259, 259, 260, 259, 261, 260, 257, 260, 259,
    258, 258, 261, 257, 257, 258, 258, 258, 261, 258, 257, 258, 261, 259,
    261, 257, 257, 259, 257, 258, 257, 261, 259, 257, 261, 259, 261, 259,
    257, 258, 257, 260, 258, 261, 258, 260, 259, 258, 257, 261, 260, 260,
    257, 257, 257, 257, 261, 257, 258 ]
