%YAML:1.0
---
videoName: "LHShake02.mp4"
gestureLabel: 2
fps: 29
pixelSizeInCmTemp: 3.3263888888888887e-01
faceCenterPointX: 249
faceCenterPointY: 82
LHandPositionsX: [ 362, 362, 362, 370, 371, 380, 388, 383, 389, 386, 386,
    379, 373, 368, 364, 362, 361, 365, 370, 377, 385, 387, 382, 381, 374,
    371, 368, 366, 364, 364, 366, 368, 376, 379, 377, 381, 380, 376, 372,
    367, 362, 359, 358, 355, 358, 359, 365, 372, 372, 369, 372, 365, 365,
    357, 355, 358, 360, 364, 370, 373, 373, 368, 369, 364, 360, 354, 347,
    346, 343, 343, 341, 343, 340, 344, 343, 343, 343, 347, 346, 350, 349,
    346, 348, 350, 348, 348, 347, 346 ]
LHandPositionsY: [ 125, 121, 118, 114, 114, 112, 110, 108, 111, 108, 108,
    111, 112, 113, 116, 111, 112, 112, 106, 106, 103, 101, 101, 104, 105,
    108, 109, 110, 109, 107, 103, 102, 100, 98, 100, 95, 98, 96, 96, 99,
    101, 104, 101, 105, 103, 104, 99, 99, 98, 101, 101, 103, 107, 109,
    106, 107, 107, 106, 104, 106, 106, 101, 102, 105, 122, 138, 149, 164,
    162, 172, 178, 184, 191, 199, 204, 209, 215, 220, 223, 228, 231, 228,
    232, 232, 232, 232, 236, 239 ]
RHandPositionsX: [ 156, 155, 157, 155, 157, 156, 155, 157, 154, 153, 153,
    155, 156, 154, 156, 155, 157, 157, 153, 155, 154, 157, 157, 154, 154,
    157, 155, 154, 155, 155, 155, 153, 157, 157, 154, 153, 155, 157, 153,
    157, 154, 153, 157, 155, 153, 154, 157, 153, 154, 156, 154, 157, 155,
    157, 154, 155, 156, 155, 154, 155, 153, 156, 155, 157, 153, 156, 157,
    154, 154, 154, 155, 155, 154, 157, 156, 157, 154, 153, 153, 156, 153,
    156, 153, 157, 153, 155, 154, 153 ]
RHandPositionsY: [ 261, 265, 264, 264, 261, 261, 260, 262, 263, 259, 263,
    260, 259, 260, 260, 260, 259, 261, 259, 259, 261, 258, 259, 259, 258,
    258, 259, 261, 260, 259, 258, 261, 258, 258, 258, 258, 258, 258, 260,
    258, 258, 258, 260, 262, 261, 259, 259, 259, 262, 261, 261, 262, 261,
    258, 258, 258, 259, 262, 258, 258, 258, 260, 260, 259, 259, 259, 262,
    259, 261, 259, 259, 259, 259, 262, 260, 262, 262, 260, 260, 261, 261,
    262, 262, 260, 262, 261, 261, 261 ]
