%YAML:1.0
---
videoName: "LHShake02.mp4"
gestureLabel: 2
fps: 29
pixelSizeInCmTemp: 3.3263888888888887e-01
faceCenterPointX: 249
faceCenterPointY: 82
LHandPositionsX: [ 359, 361, 363, 369, 375, 381, 385, 387, 389, 385, 384,
    381, 372, 369, 365, 362, 364, 364, 371, 375, 385, 386, 382, 378, 375,
    371, 366, 365, 360, 366, 366, 371, 373, 377, 375, 381, 378, 379, 374,
    367, 366, 359, 357, 355, 359, 361, 363, 369, 368, 373, 371, 367, 363,
    361, 355, 358, 360, 367, 370, 372, 373, 368, 368, 364, 357, 351, 348,
    348, 345, 344, 344, 343, 342, 340, 342, 342, 347, 344, 348, 346, 346,
    346, 346, 347, 347, 348, 348, 349 ]
LHandPositionsY: [ 124, 122, 119, 115, 112, 108, 110, 112, 110, 108, 111,
    107, 109, 114, 116, 113, 111, 109, 110, 105, 103, 104, 101, 101, 102,
    106, 109, 111, 108, 104, 103, 102, 102, 97, 98, 98, 94, 96, 96, 95,
    100, 100, 101, 102, 102, 101, 101, 101, 100, 101, 104, 102, 107, 109,
    109, 110, 105, 104, 104, 104, 103, 101, 105, 107, 123, 136, 149, 161,
    164, 168, 178, 184, 194, 199, 205, 212, 215, 221, 225, 231, 228, 230,
    233, 234, 232, 235, 234, 236 ]
RHandPositionsX: [ 153, 157, 153, 157, 157, 154, 156, 157, 153, 157, 157,
    157, 154, 156, 154, 154, 154, 157, 155, 155, 156, 154, 153, 156, 157,
    157, 153, 157, 157, 153, 155, 157, 153, 155, 153, 157, 154, 153, 155,
    153, 154, 154, 155, 155, 153, 154, 154, 156, 157, 156, 154, 157, 153,
    155, 154, 153, 153, 156, 155, 156, 157, 157, 153, 154, 156, 154, 155,
    153, 157, 156, 153, 154, 153, 157, 156, 155, 156, 157, 156, 153, 157,
    154, 157, 153, 154, 155, 153, 155 ]
RHandPositionsY: [ 262, 263, 262, 260, 264, 263, 262, 263, 263, 259, 259,
    258, 262, 259, 259, 261, 261, 262, 260, 262, 259, 260, 260, 262, 261,
    262, 260, 259, 262, 258, 260, 261, 260, 260, 261, 258, 260, 259, 262,
    259, 262, 262, 258, 260, 262, 260, 262, 258, 260, 259, 259, 259, 258,
    261, 260, 261, 258, 261, 261, 262, 259, 261, 262, 259, 258, 258, 260,
    261, 258, 260, 258, 260, 261, 262, 258, 258, 262, 262, 260, 258, 262,
    260, 260, 262, 259, 258, 258, 259 ]
