%YAML:1.0
---
videoName: "LHShake16.mp4"
gestureLabel: 2
fps: 30
pixelSizeInCmTemp: 3.3732394366197183e-01
faceCenterPointX: 247
faceCenterPointY: 66
LHandPositionsX: [ 323, 324, 324, 325, 327, 339, 346, 351, 365, 371, 381,
    395, 404, 409, 407, 400, 400, 392, 377, 362, 357, 358, 362, 371, 383,
    400, 396, 393, 392, 384, 372, 367, 368, 371, 370, 381, 389, 388, 404,
    394, 384, 374, 365, 367, 364, 372, 373, 384, 397, 408, 395, 386, 370,
    361, 363, 361, 363, 369, 377, 394, 388, 384, 386, 383, 374, 365, 355,
    350, 343, 337, 335, 331, 333, 329, 332, 330, 331, 327, 331, 330, 329,
    326, 326, 326, 329, 327, 324, 327, 327, 325, 325 ]
LHandPositionsY: [ 252, 253, 252, 252, 249, 244, 232, 224, 208, 193, 183,
    168, 155, 146, 142, 138, 122, 117, 119, 110, 118, 119, 125, 115, 112,
    115, 119, 119, 117, 118, 121, 129, 132, 135, 128, 120, 119, 123, 121,
    120, 119, 125, 135, 134, 135, 135, 129, 125, 124, 124, 120, 131, 139,
    145, 142, 147, 148, 142, 134, 129, 129, 131, 125, 132, 144, 150, 162,
    168, 182, 196, 207, 213, 224, 229, 229, 232, 237, 237, 240, 240, 238,
    241, 242, 244, 243, 245, 243, 242, 241, 242, 242 ]
RHandPositionsX: [ 177, 175, 178, 178, 175, 177, 178, 175, 177, 176, 175,
    177, 178, 175, 179, 179, 178, 176, 177, 179, 176, 175, 176, 176, 177,
    175, 176, 175, 178, 179, 178, 177, 179, 179, 178, 179, 176, 177, 177,
    178, 176, 176, 176, 178, 179, 178, 177, 179, 177, 179, 176, 178, 176,
    179, 177, 177, 176, 178, 178, 179, 175, 176, 175, 176, 176, 179, 179,
    176, 175, 176, 177, 176, 178, 177, 175, 179, 177, 176, 178, 178, 179,
    176, 178, 176, 179, 177, 179, 176, 176, 179, 177 ]
RHandPositionsY: [ 262, 259, 261, 262, 258, 262, 259, 260, 258, 258, 259,
    262, 259, 262, 258, 262, 259, 260, 260, 261, 259, 261, 260, 261, 258,
    258, 260, 262, 258, 259, 260, 261, 260, 258, 259, 262, 258, 261, 261,
    262, 260, 259, 262, 262, 258, 258, 260, 261, 261, 261, 262, 260, 262,
    260, 262, 262, 261, 262, 260, 262, 262, 262, 262, 258, 260, 259, 259,
    259, 258, 258, 261, 262, 258, 261, 258, 262, 259, 259, 261, 262, 260,
    260, 258, 262, 259, 261, 261, 261, 261, 260, 259 ]
