%YAML:1.0
---
videoName: "LHShake19.mp4"
gestureLabel: 2
fps: 29
pixelSizeInCmTemp: 3.3732394366197183e-01
faceCenterPointX: 250
faceCenterPointY: 62
LHandPositionsX: [ 305, 309, 307, 305, 305, 309, 305, 306, 307, 308, 309,
    305, 307, 307, 305, 307, 312, 317, 323, 327, 326, 322, 313, 288, 285,
    290, 291, 296, 304, 316, 314, 312, 305, 298, 288, 286, 294, 301, 310,
    315, 318, 313, 306, 293, 289, 292, 297, 308, 312, 315, 313, 305, 296,
    291, 295, 303, 308, 317, 317, 318, 313, 308, 307, 301, 298, 291, 289,
    291, 298, 298, 302, 300, 303, 305, 304, 305, 309, 311, 310, 307, 311,
    308, 311, 308, 307, 307, 307, 307 ]
LHandPositionsY: [ 252, 251, 252, 250, 250, 252, 250, 249, 250, 249, 252,
    252, 250, 250, 244, 241, 230, 215, 202, 188, 179, 169, 164, 163, 157,
    156, 159, 159, 154, 151, 152, 155, 155, 153, 148, 146, 154, 152, 155,
    151, 153, 152, 158, 146, 145, 151, 153, 155, 153, 150, 153, 155, 146,
    146, 155, 158, 153, 154, 151, 152, 152, 156, 156, 165, 165, 171, 177,
    190, 197, 209, 217, 217, 219, 220, 226, 229, 231, 234, 238, 234, 235,
    239, 239, 237, 241, 239, 239, 241 ]
RHandPositionsX: [ 195, 196, 198, 199, 195, 199, 196, 199, 198, 197, 195,
    198, 197, 196, 197, 198, 199, 196, 198, 198, 198, 199, 196, 198, 194,
    197, 198, 198, 198, 196, 194, 196, 194, 194, 196, 196, 195, 195, 192,
    192, 192, 195, 193, 191, 192, 192, 191, 194, 191, 191, 194, 192, 192,
    192, 195, 193, 195, 193, 192, 193, 193, 193, 191, 192, 194, 195, 193,
    195, 191, 191, 194, 192, 194, 193, 193, 191, 191, 191, 193, 193, 194,
    194, 192, 192, 195, 191, 191, 194 ]
RHandPositionsY: [ 257, 257, 256, 254, 257, 258, 254, 258, 254, 255, 257,
    255, 255, 254, 255, 257, 256, 256, 258, 254, 257, 256, 256, 254, 257,
    256, 257, 255, 256, 254, 258, 254, 256, 257, 258, 255, 258, 254, 255,
    254, 255, 257, 255, 256, 256, 255, 255, 256, 254, 257, 255, 255, 256,
    258, 257, 258, 258, 255, 255, 257, 258, 255, 257, 256, 255, 257, 255,
    256, 255, 255, 254, 255, 254, 254, 255, 257, 256, 256, 257, 257, 254,
    257, 254, 255, 258, 255, 255, 256 ]
