%YAML:1.0
---
videoName: "LHShake17.mp4"
gestureLabel: 2
fps: 30
pixelSizeInCmTemp: 3.3732394366197183e-01
faceCenterPointX: 248
faceCenterPointY: 64
LHandPositionsX: [ 324, 325, 321, 323, 321, 326, 323, 326, 330, 337, 343,
    354, 366, 373, 390, 399, 405, 410, 403, 389, 374, 362, 350, 350, 350,
    356, 370, 380, 377, 382, 374, 364, 352, 348, 348, 348, 356, 366, 369,
    367, 367, 360, 353, 353, 353, 355, 367, 372, 374, 373, 375, 370, 360,
    350, 345, 345, 347, 354, 362, 365, 362, 368, 364, 356, 347, 341, 338,
    336, 336, 332, 335, 334, 331, 329, 331, 331, 327, 328, 325, 326, 327,
    326, 324, 325, 324, 327, 325, 324, 326, 325, 325 ]
LHandPositionsY: [ 249, 249, 249, 249, 250, 249, 250, 248, 244, 233, 218,
    201, 185, 174, 158, 142, 130, 122, 112, 110, 124, 128, 135, 134, 135,
    134, 122, 115, 118, 116, 117, 130, 138, 139, 140, 139, 123, 118, 120,
    117, 117, 113, 129, 133, 131, 136, 123, 117, 124, 124, 121, 122, 129,
    137, 141, 142, 141, 125, 122, 125, 126, 123, 122, 131, 138, 145, 151,
    160, 173, 181, 193, 209, 218, 219, 224, 228, 230, 236, 235, 234, 235,
    236, 237, 235, 235, 237, 236, 238, 237, 239, 236 ]
RHandPositionsX: [ 178, 177, 178, 176, 180, 177, 177, 177, 180, 178, 177,
    178, 179, 176, 179, 178, 178, 176, 180, 176, 177, 178, 177, 179, 179,
    179, 180, 177, 177, 177, 175, 177, 176, 176, 179, 176, 177, 179, 175,
    178, 175, 175, 177, 178, 178, 178, 178, 175, 175, 177, 176, 176, 174,
    176, 177, 175, 174, 175, 174, 178, 176, 176, 178, 178, 175, 177, 175,
    175, 177, 175, 175, 174, 174, 177, 176, 177, 175, 174, 175, 175, 174,
    176, 176, 176, 175, 177, 174, 176, 176, 174, 176 ]
RHandPositionsY: [ 260, 257, 259, 256, 258, 260, 260, 256, 259, 258, 258,
    256, 260, 258, 259, 260, 258, 259, 259, 260, 257, 258, 256, 258, 256,
    256, 259, 257, 258, 260, 259, 259, 259, 259, 260, 256, 258, 256, 258,
    256, 260, 260, 257, 256, 258, 257, 260, 257, 260, 256, 256, 259, 259,
    259, 257, 259, 256, 257, 259, 260, 260, 260, 257, 258, 256, 258, 259,
    260, 257, 256, 260, 256, 259, 257, 257, 257, 256, 260, 260, 256, 259,
    256, 260, 258, 256, 259, 260, 259, 256, 256, 260 ]
