%YAML:1.0
---
videoName: "LHShake11.mp4"
gestureLabel: 2
fps: 29
pixelSizeInCmTemp: 3.3732394366197183e-01
faceCenterPointX: 260
faceCenterPointY: 69
LHandPositionsX: [ 386, 385, 384, 375, 367, 355, 346, 353, 346, 346, 357,
    361, 366, 363, 363, 361, 356, 349, 345, 350, 347, 351, 353, 357, 359,
    359, 362, 354, 350, 346, 350, 348, 351, 352, 354, 356, 352, 351, 347,
    343, 340, 338, 340, 340, 346, 357, 355, 357, 353, 355, 352, 341, 341,
    338, 335, 339, 346, 354, 360, 356, 361, 362, 359, 355, 349, 342, 336,
    331, 329, 331, 331, 332, 333, 335, 334, 333, 331, 334, 334, 334, 334,
    331, 335, 335, 333, 331, 334, 335 ]
LHandPositionsY: [ 176, 164, 152, 144, 142, 143, 149, 144, 145, 135, 130,
    125, 125, 125, 129, 127, 131, 139, 144, 139, 143, 134, 131, 132, 131,
    132, 130, 132, 142, 147, 141, 142, 143, 137, 133, 136, 133, 133, 137,
    139, 142, 143, 147, 141, 141, 135, 132, 135, 134, 128, 135, 141, 146,
    143, 145, 144, 142, 137, 137, 138, 137, 142, 147, 157, 168, 175, 192,
    204, 215, 228, 227, 235, 237, 242, 245, 248, 249, 250, 248, 249, 249,
    249, 252, 248, 252, 250, 251, 249 ]
RHandPositionsX: [ 179, 179, 181, 179, 181, 180, 179, 181, 181, 183, 180,
    179, 181, 180, 182, 180, 181, 181, 183, 179, 181, 179, 183, 182, 180,
    181, 179, 180, 181, 180, 181, 179, 179, 183, 181, 180, 183, 181, 181,
    181, 182, 183, 181, 182, 182, 183, 183, 180, 182, 180, 183, 183, 183,
    181, 180, 180, 181, 182, 182, 180, 180, 183, 183, 179, 183, 180, 182,
    181, 181, 180, 180, 182, 179, 182, 179, 181, 180, 181, 179, 183, 181,
    182, 183, 181, 182, 183, 179, 179 ]
RHandPositionsY: [ 276, 275, 274, 276, 275, 276, 275, 273, 276, 276, 273,
    277, 275, 277, 275, 273, 277, 276, 277, 277, 275, 274, 275, 276, 273,
    274, 275, 277, 277, 276, 275, 274, 276, 273, 277, 273, 276, 273, 276,
    276, 276, 275, 273, 277, 276, 274, 277, 274, 275, 273, 273, 274, 274,
    274, 277, 274, 274, 276, 275, 274, 275, 276, 274, 274, 276, 276, 275,
    273, 275, 277, 277, 277, 276, 275, 274, 275, 273, 273, 273, 275, 275,
    273, 277, 277, 275, 273, 275, 277 ]
