%YAML:1.0
---
videoName: "LHShake18.mp4"
gestureLabel: 2
fps: 29
pixelSizeInCmTemp: 3.4214285714285714e-01
faceCenterPointX: 253
faceCenterPointY: 65
LHandPositionsX: [ 314, 313, 313, 313, 314, 314, 314, 311, 314, 314, 313,
    312, 311, 314, 313, 316, 315, 317, 325, 325, 333, 336, 345, 348, 351,
    350, 337, 326, 313, 297, 300, 302, 305, 311, 309, 312, 313, 306, 298,
    291, 295, 300, 309, 313, 309, 310, 305, 296, 290, 287, 288, 295, 306,
    313, 310, 310, 308, 295, 286, 288, 292, 302, 308, 309, 308, 309, 302,
    292, 294, 300, 304, 305, 309, 308, 315, 311, 307, 305, 304, 306, 304,
    307, 305, 310, 310, 308, 311, 308 ]
LHandPositionsY: [ 249, 246, 250, 246, 246, 248, 247, 248, 249, 247, 246,
    246, 247, 249, 246, 247, 245, 249, 246, 234, 220, 204, 191, 178, 169,
    160, 154, 147, 145, 136, 136, 143, 141, 144, 140, 139, 143, 146, 145,
    141, 133, 145, 146, 144, 145, 144, 147, 146, 144, 139, 142, 146, 146,
    148, 149, 150, 152, 141, 146, 144, 152, 150, 152, 152, 152, 155, 159,
    147, 147, 153, 154, 153, 151, 153, 160, 167, 175, 186, 197, 206, 217,
    218, 221, 232, 234, 234, 232, 231 ]
RHandPositionsX: [ 198, 197, 195, 198, 195, 198, 199, 195, 197, 197, 198,
    199, 199, 195, 196, 196, 195, 199, 197, 195, 196, 198, 197, 196, 199,
    195, 198, 196, 194, 198, 197, 197, 195, 198, 199, 199, 199, 197, 198,
    197, 195, 195, 198, 199, 198, 198, 196, 197, 197, 196, 199, 197, 197,
    199, 199, 197, 197, 200, 199, 197, 196, 195, 197, 199, 196, 195, 195,
    196, 198, 197, 198, 195, 194, 195, 194, 194, 198, 194, 195, 194, 195,
    194, 198, 194, 196, 196, 198, 194 ]
RHandPositionsY: [ 265, 263, 266, 263, 262, 264, 264, 265, 263, 267, 266,
    265, 267, 264, 267, 263, 267, 265, 263, 264, 263, 263, 266, 264, 264,
    266, 263, 263, 266, 265, 265, 262, 263, 264, 267, 265, 263, 267, 266,
    268, 268, 265, 265, 265, 265, 268, 266, 265, 265, 268, 264, 265, 266,
    265, 266, 266, 268, 266, 268, 268, 267, 268, 265, 269, 267, 268, 266,
    264, 268, 265, 268, 267, 267, 267, 265, 264, 264, 264, 266, 265, 267,
    264, 267, 266, 264, 266, 265, 264 ]
