%YAML:1.0
---
videoName: "LHShake24.mp4"
gestureLabel: 2
fps: 30
pixelSizeInCmTemp: 3.4214285714285714e-01
faceCenterPointX: 255
faceCenterPointY: 77
LHandPositionsX: [ 328, 329, 328, 329, 328, 328, 326, 326, 327, 331, 330,
    334, 341, 347, 352, 361, 371, 376, 381, 378, 380, 377, 374, 361, 349,
    343, 340, 343, 340, 351, 360, 366, 378, 376, 376, 373, 367, 357, 343,
    338, 342, 340, 344, 352, 362, 363, 364, 368, 363, 354, 345, 338, 339,
    338, 347, 352, 365, 374, 370, 374, 370, 361, 352, 345, 345, 345, 343,
    352, 358, 369, 370, 368, 368, 357, 350, 344, 338, 334, 329, 328, 322,
    325, 324, 327, 325, 326, 328, 328, 326, 324, 327 ]
LHandPositionsY: [ 261, 263, 261, 263, 262, 262, 263, 263, 262, 261, 257,
    255, 246, 236, 223, 210, 197, 185, 170, 171, 162, 154, 152, 152, 157,
    163, 163, 165, 162, 159, 156, 151, 150, 151, 150, 147, 145, 149, 150,
    154, 153, 154, 156, 154, 151, 151, 150, 152, 150, 154, 160, 163, 163,
    162, 161, 160, 161, 158, 158, 154, 155, 156, 159, 164, 161, 163, 161,
    161, 161, 159, 156, 159, 158, 157, 160, 165, 168, 181, 188, 196, 209,
    219, 231, 230, 235, 238, 241, 247, 246, 246, 247 ]
RHandPositionsX: [ 181, 182, 180, 183, 182, 181, 183, 179, 181, 183, 181,
    180, 180, 182, 183, 180, 182, 182, 181, 181, 180, 182, 181, 179, 180,
    183, 179, 179, 180, 180, 179, 182, 179, 180, 179, 182, 179, 179, 182,
    180, 182, 180, 180, 183, 180, 180, 181, 180, 181, 179, 183, 182, 182,
    182, 180, 183, 182, 180, 179, 181, 181, 179, 180, 181, 182, 181, 183,
    180, 179, 183, 181, 182, 183, 180, 179, 180, 181, 181, 179, 181, 183,
    183, 182, 179, 181, 183, 182, 183, 179, 180, 183 ]
RHandPositionsY: [ 271, 271, 267, 267, 267, 268, 267, 268, 268, 267, 270,
    269, 267, 268, 270, 271, 267, 271, 268, 270, 270, 270, 268, 270, 268,
    271, 267, 271, 271, 270, 269, 267, 271, 271, 267, 268, 269, 269, 271,
    269, 267, 268, 268, 268, 271, 271, 271, 270, 271, 269, 270, 271, 267,
    267, 268, 269, 269, 268, 270, 269, 270, 267, 271, 267, 271, 268, 267,
    271, 270, 268, 267, 270, 269, 269, 269, 269, 268, 271, 271, 269, 269,
    270, 269, 271, 269, 269, 270, 269, 270, 268, 268 ]
