%YAML:1.0
---
videoName: "LHShake00.mp4"
gestureLabel: 2
fps: 29
pixelSizeInCmTemp: 3.4214285714285714e-01
faceCenterPointX: 252
faceCenterPointY: 85
LHandPositionsX: [ 350, 350, 350, 349, 356, 358, 360, 355, 353, 344, 333,
    322, 323, 321, 321, 324, 328, 333, 336, 336, 340, 340, 330, 324, 324,
    323, 327, 327, 333, 340, 336, 342, 339, 330, 324, 323, 322, 328, 330,
    336, 339, 341, 341, 342, 332, 326, 325, 326, 324, 326, 330, 336, 339,
    340, 342, 338, 326, 323, 322, 326, 327, 331, 335, 339, 337, 338, 343,
    338, 338, 335, 332, 329, 324, 326, 328, 330, 329, 331, 333, 337, 339,
    338, 338, 342, 340, 340, 344, 341 ]
LHandPositionsY: [ 258, 254, 246, 228, 212, 190, 168, 153, 137, 133, 135,
    135, 137, 134, 134, 136, 134, 133, 126, 124, 126, 124, 130, 133, 135,
    131, 131, 129, 130, 123, 122, 123, 123, 128, 133, 134, 133, 136, 135,
    128, 128, 123, 120, 122, 128, 131, 134, 134, 130, 131, 133, 125, 124,
    124, 123, 125, 130, 128, 131, 129, 127, 124, 124, 120, 120, 119, 117,
    128, 136, 147, 162, 164, 164, 172, 185, 190, 201, 206, 213, 218, 225,
    228, 228, 234, 237, 236, 236, 233 ]
RHandPositionsX: [ 153, 153, 153, 154, 156, 154, 155, 152, 155, 155, 154,
    155, 155, 154, 152, 155, 152, 152, 154, 156, 153, 153, 156, 152, 156,
    152, 155, 155, 152, 152, 153, 152, 152, 153, 155, 154, 155, 153, 154,
    152, 155, 154, 152, 152, 155, 154, 156, 153, 154, 153, 154, 155, 152,
    154, 152, 154, 153, 153, 155, 154, 155, 153, 153, 154, 153, 156, 156,
    153, 153, 156, 153, 155, 156, 153, 153, 156, 152, 156, 153, 154, 156,
    153, 154, 153, 154, 156, 156, 152 ]
RHandPositionsY: [ 278, 275, 279, 279, 277, 275, 274, 276, 272, 274, 273,
    270, 271, 270, 269, 272, 270, 270, 270, 268, 269, 267, 269, 268, 265,
    269, 268, 267, 268, 264, 266, 263, 264, 265, 265, 266, 264, 261, 265,
    263, 261, 265, 264, 261, 261, 261, 262, 261, 264, 262, 263, 264, 263,
    263, 261, 262, 262, 263, 264, 262, 262, 261, 260, 260, 263, 263, 261,
    260, 260, 262, 261, 260, 264, 264, 261, 262, 260, 261, 262, 261, 260,
    261, 264, 263, 264, 263, 264, 261 ]
