%YAML:1.0
---
videoName: "LHShake17.mp4"
gestureLabel: 2
fps: 30
pixelSizeInCmTemp: 3.3732394366197183e-01
faceCenterPointX: 248
faceCenterPointY: 64
LHandPositionsX: [ 324, 323, 324, 322, 325, 326, 327, 327, 329, 335, 343,
    354, 364, 374, 387, 399, 408, 409, 402, 387, 373, 360, 351, 350, 351,
    359, 368, 381, 378, 383, 373, 366, 353, 348, 348, 348, 356, 365, 370,
    366, 368, 363, 355, 350, 350, 353, 367, 372, 378, 376, 374, 370, 361,
    350, 345, 345, 348, 354, 361, 366, 365, 366, 363, 355, 347, 344, 339,
    340, 335, 335, 333, 334, 333, 333, 328, 328, 330, 325, 328, 325, 324,
    327, 328, 327, 324, 326, 323, 323, 327, 325, 323 ]
LHandPositionsY: [ 251, 250, 249, 247, 247, 250, 249, 247, 246, 233, 216,
    204, 186, 173, 156, 145, 131, 120, 113, 110, 123, 129, 138, 134, 136,
    133, 123, 115, 120, 120, 118, 129, 138, 142, 139, 139, 124, 115, 116,
    118, 116, 115, 125, 136, 132, 135, 125, 120, 123, 121, 123, 120, 132,
    136, 142, 138, 141, 125, 124, 126, 125, 124, 120, 130, 138, 142, 150,
    163, 171, 183, 193, 209, 217, 218, 222, 230, 231, 235, 236, 235, 234,
    239, 237, 238, 238, 238, 238, 236, 239, 238, 239 ]
RHandPositionsX: [ 180, 180, 179, 180, 179, 176, 176, 180, 179, 176, 178,
    179, 176, 178, 176, 180, 176, 176, 177, 179, 178, 180, 177, 177, 179,
    177, 179, 176, 178, 178, 177, 175, 179, 178, 178, 176, 178, 176, 177,
    175, 174, 178, 178, 177, 178, 177, 178, 174, 174, 175, 178, 177, 174,
    175, 177, 177, 174, 174, 177, 177, 175, 175, 177, 175, 177, 175, 178,
    178, 178, 177, 177, 175, 178, 178, 176, 174, 175, 178, 177, 177, 174,
    175, 174, 177, 178, 178, 175, 176, 174, 177, 175 ]
RHandPositionsY: [ 258, 260, 259, 257, 259, 258, 258, 260, 260, 257, 259,
    257, 256, 259, 256, 260, 256, 259, 256, 258, 258, 257, 260, 256, 259,
    257, 260, 256, 260, 259, 258, 259, 260, 257, 259, 257, 257, 259, 256,
    259, 260, 256, 258, 260, 260, 256, 256, 260, 259, 260, 259, 256, 259,
    258, 260, 258, 256, 256, 259, 256, 258, 256, 260, 258, 260, 258, 259,
    258, 257, 260, 259, 258, 260, 257, 259, 259, 256, 257, 258, 258, 256,
    259, 260, 260, 260, 258, 259, 259, 258, 259, 258 ]
