%YAML:1.0
---
videoName: "LHShake14.mp4"
gestureLabel: 2
fps: 29
pixelSizeInCmTemp: 3.2808219178082193e-01
faceCenterPointX: 256
faceCenterPointY: 64
LHandPositionsX: [ 352, 352, 351, 356, 366, 382, 389, 389, 387, 378, 372,
    359, 357, 354, 362, 368, 380, 383, 383, 382, 375, 361, 352, 357, 354,
    361, 367, 379, 389, 384, 386, 376, 366, 359, 356, 354, 362, 370, 379,
    380, 384, 378, 370, 362, 360, 359, 358, 362, 374, 378, 376, 379, 372,
    366, 356, 348, 341, 338, 333, 331, 327, 330, 328, 331, 332, 330, 330,
    330, 331, 332, 332, 328, 331, 330, 330, 327, 327, 329, 330, 329, 329,
    327, 328, 331, 327, 327, 328, 329 ]
LHandPositionsY: [ 145, 144, 148, 145, 140, 141, 139, 141, 143, 143, 143,
    147, 147, 147, 145, 145, 141, 140, 138, 141, 138, 141, 147, 145, 146,
    148, 146, 143, 142, 144, 140, 142, 144, 146, 148, 149, 148, 143, 145,
    145, 144, 142, 142, 141, 140, 141, 141, 141, 140, 143, 145, 146, 148,
    155, 161, 165, 175, 187, 198, 211, 223, 231, 233, 238, 244, 247, 251,
    248, 249, 250, 252, 252, 252, 249, 252, 251, 248, 248, 251, 250, 252,
    250, 249, 252, 249, 249, 249, 252 ]
RHandPositionsX: [ 184, 184, 184, 183, 179, 180, 182, 181, 183, 182, 179,
    182, 181, 179, 181, 177, 176, 178, 179, 176, 178, 178, 176, 175, 176,
    179, 176, 178, 175, 178, 178, 177, 176, 176, 178, 176, 175, 175, 179,
    180, 178, 179, 179, 179, 178, 176, 179, 178, 178, 179, 175, 176, 177,
    179, 177, 178, 175, 176, 177, 178, 176, 175, 177, 176, 175, 178, 178,
    175, 176, 178, 175, 178, 176, 178, 177, 177, 176, 175, 178, 177, 175,
    175, 175, 175, 175, 179, 178, 175 ]
RHandPositionsY: [ 279, 278, 277, 276, 275, 277, 276, 279, 278, 278, 274,
    277, 275, 274, 277, 274, 276, 276, 273, 276, 273, 273, 273, 274, 275,
    277, 274, 273, 273, 277, 276, 275, 276, 277, 276, 276, 276, 276, 277,
    274, 276, 277, 273, 277, 276, 277, 273, 277, 277, 276, 274, 277, 274,
    275, 273, 273, 275, 277, 277, 273, 277, 276, 273, 274, 273, 274, 275,
    274, 275, 274, 273, 275, 277, 277, 275, 274, 274, 276, 274, 273, 276,
    273, 273, 277, 274, 275, 277, 277 ]
