%YAML:1.0
---
videoName: "LHShake18.mp4"
gestureLabel: 2
fps: 29
pixelSizeInCmTemp: 3.4214285714285714e-01
faceCenterPointX: 253
faceCenterPointY: 65
LHandPositionsX: [ 315, 314, 315, 313, 314, 313, 312, 315, 312, 313, 311,
    312, 311, 315, 313, 313, 316, 316, 324, 326, 332, 336, 342, 350, 350,
    349, 338, 323, 316, 298, 301, 304, 309, 311, 313, 315, 312, 308, 299,
    294, 294, 302, 306, 313, 313, 312, 304, 298, 288, 284, 285, 296, 305,
    315, 314, 309, 308, 291, 287, 289, 292, 302, 306, 310, 311, 307, 304,
    295, 295, 302, 304, 304, 306, 311, 314, 311, 304, 304, 307, 303, 307,
    308, 305, 310, 310, 311, 307, 310 ]
LHandPositionsY: [ 248, 249, 246, 247, 246, 246, 249, 250, 246, 247, 246,
    250, 250, 250, 250, 249, 245, 249, 246, 236, 216, 203, 191, 176, 165,
    158, 155, 147, 148, 139, 138, 145, 143, 143, 139, 141, 141, 145, 146,
    138, 135, 142, 144, 144, 147, 144, 150, 144, 145, 138, 143, 149, 146,
    147, 148, 147, 151, 145, 142, 143, 149, 150, 152, 151, 153, 156, 158,
    146, 149, 154, 154, 151, 152, 153, 164, 166, 174, 185, 195, 207, 214,
    219, 220, 234, 233, 231, 234, 235 ]
RHandPositionsX: [ 195, 194, 194, 198, 197, 196, 195, 195, 198, 198, 198,
    199, 195, 199, 197, 198, 199, 197, 195, 198, 195, 196, 196, 198, 199,
    197, 199, 197, 195, 195, 196, 194, 197, 199, 199, 195, 195, 197, 197,
    199, 198, 198, 197, 198, 197, 198, 196, 196, 199, 197, 196, 198, 197,
    199, 198, 195, 198, 198, 200, 198, 199, 195, 195, 198, 199, 198, 194,
    198, 195, 196, 197, 194, 198, 196, 194, 195, 196, 195, 195, 196, 195,
    194, 198, 194, 198, 197, 194, 195 ]
RHandPositionsY: [ 266, 264, 264, 262, 266, 266, 266, 263, 265, 267, 263,
    265, 267, 263, 263, 264, 264, 265, 264, 264, 264, 264, 265, 264, 264,
    267, 263, 264, 263, 264, 262, 264, 266, 263, 265, 264, 263, 265, 264,
    267, 268, 267, 268, 264, 266, 265, 264, 266, 267, 264, 266, 264, 268,
    268, 267, 265, 264, 265, 265, 269, 268, 267, 266, 266, 267, 265, 265,
    266, 264, 266, 266, 266, 268, 267, 264, 264, 268, 267, 267, 265, 266,
    267, 268, 266, 266, 265, 264, 264 ]
