%YAML:1.0
---
videoName: "LHShake15.mp4"
gestureLabel: 2
fps: 29
pixelSizeInCmTemp: 3.3263888888888887e-01
faceCenterPointX: 252
faceCenterPointY: 65
LHandPositionsX: [ 330, 329, 330, 329, 329, 327, 330, 328, 332, 330, 337,
    343, 346, 350, 360, 362, 370, 373, 380, 381, 380, 379, 365, 358, 349,
    342, 340, 340, 349, 351, 359, 358, 357, 362, 356, 346, 333, 328, 329,
    336, 344, 354, 354, 352, 349, 353, 351, 335, 327, 327, 328, 341, 353,
    358, 353, 352, 358, 353, 344, 336, 332, 333, 336, 339, 345, 349, 350,
    347, 347, 348, 339, 335, 330, 325, 321, 320, 323, 320, 324, 323, 327,
    327, 325, 326, 325, 328, 326, 328 ]
LHandPositionsY: [ 255, 254, 258, 257, 256, 254, 257, 255, 252, 254, 241,
    229, 217, 201, 186, 169, 154, 137, 119, 117, 118, 106, 105, 100, 107,
    106, 103, 100, 99, 95, 91, 95, 96, 95, 97, 97, 98, 97, 96, 98, 95,
    93, 98, 95, 96, 98, 100, 102, 103, 100, 97, 93, 94, 95, 93, 94, 97,
    102, 99, 101, 101, 98, 98, 96, 101, 99, 101, 99, 101, 100, 105, 122,
    135, 149, 167, 177, 195, 207, 221, 229, 234, 235, 238, 240, 238, 240,
    241, 241 ]
RHandPositionsX: [ 175, 176, 179, 175, 177, 179, 179, 178, 177, 179, 178,
    177, 175, 178, 179, 178, 178, 175, 178, 176, 179, 175, 175, 176, 179,
    179, 175, 175, 176, 178, 177, 178, 175, 176, 177, 179, 178, 177, 179,
    176, 177, 179, 178, 175, 175, 175, 178, 178, 176, 179, 179, 175, 176,
    176, 178, 178, 177, 177, 179, 178, 178, 176, 177, 179, 177, 179, 178,
    178, 179, 175, 178, 177, 176, 179, 178, 179, 179, 179, 178, 178, 175,
    177, 179, 176, 178, 179, 176, 177 ]
RHandPositionsY: [ 257, 259, 261, 257, 258, 258, 261, 259, 259, 258, 260,
    259, 261, 257, 260, 260, 261, 257, 260, 257, 260, 257, 258, 257, 258,
    259, 260, 261, 257, 260, 260, 259, 261, 258, 260, 261, 259, 257, 258,
    259, 257, 260, 260, 259, 259, 258, 260, 257, 261, 260, 258, 257, 257,
    257, 257, 258, 258, 258, 260, 258, 257, 260, 258, 257, 258, 261, 259,
    261, 261, 260, 260, 260, 257, 258, 260, 259, 257, 258, 259, 261, 261,
    258, 259, 260, 258, 258, 260, 259 ]
