%YAML:1.0
---
videoName: "LHShake02.mp4"
gestureLabel: 2
fps: 29
pixelSizeInCmTemp: 3.3263888888888887e-01
faceCenterPointX: 249
faceCenterPointY: 82
LHandPositionsX: [ 359, 360, 362, 369, 371, 381, 384, 387, 385, 389, 382,
    379, 374, 365, 367, 364, 363, 364, 368, 374, 383, 387, 385, 377, 376,
    369, 365, 367, 360, 362, 370, 369, 373, 376, 377, 381, 378, 379, 372,
    368, 364, 359, 361, 359, 358, 361, 367, 368, 371, 369, 369, 365, 364,
    358, 355, 356, 362, 365, 368, 372, 369, 368, 368, 364, 359, 354, 349,
    345, 343, 346, 344, 342, 341, 343, 342, 343, 345, 347, 345, 347, 347,
    347, 349, 349, 347, 346, 347, 348 ]
LHandPositionsY: [ 126, 121, 120, 114, 115, 112, 111, 108, 110, 108, 110,
    109, 113, 112, 112, 113, 113, 110, 109, 105, 103, 103, 103, 103, 101,
    107, 109, 107, 108, 108, 104, 102, 99, 101, 101, 98, 97, 96, 97, 99,
    100, 102, 104, 104, 104, 101, 103, 101, 100, 99, 102, 104, 106, 108,
    107, 107, 108, 108, 106, 106, 105, 101, 102, 107, 120, 137, 149, 161,
    163, 169, 177, 184, 194, 200, 206, 211, 215, 219, 225, 230, 229, 232,
    231, 232, 232, 236, 238, 237 ]
RHandPositionsX: [ 156, 153, 153, 154, 155, 153, 153, 155, 155, 155, 154,
    155, 154, 154, 157, 156, 153, 155, 153, 157, 156, 156, 153, 157, 153,
    153, 153, 157, 157, 156, 156, 155, 154, 157, 157, 155, 155, 156, 157,
    155, 155, 156, 157, 154, 155, 155, 154, 157, 155, 153, 154, 153, 157,
    157, 153, 155, 155, 154, 156, 154, 156, 156, 154, 153, 155, 154, 155,
    155, 156, 155, 153, 156, 157, 157, 153, 157, 155, 155, 156, 156, 154,
    156, 157, 155, 157, 154, 157, 157 ]
RHandPositionsY: [ 261, 262, 264, 261, 261, 261, 262, 262, 261, 261, 259,
    260, 262, 260, 261, 258, 259, 259, 258, 262, 258, 262, 261, 258, 261,
    260, 262, 258, 260, 260, 258, 260, 259, 261, 259, 261, 260, 262, 262,
    261, 258, 258, 258, 260, 258, 259, 260, 259, 260, 262, 261, 259, 258,
    259, 259, 260, 259, 258, 258, 261, 262, 259, 259, 262, 260, 262, 258,
    262, 261, 259, 261, 261, 258, 258, 259, 259, 259, 260, 260, 262, 261,
    262, 258, 260, 260, 262, 261, 259 ]
