%YAML:1.0
---
videoName: "LHShake05.mp4"
gestureLabel: 2
fps: 30
pixelSizeInCmTemp: 3.2364864864864862e-01
faceCenterPointX: 252
faceCenterPointY: 81
LHandPositionsX: [ 291, 291, 291, 294, 294, 292, 294, 295, 291, 293, 295,
    296, 301, 314, 323, 331, 340, 342, 343, 342, 340, 336, 331, 332, 330,
    332, 333, 335, 340, 346, 346, 337, 333, 323, 326, 322, 329, 331, 334,
    338, 338, 330, 320, 323, 320, 325, 328, 332, 338, 340, 332, 326, 326,
    326, 325, 326, 331, 336, 340, 336, 332, 329, 333, 329, 333, 334, 340,
    339, 339, 337, 335, 323, 321, 316, 311, 307, 305, 299, 296, 297, 294,
    293, 293, 292, 294, 294, 295, 294, 291, 293, 295 ]
LHandPositionsY: [ 270, 266, 268, 268, 267, 266, 265, 268, 264, 253, 241,
    229, 211, 201, 186, 172, 165, 161, 159, 153, 155, 155, 157, 155, 153,
    151, 151, 145, 140, 137, 134, 139, 143, 145, 146, 149, 142, 139, 140,
    137, 132, 140, 143, 145, 143, 140, 137, 138, 133, 129, 137, 141, 141,
    144, 144, 141, 138, 140, 134, 136, 141, 140, 143, 142, 143, 140, 139,
    139, 136, 140, 144, 149, 161, 168, 177, 186, 199, 210, 219, 229, 237,
    237, 239, 243, 245, 250, 249, 253, 253, 258, 258 ]
RHandPositionsX: [ 214, 211, 213, 214, 214, 212, 210, 214, 212, 213, 212,
    212, 212, 209, 210, 212, 211, 210, 211, 209, 212, 210, 209, 212, 208,
    208, 209, 209, 209, 207, 206, 208, 208, 210, 207, 210, 207, 208, 209,
    210, 210, 209, 206, 210, 210, 210, 210, 206, 209, 207, 206, 210, 206,
    206, 209, 209, 206, 206, 207, 209, 206, 210, 207, 210, 210, 206, 209,
    208, 209, 209, 208, 207, 210, 210, 208, 209, 210, 207, 208, 206, 208,
    208, 207, 207, 211, 207, 207, 212, 208, 208, 210 ]
RHandPositionsY: [ 266, 264, 264, 266, 264, 266, 266, 264, 265, 265, 262,
    263, 262, 264, 266, 266, 266, 263, 266, 266, 265, 265, 266, 263, 263,
    266, 265, 263, 266, 265, 265, 266, 265, 266, 262, 264, 264, 261, 264,
    264, 264, 265, 263, 265, 263, 262, 265, 262, 262, 262, 264, 264, 263,
    263, 265, 262, 263, 261, 264, 261, 262, 262, 262, 265, 264, 264, 261,
    261, 265, 262, 263, 261, 265, 264, 264, 263, 261, 263, 262, 261, 264,
    265, 261, 263, 261, 262, 261, 262, 264, 262, 261 ]
