%YAML:1.0
---
videoName: "LHShake20.mp4"
gestureLabel: 2
fps: 30
pixelSizeInCmTemp: 3.3732394366197183e-01
faceCenterPointX: 249
faceCenterPointY: 62
LHandPositionsX: [ 312, 316, 314, 315, 313, 317, 313, 313, 314, 319, 320,
    325, 332, 337, 340, 337, 332, 320, 315, 316, 314, 311, 315, 325, 336,
    340, 338, 337, 329, 322, 319, 316, 320, 322, 335, 342, 338, 340, 329,
    322, 325, 322, 321, 327, 333, 329, 330, 329, 322, 318, 322, 320, 320,
    326, 323, 326, 329, 328, 320, 319, 320, 320, 320, 318, 321, 320, 321,
    319, 318, 315, 314, 314, 313, 314, 314, 312, 316, 314, 313, 315, 312,
    316, 315, 315, 313, 312, 314, 312, 315, 315, 316 ]
LHandPositionsY: [ 248, 248, 247, 249, 250, 246, 247, 246, 234, 227, 216,
    205, 189, 180, 171, 166, 161, 159, 161, 163, 158, 154, 147, 149, 145,
    143, 144, 145, 143, 147, 148, 147, 149, 146, 145, 144, 140, 143, 143,
    145, 148, 149, 144, 141, 141, 143, 138, 141, 143, 145, 146, 148, 147,
    145, 137, 138, 134, 133, 135, 141, 145, 144, 146, 149, 147, 151, 160,
    169, 179, 188, 203, 214, 217, 218, 225, 229, 228, 230, 232, 229, 232,
    235, 234, 236, 238, 238, 238, 238, 238, 238, 238 ]
RHandPositionsX: [ 179, 180, 179, 180, 182, 182, 183, 180, 181, 183, 182,
    181, 179, 179, 182, 183, 181, 181, 182, 182, 181, 180, 180, 180, 180,
    182, 182, 180, 183, 181, 180, 181, 181, 179, 181, 183, 179, 179, 182,
    179, 182, 180, 182, 183, 181, 182, 183, 180, 179, 180, 180, 182, 182,
    181, 179, 180, 181, 180, 182, 182, 181, 182, 179, 181, 182, 180, 180,
    182, 182, 181, 183, 182, 181, 182, 181, 179, 182, 182, 182, 179, 181,
    181, 181, 182, 179, 179, 179, 181, 182, 182, 179 ]
RHandPositionsY: [ 253, 254, 254, 255, 256, 257, 253, 257, 255, 252, 254,
    255, 253, 252, 256, 256, 255, 256, 253, 253, 252, 255, 254, 252, 255,
    255, 253, 252, 252, 255, 253, 255, 255, 252, 253, 255, 253, 255, 251,
    255, 255, 253, 253, 252, 253, 251, 252, 255, 252, 251, 254, 251, 255,
    251, 252, 253, 252, 255, 254, 253, 255, 251, 251, 253, 253, 251, 254,
    251, 254, 252, 255, 254, 252, 251, 254, 255, 254, 253, 252, 254, 251,
    254, 255, 255, 251, 253, 252, 252, 253, 252, 251 ]
