%YAML:1.0
---
videoName: "LHShake20.mp4"
gestureLabel: 2
fps: 30
pixelSizeInCmTemp: 3.3732394366197183e-01
faceCenterPointX: 249
faceCenterPointY: 62
LHandPositionsX: [ 314, 314, 316, 313, 313, 317, 315, 312, 318, 317, 321,
    327, 334, 339, 343, 338, 328, 320, 311, 313, 313, 310, 316, 326, 336,
    340, 338, 338, 331, 323, 319, 319, 320, 325, 335, 342, 339, 340, 332,
    322, 323, 325, 319, 325, 332, 332, 331, 332, 322, 320, 322, 321, 322,
    326, 325, 330, 328, 325, 324, 320, 317, 320, 318, 319, 320, 322, 322,
    318, 317, 314, 312, 311, 314, 312, 315, 315, 316, 313, 314, 312, 312,
    315, 315, 312, 316, 312, 315, 313, 313, 313, 316 ]
LHandPositionsY: [ 249, 247, 248, 247, 248, 248, 246, 245, 237, 226, 216,
    201, 188, 180, 171, 165, 162, 156, 159, 160, 157, 157, 150, 148, 143,
    145, 145, 145, 144, 147, 148, 147, 146, 145, 143, 141, 139, 142, 142,
    146, 147, 149, 143, 145, 142, 143, 140, 139, 141, 147, 147, 146, 148,
    145, 137, 135, 136, 137, 135, 143, 145, 143, 145, 148, 147, 152, 158,
    168, 181, 192, 200, 215, 214, 219, 222, 228, 232, 232, 231, 230, 232,
    233, 232, 235, 235, 237, 238, 240, 238, 236, 236 ]
RHandPositionsX: [ 181, 179, 181, 179, 180, 182, 179, 179, 183, 180, 182,
    179, 180, 183, 180, 180, 182, 181, 180, 180, 182, 180, 180, 179, 181,
    183, 182, 180, 179, 183, 183, 179, 182, 182, 182, 183, 183, 182, 181,
    181, 179, 182, 183, 179, 180, 180, 183, 181, 181, 181, 180, 181, 182,
    181, 180, 181, 179, 182, 180, 179, 182, 183, 181, 179, 183, 182, 181,
    183, 180, 181, 183, 182, 179, 182, 182, 179, 180, 179, 178, 182, 180,
    181, 182, 179, 178, 182, 181, 182, 179, 179, 178 ]
RHandPositionsY: [ 253, 253, 257, 256, 254, 255, 257, 257, 254, 253, 254,
    252, 256, 255, 256, 253, 255, 255, 255, 256, 255, 255, 252, 252, 255,
    254, 255, 254, 255, 252, 251, 252, 252, 254, 255, 255, 252, 254, 252,
    255, 251, 254, 251, 254, 254, 254, 251, 251, 252, 255, 253, 254, 252,
    252, 252, 252, 255, 251, 253, 252, 254, 253, 251, 255, 253, 252, 253,
    254, 255, 254, 251, 253, 251, 255, 252, 254, 251, 251, 252, 252, 253,
    254, 255, 253, 254, 254, 253, 254, 255, 253, 252 ]
