%YAML:1.0
---
videoName: "LHShake21.mp4"
gestureLabel: 2
fps: 29
pixelSizeInCmTemp: 3.4214285714285714e-01
faceCenterPointX: 266
faceCenterPointY: 79
LHandPositionsX: [ 349, 352, 365, 372, 384, 394, 396, 406, 421, 415, 416,
    404, 387, 379, 372, 379, 376, 375, 384, 405, 401, 399, 398, 393, 383,
    373, 368, 370, 372, 371, 376, 393, 389, 385, 383, 380, 373, 372, 367,
    367, 367, 370, 378, 387, 389, 387, 397, 393, 383, 372, 363, 363, 367,
    366, 373, 380, 383, 385, 382, 389, 385, 383, 375, 367, 358, 348, 342,
    338, 336, 335, 337, 336, 335, 336, 333, 335, 330, 333, 331, 330, 334,
    333, 333, 332, 331, 334, 333, 330 ]
LHandPositionsY: [ 269, 263, 243, 225, 210, 194, 183, 169, 155, 149, 140,
    132, 134, 133, 131, 136, 131, 128, 129, 129, 131, 128, 133, 133, 134,
    130, 141, 140, 143, 138, 135, 131, 133, 132, 135, 133, 137, 145, 150,
    148, 148, 143, 139, 136, 138, 136, 138, 139, 140, 149, 154, 151, 155,
    152, 152, 145, 139, 143, 140, 147, 153, 161, 167, 180, 190, 200, 213,
    225, 238, 240, 244, 244, 248, 248, 249, 251, 254, 252, 252, 253, 252,
    251, 250, 254, 251, 252, 250, 254 ]
RHandPositionsX: [ 185, 185, 186, 187, 186, 187, 184, 188, 185, 184, 185,
    187, 188, 185, 188, 188, 186, 184, 187, 184, 188, 187, 188, 188, 187,
    187, 187, 186, 187, 186, 185, 184, 186, 186, 184, 186, 184, 185, 187,
    188, 186, 184, 188, 188, 187, 184, 186, 188, 188, 186, 184, 185, 184,
    185, 184, 187, 184, 188, 187, 184, 187, 186, 188, 184, 184, 186, 185,
    187, 187, 188, 187, 187, 187, 186, 186, 184, 184, 186, 188, 184, 184,
    187, 187, 184, 184, 187, 186, 186 ]
RHandPositionsY: [ 266, 268, 266, 267, 265, 268, 267, 269, 265, 266, 265,
    268, 268, 268, 267, 267, 266, 269, 265, 265, 267, 265, 267, 269, 267,
    265, 269, 265, 267, 266, 269, 267, 266, 266, 267, 267, 267, 266, 265,
    267, 269, 265, 268, 266, 268, 268, 265, 265, 265, 268, 267, 267, 268,
    267, 269, 269, 265, 267, 267, 265, 266, 265, 269, 269, 269, 269, 265,
    265, 265, 266, 268, 266, 269, 265, 268, 266, 269, 266, 268, 269, 267,
    266, 267, 269, 269, 267, 267, 269 ]
