%YAML:1.0
---
videoName: "LHShake06.mp4"
gestureLabel: 2
fps: 29
pixelSizeInCmTemp: 3.3732394366197183e-01
faceCenterPointX: 250
faceCenterPointY: 80
LHandPositionsX: [ 380, 386, 388, 384, 384, 382, 376, 370, 371, 371, 373,
    384, 386, 391, 397, 393, 394, 389, 376, 377, 375, 377, 388, 389, 393,
    391, 391, 388, 383, 381, 381, 380, 386, 386, 389, 388, 390, 384, 382,
    382, 380, 382, 386, 388, 389, 388, 390, 385, 382, 377, 379, 381, 388,
    392, 398, 401, 400, 394, 392, 387, 377, 368, 359, 359, 353, 349, 338,
    329, 318, 313, 309, 305, 306, 304, 301, 304, 301, 299, 302, 298, 300,
    302, 300, 300, 300, 299, 302, 301 ]
LHandPositionsY: [ 148, 147, 142, 141, 138, 139, 136, 136, 135, 135, 131,
    127, 130, 129, 126, 126, 131, 130, 135, 136, 136, 131, 129, 130, 129,
    125, 129, 127, 130, 127, 127, 127, 130, 127, 126, 123, 124, 126, 126,
    125, 127, 129, 128, 126, 124, 126, 123, 126, 126, 125, 126, 124, 127,
    125, 124, 121, 120, 122, 127, 127, 133, 138, 146, 152, 160, 174, 190,
    206, 215, 225, 228, 236, 235, 242, 246, 247, 249, 253, 250, 250, 253,
    251, 255, 255, 254, 252, 253, 255 ]
RHandPositionsX: [ 211, 212, 209, 210, 209, 209, 211, 213, 210, 213, 213,
    209, 210, 210, 213, 212, 212, 212, 213, 212, 212, 211, 210, 212, 210,
    213, 213, 210, 212, 212, 211, 208, 208, 212, 209, 208, 208, 210, 212,
    210, 211, 212, 211, 212, 209, 210, 208, 209, 207, 208, 211, 208, 207,
    209, 211, 209, 211, 209, 208, 207, 211, 207, 207, 207, 208, 209, 209,
    211, 209, 208, 208, 211, 208, 209, 212, 212, 212, 212, 210, 212, 210,
    208, 209, 210, 213, 212, 210, 213 ]
RHandPositionsY: [ 269, 268, 272, 267, 271, 269, 271, 268, 271, 271, 268,
    266, 267, 268, 269, 269, 267, 270, 269, 269, 266, 269, 265, 268, 267,
    266, 269, 267, 268, 269, 265, 265, 269, 267, 266, 268, 267, 265, 267,
    269, 266, 265, 266, 267, 267, 267, 267, 266, 266, 266, 265, 266, 265,
    266, 265, 269, 268, 267, 269, 265, 266, 266, 266, 269, 269, 269, 265,
    267, 268, 267, 269, 269, 268, 269, 269, 265, 268, 267, 265, 267, 265,
    267, 266, 265, 266, 269, 267, 269 ]
