%YAML:1.0
---
videoName: "LHShake04.mp4"
gestureLabel: 2
fps: 30
pixelSizeInCmTemp: 3.2808219178082193e-01
faceCenterPointX: 247
faceCenterPointY: 80
LHandPositionsX: [ 284, 280, 281, 284, 279, 281, 279, 281, 282, 283, 282,
    281, 279, 280, 281, 286, 288, 296, 309, 319, 332, 347, 358, 365, 374,
    369, 360, 356, 347, 345, 339, 333, 335, 338, 349, 362, 370, 367, 357,
    345, 338, 343, 344, 344, 350, 354, 355, 355, 352, 343, 339, 345, 343,
    349, 356, 356, 354, 349, 344, 345, 347, 350, 352, 361, 364, 366, 362,
    358, 355, 343, 332, 324, 313, 306, 299, 296, 291, 287, 291, 288, 286,
    287, 290, 288, 287, 288, 288, 287, 288, 285, 287 ]
LHandPositionsY: [ 271, 269, 268, 270, 268, 269, 269, 271, 269, 268, 269,
    270, 271, 268, 270, 268, 263, 251, 242, 232, 219, 205, 186, 175, 160,
    157, 153, 153, 134, 131, 132, 131, 125, 119, 118, 111, 111, 109, 117,
    116, 127, 129, 123, 128, 120, 118, 113, 112, 120, 119, 119, 121, 119,
    117, 116, 111, 111, 111, 114, 119, 113, 111, 108, 107, 107, 104, 108,
    113, 128, 144, 157, 173, 188, 201, 215, 225, 237, 245, 243, 245, 250,
    250, 250, 248, 248, 250, 254, 253, 250, 253, 250 ]
RHandPositionsX: [ 216, 214, 216, 216, 216, 217, 217, 218, 215, 218, 216,
    218, 217, 216, 218, 216, 214, 218, 215, 214, 217, 217, 217, 214, 218,
    216, 217, 216, 214, 216, 214, 215, 217, 215, 214, 217, 215, 216, 216,
    216, 218, 216, 217, 216, 216, 215, 216, 214, 218, 217, 216, 214, 215,
    214, 216, 216, 215, 214, 215, 218, 217, 217, 214, 217, 214, 218, 217,
    214, 218, 218, 214, 215, 218, 215, 214, 215, 215, 215, 216, 217, 215,
    215, 218, 215, 217, 218, 216, 214, 216, 218, 217 ]
RHandPositionsY: [ 269, 270, 268, 268, 267, 267, 266, 268, 269, 267, 269,
    270, 267, 269, 265, 267, 265, 268, 267, 266, 266, 264, 266, 266, 263,
    264, 265, 266, 266, 267, 267, 265, 267, 263, 263, 262, 264, 264, 264,
    264, 264, 265, 263, 264, 263, 264, 263, 262, 261, 262, 264, 262, 261,
    264, 262, 265, 264, 262, 264, 262, 263, 262, 263, 262, 262, 262, 262,
    263, 261, 262, 264, 261, 264, 261, 261, 262, 261, 264, 265, 263, 263,
    263, 262, 264, 263, 261, 262, 264, 263, 263, 261 ]
