%YAML:1.0
---
videoName: "LHShake22.mp4"
gestureLabel: 2
fps: 29
pixelSizeInCmTemp: 3.5220588235294115e-01
faceCenterPointX: 261
faceCenterPointY: 79
LHandPositionsX: [ 338, 346, 349, 356, 356, 356, 356, 352, 347, 335, 329,
    320, 322, 321, 321, 322, 330, 338, 345, 343, 345, 343, 337, 330, 322,
    324, 322, 326, 332, 338, 343, 340, 340, 336, 329, 320, 318, 315, 317,
    323, 327, 336, 334, 335, 336, 328, 324, 319, 321, 318, 323, 330, 335,
    342, 343, 345, 342, 335, 327, 318, 318, 315, 318, 324, 330, 335, 334,
    336, 335, 333, 327, 324, 320, 321, 321, 322, 321, 323, 328, 327, 325,
    327, 324, 327, 326, 323, 323, 327 ]
LHandPositionsY: [ 260, 253, 245, 236, 236, 219, 207, 206, 193, 187, 185,
    183, 184, 185, 181, 183, 176, 177, 174, 171, 170, 170, 174, 177, 178,
    176, 177, 179, 176, 174, 174, 170, 170, 170, 177, 177, 185, 184, 183,
    183, 179, 175, 176, 174, 175, 175, 179, 179, 183, 182, 182, 180, 179,
    175, 174, 175, 177, 179, 179, 184, 182, 183, 179, 178, 176, 180, 178,
    177, 184, 187, 194, 201, 212, 221, 229, 240, 240, 244, 246, 245, 245,
    248, 248, 252, 248, 247, 251, 250 ]
RHandPositionsX: [ 193, 192, 190, 192, 193, 190, 193, 192, 193, 193, 190,
    189, 193, 189, 191, 191, 193, 193, 189, 189, 193, 192, 193, 192, 193,
    189, 191, 190, 192, 192, 193, 191, 189, 190, 189, 189, 192, 190, 193,
    189, 190, 190, 190, 193, 193, 191, 191, 193, 190, 193, 192, 191, 193,
    192, 193, 189, 190, 189, 190, 189, 192, 189, 193, 190, 191, 190, 190,
    189, 192, 192, 190, 190, 193, 190, 191, 189, 191, 192, 191, 190, 189,
    189, 190, 191, 192, 191, 189, 191 ]
RHandPositionsY: [ 269, 269, 266, 266, 269, 267, 270, 270, 266, 268, 266,
    267, 269, 268, 269, 270, 268, 266, 267, 268, 269, 269, 270, 269, 270,
    267, 268, 266, 269, 269, 269, 267, 266, 269, 267, 267, 267, 267, 266,
    266, 267, 266, 268, 266, 270, 268, 268, 267, 268, 269, 267, 267, 266,
    266, 270, 268, 268, 269, 267, 267, 266, 266, 267, 269, 270, 266, 266,
    269, 269, 267, 268, 268, 270, 266, 266, 270, 269, 266, 266, 269, 268,
    266, 266, 270, 268, 270, 269, 266 ]
