%YAML:1.0
---
videoName: "LHShake15.mp4"
gestureLabel: 2
fps: 29
pixelSizeInCmTemp: 3.3263888888888887e-01
faceCenterPointX: 252
faceCenterPointY: 65
LHandPositionsX: [ 329, 328, 331, 331, 328, 330, 331, 331, 334, 331, 337,
    340, 348, 351, 357, 364, 368, 373, 379, 382, 380, 379, 365, 361, 347,
    343, 343, 338, 347, 352, 363, 358, 357, 363, 358, 344, 333, 332, 331,
    335, 347, 355, 357, 352, 351, 355, 347, 332, 327, 327, 328, 342, 350,
    356, 354, 352, 358, 354, 344, 335, 333, 329, 336, 342, 346, 351, 348,
    347, 350, 348, 340, 335, 326, 323, 323, 323, 323, 324, 324, 324, 326,
    325, 326, 326, 326, 326, 328, 325 ]
LHandPositionsY: [ 258, 255, 256, 257, 256, 258, 257, 256, 253, 254, 244,
    229, 215, 199, 185, 170, 154, 137, 122, 117, 117, 105, 102, 104, 106,
    106, 102, 101, 101, 98, 92, 92, 94, 96, 93, 95, 99, 100, 98, 94, 95,
    93, 97, 96, 96, 98, 99, 100, 102, 101, 98, 93, 92, 97, 96, 98, 95,
    101, 102, 99, 102, 98, 97, 100, 102, 101, 99, 98, 103, 102, 107, 119,
    139, 151, 167, 180, 195, 208, 220, 229, 231, 233, 240, 237, 241, 238,
    242, 242 ]
RHandPositionsX: [ 175, 178, 177, 179, 176, 177, 179, 179, 178, 177, 175,
    179, 176, 178, 176, 178, 178, 179, 176, 178, 178, 177, 176, 178, 176,
    178, 177, 178, 179, 175, 175, 178, 179, 175, 177, 177, 178, 177, 176,
    177, 176, 178, 176, 175, 176, 176, 178, 177, 176, 179, 176, 176, 179,
    175, 179, 176, 177, 178, 177, 179, 178, 175, 177, 178, 177, 178, 177,
    179, 179, 178, 179, 178, 175, 177, 176, 176, 176, 176, 179, 178, 178,
    176, 177, 176, 176, 179, 177, 179 ]
RHandPositionsY: [ 260, 260, 259, 257, 257, 261, 258, 261, 257, 258, 257,
    261, 260, 258, 260, 261, 259, 259, 258, 258, 259, 257, 260, 258, 258,
    258, 259, 258, 259, 259, 259, 257, 259, 260, 259, 260, 260, 257, 260,
    260, 257, 261, 258, 260, 258, 257, 258, 257, 258, 261, 261, 260, 261,
    259, 258, 258, 261, 259, 258, 261, 261, 260, 257, 259, 261, 257, 257,
    260, 261, 260, 259, 260, 259, 257, 261, 261, 258, 257, 257, 261, 258,
    261, 259, 261, 260, 260, 258, 259 ]
