%YAML:1.0
---
videoName: "LHShake20.mp4"
gestureLabel: 2
fps: 30
pixelSizeInCmTemp: 3.3732394366197183e-01
faceCenterPointX: 249
faceCenterPointY: 62
LHandPositionsX: [ 314, 314, 315, 315, 315, 317, 316, 314, 318, 317, 321,
    325, 333, 338, 341, 336, 330, 319, 311, 316, 313, 311, 317, 326, 337,
    339, 340, 340, 332, 324, 320, 316, 316, 323, 332, 341, 338, 341, 333,
    323, 326, 324, 319, 326, 335, 330, 330, 331, 323, 322, 321, 318, 318,
    327, 324, 329, 328, 326, 322, 318, 317, 318, 317, 320, 320, 322, 321,
    320, 316, 315, 314, 315, 316, 316, 312, 314, 315, 313, 312, 314, 315,
    315, 316, 316, 315, 316, 315, 312, 314, 313, 315 ]
LHandPositionsY: [ 250, 246, 250, 248, 249, 248, 246, 246, 235, 230, 219,
    205, 188, 180, 171, 165, 162, 157, 162, 159, 161, 158, 147, 146, 145,
    142, 143, 145, 140, 143, 148, 150, 149, 146, 142, 140, 142, 142, 141,
    148, 147, 147, 146, 144, 144, 141, 141, 141, 141, 148, 147, 146, 147,
    143, 141, 134, 137, 134, 139, 144, 143, 146, 144, 149, 149, 150, 159,
    166, 180, 190, 200, 212, 213, 221, 224, 227, 231, 232, 231, 231, 230,
    233, 233, 234, 234, 236, 238, 240, 240, 239, 236 ]
RHandPositionsX: [ 179, 180, 182, 179, 182, 180, 179, 183, 179, 181, 180,
    182, 183, 179, 181, 182, 182, 180, 180, 179, 179, 183, 183, 179, 181,
    182, 181, 180, 182, 182, 179, 182, 180, 180, 183, 182, 181, 179, 181,
    183, 179, 182, 180, 182, 182, 183, 182, 179, 180, 181, 182, 179, 183,
    182, 181, 183, 183, 179, 180, 181, 181, 180, 180, 183, 182, 181, 182,
    182, 183, 180, 183, 181, 181, 183, 179, 182, 179, 182, 180, 180, 179,
    178, 179, 181, 181, 178, 181, 182, 182, 180, 178 ]
RHandPositionsY: [ 254, 257, 256, 257, 255, 257, 255, 257, 253, 252, 254,
    252, 253, 254, 253, 253, 252, 252, 256, 253, 255, 256, 254, 254, 254,
    253, 252, 254, 252, 256, 251, 251, 251, 253, 253, 252, 252, 251, 254,
    251, 251, 254, 254, 252, 253, 254, 251, 255, 252, 253, 255, 254, 255,
    254, 254, 255, 252, 255, 252, 251, 254, 253, 253, 253, 255, 253, 253,
    251, 252, 251, 252, 252, 251, 253, 251, 254, 251, 255, 254, 253, 254,
    255, 253, 252, 254, 252, 252, 252, 251, 251, 252 ]
