%YAML:1.0
---
videoName: "LHShake09.mp4"
gestureLabel: 2
fps: 29
pixelSizeInCmTemp: 3.3263888888888887e-01
faceCenterPointX: 259
faceCenterPointY: 67
LHandPositionsX: [ 338, 337, 340, 337, 343, 348, 349, 353, 350, 357, 359,
    364, 371, 370, 368, 364, 362, 350, 339, 331, 333, 332, 329, 331, 338,
    345, 349, 351, 348, 347, 351, 347, 344, 339, 338, 334, 340, 344, 355,
    359, 366, 366, 365, 364, 356, 344, 340, 336, 336, 336, 340, 345, 352,
    353, 355, 355, 356, 350, 341, 335, 333, 337, 334, 337, 340, 348, 355,
    355, 354, 352, 351, 345, 337, 330, 327, 321, 320, 320, 322, 326, 326,
    327, 330, 332, 335, 333, 331, 332 ]
LHandPositionsY: [ 273, 271, 273, 274, 273, 269, 267, 258, 247, 236, 234,
    215, 202, 198, 185, 172, 168, 163, 158, 156, 156, 160, 155, 154, 150,
    150, 148, 146, 147, 145, 147, 149, 152, 152, 156, 156, 156, 153, 153,
    151, 151, 154, 151, 156, 154, 154, 158, 158, 158, 155, 152, 154, 153,
    150, 154, 150, 150, 151, 149, 154, 155, 151, 151, 154, 155, 151, 153,
    151, 149, 148, 152, 157, 161, 170, 182, 191, 206, 221, 234, 243, 246,
    250, 252, 252, 256, 259, 260, 257 ]
RHandPositionsX: [ 179, 179, 179, 179, 177, 177, 177, 177, 179, 178, 176,
    176, 180, 179, 176, 176, 177, 177, 179, 180, 180, 180, 177, 179, 177,
    177, 179, 179, 177, 179, 179, 176, 177, 177, 177, 180, 180, 176, 176,
    177, 176, 180, 178, 177, 179, 177, 176, 180, 178, 179, 176, 177, 177,
    180, 177, 180, 178, 179, 178, 177, 177, 176, 180, 180, 180, 179, 177,
    178, 178, 177, 178, 179, 180, 180, 178, 178, 177, 176, 178, 176, 177,
    179, 180, 178, 176, 177, 177, 180 ]
RHandPositionsY: [ 275, 278, 277, 279, 275, 275, 277, 278, 279, 279, 278,
    276, 276, 279, 279, 277, 275, 277, 277, 278, 278, 275, 277, 275, 275,
    279, 276, 277, 277, 275, 278, 278, 278, 277, 275, 275, 276, 278, 277,
    278, 277, 275, 275, 279, 275, 275, 278, 276, 275, 278, 278, 279, 275,
    279, 278, 276, 277, 279, 275, 277, 278, 279, 275, 276, 278, 278, 276,
    279, 276, 279, 278, 276, 276, 279, 276, 279, 278, 275, 278, 277, 277,
    275, 275, 279, 276, 275, 277, 278 ]
