%YAML:1.0
---
videoName: "LHShake17.mp4"
gestureLabel: 2
fps: 30
pixelSizeInCmTemp: 3.3732394366197183e-01
faceCenterPointX: 248
faceCenterPointY: 64
LHandPositionsX: [ 323, 325, 325, 322, 321, 323, 327, 328, 330, 334, 343,
    354, 364, 373, 390, 397, 407, 408, 403, 386, 375, 361, 353, 354, 354,
    358, 372, 381, 379, 382, 375, 362, 353, 345, 346, 349, 357, 366, 366,
    368, 366, 362, 353, 352, 351, 353, 364, 373, 378, 376, 373, 372, 361,
    350, 346, 348, 350, 353, 363, 367, 365, 367, 363, 359, 350, 343, 339,
    338, 334, 334, 332, 332, 333, 332, 332, 328, 326, 329, 329, 328, 324,
    325, 324, 327, 323, 325, 325, 324, 327, 327, 325 ]
LHandPositionsY: [ 250, 250, 247, 250, 247, 251, 250, 245, 246, 233, 215,
    203, 186, 171, 156, 144, 132, 121, 112, 112, 124, 129, 138, 134, 138,
    133, 124, 119, 119, 118, 116, 131, 138, 139, 138, 141, 125, 117, 116,
    121, 120, 116, 128, 134, 131, 135, 126, 120, 123, 121, 120, 120, 130,
    137, 142, 141, 138, 125, 123, 124, 125, 123, 120, 129, 138, 142, 151,
    163, 171, 184, 196, 208, 218, 220, 224, 227, 232, 233, 233, 233, 238,
    236, 240, 237, 236, 236, 237, 238, 237, 236, 239 ]
RHandPositionsX: [ 177, 180, 176, 179, 177, 178, 178, 176, 180, 179, 178,
    180, 180, 179, 179, 176, 176, 178, 178, 176, 178, 179, 176, 179, 176,
    179, 177, 179, 179, 177, 177, 176, 178, 175, 177, 176, 179, 176, 177,
    174, 178, 177, 178, 174, 178, 177, 176, 175, 178, 176, 174, 177, 177,
    174, 175, 176, 175, 174, 175, 176, 178, 174, 175, 176, 177, 178, 176,
    176, 174, 176, 175, 175, 175, 177, 175, 175, 176, 176, 175, 175, 178,
    175, 177, 177, 177, 175, 174, 177, 178, 178, 176 ]
RHandPositionsY: [ 260, 259, 257, 260, 259, 258, 259, 260, 256, 257, 260,
    256, 258, 258, 257, 259, 260, 256, 258, 258, 257, 257, 257, 256, 258,
    256, 256, 260, 259, 258, 256, 259, 256, 256, 256, 260, 259, 260, 256,
    259, 259, 258, 260, 259, 259, 258, 260, 257, 257, 258, 258, 259, 256,
    256, 257, 260, 256, 257, 258, 260, 257, 259, 260, 260, 259, 258, 260,
    258, 259, 259, 260, 260, 257, 259, 256, 256, 257, 256, 257, 256, 256,
    260, 259, 256, 256, 257, 257, 257, 256, 259, 260 ]
