%YAML:1.0
---
videoName: "LHShake05.mp4"
gestureLabel: 2
fps: 30
pixelSizeInCmTemp: 3.2364864864864862e-01
faceCenterPointX: 252
faceCenterPointY: 81
LHandPositionsX: [ 294, 294, 295, 295, 294, 293, 292, 292, 292, 291, 292,
    294, 302, 313, 324, 333, 344, 342, 341, 342, 342, 338, 331, 331, 329,
    332, 332, 337, 340, 344, 346, 340, 332, 321, 325, 326, 329, 332, 335,
    339, 338, 330, 320, 323, 320, 322, 326, 331, 338, 340, 336, 326, 323,
    325, 326, 325, 331, 334, 340, 339, 335, 333, 331, 329, 330, 337, 341,
    341, 342, 339, 333, 325, 322, 313, 312, 308, 302, 301, 299, 295, 297,
    293, 295, 295, 291, 293, 295, 294, 294, 293, 295 ]
LHandPositionsY: [ 267, 267, 266, 267, 270, 265, 268, 264, 264, 253, 241,
    227, 210, 197, 185, 173, 163, 160, 156, 154, 153, 152, 154, 154, 154,
    154, 148, 143, 142, 136, 132, 136, 147, 149, 145, 147, 142, 142, 140,
    136, 133, 136, 144, 143, 144, 141, 139, 137, 132, 133, 138, 141, 142,
    141, 144, 144, 141, 140, 137, 138, 140, 140, 141, 142, 141, 140, 139,
    139, 137, 139, 143, 151, 162, 170, 179, 187, 199, 209, 219, 228, 233,
    234, 237, 243, 248, 251, 251, 251, 250, 255, 260 ]
RHandPositionsX: [ 213, 210, 214, 213, 214, 212, 212, 210, 211, 211, 210,
    211, 213, 211, 212, 212, 210, 209, 211, 210, 212, 209, 209, 211, 208,
    210, 208, 209, 207, 206, 208, 210, 210, 206, 208, 207, 208, 208, 208,
    209, 206, 208, 206, 210, 207, 206, 208, 210, 208, 210, 210, 210, 207,
    207, 207, 210, 208, 206, 209, 208, 207, 207, 209, 206, 207, 207, 208,
    210, 208, 207, 210, 208, 208, 206, 207, 209, 208, 210, 206, 208, 210,
    206, 210, 206, 209, 211, 209, 208, 208, 208, 210 ]
RHandPositionsY: [ 262, 265, 262, 262, 262, 263, 262, 263, 266, 266, 263,
    264, 262, 264, 262, 266, 264, 264, 265, 262, 262, 266, 264, 262, 265,
    266, 266, 264, 263, 262, 266, 264, 263, 264, 264, 261, 262, 261, 263,
    264, 262, 263, 261, 265, 264, 264, 262, 264, 262, 264, 265, 265, 264,
    261, 263, 261, 261, 262, 263, 262, 264, 264, 262, 264, 265, 265, 265,
    261, 265, 262, 265, 262, 263, 265, 262, 264, 264, 263, 262, 264, 265,
    263, 261, 261, 264, 261, 263, 264, 263, 263, 264 ]
