%YAML:1.0
---
videoName: "LHShake02.mp4"
gestureLabel: 2
fps: 29
pixelSizeInCmTemp: 3.3263888888888887e-01
faceCenterPointX: 249
faceCenterPointY: 82
LHandPositionsX: [ 359, 360, 360, 369, 372, 378, 386, 387, 389, 385, 386,
    380, 372, 365, 367, 364, 362, 367, 368, 377, 383, 388, 385, 377, 377,
    369, 365, 363, 362, 366, 369, 371, 374, 377, 379, 379, 379, 378, 376,
    370, 364, 360, 358, 359, 358, 359, 364, 371, 371, 369, 370, 366, 365,
    361, 359, 356, 364, 363, 370, 370, 370, 369, 367, 363, 359, 355, 349,
    346, 344, 344, 342, 341, 342, 342, 342, 346, 345, 347, 346, 348, 346,
    350, 348, 350, 349, 349, 346, 349 ]
LHandPositionsY: [ 123, 121, 116, 114, 113, 112, 112, 112, 111, 111, 111,
    111, 110, 111, 115, 115, 110, 111, 110, 108, 102, 102, 105, 104, 102,
    107, 107, 111, 107, 108, 102, 104, 98, 100, 99, 99, 96, 97, 97, 98,
    101, 102, 104, 105, 105, 104, 103, 99, 100, 102, 103, 103, 107, 107,
    108, 107, 109, 107, 103, 106, 103, 102, 103, 107, 121, 135, 148, 162,
    162, 170, 176, 186, 194, 198, 204, 211, 215, 222, 223, 231, 227, 232,
    230, 231, 235, 233, 235, 238 ]
RHandPositionsX: [ 157, 157, 153, 153, 155, 154, 153, 156, 154, 157, 154,
    153, 154, 155, 155, 156, 157, 157, 153, 154, 157, 155, 153, 153, 157,
    155, 155, 157, 155, 157, 153, 156, 156, 154, 155, 155, 153, 156, 157,
    157, 156, 155, 156, 155, 154, 154, 153, 156, 153, 154, 154, 155, 155,
    157, 155, 156, 155, 155, 157, 156, 154, 157, 153, 153, 156, 156, 156,
    155, 157, 155, 154, 154, 154, 154, 153, 154, 153, 155, 154, 154, 153,
    156, 154, 156, 157, 154, 155, 156 ]
RHandPositionsY: [ 262, 263, 265, 261, 263, 260, 260, 260, 261, 260, 263,
    262, 261, 258, 259, 259, 258, 259, 259, 259, 259, 258, 262, 262, 262,
    261, 260, 258, 258, 262, 261, 259, 262, 259, 260, 262, 258, 262, 262,
    261, 258, 259, 261, 262, 260, 259, 259, 260, 259, 259, 258, 258, 260,
    261, 262, 260, 258, 260, 258, 262, 262, 262, 261, 260, 258, 260, 258,
    259, 262, 259, 262, 258, 260, 262, 261, 260, 261, 262, 258, 258, 261,
    259, 262, 261, 258, 261, 261, 261 ]
