%YAML:1.0
---
videoName: "LHShake17.mp4"
gestureLabel: 2
fps: 30
pixelSizeInCmTemp: 3.3732394366197183e-01
faceCenterPointX: 248
faceCenterPointY: 64
LHandPositionsX: [ 323, 324, 324, 323, 321, 325, 323, 325, 327, 334, 345,
    355, 365, 375, 386, 396, 406, 408, 401, 389, 372, 358, 353, 353, 351,
    359, 371, 379, 377, 382, 374, 365, 351, 347, 348, 350, 356, 364, 367,
    365, 366, 363, 355, 353, 349, 357, 367, 371, 376, 374, 374, 371, 364,
    351, 346, 346, 347, 355, 363, 363, 364, 369, 365, 358, 350, 342, 340,
    336, 337, 335, 333, 334, 333, 330, 329, 331, 326, 327, 325, 327, 328,
    325, 325, 326, 325, 323, 327, 327, 327, 326, 325 ]
LHandPositionsY: [ 250, 250, 250, 250, 249, 249, 249, 247, 248, 233, 219,
    200, 188, 171, 159, 145, 129, 121, 113, 111, 122, 128, 136, 136, 135,
    133, 122, 115, 121, 120, 117, 128, 138, 138, 138, 139, 126, 117, 116,
    120, 119, 113, 127, 132, 134, 137, 122, 117, 122, 124, 119, 120, 129,
    138, 142, 141, 140, 126, 122, 126, 127, 121, 120, 130, 135, 146, 152,
    163, 170, 180, 193, 207, 221, 218, 223, 228, 232, 234, 234, 233, 238,
    237, 238, 237, 237, 239, 238, 239, 237, 235, 236 ]
RHandPositionsX: [ 176, 176, 180, 176, 178, 179, 178, 178, 179, 179, 178,
    179, 179, 176, 176, 179, 178, 177, 179, 178, 180, 176, 177, 176, 176,
    177, 177, 175, 176, 175, 178, 178, 177, 176, 178, 175, 176, 179, 175,
    175, 178, 177, 177, 176, 174, 175, 175, 178, 178, 178, 177, 175, 176,
    178, 175, 175, 177, 177, 175, 174, 174, 178, 175, 176, 178, 178, 175,
    175, 177, 177, 174, 175, 175, 175, 174, 178, 178, 174, 178, 174, 177,
    175, 176, 174, 174, 177, 175, 176, 178, 175, 175 ]
RHandPositionsY: [ 260, 256, 259, 260, 257, 258, 259, 257, 259, 258, 260,
    259, 260, 256, 260, 259, 256, 260, 256, 260, 260, 258, 257, 260, 256,
    256, 258, 260, 258, 260, 260, 260, 260, 260, 258, 258, 258, 257, 259,
    257, 257, 256, 260, 260, 258, 256, 259, 256, 258, 258, 256, 257, 257,
    258, 260, 260, 260, 260, 259, 256, 258, 256, 260, 257, 260, 260, 259,
    258, 258, 257, 256, 256, 256, 260, 258, 258, 256, 259, 257, 257, 257,
    259, 260, 256, 260, 258, 256, 256, 256, 260, 260 ]
