%YAML:1.0
---
videoName: "LHShake01.mp4"
gestureLabel: 2
fps: 29
pixelSizeInCmTemp: 3.4214285714285714e-01
faceCenterPointX: 252
faceCenterPointY: 84
LHandPositionsX: [ 365, 367, 365, 366, 360, 355, 346, 341, 336, 330, 330,
    336, 339, 346, 348, 351, 358, 353, 353, 346, 346, 342, 342, 339, 335,
    341, 343, 347, 351, 352, 351, 350, 347, 342, 339, 332, 333, 333, 335,
    343, 346, 349, 349, 350, 347, 344, 344, 341, 337, 333, 331, 334, 338,
    341, 345, 349, 349, 350, 348, 350, 347, 339, 336, 332, 329, 328, 331,
    334, 331, 327, 332, 333, 338, 339, 339, 343, 343, 346, 346, 349, 348,
    347, 350, 348, 351, 352, 352, 350 ]
LHandPositionsY: [ 147, 139, 131, 126, 122, 118, 117, 119, 122, 123, 120,
    121, 123, 118, 115, 110, 110, 109, 109, 112, 110, 110, 114, 113, 112,
    114, 109, 107, 106, 107, 106, 107, 108, 107, 113, 114, 113, 111, 113,
    109, 111, 107, 105, 104, 104, 109, 107, 105, 106, 108, 108, 107, 109,
    104, 105, 105, 105, 103, 105, 102, 104, 106, 109, 124, 134, 142, 150,
    161, 162, 162, 170, 182, 192, 200, 207, 215, 219, 220, 220, 223, 224,
    226, 230, 229, 231, 228, 230, 229 ]
RHandPositionsX: [ 156, 155, 157, 155, 157, 155, 157, 153, 154, 155, 157,
    157, 156, 153, 153, 154, 153, 157, 153, 156, 154, 157, 153, 153, 154,
    155, 154, 154, 154, 157, 153, 157, 154, 155, 156, 153, 153, 153, 155,
    155, 157, 156, 157, 154, 155, 154, 157, 154, 154, 157, 155, 156, 156,
    153, 157, 153, 153, 157, 157, 156, 156, 153, 157, 153, 153, 153, 153,
    153, 155, 156, 157, 153, 155, 157, 154, 154, 154, 157, 156, 157, 153,
    156, 156, 153, 153, 155, 156, 154 ]
RHandPositionsY: [ 268, 269, 269, 268, 269, 269, 269, 267, 266, 268, 266,
    266, 267, 264, 267, 264, 264, 263, 266, 265, 266, 264, 262, 263, 264,
    264, 262, 265, 264, 262, 264, 263, 262, 261, 260, 262, 261, 263, 260,
    262, 260, 263, 261, 264, 263, 263, 261, 260, 260, 262, 259, 259, 263,
    261, 260, 259, 261, 262, 260, 262, 261, 262, 263, 260, 263, 262, 260,
    260, 262, 260, 261, 259, 263, 263, 260, 259, 261, 261, 259, 261, 262,
    261, 262, 262, 263, 260, 259, 263 ]
