%YAML:1.0
---
videoName: "LHShake19.mp4"
gestureLabel: 2
fps: 29
pixelSizeInCmTemp: 3.3732394366197183e-01
faceCenterPointX: 250
faceCenterPointY: 62
LHandPositionsX: [ 305, 309, 307, 309, 306, 309, 306, 305, 309, 308, 307,
    305, 306, 309, 308, 307, 311, 318, 322, 324, 325, 322, 309, 292, 288,
    289, 290, 299, 305, 314, 315, 311, 306, 297, 287, 290, 292, 300, 310,
    318, 319, 314, 304, 294, 289, 296, 301, 304, 313, 313, 313, 308, 294,
    293, 295, 299, 308, 316, 314, 315, 313, 308, 303, 300, 296, 294, 290,
    295, 296, 300, 301, 301, 305, 306, 304, 306, 307, 308, 308, 310, 311,
    311, 308, 307, 308, 309, 311, 311 ]
LHandPositionsY: [ 252, 249, 250, 252, 251, 251, 250, 250, 251, 248, 252,
    248, 247, 250, 244, 241, 230, 213, 203, 190, 178, 171, 161, 163, 155,
    153, 160, 155, 154, 154, 155, 154, 155, 155, 152, 149, 152, 153, 151,
    151, 149, 151, 154, 150, 148, 154, 155, 151, 154, 151, 155, 156, 146,
    147, 156, 155, 155, 152, 152, 150, 151, 153, 159, 161, 168, 174, 178,
    191, 199, 208, 218, 218, 219, 219, 225, 231, 230, 233, 234, 237, 237,
    237, 238, 236, 240, 239, 237, 239 ]
RHandPositionsX: [ 198, 195, 195, 199, 196, 198, 195, 199, 197, 199, 198,
    197, 199, 196, 196, 195, 197, 196, 195, 195, 199, 198, 195, 195, 197,
    198, 194, 194, 194, 193, 194, 197, 196, 192, 194, 194, 194, 193, 195,
    191, 191, 191, 194, 194, 192, 195, 192, 191, 191, 191, 192, 192, 192,
    195, 191, 195, 193, 194, 194, 191, 193, 194, 193, 193, 192, 195, 193,
    192, 193, 193, 192, 191, 192, 194, 191, 191, 195, 192, 191, 191, 193,
    193, 191, 192, 192, 194, 194, 191 ]
RHandPositionsY: [ 258, 256, 254, 257, 256, 258, 257, 258, 255, 257, 255,
    254, 256, 258, 254, 258, 258, 258, 256, 257, 254, 256, 254, 256, 257,
    256, 254, 254, 255, 256, 255, 256, 257, 254, 255, 254, 255, 257, 258,
    254, 257, 257, 258, 255, 255, 257, 254, 255, 256, 255, 255, 256, 255,
    258, 257, 257, 257, 256, 257, 254, 257, 255, 258, 258, 258, 255, 256,
    258, 257, 257, 258, 256, 255, 257, 254, 258, 256, 254, 254, 254, 256,
    254, 258, 258, 255, 257, 255, 256 ]
