%YAML:1.0
---
videoName: "LHShake23.mp4"
gestureLabel: 2
fps: 30
pixelSizeInCmTemp: 3.3263888888888887e-01
faceCenterPointX: 259
faceCenterPointY: 79
LHandPositionsX: [ 333, 330, 332, 333, 334, 333, 334, 334, 332, 335, 335,
    334, 338, 346, 346, 361, 369, 371, 373, 378, 380, 381, 377, 366, 355,
    352, 355, 352, 354, 364, 371, 379, 386, 385, 384, 378, 369, 361, 362,
    360, 361, 370, 379, 384, 384, 380, 380, 374, 365, 356, 354, 351, 354,
    363, 375, 380, 379, 381, 379, 374, 366, 355, 358, 358, 357, 363, 374,
    381, 379, 376, 376, 374, 371, 361, 358, 350, 348, 345, 343, 339, 338,
    339, 338, 336, 338, 334, 336, 336, 334, 336, 337 ]
LHandPositionsY: [ 264, 263, 266, 262, 264, 263, 266, 265, 265, 263, 261,
    252, 242, 232, 230, 214, 200, 198, 194, 188, 179, 170, 167, 166, 167,
    167, 167, 167, 169, 168, 164, 159, 157, 161, 157, 160, 164, 164, 164,
    162, 165, 166, 160, 158, 159, 158, 159, 158, 161, 166, 163, 167, 169,
    165, 165, 162, 164, 164, 165, 164, 167, 169, 166, 170, 169, 169, 169,
    168, 169, 165, 168, 170, 176, 182, 194, 200, 212, 225, 241, 250, 247,
    250, 249, 253, 254, 252, 256, 253, 255, 254, 252 ]
RHandPositionsX: [ 185, 184, 186, 182, 185, 185, 182, 185, 186, 182, 184,
    184, 185, 182, 183, 185, 184, 185, 182, 183, 182, 186, 183, 183, 183,
    184, 186, 186, 185, 186, 184, 184, 186, 184, 185, 182, 185, 184, 184,
    185, 185, 185, 184, 183, 185, 186, 186, 183, 183, 182, 183, 183, 184,
    183, 185, 183, 183, 185, 182, 184, 186, 182, 184, 185, 183, 183, 186,
    186, 183, 185, 183, 182, 182, 186, 184, 184, 182, 183, 184, 185, 184,
    185, 184, 183, 183, 183, 186, 186, 182, 184, 184 ]
RHandPositionsY: [ 273, 272, 270, 274, 270, 272, 271, 271, 273, 273, 272,
    273, 271, 272, 271, 274, 273, 273, 271, 270, 272, 274, 272, 272, 272,
    270, 270, 270, 270, 271, 272, 273, 271, 274, 270, 272, 271, 270, 274,
    271, 271, 270, 272, 274, 274, 271, 272, 270, 270, 272, 272, 271, 272,
    274, 273, 274, 274, 273, 271, 273, 273, 270, 274, 271, 273, 271, 270,
    270, 273, 272, 274, 272, 271, 271, 271, 270, 271, 271, 270, 271, 271,
    273, 272, 274, 274, 273, 272, 270, 274, 273, 272 ]
