%YAML:1.0
---
videoName: "LHShake24.mp4"
gestureLabel: 2
fps: 30
pixelSizeInCmTemp: 3.4214285714285714e-01
faceCenterPointX: 255
faceCenterPointY: 77
LHandPositionsX: [ 328, 328, 327, 327, 329, 326, 326, 326, 329, 332, 332,
    333, 343, 348, 352, 359, 368, 374, 382, 378, 383, 378, 372, 361, 348,
    340, 343, 340, 342, 351, 360, 367, 379, 378, 376, 373, 368, 357, 344,
    337, 342, 339, 342, 351, 362, 363, 368, 369, 361, 354, 346, 340, 340,
    338, 345, 355, 366, 370, 367, 371, 368, 362, 351, 346, 347, 345, 347,
    352, 360, 369, 370, 368, 368, 357, 352, 342, 337, 333, 330, 324, 325,
    325, 325, 324, 328, 326, 329, 326, 325, 327, 326 ]
LHandPositionsY: [ 264, 260, 260, 262, 262, 263, 264, 261, 264, 258, 257,
    255, 247, 235, 223, 207, 197, 184, 170, 171, 161, 151, 152, 156, 157,
    164, 164, 163, 160, 163, 156, 152, 147, 148, 150, 144, 147, 149, 152,
    154, 155, 152, 155, 152, 149, 151, 151, 149, 151, 153, 161, 165, 164,
    161, 160, 159, 160, 156, 158, 153, 156, 159, 162, 161, 163, 163, 161,
    161, 162, 157, 158, 157, 159, 157, 158, 161, 171, 178, 189, 196, 207,
    221, 231, 232, 236, 241, 241, 249, 245, 248, 247 ]
RHandPositionsX: [ 179, 183, 181, 181, 180, 183, 183, 181, 180, 182, 179,
    183, 183, 179, 180, 181, 183, 179, 183, 182, 183, 182, 181, 183, 183,
    179, 181, 181, 179, 183, 182, 181, 183, 179, 183, 179, 183, 182, 179,
    179, 182, 183, 181, 179, 181, 182, 180, 179, 182, 182, 183, 183, 181,
    179, 180, 181, 182, 179, 180, 180, 179, 181, 183, 179, 179, 182, 181,
    180, 182, 179, 181, 182, 181, 183, 183, 180, 180, 181, 182, 179, 180,
    182, 179, 181, 183, 180, 180, 182, 180, 180, 182 ]
RHandPositionsY: [ 270, 270, 267, 271, 269, 268, 270, 267, 268, 270, 268,
    267, 268, 267, 268, 271, 269, 267, 269, 271, 269, 270, 270, 268, 271,
    271, 269, 270, 271, 267, 267, 267, 267, 268, 270, 270, 270, 267, 267,
    271, 270, 269, 269, 267, 268, 268, 269, 268, 268, 267, 267, 271, 268,
    270, 271, 269, 269, 268, 268, 270, 269, 268, 271, 267, 267, 270, 269,
    268, 267, 270, 271, 270, 269, 271, 270, 269, 271, 267, 269, 269, 268,
    268, 270, 269, 271, 268, 267, 270, 267, 271, 271 ]
