%YAML:1.0
---
videoName: "LHShake09.mp4"
gestureLabel: 2
fps: 29
pixelSizeInCmTemp: 3.3263888888888887e-01
faceCenterPointX: 259
faceCenterPointY: 67
LHandPositionsX: [ 336, 338, 337, 339, 342, 344, 349, 353, 349, 359, 360,
    363, 367, 369, 366, 365, 361, 351, 341, 332, 332, 331, 328, 331, 338,
    349, 348, 347, 346, 346, 351, 349, 343, 337, 337, 336, 338, 345, 352,
    359, 365, 364, 368, 362, 354, 345, 336, 337, 338, 336, 337, 348, 354,
    354, 354, 357, 357, 351, 343, 337, 336, 336, 335, 338, 344, 348, 353,
    353, 355, 354, 348, 344, 337, 333, 326, 321, 320, 322, 322, 326, 326,
    330, 332, 334, 335, 333, 331, 331 ]
LHandPositionsY: [ 273, 271, 271, 273, 271, 271, 264, 258, 251, 235, 233,
    218, 200, 196, 184, 176, 166, 161, 157, 156, 159, 160, 159, 153, 153,
    151, 146, 148, 146, 146, 151, 149, 150, 153, 153, 155, 154, 152, 153,
    155, 152, 154, 153, 152, 157, 156, 158, 156, 154, 153, 156, 153, 154,
    153, 154, 152, 151, 150, 149, 151, 151, 151, 152, 151, 155, 153, 150,
    151, 148, 150, 153, 154, 162, 169, 181, 195, 204, 218, 230, 241, 244,
    248, 252, 255, 256, 259, 258, 258 ]
RHandPositionsX: [ 177, 179, 176, 176, 180, 180, 180, 177, 180, 179, 179,
    178, 176, 177, 176, 180, 180, 180, 180, 178, 179, 178, 177, 180, 177,
    179, 177, 180, 180, 176, 176, 178, 178, 179, 178, 180, 178, 178, 180,
    177, 180, 179, 178, 176, 179, 179, 176, 176, 178, 178, 176, 176, 180,
    179, 180, 178, 179, 176, 179, 180, 176, 178, 177, 177, 179, 179, 180,
    180, 179, 177, 178, 180, 179, 177, 179, 177, 178, 179, 180, 176, 180,
    180, 180, 176, 176, 178, 180, 180 ]
RHandPositionsY: [ 275, 277, 275, 278, 275, 276, 278, 276, 277, 278, 278,
    276, 279, 276, 276, 279, 279, 278, 277, 277, 278, 277, 276, 279, 275,
    275, 278, 277, 276, 278, 278, 278, 278, 279, 276, 276, 277, 275, 276,
    279, 277, 276, 278, 276, 275, 278, 277, 279, 278, 277, 276, 278, 278,
    279, 277, 279, 278, 275, 275, 276, 275, 276, 279, 279, 276, 279, 276,
    275, 276, 279, 279, 279, 275, 276, 278, 276, 275, 276, 276, 278, 278,
    276, 277, 279, 277, 277, 275, 278 ]
