%YAML:1.0
---
videoName: "LHShake20.mp4"
gestureLabel: 2
fps: 30
pixelSizeInCmTemp: 3.3732394366197183e-01
faceCenterPointX: 249
faceCenterPointY: 62
LHandPositionsX: [ 312, 315, 316, 313, 316, 317, 316, 315, 318, 315, 321,
    329, 336, 337, 343, 339, 329, 322, 315, 316, 314, 314, 316, 327, 338,
    338, 340, 337, 331, 322, 317, 320, 317, 326, 334, 343, 341, 339, 331,
    324, 324, 323, 323, 325, 333, 333, 330, 328, 323, 320, 321, 321, 322,
    327, 324, 327, 327, 324, 321, 321, 319, 319, 318, 319, 322, 320, 320,
    320, 317, 315, 312, 314, 313, 314, 316, 314, 312, 312, 316, 312, 313,
    312, 312, 314, 313, 315, 314, 312, 312, 312, 314 ]
LHandPositionsY: [ 250, 248, 250, 249, 250, 247, 246, 243, 238, 229, 219,
    202, 188, 179, 172, 165, 162, 159, 158, 163, 159, 156, 151, 145, 144,
    145, 144, 143, 142, 145, 147, 146, 148, 146, 142, 141, 141, 141, 141,
    148, 145, 148, 143, 145, 144, 139, 139, 143, 140, 149, 148, 150, 147,
    145, 141, 135, 135, 134, 139, 143, 146, 144, 144, 146, 147, 149, 161,
    170, 178, 189, 203, 215, 216, 220, 223, 229, 230, 230, 231, 232, 231,
    232, 236, 237, 234, 235, 239, 240, 239, 237, 240 ]
RHandPositionsX: [ 179, 181, 183, 183, 183, 182, 179, 179, 183, 179, 180,
    182, 182, 181, 180, 183, 182, 181, 181, 179, 183, 181, 181, 182, 183,
    183, 183, 179, 179, 179, 180, 180, 182, 179, 180, 183, 180, 183, 183,
    179, 179, 180, 183, 182, 183, 181, 182, 182, 183, 180, 179, 181, 180,
    182, 183, 182, 183, 183, 179, 181, 180, 183, 183, 181, 179, 182, 182,
    179, 182, 179, 183, 180, 182, 182, 179, 183, 179, 180, 178, 182, 179,
    182, 182, 181, 179, 181, 179, 181, 181, 179, 181 ]
RHandPositionsY: [ 257, 253, 253, 257, 256, 257, 257, 254, 256, 254, 252,
    255, 253, 252, 252, 252, 256, 254, 256, 256, 254, 252, 254, 252, 253,
    253, 253, 253, 255, 254, 252, 251, 254, 252, 254, 253, 252, 254, 253,
    255, 255, 253, 252, 253, 251, 254, 251, 254, 254, 251, 254, 251, 253,
    252, 254, 252, 252, 254, 255, 252, 255, 251, 251, 251, 254, 254, 253,
    254, 254, 255, 253, 251, 251, 253, 254, 251, 253, 254, 254, 252, 251,
    253, 253, 253, 255, 251, 251, 252, 251, 251, 255 ]
