%YAML:1.0
---
videoName: "LHShake14.mp4"
gestureLabel: 2
fps: 29
pixelSizeInCmTemp: 3.2808219178082193e-01
faceCenterPointX: 256
faceCenterPointY: 64
LHandPositionsX: [ 348, 351, 352, 359, 370, 381, 391, 389, 386, 382, 371,
    361, 357, 357, 360, 372, 381, 381, 385, 383, 376, 364, 356, 356, 353,
    360, 366, 380, 389, 387, 382, 375, 368, 358, 359, 355, 360, 370, 383,
    379, 384, 378, 370, 360, 359, 361, 361, 364, 371, 379, 376, 378, 370,
    364, 358, 349, 342, 335, 330, 331, 326, 330, 331, 330, 328, 333, 328,
    332, 331, 329, 330, 332, 329, 330, 331, 329, 331, 331, 327, 327, 329,
    327, 328, 331, 330, 330, 329, 327 ]
LHandPositionsY: [ 148, 145, 146, 146, 142, 137, 142, 143, 143, 139, 144,
    146, 150, 147, 144, 146, 141, 140, 140, 141, 140, 144, 148, 149, 146,
    147, 146, 141, 142, 141, 142, 140, 147, 144, 147, 148, 146, 145, 141,
    141, 145, 141, 143, 141, 143, 140, 140, 141, 139, 143, 144, 145, 149,
    154, 157, 168, 179, 187, 199, 211, 222, 235, 234, 236, 241, 248, 251,
    250, 249, 248, 253, 250, 251, 251, 249, 249, 251, 248, 249, 248, 248,
    250, 249, 248, 252, 249, 252, 250 ]
RHandPositionsX: [ 184, 185, 182, 182, 181, 182, 180, 181, 183, 181, 179,
    178, 180, 179, 179, 179, 178, 178, 179, 179, 176, 178, 175, 177, 175,
    178, 176, 176, 176, 176, 179, 176, 179, 175, 175, 179, 176, 177, 176,
    176, 175, 178, 179, 177, 176, 179, 176, 179, 178, 177, 175, 175, 175,
    177, 177, 179, 179, 179, 176, 175, 179, 179, 176, 177, 178, 177, 177,
    175, 178, 179, 176, 175, 177, 177, 177, 176, 175, 177, 179, 175, 175,
    177, 177, 177, 178, 176, 176, 177 ]
RHandPositionsY: [ 277, 279, 276, 279, 279, 278, 278, 279, 276, 275, 274,
    274, 278, 274, 275, 274, 275, 277, 273, 274, 275, 273, 276, 277, 273,
    276, 273, 277, 275, 276, 276, 275, 274, 276, 274, 275, 275, 276, 276,
    274, 273, 274, 275, 275, 273, 276, 275, 277, 276, 274, 277, 276, 274,
    276, 276, 276, 277, 277, 276, 277, 275, 276, 277, 273, 277, 275, 277,
    277, 276, 275, 274, 277, 275, 273, 277, 273, 275, 275, 276, 276, 275,
    273, 274, 276, 275, 273, 275, 277 ]
