%YAML:1.0
---
videoName: "LHShake13.mp4"
gestureLabel: 2
fps: 29
pixelSizeInCmTemp: 3.4214285714285714e-01
faceCenterPointX: 257
faceCenterPointY: 76
LHandPositionsX: [ 324, 326, 324, 323, 323, 327, 324, 325, 324, 325, 330,
    335, 345, 350, 362, 374, 378, 388, 390, 389, 382, 374, 362, 352, 341,
    346, 340, 345, 351, 357, 372, 370, 364, 365, 355, 346, 340, 340, 344,
    352, 358, 367, 368, 365, 361, 350, 344, 347, 342, 350, 357, 363, 364,
    366, 361, 356, 349, 347, 347, 343, 350, 356, 365, 371, 365, 365, 360,
    355, 346, 339, 330, 325, 327, 323, 323, 324, 328, 327, 327, 328, 326,
    328, 326, 324, 325, 327, 328, 324 ]
LHandPositionsY: [ 260, 263, 261, 262, 263, 260, 260, 260, 261, 256, 254,
    247, 235, 227, 211, 195, 185, 172, 166, 159, 151, 153, 152, 152, 157,
    154, 158, 157, 155, 146, 141, 141, 143, 144, 149, 156, 159, 156, 158,
    158, 155, 153, 155, 157, 156, 157, 161, 163, 161, 161, 159, 158, 155,
    159, 157, 162, 164, 166, 162, 160, 160, 156, 157, 154, 151, 147, 149,
    150, 158, 163, 171, 179, 191, 208, 220, 236, 243, 246, 245, 247, 244,
    247, 248, 248, 247, 249, 246, 248 ]
RHandPositionsX: [ 183, 181, 181, 183, 182, 183, 183, 181, 184, 183, 182,
    182, 183, 185, 184, 183, 184, 185, 183, 185, 184, 185, 182, 185, 182,
    183, 185, 184, 185, 185, 182, 182, 181, 184, 182, 181, 183, 183, 185,
    182, 184, 185, 183, 182, 185, 181, 182, 183, 184, 185, 184, 182, 185,
    182, 181, 183, 184, 185, 182, 184, 185, 182, 184, 184, 182, 181, 184,
    182, 182, 183, 183, 185, 183, 182, 184, 185, 182, 181, 185, 182, 185,
    182, 184, 185, 182, 185, 183, 183 ]
RHandPositionsY: [ 267, 270, 271, 270, 269, 268, 270, 267, 267, 269, 268,
    268, 270, 268, 268, 270, 270, 268, 270, 271, 270, 267, 271, 269, 267,
    269, 270, 267, 269, 267, 270, 270, 271, 270, 271, 268, 270, 271, 270,
    267, 269, 267, 267, 269, 268, 267, 271, 268, 269, 270, 268, 270, 269,
    268, 267, 270, 268, 268, 268, 267, 267, 269, 269, 268, 270, 267, 267,
    267, 269, 267, 268, 267, 269, 270, 270, 271, 270, 269, 268, 268, 268,
    270, 270, 270, 268, 268, 268, 271 ]
