%YAML:1.0
---
videoName: "LHShake07.mp4"
gestureLabel: 2
fps: 29
pixelSizeInCmTemp: 3.3732394366197183e-01
faceCenterPointX: 265
faceCenterPointY: 78
LHandPositionsX: [ 346, 346, 351, 358, 365, 370, 378, 385, 390, 391, 395,
    392, 382, 376, 355, 347, 340, 344, 342, 340, 351, 365, 369, 366, 368,
    365, 359, 343, 340, 345, 341, 349, 356, 355, 370, 369, 367, 361, 362,
    349, 345, 346, 344, 352, 357, 359, 363, 359, 363, 363, 337, 328, 333,
    332, 340, 353, 367, 375, 373, 378, 374, 362, 357, 350, 341, 339, 335,
    334, 334, 336, 337, 343, 344, 344, 344, 342, 341, 341, 343, 341, 343,
    340, 344, 344, 343, 344, 341, 340 ]
LHandPositionsY: [ 279, 276, 271, 265, 258, 246, 235, 220, 201, 191, 175,
    161, 151, 138, 143, 139, 149, 148, 145, 146, 140, 136, 136, 135, 136,
    136, 135, 138, 145, 144, 137, 133, 129, 131, 124, 124, 130, 130, 134,
    134, 144, 141, 147, 140, 139, 137, 141, 140, 128, 131, 137, 148, 142,
    137, 130, 130, 128, 133, 130, 129, 131, 139, 148, 155, 167, 178, 190,
    202, 216, 231, 242, 252, 253, 256, 255, 261, 261, 263, 263, 264, 267,
    265, 268, 265, 267, 268, 268, 266 ]
RHandPositionsX: [ 181, 182, 184, 184, 181, 185, 181, 185, 181, 181, 184,
    182, 183, 184, 183, 183, 184, 183, 181, 185, 183, 181, 181, 184, 181,
    183, 181, 182, 182, 185, 181, 185, 184, 185, 184, 184, 181, 185, 183,
    181, 181, 182, 182, 182, 185, 183, 184, 183, 185, 185, 184, 183, 181,
    182, 184, 184, 184, 184, 181, 185, 183, 182, 184, 185, 181, 185, 184,
    182, 185, 181, 182, 184, 181, 185, 183, 182, 184, 184, 181, 185, 181,
    182, 182, 184, 185, 181, 182, 185 ]
RHandPositionsY: [ 277, 278, 278, 280, 280, 277, 277, 280, 279, 276, 278,
    277, 280, 277, 279, 280, 278, 277, 278, 280, 278, 278, 278, 279, 280,
    280, 279, 278, 279, 279, 278, 278, 277, 279, 280, 276, 276, 280, 280,
    276, 279, 277, 277, 277, 280, 276, 278, 277, 280, 279, 277, 277, 279,
    278, 279, 279, 279, 276, 277, 276, 279, 277, 280, 278, 277, 276, 279,
    276, 280, 280, 278, 276, 277, 277, 279, 279, 276, 278, 278, 279, 278,
    276, 277, 279, 278, 276, 276, 277 ]
