%YAML:1.0
---
videoName: "LHShake22.mp4"
gestureLabel: 2
fps: 29
pixelSizeInCmTemp: 3.5220588235294115e-01
faceCenterPointX: 261
faceCenterPointY: 79
LHandPositionsX: [ 337, 344, 351, 353, 357, 359, 356, 353, 345, 337, 327,
    320, 321, 319, 319, 324, 331, 337, 344, 345, 346, 342, 336, 329, 324,
    321, 325, 327, 330, 336, 342, 340, 343, 339, 331, 320, 316, 316, 320,
    321, 330, 337, 334, 337, 333, 329, 324, 318, 322, 319, 321, 329, 336,
    342, 343, 341, 341, 334, 324, 318, 316, 314, 318, 324, 332, 338, 335,
    334, 335, 331, 328, 324, 320, 317, 321, 323, 323, 323, 325, 323, 324,
    326, 324, 325, 323, 325, 325, 325 ]
LHandPositionsY: [ 262, 256, 248, 236, 236, 218, 209, 206, 195, 186, 188,
    183, 184, 184, 183, 180, 178, 174, 172, 174, 174, 173, 171, 177, 179,
    179, 177, 176, 178, 175, 174, 174, 172, 171, 176, 180, 181, 182, 182,
    183, 180, 176, 174, 175, 175, 174, 178, 180, 179, 179, 179, 180, 176,
    176, 175, 177, 174, 178, 178, 182, 183, 180, 182, 179, 180, 180, 178,
    178, 184, 191, 196, 202, 208, 220, 228, 240, 241, 242, 247, 247, 248,
    248, 248, 251, 249, 251, 250, 248 ]
RHandPositionsX: [ 189, 192, 191, 189, 191, 191, 189, 189, 192, 193, 189,
    191, 191, 191, 192, 191, 190, 192, 193, 191, 189, 193, 193, 191, 192,
    190, 189, 193, 192, 189, 189, 190, 193, 192, 193, 192, 189, 192, 193,
    189, 190, 189, 191, 191, 193, 193, 189, 190, 192, 191, 189, 189, 193,
    192, 192, 191, 191, 191, 190, 190, 190, 191, 193, 192, 189, 190, 192,
    191, 190, 192, 190, 191, 190, 192, 191, 191, 190, 190, 190, 193, 192,
    190, 191, 191, 193, 192, 192, 192 ]
RHandPositionsY: [ 268, 268, 270, 269, 270, 267, 268, 266, 267, 268, 269,
    267, 270, 267, 266, 269, 269, 267, 270, 268, 266, 268, 270, 266, 270,
    267, 269, 269, 270, 270, 268, 270, 267, 270, 266, 270, 270, 270, 270,
    266, 269, 270, 267, 268, 266, 268, 266, 269, 267, 266, 266, 270, 268,
    266, 267, 269, 270, 270, 268, 269, 269, 266, 268, 267, 270, 270, 269,
    270, 268, 267, 268, 266, 268, 270, 269, 266, 266, 268, 267, 270, 268,
    270, 269, 269, 270, 269, 267, 269 ]
