%YAML:1.0
---
videoName: "LHShake09.mp4"
gestureLabel: 2
fps: 29
pixelSizeInCmTemp: 3.3263888888888887e-01
faceCenterPointX: 259
faceCenterPointY: 67
LHandPositionsX: [ 340, 339, 338, 337, 340, 345, 349, 354, 351, 360, 357,
    366, 367, 366, 368, 366, 358, 351, 341, 334, 333, 334, 329, 330, 336,
    349, 350, 350, 347, 348, 354, 350, 344, 335, 337, 335, 336, 343, 354,
    362, 366, 362, 369, 361, 355, 343, 338, 335, 334, 337, 338, 348, 353,
    352, 355, 354, 356, 352, 343, 334, 336, 336, 332, 335, 341, 349, 355,
    355, 356, 353, 347, 343, 339, 332, 324, 318, 316, 320, 324, 325, 327,
    329, 329, 330, 334, 332, 334, 334 ]
LHandPositionsY: [ 272, 275, 275, 274, 274, 272, 265, 258, 248, 236, 231,
    214, 200, 200, 185, 173, 169, 161, 159, 158, 158, 159, 157, 155, 151,
    151, 148, 145, 146, 146, 147, 152, 152, 153, 154, 153, 156, 156, 154,
    151, 151, 152, 154, 154, 153, 157, 155, 155, 158, 157, 155, 155, 153,
    152, 153, 150, 152, 150, 150, 151, 155, 152, 155, 155, 154, 150, 152,
    150, 149, 148, 149, 154, 163, 173, 181, 195, 205, 222, 232, 243, 246,
    247, 251, 254, 258, 259, 258, 261 ]
RHandPositionsX: [ 180, 178, 179, 179, 176, 180, 178, 177, 178, 180, 177,
    180, 177, 180, 177, 176, 177, 178, 177, 178, 176, 178, 177, 177, 176,
    176, 176, 176, 179, 179, 180, 180, 179, 179, 178, 180, 176, 177, 178,
    178, 178, 179, 176, 178, 177, 178, 178, 177, 180, 180, 178, 177, 180,
    179, 176, 179, 176, 179, 180, 179, 178, 179, 177, 180, 179, 177, 177,
    180, 177, 179, 176, 176, 177, 176, 177, 180, 178, 178, 180, 177, 178,
    179, 178, 179, 179, 180, 180, 177 ]
RHandPositionsY: [ 276, 275, 275, 278, 276, 275, 275, 278, 279, 275, 276,
    279, 277, 276, 279, 276, 276, 275, 275, 278, 278, 278, 276, 277, 275,
    275, 275, 275, 277, 277, 278, 279, 276, 278, 275, 277, 276, 277, 278,
    279, 275, 276, 278, 276, 277, 278, 278, 279, 276, 278, 277, 277, 275,
    279, 276, 276, 276, 276, 275, 276, 275, 278, 278, 277, 277, 278, 275,
    279, 275, 276, 276, 276, 279, 277, 279, 275, 279, 276, 275, 277, 279,
    275, 276, 278, 277, 275, 277, 278 ]
