%YAML:1.0
---
videoName: "LHShake10.mp4"
gestureLabel: 2
fps: 29
pixelSizeInCmTemp: 3.4214285714285714e-01
faceCenterPointX: 253
faceCenterPointY: 65
LHandPositionsX: [ 338, 335, 337, 338, 336, 340, 341, 346, 350, 359, 367,
    375, 383, 390, 397, 397, 397, 386, 377, 364, 355, 350, 349, 354, 358,
    368, 380, 392, 392, 392, 391, 383, 374, 362, 356, 357, 357, 365, 370,
    373, 375, 374, 372, 368, 370, 365, 354, 345, 345, 346, 346, 355, 360,
    371, 379, 382, 380, 375, 365, 353, 352, 350, 351, 347, 356, 363, 375,
    383, 379, 376, 378, 374, 367, 361, 356, 351, 346, 344, 338, 335, 335,
    335, 334, 337, 333, 333, 334, 335 ]
LHandPositionsY: [ 268, 269, 268, 270, 272, 270, 268, 261, 252, 241, 223,
    206, 192, 177, 166, 153, 144, 135, 135, 140, 145, 148, 145, 147, 147,
    148, 140, 140, 142, 139, 143, 143, 147, 149, 151, 149, 149, 147, 140,
    133, 135, 136, 131, 132, 132, 129, 140, 144, 145, 144, 144, 145, 137,
    139, 139, 141, 140, 143, 143, 149, 154, 154, 154, 153, 149, 152, 148,
    145, 148, 146, 151, 154, 157, 164, 173, 184, 196, 206, 221, 231, 244,
    251, 251, 255, 255, 259, 259, 261 ]
RHandPositionsX: [ 172, 174, 175, 172, 175, 174, 174, 173, 175, 173, 173,
    176, 176, 173, 172, 173, 173, 171, 172, 174, 172, 172, 173, 171, 171,
    171, 171, 175, 174, 173, 173, 175, 171, 171, 175, 173, 174, 174, 174,
    171, 173, 174, 171, 171, 174, 172, 171, 171, 171, 171, 173, 171, 173,
    174, 175, 174, 171, 172, 175, 173, 174, 174, 173, 173, 171, 175, 172,
    171, 173, 175, 175, 173, 175, 175, 173, 172, 175, 173, 175, 174, 175,
    174, 173, 175, 172, 175, 175, 173 ]
RHandPositionsY: [ 275, 277, 275, 274, 276, 276, 277, 277, 274, 274, 276,
    278, 275, 275, 276, 278, 274, 278, 278, 275, 278, 277, 276, 277, 274,
    278, 274, 275, 275, 275, 274, 277, 275, 275, 278, 276, 275, 278, 276,
    276, 277, 277, 277, 276, 275, 278, 278, 275, 276, 277, 274, 274, 278,
    276, 277, 277, 274, 277, 277, 276, 278, 278, 277, 276, 278, 277, 277,
    276, 277, 274, 276, 276, 274, 278, 277, 275, 276, 278, 274, 274, 277,
    276, 277, 276, 278, 278, 277, 277 ]
