%YAML:1.0
---
videoName: "LHShake09.mp4"
gestureLabel: 2
fps: 29
pixelSizeInCmTemp: 3.3263888888888887e-01
faceCenterPointX: 259
faceCenterPointY: 67
LHandPositionsX: [ 338, 340, 336, 336, 341, 348, 349, 353, 350, 358, 358,
    364, 369, 367, 366, 364, 362, 353, 341, 334, 333, 335, 330, 330, 339,
    349, 347, 351, 346, 348, 350, 349, 340, 339, 334, 335, 337, 344, 351,
    360, 367, 362, 369, 364, 357, 343, 338, 339, 336, 334, 339, 347, 351,
    356, 356, 356, 353, 348, 342, 337, 334, 337, 334, 336, 341, 351, 354,
    356, 355, 352, 349, 344, 335, 330, 325, 321, 317, 318, 324, 324, 327,
    329, 330, 333, 333, 333, 333, 332 ]
LHandPositionsY: [ 275, 272, 274, 272, 275, 273, 266, 254, 248, 236, 232,
    215, 203, 200, 182, 173, 167, 162, 158, 158, 160, 156, 155, 153, 152,
    150, 146, 146, 146, 148, 148, 150, 153, 155, 156, 155, 152, 155, 151,
    153, 151, 152, 151, 154, 157, 157, 159, 156, 158, 157, 152, 154, 152,
    151, 154, 151, 153, 150, 149, 150, 154, 154, 151, 151, 154, 153, 150,
    152, 149, 152, 152, 156, 160, 173, 180, 193, 208, 220, 230, 243, 246,
    249, 251, 254, 257, 258, 258, 258 ]
RHandPositionsX: [ 180, 177, 180, 177, 177, 179, 179, 176, 177, 180, 178,
    179, 179, 178, 177, 176, 176, 177, 180, 179, 177, 177, 177, 177, 180,
    180, 180, 176, 177, 178, 179, 176, 176, 177, 178, 177, 178, 179, 178,
    177, 178, 178, 177, 180, 176, 178, 180, 180, 179, 179, 179, 176, 177,
    178, 177, 179, 177, 178, 176, 179, 180, 178, 178, 176, 178, 177, 176,
    176, 178, 180, 177, 176, 178, 180, 178, 180, 179, 179, 177, 180, 180,
    176, 177, 180, 176, 179, 180, 176 ]
RHandPositionsY: [ 277, 279, 277, 277, 278, 277, 276, 277, 278, 277, 276,
    278, 279, 279, 279, 275, 276, 279, 275, 277, 275, 277, 278, 276, 277,
    278, 278, 277, 275, 278, 277, 279, 276, 276, 276, 275, 279, 277, 278,
    279, 277, 276, 279, 278, 279, 276, 275, 277, 277, 277, 275, 278, 278,
    278, 275, 279, 276, 275, 279, 275, 275, 279, 277, 278, 279, 279, 278,
    278, 275, 278, 275, 276, 275, 278, 279, 278, 277, 276, 278, 277, 276,
    277, 275, 276, 277, 276, 276, 276 ]
