%YAML:1.0
---
videoName: "LHShake02.mp4"
gestureLabel: 2
fps: 29
pixelSizeInCmTemp: 3.3263888888888887e-01
faceCenterPointX: 249
faceCenterPointY: 82
LHandPositionsX: [ 361, 362, 362, 366, 372, 380, 388, 387, 386, 387, 386,
    379, 370, 368, 366, 365, 364, 363, 372, 375, 382, 386, 382, 378, 376,
    372, 365, 366, 361, 362, 370, 371, 374, 376, 378, 382, 378, 375, 372,
    367, 364, 358, 358, 359, 360, 363, 366, 372, 371, 371, 371, 368, 365,
    360, 358, 360, 361, 367, 367, 371, 372, 370, 366, 365, 357, 354, 351,
    347, 344, 345, 343, 344, 340, 341, 345, 344, 345, 348, 346, 348, 347,
    350, 347, 347, 346, 350, 347, 347 ]
LHandPositionsY: [ 124, 121, 117, 113, 114, 108, 112, 112, 112, 111, 107,
    110, 111, 112, 116, 115, 113, 112, 108, 108, 106, 100, 101, 102, 103,
    109, 108, 108, 108, 107, 103, 103, 98, 99, 101, 96, 96, 97, 99, 98,
    100, 104, 100, 102, 104, 101, 101, 98, 101, 99, 103, 105, 105, 110,
    107, 110, 108, 105, 103, 103, 105, 105, 103, 108, 122, 136, 149, 162,
    163, 170, 177, 184, 191, 198, 203, 209, 217, 221, 223, 227, 229, 232,
    229, 232, 235, 233, 238, 240 ]
RHandPositionsX: [ 155, 155, 157, 155, 157, 154, 154, 154, 155, 154, 157,
    157, 153, 155, 153, 155, 155, 154, 154, 153, 156, 157, 155, 157, 156,
    153, 156, 157, 157, 155, 153, 156, 156, 155, 155, 156, 153, 156, 156,
    157, 154, 155, 154, 154, 153, 153, 155, 154, 157, 155, 153, 156, 156,
    153, 153, 156, 157, 156, 157, 156, 155, 155, 153, 153, 157, 153, 154,
    154, 156, 153, 155, 156, 154, 153, 156, 154, 153, 154, 156, 155, 154,
    154, 156, 156, 155, 156, 153, 156 ]
RHandPositionsY: [ 261, 264, 264, 261, 262, 261, 262, 259, 262, 259, 260,
    258, 261, 258, 258, 259, 260, 261, 262, 261, 262, 261, 260, 261, 261,
    262, 260, 259, 259, 261, 259, 258, 258, 259, 260, 259, 258, 262, 262,
    259, 261, 259, 261, 262, 260, 260, 261, 261, 260, 258, 260, 258, 258,
    262, 258, 260, 260, 261, 262, 262, 258, 260, 258, 258, 261, 258, 259,
    260, 259, 262, 258, 262, 262, 258, 260, 259, 258, 260, 259, 258, 259,
    262, 262, 260, 261, 258, 258, 260 ]
