%YAML:1.0
---
videoName: "LHShake07.mp4"
gestureLabel: 2
fps: 29
pixelSizeInCmTemp: 3.3732394366197183e-01
faceCenterPointX: 265
faceCenterPointY: 78
LHandPositionsX: [ 347, 348, 351, 357, 364, 367, 376, 388, 390, 394, 394,
    395, 382, 378, 352, 349, 340, 343, 340, 341, 349, 365, 367, 369, 368,
    366, 362, 345, 342, 344, 342, 347, 354, 359, 370, 369, 366, 364, 359,
    352, 345, 349, 348, 349, 359, 361, 361, 361, 365, 360, 340, 328, 332,
    332, 342, 353, 367, 374, 370, 378, 373, 363, 354, 350, 343, 340, 337,
    335, 334, 338, 337, 343, 341, 344, 342, 345, 344, 342, 340, 342, 340,
    340, 344, 344, 340, 343, 340, 342 ]
LHandPositionsY: [ 279, 277, 275, 267, 258, 249, 237, 217, 205, 188, 178,
    161, 151, 141, 140, 142, 149, 146, 144, 147, 144, 138, 134, 136, 138,
    138, 134, 139, 143, 141, 139, 131, 131, 133, 126, 122, 128, 129, 132,
    136, 142, 144, 147, 142, 139, 140, 141, 140, 132, 128, 137, 149, 146,
    135, 133, 131, 131, 136, 134, 127, 134, 139, 147, 156, 169, 181, 191,
    205, 217, 231, 239, 253, 251, 255, 258, 259, 261, 264, 267, 266, 264,
    264, 267, 266, 269, 266, 268, 270 ]
RHandPositionsX: [ 183, 182, 185, 184, 182, 184, 184, 182, 185, 183, 181,
    183, 181, 181, 181, 184, 181, 181, 184, 183, 182, 185, 182, 181, 181,
    184, 182, 185, 185, 182, 181, 184, 182, 185, 181, 181, 181, 185, 181,
    181, 181, 181, 185, 184, 183, 182, 184, 183, 185, 184, 183, 184, 184,
    182, 182, 185, 183, 185, 184, 185, 185, 184, 184, 184, 181, 184, 182,
    183, 181, 181, 184, 182, 182, 181, 182, 185, 185, 183, 184, 185, 184,
    184, 182, 185, 185, 182, 184, 185 ]
RHandPositionsY: [ 276, 277, 277, 278, 277, 280, 279, 278, 278, 279, 279,
    278, 280, 276, 278, 280, 276, 280, 280, 280, 280, 276, 280, 279, 278,
    280, 277, 279, 279, 279, 279, 278, 277, 277, 276, 276, 280, 278, 278,
    278, 280, 279, 279, 280, 277, 279, 279, 278, 279, 278, 276, 276, 277,
    278, 279, 279, 277, 276, 279, 278, 279, 277, 276, 277, 277, 277, 280,
    277, 276, 276, 280, 277, 279, 277, 279, 278, 279, 277, 277, 276, 277,
    277, 280, 277, 280, 280, 278, 278 ]
