%YAML:1.0
---
videoName: "LHShake05.mp4"
gestureLabel: 2
fps: 30
pixelSizeInCmTemp: 3.2364864864864862e-01
faceCenterPointX: 252
faceCenterPointY: 81
LHandPositionsX: [ 291, 291, 291, 294, 293, 291, 294, 296, 292, 293, 293,
    298, 305, 310, 321, 334, 341, 342, 343, 339, 338, 338, 330, 329, 331,
    332, 335, 336, 342, 345, 345, 340, 333, 322, 325, 326, 329, 332, 337,
    339, 339, 331, 322, 321, 319, 323, 328, 333, 335, 340, 333, 326, 323,
    323, 326, 324, 329, 335, 337, 338, 335, 331, 329, 331, 330, 336, 339,
    339, 340, 338, 332, 324, 322, 317, 312, 308, 304, 302, 297, 295, 293,
    296, 296, 292, 293, 294, 293, 291, 291, 293, 293 ]
LHandPositionsY: [ 267, 268, 270, 269, 268, 267, 265, 268, 266, 257, 241,
    227, 213, 201, 188, 176, 166, 160, 159, 155, 151, 153, 156, 154, 155,
    154, 148, 146, 140, 137, 134, 138, 143, 145, 145, 146, 145, 138, 137,
    137, 134, 140, 141, 145, 143, 141, 139, 136, 135, 133, 136, 142, 143,
    142, 143, 144, 142, 139, 135, 139, 141, 144, 140, 144, 143, 139, 138,
    139, 139, 141, 140, 150, 163, 168, 178, 190, 196, 208, 219, 228, 233,
    234, 239, 244, 244, 250, 252, 250, 250, 254, 257 ]
RHandPositionsX: [ 214, 212, 212, 210, 210, 213, 211, 211, 214, 214, 211,
    213, 210, 212, 212, 212, 211, 213, 209, 211, 211, 212, 212, 211, 212,
    207, 207, 207, 207, 209, 206, 208, 209, 207, 207, 208, 208, 208, 210,
    206, 206, 206, 208, 206, 209, 206, 209, 209, 209, 209, 206, 208, 208,
    208, 206, 208, 209, 210, 209, 207, 208, 207, 207, 208, 210, 206, 206,
    206, 209, 208, 207, 209, 209, 207, 210, 208, 210, 206, 208, 208, 210,
    207, 206, 207, 208, 211, 207, 208, 210, 211, 212 ]
RHandPositionsY: [ 262, 264, 266, 262, 262, 264, 265, 262, 264, 266, 265,
    264, 262, 264, 264, 265, 263, 263, 263, 265, 266, 266, 266, 265, 266,
    262, 263, 264, 264, 263, 263, 262, 263, 264, 262, 263, 261, 261, 261,
    265, 262, 261, 261, 262, 261, 263, 262, 263, 265, 263, 264, 262, 264,
    263, 261, 263, 261, 265, 263, 265, 265, 265, 263, 264, 261, 264, 261,
    263, 265, 265, 261, 264, 265, 262, 264, 264, 261, 263, 265, 261, 261,
    263, 261, 263, 261, 265, 265, 264, 262, 265, 262 ]
