%YAML:1.0
---
videoName: "LHShake01.mp4"
gestureLabel: 2
fps: 29
pixelSizeInCmTemp: 3.4214285714285714e-01
faceCenterPointX: 252
faceCenterPointY: 84
LHandPositionsX: [ 365, 367, 363, 364, 361, 357, 349, 341, 334, 331, 332,
    335, 337, 342, 349, 355, 358, 356, 351, 346, 344, 339, 338, 339, 337,
    341, 341, 346, 349, 348, 352, 351, 346, 342, 336, 332, 331, 335, 334,
    342, 344, 347, 346, 351, 350, 345, 343, 339, 334, 336, 333, 334, 334,
    341, 344, 351, 350, 349, 347, 349, 345, 340, 340, 330, 328, 326, 332,
    334, 332, 328, 333, 333, 336, 340, 340, 343, 344, 348, 346, 349, 349,
    351, 351, 351, 349, 351, 349, 351 ]
LHandPositionsY: [ 144, 139, 130, 128, 126, 118, 117, 117, 119, 121, 119,
    122, 119, 115, 114, 112, 109, 107, 108, 110, 110, 114, 111, 113, 112,
    112, 110, 109, 107, 107, 104, 104, 106, 108, 112, 117, 112, 111, 110,
    110, 111, 109, 108, 104, 104, 109, 106, 109, 106, 108, 110, 109, 109,
    106, 104, 103, 103, 100, 105, 103, 105, 106, 109, 124, 131, 144, 153,
    163, 162, 162, 174, 181, 192, 198, 206, 214, 220, 223, 221, 222, 226,
    225, 227, 228, 229, 228, 231, 230 ]
RHandPositionsX: [ 153, 157, 154, 156, 156, 157, 156, 155, 157, 155, 153,
    157, 155, 157, 157, 153, 153, 154, 157, 157, 157, 154, 155, 155, 156,
    157, 156, 154, 157, 154, 154, 153, 156, 155, 154, 157, 153, 153, 154,
    153, 154, 155, 154, 156, 155, 155, 156, 156, 155, 157, 153, 153, 156,
    156, 156, 157, 156, 155, 153, 157, 156, 156, 153, 153, 155, 154, 156,
    154, 154, 154, 157, 155, 156, 156, 157, 154, 157, 157, 156, 153, 155,
    154, 157, 154, 154, 156, 155, 156 ]
RHandPositionsY: [ 271, 269, 267, 270, 266, 270, 267, 266, 265, 266, 266,
    269, 268, 267, 265, 265, 266, 267, 266, 265, 267, 263, 266, 264, 264,
    263, 262, 262, 262, 263, 264, 265, 264, 265, 264, 260, 263, 264, 262,
    264, 264, 262, 260, 262, 263, 260, 261, 262, 261, 262, 262, 261, 261,
    260, 261, 262, 262, 263, 261, 261, 259, 262, 263, 263, 259, 259, 261,
    259, 260, 261, 259, 260, 263, 260, 261, 262, 261, 262, 260, 260, 261,
    261, 259, 263, 260, 259, 259, 262 ]
