%YAML:1.0
---
videoName: "LHShake17.mp4"
gestureLabel: 2
fps: 30
pixelSizeInCmTemp: 3.3732394366197183e-01
faceCenterPointX: 248
faceCenterPointY: 64
LHandPositionsX: [ 323, 322, 322, 322, 323, 326, 327, 326, 327, 335, 345,
    352, 367, 376, 390, 396, 406, 407, 401, 390, 374, 359, 354, 353, 354,
    357, 372, 382, 376, 382, 375, 362, 352, 345, 345, 350, 355, 364, 369,
    364, 365, 363, 353, 349, 351, 354, 366, 374, 378, 374, 376, 369, 361,
    354, 346, 347, 349, 356, 363, 364, 363, 368, 366, 359, 347, 343, 339,
    340, 335, 333, 334, 332, 329, 330, 329, 331, 328, 325, 326, 327, 324,
    324, 325, 323, 323, 327, 325, 325, 327, 326, 323 ]
LHandPositionsY: [ 248, 250, 251, 247, 248, 248, 247, 244, 244, 230, 218,
    200, 185, 172, 158, 143, 131, 119, 115, 110, 124, 129, 134, 137, 138,
    134, 121, 118, 119, 120, 117, 127, 134, 140, 137, 137, 125, 115, 116,
    117, 116, 114, 129, 132, 133, 134, 125, 118, 122, 121, 123, 122, 131,
    136, 144, 140, 137, 125, 121, 126, 123, 121, 121, 129, 136, 142, 153,
    163, 172, 183, 194, 209, 220, 222, 223, 227, 234, 236, 234, 234, 235,
    236, 239, 237, 237, 237, 235, 236, 239, 237, 239 ]
RHandPositionsX: [ 179, 180, 176, 180, 176, 178, 180, 176, 176, 180, 178,
    176, 179, 177, 179, 177, 179, 177, 179, 176, 176, 177, 177, 180, 179,
    179, 176, 179, 175, 177, 179, 176, 179, 178, 176, 176, 176, 179, 178,
    177, 178, 175, 175, 178, 175, 177, 176, 175, 174, 176, 176, 177, 174,
    178, 177, 175, 174, 175, 175, 175, 174, 175, 176, 175, 177, 174, 175,
    174, 177, 178, 174, 176, 178, 177, 178, 176, 175, 175, 177, 177, 178,
    177, 178, 175, 176, 178, 178, 176, 174, 178, 177 ]
RHandPositionsY: [ 258, 260, 256, 258, 256, 256, 258, 258, 259, 256, 257,
    257, 257, 257, 256, 260, 256, 258, 257, 258, 260, 259, 260, 257, 258,
    259, 260, 260, 257, 257, 259, 258, 256, 257, 258, 258, 259, 258, 260,
    260, 258, 260, 258, 257, 258, 258, 260, 259, 257, 260, 257, 259, 259,
    258, 259, 260, 258, 256, 259, 260, 256, 259, 257, 257, 260, 260, 258,
    260, 256, 260, 256, 258, 260, 257, 257, 260, 257, 259, 256, 259, 259,
    259, 260, 259, 258, 257, 256, 256, 259, 256, 259 ]
