%YAML:1.0
---
videoName: "LHShake21.mp4"
gestureLabel: 2
fps: 29
pixelSizeInCmTemp: 3.4214285714285714e-01
faceCenterPointX: 266
faceCenterPointY: 79
LHandPositionsX: [ 350, 350, 366, 374, 385, 395, 397, 408, 424, 416, 415,
    404, 387, 379, 374, 375, 376, 377, 384, 405, 402, 396, 396, 395, 383,
    374, 372, 374, 374, 369, 376, 390, 387, 388, 386, 380, 373, 373, 366,
    366, 370, 372, 376, 389, 386, 387, 397, 391, 381, 375, 365, 366, 363,
    369, 377, 377, 384, 384, 386, 386, 386, 383, 375, 366, 355, 351, 342,
    339, 337, 338, 334, 334, 336, 332, 335, 331, 330, 331, 330, 334, 333,
    331, 333, 333, 333, 334, 332, 329 ]
LHandPositionsY: [ 270, 263, 243, 229, 208, 193, 185, 167, 153, 149, 138,
    136, 133, 132, 131, 136, 129, 129, 127, 129, 128, 132, 129, 134, 135,
    134, 142, 140, 143, 134, 133, 130, 132, 134, 136, 135, 135, 146, 150,
    147, 146, 142, 141, 138, 137, 138, 138, 136, 143, 149, 153, 152, 155,
    153, 149, 146, 141, 142, 140, 146, 153, 159, 171, 178, 188, 201, 216,
    226, 235, 237, 242, 247, 248, 250, 249, 251, 252, 250, 254, 251, 253,
    254, 253, 253, 250, 252, 254, 252 ]
RHandPositionsX: [ 185, 185, 184, 187, 184, 187, 185, 185, 187, 184, 187,
    188, 184, 187, 184, 186, 187, 186, 188, 186, 186, 188, 184, 184, 186,
    184, 185, 184, 185, 185, 184, 184, 186, 187, 184, 188, 187, 185, 184,
    187, 185, 185, 188, 186, 187, 187, 185, 187, 187, 187, 185, 184, 184,
    188, 184, 185, 188, 187, 184, 185, 186, 188, 188, 184, 188, 187, 186,
    186, 184, 186, 187, 188, 188, 184, 188, 185, 185, 188, 188, 187, 186,
    186, 184, 188, 186, 188, 186, 187 ]
RHandPositionsY: [ 267, 265, 268, 266, 266, 265, 265, 267, 268, 268, 266,
    267, 268, 268, 267, 265, 266, 269, 265, 269, 269, 267, 267, 269, 267,
    268, 268, 269, 268, 267, 268, 266, 268, 268, 265, 265, 265, 269, 265,
    269, 267, 268, 265, 265, 268, 266, 267, 268, 265, 268, 269, 269, 267,
    265, 267, 269, 266, 269, 265, 266, 266, 268, 267, 268, 267, 267, 266,
    269, 268, 268, 269, 267, 266, 268, 266, 266, 265, 268, 266, 269, 267,
    269, 265, 267, 266, 267, 265, 268 ]
