%YAML:1.0
---
videoName: "LHShake15.mp4"
gestureLabel: 2
fps: 29
pixelSizeInCmTemp: 3.3263888888888887e-01
faceCenterPointX: 252
faceCenterPointY: 65
LHandPositionsX: [ 329, 331, 330, 327, 329, 330, 331, 330, 332, 328, 335,
    340, 348, 350, 357, 361, 370, 372, 381, 381, 378, 379, 368, 358, 346,
    342, 341, 342, 345, 351, 360, 361, 361, 362, 357, 345, 332, 328, 330,
    337, 344, 354, 353, 352, 349, 354, 348, 332, 330, 328, 332, 340, 350,
    354, 352, 351, 358, 353, 342, 336, 333, 331, 336, 341, 344, 350, 349,
    348, 346, 349, 339, 333, 327, 325, 324, 319, 320, 324, 325, 325, 327,
    326, 328, 327, 325, 324, 326, 326 ]
LHandPositionsY: [ 258, 255, 254, 254, 255, 256, 254, 253, 251, 255, 241,
    227, 216, 201, 186, 172, 153, 138, 119, 118, 118, 107, 103, 103, 104,
    104, 104, 102, 98, 96, 93, 93, 93, 94, 97, 97, 97, 97, 99, 96, 98,
    94, 96, 96, 95, 97, 100, 99, 103, 99, 98, 94, 94, 97, 93, 98, 98, 98,
    102, 100, 101, 99, 100, 97, 101, 101, 98, 102, 99, 103, 108, 121,
    139, 151, 167, 178, 194, 205, 219, 230, 232, 234, 241, 237, 241, 239,
    242, 241 ]
RHandPositionsX: [ 178, 178, 178, 179, 175, 179, 177, 179, 175, 176, 179,
    176, 176, 179, 179, 179, 175, 176, 175, 175, 175, 179, 176, 177, 177,
    179, 176, 176, 175, 177, 176, 179, 177, 177, 175, 175, 177, 175, 176,
    178, 178, 179, 179, 176, 175, 176, 175, 179, 175, 177, 175, 177, 178,
    179, 176, 176, 177, 176, 175, 175, 178, 175, 179, 175, 175, 178, 176,
    178, 176, 177, 177, 175, 176, 179, 178, 176, 179, 179, 177, 176, 175,
    176, 175, 176, 177, 177, 178, 179 ]
RHandPositionsY: [ 257, 257, 257, 261, 261, 261, 257, 261, 257, 260, 259,
    259, 257, 260, 259, 260, 259, 260, 258, 261, 261, 261, 259, 257, 260,
    260, 261, 260, 258, 257, 257, 259, 260, 257, 259, 258, 258, 257, 260,
    260, 257, 258, 259, 257, 257, 259, 257, 257, 260, 258, 260, 258, 258,
    260, 260, 261, 261, 259, 257, 259, 257, 259, 257, 258, 257, 259, 261,
    259, 259, 257, 259, 259, 257, 260, 261, 258, 258, 260, 257, 260, 258,
    258, 259, 258, 261, 260, 260, 260 ]
