%YAML:1.0
---
videoName: "LHShake19.mp4"
gestureLabel: 2
fps: 29
pixelSizeInCmTemp: 3.3732394366197183e-01
faceCenterPointX: 250
faceCenterPointY: 62
LHandPositionsX: [ 308, 308, 305, 308, 305, 305, 306, 308, 307, 307, 308,
    305, 305, 308, 307, 311, 312, 315, 323, 324, 328, 322, 310, 291, 286,
    289, 290, 300, 307, 316, 314, 311, 306, 296, 288, 289, 292, 303, 309,
    318, 320, 313, 304, 291, 289, 292, 299, 308, 315, 311, 311, 305, 293,
    293, 298, 299, 305, 313, 317, 318, 313, 309, 306, 303, 295, 294, 293,
    293, 298, 300, 301, 300, 302, 304, 306, 305, 308, 310, 309, 309, 307,
    311, 308, 307, 309, 311, 307, 309 ]
LHandPositionsY: [ 249, 248, 249, 250, 251, 251, 250, 248, 250, 248, 249,
    251, 250, 249, 248, 238, 228, 215, 203, 188, 179, 170, 162, 164, 154,
    154, 156, 157, 154, 151, 153, 153, 154, 152, 149, 147, 154, 154, 151,
    151, 152, 152, 157, 146, 144, 154, 155, 155, 155, 154, 154, 158, 147,
    145, 154, 156, 153, 153, 154, 153, 152, 156, 159, 165, 169, 174, 177,
    188, 199, 209, 216, 218, 218, 220, 224, 228, 233, 233, 237, 234, 236,
    237, 239, 239, 238, 238, 239, 239 ]
RHandPositionsX: [ 196, 199, 197, 195, 196, 197, 198, 197, 195, 199, 196,
    196, 197, 199, 199, 196, 199, 196, 199, 197, 197, 196, 197, 197, 195,
    197, 195, 195, 198, 195, 197, 193, 195, 193, 194, 196, 195, 194, 195,
    192, 191, 192, 192, 192, 192, 192, 195, 195, 194, 192, 192, 191, 193,
    191, 195, 195, 195, 191, 191, 194, 195, 192, 193, 193, 195, 195, 193,
    195, 194, 191, 194, 193, 193, 192, 191, 192, 191, 193, 193, 194, 195,
    191, 192, 193, 192, 195, 195, 194 ]
RHandPositionsY: [ 256, 258, 257, 254, 254, 258, 254, 254, 257, 255, 255,
    256, 256, 254, 257, 255, 256, 256, 257, 257, 257, 256, 255, 256, 257,
    258, 258, 255, 258, 257, 256, 256, 257, 256, 257, 257, 258, 258, 254,
    258, 257, 255, 258, 256, 256, 256, 256, 257, 255, 255, 255, 256, 254,
    256, 255, 256, 257, 258, 257, 256, 256, 256, 258, 256, 258, 258, 256,
    258, 254, 255, 254, 254, 258, 258, 257, 258, 258, 255, 254, 258, 258,
    256, 255, 256, 257, 258, 254, 257 ]
