%YAML:1.0
---
videoName: "LHShake13.mp4"
gestureLabel: 2
fps: 29
pixelSizeInCmTemp: 3.4214285714285714e-01
faceCenterPointX: 257
faceCenterPointY: 76
LHandPositionsX: [ 326, 325, 324, 326, 325, 327, 326, 326, 324, 325, 329,
    335, 345, 352, 359, 371, 380, 387, 392, 390, 384, 376, 363, 349, 340,
    344, 339, 341, 352, 358, 372, 370, 367, 364, 358, 344, 342, 339, 340,
    352, 361, 370, 368, 364, 361, 348, 344, 348, 346, 350, 354, 365, 364,
    364, 360, 354, 348, 347, 344, 343, 346, 359, 366, 368, 369, 363, 359,
    355, 347, 342, 334, 329, 325, 325, 327, 328, 326, 329, 324, 328, 326,
    326, 326, 325, 327, 327, 326, 327 ]
LHandPositionsY: [ 260, 259, 263, 261, 259, 260, 261, 260, 259, 257, 254,
    249, 238, 224, 209, 196, 184, 175, 167, 155, 151, 149, 155, 152, 155,
    156, 156, 154, 152, 146, 142, 141, 140, 146, 152, 153, 161, 158, 159,
    157, 154, 152, 156, 158, 159, 158, 164, 163, 160, 161, 156, 158, 155,
    158, 156, 161, 163, 166, 165, 163, 158, 156, 154, 155, 150, 148, 146,
    152, 156, 163, 169, 179, 194, 206, 222, 232, 245, 247, 244, 245, 247,
    245, 248, 249, 250, 248, 246, 246 ]
RHandPositionsX: [ 181, 183, 183, 184, 185, 183, 182, 185, 183, 184, 181,
    185, 182, 183, 184, 181, 183, 184, 182, 182, 185, 183, 181, 182, 183,
    184, 183, 184, 183, 184, 184, 185, 185, 182, 181, 184, 183, 182, 184,
    181, 183, 181, 182, 184, 183, 184, 182, 181, 182, 184, 185, 184, 185,
    185, 182, 181, 184, 185, 181, 185, 181, 182, 183, 183, 183, 185, 182,
    183, 184, 183, 181, 181, 182, 181, 182, 185, 184, 182, 182, 185, 183,
    181, 181, 182, 183, 183, 185, 183 ]
RHandPositionsY: [ 267, 268, 271, 268, 270, 270, 271, 267, 267, 267, 267,
    267, 267, 269, 270, 269, 271, 270, 267, 270, 269, 270, 270, 270, 267,
    267, 270, 268, 267, 267, 267, 269, 270, 267, 271, 269, 270, 268, 271,
    267, 270, 271, 268, 269, 271, 270, 269, 269, 269, 270, 270, 269, 269,
    270, 267, 268, 268, 267, 270, 270, 268, 271, 270, 268, 267, 270, 271,
    270, 267, 269, 271, 270, 268, 270, 267, 270, 270, 268, 267, 271, 270,
    268, 267, 270, 268, 268, 269, 269 ]
