%YAML:1.0
---
videoName: "LHShake10.mp4"
gestureLabel: 2
fps: 29
pixelSizeInCmTemp: 3.4214285714285714e-01
faceCenterPointX: 253
faceCenterPointY: 65
LHandPositionsX: [ 335, 338, 335, 338, 336, 337, 342, 350, 351, 357, 367,
    374, 384, 391, 395, 395, 393, 386, 374, 366, 354, 351, 351, 355, 361,
    369, 381, 390, 393, 391, 393, 386, 376, 363, 355, 358, 357, 365, 369,
    372, 374, 372, 373, 370, 370, 361, 351, 345, 342, 344, 344, 353, 359,
    372, 382, 380, 381, 375, 363, 356, 351, 351, 350, 349, 354, 365, 375,
    379, 378, 380, 375, 375, 369, 361, 356, 347, 343, 344, 340, 336, 336,
    335, 336, 335, 337, 335, 336, 335 ]
LHandPositionsY: [ 271, 269, 272, 269, 272, 271, 269, 263, 251, 241, 223,
    207, 195, 179, 168, 157, 142, 137, 135, 140, 145, 148, 147, 147, 151,
    146, 140, 141, 142, 141, 140, 145, 150, 147, 150, 151, 152, 146, 140,
    131, 135, 132, 135, 132, 132, 131, 140, 142, 144, 144, 144, 144, 138,
    142, 143, 143, 143, 145, 144, 147, 151, 151, 153, 149, 150, 150, 147,
    145, 147, 147, 148, 153, 159, 167, 171, 181, 193, 207, 222, 230, 244,
    253, 252, 254, 256, 258, 257, 258 ]
RHandPositionsX: [ 173, 176, 175, 174, 173, 173, 174, 172, 172, 174, 172,
    172, 175, 176, 172, 173, 172, 171, 172, 172, 172, 173, 172, 172, 175,
    173, 171, 171, 171, 173, 173, 175, 175, 172, 171, 174, 175, 174, 174,
    174, 175, 174, 171, 175, 175, 171, 174, 173, 172, 171, 172, 173, 173,
    171, 175, 173, 171, 173, 175, 174, 174, 171, 172, 172, 173, 172, 175,
    171, 173, 175, 172, 174, 175, 171, 174, 175, 174, 174, 174, 172, 173,
    174, 173, 174, 175, 175, 172, 172 ]
RHandPositionsY: [ 276, 277, 278, 276, 276, 276, 278, 275, 276, 278, 277,
    277, 277, 277, 278, 275, 277, 276, 275, 277, 277, 277, 274, 276, 275,
    276, 278, 274, 275, 275, 277, 275, 274, 276, 274, 277, 275, 278, 275,
    278, 278, 276, 277, 277, 275, 274, 278, 276, 277, 274, 275, 278, 274,
    274, 276, 276, 276, 277, 274, 276, 275, 278, 275, 278, 274, 277, 274,
    278, 277, 277, 276, 277, 276, 274, 274, 274, 277, 276, 276, 276, 278,
    276, 275, 278, 278, 274, 276, 278 ]
