%YAML:1.0
---
videoName: "LHShake01.mp4"
gestureLabel: 2
fps: 29
pixelSizeInCmTemp: 3.4214285714285714e-01
faceCenterPointX: 252
faceCenterPointY: 84
LHandPositionsX: [ 364, 366, 365, 363, 360, 354, 348, 342, 338, 331, 333,
    332, 341, 346, 349, 353, 358, 355, 351, 349, 344, 341, 341, 338, 337,
    341, 344, 348, 351, 349, 352, 351, 343, 339, 336, 334, 331, 335, 334,
    340, 343, 346, 345, 350, 347, 348, 344, 340, 335, 333, 334, 333, 338,
    340, 344, 352, 351, 348, 346, 349, 345, 343, 338, 330, 328, 328, 328,
    333, 334, 329, 329, 333, 338, 340, 340, 345, 343, 345, 347, 347, 348,
    351, 348, 352, 349, 350, 351, 351 ]
LHandPositionsY: [ 144, 140, 131, 126, 125, 121, 116, 117, 121, 119, 119,
    123, 119, 115, 115, 112, 107, 109, 108, 108, 108, 110, 114, 112, 115,
    113, 109, 108, 107, 106, 107, 108, 106, 106, 109, 116, 113, 114, 114,
    111, 110, 106, 107, 102, 106, 108, 105, 107, 110, 112, 108, 108, 106,
    104, 104, 102, 101, 104, 104, 105, 105, 106, 108, 123, 132, 140, 150,
    163, 165, 163, 170, 183, 190, 201, 208, 213, 222, 223, 224, 226, 225,
    227, 230, 230, 229, 232, 229, 232 ]
RHandPositionsX: [ 153, 154, 156, 154, 157, 154, 156, 153, 156, 155, 157,
    156, 154, 157, 156, 155, 157, 155, 153, 153, 154, 153, 154, 155, 156,
    157, 153, 156, 156, 157, 156, 156, 154, 157, 153, 153, 157, 157, 155,
    156, 153, 155, 155, 157, 157, 155, 156, 154, 154, 155, 157, 154, 156,
    153, 154, 154, 154, 157, 157, 154, 154, 157, 154, 153, 154, 155, 154,
    156, 157, 154, 157, 153, 156, 157, 154, 154, 154, 156, 153, 154, 153,
    157, 153, 153, 156, 157, 154, 154 ]
RHandPositionsY: [ 268, 268, 267, 271, 267, 266, 267, 266, 268, 265, 269,
    267, 268, 268, 267, 264, 264, 265, 263, 263, 264, 264, 262, 262, 265,
    265, 263, 264, 264, 265, 265, 261, 264, 262, 261, 260, 260, 264, 260,
    261, 263, 261, 263, 262, 259, 260, 260, 262, 259, 263, 260, 262, 262,
    260, 259, 259, 261, 260, 260, 260, 261, 260, 259, 260, 259, 261, 261,
    259, 262, 262, 262, 261, 262, 261, 259, 262, 263, 259, 263, 261, 259,
    260, 261, 260, 262, 263, 262, 260 ]
