%YAML:1.0
---
videoName: "LHShake01.mp4"
gestureLabel: 2
fps: 29
pixelSizeInCmTemp: 3.4214285714285714e-01
faceCenterPointX: 252
faceCenterPointY: 84
LHandPositionsX: [ 366, 367, 366, 364, 358, 356, 347, 339, 335, 334, 334,
    333, 339, 345, 349, 352, 359, 355, 350, 348, 346, 340, 339, 338, 337,
    340, 344, 348, 352, 350, 352, 347, 343, 342, 336, 334, 333, 332, 334,
    340, 346, 346, 349, 348, 347, 348, 341, 339, 334, 336, 335, 333, 335,
    340, 346, 350, 350, 347, 349, 350, 344, 343, 339, 332, 327, 328, 331,
    331, 335, 328, 330, 334, 334, 337, 342, 345, 344, 344, 348, 348, 350,
    347, 348, 349, 352, 348, 350, 352 ]
LHandPositionsY: [ 147, 137, 132, 125, 123, 121, 119, 121, 120, 120, 121,
    120, 123, 117, 113, 113, 107, 107, 110, 110, 110, 114, 115, 115, 112,
    110, 111, 108, 107, 104, 103, 105, 107, 110, 109, 115, 115, 113, 113,
    109, 111, 109, 104, 104, 102, 105, 108, 108, 109, 110, 111, 109, 106,
    106, 104, 101, 105, 104, 104, 102, 105, 103, 106, 123, 135, 141, 149,
    162, 165, 165, 171, 182, 190, 199, 209, 214, 220, 222, 223, 226, 227,
    225, 230, 229, 232, 228, 232, 230 ]
RHandPositionsX: [ 153, 157, 153, 153, 153, 157, 157, 153, 156, 154, 154,
    156, 156, 154, 155, 153, 157, 154, 154, 156, 156, 154, 153, 154, 153,
    157, 155, 155, 155, 156, 155, 156, 155, 154, 153, 155, 153, 155, 156,
    154, 154, 155, 156, 153, 155, 156, 155, 153, 154, 154, 154, 154, 155,
    154, 155, 155, 154, 154, 153, 156, 156, 157, 153, 157, 153, 157, 155,
    155, 157, 157, 157, 153, 154, 155, 156, 154, 154, 156, 154, 155, 154,
    156, 156, 156, 154, 154, 157, 157 ]
RHandPositionsY: [ 267, 271, 271, 269, 268, 267, 267, 267, 267, 265, 268,
    268, 265, 265, 264, 264, 265, 264, 265, 264, 265, 265, 264, 265, 263,
    262, 262, 262, 264, 262, 262, 262, 263, 265, 260, 262, 260, 263, 262,
    262, 262, 263, 264, 263, 263, 259, 263, 260, 261, 263, 261, 263, 263,
    263, 262, 263, 260, 262, 261, 262, 259, 260, 261, 261, 260, 262, 262,
    259, 259, 259, 262, 259, 261, 261, 263, 260, 259, 263, 259, 263, 261,
    260, 261, 261, 260, 263, 263, 262 ]
