%YAML:1.0
---
videoName: "LHShake04.mp4"
gestureLabel: 2
fps: 30
pixelSizeInCmTemp: 3.2808219178082193e-01
faceCenterPointX: 247
faceCenterPointY: 80
LHandPositionsX: [ 281, 284, 281, 283, 280, 280, 282, 281, 279, 283, 283,
    282, 281, 283, 279, 286, 288, 296, 308, 322, 335, 346, 360, 369, 370,
    365, 360, 360, 350, 341, 338, 337, 334, 338, 348, 361, 370, 364, 360,
    346, 339, 341, 342, 344, 349, 356, 355, 353, 354, 346, 340, 342, 344,
    346, 355, 356, 356, 348, 346, 349, 345, 349, 356, 361, 360, 367, 365,
    360, 355, 345, 333, 322, 315, 304, 301, 292, 293, 287, 289, 287, 286,
    289, 289, 290, 288, 287, 290, 289, 287, 285, 289 ]
LHandPositionsY: [ 269, 268, 269, 269, 270, 271, 270, 270, 269, 272, 271,
    271, 272, 271, 268, 266, 264, 254, 242, 231, 218, 205, 189, 173, 160,
    158, 156, 150, 136, 134, 134, 131, 127, 118, 115, 114, 109, 111, 114,
    116, 128, 127, 123, 125, 119, 117, 117, 112, 118, 120, 120, 121, 119,
    117, 116, 111, 111, 109, 116, 115, 116, 112, 107, 108, 108, 103, 107,
    112, 127, 144, 156, 170, 187, 198, 214, 224, 233, 244, 244, 244, 248,
    248, 249, 250, 251, 252, 254, 255, 253, 254, 250 ]
RHandPositionsX: [ 215, 215, 216, 214, 214, 216, 217, 216, 218, 214, 214,
    217, 218, 214, 215, 218, 218, 218, 215, 218, 214, 215, 214, 218, 218,
    214, 217, 215, 214, 215, 218, 214, 216, 218, 216, 217, 217, 216, 216,
    214, 217, 217, 215, 215, 215, 214, 214, 215, 215, 218, 218, 216, 215,
    217, 214, 214, 215, 215, 216, 218, 215, 214, 216, 218, 218, 215, 214,
    216, 214, 215, 218, 217, 216, 217, 218, 215, 215, 216, 214, 214, 216,
    214, 217, 214, 215, 215, 218, 215, 218, 218, 216 ]
RHandPositionsY: [ 266, 267, 269, 266, 267, 267, 269, 270, 266, 266, 270,
    267, 266, 267, 265, 269, 269, 265, 264, 267, 268, 266, 264, 265, 265,
    267, 263, 265, 267, 266, 263, 266, 267, 265, 264, 266, 264, 263, 263,
    262, 264, 264, 262, 262, 263, 262, 263, 262, 264, 263, 261, 264, 263,
    261, 263, 262, 262, 264, 262, 263, 263, 262, 263, 264, 262, 265, 262,
    265, 261, 262, 265, 261, 261, 264, 261, 261, 265, 264, 265, 262, 262,
    263, 264, 265, 265, 261, 261, 265, 263, 264, 263 ]
