%YAML:1.0
---
videoName: "LHShake05.mp4"
gestureLabel: 2
fps: 30
pixelSizeInCmTemp: 3.2364864864864862e-01
faceCenterPointX: 252
faceCenterPointY: 81
LHandPositionsX: [ 293, 294, 294, 295, 295, 293, 292, 296, 295, 292, 295,
    298, 304, 313, 321, 333, 340, 341, 341, 342, 340, 338, 331, 332, 331,
    334, 331, 335, 342, 345, 343, 338, 329, 325, 326, 323, 330, 333, 335,
    340, 335, 331, 324, 320, 319, 325, 327, 330, 338, 340, 336, 328, 326,
    325, 322, 326, 332, 334, 341, 335, 334, 333, 330, 328, 331, 336, 339,
    338, 340, 339, 336, 324, 321, 314, 313, 307, 304, 299, 297, 294, 297,
    295, 296, 294, 292, 294, 294, 295, 293, 292, 294 ]
LHandPositionsY: [ 267, 267, 270, 266, 269, 265, 265, 264, 264, 253, 241,
    225, 214, 197, 184, 174, 163, 162, 158, 154, 152, 153, 154, 156, 154,
    154, 147, 146, 141, 134, 132, 139, 144, 148, 145, 147, 146, 138, 137,
    134, 135, 137, 142, 141, 142, 141, 137, 138, 133, 132, 137, 139, 143,
    142, 143, 141, 140, 136, 136, 140, 141, 140, 140, 145, 144, 140, 140,
    139, 139, 138, 140, 147, 160, 171, 176, 189, 196, 207, 218, 228, 234,
    237, 240, 244, 247, 250, 251, 249, 253, 254, 257 ]
RHandPositionsX: [ 211, 213, 212, 211, 213, 213, 210, 214, 213, 213, 211,
    209, 213, 211, 209, 212, 209, 209, 209, 208, 212, 208, 209, 212, 211,
    211, 207, 208, 210, 206, 208, 209, 209, 207, 206, 208, 206, 207, 209,
    210, 209, 209, 209, 210, 210, 208, 206, 210, 208, 207, 206, 208, 206,
    207, 206, 206, 206, 210, 208, 209, 210, 208, 208, 210, 208, 210, 207,
    206, 208, 207, 208, 208, 206, 210, 209, 207, 206, 206, 208, 208, 209,
    210, 210, 210, 208, 211, 208, 211, 208, 210, 211 ]
RHandPositionsY: [ 266, 262, 266, 266, 263, 262, 266, 265, 262, 264, 266,
    263, 262, 262, 263, 266, 264, 263, 262, 262, 263, 264, 264, 262, 262,
    264, 263, 265, 266, 262, 265, 262, 266, 266, 264, 265, 263, 265, 263,
    264, 264, 261, 264, 264, 262, 261, 264, 263, 262, 261, 261, 263, 265,
    261, 265, 261, 261, 263, 264, 262, 264, 261, 264, 264, 261, 262, 263,
    262, 262, 261, 262, 263, 262, 265, 264, 265, 261, 261, 261, 263, 262,
    264, 264, 264, 261, 263, 264, 263, 261, 263, 264 ]
