%YAML:1.0
---
videoName: "LHShake21.mp4"
gestureLabel: 2
fps: 29
pixelSizeInCmTemp: 3.4214285714285714e-01
faceCenterPointX: 266
faceCenterPointY: 79
LHandPositionsX: [ 349, 352, 365, 371, 383, 396, 399, 406, 420, 413, 416,
    403, 389, 377, 373, 376, 372, 376, 386, 405, 401, 397, 397, 394, 384,
    375, 370, 371, 373, 369, 377, 392, 390, 388, 383, 381, 376, 370, 367,
    368, 366, 371, 375, 387, 387, 384, 399, 393, 379, 372, 363, 364, 366,
    370, 374, 380, 386, 384, 382, 387, 388, 383, 375, 367, 355, 350, 343,
    339, 338, 337, 337, 335, 336, 334, 333, 335, 333, 333, 331, 330, 330,
    333, 332, 334, 330, 334, 330, 331 ]
LHandPositionsY: [ 270, 263, 247, 226, 209, 192, 181, 171, 152, 149, 140,
    135, 131, 134, 132, 133, 128, 130, 130, 128, 128, 132, 131, 135, 134,
    130, 142, 141, 141, 138, 133, 132, 134, 132, 132, 133, 139, 144, 150,
    144, 145, 142, 138, 139, 140, 137, 134, 139, 141, 149, 152, 152, 154,
    154, 152, 146, 139, 140, 142, 147, 154, 160, 169, 181, 192, 202, 214,
    228, 237, 239, 241, 246, 248, 252, 248, 249, 254, 251, 251, 250, 251,
    251, 254, 253, 253, 253, 254, 250 ]
RHandPositionsX: [ 188, 186, 184, 188, 186, 184, 185, 185, 187, 187, 187,
    187, 186, 188, 188, 185, 184, 185, 185, 187, 184, 184, 184, 185, 187,
    187, 186, 187, 184, 187, 188, 186, 187, 184, 188, 186, 187, 185, 185,
    186, 184, 184, 187, 185, 187, 188, 184, 184, 188, 185, 187, 185, 185,
    188, 187, 188, 186, 184, 188, 187, 186, 188, 187, 188, 187, 184, 186,
    188, 184, 185, 187, 186, 188, 185, 186, 188, 185, 186, 186, 186, 187,
    188, 184, 188, 187, 188, 186, 184 ]
RHandPositionsY: [ 265, 267, 267, 267, 269, 267, 267, 268, 265, 268, 268,
    268, 265, 269, 268, 267, 267, 267, 269, 269, 267, 265, 269, 265, 267,
    265, 268, 265, 268, 267, 265, 268, 269, 266, 269, 268, 267, 269, 267,
    269, 265, 269, 267, 268, 266, 265, 266, 269, 268, 266, 266, 266, 268,
    266, 269, 269, 269, 269, 267, 269, 265, 268, 266, 267, 267, 266, 265,
    268, 267, 266, 267, 267, 266, 265, 267, 269, 265, 266, 266, 266, 266,
    265, 266, 267, 268, 265, 267, 265 ]
