%YAML:1.0
---
videoName: "LHShake01.mp4"
gestureLabel: 2
fps: 29
pixelSizeInCmTemp: 3.4214285714285714e-01
faceCenterPointX: 252
faceCenterPointY: 84
LHandPositionsX: [ 365, 367, 366, 362, 361, 353, 348, 343, 336, 334, 332,
    334, 338, 346, 350, 352, 357, 353, 350, 348, 345, 343, 339, 335, 335,
    337, 343, 345, 349, 352, 353, 350, 344, 340, 336, 333, 332, 334, 334,
    343, 346, 346, 346, 351, 348, 347, 342, 340, 333, 336, 333, 333, 338,
    344, 346, 350, 347, 351, 349, 348, 345, 342, 336, 333, 329, 328, 329,
    333, 331, 329, 333, 332, 334, 337, 339, 344, 343, 345, 348, 348, 347,
    349, 351, 350, 349, 352, 349, 350 ]
LHandPositionsY: [ 145, 140, 133, 126, 126, 121, 117, 118, 120, 121, 123,
    120, 119, 116, 111, 111, 111, 109, 108, 108, 111, 113, 112, 113, 113,
    114, 109, 106, 106, 106, 107, 107, 109, 106, 110, 113, 114, 110, 110,
    108, 107, 105, 105, 103, 104, 105, 106, 105, 106, 112, 108, 110, 109,
    104, 106, 101, 105, 103, 101, 104, 105, 103, 107, 120, 131, 144, 149,
    162, 165, 165, 170, 181, 189, 198, 206, 212, 223, 221, 222, 224, 224,
    226, 226, 231, 229, 230, 231, 228 ]
RHandPositionsX: [ 154, 153, 156, 153, 156, 156, 156, 156, 153, 157, 155,
    154, 157, 156, 156, 157, 154, 153, 155, 154, 153, 155, 157, 156, 157,
    153, 153, 155, 156, 154, 155, 156, 154, 157, 156, 157, 153, 156, 157,
    154, 157, 156, 157, 157, 156, 153, 155, 157, 156, 154, 154, 154, 157,
    157, 157, 153, 154, 156, 156, 154, 153, 156, 157, 157, 154, 156, 153,
    155, 157, 157, 154, 157, 154, 153, 157, 155, 154, 156, 154, 155, 156,
    154, 157, 153, 156, 157, 153, 155 ]
RHandPositionsY: [ 270, 267, 269, 271, 270, 270, 268, 270, 266, 265, 269,
    265, 265, 268, 267, 267, 264, 266, 266, 267, 263, 264, 266, 263, 263,
    265, 262, 265, 261, 262, 262, 262, 261, 265, 262, 262, 264, 263, 262,
    264, 262, 263, 262, 262, 260, 262, 261, 261, 262, 263, 261, 262, 262,
    261, 263, 261, 259, 261, 260, 262, 262, 262, 261, 259, 260, 262, 263,
    262, 262, 263, 259, 263, 261, 263, 262, 261, 259, 263, 261, 263, 263,
    261, 260, 262, 259, 259, 260, 260 ]
