%YAML:1.0
---
videoName: "LHShake03.mp4"
gestureLabel: 2
fps: 30
pixelSizeInCmTemp: 3.2808219178082193e-01
faceCenterPointX: 251
faceCenterPointY: 79
LHandPositionsX: [ 342, 346, 351, 356, 357, 358, 355, 350, 335, 326, 316,
    315, 314, 316, 315, 321, 327, 331, 333, 335, 338, 336, 335, 330, 324,
    324, 324, 323, 324, 332, 334, 340, 345, 340, 332, 321, 319, 312, 313,
    313, 315, 322, 325, 331, 334, 336, 334, 327, 323, 325, 325, 327, 332,
    338, 342, 342, 336, 334, 337, 337, 336, 326, 319, 317, 317, 312, 307,
    305, 301, 300, 298, 297, 296, 293, 295, 292, 292, 292, 293, 293, 288,
    288, 289, 287, 285, 289, 288, 287, 288, 286, 286 ]
LHandPositionsY: [ 143, 133, 129, 119, 112, 108, 105, 105, 97, 98, 107,
    106, 105, 100, 98, 96, 92, 88, 85, 89, 85, 88, 90, 87, 89, 88, 91,
    88, 87, 85, 87, 84, 79, 82, 86, 92, 91, 95, 96, 94, 90, 93, 92, 87,
    89, 90, 86, 85, 91, 89, 91, 90, 91, 87, 88, 89, 90, 93, 98, 103, 111,
    133, 141, 154, 166, 177, 184, 197, 204, 216, 221, 221, 223, 230, 230,
    238, 241, 244, 246, 251, 248, 248, 251, 252, 255, 255, 253, 251, 253,
    255, 255 ]
RHandPositionsX: [ 212, 216, 214, 212, 212, 216, 215, 211, 215, 215, 211,
    215, 214, 212, 215, 214, 213, 213, 211, 215, 214, 213, 212, 213, 214,
    215, 214, 215, 211, 214, 214, 214, 212, 211, 213, 212, 214, 215, 211,
    211, 215, 214, 213, 213, 212, 211, 215, 215, 212, 213, 211, 213, 215,
    214, 214, 215, 214, 210, 211, 212, 214, 213, 211, 214, 212, 210, 213,
    213, 210, 213, 213, 210, 214, 211, 210, 214, 211, 213, 210, 211, 213,
    214, 210, 213, 214, 212, 212, 213, 214, 214, 214 ]
RHandPositionsY: [ 256, 255, 255, 256, 256, 252, 252, 252, 252, 253, 254,
    256, 253, 252, 254, 255, 253, 253, 256, 255, 255, 251, 252, 252, 252,
    251, 253, 251, 251, 253, 255, 255, 254, 254, 252, 255, 254, 255, 254,
    254, 252, 255, 253, 251, 254, 254, 253, 253, 255, 251, 251, 252, 251,
    253, 253, 255, 251, 254, 254, 255, 251, 253, 255, 255, 252, 251, 255,
    253, 252, 254, 252, 251, 254, 251, 251, 255, 251, 255, 253, 253, 255,
    253, 251, 253, 253, 254, 255, 255, 252, 251, 252 ]
