%YAML:1.0
---
videoName: "LHShake19.mp4"
gestureLabel: 2
fps: 29
pixelSizeInCmTemp: 3.3732394366197183e-01
faceCenterPointX: 250
faceCenterPointY: 62
LHandPositionsX: [ 308, 306, 307, 306, 307, 308, 307, 309, 308, 305, 308,
    305, 307, 307, 305, 308, 309, 316, 323, 323, 326, 320, 311, 290, 286,
    290, 292, 299, 307, 313, 314, 314, 305, 297, 290, 289, 292, 302, 310,
    319, 319, 315, 303, 294, 289, 294, 300, 304, 314, 314, 313, 305, 295,
    294, 296, 301, 309, 314, 315, 314, 312, 307, 304, 300, 299, 290, 293,
    295, 296, 300, 301, 303, 303, 305, 304, 307, 309, 310, 308, 307, 307,
    311, 311, 308, 307, 310, 311, 308 ]
LHandPositionsY: [ 252, 248, 251, 252, 251, 250, 249, 250, 250, 252, 249,
    252, 251, 246, 246, 240, 229, 214, 204, 191, 176, 169, 161, 162, 157,
    155, 158, 155, 154, 153, 152, 152, 155, 152, 151, 146, 156, 153, 151,
    153, 152, 151, 155, 147, 145, 155, 156, 155, 155, 154, 151, 157, 145,
    143, 155, 157, 153, 151, 154, 150, 154, 152, 157, 162, 167, 174, 178,
    189, 200, 207, 216, 218, 219, 223, 223, 231, 230, 235, 238, 238, 236,
    235, 239, 239, 237, 238, 239, 240 ]
RHandPositionsX: [ 196, 197, 196, 196, 195, 197, 199, 198, 199, 198, 198,
    196, 199, 198, 197, 199, 196, 196, 198, 199, 197, 199, 199, 196, 197,
    198, 196, 195, 198, 194, 194, 193, 193, 192, 195, 196, 195, 193, 193,
    191, 193, 192, 194, 193, 193, 192, 192, 191, 192, 192, 191, 195, 194,
    195, 193, 194, 191, 195, 193, 192, 191, 191, 194, 194, 195, 195, 195,
    194, 191, 192, 192, 195, 195, 193, 192, 195, 191, 192, 191, 191, 192,
    191, 191, 195, 194, 192, 192, 192 ]
RHandPositionsY: [ 257, 258, 255, 257, 258, 256, 256, 255, 254, 254, 255,
    258, 254, 255, 256, 258, 257, 254, 258, 254, 258, 258, 255, 255, 257,
    256, 254, 258, 255, 256, 258, 258, 256, 256, 256, 255, 258, 254, 256,
    257, 256, 256, 258, 255, 258, 254, 256, 255, 255, 256, 258, 258, 257,
    254, 257, 256, 256, 258, 255, 258, 254, 258, 256, 256, 256, 258, 258,
    254, 254, 256, 255, 258, 256, 257, 254, 256, 254, 258, 254, 257, 258,
    258, 255, 256, 257, 254, 257, 258 ]
