%YAML:1.0
---
videoName: "LHShake11.mp4"
gestureLabel: 2
fps: 29
pixelSizeInCmTemp: 3.3732394366197183e-01
faceCenterPointX: 260
faceCenterPointY: 69
LHandPositionsX: [ 383, 385, 385, 375, 365, 354, 346, 352, 347, 348, 353,
    359, 365, 366, 361, 365, 356, 352, 346, 350, 347, 351, 351, 359, 356,
    358, 362, 353, 351, 345, 349, 348, 347, 354, 355, 353, 352, 353, 347,
    341, 338, 340, 338, 340, 346, 356, 355, 355, 357, 358, 352, 345, 338,
    340, 337, 340, 348, 353, 357, 360, 362, 362, 359, 356, 352, 345, 336,
    332, 330, 328, 330, 333, 331, 333, 332, 333, 335, 334, 331, 334, 335,
    332, 332, 332, 334, 333, 335, 332 ]
LHandPositionsY: [ 175, 164, 152, 142, 141, 147, 149, 145, 146, 135, 130,
    127, 128, 126, 125, 129, 134, 140, 142, 142, 142, 136, 128, 128, 131,
    128, 129, 133, 141, 147, 140, 145, 145, 137, 135, 135, 137, 135, 138,
    139, 146, 145, 147, 143, 142, 132, 133, 132, 131, 130, 138, 138, 146,
    142, 147, 144, 143, 140, 136, 139, 137, 143, 150, 154, 164, 175, 189,
    206, 214, 226, 231, 233, 238, 244, 244, 244, 249, 247, 247, 249, 252,
    250, 250, 248, 252, 251, 250, 252 ]
RHandPositionsX: [ 179, 183, 181, 181, 181, 179, 180, 183, 181, 182, 181,
    180, 181, 182, 179, 179, 181, 179, 181, 183, 179, 180, 182, 180, 181,
    180, 179, 180, 179, 183, 180, 181, 183, 182, 180, 179, 180, 180, 181,
    179, 182, 179, 181, 179, 179, 182, 183, 179, 182, 180, 181, 181, 179,
    183, 183, 182, 179, 180, 179, 181, 180, 179, 179, 179, 180, 179, 180,
    180, 183, 180, 179, 183, 179, 179, 182, 180, 183, 180, 179, 183, 181,
    180, 182, 182, 179, 181, 182, 182 ]
RHandPositionsY: [ 274, 277, 274, 273, 277, 277, 275, 273, 275, 277, 275,
    277, 277, 275, 274, 277, 276, 273, 275, 276, 275, 274, 274, 277, 276,
    273, 274, 273, 277, 274, 277, 275, 276, 273, 274, 273, 275, 273, 273,
    275, 277, 276, 276, 274, 277, 277, 273, 275, 274, 277, 275, 277, 277,
    277, 273, 276, 277, 277, 276, 276, 277, 273, 275, 273, 277, 273, 273,
    275, 276, 277, 275, 277, 275, 273, 273, 277, 273, 276, 276, 273, 273,
    274, 275, 277, 275, 273, 274, 274 ]
