%YAML:1.0
---
videoName: "LHShake02.mp4"
gestureLabel: 2
fps: 29
pixelSizeInCmTemp: 3.3263888888888887e-01
faceCenterPointX: 249
faceCenterPointY: 82
LHandPositionsX: [ 361, 359, 363, 370, 371, 380, 388, 383, 386, 386, 386,
    380, 371, 365, 367, 363, 363, 364, 369, 374, 384, 387, 382, 378, 376,
    369, 364, 365, 361, 363, 368, 368, 374, 379, 377, 380, 379, 375, 376,
    369, 366, 361, 359, 357, 357, 361, 364, 368, 371, 373, 368, 367, 362,
    358, 357, 358, 364, 366, 371, 372, 369, 370, 367, 365, 358, 354, 350,
    345, 344, 346, 342, 340, 340, 340, 344, 346, 347, 346, 345, 346, 348,
    347, 346, 348, 348, 347, 346, 346 ]
LHandPositionsY: [ 125, 119, 118, 113, 115, 110, 111, 110, 111, 108, 108,
    107, 109, 113, 116, 111, 111, 108, 106, 105, 102, 102, 105, 102, 103,
    105, 110, 109, 111, 107, 106, 104, 99, 100, 97, 95, 95, 97, 95, 97,
    97, 103, 101, 105, 104, 102, 102, 102, 102, 100, 100, 103, 105, 106,
    106, 106, 106, 104, 106, 107, 107, 104, 103, 104, 122, 134, 148, 161,
    162, 169, 180, 186, 193, 196, 203, 213, 217, 222, 223, 228, 227, 232,
    231, 230, 235, 235, 237, 237 ]
RHandPositionsX: [ 155, 154, 153, 157, 156, 154, 155, 156, 155, 157, 153,
    156, 155, 155, 155, 157, 157, 153, 155, 153, 155, 153, 153, 156, 153,
    157, 156, 156, 153, 156, 156, 154, 157, 157, 157, 156, 155, 157, 157,
    156, 153, 155, 155, 153, 157, 154, 154, 157, 154, 154, 156, 156, 156,
    156, 153, 154, 157, 153, 156, 156, 154, 155, 156, 153, 154, 156, 153,
    153, 155, 156, 155, 154, 153, 155, 157, 154, 153, 155, 153, 153, 155,
    154, 156, 154, 157, 157, 156, 154 ]
RHandPositionsY: [ 265, 264, 262, 262, 262, 262, 261, 263, 259, 263, 263,
    258, 258, 260, 258, 261, 261, 262, 261, 260, 259, 259, 260, 259, 259,
    261, 260, 258, 261, 262, 262, 261, 261, 261, 261, 259, 258, 261, 262,
    258, 259, 261, 258, 262, 262, 260, 260, 260, 259, 259, 262, 261, 261,
    258, 259, 261, 262, 261, 258, 262, 260, 259, 258, 260, 262, 260, 262,
    258, 259, 259, 260, 260, 258, 260, 260, 259, 262, 262, 261, 262, 261,
    261, 259, 258, 259, 261, 258, 261 ]
