%YAML:1.0
---
videoName: "LHShake23.mp4"
gestureLabel: 2
fps: 30
pixelSizeInCmTemp: 3.3263888888888887e-01
faceCenterPointX: 259
faceCenterPointY: 79
LHandPositionsX: [ 333, 332, 332, 332, 331, 330, 334, 331, 332, 334, 335,
    336, 342, 344, 348, 362, 368, 371, 374, 375, 381, 380, 373, 366, 358,
    352, 352, 350, 355, 363, 373, 378, 384, 386, 382, 380, 369, 363, 358,
    360, 363, 366, 377, 382, 381, 383, 382, 374, 364, 356, 357, 352, 357,
    365, 371, 380, 382, 379, 378, 376, 364, 358, 358, 357, 357, 366, 372,
    381, 380, 380, 380, 373, 369, 362, 355, 349, 345, 343, 343, 337, 336,
    337, 338, 339, 339, 335, 335, 337, 334, 333, 337 ]
LHandPositionsY: [ 263, 263, 264, 266, 264, 266, 262, 265, 263, 260, 259,
    250, 244, 229, 228, 215, 201, 197, 192, 185, 182, 169, 166, 168, 169,
    170, 169, 169, 171, 164, 164, 160, 161, 161, 161, 162, 161, 165, 165,
    164, 167, 163, 160, 161, 159, 157, 161, 160, 162, 166, 165, 166, 168,
    165, 164, 164, 163, 165, 165, 163, 166, 167, 169, 170, 167, 168, 167,
    169, 168, 165, 171, 171, 176, 186, 193, 200, 215, 227, 238, 247, 250,
    253, 250, 250, 254, 254, 255, 256, 254, 253, 253 ]
RHandPositionsX: [ 185, 184, 183, 184, 185, 183, 182, 183, 182, 184, 184,
    182, 182, 182, 183, 184, 184, 186, 182, 183, 185, 185, 186, 183, 184,
    182, 184, 186, 182, 182, 182, 186, 185, 185, 183, 184, 186, 184, 185,
    186, 185, 186, 182, 186, 183, 182, 182, 182, 186, 184, 185, 184, 182,
    183, 184, 185, 186, 182, 186, 185, 185, 185, 185, 185, 184, 183, 186,
    183, 182, 185, 184, 185, 182, 183, 186, 185, 186, 182, 183, 186, 182,
    185, 186, 186, 182, 186, 185, 186, 182, 182, 182 ]
RHandPositionsY: [ 274, 274, 270, 272, 273, 272, 270, 273, 271, 272, 270,
    271, 271, 271, 272, 274, 270, 272, 271, 272, 271, 273, 270, 271, 271,
    274, 271, 272, 272, 273, 273, 271, 274, 273, 270, 270, 273, 274, 271,
    270, 274, 273, 270, 274, 274, 274, 271, 271, 273, 272, 271, 274, 274,
    274, 272, 270, 273, 272, 272, 270, 274, 272, 270, 274, 274, 273, 271,
    273, 273, 274, 272, 272, 272, 270, 270, 271, 272, 272, 272, 270, 271,
    270, 273, 274, 273, 272, 271, 274, 270, 270, 272 ]
