%YAML:1.0
---
videoName: "LHShake21.mp4"
gestureLabel: 2
fps: 29
pixelSizeInCmTemp: 3.4214285714285714e-01
faceCenterPointX: 266
faceCenterPointY: 79
LHandPositionsX: [ 347, 353, 364, 374, 383, 392, 396, 405, 421, 413, 414,
    401, 387, 375, 376, 379, 373, 378, 386, 402, 401, 400, 398, 393, 386,
    375, 370, 370, 371, 369, 374, 393, 390, 388, 384, 383, 377, 370, 368,
    366, 369, 371, 375, 388, 389, 383, 395, 393, 379, 373, 366, 367, 363,
    366, 376, 377, 384, 384, 384, 387, 387, 383, 371, 364, 355, 349, 343,
    338, 335, 338, 334, 333, 334, 333, 332, 334, 333, 331, 330, 333, 331,
    334, 330, 331, 332, 332, 333, 333 ]
LHandPositionsY: [ 272, 264, 243, 226, 207, 191, 184, 167, 152, 150, 138,
    136, 134, 133, 134, 136, 129, 127, 128, 131, 132, 128, 133, 133, 134,
    131, 145, 141, 141, 134, 137, 130, 133, 136, 134, 137, 137, 147, 148,
    148, 148, 142, 138, 139, 138, 138, 138, 140, 141, 150, 154, 151, 154,
    153, 153, 143, 140, 141, 141, 147, 155, 160, 169, 181, 191, 203, 212,
    226, 235, 239, 244, 246, 251, 249, 249, 249, 253, 253, 250, 253, 253,
    253, 250, 254, 250, 250, 253, 254 ]
RHandPositionsX: [ 184, 185, 184, 187, 184, 188, 187, 185, 185, 188, 188,
    184, 186, 187, 184, 184, 184, 186, 186, 184, 188, 186, 187, 187, 187,
    184, 186, 187, 184, 185, 185, 184, 188, 188, 186, 184, 185, 188, 184,
    187, 184, 186, 184, 188, 186, 187, 186, 185, 185, 188, 185, 185, 187,
    188, 188, 186, 185, 187, 184, 186, 185, 185, 184, 188, 184, 186, 184,
    186, 185, 184, 184, 186, 186, 186, 184, 184, 187, 187, 186, 187, 184,
    185, 188, 184, 188, 184, 185, 185 ]
RHandPositionsY: [ 267, 265, 265, 266, 269, 266, 266, 268, 265, 269, 265,
    266, 266, 268, 265, 268, 266, 266, 267, 267, 265, 268, 268, 269, 267,
    266, 268, 266, 265, 265, 266, 265, 265, 265, 267, 265, 268, 265, 265,
    265, 267, 269, 269, 265, 269, 267, 269, 269, 266, 265, 269, 267, 265,
    265, 265, 268, 269, 266, 268, 267, 267, 266, 268, 265, 269, 265, 269,
    269, 265, 265, 269, 268, 265, 269, 266, 269, 268, 266, 267, 267, 267,
    267, 268, 268, 269, 268, 269, 269 ]
