%YAML:1.0
---
videoName: "LHShake12.mp4"
gestureLabel: 2
fps: 29
pixelSizeInCmTemp: 3.3263888888888887e-01
faceCenterPointX: 259
faceCenterPointY: 64
LHandPositionsX: [ 367, 356, 350, 347, 347, 348, 354, 360, 375, 383, 379,
    382, 375, 365, 354, 345, 347, 344, 349, 356, 366, 375, 374, 376, 376,
    369, 363, 348, 339, 341, 340, 343, 348, 359, 370, 369, 371, 374, 368,
    360, 348, 339, 346, 343, 344, 354, 363, 369, 365, 369, 364, 360, 349,
    338, 338, 339, 343, 349, 357, 368, 367, 368, 370, 364, 355, 342, 336,
    328, 321, 319, 316, 316, 318, 326, 329, 331, 332, 332, 333, 335, 336,
    336, 336, 335, 334, 333, 335, 334 ]
LHandPositionsY: [ 164, 163, 162, 164, 162, 161, 157, 155, 150, 152, 152,
    151, 153, 153, 157, 157, 155, 159, 155, 156, 151, 147, 148, 149, 144,
    143, 145, 150, 154, 154, 157, 152, 150, 150, 147, 145, 149, 146, 145,
    150, 151, 156, 154, 157, 154, 154, 152, 152, 153, 150, 150, 153, 154,
    156, 158, 155, 157, 151, 147, 146, 145, 143, 145, 145, 150, 154, 162,
    167, 176, 185, 196, 208, 227, 237, 242, 247, 248, 249, 256, 255, 256,
    255, 255, 256, 255, 259, 255, 255 ]
RHandPositionsX: [ 177, 175, 178, 176, 175, 174, 176, 178, 177, 176, 177,
    176, 178, 174, 175, 176, 177, 174, 176, 175, 175, 175, 174, 178, 176,
    178, 178, 176, 178, 174, 176, 174, 175, 176, 178, 176, 178, 178, 176,
    176, 174, 177, 175, 175, 177, 175, 177, 178, 174, 174, 174, 175, 178,
    178, 177, 175, 174, 176, 174, 176, 175, 176, 174, 175, 178, 177, 177,
    177, 174, 177, 175, 175, 176, 175, 176, 174, 175, 177, 178, 176, 177,
    176, 175, 177, 175, 177, 176, 174 ]
RHandPositionsY: [ 271, 273, 273, 274, 275, 272, 274, 272, 272, 275, 275,
    275, 274, 272, 274, 273, 273, 275, 273, 274, 274, 272, 273, 274, 272,
    272, 274, 274, 273, 274, 274, 275, 275, 273, 272, 274, 273, 273, 273,
    271, 274, 275, 272, 275, 271, 275, 275, 271, 271, 273, 275, 274, 271,
    271, 273, 275, 271, 271, 271, 275, 271, 274, 272, 272, 274, 271, 271,
    275, 273, 273, 273, 275, 271, 273, 274, 274, 275, 274, 271, 272, 271,
    275, 272, 273, 275, 271, 271, 273 ]
