%YAML:1.0
---
videoName: "LHShake05.mp4"
gestureLabel: 2
fps: 30
pixelSizeInCmTemp: 3.2364864864864862e-01
faceCenterPointX: 252
faceCenterPointY: 81
LHandPositionsX: [ 293, 294, 295, 293, 292, 292, 294, 296, 291, 291, 292,
    297, 303, 314, 323, 331, 341, 342, 343, 342, 342, 335, 329, 329, 328,
    330, 334, 339, 343, 342, 346, 338, 331, 322, 327, 324, 330, 334, 334,
    338, 337, 330, 321, 319, 322, 322, 327, 334, 337, 337, 334, 328, 326,
    323, 325, 328, 331, 335, 340, 338, 334, 330, 330, 332, 330, 333, 338,
    339, 339, 336, 334, 324, 320, 314, 309, 306, 301, 301, 296, 295, 294,
    297, 296, 291, 295, 292, 295, 294, 292, 295, 293 ]
LHandPositionsY: [ 269, 270, 270, 269, 270, 269, 265, 265, 266, 257, 244,
    228, 210, 200, 187, 172, 163, 161, 157, 154, 154, 155, 154, 157, 155,
    154, 147, 145, 139, 134, 136, 139, 145, 146, 145, 145, 144, 141, 136,
    136, 131, 139, 142, 142, 145, 141, 138, 136, 133, 133, 135, 141, 140,
    141, 141, 143, 140, 136, 137, 137, 140, 143, 141, 142, 143, 141, 141,
    140, 138, 141, 142, 147, 160, 168, 180, 188, 198, 211, 219, 230, 233,
    236, 239, 242, 244, 250, 251, 251, 254, 255, 257 ]
RHandPositionsX: [ 211, 210, 213, 210, 211, 213, 214, 213, 210, 212, 213,
    209, 211, 209, 210, 213, 209, 212, 209, 212, 209, 208, 208, 210, 210,
    207, 210, 208, 209, 207, 209, 210, 207, 207, 210, 210, 208, 210, 206,
    209, 208, 206, 206, 208, 207, 206, 209, 206, 210, 210, 207, 206, 210,
    209, 207, 210, 206, 209, 207, 208, 209, 206, 208, 206, 209, 207, 208,
    206, 209, 207, 210, 209, 208, 207, 208, 207, 207, 207, 208, 209, 206,
    210, 206, 208, 208, 210, 208, 212, 210, 208, 210 ]
RHandPositionsY: [ 262, 266, 262, 265, 263, 264, 265, 263, 262, 266, 265,
    262, 262, 262, 264, 266, 263, 265, 264, 264, 265, 262, 266, 265, 266,
    262, 262, 262, 262, 264, 262, 263, 265, 263, 264, 262, 264, 263, 264,
    264, 262, 263, 265, 264, 263, 261, 265, 265, 261, 262, 264, 265, 263,
    263, 264, 261, 261, 265, 261, 262, 261, 264, 263, 264, 263, 261, 262,
    263, 264, 264, 265, 261, 263, 262, 263, 263, 261, 264, 265, 261, 264,
    265, 261, 265, 262, 262, 261, 265, 265, 265, 264 ]
