%YAML:1.0
---
videoName: "LHShake17.mp4"
gestureLabel: 2
fps: 30
pixelSizeInCmTemp: 3.3732394366197183e-01
faceCenterPointX: 248
faceCenterPointY: 64
LHandPositionsX: [ 323, 321, 325, 325, 322, 323, 326, 327, 328, 335, 342,
    353, 364, 375, 386, 400, 404, 410, 403, 386, 372, 360, 351, 352, 352,
    358, 372, 379, 376, 382, 377, 362, 350, 347, 344, 348, 356, 364, 367,
    367, 364, 364, 353, 351, 349, 357, 366, 371, 377, 374, 372, 372, 362,
    350, 346, 348, 350, 355, 360, 365, 362, 368, 367, 356, 347, 341, 342,
    339, 333, 332, 333, 334, 333, 333, 328, 327, 329, 325, 328, 327, 326,
    324, 326, 324, 326, 326, 327, 325, 327, 326, 326 ]
LHandPositionsY: [ 251, 250, 250, 250, 248, 248, 250, 244, 247, 233, 215,
    202, 185, 175, 160, 146, 132, 119, 115, 114, 123, 130, 135, 133, 137,
    136, 123, 116, 118, 117, 116, 131, 138, 138, 138, 137, 123, 117, 116,
    117, 120, 117, 125, 133, 135, 135, 126, 121, 122, 123, 120, 120, 133,
    136, 144, 142, 138, 126, 124, 123, 123, 124, 120, 127, 137, 143, 154,
    160, 169, 180, 195, 209, 220, 220, 225, 229, 230, 234, 233, 233, 234,
    239, 238, 235, 235, 236, 237, 237, 238, 236, 239 ]
RHandPositionsX: [ 177, 178, 180, 180, 177, 180, 177, 179, 179, 176, 177,
    176, 180, 180, 177, 176, 179, 179, 179, 178, 177, 177, 177, 178, 179,
    178, 180, 176, 176, 177, 179, 179, 179, 175, 178, 179, 177, 177, 176,
    174, 174, 178, 176, 175, 175, 175, 174, 176, 176, 177, 175, 174, 174,
    178, 175, 175, 178, 178, 178, 178, 174, 176, 177, 177, 176, 177, 178,
    176, 177, 176, 176, 177, 176, 178, 178, 174, 175, 174, 176, 178, 178,
    176, 174, 178, 174, 176, 178, 178, 176, 175, 177 ]
RHandPositionsY: [ 256, 260, 257, 257, 259, 258, 257, 257, 257, 257, 258,
    259, 256, 256, 260, 256, 258, 258, 260, 256, 256, 258, 259, 260, 260,
    257, 258, 259, 256, 256, 256, 257, 256, 259, 256, 259, 259, 256, 257,
    260, 256, 258, 259, 257, 257, 260, 257, 258, 260, 258, 256, 256, 258,
    256, 257, 258, 256, 257, 260, 260, 258, 257, 258, 256, 257, 258, 258,
    257, 257, 258, 258, 258, 257, 259, 256, 257, 257, 256, 258, 259, 258,
    259, 258, 256, 259, 256, 259, 257, 257, 259, 256 ]
