%YAML:1.0
---
videoName: "LHShake00.mp4"
gestureLabel: 2
fps: 29
pixelSizeInCmTemp: 3.4214285714285714e-01
faceCenterPointX: 252
faceCenterPointY: 85
LHandPositionsX: [ 353, 353, 351, 350, 356, 358, 357, 354, 349, 342, 334,
    326, 321, 322, 322, 325, 327, 334, 335, 338, 340, 339, 333, 325, 323,
    326, 326, 329, 335, 340, 340, 339, 338, 333, 324, 321, 321, 326, 332,
    335, 338, 342, 342, 342, 331, 326, 322, 325, 325, 330, 331, 337, 339,
    342, 340, 334, 328, 327, 325, 326, 327, 333, 336, 338, 337, 338, 341,
    340, 338, 331, 328, 330, 324, 325, 327, 328, 332, 333, 333, 335, 336,
    339, 342, 341, 343, 343, 344, 342 ]
LHandPositionsY: [ 257, 250, 248, 232, 210, 186, 168, 152, 139, 133, 134,
    133, 137, 137, 133, 133, 131, 132, 125, 124, 126, 128, 130, 133, 134,
    133, 132, 130, 128, 125, 126, 121, 122, 127, 136, 135, 135, 136, 132,
    127, 126, 125, 124, 123, 129, 133, 130, 133, 130, 132, 130, 125, 126,
    120, 126, 125, 128, 127, 127, 128, 128, 125, 121, 120, 122, 121, 115,
    124, 138, 148, 161, 164, 164, 171, 183, 192, 199, 209, 212, 221, 222,
    226, 230, 230, 236, 236, 234, 235 ]
RHandPositionsX: [ 155, 156, 156, 152, 152, 154, 154, 154, 152, 152, 155,
    154, 152, 152, 154, 152, 153, 154, 154, 156, 155, 156, 154, 152, 154,
    154, 156, 156, 152, 155, 155, 156, 154, 152, 152, 155, 152, 156, 152,
    155, 156, 152, 156, 156, 156, 156, 156, 153, 156, 155, 153, 155, 155,
    152, 156, 154, 155, 154, 155, 152, 156, 152, 156, 156, 153, 152, 153,
    153, 155, 154, 156, 154, 154, 153, 156, 152, 153, 152, 154, 154, 153,
    152, 154, 154, 152, 156, 152, 156 ]
RHandPositionsY: [ 278, 276, 279, 279, 276, 276, 276, 275, 276, 272, 275,
    270, 274, 270, 273, 268, 272, 271, 269, 267, 270, 270, 266, 266, 267,
    269, 264, 264, 265, 263, 265, 263, 264, 262, 266, 263, 262, 261, 264,
    262, 263, 261, 261, 263, 261, 261, 261, 261, 262, 261, 263, 261, 260,
    264, 261, 261, 263, 260, 262, 264, 262, 260, 261, 262, 260, 262, 261,
    264, 260, 263, 260, 263, 263, 263, 260, 264, 260, 264, 260, 262, 262,
    263, 260, 261, 264, 261, 260, 261 ]
