%YAML:1.0
---
videoName: "LHShake10.mp4"
gestureLabel: 2
fps: 29
pixelSizeInCmTemp: 3.4214285714285714e-01
faceCenterPointX: 253
faceCenterPointY: 65
LHandPositionsX: [ 336, 335, 336, 337, 335, 336, 343, 346, 351, 357, 365,
    377, 382, 389, 396, 394, 397, 384, 377, 365, 358, 349, 353, 355, 361,
    368, 382, 389, 389, 394, 393, 387, 375, 365, 355, 358, 357, 362, 368,
    374, 371, 374, 370, 369, 369, 363, 352, 343, 345, 347, 345, 355, 362,
    371, 380, 382, 381, 376, 367, 355, 348, 350, 349, 347, 354, 362, 376,
    382, 376, 376, 376, 375, 369, 360, 354, 347, 345, 344, 339, 337, 335,
    337, 336, 333, 333, 336, 335, 335 ]
LHandPositionsY: [ 268, 268, 271, 272, 270, 270, 267, 260, 253, 237, 227,
    209, 193, 177, 165, 155, 141, 136, 133, 141, 146, 146, 145, 150, 151,
    150, 136, 142, 143, 140, 141, 146, 146, 147, 151, 151, 149, 148, 139,
    134, 133, 134, 133, 131, 133, 132, 138, 144, 145, 143, 146, 147, 137,
    140, 142, 141, 144, 144, 143, 147, 153, 153, 151, 151, 151, 149, 147,
    147, 145, 147, 147, 154, 157, 164, 172, 182, 196, 208, 220, 232, 244,
    253, 255, 258, 258, 257, 258, 259 ]
RHandPositionsX: [ 172, 173, 173, 173, 174, 172, 173, 176, 173, 176, 175,
    175, 174, 175, 174, 172, 174, 174, 171, 171, 172, 173, 171, 175, 174,
    174, 173, 171, 173, 175, 174, 174, 175, 174, 174, 173, 171, 175, 172,
    174, 175, 172, 172, 171, 174, 175, 173, 174, 175, 173, 173, 171, 172,
    172, 172, 173, 172, 171, 171, 172, 174, 171, 174, 172, 171, 174, 171,
    173, 174, 173, 175, 172, 172, 172, 172, 173, 172, 172, 172, 171, 172,
    175, 172, 174, 175, 175, 171, 174 ]
RHandPositionsY: [ 274, 277, 275, 274, 276, 277, 275, 275, 276, 276, 276,
    274, 275, 276, 274, 275, 277, 278, 277, 278, 274, 277, 275, 275, 277,
    277, 276, 274, 277, 278, 276, 275, 275, 277, 276, 276, 276, 277, 275,
    274, 275, 278, 278, 277, 277, 274, 274, 278, 275, 274, 276, 278, 278,
    274, 278, 274, 274, 275, 274, 276, 276, 274, 274, 277, 277, 275, 275,
    274, 278, 276, 274, 276, 276, 274, 278, 278, 276, 277, 275, 278, 274,
    275, 278, 274, 278, 276, 278, 274 ]
