%YAML:1.0
---
videoName: "LHShake01.mp4"
gestureLabel: 2
fps: 29
pixelSizeInCmTemp: 3.4214285714285714e-01
faceCenterPointX: 252
faceCenterPointY: 84
LHandPositionsX: [ 363, 365, 365, 366, 361, 355, 345, 343, 334, 331, 332,
    335, 337, 343, 348, 354, 359, 357, 354, 345, 344, 342, 339, 339, 338,
    340, 345, 348, 349, 349, 352, 349, 347, 340, 338, 334, 332, 335, 334,
    341, 345, 348, 347, 349, 346, 344, 341, 338, 333, 336, 331, 335, 337,
    342, 344, 350, 348, 350, 348, 350, 347, 342, 340, 331, 330, 326, 328,
    332, 333, 329, 331, 336, 334, 340, 339, 345, 347, 345, 348, 349, 351,
    349, 349, 351, 353, 351, 350, 351 ]
LHandPositionsY: [ 145, 141, 131, 125, 123, 122, 119, 117, 122, 119, 119,
    121, 123, 119, 113, 109, 110, 110, 107, 112, 109, 114, 114, 111, 112,
    111, 110, 107, 106, 108, 103, 106, 105, 110, 111, 115, 115, 113, 114,
    110, 111, 109, 108, 103, 103, 105, 107, 105, 109, 112, 112, 108, 108,
    104, 106, 101, 103, 103, 103, 101, 106, 102, 106, 121, 131, 143, 150,
    162, 166, 165, 171, 183, 191, 201, 205, 214, 220, 219, 220, 224, 228,
    228, 228, 230, 230, 229, 232, 228 ]
RHandPositionsX: [ 155, 153, 153, 153, 153, 153, 154, 154, 154, 154, 155,
    154, 155, 156, 153, 155, 157, 154, 153, 157, 156, 153, 155, 153, 156,
    154, 156, 154, 155, 153, 154, 155, 156, 153, 157, 157, 155, 157, 155,
    155, 154, 155, 157, 155, 157, 153, 153, 157, 155, 155, 157, 153, 156,
    155, 157, 154, 155, 153, 153, 157, 156, 153, 157, 154, 155, 154, 157,
    154, 155, 156, 153, 155, 154, 157, 154, 157, 156, 154, 154, 157, 155,
    155, 154, 153, 157, 155, 155, 155 ]
RHandPositionsY: [ 269, 268, 270, 268, 268, 267, 267, 267, 268, 269, 269,
    269, 265, 265, 268, 266, 267, 264, 267, 266, 263, 263, 264, 264, 266,
    261, 262, 265, 264, 263, 261, 263, 261, 262, 264, 264, 262, 264, 263,
    264, 264, 261, 262, 262, 259, 259, 259, 263, 259, 262, 260, 263, 260,
    263, 260, 262, 263, 261, 263, 261, 260, 262, 261, 259, 259, 259, 262,
    260, 259, 259, 262, 260, 260, 261, 260, 263, 260, 260, 259, 263, 260,
    261, 261, 261, 262, 260, 259, 261 ]
