%YAML:1.0
---
videoName: "LHShake09.mp4"
gestureLabel: 2
fps: 29
pixelSizeInCmTemp: 3.3263888888888887e-01
faceCenterPointX: 259
faceCenterPointY: 67
LHandPositionsX: [ 340, 339, 339, 340, 343, 345, 349, 351, 353, 359, 361,
    366, 371, 367, 368, 363, 358, 351, 343, 334, 333, 333, 331, 328, 337,
    348, 350, 347, 350, 349, 353, 348, 340, 337, 334, 334, 338, 344, 353,
    362, 368, 364, 366, 363, 355, 343, 338, 337, 334, 337, 340, 345, 355,
    356, 357, 354, 353, 348, 341, 335, 335, 336, 335, 334, 344, 351, 352,
    354, 356, 353, 349, 343, 338, 331, 327, 319, 317, 318, 324, 325, 329,
    329, 328, 331, 333, 335, 334, 334 ]
LHandPositionsY: [ 273, 274, 275, 274, 274, 272, 264, 257, 250, 236, 234,
    217, 202, 196, 184, 176, 167, 162, 159, 155, 159, 160, 155, 155, 154,
    149, 149, 147, 146, 147, 149, 150, 154, 152, 156, 154, 152, 152, 151,
    152, 152, 154, 155, 156, 154, 157, 158, 155, 156, 156, 155, 155, 154,
    152, 150, 150, 150, 153, 152, 150, 152, 154, 155, 151, 154, 152, 149,
    148, 151, 148, 153, 153, 160, 169, 182, 193, 208, 222, 234, 242, 245,
    250, 249, 254, 258, 258, 258, 257 ]
RHandPositionsX: [ 179, 176, 178, 179, 176, 179, 178, 180, 179, 178, 176,
    180, 178, 176, 180, 179, 180, 180, 177, 179, 179, 178, 180, 176, 180,
    179, 177, 179, 176, 176, 178, 177, 177, 178, 176, 177, 180, 176, 177,
    179, 180, 180, 179, 177, 177, 180, 177, 178, 179, 177, 179, 177, 178,
    179, 176, 177, 176, 178, 177, 177, 179, 178, 177, 178, 177, 177, 178,
    180, 177, 177, 178, 177, 179, 177, 176, 178, 176, 180, 178, 180, 178,
    179, 180, 177, 178, 176, 176, 176 ]
RHandPositionsY: [ 278, 279, 276, 276, 275, 278, 278, 276, 278, 275, 276,
    277, 277, 278, 279, 278, 278, 278, 278, 275, 275, 275, 279, 276, 275,
    278, 278, 275, 276, 279, 279, 278, 279, 279, 278, 276, 279, 275, 279,
    275, 276, 278, 276, 277, 277, 278, 278, 277, 276, 275, 277, 278, 275,
    279, 278, 278, 276, 279, 276, 275, 279, 277, 275, 279, 278, 278, 277,
    279, 275, 279, 275, 279, 275, 277, 279, 275, 275, 275, 278, 278, 278,
    276, 276, 279, 278, 275, 278, 276 ]
