%YAML:1.0
---
videoName: "LHShake06.mp4"
gestureLabel: 2
fps: 29
pixelSizeInCmTemp: 3.3732394366197183e-01
faceCenterPointX: 250
faceCenterPointY: 80
LHandPositionsX: [ 384, 387, 385, 385, 385, 382, 376, 373, 371, 371, 374,
    382, 388, 391, 393, 395, 394, 388, 378, 374, 375, 378, 384, 387, 392,
    391, 390, 386, 384, 379, 381, 379, 383, 388, 391, 391, 386, 384, 381,
    382, 380, 383, 383, 390, 391, 390, 386, 386, 380, 379, 378, 384, 388,
    391, 396, 401, 397, 394, 392, 385, 381, 369, 361, 361, 356, 345, 336,
    326, 318, 312, 308, 307, 307, 304, 303, 303, 301, 299, 302, 301, 301,
    301, 302, 301, 299, 300, 302, 299 ]
LHandPositionsY: [ 148, 147, 143, 138, 139, 135, 135, 138, 138, 138, 134,
    129, 128, 128, 127, 129, 132, 134, 132, 132, 134, 133, 133, 130, 126,
    127, 127, 127, 128, 128, 131, 127, 126, 127, 125, 126, 124, 127, 126,
    126, 125, 126, 127, 126, 125, 124, 127, 125, 126, 127, 124, 128, 126,
    125, 122, 120, 123, 125, 124, 125, 131, 140, 144, 153, 159, 172, 192,
    209, 213, 225, 228, 234, 235, 240, 242, 248, 250, 251, 250, 250, 254,
    255, 254, 254, 257, 254, 255, 255 ]
RHandPositionsX: [ 212, 213, 213, 209, 211, 210, 212, 211, 212, 213, 213,
    209, 211, 210, 210, 211, 210, 209, 211, 210, 210, 213, 211, 212, 211,
    210, 212, 210, 211, 209, 212, 208, 208, 212, 208, 208, 210, 210, 212,
    209, 210, 212, 211, 210, 210, 210, 208, 207, 211, 211, 208, 209, 209,
    209, 208, 209, 209, 207, 211, 207, 209, 208, 207, 211, 207, 210, 209,
    208, 208, 209, 210, 210, 209, 208, 212, 208, 211, 209, 209, 212, 208,
    209, 212, 209, 211, 211, 213, 212 ]
RHandPositionsY: [ 271, 270, 269, 269, 271, 269, 271, 269, 267, 268, 266,
    268, 266, 266, 267, 268, 270, 269, 266, 270, 269, 268, 268, 267, 268,
    269, 268, 265, 268, 265, 267, 265, 267, 269, 267, 265, 268, 265, 267,
    267, 266, 265, 268, 266, 265, 268, 267, 265, 269, 266, 269, 267, 267,
    268, 267, 267, 268, 267, 267, 267, 265, 265, 269, 265, 268, 265, 269,
    268, 268, 266, 266, 267, 268, 268, 265, 269, 266, 267, 268, 267, 267,
    267, 266, 265, 266, 269, 269, 268 ]
