%YAML:1.0
---
videoName: "LHShake06.mp4"
gestureLabel: 2
fps: 29
pixelSizeInCmTemp: 3.3732394366197183e-01
faceCenterPointX: 250
faceCenterPointY: 80
LHandPositionsX: [ 383, 383, 385, 384, 385, 381, 375, 374, 369, 368, 374,
    382, 386, 390, 397, 397, 394, 386, 378, 376, 377, 378, 387, 391, 393,
    391, 392, 388, 383, 379, 378, 381, 383, 386, 389, 392, 386, 384, 381,
    383, 382, 380, 386, 387, 389, 390, 388, 383, 379, 377, 381, 384, 387,
    392, 396, 401, 396, 398, 393, 385, 378, 370, 362, 358, 354, 349, 339,
    328, 319, 314, 309, 308, 303, 302, 303, 301, 302, 302, 299, 298, 301,
    298, 300, 301, 299, 302, 298, 299 ]
LHandPositionsY: [ 148, 149, 146, 140, 137, 138, 137, 139, 139, 138, 132,
    131, 126, 130, 128, 128, 130, 131, 134, 136, 136, 135, 133, 130, 127,
    126, 127, 127, 129, 129, 130, 129, 128, 126, 127, 127, 126, 129, 128,
    129, 126, 129, 128, 123, 123, 127, 127, 128, 129, 126, 128, 126, 127,
    125, 121, 121, 124, 123, 125, 128, 132, 136, 145, 149, 160, 173, 189,
    206, 215, 222, 228, 234, 239, 241, 244, 247, 253, 253, 249, 253, 251,
    254, 253, 252, 254, 255, 255, 255 ]
RHandPositionsX: [ 213, 212, 212, 211, 211, 209, 210, 210, 210, 209, 213,
    213, 212, 209, 211, 212, 211, 211, 210, 211, 213, 211, 213, 212, 210,
    213, 212, 210, 210, 209, 209, 212, 209, 209, 210, 211, 210, 208, 212,
    209, 208, 208, 212, 210, 208, 209, 211, 209, 209, 208, 211, 209, 210,
    208, 210, 208, 211, 208, 209, 209, 208, 210, 207, 208, 210, 209, 210,
    208, 208, 209, 212, 212, 209, 210, 210, 211, 209, 209, 212, 211, 209,
    208, 211, 210, 212, 209, 210, 211 ]
RHandPositionsY: [ 269, 268, 271, 269, 269, 271, 269, 271, 268, 267, 268,
    270, 269, 267, 270, 269, 269, 267, 268, 270, 266, 265, 267, 269, 268,
    266, 269, 265, 269, 267, 268, 266, 268, 266, 265, 267, 269, 265, 268,
    267, 268, 265, 267, 267, 265, 268, 269, 265, 269, 266, 269, 265, 266,
    266, 268, 268, 269, 266, 265, 268, 269, 269, 267, 268, 267, 268, 265,
    269, 267, 266, 269, 268, 266, 269, 266, 265, 265, 269, 266, 266, 266,
    267, 265, 265, 268, 266, 269, 268 ]
