%YAML:1.0
---
videoName: "LHShake02.mp4"
gestureLabel: 2
fps: 29
pixelSizeInCmTemp: 3.3263888888888887e-01
faceCenterPointX: 249
faceCenterPointY: 82
LHandPositionsX: [ 362, 362, 360, 368, 375, 379, 384, 383, 387, 389, 382,
    379, 372, 367, 365, 363, 365, 367, 368, 378, 383, 384, 381, 378, 378,
    368, 365, 366, 364, 366, 368, 368, 374, 379, 376, 380, 380, 377, 375,
    367, 365, 358, 361, 357, 356, 363, 363, 371, 370, 371, 369, 366, 363,
    358, 357, 360, 362, 364, 368, 369, 370, 372, 368, 364, 356, 355, 348,
    348, 345, 342, 343, 343, 340, 343, 343, 344, 347, 344, 345, 346, 346,
    346, 347, 347, 348, 350, 348, 347 ]
LHandPositionsY: [ 125, 122, 117, 117, 111, 109, 109, 111, 111, 111, 108,
    109, 110, 111, 114, 114, 110, 110, 109, 106, 102, 103, 105, 102, 103,
    106, 107, 108, 111, 105, 105, 104, 99, 100, 99, 99, 95, 96, 98, 96,
    97, 102, 104, 101, 104, 103, 100, 101, 102, 99, 104, 103, 106, 106,
    107, 107, 106, 104, 105, 103, 105, 105, 104, 105, 123, 134, 150, 164,
    164, 172, 178, 183, 191, 200, 207, 210, 216, 222, 225, 227, 231, 230,
    229, 231, 232, 232, 238, 237 ]
RHandPositionsX: [ 154, 156, 154, 155, 155, 157, 153, 157, 155, 153, 156,
    153, 155, 154, 155, 155, 155, 155, 156, 155, 154, 153, 154, 156, 155,
    154, 155, 155, 154, 153, 154, 155, 154, 156, 155, 155, 154, 154, 154,
    153, 157, 155, 157, 155, 153, 153, 157, 153, 157, 156, 155, 155, 154,
    155, 157, 156, 157, 155, 153, 153, 155, 153, 156, 153, 156, 153, 157,
    153, 157, 155, 153, 155, 156, 156, 154, 155, 155, 153, 157, 156, 156,
    154, 154, 155, 153, 156, 153, 156 ]
RHandPositionsY: [ 262, 262, 264, 263, 261, 263, 262, 261, 260, 262, 259,
    261, 262, 258, 259, 262, 261, 261, 261, 259, 259, 258, 259, 258, 259,
    259, 259, 260, 260, 262, 261, 261, 258, 261, 259, 262, 261, 259, 262,
    259, 258, 262, 262, 260, 262, 258, 258, 259, 260, 259, 261, 260, 259,
    262, 259, 259, 262, 259, 258, 262, 259, 261, 258, 260, 260, 261, 260,
    259, 261, 260, 261, 259, 262, 260, 259, 262, 259, 260, 261, 258, 261,
    261, 259, 262, 258, 261, 258, 262 ]
