%YAML:1.0
---
videoName: "LHShake08.mp4"
gestureLabel: 2
fps: 29
pixelSizeInCmTemp: 3.4710144927536229e-01
faceCenterPointX: 261
faceCenterPointY: 69
LHandPositionsX: [ 338, 341, 346, 347, 352, 344, 356, 364, 369, 371, 374,
    373, 377, 369, 359, 346, 341, 340, 343, 345, 350, 360, 370, 366, 360,
    362, 357, 353, 343, 337, 339, 337, 344, 349, 359, 364, 367, 365, 367,
    363, 352, 342, 337, 338, 334, 336, 342, 351, 359, 357, 355, 358, 357,
    353, 346, 343, 344, 343, 344, 347, 357, 363, 370, 372, 370, 368, 366,
    358, 351, 344, 341, 333, 332, 330, 333, 335, 338, 335, 338, 338, 338,
    339, 337, 337, 336, 335, 337, 336 ]
LHandPositionsY: [ 265, 269, 265, 253, 248, 237, 217, 198, 186, 174, 163,
    155, 142, 144, 143, 148, 150, 153, 151, 152, 146, 147, 138, 141, 138,
    140, 139, 146, 150, 156, 153, 151, 154, 152, 150, 146, 150, 150, 149,
    152, 150, 157, 157, 161, 161, 163, 160, 158, 154, 155, 154, 152, 156,
    154, 161, 161, 162, 159, 160, 157, 153, 152, 145, 146, 147, 145, 151,
    156, 161, 165, 177, 187, 197, 208, 221, 232, 243, 244, 250, 249, 256,
    253, 253, 254, 257, 257, 256, 254 ]
RHandPositionsX: [ 174, 172, 175, 176, 174, 172, 175, 174, 175, 175, 174,
    174, 174, 175, 174, 174, 173, 174, 172, 176, 176, 175, 173, 175, 172,
    175, 172, 172, 172, 176, 176, 177, 174, 175, 177, 173, 177, 176, 174,
    174, 177, 173, 176, 175, 176, 175, 177, 174, 174, 176, 178, 174, 177,
    177, 178, 177, 176, 178, 174, 175, 175, 176, 176, 174, 177, 174, 178,
    175, 175, 178, 177, 174, 175, 177, 177, 178, 175, 177, 176, 176, 177,
    176, 174, 176, 176, 175, 176, 177 ]
RHandPositionsY: [ 273, 275, 274, 274, 275, 273, 276, 275, 274, 277, 276,
    276, 274, 276, 273, 277, 274, 277, 273, 276, 276, 277, 276, 274, 274,
    274, 277, 275, 274, 273, 275, 277, 275, 274, 275, 274, 276, 276, 274,
    277, 276, 276, 277, 276, 275, 276, 274, 276, 277, 274, 274, 273, 277,
    274, 274, 275, 274, 275, 273, 275, 275, 276, 274, 276, 275, 276, 276,
    273, 275, 276, 273, 274, 274, 276, 275, 276, 274, 277, 274, 276, 274,
    276, 275, 276, 273, 274, 275, 276 ]
