%YAML:1.0
---
videoName: "LHShake07.mp4"
gestureLabel: 2
fps: 29
pixelSizeInCmTemp: 3.3732394366197183e-01
faceCenterPointX: 265
faceCenterPointY: 78
LHandPositionsX: [ 349, 347, 354, 357, 361, 369, 375, 387, 389, 392, 394,
    391, 383, 376, 355, 348, 340, 342, 340, 339, 347, 363, 369, 368, 364,
    362, 361, 345, 343, 346, 345, 345, 356, 355, 370, 368, 369, 361, 359,
    352, 347, 347, 345, 353, 356, 361, 361, 359, 365, 363, 341, 327, 334,
    334, 341, 353, 365, 372, 373, 378, 373, 362, 358, 348, 344, 340, 337,
    334, 336, 339, 339, 344, 343, 343, 340, 344, 344, 345, 343, 341, 344,
    344, 341, 344, 342, 341, 344, 343 ]
LHandPositionsY: [ 278, 276, 275, 269, 259, 249, 234, 216, 203, 191, 179,
    163, 149, 137, 139, 140, 149, 144, 146, 144, 144, 138, 134, 138, 137,
    137, 137, 137, 145, 140, 139, 134, 130, 131, 124, 122, 129, 132, 132,
    137, 143, 141, 144, 140, 135, 137, 138, 136, 129, 131, 135, 150, 143,
    137, 131, 131, 128, 133, 132, 128, 132, 136, 147, 157, 168, 180, 193,
    204, 220, 231, 242, 250, 254, 252, 259, 261, 262, 265, 264, 266, 267,
    265, 266, 265, 269, 267, 269, 269 ]
RHandPositionsX: [ 182, 182, 182, 181, 184, 181, 185, 185, 182, 185, 182,
    185, 184, 181, 183, 185, 181, 181, 182, 184, 183, 185, 183, 184, 183,
    182, 184, 182, 181, 183, 181, 185, 182, 182, 185, 182, 183, 182, 181,
    181, 182, 183, 182, 184, 183, 184, 183, 185, 181, 184, 184, 183, 184,
    185, 184, 182, 181, 181, 184, 185, 182, 182, 185, 183, 181, 181, 182,
    182, 185, 182, 181, 185, 182, 184, 184, 184, 185, 181, 181, 183, 185,
    183, 182, 183, 184, 183, 181, 185 ]
RHandPositionsY: [ 278, 280, 280, 278, 278, 280, 277, 280, 279, 278, 277,
    280, 280, 277, 280, 280, 280, 280, 279, 276, 278, 279, 277, 276, 277,
    280, 277, 280, 278, 277, 278, 279, 278, 276, 277, 277, 279, 279, 278,
    278, 280, 278, 280, 277, 279, 276, 280, 278, 276, 277, 278, 278, 280,
    279, 278, 278, 278, 277, 280, 277, 276, 277, 278, 278, 280, 278, 280,
    280, 279, 279, 276, 280, 276, 276, 276, 278, 277, 280, 279, 278, 279,
    278, 278, 279, 279, 276, 278, 276 ]
