%YAML:1.0
---
videoName: "LHShake14.mp4"
gestureLabel: 2
fps: 29
pixelSizeInCmTemp: 3.2808219178082193e-01
faceCenterPointX: 256
faceCenterPointY: 64
LHandPositionsX: [ 351, 352, 352, 357, 367, 379, 392, 387, 390, 378, 369,
    358, 358, 355, 361, 371, 382, 382, 385, 381, 375, 362, 353, 353, 355,
    359, 366, 382, 386, 384, 385, 375, 369, 360, 356, 354, 363, 370, 380,
    379, 381, 377, 370, 359, 362, 360, 357, 362, 374, 376, 375, 378, 372,
    363, 358, 347, 342, 336, 332, 328, 326, 330, 330, 331, 331, 332, 329,
    330, 330, 330, 332, 332, 329, 331, 328, 327, 329, 327, 327, 331, 328,
    329, 331, 328, 329, 327, 330, 329 ]
LHandPositionsY: [ 147, 144, 147, 147, 140, 140, 143, 141, 141, 142, 147,
    147, 149, 150, 145, 143, 140, 140, 137, 140, 138, 141, 148, 149, 145,
    145, 144, 141, 143, 143, 143, 142, 144, 144, 145, 150, 145, 146, 145,
    141, 145, 141, 142, 142, 142, 141, 140, 139, 140, 142, 145, 146, 150,
    152, 158, 169, 175, 186, 199, 208, 223, 232, 235, 240, 241, 248, 248,
    247, 248, 250, 249, 249, 250, 251, 249, 251, 249, 251, 250, 249, 251,
    250, 251, 250, 251, 248, 250, 251 ]
RHandPositionsX: [ 182, 185, 182, 184, 183, 180, 181, 180, 179, 181, 181,
    180, 180, 178, 179, 180, 179, 177, 179, 178, 175, 177, 178, 178, 177,
    176, 176, 176, 176, 176, 178, 175, 176, 179, 176, 178, 177, 179, 179,
    179, 176, 175, 179, 176, 177, 177, 176, 178, 176, 178, 178, 176, 179,
    179, 177, 176, 176, 176, 178, 177, 177, 176, 177, 176, 177, 179, 179,
    178, 178, 177, 179, 178, 175, 175, 179, 177, 177, 177, 175, 179, 177,
    177, 177, 177, 176, 177, 178, 176 ]
RHandPositionsY: [ 279, 278, 276, 279, 275, 278, 279, 276, 276, 276, 278,
    275, 276, 275, 276, 274, 277, 273, 277, 273, 277, 276, 275, 274, 277,
    277, 274, 273, 277, 273, 277, 277, 277, 275, 274, 276, 276, 275, 274,
    274, 274, 273, 273, 274, 277, 274, 273, 275, 276, 274, 277, 276, 275,
    273, 276, 275, 275, 277, 274, 274, 274, 274, 275, 276, 273, 277, 277,
    274, 276, 276, 273, 275, 274, 277, 273, 274, 273, 275, 274, 275, 276,
    274, 275, 273, 276, 274, 273, 274 ]
