%YAML:1.0
---
videoName: "LHShake09.mp4"
gestureLabel: 2
fps: 29
pixelSizeInCmTemp: 3.3263888888888887e-01
faceCenterPointX: 259
faceCenterPointY: 67
LHandPositionsX: [ 337, 336, 337, 336, 342, 348, 350, 353, 350, 358, 359,
    366, 369, 370, 368, 364, 359, 353, 340, 330, 331, 334, 331, 331, 338,
    349, 347, 347, 350, 349, 351, 350, 341, 337, 336, 337, 338, 345, 353,
    359, 367, 363, 367, 362, 357, 344, 337, 339, 336, 335, 337, 345, 354,
    354, 355, 355, 354, 349, 340, 334, 335, 337, 332, 338, 342, 349, 354,
    356, 352, 354, 349, 344, 335, 329, 324, 320, 318, 318, 321, 324, 329,
    329, 331, 331, 333, 333, 334, 335 ]
LHandPositionsY: [ 275, 271, 271, 275, 273, 270, 265, 256, 251, 235, 232,
    214, 201, 196, 186, 176, 168, 164, 158, 155, 158, 156, 159, 156, 151,
    152, 147, 149, 147, 147, 149, 149, 152, 155, 155, 154, 154, 154, 152,
    151, 153, 155, 153, 155, 156, 156, 155, 157, 157, 156, 152, 153, 155,
    153, 151, 149, 153, 151, 149, 154, 154, 154, 152, 153, 151, 150, 149,
    152, 149, 149, 150, 154, 160, 172, 181, 194, 207, 222, 231, 242, 245,
    248, 249, 255, 256, 257, 261, 260 ]
RHandPositionsX: [ 179, 176, 180, 180, 177, 180, 180, 176, 177, 179, 176,
    179, 179, 176, 177, 177, 178, 176, 180, 179, 176, 179, 180, 177, 180,
    178, 177, 176, 179, 177, 177, 176, 177, 180, 179, 177, 180, 177, 176,
    178, 178, 179, 180, 178, 179, 176, 176, 177, 177, 178, 177, 180, 179,
    176, 179, 180, 176, 178, 179, 180, 177, 180, 177, 178, 180, 180, 177,
    178, 176, 179, 177, 178, 179, 179, 178, 180, 176, 180, 179, 180, 178,
    178, 180, 180, 176, 178, 179, 177 ]
RHandPositionsY: [ 279, 276, 279, 276, 279, 276, 276, 277, 276, 278, 279,
    278, 277, 279, 277, 279, 276, 276, 278, 275, 279, 276, 276, 278, 279,
    276, 276, 276, 278, 275, 277, 279, 276, 275, 277, 279, 278, 278, 278,
    276, 278, 278, 278, 277, 277, 278, 277, 276, 275, 279, 278, 277, 275,
    277, 277, 279, 277, 276, 277, 279, 277, 277, 275, 276, 279, 276, 275,
    278, 279, 276, 275, 279, 279, 275, 277, 275, 277, 279, 277, 275, 278,
    278, 279, 276, 275, 279, 276, 275 ]
