%YAML:1.0
---
videoName: "LHShake10.mp4"
gestureLabel: 2
fps: 29
pixelSizeInCmTemp: 3.4214285714285714e-01
faceCenterPointX: 253
faceCenterPointY: 65
LHandPositionsX: [ 336, 334, 334, 337, 337, 338, 343, 349, 352, 357, 367,
    378, 384, 393, 394, 394, 393, 385, 377, 365, 357, 350, 350, 355, 359,
    369, 380, 392, 391, 392, 392, 386, 377, 364, 358, 359, 357, 366, 366,
    373, 373, 372, 374, 368, 369, 361, 352, 344, 343, 343, 344, 354, 360,
    373, 380, 380, 379, 372, 364, 355, 351, 350, 351, 350, 354, 362, 372,
    379, 377, 378, 379, 375, 368, 363, 353, 349, 343, 343, 339, 336, 334,
    335, 334, 335, 337, 335, 333, 336 ]
LHandPositionsY: [ 272, 272, 269, 269, 269, 271, 269, 263, 252, 238, 226,
    209, 195, 181, 167, 156, 143, 136, 136, 141, 142, 149, 148, 148, 150,
    149, 137, 140, 139, 140, 144, 145, 146, 147, 148, 149, 149, 148, 137,
    130, 133, 134, 131, 134, 129, 131, 137, 144, 142, 142, 145, 145, 140,
    140, 141, 142, 141, 144, 147, 146, 154, 153, 151, 153, 150, 148, 145,
    146, 148, 148, 151, 151, 158, 167, 171, 181, 193, 207, 221, 231, 246,
    254, 251, 254, 257, 258, 259, 257 ]
RHandPositionsX: [ 175, 173, 175, 172, 175, 173, 173, 176, 174, 173, 172,
    174, 172, 173, 172, 174, 171, 171, 171, 173, 171, 173, 174, 175, 173,
    172, 174, 173, 173, 175, 174, 173, 172, 174, 174, 175, 174, 175, 175,
    172, 173, 171, 171, 171, 175, 175, 171, 173, 174, 172, 172, 174, 174,
    173, 173, 174, 172, 173, 173, 172, 175, 171, 175, 173, 175, 174, 172,
    172, 171, 171, 171, 173, 171, 175, 171, 171, 172, 174, 173, 173, 175,
    174, 174, 175, 175, 172, 175, 171 ]
RHandPositionsY: [ 274, 277, 274, 276, 275, 276, 277, 276, 276, 274, 277,
    275, 278, 278, 276, 278, 274, 275, 276, 276, 276, 277, 274, 274, 277,
    274, 277, 277, 277, 275, 275, 278, 278, 278, 276, 277, 277, 278, 275,
    276, 276, 277, 276, 274, 274, 275, 278, 278, 277, 274, 276, 274, 275,
    275, 277, 277, 278, 277, 278, 276, 278, 274, 274, 278, 276, 275, 278,
    278, 278, 274, 275, 275, 276, 275, 274, 276, 274, 275, 278, 276, 277,
    275, 276, 276, 274, 275, 277, 274 ]
