%YAML:1.0
---
videoName: "LHShake18.mp4"
gestureLabel: 2
fps: 29
pixelSizeInCmTemp: 3.4214285714285714e-01
faceCenterPointX: 253
faceCenterPointY: 65
LHandPositionsX: [ 315, 312, 315, 315, 312, 311, 313, 311, 313, 313, 314,
    311, 312, 314, 313, 312, 313, 318, 321, 324, 332, 337, 342, 350, 352,
    349, 336, 325, 315, 296, 302, 305, 305, 313, 311, 315, 311, 305, 299,
    291, 291, 298, 305, 314, 313, 310, 306, 297, 286, 286, 287, 296, 307,
    315, 314, 310, 306, 292, 288, 288, 296, 299, 307, 310, 311, 309, 302,
    295, 297, 300, 303, 305, 310, 310, 316, 313, 304, 308, 306, 306, 305,
    307, 307, 308, 309, 308, 307, 311 ]
LHandPositionsY: [ 249, 248, 250, 247, 249, 247, 247, 248, 246, 246, 250,
    250, 246, 246, 250, 248, 246, 250, 243, 233, 217, 201, 189, 177, 169,
    159, 155, 144, 148, 139, 135, 142, 142, 142, 142, 142, 141, 147, 143,
    137, 137, 143, 145, 145, 143, 146, 147, 145, 145, 140, 140, 147, 150,
    149, 147, 147, 150, 143, 145, 142, 150, 153, 153, 150, 151, 156, 159,
    146, 147, 150, 156, 154, 153, 156, 160, 168, 178, 188, 196, 208, 216,
    216, 222, 230, 232, 234, 233, 231 ]
RHandPositionsX: [ 196, 196, 195, 195, 194, 199, 197, 196, 195, 196, 198,
    196, 196, 196, 197, 197, 195, 198, 199, 198, 198, 195, 198, 197, 198,
    196, 198, 197, 196, 195, 198, 196, 196, 197, 196, 197, 198, 196, 196,
    195, 197, 198, 198, 197, 196, 197, 195, 197, 199, 197, 195, 197, 200,
    199, 197, 199, 199, 197, 197, 198, 196, 198, 197, 195, 195, 196, 197,
    199, 196, 195, 197, 198, 197, 197, 194, 194, 196, 197, 198, 195, 198,
    198, 194, 194, 194, 198, 197, 195 ]
RHandPositionsY: [ 265, 263, 264, 263, 262, 267, 264, 263, 266, 264, 263,
    265, 267, 264, 265, 263, 267, 263, 265, 265, 263, 265, 266, 264, 266,
    263, 263, 264, 265, 262, 263, 265, 263, 267, 267, 265, 267, 268, 268,
    264, 265, 264, 267, 265, 264, 265, 265, 266, 267, 264, 268, 264, 264,
    265, 268, 266, 264, 269, 268, 266, 266, 267, 266, 269, 269, 266, 268,
    266, 264, 268, 267, 265, 268, 265, 267, 268, 266, 266, 265, 267, 268,
    265, 268, 267, 264, 268, 266, 264 ]
