%YAML:1.0
---
videoName: "LHShake12.mp4"
gestureLabel: 2
fps: 29
pixelSizeInCmTemp: 3.3263888888888887e-01
faceCenterPointX: 259
faceCenterPointY: 64
LHandPositionsX: [ 371, 355, 348, 348, 345, 347, 352, 360, 376, 383, 382,
    382, 376, 365, 351, 347, 350, 345, 349, 353, 365, 374, 378, 377, 375,
    372, 360, 351, 341, 341, 341, 344, 349, 360, 369, 369, 371, 371, 367,
    359, 350, 339, 345, 344, 346, 354, 364, 368, 366, 372, 367, 357, 349,
    342, 340, 340, 340, 348, 359, 365, 368, 369, 368, 363, 351, 342, 334,
    325, 325, 318, 316, 316, 320, 324, 328, 329, 332, 331, 335, 333, 337,
    334, 337, 333, 334, 337, 336, 335 ]
LHandPositionsY: [ 167, 161, 163, 161, 164, 158, 155, 153, 151, 151, 149,
    152, 149, 155, 156, 158, 155, 159, 158, 152, 148, 145, 148, 146, 143,
    141, 143, 147, 154, 154, 154, 155, 148, 151, 147, 148, 145, 146, 144,
    149, 150, 158, 154, 156, 154, 152, 151, 151, 149, 149, 151, 153, 154,
    159, 158, 156, 155, 154, 149, 143, 143, 144, 142, 145, 148, 152, 162,
    169, 178, 186, 199, 210, 225, 233, 243, 243, 248, 249, 252, 254, 254,
    258, 256, 257, 256, 258, 255, 258 ]
RHandPositionsX: [ 174, 175, 178, 174, 178, 175, 178, 176, 174, 174, 178,
    177, 178, 178, 177, 175, 178, 174, 175, 174, 174, 174, 175, 176, 177,
    175, 177, 178, 176, 177, 178, 178, 177, 175, 175, 176, 176, 174, 174,
    176, 176, 174, 176, 178, 174, 174, 176, 174, 174, 177, 176, 174, 178,
    176, 177, 176, 178, 176, 174, 175, 176, 176, 177, 177, 178, 178, 177,
    176, 174, 177, 175, 174, 176, 175, 177, 175, 175, 177, 177, 174, 176,
    174, 176, 178, 178, 178, 174, 175 ]
RHandPositionsY: [ 271, 272, 272, 271, 275, 272, 273, 274, 275, 274, 273,
    274, 272, 271, 272, 271, 273, 274, 275, 271, 274, 275, 271, 271, 275,
    273, 274, 271, 271, 271, 271, 271, 272, 273, 271, 274, 271, 273, 272,
    275, 272, 275, 274, 271, 275, 272, 275, 275, 275, 271, 272, 272, 275,
    273, 271, 275, 273, 271, 273, 271, 274, 272, 275, 274, 274, 275, 273,
    271, 274, 271, 273, 274, 274, 273, 273, 272, 272, 273, 273, 272, 274,
    275, 272, 275, 275, 271, 272, 272 ]
