%YAML:1.0
---
videoName: "LHShake08.mp4"
gestureLabel: 2
fps: 29
pixelSizeInCmTemp: 3.4710144927536229e-01
faceCenterPointX: 261
faceCenterPointY: 69
LHandPositionsX: [ 340, 343, 344, 347, 349, 344, 354, 361, 370, 372, 376,
    371, 379, 367, 357, 346, 340, 343, 339, 343, 348, 357, 369, 365, 363,
    361, 357, 352, 342, 336, 339, 338, 344, 352, 357, 366, 367, 367, 368,
    363, 351, 346, 338, 336, 337, 338, 342, 350, 359, 360, 356, 357, 358,
    353, 343, 341, 341, 341, 343, 349, 355, 366, 372, 372, 368, 371, 363,
    358, 351, 345, 338, 336, 334, 333, 331, 335, 337, 336, 336, 335, 335,
    335, 336, 338, 336, 337, 335, 335 ]
LHandPositionsY: [ 267, 269, 264, 255, 251, 235, 217, 202, 188, 173, 164,
    157, 146, 146, 144, 144, 149, 149, 149, 151, 146, 147, 139, 138, 141,
    139, 140, 144, 150, 153, 150, 151, 156, 152, 150, 150, 146, 148, 150,
    148, 150, 153, 161, 162, 159, 161, 162, 160, 158, 155, 156, 153, 154,
    154, 161, 160, 158, 159, 162, 158, 157, 148, 148, 145, 145, 147, 148,
    154, 158, 169, 175, 183, 195, 210, 219, 232, 242, 243, 247, 249, 255,
    256, 254, 254, 256, 256, 256, 256 ]
RHandPositionsX: [ 175, 175, 173, 172, 176, 173, 175, 175, 173, 176, 172,
    176, 172, 173, 176, 174, 174, 173, 175, 176, 173, 172, 175, 175, 172,
    172, 176, 176, 173, 173, 176, 174, 176, 173, 175, 173, 176, 176, 177,
    175, 177, 173, 174, 177, 177, 178, 177, 175, 174, 177, 177, 176, 174,
    175, 178, 177, 175, 176, 175, 178, 174, 176, 176, 177, 175, 175, 177,
    175, 178, 176, 175, 175, 177, 177, 175, 177, 177, 176, 177, 175, 175,
    175, 177, 176, 177, 175, 177, 175 ]
RHandPositionsY: [ 274, 276, 275, 277, 277, 275, 276, 275, 276, 274, 274,
    275, 274, 277, 275, 277, 276, 273, 274, 273, 274, 275, 274, 277, 274,
    274, 273, 277, 277, 276, 277, 277, 275, 274, 277, 274, 273, 277, 277,
    275, 277, 276, 277, 274, 274, 274, 276, 274, 275, 273, 273, 275, 276,
    275, 273, 275, 274, 276, 273, 276, 274, 274, 276, 277, 277, 277, 276,
    274, 275, 273, 275, 275, 276, 275, 276, 274, 277, 273, 276, 275, 274,
    275, 274, 275, 273, 276, 273, 273 ]
