%YAML:1.0
---
videoName: "LHShake20.mp4"
gestureLabel: 2
fps: 30
pixelSizeInCmTemp: 3.3732394366197183e-01
faceCenterPointX: 249
faceCenterPointY: 62
LHandPositionsX: [ 315, 315, 315, 316, 315, 316, 315, 313, 315, 316, 318,
    329, 333, 338, 344, 339, 330, 321, 311, 316, 310, 313, 318, 325, 337,
    337, 336, 339, 329, 322, 316, 316, 318, 325, 334, 339, 341, 338, 333,
    324, 322, 325, 320, 325, 332, 333, 327, 332, 322, 319, 321, 319, 322,
    324, 325, 326, 327, 324, 321, 320, 317, 316, 319, 319, 320, 320, 320,
    320, 315, 316, 313, 313, 313, 315, 316, 315, 316, 315, 315, 316, 313,
    314, 312, 312, 314, 312, 312, 312, 315, 315, 315 ]
LHandPositionsY: [ 248, 250, 247, 247, 246, 245, 246, 246, 236, 228, 219,
    203, 188, 179, 169, 163, 158, 156, 161, 162, 159, 157, 151, 147, 145,
    143, 144, 146, 141, 144, 149, 148, 146, 145, 144, 141, 139, 142, 141,
    144, 145, 148, 147, 145, 142, 139, 139, 142, 140, 148, 146, 150, 148,
    141, 138, 137, 138, 135, 138, 145, 144, 143, 145, 145, 148, 151, 159,
    167, 180, 192, 201, 212, 217, 220, 225, 226, 230, 232, 228, 233, 232,
    231, 236, 236, 237, 237, 235, 238, 238, 237, 238 ]
RHandPositionsX: [ 183, 179, 182, 183, 179, 181, 179, 181, 180, 182, 182,
    183, 179, 182, 183, 181, 181, 182, 183, 183, 180, 179, 180, 181, 181,
    183, 182, 181, 182, 181, 179, 183, 182, 180, 180, 182, 180, 180, 181,
    181, 179, 180, 180, 182, 183, 181, 181, 180, 181, 179, 181, 180, 183,
    182, 182, 181, 183, 182, 183, 180, 180, 179, 179, 181, 181, 179, 182,
    183, 183, 183, 182, 179, 180, 180, 179, 179, 182, 179, 178, 181, 180,
    179, 178, 178, 179, 181, 181, 178, 179, 182, 180 ]
RHandPositionsY: [ 255, 253, 256, 255, 253, 256, 253, 256, 252, 255, 254,
    253, 254, 253, 255, 254, 252, 256, 252, 254, 255, 252, 255, 254, 254,
    255, 253, 253, 254, 255, 251, 253, 251, 255, 253, 254, 255, 252, 251,
    255, 253, 254, 255, 252, 255, 254, 252, 255, 251, 254, 251, 255, 253,
    253, 252, 253, 255, 251, 251, 251, 253, 252, 254, 252, 255, 253, 253,
    254, 253, 253, 252, 251, 255, 254, 252, 251, 254, 254, 251, 251, 252,
    253, 251, 253, 253, 252, 254, 252, 251, 252, 254 ]
