%YAML:1.0
---
videoName: "LHShake16.mp4"
gestureLabel: 2
fps: 30
pixelSizeInCmTemp: 3.3732394366197183e-01
faceCenterPointX: 247
faceCenterPointY: 66
LHandPositionsX: [ 326, 325, 325, 325, 328, 339, 346, 353, 364, 373, 384,
    393, 401, 411, 404, 400, 401, 390, 375, 364, 353, 357, 363, 370, 380,
    401, 396, 393, 391, 384, 375, 367, 372, 369, 369, 381, 387, 389, 400,
    396, 385, 376, 367, 369, 366, 370, 376, 383, 397, 409, 396, 384, 371,
    362, 362, 361, 362, 366, 376, 392, 388, 384, 386, 382, 373, 365, 355,
    348, 344, 333, 332, 331, 329, 329, 329, 329, 331, 329, 330, 331, 328,
    329, 327, 326, 327, 329, 325, 327, 327, 325, 326 ]
LHandPositionsY: [ 255, 252, 251, 251, 253, 245, 232, 224, 211, 195, 183,
    169, 152, 150, 143, 138, 122, 114, 119, 112, 119, 118, 123, 114, 113,
    117, 117, 117, 115, 114, 119, 132, 132, 134, 126, 118, 118, 121, 122,
    117, 116, 129, 134, 130, 134, 134, 133, 126, 124, 124, 124, 129, 137,
    146, 146, 147, 146, 145, 132, 127, 131, 129, 125, 130, 141, 151, 158,
    171, 182, 198, 205, 215, 227, 229, 233, 235, 237, 237, 239, 237, 241,
    243, 241, 243, 246, 242, 242, 241, 245, 242, 244 ]
RHandPositionsX: [ 179, 175, 179, 178, 177, 176, 176, 177, 177, 176, 178,
    179, 179, 177, 176, 179, 178, 179, 175, 177, 175, 176, 179, 176, 176,
    177, 175, 176, 177, 175, 177, 179, 179, 178, 177, 179, 178, 179, 175,
    177, 175, 175, 178, 179, 177, 179, 175, 175, 176, 177, 177, 178, 175,
    179, 177, 175, 176, 177, 179, 175, 177, 179, 178, 175, 177, 179, 176,
    175, 179, 179, 176, 176, 176, 176, 176, 179, 176, 178, 179, 176, 179,
    178, 178, 178, 177, 179, 179, 177, 177, 179, 176 ]
RHandPositionsY: [ 259, 262, 259, 262, 258, 262, 262, 260, 261, 262, 262,
    259, 262, 258, 262, 258, 260, 258, 260, 259, 262, 260, 258, 260, 258,
    259, 262, 258, 260, 262, 258, 261, 261, 261, 260, 260, 258, 259, 258,
    262, 262, 262, 259, 258, 258, 260, 258, 261, 259, 260, 261, 258, 259,
    261, 261, 260, 261, 259, 262, 260, 259, 259, 262, 262, 261, 261, 262,
    258, 261, 260, 259, 258, 262, 259, 258, 261, 261, 258, 259, 261, 261,
    262, 261, 262, 260, 260, 262, 259, 260, 261, 258 ]
