%YAML:1.0
---
videoName: "LHShake10.mp4"
gestureLabel: 2
fps: 29
pixelSizeInCmTemp: 3.4214285714285714e-01
faceCenterPointX: 253
faceCenterPointY: 65
LHandPositionsX: [ 337, 337, 336, 336, 334, 339, 341, 350, 352, 360, 368,
    378, 382, 389, 393, 395, 395, 383, 373, 367, 357, 349, 351, 351, 362,
    370, 381, 391, 389, 391, 390, 384, 373, 363, 359, 357, 358, 364, 368,
    373, 375, 373, 373, 370, 367, 364, 351, 347, 344, 343, 344, 355, 359,
    373, 381, 381, 381, 374, 364, 355, 352, 349, 351, 350, 357, 362, 374,
    380, 379, 377, 377, 372, 369, 360, 356, 347, 345, 341, 339, 335, 334,
    335, 335, 337, 334, 335, 335, 334 ]
LHandPositionsY: [ 272, 268, 271, 268, 268, 268, 270, 264, 253, 238, 227,
    206, 195, 178, 168, 157, 143, 135, 134, 140, 146, 148, 145, 147, 150,
    149, 138, 139, 142, 142, 142, 146, 146, 148, 152, 150, 152, 145, 139,
    134, 135, 135, 134, 135, 133, 133, 137, 144, 144, 145, 142, 143, 140,
    141, 140, 140, 142, 144, 145, 147, 152, 150, 154, 149, 151, 150, 145,
    145, 144, 147, 151, 151, 159, 164, 173, 185, 193, 209, 220, 234, 242,
    255, 253, 257, 255, 256, 257, 260 ]
RHandPositionsX: [ 176, 176, 176, 172, 175, 172, 175, 173, 173, 172, 173,
    173, 174, 176, 175, 172, 171, 175, 175, 172, 172, 172, 171, 175, 175,
    175, 172, 174, 173, 174, 172, 172, 175, 174, 175, 174, 172, 175, 172,
    173, 175, 172, 173, 173, 173, 175, 175, 172, 174, 172, 172, 172, 171,
    173, 172, 174, 175, 171, 174, 173, 174, 173, 172, 175, 174, 174, 175,
    175, 174, 172, 171, 174, 174, 172, 175, 171, 172, 173, 173, 173, 175,
    173, 171, 174, 175, 173, 174, 171 ]
RHandPositionsY: [ 274, 277, 278, 276, 277, 277, 278, 276, 276, 277, 278,
    275, 278, 274, 274, 276, 276, 277, 277, 275, 274, 277, 276, 278, 277,
    274, 276, 276, 278, 277, 277, 275, 278, 277, 276, 276, 277, 274, 277,
    277, 278, 278, 277, 276, 276, 274, 277, 278, 277, 276, 275, 276, 274,
    276, 277, 276, 277, 276, 274, 274, 277, 276, 276, 278, 275, 274, 275,
    278, 276, 274, 275, 277, 276, 276, 277, 274, 274, 274, 274, 276, 276,
    275, 278, 278, 276, 274, 278, 274 ]
