%YAML:1.0
---
videoName: "LHShake18.mp4"
gestureLabel: 2
fps: 29
pixelSizeInCmTemp: 3.4214285714285714e-01
faceCenterPointX: 253
faceCenterPointY: 65
LHandPositionsX: [ 313, 315, 312, 312, 312, 312, 315, 315, 315, 314, 314,
    314, 315, 314, 315, 315, 313, 315, 325, 322, 332, 338, 346, 350, 348,
    350, 336, 326, 317, 297, 300, 303, 305, 311, 312, 315, 311, 308, 299,
    291, 295, 302, 309, 312, 310, 312, 307, 297, 286, 283, 286, 295, 305,
    313, 313, 312, 306, 293, 285, 289, 296, 299, 308, 309, 312, 307, 305,
    292, 297, 302, 302, 308, 309, 311, 315, 312, 307, 308, 305, 303, 304,
    304, 307, 307, 310, 311, 311, 310 ]
LHandPositionsY: [ 250, 250, 249, 246, 250, 246, 250, 250, 246, 248, 250,
    247, 247, 246, 247, 246, 246, 247, 243, 237, 219, 203, 189, 177, 166,
    161, 155, 146, 146, 139, 139, 142, 144, 141, 138, 140, 142, 145, 145,
    140, 135, 145, 148, 145, 146, 145, 147, 148, 144, 141, 143, 149, 149,
    146, 147, 150, 149, 143, 144, 145, 150, 150, 154, 151, 151, 155, 159,
    145, 149, 150, 152, 154, 152, 155, 164, 168, 177, 186, 198, 208, 216,
    215, 219, 232, 233, 232, 233, 235 ]
RHandPositionsX: [ 197, 194, 194, 196, 194, 196, 195, 199, 196, 199, 195,
    196, 197, 196, 197, 198, 196, 195, 197, 198, 198, 196, 196, 198, 198,
    195, 199, 198, 198, 198, 196, 198, 197, 197, 196, 198, 195, 198, 198,
    196, 198, 196, 195, 197, 197, 199, 199, 199, 200, 197, 196, 198, 200,
    199, 199, 199, 198, 196, 197, 198, 196, 198, 199, 198, 198, 195, 198,
    195, 199, 198, 194, 197, 197, 197, 197, 194, 195, 196, 197, 198, 196,
    197, 195, 194, 194, 198, 197, 195 ]
RHandPositionsY: [ 263, 263, 262, 263, 266, 265, 265, 263, 263, 264, 264,
    267, 267, 265, 266, 263, 266, 267, 267, 267, 267, 265, 264, 266, 266,
    263, 264, 262, 263, 266, 262, 265, 265, 265, 267, 265, 265, 268, 268,
    264, 268, 268, 264, 266, 268, 268, 267, 268, 265, 268, 268, 265, 267,
    266, 268, 268, 268, 269, 269, 266, 265, 267, 267, 268, 265, 264, 264,
    265, 266, 266, 267, 264, 267, 264, 266, 265, 264, 264, 267, 268, 266,
    268, 266, 265, 268, 268, 268, 266 ]
