%YAML:1.0
---
videoName: "LHShake00.mp4"
gestureLabel: 2
fps: 29
pixelSizeInCmTemp: 3.4214285714285714e-01
faceCenterPointX: 252
faceCenterPointY: 85
LHandPositionsX: [ 351, 349, 352, 350, 355, 357, 361, 356, 353, 345, 335,
    325, 322, 323, 321, 323, 327, 330, 337, 339, 338, 337, 334, 326, 323,
    327, 328, 328, 335, 336, 336, 341, 338, 331, 323, 322, 321, 327, 332,
    336, 342, 343, 344, 342, 331, 327, 323, 326, 325, 326, 334, 334, 338,
    343, 343, 338, 329, 323, 325, 324, 327, 330, 333, 339, 337, 341, 341,
    341, 334, 332, 331, 330, 324, 329, 331, 329, 328, 332, 335, 338, 340,
    342, 340, 339, 343, 343, 342, 341 ]
LHandPositionsY: [ 257, 252, 246, 231, 211, 187, 172, 149, 135, 135, 135,
    137, 135, 133, 135, 133, 131, 133, 125, 124, 126, 127, 127, 131, 131,
    135, 133, 129, 132, 123, 123, 120, 124, 125, 133, 135, 132, 132, 131,
    131, 126, 122, 122, 119, 126, 131, 133, 134, 133, 134, 130, 126, 125,
    124, 126, 127, 127, 130, 127, 127, 126, 126, 123, 122, 119, 117, 118,
    128, 140, 148, 162, 166, 163, 171, 187, 191, 199, 208, 212, 218, 224,
    227, 227, 233, 235, 236, 233, 236 ]
RHandPositionsX: [ 154, 156, 156, 155, 155, 155, 155, 152, 152, 152, 152,
    155, 155, 155, 152, 153, 154, 156, 154, 156, 153, 154, 152, 156, 152,
    153, 155, 154, 155, 154, 155, 154, 155, 152, 152, 155, 154, 154, 153,
    155, 153, 154, 152, 155, 153, 156, 156, 155, 153, 155, 152, 152, 152,
    155, 155, 152, 153, 152, 156, 152, 154, 155, 153, 156, 156, 154, 153,
    155, 152, 153, 152, 154, 152, 153, 156, 155, 155, 156, 152, 156, 156,
    156, 153, 152, 154, 152, 154, 156 ]
RHandPositionsY: [ 277, 275, 275, 278, 274, 275, 277, 275, 272, 275, 275,
    271, 271, 269, 269, 269, 269, 271, 267, 267, 267, 268, 267, 267, 268,
    266, 264, 267, 265, 267, 267, 263, 266, 262, 266, 263, 262, 261, 265,
    262, 265, 261, 264, 260, 264, 260, 260, 263, 264, 260, 264, 261, 262,
    262, 262, 262, 264, 263, 262, 260, 260, 262, 262, 263, 263, 264, 262,
    261, 263, 262, 262, 262, 263, 260, 260, 261, 262, 261, 264, 261, 264,
    262, 262, 262, 263, 264, 260, 261 ]
