%YAML:1.0
---
videoName: "LHShake12.mp4"
gestureLabel: 2
fps: 29
pixelSizeInCmTemp: 3.3263888888888887e-01
faceCenterPointX: 259
faceCenterPointY: 64
LHandPositionsX: [ 369, 359, 346, 349, 344, 347, 351, 364, 374, 384, 382,
    382, 374, 364, 352, 345, 347, 344, 349, 353, 363, 377, 375, 375, 379,
    371, 360, 349, 342, 339, 341, 342, 348, 361, 369, 370, 372, 373, 370,
    356, 346, 342, 343, 343, 348, 356, 363, 368, 367, 370, 364, 358, 348,
    342, 340, 336, 343, 349, 357, 365, 368, 369, 368, 362, 354, 343, 333,
    326, 323, 316, 314, 319, 318, 325, 330, 330, 329, 331, 332, 335, 336,
    335, 335, 337, 333, 336, 335, 335 ]
LHandPositionsY: [ 165, 161, 164, 163, 164, 159, 155, 154, 149, 150, 149,
    152, 153, 152, 154, 159, 157, 160, 156, 156, 151, 146, 147, 149, 144,
    141, 146, 150, 152, 155, 153, 155, 149, 150, 148, 146, 148, 147, 145,
    149, 150, 157, 153, 157, 153, 155, 154, 151, 152, 150, 148, 151, 151,
    156, 158, 155, 155, 152, 148, 145, 144, 147, 145, 147, 150, 154, 162,
    171, 176, 185, 195, 208, 225, 236, 245, 245, 246, 250, 252, 255, 256,
    256, 258, 259, 255, 258, 259, 257 ]
RHandPositionsX: [ 175, 177, 176, 178, 175, 174, 175, 177, 174, 178, 178,
    175, 176, 178, 176, 178, 178, 174, 176, 174, 178, 178, 176, 174, 176,
    177, 178, 178, 178, 177, 177, 178, 175, 174, 175, 175, 178, 174, 174,
    174, 175, 176, 176, 177, 177, 175, 176, 175, 174, 174, 176, 176, 176,
    174, 178, 176, 174, 176, 176, 177, 176, 174, 174, 177, 177, 176, 174,
    176, 177, 175, 176, 176, 176, 175, 178, 176, 177, 175, 177, 177, 176,
    177, 176, 177, 174, 174, 178, 175 ]
RHandPositionsY: [ 274, 274, 273, 271, 275, 271, 275, 274, 274, 272, 274,
    272, 273, 273, 271, 274, 272, 274, 271, 275, 275, 273, 274, 273, 271,
    271, 271, 273, 272, 273, 273, 275, 274, 273, 272, 271, 275, 275, 272,
    273, 272, 275, 274, 273, 271, 272, 275, 273, 275, 273, 271, 274, 275,
    274, 273, 271, 274, 275, 274, 273, 272, 274, 274, 271, 273, 275, 272,
    271, 272, 275, 273, 275, 271, 273, 275, 271, 272, 275, 272, 275, 273,
    271, 273, 271, 273, 271, 273, 275 ]
