%YAML:1.0
---
videoName: "LHShake18.mp4"
gestureLabel: 2
fps: 29
pixelSizeInCmTemp: 3.4214285714285714e-01
faceCenterPointX: 253
faceCenterPointY: 65
LHandPositionsX: [ 315, 315, 313, 315, 314, 315, 312, 312, 311, 311, 315,
    312, 312, 311, 313, 316, 317, 318, 324, 325, 331, 339, 342, 348, 349,
    347, 338, 325, 314, 300, 300, 304, 309, 311, 313, 315, 314, 309, 296,
    290, 295, 301, 307, 313, 312, 313, 307, 295, 287, 285, 288, 295, 304,
    314, 313, 312, 306, 293, 284, 286, 293, 302, 306, 308, 310, 309, 303,
    295, 295, 302, 303, 307, 307, 309, 315, 311, 306, 307, 303, 305, 307,
    308, 308, 306, 309, 307, 307, 310 ]
LHandPositionsY: [ 246, 247, 247, 246, 247, 249, 246, 249, 247, 250, 246,
    248, 249, 250, 250, 250, 245, 250, 243, 233, 219, 200, 189, 177, 169,
    159, 153, 148, 144, 138, 139, 145, 142, 144, 138, 141, 142, 144, 146,
    138, 137, 144, 148, 146, 145, 148, 148, 147, 146, 138, 140, 147, 149,
    150, 147, 147, 150, 142, 143, 142, 152, 154, 152, 152, 154, 154, 158,
    148, 147, 150, 152, 151, 154, 154, 163, 167, 174, 186, 195, 205, 215,
    218, 220, 230, 232, 232, 232, 231 ]
RHandPositionsX: [ 195, 198, 198, 194, 195, 199, 197, 195, 198, 195, 195,
    199, 197, 197, 197, 195, 198, 198, 195, 197, 199, 199, 197, 195, 197,
    198, 195, 198, 198, 197, 197, 197, 197, 195, 199, 197, 198, 197, 198,
    199, 198, 199, 198, 196, 196, 195, 198, 197, 199, 195, 198, 197, 196,
    197, 199, 199, 196, 198, 197, 196, 197, 195, 197, 195, 199, 195, 195,
    196, 199, 196, 195, 198, 195, 198, 197, 194, 195, 194, 197, 195, 196,
    195, 196, 197, 195, 197, 197, 196 ]
RHandPositionsY: [ 263, 262, 266, 266, 264, 267, 268, 264, 267, 264, 267,
    264, 264, 267, 264, 263, 266, 267, 266, 263, 267, 265, 265, 267, 263,
    266, 263, 266, 262, 264, 264, 264, 266, 266, 263, 267, 267, 267, 265,
    267, 267, 268, 268, 267, 265, 266, 266, 267, 267, 264, 268, 264, 268,
    266, 266, 265, 268, 265, 265, 268, 267, 264, 266, 266, 267, 268, 265,
    266, 264, 264, 267, 264, 265, 266, 266, 264, 266, 266, 268, 265, 268,
    265, 267, 265, 265, 265, 264, 268 ]
