%YAML:1.0
---
videoName: "LHShake07.mp4"
gestureLabel: 2
fps: 29
pixelSizeInCmTemp: 3.3732394366197183e-01
faceCenterPointX: 265
faceCenterPointY: 78
LHandPositionsX: [ 345, 348, 352, 355, 363, 369, 377, 385, 388, 391, 395,
    395, 382, 375, 354, 348, 339, 341, 341, 339, 347, 363, 368, 369, 367,
    364, 360, 343, 339, 342, 341, 348, 356, 356, 367, 369, 369, 364, 360,
    353, 347, 349, 347, 352, 355, 362, 360, 360, 364, 359, 340, 328, 332,
    332, 341, 355, 369, 372, 369, 380, 374, 365, 358, 347, 343, 339, 338,
    335, 337, 338, 338, 344, 343, 343, 341, 343, 342, 342, 340, 343, 343,
    340, 343, 341, 342, 343, 340, 344 ]
LHandPositionsY: [ 278, 278, 274, 269, 260, 249, 235, 220, 201, 188, 177,
    162, 150, 137, 139, 139, 145, 146, 148, 146, 143, 136, 138, 138, 138,
    137, 136, 140, 144, 144, 136, 134, 130, 134, 125, 122, 128, 131, 133,
    137, 143, 142, 144, 143, 135, 140, 140, 136, 129, 132, 138, 149, 145,
    137, 130, 132, 128, 134, 130, 128, 132, 137, 146, 156, 169, 178, 191,
    206, 218, 230, 240, 253, 254, 252, 257, 259, 260, 264, 264, 264, 268,
    267, 266, 268, 266, 270, 266, 267 ]
RHandPositionsX: [ 182, 182, 185, 181, 181, 182, 185, 182, 181, 185, 181,
    184, 185, 182, 184, 185, 184, 185, 183, 181, 183, 184, 182, 185, 185,
    182, 185, 182, 183, 181, 181, 183, 182, 185, 185, 181, 184, 182, 183,
    185, 181, 181, 183, 185, 183, 182, 183, 184, 185, 184, 185, 185, 183,
    185, 185, 181, 185, 185, 185, 181, 182, 184, 185, 184, 184, 181, 181,
    185, 183, 181, 184, 184, 184, 185, 181, 182, 183, 183, 181, 184, 183,
    184, 182, 183, 183, 184, 182, 182 ]
RHandPositionsY: [ 279, 278, 278, 280, 279, 280, 276, 277, 276, 279, 278,
    278, 277, 279, 278, 280, 276, 278, 276, 280, 277, 279, 278, 276, 277,
    278, 279, 278, 277, 277, 280, 280, 279, 279, 280, 277, 279, 280, 277,
    277, 280, 278, 278, 279, 277, 278, 279, 278, 280, 278, 277, 276, 279,
    279, 278, 280, 280, 279, 279, 278, 280, 277, 276, 277, 276, 280, 280,
    277, 276, 277, 277, 277, 278, 279, 278, 280, 280, 277, 276, 280, 280,
    278, 277, 279, 279, 280, 276, 276 ]
