%YAML:1.0
---
videoName: "LHShake15.mp4"
gestureLabel: 2
fps: 29
pixelSizeInCmTemp: 3.3263888888888887e-01
faceCenterPointX: 252
faceCenterPointY: 65
LHandPositionsX: [ 328, 327, 328, 331, 330, 328, 330, 330, 332, 330, 335,
    342, 345, 354, 358, 364, 370, 371, 377, 382, 376, 381, 367, 359, 348,
    343, 344, 340, 349, 354, 363, 359, 359, 362, 356, 348, 333, 332, 329,
    337, 345, 355, 356, 352, 352, 354, 348, 335, 328, 329, 329, 343, 351,
    357, 352, 353, 356, 357, 344, 337, 332, 330, 336, 339, 346, 348, 348,
    351, 350, 347, 340, 336, 328, 326, 325, 322, 322, 321, 326, 327, 327,
    324, 328, 327, 324, 328, 325, 324 ]
LHandPositionsY: [ 254, 255, 258, 257, 258, 255, 258, 257, 251, 254, 240,
    229, 213, 200, 184, 172, 153, 135, 122, 118, 115, 104, 104, 100, 107,
    104, 103, 99, 97, 98, 95, 95, 97, 94, 97, 98, 101, 100, 96, 97, 94,
    93, 95, 98, 98, 97, 100, 98, 100, 102, 95, 93, 93, 97, 96, 94, 95,
    98, 103, 102, 100, 98, 97, 96, 102, 103, 102, 100, 99, 102, 106, 122,
    136, 151, 166, 177, 193, 208, 219, 231, 233, 236, 241, 239, 242, 240,
    239, 243 ]
RHandPositionsX: [ 179, 176, 176, 175, 177, 177, 177, 175, 178, 176, 176,
    177, 177, 177, 178, 178, 179, 176, 178, 179, 178, 176, 179, 175, 175,
    179, 175, 175, 179, 178, 175, 179, 179, 178, 175, 175, 176, 177, 178,
    178, 177, 175, 178, 178, 176, 178, 176, 176, 175, 175, 176, 178, 178,
    179, 177, 176, 176, 179, 175, 178, 179, 177, 175, 175, 179, 176, 176,
    178, 177, 177, 178, 179, 177, 179, 178, 178, 179, 176, 175, 175, 175,
    179, 179, 179, 175, 176, 175, 177 ]
RHandPositionsY: [ 261, 257, 257, 257, 261, 261, 260, 259, 258, 260, 260,
    257, 258, 258, 260, 261, 260, 261, 260, 257, 261, 260, 261, 258, 259,
    259, 260, 261, 260, 258, 261, 259, 257, 259, 259, 259, 258, 260, 261,
    261, 259, 258, 257, 258, 257, 261, 259, 261, 257, 261, 259, 261, 259,
    261, 259, 259, 261, 257, 257, 259, 257, 260, 260, 261, 260, 260, 261,
    257, 258, 260, 260, 260, 258, 257, 261, 258, 258, 259, 257, 257, 259,
    257, 258, 257, 257, 261, 261, 261 ]
