%YAML:1.0
---
videoName: "LHShake11.mp4"
gestureLabel: 2
fps: 29
pixelSizeInCmTemp: 3.3732394366197183e-01
faceCenterPointX: 260
faceCenterPointY: 69
LHandPositionsX: [ 387, 387, 383, 374, 363, 356, 347, 350, 344, 347, 354,
    361, 364, 364, 364, 364, 356, 349, 346, 346, 345, 349, 354, 360, 360,
    359, 362, 352, 350, 348, 347, 347, 349, 352, 352, 354, 353, 351, 347,
    344, 341, 341, 340, 340, 346, 354, 356, 358, 354, 355, 352, 344, 338,
    340, 335, 340, 348, 357, 359, 356, 360, 364, 359, 356, 349, 344, 336,
    332, 331, 327, 330, 333, 333, 331, 332, 335, 335, 332, 335, 335, 332,
    333, 332, 334, 331, 335, 332, 335 ]
LHandPositionsY: [ 178, 164, 154, 144, 141, 145, 147, 146, 148, 138, 130,
    128, 129, 127, 128, 129, 133, 138, 141, 141, 144, 134, 128, 131, 130,
    129, 130, 134, 142, 146, 141, 141, 143, 139, 136, 137, 133, 136, 136,
    138, 143, 146, 147, 144, 144, 134, 133, 131, 130, 128, 135, 138, 147,
    144, 148, 144, 142, 137, 138, 138, 141, 142, 149, 156, 167, 175, 193,
    203, 217, 227, 229, 234, 240, 241, 245, 247, 245, 247, 251, 252, 252,
    251, 250, 248, 252, 249, 249, 248 ]
RHandPositionsX: [ 183, 179, 179, 183, 181, 183, 179, 181, 181, 182, 183,
    183, 183, 180, 182, 179, 183, 180, 182, 183, 180, 179, 182, 179, 182,
    180, 181, 182, 179, 183, 181, 183, 180, 180, 183, 180, 183, 181, 182,
    179, 181, 180, 180, 182, 180, 180, 181, 179, 180, 179, 182, 180, 180,
    182, 179, 181, 181, 179, 180, 182, 183, 182, 182, 181, 182, 183, 183,
    182, 181, 181, 180, 182, 181, 182, 181, 181, 180, 179, 180, 181, 179,
    183, 183, 181, 181, 181, 182, 179 ]
RHandPositionsY: [ 275, 277, 277, 274, 276, 274, 275, 277, 275, 274, 274,
    274, 273, 275, 273, 273, 276, 273, 275, 275, 275, 275, 273, 274, 275,
    277, 273, 277, 275, 273, 275, 276, 273, 273, 275, 274, 274, 273, 277,
    274, 274, 275, 273, 277, 274, 275, 274, 277, 276, 275, 277, 275, 277,
    274, 276, 274, 273, 277, 273, 273, 274, 275, 277, 274, 277, 277, 273,
    274, 275, 275, 274, 275, 274, 276, 274, 274, 275, 275, 275, 273, 276,
    277, 277, 277, 274, 274, 275, 275 ]
