%YAML:1.0
---
videoName: "LHShake15.mp4"
gestureLabel: 2
fps: 29
pixelSizeInCmTemp: 3.3263888888888887e-01
faceCenterPointX: 252
faceCenterPointY: 65
LHandPositionsX: [ 330, 327, 328, 327, 331, 329, 329, 329, 331, 329, 335,
    341, 346, 351, 357, 361, 369, 371, 378, 381, 378, 379, 364, 358, 347,
    343, 344, 341, 345, 351, 362, 359, 357, 361, 359, 346, 330, 330, 333,
    337, 345, 352, 355, 351, 352, 352, 347, 335, 328, 330, 331, 339, 351,
    357, 352, 352, 356, 354, 342, 337, 335, 331, 332, 340, 345, 351, 348,
    350, 348, 348, 342, 333, 328, 323, 325, 320, 322, 320, 323, 325, 325,
    328, 324, 324, 327, 327, 327, 327 ]
LHandPositionsY: [ 256, 257, 255, 254, 256, 254, 255, 254, 254, 253, 244,
    229, 214, 200, 186, 172, 154, 137, 119, 119, 119, 105, 103, 103, 107,
    104, 104, 98, 98, 96, 93, 96, 93, 95, 96, 96, 100, 97, 98, 98, 98,
    92, 96, 94, 99, 98, 100, 101, 103, 98, 98, 94, 94, 95, 97, 97, 96,
    102, 99, 102, 103, 100, 101, 97, 98, 103, 102, 102, 100, 99, 106,
    119, 138, 150, 167, 179, 192, 207, 219, 229, 230, 237, 239, 239, 238,
    238, 243, 244 ]
RHandPositionsX: [ 179, 175, 175, 178, 178, 175, 177, 178, 176, 177, 175,
    175, 175, 178, 175, 177, 175, 177, 178, 175, 176, 177, 179, 179, 175,
    179, 176, 178, 177, 177, 175, 176, 179, 176, 176, 176, 176, 176, 179,
    176, 177, 176, 176, 178, 177, 176, 179, 179, 175, 178, 175, 176, 179,
    175, 177, 175, 176, 179, 178, 179, 178, 176, 175, 177, 179, 178, 177,
    176, 179, 175, 176, 176, 178, 178, 179, 176, 179, 177, 175, 177, 176,
    178, 179, 177, 178, 176, 175, 178 ]
RHandPositionsY: [ 261, 260, 258, 259, 260, 259, 258, 259, 257, 261, 257,
    259, 257, 258, 260, 259, 257, 259, 257, 257, 257, 258, 260, 261, 260,
    258, 257, 261, 261, 257, 259, 260, 259, 260, 260, 259, 260, 258, 258,
    259, 258, 259, 257, 259, 259, 260, 257, 259, 259, 260, 257, 257, 261,
    260, 259, 259, 257, 258, 260, 260, 257, 259, 259, 257, 257, 260, 258,
    259, 258, 258, 259, 261, 258, 259, 258, 258, 259, 261, 258, 261, 261,
    260, 260, 257, 258, 257, 260, 258 ]
