%YAML:1.0
---
videoName: "LHShake08.mp4"
gestureLabel: 2
fps: 29
pixelSizeInCmTemp: 3.4710144927536229e-01
faceCenterPointX: 261
faceCenterPointY: 69
LHandPositionsX: [ 342, 340, 344, 346, 353, 344, 357, 364, 371, 374, 373,
    371, 379, 366, 359, 345, 342, 342, 342, 342, 347, 360, 370, 365, 360,
    360, 360, 353, 344, 336, 340, 340, 343, 350, 360, 366, 366, 368, 368,
    360, 355, 345, 339, 336, 334, 335, 342, 347, 356, 360, 356, 356, 357,
    351, 344, 345, 341, 340, 345, 348, 353, 363, 370, 369, 368, 372, 364,
    359, 351, 346, 337, 337, 331, 333, 333, 335, 338, 338, 338, 335, 338,
    338, 338, 335, 338, 337, 335, 337 ]
LHandPositionsY: [ 268, 266, 263, 253, 252, 236, 218, 200, 185, 173, 161,
    153, 144, 145, 143, 145, 151, 149, 151, 150, 147, 147, 139, 140, 140,
    139, 142, 143, 148, 154, 153, 155, 153, 152, 149, 150, 150, 148, 147,
    150, 151, 153, 158, 158, 160, 164, 159, 156, 157, 155, 157, 154, 156,
    156, 161, 160, 160, 162, 159, 156, 155, 152, 148, 146, 147, 147, 151,
    155, 160, 167, 176, 184, 195, 208, 219, 231, 246, 244, 249, 253, 252,
    253, 255, 256, 254, 257, 258, 254 ]
RHandPositionsX: [ 172, 173, 173, 175, 174, 176, 175, 176, 173, 172, 173,
    176, 176, 174, 173, 174, 173, 176, 175, 175, 174, 176, 173, 176, 172,
    174, 173, 175, 175, 174, 175, 176, 174, 176, 175, 173, 176, 174, 178,
    175, 175, 177, 175, 174, 174, 177, 177, 177, 177, 177, 174, 174, 177,
    174, 176, 177, 177, 177, 174, 178, 176, 177, 175, 174, 174, 176, 178,
    178, 178, 174, 178, 174, 175, 174, 175, 177, 178, 174, 178, 175, 177,
    177, 177, 178, 175, 174, 174, 176 ]
RHandPositionsY: [ 276, 276, 276, 274, 276, 273, 276, 276, 276, 275, 274,
    273, 274, 276, 276, 273, 273, 277, 273, 276, 273, 275, 277, 274, 274,
    276, 275, 275, 275, 274, 273, 273, 276, 273, 275, 275, 273, 277, 274,
    277, 276, 277, 277, 276, 276, 274, 273, 277, 275, 276, 276, 274, 274,
    276, 276, 275, 275, 274, 277, 276, 275, 276, 275, 277, 273, 274, 274,
    273, 276, 273, 274, 276, 273, 276, 273, 274, 275, 275, 273, 273, 277,
    275, 275, 276, 273, 276, 274, 275 ]
