%YAML:1.0
---
videoName: "LHShake17.mp4"
gestureLabel: 2
fps: 30
pixelSizeInCmTemp: 3.3732394366197183e-01
faceCenterPointX: 248
faceCenterPointY: 64
LHandPositionsX: [ 321, 321, 323, 321, 322, 322, 325, 327, 326, 335, 345,
    353, 367, 374, 387, 398, 406, 410, 401, 386, 372, 358, 354, 353, 353,
    358, 371, 381, 376, 382, 374, 365, 351, 344, 346, 349, 354, 366, 369,
    367, 367, 363, 355, 351, 350, 354, 363, 373, 376, 372, 374, 368, 361,
    353, 348, 348, 350, 353, 362, 364, 361, 369, 366, 358, 351, 345, 338,
    337, 333, 334, 332, 333, 330, 330, 328, 330, 327, 327, 327, 325, 325,
    326, 324, 327, 323, 326, 327, 327, 326, 326, 324 ]
LHandPositionsY: [ 250, 248, 249, 247, 250, 250, 249, 248, 245, 233, 215,
    203, 184, 175, 159, 142, 131, 122, 115, 112, 123, 131, 136, 134, 138,
    134, 125, 118, 118, 117, 118, 131, 136, 140, 139, 138, 123, 119, 119,
    118, 119, 115, 127, 134, 131, 133, 125, 119, 120, 125, 121, 120, 132,
    135, 143, 141, 138, 124, 123, 126, 127, 124, 123, 130, 135, 145, 154,
    160, 172, 182, 195, 206, 220, 220, 223, 228, 230, 237, 235, 235, 234,
    236, 239, 235, 237, 235, 236, 237, 239, 235, 237 ]
RHandPositionsX: [ 177, 176, 179, 179, 176, 179, 176, 179, 179, 180, 178,
    178, 180, 179, 179, 180, 176, 178, 179, 177, 180, 177, 180, 178, 176,
    179, 177, 178, 178, 179, 179, 176, 177, 175, 177, 177, 175, 177, 177,
    174, 174, 177, 176, 174, 178, 177, 177, 175, 177, 174, 177, 174, 178,
    174, 178, 174, 177, 175, 175, 175, 174, 175, 178, 176, 174, 177, 178,
    178, 175, 175, 176, 177, 178, 174, 178, 177, 176, 174, 174, 178, 176,
    178, 177, 178, 174, 175, 174, 178, 178, 176, 174 ]
RHandPositionsY: [ 259, 256, 260, 256, 259, 259, 256, 256, 256, 258, 260,
    259, 257, 257, 260, 257, 256, 259, 257, 260, 256, 257, 258, 257, 258,
    257, 259, 260, 256, 257, 258, 258, 258, 257, 260, 256, 260, 258, 257,
    257, 256, 257, 257, 257, 257, 258, 260, 256, 256, 258, 258, 257, 260,
    259, 259, 259, 260, 257, 257, 256, 257, 260, 259, 257, 258, 257, 257,
    258, 259, 258, 259, 258, 256, 260, 256, 260, 259, 256, 257, 256, 258,
    258, 256, 258, 257, 258, 259, 259, 259, 258, 256 ]
