%YAML:1.0
---
videoName: "LHShake11.mp4"
gestureLabel: 2
fps: 29
pixelSizeInCmTemp: 3.3732394366197183e-01
faceCenterPointX: 260
faceCenterPointY: 69
LHandPositionsX: [ 384, 388, 387, 376, 364, 356, 347, 353, 344, 345, 356,
    362, 366, 364, 365, 363, 357, 353, 344, 346, 346, 349, 353, 360, 360,
    357, 359, 356, 351, 345, 350, 348, 347, 351, 355, 353, 353, 350, 347,
    341, 337, 341, 338, 338, 347, 353, 355, 355, 357, 356, 351, 341, 338,
    339, 339, 339, 346, 354, 359, 357, 362, 362, 361, 354, 352, 341, 339,
    330, 329, 331, 328, 331, 331, 334, 332, 334, 331, 335, 331, 334, 332,
    333, 335, 335, 331, 335, 334, 333 ]
LHandPositionsY: [ 175, 161, 152, 144, 145, 143, 149, 144, 148, 138, 128,
    126, 125, 126, 129, 127, 130, 139, 142, 139, 140, 135, 131, 128, 132,
    130, 130, 135, 140, 147, 142, 142, 146, 139, 136, 133, 135, 134, 137,
    142, 144, 143, 146, 145, 142, 132, 132, 132, 132, 131, 138, 142, 146,
    146, 148, 144, 142, 139, 138, 139, 137, 141, 146, 153, 164, 174, 190,
    203, 214, 227, 231, 231, 236, 243, 246, 246, 245, 250, 248, 249, 249,
    250, 250, 252, 251, 252, 248, 248 ]
RHandPositionsX: [ 183, 182, 179, 179, 181, 182, 181, 183, 181, 180, 180,
    183, 179, 181, 182, 182, 180, 179, 180, 183, 183, 180, 180, 181, 179,
    181, 179, 183, 181, 183, 180, 181, 182, 179, 181, 183, 182, 180, 182,
    183, 180, 181, 182, 182, 182, 183, 181, 179, 183, 183, 183, 183, 183,
    182, 183, 182, 181, 183, 183, 182, 181, 180, 183, 179, 179, 181, 181,
    180, 179, 179, 181, 183, 181, 179, 181, 179, 183, 183, 181, 183, 181,
    180, 180, 183, 180, 183, 182, 181 ]
RHandPositionsY: [ 277, 276, 273, 275, 274, 273, 275, 275, 274, 273, 274,
    275, 275, 275, 276, 273, 274, 277, 275, 273, 273, 276, 273, 273, 276,
    274, 276, 276, 276, 275, 276, 273, 276, 274, 277, 277, 277, 275, 276,
    277, 273, 273, 275, 275, 276, 275, 277, 277, 277, 275, 273, 274, 274,
    276, 274, 273, 273, 275, 274, 276, 274, 274, 275, 277, 276, 274, 275,
    273, 276, 275, 276, 277, 273, 277, 275, 274, 276, 273, 273, 276, 275,
    273, 273, 276, 276, 275, 273, 277 ]
