%YAML:1.0
---
videoName: "LHShake05.mp4"
gestureLabel: 2
fps: 30
pixelSizeInCmTemp: 3.2364864864864862e-01
faceCenterPointX: 252
faceCenterPointY: 81
LHandPositionsX: [ 291, 294, 293, 294, 292, 291, 295, 295, 294, 291, 291,
    297, 303, 313, 320, 332, 340, 340, 341, 338, 339, 334, 329, 330, 330,
    333, 331, 337, 341, 344, 342, 337, 333, 323, 325, 325, 327, 331, 337,
    336, 338, 330, 321, 322, 321, 322, 326, 334, 336, 337, 335, 328, 327,
    322, 326, 325, 333, 335, 339, 338, 335, 331, 330, 330, 331, 337, 341,
    338, 340, 338, 334, 323, 321, 317, 310, 308, 303, 301, 299, 297, 294,
    297, 296, 291, 292, 293, 292, 295, 291, 296, 294 ]
LHandPositionsY: [ 268, 266, 266, 268, 269, 266, 267, 266, 264, 255, 240,
    228, 211, 197, 187, 173, 165, 162, 156, 153, 153, 154, 153, 153, 152,
    150, 151, 145, 139, 136, 135, 140, 143, 148, 144, 146, 144, 140, 138,
    136, 132, 136, 140, 141, 142, 144, 137, 138, 132, 131, 134, 143, 140,
    140, 145, 143, 141, 139, 137, 136, 140, 142, 141, 142, 142, 139, 137,
    139, 135, 141, 143, 147, 162, 167, 177, 188, 200, 208, 221, 229, 234,
    234, 241, 244, 244, 249, 249, 252, 250, 256, 259 ]
RHandPositionsX: [ 213, 214, 210, 212, 210, 211, 212, 213, 211, 214, 212,
    212, 211, 213, 211, 211, 210, 211, 211, 210, 210, 208, 209, 208, 210,
    207, 209, 209, 209, 208, 208, 207, 208, 206, 209, 210, 208, 209, 209,
    208, 210, 206, 209, 209, 207, 206, 206, 209, 207, 210, 208, 209, 209,
    209, 208, 207, 210, 210, 207, 207, 210, 210, 208, 208, 207, 210, 206,
    208, 208, 206, 210, 210, 210, 207, 207, 208, 206, 209, 210, 207, 210,
    206, 207, 206, 209, 208, 207, 210, 208, 208, 213 ]
RHandPositionsY: [ 263, 263, 264, 262, 265, 262, 265, 265, 266, 266, 264,
    264, 263, 262, 265, 266, 266, 264, 266, 265, 262, 266, 264, 266, 265,
    265, 262, 266, 263, 262, 262, 263, 262, 263, 261, 264, 261, 265, 263,
    262, 264, 264, 262, 263, 265, 261, 262, 262, 265, 261, 262, 261, 262,
    262, 261, 263, 265, 262, 261, 264, 263, 264, 265, 264, 262, 261, 262,
    261, 265, 261, 263, 263, 262, 261, 262, 262, 261, 263, 262, 262, 261,
    264, 264, 261, 264, 261, 264, 262, 262, 265, 261 ]
