%YAML:1.0
---
videoName: "LHShake08.mp4"
gestureLabel: 2
fps: 29
pixelSizeInCmTemp: 3.4710144927536229e-01
faceCenterPointX: 261
faceCenterPointY: 69
LHandPositionsX: [ 340, 341, 343, 345, 353, 345, 355, 363, 371, 372, 373,
    374, 376, 367, 358, 345, 339, 340, 339, 345, 349, 360, 370, 365, 363,
    360, 361, 354, 346, 339, 341, 339, 345, 351, 358, 366, 368, 367, 365,
    362, 353, 343, 338, 338, 335, 338, 339, 348, 355, 359, 355, 358, 358,
    353, 346, 345, 343, 340, 345, 347, 356, 366, 370, 370, 369, 371, 364,
    358, 351, 343, 339, 337, 331, 331, 334, 334, 336, 334, 335, 335, 335,
    336, 335, 335, 335, 338, 336, 336 ]
LHandPositionsY: [ 269, 268, 261, 257, 250, 237, 217, 201, 187, 172, 164,
    157, 143, 146, 146, 147, 151, 151, 152, 152, 150, 147, 139, 141, 138,
    140, 140, 146, 149, 153, 151, 151, 156, 152, 146, 149, 148, 150, 148,
    148, 150, 155, 157, 158, 162, 160, 161, 159, 158, 155, 157, 156, 155,
    157, 160, 159, 162, 162, 159, 159, 157, 152, 145, 145, 146, 147, 148,
    152, 159, 165, 174, 187, 196, 206, 221, 232, 245, 245, 247, 249, 252,
    255, 253, 256, 257, 256, 256, 257 ]
RHandPositionsX: [ 175, 175, 172, 173, 174, 172, 172, 174, 175, 173, 174,
    173, 176, 176, 174, 175, 173, 176, 173, 176, 176, 172, 172, 172, 175,
    173, 175, 172, 175, 175, 175, 176, 175, 175, 174, 173, 175, 175, 174,
    178, 175, 173, 175, 178, 174, 176, 176, 176, 174, 174, 174, 176, 178,
    175, 176, 175, 174, 176, 176, 176, 177, 177, 177, 175, 178, 175, 174,
    177, 178, 175, 176, 175, 177, 178, 174, 176, 177, 175, 178, 175, 175,
    177, 176, 178, 174, 175, 174, 178 ]
RHandPositionsY: [ 277, 277, 273, 275, 274, 277, 276, 273, 277, 275, 273,
    277, 273, 277, 277, 277, 275, 274, 273, 276, 277, 277, 277, 273, 277,
    274, 274, 273, 276, 274, 274, 275, 273, 274, 274, 276, 274, 276, 275,
    274, 277, 275, 277, 274, 275, 273, 273, 274, 275, 274, 273, 276, 274,
    275, 277, 273, 276, 274, 276, 273, 274, 277, 276, 276, 273, 275, 273,
    274, 276, 273, 275, 274, 276, 273, 276, 275, 277, 276, 275, 276, 277,
    277, 275, 277, 276, 275, 273, 277 ]
