%YAML:1.0
---
videoName: "LHShake03.mp4"
gestureLabel: 2
fps: 30
pixelSizeInCmTemp: 3.2808219178082193e-01
faceCenterPointX: 251
faceCenterPointY: 79
LHandPositionsX: [ 344, 346, 352, 354, 356, 356, 353, 348, 339, 328, 315,
    315, 317, 317, 313, 318, 327, 333, 333, 334, 342, 336, 335, 329, 325,
    325, 321, 320, 323, 331, 336, 341, 344, 339, 336, 323, 315, 314, 311,
    311, 316, 320, 327, 332, 333, 333, 333, 330, 326, 322, 322, 327, 332,
    336, 345, 345, 339, 333, 339, 337, 336, 328, 320, 318, 313, 310, 305,
    301, 300, 297, 296, 297, 294, 296, 294, 293, 290, 289, 292, 292, 288,
    290, 290, 288, 287, 286, 287, 287, 287, 285, 284 ]
LHandPositionsY: [ 142, 133, 129, 118, 114, 111, 107, 104, 99, 96, 103,
    107, 102, 98, 98, 95, 91, 89, 86, 88, 82, 88, 88, 88, 86, 87, 92, 92,
    90, 85, 86, 83, 80, 85, 85, 92, 95, 93, 94, 94, 90, 93, 91, 87, 87,
    87, 86, 89, 92, 90, 93, 90, 93, 85, 85, 87, 93, 94, 96, 99, 113, 133,
    141, 156, 164, 175, 186, 195, 204, 216, 221, 223, 224, 226, 231, 238,
    238, 245, 244, 250, 249, 248, 248, 254, 254, 252, 251, 255, 254, 252,
    252 ]
RHandPositionsX: [ 215, 213, 213, 213, 216, 214, 211, 215, 214, 213, 211,
    212, 214, 214, 215, 213, 211, 211, 211, 215, 213, 213, 212, 215, 213,
    213, 211, 214, 212, 211, 211, 213, 212, 211, 213, 214, 213, 211, 213,
    215, 213, 211, 212, 214, 211, 212, 212, 213, 211, 215, 212, 211, 211,
    211, 213, 212, 210, 212, 213, 213, 212, 214, 210, 212, 212, 210, 211,
    210, 213, 213, 213, 211, 212, 213, 210, 214, 212, 214, 212, 212, 211,
    214, 211, 212, 211, 214, 210, 214, 214, 211, 211 ]
RHandPositionsY: [ 259, 256, 256, 254, 253, 253, 252, 252, 253, 255, 252,
    252, 254, 255, 256, 254, 254, 255, 256, 253, 255, 252, 252, 255, 253,
    251, 255, 251, 252, 251, 253, 251, 251, 254, 254, 251, 254, 251, 253,
    255, 255, 255, 255, 251, 255, 251, 255, 254, 251, 253, 254, 254, 254,
    251, 252, 254, 253, 254, 252, 253, 252, 252, 252, 253, 254, 251, 251,
    251, 253, 254, 253, 252, 252, 253, 255, 254, 254, 254, 255, 253, 255,
    253, 255, 251, 255, 253, 253, 253, 254, 254, 254 ]
