%YAML:1.0
---
videoName: "LHShake00.mp4"
gestureLabel: 2
fps: 29
pixelSizeInCmTemp: 3.4214285714285714e-01
faceCenterPointX: 252
faceCenterPointY: 85
LHandPositionsX: [ 351, 352, 349, 352, 353, 356, 360, 358, 350, 345, 336,
    322, 325, 324, 323, 326, 328, 331, 335, 338, 339, 338, 334, 326, 326,
    323, 327, 328, 333, 338, 338, 338, 339, 331, 326, 322, 321, 328, 330,
    337, 340, 342, 342, 340, 335, 327, 323, 326, 327, 330, 330, 334, 338,
    344, 343, 334, 329, 325, 323, 322, 325, 333, 336, 335, 339, 342, 341,
    341, 338, 334, 329, 331, 328, 325, 329, 331, 330, 333, 334, 334, 337,
    338, 340, 341, 342, 341, 343, 343 ]
LHandPositionsY: [ 259, 250, 247, 229, 210, 190, 168, 150, 135, 133, 132,
    134, 137, 133, 135, 135, 130, 131, 129, 126, 124, 127, 127, 133, 132,
    134, 133, 130, 132, 127, 126, 123, 125, 127, 133, 133, 135, 133, 135,
    130, 126, 125, 123, 119, 127, 131, 132, 134, 133, 134, 132, 124, 122,
    123, 125, 128, 127, 129, 129, 131, 127, 123, 123, 119, 118, 119, 116,
    127, 140, 148, 158, 166, 164, 173, 187, 193, 200, 206, 212, 219, 223,
    229, 227, 232, 235, 234, 233, 233 ]
RHandPositionsX: [ 155, 156, 156, 152, 155, 153, 154, 155, 154, 156, 155,
    152, 156, 154, 154, 152, 153, 153, 153, 155, 155, 154, 154, 153, 155,
    152, 152, 154, 152, 154, 153, 155, 155, 153, 156, 153, 156, 153, 153,
    153, 156, 152, 154, 153, 152, 152, 156, 154, 156, 156, 153, 155, 153,
    156, 155, 155, 153, 156, 154, 154, 154, 154, 156, 155, 154, 152, 154,
    156, 156, 152, 154, 155, 155, 156, 155, 153, 154, 152, 152, 152, 152,
    156, 154, 153, 156, 155, 153, 155 ]
RHandPositionsY: [ 277, 275, 276, 278, 278, 275, 277, 275, 276, 275, 275,
    271, 273, 271, 273, 271, 271, 271, 271, 267, 266, 267, 267, 267, 269,
    265, 268, 264, 267, 264, 266, 265, 265, 262, 264, 263, 265, 263, 261,
    263, 264, 263, 260, 262, 261, 261, 262, 263, 260, 261, 262, 264, 263,
    263, 262, 260, 263, 264, 261, 260, 262, 262, 262, 264, 264, 261, 263,
    262, 264, 261, 262, 260, 260, 264, 260, 260, 264, 264, 260, 260, 261,
    263, 262, 262, 260, 260, 263, 261 ]
