%YAML:1.0
---
videoName: "LHShake21.mp4"
gestureLabel: 2
fps: 29
pixelSizeInCmTemp: 3.4214285714285714e-01
faceCenterPointX: 266
faceCenterPointY: 79
LHandPositionsX: [ 349, 354, 364, 372, 381, 393, 396, 405, 421, 416, 417,
    401, 389, 378, 373, 375, 376, 375, 386, 402, 401, 397, 394, 395, 383,
    371, 372, 373, 373, 371, 378, 393, 391, 386, 386, 380, 377, 373, 368,
    369, 369, 369, 374, 388, 387, 386, 399, 394, 381, 375, 366, 364, 365,
    366, 373, 379, 384, 385, 384, 389, 386, 383, 375, 364, 356, 350, 344,
    338, 338, 338, 333, 335, 334, 333, 334, 334, 333, 333, 334, 331, 333,
    330, 331, 334, 333, 331, 334, 331 ]
LHandPositionsY: [ 273, 264, 246, 229, 211, 194, 183, 168, 151, 151, 139,
    136, 133, 136, 130, 136, 132, 127, 130, 130, 132, 131, 130, 134, 136,
    132, 142, 142, 144, 138, 135, 133, 132, 132, 133, 136, 139, 143, 148,
    147, 147, 146, 138, 136, 138, 137, 134, 137, 139, 150, 151, 152, 155,
    154, 151, 142, 140, 139, 141, 146, 154, 160, 170, 178, 189, 203, 214,
    225, 237, 238, 241, 247, 251, 250, 250, 253, 250, 254, 252, 250, 252,
    252, 251, 254, 253, 254, 253, 250 ]
RHandPositionsX: [ 186, 188, 184, 186, 184, 185, 185, 186, 187, 186, 185,
    188, 188, 187, 185, 185, 184, 187, 184, 187, 187, 184, 188, 188, 187,
    186, 188, 185, 188, 186, 186, 187, 185, 187, 185, 185, 185, 186, 185,
    185, 186, 188, 188, 185, 184, 188, 184, 185, 186, 185, 185, 187, 185,
    187, 184, 188, 186, 187, 188, 186, 185, 185, 188, 188, 187, 188, 185,
    185, 186, 184, 187, 188, 184, 185, 188, 187, 185, 184, 187, 187, 188,
    184, 187, 185, 185, 186, 187, 184 ]
RHandPositionsY: [ 269, 269, 267, 268, 267, 266, 266, 267, 265, 266, 267,
    267, 266, 266, 269, 268, 269, 267, 265, 268, 268, 268, 266, 265, 266,
    265, 267, 266, 269, 267, 265, 267, 267, 266, 268, 268, 269, 269, 265,
    269, 265, 267, 266, 265, 267, 267, 266, 269, 268, 266, 267, 265, 266,
    267, 268, 268, 267, 266, 268, 267, 267, 267, 268, 266, 265, 266, 265,
    269, 269, 267, 268, 267, 268, 269, 266, 265, 266, 268, 268, 267, 267,
    269, 268, 265, 269, 267, 268, 269 ]
