%YAML:1.0
---
videoName: "LHShake19.mp4"
gestureLabel: 2
fps: 29
pixelSizeInCmTemp: 3.3732394366197183e-01
faceCenterPointX: 250
faceCenterPointY: 62
LHandPositionsX: [ 308, 306, 307, 309, 309, 306, 306, 309, 309, 306, 306,
    306, 309, 307, 309, 307, 310, 314, 319, 327, 327, 321, 313, 290, 287,
    287, 292, 296, 307, 315, 315, 312, 305, 297, 290, 290, 291, 302, 311,
    316, 320, 313, 304, 291, 293, 296, 301, 307, 312, 314, 309, 305, 297,
    292, 295, 302, 305, 317, 316, 316, 314, 311, 306, 303, 295, 293, 293,
    294, 298, 297, 304, 300, 302, 304, 307, 304, 309, 307, 308, 309, 310,
    309, 309, 311, 307, 309, 311, 307 ]
LHandPositionsY: [ 250, 248, 252, 250, 249, 249, 250, 248, 248, 248, 250,
    250, 251, 247, 247, 238, 227, 214, 204, 188, 179, 168, 162, 164, 153,
    155, 159, 158, 153, 154, 153, 155, 154, 152, 152, 148, 156, 155, 153,
    154, 152, 151, 157, 146, 148, 151, 156, 154, 152, 150, 155, 157, 147,
    145, 157, 154, 155, 154, 151, 151, 153, 152, 158, 165, 168, 170, 178,
    190, 197, 210, 217, 217, 217, 220, 223, 231, 230, 232, 236, 235, 235,
    236, 239, 236, 240, 238, 241, 241 ]
RHandPositionsX: [ 198, 198, 198, 195, 195, 197, 199, 195, 195, 198, 197,
    198, 198, 198, 196, 198, 198, 196, 197, 195, 195, 195, 198, 197, 198,
    196, 196, 198, 197, 196, 194, 197, 195, 196, 193, 192, 195, 193, 192,
    194, 194, 194, 192, 195, 191, 193, 191, 194, 195, 194, 191, 192, 195,
    191, 195, 193, 191, 193, 191, 194, 195, 191, 194, 194, 191, 192, 194,
    194, 193, 191, 193, 194, 195, 194, 193, 195, 194, 192, 194, 195, 192,
    192, 194, 195, 195, 195, 195, 192 ]
RHandPositionsY: [ 255, 255, 254, 257, 257, 256, 257, 255, 254, 257, 256,
    258, 256, 257, 258, 254, 255, 254, 255, 255, 258, 256, 255, 256, 256,
    254, 255, 257, 257, 257, 254, 258, 256, 255, 256, 255, 256, 258, 258,
    256, 258, 256, 255, 256, 255, 254, 258, 257, 254, 255, 254, 257, 258,
    255, 256, 258, 256, 254, 257, 254, 254, 254, 258, 257, 258, 254, 257,
    257, 256, 258, 257, 257, 258, 257, 256, 258, 255, 254, 258, 255, 258,
    258, 256, 258, 254, 254, 255, 257 ]
