%YAML:1.0
---
videoName: "LHShake16.mp4"
gestureLabel: 2
fps: 30
pixelSizeInCmTemp: 3.3732394366197183e-01
faceCenterPointX: 247
faceCenterPointY: 66
LHandPositionsX: [ 323, 324, 324, 329, 327, 335, 347, 352, 364, 375, 384,
    391, 402, 409, 407, 401, 401, 391, 377, 361, 356, 358, 364, 372, 381,
    401, 397, 393, 390, 384, 373, 367, 368, 369, 371, 380, 389, 390, 404,
    396, 387, 376, 365, 367, 364, 368, 374, 382, 399, 409, 399, 384, 371,
    361, 361, 364, 364, 370, 376, 392, 387, 383, 386, 383, 372, 364, 357,
    348, 343, 335, 335, 333, 333, 331, 332, 329, 329, 327, 331, 329, 330,
    327, 327, 329, 325, 326, 327, 328, 326, 328, 325 ]
LHandPositionsY: [ 254, 253, 251, 251, 249, 243, 236, 221, 210, 193, 182,
    170, 152, 150, 141, 138, 125, 116, 118, 112, 119, 118, 123, 118, 112,
    115, 117, 119, 115, 118, 123, 129, 132, 134, 125, 119, 118, 120, 119,
    116, 119, 126, 135, 131, 137, 137, 129, 125, 127, 123, 122, 128, 135,
    146, 143, 147, 144, 144, 132, 125, 129, 128, 127, 130, 141, 151, 162,
    168, 180, 196, 208, 213, 226, 227, 233, 235, 237, 238, 236, 241, 240,
    240, 243, 242, 243, 242, 243, 245, 241, 242, 242 ]
RHandPositionsX: [ 176, 175, 177, 176, 176, 178, 178, 179, 175, 175, 176,
    176, 175, 178, 179, 176, 178, 176, 176, 179, 179, 175, 176, 177, 175,
    176, 177, 175, 179, 177, 177, 178, 176, 179, 178, 179, 179, 178, 177,
    176, 176, 178, 178, 179, 178, 176, 177, 178, 178, 177, 178, 179, 179,
    179, 175, 175, 176, 178, 177, 179, 177, 179, 179, 178, 175, 178, 177,
    179, 177, 176, 175, 179, 175, 175, 177, 179, 178, 176, 178, 178, 177,
    175, 175, 177, 175, 178, 178, 176, 175, 177, 177 ]
RHandPositionsY: [ 262, 258, 259, 258, 259, 260, 262, 258, 260, 262, 258,
    261, 262, 259, 261, 261, 262, 261, 260, 260, 261, 262, 261, 261, 262,
    260, 260, 261, 259, 258, 258, 259, 261, 262, 258, 259, 258, 258, 260,
    258, 258, 260, 261, 260, 259, 262, 258, 260, 259, 259, 258, 262, 259,
    259, 262, 260, 262, 259, 261, 259, 259, 262, 259, 260, 260, 262, 261,
    261, 260, 260, 259, 258, 258, 259, 259, 258, 260, 258, 260, 259, 260,
    259, 258, 262, 261, 262, 258, 258, 260, 259, 262 ]
