%YAML:1.0
---
videoName: "LHShake14.mp4"
gestureLabel: 2
fps: 29
pixelSizeInCmTemp: 3.2808219178082193e-01
faceCenterPointX: 256
faceCenterPointY: 64
LHandPositionsX: [ 348, 353, 351, 355, 368, 380, 388, 387, 389, 378, 372,
    360, 359, 354, 363, 368, 380, 382, 385, 382, 376, 361, 353, 355, 353,
    359, 366, 381, 386, 387, 383, 378, 370, 357, 358, 355, 361, 371, 382,
    383, 380, 378, 371, 359, 358, 358, 361, 362, 370, 377, 375, 377, 371,
    365, 358, 351, 340, 335, 330, 331, 327, 331, 330, 329, 332, 331, 331,
    331, 329, 328, 328, 329, 328, 327, 327, 329, 329, 327, 330, 330, 331,
    331, 329, 329, 330, 329, 328, 328 ]
LHandPositionsY: [ 149, 144, 145, 143, 142, 139, 139, 142, 140, 142, 144,
    149, 148, 147, 147, 144, 139, 141, 139, 138, 139, 143, 144, 149, 147,
    149, 146, 142, 144, 143, 141, 141, 143, 145, 148, 147, 144, 146, 144,
    141, 142, 141, 141, 140, 143, 141, 141, 138, 141, 141, 141, 145, 147,
    152, 158, 168, 179, 190, 197, 208, 224, 232, 233, 237, 242, 248, 247,
    248, 251, 250, 252, 248, 251, 250, 250, 252, 249, 251, 249, 252, 252,
    251, 248, 252, 248, 251, 250, 249 ]
RHandPositionsX: [ 183, 185, 181, 180, 182, 180, 181, 179, 183, 180, 178,
    179, 181, 181, 179, 177, 180, 176, 178, 176, 175, 179, 179, 176, 179,
    175, 179, 175, 175, 178, 177, 176, 178, 175, 176, 176, 179, 178, 179,
    179, 178, 176, 179, 176, 178, 178, 178, 177, 179, 178, 176, 179, 177,
    176, 179, 176, 179, 176, 178, 177, 179, 177, 176, 179, 176, 177, 179,
    177, 179, 177, 177, 178, 178, 176, 177, 177, 179, 175, 178, 178, 179,
    177, 175, 179, 176, 175, 175, 176 ]
RHandPositionsY: [ 276, 278, 277, 277, 277, 278, 275, 278, 276, 275, 274,
    276, 276, 275, 278, 273, 275, 276, 273, 277, 273, 273, 276, 277, 277,
    274, 273, 274, 273, 275, 275, 274, 275, 275, 276, 274, 276, 273, 277,
    277, 277, 277, 273, 277, 275, 273, 274, 273, 273, 276, 275, 277, 275,
    275, 277, 276, 276, 273, 275, 273, 276, 276, 274, 275, 273, 276, 276,
    275, 276, 276, 275, 277, 273, 277, 274, 274, 277, 274, 275, 273, 275,
    273, 273, 273, 273, 273, 274, 275 ]
