%YAML:1.0
---
videoName: "LHShake03.mp4"
gestureLabel: 2
fps: 30
pixelSizeInCmTemp: 3.2808219178082193e-01
faceCenterPointX: 251
faceCenterPointY: 79
LHandPositionsX: [ 342, 344, 348, 355, 354, 356, 353, 347, 339, 326, 315,
    316, 315, 314, 316, 319, 324, 334, 333, 333, 341, 339, 333, 331, 324,
    325, 322, 322, 325, 330, 333, 341, 344, 341, 334, 321, 316, 315, 313,
    313, 315, 320, 325, 334, 335, 334, 331, 329, 326, 324, 324, 328, 331,
    338, 343, 345, 339, 334, 338, 337, 334, 328, 319, 317, 316, 311, 309,
    301, 300, 301, 296, 296, 298, 295, 294, 291, 292, 291, 292, 289, 289,
    292, 289, 290, 287, 287, 285, 288, 288, 287, 285 ]
LHandPositionsY: [ 143, 137, 125, 120, 112, 111, 104, 102, 97, 98, 104,
    103, 106, 101, 95, 95, 92, 87, 87, 87, 84, 84, 91, 87, 87, 90, 92,
    89, 88, 87, 86, 82, 81, 86, 86, 91, 93, 95, 94, 94, 91, 92, 89, 86,
    85, 88, 85, 87, 91, 92, 91, 92, 93, 85, 88, 87, 93, 96, 95, 101, 114,
    132, 142, 154, 167, 176, 188, 196, 206, 216, 220, 224, 226, 229, 234,
    238, 238, 241, 244, 249, 250, 251, 251, 254, 252, 254, 255, 251, 253,
    251, 252 ]
RHandPositionsX: [ 216, 214, 212, 214, 214, 215, 214, 211, 215, 213, 211,
    215, 215, 213, 215, 212, 211, 214, 215, 214, 214, 215, 212, 211, 215,
    214, 215, 211, 214, 215, 213, 213, 213, 212, 211, 212, 211, 213, 213,
    214, 212, 213, 211, 213, 215, 212, 211, 215, 211, 214, 215, 211, 214,
    212, 211, 212, 213, 212, 210, 210, 212, 213, 213, 213, 211, 210, 210,
    212, 214, 213, 211, 212, 210, 212, 210, 213, 213, 210, 211, 210, 212,
    212, 210, 214, 213, 211, 214, 210, 213, 212, 211 ]
RHandPositionsY: [ 256, 257, 256, 258, 253, 256, 252, 252, 253, 253, 254,
    255, 252, 255, 253, 253, 253, 254, 255, 253, 254, 251, 253, 251, 252,
    253, 255, 253, 251, 252, 254, 255, 254, 255, 253, 253, 251, 254, 253,
    255, 252, 251, 252, 255, 253, 254, 254, 252, 255, 255, 251, 251, 253,
    253, 252, 253, 252, 253, 255, 254, 255, 251, 254, 255, 252, 253, 255,
    252, 253, 254, 254, 254, 254, 253, 254, 255, 253, 255, 253, 254, 253,
    255, 255, 252, 254, 253, 254, 253, 254, 253, 251 ]
