%YAML:1.0
---
videoName: "LHShake23.mp4"
gestureLabel: 2
fps: 30
pixelSizeInCmTemp: 3.3263888888888887e-01
faceCenterPointX: 259
faceCenterPointY: 79
LHandPositionsX: [ 332, 333, 332, 332, 333, 332, 331, 331, 333, 331, 331,
    335, 338, 345, 347, 359, 367, 369, 376, 378, 381, 378, 377, 366, 358,
    353, 355, 351, 357, 361, 373, 379, 384, 382, 384, 378, 373, 362, 358,
    359, 360, 370, 376, 386, 384, 384, 382, 375, 363, 358, 354, 354, 356,
    361, 374, 383, 380, 380, 381, 375, 368, 356, 355, 359, 357, 364, 372,
    380, 379, 376, 380, 373, 371, 365, 354, 349, 345, 344, 343, 341, 339,
    339, 336, 338, 335, 337, 338, 338, 336, 333, 333 ]
LHandPositionsY: [ 265, 262, 262, 263, 262, 265, 265, 266, 262, 261, 261,
    252, 244, 231, 231, 214, 200, 195, 194, 185, 181, 173, 165, 164, 167,
    169, 169, 171, 170, 165, 165, 159, 160, 158, 161, 161, 163, 163, 163,
    162, 164, 164, 164, 160, 158, 157, 158, 161, 160, 162, 162, 164, 166,
    165, 163, 164, 166, 166, 163, 161, 166, 166, 168, 169, 170, 171, 168,
    167, 166, 165, 168, 171, 176, 186, 192, 202, 215, 227, 240, 250, 250,
    252, 253, 250, 251, 256, 254, 252, 256, 255, 253 ]
RHandPositionsX: [ 185, 186, 186, 183, 182, 184, 185, 184, 184, 184, 185,
    185, 184, 183, 185, 183, 182, 182, 184, 185, 182, 185, 186, 182, 183,
    185, 183, 186, 185, 182, 186, 182, 182, 183, 185, 186, 182, 186, 184,
    184, 182, 183, 184, 183, 183, 183, 186, 184, 182, 186, 183, 184, 184,
    183, 184, 182, 184, 185, 183, 184, 182, 183, 185, 186, 185, 183, 185,
    184, 183, 185, 185, 184, 183, 182, 183, 185, 182, 184, 182, 184, 186,
    182, 182, 182, 185, 186, 182, 185, 185, 183, 183 ]
RHandPositionsY: [ 274, 270, 273, 270, 271, 272, 270, 271, 270, 271, 272,
    271, 274, 271, 272, 271, 272, 272, 274, 272, 272, 273, 270, 271, 270,
    274, 270, 271, 274, 273, 270, 273, 270, 274, 273, 270, 273, 272, 274,
    271, 272, 270, 274, 270, 271, 274, 270, 274, 272, 274, 273, 270, 274,
    274, 270, 272, 272, 274, 273, 273, 274, 270, 270, 274, 270, 274, 272,
    270, 272, 270, 272, 273, 272, 271, 273, 274, 270, 274, 274, 272, 273,
    271, 272, 274, 270, 272, 272, 274, 274, 274, 273 ]
