%YAML:1.0
---
videoName: "LHShake17.mp4"
gestureLabel: 2
fps: 30
pixelSizeInCmTemp: 3.3732394366197183e-01
faceCenterPointX: 248
faceCenterPointY: 64
LHandPositionsX: [ 325, 323, 324, 324, 325, 324, 325, 328, 328, 335, 343,
    356, 365, 376, 387, 400, 406, 408, 404, 390, 374, 361, 352, 354, 352,
    357, 372, 382, 379, 380, 374, 362, 354, 348, 348, 346, 358, 366, 367,
    367, 364, 361, 356, 353, 353, 356, 367, 371, 378, 376, 374, 368, 363,
    350, 345, 346, 350, 354, 359, 365, 364, 368, 363, 356, 351, 341, 339,
    338, 335, 335, 331, 333, 330, 332, 328, 328, 327, 328, 327, 326, 328,
    327, 327, 323, 327, 327, 326, 327, 327, 326, 322 ]
LHandPositionsY: [ 248, 247, 248, 247, 249, 248, 248, 247, 247, 232, 218,
    203, 187, 175, 158, 145, 131, 119, 113, 113, 121, 130, 137, 137, 136,
    135, 123, 115, 119, 117, 120, 128, 134, 142, 141, 139, 123, 118, 118,
    121, 118, 116, 125, 133, 134, 135, 123, 121, 123, 125, 120, 123, 132,
    136, 143, 141, 139, 124, 124, 124, 125, 121, 120, 129, 138, 142, 152,
    161, 170, 181, 193, 209, 217, 220, 223, 229, 232, 236, 233, 237, 234,
    239, 237, 235, 237, 237, 237, 237, 239, 239, 237 ]
RHandPositionsX: [ 177, 179, 178, 178, 177, 176, 178, 177, 177, 180, 178,
    179, 178, 178, 178, 176, 179, 180, 178, 177, 180, 179, 176, 177, 180,
    176, 179, 175, 177, 179, 178, 176, 176, 176, 179, 178, 177, 178, 178,
    176, 175, 175, 174, 176, 178, 174, 177, 178, 176, 178, 175, 177, 175,
    176, 175, 178, 177, 178, 177, 178, 177, 178, 176, 175, 177, 174, 176,
    176, 174, 178, 175, 174, 174, 177, 178, 177, 177, 177, 177, 175, 174,
    177, 176, 174, 175, 174, 175, 177, 175, 176, 177 ]
RHandPositionsY: [ 258, 260, 257, 257, 259, 257, 257, 258, 257, 259, 260,
    256, 260, 256, 260, 256, 258, 257, 260, 258, 260, 256, 259, 256, 258,
    256, 260, 260, 259, 258, 257, 259, 260, 259, 258, 259, 260, 257, 256,
    259, 256, 257, 260, 257, 257, 259, 260, 260, 260, 256, 256, 256, 257,
    258, 259, 258, 260, 256, 257, 258, 260, 257, 256, 256, 259, 258, 258,
    259, 257, 256, 260, 260, 258, 257, 258, 257, 259, 258, 257, 258, 259,
    257, 257, 257, 256, 257, 257, 259, 256, 258, 259 ]
