%YAML:1.0
---
videoName: "LHShake17.mp4"
gestureLabel: 2
fps: 30
pixelSizeInCmTemp: 3.3732394366197183e-01
faceCenterPointX: 248
faceCenterPointY: 64
LHandPositionsX: [ 325, 323, 324, 323, 325, 323, 327, 328, 326, 333, 344,
    352, 365, 374, 390, 396, 408, 408, 403, 390, 372, 359, 353, 350, 351,
    355, 369, 378, 377, 383, 374, 363, 351, 348, 345, 348, 354, 366, 369,
    367, 366, 361, 354, 350, 350, 355, 363, 372, 378, 373, 373, 371, 361,
    350, 346, 349, 350, 354, 362, 363, 365, 368, 363, 355, 350, 344, 338,
    338, 336, 334, 331, 334, 329, 332, 330, 329, 327, 328, 327, 325, 325,
    325, 324, 323, 327, 326, 324, 325, 327, 323, 325 ]
LHandPositionsY: [ 250, 248, 251, 247, 248, 251, 249, 246, 246, 230, 219,
    200, 188, 172, 156, 146, 129, 120, 115, 110, 120, 131, 136, 137, 135,
    134, 124, 117, 121, 120, 120, 128, 138, 141, 139, 137, 125, 119, 120,
    117, 120, 113, 127, 133, 133, 137, 124, 119, 120, 125, 120, 120, 133,
    136, 142, 141, 137, 128, 125, 125, 125, 121, 121, 130, 137, 145, 154,
    163, 169, 181, 196, 209, 217, 218, 224, 226, 230, 233, 236, 237, 234,
    238, 240, 235, 238, 235, 239, 235, 235, 238, 238 ]
RHandPositionsX: [ 177, 177, 177, 180, 176, 180, 176, 177, 177, 176, 178,
    179, 176, 176, 179, 177, 178, 180, 180, 176, 180, 176, 179, 176, 178,
    177, 178, 175, 178, 179, 177, 177, 176, 175, 179, 177, 178, 177, 177,
    175, 177, 177, 177, 175, 174, 176, 176, 177, 176, 175, 177, 174, 176,
    175, 175, 174, 174, 176, 174, 176, 177, 178, 174, 175, 177, 174, 176,
    174, 176, 174, 176, 175, 176, 176, 177, 176, 174, 178, 177, 174, 178,
    176, 174, 174, 177, 178, 176, 178, 175, 177, 177 ]
RHandPositionsY: [ 257, 260, 258, 257, 256, 260, 260, 258, 258, 257, 256,
    257, 259, 256, 259, 257, 257, 259, 258, 259, 260, 259, 260, 258, 259,
    257, 260, 260, 260, 256, 258, 258, 260, 256, 259, 258, 256, 260, 259,
    256, 258, 258, 259, 257, 257, 256, 256, 258, 260, 259, 260, 257, 258,
    257, 256, 260, 260, 256, 258, 258, 259, 256, 257, 259, 256, 258, 256,
    260, 260, 256, 259, 260, 259, 257, 258, 259, 256, 256, 259, 256, 257,
    258, 257, 258, 258, 256, 257, 256, 256, 259, 259 ]
