%YAML:1.0
---
videoName: "LHShake01.mp4"
gestureLabel: 2
fps: 29
pixelSizeInCmTemp: 3.4214285714285714e-01
faceCenterPointX: 252
faceCenterPointY: 84
LHandPositionsX: [ 363, 365, 363, 366, 362, 354, 349, 339, 334, 330, 330,
    332, 337, 344, 347, 352, 355, 357, 350, 349, 346, 343, 341, 339, 339,
    339, 342, 348, 349, 351, 350, 347, 344, 342, 338, 332, 331, 334, 336,
    339, 342, 349, 346, 351, 349, 348, 344, 337, 337, 334, 331, 333, 334,
    342, 344, 351, 351, 349, 350, 347, 343, 342, 338, 333, 330, 329, 329,
    333, 332, 329, 331, 335, 336, 341, 340, 343, 344, 345, 345, 349, 347,
    350, 348, 348, 352, 351, 348, 349 ]
LHandPositionsY: [ 147, 141, 130, 128, 124, 120, 119, 117, 121, 122, 119,
    122, 120, 117, 113, 110, 109, 107, 111, 109, 111, 110, 112, 112, 112,
    110, 111, 107, 107, 105, 104, 108, 105, 110, 110, 114, 112, 114, 112,
    110, 111, 108, 105, 103, 103, 109, 107, 109, 109, 108, 112, 107, 107,
    108, 106, 102, 105, 101, 101, 101, 105, 103, 109, 121, 134, 141, 152,
    161, 165, 162, 172, 180, 191, 198, 209, 212, 221, 220, 222, 225, 224,
    229, 228, 229, 230, 229, 230, 231 ]
RHandPositionsX: [ 157, 157, 155, 153, 156, 155, 156, 154, 153, 154, 157,
    153, 157, 155, 157, 153, 156, 157, 154, 154, 155, 156, 155, 153, 156,
    153, 156, 157, 154, 155, 154, 154, 157, 153, 154, 157, 154, 154, 153,
    153, 157, 153, 155, 154, 157, 153, 154, 156, 157, 157, 154, 154, 156,
    155, 153, 155, 157, 155, 155, 153, 153, 154, 155, 156, 157, 154, 157,
    156, 156, 157, 154, 155, 153, 157, 157, 157, 156, 154, 156, 155, 157,
    156, 156, 155, 153, 157, 153, 153 ]
RHandPositionsY: [ 270, 269, 271, 269, 269, 270, 269, 267, 269, 265, 266,
    266, 269, 266, 268, 268, 265, 263, 264, 265, 263, 262, 262, 262, 262,
    264, 264, 264, 265, 264, 265, 261, 264, 262, 264, 264, 260, 261, 264,
    263, 262, 261, 261, 264, 260, 259, 259, 260, 260, 262, 261, 263, 259,
    263, 259, 262, 260, 259, 259, 263, 262, 261, 259, 260, 259, 260, 259,
    260, 261, 259, 262, 261, 262, 260, 261, 260, 261, 263, 259, 260, 259,
    263, 260, 263, 259, 263, 260, 263 ]
