%YAML:1.0
---
videoName: "LHShake22.mp4"
gestureLabel: 2
fps: 29
pixelSizeInCmTemp: 3.5220588235294115e-01
faceCenterPointX: 261
faceCenterPointY: 79
LHandPositionsX: [ 336, 342, 349, 357, 357, 357, 356, 354, 344, 337, 328,
    321, 322, 322, 320, 321, 329, 339, 344, 345, 344, 345, 336, 330, 321,
    321, 322, 326, 333, 340, 343, 343, 340, 338, 332, 324, 316, 315, 321,
    321, 327, 333, 334, 336, 337, 331, 325, 320, 318, 319, 321, 327, 338,
    343, 341, 342, 343, 336, 326, 320, 319, 318, 318, 323, 332, 337, 336,
    333, 333, 330, 326, 325, 320, 321, 319, 323, 322, 324, 327, 326, 323,
    325, 323, 323, 323, 325, 327, 327 ]
LHandPositionsY: [ 259, 252, 244, 239, 235, 221, 207, 205, 196, 188, 187,
    185, 186, 184, 180, 182, 178, 174, 172, 171, 172, 172, 173, 175, 180,
    176, 178, 178, 177, 174, 170, 174, 171, 171, 175, 178, 183, 182, 183,
    181, 181, 176, 177, 175, 174, 177, 178, 180, 182, 182, 179, 183, 177,
    176, 178, 177, 175, 177, 179, 184, 182, 184, 183, 180, 176, 178, 179,
    181, 185, 189, 195, 202, 208, 221, 230, 240, 242, 245, 248, 248, 246,
    248, 250, 249, 247, 247, 251, 251 ]
RHandPositionsX: [ 190, 192, 191, 191, 190, 190, 192, 193, 190, 193, 192,
    189, 190, 190, 191, 189, 193, 190, 189, 189, 191, 193, 192, 193, 191,
    190, 191, 191, 193, 190, 191, 191, 191, 191, 190, 191, 193, 191, 191,
    191, 191, 193, 192, 192, 193, 190, 191, 189, 193, 190, 192, 190, 191,
    189, 190, 192, 189, 190, 192, 193, 190, 191, 189, 193, 189, 192, 193,
    189, 193, 189, 193, 193, 191, 190, 192, 192, 190, 190, 191, 193, 190,
    191, 189, 191, 190, 193, 193, 193 ]
RHandPositionsY: [ 269, 267, 268, 269, 266, 267, 266, 266, 270, 268, 269,
    266, 270, 268, 266, 268, 267, 266, 270, 267, 270, 269, 268, 270, 268,
    266, 269, 266, 269, 267, 268, 266, 268, 270, 269, 268, 268, 266, 269,
    270, 268, 268, 269, 267, 269, 268, 266, 266, 269, 266, 268, 269, 268,
    270, 269, 269, 268, 268, 270, 269, 268, 268, 269, 266, 270, 269, 269,
    267, 268, 266, 266, 268, 269, 270, 267, 266, 270, 270, 268, 270, 267,
    267, 267, 269, 270, 267, 270, 270 ]
