%YAML:1.0
---
videoName: "LHShake07.mp4"
gestureLabel: 2
fps: 29
pixelSizeInCmTemp: 3.3732394366197183e-01
faceCenterPointX: 265
faceCenterPointY: 78
LHandPositionsX: [ 348, 350, 352, 357, 361, 368, 377, 384, 388, 395, 392,
    392, 386, 375, 353, 348, 340, 342, 340, 342, 348, 364, 367, 366, 365,
    366, 360, 343, 342, 343, 343, 346, 358, 359, 370, 370, 368, 360, 363,
    353, 344, 346, 348, 352, 355, 362, 360, 362, 367, 361, 338, 326, 333,
    332, 342, 355, 367, 374, 369, 378, 370, 364, 356, 350, 344, 339, 338,
    337, 336, 337, 338, 340, 340, 343, 344, 343, 343, 343, 344, 344, 342,
    341, 344, 344, 344, 342, 342, 343 ]
LHandPositionsY: [ 276, 278, 273, 267, 256, 246, 235, 216, 204, 188, 176,
    159, 151, 141, 140, 139, 147, 144, 145, 145, 144, 136, 136, 138, 135,
    138, 135, 138, 143, 142, 136, 133, 132, 135, 126, 122, 128, 132, 133,
    136, 143, 142, 146, 141, 135, 138, 139, 137, 131, 128, 138, 152, 142,
    138, 132, 134, 130, 136, 133, 128, 133, 137, 149, 156, 167, 177, 191,
    203, 218, 233, 243, 253, 252, 252, 258, 259, 263, 264, 266, 266, 267,
    267, 266, 267, 270, 266, 267, 268 ]
RHandPositionsX: [ 184, 182, 183, 184, 181, 183, 184, 181, 183, 183, 182,
    183, 183, 182, 183, 185, 185, 182, 182, 182, 185, 185, 185, 183, 184,
    185, 185, 182, 183, 181, 185, 182, 184, 184, 183, 182, 181, 185, 184,
    181, 183, 183, 181, 184, 185, 181, 181, 183, 183, 181, 183, 183, 183,
    182, 183, 185, 183, 182, 184, 181, 181, 183, 184, 185, 184, 181, 183,
    184, 182, 183, 185, 181, 181, 183, 185, 183, 182, 185, 185, 183, 184,
    182, 181, 182, 185, 182, 185, 185 ]
RHandPositionsY: [ 279, 280, 279, 278, 280, 279, 278, 277, 280, 277, 277,
    276, 276, 278, 278, 276, 277, 278, 276, 278, 276, 276, 279, 277, 280,
    280, 277, 280, 277, 278, 276, 279, 278, 276, 277, 278, 278, 277, 276,
    278, 276, 279, 276, 276, 280, 279, 276, 279, 276, 280, 280, 280, 276,
    280, 279, 280, 280, 276, 278, 277, 278, 278, 277, 279, 278, 278, 277,
    278, 279, 277, 278, 278, 278, 277, 276, 280, 278, 280, 279, 278, 280,
    276, 279, 280, 277, 280, 278, 280 ]
