%YAML:1.0
---
videoName: "LHShake04.mp4"
gestureLabel: 2
fps: 30
pixelSizeInCmTemp: 3.2808219178082193e-01
faceCenterPointX: 247
faceCenterPointY: 80
LHandPositionsX: [ 284, 281, 280, 280, 283, 279, 281, 283, 282, 283, 279,
    278, 281, 283, 281, 285, 287, 300, 309, 321, 336, 348, 358, 368, 373,
    367, 364, 359, 350, 345, 337, 333, 333, 342, 346, 365, 369, 366, 360,
    344, 339, 344, 341, 343, 349, 353, 358, 354, 353, 342, 340, 343, 344,
    347, 354, 355, 354, 349, 344, 346, 347, 349, 355, 357, 361, 367, 362,
    358, 352, 344, 333, 324, 315, 304, 299, 295, 290, 288, 291, 286, 290,
    289, 289, 286, 286, 290, 287, 287, 289, 285, 288 ]
LHandPositionsY: [ 272, 272, 269, 271, 271, 271, 272, 270, 270, 270, 268,
    271, 270, 269, 271, 265, 264, 255, 244, 231, 216, 203, 190, 175, 161,
    157, 154, 149, 137, 131, 130, 131, 127, 119, 117, 112, 109, 111, 115,
    116, 131, 126, 121, 128, 119, 120, 116, 110, 120, 117, 121, 124, 118,
    117, 112, 114, 110, 110, 115, 116, 113, 113, 108, 107, 105, 103, 106,
    112, 129, 142, 156, 174, 187, 199, 212, 224, 237, 243, 245, 246, 249,
    250, 246, 249, 249, 250, 250, 252, 251, 254, 251 ]
RHandPositionsX: [ 216, 214, 218, 216, 216, 215, 218, 218, 217, 216, 214,
    215, 214, 217, 216, 214, 216, 218, 217, 214, 217, 218, 214, 217, 215,
    217, 214, 217, 217, 214, 217, 216, 214, 218, 214, 214, 217, 215, 215,
    215, 214, 214, 215, 215, 216, 214, 214, 215, 215, 216, 218, 217, 215,
    215, 217, 215, 216, 218, 217, 218, 215, 217, 217, 215, 217, 214, 217,
    217, 215, 216, 218, 215, 216, 215, 215, 215, 218, 215, 216, 215, 215,
    216, 217, 216, 217, 217, 214, 216, 215, 214, 214 ]
RHandPositionsY: [ 270, 267, 267, 270, 268, 270, 269, 268, 267, 268, 269,
    267, 265, 265, 266, 268, 269, 266, 266, 268, 264, 265, 265, 265, 263,
    267, 263, 265, 265, 263, 264, 263, 265, 262, 264, 263, 262, 265, 265,
    266, 264, 264, 266, 266, 263, 264, 266, 262, 262, 261, 262, 262, 261,
    263, 265, 262, 265, 261, 263, 261, 262, 265, 263, 262, 261, 265, 262,
    261, 261, 265, 261, 261, 264, 262, 265, 261, 262, 264, 261, 261, 262,
    265, 263, 262, 265, 263, 261, 263, 261, 264, 261 ]
