%YAML:1.0
---
videoName: "LHShake21.mp4"
gestureLabel: 2
fps: 29
pixelSizeInCmTemp: 3.4214285714285714e-01
faceCenterPointX: 266
faceCenterPointY: 79
LHandPositionsX: [ 347, 350, 366, 372, 381, 393, 398, 406, 420, 417, 414,
    403, 389, 378, 372, 378, 372, 377, 387, 402, 403, 399, 396, 394, 387,
    372, 370, 371, 372, 373, 377, 391, 391, 385, 386, 384, 376, 373, 364,
    369, 367, 369, 377, 387, 386, 386, 396, 394, 380, 373, 365, 365, 365,
    366, 376, 381, 386, 385, 384, 390, 384, 381, 374, 367, 356, 348, 344,
    341, 334, 337, 337, 336, 332, 335, 336, 331, 333, 331, 330, 333, 333,
    331, 330, 333, 333, 332, 330, 333 ]
LHandPositionsY: [ 271, 266, 244, 229, 210, 194, 182, 170, 153, 149, 136,
    132, 134, 133, 134, 134, 129, 128, 130, 128, 130, 128, 133, 133, 137,
    133, 142, 141, 144, 136, 137, 134, 135, 135, 135, 133, 137, 144, 149,
    144, 146, 146, 139, 140, 138, 139, 135, 137, 142, 148, 150, 153, 153,
    153, 151, 146, 140, 140, 143, 150, 156, 162, 170, 180, 191, 201, 213,
    224, 239, 239, 241, 247, 251, 250, 251, 252, 253, 250, 251, 252, 251,
    252, 254, 250, 251, 252, 252, 251 ]
RHandPositionsX: [ 186, 184, 187, 184, 188, 186, 188, 187, 184, 185, 186,
    185, 186, 186, 188, 185, 187, 187, 185, 184, 185, 185, 185, 185, 188,
    185, 186, 184, 187, 187, 186, 188, 185, 187, 186, 185, 186, 186, 188,
    186, 188, 184, 186, 188, 187, 187, 185, 184, 187, 186, 188, 185, 187,
    184, 185, 188, 184, 184, 184, 188, 188, 185, 184, 184, 184, 184, 184,
    185, 188, 186, 188, 185, 187, 186, 187, 187, 186, 188, 185, 185, 184,
    185, 185, 187, 187, 186, 187, 184 ]
RHandPositionsY: [ 267, 266, 268, 268, 267, 268, 267, 266, 266, 266, 266,
    266, 269, 269, 265, 266, 267, 269, 268, 266, 266, 266, 268, 265, 267,
    268, 268, 268, 265, 269, 269, 268, 267, 265, 267, 268, 265, 269, 267,
    269, 269, 268, 266, 265, 267, 265, 266, 268, 265, 265, 268, 266, 267,
    265, 265, 265, 269, 268, 267, 268, 267, 265, 265, 266, 268, 269, 268,
    265, 266, 267, 265, 265, 265, 265, 266, 267, 265, 266, 269, 268, 265,
    265, 267, 267, 266, 268, 268, 269 ]
