%YAML:1.0
---
videoName: "LHShake09.mp4"
gestureLabel: 2
fps: 29
pixelSizeInCmTemp: 3.3263888888888887e-01
faceCenterPointX: 259
faceCenterPointY: 67
LHandPositionsX: [ 336, 336, 337, 339, 343, 348, 349, 351, 353, 359, 357,
    363, 370, 367, 368, 367, 362, 349, 340, 333, 333, 331, 331, 330, 337,
    345, 351, 349, 348, 350, 351, 349, 344, 338, 335, 335, 340, 346, 354,
    361, 369, 365, 369, 364, 357, 347, 337, 336, 335, 335, 338, 344, 351,
    356, 355, 357, 354, 351, 343, 335, 334, 338, 333, 334, 341, 348, 352,
    352, 356, 355, 347, 345, 336, 332, 327, 321, 320, 321, 323, 324, 329,
    327, 331, 333, 332, 334, 333, 331 ]
LHandPositionsY: [ 272, 273, 273, 274, 271, 273, 265, 254, 250, 236, 235,
    215, 201, 197, 185, 174, 167, 163, 160, 158, 160, 157, 156, 156, 150,
    150, 148, 146, 147, 147, 149, 152, 154, 156, 152, 152, 156, 152, 151,
    152, 155, 153, 154, 154, 156, 154, 157, 157, 154, 157, 154, 153, 151,
    150, 150, 149, 152, 152, 151, 152, 151, 151, 151, 154, 154, 152, 153,
    152, 148, 148, 153, 156, 161, 173, 183, 195, 205, 218, 234, 243, 245,
    250, 250, 256, 258, 257, 257, 260 ]
RHandPositionsX: [ 180, 180, 179, 178, 177, 177, 177, 180, 180, 177, 178,
    179, 177, 176, 176, 177, 176, 177, 176, 180, 180, 180, 177, 176, 178,
    176, 176, 177, 180, 177, 179, 179, 176, 177, 180, 176, 177, 176, 177,
    178, 179, 179, 177, 176, 178, 179, 178, 177, 180, 180, 177, 179, 179,
    176, 180, 178, 178, 177, 176, 177, 180, 176, 176, 180, 180, 177, 176,
    179, 177, 176, 178, 180, 177, 177, 179, 179, 180, 179, 180, 178, 178,
    178, 176, 179, 177, 177, 177, 176 ]
RHandPositionsY: [ 277, 276, 275, 275, 277, 277, 278, 275, 279, 279, 279,
    277, 275, 275, 277, 275, 276, 275, 277, 278, 278, 279, 276, 278, 277,
    276, 279, 275, 278, 279, 277, 277, 276, 276, 276, 279, 276, 277, 278,
    277, 277, 279, 277, 276, 278, 278, 279, 277, 279, 278, 275, 279, 276,
    279, 278, 277, 278, 275, 278, 276, 277, 276, 276, 278, 277, 276, 275,
    278, 278, 279, 275, 277, 279, 279, 278, 277, 279, 279, 278, 279, 275,
    276, 277, 276, 275, 278, 279, 279 ]
