%YAML:1.0
---
videoName: "LHShake19.mp4"
gestureLabel: 2
fps: 29
pixelSizeInCmTemp: 3.3732394366197183e-01
faceCenterPointX: 250
faceCenterPointY: 62
LHandPositionsX: [ 309, 308, 309, 307, 306, 308, 308, 309, 305, 309, 307,
    306, 307, 308, 306, 307, 310, 315, 323, 325, 324, 324, 313, 289, 284,
    287, 289, 297, 305, 314, 315, 311, 304, 298, 288, 288, 294, 303, 308,
    317, 317, 312, 303, 290, 293, 295, 301, 304, 315, 314, 311, 307, 297,
    290, 295, 300, 307, 314, 316, 317, 314, 311, 305, 300, 295, 292, 291,
    292, 298, 300, 304, 302, 301, 302, 306, 305, 308, 309, 307, 310, 307,
    309, 307, 308, 308, 308, 310, 310 ]
LHandPositionsY: [ 252, 249, 251, 248, 252, 250, 252, 252, 248, 252, 250,
    248, 250, 250, 247, 240, 228, 214, 204, 189, 180, 169, 164, 161, 155,
    155, 160, 156, 156, 154, 153, 151, 155, 151, 148, 147, 155, 152, 154,
    152, 152, 153, 157, 149, 146, 153, 154, 151, 151, 153, 154, 156, 149,
    146, 153, 156, 155, 153, 153, 152, 152, 153, 159, 161, 166, 173, 179,
    189, 198, 209, 217, 218, 217, 220, 223, 231, 233, 234, 238, 238, 238,
    235, 236, 236, 239, 239, 239, 238 ]
RHandPositionsX: [ 197, 199, 195, 195, 199, 197, 195, 196, 198, 199, 199,
    195, 198, 198, 195, 195, 198, 195, 199, 198, 199, 199, 199, 194, 196,
    198, 195, 198, 194, 196, 193, 195, 197, 192, 192, 194, 192, 192, 192,
    192, 192, 193, 191, 193, 191, 191, 191, 192, 195, 195, 191, 194, 193,
    193, 194, 194, 194, 191, 192, 193, 192, 194, 191, 191, 193, 194, 191,
    191, 192, 195, 193, 192, 194, 195, 192, 192, 193, 191, 195, 191, 191,
    195, 194, 192, 195, 191, 195, 194 ]
RHandPositionsY: [ 257, 254, 258, 257, 255, 254, 257, 256, 258, 258, 256,
    258, 255, 256, 258, 256, 254, 255, 256, 258, 254, 256, 254, 256, 255,
    255, 254, 258, 254, 255, 257, 257, 254, 257, 256, 255, 255, 255, 258,
    258, 254, 255, 257, 255, 257, 256, 255, 257, 257, 258, 255, 258, 257,
    257, 254, 256, 258, 255, 255, 257, 256, 258, 256, 257, 257, 258, 258,
    255, 254, 255, 256, 258, 255, 254, 254, 255, 254, 258, 258, 258, 254,
    255, 254, 256, 257, 254, 255, 254 ]
