%YAML:1.0
---
videoName: "LHShake22.mp4"
gestureLabel: 2
fps: 29
pixelSizeInCmTemp: 3.5220588235294115e-01
faceCenterPointX: 261
faceCenterPointY: 79
LHandPositionsX: [ 337, 343, 351, 353, 356, 357, 358, 353, 347, 336, 328,
    320, 322, 321, 321, 324, 331, 338, 344, 345, 342, 345, 338, 328, 321,
    324, 325, 328, 329, 340, 344, 343, 343, 336, 332, 322, 315, 317, 321,
    324, 330, 334, 334, 335, 336, 329, 326, 318, 320, 319, 321, 329, 335,
    343, 345, 345, 339, 332, 326, 318, 316, 314, 317, 324, 329, 336, 334,
    335, 333, 329, 329, 323, 322, 318, 320, 321, 323, 325, 325, 327, 327,
    327, 325, 327, 326, 326, 325, 326 ]
LHandPositionsY: [ 259, 253, 247, 237, 232, 220, 209, 207, 195, 186, 187,
    186, 185, 187, 180, 182, 178, 177, 175, 175, 174, 169, 173, 178, 177,
    177, 178, 179, 176, 174, 170, 173, 173, 174, 176, 181, 185, 181, 182,
    182, 180, 175, 177, 176, 176, 177, 178, 181, 180, 179, 183, 181, 177,
    176, 178, 177, 175, 178, 181, 180, 184, 183, 180, 179, 176, 180, 176,
    181, 182, 189, 196, 203, 211, 221, 231, 240, 241, 243, 246, 249, 247,
    247, 248, 250, 251, 250, 251, 249 ]
RHandPositionsX: [ 189, 191, 189, 189, 190, 189, 191, 191, 191, 193, 189,
    193, 192, 191, 192, 192, 190, 189, 192, 190, 192, 193, 193, 193, 192,
    190, 192, 189, 193, 190, 192, 189, 189, 189, 192, 191, 190, 189, 191,
    190, 190, 191, 193, 189, 192, 190, 190, 190, 189, 191, 189, 191, 191,
    189, 192, 189, 189, 193, 193, 191, 190, 191, 191, 192, 189, 191, 192,
    190, 191, 192, 192, 190, 193, 192, 191, 190, 190, 191, 192, 192, 193,
    190, 189, 191, 193, 192, 190, 190 ]
RHandPositionsY: [ 268, 270, 267, 268, 269, 267, 270, 270, 267, 267, 270,
    266, 266, 266, 269, 269, 266, 269, 269, 269, 269, 268, 266, 268, 270,
    269, 266, 268, 270, 267, 266, 268, 270, 266, 266, 266, 269, 270, 268,
    270, 267, 268, 266, 269, 267, 267, 268, 270, 270, 269, 267, 268, 267,
    270, 269, 268, 268, 268, 268, 269, 270, 269, 269, 269, 268, 269, 269,
    268, 266, 268, 268, 267, 266, 270, 266, 266, 270, 268, 268, 267, 267,
    270, 268, 267, 268, 267, 269, 269 ]
