%YAML:1.0
---
videoName: "LHShake13.mp4"
gestureLabel: 2
fps: 29
pixelSizeInCmTemp: 3.4214285714285714e-01
faceCenterPointX: 257
faceCenterPointY: 76
LHandPositionsX: [ 326, 325, 324, 326, 324, 324, 323, 325, 328, 329, 328,
    336, 342, 353, 361, 372, 379, 389, 389, 387, 386, 376, 364, 351, 343,
    347, 340, 343, 350, 361, 374, 371, 366, 364, 357, 346, 343, 340, 340,
    350, 362, 366, 366, 363, 361, 348, 344, 344, 342, 350, 356, 363, 363,
    362, 362, 357, 349, 345, 345, 341, 349, 356, 364, 372, 365, 364, 357,
    352, 347, 338, 331, 327, 324, 324, 323, 327, 329, 326, 325, 328, 326,
    325, 324, 327, 324, 326, 326, 325 ]
LHandPositionsY: [ 260, 260, 260, 261, 262, 263, 260, 263, 258, 259, 257,
    246, 238, 224, 213, 198, 186, 173, 166, 159, 153, 149, 153, 154, 159,
    155, 158, 158, 156, 148, 142, 140, 141, 145, 152, 154, 159, 157, 157,
    155, 155, 154, 156, 157, 158, 160, 164, 161, 160, 160, 157, 157, 156,
    157, 156, 159, 166, 163, 161, 161, 159, 159, 157, 154, 152, 147, 147,
    153, 158, 163, 169, 179, 194, 204, 223, 236, 243, 246, 245, 244, 244,
    248, 246, 249, 249, 247, 250, 250 ]
RHandPositionsX: [ 182, 183, 181, 182, 184, 185, 185, 182, 181, 182, 182,
    184, 185, 184, 182, 182, 181, 184, 182, 182, 181, 182, 184, 183, 182,
    185, 183, 183, 185, 183, 184, 185, 185, 184, 182, 182, 181, 181, 182,
    182, 181, 185, 182, 181, 184, 183, 184, 181, 184, 183, 184, 181, 183,
    181, 184, 181, 185, 183, 182, 185, 183, 183, 183, 182, 184, 183, 185,
    183, 182, 185, 182, 184, 182, 185, 182, 182, 182, 183, 183, 182, 182,
    183, 182, 185, 183, 185, 181, 185 ]
RHandPositionsY: [ 269, 268, 269, 271, 270, 270, 270, 270, 267, 268, 267,
    271, 270, 270, 267, 267, 271, 267, 268, 270, 271, 268, 271, 270, 269,
    269, 268, 270, 267, 267, 269, 269, 271, 270, 270, 271, 269, 270, 267,
    269, 270, 268, 271, 271, 269, 270, 270, 271, 271, 267, 267, 271, 271,
    269, 267, 267, 271, 271, 267, 267, 270, 270, 270, 270, 267, 271, 267,
    267, 269, 267, 268, 268, 267, 271, 268, 269, 270, 269, 271, 267, 268,
    268, 267, 267, 270, 270, 271, 268 ]
