%YAML:1.0
---
videoName: "LHShake20.mp4"
gestureLabel: 2
fps: 30
pixelSizeInCmTemp: 3.3732394366197183e-01
faceCenterPointX: 249
faceCenterPointY: 62
LHandPositionsX: [ 314, 314, 312, 314, 312, 317, 315, 312, 316, 315, 318,
    328, 333, 340, 342, 336, 331, 320, 311, 312, 310, 314, 318, 327, 335,
    340, 339, 338, 328, 323, 317, 320, 320, 323, 334, 341, 339, 340, 329,
    324, 323, 321, 320, 327, 334, 330, 328, 329, 325, 322, 318, 321, 318,
    326, 324, 330, 330, 325, 322, 320, 319, 318, 317, 320, 319, 320, 321,
    317, 316, 314, 315, 312, 316, 313, 316, 313, 315, 315, 312, 312, 315,
    316, 313, 312, 314, 313, 313, 315, 313, 312, 313 ]
LHandPositionsY: [ 246, 249, 247, 247, 250, 247, 246, 243, 235, 227, 218,
    202, 190, 180, 173, 163, 160, 159, 159, 161, 161, 155, 150, 147, 143,
    142, 144, 143, 144, 144, 148, 150, 149, 144, 144, 144, 143, 144, 141,
    144, 147, 146, 147, 141, 143, 142, 139, 140, 143, 148, 149, 146, 144,
    144, 138, 136, 138, 135, 136, 145, 146, 143, 144, 146, 146, 151, 158,
    169, 178, 192, 200, 214, 214, 219, 222, 226, 232, 232, 231, 231, 233,
    233, 236, 234, 237, 239, 239, 239, 239, 237, 240 ]
RHandPositionsX: [ 182, 179, 181, 181, 179, 179, 183, 183, 183, 181, 183,
    182, 180, 180, 182, 181, 181, 183, 182, 183, 180, 180, 180, 183, 182,
    182, 181, 183, 179, 182, 182, 182, 180, 180, 179, 181, 183, 182, 183,
    182, 180, 181, 182, 180, 179, 179, 183, 180, 183, 179, 182, 179, 183,
    179, 182, 183, 182, 183, 182, 180, 183, 182, 182, 183, 182, 182, 180,
    181, 179, 180, 182, 183, 182, 181, 179, 182, 180, 179, 178, 179, 181,
    182, 178, 180, 179, 182, 180, 178, 180, 182, 180 ]
RHandPositionsY: [ 255, 254, 257, 256, 254, 253, 254, 257, 253, 254, 256,
    256, 255, 252, 254, 256, 252, 252, 255, 252, 256, 252, 252, 254, 252,
    255, 256, 255, 254, 254, 252, 252, 251, 251, 251, 251, 254, 252, 252,
    255, 253, 251, 252, 255, 255, 251, 251, 254, 255, 255, 253, 254, 253,
    254, 254, 255, 251, 251, 251, 252, 253, 255, 253, 253, 251, 251, 253,
    251, 255, 255, 253, 255, 253, 252, 253, 252, 253, 254, 253, 253, 254,
    252, 251, 255, 254, 255, 252, 254, 253, 252, 252 ]
