%YAML:1.0
---
videoName: "LHShake22.mp4"
gestureLabel: 2
fps: 29
pixelSizeInCmTemp: 3.5220588235294115e-01
faceCenterPointX: 261
faceCenterPointY: 79
LHandPositionsX: [ 335, 342, 350, 354, 355, 358, 356, 355, 348, 337, 328,
    318, 322, 321, 320, 321, 329, 339, 346, 344, 346, 344, 337, 328, 324,
    323, 323, 325, 333, 339, 345, 340, 344, 337, 332, 323, 315, 319, 318,
    324, 326, 333, 334, 338, 333, 330, 327, 322, 322, 318, 321, 329, 337,
    341, 343, 343, 341, 334, 323, 319, 317, 316, 320, 326, 332, 338, 336,
    337, 333, 329, 330, 324, 319, 321, 321, 321, 325, 323, 328, 326, 325,
    326, 324, 323, 327, 324, 325, 325 ]
LHandPositionsY: [ 261, 252, 244, 239, 233, 221, 206, 207, 193, 188, 186,
    185, 183, 185, 183, 182, 180, 178, 172, 175, 174, 169, 174, 178, 179,
    176, 176, 178, 175, 172, 171, 172, 172, 173, 173, 177, 184, 183, 181,
    182, 180, 179, 177, 174, 177, 176, 180, 183, 182, 183, 183, 180, 179,
    178, 177, 177, 176, 177, 178, 183, 181, 181, 179, 179, 180, 178, 176,
    180, 185, 190, 193, 203, 208, 221, 230, 242, 243, 243, 246, 247, 246,
    248, 251, 252, 249, 250, 249, 249 ]
RHandPositionsX: [ 192, 192, 191, 192, 190, 190, 189, 190, 192, 192, 192,
    193, 189, 191, 191, 193, 191, 192, 190, 189, 193, 192, 191, 192, 193,
    190, 189, 192, 191, 191, 192, 190, 192, 190, 189, 193, 192, 193, 190,
    192, 191, 189, 191, 192, 193, 189, 189, 191, 191, 191, 189, 189, 190,
    190, 190, 193, 189, 189, 189, 193, 193, 191, 191, 189, 189, 193, 189,
    191, 193, 193, 193, 190, 192, 189, 193, 193, 192, 193, 190, 193, 192,
    193, 191, 189, 190, 192, 192, 189 ]
RHandPositionsY: [ 268, 268, 268, 267, 267, 268, 268, 268, 267, 267, 270,
    268, 270, 269, 270, 268, 266, 268, 267, 267, 268, 267, 267, 266, 267,
    269, 266, 266, 267, 268, 270, 270, 266, 270, 267, 266, 268, 268, 267,
    267, 267, 270, 268, 269, 266, 268, 268, 269, 269, 266, 269, 266, 269,
    266, 268, 267, 266, 270, 268, 268, 269, 270, 266, 268, 269, 270, 266,
    266, 269, 268, 269, 270, 268, 267, 267, 269, 270, 269, 268, 268, 270,
    267, 266, 269, 267, 269, 266, 266 ]
