%YAML:1.0
---
videoName: "LHShake23.mp4"
gestureLabel: 2
fps: 30
pixelSizeInCmTemp: 3.3263888888888887e-01
faceCenterPointX: 259
faceCenterPointY: 79
LHandPositionsX: [ 332, 333, 332, 330, 334, 331, 333, 330, 333, 334, 334,
    337, 339, 347, 346, 361, 370, 369, 375, 375, 381, 380, 376, 366, 359,
    349, 353, 351, 353, 362, 370, 378, 386, 383, 386, 378, 369, 360, 361,
    360, 364, 370, 377, 384, 383, 381, 380, 371, 363, 355, 353, 351, 358,
    363, 374, 380, 381, 379, 381, 375, 364, 355, 356, 358, 356, 364, 374,
    380, 378, 377, 380, 375, 367, 364, 358, 352, 346, 344, 341, 338, 340,
    339, 339, 338, 339, 335, 334, 337, 334, 336, 335 ]
LHandPositionsY: [ 266, 262, 264, 262, 263, 266, 265, 262, 262, 262, 257,
    251, 244, 230, 228, 214, 198, 196, 193, 188, 183, 171, 167, 168, 166,
    169, 167, 170, 170, 165, 161, 162, 157, 157, 158, 159, 165, 163, 166,
    162, 163, 163, 161, 158, 157, 159, 161, 158, 159, 164, 164, 166, 166,
    166, 164, 163, 164, 164, 163, 164, 167, 170, 170, 166, 170, 171, 169,
    166, 165, 166, 170, 174, 177, 184, 191, 201, 213, 226, 241, 248, 250,
    253, 249, 254, 252, 254, 252, 253, 256, 256, 256 ]
RHandPositionsX: [ 186, 182, 186, 183, 183, 185, 182, 184, 183, 182, 186,
    182, 185, 184, 185, 182, 182, 183, 184, 185, 184, 186, 185, 182, 186,
    186, 186, 183, 183, 183, 184, 184, 184, 182, 185, 184, 186, 186, 185,
    185, 186, 185, 184, 182, 184, 184, 182, 182, 184, 185, 186, 185, 186,
    183, 184, 186, 182, 184, 184, 184, 182, 184, 182, 185, 186, 184, 182,
    185, 184, 182, 182, 182, 183, 182, 185, 182, 182, 186, 182, 183, 184,
    184, 182, 184, 185, 186, 183, 185, 182, 184, 183 ]
RHandPositionsY: [ 270, 273, 270, 274, 273, 272, 270, 274, 272, 271, 271,
    273, 273, 273, 271, 274, 274, 271, 273, 274, 274, 270, 273, 272, 272,
    271, 272, 272, 273, 273, 272, 273, 273, 274, 271, 274, 273, 270, 272,
    273, 270, 272, 274, 272, 270, 273, 272, 274, 271, 274, 272, 271, 272,
    274, 274, 270, 272, 273, 273, 272, 274, 270, 273, 270, 273, 274, 271,
    273, 272, 271, 272, 273, 273, 270, 271, 271, 272, 272, 272, 271, 272,
    270, 271, 270, 273, 273, 271, 271, 272, 273, 274 ]
