%YAML:1.0
---
videoName: "LHShake19.mp4"
gestureLabel: 2
fps: 29
pixelSizeInCmTemp: 3.3732394366197183e-01
faceCenterPointX: 250
faceCenterPointY: 62
LHandPositionsX: [ 307, 305, 305, 309, 307, 309, 305, 307, 305, 306, 309,
    305, 305, 309, 308, 310, 313, 317, 322, 324, 328, 323, 310, 290, 287,
    288, 291, 296, 307, 313, 315, 312, 308, 298, 286, 288, 294, 300, 312,
    318, 318, 315, 304, 292, 291, 296, 297, 308, 314, 314, 310, 306, 294,
    291, 294, 302, 308, 315, 314, 314, 314, 311, 307, 302, 299, 293, 289,
    292, 297, 298, 302, 300, 303, 306, 304, 305, 307, 311, 310, 309, 310,
    310, 308, 311, 307, 309, 311, 309 ]
LHandPositionsY: [ 249, 250, 252, 251, 250, 250, 252, 249, 248, 248, 252,
    250, 250, 247, 248, 240, 228, 216, 205, 192, 180, 170, 164, 163, 153,
    153, 156, 155, 155, 155, 155, 151, 155, 152, 149, 147, 156, 153, 155,
    154, 150, 150, 155, 147, 148, 152, 156, 155, 152, 154, 152, 155, 145,
    143, 154, 158, 156, 152, 153, 152, 155, 152, 156, 165, 169, 173, 178,
    188, 200, 209, 216, 215, 220, 223, 227, 230, 232, 235, 237, 235, 236,
    239, 238, 239, 237, 240, 237, 238 ]
RHandPositionsX: [ 196, 199, 199, 197, 195, 198, 197, 196, 196, 198, 197,
    195, 196, 197, 197, 199, 195, 198, 198, 196, 197, 196, 198, 194, 197,
    197, 197, 197, 197, 193, 194, 193, 196, 193, 192, 195, 194, 194, 196,
    194, 192, 193, 194, 193, 193, 192, 195, 192, 193, 195, 194, 191, 195,
    192, 192, 191, 194, 194, 191, 191, 194, 192, 195, 191, 191, 195, 194,
    195, 194, 192, 195, 195, 191, 194, 193, 192, 191, 194, 194, 192, 194,
    193, 193, 193, 191, 191, 193, 191 ]
RHandPositionsY: [ 257, 254, 258, 257, 258, 256, 258, 256, 258, 255, 257,
    256, 256, 258, 258, 256, 256, 255, 254, 255, 257, 258, 255, 257, 254,
    257, 256, 256, 256, 256, 256, 254, 255, 258, 256, 257, 256, 256, 257,
    256, 256, 254, 258, 258, 257, 254, 255, 257, 258, 254, 256, 254, 258,
    254, 255, 257, 258, 255, 256, 255, 254, 258, 255, 258, 258, 257, 254,
    254, 256, 258, 256, 258, 256, 258, 255, 256, 256, 255, 255, 255, 255,
    257, 256, 255, 256, 255, 255, 256 ]
