%YAML:1.0
---
videoName: "LHShake12.mp4"
gestureLabel: 2
fps: 29
pixelSizeInCmTemp: 3.3263888888888887e-01
faceCenterPointX: 259
faceCenterPointY: 64
LHandPositionsX: [ 370, 357, 347, 347, 344, 347, 352, 362, 375, 382, 379,
    380, 373, 366, 355, 345, 348, 346, 345, 356, 364, 377, 376, 376, 378,
    369, 363, 350, 339, 341, 338, 341, 349, 361, 368, 372, 370, 373, 369,
    360, 349, 341, 342, 341, 345, 354, 361, 370, 368, 372, 365, 356, 347,
    340, 341, 340, 342, 349, 357, 366, 368, 366, 366, 365, 354, 340, 332,
    328, 323, 317, 314, 320, 318, 325, 329, 330, 331, 331, 334, 334, 334,
    335, 337, 337, 337, 333, 334, 333 ]
LHandPositionsY: [ 168, 163, 162, 161, 160, 161, 158, 154, 149, 150, 149,
    153, 151, 155, 153, 158, 158, 158, 157, 155, 152, 145, 148, 147, 143,
    142, 145, 147, 151, 156, 155, 154, 148, 149, 148, 147, 145, 144, 148,
    148, 150, 158, 156, 157, 153, 152, 153, 152, 150, 148, 151, 152, 153,
    155, 157, 155, 155, 152, 149, 146, 145, 143, 143, 148, 151, 155, 160,
    171, 178, 187, 196, 208, 224, 235, 244, 246, 247, 249, 255, 254, 256,
    255, 259, 255, 257, 255, 255, 257 ]
RHandPositionsX: [ 178, 176, 174, 178, 176, 177, 176, 178, 178, 178, 178,
    177, 177, 178, 178, 175, 176, 176, 178, 177, 178, 177, 176, 175, 178,
    178, 175, 174, 175, 174, 174, 177, 176, 177, 174, 176, 178, 176, 176,
    178, 174, 177, 177, 177, 174, 174, 176, 178, 177, 176, 176, 175, 174,
    175, 178, 174, 177, 176, 178, 175, 175, 174, 176, 177, 178, 178, 178,
    178, 174, 178, 177, 177, 175, 176, 174, 175, 174, 178, 177, 175, 178,
    176, 175, 174, 177, 177, 174, 175 ]
RHandPositionsY: [ 272, 271, 275, 273, 274, 273, 271, 274, 271, 272, 272,
    273, 272, 271, 275, 271, 273, 273, 274, 273, 273, 274, 272, 274, 274,
    273, 275, 274, 272, 271, 275, 274, 271, 275, 271, 275, 273, 271, 274,
    271, 271, 272, 275, 273, 271, 272, 271, 271, 274, 272, 272, 274, 274,
    274, 271, 271, 272, 275, 271, 273, 275, 272, 273, 272, 274, 271, 273,
    275, 271, 273, 273, 275, 273, 275, 271, 275, 272, 271, 272, 272, 271,
    272, 271, 271, 272, 272, 271, 272 ]
