%YAML:1.0
---
videoName: "LHShake20.mp4"
gestureLabel: 2
fps: 30
pixelSizeInCmTemp: 3.3732394366197183e-01
faceCenterPointX: 249
faceCenterPointY: 62
LHandPositionsX: [ 312, 313, 313, 313, 312, 315, 315, 315, 318, 317, 319,
    328, 336, 341, 344, 338, 328, 321, 314, 314, 313, 314, 318, 327, 335,
    339, 339, 338, 332, 321, 318, 318, 316, 325, 332, 341, 342, 341, 329,
    324, 323, 324, 319, 328, 334, 330, 327, 329, 323, 319, 322, 321, 322,
    324, 325, 327, 331, 326, 321, 321, 320, 320, 317, 317, 323, 322, 323,
    319, 315, 314, 315, 313, 316, 312, 312, 313, 313, 316, 314, 314, 312,
    312, 315, 316, 316, 312, 313, 313, 316, 313, 315 ]
LHandPositionsY: [ 247, 248, 248, 250, 247, 247, 244, 244, 235, 226, 219,
    205, 187, 180, 171, 166, 158, 159, 158, 162, 160, 156, 150, 149, 146,
    143, 146, 146, 141, 144, 149, 146, 147, 143, 145, 141, 143, 141, 144,
    148, 148, 148, 143, 141, 143, 143, 141, 143, 142, 148, 147, 146, 144,
    143, 137, 134, 135, 134, 135, 144, 144, 142, 144, 147, 149, 151, 161,
    167, 179, 192, 203, 214, 217, 218, 222, 229, 232, 231, 231, 233, 232,
    235, 236, 233, 238, 236, 236, 240, 240, 237, 237 ]
RHandPositionsX: [ 183, 183, 182, 179, 179, 183, 180, 182, 182, 182, 181,
    179, 182, 182, 180, 179, 183, 182, 180, 182, 181, 183, 183, 179, 180,
    180, 181, 179, 182, 179, 182, 182, 179, 179, 180, 180, 182, 180, 181,
    181, 180, 181, 181, 182, 179, 181, 181, 182, 183, 180, 182, 179, 179,
    179, 180, 182, 183, 182, 183, 183, 183, 180, 180, 181, 183, 181, 180,
    181, 179, 179, 182, 179, 183, 180, 183, 179, 179, 181, 180, 182, 178,
    178, 182, 180, 179, 182, 179, 181, 179, 182, 178 ]
RHandPositionsY: [ 253, 256, 256, 255, 255, 253, 256, 255, 256, 252, 256,
    256, 252, 253, 252, 252, 252, 253, 256, 255, 254, 254, 256, 256, 253,
    256, 256, 255, 253, 254, 252, 251, 255, 254, 252, 255, 254, 255, 255,
    255, 251, 254, 253, 253, 253, 253, 254, 251, 252, 251, 253, 252, 255,
    252, 253, 251, 253, 255, 254, 251, 251, 251, 255, 251, 255, 254, 252,
    254, 254, 255, 252, 255, 255, 253, 251, 255, 255, 253, 251, 253, 252,
    252, 252, 253, 254, 251, 254, 254, 255, 254, 254 ]
