%YAML:1.0
---
videoName: "LHShake18.mp4"
gestureLabel: 2
fps: 29
pixelSizeInCmTemp: 3.4214285714285714e-01
faceCenterPointX: 253
faceCenterPointY: 65
LHandPositionsX: [ 314, 313, 313, 311, 311, 315, 315, 312, 315, 311, 315,
    314, 315, 315, 314, 315, 313, 317, 325, 325, 331, 337, 346, 346, 350,
    350, 337, 327, 314, 297, 304, 302, 305, 314, 311, 315, 312, 306, 299,
    290, 295, 301, 307, 314, 310, 309, 307, 298, 288, 283, 288, 297, 308,
    315, 313, 313, 306, 291, 286, 285, 293, 300, 310, 307, 311, 306, 305,
    292, 297, 298, 302, 306, 310, 310, 315, 311, 306, 308, 307, 306, 308,
    305, 307, 310, 308, 311, 311, 311 ]
LHandPositionsY: [ 249, 250, 248, 247, 247, 249, 247, 248, 248, 250, 247,
    249, 249, 246, 249, 248, 245, 251, 245, 236, 219, 204, 187, 178, 167,
    157, 153, 146, 145, 136, 137, 145, 142, 143, 142, 139, 141, 148, 146,
    141, 134, 141, 145, 146, 147, 147, 147, 148, 145, 140, 141, 147, 147,
    149, 147, 149, 150, 143, 144, 141, 148, 151, 154, 154, 150, 155, 158,
    148, 145, 154, 156, 155, 153, 156, 162, 167, 174, 189, 199, 209, 213,
    215, 220, 230, 236, 231, 230, 235 ]
RHandPositionsX: [ 199, 197, 195, 198, 196, 196, 197, 197, 199, 196, 199,
    195, 199, 196, 198, 196, 197, 195, 199, 198, 199, 197, 196, 195, 197,
    197, 197, 196, 196, 194, 195, 198, 196, 199, 196, 198, 195, 198, 196,
    199, 197, 196, 198, 199, 196, 199, 195, 196, 197, 195, 195, 198, 198,
    200, 197, 198, 197, 200, 198, 200, 195, 196, 197, 195, 196, 198, 194,
    196, 196, 198, 196, 195, 194, 196, 194, 197, 195, 194, 195, 197, 196,
    197, 198, 194, 196, 196, 195, 197 ]
RHandPositionsY: [ 265, 265, 265, 262, 263, 264, 267, 267, 267, 265, 265,
    263, 264, 266, 264, 263, 264, 266, 265, 265, 263, 266, 266, 265, 266,
    263, 264, 266, 262, 266, 263, 264, 265, 264, 266, 267, 266, 268, 266,
    265, 268, 268, 265, 268, 267, 265, 264, 267, 266, 266, 268, 266, 266,
    266, 264, 268, 265, 267, 266, 265, 264, 266, 268, 268, 265, 266, 266,
    264, 266, 268, 266, 264, 268, 266, 266, 266, 268, 265, 264, 267, 268,
    265, 265, 266, 266, 265, 267, 264 ]
