%YAML:1.0
---
videoName: "LHShake10.mp4"
gestureLabel: 2
fps: 29
pixelSizeInCmTemp: 3.4214285714285714e-01
faceCenterPointX: 253
faceCenterPointY: 65
LHandPositionsX: [ 338, 334, 335, 337, 338, 337, 343, 348, 351, 360, 365,
    378, 382, 389, 396, 397, 394, 384, 373, 366, 358, 349, 352, 355, 361,
    368, 383, 391, 390, 391, 393, 386, 373, 363, 357, 358, 360, 363, 368,
    372, 371, 373, 374, 368, 368, 364, 354, 343, 342, 344, 345, 355, 363,
    372, 381, 379, 380, 372, 365, 356, 350, 348, 350, 349, 353, 364, 375,
    382, 377, 376, 375, 372, 366, 363, 356, 348, 345, 340, 337, 336, 337,
    334, 337, 333, 333, 337, 333, 334 ]
LHandPositionsY: [ 270, 268, 271, 269, 268, 271, 269, 263, 251, 241, 226,
    209, 194, 179, 169, 153, 142, 138, 136, 140, 142, 150, 147, 147, 148,
    146, 138, 141, 140, 143, 140, 142, 148, 151, 150, 152, 148, 149, 139,
    131, 132, 132, 133, 135, 132, 132, 139, 141, 145, 146, 142, 144, 137,
    141, 142, 143, 144, 144, 146, 150, 152, 154, 152, 151, 149, 149, 147,
    147, 144, 145, 150, 151, 159, 165, 172, 183, 193, 208, 218, 233, 246,
    252, 254, 258, 255, 259, 257, 259 ]
RHandPositionsX: [ 176, 172, 173, 174, 174, 172, 176, 172, 176, 175, 174,
    173, 172, 173, 173, 174, 175, 174, 173, 173, 172, 171, 175, 174, 171,
    173, 175, 171, 172, 172, 171, 173, 173, 175, 174, 175, 173, 171, 172,
    175, 173, 171, 171, 171, 171, 172, 172, 172, 173, 174, 173, 175, 175,
    172, 174, 175, 175, 175, 171, 175, 173, 172, 173, 171, 172, 171, 175,
    171, 172, 172, 171, 175, 173, 173, 175, 171, 173, 171, 175, 173, 171,
    171, 173, 175, 173, 171, 174, 173 ]
RHandPositionsY: [ 274, 276, 274, 275, 276, 277, 277, 277, 277, 276, 277,
    277, 278, 275, 278, 274, 274, 278, 277, 275, 278, 277, 278, 277, 278,
    276, 278, 276, 278, 277, 278, 278, 278, 275, 277, 276, 277, 278, 274,
    275, 276, 276, 275, 277, 276, 274, 276, 275, 276, 274, 277, 275, 276,
    277, 275, 277, 275, 274, 277, 275, 274, 276, 278, 277, 278, 275, 274,
    274, 276, 278, 276, 277, 275, 277, 275, 276, 278, 277, 274, 278, 276,
    274, 276, 274, 277, 278, 275, 274 ]
