%YAML:1.0
---
videoName: "LHShake24.mp4"
gestureLabel: 2
fps: 30
pixelSizeInCmTemp: 3.4214285714285714e-01
faceCenterPointX: 255
faceCenterPointY: 77
LHandPositionsX: [ 329, 329, 328, 327, 327, 328, 327, 327, 327, 333, 332,
    332, 340, 347, 350, 360, 368, 376, 383, 381, 383, 377, 373, 362, 346,
    343, 342, 341, 341, 349, 358, 369, 379, 378, 376, 374, 370, 357, 344,
    336, 343, 339, 344, 355, 366, 367, 366, 370, 365, 354, 343, 340, 342,
    342, 344, 352, 366, 371, 370, 374, 370, 362, 354, 347, 347, 346, 345,
    354, 360, 368, 370, 366, 368, 361, 352, 342, 336, 334, 326, 325, 323,
    327, 326, 327, 324, 326, 325, 325, 326, 327, 327 ]
LHandPositionsY: [ 264, 264, 260, 263, 261, 261, 260, 261, 261, 262, 257,
    258, 247, 235, 224, 206, 196, 185, 173, 173, 162, 153, 150, 156, 158,
    163, 165, 162, 164, 161, 159, 154, 147, 147, 150, 146, 148, 150, 151,
    154, 155, 154, 156, 155, 149, 152, 149, 151, 152, 153, 157, 163, 161,
    161, 162, 161, 158, 160, 156, 154, 156, 160, 158, 165, 161, 160, 164,
    161, 162, 156, 158, 158, 159, 158, 158, 162, 170, 178, 189, 197, 206,
    217, 228, 231, 237, 239, 242, 249, 246, 249, 248 ]
RHandPositionsX: [ 179, 182, 179, 179, 181, 180, 179, 181, 182, 183, 180,
    179, 181, 181, 183, 182, 179, 181, 181, 181, 179, 180, 182, 181, 181,
    179, 182, 180, 179, 183, 181, 183, 182, 181, 182, 180, 182, 182, 180,
    183, 182, 183, 182, 180, 179, 181, 181, 181, 181, 179, 180, 180, 180,
    180, 179, 180, 183, 180, 179, 183, 180, 179, 180, 181, 182, 183, 179,
    179, 180, 181, 181, 183, 183, 183, 180, 183, 180, 183, 182, 183, 180,
    181, 180, 180, 179, 180, 181, 183, 183, 180, 180 ]
RHandPositionsY: [ 267, 271, 269, 270, 269, 269, 267, 269, 269, 268, 268,
    269, 268, 267, 268, 271, 267, 271, 269, 271, 268, 269, 268, 268, 267,
    271, 271, 271, 267, 268, 267, 269, 271, 267, 268, 267, 271, 270, 268,
    268, 268, 269, 270, 267, 271, 267, 267, 270, 269, 271, 269, 270, 271,
    267, 271, 271, 267, 271, 270, 270, 267, 269, 269, 270, 267, 267, 267,
    267, 267, 268, 270, 271, 268, 269, 269, 267, 267, 269, 267, 269, 271,
    268, 268, 268, 268, 269, 269, 269, 269, 270, 268 ]
