%YAML:1.0
---
videoName: "LHShake01.mp4"
gestureLabel: 2
fps: 29
pixelSizeInCmTemp: 3.4214285714285714e-01
faceCenterPointX: 252
faceCenterPointY: 84
LHandPositionsX: [ 366, 367, 367, 364, 362, 353, 349, 343, 335, 332, 334,
    335, 340, 346, 348, 352, 359, 357, 353, 347, 346, 342, 340, 335, 336,
    338, 344, 348, 353, 351, 349, 350, 347, 341, 338, 336, 332, 332, 338,
    339, 342, 348, 347, 349, 348, 345, 343, 339, 333, 332, 335, 334, 334,
    343, 344, 351, 348, 349, 350, 348, 345, 343, 337, 330, 326, 327, 331,
    335, 331, 328, 331, 335, 338, 337, 340, 343, 347, 348, 348, 349, 348,
    348, 351, 350, 353, 348, 351, 349 ]
LHandPositionsY: [ 145, 139, 133, 126, 125, 122, 116, 117, 120, 121, 119,
    122, 119, 119, 113, 113, 107, 106, 108, 111, 108, 111, 115, 115, 112,
    110, 112, 110, 105, 105, 103, 106, 109, 110, 109, 116, 114, 110, 111,
    109, 109, 106, 105, 103, 103, 106, 104, 106, 106, 109, 111, 107, 108,
    107, 104, 101, 104, 103, 101, 103, 105, 102, 109, 123, 131, 140, 150,
    159, 162, 161, 172, 183, 189, 198, 206, 214, 219, 221, 223, 222, 228,
    229, 226, 227, 231, 230, 231, 229 ]
RHandPositionsX: [ 153, 154, 154, 154, 156, 155, 157, 154, 157, 153, 157,
    157, 156, 155, 153, 154, 156, 155, 153, 154, 155, 155, 157, 155, 154,
    157, 157, 156, 155, 157, 155, 153, 156, 155, 156, 155, 155, 154, 155,
    154, 157, 153, 156, 157, 156, 153, 155, 157, 153, 153, 155, 157, 154,
    157, 156, 153, 155, 154, 157, 155, 156, 156, 155, 156, 157, 155, 157,
    154, 155, 153, 157, 154, 157, 156, 154, 157, 153, 155, 153, 157, 157,
    155, 157, 157, 153, 154, 153, 154 ]
RHandPositionsY: [ 268, 267, 270, 269, 270, 269, 270, 266, 265, 266, 266,
    267, 265, 268, 264, 266, 266, 265, 264, 266, 266, 266, 262, 266, 262,
    262, 264, 263, 261, 265, 262, 263, 264, 264, 261, 260, 260, 262, 264,
    260, 261, 263, 261, 260, 259, 260, 261, 263, 262, 261, 263, 262, 263,
    259, 263, 263, 261, 261, 261, 260, 259, 260, 259, 262, 262, 261, 263,
    260, 261, 261, 259, 261, 260, 263, 263, 263, 260, 262, 263, 260, 260,
    259, 263, 260, 260, 259, 260, 259 ]
