%YAML:1.0
---
videoName: "LHShake14.mp4"
gestureLabel: 2
fps: 29
pixelSizeInCmTemp: 3.2808219178082193e-01
faceCenterPointX: 256
faceCenterPointY: 64
LHandPositionsX: [ 350, 353, 348, 356, 370, 380, 392, 390, 390, 380, 368,
    360, 360, 357, 361, 372, 380, 383, 384, 381, 374, 365, 354, 355, 351,
    357, 367, 379, 387, 387, 382, 379, 368, 357, 357, 357, 363, 369, 382,
    379, 383, 378, 370, 359, 358, 360, 358, 365, 374, 379, 375, 377, 370,
    367, 358, 348, 340, 336, 330, 332, 327, 329, 327, 327, 329, 333, 330,
    328, 332, 330, 329, 332, 330, 331, 328, 331, 331, 330, 328, 329, 327,
    330, 329, 331, 327, 330, 329, 330 ]
LHandPositionsY: [ 148, 146, 148, 147, 143, 138, 140, 141, 140, 139, 147,
    146, 150, 147, 148, 143, 138, 140, 138, 140, 138, 144, 144, 149, 148,
    145, 145, 141, 144, 142, 142, 140, 143, 146, 145, 147, 147, 143, 144,
    142, 142, 142, 141, 143, 144, 140, 143, 139, 137, 142, 142, 143, 149,
    152, 158, 166, 178, 186, 199, 209, 222, 233, 236, 239, 240, 248, 249,
    251, 251, 251, 252, 248, 250, 248, 250, 251, 248, 252, 248, 249, 251,
    248, 252, 250, 249, 248, 248, 248 ]
RHandPositionsX: [ 183, 182, 182, 184, 182, 180, 182, 183, 182, 180, 181,
    180, 178, 180, 179, 177, 177, 178, 178, 179, 176, 177, 178, 177, 177,
    177, 178, 176, 179, 178, 176, 179, 175, 176, 178, 179, 177, 178, 177,
    177, 178, 176, 179, 178, 177, 176, 177, 178, 177, 176, 175, 176, 177,
    177, 177, 175, 177, 176, 176, 178, 178, 179, 175, 177, 177, 179, 176,
    178, 178, 179, 177, 176, 177, 176, 179, 179, 176, 178, 179, 176, 175,
    175, 175, 176, 179, 178, 177, 177 ]
RHandPositionsY: [ 278, 278, 278, 279, 276, 278, 279, 277, 279, 278, 277,
    277, 278, 274, 275, 274, 275, 276, 274, 275, 273, 273, 274, 276, 276,
    273, 277, 277, 277, 274, 277, 276, 274, 276, 274, 275, 276, 275, 278,
    275, 276, 273, 277, 277, 274, 276, 277, 277, 275, 273, 276, 274, 276,
    273, 275, 275, 275, 275, 273, 276, 277, 274, 276, 276, 274, 276, 275,
    273, 275, 273, 275, 275, 276, 275, 273, 277, 276, 274, 273, 277, 275,
    276, 276, 274, 276, 274, 277, 276 ]
