%YAML:1.0
---
videoName: "LHShake21.mp4"
gestureLabel: 2
fps: 29
pixelSizeInCmTemp: 3.4214285714285714e-01
faceCenterPointX: 266
faceCenterPointY: 79
LHandPositionsX: [ 348, 351, 364, 372, 383, 394, 398, 408, 421, 414, 414,
    401, 387, 376, 372, 379, 373, 379, 385, 401, 403, 400, 395, 392, 383,
    371, 369, 370, 373, 370, 378, 393, 388, 388, 383, 382, 377, 373, 364,
    367, 368, 370, 376, 387, 386, 385, 398, 394, 382, 374, 365, 367, 363,
    368, 377, 380, 384, 385, 384, 388, 386, 382, 373, 364, 359, 352, 345,
    339, 336, 336, 334, 335, 333, 334, 335, 331, 332, 332, 334, 334, 332,
    334, 331, 332, 332, 330, 331, 332 ]
LHandPositionsY: [ 271, 264, 245, 228, 209, 190, 182, 170, 153, 149, 137,
    133, 133, 133, 132, 136, 131, 130, 128, 129, 132, 129, 129, 135, 135,
    130, 144, 141, 143, 137, 136, 130, 134, 135, 136, 133, 135, 146, 146,
    144, 146, 144, 141, 140, 136, 139, 134, 140, 140, 150, 152, 153, 152,
    153, 152, 144, 141, 142, 139, 146, 154, 158, 168, 179, 189, 201, 215,
    227, 239, 236, 242, 244, 248, 252, 251, 249, 252, 250, 253, 251, 253,
    253, 254, 254, 254, 254, 254, 252 ]
RHandPositionsX: [ 187, 184, 185, 186, 186, 187, 185, 184, 186, 188, 185,
    185, 188, 188, 185, 187, 185, 186, 188, 184, 185, 184, 184, 188, 187,
    186, 187, 187, 188, 186, 185, 188, 184, 188, 185, 186, 184, 187, 188,
    185, 185, 185, 186, 184, 184, 188, 185, 186, 187, 184, 185, 185, 187,
    187, 184, 184, 188, 184, 185, 184, 188, 184, 184, 186, 184, 185, 186,
    188, 184, 187, 188, 188, 188, 188, 187, 186, 186, 186, 187, 188, 184,
    185, 188, 186, 185, 184, 187, 188 ]
RHandPositionsY: [ 269, 267, 265, 266, 269, 267, 267, 266, 265, 267, 265,
    269, 267, 269, 269, 265, 265, 265, 269, 269, 267, 268, 266, 266, 266,
    269, 265, 266, 266, 265, 265, 267, 269, 267, 267, 268, 268, 266, 268,
    268, 265, 269, 265, 268, 265, 267, 268, 269, 267, 268, 265, 267, 267,
    269, 265, 268, 266, 265, 265, 267, 269, 266, 268, 269, 267, 269, 267,
    269, 269, 265, 269, 266, 265, 266, 266, 266, 266, 269, 268, 269, 269,
    266, 269, 267, 265, 265, 269, 267 ]
