%YAML:1.0
---
videoName: "LHShake07.mp4"
gestureLabel: 2
fps: 29
pixelSizeInCmTemp: 3.3732394366197183e-01
faceCenterPointX: 265
faceCenterPointY: 78
LHandPositionsX: [ 345, 348, 354, 355, 361, 367, 377, 384, 388, 392, 395,
    393, 385, 378, 356, 349, 342, 342, 338, 342, 351, 365, 370, 369, 367,
    366, 363, 345, 342, 342, 344, 345, 358, 355, 368, 368, 365, 362, 361,
    353, 343, 345, 346, 351, 357, 362, 360, 362, 364, 363, 338, 326, 335,
    333, 342, 355, 369, 373, 370, 378, 370, 365, 358, 350, 342, 340, 335,
    336, 336, 339, 341, 340, 344, 340, 343, 341, 342, 344, 343, 340, 344,
    341, 343, 344, 342, 342, 343, 344 ]
LHandPositionsY: [ 279, 279, 271, 267, 259, 246, 237, 218, 205, 191, 177,
    161, 150, 138, 141, 141, 147, 146, 146, 145, 140, 138, 136, 137, 136,
    136, 136, 137, 146, 144, 137, 131, 130, 132, 126, 124, 127, 130, 133,
    133, 145, 145, 144, 141, 135, 140, 138, 139, 128, 129, 137, 149, 144,
    136, 131, 130, 132, 135, 132, 127, 130, 138, 149, 154, 169, 181, 190,
    205, 216, 233, 242, 252, 251, 256, 256, 258, 260, 263, 263, 264, 268,
    265, 265, 268, 268, 270, 266, 268 ]
RHandPositionsX: [ 183, 185, 184, 183, 184, 183, 185, 181, 181, 185, 181,
    185, 181, 183, 181, 181, 183, 181, 182, 184, 181, 182, 185, 183, 181,
    183, 181, 185, 184, 182, 183, 185, 185, 181, 183, 184, 182, 182, 184,
    181, 183, 184, 185, 184, 183, 182, 185, 183, 184, 182, 184, 181, 182,
    185, 181, 185, 182, 185, 184, 184, 184, 183, 183, 185, 183, 182, 182,
    181, 184, 183, 185, 185, 182, 183, 181, 184, 183, 181, 181, 182, 184,
    181, 183, 181, 181, 184, 183, 181 ]
RHandPositionsY: [ 277, 280, 278, 276, 279, 279, 279, 280, 279, 276, 277,
    278, 278, 277, 277, 276, 279, 279, 278, 276, 276, 278, 279, 278, 276,
    277, 278, 278, 277, 277, 278, 276, 276, 278, 279, 279, 277, 279, 279,
    278, 276, 279, 279, 278, 279, 280, 277, 278, 280, 280, 278, 280, 279,
    277, 277, 277, 277, 276, 276, 280, 276, 279, 279, 277, 277, 280, 277,
    278, 280, 279, 276, 280, 276, 276, 277, 277, 280, 280, 277, 277, 280,
    277, 277, 279, 279, 277, 279, 279 ]
