%YAML:1.0
---
videoName: "LHShake19.mp4"
gestureLabel: 2
fps: 29
pixelSizeInCmTemp: 3.3732394366197183e-01
faceCenterPointX: 250
faceCenterPointY: 62
LHandPositionsX: [ 306, 308, 305, 308, 307, 305, 309, 305, 305, 308, 305,
    306, 305, 305, 306, 310, 310, 314, 319, 326, 326, 320, 313, 290, 288,
    287, 292, 299, 304, 314, 316, 311, 308, 296, 288, 290, 295, 303, 308,
    315, 316, 311, 306, 294, 293, 295, 298, 305, 315, 313, 313, 309, 295,
    294, 298, 299, 306, 317, 317, 317, 316, 308, 305, 301, 299, 293, 290,
    292, 294, 300, 300, 300, 304, 304, 305, 307, 308, 310, 307, 307, 311,
    311, 310, 311, 308, 311, 310, 310 ]
LHandPositionsY: [ 248, 250, 250, 249, 252, 248, 252, 251, 250, 248, 249,
    249, 250, 247, 244, 237, 227, 215, 201, 189, 178, 168, 165, 164, 155,
    153, 160, 159, 155, 154, 151, 151, 157, 155, 148, 146, 153, 155, 151,
    154, 150, 153, 155, 147, 144, 152, 155, 152, 153, 154, 152, 157, 148,
    145, 155, 156, 156, 152, 153, 151, 151, 155, 157, 162, 169, 171, 181,
    188, 197, 209, 214, 215, 217, 220, 227, 229, 229, 234, 238, 237, 234,
    235, 239, 240, 237, 240, 241, 238 ]
RHandPositionsX: [ 196, 198, 199, 197, 196, 195, 198, 197, 198, 196, 197,
    199, 199, 198, 199, 199, 196, 199, 199, 196, 195, 197, 195, 194, 197,
    196, 196, 198, 194, 195, 195, 193, 194, 196, 192, 193, 192, 192, 192,
    192, 194, 192, 195, 194, 191, 194, 193, 192, 195, 191, 191, 192, 192,
    194, 192, 195, 193, 195, 192, 195, 195, 191, 193, 192, 191, 191, 191,
    193, 195, 195, 194, 193, 193, 191, 194, 194, 191, 195, 192, 193, 195,
    194, 194, 191, 193, 195, 195, 192 ]
RHandPositionsY: [ 256, 255, 256, 256, 258, 258, 254, 256, 256, 257, 255,
    255, 254, 254, 257, 256, 256, 258, 256, 258, 257, 258, 255, 256, 255,
    257, 254, 254, 258, 257, 256, 255, 257, 258, 258, 254, 258, 258, 254,
    257, 256, 256, 257, 258, 255, 258, 255, 254, 255, 257, 257, 257, 258,
    254, 258, 255, 258, 258, 255, 254, 257, 257, 258, 254, 254, 258, 258,
    258, 257, 256, 255, 257, 258, 257, 258, 258, 258, 258, 257, 258, 255,
    256, 256, 257, 258, 254, 254, 256 ]
