%YAML:1.0
---
videoName: "LHShake12.mp4"
gestureLabel: 2
fps: 29
pixelSizeInCmTemp: 3.3263888888888887e-01
faceCenterPointX: 259
faceCenterPointY: 64
LHandPositionsX: [ 370, 358, 346, 347, 348, 348, 354, 360, 375, 384, 382,
    382, 373, 365, 354, 348, 351, 346, 349, 353, 364, 378, 377, 376, 377,
    373, 363, 348, 341, 341, 338, 344, 351, 362, 372, 372, 369, 373, 370,
    359, 348, 343, 343, 344, 347, 352, 364, 372, 367, 370, 367, 357, 345,
    339, 340, 336, 341, 346, 356, 368, 366, 368, 366, 365, 353, 342, 332,
    326, 323, 317, 316, 317, 316, 323, 328, 331, 333, 331, 334, 337, 335,
    337, 336, 336, 334, 335, 337, 335 ]
LHandPositionsY: [ 165, 161, 165, 164, 162, 161, 156, 153, 153, 151, 153,
    150, 151, 152, 155, 157, 159, 160, 155, 156, 152, 147, 146, 149, 142,
    143, 147, 149, 152, 155, 156, 151, 149, 151, 145, 147, 146, 145, 146,
    149, 152, 157, 156, 156, 155, 154, 153, 152, 151, 149, 151, 154, 154,
    156, 157, 159, 153, 154, 150, 143, 147, 143, 146, 145, 147, 153, 163,
    167, 178, 186, 195, 211, 227, 236, 245, 244, 246, 249, 255, 256, 256,
    256, 256, 259, 255, 256, 257, 257 ]
RHandPositionsX: [ 178, 178, 176, 175, 178, 176, 175, 175, 175, 178, 174,
    175, 174, 175, 176, 174, 178, 174, 174, 175, 175, 177, 174, 178, 175,
    176, 177, 176, 174, 176, 177, 178, 176, 177, 178, 176, 175, 174, 176,
    174, 177, 178, 174, 177, 176, 175, 178, 177, 174, 175, 175, 176, 176,
    176, 178, 175, 176, 174, 175, 176, 178, 178, 175, 178, 176, 176, 178,
    176, 174, 178, 176, 176, 174, 174, 176, 177, 174, 175, 174, 178, 176,
    178, 178, 178, 174, 176, 177, 178 ]
RHandPositionsY: [ 274, 274, 275, 273, 275, 274, 274, 271, 271, 272, 271,
    275, 271, 274, 275, 274, 275, 274, 273, 272, 275, 273, 275, 274, 275,
    274, 274, 271, 272, 271, 273, 271, 272, 274, 275, 274, 273, 272, 275,
    273, 272, 273, 273, 273, 271, 275, 273, 272, 271, 274, 271, 275, 275,
    271, 275, 273, 275, 275, 275, 274, 274, 271, 272, 273, 274, 272, 272,
    273, 272, 274, 272, 272, 273, 274, 273, 272, 272, 274, 274, 274, 275,
    273, 271, 275, 272, 273, 272, 271 ]
