%YAML:1.0
---
videoName: "LHShake14.mp4"
gestureLabel: 2
fps: 29
pixelSizeInCmTemp: 3.2808219178082193e-01
faceCenterPointX: 256
faceCenterPointY: 64
LHandPositionsX: [ 351, 352, 350, 355, 367, 382, 388, 391, 389, 381, 368,
    357, 361, 358, 361, 368, 383, 384, 384, 382, 374, 363, 354, 353, 354,
    359, 369, 378, 387, 388, 383, 377, 370, 359, 358, 355, 360, 369, 381,
    381, 381, 376, 370, 361, 359, 358, 357, 364, 373, 380, 378, 378, 371,
    367, 358, 351, 342, 336, 331, 330, 329, 331, 327, 327, 331, 331, 332,
    330, 332, 332, 328, 331, 331, 330, 328, 328, 328, 327, 330, 328, 327,
    331, 327, 330, 329, 327, 328, 330 ]
LHandPositionsY: [ 146, 145, 148, 147, 141, 141, 142, 143, 140, 140, 143,
    146, 147, 149, 144, 142, 141, 140, 141, 138, 139, 145, 148, 147, 149,
    149, 148, 141, 141, 142, 139, 143, 144, 144, 145, 147, 144, 145, 141,
    141, 143, 139, 141, 144, 143, 141, 140, 140, 141, 142, 141, 144, 150,
    156, 157, 165, 179, 188, 198, 209, 222, 235, 235, 236, 244, 246, 247,
    247, 249, 249, 250, 248, 250, 249, 250, 251, 251, 248, 252, 250, 251,
    250, 251, 252, 250, 252, 249, 249 ]
RHandPositionsX: [ 184, 182, 184, 183, 180, 179, 179, 179, 179, 180, 182,
    180, 181, 178, 180, 178, 178, 178, 179, 178, 176, 178, 175, 176, 175,
    177, 175, 178, 179, 177, 179, 176, 175, 179, 175, 175, 176, 178, 177,
    177, 175, 177, 179, 179, 176, 175, 177, 178, 179, 176, 179, 175, 175,
    178, 179, 177, 177, 176, 178, 177, 178, 178, 177, 176, 177, 176, 179,
    176, 175, 176, 177, 175, 177, 178, 176, 175, 175, 179, 177, 175, 175,
    178, 177, 179, 178, 175, 175, 175 ]
RHandPositionsY: [ 277, 280, 276, 275, 276, 279, 275, 276, 276, 278, 274,
    277, 276, 277, 274, 275, 274, 274, 275, 275, 274, 273, 274, 277, 273,
    273, 277, 277, 273, 274, 275, 273, 276, 276, 274, 274, 274, 277, 277,
    274, 276, 274, 275, 273, 276, 276, 277, 276, 276, 275, 275, 273, 276,
    273, 275, 273, 275, 274, 277, 273, 275, 275, 277, 274, 275, 275, 273,
    273, 274, 273, 273, 274, 277, 276, 273, 277, 277, 274, 277, 274, 277,
    274, 276, 275, 273, 277, 273, 273 ]
