%YAML:1.0
---
videoName: "LHShake22.mp4"
gestureLabel: 2
fps: 29
pixelSizeInCmTemp: 3.5220588235294115e-01
faceCenterPointX: 261
faceCenterPointY: 79
LHandPositionsX: [ 334, 346, 349, 353, 355, 357, 357, 355, 348, 336, 328,
    321, 320, 318, 319, 325, 332, 337, 345, 342, 345, 343, 337, 329, 322,
    325, 326, 325, 330, 337, 341, 342, 344, 338, 332, 322, 315, 316, 320,
    322, 327, 336, 338, 334, 336, 332, 324, 319, 318, 322, 321, 327, 338,
    344, 343, 344, 343, 334, 325, 320, 320, 318, 316, 324, 331, 337, 334,
    334, 337, 332, 326, 323, 322, 320, 320, 321, 321, 325, 326, 323, 325,
    326, 326, 326, 327, 324, 326, 326 ]
LHandPositionsY: [ 262, 254, 248, 238, 233, 220, 205, 204, 195, 186, 186,
    186, 187, 183, 184, 181, 177, 174, 173, 173, 173, 170, 174, 177, 178,
    178, 176, 177, 175, 173, 173, 172, 170, 173, 173, 177, 183, 183, 181,
    184, 179, 178, 176, 175, 176, 178, 178, 182, 182, 179, 180, 183, 178,
    176, 178, 174, 177, 178, 179, 182, 184, 184, 179, 178, 180, 176, 179,
    178, 182, 190, 197, 203, 210, 219, 228, 238, 239, 244, 245, 248, 245,
    250, 247, 250, 249, 251, 247, 249 ]
RHandPositionsX: [ 189, 193, 191, 193, 190, 190, 189, 189, 193, 191, 190,
    189, 189, 193, 191, 193, 192, 191, 193, 189, 193, 189, 192, 191, 189,
    190, 191, 191, 193, 191, 190, 191, 189, 189, 189, 192, 191, 192, 192,
    190, 190, 193, 193, 192, 192, 190, 189, 192, 192, 191, 189, 190, 189,
    190, 189, 189, 192, 193, 190, 191, 193, 189, 192, 191, 192, 190, 190,
    193, 193, 192, 189, 192, 191, 192, 189, 190, 191, 190, 193, 191, 189,
    192, 189, 192, 190, 193, 193, 193 ]
RHandPositionsY: [ 266, 267, 270, 270, 270, 267, 267, 266, 266, 267, 267,
    270, 270, 269, 270, 267, 266, 270, 266, 266, 270, 268, 270, 270, 270,
    266, 266, 266, 270, 266, 269, 267, 270, 269, 268, 267, 267, 268, 269,
    268, 269, 269, 266, 270, 268, 266, 270, 268, 268, 266, 268, 270, 267,
    270, 266, 266, 270, 269, 267, 267, 268, 269, 269, 270, 268, 270, 270,
    269, 270, 269, 267, 267, 270, 266, 267, 268, 269, 267, 266, 268, 269,
    269, 270, 267, 267, 266, 270, 266 ]
