%YAML:1.0
---
videoName: "LHShake14.mp4"
gestureLabel: 2
fps: 29
pixelSizeInCmTemp: 3.2808219178082193e-01
faceCenterPointX: 256
faceCenterPointY: 64
LHandPositionsX: [ 349, 354, 350, 359, 368, 383, 391, 387, 389, 382, 368,
    359, 361, 357, 360, 368, 382, 382, 382, 380, 374, 365, 353, 353, 354,
    358, 366, 381, 390, 386, 382, 376, 368, 356, 358, 354, 361, 372, 382,
    382, 384, 379, 371, 363, 358, 361, 361, 365, 374, 380, 375, 378, 373,
    365, 356, 347, 342, 337, 332, 330, 330, 332, 329, 328, 332, 333, 331,
    329, 329, 328, 331, 332, 331, 328, 331, 327, 329, 327, 327, 331, 331,
    327, 327, 328, 328, 330, 331, 331 ]
LHandPositionsY: [ 147, 145, 144, 147, 143, 139, 142, 139, 143, 142, 147,
    149, 149, 148, 146, 142, 139, 139, 139, 139, 139, 143, 145, 147, 145,
    146, 144, 143, 143, 142, 139, 142, 144, 148, 147, 150, 144, 147, 145,
    142, 141, 139, 141, 142, 143, 141, 143, 141, 139, 143, 142, 144, 149,
    152, 160, 169, 177, 188, 199, 212, 223, 231, 236, 239, 243, 246, 248,
    251, 251, 248, 249, 251, 251, 251, 251, 251, 248, 252, 249, 251, 249,
    251, 250, 251, 251, 248, 252, 250 ]
RHandPositionsX: [ 185, 183, 184, 182, 181, 183, 181, 182, 182, 181, 180,
    179, 178, 178, 181, 177, 178, 177, 180, 175, 175, 176, 176, 177, 176,
    178, 177, 179, 176, 179, 178, 177, 176, 175, 177, 179, 179, 177, 177,
    179, 178, 175, 177, 179, 176, 178, 177, 175, 179, 177, 178, 179, 176,
    179, 179, 175, 179, 179, 178, 179, 175, 176, 179, 179, 177, 178, 178,
    179, 175, 178, 177, 175, 175, 175, 176, 177, 177, 178, 179, 176, 177,
    176, 177, 177, 176, 177, 176, 176 ]
RHandPositionsY: [ 277, 278, 278, 276, 278, 278, 279, 275, 276, 278, 278,
    277, 276, 275, 275, 277, 276, 275, 276, 275, 276, 274, 277, 273, 274,
    277, 276, 277, 274, 275, 273, 277, 273, 276, 273, 277, 277, 273, 277,
    278, 274, 274, 273, 273, 277, 274, 277, 277, 274, 276, 275, 274, 277,
    274, 277, 274, 276, 277, 277, 275, 274, 276, 273, 275, 274, 275, 277,
    277, 274, 277, 275, 276, 277, 274, 276, 275, 277, 273, 276, 274, 275,
    275, 275, 275, 276, 276, 277, 276 ]
