%YAML:1.0
---
videoName: "LHShake18.mp4"
gestureLabel: 2
fps: 29
pixelSizeInCmTemp: 3.4214285714285714e-01
faceCenterPointX: 253
faceCenterPointY: 65
LHandPositionsX: [ 311, 313, 311, 313, 313, 313, 312, 311, 312, 314, 311,
    313, 314, 314, 314, 315, 313, 314, 325, 326, 332, 337, 342, 346, 352,
    349, 336, 323, 314, 299, 301, 304, 307, 311, 309, 315, 313, 306, 297,
    293, 292, 300, 308, 316, 311, 313, 308, 298, 290, 287, 288, 297, 308,
    315, 310, 310, 307, 293, 285, 286, 294, 303, 309, 306, 311, 306, 305,
    295, 294, 299, 305, 307, 310, 311, 314, 309, 308, 306, 304, 305, 304,
    308, 306, 309, 311, 309, 311, 311 ]
LHandPositionsY: [ 250, 246, 246, 249, 247, 246, 246, 246, 250, 249, 249,
    248, 248, 249, 249, 250, 247, 249, 243, 235, 219, 202, 187, 176, 169,
    159, 151, 144, 144, 140, 139, 142, 141, 141, 138, 141, 144, 146, 146,
    139, 135, 145, 147, 144, 147, 144, 150, 145, 143, 140, 140, 148, 146,
    149, 148, 150, 150, 141, 146, 145, 149, 152, 155, 150, 150, 154, 157,
    149, 147, 152, 154, 153, 152, 156, 161, 168, 174, 186, 195, 209, 216,
    219, 220, 234, 235, 232, 231, 231 ]
RHandPositionsX: [ 198, 197, 195, 196, 197, 197, 197, 199, 199, 196, 198,
    199, 196, 199, 195, 198, 195, 198, 196, 196, 196, 196, 196, 195, 196,
    195, 197, 197, 197, 196, 197, 197, 199, 196, 199, 199, 197, 199, 198,
    198, 197, 197, 197, 198, 197, 196, 199, 196, 196, 197, 197, 195, 198,
    199, 195, 198, 196, 198, 199, 198, 198, 197, 196, 199, 195, 195, 197,
    198, 199, 196, 195, 196, 194, 198, 195, 198, 196, 195, 196, 198, 195,
    197, 196, 196, 194, 195, 195, 198 ]
RHandPositionsY: [ 266, 264, 263, 262, 264, 266, 268, 263, 265, 266, 266,
    267, 263, 266, 266, 264, 263, 265, 266, 264, 265, 264, 266, 267, 263,
    267, 267, 264, 262, 264, 262, 263, 267, 266, 263, 267, 267, 267, 268,
    266, 264, 266, 266, 268, 267, 264, 265, 266, 267, 268, 265, 268, 265,
    267, 267, 264, 266, 265, 265, 268, 265, 265, 265, 267, 268, 267, 264,
    267, 266, 265, 266, 268, 268, 268, 268, 268, 265, 267, 267, 264, 265,
    264, 268, 264, 268, 265, 264, 268 ]
