%YAML:1.0
---
videoName: "LHShake20.mp4"
gestureLabel: 2
fps: 30
pixelSizeInCmTemp: 3.3732394366197183e-01
faceCenterPointX: 249
faceCenterPointY: 62
LHandPositionsX: [ 315, 313, 314, 314, 314, 317, 314, 314, 316, 315, 322,
    328, 336, 338, 340, 340, 328, 318, 315, 316, 311, 313, 318, 328, 337,
    340, 336, 336, 329, 324, 320, 318, 319, 325, 332, 340, 340, 341, 330,
    324, 325, 324, 323, 325, 333, 329, 327, 328, 326, 321, 318, 322, 322,
    326, 322, 327, 328, 324, 322, 320, 320, 319, 318, 320, 319, 320, 320,
    319, 316, 317, 314, 312, 315, 314, 312, 312, 314, 312, 316, 314, 315,
    312, 313, 312, 315, 315, 314, 315, 316, 313, 314 ]
LHandPositionsY: [ 247, 248, 250, 250, 246, 248, 246, 243, 237, 226, 215,
    203, 188, 178, 172, 165, 161, 160, 161, 160, 159, 154, 148, 148, 145,
    142, 145, 143, 140, 147, 147, 147, 148, 147, 146, 140, 139, 141, 145,
    148, 147, 148, 146, 142, 141, 140, 138, 142, 144, 147, 148, 149, 148,
    144, 140, 136, 137, 137, 136, 144, 143, 144, 146, 149, 149, 150, 158,
    166, 177, 188, 202, 216, 217, 221, 225, 225, 231, 228, 229, 233, 233,
    234, 235, 236, 237, 239, 239, 239, 236, 240, 240 ]
RHandPositionsX: [ 179, 181, 179, 180, 180, 182, 181, 179, 183, 179, 182,
    182, 181, 181, 179, 179, 183, 181, 183, 179, 182, 183, 183, 182, 179,
    181, 181, 183, 181, 179, 181, 183, 183, 182, 182, 182, 183, 179, 179,
    179, 180, 180, 179, 183, 182, 180, 183, 181, 181, 180, 182, 179, 181,
    179, 182, 181, 183, 182, 181, 181, 181, 183, 181, 180, 179, 179, 181,
    180, 181, 182, 181, 183, 179, 183, 182, 180, 179, 178, 180, 180, 180,
    182, 180, 181, 181, 181, 178, 181, 182, 182, 180 ]
RHandPositionsY: [ 255, 253, 255, 253, 257, 255, 253, 257, 253, 256, 256,
    256, 255, 256, 253, 254, 256, 253, 255, 256, 255, 256, 254, 254, 256,
    254, 252, 256, 256, 254, 255, 252, 254, 255, 255, 254, 253, 255, 251,
    255, 254, 251, 252, 254, 255, 251, 254, 252, 251, 254, 253, 253, 253,
    252, 252, 252, 253, 251, 254, 252, 255, 251, 251, 252, 252, 251, 251,
    252, 255, 254, 253, 253, 251, 254, 251, 253, 253, 251, 253, 252, 251,
    251, 253, 255, 251, 252, 252, 252, 254, 253, 252 ]
