%YAML:1.0
---
videoName: "LHShake23.mp4"
gestureLabel: 2
fps: 30
pixelSizeInCmTemp: 3.3263888888888887e-01
faceCenterPointX: 259
faceCenterPointY: 79
LHandPositionsX: [ 331, 330, 330, 332, 332, 330, 332, 330, 333, 334, 332,
    336, 341, 345, 347, 362, 367, 373, 372, 377, 380, 378, 373, 365, 357,
    349, 354, 350, 356, 362, 372, 379, 383, 382, 382, 378, 370, 360, 362,
    361, 360, 368, 376, 383, 382, 382, 380, 371, 363, 357, 353, 351, 354,
    362, 373, 383, 382, 379, 381, 372, 368, 355, 359, 359, 358, 366, 375,
    381, 380, 378, 379, 377, 371, 363, 354, 352, 346, 343, 342, 337, 336,
    337, 336, 338, 335, 337, 334, 338, 335, 335, 335 ]
LHandPositionsY: [ 265, 265, 266, 265, 264, 266, 265, 264, 263, 262, 257,
    253, 243, 233, 227, 211, 202, 195, 192, 188, 182, 171, 167, 164, 169,
    167, 168, 170, 167, 168, 164, 161, 159, 157, 159, 162, 161, 163, 166,
    162, 167, 162, 160, 160, 157, 159, 161, 158, 159, 165, 166, 168, 167,
    165, 164, 164, 164, 163, 164, 161, 167, 167, 166, 166, 168, 171, 168,
    167, 167, 167, 171, 172, 175, 186, 192, 204, 213, 228, 240, 247, 247,
    252, 253, 252, 252, 256, 253, 256, 253, 254, 255 ]
RHandPositionsX: [ 183, 184, 184, 185, 184, 183, 182, 182, 184, 185, 186,
    185, 182, 184, 183, 185, 186, 186, 186, 184, 183, 186, 184, 186, 184,
    182, 182, 182, 186, 183, 184, 184, 185, 184, 182, 184, 183, 183, 186,
    185, 182, 184, 183, 185, 185, 184, 182, 184, 186, 183, 183, 183, 184,
    186, 186, 185, 184, 182, 182, 185, 183, 182, 186, 186, 185, 186, 185,
    183, 185, 184, 186, 184, 186, 183, 182, 186, 184, 184, 185, 185, 186,
    182, 182, 182, 186, 183, 182, 186, 184, 183, 186 ]
RHandPositionsY: [ 270, 273, 271, 272, 270, 272, 273, 270, 270, 270, 274,
    272, 270, 271, 272, 271, 274, 270, 270, 273, 270, 270, 270, 272, 274,
    272, 274, 271, 272, 271, 273, 270, 272, 273, 270, 270, 273, 272, 272,
    271, 271, 274, 272, 274, 271, 272, 271, 273, 273, 273, 273, 273, 274,
    272, 272, 270, 273, 273, 271, 271, 271, 273, 274, 271, 271, 271, 271,
    272, 270, 273, 273, 270, 270, 274, 272, 272, 273, 272, 274, 273, 270,
    272, 270, 274, 270, 272, 274, 273, 271, 272, 270 ]
