%YAML:1.0
---
videoName: "LHShake09.mp4"
gestureLabel: 2
fps: 29
pixelSizeInCmTemp: 3.3263888888888887e-01
faceCenterPointX: 259
faceCenterPointY: 67
LHandPositionsX: [ 336, 336, 339, 340, 340, 345, 351, 354, 352, 356, 361,
    365, 367, 367, 366, 363, 360, 351, 342, 330, 332, 335, 331, 331, 335,
    345, 348, 351, 349, 350, 353, 350, 343, 336, 338, 336, 338, 343, 353,
    360, 369, 365, 366, 361, 354, 344, 337, 335, 338, 337, 337, 347, 354,
    352, 353, 355, 357, 352, 342, 334, 333, 337, 336, 337, 344, 349, 356,
    354, 352, 352, 350, 341, 335, 333, 327, 318, 317, 320, 322, 325, 329,
    330, 331, 331, 333, 333, 332, 331 ]
LHandPositionsY: [ 271, 271, 275, 275, 275, 272, 267, 258, 251, 235, 235,
    216, 202, 199, 183, 175, 168, 161, 157, 155, 160, 159, 158, 154, 150,
    151, 147, 146, 148, 147, 149, 149, 150, 152, 155, 152, 152, 156, 155,
    154, 153, 151, 153, 156, 155, 157, 157, 155, 158, 156, 156, 152, 155,
    153, 152, 152, 150, 149, 153, 152, 155, 151, 154, 155, 155, 151, 150,
    149, 148, 152, 153, 156, 161, 172, 179, 194, 206, 218, 233, 245, 244,
    250, 251, 256, 256, 260, 258, 257 ]
RHandPositionsX: [ 180, 180, 178, 180, 176, 178, 176, 178, 177, 177, 176,
    178, 177, 178, 179, 180, 180, 179, 180, 177, 179, 180, 177, 180, 176,
    178, 177, 180, 180, 178, 177, 178, 176, 178, 177, 180, 179, 180, 179,
    178, 179, 176, 176, 179, 179, 176, 178, 179, 180, 178, 179, 180, 176,
    177, 176, 177, 177, 179, 180, 180, 177, 176, 180, 179, 179, 179, 176,
    178, 179, 179, 179, 176, 177, 177, 179, 176, 177, 180, 176, 176, 178,
    176, 179, 179, 178, 176, 178, 176 ]
RHandPositionsY: [ 278, 277, 275, 279, 275, 275, 275, 277, 276, 279, 279,
    279, 277, 279, 276, 276, 276, 279, 279, 275, 278, 279, 277, 279, 278,
    278, 276, 275, 278, 276, 278, 277, 275, 276, 276, 276, 277, 278, 275,
    279, 275, 275, 279, 277, 275, 277, 279, 279, 275, 276, 275, 277, 278,
    278, 279, 279, 275, 276, 279, 275, 278, 278, 276, 278, 277, 279, 276,
    275, 277, 279, 275, 277, 278, 277, 276, 277, 279, 279, 277, 279, 277,
    275, 278, 278, 277, 279, 279, 279 ]
