%YAML:1.0
---
videoName: "LHShake17.mp4"
gestureLabel: 2
fps: 30
pixelSizeInCmTemp: 3.3732394366197183e-01
faceCenterPointX: 248
faceCenterPointY: 64
LHandPositionsX: [ 324, 321, 325, 325, 323, 324, 323, 324, 330, 335, 342,
    356, 366, 377, 388, 398, 404, 407, 401, 389, 375, 362, 353, 352, 350,
    358, 372, 380, 379, 384, 376, 363, 351, 345, 346, 347, 357, 366, 366,
    368, 367, 364, 355, 352, 353, 357, 366, 370, 376, 372, 372, 369, 363,
    350, 349, 346, 348, 356, 360, 363, 361, 369, 366, 355, 350, 342, 338,
    339, 336, 334, 333, 334, 333, 332, 331, 328, 328, 329, 326, 324, 324,
    325, 326, 323, 326, 326, 324, 323, 324, 327, 324 ]
LHandPositionsY: [ 251, 250, 247, 247, 249, 249, 247, 248, 244, 230, 216,
    202, 187, 174, 160, 143, 132, 123, 115, 110, 124, 132, 137, 133, 137,
    133, 124, 119, 119, 120, 120, 129, 137, 139, 140, 137, 125, 119, 118,
    119, 120, 115, 129, 133, 134, 136, 126, 119, 120, 124, 120, 120, 129,
    139, 144, 140, 137, 126, 122, 126, 124, 121, 122, 129, 134, 145, 152,
    161, 173, 181, 197, 209, 221, 222, 223, 226, 232, 233, 233, 235, 238,
    236, 240, 237, 239, 236, 237, 237, 235, 236, 235 ]
RHandPositionsX: [ 177, 180, 177, 180, 180, 177, 179, 176, 179, 176, 177,
    180, 178, 178, 177, 180, 179, 176, 177, 178, 176, 176, 180, 180, 180,
    178, 178, 175, 177, 177, 179, 175, 178, 175, 177, 175, 176, 176, 174,
    174, 178, 177, 178, 175, 177, 177, 175, 177, 178, 175, 178, 174, 175,
    177, 176, 175, 174, 174, 176, 174, 177, 174, 175, 175, 177, 177, 176,
    178, 175, 177, 174, 176, 175, 175, 178, 174, 176, 176, 178, 174, 177,
    177, 178, 175, 176, 174, 174, 176, 176, 176, 175 ]
RHandPositionsY: [ 259, 259, 258, 258, 258, 259, 256, 260, 257, 259, 260,
    256, 258, 260, 258, 256, 259, 257, 257, 259, 259, 258, 257, 260, 257,
    257, 258, 256, 258, 256, 258, 259, 258, 256, 257, 257, 258, 257, 257,
    256, 260, 257, 260, 257, 256, 258, 260, 257, 259, 259, 258, 260, 257,
    258, 256, 257, 256, 257, 260, 259, 260, 258, 256, 257, 256, 260, 256,
    260, 260, 257, 256, 259, 260, 259, 257, 256, 258, 256, 260, 256, 257,
    260, 256, 257, 260, 256, 258, 256, 257, 258, 258 ]
