%YAML:1.0
---
videoName: "LHShake13.mp4"
gestureLabel: 2
fps: 29
pixelSizeInCmTemp: 3.4214285714285714e-01
faceCenterPointX: 257
faceCenterPointY: 76
LHandPositionsX: [ 324, 327, 327, 327, 324, 326, 324, 323, 328, 327, 331,
    334, 342, 353, 359, 372, 379, 389, 389, 391, 386, 375, 363, 352, 340,
    346, 341, 344, 351, 357, 375, 369, 363, 362, 358, 346, 340, 343, 340,
    351, 360, 366, 368, 365, 359, 351, 344, 346, 346, 348, 355, 366, 364,
    365, 364, 357, 348, 348, 346, 342, 349, 356, 366, 372, 369, 364, 358,
    356, 349, 341, 333, 325, 323, 322, 323, 327, 328, 326, 328, 326, 327,
    327, 326, 324, 324, 326, 326, 326 ]
LHandPositionsY: [ 263, 262, 259, 259, 260, 263, 260, 261, 259, 258, 258,
    246, 236, 228, 209, 199, 186, 172, 165, 158, 154, 152, 155, 156, 156,
    155, 156, 155, 155, 147, 143, 139, 140, 147, 150, 154, 158, 158, 159,
    157, 156, 153, 153, 158, 160, 157, 163, 159, 161, 159, 156, 157, 157,
    156, 157, 161, 165, 165, 162, 161, 159, 157, 155, 154, 150, 147, 146,
    150, 156, 164, 167, 181, 190, 207, 223, 234, 246, 247, 243, 245, 248,
    245, 246, 250, 246, 246, 250, 246 ]
RHandPositionsX: [ 182, 182, 181, 181, 184, 183, 183, 184, 184, 184, 181,
    185, 181, 185, 182, 185, 181, 182, 183, 181, 181, 185, 183, 183, 184,
    182, 182, 184, 181, 182, 183, 185, 184, 182, 181, 183, 184, 182, 181,
    183, 185, 182, 185, 182, 183, 182, 185, 182, 183, 185, 183, 183, 182,
    185, 182, 185, 184, 185, 183, 182, 181, 182, 184, 183, 181, 181, 182,
    183, 185, 182, 185, 182, 184, 183, 184, 181, 184, 184, 182, 185, 185,
    182, 181, 182, 182, 181, 184, 185 ]
RHandPositionsY: [ 269, 269, 268, 267, 271, 268, 271, 268, 268, 269, 268,
    268, 270, 270, 269, 268, 270, 270, 271, 270, 267, 269, 271, 270, 267,
    271, 269, 267, 268, 271, 271, 270, 270, 268, 271, 270, 271, 267, 271,
    268, 269, 268, 271, 270, 271, 270, 271, 271, 271, 270, 267, 270, 271,
    269, 271, 270, 271, 271, 269, 271, 268, 269, 267, 271, 269, 268, 268,
    270, 269, 270, 269, 268, 271, 271, 267, 269, 268, 271, 269, 267, 268,
    267, 269, 269, 269, 267, 269, 268 ]
