%YAML:1.0
---
videoName: "LHShake14.mp4"
gestureLabel: 2
fps: 29
pixelSizeInCmTemp: 3.2808219178082193e-01
faceCenterPointX: 256
faceCenterPointY: 64
LHandPositionsX: [ 351, 351, 352, 355, 366, 380, 392, 390, 389, 381, 371,
    359, 361, 358, 359, 372, 383, 382, 384, 380, 374, 364, 356, 354, 352,
    359, 367, 379, 388, 385, 385, 376, 370, 359, 360, 355, 362, 371, 381,
    379, 381, 376, 370, 363, 360, 360, 358, 366, 370, 376, 377, 379, 371,
    365, 355, 348, 341, 339, 333, 332, 330, 328, 327, 330, 331, 329, 329,
    331, 329, 330, 331, 328, 330, 328, 328, 327, 328, 327, 328, 330, 328,
    327, 329, 331, 327, 330, 327, 330 ]
LHandPositionsY: [ 149, 144, 146, 147, 139, 139, 142, 139, 140, 141, 146,
    149, 147, 149, 148, 142, 141, 138, 138, 140, 140, 145, 147, 147, 146,
    149, 144, 145, 143, 144, 139, 141, 143, 147, 147, 147, 144, 145, 142,
    142, 144, 142, 143, 144, 140, 142, 139, 139, 138, 143, 144, 145, 148,
    153, 157, 168, 177, 188, 200, 208, 221, 231, 237, 238, 243, 245, 250,
    251, 250, 248, 250, 249, 249, 251, 249, 252, 249, 249, 251, 248, 252,
    249, 252, 250, 251, 248, 249, 249 ]
RHandPositionsX: [ 183, 183, 181, 181, 183, 182, 181, 181, 181, 181, 180,
    178, 182, 178, 179, 178, 180, 180, 179, 176, 177, 175, 178, 175, 175,
    176, 177, 177, 179, 177, 175, 177, 179, 178, 175, 178, 175, 178, 179,
    180, 178, 175, 179, 179, 176, 175, 177, 177, 179, 176, 178, 178, 176,
    178, 179, 177, 179, 179, 178, 176, 178, 179, 176, 175, 177, 179, 179,
    179, 177, 177, 179, 179, 175, 176, 178, 178, 178, 179, 176, 178, 177,
    178, 177, 177, 179, 175, 178, 175 ]
RHandPositionsY: [ 278, 278, 278, 278, 279, 276, 278, 276, 279, 276, 278,
    278, 277, 276, 277, 274, 276, 274, 277, 275, 277, 277, 274, 277, 274,
    277, 273, 277, 276, 273, 277, 275, 277, 275, 273, 276, 276, 274, 274,
    275, 276, 273, 276, 275, 276, 274, 276, 273, 273, 276, 276, 274, 274,
    274, 275, 275, 273, 277, 277, 275, 277, 275, 274, 275, 274, 275, 276,
    275, 274, 276, 274, 276, 275, 276, 273, 274, 277, 275, 276, 274, 275,
    274, 276, 273, 276, 275, 276, 276 ]
