%YAML:1.0
---
videoName: "LHShake05.mp4"
gestureLabel: 2
fps: 30
pixelSizeInCmTemp: 3.2364864864864862e-01
faceCenterPointX: 252
faceCenterPointY: 81
LHandPositionsX: [ 295, 293, 294, 291, 295, 293, 291, 292, 292, 290, 294,
    296, 302, 310, 323, 331, 340, 343, 341, 342, 342, 334, 332, 332, 330,
    334, 334, 339, 340, 346, 342, 336, 333, 324, 324, 323, 326, 332, 336,
    338, 339, 332, 321, 319, 322, 323, 327, 331, 339, 337, 336, 330, 323,
    323, 323, 328, 333, 337, 341, 338, 332, 332, 333, 329, 332, 333, 341,
    340, 342, 338, 336, 323, 321, 314, 310, 305, 303, 300, 295, 295, 293,
    294, 295, 291, 295, 294, 292, 291, 295, 295, 295 ]
LHandPositionsY: [ 268, 267, 269, 269, 270, 269, 268, 266, 263, 257, 243,
    226, 214, 199, 187, 175, 166, 163, 156, 156, 154, 154, 154, 154, 155,
    153, 147, 144, 139, 136, 132, 137, 144, 148, 147, 146, 144, 142, 137,
    134, 134, 140, 143, 143, 142, 142, 141, 136, 136, 133, 134, 142, 139,
    143, 141, 141, 139, 138, 138, 139, 140, 144, 141, 144, 145, 142, 138,
    139, 139, 138, 140, 150, 161, 168, 176, 188, 199, 211, 221, 228, 234,
    237, 241, 244, 244, 249, 251, 249, 254, 258, 258 ]
RHandPositionsX: [ 214, 213, 212, 213, 213, 212, 214, 214, 214, 211, 211,
    210, 210, 210, 210, 212, 211, 212, 211, 209, 209, 208, 211, 209, 210,
    209, 207, 208, 208, 210, 208, 210, 209, 210, 210, 209, 209, 208, 210,
    210, 210, 206, 206, 209, 209, 210, 206, 208, 207, 207, 208, 210, 206,
    209, 207, 206, 206, 207, 206, 210, 209, 206, 208, 209, 208, 210, 209,
    206, 208, 206, 209, 206, 208, 209, 209, 209, 209, 207, 206, 209, 207,
    209, 207, 206, 211, 209, 210, 208, 212, 210, 210 ]
RHandPositionsY: [ 263, 264, 263, 262, 264, 266, 265, 263, 265, 264, 266,
    266, 264, 264, 262, 262, 262, 264, 265, 266, 264, 266, 264, 263, 266,
    262, 263, 262, 266, 265, 266, 262, 264, 266, 264, 261, 261, 263, 262,
    264, 265, 262, 261, 265, 264, 264, 262, 263, 262, 263, 265, 263, 262,
    261, 265, 263, 261, 262, 264, 264, 265, 263, 262, 264, 264, 262, 264,
    264, 265, 262, 261, 261, 262, 264, 265, 265, 265, 261, 265, 263, 263,
    263, 261, 261, 264, 262, 263, 261, 262, 261, 262 ]
