%YAML:1.0
---
videoName: "LHShake21.mp4"
gestureLabel: 2
fps: 29
pixelSizeInCmTemp: 3.4214285714285714e-01
faceCenterPointX: 266
faceCenterPointY: 79
LHandPositionsX: [ 349, 353, 367, 372, 383, 396, 400, 406, 420, 416, 414,
    402, 391, 379, 373, 378, 374, 378, 386, 403, 399, 399, 396, 391, 384,
    375, 368, 374, 373, 369, 376, 390, 388, 386, 384, 383, 377, 371, 366,
    365, 367, 368, 376, 387, 387, 383, 399, 391, 383, 374, 366, 363, 364,
    369, 375, 377, 387, 383, 383, 389, 386, 381, 373, 367, 355, 352, 345,
    341, 335, 337, 335, 336, 334, 334, 332, 331, 331, 330, 331, 330, 330,
    332, 332, 334, 331, 332, 334, 332 ]
LHandPositionsY: [ 269, 262, 247, 225, 209, 190, 184, 171, 152, 152, 139,
    132, 134, 134, 132, 134, 129, 131, 128, 128, 130, 132, 132, 133, 135,
    134, 142, 142, 141, 136, 133, 132, 132, 135, 136, 136, 138, 146, 147,
    145, 148, 142, 141, 139, 136, 140, 135, 138, 142, 147, 152, 155, 152,
    156, 153, 143, 141, 141, 139, 147, 152, 162, 169, 178, 190, 200, 212,
    224, 237, 239, 242, 245, 250, 249, 249, 252, 252, 250, 252, 250, 252,
    250, 250, 251, 253, 253, 254, 254 ]
RHandPositionsX: [ 184, 187, 185, 185, 187, 187, 185, 184, 188, 186, 186,
    188, 188, 186, 187, 187, 184, 185, 184, 188, 185, 185, 184, 186, 186,
    186, 186, 185, 187, 186, 185, 184, 188, 186, 186, 188, 188, 187, 187,
    188, 188, 186, 184, 185, 185, 185, 184, 187, 187, 188, 186, 185, 185,
    185, 186, 187, 187, 184, 187, 184, 185, 188, 187, 184, 188, 185, 187,
    186, 185, 185, 186, 186, 184, 187, 188, 188, 187, 188, 185, 185, 185,
    187, 186, 186, 184, 187, 185, 185 ]
RHandPositionsY: [ 267, 269, 268, 266, 269, 265, 266, 268, 267, 268, 268,
    269, 268, 268, 266, 267, 265, 268, 269, 265, 269, 266, 269, 269, 268,
    265, 268, 269, 267, 267, 269, 266, 269, 268, 268, 269, 269, 268, 269,
    265, 266, 269, 267, 265, 267, 269, 267, 265, 266, 265, 265, 269, 266,
    267, 267, 269, 265, 266, 265, 268, 268, 269, 266, 265, 265, 266, 265,
    265, 269, 268, 265, 267, 268, 269, 266, 269, 266, 268, 265, 268, 269,
    269, 267, 267, 267, 266, 269, 267 ]
