%YAML:1.0
---
videoName: "LHShake02.mp4"
gestureLabel: 2
fps: 29
pixelSizeInCmTemp: 3.3263888888888887e-01
faceCenterPointX: 249
faceCenterPointY: 82
LHandPositionsX: [ 362, 360, 360, 368, 371, 379, 388, 384, 389, 389, 386,
    378, 371, 365, 364, 363, 362, 367, 371, 378, 381, 385, 381, 378, 375,
    368, 368, 366, 363, 363, 369, 371, 377, 376, 375, 379, 379, 375, 375,
    367, 365, 360, 359, 359, 360, 363, 363, 372, 371, 370, 371, 365, 365,
    359, 357, 358, 364, 366, 369, 373, 370, 372, 365, 362, 360, 351, 349,
    345, 343, 343, 345, 342, 342, 343, 344, 342, 346, 345, 348, 350, 347,
    347, 350, 346, 348, 348, 348, 349 ]
LHandPositionsY: [ 124, 119, 117, 116, 112, 110, 112, 110, 112, 110, 110,
    108, 110, 114, 113, 115, 112, 110, 109, 104, 103, 103, 102, 104, 105,
    108, 108, 107, 108, 106, 106, 104, 102, 101, 97, 96, 94, 97, 96, 99,
    101, 103, 100, 102, 103, 105, 100, 101, 101, 100, 103, 101, 109, 108,
    107, 108, 106, 108, 105, 103, 103, 102, 104, 105, 123, 138, 147, 160,
    166, 168, 176, 186, 191, 200, 204, 211, 216, 222, 225, 229, 231, 231,
    231, 231, 231, 234, 237, 236 ]
RHandPositionsX: [ 153, 156, 155, 156, 156, 153, 155, 156, 156, 153, 157,
    155, 155, 156, 155, 156, 153, 157, 153, 153, 153, 155, 156, 156, 154,
    153, 155, 156, 153, 156, 157, 154, 157, 154, 157, 154, 153, 156, 153,
    153, 154, 157, 156, 156, 154, 155, 154, 157, 154, 154, 155, 154, 157,
    153, 157, 155, 156, 155, 157, 157, 153, 156, 155, 157, 157, 157, 153,
    155, 157, 155, 153, 154, 157, 156, 155, 156, 154, 153, 156, 153, 155,
    156, 157, 155, 153, 156, 153, 156 ]
RHandPositionsY: [ 261, 263, 262, 264, 262, 261, 262, 263, 260, 262, 259,
    258, 261, 260, 260, 260, 260, 261, 260, 262, 261, 259, 260, 258, 261,
    260, 261, 261, 258, 259, 261, 262, 258, 260, 261, 261, 261, 262, 260,
    258, 262, 260, 258, 259, 259, 261, 262, 262, 258, 259, 259, 261, 258,
    260, 258, 260, 260, 259, 260, 262, 258, 262, 261, 262, 260, 260, 262,
    260, 258, 258, 259, 260, 259, 261, 261, 261, 260, 260, 258, 262, 261,
    262, 260, 260, 262, 258, 262, 261 ]
