%YAML:1.0
---
videoName: "LHShake06.mp4"
gestureLabel: 2
fps: 29
pixelSizeInCmTemp: 3.3732394366197183e-01
faceCenterPointX: 250
faceCenterPointY: 80
LHandPositionsX: [ 384, 385, 389, 385, 382, 379, 377, 372, 372, 372, 376,
    383, 387, 393, 395, 394, 396, 387, 376, 378, 374, 377, 386, 390, 391,
    393, 393, 388, 382, 379, 381, 379, 386, 389, 388, 392, 388, 383, 380,
    379, 379, 380, 383, 388, 390, 388, 389, 384, 379, 378, 379, 383, 384,
    392, 395, 397, 396, 397, 394, 387, 377, 369, 361, 358, 353, 347, 336,
    326, 317, 312, 308, 306, 304, 303, 304, 300, 302, 300, 302, 301, 302,
    298, 298, 301, 300, 302, 299, 298 ]
LHandPositionsY: [ 150, 145, 145, 141, 140, 139, 136, 136, 139, 135, 131,
    127, 128, 126, 128, 128, 128, 132, 135, 132, 132, 132, 129, 132, 128,
    127, 125, 126, 128, 128, 128, 131, 130, 125, 123, 127, 126, 126, 128,
    127, 125, 129, 128, 124, 125, 126, 126, 124, 125, 125, 124, 127, 127,
    124, 120, 121, 121, 124, 126, 126, 130, 140, 145, 149, 160, 176, 190,
    206, 216, 225, 230, 233, 236, 239, 243, 249, 250, 250, 251, 254, 251,
    255, 254, 256, 254, 255, 253, 256 ]
RHandPositionsX: [ 210, 212, 211, 212, 209, 211, 212, 212, 210, 212, 213,
    212, 211, 211, 212, 211, 209, 210, 212, 210, 210, 210, 210, 209, 210,
    213, 209, 211, 210, 210, 211, 210, 211, 209, 211, 210, 212, 209, 210,
    210, 211, 212, 210, 208, 208, 207, 208, 209, 208, 209, 210, 207, 207,
    211, 207, 209, 210, 211, 209, 209, 210, 207, 210, 209, 209, 211, 209,
    210, 211, 209, 208, 208, 209, 208, 208, 210, 208, 210, 211, 208, 208,
    210, 212, 209, 213, 212, 213, 213 ]
RHandPositionsY: [ 268, 270, 271, 267, 271, 271, 270, 268, 269, 270, 268,
    268, 270, 268, 268, 267, 269, 266, 266, 269, 268, 265, 268, 267, 266,
    267, 268, 268, 268, 265, 267, 266, 265, 265, 265, 269, 267, 266, 269,
    267, 268, 266, 269, 265, 266, 269, 266, 267, 267, 269, 268, 265, 266,
    269, 265, 269, 267, 269, 267, 266, 268, 267, 265, 269, 267, 268, 267,
    267, 266, 265, 266, 265, 265, 265, 269, 269, 269, 268, 268, 267, 266,
    266, 266, 265, 267, 266, 267, 267 ]
