%YAML:1.0
---
videoName: "LHShake16.mp4"
gestureLabel: 2
fps: 30
pixelSizeInCmTemp: 3.3732394366197183e-01
faceCenterPointX: 247
faceCenterPointY: 66
LHandPositionsX: [ 323, 322, 325, 329, 329, 335, 344, 353, 361, 375, 382,
    392, 401, 408, 407, 402, 400, 393, 377, 361, 357, 356, 363, 369, 380,
    401, 394, 390, 391, 383, 372, 367, 368, 370, 370, 381, 389, 386, 404,
    396, 384, 373, 366, 369, 367, 368, 374, 385, 401, 409, 395, 384, 373,
    365, 361, 363, 364, 368, 374, 391, 388, 386, 390, 380, 373, 364, 357,
    349, 346, 334, 335, 334, 329, 331, 329, 330, 328, 328, 328, 329, 329,
    330, 325, 326, 325, 329, 326, 326, 324, 328, 324 ]
LHandPositionsY: [ 253, 256, 253, 252, 253, 247, 232, 222, 210, 195, 183,
    166, 153, 150, 141, 135, 121, 117, 116, 113, 120, 121, 126, 118, 116,
    114, 118, 116, 117, 117, 121, 129, 132, 136, 126, 120, 117, 121, 121,
    118, 119, 128, 135, 131, 135, 136, 129, 124, 125, 123, 124, 128, 136,
    142, 145, 145, 148, 144, 136, 129, 127, 130, 124, 131, 142, 150, 159,
    172, 183, 199, 207, 217, 223, 225, 230, 234, 236, 235, 237, 241, 238,
    241, 240, 241, 245, 245, 245, 242, 244, 242, 245 ]
RHandPositionsX: [ 177, 176, 179, 178, 175, 176, 175, 179, 176, 176, 177,
    179, 178, 178, 178, 176, 177, 176, 176, 178, 179, 179, 175, 176, 176,
    177, 175, 175, 177, 178, 178, 179, 177, 178, 179, 177, 179, 176, 178,
    179, 178, 178, 179, 179, 179, 175, 175, 176, 179, 177, 176, 179, 176,
    179, 175, 178, 176, 176, 178, 179, 178, 175, 179, 178, 179, 178, 179,
    177, 176, 179, 179, 177, 179, 179, 175, 175, 176, 175, 175, 177, 179,
    176, 179, 176, 177, 176, 176, 176, 179, 177, 175 ]
RHandPositionsY: [ 258, 260, 259, 260, 258, 261, 258, 259, 260, 258, 259,
    261, 260, 262, 260, 258, 258, 258, 258, 262, 262, 262, 262, 260, 258,
    262, 261, 259, 261, 258, 258, 258, 260, 262, 261, 262, 258, 262, 260,
    260, 262, 258, 259, 259, 261, 259, 261, 261, 262, 259, 258, 261, 260,
    261, 259, 259, 259, 262, 261, 260, 259, 258, 262, 261, 259, 262, 262,
    260, 259, 261, 259, 259, 262, 261, 261, 258, 261, 261, 260, 260, 262,
    259, 260, 258, 260, 258, 261, 258, 261, 260, 259 ]
