%YAML:1.0
---
videoName: "LHShake06.mp4"
gestureLabel: 2
fps: 29
pixelSizeInCmTemp: 3.3732394366197183e-01
faceCenterPointX: 250
faceCenterPointY: 80
LHandPositionsX: [ 382, 387, 388, 385, 384, 379, 374, 371, 372, 370, 377,
    382, 390, 390, 393, 397, 394, 389, 377, 374, 375, 375, 386, 391, 390,
    394, 390, 387, 385, 380, 381, 379, 384, 387, 389, 388, 388, 386, 379,
    380, 380, 382, 384, 391, 390, 390, 386, 382, 382, 380, 380, 385, 385,
    394, 398, 399, 397, 394, 394, 386, 378, 367, 358, 360, 352, 348, 339,
    325, 317, 311, 307, 307, 305, 305, 303, 303, 299, 300, 300, 302, 299,
    302, 300, 298, 300, 299, 299, 299 ]
LHandPositionsY: [ 152, 145, 144, 140, 136, 139, 136, 136, 136, 134, 133,
    127, 128, 129, 127, 127, 130, 133, 132, 136, 132, 132, 131, 128, 127,
    125, 126, 125, 126, 131, 131, 131, 126, 126, 123, 127, 126, 126, 125,
    129, 125, 129, 125, 125, 124, 124, 124, 126, 129, 125, 125, 127, 126,
    123, 121, 120, 121, 126, 124, 125, 132, 136, 144, 152, 161, 174, 189,
    208, 214, 225, 229, 234, 236, 239, 243, 246, 251, 252, 251, 252, 252,
    253, 256, 254, 253, 253, 255, 254 ]
RHandPositionsX: [ 210, 213, 213, 210, 212, 212, 209, 211, 212, 210, 211,
    209, 210, 211, 213, 211, 213, 212, 211, 212, 212, 209, 213, 213, 210,
    213, 211, 212, 212, 208, 208, 208, 212, 212, 212, 209, 209, 210, 211,
    211, 208, 212, 208, 211, 207, 210, 207, 209, 208, 209, 211, 211, 209,
    209, 209, 211, 210, 210, 207, 208, 209, 209, 209, 207, 208, 207, 207,
    208, 209, 209, 212, 211, 212, 210, 212, 210, 208, 210, 212, 209, 209,
    212, 208, 208, 209, 209, 213, 213 ]
RHandPositionsY: [ 270, 269, 270, 269, 267, 268, 268, 268, 270, 271, 270,
    269, 268, 269, 266, 268, 269, 266, 267, 268, 268, 265, 268, 265, 267,
    268, 266, 269, 267, 268, 265, 266, 266, 269, 267, 268, 269, 269, 267,
    267, 269, 265, 265, 267, 265, 269, 266, 267, 269, 265, 267, 267, 266,
    266, 265, 268, 266, 269, 265, 269, 268, 265, 266, 265, 268, 265, 267,
    267, 265, 266, 266, 266, 267, 265, 265, 266, 269, 269, 267, 266, 269,
    267, 267, 267, 268, 265, 269, 269 ]
