%YAML:1.0
---
videoName: "LHShake11.mp4"
gestureLabel: 2
fps: 29
pixelSizeInCmTemp: 3.3732394366197183e-01
faceCenterPointX: 260
faceCenterPointY: 69
LHandPositionsX: [ 387, 389, 384, 378, 366, 356, 347, 350, 345, 348, 357,
    359, 366, 362, 365, 361, 355, 349, 345, 347, 345, 350, 351, 357, 360,
    359, 362, 353, 350, 344, 346, 344, 349, 353, 352, 355, 353, 353, 349,
    343, 341, 340, 339, 340, 345, 354, 355, 356, 353, 355, 350, 345, 340,
    341, 335, 341, 346, 354, 357, 358, 359, 362, 360, 356, 348, 343, 339,
    334, 329, 327, 330, 330, 332, 334, 336, 332, 334, 335, 333, 332, 331,
    334, 331, 331, 334, 335, 332, 331 ]
LHandPositionsY: [ 174, 164, 151, 144, 142, 147, 149, 148, 145, 137, 129,
    127, 129, 127, 127, 125, 131, 138, 142, 142, 143, 136, 131, 131, 128,
    132, 132, 131, 142, 144, 144, 142, 144, 139, 135, 137, 136, 132, 136,
    142, 144, 146, 145, 143, 140, 136, 130, 133, 132, 128, 135, 140, 148,
    146, 149, 143, 143, 136, 136, 137, 141, 142, 150, 156, 165, 174, 192,
    205, 216, 229, 230, 234, 239, 240, 246, 246, 249, 246, 248, 252, 252,
    252, 249, 252, 248, 251, 252, 250 ]
RHandPositionsX: [ 182, 182, 182, 180, 182, 182, 179, 183, 183, 181, 182,
    180, 180, 183, 179, 182, 181, 181, 182, 182, 179, 182, 183, 183, 180,
    180, 180, 180, 182, 179, 179, 180, 180, 181, 180, 182, 179, 182, 180,
    183, 181, 182, 182, 179, 182, 180, 181, 183, 183, 179, 180, 182, 181,
    179, 181, 182, 181, 179, 180, 180, 182, 182, 181, 180, 181, 181, 181,
    182, 180, 183, 183, 180, 183, 182, 182, 182, 179, 179, 182, 181, 179,
    183, 179, 180, 183, 180, 182, 180 ]
RHandPositionsY: [ 277, 277, 275, 274, 277, 276, 276, 276, 277, 275, 274,
    276, 273, 277, 273, 273, 273, 275, 275, 277, 275, 276, 273, 276, 275,
    275, 276, 276, 276, 277, 274, 274, 276, 276, 276, 276, 275, 274, 276,
    275, 274, 276, 273, 274, 277, 275, 275, 277, 275, 276, 276, 274, 277,
    275, 275, 273, 273, 274, 276, 276, 276, 274, 276, 277, 276, 276, 275,
    275, 273, 276, 273, 277, 274, 277, 276, 273, 277, 275, 274, 274, 277,
    276, 274, 273, 273, 275, 273, 275 ]
