%YAML:1.0
---
videoName: "LHShake15.mp4"
gestureLabel: 2
fps: 29
pixelSizeInCmTemp: 3.3263888888888887e-01
faceCenterPointX: 252
faceCenterPointY: 65
LHandPositionsX: [ 329, 327, 331, 330, 328, 330, 328, 329, 330, 328, 336,
    340, 347, 353, 356, 362, 371, 375, 379, 382, 379, 378, 364, 360, 349,
    342, 344, 342, 348, 352, 362, 358, 360, 362, 358, 347, 332, 331, 329,
    334, 344, 355, 355, 352, 350, 355, 348, 336, 330, 329, 330, 340, 350,
    354, 351, 353, 359, 357, 341, 334, 335, 332, 332, 342, 342, 351, 352,
    347, 346, 348, 339, 333, 327, 326, 322, 322, 322, 324, 326, 323, 326,
    327, 326, 326, 325, 325, 324, 326 ]
LHandPositionsY: [ 257, 254, 255, 258, 258, 254, 257, 254, 255, 254, 244,
    228, 214, 201, 187, 171, 156, 134, 123, 118, 117, 104, 101, 104, 107,
    106, 104, 98, 100, 95, 92, 92, 93, 95, 93, 96, 98, 100, 100, 98, 97,
    91, 94, 95, 97, 99, 101, 99, 102, 100, 96, 92, 94, 97, 94, 98, 96,
    101, 102, 99, 102, 99, 101, 100, 98, 99, 102, 102, 100, 101, 107,
    120, 139, 153, 165, 181, 195, 208, 217, 229, 232, 236, 241, 237, 241,
    241, 243, 241 ]
RHandPositionsX: [ 176, 179, 175, 177, 179, 179, 176, 176, 179, 177, 178,
    175, 177, 175, 176, 177, 178, 177, 176, 178, 176, 176, 178, 175, 177,
    178, 175, 178, 175, 179, 179, 178, 179, 175, 176, 179, 179, 179, 178,
    179, 175, 179, 177, 179, 176, 178, 175, 175, 178, 179, 176, 176, 175,
    179, 177, 177, 178, 179, 178, 177, 179, 177, 177, 179, 175, 177, 176,
    177, 176, 177, 175, 178, 179, 179, 179, 179, 179, 179, 175, 177, 177,
    175, 177, 175, 175, 177, 175, 179 ]
RHandPositionsY: [ 258, 257, 260, 260, 261, 258, 258, 260, 260, 258, 258,
    258, 260, 259, 261, 260, 261, 259, 259, 257, 259, 261, 257, 258, 259,
    258, 257, 257, 257, 260, 261, 258, 260, 261, 261, 259, 257, 257, 258,
    260, 257, 257, 259, 257, 259, 260, 257, 261, 259, 258, 260, 258, 261,
    261, 260, 258, 259, 261, 258, 261, 260, 259, 259, 260, 259, 258, 260,
    258, 257, 258, 258, 261, 259, 257, 258, 258, 259, 258, 259, 258, 258,
    258, 257, 257, 261, 259, 257, 260 ]
