%YAML:1.0
---
videoName: "LHShake10.mp4"
gestureLabel: 2
fps: 29
pixelSizeInCmTemp: 3.4214285714285714e-01
faceCenterPointX: 253
faceCenterPointY: 65
LHandPositionsX: [ 334, 336, 337, 337, 335, 338, 341, 350, 353, 356, 368,
    377, 385, 390, 396, 393, 394, 384, 375, 364, 354, 353, 350, 353, 361,
    372, 381, 389, 390, 390, 390, 387, 375, 365, 355, 358, 361, 366, 370,
    373, 375, 371, 372, 368, 369, 364, 355, 346, 346, 343, 344, 354, 359,
    371, 382, 382, 382, 372, 365, 354, 348, 351, 350, 351, 355, 364, 375,
    381, 380, 379, 375, 374, 367, 363, 355, 351, 345, 342, 341, 337, 336,
    337, 334, 335, 337, 336, 333, 337 ]
LHandPositionsY: [ 271, 269, 268, 268, 269, 269, 270, 260, 253, 240, 226,
    209, 195, 177, 167, 153, 144, 135, 133, 140, 144, 148, 149, 150, 151,
    150, 139, 140, 142, 143, 144, 144, 149, 147, 150, 150, 150, 145, 139,
    133, 133, 132, 134, 133, 130, 131, 138, 145, 145, 143, 145, 146, 138,
    143, 140, 140, 144, 143, 146, 150, 151, 151, 154, 149, 150, 152, 146,
    146, 145, 145, 149, 153, 157, 164, 171, 183, 192, 209, 221, 234, 246,
    255, 255, 255, 255, 258, 256, 260 ]
RHandPositionsX: [ 174, 173, 174, 176, 172, 173, 174, 172, 172, 176, 175,
    175, 175, 172, 175, 172, 171, 171, 171, 174, 175, 175, 175, 171, 171,
    175, 173, 173, 174, 173, 172, 175, 173, 172, 173, 174, 174, 174, 171,
    174, 174, 174, 175, 171, 173, 172, 175, 173, 171, 175, 173, 173, 175,
    171, 175, 175, 174, 173, 175, 175, 171, 175, 171, 171, 172, 171, 172,
    175, 172, 174, 175, 171, 173, 173, 173, 175, 171, 173, 175, 174, 175,
    171, 171, 171, 172, 172, 175, 174 ]
RHandPositionsY: [ 278, 275, 278, 275, 278, 278, 275, 274, 278, 276, 276,
    278, 278, 274, 277, 276, 274, 276, 275, 274, 274, 278, 277, 275, 274,
    274, 276, 275, 277, 274, 276, 277, 276, 275, 276, 276, 276, 277, 274,
    278, 278, 274, 276, 277, 277, 278, 275, 274, 277, 274, 277, 276, 276,
    275, 278, 276, 275, 277, 276, 276, 275, 274, 278, 275, 278, 275, 275,
    276, 274, 274, 277, 276, 275, 274, 274, 277, 278, 275, 276, 277, 278,
    275, 275, 277, 278, 275, 277, 278 ]
