%YAML:1.0
---
videoName: "LHShake21.mp4"
gestureLabel: 2
fps: 29
pixelSizeInCmTemp: 3.4214285714285714e-01
faceCenterPointX: 266
faceCenterPointY: 79
LHandPositionsX: [ 347, 352, 366, 374, 384, 396, 397, 404, 420, 415, 417,
    400, 390, 376, 374, 376, 375, 377, 387, 402, 400, 398, 398, 393, 383,
    373, 372, 371, 370, 372, 376, 394, 391, 385, 384, 382, 374, 373, 366,
    368, 366, 371, 378, 388, 389, 386, 396, 392, 380, 373, 365, 367, 365,
    367, 377, 377, 385, 382, 385, 386, 386, 383, 371, 366, 355, 351, 342,
    340, 338, 334, 337, 333, 335, 332, 335, 333, 331, 331, 332, 334, 330,
    334, 330, 332, 333, 331, 330, 330 ]
LHandPositionsY: [ 272, 266, 244, 226, 208, 190, 182, 169, 152, 151, 137,
    132, 131, 136, 133, 134, 129, 128, 129, 127, 132, 128, 133, 135, 135,
    134, 142, 143, 144, 135, 134, 134, 134, 135, 132, 135, 135, 147, 149,
    147, 148, 146, 140, 136, 140, 136, 137, 136, 139, 150, 152, 155, 153,
    155, 153, 142, 142, 140, 140, 150, 152, 160, 171, 179, 190, 204, 215,
    226, 237, 238, 242, 248, 250, 249, 250, 250, 251, 252, 251, 254, 253,
    251, 252, 254, 252, 250, 250, 251 ]
RHandPositionsX: [ 185, 184, 184, 188, 185, 187, 186, 188, 188, 186, 185,
    184, 187, 184, 185, 185, 187, 184, 184, 188, 184, 185, 184, 184, 184,
    186, 189, 184, 185, 184, 188, 184, 187, 184, 188, 184, 186, 186, 184,
    186, 184, 185, 188, 184, 187, 185, 186, 185, 188, 186, 185, 187, 187,
    186, 184, 184, 188, 185, 186, 186, 186, 185, 185, 186, 184, 188, 184,
    188, 188, 185, 188, 185, 187, 188, 186, 184, 187, 188, 187, 187, 187,
    187, 184, 185, 184, 186, 185, 186 ]
RHandPositionsY: [ 269, 267, 267, 268, 267, 268, 269, 265, 267, 265, 267,
    269, 269, 266, 267, 265, 266, 268, 265, 266, 267, 265, 267, 269, 265,
    268, 266, 268, 268, 268, 266, 266, 266, 267, 268, 265, 268, 266, 268,
    267, 265, 266, 268, 269, 267, 267, 269, 265, 265, 269, 267, 266, 269,
    266, 266, 268, 266, 269, 268, 268, 267, 266, 268, 267, 268, 267, 266,
    268, 265, 269, 267, 265, 265, 265, 266, 268, 269, 268, 268, 269, 267,
    265, 269, 266, 268, 269, 267, 265 ]
