%YAML:1.0
---
videoName: "LHShake04.mp4"
gestureLabel: 2
fps: 30
pixelSizeInCmTemp: 3.2808219178082193e-01
faceCenterPointX: 247
faceCenterPointY: 80
LHandPositionsX: [ 280, 281, 281, 282, 283, 282, 282, 280, 280, 280, 280,
    280, 280, 283, 283, 283, 289, 296, 306, 319, 335, 347, 359, 365, 372,
    369, 364, 360, 346, 344, 336, 336, 333, 342, 349, 363, 369, 365, 357,
    344, 340, 343, 343, 342, 348, 356, 358, 353, 353, 345, 340, 343, 346,
    346, 356, 358, 355, 348, 343, 348, 347, 349, 355, 357, 364, 365, 362,
    357, 353, 344, 334, 324, 314, 305, 301, 295, 292, 290, 290, 290, 287,
    287, 289, 289, 288, 288, 286, 289, 289, 289, 286 ]
LHandPositionsY: [ 268, 269, 271, 271, 269, 270, 271, 270, 268, 272, 269,
    272, 269, 269, 272, 265, 263, 254, 241, 232, 216, 205, 186, 176, 162,
    158, 155, 151, 133, 130, 133, 129, 127, 120, 117, 113, 112, 111, 117,
    118, 131, 129, 124, 125, 121, 117, 116, 112, 119, 118, 121, 123, 119,
    115, 115, 113, 111, 111, 112, 117, 117, 112, 110, 108, 108, 104, 105,
    112, 129, 141, 156, 174, 188, 199, 215, 227, 233, 244, 241, 244, 246,
    248, 249, 249, 251, 250, 254, 251, 254, 253, 250 ]
RHandPositionsX: [ 216, 214, 215, 216, 216, 214, 216, 217, 216, 217, 217,
    214, 216, 217, 218, 215, 215, 217, 216, 218, 215, 214, 215, 217, 217,
    218, 217, 218, 215, 218, 218, 217, 216, 218, 215, 217, 216, 218, 216,
    216, 216, 215, 215, 217, 214, 214, 215, 217, 216, 217, 215, 214, 218,
    215, 214, 217, 216, 218, 215, 214, 216, 217, 214, 218, 217, 214, 216,
    214, 217, 216, 218, 218, 218, 218, 217, 218, 218, 215, 215, 218, 217,
    214, 216, 215, 217, 216, 215, 214, 218, 216, 216 ]
RHandPositionsY: [ 266, 270, 268, 269, 268, 267, 269, 268, 270, 270, 270,
    270, 267, 268, 268, 269, 267, 264, 265, 266, 266, 264, 266, 264, 264,
    263, 263, 263, 264, 263, 265, 263, 267, 264, 264, 266, 263, 264, 262,
    262, 265, 262, 265, 262, 266, 265, 266, 262, 263, 262, 264, 262, 263,
    261, 262, 264, 261, 265, 261, 264, 265, 261, 265, 263, 263, 265, 265,
    261, 262, 262, 262, 263, 263, 263, 264, 264, 261, 265, 265, 264, 261,
    264, 262, 264, 265, 265, 262, 265, 265, 262, 263 ]
