%YAML:1.0
---
videoName: "LHShake22.mp4"
gestureLabel: 2
fps: 29
pixelSizeInCmTemp: 3.5220588235294115e-01
faceCenterPointX: 261
faceCenterPointY: 79
LHandPositionsX: [ 334, 345, 351, 355, 353, 360, 359, 354, 344, 339, 327,
    320, 319, 321, 320, 321, 329, 337, 343, 343, 345, 343, 337, 331, 325,
    324, 322, 326, 330, 338, 341, 342, 344, 336, 329, 320, 316, 316, 320,
    322, 327, 337, 335, 335, 333, 330, 326, 319, 321, 320, 325, 327, 335,
    343, 343, 343, 343, 334, 326, 320, 319, 314, 319, 322, 331, 339, 336,
    333, 336, 331, 327, 322, 320, 317, 320, 322, 323, 323, 324, 326, 326,
    325, 327, 324, 324, 324, 323, 324 ]
LHandPositionsY: [ 261, 252, 246, 236, 232, 218, 205, 203, 196, 190, 186,
    186, 184, 186, 181, 180, 180, 175, 173, 175, 174, 171, 175, 175, 176,
    177, 179, 177, 175, 173, 173, 170, 173, 172, 176, 179, 182, 181, 185,
    181, 178, 177, 177, 177, 173, 174, 180, 180, 181, 181, 179, 183, 180,
    176, 176, 175, 177, 178, 180, 181, 181, 184, 180, 182, 179, 178, 178,
    177, 182, 188, 196, 203, 211, 221, 232, 242, 243, 243, 249, 245, 249,
    247, 248, 250, 249, 248, 249, 249 ]
RHandPositionsX: [ 190, 193, 191, 189, 190, 190, 192, 193, 191, 193, 190,
    193, 191, 189, 189, 193, 193, 190, 191, 192, 190, 189, 190, 192, 190,
    189, 193, 193, 189, 192, 193, 193, 192, 190, 189, 193, 189, 192, 193,
    189, 190, 192, 192, 189, 189, 189, 192, 191, 193, 192, 192, 189, 190,
    192, 189, 192, 191, 191, 192, 190, 190, 192, 191, 192, 192, 190, 193,
    191, 190, 193, 191, 192, 189, 191, 190, 190, 193, 189, 189, 189, 191,
    189, 190, 193, 189, 192, 193, 192 ]
RHandPositionsY: [ 269, 268, 267, 267, 267, 267, 266, 267, 269, 267, 266,
    266, 269, 269, 268, 270, 267, 270, 267, 268, 267, 269, 267, 266, 266,
    269, 269, 270, 268, 268, 268, 268, 268, 268, 268, 267, 269, 269, 268,
    266, 268, 268, 268, 267, 267, 267, 269, 270, 267, 267, 266, 268, 270,
    270, 270, 266, 266, 268, 266, 266, 267, 267, 269, 267, 267, 267, 270,
    270, 267, 269, 266, 266, 269, 270, 270, 268, 267, 266, 266, 267, 266,
    267, 267, 270, 269, 268, 267, 267 ]
