%YAML:1.0
---
videoName: "LHShake00.mp4"
gestureLabel: 2
fps: 29
pixelSizeInCmTemp: 3.4214285714285714e-01
faceCenterPointX: 252
faceCenterPointY: 85
LHandPositionsX: [ 350, 351, 348, 350, 356, 358, 357, 354, 351, 343, 332,
    324, 323, 323, 323, 325, 328, 330, 336, 336, 341, 337, 332, 328, 325,
    325, 324, 329, 335, 336, 336, 340, 341, 334, 322, 323, 322, 326, 329,
    338, 342, 344, 344, 340, 333, 325, 325, 323, 324, 327, 332, 334, 339,
    340, 341, 336, 329, 325, 324, 324, 328, 331, 334, 338, 335, 339, 343,
    339, 335, 334, 331, 327, 326, 329, 327, 328, 329, 330, 335, 338, 340,
    340, 342, 340, 343, 340, 340, 343 ]
LHandPositionsY: [ 258, 253, 244, 232, 210, 188, 172, 149, 137, 136, 134,
    133, 135, 137, 133, 132, 134, 130, 126, 127, 127, 124, 129, 130, 134,
    133, 133, 130, 131, 125, 126, 121, 125, 125, 134, 134, 133, 133, 135,
    129, 127, 126, 120, 121, 128, 130, 134, 134, 134, 130, 131, 128, 125,
    124, 126, 128, 129, 131, 130, 130, 126, 125, 123, 119, 122, 118, 116,
    127, 136, 150, 159, 165, 163, 171, 186, 192, 201, 206, 215, 219, 223,
    228, 228, 234, 235, 235, 236, 237 ]
RHandPositionsX: [ 154, 156, 154, 153, 152, 155, 155, 152, 153, 154, 153,
    153, 154, 156, 154, 156, 156, 154, 155, 154, 152, 156, 152, 156, 152,
    155, 154, 156, 154, 153, 153, 156, 156, 152, 152, 155, 153, 154, 156,
    153, 154, 156, 154, 155, 155, 155, 154, 152, 156, 153, 152, 156, 155,
    153, 154, 154, 155, 152, 155, 152, 156, 153, 155, 153, 155, 154, 156,
    154, 155, 156, 154, 154, 155, 152, 153, 152, 152, 156, 153, 153, 152,
    155, 152, 153, 154, 152, 154, 154 ]
RHandPositionsY: [ 279, 275, 277, 277, 276, 276, 276, 276, 275, 274, 273,
    272, 271, 272, 273, 269, 272, 268, 267, 268, 268, 268, 266, 265, 265,
    266, 267, 265, 265, 265, 267, 266, 267, 265, 264, 265, 266, 262, 264,
    264, 264, 263, 261, 264, 263, 262, 264, 263, 262, 260, 260, 264, 263,
    263, 260, 260, 261, 264, 264, 260, 263, 263, 261, 263, 262, 264, 263,
    260, 264, 263, 262, 260, 260, 264, 263, 264, 263, 260, 261, 262, 262,
    262, 261, 263, 263, 262, 260, 261 ]
