%YAML:1.0
---
videoName: "LHShake04.mp4"
gestureLabel: 2
fps: 30
pixelSizeInCmTemp: 3.2808219178082193e-01
faceCenterPointX: 247
faceCenterPointY: 80
LHandPositionsX: [ 284, 284, 282, 280, 282, 282, 280, 281, 279, 280, 281,
    278, 282, 280, 282, 284, 288, 296, 308, 323, 335, 347, 359, 369, 371,
    367, 364, 358, 348, 344, 338, 337, 337, 339, 350, 362, 369, 364, 356,
    346, 342, 343, 340, 342, 350, 355, 355, 357, 350, 342, 339, 346, 342,
    348, 356, 356, 353, 352, 347, 345, 344, 350, 356, 359, 360, 366, 362,
    358, 356, 345, 333, 325, 312, 303, 301, 294, 290, 289, 287, 289, 290,
    290, 289, 289, 286, 289, 288, 288, 287, 287, 288 ]
LHandPositionsY: [ 269, 271, 270, 270, 271, 272, 272, 269, 268, 270, 270,
    271, 269, 269, 269, 265, 261, 255, 245, 231, 215, 204, 186, 174, 164,
    160, 153, 153, 133, 131, 132, 132, 128, 118, 118, 111, 111, 111, 113,
    118, 131, 126, 123, 126, 123, 118, 115, 111, 119, 120, 122, 121, 119,
    115, 116, 112, 113, 111, 114, 116, 114, 112, 107, 106, 104, 103, 106,
    113, 126, 142, 155, 173, 188, 199, 213, 226, 236, 242, 242, 245, 247,
    250, 249, 249, 248, 249, 252, 251, 254, 253, 254 ]
RHandPositionsX: [ 216, 216, 218, 214, 215, 216, 217, 218, 217, 217, 214,
    217, 216, 216, 214, 215, 217, 218, 218, 214, 217, 215, 214, 217, 218,
    216, 218, 215, 216, 218, 218, 214, 218, 215, 216, 217, 214, 218, 218,
    218, 217, 218, 215, 216, 217, 217, 218, 216, 215, 217, 215, 215, 217,
    215, 218, 215, 215, 214, 215, 214, 216, 215, 214, 218, 216, 218, 214,
    215, 216, 216, 217, 218, 216, 216, 214, 215, 218, 215, 216, 214, 217,
    216, 214, 214, 217, 217, 214, 214, 214, 218, 217 ]
RHandPositionsY: [ 269, 269, 270, 270, 268, 269, 267, 266, 269, 268, 267,
    268, 266, 268, 269, 265, 265, 265, 266, 268, 267, 263, 266, 266, 263,
    267, 267, 264, 263, 263, 265, 263, 264, 266, 264, 266, 265, 264, 266,
    266, 264, 264, 265, 265, 266, 265, 265, 261, 265, 263, 262, 262, 261,
    262, 263, 265, 264, 263, 262, 261, 264, 263, 262, 264, 263, 262, 264,
    264, 262, 263, 265, 262, 265, 265, 262, 264, 262, 262, 262, 264, 262,
    264, 265, 261, 265, 265, 265, 261, 263, 263, 264 ]
