%YAML:1.0
---
videoName: "LHShake15.mp4"
gestureLabel: 2
fps: 29
pixelSizeInCmTemp: 3.3263888888888887e-01
faceCenterPointX: 252
faceCenterPointY: 65
LHandPositionsX: [ 327, 327, 328, 328, 329, 329, 327, 329, 331, 328, 334,
    340, 345, 352, 359, 363, 370, 371, 381, 380, 379, 381, 367, 361, 346,
    341, 344, 340, 349, 353, 360, 358, 359, 363, 357, 347, 332, 330, 333,
    337, 346, 355, 357, 354, 350, 353, 347, 332, 330, 331, 328, 342, 352,
    357, 355, 354, 357, 356, 342, 338, 333, 330, 332, 341, 344, 350, 348,
    348, 350, 348, 339, 336, 328, 326, 324, 323, 321, 322, 322, 325, 324,
    324, 324, 328, 326, 325, 325, 325 ]
LHandPositionsY: [ 257, 255, 258, 258, 255, 256, 254, 256, 252, 254, 240,
    227, 216, 201, 185, 171, 155, 135, 121, 119, 117, 107, 102, 100, 103,
    105, 102, 99, 101, 95, 95, 93, 95, 96, 96, 97, 99, 98, 96, 97, 96,
    95, 96, 94, 95, 98, 100, 102, 99, 102, 97, 92, 93, 95, 96, 97, 96,
    100, 100, 99, 100, 100, 100, 97, 102, 103, 101, 99, 102, 100, 107,
    120, 137, 151, 165, 181, 192, 206, 220, 230, 231, 235, 239, 240, 240,
    237, 243, 242 ]
RHandPositionsX: [ 177, 176, 176, 179, 179, 178, 176, 177, 178, 175, 179,
    175, 179, 179, 179, 175, 175, 178, 179, 175, 177, 177, 175, 179, 175,
    176, 179, 175, 175, 178, 178, 179, 177, 179, 176, 177, 179, 178, 177,
    178, 179, 176, 178, 175, 177, 177, 175, 178, 178, 179, 178, 178, 179,
    179, 177, 176, 176, 179, 178, 177, 179, 176, 179, 178, 177, 178, 177,
    176, 178, 178, 175, 175, 177, 179, 178, 176, 177, 178, 175, 176, 175,
    179, 177, 175, 176, 175, 178, 178 ]
RHandPositionsY: [ 259, 257, 260, 259, 258, 258, 260, 258, 258, 259, 260,
    259, 259, 260, 260, 259, 260, 259, 261, 261, 258, 261, 261, 260, 260,
    258, 257, 259, 259, 258, 259, 257, 261, 260, 260, 257, 260, 260, 257,
    261, 257, 261, 257, 259, 257, 259, 259, 258, 258, 257, 257, 258, 260,
    261, 258, 258, 260, 260, 257, 258, 261, 260, 260, 257, 258, 260, 261,
    260, 261, 260, 257, 257, 260, 259, 257, 259, 257, 260, 257, 257, 261,
    257, 260, 261, 259, 261, 258, 259 ]
