%YAML:1.0
---
videoName: "LHShake24.mp4"
gestureLabel: 2
fps: 30
pixelSizeInCmTemp: 3.4214285714285714e-01
faceCenterPointX: 255
faceCenterPointY: 77
LHandPositionsX: [ 326, 327, 327, 327, 330, 330, 329, 326, 328, 329, 331,
    334, 339, 348, 353, 360, 368, 377, 379, 382, 380, 379, 371, 362, 350,
    342, 340, 342, 342, 349, 360, 366, 377, 378, 377, 377, 370, 359, 346,
    337, 341, 340, 346, 355, 363, 363, 364, 369, 362, 356, 344, 337, 343,
    342, 344, 354, 364, 372, 368, 373, 370, 361, 354, 343, 343, 344, 343,
    352, 361, 370, 367, 368, 368, 358, 352, 342, 338, 333, 330, 327, 323,
    324, 327, 327, 325, 327, 327, 329, 327, 326, 327 ]
LHandPositionsY: [ 262, 264, 263, 260, 263, 260, 264, 262, 264, 259, 261,
    255, 245, 234, 223, 210, 197, 181, 172, 169, 158, 154, 152, 156, 156,
    164, 163, 164, 162, 159, 155, 152, 149, 147, 147, 144, 148, 148, 152,
    153, 155, 154, 156, 153, 150, 149, 150, 150, 151, 153, 157, 165, 164,
    162, 161, 161, 161, 160, 158, 155, 158, 159, 158, 163, 163, 161, 164,
    160, 158, 159, 159, 159, 156, 156, 160, 164, 170, 178, 190, 196, 210,
    217, 231, 231, 233, 237, 242, 247, 248, 248, 246 ]
RHandPositionsX: [ 182, 182, 183, 180, 183, 180, 183, 180, 183, 183, 180,
    182, 182, 180, 180, 179, 179, 183, 180, 181, 180, 179, 183, 182, 180,
    179, 183, 182, 179, 181, 180, 180, 181, 182, 181, 182, 183, 179, 181,
    180, 179, 183, 182, 181, 183, 183, 182, 180, 180, 183, 181, 179, 182,
    180, 181, 181, 179, 181, 180, 180, 181, 181, 179, 183, 182, 182, 180,
    181, 179, 182, 180, 181, 181, 179, 181, 181, 180, 183, 181, 179, 180,
    179, 182, 180, 182, 181, 181, 180, 182, 180, 181 ]
RHandPositionsY: [ 269, 267, 267, 268, 271, 267, 269, 270, 268, 269, 270,
    270, 267, 271, 270, 268, 267, 267, 271, 271, 268, 268, 269, 268, 267,
    267, 267, 268, 271, 271, 268, 270, 268, 271, 271, 271, 271, 270, 270,
    270, 269, 268, 270, 271, 267, 271, 268, 269, 269, 269, 268, 270, 269,
    271, 270, 269, 268, 267, 270, 268, 267, 269, 270, 269, 267, 270, 271,
    271, 269, 270, 267, 270, 270, 267, 270, 267, 270, 270, 270, 270, 270,
    269, 268, 271, 267, 271, 267, 269, 268, 271, 269 ]
