%YAML:1.0
---
videoName: "LHShake15.mp4"
gestureLabel: 2
fps: 29
pixelSizeInCmTemp: 3.3263888888888887e-01
faceCenterPointX: 252
faceCenterPointY: 65
LHandPositionsX: [ 331, 329, 329, 328, 331, 328, 330, 332, 333, 327, 337,
    341, 349, 351, 356, 361, 371, 373, 381, 384, 376, 381, 368, 357, 347,
    341, 341, 341, 348, 354, 360, 362, 358, 363, 358, 344, 333, 330, 331,
    337, 347, 355, 357, 350, 351, 353, 349, 335, 331, 331, 329, 341, 353,
    357, 355, 352, 358, 353, 341, 336, 334, 333, 334, 338, 346, 350, 348,
    347, 348, 347, 340, 335, 330, 327, 321, 323, 322, 320, 324, 324, 324,
    324, 326, 326, 327, 327, 326, 324 ]
LHandPositionsY: [ 255, 257, 254, 257, 255, 258, 258, 255, 254, 252, 241,
    229, 214, 202, 186, 170, 154, 136, 119, 120, 119, 104, 102, 101, 103,
    102, 105, 99, 100, 96, 94, 92, 94, 92, 96, 98, 97, 99, 98, 98, 98,
    93, 96, 96, 96, 97, 101, 98, 101, 101, 95, 95, 91, 95, 96, 97, 94,
    100, 101, 101, 100, 101, 98, 98, 101, 103, 98, 100, 100, 103, 105,
    119, 139, 151, 167, 177, 194, 204, 219, 230, 230, 235, 237, 241, 241,
    240, 242, 244 ]
RHandPositionsX: [ 177, 176, 175, 178, 177, 176, 176, 177, 176, 179, 176,
    175, 177, 178, 177, 178, 176, 177, 177, 176, 175, 177, 179, 175, 178,
    177, 175, 175, 177, 175, 179, 175, 179, 177, 175, 176, 176, 177, 176,
    177, 178, 176, 177, 175, 178, 179, 178, 178, 178, 177, 175, 176, 179,
    177, 178, 176, 175, 177, 178, 177, 178, 179, 179, 178, 177, 179, 177,
    177, 177, 178, 179, 175, 176, 175, 176, 176, 177, 178, 175, 175, 178,
    178, 178, 175, 177, 178, 178, 176 ]
RHandPositionsY: [ 257, 257, 261, 258, 260, 257, 260, 259, 258, 261, 258,
    261, 258, 261, 257, 258, 261, 257, 260, 259, 259, 260, 261, 261, 261,
    257, 259, 261, 257, 260, 258, 259, 261, 260, 260, 258, 259, 257, 261,
    258, 258, 260, 257, 261, 259, 257, 257, 258, 258, 257, 261, 257, 260,
    258, 261, 258, 261, 258, 257, 257, 260, 258, 258, 260, 257, 260, 257,
    261, 259, 259, 259, 259, 257, 258, 258, 259, 261, 258, 258, 258, 257,
    260, 259, 258, 259, 258, 257, 260 ]
