%YAML:1.0
---
videoName: "LHShake22.mp4"
gestureLabel: 2
fps: 29
pixelSizeInCmTemp: 3.5220588235294115e-01
faceCenterPointX: 261
faceCenterPointY: 79
LHandPositionsX: [ 338, 344, 349, 357, 355, 359, 357, 355, 347, 335, 329,
    319, 318, 320, 320, 323, 332, 339, 347, 346, 343, 344, 337, 332, 323,
    325, 326, 326, 332, 338, 341, 343, 343, 339, 332, 320, 319, 317, 320,
    324, 330, 333, 335, 338, 335, 328, 323, 318, 322, 322, 321, 329, 337,
    341, 345, 342, 341, 334, 323, 319, 316, 318, 319, 325, 332, 335, 334,
    334, 337, 333, 327, 325, 319, 321, 320, 323, 324, 323, 328, 325, 327,
    326, 325, 326, 324, 327, 324, 324 ]
LHandPositionsY: [ 262, 254, 244, 235, 232, 222, 208, 204, 193, 186, 186,
    184, 184, 183, 183, 179, 177, 176, 175, 172, 171, 170, 175, 176, 176,
    180, 178, 178, 175, 172, 171, 170, 172, 174, 176, 177, 185, 181, 183,
    183, 178, 175, 178, 173, 175, 177, 177, 182, 179, 181, 182, 179, 180,
    176, 175, 177, 177, 179, 180, 183, 180, 182, 183, 182, 177, 179, 179,
    180, 184, 190, 195, 203, 211, 222, 232, 240, 242, 244, 247, 249, 247,
    248, 249, 249, 249, 248, 248, 250 ]
RHandPositionsX: [ 193, 189, 190, 189, 192, 190, 191, 189, 190, 191, 192,
    189, 190, 193, 193, 190, 192, 189, 190, 190, 189, 189, 192, 193, 192,
    193, 190, 191, 189, 192, 193, 190, 192, 193, 192, 192, 190, 189, 189,
    190, 190, 192, 190, 190, 192, 189, 193, 193, 189, 189, 191, 189, 191,
    192, 192, 192, 189, 191, 189, 190, 191, 192, 190, 189, 192, 192, 189,
    191, 193, 189, 192, 192, 193, 192, 193, 190, 192, 193, 192, 192, 189,
    190, 191, 190, 193, 191, 192, 189 ]
RHandPositionsY: [ 266, 270, 267, 269, 267, 267, 268, 269, 268, 270, 266,
    267, 269, 270, 267, 268, 269, 270, 266, 268, 266, 266, 270, 267, 267,
    268, 269, 266, 266, 267, 267, 266, 268, 266, 269, 266, 270, 267, 268,
    270, 268, 270, 270, 269, 268, 266, 270, 270, 268, 270, 270, 268, 267,
    270, 267, 267, 267, 268, 270, 267, 266, 266, 269, 266, 267, 268, 270,
    266, 267, 270, 267, 267, 270, 269, 267, 267, 268, 269, 270, 270, 268,
    270, 268, 267, 267, 270, 268, 267 ]
