%YAML:1.0
---
videoName: "LHShake21.mp4"
gestureLabel: 2
fps: 29
pixelSizeInCmTemp: 3.4214285714285714e-01
faceCenterPointX: 266
faceCenterPointY: 79
LHandPositionsX: [ 351, 352, 364, 375, 384, 394, 397, 406, 423, 417, 415,
    402, 389, 376, 374, 379, 374, 378, 384, 401, 402, 399, 395, 394, 383,
    372, 368, 373, 371, 373, 375, 391, 387, 385, 386, 380, 376, 369, 364,
    367, 367, 370, 376, 391, 389, 384, 399, 390, 383, 373, 365, 365, 365,
    370, 373, 377, 387, 382, 383, 389, 384, 379, 374, 364, 356, 348, 342,
    340, 334, 334, 336, 334, 333, 335, 333, 334, 330, 333, 334, 334, 334,
    332, 331, 334, 334, 334, 330, 331 ]
LHandPositionsY: [ 270, 262, 245, 225, 210, 190, 184, 168, 152, 153, 136,
    135, 132, 133, 133, 134, 132, 127, 129, 131, 128, 129, 130, 134, 138,
    131, 141, 144, 145, 137, 137, 130, 136, 132, 132, 134, 137, 143, 146,
    145, 146, 144, 138, 138, 140, 140, 134, 138, 142, 151, 152, 155, 153,
    153, 153, 143, 143, 143, 140, 147, 156, 161, 167, 181, 189, 201, 213,
    228, 236, 239, 240, 246, 250, 249, 250, 253, 253, 254, 250, 254, 252,
    254, 252, 252, 250, 251, 253, 251 ]
RHandPositionsX: [ 184, 185, 185, 186, 188, 185, 188, 188, 188, 186, 187,
    185, 186, 185, 187, 188, 188, 187, 184, 184, 186, 188, 184, 188, 188,
    187, 186, 184, 188, 184, 188, 184, 186, 185, 185, 185, 185, 185, 188,
    184, 187, 187, 186, 184, 187, 186, 185, 187, 185, 184, 188, 185, 188,
    184, 187, 184, 186, 186, 186, 187, 188, 188, 188, 188, 184, 184, 187,
    186, 184, 186, 185, 186, 188, 185, 187, 185, 184, 187, 186, 186, 185,
    186, 188, 187, 185, 188, 185, 188 ]
RHandPositionsY: [ 265, 265, 266, 266, 267, 267, 267, 269, 269, 266, 265,
    268, 269, 265, 265, 265, 268, 266, 266, 265, 269, 269, 266, 268, 269,
    267, 265, 267, 269, 269, 266, 266, 266, 268, 269, 267, 265, 268, 267,
    266, 268, 267, 268, 265, 266, 269, 265, 269, 267, 265, 265, 268, 265,
    266, 267, 266, 268, 266, 266, 269, 265, 266, 268, 269, 265, 269, 268,
    266, 269, 268, 269, 266, 267, 269, 265, 265, 268, 268, 265, 268, 269,
    267, 269, 265, 267, 266, 265, 265 ]
