%YAML:1.0
---
videoName: "LHShake17.mp4"
gestureLabel: 2
fps: 30
pixelSizeInCmTemp: 3.3732394366197183e-01
faceCenterPointX: 248
faceCenterPointY: 64
LHandPositionsX: [ 324, 324, 322, 323, 321, 325, 325, 328, 329, 334, 345,
    354, 365, 373, 390, 398, 406, 407, 404, 386, 376, 360, 352, 353, 352,
    356, 368, 380, 378, 381, 375, 362, 352, 346, 344, 349, 354, 364, 370,
    368, 364, 361, 355, 352, 353, 355, 364, 370, 375, 374, 375, 370, 360,
    353, 349, 349, 349, 352, 361, 367, 361, 370, 367, 355, 349, 342, 340,
    336, 333, 334, 331, 332, 331, 332, 328, 330, 329, 326, 327, 324, 326,
    327, 326, 324, 323, 323, 324, 326, 325, 327, 324 ]
LHandPositionsY: [ 248, 251, 249, 249, 247, 249, 246, 245, 244, 234, 217,
    200, 187, 174, 158, 143, 132, 121, 113, 112, 121, 130, 137, 133, 135,
    133, 121, 118, 121, 119, 119, 129, 138, 141, 138, 140, 122, 119, 119,
    119, 119, 116, 125, 136, 132, 135, 122, 117, 121, 121, 119, 122, 133,
    138, 143, 138, 138, 124, 121, 124, 126, 122, 123, 131, 135, 142, 153,
    162, 171, 181, 193, 207, 221, 221, 222, 229, 233, 233, 237, 237, 234,
    236, 240, 238, 235, 235, 237, 239, 239, 235, 235 ]
RHandPositionsX: [ 178, 177, 180, 176, 180, 177, 177, 179, 177, 179, 176,
    180, 179, 178, 177, 179, 177, 180, 179, 178, 177, 176, 176, 179, 176,
    179, 179, 175, 178, 179, 177, 179, 175, 179, 179, 179, 177, 175, 176,
    176, 177, 178, 175, 177, 174, 174, 175, 174, 176, 174, 178, 177, 176,
    176, 177, 175, 174, 175, 177, 176, 178, 176, 174, 177, 174, 174, 177,
    178, 175, 175, 176, 175, 174, 175, 178, 177, 176, 176, 174, 174, 176,
    176, 176, 178, 178, 177, 177, 174, 178, 176, 178 ]
RHandPositionsY: [ 258, 257, 259, 259, 260, 256, 256, 258, 258, 259, 259,
    258, 258, 258, 259, 259, 259, 260, 260, 257, 258, 258, 259, 259, 258,
    257, 257, 258, 258, 260, 259, 257, 257, 258, 260, 259, 257, 256, 259,
    258, 256, 256, 259, 256, 257, 260, 260, 257, 257, 260, 256, 259, 256,
    260, 256, 258, 256, 259, 259, 259, 259, 258, 258, 258, 259, 256, 256,
    257, 259, 258, 258, 257, 258, 256, 259, 258, 257, 257, 257, 258, 259,
    257, 259, 257, 257, 256, 256, 257, 257, 259, 256 ]
