%YAML:1.0
---
videoName: "LHShake12.mp4"
gestureLabel: 2
fps: 29
pixelSizeInCmTemp: 3.3263888888888887e-01
faceCenterPointX: 259
faceCenterPointY: 64
LHandPositionsX: [ 368, 356, 347, 348, 348, 345, 354, 360, 374, 383, 379,
    380, 374, 364, 352, 347, 351, 346, 346, 354, 365, 375, 374, 374, 377,
    371, 362, 350, 340, 343, 341, 341, 349, 361, 372, 370, 370, 374, 370,
    360, 346, 340, 345, 342, 346, 356, 361, 370, 366, 369, 367, 360, 349,
    342, 339, 336, 339, 350, 357, 367, 369, 368, 367, 361, 351, 344, 336,
    327, 325, 317, 315, 316, 316, 324, 330, 329, 331, 333, 333, 335, 337,
    337, 333, 333, 336, 335, 337, 337 ]
LHandPositionsY: [ 168, 163, 161, 161, 163, 157, 158, 155, 149, 149, 151,
    153, 152, 154, 157, 160, 159, 158, 157, 154, 151, 146, 148, 149, 146,
    145, 144, 150, 155, 152, 155, 154, 149, 148, 144, 146, 147, 144, 148,
    149, 151, 159, 154, 154, 156, 153, 153, 151, 150, 147, 151, 154, 154,
    158, 156, 158, 157, 155, 148, 146, 143, 147, 143, 147, 149, 153, 163,
    171, 177, 187, 197, 210, 225, 237, 246, 247, 248, 252, 256, 256, 255,
    254, 255, 255, 256, 258, 257, 255 ]
RHandPositionsX: [ 176, 177, 176, 175, 175, 176, 176, 178, 176, 178, 178,
    175, 176, 176, 175, 178, 178, 176, 176, 175, 175, 177, 174, 177, 178,
    176, 174, 176, 177, 178, 177, 175, 176, 178, 176, 177, 176, 176, 175,
    174, 174, 175, 174, 176, 175, 178, 178, 175, 175, 178, 175, 174, 178,
    175, 174, 177, 177, 177, 174, 174, 176, 176, 175, 177, 176, 175, 176,
    174, 177, 174, 174, 175, 177, 175, 176, 178, 177, 177, 177, 174, 175,
    178, 177, 176, 174, 178, 177, 174 ]
RHandPositionsY: [ 274, 271, 275, 273, 271, 274, 274, 275, 275, 271, 273,
    273, 273, 275, 272, 274, 272, 275, 274, 271, 274, 271, 271, 274, 274,
    274, 274, 273, 273, 272, 272, 273, 274, 272, 271, 275, 275, 272, 271,
    272, 272, 272, 273, 273, 273, 272, 271, 275, 271, 271, 273, 275, 271,
    273, 275, 275, 271, 273, 272, 271, 272, 274, 272, 275, 273, 275, 271,
    273, 275, 273, 272, 271, 273, 272, 274, 273, 274, 273, 272, 273, 272,
    274, 273, 272, 271, 274, 274, 271 ]
