%YAML:1.0
---
videoName: "LHShake08.mp4"
gestureLabel: 2
fps: 29
pixelSizeInCmTemp: 3.4710144927536229e-01
faceCenterPointX: 261
faceCenterPointY: 69
LHandPositionsX: [ 339, 341, 346, 345, 349, 345, 357, 361, 371, 372, 372,
    371, 380, 367, 356, 347, 340, 340, 343, 345, 347, 357, 368, 365, 361,
    362, 359, 354, 346, 340, 342, 337, 344, 349, 357, 366, 365, 366, 366,
    361, 352, 346, 337, 337, 334, 336, 342, 351, 358, 356, 357, 357, 358,
    350, 345, 341, 341, 343, 341, 346, 356, 362, 373, 369, 371, 368, 366,
    360, 353, 347, 339, 333, 334, 331, 330, 333, 337, 336, 335, 337, 339,
    337, 339, 337, 339, 336, 336, 336 ]
LHandPositionsY: [ 269, 269, 265, 255, 252, 238, 221, 200, 185, 172, 164,
    155, 143, 142, 144, 145, 151, 150, 149, 152, 147, 144, 141, 137, 137,
    138, 140, 146, 146, 155, 154, 155, 153, 151, 150, 150, 146, 147, 146,
    150, 152, 155, 161, 159, 158, 161, 159, 156, 157, 153, 157, 152, 152,
    156, 160, 160, 162, 163, 162, 156, 155, 148, 148, 146, 147, 145, 151,
    152, 159, 168, 173, 186, 195, 209, 222, 233, 244, 246, 248, 252, 255,
    255, 255, 256, 255, 257, 254, 254 ]
RHandPositionsX: [ 175, 175, 175, 175, 175, 175, 174, 175, 176, 175, 174,
    176, 174, 174, 173, 172, 175, 175, 172, 175, 175, 176, 174, 172, 172,
    176, 172, 176, 175, 174, 176, 174, 176, 173, 175, 177, 174, 175, 176,
    177, 178, 173, 173, 177, 174, 176, 178, 175, 176, 174, 176, 175, 177,
    177, 178, 178, 178, 174, 174, 174, 174, 174, 175, 175, 174, 175, 177,
    176, 177, 177, 176, 175, 176, 174, 176, 177, 175, 177, 174, 177, 176,
    175, 174, 177, 175, 178, 178, 174 ]
RHandPositionsY: [ 275, 276, 277, 277, 277, 276, 273, 276, 275, 277, 276,
    273, 273, 275, 274, 275, 277, 275, 274, 275, 276, 277, 275, 277, 273,
    274, 273, 274, 277, 273, 276, 275, 277, 274, 274, 274, 276, 276, 277,
    276, 275, 273, 276, 273, 274, 273, 275, 276, 275, 276, 277, 277, 277,
    275, 275, 274, 274, 275, 277, 273, 273, 274, 274, 275, 277, 273, 274,
    277, 273, 274, 274, 274, 274, 275, 277, 276, 275, 276, 276, 277, 276,
    273, 275, 276, 275, 277, 275, 275 ]
