%YAML:1.0
---
videoName: "LHShake02.mp4"
gestureLabel: 2
fps: 29
pixelSizeInCmTemp: 3.3263888888888887e-01
faceCenterPointX: 249
faceCenterPointY: 82
LHandPositionsX: [ 359, 361, 364, 370, 372, 382, 388, 387, 387, 386, 383,
    377, 371, 365, 367, 362, 365, 366, 372, 376, 383, 386, 383, 381, 376,
    370, 366, 367, 364, 366, 367, 372, 376, 378, 378, 380, 379, 377, 372,
    367, 366, 359, 361, 359, 360, 361, 365, 370, 372, 373, 369, 365, 364,
    361, 356, 357, 361, 365, 368, 369, 371, 372, 368, 365, 358, 353, 351,
    345, 343, 346, 345, 344, 343, 342, 341, 344, 345, 347, 349, 349, 346,
    349, 346, 350, 348, 350, 346, 349 ]
LHandPositionsY: [ 127, 120, 118, 117, 112, 108, 110, 109, 109, 109, 109,
    110, 109, 113, 116, 112, 112, 112, 106, 108, 102, 100, 105, 104, 103,
    105, 109, 109, 108, 108, 105, 101, 99, 97, 98, 97, 95, 98, 99, 97,
    98, 104, 102, 103, 102, 101, 100, 102, 100, 99, 101, 102, 105, 106,
    108, 106, 106, 108, 106, 107, 104, 102, 101, 105, 123, 136, 148, 162,
    163, 168, 177, 182, 190, 197, 205, 213, 217, 222, 224, 231, 227, 229,
    231, 230, 234, 234, 236, 238 ]
RHandPositionsX: [ 156, 155, 154, 153, 157, 155, 157, 156, 157, 153, 153,
    157, 153, 156, 155, 157, 153, 155, 153, 153, 153, 157, 157, 155, 156,
    153, 156, 157, 155, 153, 157, 154, 157, 157, 154, 157, 153, 155, 156,
    157, 154, 153, 153, 157, 155, 155, 157, 155, 156, 155, 156, 153, 154,
    154, 155, 156, 156, 156, 155, 155, 157, 154, 157, 154, 153, 155, 157,
    156, 156, 157, 156, 156, 153, 155, 156, 153, 155, 153, 154, 156, 153,
    153, 156, 154, 154, 157, 153, 156 ]
RHandPositionsY: [ 261, 263, 261, 261, 261, 263, 262, 262, 260, 263, 261,
    260, 261, 261, 259, 258, 258, 262, 261, 261, 262, 261, 260, 262, 259,
    259, 262, 258, 260, 261, 259, 260, 261, 259, 261, 261, 262, 262, 258,
    260, 262, 259, 259, 260, 260, 259, 259, 258, 261, 259, 259, 262, 261,
    260, 258, 258, 259, 260, 261, 260, 259, 260, 260, 259, 258, 260, 258,
    259, 261, 261, 261, 261, 259, 258, 261, 260, 262, 259, 258, 262, 262,
    259, 259, 261, 262, 261, 260, 259 ]
