%YAML:1.0
---
videoName: "LHShake24.mp4"
gestureLabel: 2
fps: 30
pixelSizeInCmTemp: 3.4214285714285714e-01
faceCenterPointX: 255
faceCenterPointY: 77
LHandPositionsX: [ 329, 330, 329, 328, 326, 328, 330, 328, 328, 330, 330,
    333, 340, 348, 351, 359, 370, 374, 381, 378, 383, 380, 372, 362, 349,
    342, 344, 343, 340, 347, 360, 367, 377, 377, 376, 373, 367, 355, 347,
    337, 341, 337, 344, 353, 364, 366, 368, 369, 363, 353, 346, 340, 340,
    341, 347, 356, 363, 373, 370, 372, 369, 361, 351, 343, 347, 346, 344,
    351, 359, 368, 369, 367, 367, 359, 352, 341, 337, 331, 329, 326, 323,
    326, 324, 328, 326, 329, 328, 329, 326, 326, 325 ]
LHandPositionsY: [ 262, 264, 262, 264, 261, 264, 260, 260, 262, 259, 260,
    254, 249, 237, 223, 206, 195, 184, 171, 172, 159, 154, 153, 154, 158,
    161, 163, 165, 160, 163, 156, 153, 149, 151, 148, 144, 148, 147, 154,
    156, 154, 152, 156, 154, 150, 152, 151, 149, 150, 154, 159, 161, 163,
    162, 163, 160, 161, 157, 158, 155, 155, 157, 162, 163, 164, 161, 163,
    163, 159, 159, 160, 156, 155, 159, 160, 164, 170, 180, 186, 198, 209,
    219, 228, 233, 237, 241, 244, 247, 247, 248, 249 ]
RHandPositionsX: [ 183, 183, 182, 181, 179, 181, 179, 180, 182, 182, 180,
    181, 180, 182, 182, 180, 179, 181, 180, 183, 183, 179, 179, 183, 183,
    183, 180, 183, 180, 179, 182, 181, 179, 183, 183, 180, 182, 181, 183,
    183, 180, 183, 179, 179, 180, 182, 183, 181, 181, 183, 180, 183, 183,
    182, 183, 181, 183, 181, 183, 181, 180, 182, 181, 183, 181, 183, 182,
    180, 181, 183, 182, 183, 181, 182, 179, 179, 180, 181, 181, 179, 181,
    179, 183, 182, 183, 182, 180, 181, 183, 183, 180 ]
RHandPositionsY: [ 267, 270, 267, 267, 271, 267, 267, 271, 271, 268, 268,
    271, 268, 267, 267, 267, 270, 271, 270, 269, 271, 267, 269, 268, 271,
    270, 269, 271, 268, 271, 268, 267, 267, 269, 270, 268, 268, 267, 271,
    270, 270, 269, 267, 267, 268, 270, 269, 267, 271, 269, 270, 267, 271,
    271, 271, 270, 270, 269, 269, 271, 270, 270, 268, 270, 271, 268, 268,
    271, 269, 268, 271, 268, 267, 270, 270, 271, 268, 271, 271, 268, 269,
    270, 270, 268, 268, 271, 270, 271, 271, 268, 269 ]
