%YAML:1.0
---
videoName: "LHShake00.mp4"
gestureLabel: 2
fps: 29
pixelSizeInCmTemp: 3.4214285714285714e-01
faceCenterPointX: 252
faceCenterPointY: 85
LHandPositionsX: [ 349, 350, 348, 352, 353, 359, 357, 354, 353, 341, 335,
    323, 324, 324, 322, 325, 329, 333, 334, 336, 337, 339, 333, 327, 325,
    325, 325, 328, 331, 337, 336, 340, 340, 330, 325, 323, 324, 327, 332,
    337, 339, 341, 342, 340, 333, 324, 324, 325, 324, 327, 330, 338, 338,
    344, 341, 335, 329, 327, 322, 323, 324, 329, 332, 336, 335, 338, 340,
    340, 335, 332, 332, 327, 324, 328, 331, 329, 332, 330, 335, 337, 339,
    341, 339, 340, 344, 343, 341, 342 ]
LHandPositionsY: [ 259, 253, 248, 229, 211, 188, 168, 152, 137, 137, 134,
    137, 136, 133, 134, 132, 130, 133, 126, 126, 123, 124, 130, 133, 132,
    133, 132, 129, 132, 123, 124, 119, 125, 128, 134, 134, 135, 136, 132,
    129, 126, 123, 122, 122, 127, 130, 131, 130, 131, 134, 130, 127, 124,
    120, 125, 129, 129, 127, 129, 131, 127, 125, 123, 118, 122, 118, 116,
    125, 138, 150, 160, 163, 165, 173, 184, 191, 201, 208, 213, 220, 222,
    226, 228, 232, 236, 236, 235, 235 ]
RHandPositionsX: [ 152, 152, 152, 154, 152, 153, 155, 152, 155, 152, 153,
    156, 154, 155, 154, 153, 155, 152, 155, 153, 153, 155, 156, 154, 154,
    155, 153, 152, 155, 155, 153, 153, 153, 152, 152, 154, 156, 152, 152,
    153, 156, 156, 154, 156, 155, 156, 154, 156, 153, 156, 155, 155, 156,
    155, 154, 156, 156, 153, 156, 155, 153, 154, 154, 156, 153, 152, 152,
    155, 155, 153, 156, 152, 155, 154, 153, 155, 153, 155, 154, 156, 154,
    156, 152, 152, 156, 152, 154, 155 ]
RHandPositionsY: [ 276, 279, 277, 278, 276, 274, 277, 272, 272, 271, 272,
    274, 271, 272, 269, 269, 269, 268, 269, 269, 269, 266, 269, 267, 265,
    268, 264, 264, 264, 263, 263, 265, 265, 266, 263, 265, 266, 262, 263,
    263, 262, 261, 264, 262, 262, 264, 261, 260, 264, 263, 260, 261, 260,
    260, 263, 260, 264, 262, 263, 260, 263, 264, 264, 262, 263, 260, 262,
    261, 260, 263, 263, 263, 261, 262, 262, 264, 260, 260, 262, 260, 260,
    264, 262, 261, 263, 263, 263, 262 ]
