%YAML:1.0
---
videoName: "LHShake04.mp4"
gestureLabel: 2
fps: 30
pixelSizeInCmTemp: 3.2808219178082193e-01
faceCenterPointX: 247
faceCenterPointY: 80
LHandPositionsX: [ 282, 284, 282, 280, 280, 282, 280, 279, 281, 283, 279,
    279, 282, 282, 283, 286, 288, 298, 306, 321, 333, 349, 360, 369, 370,
    369, 362, 357, 346, 343, 336, 336, 337, 338, 347, 364, 367, 364, 356,
    346, 338, 341, 342, 344, 348, 354, 356, 355, 354, 346, 343, 342, 342,
    347, 356, 357, 354, 348, 345, 346, 345, 348, 354, 357, 362, 365, 364,
    359, 353, 346, 336, 323, 316, 306, 298, 296, 290, 289, 287, 286, 287,
    286, 289, 286, 286, 290, 288, 286, 289, 287, 288 ]
LHandPositionsY: [ 270, 271, 270, 271, 272, 272, 270, 270, 272, 272, 272,
    270, 270, 272, 270, 269, 262, 253, 242, 231, 218, 202, 190, 175, 164,
    158, 154, 151, 137, 133, 134, 130, 126, 118, 118, 113, 112, 107, 114,
    117, 131, 125, 124, 125, 122, 121, 114, 112, 119, 118, 119, 124, 118,
    116, 116, 115, 111, 111, 115, 118, 114, 112, 110, 105, 108, 106, 107,
    111, 125, 144, 155, 173, 184, 202, 215, 224, 236, 245, 245, 243, 248,
    249, 246, 248, 252, 250, 252, 253, 250, 254, 253 ]
RHandPositionsX: [ 215, 214, 217, 214, 217, 215, 216, 215, 217, 218, 216,
    217, 214, 214, 218, 214, 216, 216, 214, 215, 215, 218, 216, 215, 217,
    218, 216, 218, 216, 215, 214, 217, 215, 216, 216, 217, 214, 215, 216,
    217, 215, 216, 218, 214, 217, 218, 215, 218, 214, 217, 216, 216, 215,
    217, 215, 218, 217, 215, 218, 215, 216, 216, 214, 215, 215, 217, 216,
    217, 216, 218, 214, 216, 214, 214, 217, 217, 216, 216, 217, 216, 218,
    216, 215, 216, 217, 214, 215, 216, 218, 218, 215 ]
RHandPositionsY: [ 267, 267, 266, 267, 269, 270, 269, 266, 269, 270, 269,
    269, 269, 266, 268, 266, 267, 268, 264, 268, 268, 264, 263, 267, 264,
    266, 264, 267, 265, 266, 266, 267, 264, 262, 263, 266, 265, 265, 263,
    266, 264, 264, 266, 266, 265, 264, 263, 264, 263, 261, 262, 265, 264,
    264, 265, 262, 263, 263, 262, 265, 261, 262, 261, 263, 262, 262, 262,
    265, 265, 263, 261, 263, 265, 265, 261, 262, 264, 264, 261, 261, 263,
    261, 265, 264, 262, 262, 261, 261, 262, 264, 263 ]
