%YAML:1.0
---
videoName: "LHShake20.mp4"
gestureLabel: 2
fps: 30
pixelSizeInCmTemp: 3.3732394366197183e-01
faceCenterPointX: 249
faceCenterPointY: 62
LHandPositionsX: [ 315, 313, 316, 313, 316, 316, 316, 312, 318, 316, 322,
    329, 335, 338, 343, 337, 332, 320, 311, 315, 314, 310, 318, 329, 336,
    339, 336, 336, 329, 324, 317, 320, 320, 322, 334, 340, 342, 340, 331,
    324, 322, 323, 319, 326, 331, 332, 328, 332, 326, 319, 319, 320, 321,
    323, 326, 329, 329, 328, 321, 318, 321, 319, 318, 317, 320, 324, 320,
    321, 318, 314, 315, 315, 316, 316, 312, 314, 315, 313, 313, 314, 313,
    313, 315, 312, 314, 316, 315, 313, 312, 313, 316 ]
LHandPositionsY: [ 246, 246, 247, 249, 248, 245, 245, 246, 238, 227, 219,
    202, 187, 177, 169, 167, 161, 156, 158, 160, 161, 158, 150, 145, 146,
    144, 146, 143, 143, 146, 150, 148, 148, 146, 142, 143, 142, 142, 145,
    144, 149, 146, 145, 143, 142, 140, 140, 140, 144, 145, 148, 148, 148,
    144, 139, 136, 134, 133, 138, 144, 145, 144, 145, 147, 147, 149, 161,
    169, 177, 189, 204, 216, 213, 220, 224, 226, 231, 232, 229, 231, 234,
    233, 235, 235, 236, 236, 238, 237, 237, 237, 236 ]
RHandPositionsX: [ 179, 179, 180, 181, 179, 181, 182, 182, 181, 179, 182,
    182, 179, 179, 183, 183, 181, 180, 183, 182, 180, 183, 181, 179, 180,
    183, 180, 183, 183, 179, 182, 182, 182, 181, 183, 181, 181, 182, 179,
    180, 181, 179, 180, 183, 181, 179, 180, 182, 179, 182, 183, 179, 180,
    179, 183, 181, 181, 182, 179, 182, 180, 179, 180, 183, 180, 179, 181,
    181, 183, 183, 180, 181, 183, 180, 182, 180, 182, 181, 181, 180, 181,
    181, 179, 178, 180, 180, 178, 182, 182, 178, 178 ]
RHandPositionsY: [ 257, 253, 255, 254, 253, 257, 255, 256, 252, 254, 254,
    255, 253, 256, 252, 255, 255, 253, 252, 253, 253, 255, 252, 255, 255,
    255, 252, 253, 255, 256, 252, 252, 251, 254, 255, 254, 251, 252, 253,
    255, 253, 254, 253, 255, 251, 252, 254, 254, 251, 255, 253, 255, 251,
    252, 252, 252, 255, 251, 255, 252, 252, 254, 251, 255, 253, 253, 255,
    254, 254, 255, 253, 254, 251, 251, 255, 252, 255, 253, 252, 252, 254,
    253, 253, 255, 253, 251, 254, 253, 255, 253, 251 ]
