%YAML:1.0
---
videoName: "LHShake13.mp4"
gestureLabel: 2
fps: 29
pixelSizeInCmTemp: 3.4214285714285714e-01
faceCenterPointX: 257
faceCenterPointY: 76
LHandPositionsX: [ 325, 323, 323, 323, 323, 325, 323, 324, 325, 327, 331,
    338, 345, 350, 362, 373, 382, 386, 389, 387, 383, 376, 362, 353, 343,
    343, 341, 343, 351, 357, 372, 369, 363, 361, 354, 347, 340, 340, 341,
    350, 360, 369, 367, 363, 361, 351, 342, 345, 345, 347, 358, 367, 366,
    366, 364, 353, 347, 348, 347, 341, 348, 357, 365, 370, 367, 363, 359,
    356, 348, 338, 334, 329, 325, 326, 326, 327, 327, 327, 324, 325, 324,
    327, 325, 324, 328, 327, 324, 328 ]
LHandPositionsY: [ 261, 259, 260, 259, 261, 260, 259, 263, 262, 259, 257,
    249, 238, 225, 211, 199, 187, 175, 167, 158, 152, 151, 151, 153, 157,
    157, 157, 155, 155, 145, 142, 142, 143, 147, 148, 157, 159, 159, 155,
    156, 153, 154, 154, 156, 158, 160, 162, 163, 160, 160, 160, 158, 157,
    155, 158, 159, 163, 166, 162, 163, 159, 158, 155, 154, 152, 146, 145,
    151, 156, 160, 168, 182, 193, 204, 221, 236, 246, 245, 245, 247, 248,
    247, 246, 251, 250, 246, 250, 246 ]
RHandPositionsX: [ 185, 183, 181, 182, 185, 182, 182, 183, 181, 185, 185,
    184, 181, 181, 184, 184, 185, 185, 184, 181, 182, 181, 183, 183, 181,
    181, 182, 184, 184, 182, 185, 183, 185, 182, 182, 182, 183, 184, 184,
    185, 181, 183, 183, 182, 182, 181, 185, 185, 183, 184, 185, 185, 185,
    182, 184, 182, 181, 184, 183, 183, 183, 182, 184, 182, 184, 184, 183,
    181, 184, 181, 181, 183, 183, 184, 182, 185, 184, 182, 181, 181, 184,
    181, 182, 185, 184, 185, 183, 184 ]
RHandPositionsY: [ 267, 268, 268, 268, 268, 270, 270, 269, 269, 271, 271,
    270, 267, 267, 269, 269, 270, 268, 267, 268, 271, 269, 271, 267, 271,
    269, 267, 270, 270, 270, 268, 269, 271, 269, 271, 267, 270, 268, 270,
    269, 267, 270, 268, 267, 268, 270, 268, 267, 270, 267, 271, 269, 271,
    267, 267, 271, 267, 267, 267, 269, 270, 271, 268, 269, 268, 269, 270,
    268, 268, 270, 267, 270, 267, 267, 267, 267, 271, 271, 271, 271, 269,
    268, 269, 270, 270, 269, 270, 271 ]
