%YAML:1.0
---
videoName: "LHShake11.mp4"
gestureLabel: 2
fps: 29
pixelSizeInCmTemp: 3.3732394366197183e-01
faceCenterPointX: 260
faceCenterPointY: 69
LHandPositionsX: [ 385, 385, 385, 376, 363, 353, 349, 351, 346, 346, 355,
    360, 365, 364, 362, 362, 355, 349, 346, 347, 345, 350, 355, 356, 358,
    358, 363, 353, 352, 345, 349, 345, 351, 351, 356, 356, 353, 353, 346,
    342, 338, 339, 339, 341, 348, 355, 359, 358, 357, 356, 352, 342, 338,
    338, 335, 340, 347, 353, 360, 357, 362, 363, 359, 357, 351, 343, 337,
    331, 330, 331, 328, 330, 331, 333, 336, 334, 333, 331, 335, 331, 332,
    333, 333, 333, 335, 335, 333, 332 ]
LHandPositionsY: [ 175, 162, 154, 140, 143, 143, 148, 147, 146, 137, 127,
    128, 125, 127, 126, 125, 134, 141, 142, 142, 144, 135, 130, 131, 131,
    128, 128, 134, 140, 144, 144, 145, 144, 137, 134, 136, 137, 132, 138,
    142, 142, 147, 145, 144, 140, 135, 130, 135, 132, 128, 135, 140, 147,
    142, 148, 147, 142, 136, 135, 137, 141, 140, 147, 156, 164, 176, 189,
    202, 218, 229, 229, 232, 240, 241, 244, 247, 248, 249, 250, 248, 253,
    250, 251, 251, 249, 250, 252, 251 ]
RHandPositionsX: [ 182, 179, 179, 182, 182, 182, 183, 179, 182, 183, 180,
    179, 179, 179, 183, 180, 181, 183, 179, 182, 180, 181, 179, 183, 181,
    179, 180, 182, 179, 183, 181, 183, 179, 179, 180, 179, 181, 183, 179,
    180, 179, 181, 180, 180, 181, 180, 183, 183, 181, 179, 181, 182, 181,
    181, 181, 182, 183, 183, 182, 181, 180, 183, 181, 181, 183, 181, 181,
    182, 180, 183, 182, 183, 179, 181, 183, 183, 179, 182, 182, 181, 182,
    180, 183, 180, 182, 181, 181, 180 ]
RHandPositionsY: [ 275, 276, 275, 275, 276, 276, 273, 273, 274, 276, 275,
    275, 277, 276, 273, 276, 275, 273, 276, 273, 277, 275, 275, 274, 276,
    273, 277, 277, 273, 274, 277, 277, 274, 277, 277, 276, 273, 275, 273,
    275, 277, 275, 274, 274, 277, 277, 274, 273, 275, 275, 276, 274, 274,
    276, 274, 277, 276, 275, 273, 274, 277, 276, 277, 277, 273, 273, 275,
    273, 277, 277, 275, 277, 276, 277, 276, 275, 277, 276, 273, 273, 277,
    273, 273, 277, 274, 274, 276, 274 ]
