%YAML:1.0
---
videoName: "LHShake11.mp4"
gestureLabel: 2
fps: 29
pixelSizeInCmTemp: 3.3732394366197183e-01
faceCenterPointX: 260
faceCenterPointY: 69
LHandPositionsX: [ 384, 386, 386, 374, 363, 354, 346, 353, 345, 349, 355,
    360, 365, 366, 363, 364, 358, 353, 347, 347, 347, 351, 351, 356, 356,
    359, 361, 354, 351, 348, 348, 347, 348, 352, 353, 355, 354, 354, 348,
    344, 340, 340, 341, 339, 347, 354, 356, 355, 356, 358, 353, 343, 339,
    338, 336, 339, 350, 357, 360, 359, 361, 361, 359, 354, 348, 342, 335,
    330, 332, 329, 331, 329, 332, 335, 335, 331, 331, 332, 334, 332, 332,
    334, 335, 334, 331, 334, 335, 333 ]
LHandPositionsY: [ 177, 161, 154, 140, 141, 146, 149, 146, 145, 136, 129,
    127, 126, 125, 126, 129, 132, 137, 142, 141, 141, 135, 128, 131, 129,
    131, 129, 134, 140, 144, 144, 141, 143, 136, 134, 133, 133, 132, 136,
    141, 144, 145, 147, 144, 143, 133, 132, 132, 131, 129, 135, 139, 147,
    143, 148, 145, 146, 139, 136, 139, 140, 142, 146, 155, 166, 176, 189,
    203, 216, 227, 231, 235, 237, 244, 244, 244, 249, 247, 251, 250, 251,
    249, 251, 248, 250, 252, 251, 249 ]
RHandPositionsX: [ 180, 183, 183, 183, 183, 183, 179, 183, 183, 180, 183,
    179, 182, 183, 183, 180, 180, 183, 183, 181, 181, 181, 183, 183, 181,
    182, 179, 181, 182, 183, 179, 180, 179, 180, 179, 179, 179, 183, 180,
    179, 181, 179, 180, 183, 179, 180, 183, 179, 182, 180, 179, 180, 182,
    180, 183, 181, 182, 181, 183, 179, 181, 181, 179, 182, 182, 182, 179,
    179, 179, 182, 180, 181, 180, 180, 179, 183, 181, 180, 179, 180, 181,
    179, 181, 180, 179, 183, 182, 183 ]
RHandPositionsY: [ 277, 277, 277, 276, 275, 275, 275, 274, 277, 276, 275,
    275, 275, 273, 273, 277, 276, 277, 276, 274, 275, 275, 275, 273, 273,
    273, 273, 277, 276, 275, 275, 273, 275, 274, 273, 273, 276, 276, 275,
    276, 277, 274, 274, 277, 275, 277, 276, 273, 277, 275, 276, 275, 273,
    273, 273, 273, 275, 274, 273, 277, 277, 277, 275, 273, 275, 276, 277,
    273, 276, 275, 275, 277, 274, 276, 275, 274, 273, 275, 273, 273, 275,
    276, 273, 277, 273, 276, 276, 277 ]
