%YAML:1.0
---
videoName: "LHShake14.mp4"
gestureLabel: 2
fps: 29
pixelSizeInCmTemp: 3.2808219178082193e-01
faceCenterPointX: 256
faceCenterPointY: 64
LHandPositionsX: [ 351, 351, 348, 359, 370, 383, 391, 389, 390, 378, 369,
    357, 360, 357, 363, 372, 384, 383, 383, 381, 373, 363, 355, 353, 351,
    360, 368, 380, 386, 384, 384, 378, 369, 356, 358, 355, 363, 371, 380,
    381, 381, 377, 370, 361, 362, 360, 361, 363, 370, 376, 375, 379, 374,
    367, 355, 349, 343, 335, 330, 329, 330, 330, 331, 327, 331, 330, 331,
    329, 332, 332, 331, 328, 332, 331, 328, 329, 329, 329, 328, 328, 328,
    331, 327, 329, 330, 330, 331, 327 ]
LHandPositionsY: [ 148, 147, 144, 143, 139, 137, 140, 139, 142, 140, 144,
    147, 150, 150, 146, 145, 141, 137, 139, 139, 140, 141, 144, 149, 149,
    147, 144, 142, 141, 142, 140, 142, 144, 144, 147, 146, 144, 145, 142,
    142, 143, 139, 143, 141, 140, 141, 141, 138, 138, 142, 145, 144, 148,
    153, 158, 167, 179, 190, 199, 210, 223, 233, 235, 238, 242, 246, 249,
    247, 250, 249, 252, 250, 250, 249, 248, 248, 248, 248, 249, 250, 248,
    252, 248, 252, 250, 249, 250, 249 ]
RHandPositionsX: [ 181, 183, 184, 180, 179, 181, 181, 179, 180, 179, 178,
    180, 179, 178, 179, 177, 179, 178, 176, 178, 176, 179, 177, 176, 179,
    178, 177, 176, 176, 179, 176, 177, 177, 175, 175, 178, 175, 179, 177,
    179, 175, 175, 178, 179, 175, 177, 175, 176, 177, 179, 178, 179, 176,
    179, 175, 176, 179, 175, 176, 179, 176, 178, 179, 176, 177, 178, 176,
    177, 176, 178, 176, 177, 178, 178, 177, 176, 179, 176, 178, 179, 175,
    177, 177, 176, 175, 179, 176, 176 ]
RHandPositionsY: [ 276, 278, 276, 277, 279, 278, 279, 275, 278, 277, 276,
    276, 274, 278, 277, 273, 275, 275, 275, 277, 273, 273, 277, 275, 275,
    277, 277, 275, 273, 274, 277, 277, 274, 276, 273, 275, 273, 274, 277,
    274, 274, 275, 274, 274, 275, 274, 275, 273, 273, 275, 277, 273, 273,
    274, 274, 277, 277, 274, 277, 274, 275, 275, 276, 275, 275, 275, 277,
    276, 274, 276, 276, 275, 274, 275, 274, 276, 276, 273, 276, 276, 276,
    275, 276, 276, 274, 276, 273, 275 ]
