%YAML:1.0
---
videoName: "LHShake18.mp4"
gestureLabel: 2
fps: 29
pixelSizeInCmTemp: 3.4214285714285714e-01
faceCenterPointX: 253
faceCenterPointY: 65
LHandPositionsX: [ 313, 315, 311, 312, 315, 313, 315, 313, 315, 314, 315,
    315, 312, 314, 313, 313, 317, 317, 325, 325, 331, 337, 342, 346, 350,
    348, 339, 324, 316, 297, 300, 305, 309, 312, 309, 315, 314, 308, 296,
    290, 295, 298, 305, 316, 313, 309, 306, 297, 288, 285, 286, 297, 306,
    313, 313, 313, 305, 291, 286, 288, 295, 303, 307, 310, 310, 309, 306,
    294, 295, 298, 302, 306, 308, 310, 315, 311, 308, 307, 305, 306, 306,
    304, 307, 310, 309, 309, 308, 308 ]
LHandPositionsY: [ 250, 246, 247, 249, 246, 248, 249, 250, 247, 246, 246,
    249, 250, 250, 247, 250, 245, 250, 242, 234, 219, 202, 191, 179, 165,
    157, 153, 146, 145, 138, 137, 142, 144, 142, 142, 140, 142, 145, 144,
    140, 136, 144, 147, 148, 144, 144, 150, 144, 144, 140, 140, 145, 146,
    148, 149, 149, 153, 145, 144, 145, 152, 154, 151, 154, 154, 153, 159,
    146, 148, 153, 152, 151, 153, 155, 164, 166, 178, 185, 198, 206, 214,
    219, 221, 234, 232, 232, 231, 231 ]
RHandPositionsX: [ 195, 195, 196, 197, 197, 195, 195, 199, 196, 197, 195,
    198, 197, 195, 196, 198, 198, 199, 199, 196, 196, 198, 199, 196, 195,
    197, 195, 198, 195, 194, 196, 196, 197, 199, 197, 195, 198, 196, 200,
    196, 199, 197, 199, 196, 198, 195, 195, 198, 197, 199, 195, 198, 198,
    198, 199, 196, 199, 198, 200, 199, 197, 198, 199, 197, 197, 195, 197,
    199, 196, 198, 195, 194, 194, 195, 196, 195, 196, 194, 194, 195, 197,
    198, 198, 194, 194, 197, 194, 195 ]
RHandPositionsY: [ 265, 265, 263, 266, 262, 265, 268, 263, 265, 265, 263,
    263, 265, 264, 263, 263, 266, 265, 264, 263, 266, 263, 265, 266, 266,
    267, 264, 263, 262, 265, 263, 262, 265, 266, 267, 265, 264, 267, 268,
    266, 265, 266, 264, 267, 266, 266, 264, 266, 266, 267, 265, 265, 267,
    265, 267, 266, 266, 266, 268, 267, 265, 268, 268, 268, 266, 265, 265,
    268, 266, 266, 267, 267, 266, 267, 264, 264, 267, 268, 268, 267, 266,
    266, 266, 266, 267, 268, 264, 264 ]
