%YAML:1.0
---
videoName: "LHShake02.mp4"
gestureLabel: 2
fps: 29
pixelSizeInCmTemp: 3.3263888888888887e-01
faceCenterPointX: 249
faceCenterPointY: 82
LHandPositionsX: [ 363, 360, 362, 368, 374, 382, 386, 384, 388, 385, 384,
    380, 370, 365, 363, 363, 364, 363, 370, 378, 384, 386, 384, 380, 377,
    371, 368, 366, 361, 366, 370, 372, 373, 380, 378, 379, 379, 377, 372,
    367, 366, 361, 358, 355, 357, 361, 365, 371, 369, 372, 369, 367, 364,
    357, 357, 356, 361, 367, 371, 372, 372, 370, 366, 365, 357, 354, 349,
    348, 345, 346, 342, 343, 344, 343, 341, 345, 343, 346, 348, 347, 347,
    348, 349, 346, 346, 350, 347, 349 ]
LHandPositionsY: [ 126, 120, 117, 115, 111, 108, 108, 108, 110, 110, 110,
    109, 111, 112, 114, 112, 111, 110, 107, 105, 104, 100, 102, 105, 102,
    109, 109, 111, 110, 106, 102, 103, 100, 97, 99, 99, 96, 98, 98, 99,
    97, 100, 102, 103, 102, 104, 99, 99, 98, 98, 101, 101, 106, 110, 108,
    108, 109, 106, 106, 107, 106, 102, 101, 108, 122, 135, 150, 161, 162,
    169, 178, 184, 192, 198, 206, 210, 214, 219, 224, 231, 230, 232, 230,
    232, 231, 235, 234, 236 ]
RHandPositionsX: [ 157, 154, 155, 155, 157, 155, 153, 156, 153, 156, 154,
    157, 154, 156, 157, 153, 156, 154, 154, 153, 153, 154, 154, 155, 156,
    154, 155, 153, 154, 157, 153, 155, 153, 155, 156, 154, 155, 154, 155,
    157, 155, 154, 154, 157, 155, 153, 154, 153, 155, 153, 157, 157, 156,
    153, 153, 155, 154, 157, 153, 154, 153, 157, 156, 154, 157, 156, 156,
    157, 155, 157, 155, 156, 156, 156, 153, 156, 157, 155, 157, 156, 153,
    155, 153, 155, 153, 154, 154, 157 ]
RHandPositionsY: [ 261, 263, 265, 261, 262, 260, 261, 259, 260, 260, 262,
    260, 259, 258, 260, 259, 260, 262, 259, 260, 259, 260, 260, 260, 259,
    258, 259, 259, 260, 260, 260, 260, 258, 262, 261, 262, 259, 260, 261,
    259, 260, 261, 261, 260, 260, 259, 262, 259, 259, 262, 258, 260, 259,
    260, 260, 259, 261, 259, 262, 262, 258, 262, 259, 262, 262, 261, 260,
    258, 261, 260, 261, 262, 262, 262, 259, 258, 258, 262, 258, 258, 259,
    261, 258, 259, 261, 261, 262, 258 ]
