%YAML:1.0
---
videoName: "LHShake00.mp4"
gestureLabel: 2
fps: 29
pixelSizeInCmTemp: 3.4214285714285714e-01
faceCenterPointX: 252
faceCenterPointY: 85
LHandPositionsX: [ 352, 351, 348, 348, 352, 357, 357, 358, 352, 345, 336,
    325, 325, 322, 323, 324, 327, 330, 334, 335, 338, 338, 333, 325, 326,
    326, 327, 330, 332, 339, 336, 338, 339, 334, 324, 322, 323, 329, 332,
    336, 339, 344, 340, 341, 332, 324, 325, 322, 324, 327, 334, 335, 338,
    342, 339, 335, 329, 325, 325, 326, 325, 330, 334, 337, 336, 340, 339,
    341, 338, 334, 331, 327, 326, 327, 328, 328, 330, 330, 334, 337, 337,
    338, 338, 343, 343, 344, 343, 342 ]
LHandPositionsY: [ 257, 254, 245, 228, 210, 188, 168, 153, 139, 134, 134,
    136, 138, 137, 133, 132, 134, 131, 127, 128, 126, 127, 130, 134, 131,
    135, 132, 129, 130, 127, 123, 119, 121, 128, 132, 135, 134, 133, 132,
    130, 128, 126, 121, 120, 125, 133, 132, 133, 132, 133, 129, 126, 123,
    122, 123, 128, 131, 129, 130, 130, 128, 124, 124, 122, 119, 117, 117,
    124, 140, 147, 162, 163, 165, 175, 184, 194, 199, 209, 215, 220, 223,
    226, 228, 232, 233, 233, 233, 234 ]
RHandPositionsX: [ 153, 156, 156, 155, 153, 152, 153, 156, 152, 152, 153,
    154, 153, 152, 156, 156, 153, 152, 153, 154, 152, 155, 152, 155, 154,
    152, 154, 153, 154, 156, 154, 155, 155, 155, 154, 156, 152, 152, 154,
    155, 152, 152, 154, 156, 152, 152, 156, 153, 156, 152, 154, 152, 153,
    155, 153, 152, 152, 154, 155, 152, 152, 152, 156, 153, 153, 153, 153,
    154, 154, 156, 152, 154, 152, 153, 155, 156, 156, 152, 154, 154, 155,
    156, 154, 154, 154, 155, 156, 155 ]
RHandPositionsY: [ 278, 277, 279, 275, 278, 274, 273, 276, 273, 275, 275,
    274, 273, 270, 271, 272, 269, 271, 270, 269, 266, 268, 270, 269, 267,
    265, 268, 266, 265, 263, 267, 265, 266, 262, 266, 263, 264, 263, 262,
    263, 265, 262, 264, 263, 260, 264, 264, 263, 262, 261, 261, 263, 264,
    261, 263, 260, 264, 264, 260, 262, 260, 262, 260, 260, 260, 264, 260,
    261, 263, 261, 261, 262, 263, 260, 263, 261, 264, 261, 263, 261, 260,
    263, 264, 264, 263, 261, 260, 262 ]
