%YAML:1.0
---
videoName: "LHShake01.mp4"
gestureLabel: 2
fps: 29
pixelSizeInCmTemp: 3.4214285714285714e-01
faceCenterPointX: 252
faceCenterPointY: 84
LHandPositionsX: [ 366, 367, 363, 362, 360, 353, 348, 340, 338, 333, 334,
    333, 338, 343, 350, 352, 358, 353, 354, 348, 345, 341, 341, 335, 338,
    340, 343, 346, 351, 351, 349, 348, 345, 340, 338, 335, 330, 336, 335,
    339, 344, 347, 348, 348, 349, 348, 342, 339, 334, 336, 335, 333, 337,
    344, 347, 349, 347, 349, 350, 348, 347, 340, 339, 332, 329, 325, 332,
    331, 331, 325, 332, 335, 338, 339, 343, 341, 345, 346, 347, 347, 349,
    347, 347, 348, 352, 352, 351, 351 ]
LHandPositionsY: [ 143, 137, 133, 128, 124, 122, 119, 118, 120, 123, 120,
    119, 123, 115, 114, 113, 109, 110, 109, 112, 112, 114, 111, 114, 112,
    111, 110, 106, 108, 106, 103, 106, 107, 107, 111, 116, 111, 111, 112,
    109, 108, 105, 105, 106, 104, 108, 106, 105, 109, 112, 109, 108, 108,
    105, 104, 103, 104, 103, 101, 104, 106, 102, 108, 120, 132, 140, 152,
    160, 166, 163, 171, 183, 193, 199, 205, 213, 220, 219, 224, 225, 224,
    227, 229, 229, 231, 232, 231, 229 ]
RHandPositionsX: [ 153, 155, 155, 153, 156, 154, 154, 154, 153, 153, 153,
    157, 154, 157, 153, 155, 153, 153, 157, 155, 157, 155, 153, 155, 157,
    154, 156, 155, 154, 156, 155, 154, 157, 154, 156, 153, 157, 154, 154,
    154, 154, 156, 155, 156, 157, 154, 156, 153, 153, 157, 155, 153, 153,
    153, 154, 157, 154, 154, 155, 157, 153, 157, 155, 153, 153, 154, 154,
    154, 154, 157, 155, 153, 153, 156, 155, 154, 155, 155, 157, 153, 156,
    157, 153, 153, 154, 154, 153, 153 ]
RHandPositionsY: [ 270, 267, 267, 267, 266, 267, 269, 266, 269, 269, 268,
    267, 266, 264, 266, 264, 267, 265, 263, 263, 264, 266, 263, 262, 263,
    265, 265, 263, 265, 265, 264, 264, 264, 261, 263, 262, 260, 263, 262,
    262, 263, 261, 260, 262, 259, 260, 261, 261, 261, 262, 262, 261, 262,
    263, 261, 260, 260, 259, 259, 261, 259, 259, 261, 263, 261, 263, 260,
    261, 260, 260, 262, 262, 260, 263, 261, 260, 261, 262, 260, 259, 262,
    262, 263, 260, 261, 259, 260, 262 ]
