%YAML:1.0
---
videoName: "LHShake07.mp4"
gestureLabel: 2
fps: 29
pixelSizeInCmTemp: 3.3732394366197183e-01
faceCenterPointX: 265
faceCenterPointY: 78
LHandPositionsX: [ 346, 350, 352, 355, 362, 369, 377, 385, 391, 395, 395,
    393, 383, 376, 352, 346, 342, 342, 339, 343, 351, 364, 369, 369, 366,
    362, 361, 343, 340, 346, 343, 346, 354, 357, 370, 368, 369, 361, 359,
    351, 345, 346, 347, 349, 357, 361, 364, 361, 363, 362, 338, 326, 332,
    334, 344, 355, 368, 376, 373, 378, 374, 365, 356, 350, 341, 336, 336,
    333, 336, 337, 338, 341, 344, 344, 341, 341, 341, 342, 343, 344, 340,
    342, 342, 341, 343, 344, 340, 344 ]
LHandPositionsY: [ 279, 278, 275, 267, 260, 247, 233, 217, 205, 192, 175,
    161, 150, 137, 140, 140, 146, 144, 145, 146, 143, 137, 136, 136, 135,
    139, 136, 136, 145, 140, 136, 131, 132, 133, 124, 122, 129, 131, 135,
    135, 145, 142, 148, 140, 135, 138, 140, 139, 131, 131, 135, 152, 144,
    135, 132, 131, 131, 132, 132, 128, 130, 136, 148, 154, 167, 177, 194,
    203, 217, 229, 242, 253, 250, 253, 258, 260, 261, 263, 263, 265, 267,
    266, 269, 267, 269, 266, 266, 268 ]
RHandPositionsX: [ 183, 181, 184, 181, 181, 183, 181, 183, 185, 181, 181,
    182, 185, 183, 185, 181, 184, 182, 184, 185, 184, 183, 181, 184, 182,
    185, 183, 182, 185, 182, 185, 185, 181, 184, 184, 184, 183, 181, 184,
    182, 184, 184, 183, 184, 184, 185, 184, 185, 183, 184, 185, 185, 184,
    185, 183, 183, 181, 185, 183, 185, 185, 184, 183, 185, 185, 182, 181,
    185, 182, 185, 185, 183, 183, 182, 181, 184, 183, 183, 184, 184, 182,
    182, 181, 181, 182, 183, 184, 182 ]
RHandPositionsY: [ 278, 276, 280, 280, 278, 277, 278, 279, 278, 276, 279,
    279, 277, 278, 279, 280, 280, 278, 279, 276, 280, 278, 279, 277, 280,
    278, 280, 277, 278, 280, 280, 278, 276, 278, 279, 276, 279, 279, 279,
    278, 277, 276, 280, 277, 277, 278, 277, 278, 278, 276, 277, 277, 280,
    280, 276, 276, 276, 278, 279, 280, 279, 277, 278, 276, 277, 277, 279,
    278, 278, 277, 280, 276, 276, 279, 278, 279, 277, 280, 276, 279, 280,
    277, 278, 278, 280, 280, 279, 280 ]
