%YAML:1.0
---
videoName: "LHShake20.mp4"
gestureLabel: 2
fps: 30
pixelSizeInCmTemp: 3.3732394366197183e-01
faceCenterPointX: 249
faceCenterPointY: 62
LHandPositionsX: [ 312, 316, 315, 314, 313, 315, 315, 316, 317, 317, 322,
    329, 333, 339, 343, 337, 328, 322, 313, 316, 313, 311, 319, 327, 338,
    336, 339, 339, 330, 320, 318, 320, 319, 323, 336, 343, 339, 340, 330,
    324, 322, 325, 321, 325, 332, 332, 329, 331, 324, 320, 319, 320, 322,
    326, 322, 328, 331, 328, 324, 319, 318, 318, 320, 317, 321, 320, 319,
    319, 319, 317, 316, 313, 315, 316, 314, 316, 313, 315, 313, 313, 313,
    313, 312, 313, 312, 313, 312, 312, 313, 313, 316 ]
LHandPositionsY: [ 250, 250, 248, 247, 246, 245, 245, 243, 234, 227, 218,
    205, 187, 179, 170, 165, 161, 158, 161, 163, 157, 157, 151, 148, 142,
    145, 143, 145, 142, 147, 150, 146, 149, 146, 144, 142, 141, 144, 142,
    146, 145, 147, 144, 143, 141, 143, 140, 142, 143, 149, 149, 147, 147,
    143, 141, 135, 134, 133, 137, 145, 144, 142, 146, 146, 148, 148, 158,
    167, 180, 191, 204, 214, 217, 220, 224, 229, 229, 231, 232, 230, 234,
    232, 234, 236, 238, 235, 235, 239, 236, 237, 240 ]
RHandPositionsX: [ 181, 183, 180, 179, 183, 183, 182, 182, 179, 181, 180,
    183, 181, 182, 181, 181, 179, 181, 181, 180, 182, 180, 183, 183, 183,
    183, 181, 182, 181, 181, 179, 180, 179, 182, 183, 180, 183, 183, 182,
    179, 183, 183, 182, 179, 180, 182, 179, 180, 181, 183, 183, 181, 181,
    180, 180, 183, 179, 179, 180, 180, 180, 182, 180, 182, 181, 180, 182,
    180, 180, 182, 180, 179, 180, 180, 182, 179, 180, 178, 181, 178, 181,
    179, 181, 181, 182, 178, 180, 181, 181, 182, 182 ]
RHandPositionsY: [ 257, 256, 255, 253, 257, 254, 256, 255, 254, 256, 256,
    255, 253, 253, 252, 256, 252, 254, 252, 252, 253, 254, 255, 256, 252,
    255, 252, 254, 256, 254, 252, 252, 253, 254, 253, 253, 255, 254, 255,
    252, 251, 253, 253, 254, 254, 252, 252, 252, 252, 255, 255, 254, 254,
    252, 254, 255, 252, 253, 253, 251, 252, 255, 252, 252, 252, 252, 255,
    253, 251, 251, 254, 251, 252, 251, 254, 254, 254, 252, 255, 252, 255,
    251, 253, 254, 253, 253, 253, 251, 253, 255, 254 ]
