%YAML:1.0
---
videoName: "LHShake24.mp4"
gestureLabel: 2
fps: 30
pixelSizeInCmTemp: 3.4214285714285714e-01
faceCenterPointX: 255
faceCenterPointY: 77
LHandPositionsX: [ 328, 327, 326, 330, 327, 330, 327, 328, 330, 329, 332,
    334, 341, 349, 354, 363, 370, 375, 382, 378, 380, 380, 372, 362, 350,
    339, 342, 341, 340, 350, 357, 367, 376, 377, 374, 377, 367, 356, 346,
    336, 341, 339, 343, 351, 365, 365, 367, 367, 363, 354, 343, 338, 340,
    341, 343, 355, 364, 372, 367, 375, 370, 360, 355, 347, 346, 346, 347,
    354, 361, 366, 368, 370, 364, 357, 350, 340, 338, 335, 326, 326, 324,
    327, 326, 325, 324, 325, 325, 327, 324, 328, 325 ]
LHandPositionsY: [ 260, 262, 262, 262, 261, 263, 261, 264, 260, 261, 259,
    255, 245, 238, 224, 208, 195, 182, 174, 170, 162, 155, 152, 155, 158,
    164, 161, 163, 161, 162, 156, 153, 150, 151, 148, 144, 145, 147, 154,
    155, 153, 154, 153, 153, 151, 148, 148, 152, 154, 157, 158, 162, 164,
    165, 162, 160, 158, 160, 156, 157, 155, 157, 159, 165, 161, 162, 161,
    160, 159, 157, 158, 159, 159, 160, 158, 164, 171, 179, 189, 195, 207,
    221, 230, 233, 237, 241, 245, 248, 248, 248, 247 ]
RHandPositionsX: [ 181, 181, 183, 183, 179, 180, 181, 180, 183, 183, 183,
    180, 180, 179, 179, 182, 180, 180, 180, 182, 183, 183, 179, 182, 180,
    182, 180, 181, 183, 182, 183, 183, 180, 179, 182, 179, 179, 181, 180,
    181, 181, 181, 182, 179, 180, 180, 180, 179, 183, 183, 182, 183, 183,
    179, 179, 183, 182, 179, 179, 181, 181, 183, 179, 179, 183, 181, 179,
    182, 180, 182, 180, 180, 181, 179, 179, 181, 182, 180, 183, 180, 181,
    180, 182, 181, 179, 183, 183, 179, 183, 180, 182 ]
RHandPositionsY: [ 267, 267, 267, 271, 270, 267, 271, 270, 267, 268, 271,
    269, 271, 270, 268, 270, 269, 267, 268, 267, 271, 270, 271, 267, 267,
    269, 269, 270, 267, 270, 271, 268, 267, 268, 270, 267, 267, 269, 270,
    270, 271, 269, 271, 268, 269, 270, 271, 270, 269, 271, 271, 267, 269,
    269, 268, 271, 270, 267, 268, 271, 267, 267, 267, 271, 269, 268, 271,
    267, 269, 269, 267, 270, 271, 267, 267, 267, 269, 269, 270, 270, 267,
    268, 271, 267, 271, 271, 269, 267, 270, 271, 267 ]
