%YAML:1.0
---
videoName: "LHShake19.mp4"
gestureLabel: 2
fps: 29
pixelSizeInCmTemp: 3.3732394366197183e-01
faceCenterPointX: 250
faceCenterPointY: 62
LHandPositionsX: [ 308, 306, 305, 308, 307, 308, 305, 306, 305, 308, 309,
    306, 307, 307, 307, 310, 309, 314, 321, 324, 327, 320, 311, 292, 288,
    290, 290, 299, 305, 313, 314, 313, 305, 298, 290, 288, 291, 301, 309,
    315, 317, 311, 304, 291, 289, 292, 299, 308, 313, 311, 312, 305, 294,
    294, 294, 301, 305, 317, 316, 318, 313, 311, 307, 302, 298, 294, 290,
    295, 294, 299, 303, 300, 304, 305, 305, 308, 307, 311, 307, 308, 310,
    308, 308, 307, 310, 308, 308, 308 ]
LHandPositionsY: [ 251, 251, 249, 249, 248, 249, 249, 250, 249, 249, 252,
    250, 247, 250, 246, 240, 230, 213, 203, 191, 178, 168, 161, 161, 157,
    152, 159, 157, 157, 151, 151, 151, 154, 154, 148, 147, 153, 154, 154,
    152, 150, 150, 157, 147, 148, 154, 155, 152, 152, 151, 155, 157, 147,
    146, 153, 158, 157, 151, 151, 152, 154, 153, 156, 163, 168, 172, 177,
    191, 197, 209, 218, 216, 219, 219, 223, 231, 229, 236, 235, 234, 234,
    236, 239, 239, 238, 237, 237, 241 ]
RHandPositionsX: [ 196, 198, 195, 197, 197, 197, 198, 198, 198, 197, 195,
    196, 198, 196, 199, 197, 199, 199, 196, 199, 195, 195, 197, 197, 198,
    196, 198, 197, 196, 195, 193, 194, 195, 194, 192, 194, 194, 195, 193,
    193, 195, 193, 192, 194, 194, 192, 191, 192, 191, 195, 191, 195, 195,
    194, 191, 194, 195, 193, 194, 193, 195, 195, 193, 192, 194, 191, 193,
    191, 192, 195, 191, 192, 194, 193, 193, 195, 191, 194, 192, 191, 193,
    192, 192, 192, 195, 193, 192, 193 ]
RHandPositionsY: [ 256, 254, 258, 256, 255, 258, 257, 258, 255, 254, 257,
    256, 257, 255, 258, 258, 257, 258, 255, 257, 254, 258, 255, 258, 256,
    257, 255, 257, 254, 258, 258, 255, 256, 258, 257, 255, 255, 255, 257,
    258, 254, 255, 257, 256, 257, 258, 254, 256, 257, 256, 255, 258, 254,
    256, 255, 256, 257, 255, 258, 257, 254, 254, 257, 258, 255, 257, 257,
    257, 257, 255, 258, 256, 255, 254, 258, 255, 256, 257, 255, 257, 257,
    255, 255, 255, 257, 254, 254, 254 ]
