%YAML:1.0
---
videoName: "LHShake19.mp4"
gestureLabel: 2
fps: 29
pixelSizeInCmTemp: 3.3732394366197183e-01
faceCenterPointX: 250
faceCenterPointY: 62
LHandPositionsX: [ 307, 306, 305, 308, 308, 308, 307, 305, 307, 306, 306,
    307, 307, 309, 305, 308, 312, 314, 323, 326, 326, 324, 309, 292, 288,
    288, 291, 296, 307, 313, 313, 314, 304, 296, 290, 286, 291, 301, 310,
    319, 317, 311, 307, 291, 293, 296, 301, 305, 312, 312, 310, 306, 293,
    290, 295, 300, 306, 315, 318, 317, 314, 309, 304, 299, 296, 293, 293,
    292, 294, 301, 302, 303, 304, 305, 307, 306, 306, 310, 310, 308, 309,
    307, 309, 310, 311, 307, 311, 308 ]
LHandPositionsY: [ 249, 251, 252, 250, 251, 251, 249, 251, 250, 251, 252,
    248, 251, 249, 247, 240, 229, 213, 205, 189, 178, 170, 164, 160, 153,
    155, 159, 155, 157, 152, 152, 155, 155, 152, 149, 146, 156, 152, 152,
    150, 152, 152, 157, 148, 148, 155, 156, 152, 155, 151, 154, 158, 149,
    145, 156, 156, 156, 153, 152, 150, 153, 153, 158, 161, 168, 172, 181,
    188, 199, 208, 218, 214, 216, 222, 226, 227, 230, 232, 236, 237, 235,
    238, 237, 236, 238, 238, 239, 237 ]
RHandPositionsX: [ 197, 197, 197, 199, 198, 196, 196, 198, 199, 197, 197,
    196, 197, 199, 198, 199, 196, 197, 197, 195, 199, 199, 197, 194, 197,
    198, 194, 196, 197, 197, 195, 197, 196, 196, 193, 192, 195, 194, 194,
    192, 195, 191, 192, 193, 193, 194, 191, 195, 191, 195, 192, 195, 191,
    194, 193, 192, 192, 191, 194, 195, 192, 194, 191, 194, 191, 193, 191,
    193, 195, 195, 194, 192, 195, 195, 191, 193, 195, 192, 193, 192, 194,
    191, 191, 193, 193, 195, 192, 191 ]
RHandPositionsY: [ 256, 254, 255, 255, 254, 254, 257, 255, 254, 257, 256,
    254, 255, 257, 258, 255, 255, 254, 254, 255, 255, 255, 257, 254, 256,
    254, 254, 258, 255, 258, 257, 255, 257, 258, 255, 257, 255, 254, 257,
    257, 257, 255, 255, 257, 258, 256, 254, 258, 257, 256, 254, 256, 257,
    255, 255, 257, 254, 254, 255, 257, 258, 257, 257, 255, 258, 254, 254,
    255, 254, 256, 258, 256, 256, 257, 254, 258, 257, 256, 255, 258, 258,
    256, 258, 258, 258, 258, 256, 254 ]
