%YAML:1.0
---
videoName: "LHShake22.mp4"
gestureLabel: 2
fps: 29
pixelSizeInCmTemp: 3.5220588235294115e-01
faceCenterPointX: 261
faceCenterPointY: 79
LHandPositionsX: [ 335, 343, 349, 353, 354, 356, 356, 355, 345, 336, 329,
    318, 320, 318, 319, 323, 330, 338, 346, 343, 343, 345, 339, 331, 321,
    321, 324, 325, 331, 339, 344, 343, 341, 338, 328, 323, 319, 319, 317,
    324, 327, 333, 336, 337, 337, 330, 327, 319, 321, 322, 322, 330, 336,
    343, 342, 341, 339, 335, 327, 319, 320, 317, 317, 323, 328, 336, 336,
    336, 334, 329, 327, 326, 322, 317, 322, 324, 325, 327, 328, 323, 325,
    327, 325, 323, 323, 326, 323, 327 ]
LHandPositionsY: [ 261, 256, 246, 239, 233, 218, 207, 204, 195, 189, 184,
    187, 185, 186, 183, 180, 180, 175, 175, 175, 173, 169, 174, 175, 180,
    179, 180, 179, 176, 172, 174, 170, 170, 171, 176, 180, 184, 183, 185,
    183, 181, 177, 177, 176, 177, 178, 177, 179, 180, 183, 181, 179, 178,
    176, 177, 175, 175, 178, 179, 183, 184, 181, 183, 178, 180, 180, 176,
    180, 182, 189, 193, 202, 212, 222, 229, 241, 241, 246, 245, 246, 246,
    250, 247, 250, 247, 248, 249, 251 ]
RHandPositionsX: [ 193, 193, 191, 192, 192, 190, 189, 193, 193, 192, 190,
    189, 193, 190, 191, 191, 190, 189, 193, 191, 190, 190, 192, 192, 193,
    193, 192, 192, 191, 190, 190, 189, 193, 191, 190, 190, 189, 191, 193,
    193, 189, 189, 190, 191, 192, 193, 191, 189, 192, 190, 189, 192, 193,
    192, 193, 190, 193, 189, 192, 191, 190, 190, 192, 190, 190, 189, 193,
    191, 191, 192, 190, 189, 190, 189, 193, 191, 193, 189, 191, 193, 192,
    190, 191, 190, 193, 191, 191, 189 ]
RHandPositionsY: [ 269, 269, 268, 268, 267, 267, 269, 270, 270, 266, 266,
    270, 268, 269, 266, 270, 268, 267, 266, 266, 266, 266, 266, 266, 269,
    269, 268, 268, 268, 266, 268, 266, 267, 266, 267, 268, 266, 267, 270,
    270, 267, 269, 268, 270, 268, 270, 266, 268, 267, 268, 270, 266, 266,
    266, 267, 270, 270, 270, 268, 270, 266, 267, 270, 269, 270, 268, 270,
    266, 270, 266, 270, 267, 269, 270, 270, 268, 266, 267, 270, 270, 269,
    270, 266, 266, 270, 270, 269, 270 ]
