%YAML:1.0
---
videoName: "LHShake16.mp4"
gestureLabel: 2
fps: 30
pixelSizeInCmTemp: 3.3732394366197183e-01
faceCenterPointX: 247
faceCenterPointY: 66
LHandPositionsX: [ 325, 322, 325, 328, 331, 337, 343, 351, 365, 372, 384,
    394, 405, 410, 406, 402, 400, 390, 377, 362, 355, 355, 362, 373, 380,
    399, 397, 391, 388, 385, 373, 369, 372, 369, 371, 380, 391, 386, 404,
    397, 386, 372, 366, 365, 366, 370, 376, 386, 397, 409, 395, 383, 370,
    363, 363, 360, 365, 368, 377, 392, 386, 385, 390, 384, 375, 366, 359,
    348, 346, 334, 335, 330, 329, 332, 329, 330, 328, 329, 329, 329, 329,
    328, 329, 328, 326, 325, 324, 325, 324, 327, 325 ]
LHandPositionsY: [ 256, 252, 253, 253, 249, 245, 233, 222, 207, 196, 181,
    169, 154, 150, 144, 135, 123, 114, 119, 110, 116, 119, 125, 115, 112,
    113, 119, 120, 117, 118, 119, 132, 132, 136, 129, 117, 119, 121, 121,
    120, 116, 126, 135, 134, 135, 136, 131, 124, 124, 123, 124, 130, 139,
    145, 144, 143, 146, 146, 132, 125, 129, 131, 127, 133, 143, 153, 159,
    169, 179, 196, 204, 213, 224, 225, 230, 234, 235, 237, 237, 239, 242,
    239, 243, 242, 244, 241, 241, 243, 245, 244, 242 ]
RHandPositionsX: [ 179, 175, 175, 177, 175, 178, 175, 179, 177, 179, 179,
    176, 176, 178, 176, 175, 175, 179, 179, 175, 176, 176, 176, 179, 178,
    176, 178, 178, 178, 178, 176, 179, 178, 176, 176, 179, 176, 179, 176,
    176, 175, 177, 175, 175, 175, 175, 175, 176, 178, 175, 176, 179, 175,
    176, 177, 179, 176, 179, 179, 178, 176, 175, 179, 176, 176, 177, 176,
    177, 177, 175, 176, 175, 179, 176, 177, 175, 179, 176, 176, 175, 175,
    175, 178, 176, 179, 175, 177, 177, 177, 178, 176 ]
RHandPositionsY: [ 261, 262, 260, 261, 258, 261, 262, 259, 258, 259, 258,
    262, 260, 262, 258, 260, 260, 262, 262, 259, 262, 258, 262, 258, 260,
    261, 258, 258, 258, 262, 258, 261, 259, 259, 261, 261, 260, 259, 262,
    260, 260, 259, 262, 259, 260, 261, 260, 262, 261, 261, 262, 261, 262,
    259, 262, 259, 258, 259, 258, 261, 262, 262, 261, 262, 262, 262, 262,
    259, 262, 259, 258, 261, 259, 260, 262, 260, 261, 258, 262, 261, 262,
    260, 259, 258, 262, 259, 259, 259, 258, 258, 260 ]
