%YAML:1.0
---
videoName: "LHShake22.mp4"
gestureLabel: 2
fps: 29
pixelSizeInCmTemp: 3.5220588235294115e-01
faceCenterPointX: 261
faceCenterPointY: 79
LHandPositionsX: [ 336, 345, 347, 353, 354, 359, 355, 354, 345, 335, 329,
    319, 319, 322, 320, 322, 329, 340, 345, 344, 345, 344, 339, 328, 325,
    323, 326, 324, 330, 339, 343, 342, 344, 335, 329, 324, 317, 317, 320,
    323, 326, 334, 335, 336, 336, 328, 324, 322, 318, 320, 325, 327, 337,
    342, 345, 343, 339, 333, 323, 319, 318, 314, 318, 323, 332, 338, 333,
    333, 336, 333, 328, 325, 319, 319, 322, 323, 322, 326, 327, 325, 326,
    326, 323, 326, 323, 326, 324, 327 ]
LHandPositionsY: [ 261, 254, 244, 235, 236, 220, 207, 204, 195, 188, 188,
    185, 184, 184, 181, 181, 179, 175, 174, 174, 174, 169, 171, 176, 176,
    176, 179, 176, 174, 172, 170, 173, 172, 174, 175, 177, 181, 180, 185,
    181, 179, 176, 176, 177, 175, 177, 180, 183, 180, 183, 183, 183, 177,
    175, 174, 174, 178, 175, 179, 180, 180, 183, 181, 180, 176, 176, 179,
    181, 186, 191, 197, 201, 209, 218, 231, 240, 243, 246, 247, 247, 248,
    249, 251, 249, 248, 251, 247, 247 ]
RHandPositionsX: [ 193, 192, 192, 189, 192, 191, 189, 189, 192, 190, 191,
    193, 191, 190, 192, 190, 193, 189, 193, 191, 189, 190, 192, 192, 192,
    193, 193, 190, 192, 192, 192, 192, 190, 191, 190, 191, 189, 193, 193,
    193, 190, 189, 193, 192, 189, 193, 189, 193, 191, 191, 189, 190, 193,
    192, 190, 192, 192, 193, 193, 189, 192, 189, 189, 189, 193, 191, 191,
    190, 192, 192, 193, 189, 189, 189, 190, 190, 190, 189, 189, 189, 191,
    192, 189, 191, 190, 190, 193, 191 ]
RHandPositionsY: [ 269, 266, 266, 269, 268, 267, 268, 266, 267, 267, 267,
    266, 266, 270, 269, 266, 268, 270, 266, 268, 267, 267, 269, 270, 267,
    266, 267, 266, 267, 267, 269, 268, 266, 269, 269, 268, 268, 267, 270,
    266, 269, 266, 268, 269, 268, 268, 269, 267, 268, 268, 268, 266, 267,
    267, 268, 266, 268, 270, 268, 269, 266, 268, 269, 270, 270, 266, 268,
    266, 269, 268, 267, 266, 266, 267, 267, 266, 268, 266, 266, 267, 266,
    270, 267, 270, 266, 267, 269, 269 ]
