%YAML:1.0
---
videoName: "LHShake22.mp4"
gestureLabel: 2
fps: 29
pixelSizeInCmTemp: 3.5220588235294115e-01
faceCenterPointX: 261
faceCenterPointY: 79
LHandPositionsX: [ 334, 342, 349, 355, 355, 359, 357, 356, 348, 337, 329,
    322, 318, 319, 319, 322, 331, 336, 345, 346, 343, 345, 336, 328, 325,
    321, 324, 324, 331, 338, 341, 342, 340, 338, 330, 322, 319, 316, 317,
    324, 327, 334, 336, 335, 337, 332, 327, 322, 319, 319, 324, 329, 334,
    344, 343, 341, 342, 333, 327, 319, 320, 317, 317, 324, 330, 335, 337,
    333, 336, 333, 327, 326, 323, 320, 321, 324, 325, 326, 328, 327, 326,
    324, 324, 325, 325, 326, 324, 325 ]
LHandPositionsY: [ 258, 254, 248, 235, 236, 218, 207, 204, 196, 190, 188,
    185, 185, 183, 184, 181, 179, 175, 171, 173, 170, 170, 172, 178, 177,
    176, 177, 180, 175, 174, 171, 172, 171, 170, 176, 179, 182, 183, 182,
    184, 178, 178, 175, 173, 174, 174, 179, 181, 180, 183, 183, 182, 177,
    176, 174, 175, 177, 178, 179, 181, 181, 181, 179, 181, 179, 176, 178,
    178, 185, 187, 197, 202, 212, 220, 232, 239, 242, 243, 246, 249, 249,
    248, 251, 248, 249, 248, 250, 250 ]
RHandPositionsX: [ 192, 190, 189, 191, 193, 191, 189, 189, 191, 189, 191,
    190, 192, 193, 189, 189, 190, 193, 192, 193, 191, 193, 189, 191, 193,
    189, 190, 191, 189, 191, 192, 191, 193, 192, 192, 191, 191, 192, 193,
    192, 192, 192, 191, 193, 192, 189, 193, 191, 190, 191, 192, 193, 191,
    192, 192, 192, 192, 193, 192, 190, 193, 191, 190, 191, 189, 191, 189,
    189, 190, 193, 189, 191, 189, 193, 189, 191, 191, 192, 192, 189, 193,
    192, 191, 192, 190, 193, 189, 189 ]
RHandPositionsY: [ 269, 270, 270, 269, 266, 270, 268, 269, 267, 268, 268,
    269, 267, 268, 270, 268, 270, 270, 267, 268, 270, 269, 266, 269, 268,
    269, 267, 267, 270, 267, 268, 268, 267, 268, 269, 266, 268, 270, 270,
    267, 267, 267, 267, 269, 267, 268, 269, 266, 269, 267, 269, 269, 270,
    266, 270, 268, 267, 266, 266, 267, 268, 266, 266, 266, 266, 270, 267,
    267, 269, 268, 268, 266, 267, 270, 269, 270, 267, 267, 267, 267, 269,
    268, 270, 269, 266, 269, 267, 270 ]
