%YAML:1.0
---
videoName: "LHShake08.mp4"
gestureLabel: 2
fps: 29
pixelSizeInCmTemp: 3.4710144927536229e-01
faceCenterPointX: 261
faceCenterPointY: 69
LHandPositionsX: [ 340, 340, 345, 346, 351, 347, 354, 365, 369, 372, 375,
    375, 378, 365, 358, 345, 340, 341, 343, 345, 350, 359, 367, 367, 362,
    362, 358, 353, 342, 338, 338, 338, 342, 352, 358, 366, 369, 369, 369,
    364, 352, 343, 338, 335, 337, 339, 339, 347, 359, 357, 359, 360, 354,
    352, 344, 345, 341, 341, 344, 347, 353, 362, 372, 369, 369, 371, 362,
    358, 352, 343, 337, 337, 333, 329, 331, 333, 335, 338, 337, 339, 338,
    338, 335, 338, 338, 336, 339, 337 ]
LHandPositionsY: [ 269, 269, 265, 253, 249, 237, 218, 201, 185, 175, 161,
    155, 145, 144, 146, 145, 151, 151, 152, 152, 149, 145, 138, 140, 140,
    136, 143, 145, 149, 153, 151, 155, 154, 152, 148, 148, 150, 150, 148,
    151, 151, 154, 160, 160, 161, 162, 161, 160, 157, 155, 154, 154, 155,
    156, 160, 159, 162, 159, 163, 156, 153, 148, 148, 148, 144, 148, 149,
    155, 158, 167, 176, 186, 198, 208, 219, 235, 244, 246, 246, 249, 256,
    256, 254, 257, 257, 257, 258, 255 ]
RHandPositionsX: [ 176, 174, 174, 176, 174, 174, 172, 176, 176, 176, 175,
    174, 175, 175, 173, 176, 175, 172, 174, 172, 176, 175, 175, 172, 173,
    173, 172, 176, 175, 176, 172, 174, 173, 173, 173, 177, 175, 173, 175,
    175, 175, 177, 174, 177, 174, 176, 178, 178, 177, 175, 174, 174, 177,
    174, 176, 174, 178, 175, 175, 178, 176, 178, 174, 174, 178, 178, 178,
    178, 177, 177, 175, 176, 176, 176, 177, 175, 175, 176, 174, 177, 174,
    178, 174, 175, 175, 178, 178, 178 ]
RHandPositionsY: [ 276, 276, 277, 273, 274, 275, 274, 276, 273, 277, 275,
    276, 277, 276, 273, 273, 275, 276, 275, 274, 277, 277, 276, 276, 277,
    275, 276, 275, 276, 274, 277, 274, 276, 273, 276, 275, 274, 275, 274,
    276, 276, 275, 275, 275, 274, 277, 275, 274, 276, 273, 277, 276, 275,
    275, 276, 275, 277, 277, 274, 277, 273, 276, 277, 276, 276, 275, 273,
    277, 277, 273, 275, 273, 274, 273, 277, 275, 275, 275, 276, 276, 273,
    274, 276, 273, 275, 275, 276, 274 ]
