%YAML:1.0
---
videoName: "LHShake01.mp4"
gestureLabel: 2
fps: 29
pixelSizeInCmTemp: 3.4214285714285714e-01
faceCenterPointX: 252
faceCenterPointY: 84
LHandPositionsX: [ 367, 367, 363, 362, 359, 353, 349, 340, 337, 331, 331,
    336, 339, 342, 349, 355, 356, 353, 351, 348, 345, 342, 339, 339, 337,
    337, 341, 346, 350, 349, 352, 351, 345, 341, 336, 335, 333, 335, 335,
    339, 346, 349, 346, 350, 350, 345, 342, 337, 334, 333, 331, 336, 335,
    341, 348, 349, 348, 350, 346, 346, 346, 340, 339, 332, 328, 329, 332,
    333, 334, 325, 330, 333, 337, 337, 339, 344, 347, 345, 348, 349, 349,
    347, 348, 349, 352, 350, 349, 351 ]
LHandPositionsY: [ 145, 138, 131, 129, 125, 120, 119, 118, 118, 123, 121,
    121, 122, 117, 113, 109, 109, 108, 111, 111, 112, 112, 113, 115, 113,
    112, 111, 107, 106, 106, 104, 107, 106, 110, 109, 115, 113, 114, 112,
    109, 111, 108, 105, 102, 106, 106, 107, 105, 109, 110, 110, 109, 107,
    105, 105, 102, 104, 103, 101, 101, 105, 103, 105, 120, 134, 144, 152,
    162, 163, 163, 173, 181, 193, 198, 206, 216, 220, 219, 222, 225, 228,
    226, 227, 231, 229, 232, 229, 228 ]
RHandPositionsX: [ 153, 153, 154, 154, 155, 156, 155, 154, 156, 154, 155,
    157, 153, 154, 155, 157, 154, 156, 153, 155, 157, 154, 154, 154, 157,
    153, 153, 154, 156, 153, 153, 153, 155, 153, 154, 154, 156, 157, 153,
    153, 153, 156, 153, 157, 156, 153, 156, 155, 157, 155, 155, 156, 156,
    156, 156, 153, 157, 153, 154, 156, 157, 155, 154, 157, 154, 156, 153,
    153, 156, 157, 154, 153, 153, 156, 153, 153, 155, 155, 157, 154, 153,
    157, 155, 157, 157, 155, 157, 155 ]
RHandPositionsY: [ 269, 269, 267, 271, 269, 266, 269, 268, 267, 266, 267,
    266, 269, 265, 265, 267, 267, 265, 264, 264, 267, 264, 266, 265, 265,
    261, 261, 265, 264, 265, 264, 265, 262, 261, 261, 264, 262, 264, 262,
    264, 262, 261, 261, 260, 263, 262, 260, 260, 259, 261, 261, 263, 259,
    259, 259, 261, 260, 263, 259, 259, 259, 262, 261, 263, 260, 260, 262,
    261, 261, 260, 259, 259, 260, 261, 260, 261, 260, 262, 259, 263, 261,
    260, 259, 263, 262, 261, 261, 262 ]
