%YAML:1.0
---
videoName: "LHShake10.mp4"
gestureLabel: 2
fps: 29
pixelSizeInCmTemp: 3.4214285714285714e-01
faceCenterPointX: 253
faceCenterPointY: 65
LHandPositionsX: [ 337, 334, 338, 337, 335, 339, 344, 350, 351, 356, 368,
    375, 385, 392, 393, 396, 393, 383, 375, 366, 358, 352, 351, 353, 362,
    372, 383, 391, 390, 392, 389, 386, 375, 366, 357, 358, 361, 363, 366,
    370, 372, 370, 373, 369, 366, 363, 351, 345, 342, 343, 345, 352, 359,
    373, 380, 382, 380, 376, 364, 356, 352, 352, 348, 350, 355, 364, 373,
    382, 380, 376, 379, 372, 367, 363, 353, 350, 346, 344, 340, 338, 335,
    337, 333, 337, 334, 336, 336, 336 ]
LHandPositionsY: [ 268, 268, 270, 269, 272, 272, 269, 260, 249, 239, 223,
    209, 192, 180, 166, 155, 140, 136, 136, 139, 146, 147, 147, 147, 150,
    149, 137, 139, 139, 142, 144, 143, 146, 149, 150, 150, 148, 147, 138,
    132, 132, 135, 135, 134, 131, 129, 136, 142, 142, 142, 146, 144, 137,
    142, 142, 143, 144, 143, 144, 150, 152, 153, 154, 152, 149, 151, 146,
    148, 148, 147, 150, 154, 156, 163, 173, 184, 194, 208, 218, 233, 242,
    255, 252, 257, 255, 257, 259, 261 ]
RHandPositionsX: [ 174, 175, 174, 174, 176, 175, 175, 174, 176, 174, 174,
    176, 174, 174, 172, 173, 173, 174, 173, 175, 172, 173, 175, 171, 175,
    175, 172, 174, 174, 171, 175, 171, 175, 171, 175, 172, 174, 173, 175,
    173, 175, 172, 171, 171, 173, 174, 171, 174, 172, 174, 173, 175, 175,
    174, 175, 171, 175, 173, 173, 174, 175, 174, 171, 172, 171, 173, 175,
    173, 172, 173, 173, 171, 171, 173, 175, 174, 173, 173, 173, 173, 172,
    175, 175, 173, 173, 171, 172, 173 ]
RHandPositionsY: [ 276, 275, 277, 274, 277, 275, 274, 275, 274, 275, 274,
    274, 277, 275, 275, 275, 278, 278, 276, 275, 274, 275, 275, 274, 277,
    274, 278, 274, 278, 276, 275, 276, 277, 275, 277, 277, 274, 275, 276,
    276, 274, 274, 276, 278, 275, 277, 276, 274, 275, 275, 275, 276, 277,
    278, 274, 277, 276, 274, 275, 276, 278, 276, 274, 278, 274, 275, 276,
    275, 277, 278, 277, 277, 277, 277, 275, 277, 274, 274, 276, 277, 275,
    274, 278, 277, 277, 275, 276, 278 ]
