%YAML:1.0
---
videoName: "LHShake14.mp4"
gestureLabel: 2
fps: 29
pixelSizeInCmTemp: 3.2808219178082193e-01
faceCenterPointX: 256
faceCenterPointY: 64
LHandPositionsX: [ 351, 352, 350, 357, 370, 383, 389, 388, 390, 379, 369,
    360, 359, 355, 360, 371, 382, 382, 381, 379, 373, 363, 356, 357, 352,
    361, 369, 382, 388, 387, 384, 375, 368, 360, 356, 358, 362, 371, 380,
    383, 381, 379, 371, 362, 361, 357, 357, 364, 373, 376, 376, 379, 374,
    366, 359, 351, 344, 335, 331, 329, 329, 329, 330, 330, 330, 331, 331,
    332, 331, 328, 328, 329, 331, 328, 328, 327, 329, 331, 331, 330, 328,
    331, 329, 328, 328, 330, 331, 329 ]
LHandPositionsY: [ 149, 145, 147, 147, 143, 140, 139, 143, 143, 142, 146,
    146, 149, 147, 145, 143, 137, 141, 139, 140, 140, 141, 144, 148, 145,
    149, 146, 145, 144, 140, 139, 142, 143, 145, 148, 148, 146, 147, 143,
    144, 144, 142, 143, 142, 141, 142, 141, 141, 139, 141, 145, 143, 151,
    156, 160, 169, 178, 186, 201, 212, 221, 231, 237, 237, 241, 244, 251,
    250, 249, 251, 252, 251, 251, 252, 250, 251, 251, 248, 248, 249, 250,
    251, 252, 252, 251, 250, 251, 251 ]
RHandPositionsX: [ 182, 183, 180, 181, 182, 183, 180, 179, 180, 180, 179,
    179, 181, 178, 180, 180, 179, 180, 178, 175, 177, 179, 177, 177, 179,
    177, 178, 178, 177, 176, 175, 176, 175, 176, 178, 175, 176, 177, 177,
    176, 179, 178, 177, 178, 177, 179, 177, 176, 178, 175, 178, 175, 177,
    177, 177, 178, 175, 179, 177, 178, 177, 179, 179, 175, 179, 178, 177,
    176, 178, 175, 179, 178, 175, 178, 179, 175, 177, 177, 178, 178, 179,
    179, 178, 178, 178, 176, 176, 176 ]
RHandPositionsY: [ 279, 279, 279, 276, 277, 276, 276, 278, 279, 275, 278,
    275, 278, 277, 275, 274, 274, 276, 276, 276, 276, 276, 273, 273, 276,
    273, 276, 275, 277, 275, 275, 274, 276, 274, 277, 276, 274, 275, 278,
    274, 275, 274, 274, 277, 274, 276, 273, 274, 274, 273, 274, 275, 274,
    275, 274, 275, 274, 274, 273, 275, 273, 275, 273, 276, 274, 273, 276,
    276, 274, 274, 273, 277, 277, 277, 276, 277, 276, 273, 275, 275, 276,
    276, 275, 274, 275, 274, 275, 274 ]
