%YAML:1.0
---
videoName: "LHShake21.mp4"
gestureLabel: 2
fps: 29
pixelSizeInCmTemp: 3.4214285714285714e-01
faceCenterPointX: 266
faceCenterPointY: 79
LHandPositionsX: [ 351, 353, 365, 375, 383, 395, 397, 405, 423, 417, 416,
    402, 387, 376, 375, 377, 375, 375, 385, 402, 403, 396, 394, 391, 383,
    373, 368, 370, 372, 373, 377, 391, 388, 386, 386, 381, 373, 372, 367,
    367, 367, 370, 376, 391, 387, 383, 397, 394, 379, 374, 366, 367, 367,
    368, 377, 379, 384, 384, 385, 387, 385, 382, 373, 363, 358, 349, 346,
    338, 334, 334, 335, 334, 335, 335, 333, 335, 332, 331, 330, 332, 333,
    332, 333, 330, 332, 333, 334, 333 ]
LHandPositionsY: [ 269, 263, 243, 226, 210, 190, 185, 167, 153, 151, 139,
    134, 134, 134, 132, 136, 132, 127, 131, 130, 129, 129, 130, 135, 138,
    134, 143, 140, 141, 136, 134, 131, 133, 134, 135, 134, 135, 147, 147,
    144, 148, 142, 139, 138, 137, 140, 138, 139, 141, 147, 150, 155, 152,
    153, 152, 144, 142, 141, 141, 149, 155, 160, 170, 180, 189, 202, 216,
    225, 239, 239, 241, 246, 248, 249, 251, 250, 253, 253, 250, 253, 252,
    250, 250, 251, 251, 253, 251, 252 ]
RHandPositionsX: [ 184, 188, 188, 185, 186, 188, 187, 188, 187, 185, 187,
    186, 185, 184, 185, 186, 188, 184, 184, 186, 184, 184, 187, 184, 184,
    185, 187, 186, 187, 187, 185, 188, 186, 188, 188, 184, 187, 187, 184,
    185, 185, 187, 184, 184, 187, 184, 185, 188, 187, 186, 187, 188, 188,
    186, 187, 187, 184, 185, 188, 184, 186, 185, 186, 188, 186, 185, 187,
    188, 186, 184, 187, 188, 185, 185, 187, 186, 185, 187, 185, 185, 185,
    184, 186, 184, 185, 184, 186, 187 ]
RHandPositionsY: [ 265, 266, 266, 265, 268, 265, 267, 266, 266, 267, 269,
    265, 268, 265, 265, 268, 265, 265, 265, 268, 269, 266, 269, 268, 269,
    266, 269, 267, 269, 266, 266, 269, 269, 265, 265, 265, 265, 267, 265,
    269, 267, 265, 268, 269, 267, 266, 267, 267, 269, 266, 267, 265, 268,
    266, 269, 266, 267, 265, 265, 266, 265, 269, 266, 268, 268, 269, 267,
    268, 269, 268, 269, 269, 269, 269, 268, 267, 267, 269, 269, 267, 265,
    268, 267, 267, 265, 265, 267, 265 ]
