%YAML:1.0
---
videoName: "LHShake24.mp4"
gestureLabel: 2
fps: 30
pixelSizeInCmTemp: 3.4214285714285714e-01
faceCenterPointX: 255
faceCenterPointY: 77
LHandPositionsX: [ 328, 326, 326, 328, 329, 326, 326, 330, 328, 329, 331,
    334, 341, 348, 351, 360, 369, 376, 379, 381, 384, 381, 371, 360, 349,
    343, 344, 341, 344, 351, 356, 366, 377, 375, 375, 376, 366, 358, 344,
    339, 340, 337, 343, 352, 365, 365, 365, 366, 364, 352, 345, 340, 343,
    338, 347, 355, 362, 373, 367, 372, 371, 364, 354, 346, 345, 346, 347,
    352, 359, 366, 366, 367, 365, 358, 351, 341, 338, 332, 327, 325, 325,
    323, 326, 324, 327, 329, 327, 325, 326, 326, 324 ]
LHandPositionsY: [ 264, 262, 260, 260, 260, 263, 262, 262, 263, 258, 257,
    256, 245, 234, 224, 209, 193, 181, 170, 173, 161, 151, 150, 153, 157,
    160, 164, 161, 162, 159, 156, 150, 147, 150, 151, 147, 144, 149, 154,
    154, 152, 152, 152, 151, 149, 151, 152, 150, 154, 154, 159, 163, 162,
    162, 162, 159, 159, 159, 157, 153, 158, 157, 162, 162, 161, 160, 160,
    159, 158, 156, 156, 156, 157, 156, 157, 164, 170, 178, 186, 196, 206,
    218, 231, 229, 235, 241, 245, 249, 248, 245, 246 ]
RHandPositionsX: [ 181, 181, 183, 182, 179, 179, 180, 180, 180, 180, 181,
    183, 179, 179, 182, 180, 182, 183, 182, 180, 180, 181, 182, 180, 183,
    182, 183, 179, 179, 180, 179, 183, 183, 181, 182, 183, 183, 182, 181,
    180, 179, 182, 181, 183, 179, 182, 183, 179, 182, 181, 181, 182, 179,
    182, 183, 183, 182, 183, 180, 182, 183, 182, 179, 183, 183, 183, 181,
    181, 180, 182, 181, 180, 183, 183, 183, 182, 179, 179, 181, 179, 181,
    180, 183, 181, 183, 181, 183, 182, 180, 180, 180 ]
RHandPositionsY: [ 268, 269, 268, 269, 268, 269, 271, 270, 268, 270, 269,
    267, 269, 270, 269, 268, 269, 269, 269, 268, 267, 271, 268, 267, 269,
    271, 270, 270, 271, 269, 268, 270, 270, 267, 267, 269, 268, 270, 270,
    268, 269, 269, 268, 268, 269, 271, 270, 268, 269, 267, 267, 268, 268,
    268, 269, 269, 267, 270, 267, 270, 271, 270, 267, 271, 268, 267, 268,
    268, 270, 270, 267, 269, 268, 268, 269, 267, 270, 267, 270, 268, 270,
    268, 271, 269, 270, 267, 271, 268, 270, 271, 268 ]
