%YAML:1.0
---
videoName: "LHShake09.mp4"
gestureLabel: 2
fps: 29
pixelSizeInCmTemp: 3.3263888888888887e-01
faceCenterPointX: 259
faceCenterPointY: 67
LHandPositionsX: [ 336, 338, 340, 337, 341, 345, 350, 352, 350, 357, 358,
    363, 367, 366, 367, 367, 359, 351, 339, 332, 334, 335, 330, 330, 339,
    348, 350, 347, 348, 347, 354, 351, 341, 339, 337, 335, 336, 344, 351,
    360, 369, 365, 365, 361, 354, 343, 336, 339, 337, 336, 341, 345, 353,
    355, 357, 354, 353, 348, 344, 333, 333, 337, 336, 336, 344, 349, 354,
    356, 356, 355, 348, 342, 335, 331, 324, 319, 317, 322, 323, 325, 327,
    328, 332, 333, 332, 335, 331, 333 ]
LHandPositionsY: [ 272, 272, 273, 272, 271, 270, 267, 258, 249, 237, 234,
    216, 203, 200, 183, 175, 166, 162, 157, 157, 158, 158, 156, 152, 152,
    151, 147, 146, 148, 148, 151, 150, 151, 156, 154, 154, 152, 155, 151,
    152, 151, 152, 154, 156, 154, 153, 156, 155, 155, 155, 155, 153, 153,
    150, 154, 151, 153, 149, 153, 150, 153, 153, 154, 154, 153, 152, 150,
    152, 152, 148, 149, 157, 163, 170, 181, 192, 206, 222, 231, 245, 245,
    248, 253, 252, 258, 260, 258, 258 ]
RHandPositionsX: [ 179, 179, 176, 180, 177, 179, 180, 176, 176, 178, 176,
    179, 179, 178, 180, 180, 176, 179, 179, 176, 178, 176, 179, 180, 176,
    180, 180, 179, 178, 177, 179, 180, 177, 179, 177, 177, 176, 179, 180,
    180, 178, 177, 178, 176, 179, 177, 180, 180, 177, 180, 176, 179, 176,
    177, 177, 176, 177, 180, 177, 176, 176, 176, 179, 177, 179, 178, 176,
    180, 178, 177, 176, 179, 177, 179, 176, 177, 177, 179, 180, 177, 178,
    177, 180, 176, 177, 178, 177, 176 ]
RHandPositionsY: [ 278, 279, 277, 278, 277, 275, 278, 277, 279, 275, 278,
    275, 276, 278, 276, 278, 278, 275, 277, 275, 276, 277, 277, 275, 279,
    276, 276, 276, 278, 278, 277, 278, 279, 277, 278, 278, 276, 279, 275,
    276, 277, 275, 279, 275, 278, 278, 278, 278, 279, 279, 275, 276, 275,
    276, 279, 278, 279, 279, 278, 277, 279, 275, 275, 278, 275, 276, 279,
    277, 279, 277, 279, 278, 277, 279, 279, 276, 279, 279, 275, 275, 279,
    276, 278, 275, 278, 275, 276, 279 ]
