%YAML:1.0
---
videoName: "LHShake22.mp4"
gestureLabel: 2
fps: 29
pixelSizeInCmTemp: 3.5220588235294115e-01
faceCenterPointX: 261
faceCenterPointY: 79
LHandPositionsX: [ 336, 345, 347, 356, 353, 358, 357, 356, 348, 337, 329,
    318, 320, 319, 320, 325, 330, 340, 347, 342, 342, 345, 335, 330, 322,
    323, 325, 328, 329, 339, 344, 342, 342, 336, 330, 324, 318, 318, 319,
    322, 326, 337, 337, 337, 336, 328, 327, 318, 322, 320, 322, 330, 334,
    343, 341, 343, 342, 336, 327, 318, 318, 315, 318, 326, 330, 337, 334,
    335, 333, 332, 329, 326, 320, 319, 321, 321, 325, 323, 325, 327, 324,
    327, 325, 323, 324, 327, 324, 325 ]
LHandPositionsY: [ 261, 253, 246, 237, 236, 220, 206, 205, 196, 187, 184,
    185, 185, 184, 181, 179, 176, 174, 171, 173, 170, 171, 171, 178, 176,
    176, 180, 179, 175, 172, 172, 173, 171, 172, 176, 177, 183, 180, 183,
    185, 182, 175, 174, 173, 174, 178, 177, 182, 183, 181, 179, 182, 177,
    174, 176, 174, 175, 179, 178, 184, 184, 182, 183, 179, 180, 179, 176,
    181, 183, 189, 196, 203, 212, 220, 231, 240, 239, 242, 249, 248, 246,
    250, 251, 250, 250, 249, 251, 247 ]
RHandPositionsX: [ 190, 191, 189, 189, 191, 189, 193, 190, 193, 192, 189,
    189, 193, 193, 189, 191, 191, 191, 192, 189, 189, 190, 193, 191, 190,
    193, 192, 191, 193, 191, 191, 192, 190, 191, 192, 193, 193, 190, 189,
    192, 191, 193, 189, 189, 192, 190, 189, 191, 190, 193, 193, 192, 193,
    190, 192, 191, 190, 190, 193, 191, 193, 190, 193, 190, 190, 189, 190,
    192, 191, 189, 189, 191, 192, 189, 193, 190, 190, 190, 189, 191, 190,
    193, 193, 190, 189, 189, 192, 190 ]
RHandPositionsY: [ 266, 266, 268, 269, 267, 269, 269, 266, 268, 270, 267,
    269, 267, 269, 267, 266, 266, 269, 268, 270, 268, 269, 269, 269, 268,
    266, 270, 269, 267, 269, 266, 270, 269, 269, 266, 268, 267, 269, 269,
    266, 268, 266, 270, 268, 270, 270, 269, 267, 270, 266, 269, 268, 270,
    269, 269, 269, 270, 270, 266, 267, 270, 270, 268, 269, 267, 268, 266,
    267, 267, 267, 270, 267, 270, 269, 269, 270, 267, 270, 267, 268, 270,
    270, 267, 269, 269, 270, 270, 267 ]
