%YAML:1.0
---
videoName: "LHShake12.mp4"
gestureLabel: 2
fps: 29
pixelSizeInCmTemp: 3.3263888888888887e-01
faceCenterPointX: 259
faceCenterPointY: 64
LHandPositionsX: [ 367, 359, 346, 349, 345, 347, 351, 361, 373, 382, 379,
    379, 375, 364, 351, 347, 350, 343, 349, 355, 366, 375, 376, 374, 379,
    373, 363, 350, 340, 339, 340, 344, 350, 359, 372, 372, 373, 373, 366,
    360, 347, 342, 343, 343, 348, 356, 361, 370, 367, 370, 368, 357, 348,
    340, 340, 338, 340, 346, 357, 367, 369, 369, 366, 364, 352, 343, 336,
    327, 323, 316, 314, 319, 318, 325, 332, 329, 333, 335, 334, 335, 337,
    335, 337, 334, 333, 333, 333, 333 ]
LHandPositionsY: [ 166, 161, 161, 161, 162, 158, 159, 156, 151, 152, 153,
    151, 152, 155, 155, 156, 159, 160, 155, 155, 152, 145, 145, 147, 144,
    145, 145, 149, 151, 154, 156, 152, 148, 151, 144, 148, 146, 145, 144,
    149, 151, 158, 153, 155, 156, 155, 152, 149, 153, 148, 148, 150, 153,
    156, 156, 156, 155, 151, 148, 146, 143, 147, 143, 147, 150, 153, 160,
    171, 176, 187, 195, 210, 228, 236, 246, 243, 248, 249, 252, 254, 256,
    257, 257, 259, 258, 259, 256, 259 ]
RHandPositionsX: [ 178, 178, 175, 174, 176, 178, 177, 174, 178, 177, 176,
    174, 176, 174, 176, 176, 175, 174, 178, 176, 177, 178, 175, 175, 175,
    177, 176, 174, 174, 174, 177, 177, 175, 174, 178, 177, 177, 174, 177,
    175, 174, 174, 176, 178, 178, 176, 177, 177, 175, 174, 176, 177, 177,
    178, 178, 177, 177, 175, 176, 175, 178, 178, 174, 177, 176, 175, 176,
    176, 176, 176, 176, 175, 174, 176, 178, 175, 175, 175, 177, 177, 177,
    176, 175, 175, 174, 174, 177, 176 ]
RHandPositionsY: [ 272, 274, 271, 273, 272, 273, 271, 274, 272, 274, 271,
    272, 274, 272, 272, 271, 274, 273, 273, 272, 272, 272, 273, 275, 271,
    274, 273, 274, 274, 274, 272, 275, 271, 272, 273, 274, 275, 274, 275,
    275, 273, 275, 272, 272, 274, 274, 274, 273, 272, 274, 275, 273, 271,
    274, 273, 275, 273, 272, 273, 273, 275, 273, 272, 272, 274, 275, 272,
    272, 274, 272, 274, 275, 272, 274, 272, 271, 274, 271, 273, 274, 273,
    271, 273, 275, 272, 275, 274, 273 ]
