%YAML:1.0
---
videoName: "LHShake10.mp4"
gestureLabel: 2
fps: 29
pixelSizeInCmTemp: 3.4214285714285714e-01
faceCenterPointX: 253
faceCenterPointY: 65
LHandPositionsX: [ 336, 335, 337, 334, 337, 340, 341, 348, 353, 356, 368,
    378, 382, 390, 394, 396, 393, 386, 375, 366, 354, 353, 352, 352, 361,
    372, 382, 392, 389, 390, 393, 386, 377, 366, 359, 359, 359, 365, 370,
    371, 373, 373, 373, 372, 369, 363, 352, 345, 346, 345, 346, 356, 361,
    370, 379, 381, 380, 373, 365, 354, 352, 349, 348, 347, 353, 365, 372,
    383, 377, 377, 376, 372, 367, 363, 356, 347, 344, 343, 338, 335, 335,
    334, 336, 334, 333, 333, 334, 333 ]
LHandPositionsY: [ 269, 271, 272, 272, 269, 269, 269, 260, 250, 241, 223,
    207, 194, 177, 167, 156, 143, 136, 134, 142, 143, 147, 149, 147, 147,
    150, 137, 139, 140, 140, 140, 146, 150, 151, 148, 150, 148, 147, 136,
    130, 134, 135, 135, 133, 131, 132, 138, 142, 144, 142, 145, 147, 141,
    141, 142, 139, 141, 146, 147, 149, 152, 153, 154, 150, 151, 149, 149,
    144, 145, 145, 151, 153, 158, 166, 172, 185, 193, 205, 220, 233, 244,
    251, 253, 255, 255, 258, 259, 260 ]
RHandPositionsX: [ 174, 176, 173, 174, 174, 175, 176, 176, 174, 174, 172,
    175, 176, 172, 175, 174, 173, 171, 171, 173, 172, 171, 174, 172, 173,
    173, 173, 175, 175, 174, 171, 172, 171, 171, 172, 171, 172, 173, 172,
    173, 172, 172, 173, 171, 174, 172, 172, 172, 172, 174, 174, 174, 172,
    172, 172, 172, 172, 174, 171, 175, 173, 175, 175, 174, 175, 173, 173,
    173, 174, 172, 173, 171, 171, 172, 173, 172, 171, 173, 171, 175, 172,
    172, 171, 175, 171, 175, 174, 173 ]
RHandPositionsY: [ 274, 277, 275, 274, 278, 275, 276, 276, 274, 275, 276,
    275, 277, 274, 275, 276, 275, 276, 275, 277, 276, 276, 277, 278, 276,
    274, 278, 276, 277, 276, 274, 278, 275, 277, 276, 278, 275, 276, 276,
    276, 278, 275, 278, 277, 276, 278, 276, 275, 275, 274, 276, 274, 278,
    276, 277, 277, 274, 275, 274, 278, 274, 274, 278, 276, 277, 275, 275,
    276, 277, 274, 278, 275, 277, 274, 274, 274, 275, 275, 276, 275, 274,
    277, 278, 277, 275, 277, 277, 276 ]
