%YAML:1.0
---
videoName: "LHShake07.mp4"
gestureLabel: 2
fps: 29
pixelSizeInCmTemp: 3.3732394366197183e-01
faceCenterPointX: 265
faceCenterPointY: 78
LHandPositionsX: [ 349, 347, 351, 356, 361, 367, 378, 385, 389, 393, 396,
    391, 382, 375, 353, 349, 340, 342, 339, 339, 349, 361, 369, 365, 366,
    362, 360, 342, 340, 344, 344, 349, 357, 355, 368, 367, 365, 362, 363,
    353, 346, 345, 347, 353, 358, 363, 360, 361, 363, 362, 339, 329, 332,
    335, 343, 356, 368, 375, 369, 378, 373, 366, 354, 348, 343, 337, 338,
    333, 337, 337, 339, 341, 340, 344, 341, 345, 345, 345, 342, 341, 342,
    344, 341, 344, 342, 343, 343, 341 ]
LHandPositionsY: [ 279, 277, 274, 268, 256, 248, 233, 216, 202, 190, 177,
    163, 152, 138, 140, 142, 148, 147, 148, 144, 141, 137, 136, 136, 136,
    139, 134, 140, 144, 142, 137, 134, 131, 133, 127, 122, 127, 129, 134,
    137, 146, 145, 147, 139, 137, 137, 140, 140, 129, 132, 136, 152, 142,
    136, 131, 130, 129, 135, 130, 130, 130, 138, 148, 154, 170, 179, 190,
    204, 218, 231, 243, 252, 251, 252, 258, 261, 260, 263, 266, 265, 265,
    265, 266, 269, 268, 266, 267, 268 ]
RHandPositionsX: [ 184, 181, 181, 181, 182, 181, 184, 185, 185, 183, 185,
    182, 181, 181, 182, 182, 184, 185, 185, 184, 183, 185, 183, 182, 182,
    185, 183, 183, 182, 181, 185, 183, 182, 183, 185, 183, 184, 183, 184,
    182, 184, 182, 181, 182, 183, 182, 185, 183, 181, 181, 181, 183, 182,
    183, 185, 183, 181, 184, 185, 181, 185, 185, 181, 181, 185, 181, 182,
    184, 181, 184, 181, 183, 183, 184, 185, 184, 184, 183, 182, 184, 185,
    181, 181, 183, 183, 185, 185, 182 ]
RHandPositionsY: [ 279, 279, 279, 276, 277, 278, 276, 279, 277, 276, 277,
    279, 277, 280, 278, 279, 277, 279, 276, 280, 279, 276, 277, 280, 277,
    276, 278, 279, 279, 277, 279, 278, 280, 279, 280, 278, 280, 280, 277,
    279, 280, 276, 276, 278, 278, 279, 277, 278, 277, 278, 279, 280, 276,
    279, 278, 277, 278, 280, 280, 277, 280, 278, 280, 280, 280, 278, 278,
    277, 278, 277, 280, 276, 277, 277, 277, 278, 279, 279, 278, 280, 280,
    280, 279, 280, 279, 279, 278, 278 ]
