%YAML:1.0
---
videoName: "LHShake14.mp4"
gestureLabel: 2
fps: 29
pixelSizeInCmTemp: 3.2808219178082193e-01
faceCenterPointX: 256
faceCenterPointY: 64
LHandPositionsX: [ 349, 353, 348, 357, 368, 383, 391, 388, 387, 382, 372,
    360, 358, 358, 359, 368, 383, 385, 385, 381, 372, 365, 354, 356, 352,
    357, 370, 378, 388, 386, 384, 379, 369, 358, 360, 356, 361, 372, 383,
    381, 380, 380, 370, 360, 361, 358, 359, 365, 370, 380, 378, 380, 371,
    366, 357, 348, 341, 337, 330, 331, 329, 330, 330, 328, 329, 331, 330,
    332, 329, 329, 329, 328, 330, 327, 330, 330, 328, 328, 330, 328, 330,
    328, 327, 328, 330, 330, 331, 327 ]
LHandPositionsY: [ 149, 148, 147, 146, 140, 137, 140, 139, 143, 140, 144,
    149, 150, 150, 146, 143, 137, 138, 139, 137, 141, 143, 148, 145, 149,
    145, 146, 143, 143, 143, 143, 141, 146, 146, 145, 150, 146, 146, 142,
    142, 144, 143, 144, 143, 142, 143, 140, 138, 137, 141, 143, 144, 151,
    155, 157, 168, 178, 188, 198, 211, 223, 233, 234, 236, 241, 245, 247,
    251, 250, 248, 250, 250, 251, 250, 252, 252, 251, 252, 250, 252, 248,
    250, 252, 251, 251, 250, 252, 251 ]
RHandPositionsX: [ 185, 184, 180, 180, 179, 181, 183, 180, 183, 179, 181,
    178, 181, 179, 182, 176, 176, 180, 176, 176, 178, 178, 179, 178, 179,
    178, 179, 179, 175, 177, 178, 179, 178, 176, 176, 175, 179, 177, 179,
    180, 179, 176, 179, 176, 178, 179, 179, 175, 177, 177, 179, 175, 177,
    178, 177, 178, 175, 177, 179, 176, 179, 176, 179, 176, 175, 178, 176,
    179, 177, 178, 179, 178, 178, 177, 179, 179, 175, 177, 177, 175, 179,
    176, 175, 176, 175, 179, 177, 175 ]
RHandPositionsY: [ 279, 279, 279, 275, 278, 279, 279, 279, 275, 275, 277,
    278, 276, 274, 274, 275, 276, 277, 274, 276, 277, 277, 275, 275, 273,
    276, 274, 277, 275, 275, 275, 273, 276, 277, 277, 276, 275, 277, 276,
    275, 275, 273, 276, 275, 275, 274, 277, 277, 276, 274, 273, 273, 277,
    276, 276, 274, 273, 276, 277, 275, 274, 274, 274, 275, 273, 277, 274,
    274, 277, 274, 276, 275, 274, 274, 273, 275, 277, 277, 277, 274, 273,
    277, 276, 274, 276, 273, 274, 277 ]
