%YAML:1.0
---
videoName: "LHShake00.mp4"
gestureLabel: 2
fps: 29
pixelSizeInCmTemp: 3.4214285714285714e-01
faceCenterPointX: 252
faceCenterPointY: 85
LHandPositionsX: [ 352, 350, 349, 349, 353, 358, 357, 354, 353, 344, 334,
    325, 323, 321, 323, 326, 326, 332, 335, 338, 337, 337, 333, 328, 326,
    324, 326, 330, 334, 336, 338, 338, 337, 331, 323, 324, 323, 326, 332,
    334, 338, 341, 343, 342, 335, 324, 322, 323, 325, 330, 333, 338, 337,
    343, 341, 334, 330, 324, 324, 325, 328, 333, 336, 335, 339, 341, 339,
    341, 336, 334, 329, 331, 325, 326, 329, 330, 331, 334, 336, 337, 338,
    338, 339, 342, 342, 343, 344, 344 ]
LHandPositionsY: [ 257, 250, 245, 229, 210, 188, 168, 153, 136, 134, 132,
    137, 134, 137, 135, 133, 132, 130, 127, 127, 127, 125, 129, 134, 132,
    134, 132, 129, 131, 127, 125, 122, 122, 129, 136, 132, 132, 133, 134,
    129, 126, 125, 120, 119, 126, 130, 134, 134, 133, 131, 132, 124, 122,
    120, 124, 129, 131, 128, 127, 129, 126, 124, 124, 121, 119, 120, 115,
    125, 136, 147, 158, 165, 164, 171, 183, 193, 202, 209, 211, 221, 222,
    229, 230, 230, 236, 235, 237, 233 ]
RHandPositionsX: [ 154, 156, 152, 153, 155, 155, 154, 155, 153, 155, 155,
    156, 155, 153, 155, 152, 156, 155, 152, 153, 153, 155, 156, 152, 155,
    155, 154, 152, 153, 153, 153, 152, 153, 154, 153, 153, 153, 155, 154,
    156, 152, 154, 156, 154, 153, 153, 152, 152, 156, 155, 154, 153, 153,
    156, 152, 156, 155, 155, 156, 155, 155, 152, 154, 155, 156, 155, 156,
    156, 152, 153, 156, 154, 154, 156, 155, 152, 153, 152, 152, 155, 153,
    154, 156, 153, 154, 156, 152, 155 ]
RHandPositionsY: [ 278, 276, 276, 275, 275, 274, 275, 274, 276, 273, 271,
    271, 270, 273, 270, 268, 268, 268, 268, 270, 267, 270, 269, 269, 268,
    265, 265, 267, 268, 267, 264, 265, 264, 265, 265, 266, 264, 263, 261,
    264, 261, 263, 263, 263, 260, 261, 264, 264, 260, 261, 264, 262, 261,
    262, 260, 261, 264, 260, 260, 262, 264, 264, 260, 263, 262, 260, 260,
    262, 261, 261, 262, 263, 261, 263, 261, 263, 261, 263, 260, 260, 262,
    263, 264, 261, 264, 263, 260, 263 ]
