%YAML:1.0
---
videoName: "LHShake23.mp4"
gestureLabel: 2
fps: 30
pixelSizeInCmTemp: 3.3263888888888887e-01
faceCenterPointX: 259
faceCenterPointY: 79
LHandPositionsX: [ 332, 331, 330, 331, 332, 334, 331, 334, 330, 335, 332,
    336, 338, 348, 350, 358, 367, 369, 376, 376, 380, 378, 377, 366, 356,
    350, 355, 352, 354, 363, 372, 380, 387, 386, 384, 378, 372, 360, 358,
    361, 360, 369, 376, 382, 385, 381, 378, 372, 361, 358, 353, 354, 357,
    363, 374, 381, 381, 382, 381, 372, 364, 359, 355, 355, 358, 365, 372,
    380, 376, 376, 380, 376, 370, 364, 358, 353, 346, 343, 343, 340, 336,
    340, 339, 339, 339, 334, 334, 335, 336, 333, 334 ]
LHandPositionsY: [ 263, 262, 263, 265, 263, 265, 265, 265, 265, 260, 258,
    250, 241, 232, 228, 215, 198, 199, 191, 185, 181, 169, 169, 167, 168,
    167, 169, 167, 170, 164, 161, 159, 161, 161, 159, 159, 161, 164, 165,
    164, 167, 164, 164, 160, 160, 159, 157, 160, 162, 166, 163, 167, 166,
    167, 165, 166, 163, 166, 164, 162, 167, 170, 168, 167, 171, 172, 169,
    169, 167, 168, 167, 170, 174, 186, 193, 202, 214, 227, 240, 247, 249,
    253, 249, 252, 253, 253, 254, 256, 255, 252, 256 ]
RHandPositionsX: [ 182, 186, 182, 182, 185, 183, 183, 185, 184, 184, 184,
    186, 184, 183, 183, 182, 186, 184, 186, 185, 185, 184, 186, 184, 183,
    184, 185, 184, 185, 183, 186, 182, 185, 186, 182, 182, 183, 182, 182,
    182, 186, 186, 185, 183, 184, 185, 184, 185, 185, 182, 183, 184, 183,
    186, 182, 185, 184, 183, 183, 183, 183, 186, 186, 186, 184, 182, 186,
    182, 183, 185, 185, 182, 184, 185, 183, 182, 186, 186, 185, 184, 186,
    182, 182, 182, 182, 184, 184, 185, 184, 183, 182 ]
RHandPositionsY: [ 274, 274, 271, 272, 272, 271, 273, 271, 273, 273, 273,
    273, 274, 274, 274, 270, 274, 274, 270, 270, 274, 272, 274, 274, 272,
    271, 273, 270, 271, 271, 270, 271, 272, 273, 271, 271, 271, 273, 273,
    270, 273, 274, 271, 271, 270, 274, 270, 273, 270, 271, 274, 273, 273,
    270, 273, 271, 273, 274, 273, 274, 272, 272, 270, 273, 270, 273, 273,
    273, 273, 271, 274, 274, 272, 270, 273, 273, 272, 273, 271, 272, 272,
    272, 270, 274, 270, 270, 273, 270, 274, 270, 274 ]
