%YAML:1.0
---
videoName: "LHShake16.mp4"
gestureLabel: 2
fps: 30
pixelSizeInCmTemp: 3.3732394366197183e-01
faceCenterPointX: 247
faceCenterPointY: 66
LHandPositionsX: [ 322, 322, 326, 325, 330, 336, 346, 351, 365, 374, 385,
    393, 403, 408, 408, 400, 398, 390, 377, 364, 353, 356, 362, 373, 382,
    397, 393, 392, 389, 387, 373, 368, 369, 370, 369, 378, 391, 389, 404,
    398, 386, 375, 366, 367, 365, 370, 372, 384, 400, 409, 399, 383, 371,
    365, 365, 360, 363, 366, 374, 391, 389, 384, 390, 381, 375, 364, 359,
    349, 342, 335, 333, 334, 330, 330, 330, 329, 328, 330, 329, 331, 328,
    330, 325, 328, 329, 325, 324, 325, 327, 324, 326 ]
LHandPositionsY: [ 254, 253, 255, 250, 250, 246, 235, 222, 211, 194, 181,
    166, 153, 146, 140, 138, 124, 114, 115, 114, 119, 117, 124, 115, 112,
    115, 118, 120, 119, 114, 120, 130, 129, 132, 128, 117, 120, 120, 119,
    119, 118, 129, 132, 134, 137, 136, 133, 126, 124, 124, 124, 132, 136,
    143, 143, 145, 144, 142, 135, 125, 130, 128, 127, 132, 144, 153, 158,
    169, 181, 199, 208, 215, 224, 228, 230, 236, 237, 237, 237, 239, 242,
    239, 243, 245, 244, 245, 241, 241, 242, 242, 244 ]
RHandPositionsX: [ 179, 177, 178, 176, 177, 175, 176, 175, 175, 178, 177,
    175, 175, 178, 177, 178, 175, 177, 179, 176, 177, 178, 177, 177, 178,
    176, 176, 176, 179, 178, 177, 176, 177, 177, 179, 179, 178, 176, 175,
    178, 178, 178, 175, 177, 176, 177, 178, 175, 175, 179, 177, 175, 178,
    179, 177, 178, 177, 176, 175, 176, 175, 175, 179, 178, 178, 176, 175,
    175, 178, 175, 178, 178, 175, 176, 178, 177, 175, 178, 178, 179, 176,
    176, 176, 176, 175, 178, 176, 178, 179, 177, 175 ]
RHandPositionsY: [ 258, 260, 260, 261, 259, 262, 260, 260, 260, 261, 259,
    259, 260, 262, 262, 261, 260, 260, 261, 260, 262, 261, 258, 262, 258,
    260, 258, 261, 261, 258, 262, 262, 259, 262, 259, 261, 258, 260, 259,
    262, 261, 262, 262, 260, 258, 262, 262, 258, 260, 260, 259, 259, 262,
    258, 262, 259, 261, 262, 259, 259, 261, 260, 260, 262, 258, 259, 261,
    262, 259, 262, 262, 258, 260, 261, 258, 261, 258, 262, 258, 262, 258,
    258, 261, 261, 259, 260, 258, 260, 262, 261, 258 ]
