%YAML:1.0
---
videoName: "LHShake15.mp4"
gestureLabel: 2
fps: 29
pixelSizeInCmTemp: 3.3263888888888887e-01
faceCenterPointX: 252
faceCenterPointY: 65
LHandPositionsX: [ 327, 331, 329, 331, 328, 328, 331, 329, 331, 331, 334,
    342, 348, 352, 358, 361, 370, 371, 378, 380, 377, 380, 367, 360, 347,
    341, 342, 339, 348, 353, 361, 362, 358, 363, 359, 345, 332, 331, 329,
    333, 346, 354, 354, 350, 351, 353, 351, 333, 330, 330, 330, 340, 350,
    355, 354, 350, 356, 353, 342, 336, 331, 333, 332, 338, 345, 349, 351,
    347, 346, 351, 343, 332, 327, 324, 323, 320, 322, 324, 325, 325, 326,
    328, 328, 326, 328, 326, 324, 325 ]
LHandPositionsY: [ 254, 254, 255, 255, 254, 256, 255, 254, 255, 251, 244,
    227, 216, 203, 184, 172, 155, 138, 123, 119, 116, 104, 105, 101, 106,
    104, 101, 98, 99, 97, 93, 94, 96, 92, 95, 96, 100, 100, 97, 95, 97,
    91, 95, 98, 98, 97, 101, 102, 103, 102, 99, 92, 94, 93, 96, 96, 96,
    99, 103, 99, 99, 100, 100, 96, 99, 102, 100, 101, 102, 100, 106, 123,
    139, 153, 166, 180, 192, 205, 217, 230, 234, 237, 241, 241, 241, 238,
    240, 242 ]
RHandPositionsX: [ 175, 178, 177, 179, 179, 179, 175, 179, 177, 179, 179,
    178, 177, 175, 176, 178, 177, 179, 175, 177, 175, 178, 179, 179, 178,
    178, 178, 176, 177, 175, 178, 178, 177, 178, 175, 175, 179, 177, 177,
    176, 176, 177, 179, 176, 177, 175, 178, 178, 176, 175, 179, 179, 178,
    175, 177, 177, 179, 179, 179, 175, 177, 177, 178, 175, 178, 178, 177,
    179, 175, 178, 176, 175, 176, 178, 178, 178, 176, 175, 177, 178, 175,
    177, 176, 175, 177, 175, 176, 176 ]
RHandPositionsY: [ 257, 257, 260, 259, 260, 260, 257, 260, 257, 258, 260,
    261, 259, 261, 259, 261, 259, 261, 261, 257, 260, 261, 259, 259, 261,
    259, 259, 257, 258, 261, 259, 257, 259, 257, 259, 261, 258, 257, 260,
    259, 260, 257, 260, 260, 259, 257, 260, 259, 261, 258, 261, 261, 258,
    261, 257, 257, 261, 257, 261, 257, 260, 261, 260, 260, 257, 258, 258,
    260, 258, 261, 260, 259, 261, 258, 258, 259, 259, 260, 257, 257, 261,
    258, 259, 259, 260, 259, 257, 257 ]
