%YAML:1.0
---
videoName: "LHShake16.mp4"
gestureLabel: 2
fps: 30
pixelSizeInCmTemp: 3.3732394366197183e-01
faceCenterPointX: 247
faceCenterPointY: 66
LHandPositionsX: [ 322, 325, 326, 328, 330, 336, 346, 351, 363, 375, 384,
    391, 404, 411, 406, 400, 400, 391, 376, 361, 356, 356, 364, 373, 380,
    398, 395, 394, 388, 386, 373, 368, 369, 369, 371, 382, 388, 386, 403,
    397, 387, 374, 366, 369, 367, 368, 373, 383, 400, 409, 396, 387, 370,
    364, 364, 363, 365, 369, 376, 392, 387, 385, 388, 382, 376, 368, 355,
    349, 346, 337, 335, 331, 331, 329, 332, 327, 328, 330, 328, 330, 326,
    328, 329, 329, 326, 327, 325, 328, 325, 328, 327 ]
LHandPositionsY: [ 252, 256, 254, 252, 251, 246, 234, 220, 211, 194, 180,
    168, 156, 149, 142, 138, 121, 114, 117, 112, 118, 120, 125, 116, 114,
    117, 118, 117, 119, 117, 119, 132, 128, 132, 127, 120, 121, 123, 121,
    117, 118, 128, 131, 133, 133, 138, 130, 128, 124, 125, 121, 130, 136,
    143, 142, 147, 146, 145, 134, 126, 129, 130, 124, 133, 140, 150, 160,
    170, 181, 197, 208, 216, 227, 225, 230, 232, 236, 239, 238, 238, 240,
    240, 241, 244, 244, 241, 245, 241, 241, 244, 242 ]
RHandPositionsX: [ 177, 178, 178, 176, 179, 178, 175, 178, 176, 178, 179,
    179, 175, 177, 176, 177, 175, 177, 176, 178, 175, 177, 179, 176, 178,
    176, 179, 179, 179, 179, 179, 177, 176, 176, 178, 175, 178, 179, 175,
    176, 176, 179, 179, 178, 177, 175, 176, 175, 177, 179, 177, 177, 175,
    176, 175, 176, 177, 175, 179, 179, 178, 177, 178, 179, 178, 175, 177,
    176, 176, 176, 175, 178, 177, 177, 176, 175, 175, 177, 175, 178, 177,
    178, 175, 178, 179, 179, 178, 178, 179, 175, 175 ]
RHandPositionsY: [ 260, 259, 258, 261, 262, 261, 259, 260, 258, 262, 260,
    260, 260, 262, 261, 261, 262, 258, 258, 258, 258, 262, 260, 259, 261,
    258, 259, 262, 260, 259, 259, 260, 258, 261, 259, 262, 260, 259, 261,
    261, 262, 259, 261, 262, 262, 258, 259, 259, 258, 262, 259, 260, 260,
    261, 258, 258, 258, 259, 262, 258, 258, 260, 259, 258, 259, 262, 258,
    259, 262, 262, 262, 261, 262, 258, 259, 261, 262, 262, 262, 259, 259,
    259, 261, 261, 259, 259, 260, 258, 260, 259, 262 ]
