%YAML:1.0
---
videoName: "LHShake07.mp4"
gestureLabel: 2
fps: 29
pixelSizeInCmTemp: 3.3732394366197183e-01
faceCenterPointX: 265
faceCenterPointY: 78
LHandPositionsX: [ 347, 346, 354, 359, 362, 367, 377, 387, 391, 391, 394,
    391, 382, 375, 354, 345, 340, 343, 338, 342, 349, 362, 367, 368, 368,
    364, 362, 344, 339, 342, 344, 348, 357, 356, 369, 369, 367, 361, 361,
    352, 344, 349, 347, 351, 359, 363, 360, 361, 364, 360, 340, 328, 332,
    333, 340, 354, 367, 375, 370, 382, 373, 366, 356, 350, 343, 340, 334,
    336, 333, 336, 339, 344, 341, 341, 341, 345, 343, 342, 343, 342, 340,
    340, 340, 341, 341, 340, 342, 341 ]
LHandPositionsY: [ 279, 277, 274, 266, 260, 246, 233, 218, 205, 191, 176,
    162, 151, 140, 143, 140, 146, 146, 147, 145, 142, 137, 137, 136, 135,
    139, 134, 138, 144, 140, 137, 131, 131, 134, 128, 123, 126, 131, 135,
    135, 146, 142, 147, 140, 135, 140, 139, 140, 129, 131, 136, 149, 144,
    135, 132, 134, 132, 135, 133, 129, 134, 138, 146, 155, 168, 177, 191,
    202, 217, 230, 240, 253, 253, 252, 256, 262, 262, 263, 266, 265, 267,
    267, 269, 266, 270, 270, 266, 270 ]
RHandPositionsX: [ 183, 181, 185, 185, 184, 183, 184, 182, 181, 182, 181,
    181, 184, 184, 182, 182, 183, 183, 182, 185, 183, 181, 182, 185, 185,
    183, 181, 184, 185, 184, 183, 181, 183, 183, 181, 182, 185, 185, 184,
    184, 185, 183, 181, 181, 185, 185, 182, 183, 185, 182, 185, 185, 183,
    184, 182, 185, 185, 184, 184, 185, 184, 185, 184, 183, 182, 182, 183,
    181, 182, 183, 184, 182, 184, 185, 184, 183, 183, 182, 183, 183, 181,
    184, 182, 183, 181, 184, 181, 184 ]
RHandPositionsY: [ 280, 280, 278, 277, 278, 276, 280, 276, 279, 277, 279,
    276, 280, 277, 276, 277, 280, 276, 276, 278, 280, 277, 278, 276, 280,
    277, 278, 279, 276, 280, 278, 280, 279, 280, 280, 277, 276, 280, 278,
    277, 280, 280, 276, 279, 278, 278, 278, 279, 278, 278, 277, 277, 278,
    280, 278, 276, 280, 278, 278, 278, 279, 278, 276, 278, 276, 280, 276,
    277, 277, 276, 276, 280, 280, 280, 278, 278, 279, 278, 276, 276, 280,
    276, 279, 277, 279, 276, 280, 280 ]
