%YAML:1.0
---
videoName: "LHShake21.mp4"
gestureLabel: 2
fps: 29
pixelSizeInCmTemp: 3.4214285714285714e-01
faceCenterPointX: 266
faceCenterPointY: 79
LHandPositionsX: [ 351, 350, 367, 371, 382, 394, 400, 407, 422, 415, 416,
    404, 387, 375, 373, 378, 376, 375, 387, 401, 400, 398, 394, 394, 383,
    371, 371, 373, 374, 369, 377, 390, 387, 384, 386, 381, 376, 369, 364,
    369, 367, 371, 378, 390, 386, 384, 398, 392, 379, 373, 366, 364, 363,
    367, 377, 381, 383, 383, 385, 388, 386, 379, 373, 366, 355, 349, 344,
    339, 338, 336, 334, 337, 336, 334, 333, 335, 330, 334, 334, 330, 333,
    332, 330, 332, 334, 332, 332, 330 ]
LHandPositionsY: [ 269, 262, 246, 226, 210, 193, 181, 171, 151, 152, 140,
    135, 132, 133, 132, 133, 130, 128, 131, 131, 129, 132, 132, 133, 134,
    134, 142, 144, 142, 136, 135, 133, 136, 135, 133, 134, 138, 143, 150,
    145, 148, 146, 138, 139, 139, 138, 134, 136, 141, 150, 150, 154, 154,
    154, 153, 143, 141, 141, 139, 150, 155, 159, 167, 181, 192, 201, 215,
    227, 238, 239, 244, 247, 248, 252, 250, 252, 252, 252, 252, 251, 251,
    251, 251, 251, 253, 253, 250, 251 ]
RHandPositionsX: [ 184, 187, 186, 188, 185, 184, 188, 187, 188, 188, 188,
    187, 188, 187, 187, 186, 188, 186, 188, 185, 184, 188, 187, 187, 185,
    186, 189, 185, 188, 187, 188, 188, 184, 185, 186, 185, 186, 188, 186,
    188, 187, 187, 188, 185, 184, 186, 186, 186, 188, 184, 184, 186, 184,
    188, 186, 185, 187, 186, 188, 186, 187, 186, 187, 186, 186, 186, 185,
    185, 187, 187, 184, 186, 185, 185, 186, 184, 186, 186, 185, 187, 187,
    184, 184, 184, 184, 185, 188, 186 ]
RHandPositionsY: [ 267, 265, 267, 266, 268, 269, 268, 268, 266, 267, 269,
    265, 265, 268, 269, 266, 266, 266, 269, 266, 268, 269, 269, 267, 269,
    265, 268, 267, 268, 269, 269, 269, 268, 267, 265, 265, 266, 265, 266,
    266, 267, 265, 269, 267, 268, 269, 268, 267, 267, 269, 268, 269, 265,
    265, 269, 268, 269, 269, 267, 265, 268, 267, 268, 265, 265, 265, 269,
    265, 265, 268, 266, 269, 265, 265, 269, 265, 265, 269, 265, 267, 268,
    265, 265, 266, 265, 269, 266, 268 ]
