%YAML:1.0
---
videoName: "LHShake16.mp4"
gestureLabel: 2
fps: 30
pixelSizeInCmTemp: 3.3732394366197183e-01
faceCenterPointX: 247
faceCenterPointY: 66
LHandPositionsX: [ 324, 325, 323, 327, 328, 336, 343, 351, 362, 374, 381,
    392, 401, 408, 407, 403, 399, 393, 374, 363, 357, 359, 363, 371, 380,
    398, 396, 392, 389, 384, 375, 369, 369, 370, 372, 378, 387, 390, 402,
    396, 385, 372, 369, 368, 365, 371, 374, 383, 397, 407, 398, 386, 370,
    362, 364, 364, 364, 367, 377, 391, 387, 383, 386, 382, 372, 367, 355,
    350, 344, 333, 333, 331, 330, 331, 331, 329, 330, 331, 330, 327, 330,
    330, 326, 327, 327, 328, 327, 327, 326, 324, 326 ]
LHandPositionsY: [ 252, 255, 255, 251, 253, 245, 233, 220, 210, 193, 179,
    167, 152, 146, 144, 136, 121, 114, 117, 113, 116, 120, 125, 118, 114,
    115, 116, 119, 115, 117, 122, 130, 132, 136, 126, 117, 120, 121, 120,
    119, 119, 125, 134, 130, 133, 138, 133, 125, 123, 122, 121, 130, 139,
    143, 146, 143, 145, 145, 135, 126, 130, 129, 124, 130, 144, 153, 160,
    172, 180, 196, 207, 214, 223, 228, 232, 233, 236, 236, 240, 240, 240,
    243, 243, 242, 244, 242, 245, 243, 245, 243, 245 ]
RHandPositionsX: [ 176, 178, 175, 178, 177, 177, 176, 178, 176, 178, 175,
    175, 176, 177, 175, 178, 176, 178, 177, 178, 175, 179, 177, 176, 175,
    177, 179, 178, 176, 178, 176, 178, 177, 176, 175, 175, 178, 179, 176,
    179, 179, 178, 175, 177, 176, 179, 178, 177, 176, 176, 179, 178, 177,
    175, 175, 179, 176, 178, 176, 175, 178, 178, 177, 176, 176, 175, 177,
    176, 177, 179, 177, 178, 179, 179, 179, 175, 178, 176, 177, 177, 178,
    177, 179, 179, 176, 178, 175, 176, 177, 179, 179 ]
RHandPositionsY: [ 259, 260, 260, 260, 258, 261, 262, 260, 261, 260, 258,
    259, 262, 260, 262, 262, 261, 261, 260, 258, 258, 262, 260, 260, 258,
    259, 259, 259, 260, 261, 261, 259, 262, 258, 262, 262, 259, 259, 259,
    258, 258, 260, 258, 261, 262, 262, 262, 259, 261, 261, 259, 258, 262,
    260, 261, 259, 261, 261, 259, 261, 258, 262, 262, 260, 260, 258, 261,
    260, 260, 262, 258, 258, 260, 260, 260, 258, 261, 258, 261, 260, 260,
    262, 262, 258, 261, 259, 261, 260, 260, 260, 260 ]
