%YAML:1.0
---
videoName: "LHShake20.mp4"
gestureLabel: 2
fps: 30
pixelSizeInCmTemp: 3.3732394366197183e-01
faceCenterPointX: 249
faceCenterPointY: 62
LHandPositionsX: [ 312, 316, 315, 316, 313, 315, 314, 312, 318, 315, 321,
    329, 334, 340, 344, 340, 328, 318, 312, 313, 311, 312, 317, 325, 337,
    336, 336, 339, 331, 322, 319, 319, 318, 324, 336, 339, 342, 338, 333,
    325, 323, 322, 320, 325, 333, 332, 329, 328, 326, 321, 319, 322, 322,
    327, 323, 326, 328, 325, 324, 317, 320, 318, 318, 318, 319, 324, 321,
    321, 315, 314, 316, 315, 315, 313, 314, 312, 312, 312, 314, 316, 316,
    312, 316, 312, 312, 315, 316, 316, 312, 314, 315 ]
LHandPositionsY: [ 246, 248, 246, 248, 248, 248, 244, 245, 234, 227, 218,
    201, 188, 180, 170, 165, 161, 158, 160, 161, 160, 154, 150, 149, 144,
    144, 144, 143, 144, 147, 149, 146, 145, 147, 143, 141, 142, 142, 143,
    144, 145, 147, 146, 142, 141, 140, 139, 143, 142, 146, 147, 149, 146,
    142, 137, 136, 138, 137, 137, 143, 144, 142, 145, 149, 146, 148, 160,
    170, 181, 192, 200, 212, 214, 219, 221, 225, 229, 229, 231, 231, 232,
    233, 236, 235, 234, 238, 237, 236, 240, 239, 240 ]
RHandPositionsX: [ 180, 179, 179, 181, 182, 181, 183, 180, 181, 179, 181,
    181, 183, 182, 183, 183, 180, 181, 183, 180, 181, 183, 183, 181, 182,
    183, 181, 182, 181, 181, 183, 183, 180, 179, 183, 181, 181, 179, 181,
    182, 179, 181, 181, 182, 179, 182, 183, 182, 182, 180, 179, 179, 183,
    181, 182, 181, 179, 182, 182, 182, 179, 180, 183, 181, 181, 183, 181,
    180, 180, 182, 179, 181, 180, 183, 183, 180, 180, 181, 180, 179, 178,
    179, 182, 180, 178, 178, 180, 179, 179, 178, 181 ]
RHandPositionsY: [ 254, 256, 256, 254, 255, 256, 255, 256, 254, 254, 255,
    252, 255, 254, 253, 252, 252, 255, 255, 252, 252, 256, 253, 252, 252,
    252, 252, 255, 254, 253, 255, 254, 254, 251, 251, 251, 251, 255, 252,
    253, 251, 253, 252, 254, 252, 254, 254, 255, 255, 251, 255, 255, 251,
    255, 253, 255, 255, 255, 251, 252, 254, 252, 255, 252, 251, 253, 251,
    253, 251, 251, 255, 255, 251, 255, 255, 255, 253, 251, 254, 251, 254,
    251, 254, 254, 252, 255, 251, 255, 253, 252, 251 ]
