%YAML:1.0
---
videoName: "LHShake08.mp4"
gestureLabel: 2
fps: 29
pixelSizeInCmTemp: 3.4710144927536229e-01
faceCenterPointX: 261
faceCenterPointY: 69
LHandPositionsX: [ 338, 343, 345, 343, 350, 345, 354, 362, 367, 370, 374,
    371, 379, 369, 357, 346, 339, 341, 340, 342, 348, 356, 367, 365, 360,
    361, 358, 352, 346, 338, 338, 337, 345, 349, 358, 368, 367, 366, 366,
    360, 355, 343, 336, 335, 337, 337, 340, 349, 356, 358, 356, 357, 357,
    350, 343, 342, 341, 342, 341, 350, 353, 365, 371, 372, 372, 368, 366,
    360, 351, 344, 340, 336, 331, 331, 334, 333, 335, 336, 338, 338, 337,
    335, 336, 337, 335, 339, 336, 339 ]
LHandPositionsY: [ 266, 268, 264, 256, 248, 237, 219, 198, 186, 175, 161,
    153, 146, 143, 145, 147, 150, 150, 149, 150, 146, 144, 138, 139, 139,
    138, 142, 147, 148, 155, 154, 153, 152, 154, 146, 147, 147, 146, 150,
    149, 154, 156, 157, 160, 158, 163, 162, 156, 156, 154, 157, 156, 152,
    157, 162, 161, 161, 161, 161, 160, 153, 150, 145, 146, 145, 148, 150,
    153, 158, 169, 176, 186, 198, 207, 222, 231, 243, 247, 250, 253, 255,
    252, 254, 256, 255, 255, 255, 255 ]
RHandPositionsX: [ 176, 175, 172, 174, 176, 173, 174, 173, 173, 173, 174,
    173, 173, 172, 175, 173, 173, 173, 176, 174, 175, 174, 172, 172, 176,
    174, 172, 176, 175, 176, 175, 175, 175, 174, 176, 174, 175, 175, 177,
    177, 174, 174, 173, 176, 175, 177, 177, 175, 178, 178, 175, 178, 177,
    175, 174, 176, 174, 178, 174, 177, 174, 177, 178, 176, 175, 176, 177,
    174, 178, 177, 175, 178, 177, 174, 177, 176, 177, 174, 175, 175, 174,
    174, 176, 175, 175, 175, 175, 174 ]
RHandPositionsY: [ 273, 273, 277, 275, 273, 273, 273, 273, 277, 277, 275,
    275, 277, 275, 277, 277, 277, 274, 273, 275, 275, 276, 273, 275, 275,
    273, 277, 277, 275, 275, 276, 275, 277, 275, 276, 274, 276, 277, 273,
    277, 275, 273, 277, 274, 276, 277, 273, 274, 276, 277, 274, 273, 273,
    277, 273, 274, 277, 276, 274, 277, 274, 277, 277, 274, 273, 273, 274,
    275, 273, 275, 275, 275, 275, 275, 276, 273, 276, 275, 273, 273, 273,
    273, 273, 273, 276, 275, 275, 274 ]
