%YAML:1.0
---
videoName: "LHShake20.mp4"
gestureLabel: 2
fps: 30
pixelSizeInCmTemp: 3.3732394366197183e-01
faceCenterPointX: 249
faceCenterPointY: 62
LHandPositionsX: [ 314, 313, 314, 316, 315, 313, 314, 316, 316, 319, 318,
    329, 333, 339, 344, 337, 332, 320, 313, 316, 314, 311, 315, 329, 337,
    338, 340, 336, 328, 324, 317, 316, 318, 322, 334, 343, 341, 341, 331,
    324, 326, 325, 320, 326, 332, 329, 330, 330, 322, 320, 318, 321, 322,
    327, 325, 328, 329, 327, 320, 320, 321, 319, 316, 320, 322, 320, 321,
    317, 315, 317, 312, 311, 313, 313, 312, 316, 312, 313, 313, 316, 315,
    316, 315, 315, 316, 312, 315, 316, 314, 312, 312 ]
LHandPositionsY: [ 246, 247, 246, 246, 247, 248, 247, 246, 238, 227, 218,
    203, 190, 180, 171, 166, 160, 156, 159, 160, 161, 158, 147, 147, 143,
    143, 146, 144, 140, 144, 148, 148, 149, 146, 146, 141, 143, 140, 145,
    146, 146, 145, 147, 142, 143, 143, 141, 139, 141, 146, 150, 146, 146,
    141, 137, 134, 137, 135, 137, 144, 144, 143, 145, 147, 150, 151, 158,
    170, 181, 191, 202, 214, 214, 219, 225, 229, 230, 232, 231, 230, 232,
    233, 235, 236, 236, 238, 237, 237, 237, 236, 240 ]
RHandPositionsX: [ 183, 180, 180, 182, 181, 182, 180, 179, 183, 180, 182,
    182, 179, 180, 181, 180, 183, 182, 180, 181, 181, 183, 181, 182, 181,
    179, 182, 182, 179, 180, 183, 179, 179, 181, 179, 183, 182, 182, 179,
    181, 182, 181, 181, 179, 179, 182, 182, 182, 182, 182, 179, 179, 181,
    181, 183, 179, 181, 179, 183, 179, 181, 181, 182, 179, 183, 180, 182,
    183, 183, 181, 183, 183, 181, 180, 182, 182, 182, 181, 182, 180, 178,
    180, 179, 180, 180, 178, 182, 182, 180, 182, 180 ]
RHandPositionsY: [ 254, 257, 253, 256, 256, 257, 255, 254, 254, 252, 252,
    252, 253, 256, 256, 252, 254, 252, 254, 252, 256, 252, 253, 255, 253,
    253, 252, 256, 255, 252, 253, 254, 253, 251, 255, 255, 251, 251, 251,
    251, 254, 254, 251, 251, 255, 255, 251, 254, 255, 252, 253, 255, 255,
    251, 254, 255, 252, 252, 251, 254, 255, 251, 252, 255, 255, 255, 253,
    254, 252, 253, 251, 254, 254, 255, 252, 252, 254, 254, 251, 255, 254,
    255, 255, 255, 254, 254, 251, 252, 255, 254, 253 ]
