%YAML:1.0
---
videoName: "LHShake11.mp4"
gestureLabel: 2
fps: 29
pixelSizeInCmTemp: 3.3732394366197183e-01
faceCenterPointX: 260
faceCenterPointY: 69
LHandPositionsX: [ 383, 387, 383, 378, 367, 354, 346, 351, 347, 347, 353,
    360, 366, 365, 362, 364, 356, 353, 347, 348, 348, 349, 353, 359, 358,
    356, 361, 356, 349, 346, 348, 346, 347, 354, 355, 354, 354, 354, 348,
    344, 339, 338, 339, 338, 348, 355, 357, 354, 357, 357, 353, 343, 340,
    341, 335, 338, 348, 354, 360, 360, 360, 363, 361, 356, 350, 341, 339,
    333, 332, 328, 330, 331, 333, 334, 332, 335, 334, 331, 332, 331, 334,
    331, 334, 331, 331, 335, 335, 332 ]
LHandPositionsY: [ 178, 161, 153, 143, 142, 143, 145, 144, 146, 135, 128,
    127, 129, 125, 127, 126, 130, 140, 142, 142, 142, 132, 130, 129, 129,
    128, 129, 133, 142, 145, 140, 143, 144, 140, 134, 136, 133, 136, 136,
    139, 142, 146, 146, 144, 141, 134, 133, 134, 134, 129, 137, 141, 146,
    146, 149, 144, 143, 140, 139, 138, 138, 141, 148, 154, 164, 177, 189,
    203, 217, 226, 229, 234, 239, 243, 244, 245, 247, 248, 251, 248, 252,
    248, 252, 249, 250, 250, 251, 250 ]
RHandPositionsX: [ 179, 182, 179, 183, 183, 183, 180, 183, 180, 180, 180,
    179, 181, 179, 183, 181, 183, 179, 181, 179, 181, 181, 181, 181, 180,
    182, 183, 181, 183, 183, 181, 183, 179, 182, 182, 183, 181, 182, 179,
    182, 182, 182, 181, 179, 183, 180, 183, 181, 181, 179, 181, 183, 181,
    180, 183, 180, 182, 181, 183, 182, 180, 180, 183, 179, 183, 179, 183,
    182, 182, 180, 183, 181, 180, 179, 181, 179, 179, 181, 179, 179, 180,
    183, 180, 180, 179, 179, 180, 180 ]
RHandPositionsY: [ 274, 273, 276, 274, 273, 273, 277, 273, 276, 275, 273,
    274, 275, 276, 273, 274, 275, 277, 273, 277, 275, 275, 277, 276, 274,
    276, 276, 275, 273, 276, 277, 274, 276, 277, 276, 273, 276, 277, 277,
    277, 276, 273, 273, 275, 276, 275, 275, 273, 274, 273, 276, 274, 276,
    277, 275, 277, 276, 275, 276, 276, 277, 274, 276, 277, 273, 276, 276,
    276, 277, 275, 273, 277, 277, 275, 275, 274, 274, 273, 276, 273, 277,
    274, 277, 277, 276, 275, 273, 273 ]
