%YAML:1.0
---
videoName: "LHShake24.mp4"
gestureLabel: 2
fps: 30
pixelSizeInCmTemp: 3.4214285714285714e-01
faceCenterPointX: 255
faceCenterPointY: 77
LHandPositionsX: [ 327, 327, 330, 327, 330, 328, 327, 326, 327, 332, 331,
    332, 342, 345, 350, 359, 370, 377, 379, 379, 382, 378, 371, 362, 348,
    339, 344, 341, 340, 351, 357, 370, 377, 375, 376, 373, 369, 358, 347,
    336, 342, 340, 345, 353, 364, 366, 367, 367, 364, 356, 342, 340, 340,
    338, 346, 352, 362, 373, 370, 374, 369, 364, 353, 345, 344, 342, 345,
    351, 360, 369, 370, 368, 368, 360, 350, 340, 336, 334, 330, 325, 323,
    325, 327, 325, 326, 329, 328, 326, 325, 328, 324 ]
LHandPositionsY: [ 264, 263, 261, 260, 261, 260, 264, 260, 261, 259, 261,
    256, 246, 236, 224, 210, 196, 185, 173, 170, 158, 152, 149, 156, 157,
    163, 164, 161, 163, 162, 155, 154, 151, 149, 149, 147, 147, 151, 154,
    155, 155, 153, 154, 154, 151, 149, 151, 150, 154, 153, 161, 164, 164,
    165, 164, 162, 161, 158, 159, 155, 154, 160, 162, 164, 163, 162, 160,
    159, 162, 159, 156, 156, 158, 160, 160, 163, 169, 179, 188, 199, 210,
    218, 230, 232, 234, 238, 245, 249, 248, 249, 247 ]
RHandPositionsX: [ 182, 180, 183, 182, 183, 182, 182, 180, 179, 180, 181,
    180, 182, 182, 180, 179, 181, 180, 180, 179, 181, 181, 182, 181, 180,
    183, 181, 182, 180, 180, 182, 182, 179, 182, 180, 179, 180, 183, 180,
    182, 183, 180, 182, 183, 181, 182, 183, 179, 179, 179, 183, 180, 183,
    183, 179, 182, 179, 180, 180, 180, 183, 182, 183, 183, 179, 182, 182,
    181, 181, 181, 180, 182, 182, 181, 181, 182, 183, 182, 180, 183, 181,
    183, 181, 183, 181, 181, 180, 182, 183, 182, 182 ]
RHandPositionsY: [ 267, 271, 271, 269, 268, 270, 268, 268, 268, 268, 268,
    269, 268, 267, 271, 268, 271, 268, 269, 270, 268, 270, 269, 268, 271,
    269, 269, 271, 267, 269, 267, 269, 267, 270, 268, 271, 268, 270, 271,
    269, 267, 268, 271, 268, 271, 267, 269, 267, 270, 267, 271, 267, 267,
    268, 268, 271, 270, 268, 270, 269, 268, 269, 271, 267, 271, 268, 271,
    269, 271, 269, 271, 270, 268, 271, 267, 267, 271, 271, 271, 268, 271,
    267, 269, 269, 267, 268, 269, 269, 268, 267, 271 ]
