%YAML:1.0
---
videoName: "LHShake13.mp4"
gestureLabel: 2
fps: 29
pixelSizeInCmTemp: 3.4214285714285714e-01
faceCenterPointX: 257
faceCenterPointY: 76
LHandPositionsX: [ 323, 325, 324, 324, 325, 323, 324, 324, 325, 329, 327,
    337, 342, 353, 362, 372, 378, 389, 389, 388, 385, 373, 365, 350, 344,
    343, 342, 345, 352, 358, 372, 371, 367, 361, 355, 345, 343, 340, 340,
    351, 358, 368, 369, 366, 360, 351, 343, 348, 343, 349, 357, 364, 365,
    364, 360, 354, 349, 347, 343, 343, 348, 359, 365, 372, 365, 363, 359,
    356, 348, 342, 334, 327, 323, 326, 326, 325, 325, 328, 328, 328, 326,
    325, 328, 326, 326, 324, 326, 327 ]
LHandPositionsY: [ 260, 263, 259, 262, 261, 262, 259, 260, 258, 259, 256,
    249, 236, 225, 210, 197, 187, 172, 167, 155, 152, 152, 153, 154, 156,
    158, 155, 155, 154, 145, 143, 142, 140, 148, 151, 154, 159, 157, 156,
    155, 152, 156, 152, 157, 156, 158, 163, 161, 161, 162, 157, 159, 155,
    156, 156, 161, 166, 165, 163, 162, 160, 160, 157, 152, 152, 146, 147,
    153, 154, 160, 168, 180, 192, 204, 220, 235, 246, 246, 244, 243, 248,
    245, 247, 247, 249, 246, 249, 248 ]
RHandPositionsX: [ 181, 184, 181, 183, 181, 184, 184, 181, 181, 183, 185,
    181, 181, 181, 182, 182, 182, 181, 184, 184, 182, 184, 182, 185, 182,
    183, 181, 181, 185, 185, 183, 184, 181, 182, 185, 184, 183, 182, 183,
    182, 183, 182, 184, 183, 181, 183, 184, 181, 183, 181, 185, 181, 182,
    183, 181, 183, 185, 185, 185, 185, 183, 183, 185, 181, 185, 183, 183,
    184, 182, 182, 185, 182, 185, 182, 182, 181, 183, 183, 183, 182, 181,
    184, 181, 181, 183, 184, 184, 181 ]
RHandPositionsY: [ 268, 268, 271, 269, 270, 267, 269, 271, 267, 270, 269,
    271, 267, 268, 267, 270, 267, 270, 268, 268, 271, 267, 270, 271, 271,
    267, 267, 271, 271, 268, 268, 270, 271, 268, 270, 270, 271, 267, 269,
    267, 271, 268, 268, 267, 271, 268, 270, 271, 268, 270, 270, 271, 268,
    271, 268, 267, 269, 271, 271, 268, 267, 267, 271, 270, 267, 269, 267,
    269, 269, 268, 270, 270, 269, 268, 271, 267, 267, 271, 269, 271, 271,
    271, 269, 271, 270, 269, 271, 270 ]
