%YAML:1.0
---
videoName: "LHShake11.mp4"
gestureLabel: 2
fps: 29
pixelSizeInCmTemp: 3.3732394366197183e-01
faceCenterPointX: 260
faceCenterPointY: 69
LHandPositionsX: [ 386, 388, 387, 376, 363, 357, 347, 350, 344, 346, 355,
    359, 368, 363, 363, 365, 354, 351, 346, 349, 346, 347, 353, 360, 358,
    357, 359, 355, 352, 344, 348, 348, 347, 354, 353, 352, 351, 350, 349,
    344, 337, 341, 340, 338, 348, 356, 355, 354, 354, 355, 350, 341, 337,
    339, 337, 338, 349, 356, 357, 357, 361, 363, 362, 353, 350, 341, 339,
    330, 331, 331, 332, 329, 330, 331, 336, 331, 335, 332, 331, 334, 335,
    334, 334, 331, 331, 335, 332, 333 ]
LHandPositionsY: [ 178, 161, 152, 141, 144, 147, 146, 146, 145, 134, 128,
    129, 125, 125, 127, 129, 134, 140, 141, 143, 143, 134, 132, 129, 129,
    130, 131, 132, 138, 144, 143, 142, 144, 136, 135, 134, 137, 132, 135,
    139, 144, 143, 144, 144, 144, 136, 132, 135, 134, 130, 139, 141, 144,
    145, 145, 144, 144, 138, 136, 135, 137, 140, 146, 153, 165, 178, 189,
    203, 215, 228, 229, 235, 238, 242, 245, 244, 246, 247, 247, 251, 252,
    248, 248, 250, 251, 251, 251, 248 ]
RHandPositionsX: [ 183, 182, 180, 180, 179, 180, 180, 182, 182, 180, 180,
    182, 181, 182, 179, 181, 183, 180, 179, 181, 179, 183, 183, 180, 182,
    180, 183, 181, 179, 183, 181, 180, 180, 183, 183, 183, 181, 183, 182,
    179, 183, 180, 180, 179, 183, 179, 179, 181, 179, 180, 179, 179, 180,
    182, 181, 179, 182, 183, 180, 183, 183, 182, 180, 181, 182, 180, 179,
    179, 183, 180, 181, 183, 182, 181, 181, 182, 179, 182, 183, 181, 183,
    179, 179, 181, 183, 180, 182, 182 ]
RHandPositionsY: [ 273, 274, 277, 276, 273, 273, 277, 274, 275, 273, 274,
    276, 273, 277, 274, 276, 274, 277, 274, 273, 274, 274, 277, 274, 277,
    277, 273, 273, 277, 274, 277, 274, 276, 274, 275, 276, 275, 273, 274,
    274, 277, 275, 273, 273, 276, 275, 275, 274, 275, 273, 277, 274, 275,
    275, 276, 277, 277, 273, 275, 273, 276, 273, 277, 275, 273, 277, 277,
    276, 274, 274, 276, 275, 273, 277, 275, 275, 277, 277, 273, 273, 274,
    275, 274, 275, 276, 276, 276, 275 ]
