%YAML:1.0
---
videoName: "LHShake14.mp4"
gestureLabel: 2
fps: 29
pixelSizeInCmTemp: 3.2808219178082193e-01
faceCenterPointX: 256
faceCenterPointY: 64
LHandPositionsX: [ 349, 352, 351, 357, 368, 383, 388, 390, 387, 382, 371,
    359, 361, 355, 361, 372, 382, 381, 381, 383, 372, 364, 355, 354, 351,
    361, 370, 382, 389, 388, 386, 379, 369, 360, 357, 355, 361, 370, 380,
    382, 384, 378, 370, 363, 360, 359, 359, 366, 372, 379, 378, 380, 374,
    366, 355, 351, 342, 339, 332, 328, 330, 328, 329, 329, 328, 332, 328,
    330, 328, 329, 328, 328, 331, 327, 331, 331, 330, 330, 327, 329, 330,
    329, 327, 328, 331, 330, 327, 330 ]
LHandPositionsY: [ 149, 145, 148, 143, 139, 139, 140, 142, 139, 140, 144,
    149, 146, 147, 147, 143, 138, 138, 140, 139, 138, 143, 146, 146, 146,
    145, 147, 145, 140, 144, 142, 140, 147, 147, 146, 146, 144, 145, 142,
    141, 144, 141, 141, 140, 144, 142, 140, 142, 140, 142, 141, 146, 150,
    154, 159, 169, 175, 189, 200, 211, 222, 232, 234, 236, 240, 248, 247,
    249, 249, 248, 251, 248, 252, 248, 252, 249, 251, 249, 249, 252, 252,
    250, 249, 252, 251, 248, 248, 250 ]
RHandPositionsX: [ 184, 182, 182, 184, 181, 182, 183, 181, 183, 179, 182,
    181, 180, 181, 181, 177, 179, 178, 178, 175, 176, 178, 178, 179, 176,
    175, 179, 176, 176, 179, 177, 177, 176, 178, 179, 175, 179, 176, 177,
    177, 179, 179, 178, 178, 179, 177, 175, 178, 176, 179, 178, 176, 177,
    176, 178, 178, 175, 179, 175, 175, 178, 178, 177, 177, 175, 177, 178,
    175, 177, 175, 177, 175, 175, 177, 176, 177, 176, 176, 177, 177, 178,
    176, 179, 178, 176, 175, 175, 177 ]
RHandPositionsY: [ 278, 279, 276, 279, 276, 277, 279, 277, 277, 276, 275,
    275, 278, 277, 275, 274, 276, 273, 274, 277, 276, 273, 276, 275, 276,
    277, 276, 274, 276, 274, 276, 274, 276, 276, 277, 274, 273, 273, 277,
    275, 273, 276, 276, 276, 274, 274, 276, 274, 273, 273, 276, 276, 276,
    273, 276, 276, 276, 274, 273, 276, 277, 275, 275, 277, 274, 277, 274,
    276, 277, 277, 274, 275, 274, 277, 276, 275, 276, 274, 275, 277, 275,
    276, 274, 273, 273, 276, 277, 276 ]
