%YAML:1.0
---
videoName: "LHShake22.mp4"
gestureLabel: 2
fps: 29
pixelSizeInCmTemp: 3.5220588235294115e-01
faceCenterPointX: 261
faceCenterPointY: 79
LHandPositionsX: [ 336, 344, 349, 357, 355, 357, 355, 354, 346, 338, 326,
    320, 319, 322, 319, 324, 330, 337, 345, 345, 346, 344, 337, 330, 322,
    321, 324, 326, 333, 336, 342, 340, 341, 335, 329, 321, 316, 318, 317,
    323, 329, 334, 337, 335, 337, 330, 324, 320, 321, 319, 325, 329, 337,
    345, 341, 342, 340, 335, 327, 319, 320, 317, 318, 323, 332, 337, 334,
    334, 333, 333, 327, 323, 323, 320, 322, 323, 325, 324, 327, 325, 323,
    326, 325, 324, 325, 326, 323, 326 ]
LHandPositionsY: [ 262, 253, 246, 236, 233, 221, 207, 207, 195, 190, 184,
    184, 183, 183, 182, 179, 179, 174, 174, 174, 173, 172, 174, 176, 176,
    178, 178, 179, 176, 171, 171, 171, 171, 173, 177, 179, 181, 180, 181,
    182, 181, 178, 176, 176, 175, 177, 180, 182, 182, 179, 179, 182, 179,
    174, 175, 178, 177, 176, 181, 181, 181, 182, 181, 181, 176, 176, 176,
    181, 186, 187, 193, 201, 209, 222, 229, 240, 241, 246, 248, 248, 248,
    248, 250, 251, 251, 247, 251, 251 ]
RHandPositionsX: [ 193, 193, 191, 192, 189, 193, 189, 189, 193, 190, 189,
    191, 193, 193, 193, 190, 189, 190, 190, 189, 192, 190, 192, 193, 190,
    192, 190, 191, 190, 192, 192, 190, 190, 192, 193, 193, 191, 189, 192,
    193, 189, 190, 189, 190, 193, 189, 189, 191, 190, 193, 192, 193, 189,
    190, 190, 192, 191, 193, 190, 192, 190, 193, 189, 192, 192, 190, 189,
    191, 192, 190, 190, 191, 192, 191, 191, 189, 193, 193, 192, 190, 189,
    192, 192, 191, 191, 192, 189, 191 ]
RHandPositionsY: [ 267, 267, 270, 266, 268, 267, 270, 266, 270, 268, 267,
    266, 267, 267, 267, 270, 267, 267, 268, 266, 266, 268, 269, 266, 266,
    267, 266, 268, 270, 267, 266, 269, 270, 270, 270, 270, 267, 266, 270,
    267, 270, 267, 266, 267, 267, 267, 268, 267, 269, 270, 270, 268, 267,
    267, 268, 266, 268, 267, 267, 267, 270, 266, 266, 266, 270, 266, 266,
    266, 268, 266, 266, 270, 266, 266, 267, 267, 266, 268, 269, 270, 267,
    270, 267, 269, 269, 266, 270, 268 ]
