%YAML:1.0
---
videoName: "LHShake23.mp4"
gestureLabel: 2
fps: 30
pixelSizeInCmTemp: 3.3263888888888887e-01
faceCenterPointX: 259
faceCenterPointY: 79
LHandPositionsX: [ 330, 334, 330, 332, 331, 330, 332, 332, 334, 333, 333,
    335, 342, 345, 349, 360, 371, 372, 374, 375, 377, 381, 377, 366, 359,
    352, 351, 354, 354, 361, 370, 380, 383, 385, 386, 378, 373, 360, 361,
    359, 362, 366, 375, 385, 381, 382, 379, 371, 364, 357, 357, 352, 355,
    361, 375, 380, 383, 380, 381, 374, 366, 357, 357, 358, 357, 364, 371,
    381, 377, 380, 376, 376, 369, 363, 356, 351, 345, 342, 339, 337, 339,
    339, 338, 335, 336, 337, 337, 337, 335, 334, 334 ]
LHandPositionsY: [ 262, 262, 266, 264, 266, 265, 266, 265, 261, 261, 258,
    254, 244, 233, 228, 211, 200, 198, 192, 187, 180, 172, 169, 164, 168,
    167, 170, 169, 169, 164, 161, 160, 159, 160, 159, 162, 162, 161, 162,
    163, 165, 163, 161, 160, 158, 161, 160, 161, 162, 166, 164, 166, 167,
    168, 164, 165, 165, 162, 163, 164, 164, 166, 166, 169, 171, 168, 169,
    169, 166, 169, 167, 173, 178, 185, 191, 204, 213, 228, 237, 249, 248,
    253, 249, 254, 253, 256, 256, 255, 252, 256, 256 ]
RHandPositionsX: [ 182, 182, 186, 183, 182, 182, 186, 185, 186, 186, 185,
    183, 182, 185, 184, 182, 185, 184, 186, 184, 182, 182, 183, 185, 183,
    182, 183, 185, 183, 186, 186, 183, 182, 184, 182, 184, 182, 184, 184,
    186, 184, 185, 182, 183, 183, 184, 186, 182, 183, 182, 185, 184, 185,
    184, 184, 184, 186, 184, 185, 185, 182, 182, 182, 186, 182, 186, 186,
    183, 184, 184, 184, 184, 186, 185, 183, 185, 185, 186, 182, 182, 183,
    184, 184, 184, 183, 185, 182, 184, 182, 182, 185 ]
RHandPositionsY: [ 272, 271, 274, 270, 271, 272, 273, 270, 271, 273, 272,
    274, 273, 274, 270, 271, 273, 271, 272, 274, 273, 274, 270, 273, 271,
    270, 273, 274, 270, 273, 273, 274, 270, 273, 270, 272, 272, 274, 274,
    270, 272, 274, 273, 271, 270, 272, 271, 270, 272, 272, 272, 274, 272,
    272, 272, 272, 272, 271, 274, 272, 271, 272, 273, 271, 271, 273, 272,
    272, 272, 273, 272, 272, 272, 270, 270, 273, 273, 273, 270, 273, 273,
    272, 270, 273, 272, 273, 271, 270, 274, 272, 271 ]
