%YAML:1.0
---
videoName: "LHShake00.mp4"
gestureLabel: 2
fps: 29
pixelSizeInCmTemp: 3.4214285714285714e-01
faceCenterPointX: 252
faceCenterPointY: 85
LHandPositionsX: [ 350, 351, 351, 351, 355, 355, 357, 358, 350, 345, 336,
    322, 325, 324, 324, 324, 327, 334, 338, 337, 338, 337, 331, 328, 327,
    325, 327, 329, 331, 337, 340, 341, 339, 334, 324, 324, 324, 329, 329,
    334, 338, 343, 340, 341, 332, 326, 322, 324, 328, 330, 333, 337, 338,
    341, 341, 337, 327, 327, 326, 324, 328, 332, 336, 337, 337, 338, 341,
    340, 336, 332, 332, 330, 325, 329, 330, 329, 328, 332, 336, 335, 336,
    341, 342, 339, 343, 343, 344, 341 ]
LHandPositionsY: [ 259, 251, 248, 230, 209, 190, 170, 153, 138, 133, 131,
    133, 138, 137, 137, 135, 132, 131, 126, 125, 127, 124, 127, 131, 134,
    131, 132, 132, 131, 125, 122, 123, 123, 127, 136, 135, 133, 135, 132,
    128, 128, 125, 122, 121, 128, 132, 131, 133, 134, 131, 132, 127, 122,
    121, 123, 126, 130, 131, 128, 127, 130, 126, 123, 121, 120, 119, 117,
    128, 138, 149, 159, 164, 164, 171, 186, 190, 199, 208, 214, 221, 224,
    227, 227, 231, 233, 237, 233, 237 ]
RHandPositionsX: [ 153, 154, 153, 154, 153, 154, 155, 152, 155, 156, 155,
    153, 156, 152, 152, 154, 153, 154, 154, 155, 153, 156, 152, 152, 156,
    155, 154, 156, 154, 153, 154, 153, 153, 155, 154, 154, 155, 155, 155,
    154, 152, 156, 153, 154, 156, 154, 155, 154, 152, 153, 154, 152, 152,
    152, 152, 154, 155, 152, 153, 155, 156, 152, 153, 155, 156, 154, 154,
    155, 154, 152, 153, 152, 152, 152, 155, 152, 154, 155, 153, 152, 155,
    153, 154, 154, 155, 155, 153, 153 ]
RHandPositionsY: [ 278, 279, 277, 276, 277, 277, 274, 275, 274, 274, 275,
    274, 273, 271, 271, 272, 270, 267, 269, 267, 269, 269, 268, 269, 266,
    267, 266, 267, 266, 265, 264, 264, 265, 264, 263, 263, 266, 261, 261,
    262, 263, 265, 264, 261, 261, 264, 261, 263, 264, 264, 262, 261, 260,
    263, 262, 263, 260, 261, 263, 261, 261, 260, 264, 261, 261, 260, 263,
    261, 264, 263, 261, 264, 261, 264, 262, 260, 264, 261, 262, 263, 260,
    260, 264, 260, 262, 263, 262, 263 ]
