%YAML:1.0
---
videoName: "LHShake14.mp4"
gestureLabel: 2
fps: 29
pixelSizeInCmTemp: 3.2808219178082193e-01
faceCenterPointX: 256
faceCenterPointY: 64
LHandPositionsX: [ 350, 351, 348, 357, 370, 381, 390, 388, 389, 380, 369,
    361, 359, 358, 359, 368, 381, 383, 381, 382, 374, 362, 354, 356, 351,
    357, 369, 379, 386, 384, 384, 375, 370, 360, 358, 357, 359, 368, 383,
    380, 382, 379, 370, 360, 359, 357, 361, 362, 374, 376, 379, 380, 374,
    366, 355, 347, 340, 339, 330, 328, 330, 332, 331, 329, 330, 333, 328,
    328, 332, 330, 328, 329, 331, 327, 331, 331, 330, 331, 330, 331, 328,
    328, 327, 327, 330, 329, 327, 329 ]
LHandPositionsY: [ 146, 147, 146, 146, 140, 139, 139, 141, 140, 142, 147,
    148, 148, 147, 145, 144, 140, 138, 141, 137, 142, 143, 146, 148, 149,
    147, 147, 145, 142, 144, 139, 141, 147, 144, 145, 150, 144, 143, 143,
    143, 141, 141, 140, 140, 142, 143, 141, 142, 140, 141, 142, 147, 147,
    154, 158, 166, 175, 188, 199, 212, 222, 233, 236, 238, 241, 244, 248,
    247, 249, 249, 249, 251, 248, 248, 249, 249, 249, 251, 248, 252, 249,
    251, 248, 251, 251, 248, 250, 249 ]
RHandPositionsX: [ 183, 184, 183, 184, 180, 180, 183, 181, 181, 180, 182,
    182, 179, 179, 179, 176, 180, 180, 180, 175, 176, 179, 177, 179, 176,
    178, 176, 176, 177, 178, 178, 175, 178, 178, 176, 176, 179, 177, 177,
    180, 175, 177, 179, 177, 176, 177, 179, 177, 179, 178, 177, 178, 177,
    178, 175, 177, 175, 178, 178, 176, 178, 178, 179, 179, 175, 176, 175,
    176, 178, 177, 179, 178, 176, 179, 175, 179, 175, 176, 176, 177, 176,
    175, 175, 178, 179, 177, 175, 177 ]
RHandPositionsY: [ 277, 280, 278, 278, 278, 278, 276, 279, 275, 275, 276,
    275, 276, 276, 276, 276, 277, 275, 273, 275, 273, 274, 277, 275, 273,
    276, 276, 277, 277, 273, 274, 274, 276, 274, 276, 275, 276, 277, 274,
    278, 276, 275, 277, 277, 274, 277, 274, 277, 275, 276, 274, 276, 274,
    273, 275, 274, 277, 276, 277, 277, 275, 276, 275, 277, 274, 275, 275,
    275, 277, 276, 274, 277, 273, 275, 275, 274, 273, 273, 274, 277, 274,
    275, 274, 275, 274, 277, 276, 276 ]
