%YAML:1.0
---
videoName: "LHShake20.mp4"
gestureLabel: 2
fps: 30
pixelSizeInCmTemp: 3.3732394366197183e-01
faceCenterPointX: 249
faceCenterPointY: 62
LHandPositionsX: [ 315, 313, 314, 312, 313, 317, 314, 315, 315, 315, 319,
    329, 336, 341, 343, 340, 328, 318, 312, 314, 313, 311, 319, 329, 338,
    337, 340, 340, 331, 323, 317, 316, 319, 324, 333, 341, 342, 341, 330,
    326, 325, 325, 322, 326, 335, 331, 329, 331, 326, 321, 319, 322, 322,
    323, 326, 327, 327, 328, 321, 319, 317, 316, 317, 317, 321, 323, 322,
    321, 317, 315, 314, 311, 312, 316, 315, 316, 313, 313, 315, 313, 313,
    312, 313, 316, 315, 314, 314, 314, 312, 315, 314 ]
LHandPositionsY: [ 248, 250, 246, 249, 246, 246, 245, 243, 236, 226, 215,
    202, 187, 176, 170, 166, 160, 157, 161, 163, 160, 154, 149, 146, 142,
    143, 144, 144, 142, 144, 146, 148, 148, 147, 143, 144, 140, 142, 142,
    146, 149, 145, 145, 144, 143, 142, 140, 139, 143, 148, 148, 150, 148,
    142, 140, 135, 136, 135, 135, 144, 146, 143, 147, 146, 147, 148, 159,
    170, 180, 192, 200, 215, 216, 219, 223, 225, 231, 231, 228, 229, 232,
    231, 233, 235, 236, 237, 237, 236, 239, 237, 238 ]
RHandPositionsX: [ 179, 181, 182, 183, 180, 181, 181, 181, 182, 180, 181,
    182, 182, 183, 182, 179, 183, 179, 180, 180, 179, 182, 180, 182, 180,
    180, 179, 179, 183, 183, 182, 179, 179, 183, 181, 180, 183, 179, 182,
    181, 182, 182, 180, 180, 179, 182, 179, 181, 180, 180, 182, 179, 181,
    183, 183, 180, 180, 183, 179, 183, 181, 182, 183, 182, 181, 182, 181,
    180, 183, 183, 179, 182, 183, 182, 179, 182, 179, 182, 180, 179, 180,
    180, 178, 179, 181, 181, 182, 178, 180, 178, 182 ]
RHandPositionsY: [ 255, 257, 253, 257, 255, 254, 255, 257, 254, 256, 253,
    252, 256, 252, 252, 256, 255, 256, 254, 253, 253, 254, 253, 256, 253,
    254, 255, 256, 255, 254, 254, 254, 255, 254, 253, 255, 251, 251, 252,
    252, 254, 252, 253, 253, 251, 251, 254, 254, 255, 254, 253, 254, 253,
    253, 253, 254, 253, 253, 254, 255, 252, 255, 251, 251, 251, 255, 254,
    253, 254, 252, 251, 254, 252, 251, 253, 254, 252, 254, 255, 254, 252,
    251, 251, 253, 254, 251, 253, 253, 252, 251, 252 ]
