%YAML:1.0
---
videoName: "LHShake00.mp4"
gestureLabel: 2
fps: 29
pixelSizeInCmTemp: 3.4214285714285714e-01
faceCenterPointX: 252
faceCenterPointY: 85
LHandPositionsX: [ 353, 349, 352, 348, 356, 359, 359, 354, 353, 345, 336,
    324, 324, 325, 324, 323, 327, 334, 334, 338, 339, 339, 332, 326, 327,
    327, 326, 329, 334, 337, 336, 338, 340, 333, 324, 321, 321, 327, 332,
    338, 341, 343, 341, 338, 332, 327, 326, 322, 326, 329, 331, 335, 339,
    342, 339, 335, 330, 326, 325, 325, 324, 329, 332, 337, 339, 341, 343,
    338, 334, 334, 328, 331, 325, 329, 328, 331, 328, 332, 336, 337, 340,
    340, 339, 342, 343, 340, 341, 342 ]
LHandPositionsY: [ 256, 250, 248, 229, 213, 187, 168, 152, 139, 133, 132,
    135, 135, 135, 137, 134, 133, 129, 129, 124, 125, 126, 129, 132, 135,
    134, 132, 131, 128, 123, 125, 121, 124, 128, 132, 134, 135, 136, 134,
    131, 129, 122, 120, 121, 127, 130, 134, 130, 130, 132, 132, 128, 126,
    123, 126, 129, 127, 131, 130, 131, 129, 125, 120, 121, 118, 119, 116,
    126, 139, 148, 159, 166, 164, 174, 186, 191, 198, 206, 214, 221, 226,
    228, 230, 233, 234, 237, 235, 234 ]
RHandPositionsX: [ 152, 155, 156, 152, 154, 152, 156, 154, 152, 155, 155,
    152, 152, 153, 155, 154, 153, 155, 155, 153, 154, 153, 153, 154, 153,
    155, 152, 155, 152, 153, 152, 156, 152, 156, 156, 152, 155, 152, 153,
    154, 153, 156, 154, 152, 154, 155, 155, 156, 152, 156, 154, 152, 154,
    155, 152, 156, 153, 155, 156, 155, 155, 156, 154, 155, 153, 156, 152,
    152, 156, 155, 152, 156, 154, 156, 156, 156, 156, 152, 156, 156, 152,
    154, 152, 156, 152, 155, 156, 154 ]
RHandPositionsY: [ 275, 275, 275, 275, 278, 277, 275, 276, 276, 275, 273,
    272, 271, 269, 270, 271, 271, 267, 271, 267, 268, 270, 270, 266, 268,
    269, 267, 266, 265, 266, 266, 267, 266, 263, 263, 266, 264, 265, 264,
    262, 264, 262, 262, 263, 260, 260, 260, 262, 261, 260, 260, 260, 262,
    262, 260, 264, 260, 261, 263, 262, 261, 261, 260, 262, 263, 264, 262,
    263, 263, 262, 264, 261, 262, 264, 262, 264, 261, 264, 262, 260, 261,
    261, 262, 263, 262, 262, 262, 260 ]
