%YAML:1.0
---
videoName: "LHShake23.mp4"
gestureLabel: 2
fps: 30
pixelSizeInCmTemp: 3.3263888888888887e-01
faceCenterPointX: 259
faceCenterPointY: 79
LHandPositionsX: [ 331, 331, 334, 330, 330, 332, 333, 332, 334, 332, 334,
    335, 341, 347, 348, 360, 369, 372, 373, 376, 379, 378, 375, 368, 357,
    351, 354, 352, 353, 361, 369, 378, 385, 382, 383, 379, 372, 359, 358,
    360, 362, 368, 379, 386, 382, 381, 380, 372, 363, 357, 357, 353, 354,
    361, 374, 381, 383, 381, 381, 376, 365, 355, 358, 357, 357, 362, 375,
    380, 377, 376, 376, 374, 370, 365, 356, 351, 349, 346, 343, 339, 340,
    338, 338, 335, 336, 337, 338, 338, 338, 335, 333 ]
LHandPositionsY: [ 266, 264, 262, 265, 262, 263, 263, 266, 264, 264, 261,
    251, 240, 232, 230, 212, 200, 195, 191, 187, 180, 173, 168, 164, 169,
    171, 167, 170, 168, 166, 163, 162, 157, 159, 159, 160, 161, 163, 163,
    164, 164, 166, 162, 160, 159, 159, 158, 157, 160, 165, 163, 165, 166,
    166, 167, 163, 165, 164, 165, 163, 165, 169, 169, 168, 170, 172, 167,
    168, 167, 166, 171, 170, 175, 182, 191, 202, 215, 227, 241, 250, 250,
    250, 250, 252, 251, 252, 255, 253, 252, 255, 253 ]
RHandPositionsX: [ 186, 185, 185, 183, 183, 184, 183, 182, 186, 183, 185,
    184, 185, 182, 186, 185, 182, 186, 186, 184, 185, 185, 182, 183, 185,
    186, 182, 185, 185, 182, 182, 184, 183, 183, 185, 184, 184, 182, 184,
    183, 183, 184, 182, 184, 186, 185, 184, 186, 183, 182, 184, 186, 184,
    185, 182, 186, 182, 185, 184, 185, 183, 182, 183, 183, 184, 185, 182,
    183, 186, 186, 185, 184, 186, 186, 185, 186, 183, 186, 186, 185, 182,
    186, 185, 184, 182, 186, 184, 184, 182, 184, 186 ]
RHandPositionsY: [ 271, 271, 274, 271, 271, 270, 274, 271, 271, 270, 271,
    273, 273, 271, 272, 273, 271, 272, 273, 271, 273, 271, 272, 273, 271,
    272, 274, 271, 270, 272, 273, 272, 273, 272, 270, 273, 274, 272, 272,
    272, 271, 271, 273, 271, 273, 273, 272, 271, 271, 274, 270, 273, 273,
    272, 272, 274, 270, 272, 272, 271, 271, 273, 274, 270, 271, 270, 272,
    274, 271, 272, 274, 270, 271, 271, 274, 272, 270, 273, 274, 272, 270,
    273, 270, 273, 270, 270, 274, 272, 274, 272, 270 ]
