%YAML:1.0
---
videoName: "LHShake04.mp4"
gestureLabel: 2
fps: 30
pixelSizeInCmTemp: 3.2808219178082193e-01
faceCenterPointX: 247
faceCenterPointY: 80
LHandPositionsX: [ 283, 284, 281, 280, 282, 279, 282, 281, 283, 281, 281,
    280, 282, 281, 279, 285, 287, 297, 306, 320, 332, 349, 357, 365, 370,
    369, 362, 358, 347, 343, 337, 336, 336, 342, 348, 363, 369, 368, 358,
    345, 342, 343, 341, 342, 348, 353, 355, 356, 354, 344, 339, 345, 346,
    347, 357, 358, 356, 349, 344, 345, 346, 348, 353, 361, 360, 364, 361,
    361, 353, 345, 334, 325, 312, 307, 300, 293, 293, 287, 291, 287, 288,
    286, 287, 287, 289, 288, 288, 289, 289, 288, 287 ]
LHandPositionsY: [ 268, 268, 271, 270, 269, 269, 269, 271, 268, 271, 272,
    270, 270, 271, 268, 267, 262, 255, 241, 229, 215, 204, 188, 173, 162,
    160, 155, 153, 134, 130, 133, 131, 127, 119, 118, 112, 112, 109, 114,
    118, 127, 127, 123, 128, 123, 121, 116, 110, 120, 118, 120, 124, 121,
    118, 116, 114, 111, 109, 112, 118, 117, 113, 110, 106, 106, 103, 105,
    109, 126, 143, 155, 174, 188, 199, 214, 227, 234, 244, 241, 243, 247,
    247, 248, 248, 248, 249, 251, 251, 252, 250, 254 ]
RHandPositionsX: [ 215, 215, 214, 214, 215, 214, 215, 218, 214, 215, 215,
    214, 214, 214, 215, 218, 216, 214, 216, 217, 215, 215, 217, 218, 218,
    216, 218, 214, 214, 215, 214, 218, 218, 215, 218, 218, 215, 218, 218,
    218, 218, 215, 214, 217, 217, 216, 214, 215, 215, 215, 214, 218, 218,
    217, 217, 216, 218, 218, 217, 214, 218, 217, 216, 215, 216, 218, 215,
    218, 216, 215, 217, 215, 217, 217, 218, 215, 215, 214, 218, 214, 217,
    215, 214, 217, 216, 216, 218, 216, 214, 216, 215 ]
RHandPositionsY: [ 267, 270, 267, 269, 269, 268, 267, 269, 266, 269, 267,
    269, 267, 269, 265, 269, 267, 264, 264, 264, 266, 263, 264, 267, 265,
    263, 266, 265, 265, 264, 266, 264, 263, 262, 264, 265, 265, 262, 266,
    265, 265, 263, 265, 262, 266, 264, 264, 262, 261, 263, 261, 262, 262,
    262, 263, 264, 262, 264, 265, 262, 262, 261, 261, 263, 265, 263, 264,
    265, 262, 262, 262, 263, 264, 265, 264, 262, 261, 263, 262, 263, 262,
    263, 265, 262, 263, 265, 264, 264, 262, 264, 262 ]
