%YAML:1.0
---
videoName: "LHShake06.mp4"
gestureLabel: 2
fps: 29
pixelSizeInCmTemp: 3.3732394366197183e-01
faceCenterPointX: 250
faceCenterPointY: 80
LHandPositionsX: [ 383, 387, 388, 384, 382, 382, 377, 374, 369, 369, 376,
    383, 386, 394, 397, 396, 392, 389, 379, 374, 375, 378, 385, 391, 393,
    393, 390, 386, 384, 380, 380, 379, 384, 389, 392, 390, 390, 384, 380,
    381, 381, 383, 385, 391, 391, 390, 389, 383, 380, 377, 379, 385, 386,
    393, 394, 398, 399, 394, 392, 388, 378, 371, 358, 358, 355, 345, 336,
    327, 317, 311, 306, 305, 306, 306, 301, 301, 301, 299, 302, 300, 301,
    300, 300, 302, 301, 298, 299, 300 ]
LHandPositionsY: [ 151, 147, 145, 138, 138, 137, 136, 136, 139, 135, 130,
    129, 130, 126, 127, 126, 130, 131, 133, 132, 133, 131, 130, 129, 128,
    129, 127, 127, 127, 128, 129, 130, 130, 126, 125, 127, 125, 129, 129,
    129, 126, 128, 124, 127, 122, 127, 123, 127, 125, 125, 127, 124, 124,
    122, 124, 122, 122, 125, 125, 127, 133, 137, 148, 149, 162, 172, 190,
    207, 213, 225, 232, 233, 235, 240, 246, 248, 249, 252, 253, 253, 255,
    253, 252, 256, 255, 253, 254, 258 ]
RHandPositionsX: [ 212, 213, 213, 209, 213, 213, 210, 211, 212, 209, 211,
    213, 213, 209, 212, 210, 212, 213, 209, 209, 210, 209, 213, 211, 212,
    210, 213, 212, 210, 212, 212, 210, 210, 212, 211, 208, 209, 210, 209,
    208, 210, 211, 209, 209, 207, 209, 207, 211, 211, 209, 210, 211, 209,
    210, 208, 211, 209, 208, 209, 211, 208, 209, 207, 211, 208, 209, 209,
    209, 207, 210, 208, 209, 210, 212, 208, 212, 211, 212, 212, 209, 211,
    212, 209, 211, 212, 210, 212, 210 ]
RHandPositionsY: [ 270, 272, 272, 267, 270, 269, 270, 269, 267, 270, 267,
    266, 269, 268, 269, 270, 267, 266, 270, 266, 267, 267, 269, 267, 265,
    269, 267, 268, 269, 268, 267, 269, 268, 268, 266, 265, 269, 269, 267,
    266, 265, 267, 269, 267, 269, 270, 268, 266, 266, 267, 265, 265, 265,
    267, 268, 268, 266, 267, 266, 265, 267, 265, 266, 266, 268, 265, 267,
    268, 268, 268, 268, 265, 269, 267, 267, 267, 267, 268, 269, 265, 268,
    267, 266, 268, 267, 266, 267, 268 ]
