%YAML:1.0
---
videoName: "LHShake18.mp4"
gestureLabel: 2
fps: 29
pixelSizeInCmTemp: 3.4214285714285714e-01
faceCenterPointX: 253
faceCenterPointY: 65
LHandPositionsX: [ 313, 315, 313, 311, 314, 312, 313, 311, 313, 314, 312,
    311, 314, 311, 312, 312, 316, 316, 325, 325, 330, 337, 344, 349, 350,
    348, 337, 323, 317, 298, 303, 304, 309, 311, 311, 313, 310, 305, 296,
    291, 295, 302, 306, 314, 310, 313, 307, 297, 287, 285, 288, 298, 306,
    315, 313, 309, 308, 294, 285, 288, 296, 299, 310, 308, 308, 306, 305,
    292, 295, 301, 303, 306, 306, 311, 313, 312, 304, 307, 304, 307, 307,
    308, 307, 308, 310, 307, 308, 310 ]
LHandPositionsY: [ 247, 249, 250, 246, 249, 246, 250, 246, 247, 249, 249,
    250, 249, 250, 247, 249, 246, 248, 245, 235, 220, 204, 190, 178, 169,
    157, 155, 144, 148, 138, 136, 143, 145, 140, 138, 140, 140, 145, 143,
    138, 134, 141, 148, 146, 146, 146, 150, 147, 143, 141, 143, 145, 147,
    150, 149, 150, 149, 143, 143, 142, 150, 150, 153, 154, 154, 153, 159,
    145, 145, 150, 153, 152, 154, 155, 160, 168, 176, 186, 198, 207, 214,
    219, 220, 230, 233, 231, 233, 234 ]
RHandPositionsX: [ 197, 198, 197, 198, 194, 197, 195, 198, 195, 196, 196,
    195, 196, 199, 195, 199, 198, 195, 197, 197, 196, 196, 197, 196, 199,
    195, 197, 196, 198, 195, 196, 194, 196, 198, 196, 196, 196, 197, 200,
    199, 195, 196, 195, 195, 199, 199, 198, 199, 199, 198, 195, 196, 197,
    197, 196, 196, 196, 199, 197, 198, 199, 198, 197, 197, 196, 195, 195,
    197, 198, 196, 195, 194, 195, 195, 197, 195, 198, 197, 198, 194, 198,
    194, 196, 195, 197, 194, 197, 195 ]
RHandPositionsY: [ 262, 264, 263, 265, 263, 266, 266, 264, 266, 266, 264,
    266, 266, 267, 265, 267, 265, 266, 266, 264, 266, 267, 266, 266, 263,
    264, 265, 262, 262, 264, 263, 265, 265, 266, 263, 263, 267, 266, 267,
    267, 264, 265, 267, 265, 268, 266, 268, 267, 268, 266, 268, 266, 266,
    268, 266, 266, 266, 265, 269, 269, 268, 268, 266, 265, 265, 267, 266,
    268, 264, 265, 264, 265, 267, 268, 266, 265, 268, 268, 265, 267, 267,
    265, 268, 267, 264, 266, 267, 268 ]
