%YAML:1.0
---
videoName: "LHShake18.mp4"
gestureLabel: 2
fps: 29
pixelSizeInCmTemp: 3.4214285714285714e-01
faceCenterPointX: 253
faceCenterPointY: 65
LHandPositionsX: [ 314, 313, 315, 311, 311, 312, 311, 311, 311, 315, 311,
    312, 313, 311, 314, 312, 315, 316, 323, 323, 330, 338, 345, 348, 352,
    347, 338, 327, 313, 297, 304, 306, 309, 313, 313, 313, 310, 308, 298,
    290, 291, 299, 307, 312, 312, 313, 306, 295, 286, 284, 286, 297, 306,
    312, 313, 311, 305, 291, 287, 287, 293, 302, 308, 306, 310, 306, 303,
    295, 296, 299, 306, 304, 308, 308, 312, 309, 307, 306, 306, 307, 305,
    304, 306, 309, 308, 308, 309, 309 ]
LHandPositionsY: [ 246, 250, 248, 250, 247, 250, 247, 250, 250, 248, 250,
    249, 246, 250, 249, 246, 249, 251, 244, 236, 219, 202, 188, 178, 168,
    158, 154, 146, 144, 139, 139, 144, 143, 144, 140, 141, 143, 146, 144,
    139, 134, 145, 144, 144, 147, 146, 149, 147, 144, 141, 142, 145, 148,
    147, 148, 148, 152, 142, 143, 142, 148, 153, 154, 150, 150, 155, 160,
    145, 149, 153, 152, 154, 151, 154, 164, 167, 178, 186, 197, 207, 213,
    218, 222, 234, 236, 230, 231, 234 ]
RHandPositionsX: [ 196, 196, 194, 196, 196, 195, 199, 197, 198, 198, 199,
    199, 197, 196, 196, 195, 195, 196, 196, 196, 199, 196, 195, 195, 197,
    198, 198, 195, 197, 195, 196, 198, 197, 198, 196, 198, 199, 200, 197,
    195, 199, 197, 198, 199, 197, 197, 197, 197, 197, 198, 199, 199, 200,
    197, 199, 199, 198, 197, 200, 199, 197, 195, 195, 195, 196, 198, 194,
    199, 199, 194, 194, 194, 198, 194, 194, 197, 194, 197, 198, 194, 198,
    197, 196, 197, 196, 194, 195, 198 ]
RHandPositionsY: [ 262, 263, 266, 263, 266, 265, 267, 265, 267, 265, 264,
    263, 264, 265, 266, 265, 267, 263, 267, 264, 267, 264, 264, 263, 267,
    263, 265, 264, 262, 263, 264, 262, 267, 263, 263, 264, 267, 267, 268,
    265, 266, 265, 266, 268, 265, 267, 268, 268, 264, 266, 265, 268, 265,
    268, 266, 266, 264, 267, 267, 265, 266, 267, 267, 266, 265, 267, 264,
    268, 265, 265, 267, 267, 264, 265, 268, 265, 264, 268, 265, 268, 264,
    267, 268, 267, 267, 267, 267, 265 ]
