%YAML:1.0
---
videoName: "LHShake21.mp4"
gestureLabel: 2
fps: 29
pixelSizeInCmTemp: 3.4214285714285714e-01
faceCenterPointX: 266
faceCenterPointY: 79
LHandPositionsX: [ 349, 350, 366, 374, 382, 394, 396, 406, 420, 416, 414,
    403, 388, 376, 372, 378, 375, 378, 386, 401, 399, 400, 395, 392, 383,
    371, 368, 371, 372, 369, 376, 394, 387, 384, 385, 381, 377, 371, 367,
    369, 370, 369, 378, 387, 386, 385, 396, 392, 382, 372, 365, 367, 363,
    367, 375, 379, 387, 383, 386, 387, 385, 382, 373, 366, 357, 349, 346,
    338, 334, 334, 334, 333, 333, 335, 332, 332, 334, 332, 330, 331, 332,
    332, 334, 330, 331, 332, 334, 333 ]
LHandPositionsY: [ 271, 264, 246, 228, 207, 193, 184, 167, 154, 151, 140,
    135, 133, 136, 130, 136, 131, 130, 131, 128, 131, 131, 130, 132, 137,
    133, 141, 141, 143, 137, 134, 134, 136, 132, 135, 136, 135, 147, 149,
    148, 146, 143, 139, 140, 137, 139, 134, 138, 141, 148, 153, 154, 153,
    153, 149, 142, 142, 141, 139, 148, 152, 158, 171, 179, 192, 203, 214,
    228, 236, 238, 244, 244, 248, 251, 250, 253, 254, 253, 251, 250, 253,
    252, 250, 252, 250, 250, 252, 251 ]
RHandPositionsX: [ 188, 185, 187, 184, 184, 187, 185, 185, 184, 187, 186,
    186, 187, 186, 187, 186, 186, 188, 188, 186, 188, 186, 185, 186, 186,
    186, 189, 185, 186, 184, 185, 186, 187, 187, 187, 185, 186, 187, 186,
    187, 188, 184, 188, 187, 185, 188, 184, 187, 185, 185, 186, 184, 185,
    184, 188, 188, 187, 184, 185, 186, 188, 186, 187, 187, 185, 188, 188,
    186, 187, 185, 184, 186, 185, 186, 185, 186, 185, 186, 188, 185, 187,
    188, 184, 187, 188, 185, 186, 187 ]
RHandPositionsY: [ 266, 267, 268, 269, 266, 269, 266, 269, 266, 269, 267,
    269, 265, 268, 266, 268, 265, 265, 269, 266, 268, 269, 266, 265, 267,
    268, 265, 268, 265, 265, 267, 268, 269, 268, 267, 265, 265, 266, 268,
    269, 269, 266, 269, 265, 266, 266, 269, 268, 268, 268, 266, 269, 267,
    268, 266, 269, 266, 267, 265, 267, 265, 269, 265, 268, 268, 265, 269,
    265, 266, 267, 266, 265, 266, 267, 265, 269, 266, 267, 266, 266, 265,
    266, 269, 265, 266, 266, 268, 267 ]
