%YAML:1.0
---
videoName: "LHShake10.mp4"
gestureLabel: 2
fps: 29
pixelSizeInCmTemp: 3.4214285714285714e-01
faceCenterPointX: 253
faceCenterPointY: 65
LHandPositionsX: [ 335, 338, 337, 335, 334, 339, 342, 349, 352, 360, 368,
    376, 382, 390, 397, 397, 393, 385, 373, 366, 357, 352, 350, 352, 362,
    370, 379, 393, 391, 391, 391, 386, 376, 363, 357, 359, 357, 366, 368,
    371, 373, 371, 373, 369, 367, 361, 354, 343, 342, 345, 347, 353, 359,
    372, 383, 379, 379, 373, 367, 353, 350, 349, 348, 347, 354, 365, 374,
    381, 379, 376, 375, 371, 369, 364, 357, 348, 343, 344, 338, 334, 333,
    334, 337, 333, 336, 337, 334, 333 ]
LHandPositionsY: [ 268, 271, 269, 269, 268, 271, 266, 264, 253, 237, 223,
    208, 192, 179, 165, 155, 141, 137, 134, 140, 142, 148, 145, 147, 148,
    147, 140, 141, 141, 142, 144, 144, 146, 149, 149, 151, 149, 146, 136,
    131, 131, 136, 131, 131, 129, 132, 138, 142, 141, 146, 144, 145, 138,
    142, 143, 140, 144, 143, 143, 149, 153, 150, 151, 153, 150, 149, 145,
    147, 144, 144, 147, 153, 159, 164, 173, 183, 194, 207, 222, 230, 246,
    252, 255, 257, 256, 257, 260, 261 ]
RHandPositionsX: [ 173, 172, 176, 173, 173, 173, 175, 173, 176, 175, 172,
    175, 173, 173, 174, 176, 171, 175, 174, 173, 175, 175, 174, 175, 173,
    175, 175, 172, 175, 172, 175, 174, 172, 173, 174, 173, 171, 174, 172,
    174, 175, 173, 171, 175, 174, 171, 174, 171, 171, 175, 173, 171, 174,
    175, 173, 171, 171, 173, 172, 172, 173, 174, 172, 171, 171, 172, 173,
    175, 172, 173, 174, 172, 173, 171, 172, 171, 175, 174, 173, 171, 174,
    173, 172, 173, 174, 175, 173, 174 ]
RHandPositionsY: [ 278, 278, 275, 277, 278, 275, 275, 274, 276, 275, 277,
    276, 276, 278, 278, 275, 277, 274, 277, 278, 276, 274, 278, 277, 274,
    274, 277, 274, 274, 278, 275, 278, 275, 277, 274, 274, 277, 277, 277,
    275, 278, 278, 277, 274, 274, 278, 277, 275, 275, 274, 278, 275, 277,
    277, 276, 277, 276, 277, 278, 275, 278, 277, 275, 274, 276, 274, 275,
    274, 277, 278, 278, 274, 277, 275, 274, 277, 277, 278, 278, 274, 275,
    277, 275, 276, 274, 278, 276, 274 ]
