%YAML:1.0
---
videoName: "LHShake18.mp4"
gestureLabel: 2
fps: 29
pixelSizeInCmTemp: 3.4214285714285714e-01
faceCenterPointX: 253
faceCenterPointY: 65
LHandPositionsX: [ 311, 315, 314, 312, 311, 315, 311, 312, 312, 313, 312,
    311, 312, 312, 314, 312, 313, 315, 322, 323, 333, 338, 343, 346, 352,
    349, 336, 325, 313, 297, 301, 306, 309, 311, 311, 315, 312, 309, 297,
    292, 295, 300, 307, 312, 309, 312, 307, 299, 289, 287, 286, 296, 304,
    312, 314, 312, 305, 291, 286, 287, 293, 301, 306, 308, 308, 309, 303,
    292, 293, 299, 305, 306, 308, 308, 315, 313, 307, 306, 306, 304, 307,
    304, 309, 309, 311, 308, 310, 311 ]
LHandPositionsY: [ 250, 248, 250, 249, 249, 250, 247, 250, 248, 246, 247,
    247, 249, 250, 246, 250, 246, 251, 245, 235, 216, 204, 189, 175, 169,
    161, 152, 146, 148, 136, 137, 145, 142, 141, 140, 143, 141, 145, 143,
    141, 136, 145, 145, 144, 143, 148, 149, 145, 144, 140, 140, 146, 149,
    149, 148, 149, 153, 144, 146, 142, 151, 153, 152, 152, 153, 153, 158,
    148, 145, 154, 155, 153, 153, 154, 163, 167, 174, 187, 197, 208, 214,
    219, 220, 232, 233, 232, 234, 231 ]
RHandPositionsX: [ 195, 198, 194, 197, 194, 196, 197, 199, 199, 198, 195,
    198, 198, 195, 197, 199, 198, 195, 195, 196, 196, 199, 195, 196, 198,
    195, 195, 198, 194, 197, 196, 197, 195, 197, 196, 197, 196, 197, 196,
    195, 197, 197, 197, 196, 196, 196, 198, 198, 198, 198, 197, 197, 199,
    198, 198, 197, 200, 197, 197, 198, 199, 195, 196, 196, 198, 196, 194,
    195, 195, 197, 196, 196, 195, 197, 196, 194, 195, 197, 197, 194, 196,
    197, 195, 195, 195, 196, 195, 196 ]
RHandPositionsY: [ 263, 263, 264, 263, 265, 264, 265, 263, 263, 265, 264,
    267, 265, 263, 267, 264, 267, 267, 266, 263, 263, 264, 264, 265, 264,
    264, 265, 263, 266, 266, 262, 265, 266, 267, 266, 265, 265, 264, 264,
    268, 265, 264, 265, 266, 267, 267, 266, 268, 266, 265, 265, 264, 265,
    265, 266, 266, 264, 267, 268, 267, 265, 268, 269, 266, 268, 267, 266,
    267, 268, 267, 266, 268, 264, 267, 266, 265, 264, 264, 265, 264, 264,
    264, 265, 264, 264, 268, 267, 266 ]
