%YAML:1.0
---
videoName: "LHShake23.mp4"
gestureLabel: 2
fps: 30
pixelSizeInCmTemp: 3.3263888888888887e-01
faceCenterPointX: 259
faceCenterPointY: 79
LHandPositionsX: [ 333, 332, 330, 332, 334, 331, 334, 333, 331, 331, 333,
    336, 339, 345, 346, 359, 367, 370, 375, 378, 379, 380, 377, 368, 359,
    350, 353, 350, 357, 361, 369, 379, 387, 383, 382, 380, 370, 359, 361,
    362, 362, 367, 376, 384, 382, 382, 378, 375, 364, 355, 354, 350, 356,
    361, 373, 383, 380, 381, 379, 374, 365, 358, 358, 358, 359, 362, 373,
    378, 376, 380, 378, 376, 370, 362, 354, 349, 349, 344, 343, 337, 339,
    336, 340, 339, 338, 334, 336, 338, 335, 337, 334 ]
LHandPositionsY: [ 266, 264, 264, 263, 262, 262, 262, 265, 262, 262, 258,
    252, 244, 233, 230, 215, 198, 196, 195, 188, 179, 172, 167, 164, 169,
    170, 167, 171, 167, 167, 165, 162, 157, 160, 158, 163, 164, 163, 166,
    164, 165, 163, 160, 160, 158, 157, 161, 157, 159, 166, 166, 164, 167,
    166, 166, 163, 162, 162, 161, 165, 165, 170, 167, 170, 168, 168, 170,
    166, 168, 168, 171, 171, 175, 183, 194, 201, 215, 225, 238, 251, 248,
    252, 253, 250, 252, 252, 253, 253, 253, 255, 254 ]
RHandPositionsX: [ 182, 183, 184, 184, 185, 186, 186, 185, 184, 185, 183,
    183, 182, 183, 185, 182, 184, 185, 184, 185, 185, 182, 186, 186, 184,
    183, 185, 186, 182, 184, 182, 182, 183, 186, 183, 186, 185, 186, 185,
    184, 182, 183, 185, 185, 184, 186, 183, 185, 183, 182, 183, 184, 186,
    185, 183, 185, 185, 186, 186, 186, 182, 183, 186, 185, 182, 185, 186,
    185, 182, 186, 184, 186, 184, 183, 186, 186, 185, 185, 184, 185, 185,
    183, 185, 184, 182, 184, 183, 182, 182, 185, 182 ]
RHandPositionsY: [ 274, 270, 274, 271, 271, 273, 273, 273, 270, 270, 273,
    272, 273, 274, 274, 270, 272, 274, 270, 273, 270, 272, 274, 274, 274,
    270, 272, 271, 272, 272, 273, 274, 274, 273, 272, 272, 270, 274, 271,
    273, 273, 273, 273, 272, 272, 274, 273, 271, 271, 271, 273, 270, 270,
    271, 272, 272, 271, 274, 270, 271, 270, 270, 271, 273, 272, 273, 271,
    271, 274, 273, 273, 270, 273, 270, 271, 272, 271, 272, 270, 270, 273,
    271, 273, 274, 274, 270, 271, 273, 273, 274, 274 ]
