%YAML:1.0
---
videoName: "LHShake05.mp4"
gestureLabel: 2
fps: 30
pixelSizeInCmTemp: 3.2364864864864862e-01
faceCenterPointX: 252
faceCenterPointY: 81
LHandPositionsX: [ 292, 291, 294, 292, 291, 295, 294, 296, 291, 292, 294,
    295, 305, 313, 321, 335, 342, 342, 341, 342, 342, 338, 330, 329, 330,
    331, 334, 339, 342, 343, 343, 339, 330, 325, 323, 323, 329, 331, 338,
    336, 339, 330, 320, 320, 322, 324, 328, 333, 338, 340, 332, 328, 327,
    325, 324, 327, 330, 337, 340, 336, 335, 332, 329, 329, 331, 333, 339,
    339, 342, 339, 332, 324, 320, 313, 312, 307, 302, 298, 297, 293, 295,
    296, 294, 292, 294, 295, 293, 293, 292, 292, 294 ]
LHandPositionsY: [ 270, 266, 266, 270, 268, 269, 268, 268, 264, 256, 240,
    227, 213, 200, 188, 172, 166, 160, 156, 153, 152, 155, 156, 153, 153,
    151, 148, 146, 142, 137, 136, 138, 143, 149, 143, 145, 143, 138, 137,
    133, 135, 139, 141, 142, 141, 141, 141, 137, 135, 131, 136, 139, 142,
    143, 142, 143, 139, 140, 136, 139, 141, 141, 143, 145, 143, 140, 140,
    137, 138, 141, 141, 149, 163, 169, 180, 186, 196, 210, 220, 227, 235,
    238, 238, 242, 246, 250, 251, 252, 252, 255, 259 ]
RHandPositionsX: [ 211, 214, 210, 213, 213, 210, 210, 211, 213, 213, 214,
    211, 212, 211, 211, 210, 213, 212, 213, 210, 209, 209, 208, 209, 212,
    209, 208, 211, 211, 209, 208, 207, 210, 209, 210, 210, 208, 207, 206,
    209, 210, 210, 208, 209, 208, 206, 207, 210, 209, 206, 208, 210, 209,
    207, 207, 210, 210, 207, 206, 209, 208, 210, 206, 209, 208, 210, 209,
    209, 210, 208, 210, 207, 208, 208, 209, 210, 210, 209, 206, 210, 207,
    207, 208, 208, 211, 208, 208, 209, 212, 210, 209 ]
RHandPositionsY: [ 264, 265, 266, 263, 263, 264, 264, 263, 265, 263, 264,
    262, 266, 262, 262, 264, 265, 262, 262, 262, 263, 263, 266, 266, 264,
    265, 266, 266, 265, 265, 263, 263, 265, 266, 261, 263, 261, 261, 263,
    263, 264, 264, 262, 264, 263, 262, 261, 261, 264, 265, 263, 265, 261,
    264, 262, 264, 264, 262, 261, 263, 264, 262, 263, 262, 264, 265, 263,
    261, 263, 265, 264, 265, 264, 261, 262, 263, 263, 265, 264, 265, 263,
    265, 265, 262, 261, 265, 262, 264, 265, 265, 264 ]
