%YAML:1.0
---
videoName: "LHShake04.mp4"
gestureLabel: 2
fps: 30
pixelSizeInCmTemp: 3.2808219178082193e-01
faceCenterPointX: 247
faceCenterPointY: 80
LHandPositionsX: [ 280, 280, 281, 280, 281, 279, 280, 279, 281, 281, 280,
    278, 280, 282, 282, 284, 289, 297, 306, 323, 332, 345, 360, 366, 372,
    368, 360, 359, 348, 345, 338, 335, 335, 338, 348, 363, 368, 366, 358,
    344, 341, 342, 340, 341, 352, 354, 357, 357, 354, 342, 342, 343, 344,
    346, 356, 357, 354, 352, 343, 346, 347, 348, 355, 359, 360, 367, 363,
    357, 353, 345, 333, 326, 316, 306, 301, 293, 292, 290, 291, 288, 286,
    286, 287, 287, 289, 290, 287, 289, 288, 285, 288 ]
LHandPositionsY: [ 272, 270, 270, 270, 271, 268, 271, 272, 272, 270, 272,
    270, 269, 269, 272, 269, 261, 251, 244, 232, 217, 201, 189, 175, 162,
    158, 156, 149, 135, 134, 134, 128, 126, 119, 117, 113, 112, 108, 115,
    120, 128, 126, 125, 125, 119, 120, 115, 112, 121, 120, 122, 120, 121,
    118, 115, 112, 113, 111, 114, 116, 117, 113, 110, 109, 106, 105, 109,
    109, 126, 142, 159, 173, 184, 198, 214, 224, 237, 241, 244, 243, 249,
    249, 248, 251, 248, 249, 251, 255, 251, 251, 252 ]
RHandPositionsX: [ 218, 214, 216, 218, 216, 216, 216, 217, 215, 216, 215,
    218, 217, 214, 215, 215, 216, 217, 215, 218, 218, 218, 217, 216, 217,
    215, 216, 217, 215, 214, 218, 218, 214, 214, 215, 218, 216, 217, 218,
    218, 215, 215, 217, 215, 217, 216, 215, 214, 215, 218, 217, 218, 215,
    216, 217, 214, 214, 216, 216, 214, 217, 215, 214, 216, 217, 217, 215,
    214, 214, 215, 217, 217, 218, 217, 217, 214, 216, 214, 216, 215, 215,
    217, 218, 214, 214, 216, 217, 214, 216, 215, 216 ]
RHandPositionsY: [ 267, 266, 267, 268, 270, 270, 266, 266, 267, 268, 268,
    267, 267, 267, 266, 269, 266, 264, 268, 266, 267, 267, 267, 264, 263,
    264, 264, 266, 264, 263, 267, 266, 266, 262, 265, 266, 264, 262, 266,
    263, 263, 265, 265, 266, 262, 264, 263, 263, 264, 262, 263, 263, 265,
    263, 262, 262, 265, 262, 261, 261, 263, 261, 265, 262, 261, 265, 261,
    265, 262, 263, 263, 261, 262, 262, 262, 264, 262, 263, 261, 262, 264,
    262, 264, 265, 262, 264, 265, 263, 261, 261, 264 ]
