%YAML:1.0
---
videoName: "LHShake01.mp4"
gestureLabel: 2
fps: 29
pixelSizeInCmTemp: 3.4214285714285714e-01
faceCenterPointX: 252
faceCenterPointY: 84
LHandPositionsX: [ 363, 364, 364, 362, 358, 355, 345, 342, 338, 334, 332,
    333, 341, 344, 350, 351, 356, 356, 354, 347, 342, 339, 342, 338, 338,
    337, 341, 348, 351, 348, 350, 349, 346, 339, 336, 335, 333, 336, 337,
    339, 345, 349, 347, 351, 348, 346, 345, 340, 337, 335, 333, 335, 336,
    341, 346, 349, 348, 347, 349, 350, 343, 339, 339, 330, 327, 328, 332,
    333, 335, 325, 333, 333, 334, 337, 343, 342, 343, 344, 347, 350, 350,
    349, 348, 349, 349, 352, 350, 350 ]
LHandPositionsY: [ 147, 140, 132, 126, 126, 121, 119, 119, 118, 119, 120,
    121, 122, 115, 112, 111, 109, 110, 108, 108, 108, 112, 115, 113, 111,
    114, 110, 110, 108, 105, 106, 104, 105, 107, 109, 116, 114, 112, 113,
    112, 108, 108, 105, 102, 103, 107, 104, 105, 109, 112, 111, 109, 106,
    108, 104, 104, 104, 102, 103, 102, 105, 105, 105, 123, 135, 141, 151,
    161, 164, 163, 174, 180, 190, 197, 206, 216, 222, 220, 220, 223, 228,
    228, 229, 227, 230, 230, 230, 229 ]
RHandPositionsX: [ 157, 155, 154, 154, 155, 155, 154, 154, 156, 153, 155,
    153, 155, 154, 154, 157, 153, 153, 154, 157, 155, 154, 157, 154, 157,
    154, 155, 154, 155, 156, 155, 155, 156, 157, 157, 155, 157, 154, 153,
    154, 157, 156, 155, 155, 156, 156, 155, 153, 155, 155, 156, 157, 154,
    156, 154, 155, 156, 154, 154, 155, 156, 155, 153, 156, 153, 155, 157,
    157, 156, 153, 153, 153, 153, 156, 155, 153, 157, 157, 156, 157, 157,
    155, 156, 153, 156, 153, 155, 156 ]
RHandPositionsY: [ 268, 267, 269, 271, 267, 268, 267, 270, 269, 265, 268,
    268, 265, 266, 267, 267, 266, 266, 266, 266, 265, 265, 265, 265, 266,
    262, 261, 261, 261, 263, 261, 261, 264, 265, 262, 261, 260, 263, 261,
    261, 262, 264, 262, 262, 263, 261, 261, 262, 261, 260, 259, 261, 262,
    263, 262, 259, 260, 262, 260, 262, 261, 261, 261, 260, 262, 260, 260,
    260, 260, 260, 259, 261, 260, 259, 262, 260, 263, 261, 259, 262, 261,
    260, 261, 259, 262, 263, 262, 263 ]
