%YAML:1.0
---
videoName: "LHShake01.mp4"
gestureLabel: 2
fps: 29
pixelSizeInCmTemp: 3.4214285714285714e-01
faceCenterPointX: 252
faceCenterPointY: 84
LHandPositionsX: [ 364, 366, 365, 365, 362, 353, 345, 339, 335, 331, 332,
    332, 338, 346, 348, 355, 355, 355, 351, 346, 345, 343, 338, 337, 339,
    338, 342, 347, 351, 350, 352, 349, 344, 339, 337, 334, 330, 336, 335,
    339, 344, 347, 348, 347, 349, 347, 343, 337, 333, 334, 332, 334, 336,
    340, 346, 351, 348, 347, 348, 346, 345, 339, 337, 330, 328, 328, 332,
    334, 335, 327, 330, 334, 335, 339, 339, 344, 345, 345, 346, 349, 349,
    350, 348, 350, 351, 350, 348, 350 ]
LHandPositionsY: [ 146, 137, 134, 126, 123, 120, 120, 120, 120, 119, 120,
    119, 119, 115, 111, 112, 107, 110, 107, 108, 110, 112, 113, 115, 114,
    111, 112, 110, 106, 108, 104, 108, 105, 107, 111, 115, 114, 111, 110,
    110, 107, 108, 105, 105, 102, 109, 105, 107, 108, 112, 110, 108, 106,
    104, 104, 105, 103, 103, 102, 104, 102, 105, 108, 120, 132, 140, 149,
    162, 164, 165, 174, 181, 191, 201, 209, 214, 219, 219, 220, 225, 228,
    229, 229, 227, 229, 230, 228, 229 ]
RHandPositionsX: [ 154, 155, 155, 153, 157, 157, 157, 156, 153, 157, 155,
    157, 157, 155, 157, 155, 153, 154, 155, 157, 157, 153, 156, 155, 154,
    156, 153, 154, 157, 154, 157, 157, 154, 155, 157, 156, 153, 156, 153,
    155, 153, 154, 157, 153, 153, 154, 157, 155, 155, 154, 155, 157, 155,
    153, 153, 154, 156, 153, 156, 154, 153, 156, 155, 154, 155, 153, 153,
    155, 154, 155, 154, 153, 153, 157, 155, 156, 157, 156, 154, 155, 154,
    156, 153, 155, 156, 157, 155, 153 ]
RHandPositionsY: [ 270, 271, 268, 269, 267, 270, 267, 267, 265, 265, 265,
    266, 266, 266, 265, 266, 265, 264, 266, 267, 266, 262, 264, 262, 265,
    265, 265, 265, 261, 265, 264, 264, 261, 264, 262, 262, 263, 260, 260,
    262, 262, 261, 263, 261, 262, 261, 262, 261, 262, 261, 262, 260, 261,
    262, 260, 261, 261, 261, 259, 259, 262, 260, 263, 259, 263, 260, 263,
    261, 263, 262, 263, 262, 259, 262, 262, 260, 262, 262, 261, 259, 262,
    261, 261, 259, 263, 263, 259, 260 ]
