%YAML:1.0
---
videoName: "LHShake02.mp4"
gestureLabel: 2
fps: 29
pixelSizeInCmTemp: 3.3263888888888887e-01
faceCenterPointX: 249
faceCenterPointY: 82
LHandPositionsX: [ 363, 361, 360, 368, 375, 379, 385, 383, 386, 385, 382,
    381, 372, 368, 365, 361, 362, 364, 372, 375, 384, 385, 383, 379, 378,
    369, 365, 366, 363, 363, 369, 371, 376, 380, 378, 379, 382, 377, 376,
    369, 365, 359, 360, 356, 359, 361, 365, 369, 368, 373, 368, 366, 363,
    361, 359, 358, 363, 366, 371, 370, 369, 372, 365, 364, 357, 352, 351,
    348, 343, 342, 341, 341, 344, 341, 344, 343, 345, 344, 349, 348, 349,
    347, 347, 350, 346, 348, 349, 347 ]
LHandPositionsY: [ 127, 120, 120, 113, 111, 108, 112, 109, 109, 108, 110,
    108, 113, 111, 112, 112, 111, 108, 107, 106, 103, 100, 103, 103, 101,
    109, 109, 108, 108, 108, 105, 104, 100, 97, 100, 95, 98, 97, 95, 99,
    100, 104, 104, 103, 104, 102, 103, 99, 102, 102, 104, 105, 109, 107,
    106, 106, 106, 108, 103, 103, 106, 103, 101, 107, 122, 134, 147, 162,
    165, 171, 176, 182, 194, 197, 206, 210, 217, 222, 226, 229, 227, 230,
    231, 233, 234, 236, 236, 237 ]
RHandPositionsX: [ 154, 154, 154, 154, 155, 154, 157, 155, 156, 153, 157,
    156, 157, 155, 154, 155, 153, 154, 157, 154, 153, 154, 156, 153, 153,
    155, 154, 156, 154, 155, 153, 153, 155, 157, 156, 154, 157, 155, 153,
    157, 157, 153, 156, 155, 153, 153, 157, 154, 157, 154, 157, 153, 157,
    154, 155, 153, 157, 154, 154, 155, 155, 156, 155, 153, 154, 156, 156,
    156, 155, 156, 153, 154, 156, 156, 154, 153, 153, 157, 153, 154, 153,
    155, 154, 153, 153, 157, 156, 155 ]
RHandPositionsY: [ 262, 265, 261, 263, 263, 262, 260, 263, 261, 262, 262,
    261, 262, 261, 262, 260, 261, 262, 258, 262, 259, 259, 261, 261, 260,
    262, 258, 259, 261, 258, 259, 260, 260, 261, 260, 259, 258, 262, 259,
    259, 260, 258, 258, 259, 262, 260, 259, 258, 261, 261, 258, 260, 262,
    261, 259, 259, 259, 259, 261, 259, 259, 261, 259, 258, 261, 260, 262,
    261, 258, 260, 261, 261, 261, 258, 260, 259, 260, 259, 261, 262, 260,
    258, 262, 261, 258, 261, 259, 262 ]
