%YAML:1.0
---
videoName: "LHShake21.mp4"
gestureLabel: 2
fps: 29
pixelSizeInCmTemp: 3.4214285714285714e-01
faceCenterPointX: 266
faceCenterPointY: 79
LHandPositionsX: [ 350, 350, 365, 371, 383, 394, 399, 404, 423, 414, 418,
    403, 387, 375, 374, 379, 372, 375, 387, 401, 402, 400, 398, 395, 386,
    372, 371, 371, 371, 371, 378, 390, 390, 388, 386, 384, 374, 372, 364,
    369, 368, 369, 377, 389, 389, 385, 397, 390, 379, 372, 367, 367, 367,
    367, 377, 379, 384, 386, 384, 386, 386, 379, 373, 367, 356, 350, 342,
    339, 337, 337, 334, 336, 332, 332, 332, 335, 333, 331, 330, 330, 331,
    330, 334, 331, 330, 334, 330, 331 ]
LHandPositionsY: [ 272, 262, 244, 227, 208, 191, 181, 170, 154, 149, 137,
    136, 133, 135, 131, 133, 131, 131, 129, 129, 131, 129, 131, 132, 136,
    133, 144, 142, 142, 135, 133, 134, 132, 132, 135, 135, 138, 146, 150,
    145, 147, 142, 139, 137, 139, 137, 135, 140, 141, 147, 152, 151, 154,
    155, 151, 143, 140, 140, 142, 147, 153, 160, 171, 178, 189, 202, 212,
    227, 235, 236, 242, 245, 250, 251, 251, 250, 251, 250, 254, 253, 254,
    251, 250, 253, 250, 253, 251, 253 ]
RHandPositionsX: [ 188, 188, 188, 186, 184, 184, 185, 187, 188, 186, 185,
    184, 184, 184, 186, 184, 184, 184, 186, 184, 186, 188, 187, 187, 188,
    188, 186, 187, 184, 187, 184, 186, 186, 184, 185, 184, 184, 186, 185,
    187, 187, 187, 188, 184, 187, 186, 185, 184, 185, 188, 184, 186, 186,
    188, 185, 186, 187, 186, 188, 185, 187, 184, 186, 184, 187, 186, 187,
    184, 188, 184, 186, 188, 185, 188, 186, 185, 187, 184, 184, 184, 185,
    187, 186, 184, 184, 187, 188, 186 ]
RHandPositionsY: [ 266, 265, 266, 267, 266, 268, 267, 268, 268, 269, 265,
    269, 268, 268, 268, 268, 265, 266, 267, 266, 266, 269, 268, 265, 268,
    269, 267, 268, 265, 267, 268, 266, 266, 268, 266, 266, 266, 266, 268,
    269, 266, 266, 269, 265, 266, 269, 266, 269, 265, 269, 269, 268, 265,
    268, 266, 268, 266, 267, 266, 268, 265, 266, 267, 268, 265, 269, 267,
    265, 268, 267, 266, 266, 265, 266, 265, 267, 265, 266, 265, 265, 267,
    268, 267, 268, 269, 269, 266, 266 ]
