%YAML:1.0
---
videoName: "LHShake00.mp4"
gestureLabel: 2
fps: 29
pixelSizeInCmTemp: 3.4214285714285714e-01
faceCenterPointX: 252
faceCenterPointY: 85
LHandPositionsX: [ 352, 350, 352, 352, 356, 356, 359, 357, 349, 341, 333,
    322, 322, 325, 320, 326, 325, 330, 338, 335, 337, 337, 331, 328, 326,
    323, 327, 329, 333, 339, 336, 342, 339, 334, 323, 323, 321, 326, 329,
    337, 341, 342, 341, 340, 334, 324, 326, 325, 326, 327, 331, 338, 337,
    344, 342, 336, 326, 323, 325, 323, 326, 331, 334, 339, 338, 342, 341,
    339, 335, 334, 329, 328, 328, 328, 328, 328, 328, 334, 332, 334, 336,
    338, 341, 339, 343, 343, 343, 344 ]
LHandPositionsY: [ 257, 252, 246, 232, 209, 189, 170, 151, 136, 135, 132,
    137, 138, 133, 136, 136, 132, 133, 125, 127, 123, 124, 131, 132, 132,
    134, 132, 131, 131, 124, 123, 121, 122, 125, 133, 134, 132, 132, 132,
    131, 126, 124, 120, 122, 125, 130, 133, 130, 133, 132, 132, 124, 122,
    121, 126, 128, 128, 128, 130, 127, 127, 124, 123, 119, 119, 119, 117,
    127, 140, 148, 162, 166, 162, 171, 183, 194, 201, 206, 213, 219, 224,
    228, 226, 232, 233, 233, 233, 233 ]
RHandPositionsX: [ 154, 156, 153, 152, 153, 153, 152, 155, 156, 152, 152,
    153, 156, 155, 154, 154, 155, 153, 155, 156, 156, 153, 155, 152, 156,
    154, 156, 153, 155, 155, 154, 155, 156, 156, 155, 153, 155, 153, 155,
    153, 153, 156, 154, 153, 153, 156, 153, 154, 153, 153, 154, 152, 155,
    154, 153, 152, 153, 154, 154, 155, 152, 152, 154, 155, 156, 153, 156,
    153, 152, 155, 154, 152, 156, 153, 156, 152, 156, 154, 152, 154, 156,
    154, 153, 156, 153, 153, 155, 153 ]
RHandPositionsY: [ 279, 277, 277, 275, 275, 275, 277, 274, 272, 275, 273,
    271, 270, 272, 271, 269, 269, 269, 269, 267, 266, 269, 270, 267, 269,
    266, 266, 265, 266, 263, 263, 263, 265, 263, 265, 263, 262, 262, 265,
    262, 263, 263, 264, 261, 260, 261, 260, 263, 262, 260, 264, 260, 262,
    262, 262, 260, 263, 261, 261, 260, 262, 262, 263, 263, 264, 264, 260,
    260, 263, 264, 260, 264, 262, 261, 261, 261, 264, 260, 262, 260, 264,
    263, 260, 262, 263, 262, 263, 264 ]
