%YAML:1.0
---
videoName: "LHShake04.mp4"
gestureLabel: 2
fps: 30
pixelSizeInCmTemp: 3.2808219178082193e-01
faceCenterPointX: 247
faceCenterPointY: 80
LHandPositionsX: [ 284, 282, 282, 282, 283, 283, 283, 281, 281, 282, 283,
    281, 279, 279, 282, 285, 289, 297, 309, 320, 335, 345, 360, 366, 373,
    366, 363, 357, 346, 342, 337, 333, 337, 342, 346, 363, 367, 364, 357,
    346, 339, 342, 342, 344, 349, 356, 356, 356, 352, 344, 340, 343, 342,
    350, 356, 358, 354, 348, 346, 348, 347, 351, 356, 357, 360, 367, 364,
    357, 353, 343, 336, 325, 312, 305, 301, 292, 292, 291, 288, 289, 286,
    288, 288, 289, 290, 286, 289, 288, 286, 287, 286 ]
LHandPositionsY: [ 269, 268, 269, 269, 270, 268, 268, 268, 271, 271, 271,
    268, 272, 271, 271, 266, 263, 252, 242, 232, 215, 201, 188, 175, 160,
    161, 155, 149, 136, 131, 132, 129, 129, 118, 117, 110, 111, 110, 116,
    120, 130, 126, 122, 128, 119, 117, 117, 114, 117, 120, 120, 120, 119,
    114, 115, 115, 112, 113, 115, 115, 113, 111, 106, 109, 104, 105, 109,
    109, 126, 145, 159, 171, 184, 202, 214, 225, 237, 242, 244, 244, 247,
    247, 250, 249, 248, 252, 252, 253, 250, 252, 251 ]
RHandPositionsX: [ 216, 215, 216, 218, 216, 214, 217, 216, 214, 216, 215,
    218, 218, 216, 217, 216, 216, 214, 214, 218, 214, 215, 214, 214, 215,
    214, 214, 217, 214, 214, 218, 218, 214, 216, 216, 218, 218, 218, 216,
    217, 216, 216, 216, 215, 217, 214, 218, 218, 214, 218, 216, 215, 215,
    216, 216, 215, 217, 215, 217, 216, 217, 215, 216, 216, 215, 216, 216,
    217, 217, 217, 215, 218, 214, 214, 217, 215, 216, 216, 216, 215, 217,
    214, 218, 215, 217, 215, 215, 215, 215, 218, 215 ]
RHandPositionsY: [ 269, 269, 270, 266, 269, 270, 270, 268, 267, 268, 266,
    270, 269, 266, 268, 268, 265, 266, 264, 264, 268, 265, 265, 263, 264,
    263, 264, 266, 264, 267, 267, 263, 263, 263, 266, 262, 266, 262, 264,
    266, 262, 264, 264, 266, 265, 265, 263, 265, 264, 262, 261, 265, 265,
    261, 264, 264, 262, 264, 265, 263, 265, 263, 264, 261, 261, 261, 261,
    262, 263, 261, 262, 261, 262, 264, 265, 262, 264, 265, 265, 262, 261,
    265, 263, 264, 263, 265, 265, 265, 265, 264, 265 ]
