%YAML:1.0
---
videoName: "LHShake08.mp4"
gestureLabel: 2
fps: 29
pixelSizeInCmTemp: 3.4710144927536229e-01
faceCenterPointX: 261
faceCenterPointY: 69
LHandPositionsX: [ 340, 341, 346, 344, 349, 346, 355, 365, 368, 373, 372,
    373, 376, 369, 357, 348, 342, 339, 342, 341, 351, 358, 369, 367, 360,
    360, 361, 352, 345, 339, 338, 338, 342, 348, 358, 365, 366, 367, 365,
    364, 352, 343, 337, 335, 336, 338, 339, 351, 359, 358, 356, 357, 357,
    350, 346, 342, 343, 343, 342, 348, 357, 362, 370, 372, 368, 370, 365,
    356, 350, 344, 339, 334, 332, 333, 330, 334, 337, 338, 338, 338, 338,
    337, 338, 336, 337, 336, 338, 338 ]
LHandPositionsY: [ 268, 266, 264, 253, 248, 238, 217, 200, 188, 174, 163,
    154, 146, 142, 146, 146, 148, 152, 153, 148, 149, 146, 141, 138, 138,
    138, 140, 144, 149, 154, 154, 154, 152, 151, 149, 146, 149, 148, 148,
    148, 150, 157, 160, 159, 161, 164, 162, 157, 158, 154, 156, 153, 153,
    155, 162, 163, 158, 162, 162, 157, 156, 150, 148, 144, 146, 145, 148,
    153, 159, 165, 173, 187, 195, 209, 220, 233, 245, 246, 250, 249, 253,
    256, 255, 255, 255, 257, 256, 258 ]
RHandPositionsX: [ 175, 173, 174, 176, 173, 173, 176, 176, 172, 173, 176,
    175, 174, 173, 172, 174, 176, 175, 174, 176, 173, 172, 174, 176, 173,
    173, 176, 173, 175, 172, 172, 175, 173, 177, 173, 175, 175, 176, 174,
    175, 177, 174, 175, 174, 175, 176, 178, 177, 176, 176, 175, 177, 176,
    175, 177, 177, 174, 178, 175, 178, 174, 174, 176, 177, 174, 177, 176,
    174, 177, 176, 176, 178, 178, 177, 177, 176, 174, 176, 177, 178, 178,
    175, 177, 177, 178, 174, 174, 178 ]
RHandPositionsY: [ 274, 275, 276, 275, 274, 277, 273, 273, 276, 275, 277,
    275, 276, 277, 277, 274, 276, 277, 276, 277, 274, 273, 273, 273, 273,
    275, 275, 276, 275, 274, 274, 275, 277, 276, 274, 276, 273, 274, 274,
    273, 274, 275, 275, 275, 275, 277, 277, 277, 274, 277, 275, 277, 275,
    275, 275, 276, 275, 276, 275, 277, 277, 276, 274, 277, 275, 274, 273,
    275, 274, 276, 275, 273, 276, 277, 276, 273, 277, 275, 275, 273, 277,
    276, 277, 276, 276, 274, 273, 277 ]
