%YAML:1.0
---
videoName: "LHShake07.mp4"
gestureLabel: 2
fps: 29
pixelSizeInCmTemp: 3.3732394366197183e-01
faceCenterPointX: 265
faceCenterPointY: 78
LHandPositionsX: [ 349, 349, 352, 357, 363, 368, 376, 387, 390, 395, 392,
    393, 383, 374, 355, 345, 338, 342, 338, 342, 350, 364, 366, 368, 366,
    364, 363, 341, 342, 346, 341, 347, 355, 359, 370, 370, 368, 364, 360,
    349, 347, 346, 348, 351, 356, 359, 362, 361, 365, 360, 340, 326, 331,
    332, 342, 356, 365, 373, 370, 378, 373, 364, 355, 348, 344, 337, 336,
    336, 333, 337, 339, 344, 343, 343, 342, 343, 341, 343, 344, 340, 344,
    342, 341, 340, 342, 340, 342, 341 ]
LHandPositionsY: [ 279, 278, 274, 269, 258, 249, 233, 218, 204, 188, 176,
    161, 148, 138, 143, 141, 147, 146, 146, 144, 141, 139, 135, 138, 137,
    135, 137, 139, 144, 143, 139, 134, 132, 131, 126, 122, 126, 132, 132,
    134, 146, 143, 147, 143, 135, 137, 137, 138, 129, 131, 138, 149, 144,
    138, 133, 132, 129, 134, 133, 128, 130, 136, 149, 157, 170, 179, 191,
    204, 216, 231, 241, 250, 250, 252, 258, 258, 260, 263, 267, 266, 267,
    268, 268, 267, 268, 269, 268, 266 ]
RHandPositionsX: [ 184, 182, 185, 181, 184, 185, 183, 183, 185, 181, 184,
    184, 181, 185, 185, 185, 182, 185, 181, 184, 181, 182, 183, 184, 183,
    181, 183, 181, 182, 183, 181, 183, 183, 185, 182, 183, 181, 184, 185,
    182, 182, 184, 185, 185, 181, 182, 184, 182, 184, 184, 181, 183, 181,
    181, 185, 181, 185, 183, 184, 183, 184, 185, 184, 181, 182, 183, 182,
    184, 184, 183, 181, 185, 184, 182, 184, 181, 182, 182, 182, 183, 183,
    182, 184, 181, 181, 183, 184, 182 ]
RHandPositionsY: [ 277, 278, 279, 276, 277, 280, 280, 279, 278, 280, 280,
    276, 276, 279, 279, 276, 277, 278, 278, 279, 277, 280, 279, 276, 280,
    276, 277, 278, 277, 279, 278, 277, 280, 279, 280, 277, 277, 278, 280,
    276, 280, 280, 279, 279, 277, 278, 278, 280, 276, 279, 277, 279, 277,
    279, 279, 276, 280, 278, 279, 277, 276, 276, 280, 277, 278, 279, 280,
    280, 278, 276, 277, 279, 277, 279, 279, 280, 278, 279, 279, 276, 278,
    278, 279, 276, 278, 276, 280, 278 ]
