%YAML:1.0
---
videoName: "LHShake13.mp4"
gestureLabel: 2
fps: 29
pixelSizeInCmTemp: 3.4214285714285714e-01
faceCenterPointX: 257
faceCenterPointY: 76
LHandPositionsX: [ 327, 325, 323, 323, 324, 326, 326, 326, 326, 327, 331,
    336, 344, 351, 359, 370, 379, 389, 388, 389, 383, 375, 363, 352, 340,
    345, 341, 343, 349, 360, 376, 367, 364, 363, 356, 344, 342, 342, 341,
    350, 359, 366, 369, 364, 357, 350, 342, 348, 345, 348, 354, 364, 366,
    366, 362, 356, 345, 344, 344, 341, 350, 357, 363, 370, 368, 361, 357,
    353, 347, 342, 330, 328, 325, 324, 325, 325, 328, 328, 325, 325, 325,
    324, 324, 324, 326, 324, 325, 324 ]
LHandPositionsY: [ 262, 262, 260, 263, 261, 261, 263, 263, 260, 257, 256,
    249, 236, 226, 211, 196, 186, 175, 166, 158, 153, 153, 153, 156, 159,
    155, 158, 156, 153, 145, 141, 139, 142, 144, 151, 153, 160, 157, 157,
    158, 155, 156, 152, 157, 156, 159, 163, 160, 163, 159, 160, 157, 157,
    155, 160, 160, 164, 163, 164, 161, 160, 157, 156, 151, 151, 147, 146,
    149, 156, 161, 171, 181, 192, 206, 221, 233, 247, 245, 245, 244, 246,
    247, 249, 248, 247, 246, 247, 250 ]
RHandPositionsX: [ 184, 184, 185, 182, 185, 185, 181, 183, 181, 182, 182,
    183, 185, 184, 181, 184, 182, 182, 185, 182, 185, 183, 185, 183, 181,
    183, 182, 184, 183, 181, 183, 181, 184, 184, 182, 184, 184, 185, 181,
    185, 184, 183, 181, 182, 184, 184, 183, 182, 184, 181, 181, 181, 184,
    182, 182, 183, 181, 185, 183, 182, 182, 185, 185, 184, 182, 185, 181,
    181, 184, 185, 183, 184, 184, 181, 182, 185, 181, 181, 181, 181, 181,
    184, 185, 184, 182, 184, 184, 185 ]
RHandPositionsY: [ 271, 268, 270, 270, 268, 270, 271, 269, 269, 268, 268,
    268, 268, 269, 267, 271, 270, 270, 271, 268, 271, 269, 271, 268, 270,
    270, 271, 267, 269, 268, 268, 271, 269, 270, 267, 268, 271, 271, 269,
    267, 271, 267, 270, 267, 271, 268, 268, 271, 271, 270, 267, 269, 270,
    269, 267, 271, 270, 268, 271, 271, 267, 270, 271, 269, 269, 268, 270,
    267, 271, 271, 268, 268, 268, 268, 268, 268, 268, 269, 271, 270, 270,
    270, 269, 271, 269, 270, 267, 269 ]
