%YAML:1.0
---
videoName: "LHShake00.mp4"
gestureLabel: 2
fps: 29
pixelSizeInCmTemp: 3.4214285714285714e-01
faceCenterPointX: 252
faceCenterPointY: 85
LHandPositionsX: [ 350, 351, 350, 351, 352, 357, 359, 355, 353, 342, 335,
    326, 325, 325, 322, 325, 329, 332, 336, 338, 338, 340, 331, 325, 324,
    323, 324, 328, 333, 340, 339, 340, 340, 333, 325, 325, 324, 327, 331,
    336, 342, 343, 344, 341, 335, 324, 323, 324, 324, 328, 330, 336, 338,
    340, 343, 336, 330, 326, 324, 324, 327, 331, 334, 338, 337, 342, 342,
    339, 334, 333, 331, 329, 328, 328, 327, 331, 328, 334, 333, 335, 339,
    341, 341, 343, 341, 343, 343, 344 ]
LHandPositionsY: [ 257, 254, 245, 230, 209, 190, 168, 151, 135, 136, 135,
    137, 134, 137, 135, 132, 132, 129, 129, 124, 123, 126, 127, 134, 131,
    135, 131, 130, 130, 123, 125, 122, 123, 126, 136, 136, 134, 135, 134,
    130, 125, 123, 122, 123, 126, 134, 130, 130, 131, 133, 130, 124, 123,
    120, 123, 128, 127, 129, 130, 128, 128, 123, 122, 120, 119, 118, 117,
    128, 139, 147, 159, 164, 165, 174, 183, 192, 199, 206, 215, 218, 222,
    228, 228, 232, 237, 237, 235, 237 ]
RHandPositionsX: [ 156, 152, 153, 156, 156, 153, 152, 155, 154, 155, 153,
    153, 156, 155, 156, 156, 154, 153, 154, 152, 154, 153, 155, 155, 156,
    155, 152, 153, 155, 153, 154, 156, 155, 152, 156, 153, 154, 156, 156,
    152, 155, 156, 152, 153, 156, 152, 152, 155, 152, 154, 154, 153, 152,
    152, 156, 156, 152, 155, 154, 154, 152, 156, 154, 153, 154, 154, 153,
    155, 156, 156, 155, 153, 153, 155, 154, 155, 156, 153, 154, 156, 156,
    154, 154, 152, 154, 153, 153, 156 ]
RHandPositionsY: [ 277, 277, 277, 279, 276, 273, 277, 273, 275, 274, 275,
    274, 274, 270, 272, 272, 269, 270, 270, 268, 269, 268, 267, 267, 268,
    269, 264, 268, 268, 265, 263, 267, 267, 266, 265, 264, 265, 261, 265,
    262, 262, 262, 261, 262, 261, 263, 264, 264, 262, 260, 260, 264, 262,
    264, 262, 264, 262, 262, 263, 261, 262, 264, 263, 261, 261, 260, 264,
    261, 263, 263, 261, 264, 263, 262, 260, 263, 260, 264, 262, 263, 264,
    264, 260, 261, 264, 262, 261, 261 ]
