%YAML:1.0
---
videoName: "LHShake12.mp4"
gestureLabel: 2
fps: 29
pixelSizeInCmTemp: 3.3263888888888887e-01
faceCenterPointX: 259
faceCenterPointY: 64
LHandPositionsX: [ 371, 358, 350, 349, 346, 344, 351, 360, 374, 383, 380,
    379, 377, 365, 355, 348, 347, 344, 345, 353, 364, 376, 378, 378, 375,
    373, 363, 351, 339, 339, 340, 341, 347, 361, 371, 370, 373, 373, 368,
    356, 349, 339, 344, 343, 346, 356, 365, 368, 365, 372, 366, 360, 345,
    342, 341, 336, 342, 349, 357, 366, 368, 368, 366, 362, 351, 344, 335,
    326, 323, 318, 314, 319, 316, 323, 331, 332, 333, 334, 332, 335, 335,
    334, 334, 333, 336, 334, 334, 334 ]
LHandPositionsY: [ 167, 165, 165, 165, 164, 159, 156, 154, 151, 149, 152,
    150, 152, 151, 153, 157, 155, 158, 154, 152, 152, 147, 148, 147, 144,
    145, 146, 146, 155, 155, 155, 151, 149, 149, 148, 147, 146, 147, 144,
    150, 154, 156, 156, 154, 157, 154, 151, 149, 151, 150, 149, 150, 151,
    157, 158, 158, 156, 152, 148, 144, 147, 147, 145, 149, 148, 151, 160,
    167, 180, 186, 197, 211, 224, 236, 244, 247, 248, 253, 254, 258, 257,
    257, 258, 259, 258, 257, 257, 258 ]
RHandPositionsX: [ 176, 175, 176, 177, 177, 177, 178, 174, 178, 174, 174,
    175, 174, 178, 178, 177, 175, 175, 175, 178, 176, 175, 177, 178, 175,
    175, 177, 176, 178, 178, 178, 178, 178, 176, 177, 174, 175, 176, 176,
    175, 174, 175, 178, 178, 177, 175, 174, 177, 175, 178, 177, 174, 177,
    178, 174, 178, 175, 177, 175, 174, 178, 176, 174, 175, 175, 175, 174,
    174, 175, 177, 177, 178, 178, 174, 177, 176, 176, 177, 178, 176, 176,
    177, 178, 174, 174, 178, 177, 175 ]
RHandPositionsY: [ 273, 275, 273, 272, 274, 273, 275, 275, 275, 275, 272,
    274, 271, 273, 271, 271, 271, 274, 271, 273, 273, 275, 273, 275, 273,
    272, 273, 275, 272, 271, 272, 273, 272, 274, 273, 275, 275, 275, 272,
    271, 274, 272, 275, 272, 273, 275, 271, 271, 272, 272, 271, 271, 272,
    274, 273, 272, 275, 274, 275, 272, 271, 275, 274, 271, 274, 274, 274,
    275, 271, 271, 273, 272, 275, 274, 274, 272, 272, 272, 273, 272, 273,
    271, 273, 274, 272, 274, 271, 275 ]
