%YAML:1.0
---
videoName: "LHShake03.mp4"
gestureLabel: 2
fps: 30
pixelSizeInCmTemp: 3.2808219178082193e-01
faceCenterPointX: 251
faceCenterPointY: 79
LHandPositionsX: [ 345, 345, 348, 354, 354, 355, 353, 347, 335, 325, 315,
    314, 314, 316, 317, 319, 327, 333, 336, 333, 340, 340, 332, 330, 324,
    321, 321, 320, 324, 330, 336, 341, 343, 341, 333, 320, 316, 315, 311,
    314, 316, 322, 328, 333, 335, 337, 333, 329, 324, 322, 322, 325, 334,
    338, 345, 345, 337, 333, 335, 336, 338, 328, 319, 320, 315, 312, 307,
    303, 301, 300, 298, 294, 297, 294, 295, 293, 290, 293, 293, 291, 292,
    288, 292, 287, 287, 286, 285, 288, 287, 283, 286 ]
LHandPositionsY: [ 139, 135, 129, 122, 115, 110, 106, 103, 95, 98, 107,
    105, 103, 99, 96, 93, 91, 88, 86, 85, 82, 86, 90, 87, 89, 87, 91, 88,
    90, 87, 86, 85, 79, 83, 84, 92, 92, 97, 98, 96, 93, 92, 90, 90, 86,
    88, 88, 85, 90, 92, 91, 93, 91, 89, 89, 90, 92, 95, 97, 99, 112, 133,
    142, 154, 164, 179, 184, 195, 205, 213, 224, 224, 227, 229, 232, 237,
    239, 242, 248, 247, 250, 248, 252, 252, 255, 254, 251, 253, 252, 255,
    253 ]
RHandPositionsX: [ 215, 214, 215, 212, 212, 214, 211, 215, 214, 212, 215,
    215, 211, 214, 213, 215, 212, 215, 211, 213, 213, 212, 213, 212, 215,
    212, 215, 212, 215, 213, 213, 211, 212, 213, 215, 215, 211, 214, 214,
    213, 212, 212, 214, 211, 215, 211, 211, 211, 215, 211, 213, 214, 213,
    214, 213, 215, 214, 214, 212, 210, 212, 210, 210, 210, 211, 213, 210,
    213, 214, 212, 214, 214, 210, 212, 210, 210, 210, 210, 213, 214, 210,
    210, 214, 210, 214, 214, 210, 213, 214, 210, 212 ]
RHandPositionsY: [ 259, 255, 257, 254, 257, 254, 254, 252, 252, 254, 252,
    252, 255, 254, 256, 253, 255, 255, 253, 251, 254, 251, 253, 253, 251,
    251, 252, 255, 253, 253, 252, 255, 254, 254, 253, 251, 252, 255, 253,
    254, 254, 253, 254, 255, 251, 252, 251, 254, 253, 255, 253, 253, 254,
    253, 251, 251, 254, 255, 254, 252, 252, 254, 253, 251, 251, 252, 254,
    253, 255, 254, 254, 254, 252, 254, 255, 255, 254, 255, 251, 254, 251,
    254, 251, 251, 252, 251, 254, 252, 255, 252, 253 ]
