%YAML:1.0
---
videoName: "LHShake13.mp4"
gestureLabel: 2
fps: 29
pixelSizeInCmTemp: 3.4214285714285714e-01
faceCenterPointX: 257
faceCenterPointY: 76
LHandPositionsX: [ 325, 323, 327, 326, 324, 324, 324, 325, 326, 329, 329,
    335, 344, 349, 363, 370, 380, 386, 391, 389, 384, 373, 364, 353, 340,
    346, 340, 341, 351, 361, 373, 367, 363, 362, 358, 347, 343, 340, 342,
    348, 359, 369, 366, 363, 357, 348, 342, 344, 346, 346, 356, 365, 367,
    362, 363, 353, 347, 348, 346, 344, 348, 355, 363, 369, 369, 363, 359,
    353, 347, 338, 330, 325, 325, 324, 326, 324, 325, 327, 325, 328, 327,
    327, 324, 324, 328, 324, 324, 324 ]
LHandPositionsY: [ 263, 262, 260, 263, 259, 263, 260, 262, 261, 257, 257,
    246, 239, 225, 213, 195, 184, 173, 166, 156, 154, 149, 155, 153, 158,
    155, 156, 154, 153, 148, 143, 140, 141, 144, 152, 154, 157, 157, 157,
    159, 155, 155, 156, 156, 159, 158, 163, 160, 164, 158, 159, 155, 158,
    159, 157, 162, 164, 164, 165, 160, 160, 158, 154, 151, 148, 147, 148,
    152, 157, 164, 167, 179, 194, 204, 221, 232, 244, 244, 242, 245, 248,
    245, 248, 248, 246, 250, 249, 249 ]
RHandPositionsX: [ 183, 183, 185, 183, 183, 185, 183, 183, 183, 182, 182,
    184, 185, 181, 181, 183, 183, 183, 184, 183, 183, 181, 184, 181, 184,
    185, 182, 184, 184, 185, 182, 182, 185, 185, 185, 181, 181, 184, 183,
    182, 185, 182, 182, 185, 183, 181, 185, 184, 184, 183, 184, 185, 184,
    184, 181, 185, 185, 181, 185, 181, 183, 184, 185, 185, 183, 182, 183,
    183, 182, 182, 184, 182, 182, 185, 183, 183, 181, 181, 185, 184, 182,
    185, 185, 185, 185, 183, 182, 181 ]
RHandPositionsY: [ 270, 271, 270, 268, 271, 267, 271, 267, 271, 270, 268,
    268, 269, 267, 267, 271, 268, 268, 271, 271, 269, 268, 267, 268, 270,
    267, 268, 271, 270, 267, 267, 267, 267, 269, 267, 270, 270, 268, 271,
    271, 270, 268, 269, 267, 270, 268, 269, 269, 267, 269, 267, 270, 268,
    267, 269, 270, 271, 270, 271, 269, 271, 270, 270, 269, 267, 267, 271,
    270, 267, 271, 270, 270, 271, 270, 269, 267, 270, 271, 268, 269, 267,
    270, 270, 269, 268, 270, 267, 267 ]
