%YAML:1.0
---
videoName: "LHShake22.mp4"
gestureLabel: 2
fps: 29
pixelSizeInCmTemp: 3.5220588235294115e-01
faceCenterPointX: 261
faceCenterPointY: 79
LHandPositionsX: [ 337, 345, 350, 353, 354, 359, 359, 356, 344, 339, 330,
    318, 321, 320, 318, 323, 331, 339, 347, 345, 345, 342, 336, 330, 324,
    322, 322, 325, 331, 336, 345, 342, 343, 335, 328, 320, 317, 316, 319,
    324, 326, 333, 336, 334, 337, 332, 323, 320, 319, 319, 324, 327, 334,
    343, 344, 341, 339, 333, 323, 321, 320, 314, 319, 325, 328, 336, 337,
    337, 337, 333, 326, 324, 322, 317, 321, 323, 324, 323, 324, 324, 323,
    326, 326, 326, 324, 323, 326, 325 ]
LHandPositionsY: [ 260, 253, 248, 238, 235, 222, 208, 206, 195, 186, 185,
    187, 185, 183, 182, 181, 176, 175, 173, 175, 174, 172, 171, 174, 179,
    176, 177, 177, 178, 172, 173, 174, 173, 174, 174, 181, 181, 183, 181,
    181, 180, 179, 174, 175, 174, 178, 180, 183, 183, 183, 181, 179, 178,
    176, 174, 177, 176, 176, 179, 180, 183, 182, 180, 180, 176, 179, 176,
    181, 183, 188, 196, 203, 211, 221, 232, 240, 240, 242, 246, 245, 246,
    250, 250, 251, 247, 247, 248, 247 ]
RHandPositionsX: [ 192, 189, 189, 189, 189, 189, 193, 193, 192, 189, 192,
    191, 191, 191, 189, 191, 190, 189, 190, 189, 190, 191, 190, 190, 191,
    192, 190, 191, 190, 189, 190, 193, 193, 191, 192, 190, 190, 191, 192,
    190, 192, 189, 191, 193, 192, 192, 193, 189, 189, 192, 190, 189, 189,
    192, 190, 191, 190, 190, 191, 190, 191, 189, 192, 191, 191, 191, 192,
    189, 193, 189, 190, 192, 193, 193, 193, 189, 190, 190, 189, 191, 193,
    191, 191, 190, 191, 191, 191, 189 ]
RHandPositionsY: [ 268, 266, 269, 270, 267, 270, 270, 268, 269, 270, 266,
    267, 269, 269, 268, 266, 268, 267, 266, 270, 267, 268, 267, 270, 269,
    267, 270, 269, 266, 268, 270, 270, 269, 270, 266, 267, 269, 269, 267,
    268, 268, 270, 266, 267, 268, 267, 268, 269, 269, 270, 266, 266, 269,
    266, 268, 268, 268, 266, 269, 268, 269, 269, 269, 270, 268, 268, 266,
    270, 267, 267, 269, 270, 268, 270, 270, 268, 267, 266, 268, 266, 266,
    269, 266, 270, 266, 268, 267, 270 ]
