%YAML:1.0
---
videoName: "LHShake17.mp4"
gestureLabel: 2
fps: 30
pixelSizeInCmTemp: 3.3732394366197183e-01
faceCenterPointX: 248
faceCenterPointY: 64
LHandPositionsX: [ 325, 325, 325, 325, 321, 323, 326, 328, 330, 337, 345,
    353, 363, 377, 389, 398, 405, 411, 400, 390, 376, 358, 350, 352, 354,
    357, 371, 378, 379, 380, 375, 365, 350, 348, 344, 347, 356, 367, 370,
    368, 368, 363, 353, 351, 350, 357, 365, 373, 378, 373, 374, 371, 361,
    354, 349, 346, 348, 354, 362, 364, 362, 368, 366, 356, 350, 341, 338,
    336, 335, 334, 334, 331, 330, 330, 330, 330, 329, 329, 327, 325, 325,
    328, 328, 327, 324, 325, 326, 327, 326, 325, 322 ]
LHandPositionsY: [ 250, 251, 250, 249, 250, 251, 248, 245, 244, 233, 219,
    200, 185, 172, 160, 143, 131, 122, 115, 112, 120, 128, 138, 134, 135,
    135, 123, 116, 120, 117, 120, 127, 136, 142, 139, 138, 123, 115, 120,
    120, 116, 113, 126, 134, 131, 134, 125, 118, 120, 121, 122, 120, 130,
    139, 140, 139, 138, 124, 121, 125, 123, 125, 119, 130, 137, 145, 152,
    161, 173, 183, 195, 208, 218, 222, 221, 226, 231, 235, 236, 236, 238,
    239, 238, 237, 238, 235, 236, 238, 236, 239, 236 ]
RHandPositionsX: [ 177, 179, 180, 178, 179, 177, 178, 179, 178, 176, 177,
    180, 179, 180, 176, 176, 180, 177, 178, 177, 177, 178, 180, 178, 179,
    176, 178, 176, 175, 175, 178, 179, 177, 175, 178, 177, 179, 176, 178,
    176, 176, 174, 174, 175, 178, 175, 175, 174, 175, 174, 178, 178, 175,
    174, 176, 176, 175, 178, 174, 177, 177, 177, 176, 177, 175, 176, 176,
    175, 178, 176, 176, 178, 176, 178, 174, 176, 174, 174, 177, 175, 174,
    177, 176, 178, 174, 174, 175, 178, 176, 175, 175 ]
RHandPositionsY: [ 259, 259, 259, 259, 259, 257, 260, 259, 259, 256, 258,
    260, 258, 260, 259, 256, 258, 260, 256, 256, 258, 258, 258, 258, 257,
    257, 256, 260, 256, 256, 258, 257, 259, 260, 257, 259, 258, 260, 259,
    257, 257, 260, 258, 256, 256, 257, 258, 260, 259, 260, 256, 259, 258,
    256, 258, 256, 260, 258, 258, 258, 260, 257, 256, 257, 259, 256, 256,
    256, 259, 259, 258, 256, 259, 256, 260, 256, 259, 258, 258, 259, 260,
    259, 258, 259, 258, 260, 257, 257, 260, 258, 257 ]
