%YAML:1.0
---
videoName: "LHShake18.mp4"
gestureLabel: 2
fps: 29
pixelSizeInCmTemp: 3.4214285714285714e-01
faceCenterPointX: 253
faceCenterPointY: 65
LHandPositionsX: [ 315, 314, 314, 313, 313, 311, 312, 315, 312, 312, 313,
    312, 314, 311, 314, 315, 313, 317, 325, 324, 329, 336, 346, 348, 349,
    346, 340, 324, 315, 299, 301, 305, 305, 311, 313, 314, 312, 307, 300,
    292, 291, 302, 305, 314, 309, 313, 305, 296, 286, 283, 287, 299, 307,
    316, 312, 310, 306, 291, 284, 288, 295, 301, 306, 307, 308, 309, 304,
    293, 294, 299, 302, 304, 309, 309, 313, 309, 307, 307, 303, 306, 304,
    305, 305, 308, 307, 310, 307, 309 ]
LHandPositionsY: [ 247, 249, 247, 247, 249, 247, 247, 247, 247, 246, 246,
    250, 248, 249, 246, 246, 249, 251, 245, 234, 216, 200, 187, 175, 166,
    161, 151, 147, 147, 139, 138, 142, 144, 143, 141, 139, 144, 148, 143,
    138, 137, 142, 144, 148, 144, 146, 151, 148, 145, 140, 143, 145, 150,
    149, 149, 147, 150, 143, 144, 141, 151, 151, 151, 151, 151, 155, 158,
    147, 147, 150, 155, 151, 155, 156, 161, 168, 177, 188, 197, 208, 217,
    216, 220, 230, 233, 234, 231, 235 ]
RHandPositionsX: [ 199, 194, 198, 198, 196, 196, 198, 199, 195, 197, 198,
    196, 195, 198, 198, 197, 196, 199, 197, 196, 199, 197, 196, 195, 196,
    197, 195, 196, 197, 194, 197, 198, 199, 196, 198, 196, 197, 200, 197,
    198, 196, 197, 195, 199, 196, 195, 198, 197, 196, 199, 199, 195, 200,
    199, 199, 195, 198, 197, 197, 198, 197, 196, 199, 199, 195, 194, 194,
    199, 199, 197, 194, 195, 195, 195, 194, 195, 198, 195, 194, 196, 195,
    198, 194, 196, 195, 197, 194, 197 ]
RHandPositionsY: [ 265, 262, 264, 266, 263, 264, 264, 263, 264, 264, 264,
    264, 263, 263, 267, 265, 266, 266, 263, 265, 266, 267, 263, 266, 267,
    266, 263, 264, 263, 266, 264, 264, 265, 266, 264, 266, 265, 266, 267,
    265, 265, 267, 266, 268, 267, 267, 268, 265, 268, 268, 268, 265, 264,
    264, 266, 264, 267, 265, 268, 268, 265, 267, 265, 266, 268, 265, 264,
    265, 264, 264, 264, 266, 268, 265, 266, 267, 264, 268, 265, 266, 268,
    266, 264, 266, 267, 267, 264, 265 ]
