%YAML:1.0
---
videoName: "LHShake16.mp4"
gestureLabel: 2
fps: 30
pixelSizeInCmTemp: 3.3732394366197183e-01
faceCenterPointX: 247
faceCenterPointY: 66
LHandPositionsX: [ 323, 322, 324, 328, 329, 338, 343, 355, 364, 374, 385,
    392, 401, 412, 406, 400, 399, 390, 378, 362, 357, 355, 366, 369, 379,
    401, 395, 394, 389, 386, 373, 369, 372, 372, 372, 382, 389, 389, 400,
    398, 387, 376, 365, 367, 363, 369, 375, 384, 398, 405, 398, 386, 371,
    363, 365, 361, 361, 367, 374, 390, 389, 382, 388, 383, 374, 365, 357,
    349, 345, 337, 336, 332, 330, 329, 329, 327, 329, 327, 330, 329, 328,
    330, 327, 325, 329, 326, 326, 328, 328, 325, 326 ]
LHandPositionsY: [ 254, 256, 254, 250, 250, 246, 235, 223, 210, 195, 182,
    168, 156, 147, 142, 134, 121, 118, 116, 110, 117, 118, 126, 114, 115,
    116, 115, 119, 118, 114, 121, 131, 132, 135, 128, 117, 118, 123, 118,
    116, 115, 125, 132, 134, 135, 138, 129, 128, 125, 122, 121, 129, 138,
    146, 143, 145, 144, 143, 136, 129, 130, 128, 123, 130, 144, 151, 162,
    168, 179, 197, 208, 213, 226, 228, 231, 234, 236, 235, 239, 237, 242,
    239, 244, 243, 243, 242, 244, 244, 245, 244, 242 ]
RHandPositionsX: [ 176, 176, 179, 176, 179, 176, 179, 175, 179, 178, 175,
    176, 177, 175, 176, 177, 177, 176, 177, 179, 177, 175, 177, 176, 176,
    177, 178, 176, 179, 175, 179, 178, 178, 178, 179, 177, 176, 178, 179,
    175, 175, 177, 175, 177, 177, 178, 175, 177, 175, 179, 175, 179, 178,
    175, 176, 176, 177, 176, 179, 178, 178, 177, 178, 179, 178, 176, 175,
    176, 176, 177, 177, 178, 178, 176, 177, 178, 175, 177, 175, 177, 175,
    179, 177, 175, 177, 178, 177, 177, 176, 175, 175 ]
RHandPositionsY: [ 262, 258, 261, 260, 258, 259, 261, 262, 262, 259, 260,
    261, 260, 262, 258, 262, 258, 262, 260, 259, 260, 261, 259, 260, 262,
    260, 262, 262, 261, 258, 259, 260, 261, 259, 261, 260, 260, 260, 258,
    260, 261, 262, 259, 261, 262, 261, 260, 262, 258, 262, 262, 262, 262,
    261, 261, 261, 259, 258, 259, 261, 258, 259, 259, 261, 262, 262, 258,
    262, 262, 261, 261, 261, 259, 260, 260, 260, 258, 258, 260, 259, 262,
    262, 258, 262, 258, 262, 262, 260, 260, 262, 262 ]
