%YAML:1.0
---
videoName: "LHShake12.mp4"
gestureLabel: 2
fps: 29
pixelSizeInCmTemp: 3.3263888888888887e-01
faceCenterPointX: 259
faceCenterPointY: 64
LHandPositionsX: [ 370, 357, 347, 349, 346, 347, 354, 361, 372, 381, 381,
    380, 373, 365, 355, 344, 349, 344, 348, 354, 364, 374, 374, 376, 378,
    370, 360, 350, 339, 339, 340, 342, 349, 358, 371, 372, 370, 372, 369,
    360, 346, 343, 345, 343, 347, 355, 361, 371, 369, 372, 366, 358, 347,
    342, 338, 339, 341, 349, 356, 368, 365, 370, 369, 361, 355, 341, 334,
    329, 324, 317, 314, 319, 319, 323, 329, 328, 333, 335, 335, 334, 337,
    336, 337, 334, 333, 334, 334, 337 ]
LHandPositionsY: [ 167, 163, 163, 165, 161, 157, 156, 153, 152, 149, 152,
    149, 153, 153, 154, 160, 156, 156, 155, 156, 149, 146, 149, 149, 144,
    143, 143, 147, 151, 156, 155, 151, 152, 147, 148, 145, 146, 146, 146,
    148, 150, 156, 153, 158, 155, 152, 153, 150, 149, 151, 152, 154, 152,
    157, 158, 159, 153, 152, 147, 144, 145, 145, 146, 148, 147, 153, 159,
    168, 176, 184, 197, 207, 225, 235, 243, 247, 246, 251, 255, 255, 257,
    256, 255, 258, 255, 256, 258, 255 ]
RHandPositionsX: [ 177, 175, 176, 176, 175, 178, 178, 175, 176, 175, 174,
    175, 178, 174, 177, 174, 174, 175, 176, 178, 176, 174, 177, 178, 177,
    175, 175, 178, 177, 177, 177, 174, 175, 175, 174, 176, 174, 176, 175,
    174, 175, 176, 176, 178, 175, 175, 176, 176, 176, 176, 178, 176, 177,
    175, 177, 175, 176, 175, 176, 177, 178, 177, 176, 175, 178, 175, 174,
    175, 177, 175, 175, 177, 178, 178, 178, 178, 177, 178, 175, 176, 176,
    175, 176, 177, 175, 178, 178, 176 ]
RHandPositionsY: [ 274, 271, 274, 272, 273, 273, 273, 271, 275, 275, 275,
    275, 275, 271, 274, 271, 274, 274, 273, 274, 271, 275, 275, 274, 274,
    273, 273, 272, 272, 271, 271, 272, 272, 275, 273, 274, 273, 274, 274,
    275, 272, 272, 271, 275, 272, 272, 273, 271, 273, 275, 273, 273, 271,
    275, 275, 275, 273, 272, 272, 275, 275, 274, 271, 274, 271, 272, 271,
    272, 274, 272, 272, 274, 275, 273, 273, 271, 275, 271, 275, 272, 274,
    271, 274, 271, 274, 273, 274, 272 ]
