%YAML:1.0
---
videoName: "LHShake20.mp4"
gestureLabel: 2
fps: 30
pixelSizeInCmTemp: 3.3732394366197183e-01
faceCenterPointX: 249
faceCenterPointY: 62
LHandPositionsX: [ 316, 312, 316, 316, 316, 316, 316, 315, 317, 316, 322,
    328, 332, 338, 341, 339, 331, 320, 313, 314, 311, 314, 317, 329, 337,
    336, 336, 338, 329, 324, 316, 320, 316, 325, 336, 342, 338, 340, 333,
    324, 326, 324, 320, 328, 331, 333, 330, 332, 324, 318, 321, 320, 319,
    326, 322, 326, 330, 326, 324, 319, 320, 319, 317, 319, 322, 321, 323,
    320, 318, 316, 314, 311, 316, 312, 316, 313, 313, 315, 316, 314, 316,
    312, 315, 315, 315, 315, 313, 313, 316, 315, 314 ]
LHandPositionsY: [ 248, 248, 247, 250, 246, 245, 244, 245, 234, 226, 217,
    205, 190, 180, 173, 167, 161, 156, 159, 162, 158, 157, 148, 147, 144,
    142, 144, 145, 143, 147, 146, 146, 148, 144, 146, 142, 142, 140, 143,
    144, 148, 148, 144, 142, 141, 143, 141, 142, 143, 149, 150, 150, 146,
    142, 137, 137, 138, 136, 136, 145, 144, 144, 148, 149, 149, 149, 158,
    169, 178, 191, 203, 213, 213, 220, 224, 229, 231, 231, 229, 230, 232,
    234, 232, 236, 234, 236, 237, 237, 236, 240, 237 ]
RHandPositionsX: [ 182, 180, 182, 182, 179, 181, 179, 179, 179, 181, 181,
    179, 179, 183, 179, 182, 183, 180, 182, 182, 181, 183, 181, 182, 182,
    181, 180, 181, 180, 183, 182, 183, 179, 180, 179, 183, 179, 181, 179,
    181, 182, 183, 179, 182, 183, 179, 182, 179, 179, 182, 182, 181, 183,
    181, 183, 182, 183, 183, 180, 179, 183, 180, 180, 183, 181, 179, 182,
    182, 183, 181, 182, 179, 181, 181, 182, 181, 181, 182, 182, 182, 182,
    182, 181, 180, 179, 178, 179, 178, 179, 181, 182 ]
RHandPositionsY: [ 257, 255, 257, 254, 254, 256, 256, 254, 255, 254, 256,
    252, 256, 255, 254, 256, 255, 256, 256, 256, 254, 253, 256, 253, 253,
    255, 255, 256, 252, 254, 254, 255, 254, 254, 253, 253, 252, 251, 255,
    252, 253, 254, 253, 251, 252, 252, 252, 252, 255, 252, 253, 254, 251,
    252, 251, 255, 252, 252, 255, 253, 253, 255, 253, 252, 255, 252, 253,
    252, 254, 255, 254, 252, 252, 252, 255, 255, 253, 251, 252, 254, 252,
    254, 255, 252, 255, 253, 251, 254, 254, 254, 251 ]
