%YAML:1.0
---
videoName: "LHShake22.mp4"
gestureLabel: 2
fps: 29
pixelSizeInCmTemp: 3.5220588235294115e-01
faceCenterPointX: 261
faceCenterPointY: 79
LHandPositionsX: [ 335, 342, 347, 357, 355, 357, 356, 355, 344, 338, 328,
    321, 321, 318, 317, 321, 332, 337, 343, 345, 344, 345, 335, 332, 321,
    322, 323, 327, 333, 339, 344, 342, 340, 339, 330, 322, 316, 319, 319,
    322, 326, 337, 337, 334, 337, 328, 327, 318, 319, 320, 323, 329, 336,
    345, 345, 341, 341, 334, 323, 321, 318, 316, 318, 323, 331, 336, 335,
    335, 337, 333, 330, 323, 320, 317, 321, 321, 325, 326, 326, 326, 325,
    327, 327, 324, 323, 327, 327, 327 ]
LHandPositionsY: [ 262, 256, 244, 239, 234, 218, 209, 205, 194, 189, 186,
    187, 186, 184, 182, 182, 177, 178, 173, 172, 174, 172, 175, 175, 176,
    179, 179, 178, 178, 173, 171, 171, 169, 170, 176, 181, 185, 184, 181,
    181, 182, 178, 178, 173, 177, 174, 177, 183, 183, 180, 179, 180, 177,
    175, 174, 174, 174, 177, 179, 182, 181, 180, 182, 178, 180, 179, 176,
    178, 183, 191, 193, 200, 209, 218, 228, 238, 239, 245, 248, 249, 247,
    247, 249, 250, 249, 249, 250, 249 ]
RHandPositionsX: [ 193, 192, 192, 192, 191, 193, 191, 189, 192, 193, 191,
    192, 190, 189, 190, 193, 190, 191, 190, 191, 192, 192, 190, 190, 193,
    189, 191, 191, 189, 193, 193, 192, 192, 192, 193, 191, 191, 191, 190,
    193, 192, 192, 190, 189, 193, 193, 193, 193, 193, 190, 189, 192, 191,
    189, 191, 190, 191, 191, 191, 192, 192, 189, 193, 193, 193, 190, 190,
    192, 192, 193, 193, 191, 192, 190, 190, 189, 189, 191, 193, 191, 189,
    189, 192, 189, 191, 192, 190, 192 ]
RHandPositionsY: [ 270, 270, 266, 268, 266, 268, 266, 268, 268, 270, 268,
    270, 267, 266, 268, 268, 270, 269, 268, 269, 266, 268, 269, 267, 270,
    270, 266, 270, 268, 270, 267, 269, 266, 270, 268, 267, 266, 270, 268,
    269, 270, 267, 268, 266, 267, 267, 266, 266, 269, 269, 269, 270, 268,
    268, 270, 270, 270, 266, 268, 266, 267, 266, 267, 269, 269, 269, 269,
    270, 267, 269, 270, 270, 270, 269, 269, 267, 270, 267, 270, 266, 270,
    269, 267, 266, 269, 267, 267, 270 ]
