%YAML:1.0
---
videoName: "LHShake19.mp4"
gestureLabel: 2
fps: 29
pixelSizeInCmTemp: 3.3732394366197183e-01
faceCenterPointX: 250
faceCenterPointY: 62
LHandPositionsX: [ 305, 309, 307, 305, 307, 306, 309, 305, 307, 307, 306,
    306, 305, 305, 305, 307, 310, 315, 322, 326, 327, 320, 309, 292, 288,
    286, 289, 299, 305, 314, 314, 313, 306, 297, 288, 290, 295, 301, 308,
    317, 319, 312, 303, 292, 289, 296, 301, 308, 315, 315, 311, 306, 296,
    290, 294, 302, 308, 315, 317, 316, 316, 310, 306, 302, 298, 294, 293,
    295, 297, 298, 303, 304, 304, 306, 307, 304, 305, 309, 310, 308, 311,
    311, 310, 309, 307, 311, 309, 307 ]
LHandPositionsY: [ 250, 252, 249, 250, 248, 252, 251, 252, 250, 249, 252,
    252, 250, 250, 247, 237, 226, 213, 204, 188, 177, 170, 165, 160, 157,
    154, 160, 157, 154, 153, 155, 152, 154, 154, 152, 145, 152, 155, 155,
    151, 150, 150, 155, 147, 145, 154, 152, 153, 152, 154, 151, 156, 148,
    144, 155, 158, 155, 151, 153, 153, 153, 154, 156, 161, 169, 173, 178,
    191, 198, 207, 216, 214, 216, 220, 226, 227, 232, 234, 238, 234, 238,
    238, 240, 236, 240, 241, 238, 241 ]
RHandPositionsX: [ 198, 199, 196, 197, 195, 196, 196, 198, 198, 195, 198,
    197, 196, 199, 197, 199, 198, 197, 199, 196, 196, 199, 199, 196, 197,
    196, 195, 198, 196, 195, 193, 197, 193, 195, 196, 196, 193, 195, 196,
    194, 192, 194, 194, 192, 195, 194, 192, 192, 192, 191, 195, 192, 195,
    194, 194, 191, 193, 192, 193, 191, 193, 191, 193, 193, 193, 195, 195,
    194, 193, 193, 191, 191, 195, 195, 192, 191, 192, 191, 194, 194, 195,
    193, 195, 194, 195, 192, 192, 192 ]
RHandPositionsY: [ 254, 254, 256, 257, 258, 255, 258, 256, 257, 257, 255,
    255, 256, 257, 257, 254, 256, 254, 255, 258, 258, 257, 255, 258, 254,
    256, 258, 255, 254, 257, 258, 256, 254, 255, 256, 256, 256, 256, 257,
    254, 256, 257, 257, 256, 257, 256, 254, 254, 257, 256, 256, 255, 257,
    255, 257, 256, 256, 257, 255, 256, 256, 254, 255, 258, 255, 255, 257,
    258, 257, 255, 254, 255, 256, 256, 255, 255, 254, 254, 258, 255, 255,
    258, 257, 258, 256, 254, 256, 255 ]
