%YAML:1.0
---
videoName: "LHShake19.mp4"
gestureLabel: 2
fps: 29
pixelSizeInCmTemp: 3.3732394366197183e-01
faceCenterPointX: 250
faceCenterPointY: 62
LHandPositionsX: [ 305, 306, 309, 307, 307, 309, 306, 308, 307, 309, 305,
    306, 306, 305, 308, 308, 313, 315, 323, 326, 324, 320, 311, 291, 287,
    289, 292, 297, 308, 317, 313, 314, 306, 294, 286, 288, 295, 303, 309,
    319, 318, 311, 307, 290, 291, 293, 298, 306, 313, 314, 309, 309, 296,
    292, 298, 301, 306, 317, 315, 314, 316, 309, 304, 299, 295, 292, 293,
    291, 294, 300, 304, 304, 304, 302, 303, 305, 306, 307, 311, 307, 310,
    307, 309, 307, 307, 309, 307, 309 ]
LHandPositionsY: [ 248, 251, 248, 252, 252, 251, 249, 251, 249, 251, 248,
    249, 247, 250, 244, 241, 230, 217, 205, 192, 176, 167, 163, 161, 154,
    155, 160, 158, 154, 152, 155, 155, 154, 153, 152, 147, 154, 152, 151,
    152, 149, 151, 157, 149, 147, 154, 155, 155, 153, 153, 154, 157, 148,
    146, 156, 155, 154, 153, 153, 154, 153, 154, 159, 161, 167, 171, 179,
    189, 197, 208, 217, 214, 218, 222, 225, 227, 232, 235, 234, 234, 237,
    238, 238, 239, 239, 240, 238, 241 ]
RHandPositionsX: [ 199, 199, 196, 196, 197, 196, 196, 197, 195, 199, 198,
    198, 197, 195, 199, 196, 196, 197, 196, 199, 197, 196, 196, 195, 196,
    197, 195, 195, 194, 194, 195, 193, 196, 192, 194, 196, 193, 196, 192,
    192, 194, 193, 194, 191, 193, 194, 195, 192, 194, 191, 195, 194, 195,
    195, 193, 193, 191, 195, 191, 195, 194, 192, 192, 193, 191, 195, 192,
    191, 194, 193, 193, 192, 195, 195, 193, 191, 192, 191, 192, 194, 194,
    193, 192, 195, 193, 192, 194, 193 ]
RHandPositionsY: [ 258, 254, 257, 257, 257, 258, 258, 258, 258, 258, 255,
    254, 258, 256, 257, 256, 257, 257, 255, 254, 254, 254, 254, 256, 257,
    257, 255, 257, 256, 258, 254, 256, 257, 255, 258, 257, 256, 256, 258,
    256, 255, 254, 254, 256, 258, 254, 254, 256, 257, 257, 257, 256, 258,
    258, 254, 258, 258, 257, 256, 256, 256, 258, 256, 258, 258, 255, 256,
    257, 254, 255, 256, 255, 257, 258, 254, 257, 254, 257, 255, 257, 256,
    257, 257, 258, 255, 258, 257, 254 ]
