%YAML:1.0
---
videoName: "LHShake20.mp4"
gestureLabel: 2
fps: 30
pixelSizeInCmTemp: 3.3732394366197183e-01
faceCenterPointX: 249
faceCenterPointY: 62
LHandPositionsX: [ 314, 312, 313, 314, 312, 316, 315, 313, 315, 318, 318,
    329, 332, 340, 341, 336, 328, 321, 312, 312, 314, 314, 318, 326, 339,
    340, 336, 338, 330, 323, 318, 319, 317, 325, 334, 343, 342, 337, 329,
    325, 325, 324, 323, 327, 332, 329, 331, 330, 326, 319, 321, 322, 320,
    325, 324, 326, 329, 326, 323, 320, 321, 318, 316, 321, 319, 324, 319,
    318, 318, 317, 316, 311, 313, 316, 312, 315, 315, 316, 313, 313, 314,
    313, 312, 312, 316, 315, 313, 313, 315, 314, 315 ]
LHandPositionsY: [ 246, 247, 247, 248, 249, 245, 248, 246, 235, 226, 219,
    205, 191, 177, 173, 165, 159, 157, 162, 163, 159, 156, 148, 147, 145,
    144, 144, 142, 140, 146, 146, 148, 147, 145, 146, 140, 141, 143, 145,
    147, 147, 147, 146, 143, 144, 142, 141, 143, 144, 146, 150, 147, 145,
    141, 137, 137, 137, 134, 138, 145, 142, 143, 145, 145, 147, 148, 159,
    170, 181, 189, 200, 214, 216, 219, 224, 226, 231, 231, 231, 232, 230,
    233, 236, 237, 238, 237, 236, 239, 240, 236, 237 ]
RHandPositionsX: [ 180, 183, 183, 183, 182, 182, 182, 180, 182, 183, 181,
    182, 179, 182, 180, 183, 180, 183, 182, 182, 183, 179, 181, 181, 183,
    180, 183, 182, 180, 180, 180, 182, 182, 182, 183, 179, 183, 181, 183,
    180, 181, 179, 183, 181, 179, 181, 183, 179, 179, 183, 183, 180, 180,
    183, 181, 180, 182, 181, 179, 181, 181, 179, 183, 179, 180, 180, 182,
    181, 180, 180, 183, 182, 181, 183, 179, 182, 181, 181, 180, 181, 178,
    181, 178, 178, 182, 179, 181, 180, 181, 181, 179 ]
RHandPositionsY: [ 254, 254, 255, 254, 253, 257, 256, 254, 255, 255, 256,
    255, 252, 256, 256, 254, 254, 255, 254, 254, 254, 255, 252, 252, 255,
    254, 256, 254, 256, 256, 254, 254, 254, 252, 252, 254, 251, 251, 255,
    252, 255, 255, 253, 253, 255, 254, 252, 253, 253, 255, 252, 251, 255,
    252, 251, 252, 253, 253, 254, 254, 255, 252, 255, 252, 252, 252, 252,
    251, 255, 253, 251, 251, 253, 254, 252, 253, 253, 254, 253, 253, 252,
    253, 254, 252, 251, 253, 252, 253, 251, 255, 251 ]
