%YAML:1.0
---
videoName: "LHShake14.mp4"
gestureLabel: 2
fps: 29
pixelSizeInCmTemp: 3.2808219178082193e-01
faceCenterPointX: 256
faceCenterPointY: 64
LHandPositionsX: [ 350, 354, 350, 356, 367, 379, 390, 388, 387, 382, 372,
    357, 357, 354, 360, 372, 384, 384, 385, 380, 375, 361, 353, 357, 353,
    357, 366, 382, 386, 384, 383, 378, 368, 357, 360, 357, 360, 370, 380,
    380, 383, 376, 371, 363, 361, 358, 358, 365, 371, 376, 376, 378, 372,
    366, 358, 349, 344, 335, 332, 331, 326, 330, 331, 330, 332, 330, 329,
    330, 332, 332, 330, 328, 331, 329, 329, 327, 331, 329, 330, 331, 328,
    331, 329, 327, 327, 328, 329, 328 ]
LHandPositionsY: [ 148, 144, 144, 145, 140, 141, 139, 143, 140, 142, 146,
    150, 146, 146, 145, 143, 141, 139, 140, 139, 140, 145, 144, 146, 145,
    147, 144, 143, 141, 140, 143, 142, 147, 148, 148, 147, 146, 147, 142,
    141, 141, 140, 141, 143, 142, 142, 142, 139, 138, 144, 141, 147, 147,
    154, 158, 169, 179, 190, 200, 209, 222, 232, 236, 236, 243, 244, 247,
    249, 251, 249, 250, 252, 248, 251, 250, 252, 249, 248, 249, 248, 251,
    250, 251, 252, 248, 250, 250, 251 ]
RHandPositionsX: [ 182, 181, 183, 183, 181, 180, 180, 181, 181, 181, 180,
    180, 179, 179, 179, 177, 180, 180, 177, 177, 176, 177, 178, 178, 177,
    177, 177, 179, 178, 179, 177, 176, 176, 177, 179, 178, 178, 175, 178,
    178, 176, 177, 178, 177, 177, 178, 176, 179, 179, 177, 179, 176, 176,
    179, 175, 177, 175, 178, 175, 177, 175, 175, 176, 178, 179, 175, 176,
    179, 179, 179, 179, 176, 178, 177, 179, 177, 177, 175, 176, 179, 178,
    175, 178, 178, 177, 175, 179, 178 ]
RHandPositionsY: [ 277, 276, 277, 277, 276, 278, 278, 275, 278, 277, 277,
    278, 274, 275, 275, 276, 274, 276, 277, 276, 273, 275, 273, 276, 277,
    276, 273, 277, 277, 277, 275, 277, 275, 273, 273, 274, 273, 275, 275,
    277, 275, 275, 275, 277, 275, 274, 276, 273, 276, 277, 276, 275, 273,
    273, 274, 277, 273, 275, 275, 276, 276, 275, 273, 277, 276, 276, 274,
    274, 274, 276, 273, 277, 275, 277, 274, 273, 276, 273, 273, 277, 275,
    273, 273, 275, 274, 275, 273, 275 ]
