%YAML:1.0
---
videoName: "LHShake09.mp4"
gestureLabel: 2
fps: 29
pixelSizeInCmTemp: 3.3263888888888887e-01
faceCenterPointX: 259
faceCenterPointY: 67
LHandPositionsX: [ 336, 337, 340, 338, 342, 346, 351, 353, 353, 356, 360,
    364, 369, 370, 369, 365, 362, 352, 342, 331, 332, 331, 330, 328, 338,
    346, 348, 347, 350, 350, 350, 349, 340, 335, 338, 334, 338, 345, 351,
    362, 366, 365, 368, 361, 355, 343, 337, 336, 336, 337, 341, 347, 353,
    356, 354, 353, 353, 351, 341, 335, 335, 335, 336, 334, 343, 348, 356,
    354, 355, 353, 351, 344, 339, 330, 324, 319, 318, 322, 321, 326, 329,
    328, 332, 331, 334, 334, 333, 334 ]
LHandPositionsY: [ 272, 271, 272, 273, 272, 270, 265, 254, 247, 237, 233,
    216, 199, 200, 182, 172, 166, 161, 160, 157, 157, 159, 158, 155, 151,
    153, 145, 146, 145, 146, 147, 149, 151, 153, 152, 156, 153, 152, 154,
    153, 152, 153, 153, 155, 154, 155, 159, 156, 154, 156, 153, 156, 155,
    150, 152, 149, 149, 153, 152, 153, 155, 150, 155, 155, 151, 152, 153,
    151, 150, 148, 152, 153, 161, 169, 179, 195, 205, 221, 234, 244, 245,
    249, 252, 254, 257, 259, 259, 261 ]
RHandPositionsX: [ 180, 177, 179, 180, 178, 178, 177, 176, 180, 178, 178,
    179, 176, 178, 178, 178, 180, 176, 176, 178, 179, 177, 179, 177, 178,
    179, 176, 178, 177, 178, 176, 177, 180, 180, 177, 179, 179, 179, 176,
    180, 180, 180, 180, 180, 177, 178, 179, 180, 177, 180, 179, 178, 180,
    177, 178, 179, 179, 176, 176, 176, 179, 180, 176, 176, 180, 177, 180,
    179, 176, 178, 179, 176, 177, 178, 176, 176, 176, 180, 176, 176, 178,
    176, 176, 178, 180, 176, 179, 180 ]
RHandPositionsY: [ 279, 275, 276, 279, 277, 278, 279, 275, 278, 275, 275,
    279, 278, 276, 276, 275, 277, 279, 279, 277, 279, 279, 277, 279, 275,
    276, 278, 278, 276, 276, 278, 278, 279, 278, 275, 279, 277, 275, 275,
    275, 275, 275, 279, 277, 276, 278, 276, 278, 276, 277, 277, 279, 279,
    279, 275, 275, 278, 277, 278, 277, 276, 279, 277, 275, 278, 279, 277,
    276, 277, 276, 275, 278, 277, 279, 276, 279, 275, 279, 277, 279, 279,
    277, 277, 275, 276, 278, 276, 277 ]
