%YAML:1.0
---
videoName: "LHShake11.mp4"
gestureLabel: 2
fps: 29
pixelSizeInCmTemp: 3.3732394366197183e-01
faceCenterPointX: 260
faceCenterPointY: 69
LHandPositionsX: [ 386, 388, 387, 376, 365, 353, 348, 351, 348, 346, 357,
    362, 364, 366, 363, 361, 358, 353, 347, 347, 347, 347, 355, 357, 357,
    358, 360, 352, 348, 347, 347, 345, 350, 352, 356, 352, 351, 352, 345,
    342, 338, 341, 339, 340, 346, 355, 357, 358, 355, 356, 350, 344, 339,
    339, 336, 342, 346, 356, 360, 359, 362, 363, 362, 356, 350, 343, 336,
    332, 330, 329, 330, 333, 333, 333, 333, 331, 332, 334, 334, 332, 332,
    331, 335, 334, 331, 331, 335, 331 ]
LHandPositionsY: [ 178, 163, 150, 144, 143, 146, 146, 144, 148, 135, 128,
    129, 128, 125, 129, 128, 132, 138, 143, 140, 144, 133, 130, 130, 132,
    128, 130, 132, 140, 145, 143, 142, 146, 140, 133, 136, 136, 132, 137,
    142, 144, 147, 146, 141, 143, 134, 134, 131, 130, 130, 135, 138, 148,
    144, 149, 146, 143, 139, 135, 138, 138, 142, 148, 155, 165, 177, 193,
    205, 216, 230, 231, 233, 239, 240, 247, 248, 248, 249, 248, 249, 253,
    252, 249, 252, 250, 250, 248, 250 ]
RHandPositionsX: [ 183, 179, 179, 180, 181, 181, 182, 179, 181, 183, 182,
    182, 183, 179, 183, 179, 182, 181, 181, 179, 183, 181, 182, 179, 181,
    183, 179, 181, 180, 181, 183, 179, 182, 182, 181, 181, 179, 183, 181,
    181, 180, 181, 183, 183, 181, 180, 180, 182, 180, 180, 183, 179, 180,
    182, 180, 182, 179, 182, 180, 182, 182, 179, 179, 181, 180, 183, 180,
    180, 179, 183, 183, 183, 183, 182, 180, 181, 180, 180, 183, 179, 180,
    181, 182, 181, 182, 183, 183, 180 ]
RHandPositionsY: [ 274, 276, 273, 277, 276, 277, 277, 274, 277, 277, 277,
    277, 276, 277, 273, 274, 275, 273, 273, 275, 275, 274, 273, 277, 276,
    274, 276, 277, 275, 274, 273, 276, 276, 274, 277, 277, 274, 274, 276,
    273, 275, 273, 273, 275, 277, 276, 274, 277, 273, 275, 277, 274, 276,
    273, 275, 275, 276, 274, 277, 276, 277, 276, 273, 275, 274, 274, 274,
    277, 275, 275, 273, 274, 274, 275, 274, 275, 275, 277, 276, 275, 274,
    276, 274, 276, 274, 275, 276, 274 ]
