%YAML:1.0
---
videoName: "LHShake16.mp4"
gestureLabel: 2
fps: 30
pixelSizeInCmTemp: 3.3732394366197183e-01
faceCenterPointX: 247
faceCenterPointY: 66
LHandPositionsX: [ 324, 325, 323, 326, 327, 336, 345, 353, 363, 371, 382,
    394, 402, 409, 407, 402, 401, 390, 375, 365, 353, 357, 364, 370, 380,
    401, 393, 394, 390, 387, 372, 371, 370, 370, 371, 382, 391, 390, 402,
    397, 387, 373, 369, 367, 363, 368, 376, 386, 398, 408, 398, 387, 374,
    362, 364, 360, 361, 366, 377, 392, 385, 386, 390, 383, 373, 366, 357,
    350, 343, 336, 335, 333, 333, 330, 329, 331, 328, 328, 330, 328, 326,
    328, 328, 326, 327, 327, 327, 324, 325, 326, 327 ]
LHandPositionsY: [ 254, 255, 254, 254, 250, 247, 233, 221, 208, 195, 183,
    166, 153, 150, 140, 137, 122, 116, 118, 114, 119, 117, 124, 115, 114,
    115, 117, 120, 117, 114, 120, 132, 130, 136, 128, 120, 120, 121, 120,
    119, 116, 125, 132, 131, 137, 137, 133, 128, 125, 123, 121, 129, 137,
    143, 145, 143, 147, 145, 133, 129, 128, 128, 125, 132, 144, 151, 161,
    168, 182, 195, 206, 214, 226, 229, 233, 233, 238, 237, 240, 238, 239,
    239, 243, 245, 242, 242, 245, 242, 243, 245, 244 ]
RHandPositionsX: [ 175, 178, 175, 175, 175, 178, 175, 175, 176, 177, 175,
    177, 177, 177, 176, 175, 175, 176, 177, 177, 175, 179, 179, 178, 176,
    179, 177, 175, 177, 178, 178, 178, 175, 179, 175, 175, 177, 177, 177,
    179, 177, 178, 177, 177, 179, 176, 177, 179, 178, 178, 176, 175, 176,
    177, 176, 179, 176, 177, 176, 177, 175, 176, 178, 177, 178, 178, 176,
    179, 177, 176, 179, 175, 178, 175, 178, 175, 178, 177, 176, 175, 178,
    175, 175, 177, 176, 177, 179, 176, 179, 176, 179 ]
RHandPositionsY: [ 258, 260, 262, 258, 259, 261, 260, 262, 261, 259, 258,
    258, 260, 261, 260, 260, 259, 259, 261, 261, 259, 259, 261, 261, 259,
    262, 262, 259, 261, 258, 258, 258, 260, 258, 259, 262, 260, 261, 258,
    258, 258, 259, 262, 261, 258, 258, 259, 261, 262, 259, 261, 262, 259,
    262, 262, 259, 261, 258, 259, 258, 258, 258, 258, 262, 262, 261, 262,
    258, 260, 258, 261, 262, 259, 261, 259, 261, 262, 260, 258, 261, 259,
    258, 262, 260, 260, 259, 259, 258, 262, 259, 259 ]
