%YAML:1.0
---
videoName: "LHShake24.mp4"
gestureLabel: 2
fps: 30
pixelSizeInCmTemp: 3.4214285714285714e-01
faceCenterPointX: 255
faceCenterPointY: 77
LHandPositionsX: [ 326, 327, 327, 329, 327, 329, 329, 327, 331, 333, 332,
    333, 342, 348, 353, 360, 371, 377, 381, 381, 384, 380, 371, 362, 350,
    343, 340, 341, 342, 350, 359, 366, 376, 377, 377, 373, 369, 357, 346,
    337, 342, 340, 344, 354, 366, 365, 366, 368, 363, 352, 344, 337, 341,
    340, 345, 354, 363, 373, 371, 375, 369, 361, 353, 346, 345, 343, 347,
    353, 359, 370, 368, 367, 366, 357, 350, 340, 337, 333, 328, 328, 326,
    325, 325, 327, 327, 327, 328, 325, 326, 325, 325 ]
LHandPositionsY: [ 262, 263, 263, 264, 261, 262, 263, 263, 263, 261, 259,
    256, 245, 238, 224, 207, 196, 185, 172, 169, 160, 154, 152, 152, 156,
    161, 161, 162, 162, 160, 158, 153, 148, 151, 147, 147, 148, 151, 153,
    157, 155, 153, 153, 155, 151, 148, 151, 148, 154, 155, 161, 162, 164,
    162, 160, 163, 160, 158, 160, 155, 158, 158, 160, 162, 161, 164, 162,
    162, 158, 160, 158, 156, 156, 158, 160, 165, 170, 179, 188, 195, 207,
    219, 229, 231, 233, 238, 244, 245, 246, 249, 250 ]
RHandPositionsX: [ 180, 183, 182, 181, 179, 183, 179, 180, 182, 179, 181,
    181, 183, 179, 183, 181, 181, 181, 179, 179, 180, 179, 179, 183, 181,
    179, 181, 180, 182, 182, 182, 181, 179, 181, 179, 182, 181, 181, 182,
    181, 179, 183, 179, 183, 183, 179, 179, 181, 181, 182, 179, 180, 182,
    183, 179, 182, 183, 181, 183, 181, 182, 183, 179, 181, 181, 181, 183,
    179, 183, 180, 181, 182, 180, 182, 182, 181, 182, 179, 181, 181, 179,
    180, 183, 181, 179, 182, 182, 182, 183, 181, 179 ]
RHandPositionsY: [ 271, 271, 270, 269, 270, 268, 269, 269, 268, 267, 269,
    267, 271, 267, 267, 268, 267, 267, 267, 269, 269, 270, 271, 270, 269,
    269, 267, 267, 269, 270, 269, 268, 268, 270, 271, 270, 268, 270, 271,
    271, 271, 270, 271, 267, 270, 269, 267, 269, 271, 268, 268, 271, 269,
    268, 267, 270, 270, 269, 268, 271, 269, 270, 267, 269, 268, 269, 268,
    271, 268, 268, 269, 268, 271, 267, 271, 270, 267, 270, 271, 267, 267,
    270, 270, 271, 271, 270, 268, 271, 267, 269, 270 ]
