%YAML:1.0
---
videoName: "LHShake08.mp4"
gestureLabel: 2
fps: 29
pixelSizeInCmTemp: 3.4710144927536229e-01
faceCenterPointX: 261
faceCenterPointY: 69
LHandPositionsX: [ 339, 343, 345, 347, 349, 344, 357, 362, 370, 373, 372,
    371, 380, 367, 356, 348, 339, 343, 340, 345, 347, 359, 368, 364, 363,
    360, 357, 351, 342, 336, 339, 336, 343, 348, 360, 364, 367, 369, 369,
    363, 352, 344, 335, 335, 338, 336, 341, 351, 356, 357, 358, 356, 356,
    352, 347, 342, 342, 340, 342, 346, 357, 366, 372, 371, 372, 369, 365,
    359, 350, 345, 338, 335, 330, 332, 333, 331, 336, 337, 337, 338, 339,
    335, 336, 336, 338, 337, 335, 335 ]
LHandPositionsY: [ 269, 268, 261, 256, 248, 238, 218, 198, 187, 176, 164,
    157, 145, 145, 146, 146, 148, 153, 152, 148, 148, 143, 140, 140, 141,
    140, 143, 143, 150, 154, 153, 151, 156, 152, 150, 147, 147, 148, 149,
    152, 151, 157, 159, 158, 159, 161, 158, 160, 157, 155, 153, 154, 152,
    155, 159, 160, 161, 163, 160, 157, 155, 149, 144, 146, 144, 145, 151,
    155, 162, 167, 177, 184, 194, 210, 222, 231, 243, 245, 248, 250, 254,
    256, 253, 256, 255, 259, 257, 254 ]
RHandPositionsX: [ 176, 175, 173, 172, 176, 172, 174, 175, 174, 174, 173,
    173, 173, 176, 176, 172, 174, 172, 173, 173, 175, 176, 172, 174, 176,
    176, 173, 174, 175, 175, 176, 173, 175, 177, 174, 175, 176, 177, 176,
    176, 175, 174, 176, 176, 175, 176, 177, 178, 175, 177, 177, 178, 177,
    178, 177, 177, 174, 176, 175, 174, 178, 177, 175, 175, 177, 177, 178,
    174, 177, 175, 176, 176, 176, 175, 177, 177, 174, 177, 175, 178, 176,
    176, 176, 177, 176, 174, 178, 174 ]
RHandPositionsY: [ 276, 274, 275, 275, 274, 276, 273, 276, 276, 274, 273,
    273, 276, 277, 274, 276, 273, 273, 273, 274, 277, 273, 276, 277, 274,
    273, 273, 275, 276, 275, 275, 274, 273, 274, 277, 276, 275, 277, 275,
    273, 274, 276, 274, 275, 277, 275, 274, 277, 274, 274, 277, 277, 274,
    276, 274, 273, 274, 277, 274, 273, 274, 274, 273, 275, 277, 274, 276,
    273, 275, 273, 275, 273, 274, 277, 276, 273, 273, 274, 275, 274, 275,
    274, 274, 274, 275, 277, 273, 275 ]
