%YAML:1.0
---
videoName: "LHShake06.mp4"
gestureLabel: 2
fps: 29
pixelSizeInCmTemp: 3.3732394366197183e-01
faceCenterPointX: 250
faceCenterPointY: 80
LHandPositionsX: [ 383, 384, 386, 387, 386, 381, 376, 370, 368, 370, 373,
    385, 386, 390, 395, 394, 396, 388, 380, 375, 378, 375, 386, 390, 392,
    393, 390, 387, 382, 382, 379, 379, 385, 390, 391, 392, 389, 383, 383,
    380, 379, 382, 383, 389, 390, 390, 386, 386, 381, 379, 381, 385, 385,
    390, 395, 398, 396, 397, 392, 389, 379, 367, 362, 361, 356, 348, 336,
    327, 319, 311, 306, 308, 304, 302, 302, 301, 301, 302, 301, 300, 298,
    298, 301, 301, 301, 302, 300, 302 ]
LHandPositionsY: [ 151, 145, 142, 142, 136, 135, 139, 136, 135, 134, 133,
    131, 129, 128, 126, 129, 130, 131, 131, 132, 134, 133, 132, 129, 130,
    125, 127, 128, 126, 128, 127, 131, 126, 127, 125, 126, 126, 128, 128,
    125, 129, 125, 128, 126, 126, 125, 126, 126, 128, 129, 125, 125, 127,
    121, 124, 121, 121, 122, 126, 129, 131, 139, 148, 149, 161, 174, 190,
    209, 216, 226, 229, 234, 239, 242, 242, 246, 253, 252, 250, 253, 251,
    252, 256, 252, 253, 252, 257, 257 ]
RHandPositionsX: [ 214, 214, 213, 213, 210, 209, 210, 212, 213, 210, 212,
    211, 213, 209, 211, 212, 209, 213, 210, 209, 212, 211, 210, 210, 210,
    213, 211, 211, 209, 212, 210, 209, 210, 208, 208, 211, 210, 208, 211,
    208, 209, 212, 208, 212, 211, 210, 208, 211, 211, 207, 207, 211, 207,
    209, 211, 211, 208, 208, 211, 209, 208, 209, 208, 207, 211, 211, 210,
    208, 211, 211, 211, 212, 210, 208, 212, 209, 209, 211, 212, 210, 208,
    211, 210, 212, 210, 213, 211, 210 ]
RHandPositionsY: [ 269, 271, 272, 267, 271, 269, 270, 270, 269, 271, 267,
    266, 266, 270, 268, 267, 270, 268, 269, 270, 269, 268, 267, 268, 269,
    265, 265, 269, 267, 266, 267, 266, 266, 265, 265, 269, 265, 267, 267,
    268, 268, 266, 265, 266, 268, 267, 268, 268, 267, 265, 265, 267, 267,
    267, 267, 268, 265, 266, 265, 267, 266, 269, 265, 269, 267, 266, 268,
    267, 268, 266, 266, 268, 266, 269, 265, 268, 269, 269, 268, 266, 269,
    265, 269, 266, 265, 268, 269, 265 ]
