%YAML:1.0
---
videoName: "LHShake05.mp4"
gestureLabel: 2
fps: 30
pixelSizeInCmTemp: 3.2364864864864862e-01
faceCenterPointX: 252
faceCenterPointY: 81
LHandPositionsX: [ 293, 291, 292, 293, 291, 291, 292, 296, 295, 294, 292,
    298, 301, 314, 324, 334, 343, 344, 341, 339, 338, 336, 331, 330, 332,
    333, 332, 337, 342, 345, 345, 339, 332, 324, 326, 323, 327, 330, 336,
    338, 336, 328, 320, 320, 319, 323, 329, 333, 336, 337, 332, 330, 326,
    322, 326, 328, 330, 334, 338, 337, 335, 332, 331, 328, 333, 333, 340,
    340, 340, 336, 332, 327, 319, 313, 311, 304, 301, 300, 298, 297, 293,
    293, 293, 292, 293, 291, 295, 293, 292, 292, 295 ]
LHandPositionsY: [ 270, 270, 266, 270, 269, 267, 269, 268, 266, 253, 240,
    227, 214, 201, 185, 176, 163, 163, 158, 154, 155, 152, 153, 156, 154,
    150, 149, 145, 139, 138, 135, 140, 143, 145, 146, 145, 146, 140, 138,
    134, 134, 136, 140, 142, 145, 140, 140, 138, 136, 131, 137, 140, 143,
    142, 145, 144, 140, 139, 138, 139, 138, 143, 143, 142, 144, 140, 141,
    140, 138, 139, 142, 151, 159, 169, 176, 188, 196, 211, 218, 229, 235,
    236, 237, 242, 248, 249, 252, 249, 253, 257, 257 ]
RHandPositionsX: [ 211, 212, 210, 214, 210, 211, 212, 213, 213, 214, 213,
    213, 212, 210, 209, 211, 212, 210, 211, 208, 210, 209, 209, 208, 212,
    211, 210, 211, 211, 206, 206, 210, 207, 210, 208, 207, 208, 210, 207,
    209, 206, 207, 206, 207, 209, 209, 206, 210, 207, 210, 209, 208, 208,
    210, 210, 206, 207, 207, 210, 209, 207, 206, 207, 206, 206, 208, 207,
    207, 206, 208, 208, 207, 208, 209, 207, 210, 207, 210, 207, 208, 209,
    207, 207, 206, 211, 208, 207, 212, 208, 212, 209 ]
RHandPositionsY: [ 265, 265, 265, 264, 264, 263, 265, 263, 266, 263, 263,
    265, 262, 266, 262, 266, 265, 262, 265, 262, 266, 263, 263, 263, 263,
    266, 262, 262, 264, 266, 265, 262, 266, 264, 263, 265, 264, 263, 264,
    265, 263, 261, 265, 262, 265, 264, 261, 263, 265, 264, 264, 262, 265,
    262, 264, 263, 265, 261, 261, 262, 264, 264, 265, 264, 263, 265, 264,
    261, 261, 265, 265, 261, 265, 261, 263, 261, 263, 262, 261, 263, 263,
    265, 263, 261, 262, 264, 262, 264, 261, 262, 262 ]
