%YAML:1.0
---
videoName: "LHShake08.mp4"
gestureLabel: 2
fps: 29
pixelSizeInCmTemp: 3.4710144927536229e-01
faceCenterPointX: 261
faceCenterPointY: 69
LHandPositionsX: [ 339, 341, 343, 344, 353, 348, 353, 364, 370, 374, 375,
    374, 380, 367, 355, 346, 340, 343, 341, 344, 350, 356, 367, 367, 364,
    361, 358, 355, 345, 339, 342, 337, 343, 352, 358, 368, 366, 368, 369,
    360, 354, 346, 339, 337, 338, 337, 340, 347, 355, 360, 359, 360, 356,
    353, 343, 341, 343, 340, 342, 350, 354, 362, 372, 369, 369, 371, 365,
    357, 352, 347, 341, 336, 334, 333, 332, 332, 338, 334, 336, 339, 336,
    335, 337, 338, 338, 338, 337, 337 ]
LHandPositionsY: [ 265, 268, 262, 256, 250, 237, 217, 199, 185, 175, 161,
    157, 145, 142, 145, 148, 150, 152, 153, 150, 148, 147, 139, 140, 140,
    136, 142, 143, 149, 155, 151, 151, 156, 151, 150, 149, 149, 146, 147,
    149, 151, 155, 161, 159, 161, 160, 158, 156, 156, 156, 155, 154, 155,
    157, 162, 160, 158, 159, 160, 160, 155, 151, 148, 144, 144, 147, 150,
    154, 159, 169, 176, 186, 197, 208, 223, 233, 245, 245, 247, 251, 252,
    256, 255, 254, 258, 259, 256, 257 ]
RHandPositionsX: [ 173, 173, 174, 176, 176, 174, 175, 176, 173, 175, 174,
    172, 175, 172, 176, 174, 175, 173, 172, 173, 172, 173, 173, 172, 174,
    173, 175, 174, 175, 172, 176, 175, 177, 177, 176, 177, 176, 175, 174,
    178, 175, 177, 175, 175, 178, 175, 175, 178, 178, 177, 178, 177, 175,
    174, 175, 175, 178, 177, 177, 176, 178, 174, 178, 176, 176, 175, 178,
    176, 176, 176, 176, 178, 177, 175, 177, 178, 177, 177, 177, 175, 175,
    174, 175, 176, 174, 174, 178, 178 ]
RHandPositionsY: [ 275, 274, 274, 275, 276, 276, 274, 275, 273, 273, 276,
    276, 276, 275, 275, 273, 276, 273, 276, 277, 277, 275, 273, 277, 276,
    276, 277, 277, 277, 276, 276, 273, 275, 276, 277, 276, 276, 274, 275,
    273, 276, 273, 273, 273, 273, 273, 275, 274, 273, 277, 274, 274, 274,
    276, 277, 276, 275, 273, 273, 273, 275, 277, 274, 276, 275, 274, 273,
    277, 274, 275, 273, 275, 275, 275, 276, 275, 274, 275, 274, 274, 274,
    273, 273, 276, 277, 277, 274, 276 ]
