%YAML:1.0
---
videoName: "LHShake03.mp4"
gestureLabel: 2
fps: 30
pixelSizeInCmTemp: 3.2808219178082193e-01
faceCenterPointX: 251
faceCenterPointY: 79
LHandPositionsX: [ 344, 345, 352, 354, 354, 357, 351, 349, 335, 328, 315,
    314, 315, 315, 317, 318, 325, 333, 333, 337, 339, 338, 335, 329, 323,
    321, 325, 321, 324, 331, 336, 342, 345, 340, 335, 323, 318, 313, 310,
    312, 315, 319, 327, 331, 336, 333, 334, 327, 325, 324, 325, 328, 330,
    336, 341, 344, 340, 334, 337, 338, 335, 328, 322, 320, 317, 314, 308,
    302, 303, 300, 297, 298, 298, 295, 295, 290, 291, 292, 291, 289, 288,
    291, 292, 289, 287, 285, 285, 286, 284, 287, 286 ]
LHandPositionsY: [ 143, 136, 129, 119, 115, 110, 106, 105, 99, 96, 104,
    107, 102, 102, 98, 95, 93, 87, 86, 85, 85, 88, 89, 89, 88, 90, 92,
    88, 87, 86, 88, 83, 82, 85, 83, 88, 93, 94, 95, 97, 92, 89, 89, 87,
    85, 88, 87, 86, 92, 89, 92, 91, 92, 88, 86, 88, 93, 97, 95, 102, 114,
    129, 144, 154, 168, 176, 185, 194, 206, 212, 222, 220, 223, 226, 234,
    238, 238, 243, 244, 250, 249, 251, 250, 251, 255, 252, 252, 254, 251,
    254, 252 ]
RHandPositionsX: [ 212, 213, 215, 216, 214, 213, 215, 214, 215, 211, 215,
    215, 214, 215, 214, 213, 215, 214, 214, 215, 213, 215, 215, 215, 215,
    213, 215, 211, 215, 213, 214, 212, 215, 212, 212, 213, 213, 213, 213,
    212, 211, 213, 214, 212, 215, 213, 211, 211, 213, 211, 211, 212, 211,
    214, 213, 211, 214, 210, 211, 211, 211, 211, 214, 214, 214, 214, 214,
    211, 212, 213, 212, 210, 210, 211, 213, 213, 211, 214, 213, 210, 212,
    211, 210, 214, 213, 210, 214, 211, 213, 214, 214 ]
RHandPositionsY: [ 255, 257, 257, 256, 253, 256, 252, 253, 256, 252, 252,
    253, 255, 254, 255, 254, 255, 254, 253, 252, 255, 255, 251, 252, 252,
    251, 255, 254, 251, 255, 251, 252, 254, 253, 252, 251, 252, 254, 252,
    253, 255, 254, 253, 252, 255, 252, 251, 254, 254, 255, 255, 255, 252,
    253, 252, 252, 255, 253, 254, 252, 252, 255, 254, 253, 253, 252, 255,
    251, 251, 252, 254, 255, 254, 254, 253, 252, 253, 251, 255, 251, 254,
    253, 252, 254, 255, 252, 254, 253, 255, 251, 255 ]
