%YAML:1.0
---
videoName: "LHShake06.mp4"
gestureLabel: 2
fps: 29
pixelSizeInCmTemp: 3.3732394366197183e-01
faceCenterPointX: 250
faceCenterPointY: 80
LHandPositionsX: [ 384, 386, 388, 386, 382, 378, 373, 370, 372, 369, 375,
    384, 390, 390, 393, 393, 394, 387, 379, 376, 378, 376, 387, 389, 392,
    395, 390, 388, 383, 380, 381, 378, 383, 389, 389, 392, 386, 382, 383,
    382, 383, 383, 383, 390, 393, 391, 388, 382, 379, 377, 379, 382, 388,
    394, 396, 401, 398, 396, 394, 385, 379, 371, 358, 357, 353, 347, 336,
    325, 319, 314, 309, 308, 305, 305, 303, 300, 301, 300, 300, 298, 302,
    302, 298, 301, 300, 299, 302, 301 ]
LHandPositionsY: [ 149, 148, 144, 138, 138, 135, 135, 136, 138, 135, 131,
    129, 130, 126, 127, 129, 131, 133, 131, 133, 133, 134, 130, 130, 130,
    125, 128, 127, 128, 129, 129, 130, 127, 126, 123, 123, 128, 125, 127,
    125, 127, 127, 127, 126, 122, 126, 125, 124, 125, 129, 124, 126, 123,
    125, 120, 120, 121, 126, 125, 125, 130, 136, 147, 151, 160, 173, 189,
    208, 212, 224, 229, 235, 236, 239, 243, 249, 251, 252, 251, 253, 253,
    253, 253, 256, 253, 253, 256, 255 ]
RHandPositionsX: [ 211, 214, 211, 210, 213, 212, 210, 212, 212, 211, 213,
    209, 210, 213, 213, 210, 210, 213, 212, 211, 213, 211, 210, 211, 212,
    211, 209, 209, 213, 212, 208, 210, 209, 208, 208, 210, 209, 212, 209,
    212, 212, 208, 210, 211, 207, 209, 211, 209, 210, 210, 211, 211, 210,
    211, 207, 211, 207, 209, 209, 207, 210, 208, 210, 208, 209, 211, 210,
    210, 207, 209, 209, 211, 210, 208, 209, 210, 208, 212, 209, 209, 212,
    208, 208, 208, 209, 210, 213, 210 ]
RHandPositionsY: [ 270, 270, 271, 267, 270, 267, 270, 269, 269, 269, 267,
    267, 266, 267, 269, 267, 269, 269, 269, 268, 270, 266, 268, 266, 267,
    266, 268, 265, 267, 268, 267, 267, 267, 268, 268, 265, 268, 265, 266,
    268, 267, 265, 266, 269, 269, 266, 266, 266, 265, 269, 265, 268, 269,
    265, 268, 269, 267, 266, 268, 266, 268, 266, 269, 267, 267, 266, 265,
    265, 265, 265, 268, 267, 266, 267, 269, 265, 269, 266, 268, 269, 269,
    269, 267, 265, 266, 267, 265, 269 ]
