%YAML:1.0
---
videoName: "LHShake13.mp4"
gestureLabel: 2
fps: 29
pixelSizeInCmTemp: 3.4214285714285714e-01
faceCenterPointX: 257
faceCenterPointY: 76
LHandPositionsX: [ 325, 327, 324, 323, 324, 325, 324, 326, 325, 326, 330,
    334, 342, 349, 359, 372, 382, 386, 391, 387, 383, 376, 365, 349, 342,
    345, 342, 341, 351, 359, 374, 369, 365, 362, 355, 348, 339, 343, 340,
    349, 359, 366, 368, 367, 361, 349, 344, 348, 343, 347, 354, 363, 363,
    362, 364, 353, 346, 347, 347, 345, 349, 357, 366, 368, 365, 361, 361,
    355, 349, 342, 330, 329, 326, 323, 326, 328, 329, 328, 325, 326, 327,
    327, 328, 325, 325, 325, 324, 328 ]
LHandPositionsY: [ 262, 259, 259, 260, 259, 260, 263, 262, 258, 259, 257,
    245, 239, 225, 211, 199, 184, 173, 163, 156, 150, 149, 153, 155, 159,
    156, 155, 158, 155, 146, 142, 139, 141, 145, 149, 153, 157, 159, 159,
    155, 155, 153, 152, 156, 157, 161, 165, 163, 164, 158, 158, 157, 155,
    158, 156, 159, 164, 165, 165, 161, 160, 159, 157, 155, 152, 146, 148,
    150, 156, 164, 168, 182, 190, 208, 222, 235, 244, 244, 246, 246, 244,
    249, 246, 249, 248, 248, 249, 249 ]
RHandPositionsX: [ 182, 182, 185, 181, 181, 181, 183, 184, 183, 183, 185,
    181, 181, 182, 185, 184, 182, 181, 183, 183, 182, 185, 183, 183, 182,
    181, 181, 185, 184, 185, 183, 184, 183, 183, 183, 185, 181, 185, 182,
    185, 184, 182, 182, 181, 184, 182, 181, 183, 184, 185, 181, 182, 181,
    183, 182, 185, 183, 185, 185, 181, 185, 185, 184, 181, 181, 181, 181,
    181, 181, 184, 185, 184, 183, 183, 181, 182, 183, 182, 184, 181, 185,
    183, 182, 183, 185, 181, 182, 181 ]
RHandPositionsY: [ 271, 270, 269, 271, 267, 271, 268, 270, 268, 267, 271,
    269, 267, 271, 267, 267, 268, 270, 270, 267, 268, 270, 269, 267, 271,
    268, 268, 271, 267, 267, 269, 269, 270, 267, 270, 271, 270, 267, 271,
    271, 270, 268, 269, 269, 267, 271, 269, 269, 271, 270, 270, 271, 267,
    271, 271, 267, 268, 268, 267, 267, 269, 269, 270, 271, 269, 271, 267,
    267, 270, 270, 270, 271, 271, 270, 271, 271, 268, 268, 270, 271, 270,
    267, 267, 268, 269, 267, 268, 269 ]
