%YAML:1.0
---
videoName: "LHShake08.mp4"
gestureLabel: 2
fps: 29
pixelSizeInCmTemp: 3.4710144927536229e-01
faceCenterPointX: 261
faceCenterPointY: 69
LHandPositionsX: [ 338, 341, 344, 347, 351, 345, 354, 364, 371, 372, 374,
    375, 380, 366, 357, 348, 341, 340, 339, 344, 349, 360, 370, 366, 362,
    360, 361, 352, 345, 336, 342, 339, 342, 349, 360, 364, 368, 367, 366,
    362, 351, 346, 335, 335, 335, 338, 339, 348, 358, 358, 356, 356, 357,
    349, 345, 344, 345, 341, 345, 349, 357, 363, 372, 373, 369, 371, 362,
    356, 349, 343, 341, 335, 331, 333, 334, 335, 335, 337, 334, 339, 339,
    335, 335, 336, 339, 335, 337, 337 ]
LHandPositionsY: [ 266, 267, 264, 254, 249, 239, 217, 201, 188, 176, 164,
    156, 142, 144, 145, 147, 149, 152, 153, 149, 150, 145, 137, 138, 137,
    140, 141, 144, 149, 154, 150, 151, 156, 151, 146, 148, 148, 150, 149,
    148, 152, 157, 157, 159, 158, 160, 161, 159, 157, 157, 155, 155, 152,
    156, 161, 162, 158, 159, 163, 158, 155, 148, 144, 144, 147, 145, 147,
    152, 161, 167, 177, 187, 195, 210, 220, 234, 242, 245, 249, 249, 256,
    253, 252, 254, 257, 258, 254, 256 ]
RHandPositionsX: [ 174, 175, 174, 173, 175, 172, 173, 174, 176, 176, 172,
    174, 175, 174, 174, 173, 176, 172, 172, 173, 174, 175, 173, 176, 175,
    175, 173, 172, 175, 173, 176, 173, 176, 174, 176, 177, 173, 173, 175,
    177, 174, 175, 174, 175, 178, 174, 174, 177, 176, 178, 178, 177, 176,
    176, 177, 176, 178, 174, 177, 176, 174, 178, 178, 176, 178, 178, 175,
    178, 174, 178, 177, 178, 176, 176, 177, 174, 177, 176, 176, 175, 176,
    177, 174, 177, 175, 178, 176, 177 ]
RHandPositionsY: [ 273, 274, 275, 274, 275, 274, 275, 277, 273, 276, 276,
    277, 273, 276, 273, 273, 276, 275, 275, 273, 275, 277, 275, 277, 277,
    273, 276, 277, 273, 277, 275, 276, 277, 274, 277, 273, 275, 273, 277,
    274, 276, 273, 277, 276, 276, 277, 273, 274, 276, 276, 274, 274, 273,
    276, 277, 274, 276, 277, 276, 276, 277, 276, 277, 275, 275, 277, 277,
    276, 273, 275, 277, 275, 277, 274, 273, 273, 273, 274, 276, 274, 276,
    273, 276, 274, 275, 273, 273, 277 ]
