%YAML:1.0
---
videoName: "LHShake12.mp4"
gestureLabel: 2
fps: 29
pixelSizeInCmTemp: 3.3263888888888887e-01
faceCenterPointX: 259
faceCenterPointY: 64
LHandPositionsX: [ 369, 359, 350, 349, 344, 346, 351, 363, 376, 381, 379,
    382, 376, 365, 353, 346, 351, 344, 347, 355, 363, 375, 377, 376, 375,
    370, 363, 348, 340, 343, 341, 341, 348, 360, 371, 368, 370, 373, 369,
    357, 350, 341, 346, 342, 347, 354, 363, 371, 367, 370, 364, 356, 348,
    338, 341, 340, 339, 347, 356, 367, 369, 369, 367, 365, 353, 342, 333,
    327, 324, 319, 315, 320, 318, 324, 328, 328, 331, 335, 334, 335, 334,
    333, 334, 337, 336, 337, 337, 337 ]
LHandPositionsY: [ 166, 161, 164, 162, 160, 160, 158, 157, 151, 149, 150,
    150, 153, 153, 154, 159, 157, 159, 154, 152, 151, 145, 145, 148, 144,
    145, 143, 150, 155, 154, 154, 154, 150, 148, 147, 149, 148, 145, 148,
    147, 151, 156, 155, 156, 155, 153, 154, 153, 152, 151, 151, 150, 153,
    156, 155, 157, 155, 154, 148, 146, 144, 146, 146, 147, 149, 153, 159,
    169, 179, 184, 197, 209, 225, 235, 243, 247, 246, 250, 255, 254, 257,
    256, 259, 255, 257, 255, 255, 258 ]
RHandPositionsX: [ 177, 174, 177, 176, 175, 178, 175, 176, 176, 178, 176,
    177, 176, 175, 177, 176, 177, 176, 177, 177, 177, 175, 177, 176, 174,
    174, 176, 177, 176, 178, 177, 174, 178, 174, 177, 177, 177, 177, 177,
    175, 177, 175, 177, 177, 174, 175, 176, 176, 177, 175, 177, 175, 175,
    174, 176, 177, 174, 175, 175, 175, 177, 178, 175, 174, 177, 176, 178,
    178, 176, 176, 175, 176, 175, 176, 174, 174, 175, 176, 177, 178, 175,
    176, 176, 176, 176, 176, 175, 175 ]
RHandPositionsY: [ 272, 274, 274, 274, 275, 272, 275, 275, 275, 271, 275,
    275, 275, 273, 275, 272, 271, 275, 272, 271, 275, 275, 274, 273, 271,
    271, 274, 271, 275, 271, 274, 272, 275, 272, 271, 273, 275, 273, 272,
    271, 273, 271, 275, 272, 275, 272, 272, 275, 275, 273, 274, 274, 274,
    272, 272, 273, 275, 274, 271, 274, 275, 274, 274, 275, 274, 274, 271,
    271, 274, 273, 275, 273, 275, 275, 272, 273, 275, 274, 273, 272, 271,
    274, 272, 272, 275, 274, 272, 274 ]
