%YAML:1.0
---
videoName: "LHShake10.mp4"
gestureLabel: 2
fps: 29
pixelSizeInCmTemp: 3.4214285714285714e-01
faceCenterPointX: 253
faceCenterPointY: 65
LHandPositionsX: [ 336, 334, 336, 336, 337, 336, 344, 349, 353, 356, 368,
    377, 382, 391, 394, 397, 396, 385, 375, 367, 358, 350, 350, 353, 360,
    372, 381, 393, 389, 394, 390, 385, 376, 366, 359, 356, 361, 362, 367,
    374, 373, 374, 371, 371, 369, 365, 354, 346, 342, 347, 346, 355, 360,
    370, 383, 382, 379, 372, 365, 356, 352, 349, 348, 350, 353, 364, 372,
    380, 378, 377, 376, 373, 366, 360, 355, 351, 343, 343, 340, 336, 336,
    338, 336, 335, 335, 335, 334, 337 ]
LHandPositionsY: [ 272, 268, 271, 268, 269, 271, 267, 261, 249, 239, 223,
    208, 194, 179, 166, 154, 144, 137, 135, 141, 145, 148, 146, 147, 149,
    149, 139, 142, 142, 143, 143, 146, 147, 148, 151, 152, 152, 148, 139,
    134, 134, 132, 132, 133, 129, 129, 137, 142, 143, 142, 146, 145, 139,
    142, 140, 140, 141, 146, 144, 149, 153, 152, 152, 152, 150, 148, 149,
    144, 145, 147, 147, 151, 157, 164, 174, 184, 196, 207, 219, 233, 245,
    252, 253, 255, 255, 258, 260, 258 ]
RHandPositionsX: [ 173, 175, 172, 176, 174, 175, 173, 176, 173, 172, 175,
    176, 173, 173, 175, 176, 172, 172, 171, 172, 173, 172, 171, 175, 174,
    172, 172, 171, 175, 172, 175, 171, 171, 173, 174, 174, 173, 174, 172,
    172, 172, 174, 174, 173, 173, 172, 171, 174, 175, 174, 175, 171, 172,
    172, 173, 173, 172, 172, 175, 171, 174, 174, 172, 175, 173, 172, 171,
    171, 171, 175, 171, 172, 172, 175, 171, 171, 171, 172, 175, 171, 175,
    172, 171, 171, 175, 171, 171, 171 ]
RHandPositionsY: [ 274, 276, 278, 277, 277, 274, 275, 276, 277, 275, 278,
    274, 278, 274, 276, 274, 277, 275, 274, 274, 276, 276, 278, 278, 274,
    275, 274, 274, 276, 278, 277, 276, 277, 274, 275, 277, 274, 276, 277,
    274, 278, 274, 277, 276, 276, 277, 275, 278, 277, 276, 274, 274, 274,
    274, 275, 278, 274, 276, 275, 275, 274, 278, 274, 274, 278, 278, 275,
    278, 274, 276, 276, 278, 275, 276, 277, 278, 277, 278, 274, 278, 274,
    278, 278, 278, 276, 277, 278, 278 ]
