%YAML:1.0
---
videoName: "LHShake03.mp4"
gestureLabel: 2
fps: 30
pixelSizeInCmTemp: 3.2808219178082193e-01
faceCenterPointX: 251
faceCenterPointY: 79
LHandPositionsX: [ 343, 346, 352, 357, 357, 358, 352, 347, 337, 327, 316,
    316, 315, 316, 313, 319, 325, 330, 335, 336, 340, 340, 333, 328, 326,
    324, 323, 322, 324, 329, 336, 341, 345, 341, 332, 320, 319, 311, 310,
    314, 313, 323, 327, 334, 335, 334, 333, 327, 323, 321, 324, 326, 330,
    338, 343, 341, 336, 333, 338, 337, 334, 326, 321, 319, 314, 310, 306,
    303, 302, 299, 296, 294, 296, 297, 295, 292, 289, 291, 289, 290, 288,
    290, 290, 286, 289, 285, 287, 284, 287, 286, 283 ]
LHandPositionsY: [ 140, 134, 129, 121, 114, 107, 107, 101, 98, 98, 103,
    107, 105, 99, 99, 93, 89, 89, 86, 85, 81, 86, 89, 88, 86, 89, 89, 90,
    86, 85, 85, 85, 78, 84, 84, 88, 93, 93, 95, 95, 89, 93, 90, 89, 88,
    87, 87, 87, 91, 90, 93, 92, 92, 89, 86, 89, 91, 93, 95, 99, 114, 132,
    142, 156, 167, 178, 185, 198, 206, 215, 221, 220, 227, 228, 233, 238,
    238, 241, 246, 248, 249, 251, 252, 251, 252, 251, 252, 251, 251, 255,
    251 ]
RHandPositionsX: [ 215, 214, 214, 213, 215, 213, 211, 214, 211, 211, 212,
    215, 212, 215, 215, 215, 213, 215, 212, 211, 215, 214, 211, 212, 212,
    215, 213, 213, 213, 214, 211, 212, 212, 214, 211, 213, 213, 212, 214,
    214, 214, 213, 213, 212, 212, 211, 213, 212, 213, 214, 211, 211, 215,
    211, 214, 214, 213, 211, 213, 213, 214, 211, 212, 214, 212, 213, 214,
    213, 213, 213, 212, 212, 210, 212, 214, 210, 210, 211, 212, 211, 211,
    211, 214, 214, 210, 210, 214, 212, 213, 214, 212 ]
RHandPositionsY: [ 256, 255, 254, 258, 254, 252, 254, 255, 255, 253, 253,
    253, 254, 252, 253, 256, 255, 254, 254, 253, 253, 255, 255, 252, 252,
    254, 253, 253, 251, 252, 252, 251, 255, 252, 253, 255, 253, 251, 251,
    252, 254, 255, 254, 255, 252, 251, 255, 255, 253, 255, 254, 252, 253,
    251, 251, 251, 252, 253, 251, 251, 254, 252, 254, 251, 254, 255, 252,
    255, 253, 254, 254, 252, 254, 253, 254, 251, 255, 255, 252, 254, 251,
    253, 253, 251, 252, 252, 254, 254, 254, 251, 254 ]
