%YAML:1.0
---
videoName: "LHShake15.mp4"
gestureLabel: 2
fps: 29
pixelSizeInCmTemp: 3.3263888888888887e-01
faceCenterPointX: 252
faceCenterPointY: 65
LHandPositionsX: [ 329, 331, 329, 329, 331, 330, 327, 328, 331, 328, 334,
    339, 349, 350, 359, 363, 370, 372, 377, 381, 380, 380, 368, 358, 346,
    341, 340, 341, 346, 351, 362, 360, 360, 360, 356, 344, 332, 329, 329,
    337, 344, 355, 355, 353, 353, 355, 351, 332, 330, 328, 328, 343, 350,
    358, 355, 354, 359, 356, 345, 336, 334, 331, 332, 339, 343, 348, 348,
    348, 349, 348, 341, 332, 328, 327, 325, 322, 320, 321, 326, 327, 323,
    328, 325, 326, 327, 325, 325, 328 ]
LHandPositionsY: [ 258, 258, 256, 256, 258, 257, 256, 255, 254, 251, 243,
    231, 213, 203, 186, 170, 157, 135, 123, 119, 116, 107, 105, 104, 103,
    104, 102, 98, 97, 95, 92, 95, 95, 93, 95, 95, 101, 97, 100, 94, 94,
    95, 95, 94, 97, 98, 101, 102, 99, 102, 98, 92, 91, 94, 97, 94, 96,
    99, 103, 99, 102, 100, 98, 98, 100, 100, 102, 101, 102, 103, 107,
    120, 138, 153, 166, 180, 191, 208, 220, 233, 233, 237, 238, 241, 242,
    241, 240, 243 ]
RHandPositionsX: [ 178, 178, 175, 178, 177, 177, 177, 176, 178, 178, 177,
    178, 176, 178, 175, 178, 179, 178, 179, 178, 175, 179, 177, 175, 178,
    175, 178, 178, 179, 178, 177, 177, 177, 179, 179, 175, 175, 178, 175,
    175, 175, 179, 175, 177, 176, 176, 175, 175, 175, 178, 176, 175, 176,
    175, 175, 179, 179, 177, 177, 179, 175, 175, 178, 178, 179, 176, 179,
    177, 175, 176, 179, 178, 179, 178, 176, 175, 175, 175, 176, 177, 175,
    179, 178, 178, 179, 179, 175, 179 ]
RHandPositionsY: [ 257, 260, 260, 261, 260, 259, 261, 259, 260, 259, 261,
    258, 261, 257, 257, 258, 261, 261, 257, 260, 260, 261, 261, 258, 258,
    258, 258, 258, 260, 259, 257, 260, 259, 257, 260, 259, 259, 260, 259,
    260, 260, 261, 259, 258, 259, 258, 257, 259, 260, 259, 259, 259, 259,
    261, 258, 259, 258, 261, 258, 259, 258, 261, 261, 259, 257, 258, 259,
    261, 261, 260, 258, 258, 260, 259, 261, 257, 260, 260, 258, 260, 258,
    258, 257, 259, 260, 259, 257, 259 ]
