%YAML:1.0
---
videoName: "LHShake21.mp4"
gestureLabel: 2
fps: 29
pixelSizeInCmTemp: 3.4214285714285714e-01
faceCenterPointX: 266
faceCenterPointY: 79
LHandPositionsX: [ 347, 351, 363, 371, 382, 395, 400, 405, 420, 414, 416,
    402, 389, 379, 372, 378, 372, 379, 387, 401, 400, 396, 396, 392, 385,
    373, 368, 374, 373, 371, 378, 394, 389, 388, 384, 382, 376, 369, 368,
    365, 367, 372, 377, 388, 389, 385, 396, 390, 383, 375, 363, 365, 365,
    370, 373, 377, 383, 384, 383, 387, 384, 380, 374, 367, 356, 348, 346,
    338, 336, 334, 336, 334, 336, 332, 332, 334, 332, 332, 333, 333, 331,
    330, 332, 333, 330, 332, 333, 329 ]
LHandPositionsY: [ 270, 262, 243, 228, 210, 191, 182, 169, 151, 153, 137,
    135, 131, 133, 131, 134, 129, 129, 128, 131, 132, 129, 129, 134, 137,
    133, 144, 141, 144, 138, 135, 132, 135, 135, 132, 137, 135, 144, 147,
    147, 148, 144, 140, 137, 139, 140, 137, 137, 141, 150, 150, 154, 151,
    154, 151, 146, 143, 141, 140, 148, 156, 161, 168, 179, 188, 204, 212,
    227, 235, 239, 240, 246, 250, 248, 250, 253, 252, 254, 253, 251, 251,
    253, 250, 253, 253, 252, 253, 253 ]
RHandPositionsX: [ 186, 188, 187, 186, 187, 186, 187, 188, 185, 187, 184,
    184, 186, 188, 187, 186, 188, 188, 185, 184, 187, 187, 188, 187, 187,
    185, 189, 184, 188, 188, 185, 185, 186, 187, 184, 187, 187, 187, 185,
    185, 185, 185, 187, 187, 184, 188, 185, 185, 187, 187, 184, 186, 186,
    187, 187, 187, 185, 184, 186, 188, 185, 186, 187, 185, 184, 187, 188,
    186, 185, 186, 187, 184, 186, 188, 185, 186, 188, 188, 188, 187, 187,
    188, 187, 184, 188, 185, 186, 185 ]
RHandPositionsY: [ 269, 265, 266, 268, 268, 267, 269, 265, 268, 269, 269,
    267, 269, 268, 268, 269, 267, 265, 266, 265, 266, 265, 269, 268, 268,
    266, 265, 268, 269, 266, 268, 266, 265, 265, 268, 265, 265, 266, 268,
    268, 267, 265, 266, 268, 267, 269, 268, 266, 268, 265, 265, 268, 269,
    266, 265, 265, 268, 268, 267, 266, 267, 265, 269, 269, 266, 267, 267,
    268, 268, 266, 267, 265, 269, 265, 269, 265, 266, 265, 266, 266, 267,
    266, 268, 267, 266, 268, 267, 269 ]
