%YAML:1.0
---
videoName: "LHShake24.mp4"
gestureLabel: 2
fps: 30
pixelSizeInCmTemp: 3.4214285714285714e-01
faceCenterPointX: 255
faceCenterPointY: 77
LHandPositionsX: [ 328, 330, 328, 329, 330, 328, 328, 329, 331, 331, 330,
    332, 342, 349, 350, 359, 367, 375, 383, 381, 382, 378, 372, 361, 347,
    343, 340, 342, 341, 351, 359, 366, 378, 376, 375, 377, 367, 356, 344,
    338, 343, 339, 345, 355, 364, 365, 365, 369, 363, 354, 342, 340, 340,
    341, 345, 355, 363, 374, 370, 371, 367, 364, 353, 343, 345, 346, 347,
    353, 359, 369, 367, 366, 366, 361, 350, 341, 336, 335, 328, 328, 324,
    324, 325, 328, 327, 326, 326, 327, 328, 325, 324 ]
LHandPositionsY: [ 264, 264, 261, 264, 264, 262, 261, 263, 263, 260, 257,
    255, 247, 238, 223, 209, 194, 182, 173, 173, 162, 154, 151, 152, 156,
    162, 163, 161, 162, 163, 159, 151, 147, 149, 149, 146, 145, 148, 153,
    155, 155, 155, 154, 154, 152, 152, 149, 152, 152, 156, 158, 163, 164,
    165, 160, 159, 160, 156, 159, 153, 154, 160, 158, 164, 163, 163, 160,
    161, 162, 158, 158, 159, 159, 157, 161, 162, 168, 179, 188, 195, 208,
    217, 231, 231, 233, 241, 245, 246, 247, 245, 250 ]
RHandPositionsX: [ 183, 180, 181, 180, 179, 180, 182, 180, 183, 181, 183,
    179, 181, 179, 182, 181, 182, 180, 182, 179, 179, 182, 181, 183, 183,
    181, 183, 179, 179, 181, 180, 179, 183, 181, 180, 180, 180, 183, 180,
    179, 182, 179, 181, 180, 181, 182, 183, 179, 181, 182, 183, 179, 180,
    182, 179, 183, 180, 182, 182, 182, 182, 182, 180, 183, 183, 182, 181,
    180, 179, 182, 181, 182, 179, 182, 180, 182, 183, 179, 179, 182, 180,
    182, 181, 180, 181, 183, 179, 183, 183, 181, 182 ]
RHandPositionsY: [ 270, 271, 270, 268, 269, 267, 267, 268, 270, 270, 271,
    268, 267, 267, 271, 267, 267, 270, 269, 267, 270, 268, 271, 269, 270,
    267, 269, 269, 270, 271, 270, 270, 268, 269, 268, 267, 268, 270, 268,
    267, 268, 270, 271, 268, 269, 271, 269, 270, 267, 270, 270, 270, 271,
    271, 267, 270, 269, 270, 268, 271, 267, 271, 268, 267, 267, 270, 269,
    267, 269, 268, 269, 267, 270, 267, 268, 271, 267, 270, 268, 268, 268,
    271, 270, 267, 268, 271, 271, 268, 267, 270, 267 ]
