%YAML:1.0
---
videoName: "LHShake12.mp4"
gestureLabel: 2
fps: 29
pixelSizeInCmTemp: 3.3263888888888887e-01
faceCenterPointX: 259
faceCenterPointY: 64
LHandPositionsX: [ 369, 355, 349, 347, 345, 346, 354, 361, 376, 383, 383,
    380, 374, 366, 352, 345, 348, 347, 348, 353, 367, 377, 374, 377, 375,
    373, 359, 349, 343, 342, 340, 340, 351, 362, 372, 372, 373, 375, 367,
    360, 348, 343, 344, 340, 348, 353, 365, 371, 366, 369, 368, 356, 346,
    342, 339, 336, 342, 349, 355, 366, 367, 366, 366, 361, 351, 341, 333,
    328, 322, 316, 316, 317, 316, 327, 328, 332, 332, 333, 336, 336, 333,
    337, 333, 337, 336, 337, 337, 337 ]
LHandPositionsY: [ 164, 165, 164, 163, 162, 157, 157, 157, 152, 150, 150,
    152, 151, 155, 154, 157, 159, 158, 154, 152, 150, 145, 146, 149, 142,
    143, 143, 147, 152, 153, 156, 152, 149, 147, 146, 146, 147, 148, 144,
    147, 153, 159, 156, 154, 157, 155, 150, 152, 149, 149, 149, 150, 151,
    159, 155, 157, 154, 154, 147, 143, 143, 146, 143, 147, 147, 153, 162,
    170, 178, 187, 199, 210, 224, 237, 245, 244, 247, 251, 252, 258, 254,
    256, 259, 255, 257, 258, 257, 259 ]
RHandPositionsX: [ 175, 177, 178, 178, 175, 178, 175, 174, 178, 176, 178,
    176, 176, 175, 174, 176, 174, 176, 176, 176, 176, 176, 178, 177, 176,
    176, 177, 175, 177, 176, 175, 177, 174, 177, 175, 177, 177, 178, 177,
    174, 174, 177, 174, 178, 177, 178, 175, 176, 177, 174, 175, 174, 178,
    177, 175, 177, 176, 177, 178, 174, 178, 174, 175, 175, 175, 177, 175,
    175, 177, 176, 177, 177, 178, 174, 177, 174, 178, 175, 177, 177, 177,
    175, 175, 174, 176, 176, 174, 174 ]
RHandPositionsY: [ 271, 273, 274, 273, 275, 272, 274, 271, 271, 271, 272,
    273, 274, 272, 273, 271, 275, 272, 271, 271, 273, 272, 271, 271, 273,
    273, 274, 274, 275, 271, 274, 271, 272, 275, 271, 275, 271, 272, 271,
    274, 275, 275, 273, 271, 271, 274, 275, 275, 275, 273, 274, 273, 274,
    274, 275, 272, 272, 272, 274, 275, 271, 274, 271, 274, 274, 273, 272,
    271, 275, 271, 271, 271, 274, 273, 274, 273, 274, 274, 275, 275, 272,
    272, 274, 273, 275, 271, 272, 272 ]
