%YAML:1.0
---
videoName: "LHShake15.mp4"
gestureLabel: 2
fps: 29
pixelSizeInCmTemp: 3.3263888888888887e-01
faceCenterPointX: 252
faceCenterPointY: 65
LHandPositionsX: [ 330, 327, 327, 329, 329, 330, 328, 329, 334, 330, 337,
    343, 349, 351, 357, 361, 371, 372, 381, 380, 379, 379, 366, 357, 349,
    341, 344, 341, 348, 354, 363, 362, 359, 363, 356, 345, 330, 330, 330,
    337, 345, 352, 354, 354, 349, 354, 349, 333, 327, 329, 330, 342, 353,
    358, 352, 351, 359, 355, 344, 338, 335, 330, 334, 342, 344, 349, 350,
    348, 347, 350, 342, 332, 326, 323, 323, 323, 322, 324, 325, 324, 323,
    328, 328, 325, 328, 324, 328, 327 ]
LHandPositionsY: [ 255, 256, 256, 258, 257, 256, 254, 256, 255, 251, 242,
    231, 215, 202, 184, 173, 155, 136, 123, 121, 118, 106, 101, 104, 105,
    105, 102, 99, 99, 95, 93, 95, 95, 93, 95, 95, 97, 97, 98, 98, 98, 95,
    94, 95, 95, 100, 101, 100, 103, 99, 95, 96, 92, 94, 97, 94, 98, 100,
    99, 102, 100, 102, 99, 96, 101, 103, 98, 101, 100, 99, 104, 122, 135,
    152, 165, 177, 193, 206, 221, 230, 233, 235, 238, 240, 239, 237, 239,
    244 ]
RHandPositionsX: [ 176, 177, 179, 178, 179, 178, 177, 177, 179, 176, 176,
    177, 175, 178, 177, 176, 179, 177, 178, 178, 175, 179, 177, 176, 176,
    175, 177, 177, 179, 177, 176, 176, 179, 179, 178, 175, 179, 178, 175,
    179, 179, 177, 175, 177, 176, 176, 175, 176, 178, 176, 179, 178, 177,
    177, 179, 178, 175, 175, 179, 177, 178, 179, 177, 179, 179, 175, 175,
    178, 177, 177, 178, 178, 179, 179, 178, 176, 176, 178, 179, 175, 179,
    179, 176, 175, 179, 179, 176, 175 ]
RHandPositionsY: [ 261, 259, 258, 261, 259, 259, 258, 258, 259, 261, 257,
    260, 259, 261, 260, 258, 257, 257, 260, 257, 259, 258, 258, 259, 258,
    261, 259, 258, 258, 258, 259, 258, 257, 260, 257, 260, 259, 261, 261,
    259, 259, 259, 259, 258, 260, 258, 257, 260, 258, 261, 259, 261, 261,
    258, 261, 257, 261, 259, 258, 260, 257, 260, 257, 260, 258, 260, 260,
    260, 257, 258, 257, 260, 259, 261, 258, 258, 261, 260, 259, 260, 259,
    257, 260, 261, 260, 259, 259, 257 ]
