%YAML:1.0
---
videoName: "LHShake03.mp4"
gestureLabel: 2
fps: 30
pixelSizeInCmTemp: 3.2808219178082193e-01
faceCenterPointX: 251
faceCenterPointY: 79
LHandPositionsX: [ 341, 347, 350, 355, 358, 355, 355, 348, 336, 325, 313,
    317, 314, 316, 313, 319, 327, 334, 336, 333, 342, 337, 334, 328, 327,
    321, 323, 323, 326, 329, 334, 342, 341, 341, 335, 322, 318, 312, 311,
    314, 315, 323, 326, 330, 336, 333, 334, 329, 324, 322, 325, 329, 334,
    336, 345, 345, 337, 337, 339, 336, 338, 329, 320, 320, 315, 310, 305,
    305, 299, 297, 295, 297, 298, 294, 294, 293, 293, 289, 291, 291, 292,
    291, 291, 288, 289, 286, 285, 285, 287, 285, 287 ]
LHandPositionsY: [ 139, 136, 128, 121, 113, 110, 107, 104, 99, 98, 104,
    106, 103, 100, 95, 94, 89, 90, 87, 86, 85, 86, 88, 89, 86, 90, 89,
    91, 88, 88, 85, 82, 78, 84, 87, 90, 91, 96, 94, 95, 91, 89, 92, 89,
    87, 89, 86, 89, 89, 91, 92, 92, 89, 87, 88, 90, 90, 95, 99, 99, 115,
    132, 143, 154, 168, 176, 184, 194, 205, 212, 224, 220, 226, 226, 233,
    234, 242, 243, 244, 248, 247, 247, 248, 251, 256, 251, 252, 252, 253,
    255, 254 ]
RHandPositionsX: [ 216, 216, 213, 213, 216, 212, 211, 215, 213, 213, 213,
    211, 215, 211, 214, 215, 214, 214, 214, 211, 214, 213, 214, 211, 213,
    211, 213, 215, 211, 214, 215, 214, 213, 212, 214, 211, 212, 215, 215,
    215, 211, 211, 213, 215, 211, 212, 213, 213, 211, 212, 211, 212, 213,
    214, 215, 214, 211, 214, 211, 214, 210, 214, 213, 212, 211, 214, 214,
    212, 212, 213, 212, 214, 210, 212, 213, 214, 213, 211, 214, 212, 212,
    214, 214, 212, 212, 214, 214, 210, 213, 211, 213 ]
RHandPositionsY: [ 259, 258, 256, 254, 254, 252, 256, 252, 254, 255, 255,
    256, 253, 253, 254, 255, 254, 255, 255, 255, 255, 255, 255, 252, 254,
    251, 252, 253, 253, 253, 251, 255, 253, 255, 253, 252, 255, 251, 255,
    252, 254, 254, 253, 253, 254, 255, 255, 255, 251, 253, 254, 251, 253,
    253, 251, 255, 252, 253, 253, 253, 253, 253, 251, 252, 255, 253, 253,
    251, 255, 254, 254, 255, 252, 255, 254, 254, 253, 252, 255, 255, 254,
    252, 253, 254, 252, 253, 252, 254, 255, 253, 254 ]
