%YAML:1.0
---
videoName: "LHShake06.mp4"
gestureLabel: 2
fps: 29
pixelSizeInCmTemp: 3.3732394366197183e-01
faceCenterPointX: 250
faceCenterPointY: 80
LHandPositionsX: [ 382, 384, 388, 388, 383, 378, 375, 372, 372, 371, 373,
    386, 388, 393, 396, 397, 396, 389, 377, 377, 378, 375, 386, 390, 390,
    395, 389, 388, 383, 379, 381, 378, 383, 387, 388, 392, 388, 382, 380,
    380, 381, 381, 384, 389, 390, 392, 389, 385, 380, 379, 378, 381, 385,
    393, 395, 398, 400, 394, 390, 385, 378, 370, 361, 359, 352, 348, 336,
    326, 320, 311, 305, 306, 306, 304, 304, 302, 302, 301, 301, 302, 301,
    300, 302, 299, 299, 300, 298, 300 ]
LHandPositionsY: [ 152, 149, 142, 139, 140, 139, 139, 139, 139, 136, 134,
    127, 129, 130, 126, 129, 130, 133, 133, 132, 134, 134, 131, 128, 130,
    129, 129, 126, 130, 128, 130, 129, 129, 127, 123, 124, 127, 128, 125,
    125, 128, 126, 125, 124, 125, 124, 125, 125, 127, 125, 126, 127, 125,
    123, 124, 124, 120, 125, 124, 129, 130, 138, 147, 149, 163, 176, 193,
    207, 216, 223, 228, 233, 235, 242, 245, 247, 251, 249, 249, 254, 251,
    252, 253, 253, 254, 253, 257, 258 ]
RHandPositionsX: [ 213, 211, 213, 209, 209, 210, 212, 212, 210, 209, 209,
    210, 213, 209, 210, 211, 209, 211, 210, 211, 212, 211, 210, 213, 209,
    209, 210, 209, 212, 211, 210, 212, 208, 208, 209, 212, 212, 208, 208,
    208, 211, 209, 210, 211, 211, 210, 207, 208, 207, 211, 210, 207, 208,
    207, 209, 210, 207, 210, 211, 210, 211, 207, 207, 207, 208, 209, 208,
    211, 210, 211, 208, 211, 208, 208, 208, 211, 209, 211, 208, 208, 211,
    212, 212, 211, 212, 209, 210, 211 ]
RHandPositionsY: [ 268, 272, 269, 271, 268, 271, 270, 267, 269, 269, 267,
    270, 270, 270, 267, 270, 268, 267, 270, 269, 268, 269, 266, 267, 266,
    265, 269, 265, 265, 265, 267, 265, 268, 265, 265, 268, 265, 266, 269,
    265, 265, 268, 267, 267, 265, 268, 268, 269, 265, 265, 269, 265, 267,
    268, 267, 268, 268, 265, 265, 267, 268, 266, 267, 268, 269, 265, 266,
    265, 269, 267, 265, 267, 267, 267, 266, 267, 267, 266, 266, 265, 266,
    267, 265, 266, 265, 268, 266, 267 ]
