%YAML:1.0
---
videoName: "LHShake17.mp4"
gestureLabel: 2
fps: 30
pixelSizeInCmTemp: 3.3732394366197183e-01
faceCenterPointX: 248
faceCenterPointY: 64
LHandPositionsX: [ 322, 324, 324, 324, 322, 323, 325, 324, 327, 334, 346,
    352, 366, 376, 389, 399, 405, 408, 400, 390, 375, 359, 353, 352, 350,
    355, 371, 378, 376, 383, 376, 365, 354, 347, 344, 349, 358, 365, 366,
    368, 364, 364, 355, 349, 349, 353, 365, 370, 377, 374, 376, 368, 363,
    350, 346, 349, 348, 356, 363, 364, 363, 366, 367, 357, 351, 344, 339,
    339, 335, 335, 334, 334, 329, 332, 330, 329, 329, 329, 328, 324, 325,
    326, 325, 323, 324, 323, 323, 324, 324, 324, 324 ]
LHandPositionsY: [ 251, 251, 248, 250, 247, 250, 247, 244, 245, 230, 217,
    200, 187, 175, 160, 146, 132, 122, 115, 113, 124, 131, 137, 136, 139,
    136, 122, 119, 119, 117, 120, 129, 134, 138, 138, 137, 124, 115, 117,
    119, 120, 115, 126, 132, 132, 134, 122, 121, 124, 121, 119, 123, 129,
    137, 141, 139, 138, 126, 125, 124, 125, 121, 119, 127, 138, 142, 153,
    163, 171, 180, 197, 207, 221, 222, 223, 227, 232, 237, 235, 233, 235,
    236, 236, 236, 237, 236, 236, 239, 239, 237, 235 ]
RHandPositionsX: [ 177, 176, 177, 176, 179, 177, 176, 180, 179, 176, 180,
    178, 178, 179, 177, 180, 177, 178, 178, 179, 179, 179, 178, 176, 177,
    180, 177, 177, 176, 177, 175, 178, 178, 176, 179, 176, 179, 175, 174,
    175, 177, 174, 176, 175, 174, 178, 178, 177, 178, 176, 174, 175, 175,
    175, 174, 175, 177, 178, 177, 176, 174, 174, 176, 176, 175, 177, 174,
    174, 176, 176, 175, 174, 174, 174, 174, 176, 178, 178, 175, 175, 175,
    178, 178, 176, 178, 178, 175, 174, 177, 175, 178 ]
RHandPositionsY: [ 259, 258, 259, 257, 256, 259, 257, 257, 256, 260, 258,
    257, 260, 258, 258, 256, 256, 256, 260, 258, 258, 257, 259, 256, 260,
    259, 260, 258, 257, 256, 259, 257, 256, 259, 256, 259, 260, 257, 257,
    257, 260, 260, 260, 260, 256, 256, 260, 257, 256, 256, 256, 258, 256,
    260, 259, 257, 260, 258, 258, 260, 256, 260, 256, 257, 256, 256, 259,
    256, 256, 260, 259, 256, 256, 258, 258, 260, 259, 256, 260, 257, 258,
    259, 258, 260, 259, 257, 258, 258, 258, 258, 260 ]
