%YAML:1.0
---
videoName: "LHShake22.mp4"
gestureLabel: 2
fps: 29
pixelSizeInCmTemp: 3.5220588235294115e-01
faceCenterPointX: 261
faceCenterPointY: 79
LHandPositionsX: [ 337, 342, 351, 353, 356, 357, 356, 356, 347, 335, 327,
    321, 321, 320, 318, 321, 332, 340, 343, 345, 346, 341, 336, 329, 321,
    322, 322, 325, 329, 336, 344, 341, 344, 336, 328, 323, 316, 315, 318,
    324, 328, 336, 335, 337, 335, 328, 327, 322, 320, 322, 321, 329, 336,
    344, 345, 341, 343, 334, 324, 321, 319, 317, 318, 325, 331, 335, 336,
    334, 335, 333, 327, 324, 323, 319, 321, 322, 325, 325, 324, 325, 325,
    323, 327, 326, 327, 326, 323, 325 ]
LHandPositionsY: [ 262, 254, 244, 239, 233, 219, 209, 206, 193, 188, 188,
    183, 186, 183, 181, 179, 179, 178, 173, 171, 171, 172, 174, 176, 176,
    180, 178, 176, 177, 175, 171, 173, 172, 174, 177, 179, 183, 184, 185,
    185, 179, 175, 176, 176, 175, 176, 176, 180, 181, 180, 182, 182, 177,
    177, 175, 177, 178, 177, 178, 180, 181, 181, 180, 180, 180, 177, 177,
    178, 183, 190, 193, 201, 209, 221, 228, 242, 242, 243, 249, 248, 246,
    247, 251, 249, 248, 249, 248, 249 ]
RHandPositionsX: [ 189, 190, 192, 191, 191, 193, 192, 193, 193, 192, 190,
    192, 190, 192, 190, 190, 192, 192, 189, 189, 193, 190, 189, 189, 191,
    192, 189, 193, 190, 189, 193, 189, 192, 189, 193, 191, 189, 189, 189,
    193, 190, 193, 190, 192, 193, 192, 192, 190, 192, 193, 191, 192, 190,
    191, 191, 193, 192, 193, 190, 191, 190, 190, 192, 192, 193, 192, 190,
    189, 192, 190, 192, 190, 192, 190, 193, 189, 189, 189, 192, 190, 190,
    192, 190, 193, 193, 191, 193, 192 ]
RHandPositionsY: [ 268, 267, 269, 270, 267, 269, 268, 270, 269, 267, 267,
    268, 266, 268, 269, 267, 270, 270, 268, 266, 267, 267, 267, 269, 266,
    270, 267, 268, 269, 267, 266, 266, 270, 269, 266, 267, 267, 266, 270,
    266, 266, 269, 266, 269, 269, 268, 268, 266, 267, 268, 268, 266, 267,
    266, 270, 268, 266, 269, 266, 269, 266, 270, 270, 267, 268, 266, 266,
    270, 267, 266, 270, 267, 269, 266, 269, 268, 267, 268, 268, 269, 268,
    267, 267, 266, 270, 270, 266, 266 ]
