%YAML:1.0
---
videoName: "LHShake06.mp4"
gestureLabel: 2
fps: 29
pixelSizeInCmTemp: 3.3732394366197183e-01
faceCenterPointX: 250
faceCenterPointY: 80
LHandPositionsX: [ 381, 387, 385, 384, 385, 378, 375, 371, 372, 369, 373,
    384, 387, 390, 397, 396, 393, 386, 377, 377, 378, 376, 385, 389, 394,
    395, 389, 387, 384, 380, 379, 381, 386, 387, 391, 389, 386, 382, 379,
    382, 381, 384, 384, 389, 390, 388, 390, 385, 381, 381, 381, 383, 387,
    393, 395, 400, 399, 394, 392, 387, 380, 371, 360, 359, 353, 347, 339,
    326, 319, 312, 306, 305, 304, 303, 301, 300, 302, 303, 300, 298, 302,
    301, 301, 298, 298, 302, 299, 298 ]
LHandPositionsY: [ 149, 147, 144, 138, 136, 137, 137, 139, 135, 136, 130,
    130, 130, 127, 126, 130, 128, 130, 135, 136, 135, 134, 130, 130, 128,
    126, 126, 128, 129, 129, 129, 131, 129, 128, 127, 124, 128, 126, 129,
    129, 129, 129, 127, 126, 122, 124, 123, 124, 127, 125, 126, 127, 124,
    125, 122, 122, 120, 124, 125, 129, 130, 137, 144, 150, 160, 173, 192,
    209, 215, 226, 229, 236, 236, 243, 246, 246, 252, 249, 250, 251, 254,
    254, 256, 255, 255, 252, 255, 255 ]
RHandPositionsX: [ 214, 210, 211, 211, 210, 213, 211, 211, 213, 213, 212,
    212, 212, 210, 211, 210, 212, 213, 210, 213, 213, 210, 211, 209, 213,
    210, 211, 210, 212, 212, 211, 212, 212, 212, 211, 210, 209, 209, 211,
    211, 208, 209, 212, 211, 210, 208, 209, 209, 209, 210, 211, 209, 207,
    209, 209, 211, 210, 209, 211, 208, 211, 210, 208, 209, 207, 207, 209,
    210, 208, 208, 210, 210, 211, 208, 212, 208, 210, 211, 211, 208, 209,
    208, 212, 211, 209, 213, 212, 213 ]
RHandPositionsY: [ 271, 270, 271, 271, 271, 268, 268, 270, 267, 267, 268,
    270, 266, 269, 269, 268, 269, 267, 267, 270, 269, 268, 266, 265, 265,
    265, 267, 267, 265, 267, 269, 268, 266, 265, 268, 269, 265, 266, 268,
    268, 267, 268, 269, 267, 268, 268, 266, 267, 266, 268, 268, 269, 268,
    267, 265, 267, 265, 269, 267, 265, 267, 267, 268, 267, 265, 265, 267,
    266, 265, 266, 268, 265, 267, 269, 269, 269, 268, 268, 265, 269, 265,
    269, 265, 268, 266, 267, 266, 266 ]
