%YAML:1.0
---
videoName: "LHShake11.mp4"
gestureLabel: 2
fps: 29
pixelSizeInCmTemp: 3.3732394366197183e-01
faceCenterPointX: 260
faceCenterPointY: 69
LHandPositionsX: [ 384, 385, 383, 374, 364, 353, 349, 350, 348, 347, 353,
    359, 365, 363, 362, 365, 355, 350, 344, 350, 346, 350, 353, 360, 359,
    358, 359, 353, 350, 348, 346, 345, 350, 352, 352, 355, 353, 353, 348,
    344, 339, 340, 340, 342, 345, 355, 355, 357, 353, 356, 352, 343, 338,
    339, 336, 339, 348, 354, 358, 359, 360, 363, 359, 355, 352, 342, 337,
    333, 330, 331, 331, 330, 333, 332, 333, 333, 335, 333, 331, 335, 334,
    332, 333, 332, 332, 332, 333, 332 ]
LHandPositionsY: [ 178, 162, 153, 141, 145, 143, 147, 147, 145, 138, 130,
    128, 125, 125, 127, 128, 134, 139, 142, 143, 144, 134, 131, 129, 128,
    129, 130, 132, 141, 145, 141, 144, 144, 138, 134, 135, 135, 132, 136,
    139, 145, 146, 146, 142, 143, 133, 131, 131, 131, 131, 136, 141, 147,
    146, 149, 146, 142, 138, 135, 136, 139, 144, 147, 156, 167, 177, 193,
    204, 215, 229, 231, 232, 238, 242, 246, 248, 247, 249, 247, 252, 249,
    251, 251, 252, 249, 252, 250, 248 ]
RHandPositionsX: [ 179, 181, 183, 182, 179, 179, 183, 182, 180, 183, 181,
    180, 180, 179, 181, 180, 179, 181, 183, 179, 181, 182, 180, 179, 180,
    180, 179, 181, 180, 179, 182, 183, 181, 180, 181, 180, 182, 180, 181,
    179, 180, 179, 181, 181, 183, 183, 180, 183, 183, 179, 183, 181, 180,
    181, 180, 182, 181, 181, 180, 182, 179, 181, 182, 182, 181, 182, 181,
    180, 182, 180, 183, 179, 179, 183, 181, 183, 181, 182, 181, 179, 181,
    180, 183, 180, 180, 180, 179, 181 ]
RHandPositionsY: [ 276, 276, 273, 277, 273, 277, 273, 275, 275, 276, 276,
    277, 275, 275, 273, 277, 275, 276, 274, 277, 273, 273, 276, 273, 277,
    274, 275, 276, 274, 273, 275, 277, 273, 277, 273, 275, 275, 273, 273,
    275, 275, 274, 276, 277, 275, 275, 273, 273, 276, 275, 273, 276, 273,
    276, 277, 273, 273, 275, 273, 273, 275, 276, 277, 273, 276, 275, 275,
    277, 273, 274, 273, 277, 274, 274, 277, 276, 277, 277, 276, 275, 276,
    277, 273, 274, 273, 276, 274, 273 ]
