%YAML:1.0
---
videoName: "LHShake07.mp4"
gestureLabel: 2
fps: 29
pixelSizeInCmTemp: 3.3732394366197183e-01
faceCenterPointX: 265
faceCenterPointY: 78
LHandPositionsX: [ 349, 350, 350, 356, 361, 368, 377, 388, 390, 392, 395,
    391, 384, 376, 352, 346, 341, 343, 338, 343, 350, 362, 367, 369, 365,
    366, 362, 342, 343, 342, 345, 347, 357, 359, 368, 370, 369, 364, 360,
    353, 345, 348, 344, 350, 356, 362, 362, 363, 366, 360, 338, 329, 332,
    334, 341, 353, 366, 376, 369, 379, 370, 364, 358, 346, 341, 336, 337,
    333, 333, 340, 337, 343, 343, 342, 343, 344, 341, 343, 343, 341, 340,
    343, 344, 341, 340, 344, 342, 341 ]
LHandPositionsY: [ 277, 275, 274, 266, 260, 249, 235, 219, 201, 192, 177,
    161, 152, 138, 140, 138, 149, 146, 148, 146, 143, 136, 138, 139, 139,
    137, 135, 139, 147, 143, 140, 134, 131, 135, 128, 124, 130, 130, 132,
    137, 144, 141, 144, 143, 135, 138, 139, 140, 129, 130, 135, 150, 144,
    137, 133, 134, 128, 135, 131, 128, 131, 135, 146, 158, 166, 180, 191,
    204, 220, 231, 242, 250, 254, 252, 257, 258, 262, 266, 265, 263, 267,
    266, 266, 268, 269, 268, 270, 270 ]
RHandPositionsX: [ 184, 185, 184, 183, 184, 181, 182, 183, 182, 184, 182,
    184, 182, 182, 182, 184, 184, 181, 183, 182, 182, 182, 182, 184, 185,
    184, 184, 183, 184, 184, 181, 183, 182, 181, 181, 183, 184, 182, 183,
    182, 185, 181, 182, 185, 182, 183, 185, 183, 185, 182, 184, 183, 184,
    185, 185, 181, 184, 185, 182, 182, 181, 182, 182, 185, 184, 183, 183,
    183, 181, 182, 184, 182, 183, 185, 183, 183, 184, 183, 185, 181, 183,
    182, 183, 181, 182, 183, 185, 182 ]
RHandPositionsY: [ 276, 279, 280, 280, 280, 280, 279, 276, 280, 278, 276,
    280, 280, 276, 277, 278, 278, 278, 278, 276, 277, 277, 277, 280, 279,
    279, 276, 280, 279, 277, 276, 278, 276, 276, 277, 280, 277, 280, 277,
    277, 278, 277, 279, 276, 276, 280, 277, 276, 276, 279, 276, 278, 278,
    280, 278, 276, 278, 278, 280, 276, 277, 277, 279, 276, 278, 280, 276,
    276, 276, 277, 280, 276, 276, 279, 278, 280, 276, 276, 277, 277, 280,
    280, 278, 279, 279, 276, 276, 280 ]
