%YAML:1.0
---
videoName: "LHShake10.mp4"
gestureLabel: 2
fps: 29
pixelSizeInCmTemp: 3.4214285714285714e-01
faceCenterPointX: 253
faceCenterPointY: 65
LHandPositionsX: [ 336, 335, 336, 335, 335, 340, 342, 346, 353, 359, 364,
    378, 382, 393, 396, 397, 394, 382, 375, 365, 356, 350, 349, 354, 361,
    369, 382, 393, 389, 392, 390, 385, 377, 366, 356, 358, 358, 366, 370,
    373, 375, 370, 374, 372, 369, 365, 353, 345, 346, 345, 344, 354, 360,
    374, 380, 378, 379, 372, 364, 353, 351, 350, 352, 350, 357, 364, 372,
    381, 377, 379, 377, 371, 366, 361, 354, 351, 345, 343, 339, 335, 337,
    337, 335, 335, 334, 336, 337, 337 ]
LHandPositionsY: [ 272, 272, 268, 272, 272, 271, 268, 260, 251, 239, 226,
    209, 193, 179, 165, 154, 142, 135, 136, 142, 143, 150, 149, 149, 148,
    146, 137, 140, 140, 140, 144, 146, 146, 150, 150, 148, 151, 149, 136,
    133, 135, 134, 131, 131, 130, 130, 138, 144, 142, 143, 144, 145, 140,
    143, 142, 139, 142, 143, 143, 146, 150, 153, 154, 152, 152, 151, 147,
    145, 148, 146, 149, 155, 157, 166, 175, 183, 192, 208, 219, 230, 243,
    252, 253, 254, 255, 257, 260, 260 ]
RHandPositionsX: [ 174, 172, 174, 173, 172, 176, 175, 176, 175, 175, 174,
    172, 173, 173, 176, 174, 171, 174, 172, 173, 175, 172, 171, 173, 171,
    173, 171, 173, 171, 173, 171, 173, 171, 174, 175, 171, 173, 173, 171,
    171, 175, 174, 172, 171, 173, 174, 171, 171, 174, 172, 173, 171, 175,
    172, 173, 172, 172, 175, 172, 174, 171, 173, 173, 173, 173, 174, 173,
    174, 171, 174, 174, 175, 175, 171, 175, 173, 175, 172, 174, 175, 175,
    174, 172, 172, 171, 173, 175, 175 ]
RHandPositionsY: [ 275, 276, 275, 277, 275, 276, 276, 274, 275, 274, 275,
    277, 277, 274, 274, 276, 277, 277, 276, 278, 275, 277, 277, 274, 276,
    278, 274, 274, 275, 277, 274, 276, 277, 274, 275, 274, 276, 277, 277,
    275, 276, 278, 277, 275, 276, 275, 278, 274, 274, 277, 276, 277, 278,
    278, 278, 276, 278, 274, 278, 277, 278, 275, 277, 275, 276, 276, 274,
    275, 275, 278, 276, 278, 277, 276, 276, 274, 276, 278, 277, 277, 278,
    275, 278, 275, 274, 274, 275, 276 ]
