%YAML:1.0
---
videoName: "LHShake07.mp4"
gestureLabel: 2
fps: 29
pixelSizeInCmTemp: 3.3732394366197183e-01
faceCenterPointX: 265
faceCenterPointY: 78
LHandPositionsX: [ 347, 347, 352, 357, 365, 369, 375, 386, 388, 393, 396,
    393, 382, 375, 352, 346, 340, 343, 341, 340, 348, 365, 366, 366, 367,
    363, 359, 344, 339, 344, 344, 346, 357, 357, 367, 370, 366, 363, 362,
    352, 344, 348, 347, 353, 357, 361, 360, 362, 363, 360, 337, 329, 333,
    336, 344, 354, 369, 374, 369, 379, 370, 364, 355, 348, 342, 337, 335,
    333, 333, 337, 338, 340, 341, 342, 341, 345, 342, 345, 340, 344, 340,
    343, 340, 340, 341, 342, 342, 343 ]
LHandPositionsY: [ 278, 275, 273, 265, 257, 248, 236, 220, 205, 190, 177,
    159, 149, 138, 140, 140, 148, 144, 147, 144, 141, 139, 136, 135, 139,
    135, 135, 137, 147, 142, 138, 133, 132, 131, 124, 126, 126, 133, 136,
    134, 145, 142, 146, 143, 138, 140, 138, 137, 129, 131, 137, 151, 146,
    135, 134, 130, 129, 136, 134, 127, 132, 137, 146, 158, 166, 179, 194,
    204, 217, 231, 243, 252, 251, 255, 257, 260, 261, 267, 267, 264, 264,
    268, 267, 265, 266, 266, 267, 269 ]
RHandPositionsX: [ 185, 185, 184, 184, 182, 184, 184, 185, 181, 185, 185,
    184, 184, 184, 184, 185, 182, 185, 182, 183, 183, 182, 185, 185, 182,
    185, 181, 185, 183, 181, 184, 184, 184, 185, 184, 182, 182, 184, 185,
    183, 182, 183, 182, 185, 185, 185, 184, 182, 184, 183, 182, 182, 184,
    184, 183, 181, 182, 182, 181, 185, 181, 185, 184, 184, 182, 182, 182,
    182, 181, 181, 185, 183, 183, 183, 184, 182, 183, 184, 184, 181, 183,
    185, 185, 185, 181, 183, 182, 185 ]
RHandPositionsY: [ 276, 277, 279, 279, 278, 277, 277, 280, 277, 278, 277,
    276, 276, 276, 276, 280, 277, 280, 277, 277, 276, 279, 279, 280, 277,
    279, 276, 276, 278, 277, 279, 280, 280, 278, 278, 280, 277, 280, 276,
    277, 279, 276, 278, 278, 280, 278, 280, 280, 280, 279, 276, 279, 277,
    278, 276, 280, 276, 276, 279, 278, 276, 277, 279, 277, 278, 279, 279,
    280, 279, 279, 280, 280, 276, 276, 276, 279, 278, 277, 277, 278, 279,
    279, 277, 278, 278, 279, 277, 279 ]
