%YAML:1.0
---
videoName: "headLookLeft8.mp4"
gestureLabel: 203
fps: 29
pixelSizeInCmTemp: 3.6287878787878786e-01
faceCenterPointX: 273
faceCenterPointY: 69
headPositionsX: [ 273, 242, 242, 241, 241, 241, 241, 241, 241, 241, 241,
    241, 242, 243, 243, 244, 245, 246, 247, 247, 247, 247, 247, 247, 247,
    247, 246, 247, 246, 247, 246, 246, 246, 247, 247, 246, 245, 246, 246,
    247, 245, 245, 245, 245, 246, 246, 246, 246, 246, 246, 246, 247, 248,
    248, 249, 251, 254, 256, 258, 260, 262, 267, 268, 273, 269, 273, 275,
    282, 282, 274, 277, 277, 278, 276, 277, 277, 274, 274, 277, 279, 278,
    278, 278, 271, 272, 275, 278, 277, 275, 275, 275, 275, 274, 275, 276,
    273, 275, 275, 273, 271 ]
headPositionsY: [ 69, 67, 67, 67, 67, 68, 67, 67, 68, 68, 68, 67, 68, 68,
    68, 68, 68, 68, 69, 69, 69, 69, 69, 69, 69, 70, 70, 71, 71, 71, 71,
    71, 72, 72, 72, 72, 71, 72, 72, 72, 71, 71, 71, 72, 73, 72, 72, 72,
    73, 73, 73, 73, 73, 72, 72, 72, 72, 70, 70, 69, 70, 70, 69, 72, 69,
    70, 69, 71, 71, 69, 69, 69, 70, 70, 70, 69, 69, 69, 69, 70, 70, 70,
    70, 69, 67, 69, 70, 69, 69, 69, 69, 69, 69, 69, 71, 69, 69, 69, 69,
    69 ]
