%YAML:1.0
---
videoName: "headNod27.mp4"
gestureLabel: 202
fps: 29
pixelSizeInCmTemp: 3.0705128205128202e-01
faceCenterPointX: 271
faceCenterPointY: 77
headPositionsX: [ 270, 274, 274, 272, 273, 271, 272, 274, 273, 272, 273,
    275, 272, 272, 273, 272, 272, 272, 274, 271, 273, 273, 274, 274, 271,
    274, 275, 269, 273, 274, 269, 272, 272, 272, 268, 268, 270, 269, 267,
    269, 271, 268, 270, 267, 271, 269, 269, 269, 267, 272, 270, 270, 269,
    270, 267, 270, 269, 268, 269, 269, 272, 270, 267, 268, 267, 265, 266,
    267, 269, 268, 268, 271, 269, 270, 268, 267, 270, 266, 270, 270, 271,
    269, 267, 266, 271, 271, 270, 269, 273, 270, 269, 272, 269, 271, 272,
    272, 271, 269, 268, 272 ]
headPositionsY: [ 76, 72, 72, 74, 75, 74, 72, 75, 74, 76, 71, 73, 73, 76,
    74, 73, 73, 72, 76, 73, 73, 71, 70, 65, 63, 62, 63, 66, 65, 68, 69,
    79, 81, 83, 85, 85, 82, 79, 73, 72, 68, 67, 67, 67, 68, 72, 74, 75,
    82, 81, 78, 77, 75, 72, 68, 70, 70, 72, 73, 73, 80, 83, 84, 83, 82,
    78, 75, 75, 71, 71, 73, 74, 76, 76, 79, 81, 80, 80, 76, 71, 73, 71,
    71, 71, 72, 72, 73, 78, 80, 78, 80, 77, 76, 79, 79, 75, 78, 77, 79,
    76 ]
