%YAML:1.0
---
videoName: "headNod24.mp4"
gestureLabel: 202
fps: 29
pixelSizeInCmTemp: 3.1513157894736843e-01
faceCenterPointX: 272
faceCenterPointY: 72
headPositionsX: [ 273, 274, 276, 274, 275, 272, 272, 273, 274, 273, 273,
    275, 273, 273, 273, 273, 275, 276, 274, 275, 275, 274, 272, 272, 274,
    272, 274, 272, 275, 275, 272, 272, 271, 271, 274, 274, 272, 274, 273,
    273, 273, 275, 273, 271, 269, 274, 274, 273, 274, 270, 274, 274, 275,
    275, 275, 271, 275, 273, 271, 271, 271, 273, 272, 269, 270, 271, 273,
    269, 273, 273, 272, 268, 271, 272, 270, 271, 272, 272, 272, 269, 271,
    269, 268, 272, 270, 272, 272, 268, 269, 269, 271, 271, 273, 274, 272,
    273, 274, 274, 274, 274 ]
headPositionsY: [ 74, 74, 75, 72, 74, 75, 73, 72, 76, 72, 72, 73, 74, 75,
    73, 74, 71, 76, 75, 72, 75, 71, 73, 71, 74, 71, 75, 73, 73, 75, 71,
    72, 73, 74, 74, 71, 69, 70, 68, 68, 70, 71, 78, 82, 81, 82, 79, 76,
    70, 65, 68, 68, 68, 74, 76, 74, 75, 71, 71, 66, 66, 69, 66, 70, 70,
    73, 74, 78, 76, 73, 72, 71, 70, 66, 68, 71, 73, 73, 77, 74, 74, 74,
    73, 71, 68, 70, 69, 70, 71, 70, 72, 72, 75, 74, 75, 74, 74, 71, 72,
    72 ]
