%YAML:1.0
---
videoName: "headNod4.mp4"
gestureLabel: 202
fps: 29
pixelSizeInCmTemp: 3.2808219178082193e-01
faceCenterPointX: 264
faceCenterPointY: 72
headPositionsX: [ 266, 268, 271, 269, 271, 268, 269, 270, 272, 271, 269,
    271, 268, 270, 271, 267, 267, 270, 267, 266, 266, 270, 266, 266, 266,
    268, 267, 269, 268, 268, 265, 265, 269, 268, 265, 265, 267, 268, 267,
    265, 269, 269, 266, 266, 265, 268, 269, 269, 266, 270, 268, 268, 268,
    265, 266, 266, 265, 266, 268, 267, 265, 267, 264, 268, 266, 267, 267,
    265, 267, 267, 265, 264, 266, 264, 265, 266, 262, 263, 266, 263, 263,
    266, 267, 262, 264, 264, 263, 268, 265, 266, 264, 263, 266, 264, 265,
    264, 263, 265, 265, 263 ]
headPositionsY: [ 70, 74, 75, 76, 72, 72, 75, 75, 73, 76, 75, 76, 77, 74,
    75, 74, 74, 75, 74, 75, 75, 72, 72, 73, 75, 77, 74, 74, 74, 75, 73,
    75, 76, 76, 77, 76, 75, 76, 77, 74, 75, 73, 75, 74, 74, 69, 69, 68,
    66, 67, 68, 70, 71, 77, 78, 79, 82, 83, 79, 79, 75, 73, 67, 69, 69,
    70, 72, 74, 79, 81, 81, 82, 79, 78, 77, 70, 68, 70, 69, 69, 68, 70,
    72, 74, 77, 79, 80, 85, 84, 81, 82, 82, 81, 76, 74, 77, 75, 75, 71,
    73 ]
