%YAML:1.0
---
videoName: "headNod40.mp4"
gestureLabel: 202
fps: 29
pixelSizeInCmTemp: 2.8511904761904761e-01
faceCenterPointX: 267
faceCenterPointY: 78
headPositionsX: [ 265, 265, 268, 267, 268, 268, 269, 267, 270, 269, 266,
    268, 268, 269, 268, 269, 266, 269, 269, 266, 268, 268, 266, 267, 269,
    269, 268, 267, 268, 269, 269, 269, 267, 270, 268, 270, 266, 268, 268,
    270, 267, 269, 265, 268, 264, 263, 266, 263, 266, 266, 266, 265, 264,
    263, 264, 265, 267, 265, 267, 265, 266, 268, 268, 266, 264, 266, 266,
    265, 267, 267, 268, 267, 269, 268, 269, 269, 266, 267, 268, 266, 269,
    267, 266, 269, 267, 267, 266, 265, 269, 266, 268, 264, 264, 265, 269,
    268, 266, 265, 265, 269 ]
headPositionsY: [ 80, 75, 77, 77, 75, 75, 75, 78, 76, 74, 77, 77, 75, 76,
    78, 78, 74, 76, 76, 78, 74, 77, 74, 73, 77, 74, 77, 76, 73, 76, 77,
    76, 75, 76, 77, 75, 73, 77, 74, 76, 82, 87, 92, 95, 96, 95, 95, 89,
    86, 81, 77, 79, 76, 66, 67, 67, 69, 67, 69, 73, 82, 83, 87, 85, 83,
    83, 79, 78, 73, 75, 72, 72, 71, 74, 73, 75, 81, 80, 82, 81, 80, 78,
    79, 79, 79, 78, 81, 81, 76, 79, 75, 76, 75, 78, 77, 79, 76, 76, 79,
    78 ]
