%YAML:1.0
---
videoName: "headNod47.mp4"
gestureLabel: 202
fps: 29
pixelSizeInCmTemp: 3.0316455696202532e-01
faceCenterPointX: 266
faceCenterPointY: 70
headPositionsX: [ 266, 268, 268, 269, 265, 269, 265, 265, 266, 266, 268,
    265, 265, 264, 265, 264, 267, 265, 266, 266, 267, 267, 263, 264, 267,
    264, 267, 265, 267, 267, 265, 268, 268, 266, 269, 267, 266, 268, 268,
    269, 265, 268, 270, 268, 267, 268, 268, 266, 268, 266, 264, 269, 268,
    268, 268, 266, 268, 269, 268, 267, 265, 267, 267, 268, 266, 268, 268,
    267, 267, 265, 267, 267, 266, 265, 269, 265, 264, 265, 265, 269, 267,
    264, 266, 266, 265, 264, 264, 266, 265, 265, 266, 267, 268, 263, 265,
    268, 266, 268, 267, 266 ]
headPositionsY: [ 71, 61, 58, 61, 60, 58, 61, 59, 66, 67, 70, 78, 79, 81,
    81, 78, 73, 70, 70, 66, 67, 67, 68, 68, 70, 74, 76, 78, 79, 74, 75,
    73, 71, 69, 69, 67, 68, 70, 73, 74, 75, 77, 77, 76, 76, 75, 69, 67,
    69, 67, 71, 70, 72, 71, 77, 73, 74, 74, 72, 72, 67, 68, 70, 70, 68,
    70, 69, 76, 76, 76, 75, 74, 71, 69, 71, 68, 67, 69, 68, 70, 74, 73,
    74, 76, 70, 70, 73, 70, 70, 68, 69, 68, 71, 69, 72, 70, 70, 73, 71,
    69 ]
