%YAML:1.0
---
videoName: "headNod4.mp4"
gestureLabel: 202
fps: 29
pixelSizeInCmTemp: 3.2808219178082193e-01
faceCenterPointX: 264
faceCenterPointY: 72
headPositionsX: [ 262, 267, 267, 271, 268, 268, 268, 271, 270, 270, 271,
    270, 268, 267, 271, 268, 266, 268, 270, 270, 267, 270, 270, 266, 269,
    266, 266, 268, 267, 267, 267, 266, 266, 269, 267, 267, 266, 266, 270,
    269, 267, 266, 267, 266, 268, 268, 267, 268, 267, 269, 269, 267, 269,
    269, 265, 267, 265, 265, 264, 267, 263, 264, 263, 265, 264, 266, 266,
    263, 266, 263, 267, 263, 267, 263, 262, 262, 266, 266, 265, 264, 267,
    263, 266, 262, 265, 268, 263, 267, 263, 263, 263, 266, 264, 263, 262,
    266, 265, 266, 266, 265 ]
headPositionsY: [ 71, 73, 74, 73, 75, 75, 72, 75, 74, 73, 74, 75, 75, 74,
    75, 77, 75, 73, 72, 73, 73, 76, 76, 73, 72, 77, 75, 77, 73, 73, 73,
    73, 73, 72, 77, 75, 74, 76, 74, 74, 77, 73, 76, 74, 72, 70, 67, 66,
    67, 66, 64, 68, 71, 74, 79, 80, 84, 83, 81, 78, 74, 71, 68, 68, 68,
    70, 75, 75, 82, 82, 84, 83, 80, 80, 75, 74, 70, 68, 68, 68, 69, 73,
    73, 74, 80, 80, 84, 84, 82, 81, 83, 81, 79, 77, 74, 76, 74, 73, 74,
    75 ]
