%YAML:1.0
---
videoName: "headNod0.mp4"
gestureLabel: 202
fps: 29
pixelSizeInCmTemp: 3.2364864864864862e-01
faceCenterPointX: 264
faceCenterPointY: 76
headPositionsX: [ 266, 265, 268, 266, 270, 265, 265, 265, 267, 267, 264,
    269, 268, 265, 267, 264, 267, 267, 266, 265, 267, 267, 265, 265, 265,
    267, 265, 264, 267, 266, 263, 263, 268, 266, 268, 265, 267, 267, 265,
    266, 267, 266, 266, 264, 266, 266, 266, 262, 264, 263, 264, 264, 263,
    265, 264, 262, 263, 265, 262, 265, 267, 264, 268, 268, 265, 263, 267,
    266, 267, 266, 267, 263, 265, 267, 265, 266, 262, 266, 266, 266, 264,
    263, 263, 266, 262, 265, 263, 266, 267, 265, 263, 263, 263, 265, 262,
    264, 266, 262, 266, 263 ]
headPositionsY: [ 76, 75, 74, 75, 73, 73, 75, 75, 74, 71, 73, 72, 72, 72,
    72, 71, 73, 72, 72, 73, 72, 71, 74, 75, 76, 76, 71, 72, 73, 71, 71,
    67, 64, 62, 61, 62, 64, 62, 65, 67, 66, 73, 71, 75, 79, 81, 82, 80,
    80, 80, 79, 73, 71, 71, 68, 65, 67, 66, 65, 70, 71, 71, 73, 72, 77,
    77, 80, 79, 77, 76, 76, 76, 74, 70, 67, 69, 69, 68, 67, 68, 70, 71,
    75, 75, 76, 78, 80, 77, 81, 76, 78, 75, 76, 76, 76, 75, 76, 73, 78,
    76 ]
