%YAML:1.0
---
videoName: "headNod42.mp4"
gestureLabel: 202
fps: 30
pixelSizeInCmTemp: 3.0316455696202532e-01
faceCenterPointX: 265
faceCenterPointY: 77
headPositionsX: [ 267, 266, 268, 268, 270, 270, 270, 267, 270, 271, 268,
    269, 267, 270, 268, 268, 268, 268, 271, 270, 270, 269, 271, 269, 268,
    267, 266, 264, 264, 265, 267, 263, 263, 265, 266, 264, 265, 266, 268,
    265, 266, 263, 264, 265, 267, 264, 264, 265, 263, 265, 265, 264, 264,
    265, 266, 267, 263, 266, 265, 264, 265, 267, 265, 263, 267, 267, 266,
    264, 267, 267, 265, 264, 265, 266, 266, 267, 268, 268, 264, 264, 268,
    267, 264, 265, 267, 265, 264, 264, 264, 264, 267, 266, 264, 267, 264,
    264, 267, 266, 264, 264 ]
headPositionsY: [ 79, 77, 77, 75, 77, 78, 77, 76, 76, 77, 77, 79, 74, 75,
    75, 68, 69, 67, 64, 67, 69, 68, 68, 75, 79, 83, 89, 93, 92, 88, 90,
    84, 77, 76, 78, 69, 70, 70, 69, 73, 73, 77, 83, 81, 86, 85, 82, 76,
    72, 71, 70, 73, 72, 73, 72, 79, 81, 83, 86, 83, 86, 83, 82, 79, 74,
    76, 73, 75, 73, 73, 74, 78, 82, 81, 81, 80, 77, 77, 77, 74, 76, 74,
    76, 77, 79, 80, 81, 82, 82, 81, 81, 80, 77, 76, 78, 78, 76, 78, 75,
    79 ]
