%YAML:1.0
---
videoName: "headNod29.mp4"
gestureLabel: 202
fps: 29
pixelSizeInCmTemp: 3.1933333333333330e-01
faceCenterPointX: 271
faceCenterPointY: 70
headPositionsX: [ 272, 271, 273, 272, 273, 272, 275, 275, 273, 272, 272,
    271, 275, 274, 273, 271, 273, 272, 271, 271, 274, 271, 270, 271, 270,
    273, 272, 272, 272, 273, 272, 270, 273, 269, 271, 270, 269, 270, 274,
    268, 270, 272, 268, 273, 270, 271, 272, 271, 270, 270, 273, 272, 271,
    270, 269, 269, 271, 273, 272, 270, 271, 268, 269, 271, 272, 269, 272,
    271, 271, 269, 271, 272, 270, 270, 269, 273, 270, 271, 270, 272, 272,
    272, 273, 273, 270, 272, 269, 271, 270, 273, 272, 271, 273, 269, 272,
    269, 273, 271, 271, 274 ]
headPositionsY: [ 69, 74, 73, 72, 74, 76, 75, 77, 82, 79, 80, 80, 79, 73,
    72, 68, 70, 68, 68, 68, 67, 70, 67, 73, 74, 73, 77, 82, 80, 79, 79,
    75, 76, 74, 72, 73, 69, 69, 74, 73, 74, 76, 80, 77, 79, 77, 75, 75,
    76, 75, 73, 73, 77, 78, 81, 84, 81, 78, 80, 76, 73, 75, 73, 74, 77,
    76, 78, 78, 76, 73, 73, 73, 70, 70, 72, 73, 72, 74, 75, 76, 74, 73,
    74, 70, 72, 69, 71, 72, 72, 69, 67, 69, 68, 72, 69, 71, 70, 68, 71,
    70 ]
