%YAML:1.0
---
videoName: "headNod7.mp4"
gestureLabel: 202
fps: 29
pixelSizeInCmTemp: 3.2808219178082193e-01
faceCenterPointX: 261
faceCenterPointY: 71
headPositionsX: [ 261, 267, 264, 264, 264, 265, 263, 264, 266, 262, 265,
    265, 265, 264, 260, 265, 261, 265, 261, 261, 262, 260, 260, 263, 264,
    263, 261, 264, 264, 260, 261, 264, 263, 262, 260, 262, 261, 259, 262,
    259, 261, 261, 262, 262, 261, 260, 261, 263, 261, 262, 264, 264, 264,
    263, 263, 260, 261, 262, 262, 263, 262, 261, 262, 260, 263, 263, 262,
    261, 263, 261, 262, 261, 260, 261, 260, 260, 263, 262, 261, 262, 261,
    261, 264, 260, 262, 261, 261, 261, 262, 262, 261, 261, 259, 260, 261,
    262, 261, 259, 263, 261 ]
headPositionsY: [ 70, 76, 72, 73, 75, 71, 76, 71, 73, 74, 72, 71, 76, 75,
    73, 76, 76, 77, 75, 73, 73, 74, 73, 77, 73, 77, 77, 74, 76, 75, 75,
    76, 74, 74, 74, 73, 75, 74, 74, 73, 76, 76, 75, 77, 78, 76, 74, 78,
    74, 73, 68, 71, 71, 68, 73, 75, 75, 79, 79, 76, 75, 73, 71, 72, 72,
    71, 72, 78, 79, 80, 77, 77, 72, 72, 72, 69, 69, 71, 69, 75, 74, 78,
    81, 76, 81, 76, 74, 72, 73, 70, 71, 71, 69, 69, 73, 71, 71, 73, 70,
    72 ]
