%YAML:1.0
---
videoName: "headNod30.mp4"
gestureLabel: 202
fps: 29
pixelSizeInCmTemp: 3.2364864864864862e-01
faceCenterPointX: 271
faceCenterPointY: 72
headPositionsX: [ 270, 272, 270, 272, 273, 270, 271, 271, 270, 271, 270,
    270, 274, 270, 274, 272, 271, 269, 269, 272, 270, 270, 274, 273, 271,
    273, 272, 274, 272, 270, 272, 270, 270, 272, 273, 271, 269, 271, 269,
    270, 268, 270, 270, 268, 267, 269, 267, 269, 267, 270, 269, 271, 270,
    268, 272, 272, 272, 269, 270, 270, 273, 273, 270, 273, 270, 273, 271,
    269, 271, 269, 271, 271, 272, 271, 270, 270, 273, 270, 269, 274, 269,
    270, 271, 270, 269, 271, 273, 273, 271, 274, 273, 271, 271, 272, 272,
    270, 273, 270, 270, 271 ]
headPositionsY: [ 73, 73, 77, 74, 74, 74, 77, 74, 74, 75, 75, 73, 74, 75,
    77, 77, 74, 73, 78, 75, 73, 72, 73, 68, 68, 66, 67, 68, 69, 73, 71,
    77, 76, 81, 84, 80, 79, 80, 76, 71, 71, 70, 69, 73, 76, 77, 80, 79,
    80, 80, 75, 75, 72, 73, 71, 73, 69, 71, 71, 77, 77, 75, 76, 76, 72,
    73, 69, 71, 71, 67, 70, 69, 72, 74, 73, 74, 74, 74, 73, 70, 71, 70,
    71, 68, 68, 70, 72, 73, 71, 72, 74, 75, 72, 73, 74, 74, 73, 72, 72,
    71 ]
