%YAML:1.0
---
videoName: "headNod3.mp4"
gestureLabel: 202
fps: 29
pixelSizeInCmTemp: 3.1933333333333330e-01
faceCenterPointX: 264
faceCenterPointY: 76
headPositionsX: [ 262, 263, 262, 265, 266, 264, 266, 266, 267, 265, 267,
    267, 263, 268, 267, 263, 267, 265, 264, 265, 264, 263, 267, 264, 267,
    265, 267, 266, 266, 266, 266, 265, 264, 265, 267, 266, 266, 266, 265,
    268, 264, 263, 265, 266, 268, 265, 265, 265, 268, 264, 265, 267, 267,
    265, 262, 265, 264, 266, 262, 263, 265, 264, 265, 262, 262, 263, 265,
    263, 264, 264, 262, 265, 262, 264, 264, 263, 262, 262, 262, 266, 261,
    264, 265, 266, 266, 264, 262, 263, 265, 263, 264, 265, 262, 265, 264,
    266, 263, 265, 266, 267 ]
headPositionsY: [ 74, 75, 78, 76, 79, 74, 76, 75, 75, 76, 73, 72, 71, 74,
    75, 72, 73, 72, 72, 75, 74, 74, 73, 72, 75, 73, 76, 76, 72, 77, 75,
    72, 76, 75, 75, 73, 75, 76, 74, 72, 76, 72, 73, 72, 70, 68, 67, 65,
    65, 65, 70, 67, 72, 73, 78, 80, 81, 83, 83, 80, 75, 71, 67, 71, 69,
    69, 67, 72, 74, 78, 81, 80, 81, 78, 79, 73, 69, 71, 67, 64, 67, 66,
    69, 69, 74, 77, 75, 80, 81, 82, 79, 79, 76, 79, 74, 77, 74, 75, 74,
    78 ]
