%YAML:1.0
---
videoName: "headNod28.mp4"
gestureLabel: 202
fps: 30
pixelSizeInCmTemp: 3.2364864864864862e-01
faceCenterPointX: 270
faceCenterPointY: 76
headPositionsX: [ 269, 271, 272, 270, 269, 273, 269, 271, 271, 271, 271,
    273, 269, 269, 268, 270, 267, 269, 273, 269, 269, 269, 269, 270, 269,
    271, 272, 268, 268, 269, 272, 269, 269, 273, 272, 271, 271, 269, 271,
    272, 270, 271, 271, 269, 269, 269, 268, 271, 271, 271, 268, 269, 269,
    271, 272, 269, 268, 273, 272, 269, 270, 271, 269, 271, 271, 269, 272,
    273, 269, 273, 273, 271, 273, 269, 271, 272, 275, 270, 271, 272, 271,
    271, 269, 270, 269, 270, 272, 269, 273, 271, 270, 271, 271, 273, 270,
    273, 269, 272, 269, 268 ]
headPositionsY: [ 77, 74, 74, 74, 73, 76, 72, 75, 76, 74, 75, 74, 73, 73,
    73, 77, 76, 77, 76, 73, 75, 73, 73, 77, 77, 72, 74, 77, 76, 77, 74,
    77, 77, 74, 74, 74, 76, 75, 74, 77, 73, 77, 80, 82, 83, 84, 82, 82,
    76, 77, 72, 71, 74, 74, 69, 72, 73, 75, 74, 76, 82, 82, 79, 79, 75,
    76, 71, 71, 74, 73, 75, 77, 77, 79, 81, 80, 82, 78, 75, 71, 73, 73,
    75, 76, 75, 76, 78, 78, 76, 78, 76, 74, 76, 74, 73, 78, 76, 78, 78,
    76 ]
