%YAML:1.0
---
videoName: "headNod49.mp4"
gestureLabel: 202
fps: 29
pixelSizeInCmTemp: 2.9207317073170730e-01
faceCenterPointX: 263
faceCenterPointY: 74
headPositionsX: [ 264, 266, 264, 263, 268, 266, 262, 264, 267, 262, 267,
    266, 267, 265, 263, 265, 265, 263, 266, 266, 265, 263, 265, 265, 267,
    264, 266, 263, 262, 263, 264, 263, 261, 264, 263, 264, 265, 265, 263,
    266, 263, 264, 261, 262, 261, 261, 263, 265, 264, 265, 262, 263, 265,
    262, 263, 265, 264, 266, 263, 262, 261, 263, 264, 262, 266, 264, 261,
    262, 264, 263, 265, 264, 263, 262, 265, 264, 262, 265, 263, 261, 264,
    262, 263, 261, 260, 263, 261, 263, 264, 261, 261, 262, 265, 263, 262,
    262, 263, 261, 260, 261 ]
headPositionsY: [ 76, 73, 72, 74, 70, 72, 72, 72, 73, 70, 72, 72, 69, 68,
    67, 66, 70, 67, 67, 69, 67, 71, 72, 74, 79, 79, 76, 78, 75, 74, 72,
    72, 72, 72, 70, 71, 73, 74, 75, 78, 77, 76, 80, 78, 75, 70, 70, 72,
    71, 72, 74, 75, 75, 76, 78, 75, 79, 78, 74, 76, 74, 74, 74, 71, 72,
    73, 73, 79, 78, 80, 79, 77, 76, 74, 74, 73, 75, 73, 76, 77, 73, 74,
    78, 76, 75, 76, 72, 76, 72, 74, 72, 74, 73, 76, 71, 74, 75, 75, 72,
    73 ]
