%YAML:1.0
---
videoName: "headNod8.mp4"
gestureLabel: 202
fps: 29
pixelSizeInCmTemp: 3.1933333333333330e-01
faceCenterPointX: 262
faceCenterPointY: 74
headPositionsX: [ 262, 263, 262, 259, 262, 263, 263, 263, 260, 261, 262,
    264, 260, 259, 262, 259, 261, 263, 260, 259, 260, 261, 261, 260, 259,
    258, 259, 260, 264, 259, 259, 263, 264, 263, 263, 260, 261, 261, 263,
    262, 264, 262, 262, 264, 260, 262, 262, 262, 264, 263, 261, 260, 262,
    262, 262, 261, 261, 258, 263, 258, 262, 262, 263, 259, 261, 261, 262,
    263, 262, 259, 263, 261, 259, 261, 262, 262, 258, 261, 259, 263, 260,
    262, 261, 264, 259, 260, 263, 264, 264, 264, 263, 264, 262, 260, 264,
    266, 260, 265, 260, 265 ]
headPositionsY: [ 72, 75, 76, 77, 75, 75, 75, 79, 75, 77, 74, 76, 76, 76,
    75, 77, 75, 78, 75, 77, 76, 75, 75, 75, 78, 76, 77, 74, 79, 78, 75,
    75, 75, 76, 75, 75, 76, 74, 77, 76, 72, 71, 71, 66, 69, 67, 70, 68,
    72, 74, 75, 80, 82, 84, 83, 79, 76, 75, 71, 71, 69, 69, 72, 74, 76,
    79, 83, 86, 82, 79, 75, 72, 72, 71, 69, 71, 74, 74, 80, 81, 85, 83,
    82, 76, 74, 75, 72, 72, 71, 70, 73, 75, 75, 79, 77, 80, 77, 79, 75,
    74 ]
