%YAML:1.0
---
videoName: "headNod44.mp4"
gestureLabel: 202
fps: 29
pixelSizeInCmTemp: 2.9567901234567900e-01
faceCenterPointX: 268
faceCenterPointY: 78
headPositionsX: [ 266, 269, 270, 272, 270, 267, 267, 269, 272, 269, 268,
    270, 268, 270, 270, 268, 270, 268, 269, 271, 268, 269, 270, 269, 266,
    266, 266, 266, 268, 265, 269, 267, 266, 265, 268, 267, 266, 268, 264,
    268, 266, 268, 265, 265, 265, 267, 265, 267, 265, 268, 266, 270, 267,
    268, 268, 268, 267, 269, 266, 267, 269, 270, 265, 270, 267, 269, 270,
    268, 268, 266, 271, 268, 268, 268, 270, 266, 270, 267, 268, 268, 271,
    271, 270, 268, 267, 269, 267, 268, 270, 268, 266, 270, 266, 265, 268,
    267, 269, 270, 266, 268 ]
headPositionsY: [ 79, 75, 74, 76, 73, 76, 76, 73, 76, 72, 72, 75, 72, 72,
    74, 77, 76, 76, 78, 82, 86, 90, 93, 93, 94, 93, 92, 83, 80, 77, 71,
    70, 67, 68, 74, 75, 79, 81, 87, 89, 85, 84, 78, 76, 72, 74, 75, 76,
    77, 80, 87, 87, 89, 90, 87, 81, 76, 78, 76, 76, 76, 79, 81, 81, 84,
    83, 82, 79, 77, 79, 78, 78, 78, 79, 79, 83, 83, 86, 89, 88, 82, 81,
    78, 79, 76, 79, 76, 77, 79, 76, 77, 80, 79, 76, 76, 78, 76, 78, 77,
    79 ]
