%YAML:1.0
---
videoName: "headNod47.mp4"
gestureLabel: 202
fps: 29
pixelSizeInCmTemp: 3.0316455696202532e-01
faceCenterPointX: 266
faceCenterPointY: 70
headPositionsX: [ 267, 267, 268, 266, 265, 265, 268, 265, 267, 268, 267,
    264, 263, 264, 263, 262, 267, 263, 265, 267, 263, 265, 264, 266, 266,
    265, 267, 265, 264, 266, 267, 269, 270, 269, 265, 266, 266, 267, 268,
    269, 269, 266, 269, 266, 270, 268, 265, 267, 265, 265, 266, 266, 265,
    265, 266, 268, 268, 269, 268, 269, 265, 269, 268, 267, 267, 267, 267,
    269, 264, 266, 266, 268, 265, 266, 266, 266, 268, 267, 267, 265, 266,
    268, 267, 266, 267, 266, 267, 263, 265, 267, 263, 268, 266, 266, 266,
    266, 267, 265, 267, 267 ]
headPositionsY: [ 70, 61, 61, 57, 57, 57, 59, 61, 64, 68, 71, 78, 80, 82,
    82, 74, 74, 71, 70, 68, 67, 65, 68, 68, 69, 75, 74, 76, 78, 77, 73,
    71, 72, 69, 66, 66, 66, 71, 72, 74, 79, 80, 80, 80, 76, 74, 68, 71,
    68, 69, 71, 69, 70, 72, 74, 73, 74, 71, 72, 70, 69, 69, 69, 70, 68,
    71, 69, 72, 75, 74, 72, 75, 72, 73, 67, 67, 67, 70, 68, 73, 73, 76,
    74, 74, 70, 69, 71, 68, 72, 69, 69, 68, 70, 72, 72, 70, 69, 70, 70,
    71 ]
