%YAML:1.0
---
videoName: "headNod10.mp4"
gestureLabel: 202
fps: 29
pixelSizeInCmTemp: 3.2808219178082193e-01
faceCenterPointX: 260
faceCenterPointY: 67
headPositionsX: [ 260, 259, 261, 260, 257, 257, 257, 258, 258, 256, 257,
    259, 257, 258, 256, 259, 259, 256, 258, 258, 260, 258, 260, 257, 258,
    258, 257, 258, 256, 259, 260, 257, 260, 260, 259, 259, 257, 259, 259,
    257, 257, 257, 260, 261, 259, 259, 260, 259, 263, 259, 259, 260, 258,
    259, 258, 260, 259, 258, 258, 262, 260, 261, 259, 262, 260, 258, 262,
    259, 257, 262, 260, 258, 260, 258, 258, 257, 257, 258, 260, 261, 257,
    261, 260, 261, 257, 261, 258, 259, 261, 259, 258, 259, 260, 258, 258,
    260, 262, 262, 258, 260 ]
headPositionsY: [ 67, 71, 68, 71, 71, 69, 71, 70, 69, 68, 71, 68, 72, 70,
    70, 67, 69, 68, 68, 70, 70, 72, 68, 70, 72, 72, 70, 72, 70, 71, 72,
    71, 73, 71, 72, 71, 69, 70, 70, 72, 72, 72, 72, 69, 70, 65, 64, 64,
    60, 61, 62, 65, 69, 73, 72, 74, 74, 72, 71, 67, 67, 64, 62, 64, 66,
    71, 73, 74, 75, 78, 76, 72, 72, 67, 67, 67, 64, 66, 69, 71, 76, 76,
    76, 75, 71, 73, 66, 68, 69, 69, 67, 64, 68, 68, 67, 64, 66, 69, 66,
    67 ]
