%YAML:1.0
---
videoName: "headNod5.mp4"
gestureLabel: 202
fps: 29
pixelSizeInCmTemp: 3.1513157894736843e-01
faceCenterPointX: 263
faceCenterPointY: 75
headPositionsX: [ 264, 266, 262, 265, 262, 263, 263, 261, 263, 261, 263,
    263, 264, 262, 265, 265, 263, 266, 262, 264, 266, 265, 267, 266, 265,
    265, 266, 265, 268, 263, 266, 267, 266, 265, 268, 269, 265, 266, 265,
    264, 265, 266, 267, 268, 263, 267, 266, 265, 266, 266, 267, 268, 267,
    261, 264, 265, 264, 263, 265, 266, 266, 265, 263, 266, 262, 263, 263,
    263, 264, 265, 264, 264, 266, 265, 265, 263, 262, 263, 266, 264, 262,
    263, 264, 262, 264, 262, 263, 262, 263, 262, 264, 263, 261, 260, 262,
    261, 262, 264, 260, 264 ]
headPositionsY: [ 75, 72, 75, 75, 75, 71, 73, 73, 76, 75, 77, 72, 75, 77,
    75, 76, 77, 74, 76, 76, 77, 78, 75, 76, 74, 75, 74, 75, 78, 78, 77,
    79, 75, 77, 78, 75, 76, 75, 79, 74, 78, 76, 78, 75, 75, 75, 79, 76,
    78, 76, 78, 79, 82, 85, 83, 85, 79, 75, 75, 72, 78, 77, 80, 84, 87,
    90, 83, 83, 78, 74, 73, 74, 75, 80, 83, 85, 87, 86, 82, 80, 76, 73,
    72, 75, 75, 80, 79, 79, 83, 78, 78, 80, 75, 76, 72, 72, 73, 73, 73,
    74 ]
