%YAML:1.0
---
videoName: "headNod13.mp4"
gestureLabel: 202
fps: 29
pixelSizeInCmTemp: 3.2364864864864862e-01
faceCenterPointX: 253
faceCenterPointY: 79
headPositionsX: [ 252, 249, 250, 255, 251, 252, 253, 254, 253, 253, 252,
    252, 252, 255, 256, 252, 253, 257, 257, 253, 255, 253, 256, 254, 255,
    252, 256, 254, 255, 254, 254, 252, 253, 253, 253, 254, 253, 254, 254,
    253, 255, 252, 251, 255, 255, 251, 253, 255, 254, 253, 253, 255, 254,
    253, 253, 252, 254, 252, 252, 251, 255, 254, 251, 252, 253, 252, 251,
    254, 253, 254, 253, 254, 253, 252, 254, 257, 256, 252, 254, 256, 254,
    255, 258, 256, 254, 256, 255, 257, 254, 254, 253, 254, 256, 256, 255,
    251, 251, 255, 252, 252 ]
headPositionsY: [ 78, 73, 74, 74, 72, 74, 75, 72, 74, 73, 71, 73, 73, 72,
    75, 72, 72, 76, 73, 72, 72, 73, 72, 73, 76, 76, 72, 74, 73, 73, 71,
    75, 73, 73, 76, 74, 72, 73, 75, 74, 73, 76, 76, 72, 72, 76, 73, 73,
    71, 74, 69, 67, 69, 67, 66, 68, 71, 75, 74, 77, 80, 78, 79, 77, 72,
    73, 72, 68, 68, 70, 74, 71, 74, 76, 76, 80, 82, 78, 75, 76, 75, 74,
    73, 71, 75, 78, 76, 77, 81, 78, 79, 77, 78, 80, 76, 79, 79, 76, 79,
    78 ]
