%YAML:1.0
---
videoName: "headNod19.mp4"
gestureLabel: 202
fps: 29
pixelSizeInCmTemp: 3.1933333333333330e-01
faceCenterPointX: 255
faceCenterPointY: 81
headPositionsX: [ 253, 256, 255, 256, 255, 255, 258, 254, 257, 258, 253,
    257, 255, 252, 256, 256, 252, 253, 252, 255, 253, 250, 250, 252, 249,
    250, 251, 249, 252, 250, 249, 253, 253, 251, 253, 253, 252, 256, 252,
    255, 256, 253, 256, 255, 256, 256, 254, 255, 257, 257, 258, 258, 256,
    257, 255, 256, 258, 257, 257, 254, 257, 255, 255, 257, 253, 256, 253,
    255, 255, 256, 258, 258, 256, 253, 257, 255, 256, 255, 256, 256, 253,
    256, 254, 256, 255, 254, 256, 254, 257, 254, 254, 256, 254, 256, 258,
    257, 258, 253, 254, 254 ]
headPositionsY: [ 81, 84, 83, 84, 83, 78, 79, 75, 75, 75, 76, 74, 79, 78,
    77, 77, 77, 77, 80, 78, 78, 80, 78, 78, 77, 80, 78, 78, 77, 79, 81,
    77, 79, 77, 78, 76, 79, 78, 79, 77, 80, 80, 78, 78, 79, 78, 76, 79,
    78, 77, 81, 80, 79, 80, 81, 79, 77, 80, 79, 78, 78, 81, 80, 77, 82,
    79, 76, 77, 77, 74, 72, 76, 76, 75, 82, 80, 82, 86, 83, 77, 77, 75,
    79, 77, 83, 86, 85, 85, 86, 80, 83, 84, 81, 84, 83, 81, 82, 81, 81,
    83 ]
