%YAML:1.0
---
videoName: "headNod48.mp4"
gestureLabel: 202
fps: 29
pixelSizeInCmTemp: 2.8855421686746985e-01
faceCenterPointX: 264
faceCenterPointY: 72
headPositionsX: [ 263, 265, 263, 264, 264, 264, 266, 266, 265, 262, 264,
    265, 263, 262, 266, 263, 262, 261, 260, 262, 261, 259, 260, 260, 260,
    260, 261, 262, 262, 262, 260, 261, 262, 260, 261, 265, 263, 264, 261,
    262, 262, 262, 263, 260, 260, 261, 261, 262, 261, 260, 262, 264, 263,
    261, 263, 260, 263, 264, 263, 261, 260, 260, 261, 265, 261, 265, 265,
    261, 264, 265, 265, 262, 266, 266, 264, 264, 267, 264, 262, 266, 266,
    266, 266, 266, 266, 264, 267, 265, 264, 264, 266, 264, 266, 268, 264,
    266, 264, 263, 266, 267 ]
headPositionsY: [ 70, 75, 79, 80, 80, 75, 72, 71, 69, 63, 64, 63, 63, 62,
    66, 69, 74, 79, 85, 88, 88, 85, 85, 80, 76, 77, 71, 70, 65, 66, 61,
    65, 64, 66, 67, 73, 75, 79, 83, 84, 82, 83, 81, 77, 75, 76, 75, 75,
    71, 69, 71, 75, 75, 80, 78, 78, 79, 78, 76, 72, 73, 70, 70, 70, 71,
    74, 76, 76, 78, 74, 76, 76, 75, 69, 72, 72, 72, 72, 69, 74, 72, 77,
    74, 74, 75, 72, 70, 70, 73, 73, 74, 71, 76, 72, 71, 70, 72, 73, 70,
    73 ]
