%YAML:1.0
---
videoName: "headNod39.mp4"
gestureLabel: 202
fps: 29
pixelSizeInCmTemp: 2.9937500000000000e-01
faceCenterPointX: 268
faceCenterPointY: 78
headPositionsX: [ 266, 270, 267, 265, 270, 267, 271, 268, 266, 268, 268,
    268, 269, 269, 268, 267, 268, 270, 271, 269, 270, 270, 271, 267, 267,
    271, 268, 270, 269, 270, 269, 268, 268, 271, 268, 269, 268, 268, 268,
    268, 270, 267, 266, 269, 268, 269, 270, 268, 266, 266, 265, 267, 268,
    269, 267, 266, 268, 268, 266, 265, 266, 264, 268, 266, 269, 269, 265,
    268, 266, 268, 266, 266, 267, 267, 269, 269, 267, 265, 267, 269, 266,
    268, 268, 267, 269, 269, 266, 265, 268, 268, 268, 268, 268, 270, 268,
    267, 265, 269, 267, 264 ]
headPositionsY: [ 79, 75, 77, 78, 76, 75, 79, 78, 74, 74, 75, 75, 78, 77,
    78, 75, 77, 79, 76, 74, 76, 75, 76, 78, 77, 74, 76, 78, 77, 75, 78,
    74, 78, 79, 76, 74, 78, 77, 79, 82, 82, 85, 84, 84, 83, 84, 78, 76,
    74, 77, 76, 74, 75, 77, 77, 86, 86, 93, 92, 90, 87, 82, 76, 76, 73,
    73, 71, 73, 76, 79, 84, 83, 81, 83, 79, 74, 73, 77, 76, 78, 78, 77,
    78, 82, 80, 82, 77, 81, 78, 80, 80, 78, 78, 77, 77, 77, 79, 78, 76,
    76 ]
