%YAML:1.0
---
videoName: "headNod17.mp4"
gestureLabel: 202
fps: 30
pixelSizeInCmTemp: 3.2808219178082193e-01
faceCenterPointX: 253
faceCenterPointY: 76
headPositionsX: [ 253, 253, 253, 255, 256, 257, 254, 257, 253, 255, 254,
    253, 253, 254, 255, 257, 256, 253, 254, 254, 254, 257, 252, 255, 257,
    254, 256, 256, 258, 253, 254, 256, 253, 256, 253, 257, 253, 256, 255,
    255, 252, 255, 252, 253, 254, 253, 251, 255, 252, 255, 252, 252, 252,
    256, 254, 254, 253, 254, 255, 255, 256, 253, 253, 255, 254, 254, 256,
    252, 256, 253, 255, 252, 252, 252, 256, 253, 255, 255, 255, 254, 253,
    256, 254, 255, 254, 256, 254, 256, 256, 255, 254, 253, 253, 252, 255,
    256, 256, 256, 254, 255 ]
headPositionsY: [ 76, 79, 76, 75, 77, 77, 77, 78, 77, 78, 76, 78, 77, 77,
    75, 78, 79, 79, 76, 75, 75, 78, 76, 73, 71, 71, 68, 71, 68, 67, 64,
    66, 68, 70, 71, 69, 72, 72, 77, 76, 77, 80, 81, 84, 84, 85, 85, 84,
    81, 77, 76, 77, 76, 73, 72, 71, 68, 66, 71, 72, 73, 70, 72, 76, 79,
    80, 82, 80, 80, 79, 78, 78, 76, 74, 75, 77, 78, 80, 77, 78, 76, 79,
    75, 73, 78, 78, 77, 77, 78, 76, 76, 76, 78, 75, 78, 76, 77, 75, 77,
    75 ]
