%YAML:1.0
---
videoName: "headNod44.mp4"
gestureLabel: 202
fps: 29
pixelSizeInCmTemp: 2.9567901234567900e-01
faceCenterPointX: 268
faceCenterPointY: 78
headPositionsX: [ 269, 267, 270, 268, 269, 269, 270, 269, 269, 267, 270,
    269, 267, 268, 269, 271, 268, 267, 267, 268, 271, 270, 267, 267, 269,
    268, 269, 269, 266, 267, 268, 268, 267, 269, 268, 267, 265, 265, 268,
    267, 267, 268, 268, 266, 268, 267, 269, 268, 266, 268, 269, 267, 268,
    266, 267, 266, 269, 270, 268, 267, 270, 269, 266, 266, 266, 267, 267,
    266, 266, 270, 270, 267, 269, 269, 267, 270, 270, 270, 271, 267, 271,
    267, 268, 266, 269, 266, 270, 268, 269, 267, 270, 267, 269, 268, 267,
    266, 265, 270, 269, 266 ]
headPositionsY: [ 80, 72, 73, 76, 75, 76, 75, 75, 73, 75, 73, 75, 74, 74,
    73, 74, 73, 75, 78, 80, 83, 90, 91, 92, 94, 92, 90, 87, 81, 73, 74,
    72, 67, 72, 73, 76, 79, 83, 88, 88, 88, 86, 80, 77, 75, 70, 73, 73,
    78, 78, 84, 86, 89, 87, 87, 83, 76, 78, 75, 76, 77, 75, 79, 82, 86,
    84, 86, 82, 78, 76, 74, 78, 76, 79, 77, 84, 83, 87, 87, 87, 86, 80,
    79, 81, 77, 79, 77, 79, 77, 77, 77, 79, 77, 75, 76, 77, 76, 78, 76,
    78 ]
