%YAML:1.0
---
videoName: "headNod33.mp4"
gestureLabel: 202
fps: 29
pixelSizeInCmTemp: 2.9567901234567900e-01
faceCenterPointX: 268
faceCenterPointY: 74
headPositionsX: [ 269, 268, 267, 271, 267, 270, 271, 271, 272, 272, 270,
    270, 272, 269, 270, 273, 271, 272, 270, 272, 272, 273, 269, 268, 271,
    268, 270, 269, 271, 270, 270, 269, 269, 267, 268, 268, 269, 269, 271,
    270, 267, 269, 272, 269, 271, 267, 268, 269, 269, 269, 267, 270, 269,
    269, 267, 270, 266, 270, 269, 267, 269, 267, 267, 267, 268, 268, 269,
    266, 266, 268, 268, 265, 267, 270, 269, 268, 271, 271, 269, 267, 270,
    271, 270, 268, 269, 266, 270, 265, 265, 265, 270, 265, 267, 266, 265,
    266, 268, 269, 266, 267 ]
headPositionsY: [ 75, 70, 72, 71, 73, 72, 72, 69, 73, 73, 72, 70, 70, 69,
    74, 72, 71, 72, 71, 71, 74, 70, 70, 70, 69, 73, 71, 74, 71, 74, 70,
    75, 75, 76, 77, 76, 76, 78, 72, 70, 70, 66, 66, 67, 66, 65, 70, 73,
    80, 83, 83, 80, 82, 76, 73, 71, 73, 68, 72, 71, 68, 69, 70, 71, 76,
    77, 76, 80, 75, 75, 75, 72, 72, 70, 73, 72, 70, 73, 71, 72, 73, 75,
    79, 78, 77, 78, 79, 74, 78, 76, 77, 74, 75, 75, 77, 76, 76, 77, 73,
    76 ]
