%YAML:1.0
---
videoName: "headNod20.mp4"
gestureLabel: 202
fps: 30
pixelSizeInCmTemp: 3.2808219178082193e-01
faceCenterPointX: 253
faceCenterPointY: 80
headPositionsX: [ 253, 256, 255, 258, 254, 255, 254, 255, 256, 254, 254,
    254, 253, 257, 258, 257, 256, 258, 255, 257, 255, 257, 258, 253, 254,
    254, 255, 253, 254, 256, 255, 257, 255, 258, 255, 255, 253, 254, 253,
    255, 254, 255, 254, 253, 253, 251, 252, 252, 254, 254, 252, 254, 253,
    253, 249, 251, 251, 251, 250, 251, 252, 255, 253, 253, 253, 254, 255,
    254, 253, 255, 254, 255, 255, 251, 253, 254, 255, 254, 252, 250, 253,
    251, 254, 253, 252, 252, 252, 252, 255, 254, 254, 255, 250, 254, 252,
    251, 251, 253, 251, 256 ]
headPositionsY: [ 79, 80, 79, 77, 80, 79, 77, 77, 80, 77, 77, 76, 80, 81,
    78, 79, 77, 76, 78, 80, 78, 76, 77, 78, 79, 79, 80, 78, 78, 81, 81,
    85, 87, 89, 85, 84, 82, 75, 74, 70, 74, 70, 72, 75, 79, 80, 83, 86,
    86, 89, 88, 82, 80, 78, 75, 76, 75, 80, 79, 81, 83, 85, 79, 79, 78,
    77, 78, 78, 79, 81, 83, 80, 78, 76, 76, 77, 81, 79, 83, 83, 82, 82,
    79, 78, 81, 82, 82, 80, 81, 80, 81, 80, 79, 78, 80, 78, 79, 82, 80,
    81 ]
