%YAML:1.0
---
videoName: "headNod23.mp4"
gestureLabel: 202
fps: 29
pixelSizeInCmTemp: 3.1933333333333330e-01
faceCenterPointX: 273
faceCenterPointY: 75
headPositionsX: [ 275, 273, 273, 275, 275, 276, 275, 272, 275, 273, 276,
    277, 273, 274, 273, 276, 272, 274, 272, 276, 274, 277, 275, 275, 274,
    275, 275, 275, 275, 276, 274, 274, 276, 274, 273, 273, 275, 276, 271,
    272, 270, 272, 274, 274, 272, 274, 273, 274, 275, 272, 276, 273, 274,
    272, 274, 276, 273, 276, 275, 275, 276, 275, 272, 272, 272, 275, 275,
    272, 275, 275, 272, 275, 276, 276, 273, 274, 271, 276, 273, 274, 275,
    275, 275, 275, 275, 275, 276, 273, 276, 275, 275, 271, 272, 273, 272,
    273, 275, 272, 273, 271 ]
headPositionsY: [ 73, 76, 74, 78, 75, 74, 74, 78, 78, 74, 75, 74, 77, 77,
    76, 75, 78, 75, 78, 78, 77, 77, 78, 76, 71, 72, 69, 70, 68, 67, 63,
    62, 66, 64, 68, 72, 72, 77, 78, 80, 83, 82, 83, 79, 79, 73, 69, 71,
    69, 69, 69, 68, 69, 71, 74, 77, 75, 79, 78, 76, 78, 77, 76, 74, 72,
    69, 68, 69, 67, 72, 71, 73, 77, 77, 78, 80, 79, 81, 76, 76, 75, 77,
    76, 71, 76, 73, 72, 71, 73, 71, 72, 76, 76, 75, 76, 78, 74, 74, 75,
    73 ]
