%YAML:1.0
---
videoName: "headNod8.mp4"
gestureLabel: 202
fps: 29
pixelSizeInCmTemp: 3.1933333333333330e-01
faceCenterPointX: 262
faceCenterPointY: 74
headPositionsX: [ 260, 261, 261, 263, 260, 263, 260, 260, 263, 262, 263,
    262, 262, 259, 261, 263, 262, 260, 263, 263, 260, 260, 260, 264, 263,
    262, 262, 262, 261, 259, 262, 261, 264, 263, 261, 263, 260, 260, 262,
    261, 261, 264, 260, 264, 261, 260, 264, 263, 262, 261, 262, 259, 264,
    262, 262, 259, 262, 258, 259, 261, 260, 259, 262, 262, 263, 263, 263,
    263, 263, 261, 263, 260, 260, 258, 262, 260, 262, 259, 260, 261, 259,
    261, 265, 264, 262, 260, 263, 264, 265, 261, 264, 265, 262, 261, 261,
    263, 260, 262, 264, 262 ]
headPositionsY: [ 76, 75, 76, 76, 74, 78, 77, 75, 76, 78, 76, 78, 78, 75,
    78, 78, 78, 77, 76, 76, 75, 75, 75, 74, 78, 74, 74, 74, 79, 74, 75,
    77, 78, 75, 75, 78, 76, 78, 74, 77, 71, 69, 70, 66, 70, 65, 68, 72,
    72, 77, 75, 81, 82, 83, 84, 82, 79, 74, 75, 69, 72, 69, 71, 75, 77,
    83, 84, 85, 83, 81, 78, 76, 69, 70, 71, 71, 72, 78, 80, 80, 81, 83,
    81, 78, 73, 72, 70, 71, 72, 71, 73, 76, 74, 78, 78, 80, 77, 79, 76,
    75 ]
