%YAML:1.0
---
videoName: "headNod36.mp4"
gestureLabel: 202
fps: 29
pixelSizeInCmTemp: 2.8176470588235292e-01
faceCenterPointX: 269
faceCenterPointY: 75
headPositionsX: [ 269, 269, 272, 270, 270, 271, 271, 272, 269, 273, 272,
    269, 270, 271, 271, 272, 271, 273, 270, 270, 271, 272, 272, 269, 271,
    272, 267, 270, 268, 270, 272, 271, 272, 269, 270, 267, 271, 267, 267,
    267, 266, 270, 270, 270, 269, 270, 268, 271, 268, 272, 273, 269, 273,
    272, 272, 270, 272, 267, 267, 269, 269, 268, 271, 266, 269, 268, 270,
    267, 270, 268, 269, 268, 266, 265, 265, 268, 269, 267, 266, 269, 270,
    270, 270, 267, 271, 271, 268, 267, 272, 269, 271, 270, 272, 266, 271,
    269, 269, 271, 266, 270 ]
headPositionsY: [ 77, 72, 74, 73, 73, 73, 72, 73, 75, 72, 74, 77, 74, 76,
    75, 76, 74, 74, 75, 75, 77, 78, 77, 79, 74, 74, 69, 70, 68, 65, 64,
    64, 69, 74, 81, 85, 90, 91, 90, 88, 85, 81, 75, 73, 71, 68, 67, 67,
    67, 67, 67, 75, 79, 79, 86, 89, 86, 88, 83, 81, 80, 76, 72, 73, 72,
    73, 77, 77, 83, 82, 82, 81, 81, 78, 80, 76, 75, 72, 79, 79, 79, 84,
    82, 84, 85, 82, 79, 79, 77, 78, 74, 75, 77, 77, 75, 74, 76, 77, 73,
    77 ]
