%YAML:1.0
---
videoName: "headNod34.mp4"
gestureLabel: 202
fps: 29
pixelSizeInCmTemp: 2.9567901234567900e-01
faceCenterPointX: 266
faceCenterPointY: 78
headPositionsX: [ 266, 268, 268, 270, 271, 269, 272, 267, 271, 268, 270,
    266, 267, 267, 270, 268, 271, 267, 272, 268, 271, 268, 267, 272, 269,
    268, 269, 271, 271, 271, 269, 268, 271, 272, 271, 269, 267, 270, 269,
    270, 268, 269, 271, 269, 269, 269, 271, 269, 267, 271, 270, 269, 270,
    267, 271, 269, 270, 270, 272, 270, 268, 272, 271, 269, 270, 268, 272,
    271, 268, 267, 270, 270, 266, 265, 267, 266, 265, 268, 268, 264, 266,
    267, 265, 266, 266, 264, 267, 268, 264, 268, 267, 266, 263, 268, 265,
    264, 266, 266, 264, 265 ]
headPositionsY: [ 77, 76, 76, 77, 78, 75, 74, 74, 76, 78, 78, 77, 75, 78,
    75, 76, 77, 78, 76, 77, 75, 76, 75, 76, 76, 77, 75, 74, 78, 75, 77,
    77, 76, 78, 74, 75, 75, 72, 74, 71, 69, 73, 72, 74, 81, 83, 89, 89,
    86, 84, 81, 75, 74, 73, 73, 71, 75, 79, 82, 80, 82, 83, 79, 78, 80,
    78, 75, 80, 79, 82, 84, 83, 86, 82, 80, 81, 79, 75, 78, 76, 80, 79,
    83, 83, 85, 80, 79, 77, 78, 78, 79, 77, 79, 82, 78, 79, 79, 81, 79,
    79 ]
