%YAML:1.0
---
videoName: "headNod49.mp4"
gestureLabel: 202
fps: 29
pixelSizeInCmTemp: 2.9207317073170730e-01
faceCenterPointX: 263
faceCenterPointY: 74
headPositionsX: [ 262, 267, 266, 264, 264, 263, 266, 267, 266, 264, 265,
    264, 267, 266, 262, 262, 262, 263, 266, 266, 263, 264, 263, 263, 266,
    264, 263, 265, 262, 266, 262, 262, 261, 265, 261, 266, 265, 262, 266,
    265, 262, 265, 265, 264, 261, 263, 264, 263, 261, 262, 265, 261, 264,
    264, 265, 261, 265, 265, 263, 263, 263, 265, 263, 265, 262, 266, 263,
    266, 263, 266, 262, 263, 264, 262, 263, 261, 263, 262, 266, 261, 261,
    265, 265, 262, 263, 262, 265, 261, 262, 263, 261, 262, 265, 262, 264,
    264, 265, 264, 262, 261 ]
headPositionsY: [ 74, 69, 72, 72, 69, 72, 70, 75, 71, 71, 71, 69, 71, 71,
    66, 69, 66, 67, 69, 70, 66, 69, 73, 72, 75, 76, 76, 76, 75, 73, 71,
    73, 70, 68, 70, 70, 73, 74, 73, 79, 77, 80, 79, 78, 77, 73, 73, 70,
    71, 70, 71, 72, 73, 75, 79, 77, 76, 79, 76, 72, 75, 73, 74, 72, 75,
    77, 74, 79, 79, 77, 75, 79, 74, 77, 75, 72, 73, 76, 74, 74, 73, 77,
    76, 74, 75, 74, 76, 74, 76, 72, 76, 76, 75, 73, 75, 76, 72, 73, 73,
    75 ]
