%YAML:1.0
---
videoName: "headNod9.mp4"
gestureLabel: 202
fps: 29
pixelSizeInCmTemp: 3.1513157894736843e-01
faceCenterPointX: 261
faceCenterPointY: 75
headPositionsX: [ 260, 259, 263, 261, 261, 263, 262, 260, 261, 262, 260,
    259, 261, 260, 259, 260, 261, 259, 263, 262, 261, 261, 263, 259, 261,
    258, 261, 259, 263, 261, 263, 261, 259, 263, 261, 263, 263, 260, 261,
    259, 261, 259, 261, 262, 262, 259, 260, 259, 258, 260, 260, 261, 262,
    258, 262, 262, 262, 262, 262, 262, 262, 261, 261, 259, 260, 258, 263,
    260, 259, 258, 260, 261, 257, 257, 258, 258, 261, 261, 261, 259, 259,
    261, 256, 258, 258, 259, 259, 259, 260, 260, 262, 259, 260, 258, 259,
    262, 261, 258, 261, 262 ]
headPositionsY: [ 77, 75, 74, 74, 75, 75, 77, 77, 76, 77, 73, 75, 76, 75,
    76, 74, 77, 77, 74, 75, 74, 75, 73, 77, 78, 77, 74, 76, 74, 77, 76,
    75, 79, 78, 81, 80, 78, 76, 76, 74, 71, 75, 79, 80, 83, 89, 84, 86,
    79, 78, 78, 78, 77, 77, 84, 86, 87, 83, 83, 80, 75, 73, 74, 75, 79,
    79, 81, 83, 82, 80, 77, 75, 75, 70, 72, 71, 70, 76, 77, 80, 81, 83,
    84, 83, 82, 75, 75, 76, 72, 73, 74, 70, 74, 72, 74, 75, 76, 72, 73,
    75 ]
