%YAML:1.0
---
videoName: "headNod26.mp4"
gestureLabel: 202
fps: 29
pixelSizeInCmTemp: 3.1513157894736843e-01
faceCenterPointX: 271
faceCenterPointY: 78
headPositionsX: [ 270, 270, 271, 272, 270, 272, 274, 270, 270, 271, 273,
    273, 273, 270, 273, 273, 272, 272, 273, 271, 274, 272, 274, 272, 271,
    273, 269, 273, 270, 274, 273, 269, 270, 272, 274, 272, 269, 272, 269,
    269, 271, 271, 274, 272, 272, 273, 273, 274, 268, 270, 269, 271, 270,
    270, 273, 271, 271, 270, 274, 271, 273, 271, 274, 273, 273, 274, 270,
    274, 271, 271, 271, 274, 271, 273, 274, 270, 272, 270, 270, 272, 268,
    270, 270, 272, 269, 272, 270, 271, 269, 273, 271, 274, 270, 271, 272,
    268, 272, 269, 271, 269 ]
headPositionsY: [ 80, 75, 74, 73, 76, 73, 73, 72, 67, 69, 65, 65, 67, 66,
    66, 69, 69, 73, 71, 75, 77, 84, 84, 86, 82, 81, 79, 73, 72, 72, 69,
    68, 68, 69, 71, 69, 75, 75, 76, 80, 81, 78, 77, 76, 76, 68, 70, 71,
    68, 68, 71, 73, 72, 77, 75, 79, 77, 74, 75, 71, 72, 68, 69, 65, 67,
    69, 67, 69, 70, 74, 72, 76, 74, 76, 76, 75, 73, 68, 71, 67, 67, 71,
    68, 72, 71, 72, 77, 76, 77, 79, 77, 77, 78, 80, 77, 79, 77, 80, 77,
    79 ]
