%YAML:1.0
---
videoName: "headNod10.mp4"
gestureLabel: 202
fps: 29
pixelSizeInCmTemp: 3.2808219178082193e-01
faceCenterPointX: 260
faceCenterPointY: 67
headPositionsX: [ 261, 261, 258, 260, 258, 260, 258, 258, 256, 257, 257,
    259, 261, 260, 257, 260, 257, 259, 259, 256, 258, 258, 257, 258, 259,
    257, 261, 259, 260, 257, 257, 258, 257, 259, 257, 261, 259, 258, 260,
    258, 260, 260, 257, 260, 261, 261, 261, 261, 259, 261, 262, 258, 260,
    258, 259, 261, 258, 261, 258, 261, 263, 258, 259, 260, 259, 262, 260,
    257, 258, 259, 259, 256, 260, 256, 258, 260, 256, 261, 258, 261, 257,
    260, 258, 257, 258, 261, 259, 260, 261, 259, 257, 261, 261, 260, 260,
    260, 260, 260, 258, 262 ]
headPositionsY: [ 65, 69, 69, 72, 71, 69, 72, 72, 72, 68, 72, 70, 69, 69,
    71, 71, 68, 68, 69, 69, 68, 71, 70, 70, 69, 72, 68, 71, 68, 69, 68,
    69, 72, 71, 70, 70, 70, 69, 69, 71, 71, 75, 69, 68, 68, 65, 66, 61,
    63, 61, 66, 67, 69, 70, 76, 73, 74, 73, 67, 65, 67, 64, 62, 65, 65,
    69, 73, 73, 75, 75, 76, 74, 72, 67, 63, 63, 67, 68, 69, 72, 74, 77,
    76, 73, 69, 72, 68, 65, 69, 69, 64, 66, 64, 66, 66, 65, 65, 70, 67,
    67 ]
