%YAML:1.0
---
videoName: "headNod47.mp4"
gestureLabel: 202
fps: 29
pixelSizeInCmTemp: 3.0316455696202532e-01
faceCenterPointX: 266
faceCenterPointY: 70
headPositionsX: [ 264, 267, 267, 265, 268, 265, 267, 265, 264, 265, 264,
    268, 265, 267, 266, 262, 265, 265, 263, 264, 264, 264, 266, 266, 264,
    264, 268, 267, 266, 268, 269, 266, 268, 265, 267, 265, 268, 268, 269,
    270, 269, 269, 267, 269, 268, 264, 266, 266, 264, 265, 265, 267, 267,
    267, 265, 266, 266, 269, 267, 269, 264, 269, 266, 264, 266, 267, 268,
    268, 266, 265, 265, 266, 266, 267, 267, 265, 264, 265, 267, 266, 267,
    268, 265, 264, 267, 263, 264, 265, 265, 265, 266, 266, 267, 266, 263,
    266, 265, 268, 266, 265 ]
headPositionsY: [ 68, 60, 61, 61, 58, 58, 57, 63, 65, 68, 73, 76, 82, 80,
    83, 76, 74, 72, 68, 66, 68, 65, 68, 70, 71, 76, 77, 78, 78, 77, 76,
    72, 68, 66, 68, 69, 66, 69, 71, 74, 78, 78, 80, 77, 75, 74, 70, 69,
    66, 66, 69, 71, 72, 74, 75, 73, 75, 73, 70, 68, 69, 67, 70, 67, 67,
    67, 69, 72, 76, 73, 76, 73, 72, 70, 71, 69, 69, 66, 71, 70, 72, 73,
    74, 73, 74, 70, 70, 71, 68, 71, 69, 71, 71, 72, 71, 69, 71, 71, 68,
    69 ]
