%YAML:1.0
---
videoName: "headNod37.mp4"
gestureLabel: 202
fps: 29
pixelSizeInCmTemp: 2.9207317073170730e-01
faceCenterPointX: 269
faceCenterPointY: 78
headPositionsX: [ 267, 273, 273, 273, 268, 268, 271, 271, 271, 269, 272,
    270, 273, 271, 268, 269, 270, 271, 267, 271, 268, 269, 269, 270, 271,
    267, 270, 272, 267, 271, 268, 268, 268, 272, 269, 268, 271, 271, 269,
    268, 269, 268, 267, 271, 271, 267, 268, 268, 269, 272, 271, 269, 268,
    273, 271, 269, 268, 267, 268, 267, 267, 267, 269, 267, 265, 264, 268,
    266, 268, 266, 266, 268, 265, 270, 268, 268, 266, 270, 269, 268, 269,
    271, 271, 271, 269, 271, 270, 271, 270, 271, 269, 267, 269, 271, 267,
    270, 266, 268, 267, 269 ]
headPositionsY: [ 80, 77, 76, 77, 77, 74, 77, 77, 75, 74, 73, 76, 75, 76,
    76, 74, 75, 74, 73, 74, 77, 76, 77, 75, 74, 73, 74, 76, 73, 74, 78,
    75, 74, 75, 76, 76, 77, 74, 73, 75, 76, 73, 74, 77, 74, 78, 78, 75,
    79, 78, 76, 72, 73, 70, 68, 68, 64, 68, 68, 65, 69, 71, 81, 83, 87,
    86, 87, 85, 84, 80, 75, 74, 71, 66, 68, 64, 67, 68, 69, 69, 70, 74,
    77, 78, 82, 81, 83, 80, 79, 80, 81, 77, 78, 78, 78, 79, 79, 79, 76,
    79 ]
