%YAML:1.0
---
videoName: "headNod33.mp4"
gestureLabel: 202
fps: 29
pixelSizeInCmTemp: 2.9567901234567900e-01
faceCenterPointX: 268
faceCenterPointY: 74
headPositionsX: [ 266, 270, 270, 271, 267, 270, 271, 268, 269, 269, 268,
    268, 271, 272, 268, 273, 272, 269, 270, 271, 273, 270, 269, 270, 268,
    269, 267, 271, 269, 266, 267, 269, 269, 269, 268, 268, 269, 269, 270,
    270, 270, 271, 268, 270, 269, 269, 270, 268, 270, 268, 269, 267, 266,
    268, 267, 269, 265, 267, 265, 269, 266, 265, 269, 268, 268, 268, 266,
    269, 268, 269, 269, 265, 267, 266, 270, 268, 269, 269, 269, 268, 268,
    269, 270, 265, 269, 266, 269, 269, 266, 267, 266, 266, 268, 266, 268,
    269, 268, 269, 270, 267 ]
headPositionsY: [ 74, 71, 71, 72, 70, 71, 70, 73, 73, 69, 72, 73, 71, 69,
    71, 69, 72, 69, 71, 70, 73, 73, 71, 74, 72, 70, 70, 71, 70, 74, 73,
    72, 74, 74, 75, 74, 79, 74, 73, 69, 70, 70, 67, 66, 64, 65, 73, 76,
    80, 80, 81, 80, 80, 78, 76, 73, 69, 69, 68, 69, 68, 69, 70, 74, 75,
    77, 76, 78, 75, 77, 74, 73, 73, 73, 73, 69, 72, 70, 73, 73, 75, 78,
    79, 80, 76, 77, 75, 75, 76, 74, 73, 76, 75, 77, 76, 74, 74, 74, 77,
    75 ]
