%YAML:1.0
---
videoName: "headNod46.mp4"
gestureLabel: 202
fps: 30
pixelSizeInCmTemp: 2.8511904761904761e-01
faceCenterPointX: 264
faceCenterPointY: 72
headPositionsX: [ 263, 263, 265, 266, 266, 267, 263, 267, 266, 264, 263,
    262, 261, 266, 263, 265, 265, 265, 264, 266, 262, 262, 265, 268, 268,
    267, 267, 264, 266, 268, 267, 265, 265, 264, 261, 264, 261, 263, 263,
    262, 264, 265, 262, 265, 262, 261, 264, 262, 262, 263, 263, 262, 262,
    260, 261, 264, 264, 264, 263, 263, 263, 262, 263, 263, 262, 263, 265,
    263, 263, 261, 263, 266, 263, 265, 263, 263, 263, 265, 265, 266, 267,
    265, 265, 263, 262, 262, 265, 264, 264, 262, 264, 262, 261, 262, 263,
    263, 264, 263, 263, 266 ]
headPositionsY: [ 70, 68, 70, 68, 69, 69, 70, 73, 73, 73, 76, 78, 81, 84,
    87, 90, 87, 87, 85, 84, 82, 74, 73, 70, 72, 68, 69, 72, 70, 74, 82,
    83, 89, 88, 86, 84, 81, 78, 75, 70, 68, 69, 70, 70, 74, 78, 79, 85,
    87, 85, 79, 77, 77, 72, 69, 67, 66, 67, 68, 71, 73, 75, 76, 79, 78,
    74, 70, 72, 70, 67, 67, 68, 72, 73, 75, 76, 75, 71, 70, 72, 71, 70,
    72, 68, 74, 72, 76, 75, 76, 71, 70, 73, 69, 72, 73, 72, 72, 71, 70,
    70 ]
