%YAML:1.0
---
videoName: "headNod44.mp4"
gestureLabel: 202
fps: 29
pixelSizeInCmTemp: 2.9567901234567900e-01
faceCenterPointX: 268
faceCenterPointY: 78
headPositionsX: [ 266, 270, 269, 268, 267, 270, 271, 268, 272, 268, 270,
    268, 270, 267, 268, 269, 271, 268, 269, 267, 271, 271, 270, 270, 268,
    267, 267, 267, 266, 269, 268, 268, 266, 265, 268, 270, 269, 267, 264,
    265, 264, 266, 264, 267, 266, 266, 269, 270, 265, 266, 269, 269, 267,
    269, 266, 270, 265, 266, 268, 270, 266, 268, 267, 269, 267, 267, 267,
    267, 270, 266, 270, 268, 272, 267, 268, 269, 270, 270, 267, 269, 270,
    270, 267, 270, 267, 268, 268, 267, 268, 269, 267, 267, 266, 266, 268,
    266, 266, 268, 267, 267 ]
headPositionsY: [ 76, 73, 77, 75, 76, 73, 74, 73, 72, 72, 75, 76, 73, 74,
    75, 77, 76, 78, 79, 81, 86, 90, 93, 94, 96, 94, 91, 84, 82, 76, 70,
    69, 71, 68, 73, 73, 80, 83, 84, 87, 88, 82, 82, 76, 71, 73, 73, 76,
    74, 80, 83, 86, 93, 89, 86, 80, 76, 74, 76, 72, 74, 78, 80, 83, 84,
    84, 85, 80, 77, 77, 75, 75, 74, 77, 81, 81, 85, 87, 85, 87, 85, 80,
    78, 78, 78, 80, 76, 78, 75, 78, 78, 78, 78, 78, 79, 78, 78, 79, 80,
    76 ]
