%YAML:1.0
---
videoName: "headNod46.mp4"
gestureLabel: 202
fps: 30
pixelSizeInCmTemp: 2.8511904761904761e-01
faceCenterPointX: 264
faceCenterPointY: 72
headPositionsX: [ 262, 266, 262, 264, 264, 263, 262, 264, 264, 263, 265,
    261, 263, 266, 266, 264, 263, 262, 266, 262, 262, 265, 262, 268, 266,
    265, 267, 267, 269, 266, 267, 267, 263, 265, 261, 262, 260, 261, 261,
    262, 263, 262, 262, 262, 262, 262, 263, 264, 263, 262, 264, 262, 261,
    262, 261, 262, 265, 265, 264, 261, 261, 263, 262, 265, 266, 262, 262,
    265, 264, 264, 265, 265, 267, 266, 263, 263, 264, 264, 264, 267, 267,
    261, 262, 262, 261, 263, 264, 261, 260, 260, 264, 265, 261, 262, 262,
    261, 264, 264, 261, 265 ]
headPositionsY: [ 71, 66, 68, 67, 67, 67, 68, 69, 73, 74, 78, 77, 83, 82,
    88, 87, 88, 91, 85, 82, 81, 74, 77, 69, 70, 70, 71, 69, 71, 74, 78,
    87, 86, 92, 86, 84, 79, 75, 75, 68, 70, 69, 67, 71, 72, 79, 81, 84,
    84, 81, 79, 79, 76, 71, 66, 67, 66, 67, 70, 71, 72, 76, 77, 80, 74,
    72, 71, 70, 70, 66, 68, 69, 72, 75, 76, 75, 77, 73, 70, 69, 70, 67,
    70, 71, 74, 72, 74, 73, 76, 72, 73, 71, 70, 72, 72, 69, 70, 73, 73,
    74 ]
