%YAML:1.0
---
videoName: "headNod37.mp4"
gestureLabel: 202
fps: 29
pixelSizeInCmTemp: 2.9207317073170730e-01
faceCenterPointX: 269
faceCenterPointY: 78
headPositionsX: [ 271, 270, 269, 271, 268, 272, 269, 268, 268, 269, 270,
    270, 272, 271, 271, 270, 271, 267, 271, 270, 272, 270, 270, 268, 267,
    270, 269, 272, 266, 269, 268, 269, 267, 272, 269, 271, 269, 270, 268,
    269, 272, 269, 271, 267, 267, 270, 270, 268, 270, 272, 267, 271, 269,
    269, 272, 272, 269, 270, 270, 269, 267, 267, 267, 269, 266, 264, 267,
    266, 266, 266, 269, 266, 265, 267, 270, 268, 267, 267, 268, 272, 268,
    270, 268, 272, 269, 272, 268, 271, 270, 270, 269, 268, 270, 269, 268,
    270, 270, 268, 271, 270 ]
headPositionsY: [ 79, 78, 77, 78, 74, 74, 75, 77, 77, 75, 76, 76, 74, 75,
    74, 74, 74, 74, 73, 73, 74, 74, 74, 73, 75, 75, 75, 78, 77, 77, 76,
    78, 74, 78, 75, 74, 77, 74, 77, 78, 75, 73, 76, 73, 76, 76, 75, 75,
    77, 78, 75, 72, 74, 68, 66, 65, 63, 65, 65, 67, 70, 71, 77, 84, 89,
    87, 89, 84, 82, 82, 75, 72, 67, 66, 66, 66, 64, 65, 69, 71, 74, 75,
    80, 79, 80, 80, 82, 82, 82, 80, 78, 80, 79, 77, 77, 77, 76, 80, 78,
    77 ]
