%YAML:1.0
---
videoName: "headNod41.mp4"
gestureLabel: 202
fps: 29
pixelSizeInCmTemp: 2.9937500000000000e-01
faceCenterPointX: 267
faceCenterPointY: 76
headPositionsX: [ 266, 269, 269, 272, 269, 270, 269, 269, 272, 270, 269,
    271, 269, 269, 268, 272, 272, 273, 269, 272, 273, 271, 269, 273, 270,
    271, 267, 270, 267, 272, 269, 270, 268, 268, 267, 271, 268, 272, 269,
    267, 270, 269, 270, 267, 268, 271, 268, 267, 270, 265, 268, 268, 269,
    270, 268, 269, 269, 267, 269, 270, 268, 270, 267, 270, 269, 269, 266,
    269, 268, 269, 266, 269, 267, 266, 267, 269, 268, 269, 265, 267, 267,
    268, 267, 269, 267, 267, 265, 269, 266, 267, 269, 269, 265, 268, 268,
    268, 266, 269, 268, 266 ]
headPositionsY: [ 77, 71, 72, 72, 75, 75, 74, 72, 75, 72, 75, 75, 72, 75,
    72, 75, 74, 74, 74, 74, 75, 74, 73, 75, 76, 75, 73, 76, 72, 72, 73,
    74, 76, 73, 75, 72, 74, 76, 77, 78, 82, 83, 85, 89, 92, 94, 88, 88,
    83, 79, 77, 70, 70, 64, 62, 64, 68, 69, 74, 78, 83, 85, 92, 92, 94,
    88, 85, 79, 77, 74, 75, 71, 70, 71, 70, 77, 79, 83, 82, 85, 83, 80,
    76, 76, 75, 74, 73, 75, 73, 75, 79, 79, 80, 81, 80, 77, 79, 78, 76,
    78 ]
