%YAML:1.0
---
videoName: "headNod17.mp4"
gestureLabel: 202
fps: 30
pixelSizeInCmTemp: 3.2808219178082193e-01
faceCenterPointX: 253
faceCenterPointY: 76
headPositionsX: [ 253, 253, 256, 256, 253, 255, 257, 257, 253, 257, 254,
    256, 254, 256, 255, 257, 257, 254, 255, 256, 257, 257, 252, 255, 253,
    256, 257, 254, 258, 256, 254, 255, 255, 254, 253, 255, 256, 255, 255,
    256, 254, 255, 254, 252, 255, 255, 255, 255, 253, 252, 254, 253, 253,
    254, 256, 254, 255, 252, 253, 253, 254, 257, 253, 257, 253, 253, 254,
    253, 253, 255, 253, 252, 252, 254, 253, 252, 256, 256, 254, 255, 255,
    254, 252, 253, 253, 252, 257, 255, 256, 257, 256, 256, 254, 255, 253,
    252, 253, 254, 255, 254 ]
headPositionsY: [ 76, 80, 76, 77, 77, 78, 75, 78, 74, 78, 75, 77, 75, 76,
    78, 80, 79, 78, 76, 75, 75, 78, 75, 72, 74, 72, 70, 69, 69, 66, 68,
    65, 70, 69, 67, 72, 71, 75, 77, 78, 79, 83, 82, 83, 83, 86, 81, 83,
    81, 77, 79, 78, 74, 74, 69, 72, 70, 68, 68, 69, 69, 72, 72, 75, 78,
    77, 81, 79, 80, 79, 79, 79, 77, 74, 77, 80, 79, 79, 80, 78, 78, 75,
    74, 75, 76, 78, 76, 76, 80, 78, 75, 79, 76, 76, 77, 77, 80, 75, 76,
    77 ]
