%YAML:1.0
---
videoName: "headNod46.mp4"
gestureLabel: 202
fps: 30
pixelSizeInCmTemp: 2.8511904761904761e-01
faceCenterPointX: 264
faceCenterPointY: 72
headPositionsX: [ 264, 264, 263, 263, 263, 265, 264, 267, 264, 265, 262,
    265, 261, 264, 263, 266, 263, 266, 264, 264, 263, 266, 262, 264, 268,
    265, 265, 265, 268, 265, 264, 264, 265, 261, 264, 264, 260, 263, 262,
    262, 260, 264, 261, 261, 261, 264, 262, 260, 260, 262, 264, 261, 261,
    262, 262, 262, 264, 264, 264, 262, 263, 261, 263, 261, 263, 263, 264,
    264, 262, 265, 264, 264, 264, 264, 265, 263, 266, 265, 264, 265, 263,
    261, 262, 266, 261, 265, 265, 262, 263, 262, 263, 263, 262, 265, 261,
    265, 261, 266, 262, 263 ]
headPositionsY: [ 74, 68, 71, 70, 69, 70, 69, 70, 74, 75, 74, 79, 82, 83,
    89, 91, 91, 89, 86, 85, 80, 77, 75, 69, 68, 70, 69, 69, 74, 77, 81,
    87, 87, 92, 90, 82, 80, 74, 78, 69, 67, 69, 67, 72, 74, 79, 78, 83,
    86, 81, 79, 77, 76, 69, 68, 68, 69, 68, 71, 69, 72, 78, 78, 79, 77,
    75, 71, 71, 71, 69, 69, 70, 70, 72, 77, 75, 77, 75, 72, 71, 72, 70,
    69, 69, 71, 72, 75, 76, 72, 73, 72, 70, 70, 74, 73, 69, 72, 74, 70,
    73 ]
