%YAML:1.0
---
videoName: "headNod31.mp4"
gestureLabel: 202
fps: 29
pixelSizeInCmTemp: 2.8855421686746985e-01
faceCenterPointX: 267
faceCenterPointY: 75
headPositionsX: [ 266, 270, 271, 268, 270, 272, 270, 268, 269, 272, 271,
    270, 269, 270, 270, 269, 266, 267, 267, 267, 266, 268, 268, 266, 264,
    266, 268, 267, 266, 269, 270, 268, 268, 269, 270, 270, 271, 268, 266,
    270, 266, 269, 266, 267, 268, 269, 269, 269, 266, 266, 269, 269, 267,
    265, 267, 264, 265, 264, 265, 266, 266, 266, 268, 266, 269, 267, 266,
    268, 268, 268, 264, 266, 264, 264, 268, 266, 268, 267, 266, 265, 270,
    264, 266, 266, 268, 268, 265, 269, 267, 267, 265, 267, 269, 266, 268,
    268, 268, 269, 268, 267 ]
headPositionsY: [ 76, 75, 76, 75, 74, 72, 73, 66, 64, 65, 64, 66, 67, 66,
    75, 80, 81, 85, 86, 84, 86, 85, 81, 77, 75, 72, 71, 72, 70, 70, 71,
    67, 72, 73, 79, 80, 83, 88, 89, 85, 87, 80, 80, 79, 74, 73, 75, 75,
    75, 77, 81, 83, 85, 83, 85, 79, 80, 77, 75, 73, 70, 71, 70, 67, 71,
    74, 76, 78, 80, 81, 82, 78, 80, 78, 76, 75, 71, 69, 72, 72, 72, 74,
    73, 78, 78, 75, 76, 75, 76, 73, 76, 75, 76, 73, 77, 74, 76, 77, 74,
    73 ]
