%YAML:1.0
---
videoName: "headNod45.mp4"
gestureLabel: 202
fps: 30
pixelSizeInCmTemp: 3.0316455696202532e-01
faceCenterPointX: 265
faceCenterPointY: 77
headPositionsX: [ 263, 266, 265, 267, 268, 267, 270, 268, 267, 269, 266,
    267, 265, 268, 267, 266, 266, 268, 266, 265, 269, 265, 269, 266, 265,
    267, 267, 263, 265, 266, 266, 268, 264, 267, 268, 267, 267, 266, 267,
    264, 268, 267, 267, 263, 266, 263, 265, 267, 266, 266, 265, 265, 269,
    270, 266, 268, 268, 268, 265, 264, 266, 269, 266, 266, 264, 265, 266,
    269, 266, 269, 265, 267, 268, 264, 268, 264, 268, 267, 264, 266, 265,
    265, 267, 268, 264, 264, 269, 263, 265, 267, 266, 267, 266, 268, 264,
    267, 264, 263, 267, 264 ]
headPositionsY: [ 78, 75, 74, 77, 73, 75, 74, 75, 78, 73, 78, 73, 75, 75,
    75, 77, 76, 79, 78, 82, 85, 89, 91, 95, 92, 93, 90, 86, 82, 78, 71,
    75, 68, 68, 68, 68, 69, 70, 73, 77, 81, 89, 92, 90, 94, 90, 88, 82,
    80, 77, 73, 71, 72, 71, 74, 77, 79, 81, 86, 84, 83, 83, 82, 76, 75,
    74, 73, 72, 76, 75, 77, 80, 81, 88, 87, 86, 88, 82, 82, 79, 75, 74,
    75, 79, 75, 78, 81, 79, 78, 80, 77, 76, 80, 79, 76, 78, 75, 78, 77,
    80 ]
