%YAML:1.0
---
videoName: "headNod31.mp4"
gestureLabel: 202
fps: 29
pixelSizeInCmTemp: 2.8855421686746985e-01
faceCenterPointX: 267
faceCenterPointY: 75
headPositionsX: [ 266, 272, 272, 268, 268, 268, 271, 272, 272, 269, 271,
    268, 270, 272, 271, 270, 266, 267, 268, 265, 267, 267, 267, 266, 267,
    265, 264, 264, 267, 267, 268, 267, 270, 269, 270, 267, 271, 268, 268,
    268, 269, 269, 267, 268, 267, 268, 269, 269, 266, 269, 266, 266, 265,
    267, 267, 265, 267, 265, 269, 267, 268, 267, 267, 267, 268, 269, 268,
    265, 267, 268, 264, 268, 266, 265, 265, 266, 265, 264, 266, 266, 268,
    265, 263, 264, 265, 266, 265, 268, 269, 264, 269, 265, 266, 265, 269,
    265, 268, 266, 265, 265 ]
headPositionsY: [ 73, 74, 73, 75, 76, 76, 76, 66, 65, 66, 64, 67, 68, 65,
    78, 81, 82, 83, 86, 85, 83, 84, 81, 77, 75, 70, 70, 74, 67, 70, 67,
    68, 73, 75, 79, 83, 85, 85, 89, 86, 84, 81, 79, 79, 74, 76, 73, 76,
    77, 77, 79, 85, 85, 83, 81, 78, 79, 74, 74, 73, 69, 68, 69, 69, 71,
    75, 75, 75, 81, 80, 78, 77, 79, 78, 77, 75, 70, 73, 72, 73, 74, 77,
    77, 78, 76, 74, 79, 74, 77, 72, 74, 76, 75, 75, 73, 74, 74, 77, 78,
    75 ]
