%YAML:1.0
---
videoName: "headNod19.mp4"
gestureLabel: 202
fps: 29
pixelSizeInCmTemp: 3.1933333333333330e-01
faceCenterPointX: 255
faceCenterPointY: 81
headPositionsX: [ 254, 260, 256, 257, 258, 255, 258, 255, 258, 259, 253,
    256, 257, 254, 256, 255, 254, 255, 250, 254, 251, 254, 249, 252, 251,
    252, 252, 249, 252, 252, 252, 253, 251, 253, 255, 255, 253, 255, 255,
    252, 253, 257, 256, 255, 255, 255, 255, 256, 257, 253, 255, 258, 255,
    254, 254, 257, 258, 256, 253, 254, 256, 256, 253, 257, 256, 257, 253,
    255, 257, 258, 256, 254, 256, 254, 258, 253, 258, 257, 254, 254, 257,
    253, 254, 254, 255, 254, 254, 253, 253, 256, 257, 254, 257, 255, 254,
    257, 254, 254, 255, 256 ]
headPositionsY: [ 80, 85, 83, 82, 81, 79, 79, 76, 77, 78, 75, 78, 76, 79,
    77, 79, 75, 78, 77, 76, 77, 78, 79, 76, 78, 76, 81, 78, 77, 78, 80,
    78, 79, 80, 77, 77, 77, 80, 76, 77, 77, 80, 78, 77, 79, 80, 76, 80,
    79, 76, 78, 79, 78, 79, 77, 81, 80, 80, 80, 77, 82, 80, 77, 78, 80,
    79, 79, 76, 74, 75, 74, 76, 73, 78, 80, 84, 84, 83, 80, 81, 74, 77,
    77, 78, 84, 82, 83, 83, 85, 83, 82, 81, 80, 81, 81, 80, 82, 83, 82,
    83 ]
