%YAML:1.0
---
videoName: "headNod3.mp4"
gestureLabel: 202
fps: 29
pixelSizeInCmTemp: 3.1933333333333330e-01
faceCenterPointX: 264
faceCenterPointY: 76
headPositionsX: [ 262, 263, 264, 263, 262, 261, 267, 262, 264, 267, 268,
    268, 264, 267, 267, 267, 264, 267, 266, 266, 263, 265, 267, 265, 267,
    265, 266, 264, 264, 266, 266, 268, 264, 264, 265, 267, 264, 267, 268,
    264, 268, 266, 266, 263, 264, 266, 264, 264, 265, 267, 268, 263, 265,
    263, 262, 261, 263, 265, 263, 262, 266, 262, 263, 262, 265, 262, 263,
    263, 263, 266, 262, 266, 264, 262, 264, 263, 264, 266, 265, 265, 264,
    262, 264, 262, 265, 265, 264, 262, 263, 265, 261, 266, 264, 265, 261,
    266, 262, 266, 262, 263 ]
headPositionsY: [ 76, 76, 75, 75, 79, 77, 75, 78, 78, 76, 73, 74, 75, 73,
    73, 71, 75, 73, 73, 72, 70, 74, 71, 71, 73, 75, 76, 76, 73, 73, 75,
    73, 76, 72, 76, 75, 72, 73, 75, 76, 73, 75, 76, 71, 72, 67, 67, 68,
    64, 64, 70, 68, 71, 77, 76, 80, 84, 81, 80, 76, 77, 70, 67, 67, 68,
    69, 69, 72, 73, 76, 79, 80, 79, 82, 77, 75, 71, 67, 65, 67, 67, 68,
    67, 69, 72, 73, 79, 81, 80, 82, 77, 79, 75, 75, 78, 79, 75, 78, 75,
    76 ]
