%YAML:1.0
---
videoName: "headNod34.mp4"
gestureLabel: 202
fps: 29
pixelSizeInCmTemp: 2.9567901234567900e-01
faceCenterPointX: 266
faceCenterPointY: 78
headPositionsX: [ 267, 270, 271, 266, 267, 270, 270, 267, 271, 266, 270,
    267, 271, 270, 268, 271, 267, 269, 269, 267, 270, 267, 269, 271, 270,
    268, 271, 270, 270, 268, 270, 269, 267, 269, 267, 271, 267, 271, 271,
    272, 269, 267, 271, 270, 270, 268, 268, 269, 267, 271, 269, 268, 268,
    267, 269, 267, 272, 271, 271, 273, 268, 272, 269, 270, 272, 269, 269,
    268, 271, 268, 267, 269, 268, 265, 266, 265, 265, 265, 268, 268, 268,
    265, 265, 267, 265, 265, 268, 264, 266, 268, 264, 265, 267, 267, 268,
    268, 267, 267, 264, 269 ]
headPositionsY: [ 76, 78, 75, 74, 79, 78, 76, 74, 79, 74, 78, 77, 78, 77,
    76, 74, 76, 75, 76, 73, 78, 74, 78, 77, 78, 77, 78, 77, 75, 75, 78,
    77, 74, 77, 76, 78, 75, 76, 73, 73, 70, 73, 73, 74, 80, 84, 89, 89,
    85, 81, 79, 76, 72, 72, 73, 72, 73, 77, 82, 80, 85, 83, 81, 78, 77,
    77, 75, 77, 81, 83, 85, 82, 84, 85, 80, 82, 81, 77, 79, 78, 81, 80,
    82, 83, 85, 82, 79, 79, 79, 79, 79, 77, 76, 82, 82, 82, 78, 81, 79,
    80 ]
