%YAML:1.0
---
videoName: "headNod6.mp4"
gestureLabel: 202
fps: 29
pixelSizeInCmTemp: 3.1513157894736843e-01
faceCenterPointX: 262
faceCenterPointY: 73
headPositionsX: [ 260, 263, 261, 260, 264, 262, 261, 264, 265, 262, 262,
    263, 261, 260, 263, 264, 261, 259, 265, 264, 262, 264, 260, 262, 265,
    263, 263, 260, 262, 260, 260, 261, 263, 264, 262, 265, 263, 261, 265,
    262, 264, 263, 259, 263, 263, 260, 260, 262, 259, 259, 259, 261, 260,
    259, 260, 261, 263, 260, 260, 262, 262, 259, 261, 262, 260, 261, 261,
    261, 260, 262, 262, 258, 262, 259, 261, 260, 262, 261, 260, 260, 260,
    260, 263, 261, 261, 262, 263, 264, 264, 260, 263, 263, 262, 263, 263,
    261, 264, 263, 261, 262 ]
headPositionsY: [ 75, 71, 75, 75, 76, 72, 73, 75, 72, 76, 75, 75, 73, 73,
    76, 73, 72, 74, 73, 74, 72, 76, 76, 72, 76, 72, 74, 76, 72, 76, 73,
    72, 70, 70, 66, 68, 65, 63, 68, 70, 73, 76, 80, 81, 84, 83, 78, 75,
    67, 68, 66, 69, 71, 74, 82, 82, 85, 82, 76, 72, 71, 71, 67, 67, 72,
    72, 79, 83, 83, 81, 78, 76, 70, 67, 68, 67, 65, 69, 69, 77, 77, 85,
    86, 81, 80, 79, 73, 75, 71, 68, 70, 71, 68, 69, 72, 73, 73, 71, 72,
    74 ]
