%YAML:1.0
---
videoName: "headNod12.mp4"
gestureLabel: 202
fps: 29
pixelSizeInCmTemp: 3.2808219178082193e-01
faceCenterPointX: 254
faceCenterPointY: 69
headPositionsX: [ 252, 252, 251, 253, 251, 253, 253, 255, 255, 253, 257,
    256, 254, 256, 256, 257, 253, 258, 254, 255, 254, 258, 259, 256, 256,
    254, 256, 256, 257, 255, 256, 253, 256, 252, 254, 252, 256, 257, 256,
    253, 254, 254, 255, 253, 255, 254, 257, 255, 254, 257, 252, 254, 253,
    256, 252, 254, 256, 252, 252, 252, 255, 253, 255, 254, 252, 255, 255,
    257, 256, 251, 255, 254, 254, 254, 252, 254, 254, 255, 252, 255, 252,
    253, 253, 256, 257, 255, 256, 257, 253, 253, 255, 256, 257, 254, 253,
    253, 256, 253, 254, 255 ]
headPositionsY: [ 68, 75, 72, 75, 70, 70, 72, 70, 73, 72, 74, 76, 74, 74,
    73, 74, 74, 72, 73, 75, 72, 75, 74, 74, 73, 73, 73, 73, 74, 76, 75,
    76, 74, 74, 75, 72, 72, 69, 64, 66, 64, 64, 64, 62, 66, 64, 67, 70,
    70, 77, 79, 79, 78, 78, 75, 74, 73, 66, 67, 65, 62, 61, 64, 64, 67,
    70, 71, 71, 74, 76, 78, 76, 78, 72, 75, 72, 70, 67, 70, 65, 64, 65,
    67, 66, 70, 67, 70, 70, 74, 73, 74, 74, 74, 73, 74, 70, 70, 70, 68,
    72 ]
