%YAML:1.0
---
videoName: "headNod28.mp4"
gestureLabel: 202
fps: 30
pixelSizeInCmTemp: 3.2364864864864862e-01
faceCenterPointX: 270
faceCenterPointY: 76
headPositionsX: [ 271, 271, 270, 273, 273, 274, 270, 270, 272, 272, 272,
    272, 273, 271, 269, 272, 267, 271, 270, 270, 272, 271, 271, 271, 268,
    271, 272, 270, 272, 271, 271, 273, 269, 270, 268, 272, 271, 271, 270,
    268, 271, 271, 268, 271, 267, 272, 271, 271, 269, 268, 269, 270, 269,
    270, 270, 271, 270, 272, 270, 269, 271, 268, 269, 272, 269, 270, 268,
    269, 269, 272, 271, 271, 271, 271, 269, 271, 273, 270, 272, 272, 273,
    272, 270, 269, 269, 269, 273, 270, 269, 272, 269, 274, 271, 272, 274,
    269, 272, 271, 272, 270 ]
headPositionsY: [ 75, 77, 77, 75, 77, 77, 74, 76, 75, 74, 75, 77, 76, 74,
    73, 75, 72, 74, 77, 77, 77, 73, 75, 77, 75, 76, 74, 74, 72, 77, 75,
    75, 77, 73, 75, 75, 76, 72, 74, 73, 74, 77, 78, 81, 82, 83, 80, 80,
    77, 77, 74, 73, 71, 70, 70, 72, 72, 74, 74, 78, 80, 79, 79, 77, 79,
    73, 72, 73, 72, 70, 74, 73, 78, 82, 78, 82, 79, 78, 76, 75, 75, 75,
    75, 76, 73, 80, 80, 77, 76, 75, 76, 73, 78, 74, 76, 75, 76, 79, 74,
    74 ]
