%YAML:1.0
---
videoName: "headNod35.mp4"
gestureLabel: 202
fps: 30
pixelSizeInCmTemp: 2.9937500000000000e-01
faceCenterPointX: 268
faceCenterPointY: 78
headPositionsX: [ 267, 265, 268, 270, 268, 271, 271, 269, 267, 271, 271,
    268, 272, 270, 269, 271, 268, 272, 268, 271, 271, 271, 268, 272, 268,
    269, 269, 269, 271, 271, 271, 272, 270, 270, 270, 270, 270, 267, 267,
    269, 266, 267, 267, 265, 266, 266, 268, 268, 269, 267, 270, 269, 267,
    267, 268, 270, 267, 266, 266, 267, 269, 269, 269, 268, 268, 268, 266,
    270, 268, 268, 269, 268, 269, 267, 270, 270, 270, 270, 271, 272, 269,
    268, 269, 268, 268, 264, 267, 269, 266, 268, 269, 268, 265, 269, 264,
    267, 268, 267, 269, 268 ]
headPositionsY: [ 76, 75, 77, 78, 75, 74, 77, 77, 78, 78, 76, 79, 75, 75,
    78, 76, 75, 78, 75, 74, 75, 74, 76, 75, 75, 75, 74, 70, 72, 71, 69,
    69, 69, 69, 72, 75, 81, 83, 90, 93, 91, 91, 90, 86, 78, 78, 76, 75,
    76, 75, 78, 78, 83, 87, 89, 90, 88, 86, 82, 79, 73, 70, 74, 74, 74,
    75, 75, 79, 85, 84, 88, 84, 82, 79, 77, 78, 76, 75, 78, 77, 81, 81,
    88, 86, 85, 85, 81, 82, 83, 80, 79, 78, 79, 79, 77, 77, 80, 79, 81,
    80 ]
