%YAML:1.0
---
videoName: "headNod46.mp4"
gestureLabel: 202
fps: 30
pixelSizeInCmTemp: 2.8511904761904761e-01
faceCenterPointX: 264
faceCenterPointY: 72
headPositionsX: [ 266, 265, 265, 267, 265, 266, 266, 266, 263, 262, 264,
    264, 263, 266, 262, 263, 264, 264, 262, 262, 265, 266, 265, 268, 267,
    267, 268, 268, 268, 267, 267, 264, 265, 262, 264, 260, 260, 260, 264,
    262, 260, 263, 263, 262, 264, 262, 264, 263, 263, 259, 260, 261, 263,
    263, 263, 262, 265, 264, 265, 262, 261, 263, 262, 262, 263, 264, 264,
    264, 262, 264, 264, 264, 266, 265, 264, 261, 263, 263, 263, 264, 263,
    261, 262, 263, 263, 262, 264, 264, 263, 262, 262, 265, 263, 265, 261,
    264, 265, 263, 265, 264 ]
headPositionsY: [ 73, 67, 71, 69, 66, 69, 71, 71, 70, 74, 76, 77, 79, 82,
    88, 90, 90, 88, 86, 85, 78, 73, 75, 72, 68, 71, 69, 70, 74, 73, 80,
    87, 86, 89, 89, 86, 80, 76, 75, 70, 67, 67, 67, 70, 76, 77, 81, 82,
    85, 81, 82, 78, 75, 71, 68, 65, 65, 69, 70, 71, 73, 79, 76, 78, 77,
    73, 73, 69, 71, 70, 66, 70, 70, 74, 74, 73, 74, 74, 70, 71, 73, 67,
    73, 70, 73, 74, 77, 75, 74, 75, 70, 71, 73, 74, 72, 69, 70, 74, 70,
    73 ]
