%YAML:1.0
---
videoName: "headNod1.mp4"
gestureLabel: 202
fps: 29
pixelSizeInCmTemp: 3.2808219178082193e-01
faceCenterPointX: 263
faceCenterPointY: 78
headPositionsX: [ 265, 262, 263, 263, 262, 264, 260, 266, 263, 263, 261,
    262, 263, 263, 265, 266, 261, 266, 265, 262, 266, 264, 267, 264, 265,
    263, 266, 265, 263, 264, 262, 262, 261, 267, 265, 263, 264, 266, 263,
    264, 267, 266, 264, 267, 266, 265, 264, 263, 263, 262, 262, 262, 265,
    261, 260, 263, 264, 262, 261, 263, 261, 264, 262, 264, 264, 266, 266,
    264, 262, 263, 260, 265, 262, 262, 261, 264, 264, 259, 261, 260, 259,
    261, 262, 261, 260, 261, 263, 262, 265, 263, 263, 263, 264, 262, 260,
    261, 262, 261, 263, 265 ]
headPositionsY: [ 80, 76, 75, 73, 73, 75, 77, 76, 77, 76, 75, 77, 73, 76,
    76, 77, 76, 73, 75, 75, 75, 73, 74, 77, 76, 73, 77, 74, 73, 75, 77,
    73, 72, 72, 73, 70, 67, 70, 65, 63, 65, 63, 65, 64, 65, 67, 70, 68,
    70, 76, 79, 81, 80, 84, 84, 82, 80, 75, 77, 72, 70, 66, 68, 63, 64,
    69, 68, 73, 73, 78, 80, 79, 75, 75, 72, 68, 68, 64, 64, 65, 65, 69,
    71, 71, 76, 73, 78, 80, 79, 83, 84, 82, 81, 81, 79, 78, 78, 77, 78,
    79 ]
