%YAML:1.0
---
videoName: "headNod14.mp4"
gestureLabel: 202
fps: 29
pixelSizeInCmTemp: 3.2808219178082193e-01
faceCenterPointX: 257
faceCenterPointY: 71
headPositionsX: [ 258, 258, 256, 260, 261, 256, 258, 257, 258, 259, 261,
    257, 259, 260, 257, 260, 260, 258, 259, 257, 258, 256, 257, 257, 258,
    260, 261, 259, 260, 259, 258, 256, 260, 261, 256, 257, 257, 259, 260,
    261, 261, 260, 259, 258, 261, 261, 260, 258, 258, 261, 258, 257, 257,
    256, 256, 258, 258, 257, 261, 257, 259, 257, 259, 258, 258, 259, 259,
    261, 259, 259, 261, 257, 260, 259, 258, 258, 259, 259, 255, 259, 257,
    260, 257, 255, 259, 257, 260, 257, 260, 256, 259, 257, 257, 256, 259,
    256, 258, 259, 255, 259 ]
headPositionsY: [ 69, 79, 78, 76, 80, 75, 76, 78, 78, 78, 76, 77, 80, 77,
    77, 77, 78, 76, 78, 75, 76, 76, 77, 77, 75, 79, 80, 76, 78, 76, 76,
    76, 77, 80, 76, 80, 75, 77, 79, 75, 74, 70, 72, 69, 69, 67, 69, 73,
    69, 72, 75, 76, 80, 80, 84, 82, 80, 78, 76, 73, 75, 71, 69, 68, 72,
    71, 75, 77, 79, 78, 82, 83, 78, 77, 75, 73, 72, 68, 66, 72, 73, 74,
    73, 78, 81, 78, 79, 76, 78, 77, 71, 73, 69, 71, 68, 70, 70, 69, 71,
    69 ]
