%YAML:1.0
---
videoName: "headNod22.mp4"
gestureLabel: 202
fps: 29
pixelSizeInCmTemp: 3.1513157894736843e-01
faceCenterPointX: 252
faceCenterPointY: 80
headPositionsX: [ 250, 251, 254, 250, 253, 254, 254, 253, 254, 250, 255,
    255, 255, 253, 254, 253, 255, 251, 252, 254, 255, 253, 254, 251, 254,
    255, 251, 251, 253, 255, 250, 255, 252, 253, 256, 257, 255, 254, 254,
    255, 255, 256, 255, 253, 254, 252, 255, 253, 251, 251, 254, 251, 253,
    253, 250, 250, 252, 252, 253, 253, 251, 251, 253, 252, 253, 251, 254,
    254, 250, 252, 252, 251, 254, 255, 254, 254, 254, 252, 254, 253, 252,
    250, 251, 255, 249, 254, 254, 251, 254, 252, 252, 253, 252, 251, 249,
    249, 248, 249, 254, 251 ]
headPositionsY: [ 82, 78, 81, 79, 80, 75, 79, 78, 78, 80, 76, 80, 78, 81,
    79, 77, 78, 80, 80, 81, 79, 79, 80, 79, 79, 82, 83, 82, 82, 79, 78,
    73, 73, 71, 72, 73, 74, 78, 78, 82, 86, 83, 82, 77, 75, 70, 70, 71,
    72, 74, 76, 81, 83, 82, 87, 82, 82, 77, 77, 73, 75, 74, 72, 73, 75,
    77, 79, 82, 81, 77, 76, 73, 75, 76, 79, 78, 78, 82, 81, 78, 76, 76,
    77, 79, 79, 81, 78, 79, 80, 81, 77, 79, 76, 76, 82, 80, 82, 81, 79,
    81 ]
