%YAML:1.0
---
videoName: "headNod16.mp4"
gestureLabel: 202
fps: 29
pixelSizeInCmTemp: 3.3263888888888887e-01
faceCenterPointX: 255
faceCenterPointY: 77
headPositionsX: [ 257, 260, 259, 259, 259, 260, 257, 258, 258, 260, 261,
    258, 260, 261, 259, 257, 261, 258, 258, 257, 260, 259, 257, 258, 260,
    258, 260, 259, 260, 257, 257, 259, 257, 256, 260, 258, 261, 260, 262,
    261, 259, 260, 259, 260, 258, 256, 261, 259, 260, 257, 259, 257, 257,
    258, 256, 256, 258, 260, 257, 258, 255, 260, 258, 254, 258, 254, 253,
    254, 256, 257, 255, 257, 256, 257, 257, 253, 252, 253, 253, 256, 254,
    256, 255, 257, 258, 255, 256, 253, 253, 254, 253, 257, 257, 258, 256,
    256, 254, 256, 254, 256 ]
headPositionsY: [ 78, 73, 75, 77, 77, 76, 74, 73, 75, 76, 77, 74, 75, 74,
    76, 72, 75, 74, 76, 73, 75, 73, 73, 76, 75, 75, 77, 75, 76, 75, 75,
    76, 76, 73, 75, 74, 71, 70, 68, 70, 70, 68, 69, 76, 78, 79, 79, 82,
    81, 81, 76, 72, 68, 71, 68, 71, 74, 75, 78, 81, 83, 84, 83, 81, 76,
    75, 74, 72, 71, 70, 69, 73, 77, 77, 81, 77, 78, 76, 74, 74, 72, 70,
    70, 70, 73, 73, 76, 78, 79, 75, 76, 75, 76, 75, 77, 76, 78, 75, 78,
    78 ]
