%YAML:1.0
---
videoName: "headNod10.mp4"
gestureLabel: 202
fps: 29
pixelSizeInCmTemp: 3.2808219178082193e-01
faceCenterPointX: 260
faceCenterPointY: 67
headPositionsX: [ 260, 259, 259, 260, 257, 260, 257, 260, 256, 257, 259,
    259, 259, 259, 256, 257, 259, 256, 261, 257, 259, 258, 257, 258, 260,
    257, 257, 261, 260, 260, 260, 260, 258, 260, 259, 260, 259, 257, 257,
    260, 257, 257, 260, 259, 261, 260, 261, 258, 261, 263, 260, 261, 259,
    258, 261, 259, 257, 260, 258, 261, 260, 261, 260, 259, 261, 261, 261,
    258, 257, 261, 258, 260, 256, 256, 261, 261, 260, 258, 259, 257, 256,
    258, 258, 257, 256, 259, 257, 260, 259, 261, 258, 261, 257, 262, 262,
    258, 261, 260, 262, 262 ]
headPositionsY: [ 67, 72, 71, 69, 70, 69, 68, 68, 69, 71, 69, 68, 72, 68,
    72, 68, 69, 69, 68, 70, 71, 69, 69, 69, 71, 70, 72, 70, 68, 70, 69,
    69, 70, 69, 70, 70, 69, 71, 69, 69, 72, 73, 72, 69, 67, 68, 64, 60,
    63, 63, 65, 68, 68, 73, 72, 72, 72, 69, 71, 66, 65, 66, 62, 63, 68,
    69, 71, 73, 77, 77, 75, 72, 70, 67, 63, 66, 66, 67, 67, 70, 74, 76,
    77, 72, 73, 69, 68, 65, 67, 68, 65, 66, 66, 66, 65, 67, 69, 66, 69,
    67 ]
