%YAML:1.0
---
videoName: "headNod8.mp4"
gestureLabel: 202
fps: 29
pixelSizeInCmTemp: 3.1933333333333330e-01
faceCenterPointX: 262
faceCenterPointY: 74
headPositionsX: [ 261, 260, 263, 261, 260, 259, 262, 263, 259, 260, 262,
    262, 263, 262, 262, 261, 260, 260, 262, 259, 262, 260, 263, 260, 260,
    262, 259, 262, 262, 260, 261, 261, 260, 263, 259, 263, 263, 262, 260,
    261, 260, 260, 262, 262, 260, 263, 264, 261, 264, 260, 262, 260, 264,
    260, 262, 262, 263, 259, 261, 262, 263, 261, 260, 262, 262, 264, 261,
    261, 261, 260, 262, 261, 260, 260, 259, 260, 261, 261, 262, 261, 263,
    260, 263, 262, 259, 260, 261, 261, 264, 263, 264, 265, 262, 260, 260,
    264, 260, 264, 263, 262 ]
headPositionsY: [ 72, 77, 75, 77, 77, 76, 78, 77, 76, 74, 74, 74, 74, 76,
    75, 75, 75, 77, 77, 78, 76, 78, 78, 76, 76, 75, 74, 76, 78, 78, 75,
    75, 77, 79, 74, 78, 74, 77, 73, 77, 74, 73, 69, 66, 69, 65, 70, 68,
    72, 77, 78, 82, 85, 81, 84, 79, 77, 74, 71, 71, 71, 71, 69, 72, 77,
    82, 84, 84, 80, 82, 76, 75, 69, 72, 72, 73, 71, 76, 81, 82, 81, 84,
    80, 77, 76, 74, 71, 70, 74, 73, 74, 75, 74, 80, 77, 78, 79, 78, 76,
    73 ]
