%YAML:1.0
---
videoName: "headNod21.mp4"
gestureLabel: 202
fps: 29
pixelSizeInCmTemp: 3.2808219178082193e-01
faceCenterPointX: 253
faceCenterPointY: 78
headPositionsX: [ 255, 258, 257, 253, 256, 253, 254, 255, 255, 253, 254,
    254, 256, 256, 257, 254, 257, 256, 252, 256, 253, 254, 253, 254, 257,
    254, 254, 254, 257, 253, 254, 258, 258, 254, 257, 254, 254, 258, 258,
    254, 256, 254, 258, 256, 253, 255, 252, 255, 257, 254, 256, 252, 254,
    254, 254, 253, 253, 253, 255, 254, 252, 252, 252, 254, 252, 252, 251,
    252, 253, 250, 250, 252, 251, 248, 250, 251, 251, 251, 249, 251, 251,
    249, 250, 250, 251, 249, 254, 251, 254, 253, 252, 254, 253, 251, 255,
    252, 255, 253, 256, 256 ]
headPositionsY: [ 77, 78, 78, 77, 79, 76, 76, 79, 78, 77, 77, 80, 79, 79,
    79, 80, 80, 80, 78, 81, 79, 76, 80, 80, 81, 80, 78, 78, 79, 82, 82,
    85, 81, 82, 76, 78, 73, 75, 75, 78, 80, 84, 85, 84, 82, 80, 76, 76,
    76, 76, 78, 84, 82, 81, 86, 80, 78, 75, 77, 78, 79, 80, 81, 81, 85,
    83, 78, 79, 77, 77, 74, 79, 82, 79, 84, 82, 83, 80, 78, 76, 78, 79,
    77, 78, 78, 80, 78, 79, 81, 76, 81, 77, 77, 79, 77, 81, 79, 79, 80,
    79 ]
