%YAML:1.0
---
videoName: "headNod1.mp4"
gestureLabel: 202
fps: 29
pixelSizeInCmTemp: 3.2808219178082193e-01
faceCenterPointX: 263
faceCenterPointY: 78
headPositionsX: [ 264, 262, 264, 263, 262, 264, 262, 266, 264, 263, 261,
    265, 261, 261, 265, 262, 264, 264, 264, 265, 262, 263, 263, 262, 264,
    264, 264, 266, 265, 262, 262, 263, 262, 267, 265, 264, 264, 262, 262,
    266, 268, 263, 264, 265, 266, 264, 267, 264, 264, 265, 266, 262, 264,
    265, 262, 265, 260, 261, 264, 261, 261, 265, 263, 264, 264, 262, 266,
    263, 265, 265, 263, 265, 265, 263, 264, 263, 263, 262, 261, 261, 262,
    261, 263, 261, 261, 263, 262, 261, 264, 264, 262, 261, 261, 260, 264,
    262, 265, 265, 264, 264 ]
headPositionsY: [ 80, 73, 74, 76, 74, 74, 75, 77, 74, 76, 75, 75, 75, 76,
    72, 75, 72, 72, 73, 76, 72, 72, 77, 73, 76, 75, 76, 73, 75, 75, 73,
    77, 75, 76, 75, 70, 67, 69, 68, 64, 65, 65, 61, 65, 65, 64, 69, 69,
    71, 73, 75, 78, 82, 83, 83, 83, 77, 79, 73, 74, 71, 70, 66, 64, 63,
    65, 69, 70, 74, 74, 77, 77, 77, 76, 71, 72, 68, 67, 66, 65, 66, 69,
    70, 72, 76, 75, 80, 78, 82, 80, 84, 82, 80, 82, 79, 80, 79, 77, 77,
    78 ]
