%YAML:1.0
---
videoName: "headNod48.mp4"
gestureLabel: 202
fps: 29
pixelSizeInCmTemp: 2.8855421686746985e-01
faceCenterPointX: 264
faceCenterPointY: 72
headPositionsX: [ 266, 264, 265, 267, 266, 263, 264, 263, 263, 266, 264,
    262, 265, 263, 263, 261, 265, 259, 263, 262, 260, 262, 261, 259, 262,
    258, 261, 261, 264, 259, 262, 263, 264, 263, 260, 262, 262, 262, 262,
    263, 261, 262, 261, 264, 259, 261, 260, 259, 263, 264, 262, 260, 263,
    260, 260, 262, 259, 263, 261, 261, 263, 264, 263, 264, 265, 262, 264,
    261, 263, 264, 265, 266, 266, 266, 264, 265, 266, 263, 263, 263, 267,
    264, 266, 264, 264, 263, 266, 268, 263, 263, 268, 267, 265, 267, 267,
    266, 268, 267, 263, 264 ]
headPositionsY: [ 74, 74, 76, 76, 80, 77, 73, 70, 70, 64, 65, 64, 60, 62,
    69, 69, 75, 79, 82, 86, 89, 85, 84, 82, 78, 76, 71, 70, 66, 66, 63,
    68, 67, 64, 67, 70, 76, 76, 81, 81, 83, 83, 79, 78, 78, 76, 71, 71,
    73, 73, 73, 73, 77, 80, 79, 81, 75, 75, 75, 71, 70, 71, 73, 70, 70,
    73, 75, 78, 78, 78, 77, 75, 74, 70, 69, 72, 71, 71, 70, 71, 76, 73,
    72, 74, 75, 75, 71, 70, 73, 72, 72, 75, 72, 75, 75, 72, 71, 74, 72,
    72 ]
