%YAML:1.0
---
videoName: "headNod1.mp4"
gestureLabel: 202
fps: 29
pixelSizeInCmTemp: 3.2808219178082193e-01
faceCenterPointX: 263
faceCenterPointY: 78
headPositionsX: [ 263, 261, 261, 263, 264, 262, 260, 266, 264, 261, 261,
    262, 262, 263, 262, 266, 263, 264, 262, 263, 266, 262, 263, 265, 266,
    263, 267, 262, 266, 262, 266, 264, 262, 266, 262, 264, 265, 266, 262,
    263, 264, 265, 265, 266, 268, 264, 263, 263, 265, 266, 263, 266, 264,
    263, 264, 264, 260, 264, 265, 260, 263, 262, 264, 264, 262, 262, 264,
    264, 265, 265, 263, 264, 261, 265, 264, 261, 263, 262, 262, 260, 261,
    264, 260, 264, 261, 260, 264, 262, 262, 260, 260, 264, 263, 260, 261,
    261, 263, 261, 262, 264 ]
headPositionsY: [ 79, 72, 76, 72, 72, 73, 74, 73, 73, 74, 77, 75, 76, 73,
    73, 75, 76, 72, 75, 76, 75, 73, 74, 74, 75, 77, 73, 74, 74, 75, 76,
    73, 76, 73, 75, 72, 67, 68, 67, 62, 63, 63, 62, 66, 66, 65, 70, 68,
    70, 75, 77, 81, 80, 81, 80, 81, 81, 78, 75, 70, 70, 70, 67, 65, 67,
    69, 68, 73, 74, 74, 77, 78, 75, 75, 72, 70, 68, 66, 68, 67, 64, 65,
    67, 71, 73, 74, 77, 82, 83, 82, 80, 81, 81, 81, 82, 80, 77, 76, 81,
    78 ]
