%YAML:1.0
---
videoName: "headNod21.mp4"
gestureLabel: 202
fps: 29
pixelSizeInCmTemp: 3.2808219178082193e-01
faceCenterPointX: 253
faceCenterPointY: 78
headPositionsX: [ 252, 255, 254, 256, 255, 253, 255, 253, 257, 257, 256,
    257, 257, 256, 253, 253, 253, 254, 256, 252, 254, 255, 256, 253, 257,
    253, 254, 254, 257, 256, 255, 256, 254, 256, 258, 258, 255, 256, 254,
    257, 254, 256, 257, 258, 257, 253, 255, 256, 253, 255, 256, 252, 254,
    254, 257, 253, 255, 255, 256, 254, 254, 251, 252, 255, 251, 254, 253,
    253, 250, 254, 254, 251, 251, 249, 250, 250, 250, 248, 248, 252, 250,
    250, 251, 250, 251, 250, 253, 250, 254, 254, 255, 251, 255, 251, 253,
    252, 253, 255, 252, 257 ]
headPositionsY: [ 77, 78, 81, 78, 76, 80, 78, 79, 79, 77, 79, 77, 79, 78,
    80, 81, 80, 81, 79, 77, 79, 80, 80, 81, 81, 78, 81, 78, 79, 81, 80,
    82, 82, 78, 77, 77, 73, 77, 74, 76, 78, 84, 82, 85, 82, 82, 78, 76,
    75, 77, 78, 81, 85, 82, 82, 81, 80, 77, 77, 78, 78, 80, 83, 84, 81,
    82, 77, 76, 77, 74, 77, 80, 82, 81, 81, 82, 82, 81, 79, 75, 77, 80,
    78, 81, 81, 81, 81, 77, 77, 77, 78, 76, 77, 77, 76, 78, 76, 81, 77,
    78 ]
