%YAML:1.0
---
videoName: "headNod4.mp4"
gestureLabel: 202
fps: 29
pixelSizeInCmTemp: 3.2808219178082193e-01
faceCenterPointX: 264
faceCenterPointY: 72
headPositionsX: [ 265, 268, 270, 270, 272, 268, 271, 269, 269, 273, 270,
    267, 271, 267, 271, 267, 268, 271, 270, 268, 269, 268, 269, 269, 268,
    266, 270, 270, 269, 268, 267, 267, 270, 269, 266, 268, 267, 266, 267,
    268, 267, 266, 267, 268, 268, 266, 268, 266, 267, 270, 266, 269, 269,
    269, 268, 264, 268, 264, 264, 265, 264, 267, 265, 268, 267, 263, 266,
    263, 264, 265, 266, 267, 264, 263, 266, 265, 265, 266, 265, 266, 265,
    263, 263, 265, 266, 264, 265, 264, 263, 263, 264, 263, 267, 265, 265,
    263, 266, 262, 263, 266 ]
headPositionsY: [ 74, 74, 76, 75, 72, 74, 74, 76, 76, 74, 73, 73, 75, 76,
    76, 74, 76, 75, 76, 74, 74, 72, 76, 75, 71, 74, 75, 77, 75, 74, 76,
    76, 75, 74, 77, 76, 74, 74, 73, 74, 73, 75, 72, 76, 73, 71, 70, 64,
    67, 67, 68, 68, 74, 75, 78, 78, 84, 82, 80, 79, 76, 70, 67, 69, 71,
    70, 75, 75, 81, 82, 81, 82, 81, 80, 77, 71, 70, 67, 71, 70, 68, 69,
    73, 76, 79, 81, 84, 85, 83, 80, 80, 79, 80, 80, 76, 75, 76, 73, 71,
    74 ]
