%YAML:1.0
---
videoName: "headNod39.mp4"
gestureLabel: 202
fps: 29
pixelSizeInCmTemp: 2.9937500000000000e-01
faceCenterPointX: 268
faceCenterPointY: 78
headPositionsX: [ 268, 270, 269, 266, 267, 268, 269, 268, 266, 268, 269,
    268, 269, 268, 269, 271, 270, 271, 268, 271, 267, 268, 267, 268, 271,
    269, 270, 271, 269, 267, 269, 270, 267, 271, 271, 266, 268, 268, 271,
    271, 268, 266, 269, 266, 267, 266, 270, 265, 265, 266, 269, 267, 269,
    269, 269, 268, 268, 266, 265, 265, 266, 264, 266, 266, 268, 268, 267,
    265, 266, 266, 267, 266, 265, 269, 267, 266, 268, 266, 266, 266, 269,
    270, 265, 268, 269, 270, 269, 268, 268, 269, 265, 269, 268, 267, 266,
    269, 266, 266, 268, 264 ]
headPositionsY: [ 79, 76, 77, 74, 75, 79, 77, 76, 78, 78, 76, 76, 75, 77,
    76, 78, 77, 79, 76, 74, 76, 76, 78, 76, 76, 78, 75, 75, 76, 79, 77,
    75, 75, 76, 76, 75, 76, 76, 78, 80, 84, 81, 86, 85, 85, 84, 77, 75,
    77, 74, 75, 74, 76, 75, 77, 83, 89, 91, 93, 88, 87, 80, 77, 76, 73,
    71, 74, 74, 76, 78, 81, 82, 84, 81, 79, 78, 76, 75, 76, 78, 77, 78,
    77, 82, 81, 80, 77, 79, 81, 77, 77, 77, 77, 79, 76, 76, 77, 79, 80,
    80 ]
