%YAML:1.0
---
videoName: "headNod49.mp4"
gestureLabel: 202
fps: 29
pixelSizeInCmTemp: 2.9207317073170730e-01
faceCenterPointX: 263
faceCenterPointY: 74
headPositionsX: [ 264, 263, 267, 265, 266, 266, 265, 267, 265, 266, 263,
    265, 263, 265, 262, 266, 264, 266, 263, 266, 264, 266, 262, 264, 264,
    263, 263, 263, 262, 266, 266, 265, 262, 266, 263, 264, 262, 264, 263,
    263, 265, 264, 264, 261, 265, 265, 264, 264, 261, 261, 262, 264, 264,
    262, 261, 262, 264, 264, 262, 264, 261, 262, 263, 264, 265, 265, 265,
    264, 265, 264, 265, 265, 266, 262, 264, 264, 262, 261, 265, 262, 261,
    262, 261, 264, 263, 262, 261, 260, 263, 262, 265, 263, 262, 262, 261,
    265, 265, 263, 263, 261 ]
headPositionsY: [ 74, 71, 69, 72, 70, 71, 71, 75, 75, 72, 71, 71, 72, 69,
    67, 68, 70, 69, 69, 69, 70, 72, 72, 72, 77, 75, 77, 77, 74, 72, 72,
    69, 71, 72, 69, 70, 73, 71, 75, 75, 78, 77, 76, 76, 75, 74, 74, 72,
    69, 72, 73, 74, 75, 75, 78, 79, 76, 77, 75, 76, 75, 74, 72, 73, 73,
    77, 76, 79, 81, 80, 76, 79, 78, 73, 75, 75, 74, 73, 73, 74, 73, 76,
    74, 75, 75, 74, 72, 73, 73, 73, 73, 75, 72, 76, 71, 75, 76, 72, 75,
    75 ]
