%YAML:1.0
---
videoName: "headNod49.mp4"
gestureLabel: 202
fps: 29
pixelSizeInCmTemp: 2.9207317073170730e-01
faceCenterPointX: 263
faceCenterPointY: 74
headPositionsX: [ 265, 264, 265, 265, 265, 265, 263, 267, 267, 265, 265,
    262, 267, 266, 262, 265, 264, 263, 265, 266, 263, 262, 265, 263, 266,
    266, 265, 264, 261, 266, 263, 264, 264, 265, 263, 265, 264, 262, 265,
    265, 262, 265, 262, 265, 261, 263, 263, 263, 261, 262, 261, 265, 263,
    264, 262, 263, 264, 263, 265, 262, 261, 265, 263, 266, 263, 264, 262,
    262, 265, 263, 265, 263, 262, 265, 265, 261, 262, 263, 262, 264, 263,
    263, 264, 264, 260, 263, 263, 264, 262, 264, 263, 265, 263, 265, 265,
    263, 261, 264, 264, 265 ]
headPositionsY: [ 73, 70, 69, 71, 72, 74, 74, 72, 74, 70, 73, 72, 69, 68,
    70, 70, 68, 70, 66, 70, 69, 69, 71, 75, 77, 75, 76, 78, 76, 74, 72,
    72, 72, 71, 71, 71, 72, 75, 72, 78, 79, 77, 77, 76, 76, 71, 74, 68,
    72, 71, 74, 75, 75, 75, 79, 78, 75, 79, 74, 75, 76, 75, 71, 75, 71,
    73, 75, 75, 79, 77, 78, 76, 77, 75, 73, 75, 75, 72, 77, 73, 77, 75,
    76, 73, 72, 74, 73, 74, 74, 74, 74, 74, 75, 76, 75, 76, 76, 75, 75,
    73 ]
