%YAML:1.0
---
videoName: "headNod47.mp4"
gestureLabel: 202
fps: 29
pixelSizeInCmTemp: 3.0316455696202532e-01
faceCenterPointX: 266
faceCenterPointY: 70
headPositionsX: [ 267, 267, 265, 266, 269, 266, 268, 267, 265, 269, 266,
    266, 264, 266, 262, 266, 265, 264, 262, 265, 264, 267, 265, 265, 268,
    267, 265, 265, 267, 266, 267, 268, 268, 266, 266, 268, 266, 267, 266,
    269, 268, 269, 269, 267, 267, 266, 266, 267, 268, 266, 266, 265, 266,
    269, 267, 266, 265, 268, 266, 266, 265, 267, 269, 268, 266, 266, 268,
    269, 266, 265, 268, 269, 265, 264, 267, 266, 266, 265, 268, 265, 267,
    264, 265, 265, 268, 264, 265, 265, 268, 268, 265, 267, 266, 264, 267,
    267, 267, 266, 268, 264 ]
headPositionsY: [ 72, 64, 62, 61, 58, 59, 61, 60, 62, 66, 73, 74, 81, 82,
    80, 75, 76, 72, 66, 69, 65, 67, 65, 68, 70, 76, 78, 79, 78, 76, 73,
    71, 71, 69, 67, 68, 70, 71, 73, 77, 76, 79, 81, 79, 75, 71, 72, 69,
    66, 69, 68, 69, 73, 71, 77, 75, 73, 72, 69, 69, 69, 66, 66, 66, 68,
    70, 70, 72, 75, 76, 73, 74, 73, 72, 67, 70, 68, 68, 68, 71, 72, 74,
    75, 76, 73, 69, 73, 68, 71, 72, 68, 71, 70, 69, 73, 71, 72, 72, 71,
    73 ]
