%YAML:1.0
---
videoName: "headNod23.mp4"
gestureLabel: 202
fps: 29
pixelSizeInCmTemp: 3.1933333333333330e-01
faceCenterPointX: 273
faceCenterPointY: 75
headPositionsX: [ 275, 275, 274, 274, 272, 274, 276, 275, 272, 273, 275,
    273, 275, 277, 275, 276, 273, 275, 272, 274, 276, 274, 273, 273, 273,
    276, 276, 273, 276, 276, 277, 275, 276, 273, 276, 274, 273, 273, 271,
    273, 271, 271, 273, 274, 273, 275, 273, 272, 275, 275, 275, 274, 273,
    276, 274, 272, 271, 276, 272, 272, 274, 272, 271, 274, 275, 274, 272,
    275, 274, 276, 272, 275, 274, 276, 273, 274, 275, 274, 271, 273, 272,
    275, 272, 272, 274, 276, 273, 276, 272, 273, 275, 271, 275, 276, 273,
    274, 274, 274, 273, 274 ]
headPositionsY: [ 76, 78, 77, 77, 78, 78, 76, 78, 79, 76, 78, 74, 75, 77,
    76, 76, 79, 78, 78, 75, 75, 76, 75, 77, 74, 71, 67, 68, 65, 67, 64,
    66, 67, 64, 66, 72, 75, 75, 81, 80, 80, 81, 83, 77, 76, 76, 69, 70,
    69, 70, 68, 70, 67, 71, 71, 74, 78, 78, 77, 75, 78, 77, 73, 73, 70,
    68, 71, 67, 69, 69, 73, 75, 77, 79, 79, 77, 81, 81, 78, 78, 74, 74,
    76, 75, 74, 70, 75, 73, 73, 75, 75, 73, 76, 78, 74, 76, 77, 76, 75,
    75 ]
