%YAML:1.0
---
videoName: "headNod26.mp4"
gestureLabel: 202
fps: 29
pixelSizeInCmTemp: 3.1513157894736843e-01
faceCenterPointX: 271
faceCenterPointY: 78
headPositionsX: [ 270, 271, 270, 270, 270, 270, 270, 273, 274, 270, 274,
    272, 274, 273, 273, 273, 273, 273, 275, 273, 274, 271, 272, 273, 273,
    273, 273, 272, 269, 271, 271, 271, 272, 273, 271, 270, 273, 274, 272,
    271, 273, 272, 270, 272, 273, 273, 273, 271, 269, 273, 272, 271, 271,
    270, 273, 274, 270, 269, 274, 271, 272, 270, 274, 271, 271, 274, 274,
    270, 271, 271, 273, 273, 270, 273, 271, 272, 270, 269, 271, 273, 269,
    269, 271, 271, 270, 270, 270, 273, 271, 273, 272, 272, 269, 271, 269,
    271, 269, 268, 273, 270 ]
headPositionsY: [ 78, 73, 76, 71, 76, 74, 69, 71, 70, 69, 67, 65, 67, 66,
    69, 69, 71, 71, 72, 77, 76, 81, 82, 85, 83, 81, 77, 72, 71, 70, 69,
    69, 68, 66, 71, 72, 75, 77, 79, 81, 78, 80, 77, 72, 75, 72, 67, 69,
    67, 70, 68, 69, 71, 73, 75, 79, 75, 73, 74, 72, 71, 70, 66, 65, 67,
    71, 67, 71, 73, 74, 73, 74, 77, 75, 75, 72, 71, 72, 69, 68, 69, 67,
    70, 70, 71, 75, 77, 76, 77, 81, 77, 78, 76, 79, 77, 75, 76, 77, 76,
    76 ]
