%YAML:1.0
---
videoName: "headNod27.mp4"
gestureLabel: 202
fps: 29
pixelSizeInCmTemp: 3.0705128205128202e-01
faceCenterPointX: 271
faceCenterPointY: 77
headPositionsX: [ 271, 270, 270, 273, 273, 271, 272, 272, 272, 271, 269,
    271, 273, 270, 273, 273, 269, 273, 273, 274, 271, 273, 274, 272, 271,
    271, 275, 269, 272, 271, 271, 269, 272, 269, 268, 267, 268, 271, 270,
    270, 269, 268, 269, 267, 272, 268, 268, 268, 269, 269, 271, 268, 271,
    271, 271, 269, 269, 268, 271, 271, 272, 270, 270, 268, 268, 268, 267,
    265, 270, 269, 269, 267, 269, 271, 269, 271, 267, 268, 269, 267, 267,
    268, 270, 270, 268, 270, 270, 270, 269, 271, 273, 273, 273, 273, 271,
    271, 270, 268, 268, 272 ]
headPositionsY: [ 78, 74, 74, 72, 75, 72, 73, 73, 76, 75, 74, 74, 75, 72,
    73, 76, 74, 74, 77, 75, 72, 72, 69, 68, 63, 66, 65, 65, 62, 65, 68,
    78, 80, 85, 84, 84, 82, 78, 72, 70, 66, 69, 70, 68, 71, 72, 77, 79,
    81, 81, 77, 77, 74, 72, 70, 69, 69, 69, 73, 75, 77, 79, 83, 85, 82,
    77, 77, 76, 72, 74, 70, 71, 75, 77, 78, 80, 77, 76, 75, 74, 71, 72,
    69, 72, 73, 74, 75, 77, 79, 81, 80, 80, 79, 79, 76, 76, 78, 75, 79,
    76 ]
