%YAML:1.0
---
videoName: "headNod25.mp4"
gestureLabel: 202
fps: 29
pixelSizeInCmTemp: 3.1933333333333330e-01
faceCenterPointX: 270
faceCenterPointY: 75
headPositionsX: [ 268, 270, 270, 269, 272, 270, 270, 271, 268, 268, 267,
    267, 268, 271, 272, 269, 271, 268, 271, 272, 270, 272, 273, 273, 270,
    270, 271, 272, 272, 273, 271, 270, 274, 270, 275, 274, 273, 270, 271,
    272, 272, 272, 272, 274, 271, 272, 270, 273, 270, 272, 269, 272, 270,
    271, 271, 271, 270, 274, 271, 273, 273, 271, 273, 271, 273, 272, 269,
    272, 268, 271, 267, 270, 272, 273, 272, 269, 269, 270, 270, 271, 269,
    273, 273, 272, 268, 272, 271, 272, 273, 273, 273, 270, 270, 273, 270,
    273, 269, 269, 268, 270 ]
headPositionsY: [ 77, 71, 71, 76, 71, 74, 76, 73, 75, 75, 74, 75, 73, 73,
    74, 76, 75, 72, 76, 76, 77, 75, 73, 75, 74, 74, 73, 73, 75, 73, 77,
    76, 75, 76, 76, 73, 77, 73, 77, 75, 73, 77, 72, 76, 76, 76, 75, 75,
    76, 71, 68, 70, 65, 64, 62, 67, 68, 67, 68, 69, 71, 77, 77, 81, 86,
    89, 89, 86, 84, 83, 80, 73, 73, 73, 70, 69, 66, 70, 73, 72, 73, 79,
    80, 81, 81, 79, 80, 80, 80, 75, 77, 76, 73, 78, 76, 75, 75, 76, 76,
    76 ]
