%YAML:1.0
---
videoName: "headNod37.mp4"
gestureLabel: 202
fps: 29
pixelSizeInCmTemp: 2.9207317073170730e-01
faceCenterPointX: 269
faceCenterPointY: 78
headPositionsX: [ 267, 269, 273, 273, 270, 272, 271, 267, 271, 267, 268,
    268, 270, 270, 271, 270, 267, 268, 269, 270, 268, 270, 269, 266, 267,
    269, 271, 270, 270, 270, 270, 268, 267, 269, 267, 268, 267, 272, 269,
    270, 269, 270, 271, 268, 268, 267, 269, 270, 270, 268, 271, 271, 268,
    272, 271, 269, 270, 267, 267, 268, 270, 267, 269, 269, 267, 266, 266,
    266, 265, 265, 267, 265, 266, 270, 266, 268, 267, 268, 271, 270, 270,
    271, 268, 268, 271, 269, 268, 272, 268, 269, 269, 268, 270, 267, 271,
    269, 266, 268, 268, 267 ]
headPositionsY: [ 79, 74, 73, 75, 74, 73, 78, 74, 76, 76, 74, 78, 74, 77,
    75, 77, 73, 77, 74, 74, 78, 74, 78, 76, 74, 77, 73, 78, 77, 75, 76,
    78, 73, 79, 76, 76, 77, 77, 75, 78, 76, 76, 77, 73, 77, 75, 77, 78,
    79, 78, 73, 75, 70, 71, 67, 65, 63, 64, 68, 66, 72, 73, 77, 83, 87,
    90, 89, 87, 84, 81, 77, 74, 70, 69, 69, 65, 67, 65, 65, 68, 70, 76,
    78, 78, 81, 81, 84, 84, 80, 78, 79, 81, 80, 76, 79, 79, 75, 78, 80,
    79 ]
