%YAML:1.0
---
videoName: "headNod3.mp4"
gestureLabel: 202
fps: 29
pixelSizeInCmTemp: 3.1933333333333330e-01
faceCenterPointX: 264
faceCenterPointY: 76
headPositionsX: [ 263, 266, 264, 265, 264, 263, 264, 263, 265, 264, 267,
    265, 263, 267, 268, 264, 265, 264, 267, 267, 266, 263, 264, 267, 266,
    263, 264, 263, 266, 268, 266, 265, 265, 268, 267, 268, 266, 266, 266,
    264, 266, 266, 266, 267, 264, 266, 265, 263, 267, 266, 265, 267, 267,
    263, 262, 261, 266, 263, 265, 262, 262, 263, 263, 264, 265, 266, 266,
    267, 265, 265, 266, 263, 262, 264, 263, 265, 265, 262, 263, 264, 262,
    264, 265, 264, 263, 262, 265, 263, 263, 265, 261, 266, 261, 264, 265,
    266, 262, 267, 266, 265 ]
headPositionsY: [ 75, 75, 77, 77, 75, 77, 78, 74, 74, 72, 75, 76, 74, 75,
    73, 72, 74, 71, 74, 74, 71, 71, 73, 74, 74, 73, 74, 74, 76, 76, 73,
    72, 76, 74, 75, 75, 72, 74, 74, 75, 74, 73, 75, 72, 74, 67, 66, 68,
    66, 65, 68, 71, 71, 73, 78, 81, 82, 83, 84, 77, 74, 70, 71, 69, 66,
    66, 69, 70, 73, 76, 82, 84, 81, 81, 79, 75, 73, 71, 67, 65, 65, 66,
    70, 71, 74, 75, 76, 81, 78, 80, 76, 80, 76, 78, 77, 75, 78, 77, 75,
    75 ]
