%YAML:1.0
---
videoName: "headNod43.mp4"
gestureLabel: 202
fps: 29
pixelSizeInCmTemp: 2.8855421686746985e-01
faceCenterPointX: 268
faceCenterPointY: 74
headPositionsX: [ 269, 272, 272, 272, 270, 269, 268, 270, 269, 267, 270,
    270, 267, 269, 270, 268, 266, 267, 268, 268, 267, 271, 266, 269, 268,
    267, 267, 267, 264, 264, 267, 267, 267, 267, 265, 266, 266, 265, 267,
    265, 265, 266, 267, 264, 263, 264, 264, 269, 268, 265, 266, 262, 263,
    266, 264, 263, 263, 265, 262, 265, 265, 263, 265, 264, 267, 262, 266,
    265, 266, 268, 269, 270, 266, 266, 265, 268, 270, 268, 267, 265, 269,
    269, 267, 266, 268, 270, 269, 266, 269, 271, 269, 271, 270, 267, 269,
    269, 267, 269, 270, 267 ]
headPositionsY: [ 74, 77, 75, 75, 76, 78, 75, 74, 78, 77, 76, 75, 76, 76,
    76, 74, 75, 76, 74, 73, 76, 76, 77, 77, 77, 78, 79, 83, 88, 91, 90,
    87, 85, 83, 77, 79, 77, 79, 84, 84, 88, 92, 88, 87, 84, 82, 80, 82,
    80, 86, 87, 92, 90, 88, 86, 84, 84, 83, 83, 86, 85, 91, 89, 92, 89,
    84, 82, 82, 80, 76, 78, 83, 81, 86, 92, 92, 91, 90, 85, 80, 77, 75,
    72, 75, 72, 73, 71, 71, 74, 71, 75, 74, 74, 75, 73, 76, 74, 75, 72,
    76 ]
