%YAML:1.0
---
videoName: "headNod24.mp4"
gestureLabel: 202
fps: 29
pixelSizeInCmTemp: 3.1513157894736843e-01
faceCenterPointX: 272
faceCenterPointY: 72
headPositionsX: [ 273, 276, 276, 275, 274, 275, 272, 272, 273, 274, 276,
    273, 274, 276, 273, 274, 277, 273, 275, 276, 272, 273, 272, 272, 275,
    274, 275, 274, 274, 272, 272, 275, 273, 271, 271, 272, 274, 275, 275,
    272, 275, 273, 273, 273, 272, 273, 275, 274, 275, 272, 275, 274, 273,
    274, 272, 271, 273, 273, 274, 273, 272, 274, 271, 270, 273, 271, 270,
    272, 269, 273, 274, 271, 269, 271, 272, 269, 270, 269, 271, 268, 272,
    269, 272, 270, 270, 269, 272, 270, 272, 272, 272, 269, 273, 273, 269,
    272, 270, 272, 273, 272 ]
headPositionsY: [ 71, 72, 73, 71, 75, 74, 71, 73, 73, 75, 73, 73, 72, 74,
    72, 74, 75, 72, 74, 73, 75, 74, 73, 75, 72, 73, 72, 75, 76, 72, 72,
    76, 74, 76, 74, 71, 70, 69, 68, 72, 69, 73, 77, 79, 82, 81, 80, 74,
    72, 65, 66, 67, 69, 73, 74, 76, 75, 71, 71, 68, 66, 67, 68, 68, 73,
    73, 76, 78, 72, 73, 74, 67, 70, 69, 68, 72, 71, 76, 73, 73, 72, 73,
    75, 71, 70, 71, 69, 69, 72, 69, 71, 73, 71, 71, 73, 74, 73, 71, 72,
    70 ]
