%YAML:1.0
---
videoName: "headNod29.mp4"
gestureLabel: 202
fps: 29
pixelSizeInCmTemp: 3.1933333333333330e-01
faceCenterPointX: 271
faceCenterPointY: 70
headPositionsX: [ 270, 274, 273, 273, 272, 275, 272, 274, 272, 275, 273,
    272, 273, 275, 270, 274, 270, 273, 275, 270, 274, 271, 273, 271, 272,
    271, 271, 271, 270, 273, 270, 268, 273, 269, 271, 269, 268, 270, 274,
    271, 271, 271, 270, 271, 273, 270, 271, 269, 270, 269, 273, 270, 273,
    270, 269, 269, 269, 273, 272, 270, 268, 271, 268, 271, 271, 268, 272,
    270, 269, 270, 267, 269, 270, 270, 272, 271, 271, 270, 269, 271, 269,
    270, 269, 269, 272, 273, 270, 273, 271, 269, 272, 271, 271, 271, 270,
    270, 272, 269, 270, 274 ]
headPositionsY: [ 71, 71, 72, 73, 74, 77, 75, 80, 81, 81, 79, 77, 75, 73,
    73, 69, 69, 66, 68, 67, 68, 66, 69, 72, 74, 73, 76, 81, 77, 81, 79,
    79, 74, 72, 70, 74, 70, 68, 72, 72, 74, 75, 80, 80, 80, 78, 79, 77,
    76, 71, 75, 74, 76, 80, 81, 81, 82, 81, 79, 73, 76, 73, 73, 76, 76,
    77, 77, 80, 75, 76, 71, 73, 71, 69, 68, 70, 71, 73, 74, 76, 74, 73,
    74, 70, 71, 73, 70, 68, 72, 67, 69, 71, 69, 73, 68, 72, 69, 70, 67,
    70 ]
