%YAML:1.0
---
videoName: "headNod26.mp4"
gestureLabel: 202
fps: 29
pixelSizeInCmTemp: 3.1513157894736843e-01
faceCenterPointX: 271
faceCenterPointY: 78
headPositionsX: [ 273, 270, 270, 270, 274, 272, 272, 271, 274, 274, 274,
    275, 275, 270, 275, 270, 274, 271, 275, 271, 272, 273, 273, 270, 273,
    270, 271, 273, 270, 274, 271, 273, 273, 272, 271, 270, 269, 274, 273,
    272, 270, 271, 273, 272, 274, 270, 272, 272, 271, 274, 271, 274, 270,
    274, 270, 274, 271, 271, 272, 273, 274, 270, 271, 274, 274, 275, 272,
    271, 270, 270, 271, 271, 271, 271, 270, 272, 272, 270, 271, 271, 269,
    273, 272, 269, 269, 271, 270, 271, 272, 274, 272, 274, 273, 273, 269,
    270, 269, 268, 270, 272 ]
headPositionsY: [ 77, 74, 75, 73, 72, 73, 70, 68, 69, 66, 67, 64, 64, 64,
    68, 67, 70, 70, 71, 73, 76, 80, 84, 85, 83, 80, 77, 72, 74, 72, 71,
    68, 66, 70, 72, 70, 73, 74, 79, 79, 77, 77, 78, 75, 72, 68, 68, 70,
    69, 70, 69, 72, 74, 73, 75, 79, 77, 73, 75, 69, 69, 67, 69, 66, 67,
    67, 69, 69, 73, 71, 74, 75, 77, 74, 78, 75, 71, 72, 68, 71, 68, 67,
    68, 71, 71, 74, 73, 75, 80, 80, 77, 78, 79, 77, 76, 76, 80, 79, 76,
    79 ]
