%YAML:1.0
---
videoName: "headNod43.mp4"
gestureLabel: 202
fps: 29
pixelSizeInCmTemp: 2.8855421686746985e-01
faceCenterPointX: 268
faceCenterPointY: 74
headPositionsX: [ 269, 271, 268, 270, 269, 270, 271, 269, 268, 267, 268,
    269, 269, 269, 270, 270, 266, 266, 266, 269, 267, 270, 266, 269, 268,
    266, 269, 267, 266, 266, 264, 266, 263, 266, 264, 267, 266, 263, 263,
    265, 262, 263, 267, 263, 265, 264, 266, 267, 267, 267, 265, 262, 264,
    263, 264, 265, 264, 265, 266, 264, 265, 263, 264, 264, 263, 263, 265,
    265, 265, 268, 267, 270, 270, 269, 265, 266, 269, 266, 267, 267, 267,
    270, 268, 270, 267, 270, 271, 268, 269, 270, 270, 268, 267, 269, 268,
    268, 267, 270, 269, 269 ]
headPositionsY: [ 73, 78, 78, 77, 76, 77, 78, 77, 77, 73, 73, 77, 73, 75,
    75, 76, 76, 76, 77, 77, 74, 73, 76, 75, 74, 76, 79, 85, 88, 89, 91,
    86, 85, 83, 81, 80, 76, 81, 84, 87, 89, 91, 92, 87, 86, 79, 78, 80,
    82, 84, 88, 93, 93, 92, 88, 84, 83, 81, 80, 83, 87, 88, 92, 90, 88,
    87, 86, 79, 79, 78, 80, 81, 84, 87, 91, 91, 91, 90, 85, 82, 76, 77,
    74, 71, 73, 70, 71, 75, 73, 75, 71, 73, 76, 73, 73, 72, 72, 75, 74,
    75 ]
