%YAML:1.0
---
videoName: "headNod7.mp4"
gestureLabel: 202
fps: 29
pixelSizeInCmTemp: 3.2808219178082193e-01
faceCenterPointX: 261
faceCenterPointY: 71
headPositionsX: [ 261, 268, 264, 265, 267, 263, 266, 263, 263, 264, 263,
    263, 266, 263, 260, 261, 260, 265, 263, 262, 262, 261, 264, 262, 264,
    264, 261, 260, 265, 262, 264, 260, 262, 260, 264, 261, 261, 259, 262,
    263, 263, 262, 262, 264, 264, 262, 260, 263, 259, 260, 264, 260, 261,
    264, 263, 263, 263, 264, 263, 263, 264, 261, 260, 261, 264, 261, 261,
    261, 260, 262, 262, 261, 259, 259, 258, 259, 260, 260, 261, 259, 260,
    263, 264, 263, 265, 263, 260, 260, 262, 259, 259, 261, 262, 262, 260,
    261, 261, 262, 262, 260 ]
headPositionsY: [ 73, 73, 76, 73, 77, 71, 75, 73, 75, 71, 72, 70, 74, 73,
    71, 72, 73, 76, 77, 73, 77, 77, 77, 76, 77, 77, 76, 78, 77, 77, 74,
    77, 77, 76, 74, 73, 73, 76, 77, 75, 73, 76, 77, 77, 78, 77, 77, 77,
    72, 73, 68, 71, 68, 70, 73, 75, 78, 79, 80, 79, 74, 70, 73, 69, 72,
    74, 72, 75, 78, 78, 77, 76, 72, 72, 71, 70, 69, 72, 72, 72, 74, 76,
    77, 77, 77, 75, 75, 74, 71, 73, 70, 71, 72, 72, 69, 71, 74, 72, 74,
    70 ]
