%YAML:1.0
---
videoName: "headNod44.mp4"
gestureLabel: 202
fps: 29
pixelSizeInCmTemp: 2.9567901234567900e-01
faceCenterPointX: 268
faceCenterPointY: 78
headPositionsX: [ 270, 270, 267, 270, 270, 269, 269, 268, 269, 269, 266,
    267, 269, 268, 268, 269, 269, 266, 269, 269, 270, 271, 269, 270, 269,
    267, 267, 266, 265, 266, 267, 268, 269, 266, 267, 269, 265, 268, 264,
    269, 265, 265, 266, 264, 268, 266, 266, 269, 265, 266, 266, 267, 268,
    268, 265, 266, 267, 270, 269, 268, 269, 270, 267, 266, 266, 266, 270,
    266, 266, 269, 270, 267, 271, 270, 268, 266, 270, 268, 270, 269, 269,
    269, 268, 268, 266, 267, 269, 267, 270, 267, 268, 268, 267, 267, 266,
    268, 268, 267, 267, 269 ]
headPositionsY: [ 76, 74, 74, 75, 74, 73, 76, 73, 73, 72, 74, 73, 74, 76,
    74, 73, 77, 78, 81, 82, 83, 88, 91, 96, 94, 94, 89, 83, 82, 77, 71,
    69, 68, 72, 70, 77, 78, 83, 85, 89, 87, 86, 78, 77, 71, 70, 73, 74,
    77, 79, 83, 87, 90, 89, 86, 80, 77, 75, 77, 74, 73, 76, 78, 81, 87,
    85, 83, 81, 80, 80, 74, 79, 78, 76, 80, 84, 85, 88, 86, 84, 86, 84,
    80, 77, 76, 80, 78, 80, 78, 78, 76, 81, 79, 79, 76, 77, 77, 78, 80,
    77 ]
