%YAML:1.0
---
videoName: "headNod13.mp4"
gestureLabel: 202
fps: 29
pixelSizeInCmTemp: 3.2364864864864862e-01
faceCenterPointX: 253
faceCenterPointY: 79
headPositionsX: [ 255, 251, 252, 253, 252, 254, 252, 251, 252, 252, 255,
    254, 252, 256, 255, 255, 253, 253, 255, 255, 253, 255, 252, 252, 254,
    252, 256, 252, 251, 255, 255, 256, 255, 253, 253, 254, 254, 253, 254,
    251, 254, 253, 251, 251, 252, 255, 251, 253, 255, 251, 253, 256, 255,
    252, 254, 255, 256, 253, 252, 254, 253, 254, 253, 251, 254, 252, 254,
    252, 255, 251, 254, 253, 256, 253, 255, 253, 254, 252, 252, 252, 256,
    253, 258, 252, 254, 253, 254, 255, 255, 257, 256, 255, 255, 253, 254,
    255, 255, 253, 252, 250 ]
headPositionsY: [ 77, 72, 73, 74, 72, 72, 72, 74, 73, 76, 71, 71, 73, 71,
    74, 71, 73, 76, 76, 74, 74, 75, 75, 75, 76, 75, 74, 72, 74, 72, 75,
    76, 74, 76, 76, 75, 76, 73, 76, 73, 75, 74, 75, 75, 72, 76, 75, 75,
    73, 72, 71, 67, 68, 65, 69, 68, 73, 74, 74, 75, 79, 77, 79, 74, 75,
    70, 70, 70, 70, 69, 70, 72, 74, 74, 78, 78, 79, 78, 79, 77, 73, 71,
    74, 73, 74, 77, 75, 77, 79, 79, 80, 77, 78, 80, 76, 77, 77, 77, 77,
    79 ]
