%YAML:1.0
---
videoName: "headNod22.mp4"
gestureLabel: 202
fps: 29
pixelSizeInCmTemp: 3.1513157894736843e-01
faceCenterPointX: 252
faceCenterPointY: 80
headPositionsX: [ 251, 252, 252, 253, 251, 254, 253, 256, 255, 251, 254,
    253, 255, 255, 251, 251, 255, 255, 251, 251, 253, 253, 252, 255, 251,
    252, 255, 252, 254, 253, 250, 254, 254, 254, 256, 256, 253, 256, 254,
    252, 252, 256, 255, 253, 252, 255, 255, 254, 254, 253, 251, 252, 252,
    253, 253, 252, 251, 253, 252, 253, 254, 253, 255, 252, 253, 252, 253,
    254, 251, 253, 255, 250, 251, 252, 253, 250, 251, 253, 250, 254, 254,
    250, 251, 253, 251, 252, 250, 252, 254, 254, 253, 253, 252, 253, 249,
    249, 250, 253, 250, 251 ]
headPositionsY: [ 79, 77, 81, 76, 78, 78, 76, 76, 79, 80, 80, 77, 80, 81,
    76, 78, 78, 79, 77, 80, 78, 79, 79, 81, 81, 82, 84, 83, 82, 80, 76,
    75, 74, 70, 69, 75, 73, 80, 79, 84, 85, 84, 79, 79, 73, 72, 69, 72,
    70, 76, 76, 80, 80, 86, 86, 82, 83, 79, 73, 73, 74, 70, 71, 76, 76,
    76, 78, 78, 79, 75, 78, 76, 75, 73, 77, 80, 78, 79, 80, 80, 79, 76,
    75, 79, 75, 79, 79, 79, 81, 79, 79, 77, 78, 76, 79, 81, 82, 81, 79,
    79 ]
