%YAML:1.0
---
videoName: "headNod12.mp4"
gestureLabel: 202
fps: 29
pixelSizeInCmTemp: 3.2808219178082193e-01
faceCenterPointX: 254
faceCenterPointY: 69
headPositionsX: [ 255, 253, 254, 253, 254, 255, 254, 255, 256, 253, 257,
    259, 256, 257, 256, 257, 254, 254, 258, 256, 255, 256, 255, 256, 254,
    257, 259, 256, 257, 257, 259, 254, 255, 255, 253, 253, 252, 254, 256,
    256, 253, 256, 253, 253, 256, 255, 254, 254, 255, 253, 253, 256, 256,
    252, 255, 253, 256, 255, 256, 252, 254, 253, 257, 252, 255, 252, 256,
    254, 253, 252, 255, 252, 254, 252, 255, 255, 255, 253, 252, 257, 253,
    256, 256, 257, 254, 255, 254, 255, 253, 253, 254, 254, 253, 257, 257,
    253, 255, 255, 252, 252 ]
headPositionsY: [ 69, 73, 70, 73, 72, 72, 74, 71, 75, 75, 73, 76, 74, 74,
    71, 75, 71, 71, 72, 75, 72, 71, 72, 75, 72, 72, 74, 73, 75, 74, 73,
    72, 73, 72, 71, 72, 71, 70, 64, 64, 65, 61, 61, 63, 66, 64, 66, 69,
    73, 73, 76, 81, 79, 79, 76, 74, 69, 68, 64, 64, 62, 65, 62, 64, 65,
    68, 68, 70, 72, 72, 77, 73, 78, 72, 71, 69, 67, 69, 70, 67, 65, 66,
    68, 64, 66, 68, 68, 71, 75, 75, 73, 75, 71, 72, 72, 73, 70, 69, 69,
    68 ]
