%YAML:1.0
---
videoName: "headNod45.mp4"
gestureLabel: 202
fps: 30
pixelSizeInCmTemp: 3.0316455696202532e-01
faceCenterPointX: 265
faceCenterPointY: 77
headPositionsX: [ 263, 270, 266, 268, 269, 267, 268, 266, 270, 268, 268,
    270, 267, 266, 266, 265, 268, 269, 267, 266, 268, 268, 266, 268, 267,
    267, 268, 263, 265, 268, 266, 265, 265, 266, 268, 266, 264, 264, 265,
    264, 267, 266, 267, 266, 264, 267, 267, 267, 267, 267, 268, 266, 266,
    266, 265, 264, 266, 266, 267, 267, 269, 267, 267, 266, 266, 266, 265,
    268, 267, 265, 267, 266, 264, 267, 267, 267, 266, 268, 268, 267, 267,
    266, 268, 267, 266, 265, 266, 263, 267, 264, 265, 267, 265, 267, 268,
    265, 265, 263, 268, 268 ]
headPositionsY: [ 79, 76, 73, 74, 76, 76, 74, 74, 78, 76, 78, 73, 73, 75,
    76, 76, 76, 78, 80, 81, 84, 89, 92, 93, 93, 93, 90, 87, 79, 78, 72,
    72, 66, 65, 67, 65, 66, 68, 75, 79, 82, 86, 90, 92, 91, 88, 88, 86,
    79, 78, 74, 75, 73, 72, 76, 73, 77, 81, 86, 87, 84, 82, 80, 79, 74,
    76, 73, 70, 76, 77, 77, 78, 83, 89, 86, 87, 88, 85, 80, 81, 75, 76,
    75, 76, 77, 78, 80, 79, 82, 78, 81, 78, 78, 79, 79, 79, 75, 76, 78,
    79 ]
