%YAML:1.0
---
videoName: "headNod4.mp4"
gestureLabel: 202
fps: 29
pixelSizeInCmTemp: 3.2808219178082193e-01
faceCenterPointX: 264
faceCenterPointY: 72
headPositionsX: [ 266, 270, 271, 272, 271, 270, 270, 267, 273, 270, 271,
    271, 269, 270, 270, 267, 269, 269, 266, 270, 267, 266, 270, 267, 267,
    268, 268, 267, 269, 269, 267, 269, 266, 266, 266, 266, 269, 266, 266,
    269, 270, 266, 264, 267, 265, 269, 267, 268, 270, 269, 268, 270, 269,
    267, 264, 268, 264, 264, 265, 264, 267, 265, 267, 265, 264, 265, 267,
    263, 264, 264, 265, 265, 267, 263, 263, 265, 265, 262, 266, 264, 266,
    262, 267, 266, 263, 268, 265, 265, 263, 265, 263, 264, 267, 262, 264,
    267, 262, 266, 263, 265 ]
headPositionsY: [ 72, 73, 73, 73, 74, 75, 73, 76, 74, 76, 74, 76, 77, 76,
    75, 74, 73, 74, 75, 76, 74, 76, 75, 73, 73, 77, 74, 73, 72, 75, 73,
    74, 77, 72, 73, 74, 74, 74, 76, 73, 76, 75, 72, 76, 72, 67, 66, 67,
    67, 63, 66, 67, 70, 74, 75, 78, 80, 84, 78, 79, 75, 71, 70, 69, 71,
    73, 74, 78, 80, 83, 82, 82, 83, 76, 76, 73, 69, 66, 70, 67, 69, 72,
    74, 77, 80, 81, 82, 82, 84, 81, 81, 78, 79, 78, 78, 77, 74, 74, 71,
    73 ]
