%YAML:1.0
---
videoName: "headNod8.mp4"
gestureLabel: 202
fps: 29
pixelSizeInCmTemp: 3.1933333333333330e-01
faceCenterPointX: 262
faceCenterPointY: 74
headPositionsX: [ 262, 261, 261, 260, 260, 259, 262, 263, 262, 263, 263,
    264, 260, 259, 262, 260, 259, 262, 263, 260, 260, 263, 262, 260, 260,
    259, 262, 260, 260, 260, 259, 261, 262, 263, 260, 259, 262, 262, 263,
    260, 264, 264, 262, 264, 264, 264, 263, 261, 260, 262, 259, 260, 262,
    260, 260, 262, 260, 260, 260, 262, 261, 258, 260, 260, 260, 260, 261,
    263, 263, 260, 261, 262, 260, 261, 259, 258, 258, 260, 258, 259, 260,
    261, 263, 263, 261, 260, 261, 263, 261, 262, 264, 262, 264, 261, 260,
    262, 261, 264, 262, 262 ]
headPositionsY: [ 73, 78, 78, 74, 77, 75, 75, 75, 79, 74, 76, 75, 75, 77,
    77, 78, 75, 75, 78, 76, 76, 77, 75, 76, 77, 76, 78, 76, 78, 78, 76,
    76, 78, 78, 78, 78, 74, 77, 74, 74, 72, 69, 69, 67, 69, 65, 68, 70,
    70, 75, 76, 78, 81, 81, 81, 80, 77, 72, 75, 68, 70, 69, 72, 74, 78,
    83, 83, 82, 82, 79, 79, 73, 69, 70, 68, 73, 72, 77, 77, 81, 81, 84,
    80, 77, 74, 73, 70, 70, 74, 74, 73, 73, 77, 80, 79, 78, 80, 79, 74,
    74 ]
