%YAML:1.0
---
videoName: "headNod16.mp4"
gestureLabel: 202
fps: 29
pixelSizeInCmTemp: 3.3263888888888887e-01
faceCenterPointX: 255
faceCenterPointY: 77
headPositionsX: [ 254, 257, 258, 257, 260, 260, 259, 259, 259, 259, 261,
    257, 257, 258, 260, 261, 258, 256, 258, 260, 257, 257, 260, 259, 260,
    260, 259, 257, 261, 258, 257, 260, 260, 256, 261, 260, 258, 261, 262,
    257, 257, 261, 259, 258, 258, 259, 259, 256, 256, 256, 258, 258, 256,
    256, 260, 257, 257, 259, 256, 258, 258, 256, 254, 258, 258, 253, 257,
    253, 256, 258, 256, 255, 256, 253, 257, 252, 252, 255, 257, 255, 253,
    255, 254, 253, 254, 253, 254, 256, 255, 256, 256, 255, 253, 255, 256,
    253, 257, 255, 257, 254 ]
headPositionsY: [ 78, 74, 75, 76, 74, 74, 73, 74, 74, 74, 76, 74, 76, 75,
    73, 76, 74, 76, 73, 74, 73, 75, 73, 75, 74, 72, 76, 77, 73, 76, 76,
    72, 75, 75, 74, 72, 70, 72, 70, 70, 69, 70, 69, 73, 76, 77, 80, 84,
    80, 77, 74, 74, 69, 71, 69, 71, 74, 73, 79, 81, 84, 83, 80, 79, 79,
    76, 74, 68, 71, 70, 69, 73, 75, 79, 81, 78, 78, 79, 75, 70, 69, 67,
    71, 70, 72, 72, 73, 80, 77, 77, 75, 78, 74, 77, 75, 77, 75, 74, 78,
    78 ]
