%YAML:1.0
---
videoName: "headNod32.mp4"
gestureLabel: 202
fps: 29
pixelSizeInCmTemp: 2.8855421686746985e-01
faceCenterPointX: 266
faceCenterPointY: 74
headPositionsX: [ 267, 269, 268, 266, 270, 265, 268, 269, 268, 267, 268,
    265, 263, 265, 264, 263, 267, 267, 267, 267, 266, 264, 266, 265, 265,
    269, 268, 268, 266, 268, 269, 266, 266, 267, 269, 269, 266, 269, 267,
    268, 270, 270, 266, 266, 269, 269, 268, 269, 268, 266, 267, 266, 267,
    268, 265, 266, 268, 266, 265, 265, 269, 266, 265, 267, 268, 269, 267,
    265, 267, 268, 268, 266, 268, 264, 267, 266, 263, 264, 268, 266, 265,
    266, 265, 265, 265, 269, 267, 268, 269, 266, 268, 269, 266, 266, 264,
    266, 266, 268, 267, 266 ]
headPositionsY: [ 76, 79, 80, 80, 78, 76, 79, 79, 78, 76, 79, 80, 78, 79,
    79, 76, 76, 79, 77, 75, 76, 75, 76, 78, 76, 80, 76, 78, 79, 79, 80,
    77, 78, 76, 77, 76, 80, 75, 79, 78, 78, 80, 77, 76, 78, 76, 79, 79,
    80, 78, 80, 77, 80, 78, 77, 75, 73, 73, 75, 73, 66, 70, 65, 67, 67,
    66, 68, 74, 77, 82, 85, 87, 89, 85, 81, 79, 75, 76, 72, 69, 73, 70,
    73, 70, 73, 75, 73, 76, 76, 75, 75, 76, 74, 76, 74, 77, 73, 72, 75,
    73 ]
