%YAML:1.0
---
videoName: "headNod7.mp4"
gestureLabel: 202
fps: 29
pixelSizeInCmTemp: 3.2808219178082193e-01
faceCenterPointX: 261
faceCenterPointY: 71
headPositionsX: [ 260, 264, 265, 267, 268, 266, 267, 266, 266, 261, 265,
    264, 263, 266, 263, 262, 260, 262, 264, 264, 260, 264, 262, 264, 263,
    265, 263, 263, 264, 261, 263, 262, 262, 261, 260, 262, 263, 262, 261,
    262, 262, 263, 260, 263, 261, 260, 262, 263, 262, 264, 261, 264, 264,
    261, 261, 259, 260, 262, 262, 260, 262, 263, 263, 259, 263, 260, 263,
    262, 262, 258, 258, 262, 259, 260, 258, 263, 260, 259, 260, 261, 262,
    262, 261, 263, 262, 261, 262, 264, 261, 263, 262, 260, 261, 263, 261,
    260, 262, 261, 260, 261 ]
headPositionsY: [ 73, 76, 72, 75, 75, 74, 74, 71, 76, 74, 72, 72, 74, 74,
    71, 73, 73, 76, 75, 76, 75, 76, 73, 74, 77, 74, 76, 75, 74, 73, 75,
    75, 73, 77, 74, 75, 74, 74, 73, 77, 73, 73, 75, 73, 74, 74, 75, 74,
    71, 72, 70, 72, 71, 68, 71, 74, 79, 78, 80, 79, 77, 69, 69, 70, 70,
    74, 73, 76, 78, 78, 79, 74, 75, 69, 73, 69, 71, 71, 73, 75, 75, 77,
    77, 78, 79, 75, 75, 73, 74, 71, 70, 69, 70, 71, 71, 71, 74, 73, 71,
    72 ]
