%YAML:1.0
---
videoName: "headNod6.mp4"
gestureLabel: 202
fps: 29
pixelSizeInCmTemp: 3.1513157894736843e-01
faceCenterPointX: 262
faceCenterPointY: 73
headPositionsX: [ 262, 262, 261, 261, 260, 264, 260, 263, 265, 264, 262,
    261, 260, 263, 264, 262, 263, 262, 265, 264, 265, 263, 260, 261, 264,
    264, 261, 263, 263, 261, 264, 262, 264, 265, 261, 264, 263, 265, 263,
    262, 263, 263, 259, 260, 260, 262, 261, 263, 260, 259, 259, 259, 259,
    261, 264, 260, 263, 258, 259, 260, 258, 258, 260, 262, 259, 258, 261,
    261, 261, 258, 261, 259, 262, 261, 261, 259, 259, 258, 263, 259, 262,
    263, 262, 264, 259, 263, 263, 264, 262, 261, 264, 263, 261, 263, 263,
    259, 260, 260, 263, 260 ]
headPositionsY: [ 71, 72, 72, 74, 74, 75, 75, 72, 73, 74, 74, 74, 75, 75,
    76, 74, 73, 72, 74, 74, 71, 73, 75, 72, 74, 76, 73, 73, 74, 73, 76,
    73, 70, 68, 68, 66, 65, 67, 64, 71, 74, 79, 82, 82, 82, 82, 78, 75,
    69, 68, 68, 71, 73, 78, 82, 84, 82, 81, 79, 72, 68, 69, 70, 67, 71,
    72, 76, 79, 84, 81, 78, 73, 70, 69, 68, 66, 68, 67, 70, 74, 80, 84,
    82, 81, 83, 80, 77, 75, 71, 69, 68, 67, 68, 71, 71, 71, 70, 73, 70,
    72 ]
