%YAML:1.0
---
videoName: "headNod2.mp4"
gestureLabel: 202
fps: 29
pixelSizeInCmTemp: 3.2364864864864862e-01
faceCenterPointX: 263
faceCenterPointY: 70
headPositionsX: [ 265, 260, 260, 263, 261, 262, 264, 263, 263, 263, 264,
    263, 262, 265, 265, 265, 265, 265, 263, 264, 265, 263, 261, 262, 263,
    262, 262, 261, 264, 263, 264, 264, 263, 261, 263, 263, 260, 263, 264,
    260, 264, 260, 263, 264, 264, 262, 262, 264, 260, 262, 260, 261, 263,
    260, 263, 263, 261, 264, 264, 263, 261, 263, 263, 260, 262, 263, 263,
    262, 262, 262, 262, 260, 264, 265, 262, 261, 265, 265, 262, 261, 263,
    263, 261, 263, 262, 263, 264, 264, 264, 265, 262, 262, 261, 261, 262,
    266, 265, 264, 266, 265 ]
headPositionsY: [ 71, 76, 76, 77, 78, 73, 73, 77, 76, 73, 76, 78, 77, 75,
    73, 78, 76, 76, 76, 73, 77, 75, 76, 73, 76, 75, 75, 74, 75, 76, 72,
    73, 76, 76, 75, 75, 76, 76, 74, 75, 75, 73, 72, 73, 72, 72, 74, 72,
    75, 72, 73, 70, 72, 73, 75, 77, 79, 78, 76, 71, 71, 72, 70, 72, 75,
    74, 74, 69, 69, 72, 68, 71, 73, 75, 73, 75, 76, 73, 71, 73, 72, 72,
    73, 78, 73, 74, 71, 71, 69, 70, 72, 72, 71, 71, 72, 72, 69, 72, 71,
    69 ]
