%YAML:1.0
---
videoName: "headNod34.mp4"
gestureLabel: 202
fps: 29
pixelSizeInCmTemp: 2.9567901234567900e-01
faceCenterPointX: 266
faceCenterPointY: 78
headPositionsX: [ 266, 266, 271, 268, 270, 270, 269, 270, 272, 268, 271,
    269, 271, 267, 271, 268, 267, 269, 268, 268, 267, 271, 271, 268, 269,
    270, 270, 271, 271, 270, 270, 267, 271, 268, 269, 269, 267, 270, 272,
    269, 271, 269, 270, 271, 270, 270, 270, 268, 267, 271, 271, 270, 267,
    267, 271, 270, 271, 268, 273, 273, 270, 270, 272, 269, 269, 269, 270,
    271, 270, 267, 270, 267, 270, 268, 268, 265, 269, 266, 266, 267, 264,
    265, 267, 265, 266, 266, 267, 267, 265, 265, 267, 266, 264, 264, 267,
    265, 264, 267, 265, 268 ]
headPositionsY: [ 79, 78, 75, 74, 75, 78, 75, 77, 76, 76, 78, 76, 78, 74,
    75, 76, 76, 77, 76, 73, 77, 74, 77, 79, 77, 78, 76, 76, 75, 74, 75,
    76, 77, 77, 77, 75, 75, 74, 71, 73, 73, 72, 75, 75, 81, 86, 91, 86,
    85, 82, 79, 73, 75, 71, 72, 74, 73, 78, 78, 83, 81, 83, 82, 78, 79,
    77, 78, 79, 79, 83, 82, 86, 84, 85, 84, 81, 81, 78, 77, 79, 80, 79,
    81, 86, 81, 83, 80, 81, 77, 79, 79, 77, 76, 81, 79, 82, 80, 82, 80,
    79 ]
