%YAML:1.0
---
videoName: "headNod39.mp4"
gestureLabel: 202
fps: 29
pixelSizeInCmTemp: 2.9937500000000000e-01
faceCenterPointX: 268
faceCenterPointY: 78
headPositionsX: [ 267, 267, 269, 266, 270, 268, 269, 268, 267, 269, 270,
    266, 266, 269, 270, 271, 270, 268, 269, 267, 270, 268, 267, 267, 267,
    268, 271, 271, 267, 269, 268, 270, 269, 267, 269, 267, 270, 269, 270,
    268, 269, 266, 266, 269, 269, 267, 267, 268, 268, 269, 267, 267, 268,
    267, 268, 266, 265, 265, 268, 267, 268, 266, 268, 266, 267, 265, 266,
    268, 265, 264, 267, 268, 265, 269, 268, 268, 266, 268, 265, 266, 266,
    268, 268, 267, 266, 269, 268, 268, 268, 269, 266, 269, 266, 266, 268,
    270, 266, 265, 268, 268 ]
headPositionsY: [ 78, 78, 78, 76, 74, 79, 79, 77, 78, 78, 74, 75, 78, 78,
    76, 75, 74, 78, 78, 75, 76, 77, 74, 77, 75, 76, 78, 79, 77, 78, 76,
    76, 74, 75, 75, 76, 75, 77, 79, 82, 83, 81, 85, 88, 84, 82, 77, 74,
    75, 75, 74, 73, 77, 74, 80, 82, 86, 91, 89, 91, 83, 79, 77, 74, 75,
    73, 73, 73, 80, 81, 82, 84, 83, 80, 78, 75, 77, 76, 75, 75, 79, 80,
    79, 80, 81, 78, 77, 78, 81, 78, 78, 80, 77, 79, 76, 76, 77, 76, 78,
    80 ]
