%YAML:1.0
---
videoName: "headNod26.mp4"
gestureLabel: 202
fps: 29
pixelSizeInCmTemp: 3.1513157894736843e-01
faceCenterPointX: 271
faceCenterPointY: 78
headPositionsX: [ 272, 273, 270, 272, 271, 274, 270, 269, 274, 271, 270,
    271, 274, 271, 271, 271, 274, 272, 273, 274, 270, 271, 274, 272, 272,
    271, 269, 272, 271, 272, 270, 272, 273, 271, 270, 272, 271, 273, 269,
    270, 272, 269, 271, 274, 272, 270, 270, 272, 269, 270, 271, 275, 271,
    273, 270, 270, 270, 270, 271, 272, 274, 271, 271, 270, 271, 274, 272,
    272, 270, 271, 274, 272, 271, 271, 270, 271, 270, 272, 270, 273, 269,
    273, 271, 272, 273, 272, 272, 271, 270, 272, 271, 270, 272, 270, 269,
    270, 269, 270, 271, 272 ]
headPositionsY: [ 79, 75, 73, 74, 73, 70, 70, 72, 69, 67, 68, 64, 63, 65,
    67, 65, 72, 72, 74, 76, 76, 82, 84, 86, 81, 78, 79, 76, 73, 68, 71,
    67, 68, 66, 70, 72, 71, 77, 77, 81, 79, 76, 77, 74, 75, 68, 70, 69,
    66, 68, 67, 70, 73, 76, 76, 78, 78, 73, 76, 69, 71, 68, 67, 68, 70,
    67, 70, 68, 72, 74, 75, 75, 77, 75, 74, 72, 73, 68, 70, 68, 67, 68,
    72, 70, 69, 76, 75, 77, 76, 81, 79, 81, 76, 79, 76, 75, 80, 76, 80,
    79 ]
