%YAML:1.0
---
videoName: "headNod13.mp4"
gestureLabel: 202
fps: 29
pixelSizeInCmTemp: 3.2364864864864862e-01
faceCenterPointX: 253
faceCenterPointY: 79
headPositionsX: [ 252, 253, 253, 255, 253, 250, 254, 254, 255, 256, 252,
    253, 252, 253, 253, 252, 254, 255, 255, 255, 253, 253, 255, 253, 256,
    256, 253, 251, 254, 254, 252, 252, 254, 254, 253, 254, 251, 254, 254,
    255, 253, 253, 252, 252, 254, 255, 250, 252, 251, 255, 252, 253, 253,
    256, 254, 254, 256, 255, 254, 254, 256, 254, 254, 251, 252, 254, 255,
    253, 252, 254, 255, 254, 254, 252, 254, 257, 254, 253, 254, 252, 254,
    256, 256, 253, 253, 255, 255, 257, 253, 257, 253, 252, 253, 253, 253,
    255, 255, 255, 252, 254 ]
headPositionsY: [ 81, 73, 71, 75, 75, 72, 76, 73, 74, 76, 71, 71, 72, 73,
    76, 74, 72, 76, 72, 76, 76, 76, 75, 75, 73, 72, 73, 73, 74, 75, 72,
    73, 72, 75, 74, 74, 75, 74, 72, 72, 73, 73, 72, 72, 74, 75, 75, 76,
    74, 73, 68, 68, 67, 69, 68, 68, 71, 73, 75, 74, 77, 80, 77, 76, 71,
    73, 71, 71, 71, 70, 72, 72, 74, 77, 77, 79, 82, 78, 75, 74, 72, 71,
    71, 73, 71, 77, 77, 80, 77, 81, 79, 81, 80, 82, 78, 79, 77, 76, 77,
    80 ]
