%YAML:1.0
---
videoName: "headNod1.mp4"
gestureLabel: 202
fps: 29
pixelSizeInCmTemp: 3.2808219178082193e-01
faceCenterPointX: 263
faceCenterPointY: 78
headPositionsX: [ 262, 263, 262, 262, 264, 262, 263, 265, 265, 262, 260,
    264, 263, 264, 263, 264, 262, 265, 265, 262, 266, 263, 263, 266, 262,
    263, 266, 264, 262, 264, 264, 262, 263, 263, 264, 266, 262, 266, 263,
    264, 265, 266, 266, 266, 268, 263, 265, 264, 265, 265, 266, 265, 266,
    263, 264, 265, 263, 265, 261, 260, 261, 263, 262, 266, 263, 263, 263,
    262, 265, 264, 264, 265, 265, 262, 264, 264, 264, 262, 261, 261, 263,
    261, 260, 263, 261, 263, 265, 265, 265, 263, 260, 260, 264, 262, 262,
    261, 265, 263, 265, 263 ]
headPositionsY: [ 77, 72, 75, 73, 74, 77, 75, 75, 73, 73, 73, 76, 75, 74,
    76, 77, 73, 75, 77, 73, 73, 72, 76, 76, 75, 73, 77, 77, 76, 73, 74,
    75, 72, 74, 71, 71, 67, 68, 66, 63, 63, 63, 63, 63, 64, 65, 69, 72,
    73, 73, 78, 80, 83, 84, 82, 83, 81, 78, 76, 72, 72, 66, 65, 67, 66,
    65, 70, 73, 75, 76, 80, 79, 75, 77, 72, 72, 68, 68, 65, 64, 68, 66,
    69, 72, 72, 76, 78, 82, 79, 84, 81, 81, 78, 80, 78, 77, 79, 80, 77,
    76 ]
