%YAML:1.0
---
videoName: "headNod0.mp4"
gestureLabel: 202
fps: 29
pixelSizeInCmTemp: 3.2364864864864862e-01
faceCenterPointX: 264
faceCenterPointY: 76
headPositionsX: [ 265, 268, 265, 269, 268, 267, 269, 267, 266, 266, 267,
    267, 269, 264, 264, 263, 263, 264, 267, 264, 265, 264, 267, 265, 267,
    267, 267, 265, 266, 264, 263, 263, 266, 264, 266, 267, 266, 266, 264,
    268, 266, 266, 268, 265, 265, 263, 266, 265, 263, 265, 263, 265, 264,
    264, 263, 265, 263, 264, 262, 265, 267, 264, 265, 265, 264, 267, 266,
    265, 267, 268, 265, 263, 266, 264, 265, 262, 264, 262, 263, 263, 264,
    266, 263, 267, 265, 264, 265, 266, 263, 264, 265, 265, 267, 263, 266,
    264, 262, 264, 266, 265 ]
headPositionsY: [ 74, 72, 72, 74, 74, 73, 73, 74, 76, 74, 75, 73, 75, 75,
    75, 75, 73, 73, 71, 75, 72, 73, 73, 72, 73, 72, 75, 75, 73, 71, 68,
    69, 67, 62, 63, 62, 63, 63, 66, 68, 65, 72, 71, 75, 76, 81, 82, 81,
    82, 80, 76, 75, 71, 69, 67, 69, 68, 63, 65, 70, 68, 69, 74, 72, 76,
    78, 77, 81, 77, 77, 78, 77, 73, 68, 70, 66, 67, 69, 70, 69, 71, 74,
    73, 74, 75, 79, 79, 79, 77, 80, 77, 79, 76, 79, 75, 78, 74, 74, 76,
    75 ]
