%YAML:1.0
---
videoName: "headNod3.mp4"
gestureLabel: 202
fps: 29
pixelSizeInCmTemp: 3.1933333333333330e-01
faceCenterPointX: 264
faceCenterPointY: 76
headPositionsX: [ 265, 262, 262, 263, 264, 263, 263, 263, 267, 265, 267,
    267, 265, 267, 266, 265, 267, 265, 263, 267, 262, 263, 267, 267, 265,
    265, 265, 263, 265, 265, 263, 265, 268, 264, 266, 267, 266, 266, 264,
    267, 267, 265, 268, 267, 267, 265, 264, 267, 264, 266, 267, 263, 264,
    263, 264, 263, 266, 262, 261, 265, 263, 265, 261, 264, 265, 264, 266,
    263, 263, 265, 263, 262, 264, 263, 265, 261, 265, 266, 261, 265, 262,
    264, 263, 265, 266, 265, 264, 265, 262, 266, 264, 266, 264, 262, 265,
    262, 263, 264, 264, 266 ]
headPositionsY: [ 75, 77, 79, 76, 75, 75, 76, 74, 75, 75, 73, 72, 71, 73,
    74, 75, 73, 73, 75, 71, 73, 72, 73, 74, 73, 75, 72, 75, 72, 76, 76,
    72, 77, 74, 76, 77, 73, 75, 73, 72, 73, 74, 76, 74, 73, 67, 68, 66,
    65, 68, 69, 67, 72, 77, 76, 80, 83, 81, 82, 78, 77, 72, 71, 71, 67,
    68, 69, 74, 72, 76, 83, 80, 80, 80, 75, 75, 71, 69, 67, 68, 64, 69,
    67, 71, 73, 76, 77, 77, 78, 78, 80, 77, 76, 78, 74, 77, 75, 78, 73,
    76 ]
