%YAML:1.0
---
videoName: "headNod43.mp4"
gestureLabel: 202
fps: 29
pixelSizeInCmTemp: 2.8855421686746985e-01
faceCenterPointX: 268
faceCenterPointY: 74
headPositionsX: [ 268, 271, 272, 270, 267, 272, 270, 271, 269, 267, 267,
    271, 267, 268, 269, 269, 270, 266, 267, 267, 270, 268, 267, 269, 265,
    266, 269, 265, 267, 266, 266, 263, 265, 267, 266, 267, 265, 267, 263,
    265, 262, 266, 264, 263, 265, 265, 266, 265, 267, 267, 263, 266, 266,
    264, 265, 261, 266, 264, 266, 264, 263, 262, 263, 265, 263, 264, 265,
    264, 268, 270, 267, 270, 266, 267, 265, 268, 270, 268, 265, 266, 270,
    267, 270, 270, 267, 269, 268, 268, 269, 270, 271, 267, 268, 268, 267,
    269, 269, 267, 271, 267 ]
headPositionsY: [ 74, 79, 78, 75, 78, 74, 77, 73, 77, 75, 75, 77, 74, 76,
    78, 75, 73, 77, 76, 76, 74, 75, 77, 75, 75, 80, 78, 85, 85, 88, 90,
    89, 87, 84, 79, 78, 79, 80, 84, 87, 86, 93, 92, 87, 82, 83, 79, 81,
    80, 84, 90, 90, 93, 92, 86, 85, 82, 83, 81, 85, 86, 89, 92, 88, 92,
    85, 84, 79, 79, 76, 80, 79, 82, 85, 89, 90, 91, 86, 86, 79, 80, 77,
    72, 75, 71, 70, 71, 75, 73, 72, 71, 76, 74, 74, 75, 76, 75, 76, 72,
    76 ]
