%YAML:1.0
---
videoName: "headNod44.mp4"
gestureLabel: 202
fps: 29
pixelSizeInCmTemp: 2.9567901234567900e-01
faceCenterPointX: 268
faceCenterPointY: 78
headPositionsX: [ 268, 269, 267, 271, 271, 270, 270, 266, 270, 268, 269,
    270, 266, 269, 270, 271, 272, 267, 268, 271, 270, 268, 267, 269, 269,
    267, 267, 267, 265, 265, 269, 266, 267, 268, 270, 266, 266, 265, 264,
    265, 265, 264, 265, 266, 267, 265, 268, 270, 267, 269, 265, 269, 269,
    268, 266, 269, 269, 267, 268, 270, 270, 267, 267, 267, 267, 268, 267,
    266, 269, 268, 271, 269, 268, 268, 267, 270, 267, 270, 270, 271, 267,
    270, 270, 269, 266, 267, 268, 271, 269, 268, 266, 266, 270, 266, 267,
    267, 269, 270, 267, 270 ]
headPositionsY: [ 76, 74, 75, 75, 73, 75, 76, 73, 72, 72, 72, 73, 73, 74,
    76, 74, 75, 79, 79, 83, 83, 88, 93, 92, 93, 93, 90, 86, 80, 75, 71,
    69, 68, 72, 71, 75, 78, 82, 87, 86, 86, 84, 78, 76, 71, 74, 72, 77,
    78, 78, 84, 88, 89, 88, 88, 81, 80, 75, 73, 72, 77, 77, 81, 84, 87,
    85, 86, 80, 78, 77, 76, 79, 74, 78, 81, 80, 84, 89, 86, 85, 82, 82,
    78, 78, 79, 77, 78, 77, 79, 79, 79, 77, 79, 75, 77, 79, 77, 77, 76,
    79 ]
