%YAML:1.0
---
videoName: "headNod10.mp4"
gestureLabel: 202
fps: 29
pixelSizeInCmTemp: 3.2808219178082193e-01
faceCenterPointX: 260
faceCenterPointY: 67
headPositionsX: [ 258, 259, 260, 258, 256, 259, 257, 258, 259, 257, 260,
    259, 257, 259, 258, 259, 256, 258, 260, 256, 256, 256, 259, 260, 257,
    260, 260, 257, 256, 260, 259, 261, 259, 260, 258, 260, 257, 257, 261,
    261, 258, 259, 260, 259, 261, 262, 262, 262, 263, 262, 263, 259, 262,
    262, 258, 257, 258, 259, 257, 258, 262, 262, 260, 262, 261, 261, 259,
    257, 258, 258, 258, 258, 259, 260, 261, 258, 259, 258, 259, 258, 256,
    259, 257, 259, 256, 259, 257, 258, 259, 259, 258, 260, 258, 262, 262,
    261, 258, 262, 262, 260 ]
headPositionsY: [ 67, 72, 72, 68, 72, 70, 69, 72, 68, 69, 68, 72, 69, 70,
    72, 68, 68, 72, 71, 70, 72, 72, 68, 70, 72, 72, 70, 72, 69, 70, 70,
    70, 69, 70, 68, 70, 69, 68, 71, 69, 74, 75, 73, 68, 68, 69, 63, 61,
    62, 63, 63, 64, 66, 72, 76, 74, 72, 70, 70, 65, 67, 64, 64, 67, 68,
    71, 71, 74, 77, 76, 72, 74, 70, 67, 67, 66, 64, 66, 71, 70, 76, 74,
    75, 73, 70, 72, 67, 66, 66, 69, 64, 65, 64, 65, 67, 67, 67, 69, 67,
    67 ]
