%YAML:1.0
---
videoName: "headNod22.mp4"
gestureLabel: 202
fps: 29
pixelSizeInCmTemp: 3.1513157894736843e-01
faceCenterPointX: 252
faceCenterPointY: 80
headPositionsX: [ 254, 250, 254, 252, 251, 251, 253, 254, 251, 252, 251,
    254, 255, 252, 252, 251, 252, 251, 251, 252, 251, 254, 255, 251, 253,
    251, 252, 251, 253, 254, 251, 253, 255, 252, 255, 253, 252, 256, 253,
    253, 252, 255, 254, 252, 253, 255, 251, 253, 254, 250, 252, 251, 254,
    253, 251, 250, 253, 252, 250, 253, 250, 254, 253, 250, 251, 254, 252,
    250, 250, 254, 254, 254, 251, 252, 250, 251, 252, 251, 250, 254, 254,
    254, 249, 253, 252, 252, 254, 250, 250, 251, 250, 255, 250, 253, 250,
    250, 248, 250, 254, 253 ]
headPositionsY: [ 78, 78, 80, 79, 76, 77, 76, 78, 79, 79, 79, 81, 79, 81,
    76, 77, 77, 80, 81, 80, 77, 80, 79, 78, 80, 84, 83, 81, 83, 79, 77,
    74, 72, 69, 73, 71, 72, 79, 80, 83, 85, 83, 80, 77, 74, 70, 71, 73,
    70, 72, 76, 81, 81, 82, 84, 83, 82, 79, 73, 72, 74, 73, 75, 76, 77,
    80, 78, 80, 80, 79, 74, 73, 74, 75, 78, 76, 82, 80, 81, 80, 80, 77,
    75, 75, 79, 77, 81, 81, 78, 77, 78, 77, 76, 77, 78, 80, 81, 80, 81,
    79 ]
