%YAML:1.0
---
videoName: "headNod46.mp4"
gestureLabel: 202
fps: 30
pixelSizeInCmTemp: 2.8511904761904761e-01
faceCenterPointX: 264
faceCenterPointY: 72
headPositionsX: [ 265, 265, 263, 266, 264, 265, 264, 264, 266, 262, 265,
    262, 262, 265, 264, 263, 264, 262, 265, 265, 265, 264, 264, 266, 268,
    266, 264, 265, 269, 266, 264, 264, 263, 263, 263, 264, 260, 261, 262,
    262, 262, 265, 262, 265, 264, 260, 264, 261, 261, 260, 263, 263, 260,
    260, 265, 262, 262, 263, 265, 262, 262, 261, 263, 264, 266, 262, 264,
    263, 266, 264, 263, 265, 267, 267, 265, 263, 264, 265, 263, 266, 263,
    263, 262, 264, 265, 264, 266, 261, 260, 260, 261, 263, 262, 265, 264,
    265, 265, 266, 264, 263 ]
headPositionsY: [ 74, 69, 67, 69, 67, 69, 67, 69, 72, 73, 77, 77, 79, 81,
    86, 89, 89, 89, 85, 84, 78, 76, 75, 69, 69, 70, 70, 68, 70, 75, 81,
    85, 89, 88, 88, 82, 79, 74, 78, 66, 70, 69, 69, 69, 74, 78, 80, 84,
    87, 83, 79, 79, 73, 72, 67, 66, 65, 68, 70, 73, 72, 75, 77, 77, 77,
    72, 72, 72, 67, 66, 66, 68, 70, 73, 76, 73, 73, 74, 71, 70, 70, 67,
    71, 70, 70, 73, 73, 73, 72, 72, 70, 69, 71, 71, 72, 69, 70, 71, 74,
    70 ]
