%YAML:1.0
---
videoName: "headNod46.mp4"
gestureLabel: 202
fps: 30
pixelSizeInCmTemp: 2.8511904761904761e-01
faceCenterPointX: 264
faceCenterPointY: 72
headPositionsX: [ 265, 262, 266, 263, 263, 263, 265, 263, 265, 263, 263,
    263, 261, 265, 264, 265, 262, 264, 264, 262, 264, 266, 263, 264, 266,
    265, 264, 267, 266, 267, 264, 267, 267, 265, 265, 261, 261, 263, 260,
    261, 264, 262, 265, 265, 264, 260, 261, 264, 263, 259, 264, 262, 263,
    263, 265, 263, 263, 263, 262, 263, 263, 261, 263, 263, 262, 264, 264,
    264, 262, 265, 263, 262, 263, 265, 265, 261, 266, 266, 264, 266, 266,
    261, 262, 266, 263, 264, 264, 262, 260, 264, 263, 265, 261, 263, 262,
    263, 261, 265, 262, 263 ]
headPositionsY: [ 70, 66, 71, 71, 70, 70, 70, 71, 70, 76, 78, 80, 81, 84,
    87, 90, 91, 89, 87, 84, 78, 75, 73, 69, 70, 71, 72, 69, 71, 73, 79,
    83, 88, 90, 86, 86, 79, 77, 75, 66, 68, 67, 70, 73, 75, 78, 81, 85,
    84, 83, 80, 81, 73, 69, 70, 68, 65, 65, 67, 71, 71, 79, 80, 77, 76,
    75, 71, 71, 69, 69, 70, 70, 73, 72, 77, 72, 76, 72, 70, 73, 72, 67,
    73, 68, 70, 72, 75, 72, 73, 71, 71, 73, 69, 73, 73, 69, 71, 70, 70,
    71 ]
