%YAML:1.0
---
videoName: "headNod6.mp4"
gestureLabel: 202
fps: 29
pixelSizeInCmTemp: 3.1513157894736843e-01
faceCenterPointX: 262
faceCenterPointY: 73
headPositionsX: [ 263, 261, 260, 263, 264, 260, 260, 262, 261, 260, 264,
    262, 260, 261, 260, 262, 261, 262, 265, 264, 265, 264, 263, 264, 264,
    261, 261, 263, 261, 262, 260, 262, 264, 263, 262, 262, 262, 264, 262,
    264, 263, 262, 259, 262, 260, 262, 262, 260, 262, 260, 261, 262, 262,
    263, 260, 260, 260, 262, 262, 260, 261, 261, 262, 259, 258, 259, 258,
    258, 261, 258, 259, 259, 263, 261, 259, 263, 263, 262, 262, 260, 263,
    262, 263, 262, 259, 259, 261, 261, 260, 262, 263, 263, 262, 264, 260,
    263, 263, 262, 259, 261 ]
headPositionsY: [ 72, 71, 72, 72, 76, 73, 72, 72, 73, 75, 75, 76, 75, 72,
    72, 72, 75, 72, 72, 73, 74, 76, 75, 72, 73, 74, 76, 76, 76, 76, 75,
    72, 71, 71, 67, 66, 65, 65, 65, 69, 71, 78, 80, 81, 86, 81, 78, 74,
    67, 68, 68, 68, 74, 77, 82, 83, 82, 79, 79, 72, 71, 71, 67, 67, 71,
    76, 79, 83, 81, 83, 80, 72, 71, 69, 66, 66, 64, 68, 71, 75, 79, 82,
    83, 81, 80, 77, 73, 72, 71, 69, 71, 70, 72, 69, 73, 74, 71, 73, 70,
    70 ]
