%YAML:1.0
---
videoName: "headNod43.mp4"
gestureLabel: 202
fps: 29
pixelSizeInCmTemp: 2.8855421686746985e-01
faceCenterPointX: 268
faceCenterPointY: 74
headPositionsX: [ 267, 270, 271, 268, 270, 272, 268, 270, 271, 270, 267,
    270, 269, 268, 271, 267, 268, 268, 270, 268, 269, 267, 267, 267, 268,
    268, 269, 268, 268, 267, 263, 266, 266, 263, 267, 264, 267, 263, 263,
    266, 266, 262, 267, 266, 264, 266, 268, 267, 265, 267, 267, 263, 265,
    262, 263, 264, 264, 266, 265, 266, 266, 263, 266, 265, 267, 264, 265,
    266, 266, 266, 269, 268, 267, 269, 265, 264, 266, 266, 268, 268, 268,
    267, 267, 270, 269, 270, 271, 268, 270, 270, 271, 269, 270, 267, 267,
    271, 267, 269, 270, 266 ]
headPositionsY: [ 76, 75, 75, 76, 76, 74, 78, 75, 78, 76, 77, 74, 74, 75,
    77, 75, 76, 76, 76, 74, 76, 77, 76, 77, 78, 80, 80, 83, 89, 92, 90,
    89, 87, 81, 78, 78, 80, 78, 82, 84, 87, 90, 89, 85, 85, 83, 82, 83,
    81, 86, 90, 89, 90, 91, 88, 85, 83, 80, 82, 83, 88, 88, 89, 91, 88,
    87, 83, 81, 81, 79, 79, 81, 83, 87, 92, 88, 92, 87, 83, 80, 78, 76,
    76, 75, 73, 71, 71, 71, 76, 74, 75, 75, 74, 72, 74, 75, 74, 73, 76,
    74 ]
