%YAML:1.0
---
videoName: "headNod49.mp4"
gestureLabel: 202
fps: 29
pixelSizeInCmTemp: 2.9207317073170730e-01
faceCenterPointX: 263
faceCenterPointY: 74
headPositionsX: [ 264, 267, 263, 265, 265, 267, 266, 264, 263, 265, 264,
    264, 266, 263, 264, 265, 264, 262, 265, 267, 265, 262, 263, 265, 265,
    262, 266, 266, 264, 264, 263, 262, 262, 265, 263, 263, 263, 266, 262,
    263, 263, 264, 265, 261, 263, 261, 261, 265, 261, 265, 265, 262, 263,
    266, 265, 262, 263, 266, 263, 262, 264, 265, 264, 265, 263, 266, 263,
    266, 266, 262, 263, 265, 262, 266, 264, 261, 265, 265, 263, 265, 263,
    262, 261, 264, 260, 261, 265, 263, 264, 261, 263, 265, 264, 262, 263,
    262, 261, 261, 260, 262 ]
headPositionsY: [ 76, 70, 73, 73, 69, 72, 74, 75, 71, 71, 71, 72, 71, 71,
    67, 69, 68, 70, 67, 71, 66, 71, 70, 73, 78, 79, 76, 79, 73, 73, 70,
    73, 71, 70, 71, 68, 70, 71, 73, 77, 81, 79, 76, 78, 75, 70, 73, 71,
    70, 73, 74, 73, 76, 77, 78, 77, 78, 78, 75, 75, 74, 74, 71, 75, 73,
    77, 74, 77, 77, 76, 76, 75, 75, 73, 74, 75, 73, 73, 74, 73, 76, 77,
    77, 76, 74, 76, 76, 75, 75, 73, 75, 75, 76, 77, 75, 76, 75, 74, 73,
    76 ]
