%YAML:1.0
---
videoName: "headNod0.mp4"
gestureLabel: 202
fps: 29
pixelSizeInCmTemp: 3.2364864864864862e-01
faceCenterPointX: 264
faceCenterPointY: 76
headPositionsX: [ 264, 267, 269, 268, 266, 268, 269, 269, 269, 268, 268,
    267, 267, 264, 267, 264, 263, 266, 266, 266, 267, 264, 267, 265, 265,
    265, 265, 266, 265, 266, 267, 266, 265, 267, 267, 267, 267, 264, 267,
    264, 268, 264, 264, 262, 266, 267, 264, 262, 263, 264, 267, 263, 266,
    268, 266, 266, 266, 263, 262, 266, 265, 265, 265, 266, 265, 266, 265,
    266, 268, 264, 264, 267, 265, 264, 262, 263, 262, 265, 264, 266, 263,
    266, 264, 267, 264, 266, 265, 264, 263, 265, 264, 263, 263, 263, 265,
    265, 266, 264, 266, 265 ]
headPositionsY: [ 78, 73, 72, 75, 73, 73, 74, 73, 73, 71, 75, 72, 71, 72,
    73, 71, 74, 75, 75, 73, 75, 75, 73, 74, 72, 73, 73, 74, 75, 72, 68,
    69, 66, 65, 62, 61, 64, 62, 63, 68, 66, 73, 71, 77, 78, 81, 83, 80,
    82, 79, 80, 74, 70, 72, 68, 67, 68, 67, 67, 69, 68, 73, 73, 72, 76,
    79, 77, 82, 80, 76, 78, 74, 74, 72, 68, 67, 68, 66, 69, 69, 70, 74,
    72, 76, 77, 76, 76, 78, 79, 78, 78, 75, 77, 77, 77, 78, 75, 73, 78,
    77 ]
