%YAML:1.0
---
videoName: "headNod47.mp4"
gestureLabel: 202
fps: 29
pixelSizeInCmTemp: 3.0316455696202532e-01
faceCenterPointX: 266
faceCenterPointY: 70
headPositionsX: [ 267, 267, 265, 268, 269, 265, 264, 268, 267, 268, 266,
    265, 263, 263, 265, 262, 263, 263, 263, 263, 265, 266, 266, 268, 268,
    265, 265, 269, 268, 265, 267, 268, 268, 269, 265, 267, 267, 269, 266,
    267, 266, 269, 270, 268, 268, 266, 264, 268, 265, 268, 266, 265, 264,
    269, 265, 265, 269, 268, 269, 267, 264, 265, 266, 267, 268, 267, 267,
    267, 266, 267, 268, 266, 267, 268, 268, 269, 267, 267, 265, 265, 265,
    266, 266, 268, 267, 263, 265, 263, 267, 267, 263, 265, 265, 267, 266,
    268, 264, 264, 267, 266 ]
headPositionsY: [ 71, 61, 62, 58, 57, 56, 57, 59, 65, 69, 73, 77, 79, 80,
    83, 78, 74, 73, 67, 65, 67, 63, 66, 67, 72, 72, 75, 80, 78, 73, 76,
    70, 72, 67, 65, 69, 68, 71, 74, 73, 76, 81, 81, 78, 76, 75, 68, 69,
    69, 68, 69, 71, 70, 72, 75, 77, 73, 74, 73, 68, 66, 69, 70, 69, 68,
    68, 72, 75, 75, 74, 74, 73, 73, 70, 70, 71, 69, 69, 70, 71, 72, 76,
    75, 76, 74, 70, 73, 68, 69, 71, 68, 70, 70, 70, 71, 72, 73, 72, 71,
    72 ]
