%YAML:1.0
---
videoName: "headNod17.mp4"
gestureLabel: 202
fps: 30
pixelSizeInCmTemp: 3.2808219178082193e-01
faceCenterPointX: 253
faceCenterPointY: 76
headPositionsX: [ 253, 257, 253, 254, 255, 255, 255, 256, 257, 253, 257,
    255, 255, 254, 255, 254, 255, 254, 254, 258, 253, 254, 252, 253, 254,
    257, 254, 256, 256, 255, 254, 254, 257, 255, 257, 255, 254, 254, 256,
    254, 253, 255, 254, 255, 253, 255, 254, 253, 251, 255, 255, 255, 256,
    252, 255, 255, 253, 256, 257, 256, 254, 253, 255, 254, 255, 253, 254,
    253, 256, 255, 256, 255, 256, 254, 253, 253, 256, 255, 254, 252, 255,
    255, 253, 254, 254, 254, 255, 257, 253, 253, 253, 257, 256, 254, 257,
    253, 257, 252, 255, 255 ]
headPositionsY: [ 78, 80, 78, 76, 77, 79, 78, 76, 77, 77, 76, 75, 77, 78,
    77, 80, 79, 77, 80, 78, 76, 76, 75, 71, 72, 69, 71, 70, 66, 67, 65,
    65, 66, 69, 71, 71, 70, 75, 77, 79, 77, 79, 85, 85, 86, 83, 85, 83,
    79, 78, 77, 77, 73, 73, 71, 69, 71, 67, 71, 71, 69, 73, 75, 73, 77,
    80, 83, 81, 81, 79, 80, 78, 78, 76, 79, 77, 78, 78, 80, 79, 78, 76,
    74, 73, 74, 78, 78, 78, 79, 77, 75, 75, 79, 77, 76, 76, 78, 76, 76,
    77 ]
