%YAML:1.0
---
videoName: "headNod39.mp4"
gestureLabel: 202
fps: 29
pixelSizeInCmTemp: 2.9937500000000000e-01
faceCenterPointX: 268
faceCenterPointY: 78
headPositionsX: [ 267, 269, 268, 266, 266, 269, 269, 269, 267, 267, 266,
    269, 270, 268, 271, 271, 270, 268, 269, 269, 271, 271, 271, 266, 271,
    271, 269, 270, 267, 267, 271, 268, 269, 271, 271, 269, 269, 268, 269,
    269, 267, 269, 270, 270, 267, 267, 269, 266, 266, 266, 269, 268, 269,
    267, 266, 267, 267, 265, 266, 267, 267, 268, 264, 268, 269, 265, 266,
    267, 266, 266, 265, 265, 269, 268, 267, 265, 265, 265, 266, 269, 266,
    268, 266, 266, 267, 270, 269, 267, 268, 270, 269, 265, 267, 268, 268,
    267, 269, 265, 268, 266 ]
headPositionsY: [ 79, 75, 78, 77, 76, 77, 79, 76, 77, 74, 76, 75, 78, 77,
    78, 78, 77, 76, 78, 74, 78, 75, 75, 75, 75, 75, 76, 76, 74, 77, 76,
    78, 78, 75, 75, 74, 75, 80, 81, 82, 80, 81, 86, 87, 82, 84, 78, 76,
    76, 77, 76, 75, 76, 77, 76, 83, 89, 91, 92, 87, 84, 83, 77, 74, 71,
    71, 73, 75, 80, 79, 83, 83, 83, 79, 78, 74, 74, 73, 77, 76, 79, 81,
    81, 82, 79, 80, 80, 81, 80, 79, 77, 78, 77, 77, 78, 79, 78, 76, 80,
    77 ]
