%YAML:1.0
---
videoName: "headNod44.mp4"
gestureLabel: 202
fps: 29
pixelSizeInCmTemp: 2.9567901234567900e-01
faceCenterPointX: 268
faceCenterPointY: 78
headPositionsX: [ 270, 268, 268, 269, 270, 270, 270, 269, 272, 268, 270,
    268, 267, 267, 268, 267, 269, 268, 270, 270, 268, 269, 270, 266, 270,
    270, 267, 265, 265, 266, 269, 266, 266, 269, 270, 270, 269, 268, 266,
    265, 265, 268, 266, 265, 266, 267, 267, 269, 268, 267, 268, 267, 266,
    269, 268, 269, 269, 269, 266, 269, 269, 268, 265, 266, 267, 269, 266,
    268, 270, 270, 270, 270, 268, 269, 269, 267, 270, 271, 267, 270, 270,
    268, 266, 269, 270, 270, 269, 268, 267, 266, 270, 269, 270, 267, 265,
    269, 267, 267, 268, 270 ]
headPositionsY: [ 79, 73, 77, 72, 75, 75, 74, 75, 73, 73, 74, 76, 72, 72,
    77, 73, 73, 75, 81, 83, 85, 86, 93, 95, 93, 95, 90, 83, 82, 77, 73,
    69, 68, 69, 73, 75, 79, 82, 87, 90, 88, 82, 79, 76, 73, 72, 72, 77,
    75, 78, 86, 89, 91, 88, 85, 81, 76, 77, 73, 74, 75, 78, 77, 81, 85,
    84, 82, 80, 80, 79, 78, 79, 76, 78, 78, 82, 84, 85, 89, 88, 85, 83,
    82, 81, 78, 78, 77, 80, 75, 76, 76, 80, 80, 76, 77, 77, 79, 77, 80,
    76 ]
