%YAML:1.0
---
videoName: "headNod14.mp4"
gestureLabel: 202
fps: 29
pixelSizeInCmTemp: 3.2808219178082193e-01
faceCenterPointX: 257
faceCenterPointY: 71
headPositionsX: [ 257, 260, 260, 257, 260, 256, 258, 258, 255, 258, 257,
    257, 261, 257, 259, 259, 260, 259, 260, 256, 259, 256, 260, 258, 258,
    261, 259, 256, 257, 260, 261, 258, 257, 257, 260, 259, 260, 259, 257,
    260, 260, 257, 262, 259, 258, 257, 260, 260, 260, 260, 261, 259, 260,
    260, 259, 257, 258, 258, 260, 259, 257, 257, 261, 259, 257, 258, 257,
    260, 260, 257, 258, 260, 256, 257, 258, 256, 256, 259, 257, 257, 259,
    257, 258, 258, 256, 257, 260, 257, 256, 258, 255, 256, 256, 258, 257,
    257, 259, 256, 255, 259 ]
headPositionsY: [ 73, 78, 78, 79, 79, 78, 76, 75, 77, 78, 75, 80, 80, 77,
    75, 79, 76, 79, 77, 76, 77, 78, 75, 78, 78, 80, 77, 75, 79, 80, 77,
    77, 78, 76, 78, 77, 75, 78, 79, 74, 76, 71, 72, 69, 68, 67, 69, 69,
    69, 72, 73, 76, 82, 78, 81, 79, 82, 81, 76, 75, 72, 69, 71, 68, 72,
    70, 72, 77, 80, 81, 80, 84, 82, 75, 73, 72, 71, 68, 67, 71, 73, 74,
    77, 77, 78, 78, 79, 79, 76, 77, 71, 71, 70, 70, 70, 72, 72, 72, 71,
    69 ]
