%YAML:1.0
---
videoName: "headNod24.mp4"
gestureLabel: 202
fps: 29
pixelSizeInCmTemp: 3.1513157894736843e-01
faceCenterPointX: 272
faceCenterPointY: 72
headPositionsX: [ 272, 277, 273, 274, 272, 273, 275, 272, 277, 276, 274,
    277, 274, 275, 272, 273, 276, 274, 276, 272, 275, 272, 272, 271, 272,
    271, 275, 275, 272, 275, 273, 275, 274, 271, 272, 276, 273, 272, 274,
    275, 271, 274, 271, 271, 273, 275, 275, 275, 274, 271, 274, 272, 272,
    273, 272, 274, 271, 271, 271, 271, 271, 270, 268, 273, 270, 270, 269,
    273, 271, 270, 272, 268, 271, 270, 270, 269, 268, 271, 272, 269, 271,
    267, 270, 270, 271, 272, 271, 272, 272, 270, 270, 268, 272, 270, 272,
    271, 272, 270, 270, 272 ]
headPositionsY: [ 74, 71, 72, 73, 72, 74, 72, 71, 75, 72, 71, 72, 73, 72,
    73, 74, 72, 73, 75, 75, 71, 71, 74, 75, 75, 74, 75, 73, 74, 73, 73,
    72, 73, 75, 74, 74, 69, 73, 69, 71, 71, 75, 75, 80, 82, 83, 81, 74,
    71, 68, 65, 68, 69, 72, 73, 75, 77, 73, 70, 67, 68, 67, 64, 71, 73,
    72, 76, 77, 75, 74, 70, 68, 69, 69, 69, 70, 71, 73, 77, 74, 72, 75,
    72, 72, 72, 68, 70, 70, 70, 70, 69, 73, 71, 75, 75, 75, 73, 70, 71,
    72 ]
