%YAML:1.0
---
videoName: "headNod46.mp4"
gestureLabel: 202
fps: 30
pixelSizeInCmTemp: 2.8511904761904761e-01
faceCenterPointX: 264
faceCenterPointY: 72
headPositionsX: [ 264, 265, 262, 267, 262, 266, 264, 265, 264, 262, 264,
    264, 265, 265, 265, 266, 263, 263, 262, 264, 266, 264, 262, 265, 266,
    264, 266, 268, 266, 265, 268, 266, 263, 264, 261, 264, 263, 261, 260,
    264, 260, 262, 262, 261, 260, 262, 264, 260, 263, 263, 263, 264, 263,
    263, 265, 263, 264, 265, 262, 264, 261, 264, 263, 263, 263, 263, 262,
    261, 264, 263, 262, 264, 265, 263, 265, 261, 264, 262, 265, 263, 265,
    262, 263, 262, 261, 261, 263, 263, 263, 264, 263, 261, 264, 262, 262,
    261, 263, 265, 262, 262 ]
headPositionsY: [ 70, 69, 70, 67, 66, 70, 70, 71, 73, 76, 76, 76, 83, 82,
    88, 88, 91, 89, 86, 85, 82, 76, 74, 72, 68, 69, 69, 72, 73, 75, 80,
    84, 86, 92, 86, 85, 78, 76, 76, 69, 70, 68, 68, 73, 72, 77, 80, 86,
    84, 81, 79, 79, 74, 72, 69, 65, 65, 67, 70, 72, 72, 78, 76, 78, 74,
    76, 70, 71, 67, 69, 69, 70, 73, 73, 73, 73, 74, 71, 73, 69, 71, 70,
    69, 69, 70, 72, 75, 75, 72, 75, 72, 69, 70, 73, 70, 71, 70, 74, 72,
    71 ]
