%YAML:1.0
---
videoName: "headNod41.mp4"
gestureLabel: 202
fps: 29
pixelSizeInCmTemp: 2.9937500000000000e-01
faceCenterPointX: 267
faceCenterPointY: 76
headPositionsX: [ 268, 271, 269, 271, 269, 271, 272, 271, 269, 268, 269,
    269, 270, 271, 269, 270, 270, 269, 272, 269, 270, 269, 273, 270, 269,
    271, 270, 271, 270, 270, 269, 268, 270, 272, 271, 271, 269, 271, 269,
    271, 270, 270, 268, 267, 271, 267, 268, 266, 269, 266, 265, 270, 271,
    267, 270, 269, 269, 270, 270, 268, 271, 266, 270, 270, 269, 270, 266,
    269, 268, 269, 269, 268, 267, 269, 270, 268, 267, 269, 265, 265, 266,
    269, 268, 268, 269, 266, 266, 265, 267, 269, 267, 266, 269, 269, 267,
    265, 268, 268, 267, 268 ]
headPositionsY: [ 75, 69, 72, 71, 74, 75, 71, 75, 72, 75, 72, 73, 76, 73,
    76, 74, 71, 73, 72, 73, 72, 75, 74, 75, 74, 76, 72, 76, 74, 72, 75,
    73, 75, 75, 76, 73, 76, 76, 78, 79, 79, 84, 88, 89, 93, 94, 89, 87,
    84, 79, 79, 72, 68, 67, 62, 64, 68, 69, 70, 78, 83, 84, 93, 94, 94,
    90, 85, 81, 77, 76, 72, 73, 71, 73, 73, 76, 80, 85, 85, 86, 83, 77,
    78, 74, 73, 74, 72, 76, 72, 72, 78, 81, 78, 80, 81, 79, 78, 79, 74,
    77 ]
