%YAML:1.0
---
videoName: "headNod32.mp4"
gestureLabel: 202
fps: 29
pixelSizeInCmTemp: 2.8855421686746985e-01
faceCenterPointX: 266
faceCenterPointY: 74
headPositionsX: [ 266, 271, 270, 269, 267, 265, 266, 269, 268, 268, 265,
    266, 266, 265, 265, 267, 267, 266, 265, 266, 264, 265, 264, 267, 267,
    268, 267, 268, 266, 266, 269, 264, 268, 267, 265, 268, 266, 268, 270,
    267, 267, 270, 267, 269, 266, 266, 270, 269, 267, 267, 267, 268, 265,
    268, 267, 269, 266, 265, 268, 269, 265, 269, 268, 269, 265, 269, 270,
    268, 268, 264, 267, 267, 267, 268, 266, 264, 266, 265, 264, 263, 265,
    267, 266, 264, 263, 269, 269, 268, 268, 268, 266, 267, 270, 267, 267,
    268, 266, 267, 267, 267 ]
headPositionsY: [ 74, 78, 77, 79, 77, 79, 77, 80, 78, 76, 77, 80, 78, 77,
    78, 79, 77, 77, 77, 76, 76, 76, 77, 76, 75, 76, 77, 75, 76, 77, 78,
    78, 79, 75, 79, 77, 78, 76, 77, 79, 77, 80, 78, 77, 76, 77, 76, 76,
    80, 75, 77, 79, 77, 76, 76, 75, 76, 74, 77, 74, 66, 70, 67, 65, 66,
    68, 70, 73, 80, 80, 87, 86, 86, 84, 85, 82, 76, 74, 72, 72, 71, 71,
    73, 69, 69, 73, 74, 73, 73, 76, 74, 74, 74, 76, 76, 73, 75, 75, 75,
    75 ]
