%YAML:1.0
---
videoName: "headNod45.mp4"
gestureLabel: 202
fps: 30
pixelSizeInCmTemp: 3.0316455696202532e-01
faceCenterPointX: 265
faceCenterPointY: 77
headPositionsX: [ 264, 270, 268, 269, 267, 268, 269, 266, 266, 269, 267,
    268, 265, 269, 268, 268, 268, 268, 269, 267, 266, 266, 267, 269, 269,
    268, 266, 264, 266, 265, 265, 268, 265, 267, 264, 268, 263, 264, 265,
    266, 265, 263, 266, 266, 264, 264, 266, 263, 268, 265, 267, 265, 268,
    269, 267, 265, 266, 266, 269, 267, 269, 268, 266, 267, 263, 269, 266,
    268, 266, 266, 266, 266, 265, 267, 267, 267, 268, 265, 267, 265, 264,
    264, 264, 267, 267, 267, 268, 263, 265, 265, 263, 266, 266, 265, 267,
    264, 266, 263, 265, 268 ]
headPositionsY: [ 77, 74, 74, 74, 74, 76, 74, 77, 78, 77, 77, 73, 73, 77,
    77, 75, 76, 80, 80, 80, 84, 86, 92, 95, 90, 91, 90, 85, 83, 76, 73,
    71, 70, 64, 67, 68, 67, 72, 75, 79, 79, 88, 88, 89, 92, 89, 85, 84,
    82, 79, 75, 73, 71, 70, 75, 73, 79, 83, 85, 88, 85, 84, 83, 78, 76,
    72, 73, 74, 76, 75, 78, 79, 81, 85, 90, 86, 86, 85, 82, 77, 76, 74,
    78, 76, 79, 78, 81, 79, 80, 80, 79, 78, 80, 76, 77, 78, 77, 78, 76,
    80 ]
