%YAML:1.0
---
videoName: "headNod33.mp4"
gestureLabel: 202
fps: 29
pixelSizeInCmTemp: 2.9567901234567900e-01
faceCenterPointX: 268
faceCenterPointY: 74
headPositionsX: [ 267, 268, 269, 271, 266, 270, 268, 270, 272, 268, 270,
    268, 268, 269, 269, 273, 270, 270, 268, 272, 271, 272, 271, 269, 269,
    267, 270, 270, 268, 270, 268, 269, 272, 267, 267, 271, 267, 270, 272,
    271, 269, 268, 270, 269, 267, 267, 269, 270, 270, 269, 271, 270, 269,
    266, 270, 269, 266, 269, 266, 268, 265, 267, 265, 269, 265, 269, 265,
    270, 269, 268, 269, 268, 266, 266, 269, 269, 271, 267, 271, 268, 267,
    267, 270, 266, 268, 269, 270, 268, 265, 267, 270, 266, 267, 266, 269,
    269, 268, 268, 266, 266 ]
headPositionsY: [ 76, 69, 70, 72, 71, 73, 73, 70, 72, 71, 73, 69, 73, 69,
    74, 71, 73, 70, 73, 68, 75, 73, 70, 70, 73, 71, 71, 72, 74, 71, 74,
    74, 74, 74, 75, 77, 77, 74, 75, 71, 68, 67, 63, 63, 67, 68, 71, 76,
    76, 79, 82, 81, 83, 79, 75, 71, 70, 68, 68, 70, 70, 69, 70, 73, 74,
    78, 76, 80, 77, 75, 73, 75, 74, 69, 73, 70, 70, 70, 75, 73, 76, 74,
    78, 80, 80, 75, 76, 75, 74, 75, 73, 75, 73, 76, 73, 74, 77, 76, 74,
    74 ]
