%YAML:1.0
---
videoName: "headNod29.mp4"
gestureLabel: 202
fps: 29
pixelSizeInCmTemp: 3.1933333333333330e-01
faceCenterPointX: 271
faceCenterPointY: 70
headPositionsX: [ 271, 272, 274, 271, 275, 273, 272, 273, 276, 272, 272,
    273, 275, 272, 270, 273, 270, 273, 272, 273, 272, 274, 271, 273, 273,
    274, 270, 270, 270, 273, 273, 268, 272, 269, 269, 271, 270, 268, 270,
    271, 271, 271, 270, 272, 270, 269, 271, 270, 272, 272, 271, 273, 271,
    273, 269, 273, 269, 270, 272, 269, 268, 269, 269, 269, 268, 268, 272,
    268, 271, 269, 271, 269, 270, 269, 270, 272, 273, 272, 270, 274, 271,
    272, 269, 273, 271, 272, 272, 269, 273, 273, 269, 269, 272, 271, 271,
    270, 269, 269, 271, 274 ]
headPositionsY: [ 70, 72, 74, 74, 75, 78, 76, 76, 80, 78, 82, 77, 76, 75,
    70, 70, 71, 69, 69, 67, 67, 66, 68, 70, 75, 74, 80, 82, 78, 80, 77,
    77, 77, 75, 73, 74, 73, 71, 70, 72, 76, 76, 79, 77, 80, 80, 76, 75,
    74, 73, 75, 73, 74, 77, 83, 81, 79, 80, 77, 75, 77, 72, 73, 75, 76,
    77, 78, 76, 77, 75, 70, 72, 69, 72, 72, 70, 74, 74, 76, 78, 78, 74,
    73, 70, 73, 69, 71, 68, 68, 70, 68, 70, 69, 70, 72, 72, 68, 72, 70,
    73 ]
