%YAML:1.0
---
videoName: "headNod31.mp4"
gestureLabel: 202
fps: 29
pixelSizeInCmTemp: 2.8855421686746985e-01
faceCenterPointX: 267
faceCenterPointY: 75
headPositionsX: [ 269, 271, 270, 269, 269, 268, 269, 269, 269, 271, 272,
    268, 268, 272, 270, 270, 267, 269, 266, 265, 265, 265, 265, 266, 266,
    265, 266, 265, 270, 268, 268, 269, 269, 268, 270, 268, 269, 267, 268,
    267, 266, 268, 270, 268, 267, 266, 267, 267, 267, 266, 266, 269, 265,
    266, 264, 267, 266, 268, 269, 266, 268, 265, 268, 266, 265, 266, 266,
    269, 265, 265, 266, 266, 268, 267, 268, 266, 267, 266, 267, 266, 269,
    267, 267, 266, 268, 264, 266, 265, 269, 266, 269, 267, 265, 265, 267,
    265, 265, 267, 269, 267 ]
headPositionsY: [ 75, 72, 76, 76, 73, 75, 76, 68, 66, 65, 67, 64, 65, 65,
    75, 80, 83, 87, 84, 84, 86, 81, 83, 78, 76, 74, 70, 73, 70, 67, 71,
    71, 73, 73, 80, 81, 83, 84, 86, 85, 84, 83, 81, 77, 72, 72, 74, 73,
    78, 79, 82, 82, 84, 84, 83, 79, 76, 75, 73, 70, 71, 72, 70, 69, 73,
    75, 75, 78, 77, 82, 78, 79, 79, 78, 74, 73, 73, 70, 69, 74, 75, 77,
    73, 75, 78, 77, 78, 78, 74, 72, 75, 75, 74, 73, 73, 76, 76, 77, 76,
    77 ]
