%YAML:1.0
---
videoName: "headNod43.mp4"
gestureLabel: 202
fps: 29
pixelSizeInCmTemp: 2.8855421686746985e-01
faceCenterPointX: 268
faceCenterPointY: 74
headPositionsX: [ 268, 269, 268, 269, 270, 271, 268, 267, 270, 270, 266,
    268, 269, 270, 271, 268, 269, 268, 269, 267, 266, 270, 268, 269, 268,
    269, 269, 267, 267, 266, 264, 266, 263, 264, 268, 266, 266, 263, 265,
    266, 265, 262, 264, 265, 264, 266, 264, 268, 264, 266, 267, 264, 262,
    266, 262, 262, 266, 264, 265, 265, 266, 262, 262, 266, 265, 265, 268,
    265, 265, 269, 266, 269, 266, 266, 269, 266, 267, 269, 267, 269, 267,
    270, 266, 269, 269, 267, 268, 269, 269, 268, 269, 269, 266, 266, 270,
    269, 266, 270, 271, 267 ]
headPositionsY: [ 76, 76, 74, 78, 78, 74, 78, 74, 77, 77, 74, 76, 77, 74,
    76, 75, 76, 74, 76, 75, 74, 74, 76, 75, 76, 77, 80, 83, 86, 88, 90,
    89, 85, 84, 80, 78, 79, 82, 81, 84, 87, 92, 88, 87, 84, 82, 82, 81,
    84, 86, 89, 93, 93, 90, 87, 85, 82, 80, 83, 87, 89, 89, 93, 91, 91,
    85, 82, 82, 79, 80, 79, 82, 85, 87, 92, 90, 90, 89, 83, 83, 76, 74,
    72, 74, 71, 70, 72, 73, 72, 73, 75, 75, 76, 73, 71, 76, 73, 73, 76,
    76 ]
