%YAML:1.0
---
videoName: "headNod14.mp4"
gestureLabel: 202
fps: 29
pixelSizeInCmTemp: 3.2808219178082193e-01
faceCenterPointX: 257
faceCenterPointY: 71
headPositionsX: [ 257, 258, 256, 258, 261, 255, 258, 260, 258, 259, 257,
    257, 258, 258, 257, 256, 260, 259, 258, 259, 258, 260, 259, 261, 256,
    261, 260, 259, 260, 257, 261, 258, 260, 260, 258, 257, 260, 260, 256,
    259, 258, 261, 262, 259, 260, 260, 259, 258, 259, 259, 259, 258, 257,
    258, 257, 256, 259, 260, 258, 258, 261, 259, 259, 259, 261, 260, 260,
    259, 261, 256, 259, 260, 257, 255, 256, 260, 258, 257, 259, 260, 258,
    256, 255, 257, 256, 256, 257, 255, 258, 257, 258, 259, 260, 256, 255,
    256, 256, 255, 257, 257 ]
headPositionsY: [ 73, 77, 78, 76, 80, 76, 79, 76, 78, 76, 77, 77, 77, 78,
    76, 78, 78, 78, 77, 78, 77, 75, 77, 77, 76, 78, 79, 78, 79, 80, 79,
    78, 77, 76, 79, 80, 75, 80, 78, 74, 73, 71, 69, 70, 71, 66, 71, 69,
    70, 75, 76, 78, 78, 82, 80, 79, 81, 81, 78, 77, 75, 69, 68, 72, 69,
    72, 74, 76, 77, 81, 79, 84, 78, 75, 74, 72, 69, 69, 67, 68, 70, 71,
    76, 80, 78, 78, 82, 79, 77, 75, 71, 73, 67, 67, 69, 70, 70, 72, 69,
    71 ]
