%YAML:1.0
---
videoName: "headNod30.mp4"
gestureLabel: 202
fps: 29
pixelSizeInCmTemp: 3.2364864864864862e-01
faceCenterPointX: 271
faceCenterPointY: 72
headPositionsX: [ 270, 272, 269, 271, 273, 269, 270, 274, 271, 273, 274,
    273, 270, 274, 274, 274, 273, 270, 269, 274, 270, 273, 271, 270, 272,
    273, 273, 273, 271, 270, 275, 273, 269, 271, 272, 269, 269, 273, 270,
    271, 271, 269, 271, 269, 268, 267, 268, 267, 271, 269, 268, 270, 270,
    271, 273, 272, 269, 271, 270, 269, 269, 269, 269, 272, 272, 271, 269,
    273, 272, 271, 273, 273, 272, 273, 271, 268, 270, 271, 273, 271, 268,
    273, 273, 271, 270, 271, 271, 272, 271, 273, 271, 272, 273, 271, 270,
    271, 273, 273, 270, 270 ]
headPositionsY: [ 70, 77, 73, 76, 78, 76, 73, 74, 77, 73, 76, 74, 74, 74,
    78, 78, 76, 75, 74, 74, 75, 73, 73, 68, 68, 68, 66, 70, 66, 70, 72,
    75, 80, 83, 80, 81, 78, 78, 73, 72, 73, 70, 70, 72, 73, 74, 77, 80,
    77, 80, 78, 77, 71, 70, 72, 72, 70, 70, 73, 76, 76, 76, 74, 77, 75,
    74, 72, 70, 71, 71, 67, 71, 73, 73, 76, 76, 77, 76, 72, 70, 73, 72,
    69, 71, 70, 71, 70, 74, 71, 74, 72, 75, 76, 72, 74, 74, 71, 73, 72,
    74 ]
