%YAML:1.0
---
videoName: "headNod34.mp4"
gestureLabel: 202
fps: 29
pixelSizeInCmTemp: 2.9567901234567900e-01
faceCenterPointX: 266
faceCenterPointY: 78
headPositionsX: [ 267, 266, 268, 270, 268, 269, 271, 269, 270, 267, 267,
    270, 267, 271, 270, 270, 271, 270, 268, 267, 270, 270, 269, 268, 271,
    270, 269, 268, 269, 270, 269, 271, 267, 272, 267, 267, 271, 269, 270,
    271, 272, 267, 268, 271, 270, 270, 268, 271, 267, 269, 270, 269, 270,
    268, 267, 269, 271, 269, 272, 269, 269, 269, 269, 268, 268, 272, 270,
    269, 270, 268, 271, 270, 269, 266, 265, 266, 267, 268, 266, 264, 268,
    267, 265, 266, 265, 264, 266, 267, 268, 268, 266, 265, 266, 264, 264,
    267, 266, 265, 268, 268 ]
headPositionsY: [ 79, 77, 78, 78, 78, 77, 75, 77, 79, 76, 76, 78, 75, 76,
    78, 75, 76, 77, 75, 73, 78, 74, 77, 79, 79, 77, 77, 78, 75, 75, 78,
    76, 76, 79, 78, 74, 74, 72, 71, 69, 70, 72, 72, 76, 83, 86, 87, 85,
    88, 81, 78, 76, 74, 73, 70, 71, 73, 78, 81, 83, 82, 81, 80, 77, 80,
    78, 74, 78, 80, 82, 84, 86, 83, 82, 84, 81, 79, 75, 75, 77, 79, 80,
    84, 83, 84, 83, 80, 79, 78, 77, 76, 81, 79, 78, 79, 78, 81, 78, 78,
    80 ]
