%YAML:1.0
---
videoName: "headNod39.mp4"
gestureLabel: 202
fps: 29
pixelSizeInCmTemp: 2.9937500000000000e-01
faceCenterPointX: 268
faceCenterPointY: 78
headPositionsX: [ 270, 266, 267, 266, 267, 271, 270, 268, 266, 268, 269,
    268, 270, 267, 267, 270, 270, 269, 269, 268, 271, 270, 267, 268, 267,
    269, 271, 271, 270, 268, 271, 270, 270, 269, 271, 269, 268, 269, 268,
    269, 270, 269, 269, 266, 267, 267, 269, 268, 269, 266, 269, 267, 268,
    268, 269, 267, 266, 266, 266, 264, 266, 264, 265, 268, 269, 269, 267,
    269, 266, 266, 266, 265, 269, 266, 266, 267, 267, 267, 265, 266, 267,
    266, 266, 269, 268, 269, 266, 264, 270, 270, 266, 266, 270, 267, 265,
    266, 266, 265, 266, 264 ]
headPositionsY: [ 77, 76, 78, 76, 77, 76, 77, 75, 78, 77, 78, 76, 74, 77,
    76, 74, 77, 76, 77, 77, 76, 78, 76, 75, 74, 76, 76, 75, 77, 79, 75,
    74, 77, 79, 75, 75, 79, 76, 80, 82, 81, 82, 83, 84, 83, 80, 78, 74,
    73, 75, 77, 74, 76, 73, 78, 83, 86, 91, 91, 91, 85, 81, 80, 74, 72,
    71, 71, 73, 80, 80, 82, 82, 80, 80, 76, 75, 73, 77, 73, 76, 78, 78,
    78, 83, 78, 82, 78, 77, 81, 77, 76, 78, 76, 79, 80, 80, 80, 78, 80,
    79 ]
