%YAML:1.0
---
videoName: "headNod35.mp4"
gestureLabel: 202
fps: 30
pixelSizeInCmTemp: 2.9937500000000000e-01
faceCenterPointX: 268
faceCenterPointY: 78
headPositionsX: [ 267, 265, 266, 266, 268, 271, 271, 268, 271, 272, 272,
    268, 268, 269, 270, 270, 270, 269, 270, 272, 270, 271, 271, 270, 271,
    272, 268, 269, 268, 271, 269, 271, 272, 270, 269, 270, 272, 269, 268,
    267, 269, 265, 269, 267, 267, 270, 270, 270, 269, 267, 271, 271, 268,
    266, 267, 269, 270, 270, 269, 270, 266, 267, 268, 267, 269, 270, 266,
    266, 268, 267, 271, 267, 270, 271, 270, 266, 267, 267, 267, 272, 266,
    269, 265, 267, 269, 264, 267, 268, 264, 264, 266, 269, 265, 267, 265,
    266, 266, 265, 266, 269 ]
headPositionsY: [ 76, 75, 73, 77, 77, 75, 75, 75, 75, 79, 78, 77, 78, 78,
    76, 75, 77, 75, 74, 75, 79, 75, 75, 77, 74, 78, 74, 74, 70, 71, 70,
    65, 69, 68, 71, 77, 79, 83, 91, 90, 93, 90, 89, 83, 82, 78, 76, 74,
    75, 74, 76, 78, 85, 87, 89, 91, 89, 85, 83, 83, 73, 71, 74, 75, 74,
    74, 75, 79, 82, 85, 87, 86, 84, 80, 75, 78, 75, 72, 78, 80, 81, 82,
    87, 85, 87, 85, 85, 82, 83, 78, 78, 78, 80, 79, 79, 79, 77, 76, 80,
    80 ]
