%YAML:1.0
---
videoName: "headNod29.mp4"
gestureLabel: 202
fps: 29
pixelSizeInCmTemp: 3.1933333333333330e-01
faceCenterPointX: 271
faceCenterPointY: 70
headPositionsX: [ 273, 272, 276, 271, 276, 272, 275, 271, 272, 274, 272,
    273, 274, 272, 274, 273, 272, 272, 271, 272, 270, 271, 272, 271, 270,
    272, 273, 274, 270, 272, 269, 272, 273, 271, 269, 270, 268, 269, 272,
    268, 271, 271, 271, 271, 271, 269, 273, 271, 269, 269, 269, 273, 272,
    270, 271, 270, 269, 272, 269, 273, 272, 271, 267, 272, 268, 269, 271,
    268, 268, 268, 270, 273, 271, 270, 272, 273, 271, 270, 273, 273, 270,
    272, 272, 269, 274, 272, 270, 271, 271, 271, 270, 273, 271, 272, 270,
    270, 273, 272, 272, 270 ]
headPositionsY: [ 68, 72, 72, 72, 75, 77, 77, 76, 78, 78, 82, 81, 78, 75,
    73, 72, 70, 65, 66, 67, 66, 69, 67, 69, 73, 73, 79, 79, 80, 80, 78,
    76, 77, 74, 70, 74, 71, 70, 72, 72, 73, 79, 79, 79, 78, 81, 79, 73,
    76, 75, 74, 72, 75, 81, 82, 82, 81, 79, 77, 75, 74, 74, 76, 77, 76,
    77, 81, 80, 77, 73, 70, 70, 72, 71, 70, 71, 74, 72, 75, 78, 76, 74,
    75, 70, 74, 69, 73, 68, 72, 68, 68, 71, 68, 72, 68, 70, 68, 72, 68,
    73 ]
