%YAML:1.0
---
videoName: "headNod42.mp4"
gestureLabel: 202
fps: 30
pixelSizeInCmTemp: 3.0316455696202532e-01
faceCenterPointX: 265
faceCenterPointY: 77
headPositionsX: [ 265, 267, 268, 269, 268, 269, 269, 269, 269, 268, 270,
    270, 267, 267, 268, 268, 269, 271, 268, 270, 270, 270, 271, 266, 270,
    267, 265, 267, 264, 266, 265, 264, 263, 267, 267, 264, 267, 268, 264,
    266, 267, 264, 267, 266, 263, 264, 264, 265, 263, 264, 268, 265, 264,
    263, 264, 265, 267, 264, 264, 265, 268, 263, 263, 265, 265, 265, 267,
    266, 264, 266, 264, 266, 266, 265, 266, 265, 268, 265, 268, 266, 264,
    266, 267, 265, 267, 267, 267, 265, 263, 267, 267, 267, 264, 268, 263,
    267, 265, 268, 264, 264 ]
headPositionsY: [ 79, 74, 76, 74, 78, 75, 77, 78, 78, 77, 75, 79, 75, 74,
    75, 67, 69, 63, 66, 64, 69, 70, 69, 73, 80, 86, 90, 92, 92, 91, 89,
    85, 80, 76, 76, 68, 71, 71, 70, 70, 74, 76, 82, 82, 83, 83, 81, 78,
    73, 72, 70, 71, 72, 71, 75, 78, 79, 86, 84, 83, 86, 80, 79, 79, 75,
    72, 72, 76, 74, 75, 77, 81, 83, 79, 79, 79, 74, 78, 77, 73, 76, 73,
    73, 79, 78, 79, 79, 83, 82, 82, 80, 79, 80, 80, 79, 75, 79, 75, 79,
    79 ]
