%YAML:1.0
---
videoName: "headNod31.mp4"
gestureLabel: 202
fps: 29
pixelSizeInCmTemp: 2.8855421686746985e-01
faceCenterPointX: 267
faceCenterPointY: 75
headPositionsX: [ 267, 270, 272, 271, 272, 268, 270, 271, 272, 270, 271,
    270, 270, 271, 268, 269, 270, 270, 270, 268, 265, 268, 266, 267, 266,
    264, 267, 267, 269, 266, 269, 268, 271, 270, 269, 271, 268, 271, 269,
    270, 266, 265, 266, 267, 267, 267, 266, 266, 267, 267, 268, 269, 267,
    268, 267, 264, 269, 268, 269, 264, 267, 269, 264, 266, 267, 270, 267,
    268, 266, 265, 268, 264, 264, 265, 265, 265, 264, 264, 265, 266, 268,
    264, 267, 264, 266, 267, 267, 269, 266, 267, 266, 267, 266, 266, 267,
    269, 267, 265, 267, 267 ]
headPositionsY: [ 74, 73, 76, 76, 72, 73, 74, 65, 65, 64, 65, 64, 68, 68,
    74, 80, 84, 83, 85, 85, 84, 83, 81, 77, 72, 72, 72, 71, 68, 66, 71,
    71, 75, 73, 78, 83, 83, 88, 86, 89, 84, 80, 82, 79, 74, 76, 73, 73,
    78, 80, 82, 84, 84, 82, 84, 79, 76, 74, 71, 71, 71, 68, 69, 71, 70,
    72, 73, 76, 77, 79, 79, 80, 78, 74, 75, 75, 72, 72, 71, 71, 73, 77,
    75, 78, 75, 77, 75, 74, 75, 75, 73, 74, 76, 77, 74, 76, 74, 78, 75,
    75 ]
