%YAML:1.0
---
videoName: "headNod42.mp4"
gestureLabel: 202
fps: 30
pixelSizeInCmTemp: 3.0316455696202532e-01
faceCenterPointX: 265
faceCenterPointY: 77
headPositionsX: [ 264, 270, 269, 266, 269, 269, 270, 271, 267, 268, 268,
    268, 270, 270, 269, 268, 271, 268, 269, 267, 266, 271, 271, 269, 268,
    269, 266, 268, 264, 264, 263, 264, 263, 266, 265, 266, 264, 268, 266,
    267, 267, 263, 267, 265, 265, 264, 264, 265, 264, 263, 267, 264, 264,
    265, 263, 264, 267, 265, 262, 267, 264, 265, 266, 265, 265, 265, 264,
    266, 263, 267, 263, 263, 267, 266, 265, 264, 267, 268, 266, 268, 268,
    265, 265, 268, 266, 266, 266, 265, 263, 267, 264, 267, 264, 268, 264,
    263, 268, 265, 266, 268 ]
headPositionsY: [ 78, 74, 76, 76, 77, 77, 74, 79, 78, 78, 78, 78, 75, 75,
    77, 67, 66, 64, 67, 67, 69, 71, 71, 75, 77, 84, 89, 93, 92, 91, 89,
    82, 81, 75, 75, 71, 68, 67, 69, 69, 74, 79, 81, 83, 84, 83, 82, 76,
    76, 74, 70, 73, 69, 73, 72, 78, 79, 84, 82, 85, 84, 84, 82, 78, 74,
    73, 73, 73, 73, 73, 77, 81, 80, 80, 78, 80, 76, 77, 75, 73, 73, 73,
    74, 77, 78, 82, 81, 84, 82, 80, 82, 77, 76, 78, 79, 79, 80, 79, 75,
    78 ]
