%YAML:1.0
---
videoName: "headNod37.mp4"
gestureLabel: 202
fps: 29
pixelSizeInCmTemp: 2.9207317073170730e-01
faceCenterPointX: 269
faceCenterPointY: 78
headPositionsX: [ 268, 269, 272, 273, 269, 268, 269, 268, 272, 267, 269,
    269, 271, 272, 272, 268, 267, 270, 268, 270, 272, 268, 268, 269, 268,
    271, 270, 272, 268, 269, 271, 272, 267, 268, 267, 267, 268, 269, 271,
    270, 269, 267, 268, 271, 267, 270, 269, 270, 271, 271, 267, 269, 268,
    270, 269, 268, 269, 268, 270, 267, 271, 268, 267, 267, 267, 264, 265,
    265, 268, 267, 266, 265, 267, 270, 268, 268, 266, 268, 269, 269, 272,
    271, 268, 272, 269, 271, 269, 272, 269, 269, 272, 269, 269, 271, 270,
    270, 267, 271, 267, 271 ]
headPositionsY: [ 79, 76, 73, 77, 75, 75, 74, 76, 74, 77, 75, 75, 77, 75,
    74, 77, 76, 74, 73, 77, 74, 77, 75, 76, 74, 75, 75, 74, 73, 75, 75,
    75, 74, 78, 76, 74, 76, 74, 73, 74, 75, 76, 78, 76, 75, 74, 75, 75,
    76, 78, 75, 73, 74, 72, 65, 69, 66, 66, 68, 65, 71, 72, 78, 85, 85,
    89, 85, 87, 82, 82, 74, 72, 68, 69, 67, 65, 63, 67, 65, 71, 70, 76,
    79, 82, 83, 82, 82, 84, 79, 82, 78, 77, 78, 77, 77, 76, 76, 76, 77,
    77 ]
