%YAML:1.0
---
videoName: "headNod13.mp4"
gestureLabel: 202
fps: 29
pixelSizeInCmTemp: 3.2364864864864862e-01
faceCenterPointX: 253
faceCenterPointY: 79
headPositionsX: [ 255, 250, 251, 255, 254, 252, 251, 254, 251, 253, 252,
    254, 254, 255, 256, 252, 257, 253, 257, 254, 254, 252, 253, 255, 256,
    253, 253, 252, 251, 252, 255, 253, 254, 255, 256, 256, 251, 252, 254,
    252, 253, 251, 251, 252, 255, 251, 254, 254, 252, 252, 255, 254, 255,
    255, 255, 252, 253, 255, 254, 255, 256, 252, 255, 253, 255, 253, 255,
    256, 256, 254, 252, 252, 255, 252, 255, 255, 253, 255, 254, 254, 256,
    257, 256, 253, 253, 255, 254, 254, 255, 255, 257, 253, 255, 252, 251,
    253, 252, 254, 253, 254 ]
headPositionsY: [ 81, 73, 75, 73, 75, 74, 74, 72, 74, 74, 73, 73, 74, 75,
    75, 72, 73, 72, 74, 75, 74, 76, 73, 75, 72, 72, 72, 71, 71, 76, 73,
    76, 73, 75, 76, 72, 76, 75, 72, 72, 73, 75, 74, 76, 74, 75, 73, 74,
    73, 73, 69, 69, 68, 68, 69, 68, 71, 74, 75, 78, 79, 79, 79, 75, 72,
    71, 72, 71, 67, 68, 73, 74, 73, 77, 79, 80, 82, 80, 76, 77, 74, 73,
    74, 73, 72, 74, 75, 77, 77, 80, 78, 79, 80, 79, 80, 78, 77, 77, 81,
    79 ]
