%YAML:1.0
---
videoName: "headNod49.mp4"
gestureLabel: 202
fps: 29
pixelSizeInCmTemp: 2.9207317073170730e-01
faceCenterPointX: 263
faceCenterPointY: 74
headPositionsX: [ 263, 263, 263, 265, 264, 265, 265, 267, 265, 266, 265,
    265, 267, 264, 262, 262, 265, 266, 262, 265, 263, 264, 262, 267, 265,
    262, 266, 267, 264, 263, 265, 262, 261, 265, 261, 264, 265, 263, 263,
    262, 265, 266, 265, 262, 262, 265, 260, 263, 263, 262, 261, 265, 265,
    266, 263, 263, 264, 265, 265, 263, 264, 265, 266, 264, 263, 266, 264,
    266, 265, 263, 263, 263, 265, 265, 266, 265, 261, 261, 266, 264, 261,
    265, 261, 263, 262, 263, 264, 262, 261, 260, 262, 261, 263, 263, 262,
    262, 262, 262, 263, 265 ]
headPositionsY: [ 76, 72, 69, 74, 69, 74, 70, 74, 71, 73, 70, 69, 69, 69,
    66, 69, 68, 68, 66, 70, 70, 71, 72, 75, 76, 78, 79, 76, 75, 73, 70,
    71, 71, 68, 68, 72, 73, 72, 72, 76, 79, 76, 79, 74, 77, 73, 72, 68,
    70, 73, 72, 74, 76, 75, 79, 75, 75, 76, 75, 76, 74, 75, 73, 75, 73,
    73, 77, 75, 79, 77, 76, 75, 74, 76, 75, 75, 73, 72, 77, 73, 77, 75,
    76, 76, 75, 74, 73, 73, 74, 75, 72, 76, 72, 73, 72, 74, 76, 72, 74,
    76 ]
