%YAML:1.0
---
videoName: "headNod34.mp4"
gestureLabel: 202
fps: 29
pixelSizeInCmTemp: 2.9567901234567900e-01
faceCenterPointX: 266
faceCenterPointY: 78
headPositionsX: [ 264, 268, 268, 266, 271, 271, 268, 269, 272, 270, 268,
    270, 271, 268, 268, 268, 270, 269, 269, 267, 270, 268, 269, 269, 270,
    271, 268, 268, 271, 271, 270, 271, 268, 271, 271, 267, 271, 268, 271,
    268, 268, 267, 272, 272, 273, 271, 269, 267, 271, 269, 267, 268, 271,
    269, 267, 268, 271, 268, 269, 271, 269, 273, 271, 268, 268, 271, 268,
    270, 272, 268, 268, 267, 270, 269, 265, 268, 266, 267, 266, 265, 266,
    267, 263, 264, 263, 267, 265, 265, 267, 268, 268, 265, 264, 267, 265,
    265, 264, 269, 265, 265 ]
headPositionsY: [ 78, 74, 74, 78, 77, 78, 74, 76, 75, 77, 76, 74, 77, 74,
    74, 75, 75, 74, 75, 74, 79, 74, 79, 77, 75, 77, 74, 76, 78, 78, 77,
    77, 77, 76, 76, 76, 77, 74, 71, 73, 73, 71, 73, 72, 80, 82, 87, 88,
    86, 84, 78, 77, 76, 74, 73, 71, 76, 75, 78, 84, 85, 82, 79, 81, 77,
    77, 77, 80, 81, 82, 84, 84, 86, 81, 80, 80, 78, 77, 79, 79, 77, 83,
    82, 82, 83, 83, 83, 79, 79, 76, 76, 80, 80, 79, 81, 82, 78, 82, 78,
    78 ]
