%YAML:1.0
---
videoName: "headNod16.mp4"
gestureLabel: 202
fps: 29
pixelSizeInCmTemp: 3.3263888888888887e-01
faceCenterPointX: 255
faceCenterPointY: 77
headPositionsX: [ 255, 261, 259, 258, 260, 260, 260, 258, 260, 257, 262,
    258, 257, 261, 258, 259, 259, 256, 261, 257, 257, 256, 260, 260, 257,
    258, 260, 259, 261, 261, 260, 256, 261, 256, 259, 259, 259, 260, 260,
    260, 261, 258, 257, 258, 261, 258, 261, 257, 258, 259, 256, 260, 258,
    259, 258, 258, 255, 257, 258, 259, 256, 259, 258, 257, 258, 254, 253,
    254, 256, 255, 256, 254, 256, 256, 257, 254, 255, 256, 255, 255, 253,
    253, 254, 253, 256, 253, 256, 257, 255, 257, 255, 257, 257, 255, 252,
    255, 256, 253, 255, 255 ]
headPositionsY: [ 79, 76, 75, 77, 75, 76, 74, 73, 73, 76, 73, 77, 74, 72,
    76, 76, 75, 75, 77, 75, 75, 76, 75, 73, 75, 72, 75, 73, 73, 75, 77,
    72, 73, 76, 75, 71, 69, 70, 66, 67, 67, 67, 73, 76, 76, 77, 79, 80,
    79, 81, 74, 73, 71, 68, 71, 70, 70, 77, 78, 80, 80, 85, 79, 81, 79,
    73, 73, 72, 69, 73, 69, 72, 77, 78, 81, 80, 79, 78, 77, 74, 71, 67,
    71, 69, 74, 72, 75, 76, 76, 76, 77, 76, 76, 76, 75, 74, 75, 74, 74,
    75 ]
