%YAML:1.0
---
videoName: "headNod48.mp4"
gestureLabel: 202
fps: 29
pixelSizeInCmTemp: 2.8855421686746985e-01
faceCenterPointX: 264
faceCenterPointY: 72
headPositionsX: [ 262, 265, 265, 265, 266, 263, 267, 264, 266, 264, 263,
    266, 266, 264, 264, 264, 263, 262, 264, 260, 260, 260, 261, 262, 260,
    258, 261, 260, 264, 261, 260, 264, 264, 261, 263, 264, 263, 260, 265,
    261, 262, 262, 260, 261, 263, 262, 263, 259, 262, 260, 261, 261, 261,
    258, 260, 260, 259, 263, 261, 261, 261, 263, 264, 262, 264, 261, 261,
    263, 264, 266, 265, 262, 263, 262, 263, 265, 266, 267, 264, 264, 263,
    264, 265, 264, 268, 266, 267, 267, 264, 266, 264, 267, 265, 268, 267,
    266, 266, 263, 267, 266 ]
headPositionsY: [ 72, 73, 79, 77, 77, 75, 76, 69, 69, 67, 62, 61, 64, 66,
    65, 69, 74, 78, 85, 86, 89, 87, 82, 79, 77, 77, 71, 70, 66, 63, 64,
    66, 67, 65, 67, 73, 72, 78, 82, 82, 83, 83, 81, 77, 79, 76, 72, 71,
    70, 69, 71, 74, 76, 80, 82, 78, 78, 74, 73, 70, 69, 69, 72, 70, 71,
    77, 73, 77, 76, 78, 76, 74, 71, 70, 73, 70, 70, 72, 72, 75, 74, 75,
    72, 75, 74, 73, 74, 71, 72, 71, 74, 73, 72, 74, 73, 72, 73, 72, 73,
    70 ]
