%YAML:1.0
---
videoName: "headNod22.mp4"
gestureLabel: 202
fps: 29
pixelSizeInCmTemp: 3.1513157894736843e-01
faceCenterPointX: 252
faceCenterPointY: 80
headPositionsX: [ 251, 254, 253, 254, 252, 252, 253, 252, 252, 252, 252,
    255, 254, 251, 254, 253, 252, 255, 253, 254, 255, 252, 253, 254, 251,
    253, 255, 253, 252, 252, 250, 256, 254, 253, 255, 256, 253, 253, 254,
    254, 254, 255, 252, 252, 250, 252, 252, 254, 255, 254, 252, 252, 251,
    253, 252, 252, 253, 250, 249, 251, 254, 254, 251, 251, 250, 251, 251,
    254, 254, 251, 253, 254, 250, 252, 251, 253, 251, 251, 254, 255, 253,
    254, 252, 252, 249, 252, 253, 252, 254, 251, 250, 251, 251, 252, 251,
    253, 250, 252, 251, 252 ]
headPositionsY: [ 81, 77, 77, 80, 78, 78, 77, 78, 76, 79, 77, 78, 80, 80,
    76, 80, 81, 78, 78, 80, 77, 79, 82, 79, 82, 81, 85, 84, 83, 78, 75,
    74, 74, 72, 72, 73, 72, 77, 78, 82, 84, 81, 80, 79, 74, 73, 71, 73,
    70, 75, 74, 79, 84, 82, 84, 83, 81, 77, 73, 72, 73, 72, 72, 72, 76,
    79, 80, 80, 81, 78, 78, 77, 74, 74, 77, 80, 81, 81, 81, 80, 76, 76,
    75, 75, 75, 79, 79, 82, 81, 81, 79, 78, 80, 78, 79, 79, 81, 82, 79,
    80 ]
