%YAML:1.0
---
videoName: "headNod13.mp4"
gestureLabel: 202
fps: 29
pixelSizeInCmTemp: 3.2364864864864862e-01
faceCenterPointX: 253
faceCenterPointY: 79
headPositionsX: [ 255, 253, 254, 253, 253, 253, 252, 255, 254, 253, 255,
    256, 254, 253, 257, 253, 255, 255, 255, 257, 256, 256, 256, 252, 256,
    255, 254, 252, 252, 252, 256, 254, 255, 255, 254, 252, 252, 251, 254,
    254, 251, 254, 254, 252, 253, 251, 250, 254, 253, 251, 251, 253, 253,
    252, 255, 254, 256, 252, 254, 251, 254, 253, 255, 253, 251, 251, 251,
    252, 252, 252, 254, 253, 254, 255, 255, 254, 255, 254, 256, 253, 254,
    256, 258, 254, 254, 257, 257, 253, 252, 254, 254, 254, 255, 252, 253,
    254, 253, 255, 252, 251 ]
headPositionsY: [ 77, 75, 73, 75, 72, 71, 74, 75, 71, 73, 73, 74, 71, 75,
    73, 72, 75, 73, 74, 74, 73, 72, 74, 75, 72, 73, 72, 71, 73, 73, 74,
    75, 75, 74, 72, 76, 74, 72, 72, 73, 76, 76, 73, 75, 72, 73, 73, 75,
    71, 71, 68, 67, 69, 66, 68, 72, 74, 76, 76, 76, 77, 78, 75, 78, 74,
    70, 72, 71, 71, 69, 73, 71, 76, 78, 76, 79, 82, 76, 75, 78, 72, 71,
    71, 72, 75, 75, 74, 80, 77, 78, 82, 80, 78, 81, 78, 78, 77, 76, 78,
    80 ]
