%YAML:1.0
---
videoName: "headNod6.mp4"
gestureLabel: 202
fps: 29
pixelSizeInCmTemp: 3.1513157894736843e-01
faceCenterPointX: 262
faceCenterPointY: 73
headPositionsX: [ 261, 263, 263, 263, 262, 263, 260, 264, 264, 264, 264,
    260, 261, 264, 262, 264, 263, 261, 263, 262, 264, 265, 260, 263, 264,
    260, 261, 263, 265, 262, 262, 260, 260, 263, 260, 262, 263, 261, 262,
    261, 264, 263, 260, 261, 264, 262, 261, 264, 258, 260, 260, 263, 260,
    262, 260, 264, 260, 258, 263, 258, 261, 261, 261, 261, 260, 261, 259,
    261, 261, 261, 262, 258, 262, 262, 260, 262, 259, 260, 262, 261, 260,
    261, 262, 261, 262, 261, 261, 264, 263, 261, 264, 261, 261, 264, 263,
    259, 261, 262, 260, 263 ]
headPositionsY: [ 73, 72, 72, 74, 73, 72, 75, 73, 76, 73, 72, 73, 72, 74,
    73, 73, 73, 71, 74, 74, 74, 74, 73, 76, 73, 72, 76, 74, 73, 74, 76,
    73, 72, 71, 65, 65, 66, 66, 66, 70, 72, 75, 83, 83, 83, 82, 78, 72,
    71, 69, 68, 69, 70, 77, 82, 83, 84, 79, 77, 74, 71, 70, 66, 69, 71,
    76, 75, 83, 81, 83, 80, 76, 72, 67, 65, 64, 67, 65, 73, 75, 80, 85,
    85, 82, 83, 81, 74, 73, 73, 71, 72, 69, 69, 72, 73, 70, 73, 74, 72,
    71 ]
