%YAML:1.0
---
videoName: "headNod16.mp4"
gestureLabel: 202
fps: 29
pixelSizeInCmTemp: 3.3263888888888887e-01
faceCenterPointX: 255
faceCenterPointY: 77
headPositionsX: [ 253, 261, 258, 261, 257, 257, 260, 260, 260, 257, 259,
    260, 258, 257, 261, 257, 261, 259, 261, 258, 261, 258, 258, 260, 259,
    256, 260, 259, 259, 260, 259, 259, 261, 260, 258, 256, 258, 260, 261,
    258, 261, 259, 261, 258, 259, 256, 261, 257, 259, 256, 258, 260, 258,
    255, 257, 258, 256, 260, 257, 255, 255, 260, 254, 254, 258, 253, 253,
    253, 253, 257, 254, 255, 256, 253, 254, 253, 255, 252, 253, 254, 257,
    253, 253, 253, 254, 255, 257, 257, 256, 254, 254, 256, 256, 258, 252,
    253, 255, 256, 257, 256 ]
headPositionsY: [ 79, 75, 72, 73, 73, 72, 73, 73, 74, 75, 73, 78, 76, 73,
    74, 76, 73, 72, 76, 75, 74, 76, 75, 74, 74, 72, 77, 77, 75, 74, 75,
    74, 77, 76, 75, 73, 71, 71, 66, 67, 68, 69, 72, 73, 75, 77, 80, 81,
    81, 79, 77, 73, 69, 71, 68, 72, 72, 77, 79, 81, 82, 85, 82, 78, 79,
    75, 71, 70, 72, 72, 70, 72, 77, 79, 82, 77, 78, 75, 76, 71, 69, 70,
    70, 69, 70, 74, 77, 79, 78, 75, 76, 77, 76, 77, 75, 75, 79, 75, 76,
    75 ]
