%YAML:1.0
---
videoName: "headNod27.mp4"
gestureLabel: 202
fps: 29
pixelSizeInCmTemp: 3.0705128205128202e-01
faceCenterPointX: 271
faceCenterPointY: 77
headPositionsX: [ 270, 271, 274, 273, 270, 272, 271, 273, 270, 271, 269,
    273, 271, 271, 273, 274, 270, 271, 270, 271, 275, 270, 274, 272, 270,
    275, 275, 273, 273, 270, 269, 269, 269, 269, 269, 268, 267, 267, 268,
    268, 268, 269, 269, 271, 270, 270, 272, 269, 268, 268, 271, 267, 267,
    268, 267, 271, 270, 269, 269, 269, 271, 269, 271, 266, 268, 265, 269,
    268, 269, 268, 267, 271, 267, 270, 269, 268, 268, 266, 269, 268, 271,
    269, 267, 269, 269, 269, 269, 271, 270, 270, 272, 273, 271, 269, 271,
    272, 271, 271, 268, 270 ]
headPositionsY: [ 76, 74, 75, 72, 73, 75, 71, 72, 74, 75, 71, 76, 75, 76,
    74, 74, 74, 72, 73, 75, 72, 71, 67, 64, 63, 65, 65, 63, 66, 68, 68,
    79, 82, 81, 83, 85, 83, 79, 74, 69, 66, 66, 66, 67, 70, 69, 74, 75,
    82, 81, 77, 76, 76, 74, 69, 69, 73, 73, 74, 76, 77, 80, 80, 82, 81,
    78, 75, 75, 72, 70, 73, 71, 73, 77, 79, 78, 77, 80, 78, 71, 74, 73,
    70, 69, 69, 71, 74, 79, 81, 81, 80, 80, 80, 75, 75, 78, 77, 78, 77,
    76 ]
