%YAML:1.0
---
videoName: "headNod43.mp4"
gestureLabel: 202
fps: 29
pixelSizeInCmTemp: 2.8855421686746985e-01
faceCenterPointX: 268
faceCenterPointY: 74
headPositionsX: [ 270, 270, 270, 271, 270, 269, 268, 271, 272, 269, 269,
    268, 269, 268, 268, 267, 267, 270, 269, 267, 268, 271, 270, 267, 266,
    265, 266, 266, 264, 267, 267, 264, 267, 266, 268, 267, 268, 266, 264,
    263, 264, 262, 267, 265, 265, 266, 264, 268, 265, 266, 267, 265, 262,
    262, 262, 264, 263, 265, 265, 265, 264, 265, 263, 265, 265, 266, 267,
    264, 266, 270, 267, 266, 269, 266, 269, 265, 266, 266, 267, 267, 271,
    269, 270, 269, 269, 268, 267, 266, 271, 268, 267, 270, 267, 266, 271,
    267, 270, 270, 271, 266 ]
headPositionsY: [ 75, 77, 74, 74, 78, 75, 78, 75, 77, 73, 74, 75, 75, 74,
    74, 76, 76, 77, 75, 75, 75, 75, 75, 76, 74, 80, 81, 83, 86, 89, 88,
    88, 85, 83, 79, 77, 77, 80, 83, 84, 86, 90, 89, 87, 83, 81, 80, 84,
    80, 84, 86, 92, 89, 89, 88, 86, 81, 84, 83, 85, 85, 90, 93, 91, 92,
    87, 85, 80, 77, 77, 79, 82, 85, 85, 92, 89, 92, 88, 86, 82, 80, 76,
    75, 74, 73, 73, 75, 72, 72, 75, 72, 72, 76, 72, 75, 72, 73, 72, 73,
    76 ]
