%YAML:1.0
---
videoName: "headNod18.mp4"
gestureLabel: 202
fps: 29
pixelSizeInCmTemp: 3.3263888888888887e-01
faceCenterPointX: 255
faceCenterPointY: 77
headPositionsX: [ 255, 255, 258, 255, 255, 257, 257, 257, 256, 254, 258,
    258, 256, 256, 256, 253, 253, 255, 253, 256, 257, 255, 252, 255, 255,
    253, 255, 256, 256, 255, 254, 254, 253, 253, 257, 254, 257, 257, 253,
    255, 257, 253, 256, 256, 254, 257, 254, 254, 254, 253, 252, 254, 254,
    257, 256, 253, 255, 255, 255, 253, 256, 256, 254, 255, 255, 253, 253,
    255, 254, 252, 254, 252, 253, 254, 252, 253, 256, 254, 253, 255, 253,
    257, 252, 255, 256, 252, 254, 254, 256, 256, 256, 253, 256, 257, 256,
    256, 256, 252, 257, 254 ]
headPositionsY: [ 78, 78, 75, 78, 78, 79, 79, 78, 77, 78, 76, 77, 77, 76,
    79, 78, 80, 79, 76, 78, 77, 76, 76, 80, 78, 80, 79, 80, 79, 79, 78,
    80, 77, 79, 78, 76, 79, 77, 78, 77, 77, 75, 71, 70, 73, 74, 70, 70,
    75, 75, 77, 78, 79, 80, 80, 82, 77, 72, 73, 71, 71, 75, 75, 81, 84,
    85, 78, 79, 75, 75, 75, 74, 76, 81, 81, 84, 81, 82, 76, 76, 73, 74,
    75, 75, 78, 82, 84, 82, 80, 78, 80, 78, 79, 75, 75, 76, 81, 78, 77,
    77 ]
