%YAML:1.0
---
videoName: "headNod46.mp4"
gestureLabel: 202
fps: 30
pixelSizeInCmTemp: 2.8511904761904761e-01
faceCenterPointX: 264
faceCenterPointY: 72
headPositionsX: [ 264, 266, 264, 264, 266, 264, 265, 265, 263, 266, 265,
    265, 262, 266, 264, 263, 261, 265, 265, 265, 262, 262, 264, 266, 267,
    268, 267, 268, 268, 269, 265, 267, 266, 262, 263, 261, 260, 261, 262,
    262, 263, 261, 265, 265, 264, 263, 260, 263, 260, 262, 262, 265, 260,
    261, 262, 261, 262, 263, 266, 263, 262, 264, 264, 263, 264, 262, 262,
    262, 265, 265, 264, 262, 267, 264, 265, 261, 263, 266, 266, 267, 267,
    263, 265, 264, 262, 263, 263, 262, 261, 260, 263, 264, 265, 265, 265,
    261, 265, 265, 264, 264 ]
headPositionsY: [ 74, 70, 67, 69, 66, 68, 71, 71, 71, 74, 77, 77, 83, 83,
    85, 91, 88, 89, 85, 84, 79, 75, 77, 70, 68, 71, 70, 71, 73, 75, 80,
    83, 86, 90, 86, 84, 78, 77, 75, 69, 70, 68, 70, 73, 74, 76, 79, 83,
    86, 85, 83, 78, 76, 70, 69, 67, 65, 65, 69, 70, 72, 76, 76, 76, 77,
    72, 73, 72, 67, 70, 67, 72, 69, 74, 77, 76, 75, 75, 71, 69, 72, 67,
    72, 72, 72, 72, 73, 73, 74, 74, 73, 69, 70, 73, 69, 71, 70, 74, 73,
    74 ]
