%YAML:1.0
---
videoName: "headNod21.mp4"
gestureLabel: 202
fps: 29
pixelSizeInCmTemp: 3.2808219178082193e-01
faceCenterPointX: 253
faceCenterPointY: 78
headPositionsX: [ 254, 254, 253, 257, 256, 255, 253, 256, 256, 254, 255,
    254, 253, 253, 254, 253, 254, 253, 256, 254, 256, 254, 256, 255, 253,
    257, 256, 255, 255, 256, 254, 255, 257, 255, 257, 256, 257, 254, 256,
    256, 253, 256, 258, 254, 256, 255, 254, 254, 254, 253, 253, 252, 255,
    256, 256, 252, 254, 253, 255, 252, 252, 254, 254, 255, 250, 253, 249,
    253, 252, 254, 253, 250, 250, 248, 248, 249, 249, 249, 251, 251, 251,
    249, 251, 253, 249, 252, 255, 254, 253, 250, 253, 251, 255, 253, 256,
    255, 254, 256, 255, 254 ]
headPositionsY: [ 80, 78, 77, 79, 80, 79, 77, 80, 77, 77, 80, 79, 77, 77,
    80, 77, 80, 80, 77, 77, 78, 77, 77, 80, 79, 77, 81, 78, 82, 79, 83,
    81, 82, 80, 78, 76, 73, 76, 76, 80, 78, 81, 84, 86, 83, 80, 77, 78,
    76, 77, 81, 81, 84, 81, 84, 80, 78, 77, 79, 78, 80, 80, 83, 83, 83,
    82, 77, 80, 76, 75, 78, 77, 82, 78, 82, 84, 80, 80, 79, 76, 75, 77,
    78, 78, 80, 77, 82, 79, 79, 76, 79, 78, 80, 78, 80, 78, 79, 78, 78,
    77 ]
