%YAML:1.0
---
videoName: "headNod20.mp4"
gestureLabel: 202
fps: 30
pixelSizeInCmTemp: 3.2808219178082193e-01
faceCenterPointX: 253
faceCenterPointY: 80
headPositionsX: [ 252, 256, 257, 255, 254, 257, 254, 254, 258, 255, 254,
    254, 255, 256, 257, 254, 255, 254, 255, 256, 253, 257, 254, 256, 255,
    254, 254, 256, 257, 258, 254, 253, 256, 256, 256, 254, 253, 253, 256,
    253, 253, 252, 254, 251, 252, 251, 255, 253, 252, 254, 252, 251, 250,
    249, 249, 251, 249, 254, 253, 253, 253, 254, 254, 250, 251, 253, 255,
    255, 254, 251, 251, 254, 253, 253, 254, 254, 253, 254, 251, 250, 250,
    250, 251, 255, 252, 251, 251, 251, 254, 255, 251, 251, 252, 253, 252,
    254, 253, 255, 251, 256 ]
headPositionsY: [ 78, 76, 76, 79, 80, 79, 78, 76, 80, 80, 78, 77, 78, 80,
    81, 78, 77, 76, 78, 78, 79, 77, 80, 80, 78, 77, 79, 79, 78, 84, 83,
    85, 87, 88, 87, 83, 82, 78, 74, 73, 70, 71, 71, 76, 80, 80, 85, 89,
    88, 87, 85, 81, 83, 78, 78, 75, 75, 78, 79, 83, 81, 82, 79, 80, 78,
    79, 80, 78, 80, 81, 83, 79, 78, 78, 80, 80, 79, 82, 81, 80, 82, 82,
    78, 79, 80, 78, 83, 80, 80, 82, 81, 80, 80, 81, 81, 81, 78, 82, 78,
    81 ]
