%YAML:1.0
---
videoName: "headNod43.mp4"
gestureLabel: 202
fps: 29
pixelSizeInCmTemp: 2.8855421686746985e-01
faceCenterPointX: 268
faceCenterPointY: 74
headPositionsX: [ 270, 273, 270, 271, 269, 270, 269, 271, 268, 267, 270,
    269, 267, 269, 268, 266, 270, 267, 266, 270, 269, 271, 266, 268, 266,
    269, 268, 266, 266, 266, 266, 264, 266, 263, 268, 267, 267, 266, 267,
    264, 264, 262, 267, 262, 265, 263, 264, 265, 268, 263, 266, 266, 265,
    262, 265, 265, 262, 263, 265, 267, 266, 265, 263, 264, 267, 263, 264,
    268, 266, 269, 267, 269, 268, 266, 267, 266, 268, 267, 266, 267, 268,
    267, 268, 269, 269, 270, 270, 270, 267, 269, 271, 269, 266, 269, 269,
    268, 267, 268, 270, 266 ]
headPositionsY: [ 73, 75, 75, 74, 75, 77, 75, 76, 75, 73, 76, 76, 73, 75,
    78, 76, 74, 75, 77, 75, 73, 77, 74, 77, 74, 78, 78, 84, 87, 90, 89,
    87, 85, 83, 77, 76, 79, 79, 80, 85, 88, 90, 92, 85, 82, 81, 78, 82,
    80, 84, 90, 93, 89, 89, 87, 85, 81, 81, 81, 87, 88, 90, 91, 88, 89,
    85, 84, 81, 78, 76, 77, 79, 82, 89, 92, 90, 90, 87, 82, 83, 80, 77,
    75, 74, 75, 74, 71, 75, 75, 75, 71, 75, 75, 76, 74, 76, 74, 75, 72,
    74 ]
