%YAML:1.0
---
videoName: "headNod10.mp4"
gestureLabel: 202
fps: 29
pixelSizeInCmTemp: 3.2808219178082193e-01
faceCenterPointX: 260
faceCenterPointY: 67
headPositionsX: [ 261, 257, 259, 259, 257, 259, 256, 257, 259, 257, 258,
    256, 258, 260, 260, 259, 259, 256, 257, 258, 257, 258, 258, 258, 260,
    257, 257, 257, 259, 259, 258, 260, 259, 259, 259, 258, 261, 258, 258,
    257, 257, 261, 257, 257, 262, 262, 259, 260, 262, 260, 262, 260, 258,
    261, 258, 259, 259, 258, 258, 259, 259, 260, 262, 262, 259, 260, 259,
    258, 259, 262, 258, 258, 257, 259, 257, 257, 257, 260, 261, 258, 258,
    259, 258, 260, 257, 258, 258, 260, 261, 259, 260, 259, 260, 258, 259,
    259, 261, 261, 260, 261 ]
headPositionsY: [ 69, 69, 68, 70, 69, 68, 72, 70, 71, 71, 68, 70, 72, 70,
    71, 67, 71, 72, 68, 72, 69, 70, 67, 69, 71, 70, 70, 70, 68, 69, 70,
    70, 73, 73, 71, 69, 72, 70, 73, 72, 71, 74, 73, 72, 69, 67, 67, 60,
    63, 61, 66, 64, 70, 74, 72, 75, 74, 70, 71, 66, 63, 64, 65, 66, 64,
    69, 69, 76, 76, 74, 72, 71, 72, 68, 64, 63, 66, 65, 70, 73, 73, 76,
    75, 75, 73, 73, 67, 66, 69, 67, 68, 68, 65, 64, 65, 66, 66, 70, 68,
    67 ]
