%YAML:1.0
---
videoName: "headNod18.mp4"
gestureLabel: 202
fps: 29
pixelSizeInCmTemp: 3.3263888888888887e-01
faceCenterPointX: 255
faceCenterPointY: 77
headPositionsX: [ 254, 259, 256, 258, 255, 257, 256, 255, 255, 258, 254,
    256, 258, 257, 255, 257, 256, 254, 254, 252, 257, 254, 253, 257, 257,
    257, 256, 256, 256, 252, 254, 257, 253, 256, 255, 255, 255, 257, 257,
    254, 254, 253, 257, 255, 256, 257, 256, 257, 255, 253, 255, 253, 254,
    257, 254, 255, 254, 254, 253, 253, 256, 256, 256, 252, 256, 256, 252,
    252, 252, 255, 256, 255, 255, 253, 255, 254, 256, 256, 256, 254, 256,
    256, 253, 255, 253, 253, 253, 256, 253, 253, 253, 254, 255, 254, 253,
    255, 255, 252, 254, 256 ]
headPositionsY: [ 75, 80, 76, 77, 78, 78, 76, 78, 78, 75, 78, 79, 77, 80,
    79, 75, 80, 77, 77, 77, 79, 78, 76, 77, 79, 80, 79, 80, 81, 76, 77,
    80, 77, 79, 79, 78, 77, 79, 77, 77, 77, 75, 73, 71, 70, 72, 71, 70,
    73, 77, 75, 77, 79, 84, 81, 78, 76, 76, 73, 72, 75, 72, 78, 80, 84,
    84, 79, 80, 73, 72, 73, 73, 76, 81, 83, 81, 83, 82, 76, 75, 77, 78,
    77, 75, 78, 83, 85, 80, 82, 82, 81, 78, 78, 75, 77, 77, 79, 78, 78,
    80 ]
