%YAML:1.0
---
videoName: "headNod8.mp4"
gestureLabel: 202
fps: 29
pixelSizeInCmTemp: 3.1933333333333330e-01
faceCenterPointX: 262
faceCenterPointY: 74
headPositionsX: [ 260, 260, 259, 263, 263, 259, 259, 263, 259, 263, 263,
    261, 261, 260, 261, 262, 259, 259, 259, 261, 262, 260, 264, 264, 261,
    262, 260, 262, 264, 259, 262, 263, 261, 259, 263, 260, 262, 262, 261,
    261, 264, 262, 262, 261, 260, 263, 262, 260, 264, 260, 260, 263, 260,
    261, 259, 260, 260, 260, 262, 259, 263, 259, 259, 263, 261, 263, 260,
    262, 262, 259, 262, 260, 263, 259, 261, 260, 259, 259, 258, 263, 260,
    262, 263, 263, 261, 260, 261, 264, 263, 264, 260, 262, 260, 264, 260,
    263, 260, 265, 261, 262 ]
headPositionsY: [ 76, 75, 74, 75, 75, 76, 78, 75, 79, 77, 75, 77, 76, 74,
    74, 74, 77, 77, 77, 76, 76, 75, 78, 78, 78, 77, 77, 75, 79, 78, 76,
    79, 78, 76, 76, 79, 74, 74, 75, 73, 71, 72, 69, 66, 67, 68, 67, 69,
    71, 76, 76, 79, 81, 82, 80, 78, 80, 74, 71, 68, 68, 70, 71, 75, 76,
    83, 84, 82, 82, 83, 79, 74, 69, 71, 71, 70, 75, 78, 80, 79, 84, 83,
    81, 78, 77, 71, 72, 70, 74, 72, 76, 73, 74, 77, 78, 79, 79, 76, 74,
    77 ]
