%YAML:1.0
---
videoName: "headNod36.mp4"
gestureLabel: 202
fps: 29
pixelSizeInCmTemp: 2.8176470588235292e-01
faceCenterPointX: 269
faceCenterPointY: 75
headPositionsX: [ 269, 268, 270, 272, 270, 271, 268, 272, 268, 272, 269,
    270, 268, 268, 269, 270, 272, 269, 269, 270, 269, 271, 271, 271, 269,
    270, 271, 270, 271, 270, 271, 269, 269, 269, 270, 271, 271, 269, 270,
    267, 268, 269, 268, 270, 268, 269, 272, 271, 268, 269, 271, 270, 271,
    270, 269, 271, 269, 269, 267, 272, 267, 271, 270, 268, 269, 266, 268,
    267, 267, 267, 266, 266, 266, 266, 266, 267, 267, 267, 267, 270, 268,
    269, 269, 270, 270, 271, 268, 267, 272, 270, 271, 268, 269, 270, 271,
    268, 271, 269, 267, 270 ]
headPositionsY: [ 77, 75, 73, 73, 73, 74, 75, 74, 75, 74, 75, 74, 76, 76,
    73, 74, 76, 76, 76, 75, 76, 78, 79, 80, 75, 76, 68, 67, 65, 62, 63,
    63, 70, 75, 78, 84, 86, 89, 92, 85, 87, 79, 78, 74, 75, 69, 70, 66,
    70, 70, 67, 73, 80, 79, 85, 86, 89, 86, 84, 84, 78, 76, 75, 72, 73,
    75, 74, 78, 79, 85, 84, 82, 82, 77, 79, 72, 74, 76, 79, 78, 79, 82,
    86, 85, 82, 83, 81, 77, 76, 78, 77, 74, 76, 75, 74, 74, 73, 76, 77,
    76 ]
