%YAML:1.0
---
videoName: "headNod10.mp4"
gestureLabel: 202
fps: 29
pixelSizeInCmTemp: 3.2808219178082193e-01
faceCenterPointX: 260
faceCenterPointY: 67
headPositionsX: [ 259, 261, 260, 258, 256, 256, 256, 258, 256, 257, 259,
    259, 261, 256, 260, 260, 260, 260, 260, 258, 260, 259, 257, 257, 257,
    260, 258, 259, 258, 258, 257, 257, 261, 261, 260, 257, 258, 257, 259,
    261, 256, 261, 260, 257, 259, 263, 260, 259, 263, 260, 263, 261, 262,
    260, 258, 261, 258, 258, 261, 260, 261, 258, 260, 259, 259, 261, 261,
    257, 257, 258, 258, 256, 259, 259, 257, 257, 258, 259, 257, 259, 260,
    259, 260, 258, 256, 259, 260, 258, 258, 257, 259, 259, 257, 258, 260,
    258, 261, 262, 260, 259 ]
headPositionsY: [ 69, 71, 70, 69, 69, 69, 72, 70, 71, 72, 72, 68, 72, 68,
    72, 71, 69, 69, 71, 70, 69, 68, 69, 69, 70, 69, 71, 71, 69, 69, 69,
    68, 73, 73, 68, 71, 72, 70, 69, 73, 74, 72, 72, 71, 69, 66, 65, 61,
    63, 61, 63, 65, 69, 71, 76, 74, 72, 72, 71, 65, 65, 66, 64, 67, 64,
    68, 70, 72, 74, 74, 73, 75, 70, 67, 67, 65, 65, 67, 68, 70, 73, 76,
    74, 73, 73, 71, 68, 66, 68, 68, 65, 64, 66, 67, 65, 66, 69, 70, 66,
    69 ]
