%YAML:1.0
---
videoName: "headNod17.mp4"
gestureLabel: 202
fps: 30
pixelSizeInCmTemp: 3.2808219178082193e-01
faceCenterPointX: 253
faceCenterPointY: 76
headPositionsX: [ 252, 253, 255, 257, 256, 255, 256, 255, 257, 253, 255,
    255, 254, 254, 257, 253, 254, 256, 253, 256, 256, 255, 256, 257, 253,
    257, 253, 256, 257, 256, 253, 256, 254, 256, 254, 257, 255, 254, 256,
    256, 256, 251, 252, 251, 254, 253, 251, 253, 254, 251, 252, 255, 255,
    256, 254, 254, 254, 253, 257, 255, 255, 256, 256, 255, 253, 255, 255,
    255, 257, 253, 256, 256, 253, 253, 255, 254, 257, 255, 252, 255, 253,
    254, 253, 256, 253, 254, 256, 253, 254, 256, 255, 254, 256, 256, 254,
    254, 255, 256, 256, 254 ]
headPositionsY: [ 77, 79, 75, 79, 77, 77, 75, 78, 76, 78, 78, 79, 78, 76,
    75, 76, 75, 75, 78, 77, 78, 74, 73, 71, 70, 70, 68, 68, 69, 69, 65,
    64, 66, 70, 69, 68, 73, 74, 76, 78, 79, 82, 82, 84, 83, 87, 84, 84,
    79, 80, 78, 74, 72, 73, 69, 70, 68, 69, 70, 70, 73, 71, 74, 77, 76,
    81, 80, 80, 79, 77, 78, 78, 78, 77, 76, 79, 78, 80, 79, 78, 78, 76,
    76, 76, 78, 74, 76, 76, 79, 76, 75, 79, 77, 74, 78, 76, 78, 78, 74,
    79 ]
