%YAML:1.0
---
videoName: "headNod38.mp4"
gestureLabel: 202
fps: 29
pixelSizeInCmTemp: 2.9937500000000000e-01
faceCenterPointX: 267
faceCenterPointY: 73
headPositionsX: [ 267, 268, 269, 266, 268, 266, 265, 267, 266, 266, 268,
    265, 265, 267, 268, 267, 266, 268, 267, 269, 266, 267, 264, 268, 269,
    263, 267, 267, 264, 262, 266, 263, 267, 264, 263, 262, 265, 267, 266,
    265, 265, 266, 267, 264, 265, 269, 266, 265, 270, 265, 268, 265, 270,
    266, 268, 267, 269, 266, 267, 266, 266, 267, 270, 267, 267, 271, 269,
    267, 266, 268, 269, 267, 267, 269, 269, 267, 267, 267, 269, 269, 269,
    268, 265, 266, 266, 269, 269, 266, 268, 267, 267, 265, 266, 271, 267,
    265, 269, 265, 268, 267 ]
headPositionsY: [ 73, 72, 74, 74, 77, 80, 84, 84, 87, 83, 79, 77, 78, 73,
    77, 82, 84, 86, 87, 84, 84, 81, 76, 75, 75, 79, 82, 84, 88, 89, 87,
    86, 83, 78, 75, 74, 73, 73, 75, 80, 82, 87, 90, 89, 88, 82, 78, 78,
    74, 70, 71, 73, 74, 74, 78, 83, 85, 86, 84, 82, 80, 76, 75, 75, 73,
    72, 70, 73, 72, 78, 78, 83, 86, 86, 86, 86, 82, 80, 81, 77, 75, 72,
    71, 71, 73, 74, 72, 71, 75, 70, 74, 73, 73, 71, 74, 71, 71, 71, 75,
    76 ]
