%YAML:1.0
---
videoName: "headNod43.mp4"
gestureLabel: 202
fps: 29
pixelSizeInCmTemp: 2.8855421686746985e-01
faceCenterPointX: 268
faceCenterPointY: 74
headPositionsX: [ 269, 273, 272, 271, 267, 270, 269, 268, 270, 269, 267,
    269, 268, 269, 270, 269, 267, 267, 267, 270, 270, 270, 270, 268, 267,
    268, 268, 266, 268, 268, 263, 264, 263, 266, 267, 264, 267, 265, 263,
    267, 262, 266, 264, 266, 266, 263, 267, 265, 265, 263, 266, 262, 264,
    263, 262, 262, 264, 263, 264, 266, 265, 262, 262, 265, 263, 266, 267,
    265, 264, 270, 267, 266, 267, 269, 267, 266, 269, 268, 268, 268, 267,
    269, 267, 268, 271, 267, 268, 270, 267, 268, 271, 268, 270, 270, 269,
    267, 266, 268, 268, 266 ]
headPositionsY: [ 72, 75, 77, 78, 77, 77, 75, 73, 78, 74, 77, 75, 77, 76,
    74, 76, 74, 73, 74, 73, 74, 74, 73, 75, 76, 80, 81, 84, 89, 88, 89,
    88, 88, 84, 78, 78, 78, 81, 83, 86, 90, 92, 92, 89, 82, 82, 82, 84,
    82, 83, 89, 93, 93, 90, 89, 87, 81, 82, 84, 85, 89, 90, 89, 91, 90,
    84, 82, 81, 79, 77, 81, 81, 85, 89, 89, 92, 90, 87, 85, 80, 78, 76,
    76, 73, 72, 70, 74, 74, 75, 71, 72, 75, 73, 73, 75, 72, 73, 72, 74,
    75 ]
