%YAML:1.0
---
videoName: "headNod38.mp4"
gestureLabel: 202
fps: 29
pixelSizeInCmTemp: 2.9937500000000000e-01
faceCenterPointX: 267
faceCenterPointY: 73
headPositionsX: [ 268, 268, 266, 268, 267, 266, 268, 266, 266, 265, 267,
    265, 268, 268, 265, 265, 265, 267, 267, 268, 265, 268, 267, 265, 268,
    265, 267, 266, 264, 266, 263, 263, 266, 266, 266, 264, 267, 265, 265,
    266, 265, 265, 266, 267, 268, 267, 265, 267, 267, 268, 270, 266, 268,
    269, 267, 269, 270, 269, 267, 268, 269, 267, 266, 268, 267, 271, 267,
    269, 267, 269, 271, 268, 268, 268, 267, 266, 270, 270, 268, 268, 269,
    266, 265, 265, 268, 266, 266, 269, 270, 265, 270, 265, 268, 269, 269,
    267, 269, 265, 268, 267 ]
headPositionsY: [ 71, 72, 72, 77, 76, 81, 83, 85, 87, 84, 80, 75, 75, 76,
    80, 81, 84, 85, 85, 86, 81, 79, 75, 77, 75, 80, 81, 87, 87, 86, 90,
    88, 82, 81, 78, 73, 75, 76, 75, 80, 80, 86, 86, 91, 87, 85, 78, 78,
    72, 72, 71, 73, 75, 75, 80, 80, 83, 86, 86, 84, 82, 78, 77, 74, 75,
    71, 71, 75, 74, 78, 77, 80, 83, 83, 84, 84, 82, 81, 80, 75, 77, 72,
    72, 70, 72, 70, 71, 72, 73, 74, 73, 75, 72, 71, 73, 72, 72, 73, 71,
    74 ]
