%YAML:1.0
---
videoName: "headNod15.mp4"
gestureLabel: 202
fps: 29
pixelSizeInCmTemp: 3.1933333333333330e-01
faceCenterPointX: 255
faceCenterPointY: 74
headPositionsX: [ 255, 257, 257, 258, 259, 259, 258, 258, 257, 255, 255,
    255, 254, 258, 256, 257, 257, 256, 254, 256, 257, 258, 254, 258, 255,
    256, 254, 254, 255, 255, 253, 255, 254, 255, 255, 255, 256, 254, 256,
    257, 255, 257, 254, 252, 255, 256, 253, 253, 254, 253, 254, 254, 255,
    254, 254, 253, 255, 253, 254, 254, 256, 257, 252, 253, 253, 254, 257,
    257, 257, 254, 256, 257, 253, 253, 256, 251, 252, 251, 251, 252, 255,
    253, 253, 253, 252, 252, 256, 252, 253, 255, 253, 253, 251, 256, 254,
    254, 254, 253, 255, 254 ]
headPositionsY: [ 73, 73, 76, 73, 72, 74, 71, 72, 73, 74, 73, 72, 74, 73,
    73, 73, 71, 76, 71, 73, 75, 75, 74, 72, 72, 75, 73, 71, 74, 72, 73,
    75, 72, 72, 72, 75, 76, 77, 80, 83, 80, 82, 78, 79, 76, 70, 69, 71,
    71, 74, 77, 82, 83, 82, 78, 79, 76, 74, 69, 72, 70, 72, 72, 77, 82,
    84, 81, 81, 79, 75, 74, 70, 69, 73, 71, 73, 74, 78, 75, 75, 74, 69,
    73, 72, 72, 69, 69, 73, 74, 73, 73, 74, 74, 71, 75, 73, 71, 74, 73,
    75 ]
