%YAML:1.0
---
videoName: "headNod47.mp4"
gestureLabel: 202
fps: 29
pixelSizeInCmTemp: 3.0316455696202532e-01
faceCenterPointX: 266
faceCenterPointY: 70
headPositionsX: [ 264, 266, 269, 269, 265, 265, 267, 265, 265, 269, 265,
    267, 263, 267, 262, 265, 267, 264, 264, 263, 264, 266, 263, 268, 266,
    264, 269, 268, 267, 268, 269, 269, 267, 265, 266, 268, 267, 270, 268,
    269, 269, 267, 269, 269, 269, 267, 265, 264, 264, 267, 264, 268, 268,
    265, 266, 267, 269, 266, 267, 266, 265, 266, 266, 266, 268, 264, 264,
    267, 266, 268, 266, 266, 269, 267, 266, 267, 267, 267, 268, 266, 267,
    265, 266, 266, 266, 265, 266, 263, 265, 267, 263, 267, 265, 264, 267,
    268, 265, 264, 264, 267 ]
headPositionsY: [ 72, 63, 61, 59, 58, 59, 57, 59, 64, 69, 71, 75, 81, 83,
    81, 76, 75, 72, 69, 68, 65, 65, 67, 71, 71, 76, 76, 78, 77, 74, 75,
    73, 68, 70, 66, 70, 67, 73, 73, 74, 76, 80, 77, 76, 76, 71, 70, 69,
    67, 70, 68, 69, 71, 71, 76, 76, 75, 70, 69, 68, 67, 65, 69, 66, 70,
    70, 69, 72, 75, 73, 73, 72, 73, 70, 67, 69, 71, 70, 71, 70, 71, 73,
    73, 76, 70, 73, 73, 70, 71, 72, 68, 72, 69, 71, 71, 73, 69, 69, 69,
    73 ]
