%YAML:1.0
---
videoName: "headNod8.mp4"
gestureLabel: 202
fps: 29
pixelSizeInCmTemp: 3.1933333333333330e-01
faceCenterPointX: 262
faceCenterPointY: 74
headPositionsX: [ 264, 260, 261, 263, 259, 261, 259, 262, 263, 261, 262,
    260, 262, 259, 262, 260, 262, 259, 260, 263, 259, 261, 264, 260, 259,
    262, 259, 262, 263, 259, 260, 260, 261, 263, 261, 259, 263, 262, 259,
    262, 261, 264, 261, 263, 261, 263, 263, 260, 260, 264, 260, 261, 262,
    263, 260, 259, 261, 259, 259, 261, 261, 259, 262, 263, 261, 260, 261,
    259, 259, 261, 262, 262, 262, 261, 259, 258, 261, 258, 260, 260, 263,
    263, 263, 260, 260, 263, 261, 260, 262, 265, 262, 265, 260, 260, 262,
    263, 264, 261, 263, 265 ]
headPositionsY: [ 74, 79, 77, 76, 75, 74, 77, 78, 75, 75, 77, 77, 75, 74,
    75, 74, 79, 75, 75, 77, 74, 77, 75, 75, 77, 74, 78, 77, 76, 75, 78,
    76, 75, 76, 77, 76, 75, 74, 75, 75, 72, 72, 67, 66, 68, 66, 66, 69,
    73, 76, 76, 80, 85, 81, 80, 80, 79, 75, 75, 72, 71, 70, 70, 76, 77,
    80, 84, 82, 81, 82, 75, 72, 73, 68, 71, 70, 73, 78, 77, 80, 84, 80,
    79, 79, 76, 75, 74, 72, 73, 74, 75, 76, 76, 78, 76, 80, 79, 76, 76,
    74 ]
