%YAML:1.0
---
videoName: "headNod12.mp4"
gestureLabel: 202
fps: 29
pixelSizeInCmTemp: 3.2808219178082193e-01
faceCenterPointX: 254
faceCenterPointY: 69
headPositionsX: [ 253, 251, 255, 253, 254, 251, 256, 255, 256, 253, 254,
    259, 254, 258, 257, 256, 255, 256, 254, 258, 255, 255, 257, 255, 258,
    254, 255, 257, 255, 256, 257, 253, 255, 252, 256, 254, 253, 256, 254,
    253, 252, 253, 257, 255, 253, 257, 256, 255, 252, 253, 253, 257, 252,
    255, 253, 252, 254, 253, 255, 256, 253, 254, 254, 252, 253, 254, 254,
    256, 255, 253, 256, 254, 252, 255, 252, 252, 252, 256, 253, 256, 253,
    253, 255, 256, 254, 253, 255, 258, 252, 254, 256, 257, 254, 255, 254,
    252, 252, 255, 256, 254 ]
headPositionsY: [ 67, 72, 71, 75, 70, 72, 74, 70, 76, 76, 74, 73, 72, 71,
    72, 71, 74, 72, 74, 74, 73, 72, 76, 74, 74, 74, 75, 76, 74, 75, 73,
    74, 72, 71, 73, 69, 69, 66, 68, 63, 61, 60, 62, 61, 66, 68, 70, 69,
    70, 75, 79, 80, 76, 75, 76, 75, 71, 68, 66, 65, 66, 63, 62, 63, 67,
    69, 70, 71, 75, 73, 78, 76, 74, 75, 72, 70, 69, 67, 66, 64, 68, 64,
    67, 66, 68, 71, 69, 70, 75, 74, 73, 72, 72, 71, 72, 73, 73, 72, 68,
    69 ]
