%YAML:1.0
---
videoName: "headNod23.mp4"
gestureLabel: 202
fps: 29
pixelSizeInCmTemp: 3.1933333333333330e-01
faceCenterPointX: 273
faceCenterPointY: 75
headPositionsX: [ 275, 271, 273, 274, 275, 274, 275, 275, 275, 272, 276,
    276, 276, 277, 274, 275, 272, 276, 273, 275, 274, 276, 274, 276, 272,
    273, 276, 277, 273, 276, 276, 273, 274, 274, 273, 276, 274, 273, 271,
    274, 270, 271, 270, 272, 273, 272, 274, 270, 271, 272, 273, 273, 272,
    276, 273, 276, 274, 273, 271, 272, 275, 276, 275, 274, 274, 273, 272,
    273, 275, 274, 273, 274, 272, 273, 274, 274, 274, 275, 272, 273, 275,
    273, 274, 271, 273, 276, 274, 274, 272, 274, 274, 272, 275, 273, 272,
    276, 276, 273, 273, 273 ]
headPositionsY: [ 74, 74, 74, 77, 75, 77, 76, 77, 75, 78, 75, 77, 75, 76,
    78, 79, 76, 74, 75, 75, 78, 75, 78, 77, 73, 74, 67, 67, 68, 68, 66,
    64, 64, 64, 66, 70, 72, 78, 81, 82, 81, 80, 81, 79, 76, 77, 69, 69,
    69, 68, 67, 70, 68, 69, 71, 75, 76, 76, 78, 77, 75, 76, 74, 70, 68,
    68, 70, 69, 67, 71, 73, 73, 76, 78, 78, 79, 78, 77, 79, 77, 78, 74,
    77, 74, 72, 74, 74, 75, 71, 73, 73, 75, 77, 78, 74, 77, 78, 75, 75,
    74 ]
