%YAML:1.0
---
videoName: "headNod47.mp4"
gestureLabel: 202
fps: 29
pixelSizeInCmTemp: 3.0316455696202532e-01
faceCenterPointX: 266
faceCenterPointY: 70
headPositionsX: [ 265, 269, 268, 266, 266, 268, 264, 266, 268, 267, 266,
    264, 265, 263, 265, 262, 265, 263, 264, 264, 263, 267, 266, 268, 264,
    268, 265, 265, 266, 269, 268, 266, 267, 266, 268, 269, 266, 270, 265,
    266, 268, 265, 268, 268, 270, 265, 267, 266, 266, 264, 265, 266, 265,
    265, 268, 265, 267, 265, 268, 269, 266, 266, 266, 266, 265, 266, 264,
    269, 266, 264, 268, 265, 265, 266, 268, 266, 266, 265, 268, 268, 264,
    264, 267, 267, 267, 264, 265, 264, 269, 266, 267, 265, 265, 266, 263,
    268, 265, 267, 264, 266 ]
headPositionsY: [ 69, 62, 61, 57, 58, 59, 61, 61, 66, 65, 73, 74, 79, 81,
    80, 77, 75, 71, 66, 66, 65, 64, 66, 69, 71, 76, 78, 79, 77, 73, 73,
    70, 68, 68, 67, 69, 66, 71, 73, 77, 79, 81, 78, 78, 75, 72, 72, 69,
    67, 66, 68, 70, 73, 73, 74, 77, 72, 70, 72, 70, 66, 69, 66, 68, 70,
    70, 69, 75, 73, 73, 73, 72, 70, 70, 69, 68, 69, 70, 68, 70, 72, 76,
    73, 74, 71, 70, 73, 72, 68, 70, 70, 68, 71, 71, 72, 73, 70, 70, 70,
    72 ]
