%YAML:1.0
---
videoName: "headNod10.mp4"
gestureLabel: 202
fps: 29
pixelSizeInCmTemp: 3.2808219178082193e-01
faceCenterPointX: 260
faceCenterPointY: 67
headPositionsX: [ 260, 261, 259, 260, 258, 260, 257, 258, 260, 258, 259,
    258, 257, 260, 258, 256, 256, 259, 257, 258, 259, 258, 261, 258, 260,
    261, 257, 258, 256, 256, 258, 257, 258, 257, 256, 260, 258, 258, 260,
    259, 259, 260, 258, 258, 258, 261, 258, 259, 260, 259, 261, 261, 259,
    258, 260, 261, 260, 260, 260, 259, 259, 258, 259, 260, 260, 260, 259,
    257, 259, 258, 259, 256, 260, 256, 261, 261, 260, 259, 257, 259, 259,
    261, 256, 258, 260, 261, 260, 257, 260, 258, 259, 260, 258, 259, 258,
    261, 259, 261, 259, 260 ]
headPositionsY: [ 66, 71, 71, 69, 72, 68, 69, 71, 68, 70, 72, 69, 68, 68,
    71, 67, 69, 72, 69, 69, 72, 71, 71, 68, 69, 72, 72, 70, 71, 71, 71,
    71, 70, 70, 69, 72, 69, 70, 72, 70, 72, 72, 73, 68, 68, 65, 63, 61,
    62, 63, 65, 68, 69, 72, 76, 76, 74, 72, 68, 65, 65, 65, 62, 66, 64,
    71, 70, 74, 78, 76, 75, 73, 68, 67, 67, 67, 67, 65, 71, 74, 75, 74,
    73, 72, 69, 72, 67, 67, 69, 67, 68, 64, 67, 65, 66, 68, 65, 70, 67,
    70 ]
