%YAML:1.0
---
videoName: "headNod32.mp4"
gestureLabel: 202
fps: 29
pixelSizeInCmTemp: 2.8855421686746985e-01
faceCenterPointX: 266
faceCenterPointY: 74
headPositionsX: [ 264, 270, 267, 269, 267, 267, 265, 265, 267, 267, 265,
    266, 267, 265, 267, 264, 267, 265, 267, 264, 267, 267, 266, 266, 266,
    268, 267, 267, 266, 264, 268, 265, 268, 267, 268, 268, 269, 267, 269,
    267, 266, 270, 267, 265, 267, 268, 267, 267, 268, 267, 266, 265, 266,
    266, 265, 268, 266, 268, 265, 265, 269, 266, 266, 266, 267, 266, 268,
    266, 269, 267, 268, 265, 264, 266, 265, 267, 265, 265, 268, 264, 266,
    265, 267, 263, 265, 268, 269, 265, 266, 265, 266, 269, 269, 264, 268,
    267, 267, 266, 266, 266 ]
headPositionsY: [ 74, 76, 77, 77, 79, 80, 79, 76, 79, 76, 79, 76, 78, 77,
    78, 76, 76, 78, 78, 79, 79, 79, 76, 78, 76, 78, 77, 79, 76, 78, 77,
    77, 80, 76, 78, 76, 77, 77, 80, 80, 76, 80, 79, 79, 77, 76, 78, 79,
    78, 77, 76, 78, 78, 76, 77, 75, 77, 77, 75, 74, 67, 70, 68, 64, 64,
    68, 67, 73, 78, 82, 85, 88, 88, 87, 85, 78, 77, 73, 70, 72, 72, 73,
    71, 73, 71, 72, 73, 72, 76, 75, 78, 73, 75, 72, 76, 73, 77, 72, 74,
    76 ]
