%YAML:1.0
---
videoName: "headNod20.mp4"
gestureLabel: 202
fps: 30
pixelSizeInCmTemp: 3.2808219178082193e-01
faceCenterPointX: 253
faceCenterPointY: 80
headPositionsX: [ 251, 256, 255, 258, 254, 254, 257, 256, 256, 255, 256,
    254, 257, 257, 256, 253, 256, 256, 253, 257, 254, 254, 258, 257, 254,
    257, 256, 253, 258, 256, 257, 255, 256, 254, 255, 252, 253, 254, 253,
    256, 256, 251, 252, 255, 254, 255, 252, 251, 252, 252, 252, 250, 253,
    250, 249, 251, 253, 253, 251, 252, 252, 253, 253, 251, 253, 252, 254,
    253, 250, 253, 255, 251, 253, 251, 253, 254, 253, 255, 252, 252, 251,
    250, 251, 255, 255, 251, 251, 251, 251, 254, 253, 255, 250, 251, 255,
    254, 252, 251, 251, 256 ]
headPositionsY: [ 80, 76, 79, 79, 78, 77, 77, 77, 80, 78, 76, 76, 77, 80,
    78, 75, 78, 80, 79, 78, 78, 76, 81, 76, 77, 79, 78, 80, 80, 81, 83,
    86, 85, 87, 84, 83, 81, 76, 76, 74, 72, 69, 72, 76, 79, 81, 83, 86,
    89, 90, 88, 84, 83, 80, 78, 78, 79, 79, 79, 83, 81, 85, 83, 80, 77,
    80, 80, 80, 80, 84, 81, 82, 78, 80, 80, 81, 79, 78, 82, 81, 82, 79,
    78, 79, 82, 81, 83, 82, 80, 79, 78, 79, 78, 80, 80, 79, 80, 78, 80,
    81 ]
