%YAML:1.0
---
videoName: "headNod45.mp4"
gestureLabel: 202
fps: 30
pixelSizeInCmTemp: 3.0316455696202532e-01
faceCenterPointX: 265
faceCenterPointY: 77
headPositionsX: [ 267, 266, 265, 269, 266, 267, 268, 269, 267, 268, 267,
    267, 266, 269, 268, 269, 270, 267, 267, 269, 269, 266, 268, 267, 266,
    269, 268, 263, 268, 268, 264, 264, 266, 264, 264, 267, 264, 267, 268,
    264, 265, 263, 263, 266, 267, 266, 266, 266, 267, 268, 267, 268, 265,
    267, 269, 267, 268, 268, 267, 266, 266, 267, 264, 267, 265, 268, 268,
    268, 269, 265, 264, 269, 268, 266, 264, 263, 265, 269, 264, 263, 266,
    267, 264, 265, 267, 268, 266, 263, 266, 267, 267, 264, 264, 267, 264,
    268, 263, 263, 266, 266 ]
headPositionsY: [ 78, 76, 75, 74, 73, 78, 76, 74, 76, 75, 74, 74, 73, 76,
    76, 74, 77, 79, 80, 83, 84, 90, 93, 95, 94, 92, 89, 87, 83, 79, 73,
    72, 69, 64, 66, 67, 67, 72, 71, 80, 80, 89, 92, 93, 94, 90, 88, 85,
    79, 77, 77, 71, 73, 74, 74, 76, 79, 79, 83, 86, 85, 84, 83, 77, 76,
    73, 74, 72, 74, 74, 76, 81, 83, 86, 88, 87, 84, 86, 80, 80, 79, 74,
    77, 75, 76, 78, 78, 81, 81, 81, 80, 76, 80, 76, 76, 76, 77, 76, 80,
    76 ]
