%YAML:1.0
---
videoName: "headNod34.mp4"
gestureLabel: 202
fps: 29
pixelSizeInCmTemp: 2.9567901234567900e-01
faceCenterPointX: 266
faceCenterPointY: 78
headPositionsX: [ 267, 268, 268, 267, 270, 271, 272, 271, 272, 267, 267,
    269, 271, 271, 268, 269, 267, 269, 272, 269, 267, 267, 270, 268, 270,
    269, 268, 272, 271, 267, 270, 267, 270, 268, 268, 268, 271, 272, 272,
    272, 270, 271, 270, 272, 270, 268, 271, 267, 268, 271, 269, 270, 271,
    267, 267, 270, 268, 270, 270, 272, 268, 272, 272, 270, 272, 269, 269,
    268, 269, 270, 269, 267, 268, 266, 265, 267, 266, 267, 264, 266, 268,
    265, 265, 267, 267, 265, 264, 265, 266, 266, 264, 267, 263, 266, 264,
    265, 268, 269, 264, 266 ]
headPositionsY: [ 79, 78, 75, 77, 77, 77, 77, 76, 75, 77, 78, 75, 75, 76,
    75, 75, 75, 76, 79, 74, 76, 74, 75, 76, 75, 78, 78, 75, 77, 77, 77,
    75, 77, 79, 75, 77, 76, 75, 71, 70, 70, 72, 72, 76, 83, 83, 91, 85,
    87, 82, 78, 74, 73, 72, 70, 75, 74, 79, 78, 83, 83, 82, 80, 80, 80,
    81, 75, 78, 77, 83, 84, 82, 86, 84, 83, 81, 80, 77, 77, 79, 80, 83,
    84, 82, 82, 82, 82, 81, 81, 80, 77, 79, 80, 82, 82, 82, 78, 78, 79,
    80 ]
