%YAML:1.0
---
videoName: "headNod35.mp4"
gestureLabel: 202
fps: 30
pixelSizeInCmTemp: 2.9937500000000000e-01
faceCenterPointX: 268
faceCenterPointY: 78
headPositionsX: [ 269, 265, 270, 266, 269, 268, 267, 271, 268, 268, 270,
    268, 271, 270, 270, 267, 271, 269, 269, 272, 268, 267, 268, 271, 268,
    271, 269, 268, 272, 269, 273, 273, 271, 272, 269, 271, 271, 267, 266,
    270, 270, 265, 269, 265, 269, 267, 269, 267, 271, 270, 268, 270, 271,
    268, 268, 269, 268, 270, 268, 269, 270, 270, 268, 269, 270, 268, 268,
    268, 269, 268, 269, 271, 267, 267, 266, 268, 268, 271, 269, 270, 269,
    269, 269, 270, 265, 264, 264, 268, 265, 264, 266, 266, 265, 265, 268,
    266, 265, 265, 269, 269 ]
headPositionsY: [ 77, 76, 73, 78, 75, 74, 78, 76, 75, 76, 77, 79, 76, 75,
    74, 77, 78, 75, 74, 76, 79, 74, 79, 76, 78, 76, 78, 70, 72, 70, 66,
    65, 69, 72, 71, 74, 79, 82, 88, 92, 91, 90, 89, 86, 78, 79, 77, 74,
    75, 75, 76, 78, 83, 85, 89, 89, 86, 83, 80, 80, 74, 70, 74, 75, 75,
    76, 77, 81, 83, 87, 85, 85, 84, 80, 76, 76, 76, 74, 74, 76, 79, 85,
    87, 89, 86, 83, 82, 84, 80, 79, 80, 81, 80, 76, 79, 76, 77, 78, 79,
    80 ]
