%YAML:1.0
---
videoName: "headNod20.mp4"
gestureLabel: 202
fps: 30
pixelSizeInCmTemp: 3.2808219178082193e-01
faceCenterPointX: 253
faceCenterPointY: 80
headPositionsX: [ 253, 255, 253, 257, 256, 254, 257, 258, 255, 254, 253,
    256, 257, 256, 258, 257, 255, 257, 253, 257, 255, 253, 258, 254, 258,
    257, 254, 253, 257, 258, 255, 256, 254, 257, 254, 254, 253, 256, 254,
    253, 256, 253, 255, 253, 253, 255, 256, 252, 254, 252, 251, 253, 254,
    253, 252, 252, 249, 251, 250, 250, 252, 252, 254, 250, 251, 251, 253,
    251, 252, 255, 255, 252, 252, 254, 252, 253, 254, 254, 253, 253, 252,
    254, 254, 254, 253, 251, 253, 252, 255, 256, 254, 252, 250, 251, 252,
    255, 253, 253, 251, 252 ]
headPositionsY: [ 81, 78, 76, 77, 77, 79, 78, 79, 76, 77, 80, 78, 77, 81,
    78, 78, 77, 78, 77, 76, 79, 76, 77, 80, 79, 77, 78, 80, 79, 82, 81,
    84, 84, 86, 84, 85, 79, 77, 74, 71, 70, 73, 73, 75, 77, 82, 84, 85,
    88, 86, 88, 85, 81, 76, 78, 78, 78, 77, 79, 82, 85, 83, 83, 78, 79,
    77, 82, 78, 79, 84, 83, 78, 77, 76, 78, 78, 79, 80, 80, 83, 82, 80,
    78, 78, 82, 78, 82, 81, 82, 80, 82, 82, 82, 81, 78, 80, 79, 80, 82,
    80 ]
