%YAML:1.0
---
videoName: "headNod41.mp4"
gestureLabel: 202
fps: 29
pixelSizeInCmTemp: 2.9937500000000000e-01
faceCenterPointX: 267
faceCenterPointY: 76
headPositionsX: [ 268, 268, 270, 269, 270, 272, 271, 270, 271, 268, 268,
    268, 270, 269, 270, 272, 268, 273, 272, 272, 270, 271, 270, 271, 269,
    271, 268, 270, 271, 269, 270, 269, 269, 270, 268, 268, 270, 271, 271,
    267, 271, 269, 268, 268, 270, 269, 267, 269, 271, 269, 268, 267, 270,
    268, 269, 268, 266, 269, 267, 268, 271, 266, 267, 268, 269, 271, 269,
    268, 266, 268, 266, 268, 266, 267, 270, 268, 266, 265, 266, 267, 267,
    266, 267, 269, 266, 266, 267, 269, 267, 266, 268, 268, 269, 265, 267,
    267, 268, 268, 269, 268 ]
headPositionsY: [ 75, 70, 71, 74, 73, 75, 71, 75, 73, 72, 73, 71, 75, 73,
    73, 73, 71, 73, 75, 76, 73, 73, 73, 75, 74, 74, 73, 76, 75, 75, 72,
    72, 75, 73, 75, 76, 73, 77, 74, 75, 82, 83, 84, 86, 91, 93, 91, 88,
    82, 78, 76, 69, 69, 67, 66, 64, 67, 67, 71, 75, 79, 84, 90, 94, 94,
    90, 88, 83, 76, 73, 74, 71, 69, 72, 71, 79, 81, 82, 83, 86, 83, 81,
    77, 73, 74, 72, 73, 72, 73, 76, 79, 82, 81, 78, 77, 76, 80, 79, 78,
    77 ]
