%YAML:1.0
---
videoName: "headNod2.mp4"
gestureLabel: 202
fps: 29
pixelSizeInCmTemp: 3.2364864864864862e-01
faceCenterPointX: 263
faceCenterPointY: 70
headPositionsX: [ 261, 264, 264, 260, 262, 263, 262, 265, 265, 262, 263,
    264, 264, 262, 265, 265, 263, 265, 266, 263, 266, 261, 262, 264, 260,
    264, 261, 260, 262, 264, 262, 261, 262, 260, 264, 260, 261, 264, 261,
    259, 263, 261, 262, 260, 261, 259, 260, 262, 261, 261, 263, 262, 264,
    261, 261, 262, 265, 261, 262, 260, 264, 262, 262, 264, 264, 262, 261,
    260, 264, 261, 261, 263, 263, 261, 261, 264, 262, 265, 265, 260, 261,
    263, 265, 262, 263, 265, 262, 264, 261, 263, 265, 261, 261, 261, 263,
    263, 262, 266, 263, 262 ]
headPositionsY: [ 70, 73, 77, 74, 76, 76, 75, 74, 78, 76, 77, 77, 73, 73,
    77, 75, 76, 76, 77, 76, 75, 75, 74, 74, 73, 74, 74, 73, 77, 72, 73,
    73, 74, 75, 74, 73, 75, 75, 76, 75, 76, 75, 74, 74, 75, 75, 73, 76,
    71, 73, 73, 71, 69, 71, 73, 79, 80, 77, 74, 71, 72, 73, 73, 75, 77,
    76, 73, 73, 71, 71, 69, 71, 73, 79, 74, 75, 76, 69, 72, 69, 72, 74,
    76, 75, 76, 73, 70, 69, 70, 68, 72, 69, 70, 69, 70, 72, 71, 72, 70,
    69 ]
