%YAML:1.0
---
videoName: "headNod27.mp4"
gestureLabel: 202
fps: 29
pixelSizeInCmTemp: 3.0705128205128202e-01
faceCenterPointX: 271
faceCenterPointY: 77
headPositionsX: [ 269, 272, 274, 271, 270, 270, 272, 274, 272, 275, 272,
    271, 273, 272, 271, 274, 269, 272, 274, 274, 273, 271, 273, 272, 274,
    271, 271, 273, 271, 272, 271, 272, 270, 272, 271, 269, 267, 269, 271,
    269, 271, 270, 270, 268, 272, 269, 271, 269, 270, 271, 267, 267, 270,
    272, 267, 271, 268, 268, 270, 272, 272, 269, 268, 266, 268, 268, 266,
    268, 268, 269, 268, 271, 268, 271, 269, 267, 269, 266, 267, 268, 270,
    270, 271, 267, 268, 272, 272, 269, 270, 271, 271, 272, 271, 273, 268,
    269, 270, 271, 271, 272 ]
headPositionsY: [ 76, 72, 71, 75, 72, 71, 73, 74, 72, 76, 71, 75, 76, 72,
    76, 76, 76, 76, 76, 74, 75, 70, 68, 68, 64, 63, 66, 63, 66, 69, 70,
    78, 81, 82, 82, 85, 80, 80, 75, 71, 69, 68, 70, 68, 70, 70, 74, 75,
    80, 82, 81, 79, 72, 73, 72, 71, 69, 73, 76, 73, 80, 79, 84, 82, 80,
    79, 75, 74, 74, 74, 70, 74, 75, 78, 79, 78, 78, 80, 77, 72, 71, 70,
    72, 70, 73, 72, 74, 75, 77, 80, 77, 81, 78, 78, 77, 78, 75, 79, 75,
    76 ]
