%YAML:1.0
---
videoName: "headNod18.mp4"
gestureLabel: 202
fps: 29
pixelSizeInCmTemp: 3.3263888888888887e-01
faceCenterPointX: 255
faceCenterPointY: 77
headPositionsX: [ 253, 256, 257, 257, 258, 256, 257, 258, 259, 257, 257,
    256, 258, 258, 255, 256, 255, 253, 255, 256, 256, 253, 255, 256, 255,
    256, 256, 254, 256, 255, 257, 257, 256, 253, 253, 258, 256, 256, 253,
    253, 256, 253, 253, 254, 255, 256, 254, 254, 258, 255, 252, 255, 253,
    253, 255, 256, 252, 256, 254, 253, 255, 254, 256, 251, 254, 256, 256,
    252, 252, 255, 255, 253, 253, 256, 254, 254, 253, 256, 252, 256, 254,
    255, 252, 253, 252, 256, 254, 255, 254, 257, 253, 256, 255, 253, 253,
    254, 256, 255, 253, 255 ]
headPositionsY: [ 79, 79, 78, 76, 78, 78, 75, 78, 75, 77, 76, 80, 76, 76,
    76, 78, 79, 79, 78, 80, 76, 80, 79, 80, 77, 76, 77, 79, 78, 79, 78,
    79, 78, 78, 78, 77, 76, 76, 77, 77, 77, 76, 73, 74, 71, 72, 70, 73,
    77, 76, 76, 80, 77, 82, 80, 79, 78, 72, 70, 73, 73, 76, 76, 77, 80,
    84, 81, 79, 77, 76, 72, 76, 80, 80, 81, 83, 83, 80, 77, 75, 76, 74,
    74, 76, 77, 82, 85, 81, 79, 81, 80, 75, 78, 75, 78, 77, 79, 76, 77,
    79 ]
