%YAML:1.0
---
videoName: "headNod48.mp4"
gestureLabel: 202
fps: 29
pixelSizeInCmTemp: 2.8855421686746985e-01
faceCenterPointX: 264
faceCenterPointY: 72
headPositionsX: [ 264, 265, 265, 267, 265, 266, 265, 264, 267, 265, 266,
    265, 265, 261, 264, 264, 261, 259, 263, 264, 260, 262, 260, 261, 259,
    262, 261, 259, 261, 261, 262, 260, 261, 261, 261, 262, 263, 263, 261,
    262, 262, 264, 264, 262, 263, 262, 259, 259, 260, 260, 261, 260, 262,
    262, 260, 261, 261, 261, 260, 262, 264, 262, 262, 263, 265, 264, 264,
    265, 266, 262, 263, 262, 265, 265, 264, 264, 263, 266, 263, 266, 263,
    264, 266, 264, 267, 267, 265, 265, 267, 265, 265, 266, 265, 267, 265,
    266, 267, 263, 267, 267 ]
headPositionsY: [ 71, 76, 75, 78, 79, 75, 76, 72, 67, 66, 64, 62, 62, 63,
    69, 69, 74, 77, 82, 89, 86, 86, 82, 83, 78, 73, 70, 69, 66, 62, 62,
    68, 66, 64, 68, 74, 75, 77, 82, 84, 81, 81, 80, 78, 79, 73, 73, 73,
    71, 72, 70, 74, 76, 78, 82, 81, 77, 75, 76, 70, 73, 69, 72, 73, 73,
    74, 74, 78, 79, 77, 78, 76, 73, 71, 69, 71, 68, 69, 72, 75, 76, 74,
    73, 75, 74, 73, 73, 71, 73, 69, 73, 73, 72, 75, 73, 70, 74, 70, 70,
    70 ]
