%YAML:1.0
---
videoName: "headNod1.mp4"
gestureLabel: 202
fps: 29
pixelSizeInCmTemp: 3.2808219178082193e-01
faceCenterPointX: 263
faceCenterPointY: 78
headPositionsX: [ 265, 263, 263, 263, 261, 262, 261, 266, 265, 262, 260,
    266, 263, 265, 263, 266, 261, 265, 263, 262, 265, 265, 267, 263, 262,
    265, 266, 262, 266, 262, 264, 262, 262, 267, 264, 262, 265, 264, 264,
    264, 266, 264, 265, 265, 268, 265, 264, 265, 267, 264, 264, 262, 265,
    265, 261, 265, 260, 264, 265, 261, 264, 262, 262, 266, 265, 263, 263,
    265, 264, 265, 264, 261, 261, 262, 264, 264, 261, 263, 264, 262, 261,
    262, 262, 263, 260, 262, 265, 263, 263, 263, 261, 260, 263, 263, 262,
    264, 261, 261, 263, 261 ]
headPositionsY: [ 79, 76, 75, 74, 75, 77, 74, 74, 73, 75, 74, 76, 77, 76,
    74, 77, 72, 75, 73, 75, 76, 75, 76, 74, 74, 75, 76, 73, 76, 76, 74,
    76, 76, 72, 72, 70, 69, 68, 68, 62, 63, 63, 62, 62, 64, 67, 66, 72,
    71, 74, 75, 80, 80, 83, 84, 83, 79, 77, 75, 70, 70, 70, 68, 66, 64,
    69, 71, 73, 73, 78, 79, 80, 78, 76, 74, 71, 66, 66, 64, 67, 67, 67,
    67, 73, 73, 77, 78, 78, 83, 84, 81, 82, 80, 82, 82, 80, 79, 80, 79,
    80 ]
