%YAML:1.0
---
videoName: "headNod28.mp4"
gestureLabel: 202
fps: 30
pixelSizeInCmTemp: 3.2364864864864862e-01
faceCenterPointX: 270
faceCenterPointY: 76
headPositionsX: [ 271, 272, 273, 273, 272, 272, 271, 270, 273, 274, 270,
    269, 271, 270, 271, 270, 267, 270, 269, 271, 273, 269, 272, 269, 271,
    272, 269, 272, 269, 270, 268, 273, 272, 270, 271, 271, 269, 271, 271,
    268, 272, 270, 272, 270, 267, 272, 269, 269, 269, 270, 267, 268, 267,
    271, 268, 272, 269, 271, 271, 272, 272, 272, 271, 273, 271, 273, 269,
    272, 272, 271, 270, 269, 273, 271, 271, 273, 272, 271, 269, 271, 271,
    272, 270, 272, 271, 269, 273, 269, 269, 272, 270, 270, 272, 270, 272,
    273, 272, 273, 269, 268 ]
headPositionsY: [ 74, 73, 73, 76, 74, 76, 73, 72, 75, 77, 75, 77, 75, 72,
    75, 74, 73, 73, 75, 77, 73, 76, 74, 75, 76, 75, 74, 74, 74, 77, 74,
    75, 76, 75, 73, 75, 76, 72, 76, 75, 75, 79, 79, 81, 79, 85, 82, 78,
    80, 79, 74, 74, 73, 70, 73, 73, 71, 73, 73, 76, 78, 79, 78, 77, 77,
    73, 72, 69, 73, 73, 74, 75, 80, 82, 79, 78, 79, 78, 76, 71, 71, 74,
    75, 74, 75, 77, 79, 76, 76, 78, 74, 76, 77, 75, 77, 77, 74, 76, 77,
    77 ]
