%YAML:1.0
---
videoName: "headNod10.mp4"
gestureLabel: 202
fps: 29
pixelSizeInCmTemp: 3.2808219178082193e-01
faceCenterPointX: 260
faceCenterPointY: 67
headPositionsX: [ 258, 260, 259, 260, 258, 259, 256, 257, 258, 258, 256,
    259, 257, 259, 259, 260, 259, 256, 258, 257, 256, 259, 260, 257, 261,
    257, 261, 260, 260, 259, 257, 257, 259, 261, 256, 259, 260, 257, 258,
    260, 258, 259, 261, 261, 260, 260, 261, 262, 262, 261, 263, 260, 260,
    260, 258, 258, 258, 258, 258, 259, 261, 259, 262, 262, 259, 262, 258,
    261, 257, 260, 260, 259, 257, 257, 261, 261, 258, 260, 257, 258, 260,
    258, 259, 260, 257, 259, 258, 257, 259, 259, 260, 261, 260, 260, 262,
    260, 262, 262, 260, 263 ]
headPositionsY: [ 69, 72, 68, 69, 68, 72, 68, 68, 70, 68, 68, 68, 70, 71,
    70, 70, 71, 68, 71, 70, 72, 69, 69, 71, 71, 71, 71, 70, 71, 68, 71,
    72, 70, 70, 72, 69, 71, 69, 69, 71, 74, 74, 71, 68, 67, 66, 63, 64,
    62, 61, 65, 66, 68, 74, 75, 75, 72, 71, 71, 68, 67, 63, 65, 63, 67,
    70, 69, 74, 75, 74, 76, 72, 72, 66, 65, 64, 63, 67, 70, 72, 75, 78,
    75, 75, 71, 72, 70, 65, 69, 65, 66, 68, 65, 67, 67, 65, 69, 69, 65,
    67 ]
