%YAML:1.0
---
videoName: "headNod11.mp4"
gestureLabel: 202
fps: 29
pixelSizeInCmTemp: 3.2364864864864862e-01
faceCenterPointX: 261
faceCenterPointY: 75
headPositionsX: [ 261, 258, 261, 260, 257, 259, 260, 262, 259, 259, 261,
    257, 259, 261, 259, 260, 257, 262, 258, 257, 260, 262, 261, 260, 259,
    261, 261, 260, 261, 261, 261, 262, 262, 260, 261, 261, 260, 260, 261,
    259, 261, 262, 259, 262, 260, 262, 261, 259, 260, 259, 260, 259, 260,
    263, 263, 260, 260, 260, 257, 262, 258, 260, 258, 259, 257, 260, 256,
    260, 257, 258, 256, 256, 258, 260, 256, 256, 255, 256, 256, 255, 260,
    256, 257, 259, 260, 261, 257, 259, 260, 260, 262, 258, 261, 258, 260,
    258, 261, 262, 260, 261 ]
headPositionsY: [ 76, 73, 72, 73, 74, 75, 72, 76, 75, 72, 74, 72, 73, 76,
    76, 74, 73, 72, 73, 76, 74, 76, 76, 75, 77, 76, 74, 73, 73, 77, 75,
    74, 73, 76, 75, 72, 77, 76, 75, 77, 74, 77, 75, 76, 75, 74, 75, 71,
    72, 73, 70, 69, 67, 69, 71, 72, 73, 75, 77, 81, 81, 80, 77, 74, 73,
    68, 66, 69, 68, 71, 72, 75, 78, 81, 80, 81, 81, 79, 76, 75, 73, 69,
    71, 71, 73, 75, 80, 81, 82, 82, 81, 78, 78, 75, 76, 75, 76, 75, 78,
    77 ]
