%YAML:1.0
---
videoName: "headNod36.mp4"
gestureLabel: 202
fps: 29
pixelSizeInCmTemp: 2.8176470588235292e-01
faceCenterPointX: 269
faceCenterPointY: 75
headPositionsX: [ 269, 268, 269, 270, 273, 268, 269, 269, 268, 271, 269,
    269, 270, 269, 272, 271, 270, 273, 271, 270, 272, 272, 269, 273, 271,
    270, 267, 267, 269, 271, 269, 272, 273, 270, 269, 271, 267, 267, 270,
    268, 268, 269, 267, 268, 271, 270, 270, 271, 271, 271, 272, 271, 270,
    269, 269, 270, 271, 268, 269, 269, 271, 267, 268, 269, 267, 270, 268,
    267, 270, 268, 268, 266, 268, 269, 268, 267, 270, 267, 266, 267, 267,
    271, 270, 271, 267, 269, 270, 270, 271, 269, 272, 268, 270, 268, 267,
    268, 268, 270, 270, 270 ]
headPositionsY: [ 75, 75, 75, 74, 76, 76, 73, 73, 73, 76, 75, 73, 72, 74,
    72, 72, 73, 78, 77, 74, 77, 78, 81, 78, 76, 76, 70, 66, 67, 62, 62,
    65, 72, 75, 81, 86, 88, 91, 88, 88, 84, 80, 74, 75, 74, 68, 70, 67,
    67, 70, 69, 72, 80, 81, 82, 87, 86, 86, 86, 83, 79, 74, 75, 74, 72,
    72, 78, 75, 79, 84, 84, 84, 79, 80, 76, 75, 74, 75, 78, 77, 81, 85,
    82, 85, 86, 81, 79, 80, 77, 78, 77, 75, 74, 74, 76, 73, 76, 78, 77,
    77 ]
