%YAML:1.0
---
videoName: "headNod31.mp4"
gestureLabel: 202
fps: 29
pixelSizeInCmTemp: 2.8855421686746985e-01
faceCenterPointX: 267
faceCenterPointY: 75
headPositionsX: [ 269, 268, 272, 272, 270, 269, 269, 271, 268, 270, 268,
    272, 272, 272, 269, 270, 268, 270, 267, 267, 268, 267, 265, 266, 265,
    264, 268, 266, 268, 268, 268, 269, 269, 270, 268, 269, 268, 270, 270,
    269, 270, 268, 270, 268, 266, 265, 268, 265, 270, 265, 266, 269, 264,
    264, 265, 264, 269, 267, 266, 267, 267, 267, 266, 267, 266, 266, 264,
    268, 267, 268, 265, 268, 268, 264, 266, 266, 265, 267, 264, 268, 269,
    267, 266, 268, 267, 267, 264, 266, 269, 265, 269, 267, 267, 269, 265,
    265, 269, 267, 267, 266 ]
headPositionsY: [ 73, 76, 74, 74, 76, 74, 74, 67, 65, 64, 66, 66, 64, 65,
    78, 80, 83, 87, 86, 83, 85, 85, 81, 79, 75, 70, 70, 73, 67, 66, 68,
    68, 73, 75, 76, 84, 85, 86, 88, 86, 84, 83, 81, 75, 72, 73, 72, 76,
    76, 78, 81, 84, 83, 84, 84, 78, 79, 73, 73, 71, 72, 71, 70, 70, 74,
    71, 75, 78, 80, 79, 80, 77, 80, 74, 76, 74, 69, 71, 71, 74, 72, 73,
    75, 78, 77, 77, 76, 77, 73, 73, 73, 75, 76, 73, 77, 78, 78, 76, 76,
    74 ]
