%YAML:1.0
---
videoName: "headNod48.mp4"
gestureLabel: 202
fps: 29
pixelSizeInCmTemp: 2.8855421686746985e-01
faceCenterPointX: 264
faceCenterPointY: 72
headPositionsX: [ 263, 266, 263, 267, 266, 264, 267, 263, 266, 262, 265,
    266, 263, 263, 264, 261, 263, 263, 262, 262, 259, 261, 262, 261, 262,
    262, 260, 261, 263, 263, 263, 261, 262, 264, 262, 264, 262, 264, 262,
    263, 260, 263, 261, 260, 259, 260, 262, 261, 263, 263, 261, 264, 259,
    262, 260, 259, 263, 264, 264, 261, 263, 260, 261, 264, 264, 261, 265,
    265, 265, 264, 264, 262, 264, 262, 264, 267, 263, 265, 262, 265, 266,
    264, 263, 265, 266, 264, 263, 268, 267, 267, 267, 266, 265, 266, 267,
    263, 265, 265, 263, 267 ]
headPositionsY: [ 71, 74, 79, 80, 80, 74, 72, 71, 66, 66, 62, 62, 61, 62,
    69, 68, 73, 78, 83, 87, 85, 89, 85, 80, 78, 77, 69, 67, 65, 63, 62,
    67, 64, 65, 68, 73, 72, 77, 83, 81, 82, 82, 82, 81, 76, 76, 73, 74,
    74, 71, 72, 74, 76, 78, 81, 80, 76, 74, 75, 72, 72, 68, 70, 73, 72,
    73, 77, 78, 79, 78, 75, 73, 71, 73, 73, 68, 72, 70, 71, 72, 76, 75,
    72, 76, 73, 72, 73, 71, 70, 73, 72, 71, 72, 75, 72, 71, 74, 73, 74,
    74 ]
