%YAML:1.0
---
videoName: "headNod49.mp4"
gestureLabel: 202
fps: 29
pixelSizeInCmTemp: 2.9207317073170730e-01
faceCenterPointX: 263
faceCenterPointY: 74
headPositionsX: [ 262, 266, 263, 265, 268, 263, 265, 265, 264, 265, 265,
    264, 263, 264, 262, 265, 266, 262, 262, 267, 262, 264, 262, 263, 266,
    266, 265, 265, 261, 263, 262, 263, 264, 266, 264, 262, 263, 266, 262,
    265, 266, 263, 261, 261, 265, 261, 263, 264, 262, 264, 264, 261, 262,
    263, 262, 262, 261, 266, 262, 266, 264, 263, 262, 262, 265, 265, 264,
    266, 262, 265, 262, 264, 264, 262, 265, 262, 264, 263, 263, 265, 265,
    261, 263, 265, 261, 264, 265, 260, 262, 262, 263, 264, 262, 262, 263,
    264, 265, 260, 260, 263 ]
headPositionsY: [ 73, 70, 69, 73, 72, 71, 74, 74, 73, 73, 70, 72, 69, 70,
    70, 69, 70, 66, 69, 69, 67, 69, 74, 72, 78, 76, 78, 75, 75, 74, 72,
    72, 71, 72, 68, 69, 72, 72, 72, 75, 80, 77, 80, 76, 73, 73, 74, 68,
    69, 72, 73, 74, 73, 79, 79, 79, 75, 77, 74, 72, 76, 75, 72, 74, 74,
    74, 74, 78, 78, 78, 75, 79, 76, 74, 73, 72, 76, 75, 73, 77, 75, 75,
    74, 74, 74, 73, 76, 72, 73, 72, 75, 75, 72, 77, 74, 73, 72, 74, 73,
    73 ]
