%YAML:1.0
---
videoName: "headNod26.mp4"
gestureLabel: 202
fps: 29
pixelSizeInCmTemp: 3.1513157894736843e-01
faceCenterPointX: 271
faceCenterPointY: 78
headPositionsX: [ 271, 272, 273, 270, 273, 273, 274, 272, 271, 274, 272,
    272, 275, 272, 271, 271, 274, 274, 271, 271, 272, 272, 275, 274, 273,
    271, 271, 270, 272, 270, 274, 269, 273, 273, 272, 271, 272, 272, 270,
    272, 271, 270, 270, 271, 274, 272, 269, 270, 268, 271, 272, 273, 270,
    273, 270, 273, 272, 270, 271, 273, 274, 271, 270, 272, 270, 272, 273,
    270, 273, 274, 272, 273, 272, 271, 272, 270, 272, 270, 272, 273, 270,
    269, 271, 272, 272, 273, 271, 273, 268, 273, 271, 272, 270, 270, 269,
    271, 270, 270, 270, 270 ]
headPositionsY: [ 76, 73, 76, 72, 72, 70, 73, 72, 69, 66, 64, 65, 67, 63,
    69, 69, 72, 72, 74, 75, 79, 81, 84, 82, 85, 79, 78, 75, 70, 69, 70,
    68, 66, 69, 69, 73, 73, 77, 80, 79, 77, 80, 78, 73, 73, 72, 70, 68,
    69, 67, 69, 70, 72, 74, 74, 79, 76, 77, 76, 73, 71, 69, 66, 69, 66,
    68, 70, 72, 71, 71, 72, 73, 77, 77, 74, 75, 72, 69, 71, 69, 67, 69,
    72, 69, 72, 76, 77, 78, 76, 80, 81, 80, 79, 78, 75, 78, 79, 78, 79,
    77 ]
