%YAML:1.0
---
videoName: "headNod27.mp4"
gestureLabel: 202
fps: 29
pixelSizeInCmTemp: 3.0705128205128202e-01
faceCenterPointX: 271
faceCenterPointY: 77
headPositionsX: [ 270, 274, 274, 273, 270, 271, 271, 270, 271, 274, 271,
    274, 272, 273, 274, 271, 269, 271, 272, 271, 271, 274, 270, 274, 273,
    274, 272, 270, 274, 274, 272, 273, 273, 270, 268, 269, 267, 270, 270,
    266, 268, 270, 271, 267, 269, 268, 268, 268, 267, 268, 270, 270, 267,
    268, 268, 270, 272, 269, 271, 268, 272, 270, 269, 267, 267, 269, 269,
    267, 267, 268, 266, 271, 266, 270, 268, 268, 268, 269, 268, 267, 271,
    270, 268, 268, 269, 270, 269, 268, 272, 269, 273, 270, 269, 272, 268,
    272, 268, 272, 268, 268 ]
headPositionsY: [ 78, 74, 74, 71, 73, 72, 74, 72, 76, 75, 75, 72, 76, 72,
    72, 73, 75, 73, 77, 73, 73, 71, 69, 67, 66, 63, 66, 65, 66, 69, 67,
    76, 80, 81, 84, 83, 83, 77, 72, 69, 67, 68, 66, 69, 68, 70, 74, 77,
    80, 79, 79, 79, 72, 72, 68, 69, 69, 70, 75, 73, 78, 83, 82, 81, 83,
    76, 74, 74, 72, 71, 74, 72, 72, 79, 77, 78, 79, 77, 78, 75, 72, 71,
    69, 69, 71, 72, 76, 77, 80, 77, 81, 78, 77, 76, 78, 78, 75, 79, 76,
    75 ]
