%YAML:1.0
---
videoName: "headNod30.mp4"
gestureLabel: 202
fps: 29
pixelSizeInCmTemp: 3.2364864864864862e-01
faceCenterPointX: 271
faceCenterPointY: 72
headPositionsX: [ 271, 274, 272, 272, 272, 269, 270, 273, 270, 273, 273,
    271, 272, 273, 273, 272, 272, 272, 272, 273, 271, 271, 270, 273, 272,
    270, 271, 271, 272, 270, 275, 272, 271, 271, 272, 272, 271, 270, 269,
    270, 268, 272, 272, 267, 271, 271, 268, 270, 271, 269, 267, 268, 271,
    269, 271, 270, 272, 271, 269, 273, 271, 270, 269, 269, 270, 273, 269,
    273, 273, 268, 273, 274, 271, 274, 271, 269, 270, 268, 270, 272, 269,
    271, 272, 271, 271, 270, 270, 272, 273, 272, 274, 274, 269, 271, 271,
    274, 274, 270, 270, 273 ]
headPositionsY: [ 72, 74, 73, 77, 76, 76, 74, 75, 77, 76, 77, 77, 75, 78,
    78, 78, 75, 77, 74, 75, 75, 74, 70, 71, 70, 66, 67, 67, 67, 70, 75,
    76, 79, 81, 80, 80, 81, 79, 74, 73, 73, 72, 73, 73, 74, 74, 76, 82,
    80, 78, 77, 75, 75, 72, 71, 72, 71, 69, 73, 74, 73, 75, 76, 75, 76,
    73, 72, 69, 68, 70, 71, 73, 73, 71, 74, 76, 74, 74, 72, 72, 73, 73,
    71, 68, 72, 71, 69, 74, 74, 72, 74, 73, 74, 72, 73, 71, 75, 72, 74,
    71 ]
