%YAML:1.0
---
videoName: "headNod26.mp4"
gestureLabel: 202
fps: 29
pixelSizeInCmTemp: 3.1513157894736843e-01
faceCenterPointX: 271
faceCenterPointY: 78
headPositionsX: [ 272, 270, 270, 269, 272, 271, 273, 270, 270, 270, 274,
    272, 271, 270, 271, 271, 273, 274, 272, 274, 270, 273, 275, 272, 272,
    272, 272, 271, 271, 270, 271, 271, 272, 269, 271, 270, 273, 274, 273,
    273, 271, 272, 274, 274, 270, 274, 270, 272, 271, 271, 269, 274, 272,
    274, 272, 271, 273, 269, 272, 270, 271, 273, 270, 270, 271, 275, 273,
    273, 274, 271, 271, 274, 271, 269, 272, 272, 269, 271, 270, 272, 268,
    271, 271, 272, 273, 271, 269, 273, 269, 273, 270, 274, 269, 273, 268,
    272, 273, 270, 269, 272 ]
headPositionsY: [ 79, 72, 74, 74, 75, 73, 69, 71, 67, 66, 64, 64, 67, 64,
    68, 69, 72, 73, 71, 76, 78, 83, 83, 82, 82, 79, 77, 73, 74, 70, 68,
    68, 68, 67, 72, 71, 72, 77, 78, 80, 79, 77, 77, 72, 72, 68, 71, 70,
    70, 67, 69, 72, 72, 73, 75, 78, 77, 74, 76, 73, 72, 69, 67, 67, 66,
    69, 67, 69, 69, 71, 73, 73, 75, 75, 76, 76, 71, 69, 68, 67, 68, 71,
    68, 72, 73, 74, 73, 76, 78, 80, 77, 77, 78, 80, 78, 76, 76, 79, 80,
    76 ]
