%YAML:1.0
---
videoName: "headNod32.mp4"
gestureLabel: 202
fps: 29
pixelSizeInCmTemp: 2.8855421686746985e-01
faceCenterPointX: 266
faceCenterPointY: 74
headPositionsX: [ 265, 270, 270, 266, 271, 266, 267, 267, 267, 267, 264,
    266, 263, 264, 267, 267, 269, 265, 264, 268, 264, 264, 268, 267, 265,
    269, 268, 266, 268, 266, 268, 266, 264, 266, 267, 268, 266, 269, 268,
    266, 266, 266, 269, 266, 266, 269, 266, 270, 269, 265, 266, 268, 269,
    265, 265, 269, 265, 266, 266, 269, 265, 265, 265, 269, 266, 270, 266,
    268, 266, 264, 266, 267, 267, 267, 264, 267, 267, 268, 265, 266, 267,
    266, 263, 265, 263, 268, 265, 266, 267, 269, 268, 268, 270, 266, 267,
    265, 269, 266, 267, 265 ]
headPositionsY: [ 76, 76, 77, 77, 79, 76, 78, 80, 80, 79, 75, 78, 79, 80,
    79, 78, 76, 76, 75, 76, 78, 77, 75, 77, 75, 79, 79, 78, 76, 77, 77,
    79, 76, 79, 79, 78, 76, 77, 80, 78, 76, 77, 78, 77, 80, 78, 78, 78,
    79, 79, 78, 79, 77, 77, 76, 74, 77, 74, 75, 73, 67, 70, 68, 63, 67,
    68, 67, 74, 78, 81, 88, 90, 90, 85, 84, 79, 75, 72, 71, 72, 72, 71,
    73, 73, 69, 74, 76, 76, 76, 75, 77, 76, 75, 74, 75, 74, 74, 72, 73,
    72 ]
