%YAML:1.0
---
videoName: "headNod13.mp4"
gestureLabel: 202
fps: 29
pixelSizeInCmTemp: 3.2364864864864862e-01
faceCenterPointX: 253
faceCenterPointY: 79
headPositionsX: [ 252, 250, 254, 251, 254, 252, 255, 252, 253, 255, 252,
    253, 254, 254, 253, 253, 253, 253, 256, 256, 255, 254, 252, 255, 254,
    252, 256, 254, 251, 255, 254, 254, 255, 253, 256, 254, 253, 253, 252,
    253, 252, 253, 250, 251, 253, 252, 250, 251, 252, 251, 254, 252, 256,
    253, 253, 255, 254, 255, 255, 255, 253, 252, 252, 253, 255, 251, 252,
    255, 255, 251, 254, 252, 253, 255, 256, 254, 253, 254, 252, 254, 254,
    253, 258, 255, 252, 255, 255, 254, 253, 256, 256, 253, 255, 255, 252,
    254, 252, 254, 251, 254 ]
headPositionsY: [ 78, 73, 71, 73, 73, 74, 73, 74, 75, 73, 74, 71, 71, 75,
    76, 75, 75, 74, 73, 76, 76, 75, 73, 75, 73, 76, 74, 74, 71, 75, 71,
    73, 73, 74, 74, 76, 76, 73, 72, 71, 76, 72, 75, 72, 72, 73, 76, 72,
    73, 70, 70, 71, 67, 69, 68, 69, 71, 75, 77, 78, 80, 77, 76, 78, 75,
    71, 71, 71, 70, 67, 73, 74, 75, 74, 80, 77, 81, 79, 77, 75, 72, 74,
    71, 70, 74, 76, 78, 79, 77, 79, 80, 78, 82, 81, 78, 78, 77, 77, 80,
    80 ]
