%YAML:1.0
---
videoName: "headNod16.mp4"
gestureLabel: 202
fps: 29
pixelSizeInCmTemp: 3.3263888888888887e-01
faceCenterPointX: 255
faceCenterPointY: 77
headPositionsX: [ 256, 261, 257, 261, 258, 261, 258, 260, 256, 260, 258,
    261, 261, 261, 260, 258, 260, 259, 258, 258, 258, 256, 257, 258, 261,
    259, 258, 258, 260, 258, 260, 260, 260, 258, 258, 256, 260, 258, 259,
    260, 261, 258, 257, 259, 258, 258, 260, 257, 256, 256, 256, 258, 255,
    259, 257, 259, 257, 257, 256, 258, 258, 256, 256, 256, 257, 256, 254,
    255, 254, 254, 255, 257, 255, 255, 257, 256, 255, 256, 255, 253, 257,
    252, 253, 255, 257, 253, 254, 255, 253, 253, 257, 254, 253, 257, 256,
    257, 256, 256, 257, 257 ]
headPositionsY: [ 77, 76, 74, 74, 73, 76, 74, 72, 77, 74, 75, 77, 76, 72,
    74, 74, 76, 75, 75, 75, 77, 73, 77, 73, 76, 76, 77, 74, 72, 73, 73,
    72, 77, 74, 76, 71, 73, 71, 66, 69, 69, 71, 71, 76, 79, 80, 81, 82,
    80, 81, 77, 75, 69, 70, 70, 70, 72, 77, 76, 78, 84, 82, 79, 81, 79,
    74, 75, 72, 72, 72, 70, 74, 73, 78, 78, 78, 81, 76, 76, 73, 69, 67,
    71, 71, 74, 71, 77, 80, 79, 79, 79, 76, 76, 76, 74, 77, 76, 75, 75,
    76 ]
