%YAML:1.0
---
videoName: "headNod34.mp4"
gestureLabel: 202
fps: 29
pixelSizeInCmTemp: 2.9567901234567900e-01
faceCenterPointX: 266
faceCenterPointY: 78
headPositionsX: [ 267, 269, 267, 270, 269, 267, 271, 267, 270, 268, 268,
    270, 268, 269, 269, 267, 270, 267, 271, 267, 271, 270, 271, 271, 270,
    272, 271, 269, 272, 269, 271, 270, 267, 269, 270, 267, 268, 269, 271,
    270, 271, 270, 268, 271, 270, 268, 270, 267, 271, 271, 271, 270, 268,
    268, 268, 269, 270, 271, 273, 270, 269, 273, 269, 269, 268, 269, 272,
    269, 271, 271, 268, 267, 267, 268, 267, 267, 266, 264, 264, 266, 264,
    268, 264, 264, 264, 264, 265, 264, 266, 264, 265, 268, 265, 268, 266,
    267, 266, 265, 267, 269 ]
headPositionsY: [ 78, 74, 74, 75, 76, 76, 78, 76, 75, 75, 76, 75, 79, 74,
    77, 76, 79, 76, 79, 73, 79, 78, 75, 77, 77, 76, 77, 75, 77, 77, 74,
    78, 75, 79, 78, 75, 78, 76, 73, 73, 71, 71, 76, 76, 82, 85, 87, 89,
    84, 84, 81, 73, 72, 74, 70, 75, 74, 79, 82, 84, 84, 83, 80, 80, 79,
    81, 76, 81, 78, 79, 81, 86, 87, 82, 81, 81, 81, 75, 76, 77, 77, 81,
    80, 82, 82, 79, 82, 80, 80, 79, 80, 81, 76, 81, 82, 78, 79, 78, 80,
    79 ]
