%YAML:1.0
---
videoName: "headNod6.mp4"
gestureLabel: 202
fps: 29
pixelSizeInCmTemp: 3.1513157894736843e-01
faceCenterPointX: 262
faceCenterPointY: 73
headPositionsX: [ 264, 264, 263, 263, 263, 260, 261, 260, 261, 263, 263,
    262, 260, 263, 264, 261, 264, 259, 264, 263, 265, 264, 263, 263, 264,
    264, 261, 264, 263, 263, 261, 262, 263, 264, 261, 263, 264, 263, 263,
    261, 264, 262, 263, 261, 263, 263, 262, 263, 262, 263, 259, 259, 259,
    262, 260, 263, 262, 260, 261, 261, 260, 261, 259, 263, 260, 260, 260,
    261, 263, 258, 263, 262, 263, 260, 261, 260, 260, 259, 261, 260, 262,
    264, 261, 260, 263, 259, 262, 261, 262, 261, 264, 263, 262, 260, 263,
    260, 262, 262, 260, 264 ]
headPositionsY: [ 73, 75, 74, 73, 73, 75, 73, 76, 73, 76, 75, 74, 73, 72,
    75, 74, 74, 74, 74, 75, 74, 76, 74, 74, 75, 74, 73, 73, 76, 74, 72,
    72, 71, 67, 67, 66, 63, 67, 66, 67, 73, 77, 81, 83, 83, 82, 75, 71,
    68, 66, 68, 70, 71, 75, 81, 84, 81, 79, 78, 74, 68, 71, 69, 71, 72,
    76, 78, 80, 81, 83, 77, 74, 73, 66, 68, 65, 68, 66, 72, 76, 79, 84,
    86, 84, 79, 79, 76, 74, 69, 72, 70, 71, 72, 69, 72, 72, 73, 75, 74,
    72 ]
