%YAML:1.0
---
videoName: "headNod26.mp4"
gestureLabel: 202
fps: 29
pixelSizeInCmTemp: 3.1513157894736843e-01
faceCenterPointX: 271
faceCenterPointY: 78
headPositionsX: [ 270, 274, 273, 273, 272, 271, 272, 270, 271, 274, 272,
    271, 271, 273, 273, 270, 272, 273, 272, 274, 270, 271, 271, 274, 273,
    271, 273, 270, 271, 272, 270, 271, 272, 270, 274, 270, 273, 270, 271,
    269, 271, 269, 270, 273, 273, 271, 269, 273, 268, 270, 271, 275, 273,
    273, 270, 272, 273, 271, 272, 270, 274, 274, 274, 270, 270, 274, 274,
    272, 272, 274, 271, 274, 269, 272, 274, 273, 273, 270, 271, 273, 270,
    269, 272, 270, 269, 273, 271, 270, 270, 270, 269, 273, 273, 273, 268,
    272, 273, 271, 270, 272 ]
headPositionsY: [ 80, 73, 75, 73, 75, 70, 72, 68, 68, 69, 66, 64, 66, 65,
    68, 67, 70, 73, 74, 77, 76, 81, 81, 82, 82, 82, 76, 72, 73, 69, 71,
    68, 67, 68, 71, 73, 72, 73, 76, 77, 78, 78, 79, 72, 74, 70, 69, 71,
    68, 69, 68, 70, 72, 76, 73, 76, 78, 75, 76, 72, 71, 69, 69, 67, 67,
    68, 66, 71, 69, 72, 75, 76, 75, 74, 75, 76, 72, 68, 67, 69, 69, 70,
    69, 70, 70, 76, 73, 78, 80, 77, 78, 80, 77, 81, 77, 77, 80, 78, 77,
    79 ]
