%YAML:1.0
---
videoName: "headNod30.mp4"
gestureLabel: 202
fps: 29
pixelSizeInCmTemp: 3.2364864864864862e-01
faceCenterPointX: 271
faceCenterPointY: 72
headPositionsX: [ 273, 273, 272, 273, 272, 272, 271, 273, 272, 270, 273,
    273, 272, 270, 273, 271, 271, 272, 271, 270, 273, 272, 273, 272, 271,
    272, 271, 271, 274, 270, 272, 273, 272, 271, 270, 272, 270, 273, 269,
    269, 270, 269, 271, 267, 269, 270, 267, 271, 268, 268, 270, 269, 271,
    270, 272, 270, 270, 271, 271, 273, 269, 269, 270, 269, 273, 273, 270,
    270, 271, 271, 271, 272, 272, 274, 269, 271, 272, 270, 270, 270, 272,
    271, 272, 269, 270, 272, 271, 271, 271, 271, 272, 272, 273, 269, 270,
    274, 273, 271, 273, 272 ]
headPositionsY: [ 72, 77, 77, 73, 77, 74, 76, 78, 75, 75, 73, 77, 73, 76,
    74, 75, 76, 77, 75, 75, 75, 75, 71, 71, 66, 67, 68, 69, 66, 72, 72,
    78, 78, 80, 84, 80, 80, 76, 75, 71, 72, 71, 70, 72, 74, 76, 80, 81,
    80, 80, 76, 74, 71, 73, 73, 73, 72, 73, 71, 75, 75, 74, 75, 76, 73,
    75, 70, 68, 70, 68, 68, 72, 69, 71, 75, 75, 74, 77, 74, 70, 71, 73,
    72, 71, 70, 70, 73, 71, 71, 75, 72, 74, 75, 75, 71, 72, 72, 75, 73,
    71 ]
