%YAML:1.0
---
videoName: "headNod49.mp4"
gestureLabel: 202
fps: 29
pixelSizeInCmTemp: 2.9207317073170730e-01
faceCenterPointX: 263
faceCenterPointY: 74
headPositionsX: [ 263, 263, 267, 263, 267, 263, 262, 267, 265, 264, 263,
    266, 265, 262, 265, 265, 262, 264, 265, 267, 262, 262, 266, 263, 264,
    264, 262, 264, 262, 262, 265, 266, 264, 265, 263, 262, 265, 266, 265,
    262, 263, 262, 263, 264, 263, 263, 261, 265, 262, 261, 265, 265, 261,
    265, 264, 262, 261, 265, 262, 264, 262, 265, 266, 265, 265, 264, 261,
    265, 262, 265, 264, 263, 262, 262, 264, 262, 263, 265, 262, 262, 261,
    263, 263, 264, 263, 264, 263, 262, 264, 262, 263, 263, 264, 264, 262,
    262, 265, 260, 261, 262 ]
headPositionsY: [ 75, 73, 73, 72, 73, 73, 73, 72, 72, 73, 73, 69, 72, 69,
    68, 66, 66, 70, 68, 67, 69, 71, 71, 72, 75, 79, 79, 75, 77, 73, 70,
    71, 72, 70, 68, 70, 69, 71, 74, 76, 81, 79, 80, 77, 73, 73, 72, 68,
    71, 70, 71, 72, 75, 76, 75, 76, 79, 77, 75, 76, 73, 75, 72, 75, 72,
    76, 74, 75, 79, 78, 77, 76, 78, 74, 76, 72, 74, 75, 73, 76, 73, 77,
    78, 73, 72, 74, 75, 74, 74, 73, 75, 74, 73, 73, 72, 74, 73, 75, 72,
    73 ]
