%YAML:1.0
---
videoName: "headNod3.mp4"
gestureLabel: 202
fps: 29
pixelSizeInCmTemp: 3.1933333333333330e-01
faceCenterPointX: 264
faceCenterPointY: 76
headPositionsX: [ 265, 262, 264, 265, 265, 261, 266, 263, 266, 263, 269,
    267, 267, 268, 266, 263, 266, 268, 264, 263, 266, 264, 263, 264, 266,
    265, 266, 264, 266, 266, 266, 266, 267, 267, 264, 267, 267, 267, 268,
    264, 265, 265, 265, 266, 264, 263, 264, 264, 268, 267, 268, 266, 264,
    264, 266, 262, 263, 265, 263, 263, 263, 263, 262, 262, 263, 264, 266,
    265, 263, 264, 262, 264, 262, 265, 264, 265, 262, 264, 261, 264, 263,
    264, 266, 264, 265, 265, 262, 265, 266, 264, 262, 265, 264, 266, 264,
    262, 266, 264, 266, 263 ]
headPositionsY: [ 77, 76, 75, 78, 79, 74, 75, 76, 75, 73, 75, 73, 74, 74,
    75, 71, 72, 74, 75, 73, 71, 70, 74, 72, 75, 72, 76, 74, 75, 73, 73,
    72, 77, 75, 76, 76, 72, 77, 75, 72, 76, 75, 73, 72, 71, 68, 67, 65,
    66, 68, 70, 70, 72, 74, 76, 81, 83, 84, 82, 78, 78, 73, 69, 69, 68,
    69, 68, 72, 73, 77, 83, 82, 82, 78, 76, 76, 73, 69, 67, 67, 65, 67,
    70, 73, 73, 77, 79, 80, 80, 82, 79, 77, 77, 76, 77, 79, 75, 74, 73,
    76 ]
