%YAML:1.0
---
videoName: "headNod36.mp4"
gestureLabel: 202
fps: 29
pixelSizeInCmTemp: 2.8176470588235292e-01
faceCenterPointX: 269
faceCenterPointY: 75
headPositionsX: [ 270, 269, 271, 271, 273, 268, 272, 272, 271, 273, 269,
    269, 271, 271, 271, 269, 273, 273, 269, 270, 270, 270, 269, 273, 273,
    269, 268, 270, 271, 269, 270, 270, 270, 269, 270, 267, 268, 265, 268,
    265, 268, 266, 266, 270, 269, 272, 272, 268, 272, 269, 270, 272, 270,
    271, 269, 268, 268, 270, 271, 269, 268, 267, 270, 268, 270, 270, 267,
    266, 268, 270, 266, 268, 266, 269, 265, 266, 269, 270, 268, 266, 267,
    271, 271, 271, 269, 268, 268, 270, 269, 269, 268, 269, 271, 266, 267,
    269, 268, 270, 270, 271 ]
headPositionsY: [ 76, 73, 75, 76, 74, 76, 72, 76, 76, 74, 77, 77, 75, 76,
    75, 76, 73, 74, 73, 78, 76, 77, 78, 79, 73, 74, 67, 70, 67, 66, 65,
    66, 73, 72, 80, 84, 89, 91, 90, 88, 86, 80, 75, 75, 74, 68, 69, 67,
    66, 71, 70, 73, 79, 83, 82, 89, 88, 88, 83, 83, 81, 78, 72, 71, 72,
    75, 76, 75, 79, 82, 85, 83, 80, 78, 76, 72, 74, 72, 78, 79, 82, 84,
    83, 82, 85, 83, 79, 77, 80, 76, 75, 74, 75, 77, 77, 74, 75, 74, 76,
    74 ]
