%YAML:1.0
---
videoName: "headNod14.mp4"
gestureLabel: 202
fps: 29
pixelSizeInCmTemp: 3.2808219178082193e-01
faceCenterPointX: 257
faceCenterPointY: 71
headPositionsX: [ 257, 258, 260, 259, 259, 256, 259, 260, 259, 257, 260,
    256, 261, 258, 258, 258, 258, 261, 258, 260, 258, 258, 257, 260, 260,
    261, 260, 258, 258, 257, 259, 256, 261, 258, 260, 259, 258, 260, 257,
    258, 258, 259, 262, 259, 259, 257, 259, 258, 258, 258, 257, 260, 258,
    256, 256, 257, 258, 258, 258, 260, 258, 258, 261, 261, 261, 258, 261,
    257, 259, 259, 260, 261, 260, 255, 259, 258, 258, 258, 258, 257, 259,
    256, 255, 258, 259, 258, 260, 255, 256, 257, 258, 258, 256, 257, 258,
    259, 255, 259, 257, 257 ]
headPositionsY: [ 73, 77, 77, 77, 79, 76, 75, 78, 78, 78, 79, 76, 80, 76,
    75, 79, 77, 76, 79, 78, 77, 75, 76, 77, 75, 78, 76, 76, 80, 79, 77,
    78, 80, 80, 75, 77, 76, 77, 76, 73, 75, 72, 73, 67, 67, 68, 68, 71,
    71, 72, 73, 79, 81, 82, 82, 80, 78, 80, 76, 74, 71, 72, 69, 69, 69,
    73, 76, 74, 78, 78, 83, 83, 81, 75, 75, 70, 69, 68, 66, 68, 69, 72,
    77, 77, 80, 82, 82, 79, 77, 74, 71, 70, 69, 68, 68, 71, 72, 73, 69,
    73 ]
