%YAML:1.0
---
videoName: "headNod49.mp4"
gestureLabel: 202
fps: 29
pixelSizeInCmTemp: 2.9207317073170730e-01
faceCenterPointX: 263
faceCenterPointY: 74
headPositionsX: [ 265, 264, 263, 267, 267, 266, 265, 264, 266, 265, 263,
    266, 266, 264, 262, 263, 263, 262, 263, 264, 263, 265, 262, 266, 265,
    265, 262, 265, 262, 263, 262, 262, 265, 264, 264, 266, 266, 263, 264,
    266, 266, 265, 264, 263, 263, 262, 261, 264, 262, 261, 263, 263, 263,
    265, 265, 264, 265, 266, 266, 264, 264, 265, 265, 263, 263, 262, 265,
    263, 266, 265, 263, 264, 265, 265, 266, 265, 265, 263, 265, 264, 262,
    263, 265, 263, 260, 262, 263, 263, 264, 263, 265, 264, 261, 262, 264,
    266, 262, 263, 263, 265 ]
headPositionsY: [ 74, 71, 72, 70, 72, 73, 70, 72, 74, 73, 71, 73, 69, 71,
    69, 67, 69, 70, 66, 68, 67, 71, 74, 73, 75, 75, 79, 75, 76, 72, 70,
    71, 71, 69, 68, 68, 69, 72, 76, 79, 81, 77, 79, 77, 76, 73, 70, 71,
    72, 71, 74, 74, 76, 78, 76, 79, 77, 76, 77, 76, 72, 74, 72, 71, 73,
    73, 75, 79, 79, 79, 76, 77, 77, 76, 75, 74, 72, 72, 73, 73, 76, 76,
    77, 73, 75, 75, 75, 72, 75, 75, 75, 73, 76, 77, 75, 74, 76, 73, 72,
    73 ]
