%YAML:1.0
---
videoName: "headNod1.mp4"
gestureLabel: 202
fps: 29
pixelSizeInCmTemp: 3.2808219178082193e-01
faceCenterPointX: 263
faceCenterPointY: 78
headPositionsX: [ 263, 265, 265, 263, 263, 264, 262, 264, 264, 264, 264,
    265, 264, 263, 265, 266, 262, 264, 265, 262, 262, 263, 263, 264, 262,
    266, 264, 262, 265, 265, 265, 266, 264, 263, 265, 265, 262, 266, 264,
    263, 266, 263, 265, 266, 267, 265, 263, 264, 264, 266, 263, 266, 263,
    265, 261, 262, 262, 265, 263, 263, 264, 265, 261, 264, 263, 262, 265,
    262, 264, 264, 264, 261, 262, 263, 264, 262, 262, 262, 260, 261, 260,
    260, 261, 263, 261, 264, 265, 262, 264, 264, 262, 260, 262, 264, 261,
    263, 264, 263, 261, 262 ]
headPositionsY: [ 76, 72, 75, 72, 73, 77, 75, 73, 73, 73, 76, 74, 73, 77,
    74, 75, 75, 73, 76, 75, 73, 75, 75, 76, 74, 75, 76, 74, 76, 77, 74,
    73, 74, 74, 72, 71, 70, 66, 68, 62, 65, 63, 62, 66, 67, 65, 70, 71,
    70, 73, 75, 77, 84, 81, 80, 81, 77, 75, 77, 71, 71, 67, 65, 65, 67,
    65, 67, 74, 72, 74, 76, 76, 75, 75, 71, 68, 68, 66, 68, 66, 64, 65,
    68, 72, 73, 74, 77, 82, 80, 82, 81, 82, 81, 80, 81, 77, 81, 80, 77,
    76 ]
