%YAML:1.0
---
videoName: "headNod10.mp4"
gestureLabel: 202
fps: 29
pixelSizeInCmTemp: 3.2808219178082193e-01
faceCenterPointX: 260
faceCenterPointY: 67
headPositionsX: [ 262, 257, 257, 256, 258, 258, 258, 256, 256, 256, 258,
    260, 259, 258, 258, 259, 256, 256, 257, 259, 259, 258, 257, 257, 261,
    261, 261, 261, 256, 256, 257, 259, 258, 258, 259, 258, 260, 258, 259,
    259, 260, 257, 257, 257, 262, 263, 261, 259, 259, 263, 262, 258, 258,
    258, 258, 260, 257, 261, 261, 259, 262, 259, 261, 262, 260, 261, 259,
    261, 260, 260, 259, 260, 260, 260, 257, 258, 258, 260, 261, 259, 260,
    261, 256, 258, 257, 259, 257, 261, 260, 258, 260, 260, 261, 259, 260,
    259, 258, 263, 260, 263 ]
headPositionsY: [ 65, 71, 71, 71, 71, 68, 71, 72, 69, 71, 70, 71, 69, 69,
    69, 70, 72, 70, 71, 71, 69, 68, 70, 69, 68, 70, 72, 68, 69, 71, 71,
    72, 69, 72, 72, 73, 73, 70, 71, 70, 71, 75, 73, 69, 70, 67, 65, 63,
    61, 64, 66, 68, 68, 71, 72, 73, 74, 69, 70, 68, 67, 63, 61, 64, 67,
    68, 69, 74, 76, 74, 72, 74, 71, 67, 65, 66, 64, 65, 71, 74, 77, 78,
    74, 74, 70, 73, 66, 65, 68, 66, 64, 68, 64, 66, 68, 67, 67, 70, 67,
    68 ]
