%YAML:1.0
---
videoName: "headNod4.mp4"
gestureLabel: 202
fps: 29
pixelSizeInCmTemp: 3.2808219178082193e-01
faceCenterPointX: 264
faceCenterPointY: 72
headPositionsX: [ 263, 271, 268, 272, 268, 271, 271, 268, 272, 273, 271,
    269, 269, 269, 271, 267, 270, 267, 270, 269, 270, 269, 268, 266, 268,
    267, 270, 269, 266, 269, 265, 269, 267, 268, 267, 265, 268, 265, 267,
    265, 269, 269, 268, 270, 265, 265, 267, 270, 270, 270, 268, 270, 268,
    267, 265, 268, 264, 264, 267, 267, 263, 268, 266, 266, 266, 266, 265,
    267, 264, 265, 265, 263, 265, 266, 266, 264, 264, 263, 267, 263, 267,
    264, 267, 266, 264, 267, 265, 264, 263, 266, 264, 264, 265, 262, 262,
    263, 262, 263, 265, 267 ]
headPositionsY: [ 70, 73, 73, 75, 73, 73, 74, 73, 73, 75, 72, 73, 77, 73,
    73, 73, 76, 77, 74, 76, 73, 76, 72, 77, 75, 76, 73, 74, 72, 77, 74,
    72, 77, 73, 75, 75, 73, 76, 76, 74, 77, 72, 73, 73, 71, 67, 66, 68,
    65, 65, 68, 67, 73, 76, 79, 79, 83, 83, 78, 76, 74, 74, 69, 71, 70,
    72, 73, 75, 78, 81, 81, 83, 82, 80, 75, 71, 69, 70, 70, 68, 68, 69,
    75, 76, 80, 81, 84, 85, 82, 81, 83, 78, 77, 80, 76, 78, 74, 73, 73,
    74 ]
