%YAML:1.0
---
videoName: "headNod4.mp4"
gestureLabel: 202
fps: 29
pixelSizeInCmTemp: 3.2808219178082193e-01
faceCenterPointX: 264
faceCenterPointY: 72
headPositionsX: [ 264, 269, 269, 271, 270, 272, 269, 267, 271, 273, 270,
    269, 272, 266, 270, 269, 268, 269, 270, 268, 266, 268, 270, 266, 265,
    269, 266, 269, 265, 266, 266, 266, 267, 266, 266, 265, 269, 266, 267,
    266, 267, 270, 266, 269, 267, 267, 269, 266, 267, 269, 267, 270, 265,
    269, 267, 264, 268, 265, 265, 264, 265, 264, 264, 267, 263, 267, 263,
    266, 266, 267, 263, 265, 264, 266, 265, 263, 264, 266, 265, 264, 266,
    265, 266, 264, 267, 266, 265, 265, 262, 265, 265, 267, 267, 266, 263,
    264, 264, 264, 262, 263 ]
headPositionsY: [ 74, 74, 74, 74, 74, 74, 76, 74, 73, 73, 73, 73, 73, 73,
    76, 75, 73, 77, 72, 76, 76, 76, 74, 74, 75, 73, 77, 75, 75, 75, 75,
    73, 76, 73, 75, 73, 74, 73, 76, 75, 74, 75, 74, 73, 74, 71, 69, 67,
    64, 64, 67, 70, 70, 77, 77, 79, 81, 83, 79, 79, 73, 73, 70, 70, 71,
    70, 74, 75, 78, 81, 85, 83, 79, 76, 76, 70, 71, 67, 71, 69, 68, 69,
    72, 76, 78, 81, 81, 83, 84, 81, 80, 81, 77, 76, 77, 76, 77, 77, 72,
    72 ]
