%YAML:1.0
---
videoName: "headNod32.mp4"
gestureLabel: 202
fps: 29
pixelSizeInCmTemp: 2.8855421686746985e-01
faceCenterPointX: 266
faceCenterPointY: 74
headPositionsX: [ 265, 268, 267, 270, 267, 266, 264, 265, 266, 268, 267,
    263, 263, 263, 265, 266, 269, 266, 265, 267, 268, 268, 266, 268, 267,
    265, 267, 264, 265, 267, 267, 265, 266, 265, 265, 269, 266, 267, 269,
    270, 269, 267, 265, 269, 269, 268, 269, 270, 266, 269, 268, 268, 269,
    265, 265, 267, 268, 265, 268, 269, 267, 269, 265, 267, 266, 267, 270,
    267, 265, 264, 268, 268, 264, 268, 268, 266, 264, 267, 265, 263, 264,
    267, 265, 263, 264, 266, 267, 268, 268, 268, 265, 268, 266, 268, 266,
    264, 266, 268, 265, 268 ]
headPositionsY: [ 74, 78, 78, 80, 79, 76, 76, 79, 78, 76, 75, 76, 76, 79,
    75, 77, 75, 78, 78, 79, 79, 78, 79, 76, 76, 80, 76, 77, 80, 77, 79,
    80, 77, 77, 77, 75, 78, 78, 76, 77, 76, 77, 77, 77, 77, 76, 79, 77,
    80, 79, 79, 76, 78, 76, 76, 75, 77, 75, 75, 76, 70, 70, 65, 63, 65,
    66, 67, 71, 80, 83, 89, 90, 88, 88, 81, 81, 78, 72, 70, 72, 69, 69,
    73, 73, 71, 76, 72, 72, 72, 73, 76, 74, 75, 73, 76, 77, 76, 76, 73,
    73 ]
