%YAML:1.0
---
videoName: "headNod44.mp4"
gestureLabel: 202
fps: 29
pixelSizeInCmTemp: 2.9567901234567900e-01
faceCenterPointX: 268
faceCenterPointY: 78
headPositionsX: [ 268, 269, 268, 269, 267, 270, 271, 270, 269, 270, 270,
    267, 267, 271, 269, 268, 268, 268, 267, 270, 268, 271, 270, 266, 270,
    267, 269, 269, 265, 269, 267, 268, 268, 267, 270, 268, 265, 266, 268,
    268, 268, 267, 265, 266, 267, 267, 267, 269, 269, 266, 265, 270, 266,
    266, 265, 270, 266, 268, 270, 269, 267, 270, 267, 266, 269, 269, 269,
    269, 268, 267, 269, 268, 268, 266, 271, 270, 271, 267, 271, 267, 269,
    269, 266, 267, 268, 269, 269, 269, 269, 267, 269, 270, 268, 269, 269,
    268, 267, 266, 270, 267 ]
headPositionsY: [ 76, 72, 75, 75, 77, 73, 75, 76, 74, 75, 75, 75, 76, 72,
    75, 76, 74, 76, 79, 80, 83, 90, 90, 92, 95, 93, 88, 84, 82, 73, 72,
    70, 67, 72, 72, 73, 81, 84, 85, 88, 86, 85, 78, 77, 72, 74, 74, 75,
    76, 80, 87, 87, 92, 88, 85, 82, 76, 75, 76, 76, 73, 77, 78, 80, 87,
    86, 84, 82, 80, 76, 77, 78, 77, 79, 80, 82, 82, 88, 85, 87, 83, 83,
    81, 77, 77, 80, 78, 80, 78, 78, 77, 77, 77, 77, 78, 80, 75, 77, 78,
    76 ]
