%YAML:1.0
---
videoName: "headNod1.mp4"
gestureLabel: 202
fps: 29
pixelSizeInCmTemp: 3.2808219178082193e-01
faceCenterPointX: 263
faceCenterPointY: 78
headPositionsX: [ 265, 265, 262, 261, 261, 265, 263, 263, 261, 262, 262,
    262, 261, 261, 261, 262, 263, 265, 265, 265, 265, 263, 263, 266, 265,
    262, 264, 262, 266, 266, 265, 266, 262, 265, 265, 265, 263, 262, 264,
    265, 267, 265, 263, 266, 265, 266, 264, 264, 267, 265, 266, 266, 265,
    263, 260, 263, 263, 264, 261, 260, 265, 261, 264, 263, 262, 266, 265,
    263, 264, 265, 263, 263, 262, 265, 265, 260, 260, 259, 260, 264, 260,
    260, 259, 263, 263, 260, 264, 262, 266, 262, 261, 261, 263, 262, 262,
    260, 263, 261, 265, 265 ]
headPositionsY: [ 76, 76, 76, 76, 74, 73, 73, 74, 73, 75, 75, 73, 76, 76,
    76, 77, 76, 73, 74, 73, 73, 75, 77, 74, 77, 76, 77, 74, 75, 74, 77,
    74, 73, 76, 75, 71, 69, 70, 66, 63, 62, 64, 63, 62, 63, 68, 69, 71,
    73, 76, 76, 81, 82, 80, 83, 81, 81, 77, 74, 74, 70, 68, 68, 64, 67,
    69, 68, 72, 75, 77, 76, 79, 78, 76, 75, 72, 69, 65, 65, 66, 67, 65,
    70, 70, 76, 77, 78, 80, 81, 81, 81, 82, 81, 81, 79, 76, 80, 79, 77,
    77 ]
