%YAML:1.0
---
videoName: "headNod5.mp4"
gestureLabel: 202
fps: 29
pixelSizeInCmTemp: 3.1513157894736843e-01
faceCenterPointX: 263
faceCenterPointY: 75
headPositionsX: [ 262, 264, 264, 261, 264, 263, 262, 261, 262, 263, 260,
    260, 264, 261, 261, 263, 262, 262, 262, 263, 266, 266, 266, 264, 265,
    263, 264, 267, 265, 266, 267, 267, 264, 264, 267, 267, 266, 265, 266,
    266, 266, 265, 264, 267, 264, 265, 268, 266, 266, 265, 265, 266, 266,
    264, 264, 262, 262, 266, 266, 264, 263, 264, 265, 262, 265, 266, 263,
    265, 264, 266, 266, 267, 263, 265, 263, 266, 263, 265, 262, 266, 266,
    263, 261, 262, 266, 262, 261, 261, 264, 265, 261, 263, 262, 263, 262,
    263, 260, 263, 260, 261 ]
headPositionsY: [ 75, 75, 74, 73, 72, 71, 72, 74, 75, 72, 75, 76, 74, 76,
    72, 77, 77, 77, 73, 76, 76, 77, 74, 74, 76, 76, 75, 75, 78, 78, 76,
    76, 78, 77, 76, 75, 80, 76, 77, 75, 78, 76, 77, 79, 76, 76, 78, 78,
    77, 79, 81, 83, 81, 84, 82, 84, 81, 75, 73, 72, 75, 80, 82, 87, 86,
    88, 86, 80, 80, 76, 75, 77, 78, 79, 84, 84, 87, 82, 81, 80, 77, 74,
    75, 72, 73, 79, 78, 81, 83, 78, 80, 79, 76, 76, 74, 75, 72, 77, 73,
    75 ]
