%YAML:1.0
---
videoName: "headNod0.mp4"
gestureLabel: 202
fps: 29
pixelSizeInCmTemp: 3.2364864864864862e-01
faceCenterPointX: 264
faceCenterPointY: 76
headPositionsX: [ 264, 265, 266, 269, 266, 267, 265, 267, 266, 270, 265,
    266, 268, 268, 268, 265, 264, 266, 266, 264, 263, 267, 263, 264, 267,
    264, 265, 264, 266, 265, 264, 267, 266, 264, 268, 267, 267, 268, 264,
    267, 264, 266, 265, 263, 265, 263, 266, 265, 266, 264, 264, 264, 263,
    265, 266, 264, 265, 266, 264, 263, 263, 264, 264, 264, 265, 266, 264,
    267, 264, 267, 266, 266, 265, 264, 266, 266, 264, 264, 266, 267, 263,
    264, 265, 266, 265, 264, 263, 262, 267, 266, 265, 265, 265, 265, 262,
    266, 263, 263, 264, 265 ]
headPositionsY: [ 77, 71, 71, 71, 72, 72, 74, 71, 76, 73, 73, 73, 71, 75,
    71, 73, 75, 75, 72, 71, 71, 75, 76, 76, 72, 75, 75, 71, 73, 72, 71,
    66, 64, 66, 63, 63, 64, 62, 66, 67, 68, 70, 75, 73, 79, 81, 82, 80,
    80, 78, 78, 77, 74, 69, 68, 68, 70, 65, 64, 66, 69, 69, 75, 74, 78,
    80, 78, 80, 78, 79, 78, 75, 70, 72, 66, 67, 65, 68, 69, 72, 68, 74,
    75, 72, 77, 79, 77, 80, 78, 76, 80, 79, 76, 76, 77, 78, 75, 75, 77,
    76 ]
