%YAML:1.0
---
videoName: "headNod31.mp4"
gestureLabel: 202
fps: 29
pixelSizeInCmTemp: 2.8855421686746985e-01
faceCenterPointX: 267
faceCenterPointY: 75
headPositionsX: [ 269, 269, 269, 270, 269, 271, 271, 268, 272, 268, 270,
    271, 270, 270, 268, 269, 268, 270, 270, 268, 265, 265, 266, 264, 265,
    266, 265, 268, 267, 267, 266, 270, 272, 267, 270, 268, 270, 269, 270,
    270, 268, 266, 267, 269, 268, 267, 266, 265, 269, 267, 267, 266, 266,
    264, 267, 266, 268, 265, 269, 267, 266, 268, 264, 268, 266, 266, 264,
    265, 269, 267, 265, 264, 268, 267, 267, 268, 265, 266, 267, 267, 267,
    267, 263, 268, 268, 267, 267, 267, 267, 266, 269, 266, 268, 268, 266,
    265, 267, 269, 268, 268 ]
headPositionsY: [ 77, 75, 73, 74, 72, 74, 72, 69, 68, 65, 67, 68, 65, 64,
    75, 78, 83, 87, 85, 84, 84, 84, 83, 78, 73, 70, 72, 70, 67, 70, 69,
    69, 74, 75, 76, 82, 84, 85, 87, 88, 83, 82, 80, 79, 75, 76, 74, 76,
    75, 76, 81, 84, 84, 86, 84, 79, 80, 77, 75, 72, 70, 72, 67, 67, 73,
    73, 74, 79, 81, 82, 78, 81, 77, 75, 74, 73, 72, 69, 72, 74, 76, 74,
    75, 76, 78, 74, 77, 76, 76, 75, 76, 76, 75, 73, 75, 75, 74, 78, 75,
    75 ]
