%YAML:1.0
---
videoName: "headNod27.mp4"
gestureLabel: 202
fps: 29
pixelSizeInCmTemp: 3.0705128205128202e-01
faceCenterPointX: 271
faceCenterPointY: 77
headPositionsX: [ 271, 272, 270, 272, 271, 270, 274, 271, 273, 274, 272,
    275, 273, 273, 273, 274, 272, 271, 274, 271, 272, 272, 270, 271, 273,
    275, 273, 269, 272, 273, 273, 270, 272, 272, 270, 270, 269, 271, 267,
    267, 267, 268, 269, 271, 269, 272, 270, 271, 270, 269, 270, 271, 269,
    270, 271, 269, 271, 271, 272, 270, 268, 268, 268, 267, 270, 269, 267,
    267, 269, 267, 266, 267, 268, 267, 267, 269, 268, 270, 267, 269, 270,
    268, 267, 270, 269, 268, 269, 267, 270, 271, 269, 270, 270, 272, 269,
    271, 271, 268, 272, 268 ]
headPositionsY: [ 77, 74, 71, 73, 74, 72, 72, 72, 75, 75, 71, 76, 75, 76,
    75, 74, 76, 75, 74, 74, 75, 71, 67, 68, 65, 65, 64, 63, 62, 67, 70,
    78, 82, 84, 82, 82, 79, 76, 74, 69, 69, 68, 67, 70, 70, 70, 75, 79,
    80, 78, 77, 77, 72, 70, 70, 69, 69, 69, 76, 75, 77, 80, 81, 84, 83,
    76, 77, 76, 74, 74, 71, 70, 73, 78, 75, 80, 78, 79, 76, 72, 72, 71,
    69, 68, 71, 73, 77, 75, 80, 80, 79, 78, 79, 77, 79, 76, 77, 77, 75,
    78 ]
