%YAML:1.0
---
videoName: "headNod2.mp4"
gestureLabel: 202
fps: 29
pixelSizeInCmTemp: 3.2364864864864862e-01
faceCenterPointX: 263
faceCenterPointY: 70
headPositionsX: [ 265, 261, 260, 260, 262, 263, 262, 262, 265, 264, 261,
    265, 263, 265, 266, 265, 262, 266, 262, 264, 264, 265, 262, 264, 260,
    262, 264, 261, 261, 264, 263, 263, 263, 261, 264, 261, 262, 261, 261,
    261, 260, 261, 261, 262, 261, 261, 263, 263, 261, 261, 264, 261, 260,
    263, 263, 261, 262, 263, 261, 262, 262, 265, 262, 263, 261, 263, 265,
    264, 263, 262, 262, 264, 265, 261, 263, 261, 262, 261, 261, 262, 263,
    262, 265, 266, 264, 263, 263, 264, 265, 262, 262, 263, 265, 263, 265,
    263, 265, 263, 265, 266 ]
headPositionsY: [ 69, 75, 78, 77, 77, 74, 77, 75, 74, 74, 76, 76, 74, 76,
    76, 76, 73, 77, 76, 73, 77, 74, 75, 75, 74, 74, 74, 72, 76, 72, 75,
    73, 76, 75, 76, 73, 76, 76, 72, 73, 72, 75, 72, 73, 75, 75, 74, 75,
    74, 71, 72, 72, 70, 74, 75, 79, 79, 77, 78, 72, 69, 71, 72, 74, 75,
    74, 72, 72, 68, 70, 72, 74, 74, 78, 75, 73, 76, 69, 73, 70, 71, 75,
    75, 77, 77, 74, 73, 70, 68, 68, 72, 71, 73, 73, 72, 71, 71, 71, 69,
    70 ]
