%YAML:1.0
---
videoName: "headNod0.mp4"
gestureLabel: 202
fps: 29
pixelSizeInCmTemp: 3.2364864864864862e-01
faceCenterPointX: 264
faceCenterPointY: 76
headPositionsX: [ 266, 267, 266, 270, 268, 268, 269, 268, 267, 270, 268,
    265, 266, 268, 267, 264, 265, 263, 267, 263, 267, 266, 263, 265, 266,
    267, 267, 265, 268, 265, 267, 267, 267, 267, 266, 265, 265, 266, 268,
    264, 267, 267, 268, 262, 265, 264, 264, 262, 264, 266, 264, 266, 262,
    267, 264, 265, 266, 266, 266, 265, 266, 266, 264, 266, 267, 267, 265,
    264, 265, 267, 266, 263, 264, 267, 266, 263, 263, 262, 263, 267, 262,
    262, 262, 265, 262, 262, 264, 266, 263, 263, 264, 263, 263, 265, 264,
    264, 266, 262, 265, 262 ]
headPositionsY: [ 76, 73, 74, 74, 70, 72, 73, 73, 75, 72, 74, 75, 71, 71,
    75, 72, 75, 73, 74, 73, 71, 73, 74, 73, 73, 76, 71, 72, 75, 73, 72,
    70, 63, 63, 64, 65, 63, 63, 66, 65, 67, 72, 72, 76, 76, 80, 80, 82,
    82, 82, 80, 75, 70, 69, 69, 66, 68, 65, 68, 70, 68, 73, 73, 72, 76,
    79, 79, 82, 81, 79, 76, 76, 72, 72, 68, 70, 65, 68, 68, 72, 70, 70,
    72, 72, 76, 78, 79, 81, 81, 77, 80, 79, 79, 75, 77, 76, 73, 73, 75,
    75 ]
