%YAML:1.0
---
videoName: "headNod14.mp4"
gestureLabel: 202
fps: 29
pixelSizeInCmTemp: 3.2808219178082193e-01
faceCenterPointX: 257
faceCenterPointY: 71
headPositionsX: [ 258, 259, 256, 258, 259, 255, 259, 258, 255, 260, 257,
    258, 259, 258, 260, 260, 256, 257, 259, 260, 259, 259, 258, 259, 258,
    257, 260, 256, 257, 257, 259, 257, 257, 258, 257, 259, 259, 259, 258,
    259, 258, 258, 261, 260, 259, 257, 262, 260, 257, 260, 259, 259, 258,
    257, 260, 260, 261, 257, 260, 260, 261, 258, 260, 260, 261, 258, 260,
    259, 260, 259, 257, 257, 259, 256, 259, 258, 255, 259, 256, 257, 256,
    257, 258, 257, 260, 256, 256, 254, 256, 258, 259, 257, 256, 256, 259,
    258, 256, 259, 259, 258 ]
headPositionsY: [ 69, 78, 75, 76, 79, 76, 75, 78, 78, 75, 75, 80, 77, 77,
    77, 79, 77, 76, 76, 75, 77, 75, 77, 78, 78, 78, 76, 78, 80, 78, 79,
    79, 79, 76, 79, 76, 76, 76, 78, 73, 75, 72, 70, 70, 67, 69, 72, 73,
    70, 75, 76, 78, 82, 79, 84, 83, 80, 82, 76, 73, 71, 70, 71, 71, 72,
    71, 72, 78, 80, 81, 79, 80, 80, 78, 73, 72, 70, 67, 69, 68, 71, 74,
    73, 76, 82, 82, 81, 78, 76, 74, 70, 72, 67, 68, 71, 72, 72, 72, 73,
    73 ]
