%YAML:1.0
---
videoName: "headNod29.mp4"
gestureLabel: 202
fps: 29
pixelSizeInCmTemp: 3.1933333333333330e-01
faceCenterPointX: 271
faceCenterPointY: 70
headPositionsX: [ 273, 271, 276, 270, 273, 275, 271, 271, 274, 274, 273,
    274, 275, 273, 271, 271, 274, 273, 275, 271, 274, 275, 272, 275, 274,
    270, 270, 274, 273, 269, 272, 269, 269, 270, 270, 272, 272, 271, 270,
    271, 270, 268, 270, 272, 271, 272, 273, 273, 270, 273, 273, 271, 271,
    269, 270, 270, 269, 270, 270, 272, 271, 272, 267, 272, 271, 271, 268,
    272, 268, 272, 269, 272, 271, 271, 272, 273, 273, 271, 269, 273, 273,
    270, 271, 273, 271, 270, 272, 270, 272, 270, 269, 272, 270, 271, 270,
    273, 269, 271, 271, 271 ]
headPositionsY: [ 71, 73, 73, 72, 72, 75, 76, 78, 80, 80, 80, 78, 77, 74,
    70, 72, 67, 65, 68, 65, 68, 67, 66, 71, 73, 77, 79, 78, 79, 80, 77,
    76, 76, 75, 73, 71, 69, 71, 74, 73, 76, 76, 77, 81, 77, 78, 76, 76,
    75, 72, 71, 73, 77, 81, 80, 81, 83, 79, 77, 77, 76, 74, 75, 78, 77,
    76, 81, 80, 75, 75, 72, 73, 71, 71, 71, 73, 74, 72, 74, 75, 75, 74,
    72, 73, 74, 70, 71, 72, 68, 71, 70, 70, 72, 70, 72, 69, 68, 70, 68,
    72 ]
