%YAML:1.0
---
videoName: "headNod41.mp4"
gestureLabel: 202
fps: 29
pixelSizeInCmTemp: 2.9937500000000000e-01
faceCenterPointX: 267
faceCenterPointY: 76
headPositionsX: [ 267, 269, 270, 271, 268, 272, 272, 272, 268, 268, 272,
    269, 272, 268, 272, 270, 272, 269, 273, 273, 272, 273, 273, 269, 268,
    268, 267, 269, 267, 270, 269, 272, 269, 271, 271, 268, 268, 268, 272,
    271, 269, 268, 268, 267, 267, 271, 268, 268, 271, 269, 269, 268, 267,
    270, 268, 269, 268, 271, 270, 270, 271, 270, 271, 268, 268, 268, 266,
    270, 266, 269, 270, 266, 267, 270, 269, 266, 269, 266, 269, 268, 267,
    268, 266, 267, 269, 266, 269, 269, 269, 268, 270, 267, 266, 267, 267,
    269, 268, 269, 266, 270 ]
headPositionsY: [ 74, 73, 75, 72, 75, 74, 71, 72, 71, 74, 72, 73, 75, 76,
    75, 72, 71, 76, 74, 73, 73, 76, 72, 75, 73, 72, 76, 76, 74, 74, 73,
    73, 72, 72, 76, 72, 72, 74, 77, 78, 81, 81, 88, 86, 94, 94, 88, 86,
    82, 79, 77, 68, 68, 65, 63, 66, 64, 67, 74, 77, 79, 84, 93, 93, 94,
    90, 88, 82, 80, 75, 73, 70, 71, 71, 71, 76, 80, 82, 81, 83, 80, 80,
    76, 74, 75, 76, 74, 75, 73, 72, 79, 81, 77, 78, 80, 80, 80, 78, 77,
    78 ]
