%YAML:1.0
---
videoName: "headNod9.mp4"
gestureLabel: 202
fps: 29
pixelSizeInCmTemp: 3.1513157894736843e-01
faceCenterPointX: 261
faceCenterPointY: 75
headPositionsX: [ 260, 261, 261, 260, 260, 260, 262, 262, 261, 263, 258,
    261, 262, 261, 258, 261, 261, 262, 261, 262, 260, 263, 262, 258, 261,
    260, 261, 261, 260, 262, 262, 261, 263, 261, 262, 261, 263, 260, 261,
    263, 261, 259, 262, 262, 260, 258, 261, 261, 260, 258, 258, 261, 258,
    260, 262, 263, 263, 262, 262, 259, 261, 262, 262, 261, 261, 259, 260,
    262, 258, 258, 262, 259, 257, 258, 259, 262, 258, 262, 257, 261, 257,
    258, 256, 256, 260, 260, 259, 258, 259, 260, 258, 261, 262, 259, 258,
    258, 258, 259, 259, 258 ]
headPositionsY: [ 74, 73, 76, 75, 76, 75, 73, 74, 74, 75, 73, 77, 75, 75,
    73, 74, 74, 75, 77, 75, 74, 75, 76, 76, 78, 74, 75, 76, 75, 77, 79,
    77, 77, 80, 83, 82, 78, 74, 75, 72, 75, 74, 76, 81, 86, 86, 86, 85,
    80, 81, 75, 77, 79, 80, 83, 85, 84, 84, 83, 76, 73, 73, 71, 75, 75,
    79, 84, 84, 82, 81, 78, 78, 76, 72, 69, 70, 73, 75, 76, 81, 83, 82,
    80, 82, 81, 78, 76, 76, 75, 74, 73, 70, 71, 74, 73, 75, 72, 74, 74,
    76 ]
