%YAML:1.0
---
videoName: "headNod3.mp4"
gestureLabel: 202
fps: 29
pixelSizeInCmTemp: 3.1933333333333330e-01
faceCenterPointX: 264
faceCenterPointY: 76
headPositionsX: [ 262, 265, 263, 262, 264, 264, 264, 262, 265, 266, 266,
    266, 267, 265, 265, 263, 263, 268, 263, 267, 266, 266, 263, 264, 265,
    267, 263, 266, 263, 267, 264, 268, 266, 264, 264, 266, 267, 264, 268,
    265, 264, 264, 266, 263, 265, 267, 266, 264, 264, 263, 264, 267, 267,
    263, 263, 263, 266, 265, 262, 263, 265, 263, 263, 262, 263, 265, 264,
    265, 264, 263, 263, 265, 261, 265, 261, 265, 264, 264, 262, 266, 262,
    265, 265, 265, 265, 264, 264, 263, 265, 265, 264, 263, 263, 266, 261,
    262, 264, 266, 264, 264 ]
headPositionsY: [ 75, 78, 77, 74, 77, 77, 74, 78, 77, 74, 74, 75, 75, 73,
    72, 72, 75, 73, 72, 75, 72, 72, 70, 75, 74, 73, 76, 73, 74, 76, 73,
    72, 73, 76, 73, 75, 76, 75, 74, 74, 77, 76, 73, 72, 72, 68, 68, 67,
    68, 67, 68, 71, 71, 77, 79, 80, 82, 85, 81, 78, 75, 73, 68, 68, 69,
    69, 70, 71, 72, 77, 82, 82, 80, 79, 79, 72, 69, 69, 69, 65, 67, 66,
    69, 70, 74, 74, 75, 81, 81, 82, 80, 78, 78, 79, 77, 77, 76, 78, 74,
    77 ]
