%YAML:1.0
---
videoName: "headNod10.mp4"
gestureLabel: 202
fps: 29
pixelSizeInCmTemp: 3.2808219178082193e-01
faceCenterPointX: 260
faceCenterPointY: 67
headPositionsX: [ 260, 261, 260, 260, 259, 258, 260, 259, 256, 259, 257,
    260, 260, 256, 258, 259, 260, 257, 258, 256, 257, 257, 261, 258, 261,
    258, 259, 258, 256, 256, 259, 257, 261, 260, 257, 261, 258, 259, 260,
    261, 260, 260, 259, 258, 260, 262, 260, 259, 261, 263, 262, 259, 260,
    260, 258, 261, 256, 259, 257, 259, 262, 258, 260, 263, 258, 260, 259,
    258, 260, 261, 256, 259, 259, 256, 261, 261, 260, 259, 258, 259, 260,
    259, 258, 260, 259, 259, 257, 261, 260, 258, 261, 260, 260, 261, 260,
    258, 261, 262, 259, 259 ]
headPositionsY: [ 66, 72, 68, 72, 69, 69, 68, 69, 72, 72, 68, 70, 71, 70,
    70, 67, 70, 69, 72, 71, 71, 71, 69, 69, 69, 68, 69, 71, 69, 68, 68,
    70, 71, 73, 69, 71, 72, 70, 71, 69, 74, 75, 69, 72, 70, 65, 65, 61,
    61, 65, 64, 65, 66, 70, 73, 76, 73, 70, 67, 64, 63, 66, 62, 67, 68,
    71, 69, 72, 77, 77, 74, 72, 68, 68, 63, 67, 67, 68, 69, 71, 74, 77,
    76, 73, 73, 72, 70, 66, 66, 65, 65, 64, 65, 66, 67, 68, 68, 68, 67,
    66 ]
