%YAML:1.0
---
videoName: "headNod16.mp4"
gestureLabel: 202
fps: 29
pixelSizeInCmTemp: 3.3263888888888887e-01
faceCenterPointX: 255
faceCenterPointY: 77
headPositionsX: [ 254, 260, 258, 261, 261, 258, 258, 260, 260, 257, 260,
    261, 261, 260, 257, 259, 258, 256, 258, 256, 260, 257, 259, 257, 260,
    256, 258, 260, 261, 257, 261, 257, 257, 257, 257, 256, 260, 261, 262,
    259, 259, 258, 261, 261, 258, 259, 257, 257, 257, 255, 255, 257, 258,
    255, 260, 256, 256, 256, 260, 258, 257, 256, 256, 254, 258, 253, 256,
    255, 257, 257, 255, 253, 255, 256, 253, 254, 253, 255, 256, 257, 256,
    252, 254, 253, 254, 255, 255, 253, 253, 256, 256, 257, 256, 254, 252,
    257, 254, 254, 253, 257 ]
headPositionsY: [ 75, 74, 73, 73, 74, 72, 76, 74, 74, 73, 74, 78, 76, 72,
    75, 76, 76, 75, 73, 76, 73, 72, 73, 77, 78, 76, 74, 76, 73, 77, 75,
    74, 75, 73, 77, 75, 71, 71, 67, 69, 69, 68, 73, 73, 75, 78, 80, 81,
    81, 81, 77, 74, 70, 70, 69, 72, 74, 75, 79, 80, 84, 82, 82, 80, 79,
    77, 71, 72, 68, 72, 72, 72, 73, 77, 80, 81, 80, 76, 74, 72, 69, 69,
    71, 70, 72, 74, 74, 79, 80, 76, 79, 78, 77, 79, 74, 78, 78, 75, 75,
    79 ]
