%YAML:1.0
---
videoName: "headNod18.mp4"
gestureLabel: 202
fps: 29
pixelSizeInCmTemp: 3.3263888888888887e-01
faceCenterPointX: 255
faceCenterPointY: 77
headPositionsX: [ 253, 257, 257, 258, 259, 258, 259, 254, 256, 256, 255,
    256, 256, 258, 257, 253, 253, 255, 255, 252, 254, 256, 253, 254, 257,
    254, 255, 257, 257, 256, 258, 253, 256, 256, 257, 258, 255, 256, 253,
    255, 256, 256, 255, 254, 255, 257, 257, 255, 255, 256, 256, 254, 252,
    256, 253, 252, 255, 255, 252, 254, 252, 252, 257, 255, 254, 256, 256,
    252, 254, 254, 255, 255, 252, 255, 256, 253, 253, 254, 255, 254, 254,
    254, 254, 256, 253, 254, 257, 257, 255, 253, 254, 252, 252, 255, 252,
    254, 254, 256, 253, 255 ]
headPositionsY: [ 77, 80, 78, 79, 78, 77, 77, 76, 78, 77, 77, 76, 79, 79,
    75, 78, 77, 77, 77, 77, 77, 76, 75, 79, 78, 78, 79, 79, 78, 76, 79,
    76, 80, 79, 76, 80, 79, 79, 78, 77, 74, 76, 71, 73, 71, 74, 70, 74,
    76, 73, 75, 77, 79, 84, 78, 80, 77, 74, 74, 70, 74, 72, 79, 78, 82,
    84, 78, 78, 77, 72, 72, 76, 78, 82, 81, 81, 80, 80, 79, 78, 74, 77,
    75, 77, 77, 81, 84, 83, 78, 78, 78, 78, 75, 75, 78, 76, 78, 79, 79,
    78 ]
