%YAML:1.0
---
videoName: "headNod28.mp4"
gestureLabel: 202
fps: 30
pixelSizeInCmTemp: 3.2364864864864862e-01
faceCenterPointX: 270
faceCenterPointY: 76
headPositionsX: [ 269, 270, 271, 273, 272, 271, 270, 272, 270, 272, 272,
    272, 269, 270, 272, 270, 269, 271, 269, 268, 270, 270, 270, 269, 268,
    270, 268, 268, 270, 272, 270, 269, 268, 270, 268, 269, 273, 270, 272,
    270, 268, 271, 268, 271, 271, 268, 270, 271, 272, 268, 267, 271, 269,
    273, 272, 273, 269, 269, 269, 271, 270, 268, 272, 269, 269, 273, 270,
    269, 271, 271, 273, 273, 273, 272, 271, 273, 273, 270, 272, 272, 272,
    273, 272, 273, 270, 268, 272, 271, 269, 269, 272, 272, 272, 273, 274,
    270, 269, 270, 270, 269 ]
headPositionsY: [ 76, 73, 76, 75, 75, 76, 75, 74, 76, 73, 74, 77, 77, 72,
    77, 77, 75, 76, 74, 73, 74, 76, 76, 76, 77, 72, 74, 75, 76, 74, 73,
    74, 75, 75, 76, 76, 74, 75, 74, 76, 73, 79, 78, 82, 79, 82, 82, 79,
    79, 79, 75, 75, 72, 70, 72, 70, 71, 74, 74, 80, 78, 79, 78, 80, 77,
    76, 72, 69, 70, 72, 74, 74, 80, 79, 78, 81, 80, 76, 73, 74, 74, 72,
    71, 76, 74, 79, 76, 79, 76, 75, 78, 74, 74, 77, 77, 76, 74, 79, 78,
    77 ]
