%YAML:1.0
---
videoName: "headNod45.mp4"
gestureLabel: 202
fps: 30
pixelSizeInCmTemp: 3.0316455696202532e-01
faceCenterPointX: 265
faceCenterPointY: 77
headPositionsX: [ 265, 268, 267, 267, 269, 267, 268, 268, 269, 267, 270,
    270, 266, 266, 269, 269, 269, 267, 269, 269, 267, 269, 268, 267, 266,
    268, 267, 265, 266, 267, 266, 267, 265, 265, 264, 264, 265, 266, 268,
    266, 265, 267, 265, 266, 263, 267, 263, 265, 268, 268, 264, 268, 268,
    267, 268, 267, 267, 266, 267, 268, 265, 265, 265, 266, 267, 266, 267,
    265, 266, 268, 264, 267, 268, 264, 268, 267, 268, 267, 266, 266, 266,
    267, 267, 265, 268, 264, 266, 266, 268, 267, 266, 266, 268, 268, 265,
    265, 263, 264, 267, 268 ]
headPositionsY: [ 79, 74, 75, 78, 76, 74, 73, 75, 76, 73, 76, 73, 73, 75,
    74, 78, 74, 79, 81, 81, 85, 88, 89, 93, 92, 91, 92, 87, 80, 79, 74,
    74, 67, 65, 64, 67, 67, 69, 74, 78, 80, 87, 90, 90, 91, 90, 86, 85,
    78, 77, 77, 72, 72, 72, 75, 77, 80, 82, 84, 84, 85, 82, 80, 76, 77,
    72, 74, 73, 74, 74, 78, 79, 84, 89, 88, 85, 86, 84, 81, 77, 77, 77,
    74, 79, 76, 77, 79, 81, 82, 77, 79, 76, 81, 76, 79, 78, 79, 80, 76,
    80 ]
