%YAML:1.0
---
videoName: "headNod7.mp4"
gestureLabel: 202
fps: 29
pixelSizeInCmTemp: 3.2808219178082193e-01
faceCenterPointX: 261
faceCenterPointY: 71
headPositionsX: [ 261, 265, 264, 263, 267, 263, 264, 266, 263, 264, 262,
    264, 266, 263, 264, 263, 261, 262, 262, 264, 262, 264, 262, 262, 262,
    261, 264, 264, 261, 263, 263, 263, 263, 264, 261, 263, 264, 259, 261,
    260, 259, 264, 259, 263, 260, 259, 261, 260, 262, 260, 263, 263, 264,
    260, 262, 260, 260, 260, 260, 260, 264, 260, 264, 260, 260, 260, 260,
    262, 261, 262, 258, 262, 259, 259, 261, 259, 261, 263, 262, 260, 262,
    264, 263, 262, 263, 262, 259, 261, 259, 259, 259, 263, 261, 262, 260,
    260, 264, 263, 263, 259 ]
headPositionsY: [ 71, 74, 74, 73, 74, 72, 75, 72, 76, 71, 73, 74, 73, 74,
    71, 76, 76, 76, 77, 76, 77, 77, 76, 73, 74, 76, 74, 76, 76, 74, 78,
    75, 74, 76, 74, 77, 74, 73, 74, 77, 77, 75, 75, 74, 74, 76, 74, 78,
    72, 72, 72, 71, 69, 69, 72, 76, 79, 78, 82, 75, 77, 69, 69, 69, 71,
    75, 74, 79, 78, 78, 78, 75, 71, 72, 70, 71, 69, 70, 73, 71, 73, 79,
    77, 77, 77, 75, 74, 73, 70, 71, 70, 70, 72, 70, 71, 72, 73, 73, 70,
    72 ]
