%YAML:1.0
---
videoName: "headNod23.mp4"
gestureLabel: 202
fps: 29
pixelSizeInCmTemp: 3.1933333333333330e-01
faceCenterPointX: 273
faceCenterPointY: 75
headPositionsX: [ 275, 271, 277, 276, 275, 274, 275, 272, 274, 273, 273,
    275, 274, 273, 275, 274, 276, 272, 276, 274, 272, 273, 274, 275, 272,
    275, 272, 276, 275, 273, 276, 275, 277, 277, 276, 276, 272, 274, 275,
    272, 272, 269, 274, 271, 271, 272, 273, 270, 272, 275, 273, 276, 272,
    273, 275, 275, 272, 274, 275, 271, 276, 276, 274, 275, 273, 274, 273,
    273, 277, 275, 273, 274, 272, 276, 275, 271, 273, 272, 271, 276, 275,
    274, 275, 272, 276, 276, 275, 277, 273, 275, 274, 271, 272, 273, 273,
    273, 272, 273, 274, 273 ]
headPositionsY: [ 77, 74, 75, 79, 78, 76, 78, 78, 76, 77, 78, 75, 78, 79,
    76, 76, 79, 74, 78, 75, 77, 77, 75, 76, 71, 72, 68, 69, 64, 64, 64,
    62, 66, 64, 70, 69, 72, 76, 78, 81, 81, 81, 80, 78, 77, 74, 72, 71,
    67, 69, 67, 69, 70, 72, 71, 73, 76, 79, 77, 76, 75, 74, 73, 71, 69,
    69, 70, 67, 68, 71, 69, 74, 77, 77, 78, 80, 80, 80, 77, 77, 76, 77,
    73, 71, 73, 70, 72, 74, 73, 75, 73, 73, 77, 77, 73, 76, 75, 77, 74,
    74 ]
