%YAML:1.0
---
videoName: "headNod43.mp4"
gestureLabel: 202
fps: 29
pixelSizeInCmTemp: 2.8855421686746985e-01
faceCenterPointX: 268
faceCenterPointY: 74
headPositionsX: [ 267, 272, 268, 270, 271, 272, 270, 271, 268, 268, 268,
    269, 267, 266, 270, 266, 267, 270, 269, 268, 266, 269, 267, 270, 268,
    266, 267, 269, 265, 267, 266, 263, 267, 265, 264, 265, 266, 264, 266,
    264, 263, 264, 264, 264, 267, 266, 268, 266, 266, 265, 265, 265, 264,
    263, 264, 264, 263, 266, 266, 267, 266, 266, 266, 264, 265, 266, 265,
    267, 268, 270, 265, 267, 268, 266, 269, 265, 269, 269, 265, 265, 267,
    270, 268, 270, 267, 267, 270, 270, 268, 268, 268, 268, 266, 266, 269,
    268, 268, 268, 271, 266 ]
headPositionsY: [ 73, 79, 75, 74, 75, 74, 76, 76, 75, 74, 75, 77, 77, 72,
    74, 73, 76, 77, 75, 74, 75, 76, 77, 78, 78, 79, 81, 84, 87, 89, 91,
    89, 87, 84, 77, 77, 79, 80, 82, 88, 86, 90, 89, 86, 85, 82, 79, 82,
    83, 85, 88, 89, 93, 88, 90, 86, 85, 81, 82, 84, 89, 90, 92, 92, 91,
    86, 82, 83, 81, 76, 77, 80, 81, 85, 92, 89, 88, 89, 85, 79, 80, 75,
    76, 72, 72, 71, 74, 72, 73, 73, 72, 72, 73, 75, 71, 72, 74, 75, 72,
    75 ]
