%YAML:1.0
---
videoName: "headNod31.mp4"
gestureLabel: 202
fps: 29
pixelSizeInCmTemp: 2.8855421686746985e-01
faceCenterPointX: 267
faceCenterPointY: 75
headPositionsX: [ 265, 270, 271, 271, 272, 269, 268, 270, 268, 269, 270,
    271, 271, 270, 267, 267, 267, 268, 268, 265, 267, 268, 265, 268, 268,
    267, 265, 264, 266, 268, 268, 270, 270, 271, 271, 271, 268, 269, 270,
    269, 268, 268, 266, 266, 264, 269, 268, 267, 268, 265, 269, 269, 267,
    267, 268, 266, 269, 264, 265, 268, 268, 266, 264, 268, 265, 267, 267,
    266, 266, 265, 264, 265, 266, 264, 268, 267, 268, 264, 264, 269, 269,
    266, 265, 264, 269, 265, 264, 267, 269, 268, 265, 269, 269, 268, 267,
    265, 269, 267, 269, 264 ]
headPositionsY: [ 74, 76, 74, 72, 73, 73, 72, 66, 65, 66, 66, 67, 68, 68,
    77, 79, 83, 83, 85, 84, 86, 83, 79, 75, 75, 74, 74, 73, 67, 69, 67,
    69, 74, 77, 78, 80, 83, 85, 89, 87, 87, 84, 80, 77, 72, 74, 73, 73,
    75, 79, 79, 83, 86, 86, 81, 80, 78, 76, 72, 72, 69, 68, 70, 70, 70,
    73, 76, 78, 81, 82, 81, 79, 78, 75, 74, 71, 70, 73, 72, 74, 74, 75,
    75, 76, 78, 74, 76, 75, 76, 74, 76, 75, 74, 75, 73, 74, 76, 74, 78,
    76 ]
