%YAML:1.0
---
videoName: "headNod40.mp4"
gestureLabel: 202
fps: 29
pixelSizeInCmTemp: 2.8511904761904761e-01
faceCenterPointX: 267
faceCenterPointY: 78
headPositionsX: [ 268, 265, 265, 265, 267, 266, 269, 266, 269, 267, 268,
    265, 270, 269, 269, 270, 268, 268, 268, 270, 266, 268, 268, 267, 269,
    269, 268, 269, 267, 266, 268, 269, 270, 270, 268, 266, 270, 266, 268,
    268, 267, 268, 267, 267, 267, 264, 264, 264, 267, 267, 264, 266, 268,
    267, 267, 264, 268, 264, 267, 265, 268, 267, 265, 266, 268, 267, 266,
    265, 265, 266, 266, 267, 270, 267, 269, 267, 268, 268, 266, 266, 265,
    265, 268, 268, 267, 265, 269, 266, 266, 265, 267, 268, 267, 269, 267,
    269, 267, 266, 267, 265 ]
headPositionsY: [ 80, 75, 74, 75, 77, 74, 76, 74, 78, 77, 74, 73, 78, 75,
    77, 77, 74, 77, 78, 78, 77, 76, 78, 77, 74, 76, 74, 77, 77, 76, 73,
    76, 77, 75, 73, 76, 77, 74, 73, 77, 80, 88, 92, 95, 98, 95, 92, 92,
    86, 82, 80, 79, 77, 67, 66, 69, 68, 70, 71, 76, 79, 83, 86, 88, 85,
    82, 78, 80, 76, 76, 73, 73, 70, 74, 75, 74, 79, 79, 81, 79, 81, 77,
    78, 78, 79, 79, 77, 77, 79, 80, 79, 77, 78, 75, 79, 79, 77, 77, 77,
    79 ]
