%YAML:1.0
---
videoName: "headNod42.mp4"
gestureLabel: 202
fps: 30
pixelSizeInCmTemp: 3.0316455696202532e-01
faceCenterPointX: 265
faceCenterPointY: 77
headPositionsX: [ 266, 267, 269, 266, 268, 271, 268, 267, 268, 268, 270,
    269, 267, 268, 266, 268, 270, 270, 269, 267, 266, 270, 271, 269, 266,
    267, 265, 266, 265, 264, 264, 264, 267, 266, 266, 268, 267, 264, 268,
    264, 266, 266, 263, 266, 263, 264, 264, 267, 263, 266, 268, 265, 267,
    262, 265, 263, 267, 265, 263, 264, 264, 263, 266, 265, 266, 264, 266,
    267, 266, 265, 263, 266, 265, 264, 264, 264, 268, 268, 265, 268, 266,
    266, 268, 266, 265, 268, 267, 267, 265, 264, 265, 264, 265, 267, 263,
    265, 268, 266, 263, 267 ]
headPositionsY: [ 76, 74, 76, 77, 79, 74, 76, 78, 79, 75, 76, 79, 74, 78,
    77, 71, 69, 63, 65, 67, 66, 68, 67, 72, 80, 84, 87, 89, 91, 88, 87,
    86, 78, 76, 76, 70, 70, 71, 70, 73, 75, 76, 83, 82, 86, 85, 81, 77,
    72, 71, 73, 69, 73, 74, 76, 75, 83, 86, 86, 84, 84, 82, 82, 76, 77,
    73, 73, 73, 72, 74, 74, 78, 83, 81, 82, 78, 74, 75, 75, 74, 72, 76,
    73, 78, 78, 80, 82, 82, 83, 82, 81, 80, 76, 79, 76, 75, 76, 76, 76,
    78 ]
