%YAML:1.0
---
videoName: "headNod16.mp4"
gestureLabel: 202
fps: 29
pixelSizeInCmTemp: 3.3263888888888887e-01
faceCenterPointX: 255
faceCenterPointY: 77
headPositionsX: [ 255, 260, 261, 260, 259, 259, 257, 258, 257, 260, 259,
    260, 258, 259, 260, 259, 257, 260, 260, 257, 258, 256, 258, 258, 261,
    260, 261, 257, 260, 258, 259, 258, 258, 260, 260, 257, 258, 261, 262,
    258, 257, 258, 259, 260, 261, 260, 261, 259, 258, 257, 257, 260, 255,
    259, 259, 256, 255, 256, 259, 257, 256, 259, 254, 258, 255, 255, 256,
    254, 253, 258, 256, 253, 256, 255, 255, 256, 255, 254, 257, 253, 257,
    256, 254, 257, 258, 255, 253, 254, 253, 256, 257, 254, 253, 258, 253,
    253, 256, 256, 257, 253 ]
headPositionsY: [ 77, 76, 76, 75, 77, 76, 74, 72, 74, 74, 73, 77, 76, 73,
    73, 74, 73, 76, 74, 72, 76, 76, 75, 75, 76, 74, 77, 74, 74, 76, 77,
    75, 76, 75, 73, 75, 70, 71, 66, 68, 71, 70, 70, 75, 76, 77, 83, 81,
    80, 79, 77, 72, 71, 69, 69, 72, 74, 74, 75, 79, 81, 81, 79, 79, 79,
    76, 75, 72, 70, 72, 72, 73, 77, 80, 81, 81, 82, 78, 77, 72, 71, 69,
    69, 69, 73, 74, 73, 76, 78, 78, 78, 76, 78, 77, 76, 76, 75, 74, 77,
    79 ]
