%YAML:1.0
---
videoName: "headNod34.mp4"
gestureLabel: 202
fps: 29
pixelSizeInCmTemp: 2.9567901234567900e-01
faceCenterPointX: 266
faceCenterPointY: 78
headPositionsX: [ 268, 270, 267, 268, 269, 271, 269, 267, 272, 268, 268,
    270, 270, 267, 269, 269, 267, 270, 272, 268, 267, 268, 268, 272, 272,
    268, 271, 271, 271, 271, 272, 267, 267, 270, 269, 269, 270, 268, 269,
    271, 269, 267, 269, 269, 271, 269, 270, 270, 268, 268, 270, 267, 270,
    270, 271, 268, 269, 268, 273, 272, 272, 272, 268, 269, 272, 270, 270,
    270, 271, 268, 270, 267, 269, 268, 267, 268, 267, 268, 265, 265, 267,
    267, 264, 268, 264, 263, 268, 267, 267, 266, 266, 265, 263, 266, 266,
    264, 264, 268, 265, 269 ]
headPositionsY: [ 76, 75, 74, 76, 78, 77, 76, 77, 76, 76, 77, 77, 76, 77,
    78, 77, 76, 74, 77, 75, 78, 74, 76, 78, 75, 76, 77, 77, 78, 74, 77,
    77, 75, 75, 78, 75, 74, 74, 72, 71, 73, 71, 75, 73, 81, 82, 91, 85,
    88, 85, 81, 77, 73, 74, 72, 74, 74, 79, 79, 81, 84, 82, 80, 81, 80,
    77, 76, 81, 78, 82, 81, 85, 83, 83, 83, 80, 81, 77, 78, 76, 80, 81,
    80, 85, 82, 79, 81, 78, 81, 77, 77, 80, 78, 79, 80, 78, 82, 80, 81,
    81 ]
