%YAML:1.0
---
videoName: "headNod35.mp4"
gestureLabel: 202
fps: 30
pixelSizeInCmTemp: 2.9937500000000000e-01
faceCenterPointX: 268
faceCenterPointY: 78
headPositionsX: [ 269, 266, 267, 268, 268, 269, 271, 269, 267, 268, 269,
    270, 269, 269, 270, 268, 268, 268, 268, 272, 268, 269, 269, 270, 268,
    269, 270, 267, 272, 269, 269, 273, 269, 270, 270, 268, 272, 269, 268,
    267, 270, 268, 266, 267, 269, 267, 269, 268, 272, 268, 269, 269, 267,
    267, 267, 267, 270, 268, 267, 266, 268, 269, 267, 268, 271, 269, 266,
    266, 270, 267, 271, 267, 270, 267, 267, 267, 269, 271, 269, 268, 268,
    270, 267, 267, 268, 266, 267, 268, 266, 267, 268, 265, 269, 266, 267,
    266, 269, 269, 268, 266 ]
headPositionsY: [ 80, 77, 77, 77, 76, 75, 75, 77, 74, 77, 75, 79, 75, 78,
    75, 76, 76, 75, 78, 78, 78, 75, 78, 79, 77, 75, 78, 74, 70, 68, 70,
    65, 69, 71, 70, 75, 78, 84, 89, 94, 95, 89, 88, 83, 80, 78, 75, 75,
    72, 76, 75, 81, 84, 85, 89, 89, 86, 83, 80, 82, 76, 72, 74, 75, 73,
    75, 75, 82, 86, 87, 85, 86, 84, 78, 75, 78, 75, 74, 75, 76, 82, 84,
    86, 87, 84, 83, 81, 84, 82, 82, 80, 80, 80, 79, 80, 79, 81, 78, 79,
    76 ]
