%YAML:1.0
---
videoName: "headNod40.mp4"
gestureLabel: 202
fps: 29
pixelSizeInCmTemp: 2.8511904761904761e-01
faceCenterPointX: 267
faceCenterPointY: 78
headPositionsX: [ 268, 269, 266, 269, 265, 270, 266, 267, 269, 269, 270,
    266, 267, 266, 270, 267, 269, 268, 266, 270, 268, 268, 270, 267, 268,
    267, 267, 267, 268, 270, 267, 270, 266, 269, 269, 269, 270, 266, 266,
    266, 271, 266, 267, 266, 264, 264, 263, 265, 265, 268, 266, 266, 266,
    264, 264, 264, 268, 267, 264, 266, 265, 268, 266, 265, 266, 268, 267,
    267, 265, 268, 265, 267, 270, 270, 269, 270, 266, 265, 267, 269, 268,
    269, 266, 268, 268, 268, 266, 267, 265, 269, 267, 266, 266, 266, 266,
    266, 264, 264, 269, 269 ]
headPositionsY: [ 79, 75, 74, 78, 78, 74, 74, 75, 78, 75, 78, 74, 76, 77,
    74, 77, 77, 74, 74, 77, 75, 74, 77, 73, 75, 76, 75, 76, 77, 73, 73,
    77, 74, 76, 74, 77, 73, 77, 74, 76, 80, 87, 91, 95, 96, 96, 96, 89,
    88, 84, 78, 77, 80, 67, 70, 67, 69, 70, 70, 73, 80, 86, 88, 87, 86,
    80, 77, 80, 73, 72, 74, 74, 73, 76, 75, 72, 80, 79, 79, 81, 78, 78,
    79, 77, 80, 78, 78, 79, 77, 79, 79, 77, 79, 78, 75, 77, 77, 77, 76,
    79 ]
