%YAML:1.0
---
videoName: "headNod7.mp4"
gestureLabel: 202
fps: 29
pixelSizeInCmTemp: 3.2808219178082193e-01
faceCenterPointX: 261
faceCenterPointY: 71
headPositionsX: [ 261, 266, 266, 266, 268, 265, 264, 263, 266, 265, 265,
    265, 264, 266, 264, 262, 260, 265, 262, 261, 261, 263, 261, 264, 263,
    261, 261, 262, 262, 263, 262, 264, 262, 263, 261, 263, 262, 262, 261,
    260, 263, 261, 259, 262, 262, 259, 263, 264, 260, 264, 264, 261, 262,
    262, 264, 260, 260, 261, 262, 263, 264, 261, 260, 259, 262, 261, 263,
    260, 260, 262, 261, 262, 259, 259, 261, 261, 263, 263, 263, 263, 263,
    262, 263, 259, 264, 264, 260, 263, 260, 260, 263, 263, 260, 260, 262,
    259, 261, 259, 262, 260 ]
headPositionsY: [ 71, 75, 75, 74, 73, 71, 77, 73, 73, 75, 73, 74, 73, 74,
    75, 76, 74, 73, 73, 76, 77, 74, 75, 77, 76, 77, 77, 74, 74, 74, 75,
    77, 73, 77, 72, 73, 76, 75, 75, 76, 76, 74, 78, 75, 75, 78, 78, 74,
    74, 69, 72, 72, 71, 70, 71, 72, 76, 81, 79, 75, 76, 71, 73, 69, 72,
    75, 75, 78, 79, 80, 77, 76, 72, 69, 72, 72, 68, 72, 69, 74, 74, 77,
    77, 75, 78, 78, 77, 75, 72, 73, 70, 71, 72, 72, 69, 69, 72, 72, 74,
    69 ]
