%YAML:1.0
---
videoName: "headNod35.mp4"
gestureLabel: 202
fps: 30
pixelSizeInCmTemp: 2.9937500000000000e-01
faceCenterPointX: 268
faceCenterPointY: 78
headPositionsX: [ 267, 268, 266, 268, 268, 269, 269, 269, 270, 272, 268,
    268, 270, 271, 272, 267, 269, 268, 269, 270, 268, 271, 272, 268, 267,
    271, 268, 269, 271, 269, 271, 272, 270, 271, 269, 272, 269, 270, 268,
    268, 270, 265, 266, 267, 267, 266, 268, 270, 268, 269, 271, 269, 270,
    270, 266, 269, 268, 266, 269, 268, 268, 267, 269, 268, 268, 271, 266,
    266, 267, 267, 270, 268, 266, 269, 270, 269, 270, 271, 267, 268, 268,
    270, 269, 269, 269, 267, 264, 267, 265, 265, 269, 268, 266, 268, 266,
    269, 269, 266, 267, 266 ]
headPositionsY: [ 78, 78, 73, 75, 77, 77, 74, 75, 78, 75, 76, 76, 76, 78,
    77, 77, 75, 76, 76, 77, 78, 74, 77, 75, 74, 76, 74, 72, 71, 67, 70,
    65, 71, 71, 71, 77, 77, 85, 90, 92, 93, 93, 89, 85, 79, 78, 76, 72,
    74, 76, 79, 78, 85, 85, 91, 89, 90, 82, 82, 82, 73, 74, 71, 73, 71,
    75, 78, 80, 84, 87, 87, 86, 84, 77, 78, 74, 73, 74, 77, 80, 82, 85,
    87, 88, 85, 84, 85, 84, 82, 79, 77, 81, 80, 78, 79, 78, 77, 78, 81,
    80 ]
