%YAML:1.0
---
videoName: "headNod13.mp4"
gestureLabel: 202
fps: 29
pixelSizeInCmTemp: 3.2364864864864862e-01
faceCenterPointX: 253
faceCenterPointY: 79
headPositionsX: [ 255, 252, 254, 252, 250, 251, 251, 255, 251, 254, 255,
    252, 256, 257, 254, 253, 256, 257, 256, 257, 255, 256, 256, 255, 252,
    256, 254, 253, 254, 253, 256, 254, 253, 254, 256, 253, 253, 254, 253,
    251, 251, 251, 253, 255, 255, 252, 252, 254, 254, 255, 253, 252, 252,
    256, 252, 254, 254, 255, 256, 254, 254, 253, 252, 251, 254, 254, 255,
    252, 253, 255, 256, 255, 255, 254, 256, 255, 253, 256, 256, 255, 254,
    257, 257, 252, 255, 254, 253, 253, 254, 255, 256, 255, 256, 252, 254,
    254, 255, 255, 252, 254 ]
headPositionsY: [ 78, 73, 74, 72, 74, 71, 72, 72, 75, 76, 71, 73, 73, 73,
    76, 72, 75, 72, 75, 74, 73, 74, 72, 72, 72, 75, 75, 73, 72, 73, 75,
    73, 72, 74, 74, 75, 74, 76, 73, 73, 72, 72, 74, 72, 75, 76, 73, 76,
    75, 74, 72, 70, 66, 65, 69, 71, 70, 75, 76, 75, 81, 78, 79, 74, 73,
    69, 71, 68, 67, 68, 70, 74, 76, 74, 79, 77, 78, 80, 75, 75, 72, 70,
    72, 71, 75, 78, 74, 78, 77, 82, 78, 78, 78, 78, 76, 79, 81, 80, 79,
    76 ]
