%YAML:1.0
---
videoName: "headNod46.mp4"
gestureLabel: 202
fps: 30
pixelSizeInCmTemp: 2.8511904761904761e-01
faceCenterPointX: 264
faceCenterPointY: 72
headPositionsX: [ 264, 264, 266, 264, 264, 264, 263, 263, 266, 263, 265,
    265, 264, 266, 262, 267, 261, 265, 262, 265, 263, 265, 266, 266, 268,
    266, 266, 265, 269, 265, 267, 267, 263, 263, 261, 263, 262, 264, 261,
    261, 262, 264, 265, 264, 263, 261, 262, 263, 260, 260, 260, 264, 262,
    260, 261, 261, 264, 262, 262, 261, 262, 265, 261, 265, 266, 261, 263,
    265, 263, 263, 262, 263, 266, 264, 267, 262, 266, 262, 266, 263, 266,
    263, 265, 264, 264, 264, 264, 261, 260, 264, 265, 263, 263, 265, 264,
    264, 264, 263, 264, 266 ]
headPositionsY: [ 70, 68, 70, 70, 69, 69, 68, 69, 72, 75, 74, 79, 82, 82,
    87, 90, 89, 87, 87, 86, 78, 74, 73, 70, 71, 71, 71, 70, 72, 74, 82,
    87, 88, 88, 87, 86, 80, 76, 74, 70, 68, 70, 70, 72, 76, 79, 78, 85,
    83, 84, 82, 80, 75, 71, 68, 68, 68, 67, 71, 69, 71, 77, 77, 80, 78,
    72, 71, 70, 69, 68, 68, 70, 73, 73, 75, 72, 74, 74, 71, 73, 70, 69,
    73, 68, 73, 73, 75, 74, 72, 71, 74, 69, 71, 70, 70, 70, 72, 74, 71,
    73 ]
