%YAML:1.0
---
videoName: "headNod4.mp4"
gestureLabel: 202
fps: 29
pixelSizeInCmTemp: 3.2808219178082193e-01
faceCenterPointX: 264
faceCenterPointY: 72
headPositionsX: [ 263, 267, 269, 268, 272, 272, 268, 271, 271, 270, 270,
    267, 271, 268, 271, 269, 270, 269, 266, 267, 267, 267, 270, 267, 267,
    266, 267, 267, 267, 266, 268, 265, 266, 266, 267, 265, 267, 265, 267,
    267, 266, 270, 267, 266, 269, 268, 267, 266, 269, 267, 266, 268, 266,
    268, 265, 266, 267, 268, 264, 266, 265, 267, 263, 266, 267, 267, 266,
    266, 264, 264, 266, 264, 266, 263, 266, 264, 262, 264, 264, 264, 263,
    262, 266, 266, 264, 264, 264, 266, 266, 266, 265, 266, 263, 264, 263,
    263, 264, 263, 262, 265 ]
headPositionsY: [ 72, 75, 74, 75, 75, 73, 76, 76, 77, 77, 72, 72, 73, 72,
    72, 73, 75, 74, 72, 73, 76, 75, 73, 73, 75, 76, 75, 74, 73, 74, 74,
    73, 74, 75, 76, 76, 73, 72, 73, 74, 76, 75, 72, 73, 71, 68, 67, 68,
    68, 66, 64, 69, 70, 73, 77, 78, 81, 84, 80, 79, 76, 73, 67, 68, 68,
    72, 76, 78, 78, 79, 83, 79, 83, 80, 77, 70, 69, 68, 70, 68, 70, 73,
    73, 76, 81, 79, 80, 83, 82, 84, 80, 79, 78, 78, 77, 76, 77, 74, 74,
    75 ]
