%YAML:1.0
---
videoName: "headNod27.mp4"
gestureLabel: 202
fps: 29
pixelSizeInCmTemp: 3.0705128205128202e-01
faceCenterPointX: 271
faceCenterPointY: 77
headPositionsX: [ 271, 272, 270, 270, 270, 271, 272, 271, 272, 272, 272,
    274, 273, 273, 274, 272, 273, 272, 270, 273, 272, 272, 271, 271, 274,
    271, 274, 273, 272, 271, 273, 273, 269, 271, 270, 268, 270, 271, 269,
    267, 269, 271, 272, 268, 269, 270, 269, 269, 270, 270, 271, 271, 270,
    272, 269, 270, 269, 272, 272, 272, 271, 268, 270, 269, 268, 266, 269,
    265, 269, 267, 266, 270, 266, 268, 266, 270, 267, 267, 269, 266, 270,
    268, 270, 268, 269, 269, 269, 270, 271, 268, 273, 270, 269, 271, 269,
    272, 268, 271, 270, 271 ]
headPositionsY: [ 77, 75, 74, 73, 73, 73, 75, 75, 76, 75, 73, 76, 72, 75,
    73, 73, 76, 75, 76, 74, 73, 69, 69, 67, 63, 65, 66, 62, 63, 66, 68,
    78, 80, 81, 84, 81, 83, 76, 73, 71, 67, 66, 66, 69, 68, 72, 77, 76,
    78, 81, 80, 79, 73, 74, 70, 72, 71, 69, 74, 73, 80, 79, 83, 81, 79,
    78, 76, 76, 75, 72, 73, 74, 73, 77, 75, 78, 80, 78, 74, 74, 71, 72,
    69, 68, 71, 72, 75, 76, 77, 81, 81, 78, 80, 78, 78, 76, 74, 77, 79,
    77 ]
