%YAML:1.0
---
videoName: "headNod48.mp4"
gestureLabel: 202
fps: 29
pixelSizeInCmTemp: 2.8855421686746985e-01
faceCenterPointX: 264
faceCenterPointY: 72
headPositionsX: [ 264, 263, 265, 263, 263, 267, 265, 263, 263, 266, 265,
    263, 266, 261, 265, 261, 264, 259, 263, 262, 261, 261, 261, 261, 259,
    259, 261, 261, 264, 263, 260, 262, 262, 260, 263, 261, 264, 264, 264,
    265, 264, 263, 263, 263, 261, 260, 259, 260, 262, 262, 262, 263, 259,
    260, 262, 262, 263, 262, 263, 259, 262, 262, 264, 266, 261, 265, 262,
    265, 264, 266, 264, 262, 265, 264, 262, 267, 264, 267, 262, 265, 265,
    266, 263, 267, 267, 266, 263, 265, 263, 266, 267, 264, 266, 268, 265,
    263, 267, 263, 267, 265 ]
headPositionsY: [ 74, 74, 75, 79, 77, 74, 73, 72, 69, 66, 61, 64, 63, 66,
    65, 68, 75, 77, 83, 86, 87, 88, 85, 83, 78, 76, 69, 69, 65, 62, 61,
    65, 67, 63, 66, 72, 72, 79, 81, 83, 82, 80, 79, 81, 79, 73, 73, 74,
    73, 69, 72, 75, 74, 78, 80, 81, 79, 77, 74, 69, 73, 72, 70, 72, 71,
    77, 77, 79, 79, 76, 75, 72, 72, 69, 69, 71, 70, 72, 69, 73, 73, 73,
    72, 72, 72, 71, 71, 70, 71, 70, 72, 72, 75, 75, 71, 70, 73, 73, 74,
    74 ]
