%YAML:1.0
---
videoName: "headNod30.mp4"
gestureLabel: 202
fps: 29
pixelSizeInCmTemp: 3.2364864864864862e-01
faceCenterPointX: 271
faceCenterPointY: 72
headPositionsX: [ 270, 272, 273, 272, 273, 271, 269, 271, 272, 271, 271,
    270, 270, 271, 271, 271, 273, 271, 273, 270, 272, 273, 272, 270, 270,
    273, 274, 273, 271, 274, 274, 272, 272, 273, 273, 271, 269, 269, 269,
    272, 269, 271, 271, 269, 269, 269, 269, 271, 271, 268, 271, 268, 270,
    271, 270, 270, 272, 270, 272, 273, 273, 271, 271, 272, 271, 270, 272,
    271, 270, 268, 271, 272, 271, 273, 272, 271, 269, 270, 272, 273, 269,
    270, 270, 269, 272, 273, 271, 271, 273, 274, 274, 270, 270, 269, 270,
    270, 274, 274, 272, 271 ]
headPositionsY: [ 71, 77, 76, 73, 74, 76, 74, 76, 75, 75, 73, 76, 75, 75,
    77, 78, 78, 74, 75, 73, 75, 74, 71, 69, 68, 69, 65, 66, 66, 69, 75,
    74, 80, 80, 80, 82, 78, 78, 76, 72, 73, 69, 69, 70, 73, 76, 78, 80,
    77, 77, 77, 74, 72, 73, 69, 73, 71, 72, 73, 76, 76, 77, 76, 77, 74,
    75, 70, 67, 71, 67, 70, 70, 72, 71, 72, 74, 77, 74, 75, 70, 71, 73,
    69, 68, 71, 69, 72, 71, 72, 73, 72, 74, 73, 71, 74, 75, 74, 74, 73,
    72 ]
