%YAML:1.0
---
videoName: "headNod36.mp4"
gestureLabel: 202
fps: 29
pixelSizeInCmTemp: 2.8176470588235292e-01
faceCenterPointX: 269
faceCenterPointY: 75
headPositionsX: [ 267, 269, 271, 271, 270, 269, 269, 270, 271, 272, 270,
    270, 269, 268, 270, 268, 269, 273, 270, 270, 269, 270, 272, 269, 272,
    269, 271, 269, 271, 271, 272, 271, 269, 270, 270, 269, 270, 267, 267,
    269, 270, 268, 267, 270, 268, 272, 271, 272, 269, 271, 272, 272, 271,
    270, 270, 268, 272, 271, 269, 272, 271, 267, 271, 270, 266, 268, 269,
    269, 270, 267, 269, 268, 267, 269, 268, 266, 268, 268, 270, 268, 268,
    269, 268, 267, 268, 270, 271, 271, 272, 270, 268, 268, 268, 267, 267,
    268, 269, 271, 267, 269 ]
headPositionsY: [ 75, 72, 73, 73, 76, 75, 73, 76, 73, 76, 73, 77, 72, 76,
    76, 75, 76, 76, 74, 74, 77, 76, 77, 77, 75, 73, 68, 69, 67, 66, 66,
    65, 69, 73, 77, 84, 89, 87, 92, 88, 86, 77, 76, 72, 71, 66, 70, 69,
    67, 68, 68, 74, 76, 83, 86, 87, 87, 87, 86, 80, 78, 75, 76, 71, 72,
    71, 78, 77, 83, 81, 83, 82, 79, 79, 80, 76, 76, 75, 77, 78, 80, 83,
    85, 83, 84, 81, 79, 78, 78, 79, 75, 74, 77, 77, 73, 77, 76, 75, 74,
    73 ]
