%YAML:1.0
---
videoName: "headNod2.mp4"
gestureLabel: 202
fps: 29
pixelSizeInCmTemp: 3.2364864864864862e-01
faceCenterPointX: 263
faceCenterPointY: 70
headPositionsX: [ 263, 262, 263, 261, 262, 260, 261, 264, 264, 264, 263,
    264, 265, 265, 262, 264, 262, 262, 264, 264, 265, 265, 263, 265, 263,
    261, 265, 264, 263, 260, 263, 262, 262, 263, 260, 260, 262, 260, 260,
    261, 262, 261, 259, 264, 262, 260, 263, 261, 261, 263, 261, 264, 264,
    264, 262, 264, 265, 260, 264, 259, 264, 265, 263, 263, 264, 262, 262,
    263, 261, 261, 261, 264, 265, 261, 262, 262, 264, 264, 265, 261, 265,
    262, 261, 266, 261, 265, 261, 264, 264, 265, 263, 262, 261, 261, 261,
    266, 265, 262, 262, 263 ]
headPositionsY: [ 72, 76, 75, 78, 78, 74, 74, 74, 74, 74, 74, 78, 74, 76,
    73, 74, 75, 74, 77, 77, 76, 73, 73, 75, 75, 76, 73, 73, 74, 73, 73,
    73, 72, 74, 73, 76, 73, 73, 73, 72, 75, 72, 73, 75, 73, 75, 73, 75,
    71, 70, 72, 69, 71, 70, 73, 78, 79, 80, 78, 72, 69, 74, 71, 73, 73,
    73, 75, 70, 72, 69, 71, 70, 72, 75, 76, 77, 72, 73, 69, 69, 73, 74,
    77, 78, 74, 76, 74, 71, 70, 72, 70, 69, 73, 71, 69, 72, 71, 70, 68,
    71 ]
