%YAML:1.0
---
videoName: "headNod43.mp4"
gestureLabel: 202
fps: 29
pixelSizeInCmTemp: 2.8855421686746985e-01
faceCenterPointX: 268
faceCenterPointY: 74
headPositionsX: [ 270, 271, 269, 268, 267, 268, 269, 267, 271, 271, 269,
    270, 271, 268, 268, 267, 269, 268, 266, 267, 267, 267, 269, 266, 269,
    265, 267, 266, 268, 266, 265, 266, 266, 267, 268, 266, 267, 265, 267,
    266, 266, 265, 263, 266, 267, 265, 268, 267, 267, 264, 267, 262, 263,
    266, 266, 262, 266, 263, 262, 266, 266, 265, 264, 264, 263, 264, 265,
    267, 268, 268, 269, 266, 270, 266, 265, 264, 266, 266, 266, 267, 271,
    270, 270, 268, 271, 269, 269, 268, 269, 271, 268, 271, 268, 266, 267,
    270, 268, 269, 268, 270 ]
headPositionsY: [ 76, 79, 78, 74, 74, 76, 76, 76, 77, 73, 77, 75, 77, 73,
    78, 74, 74, 75, 76, 77, 73, 76, 76, 76, 74, 76, 79, 81, 87, 89, 91,
    88, 86, 82, 78, 77, 79, 79, 81, 87, 86, 90, 89, 87, 83, 82, 80, 80,
    84, 85, 89, 90, 89, 89, 89, 87, 81, 82, 84, 87, 85, 87, 93, 91, 91,
    88, 86, 83, 77, 79, 78, 82, 84, 88, 91, 91, 88, 87, 86, 81, 78, 74,
    72, 72, 75, 74, 73, 75, 73, 71, 73, 74, 73, 76, 71, 75, 71, 76, 73,
    74 ]
