%YAML:1.0
---
videoName: "headNod25.mp4"
gestureLabel: 202
fps: 29
pixelSizeInCmTemp: 3.1933333333333330e-01
faceCenterPointX: 270
faceCenterPointY: 75
headPositionsX: [ 268, 269, 273, 273, 270, 268, 272, 270, 270, 269, 267,
    267, 268, 269, 269, 270, 268, 271, 269, 273, 271, 271, 273, 271, 274,
    270, 272, 273, 272, 273, 273, 271, 274, 274, 272, 271, 273, 272, 272,
    272, 272, 270, 270, 274, 270, 274, 272, 271, 272, 271, 269, 271, 273,
    271, 272, 270, 270, 270, 273, 272, 270, 273, 270, 270, 270, 271, 270,
    272, 268, 269, 270, 271, 273, 271, 269, 273, 272, 270, 273, 271, 272,
    270, 270, 269, 269, 270, 273, 273, 272, 273, 271, 272, 271, 273, 271,
    272, 272, 272, 269, 272 ]
headPositionsY: [ 76, 75, 74, 75, 74, 75, 72, 74, 76, 72, 75, 73, 72, 74,
    75, 72, 73, 74, 76, 76, 73, 74, 76, 75, 72, 72, 74, 73, 73, 73, 77,
    77, 76, 73, 73, 77, 75, 73, 77, 77, 74, 75, 73, 77, 74, 75, 76, 75,
    72, 72, 72, 70, 65, 64, 66, 67, 67, 65, 69, 68, 69, 74, 78, 82, 87,
    88, 89, 85, 84, 83, 76, 76, 73, 70, 69, 70, 68, 70, 69, 73, 72, 78,
    79, 81, 83, 79, 78, 76, 79, 78, 74, 76, 73, 77, 75, 76, 77, 77, 76,
    76 ]
