%YAML:1.0
---
videoName: "headNod34.mp4"
gestureLabel: 202
fps: 29
pixelSizeInCmTemp: 2.9567901234567900e-01
faceCenterPointX: 266
faceCenterPointY: 78
headPositionsX: [ 265, 268, 270, 270, 270, 268, 271, 268, 268, 267, 271,
    268, 268, 270, 268, 271, 270, 269, 270, 269, 269, 270, 269, 269, 269,
    272, 270, 268, 272, 270, 268, 269, 268, 271, 271, 270, 270, 269, 271,
    268, 270, 271, 269, 268, 272, 268, 270, 268, 268, 269, 271, 267, 269,
    271, 269, 269, 272, 270, 272, 271, 268, 270, 270, 269, 271, 271, 270,
    268, 271, 268, 267, 266, 269, 269, 268, 269, 266, 267, 265, 265, 264,
    264, 266, 268, 264, 264, 268, 264, 265, 267, 268, 268, 264, 267, 267,
    267, 267, 267, 268, 268 ]
headPositionsY: [ 79, 77, 75, 78, 77, 74, 74, 76, 77, 74, 75, 78, 79, 78,
    78, 77, 76, 74, 79, 77, 75, 75, 77, 79, 79, 76, 74, 78, 74, 76, 77,
    77, 74, 76, 78, 78, 75, 75, 71, 73, 70, 71, 74, 72, 79, 82, 90, 88,
    84, 83, 78, 73, 76, 73, 71, 71, 76, 77, 78, 80, 81, 81, 81, 77, 80,
    80, 76, 79, 77, 79, 84, 83, 86, 85, 83, 79, 81, 79, 78, 76, 79, 83,
    81, 86, 81, 80, 80, 79, 78, 79, 80, 81, 79, 78, 80, 78, 79, 81, 80,
    81 ]
