%YAML:1.0
---
videoName: "headNod44.mp4"
gestureLabel: 202
fps: 29
pixelSizeInCmTemp: 2.9567901234567900e-01
faceCenterPointX: 268
faceCenterPointY: 78
headPositionsX: [ 266, 270, 271, 272, 269, 269, 267, 268, 269, 271, 270,
    268, 268, 268, 271, 269, 272, 269, 270, 267, 267, 270, 270, 269, 270,
    266, 270, 267, 266, 268, 270, 269, 267, 268, 268, 270, 268, 267, 267,
    268, 264, 268, 267, 266, 265, 265, 267, 267, 266, 267, 267, 269, 268,
    268, 268, 267, 267, 269, 266, 270, 268, 267, 267, 270, 266, 266, 270,
    269, 266, 270, 267, 268, 271, 267, 271, 269, 270, 271, 271, 269, 270,
    267, 270, 269, 267, 267, 267, 270, 266, 269, 267, 269, 267, 265, 269,
    270, 266, 268, 269, 266 ]
headPositionsY: [ 77, 75, 74, 72, 73, 77, 73, 75, 72, 75, 73, 72, 72, 72,
    73, 75, 73, 78, 81, 82, 87, 86, 94, 92, 95, 91, 89, 85, 79, 73, 73,
    70, 71, 72, 73, 76, 79, 83, 85, 90, 87, 84, 80, 75, 74, 74, 73, 76,
    76, 80, 85, 87, 89, 87, 85, 84, 80, 78, 75, 72, 73, 75, 81, 84, 84,
    83, 85, 82, 77, 80, 75, 75, 78, 78, 77, 84, 83, 87, 86, 86, 83, 82,
    79, 78, 80, 80, 74, 78, 76, 80, 78, 77, 78, 76, 76, 80, 78, 76, 76,
    79 ]
