%YAML:1.0
---
videoName: "headNod9.mp4"
gestureLabel: 202
fps: 29
pixelSizeInCmTemp: 3.1513157894736843e-01
faceCenterPointX: 261
faceCenterPointY: 75
headPositionsX: [ 261, 263, 263, 262, 262, 263, 258, 263, 263, 260, 258,
    260, 263, 261, 262, 262, 263, 258, 261, 261, 261, 263, 262, 259, 259,
    262, 261, 259, 260, 262, 261, 261, 262, 261, 260, 262, 260, 258, 262,
    259, 263, 260, 260, 259, 260, 262, 257, 259, 259, 258, 259, 259, 258,
    261, 262, 262, 263, 260, 259, 258, 260, 260, 262, 261, 263, 262, 261,
    259, 261, 260, 259, 258, 260, 260, 261, 259, 259, 262, 260, 260, 258,
    260, 259, 260, 258, 260, 257, 258, 259, 260, 260, 258, 259, 259, 262,
    260, 258, 261, 258, 262 ]
headPositionsY: [ 76, 73, 75, 72, 73, 76, 74, 77, 77, 75, 74, 75, 75, 73,
    73, 73, 74, 73, 76, 75, 73, 77, 76, 76, 76, 73, 73, 73, 76, 78, 79,
    79, 77, 78, 82, 78, 81, 75, 74, 72, 72, 76, 78, 81, 82, 89, 86, 84,
    81, 81, 76, 76, 79, 79, 81, 85, 85, 84, 81, 78, 74, 75, 72, 75, 78,
    80, 81, 85, 85, 82, 80, 78, 74, 73, 72, 71, 74, 76, 75, 80, 83, 82,
    80, 79, 80, 78, 74, 75, 76, 72, 75, 74, 72, 72, 77, 75, 75, 72, 76,
    72 ]
