%YAML:1.0
---
videoName: "headNod24.mp4"
gestureLabel: 202
fps: 29
pixelSizeInCmTemp: 3.1513157894736843e-01
faceCenterPointX: 272
faceCenterPointY: 72
headPositionsX: [ 274, 275, 274, 275, 272, 276, 276, 272, 275, 274, 273,
    274, 272, 275, 272, 274, 274, 275, 274, 276, 274, 275, 273, 272, 271,
    271, 272, 274, 274, 271, 274, 272, 275, 275, 271, 275, 275, 273, 273,
    275, 272, 275, 270, 275, 269, 272, 272, 271, 272, 271, 273, 273, 272,
    273, 272, 270, 273, 274, 270, 271, 270, 271, 268, 269, 271, 269, 271,
    269, 273, 270, 270, 271, 271, 269, 271, 269, 269, 270, 272, 272, 268,
    271, 272, 270, 269, 269, 268, 270, 269, 269, 270, 270, 271, 274, 272,
    272, 271, 274, 270, 273 ]
headPositionsY: [ 73, 75, 74, 72, 72, 71, 71, 73, 75, 72, 74, 74, 71, 75,
    75, 74, 74, 72, 75, 73, 72, 71, 74, 72, 71, 73, 72, 75, 75, 73, 75,
    73, 75, 73, 75, 73, 69, 70, 68, 68, 69, 72, 76, 80, 83, 80, 79, 77,
    70, 67, 65, 66, 68, 74, 76, 74, 74, 72, 70, 66, 64, 66, 64, 68, 72,
    74, 77, 76, 73, 75, 71, 69, 71, 66, 68, 69, 71, 72, 73, 75, 76, 72,
    73, 69, 71, 69, 68, 72, 72, 70, 69, 69, 72, 71, 73, 75, 75, 73, 70,
    73 ]
