%YAML:1.0
---
videoName: "headNod45.mp4"
gestureLabel: 202
fps: 30
pixelSizeInCmTemp: 3.0316455696202532e-01
faceCenterPointX: 265
faceCenterPointY: 77
headPositionsX: [ 267, 267, 268, 270, 268, 270, 268, 267, 266, 267, 267,
    268, 269, 270, 265, 267, 270, 269, 268, 265, 267, 266, 265, 270, 265,
    265, 265, 266, 268, 265, 264, 268, 264, 268, 266, 268, 267, 267, 268,
    266, 265, 264, 263, 265, 264, 264, 267, 265, 265, 267, 268, 265, 266,
    266, 267, 265, 266, 265, 268, 265, 268, 269, 263, 265, 266, 265, 268,
    265, 267, 265, 266, 267, 268, 264, 266, 267, 266, 268, 266, 263, 267,
    264, 266, 264, 265, 268, 268, 263, 265, 264, 263, 268, 267, 266, 268,
    266, 266, 266, 267, 268 ]
headPositionsY: [ 79, 73, 75, 76, 76, 75, 73, 77, 74, 74, 77, 73, 75, 75,
    75, 75, 76, 78, 77, 83, 87, 87, 93, 92, 94, 93, 90, 84, 83, 77, 74,
    73, 69, 65, 64, 66, 67, 70, 73, 80, 81, 86, 91, 91, 94, 88, 88, 86,
    79, 76, 73, 74, 75, 71, 74, 74, 76, 79, 83, 85, 86, 86, 83, 80, 75,
    73, 74, 74, 74, 75, 78, 82, 83, 85, 90, 87, 87, 83, 83, 79, 75, 74,
    74, 79, 76, 80, 78, 81, 81, 81, 77, 77, 77, 76, 80, 77, 78, 78, 77,
    76 ]
