%YAML:1.0
---
videoName: "headNod34.mp4"
gestureLabel: 202
fps: 29
pixelSizeInCmTemp: 2.9567901234567900e-01
faceCenterPointX: 266
faceCenterPointY: 78
headPositionsX: [ 264, 270, 270, 268, 271, 269, 271, 268, 270, 270, 269,
    269, 267, 267, 267, 269, 269, 271, 270, 267, 270, 270, 269, 270, 269,
    271, 269, 271, 268, 270, 272, 270, 270, 268, 269, 271, 270, 268, 268,
    268, 271, 271, 272, 268, 272, 271, 269, 267, 268, 271, 271, 270, 267,
    268, 269, 269, 272, 268, 272, 269, 269, 269, 272, 270, 270, 268, 272,
    270, 272, 267, 268, 267, 268, 267, 264, 265, 265, 265, 265, 264, 267,
    266, 263, 268, 267, 263, 264, 264, 268, 266, 264, 266, 263, 268, 264,
    268, 267, 269, 265, 265 ]
headPositionsY: [ 76, 77, 75, 76, 76, 76, 75, 74, 77, 75, 78, 75, 78, 74,
    74, 75, 79, 78, 75, 74, 78, 77, 75, 78, 75, 76, 74, 74, 75, 74, 74,
    76, 78, 76, 74, 75, 75, 76, 74, 69, 70, 69, 73, 72, 82, 82, 90, 86,
    85, 82, 80, 75, 74, 74, 73, 71, 74, 78, 80, 82, 83, 83, 81, 81, 81,
    79, 77, 78, 77, 83, 82, 85, 86, 82, 82, 79, 77, 78, 76, 80, 78, 82,
    83, 85, 82, 80, 79, 81, 81, 78, 80, 78, 77, 81, 82, 80, 79, 80, 77,
    79 ]
