%YAML:1.0
---
videoName: "headNod16.mp4"
gestureLabel: 202
fps: 29
pixelSizeInCmTemp: 3.3263888888888887e-01
faceCenterPointX: 255
faceCenterPointY: 77
headPositionsX: [ 254, 260, 257, 260, 260, 259, 259, 259, 260, 259, 258,
    257, 259, 258, 257, 258, 261, 259, 259, 260, 258, 258, 259, 257, 257,
    256, 261, 261, 260, 258, 258, 257, 261, 258, 258, 260, 259, 259, 261,
    259, 258, 259, 257, 258, 259, 258, 260, 256, 260, 259, 257, 260, 256,
    256, 257, 259, 259, 257, 259, 258, 256, 257, 258, 254, 255, 253, 256,
    254, 253, 254, 254, 255, 256, 256, 254, 253, 252, 255, 255, 257, 254,
    255, 252, 253, 258, 257, 256, 256, 257, 254, 253, 257, 253, 256, 254,
    257, 254, 254, 255, 254 ]
headPositionsY: [ 79, 76, 76, 75, 75, 76, 76, 75, 76, 74, 74, 78, 77, 73,
    74, 74, 77, 75, 75, 73, 76, 75, 77, 74, 76, 73, 74, 76, 72, 74, 77,
    73, 75, 73, 74, 74, 71, 71, 67, 66, 67, 69, 71, 73, 75, 80, 83, 80,
    83, 79, 78, 75, 70, 68, 72, 71, 70, 73, 79, 82, 84, 84, 81, 80, 80,
    77, 71, 69, 72, 69, 71, 74, 75, 81, 78, 77, 78, 77, 77, 71, 73, 67,
    69, 70, 74, 72, 76, 79, 76, 77, 75, 77, 78, 75, 77, 75, 78, 77, 75,
    79 ]
