%YAML:1.0
---
videoName: "headNod23.mp4"
gestureLabel: 202
fps: 29
pixelSizeInCmTemp: 3.1933333333333330e-01
faceCenterPointX: 273
faceCenterPointY: 75
headPositionsX: [ 272, 272, 276, 276, 276, 276, 274, 275, 274, 273, 274,
    277, 274, 275, 276, 276, 276, 275, 276, 274, 275, 277, 274, 276, 275,
    273, 272, 275, 277, 277, 273, 274, 274, 274, 275, 276, 273, 276, 274,
    273, 274, 269, 270, 271, 270, 274, 274, 272, 271, 275, 273, 273, 274,
    276, 274, 273, 273, 275, 275, 274, 276, 274, 274, 273, 275, 274, 276,
    273, 276, 273, 274, 272, 276, 273, 273, 274, 271, 272, 274, 276, 273,
    271, 273, 273, 272, 275, 273, 273, 273, 273, 273, 271, 275, 274, 271,
    276, 274, 274, 273, 271 ]
headPositionsY: [ 74, 74, 78, 76, 77, 77, 76, 78, 77, 78, 74, 74, 75, 76,
    75, 77, 79, 77, 78, 75, 78, 79, 76, 74, 75, 74, 70, 67, 64, 64, 63,
    66, 67, 64, 67, 69, 75, 77, 77, 79, 84, 81, 82, 80, 79, 73, 71, 68,
    70, 69, 67, 70, 70, 69, 73, 77, 74, 78, 79, 76, 79, 74, 73, 73, 71,
    70, 71, 71, 71, 69, 72, 74, 75, 79, 78, 78, 77, 80, 76, 75, 76, 73,
    77, 75, 75, 71, 71, 75, 72, 74, 72, 74, 74, 75, 75, 75, 78, 76, 75,
    74 ]
