%YAML:1.0
---
videoName: "headNod33.mp4"
gestureLabel: 202
fps: 29
pixelSizeInCmTemp: 2.9567901234567900e-01
faceCenterPointX: 268
faceCenterPointY: 74
headPositionsX: [ 268, 269, 267, 271, 267, 269, 269, 269, 270, 271, 272,
    269, 271, 271, 268, 269, 270, 269, 269, 272, 269, 272, 271, 269, 272,
    267, 270, 268, 268, 266, 269, 268, 268, 268, 269, 271, 270, 267, 268,
    270, 267, 267, 269, 272, 268, 271, 271, 270, 269, 266, 270, 267, 270,
    270, 269, 269, 267, 268, 267, 265, 269, 269, 267, 267, 265, 266, 266,
    266, 267, 266, 266, 267, 268, 270, 270, 267, 270, 268, 268, 269, 269,
    271, 266, 266, 266, 269, 269, 267, 267, 265, 270, 269, 265, 268, 268,
    269, 269, 269, 269, 268 ]
headPositionsY: [ 75, 73, 73, 69, 72, 69, 70, 73, 73, 71, 73, 73, 74, 69,
    73, 72, 70, 72, 72, 70, 74, 73, 72, 74, 69, 71, 69, 71, 72, 71, 74,
    74, 71, 74, 78, 76, 76, 78, 74, 71, 67, 66, 63, 66, 68, 68, 73, 76,
    76, 81, 81, 81, 81, 79, 74, 73, 69, 71, 70, 72, 67, 71, 71, 75, 74,
    76, 78, 76, 78, 75, 74, 73, 72, 69, 72, 73, 71, 74, 73, 76, 76, 78,
    78, 77, 76, 78, 76, 74, 74, 75, 74, 76, 76, 74, 77, 75, 76, 75, 74,
    73 ]
