%YAML:1.0
---
videoName: "headNod15.mp4"
gestureLabel: 202
fps: 29
pixelSizeInCmTemp: 3.1933333333333330e-01
faceCenterPointX: 255
faceCenterPointY: 74
headPositionsX: [ 256, 259, 259, 256, 259, 257, 255, 257, 256, 257, 256,
    257, 255, 259, 257, 255, 256, 258, 254, 256, 255, 254, 255, 257, 256,
    256, 255, 255, 255, 255, 256, 257, 255, 255, 253, 258, 257, 253, 257,
    254, 254, 255, 254, 254, 255, 256, 253, 253, 255, 255, 257, 256, 256,
    253, 257, 255, 254, 254, 254, 256, 252, 253, 253, 254, 253, 256, 259,
    257, 256, 255, 257, 256, 255, 254, 253, 252, 252, 251, 252, 253, 252,
    253, 256, 256, 256, 252, 256, 253, 252, 253, 255, 253, 251, 252, 256,
    253, 252, 256, 256, 255 ]
headPositionsY: [ 75, 73, 76, 72, 74, 73, 74, 75, 73, 76, 72, 75, 71, 75,
    73, 74, 74, 72, 75, 71, 76, 74, 71, 75, 75, 74, 74, 75, 72, 71, 72,
    73, 72, 74, 75, 76, 79, 79, 82, 82, 82, 83, 78, 76, 76, 70, 71, 70,
    69, 74, 78, 81, 83, 83, 81, 79, 76, 72, 73, 69, 68, 73, 73, 77, 83,
    83, 83, 79, 80, 76, 72, 70, 72, 71, 70, 73, 75, 78, 77, 74, 72, 72,
    70, 68, 69, 68, 72, 74, 72, 73, 76, 75, 73, 71, 72, 73, 71, 72, 71,
    71 ]
