%YAML:1.0
---
videoName: "headNod15.mp4"
gestureLabel: 202
fps: 29
pixelSizeInCmTemp: 3.1933333333333330e-01
faceCenterPointX: 255
faceCenterPointY: 74
headPositionsX: [ 254, 257, 256, 256, 255, 258, 259, 259, 257, 259, 256,
    258, 253, 258, 257, 257, 254, 255, 256, 256, 255, 254, 253, 255, 258,
    254, 254, 254, 255, 254, 253, 257, 256, 254, 253, 256, 255, 253, 257,
    254, 255, 253, 256, 254, 255, 253, 254, 257, 255, 254, 255, 257, 256,
    254, 256, 255, 252, 255, 257, 255, 252, 253, 256, 257, 257, 255, 258,
    257, 254, 256, 255, 256, 253, 254, 252, 251, 253, 251, 254, 255, 251,
    253, 256, 255, 255, 252, 254, 255, 252, 255, 252, 253, 252, 255, 253,
    257, 254, 255, 252, 256 ]
headPositionsY: [ 75, 74, 75, 73, 75, 72, 71, 73, 74, 75, 73, 74, 71, 74,
    75, 76, 75, 74, 73, 72, 73, 72, 74, 71, 73, 73, 74, 71, 74, 72, 74,
    73, 73, 71, 76, 75, 76, 78, 80, 81, 80, 80, 81, 78, 77, 71, 73, 72,
    70, 75, 76, 80, 84, 83, 77, 78, 76, 70, 71, 68, 72, 75, 76, 81, 83,
    83, 82, 81, 80, 74, 73, 71, 69, 71, 71, 75, 77, 79, 75, 76, 73, 71,
    69, 68, 71, 69, 70, 74, 73, 76, 76, 75, 71, 73, 74, 74, 72, 71, 75,
    74 ]
