%YAML:1.0
---
videoName: "headNod24.mp4"
gestureLabel: 202
fps: 29
pixelSizeInCmTemp: 3.1513157894736843e-01
faceCenterPointX: 272
faceCenterPointY: 72
headPositionsX: [ 273, 275, 273, 276, 276, 274, 274, 276, 274, 273, 277,
    276, 273, 274, 275, 275, 273, 272, 272, 272, 275, 275, 272, 271, 274,
    273, 272, 274, 275, 271, 274, 272, 273, 271, 271, 275, 275, 272, 274,
    274, 274, 272, 270, 272, 271, 273, 272, 273, 274, 273, 271, 272, 271,
    271, 272, 270, 272, 271, 273, 272, 271, 274, 270, 269, 269, 271, 273,
    269, 273, 271, 273, 272, 273, 272, 271, 271, 270, 271, 271, 271, 272,
    269, 271, 271, 271, 270, 268, 269, 272, 269, 271, 270, 273, 274, 272,
    274, 271, 273, 270, 272 ]
headPositionsY: [ 72, 71, 71, 72, 71, 73, 75, 72, 72, 71, 73, 75, 74, 72,
    71, 73, 74, 75, 73, 74, 74, 74, 75, 74, 74, 73, 75, 76, 74, 72, 75,
    76, 72, 75, 72, 72, 72, 69, 69, 69, 70, 74, 74, 81, 82, 80, 80, 77,
    69, 67, 66, 68, 68, 74, 73, 74, 75, 75, 70, 66, 67, 69, 64, 67, 71,
    73, 74, 77, 76, 75, 73, 68, 67, 66, 69, 70, 71, 76, 75, 76, 72, 73,
    73, 71, 71, 69, 72, 69, 70, 73, 72, 71, 75, 72, 72, 74, 73, 74, 72,
    70 ]
