%YAML:1.0
---
videoName: "headNod16.mp4"
gestureLabel: 202
fps: 29
pixelSizeInCmTemp: 3.3263888888888887e-01
faceCenterPointX: 255
faceCenterPointY: 77
headPositionsX: [ 254, 260, 258, 257, 258, 257, 257, 260, 256, 260, 262,
    260, 259, 257, 260, 261, 258, 258, 261, 259, 260, 259, 259, 260, 257,
    256, 258, 260, 259, 261, 260, 257, 261, 259, 260, 258, 260, 260, 262,
    260, 259, 257, 259, 260, 259, 260, 261, 259, 258, 259, 257, 256, 259,
    257, 260, 257, 255, 260, 256, 256, 256, 256, 258, 256, 254, 256, 254,
    257, 257, 257, 257, 255, 256, 256, 253, 252, 256, 254, 257, 255, 257,
    254, 252, 254, 258, 256, 253, 253, 254, 257, 253, 255, 254, 256, 255,
    254, 256, 256, 256, 254 ]
headPositionsY: [ 75, 73, 73, 73, 77, 76, 77, 72, 77, 74, 76, 75, 77, 72,
    73, 72, 73, 74, 75, 72, 76, 76, 75, 73, 77, 75, 74, 76, 74, 77, 77,
    75, 76, 74, 74, 75, 72, 70, 70, 68, 70, 68, 70, 72, 79, 80, 83, 80,
    79, 81, 76, 76, 68, 71, 70, 68, 72, 74, 75, 80, 81, 84, 82, 81, 79,
    74, 75, 70, 68, 71, 73, 75, 74, 78, 79, 77, 82, 76, 73, 72, 72, 69,
    70, 69, 73, 75, 75, 76, 76, 78, 75, 77, 76, 78, 76, 74, 76, 78, 77,
    75 ]
