%YAML:1.0
---
videoName: "headNod33.mp4"
gestureLabel: 202
fps: 29
pixelSizeInCmTemp: 2.9567901234567900e-01
faceCenterPointX: 268
faceCenterPointY: 74
headPositionsX: [ 266, 269, 268, 270, 268, 269, 268, 270, 272, 272, 268,
    270, 272, 269, 269, 273, 273, 273, 272, 270, 271, 271, 271, 269, 272,
    270, 269, 270, 270, 269, 269, 267, 270, 269, 269, 268, 268, 267, 272,
    272, 270, 270, 268, 268, 267, 269, 268, 269, 269, 270, 267, 267, 269,
    267, 266, 269, 268, 267, 267, 267, 265, 265, 268, 268, 269, 268, 268,
    266, 267, 266, 267, 268, 267, 266, 269, 270, 268, 271, 267, 266, 270,
    269, 267, 265, 266, 265, 268, 265, 268, 269, 266, 268, 268, 270, 268,
    266, 269, 270, 266, 268 ]
headPositionsY: [ 72, 73, 70, 69, 72, 69, 72, 73, 70, 72, 71, 72, 71, 68,
    73, 73, 71, 70, 72, 68, 73, 71, 73, 71, 69, 73, 72, 74, 72, 72, 74,
    71, 74, 72, 76, 75, 78, 78, 75, 70, 68, 68, 65, 63, 64, 65, 69, 77,
    76, 81, 84, 81, 79, 75, 73, 71, 71, 72, 70, 72, 67, 70, 71, 71, 72,
    76, 74, 77, 75, 76, 75, 74, 72, 73, 71, 73, 69, 71, 74, 72, 73, 77,
    77, 78, 77, 79, 77, 77, 76, 74, 73, 77, 73, 75, 75, 78, 77, 74, 75,
    73 ]
