%YAML:1.0
---
videoName: "headNod18.mp4"
gestureLabel: 202
fps: 29
pixelSizeInCmTemp: 3.3263888888888887e-01
faceCenterPointX: 255
faceCenterPointY: 77
headPositionsX: [ 253, 259, 256, 254, 259, 258, 255, 254, 255, 254, 254,
    256, 258, 257, 256, 255, 256, 256, 256, 255, 256, 257, 252, 256, 257,
    254, 257, 256, 256, 256, 256, 257, 253, 255, 257, 254, 254, 258, 255,
    256, 257, 257, 257, 254, 253, 257, 257, 256, 256, 256, 255, 257, 254,
    253, 256, 256, 252, 252, 256, 256, 254, 252, 257, 255, 254, 256, 252,
    256, 252, 252, 255, 254, 253, 255, 255, 254, 254, 256, 254, 256, 256,
    253, 252, 254, 256, 253, 256, 255, 256, 253, 255, 255, 255, 254, 253,
    253, 254, 254, 255, 257 ]
headPositionsY: [ 77, 78, 77, 78, 80, 77, 75, 75, 76, 77, 77, 80, 76, 79,
    77, 77, 76, 77, 76, 76, 76, 80, 76, 78, 77, 77, 78, 80, 80, 79, 78,
    78, 79, 79, 79, 80, 79, 76, 79, 77, 73, 72, 74, 73, 71, 71, 73, 72,
    76, 76, 76, 78, 81, 84, 78, 80, 78, 76, 70, 73, 74, 75, 79, 79, 83,
    85, 82, 76, 77, 73, 72, 77, 78, 78, 85, 82, 81, 79, 76, 75, 74, 78,
    74, 79, 78, 81, 82, 82, 80, 79, 79, 77, 75, 78, 78, 75, 80, 78, 78,
    80 ]
