%YAML:1.0
---
videoName: "headNod36.mp4"
gestureLabel: 202
fps: 29
pixelSizeInCmTemp: 2.8176470588235292e-01
faceCenterPointX: 269
faceCenterPointY: 75
headPositionsX: [ 270, 270, 273, 271, 269, 268, 272, 271, 272, 269, 269,
    271, 269, 271, 272, 270, 271, 271, 267, 272, 269, 272, 273, 271, 269,
    271, 271, 267, 271, 272, 272, 268, 271, 269, 269, 267, 268, 269, 270,
    267, 270, 266, 270, 271, 272, 270, 271, 272, 270, 273, 269, 272, 272,
    273, 270, 269, 268, 268, 269, 269, 271, 269, 270, 267, 270, 268, 269,
    266, 267, 268, 266, 269, 268, 268, 265, 268, 270, 266, 266, 267, 268,
    269, 270, 267, 268, 268, 270, 269, 272, 269, 270, 267, 268, 270, 267,
    272, 269, 272, 270, 267 ]
headPositionsY: [ 73, 73, 75, 72, 72, 76, 74, 76, 76, 75, 73, 73, 74, 75,
    73, 75, 73, 75, 73, 74, 76, 80, 80, 77, 76, 77, 70, 66, 65, 64, 63,
    62, 72, 72, 81, 86, 86, 87, 89, 88, 87, 78, 75, 73, 73, 67, 69, 68,
    66, 68, 70, 72, 80, 81, 83, 89, 88, 85, 82, 80, 80, 75, 72, 74, 75,
    74, 75, 75, 82, 81, 85, 81, 78, 79, 77, 73, 75, 75, 78, 79, 83, 84,
    84, 82, 84, 84, 83, 80, 79, 76, 76, 75, 74, 77, 75, 75, 73, 74, 73,
    76 ]
