%YAML:1.0
---
videoName: "headNod36.mp4"
gestureLabel: 202
fps: 29
pixelSizeInCmTemp: 2.8176470588235292e-01
faceCenterPointX: 269
faceCenterPointY: 75
headPositionsX: [ 268, 268, 273, 272, 273, 269, 270, 272, 269, 269, 271,
    269, 268, 271, 268, 270, 269, 270, 268, 271, 270, 272, 270, 273, 270,
    270, 270, 267, 270, 270, 268, 271, 269, 268, 270, 267, 269, 269, 267,
    269, 270, 267, 269, 268, 268, 272, 268, 272, 271, 272, 269, 272, 271,
    270, 272, 271, 272, 271, 271, 271, 271, 267, 270, 269, 270, 269, 269,
    265, 268, 271, 266, 267, 267, 269, 268, 267, 266, 267, 266, 270, 268,
    267, 271, 267, 267, 271, 268, 271, 272, 268, 268, 269, 269, 268, 267,
    271, 268, 272, 270, 269 ]
headPositionsY: [ 74, 75, 75, 73, 72, 74, 76, 73, 77, 76, 77, 73, 76, 72,
    74, 74, 76, 78, 77, 78, 79, 78, 78, 79, 77, 77, 68, 66, 66, 62, 63,
    64, 69, 76, 81, 82, 87, 91, 89, 86, 85, 79, 77, 73, 75, 69, 69, 67,
    67, 70, 68, 72, 80, 81, 82, 89, 85, 88, 83, 84, 81, 74, 75, 75, 74,
    72, 78, 75, 81, 81, 84, 82, 78, 76, 76, 74, 74, 72, 78, 79, 81, 81,
    84, 85, 85, 83, 82, 79, 77, 75, 77, 76, 77, 74, 74, 73, 73, 74, 76,
    76 ]
