%YAML:1.0
---
videoName: "headNod14.mp4"
gestureLabel: 202
fps: 29
pixelSizeInCmTemp: 3.2808219178082193e-01
faceCenterPointX: 257
faceCenterPointY: 71
headPositionsX: [ 259, 259, 260, 260, 257, 259, 256, 261, 255, 258, 259,
    260, 259, 257, 260, 259, 258, 259, 259, 257, 261, 259, 259, 260, 256,
    261, 258, 260, 260, 258, 261, 258, 261, 259, 260, 259, 256, 260, 257,
    259, 259, 259, 260, 260, 260, 259, 258, 262, 258, 259, 258, 256, 261,
    257, 260, 258, 260, 256, 258, 259, 259, 260, 260, 257, 259, 259, 261,
    260, 258, 257, 260, 260, 256, 259, 255, 257, 255, 258, 259, 258, 257,
    258, 256, 255, 258, 256, 258, 257, 256, 255, 259, 256, 257, 254, 259,
    257, 256, 257, 256, 257 ]
headPositionsY: [ 73, 77, 74, 77, 78, 78, 78, 79, 76, 77, 76, 78, 79, 78,
    79, 77, 75, 76, 77, 76, 78, 77, 79, 79, 75, 80, 79, 77, 78, 76, 76,
    75, 80, 76, 78, 76, 78, 77, 78, 76, 75, 74, 73, 67, 68, 69, 72, 72,
    70, 71, 73, 77, 79, 80, 81, 83, 81, 82, 77, 73, 72, 70, 71, 72, 72,
    69, 74, 78, 80, 79, 79, 80, 81, 77, 73, 73, 69, 69, 67, 71, 69, 71,
    75, 76, 81, 82, 79, 75, 79, 76, 70, 70, 67, 69, 71, 71, 69, 69, 71,
    73 ]
