%YAML:1.0
---
videoName: "headNod25.mp4"
gestureLabel: 202
fps: 29
pixelSizeInCmTemp: 3.1933333333333330e-01
faceCenterPointX: 270
faceCenterPointY: 75
headPositionsX: [ 269, 269, 273, 269, 271, 272, 269, 271, 270, 270, 269,
    269, 266, 269, 269, 270, 270, 268, 271, 271, 274, 272, 272, 273, 271,
    274, 271, 270, 275, 273, 274, 270, 271, 271, 275, 273, 272, 273, 272,
    272, 272, 270, 269, 274, 272, 272, 270, 270, 270, 270, 273, 270, 271,
    274, 273, 270, 274, 272, 272, 273, 273, 269, 269, 270, 272, 271, 268,
    268, 268, 272, 270, 272, 272, 270, 271, 269, 268, 273, 273, 272, 273,
    271, 271, 272, 270, 268, 269, 271, 271, 272, 269, 272, 272, 272, 272,
    272, 271, 272, 270, 268 ]
headPositionsY: [ 75, 71, 74, 73, 75, 72, 74, 76, 73, 75, 73, 76, 76, 74,
    72, 73, 74, 72, 76, 77, 77, 75, 73, 77, 72, 76, 73, 72, 76, 76, 75,
    74, 75, 75, 73, 74, 74, 73, 76, 73, 75, 77, 72, 78, 73, 78, 74, 73,
    72, 73, 68, 69, 66, 63, 62, 64, 66, 65, 70, 69, 69, 75, 79, 84, 86,
    89, 88, 85, 84, 79, 79, 75, 71, 70, 70, 66, 70, 68, 72, 69, 75, 75,
    78, 82, 81, 81, 79, 80, 78, 75, 77, 75, 73, 74, 75, 74, 74, 73, 74,
    75 ]
