%YAML:1.0
---
videoName: "headNod46.mp4"
gestureLabel: 202
fps: 30
pixelSizeInCmTemp: 2.8511904761904761e-01
faceCenterPointX: 264
faceCenterPointY: 72
headPositionsX: [ 262, 265, 266, 265, 262, 264, 262, 263, 267, 265, 266,
    262, 263, 266, 266, 267, 264, 265, 262, 266, 264, 265, 264, 265, 265,
    268, 265, 265, 269, 266, 264, 266, 264, 264, 261, 263, 261, 262, 260,
    260, 260, 261, 264, 262, 261, 261, 262, 260, 263, 260, 264, 261, 263,
    264, 265, 264, 266, 263, 262, 263, 261, 264, 265, 262, 262, 262, 264,
    262, 265, 263, 264, 266, 263, 265, 265, 261, 264, 263, 266, 263, 266,
    264, 266, 265, 265, 262, 263, 264, 260, 261, 265, 265, 262, 264, 262,
    261, 263, 265, 265, 266 ]
headPositionsY: [ 72, 66, 69, 68, 67, 67, 70, 73, 72, 72, 76, 80, 79, 84,
    86, 89, 87, 87, 88, 84, 80, 76, 76, 70, 72, 72, 70, 69, 70, 77, 79,
    85, 89, 88, 89, 82, 80, 75, 74, 69, 70, 68, 67, 69, 73, 76, 81, 84,
    84, 82, 83, 80, 76, 72, 70, 66, 67, 66, 69, 72, 71, 78, 78, 79, 74,
    75, 73, 68, 71, 70, 68, 68, 71, 76, 77, 72, 74, 71, 72, 69, 72, 71,
    73, 70, 74, 74, 77, 76, 76, 73, 73, 73, 73, 73, 69, 73, 74, 72, 72,
    70 ]
