%YAML:1.0
---
videoName: "headNod29.mp4"
gestureLabel: 202
fps: 29
pixelSizeInCmTemp: 3.1933333333333330e-01
faceCenterPointX: 271
faceCenterPointY: 70
headPositionsX: [ 272, 272, 276, 271, 272, 275, 271, 273, 272, 273, 275,
    271, 272, 274, 271, 270, 271, 271, 271, 273, 274, 274, 272, 273, 274,
    272, 273, 274, 269, 273, 271, 271, 273, 273, 271, 272, 269, 272, 273,
    269, 273, 272, 268, 271, 271, 270, 273, 272, 269, 272, 270, 271, 270,
    270, 272, 272, 270, 269, 272, 269, 268, 269, 270, 270, 272, 269, 269,
    270, 267, 268, 270, 272, 269, 273, 269, 270, 273, 272, 273, 272, 273,
    272, 273, 270, 270, 272, 270, 270, 272, 269, 273, 273, 271, 271, 268,
    273, 272, 273, 268, 274 ]
headPositionsY: [ 70, 72, 74, 73, 74, 77, 79, 76, 80, 80, 82, 79, 75, 75,
    70, 69, 71, 65, 65, 67, 65, 66, 69, 71, 73, 76, 78, 82, 77, 79, 81,
    75, 78, 71, 71, 71, 71, 68, 72, 71, 73, 77, 77, 78, 80, 78, 77, 77,
    72, 71, 75, 75, 78, 81, 81, 84, 83, 81, 79, 77, 74, 74, 74, 77, 79,
    79, 80, 80, 76, 73, 73, 69, 71, 72, 70, 72, 70, 75, 75, 78, 78, 73,
    72, 71, 74, 73, 70, 72, 72, 70, 71, 68, 68, 69, 69, 68, 71, 70, 68,
    70 ]
