%YAML:1.0
---
videoName: "headNod8.mp4"
gestureLabel: 202
fps: 29
pixelSizeInCmTemp: 3.1933333333333330e-01
faceCenterPointX: 262
faceCenterPointY: 74
headPositionsX: [ 263, 264, 259, 261, 263, 262, 260, 259, 263, 261, 263,
    262, 264, 260, 260, 263, 259, 262, 259, 260, 261, 263, 264, 260, 262,
    259, 259, 262, 263, 263, 263, 260, 264, 262, 262, 263, 261, 263, 261,
    261, 262, 262, 261, 261, 263, 263, 261, 262, 260, 263, 263, 261, 262,
    262, 262, 262, 261, 257, 263, 259, 261, 260, 259, 263, 262, 263, 261,
    262, 261, 260, 263, 261, 263, 259, 262, 259, 262, 258, 260, 259, 259,
    261, 265, 263, 261, 263, 262, 261, 264, 263, 264, 264, 260, 262, 260,
    262, 264, 265, 260, 261 ]
headPositionsY: [ 73, 76, 75, 78, 75, 76, 75, 76, 77, 75, 74, 75, 78, 75,
    75, 77, 78, 75, 78, 74, 74, 78, 75, 78, 75, 74, 78, 76, 75, 76, 75,
    75, 77, 79, 77, 76, 74, 78, 76, 73, 70, 72, 70, 67, 67, 69, 66, 69,
    69, 75, 79, 82, 85, 85, 80, 81, 77, 73, 74, 68, 68, 69, 71, 73, 76,
    81, 81, 86, 81, 81, 77, 75, 73, 71, 72, 70, 72, 77, 80, 82, 82, 82,
    81, 78, 77, 74, 71, 72, 73, 74, 73, 75, 75, 77, 76, 81, 80, 77, 78,
    73 ]
