%YAML:1.0
---
videoName: "headNod6.mp4"
gestureLabel: 202
fps: 29
pixelSizeInCmTemp: 3.1513157894736843e-01
faceCenterPointX: 262
faceCenterPointY: 73
headPositionsX: [ 261, 260, 261, 261, 264, 262, 264, 261, 264, 263, 264,
    260, 261, 263, 260, 265, 261, 263, 262, 262, 261, 264, 261, 264, 265,
    261, 264, 263, 261, 260, 260, 261, 264, 264, 263, 263, 264, 261, 261,
    262, 263, 265, 263, 263, 263, 261, 260, 260, 260, 259, 261, 259, 260,
    263, 264, 262, 261, 258, 259, 258, 260, 262, 258, 261, 260, 260, 259,
    262, 262, 260, 260, 261, 262, 261, 259, 262, 261, 261, 263, 260, 260,
    264, 260, 260, 263, 260, 262, 260, 261, 263, 261, 263, 264, 262, 263,
    259, 261, 261, 260, 260 ]
headPositionsY: [ 71, 75, 73, 74, 72, 74, 73, 76, 74, 75, 75, 75, 73, 74,
    75, 74, 76, 73, 74, 73, 73, 75, 73, 72, 72, 76, 76, 73, 75, 76, 75,
    73, 69, 71, 67, 66, 64, 66, 66, 68, 70, 78, 79, 82, 85, 80, 79, 75,
    67, 70, 65, 68, 71, 77, 81, 83, 84, 83, 80, 71, 68, 70, 69, 71, 70,
    73, 78, 80, 85, 82, 80, 74, 74, 67, 64, 64, 65, 67, 71, 76, 81, 83,
    86, 84, 79, 77, 75, 72, 71, 71, 71, 67, 71, 73, 72, 74, 71, 71, 72,
    70 ]
