%YAML:1.0
---
videoName: "headNod9.mp4"
gestureLabel: 202
fps: 29
pixelSizeInCmTemp: 3.1513157894736843e-01
faceCenterPointX: 261
faceCenterPointY: 75
headPositionsX: [ 259, 262, 262, 259, 261, 262, 260, 262, 263, 259, 262,
    259, 259, 259, 261, 260, 259, 259, 261, 258, 262, 263, 261, 258, 260,
    258, 260, 261, 259, 263, 262, 262, 260, 262, 261, 261, 259, 259, 262,
    262, 263, 262, 260, 262, 259, 259, 259, 259, 262, 259, 258, 262, 259,
    259, 260, 259, 262, 262, 259, 258, 262, 262, 258, 260, 259, 258, 262,
    260, 260, 259, 259, 257, 260, 257, 259, 258, 261, 259, 258, 257, 259,
    260, 258, 260, 258, 260, 258, 258, 257, 260, 258, 257, 258, 260, 258,
    258, 257, 259, 258, 260 ]
headPositionsY: [ 74, 75, 75, 74, 76, 75, 75, 77, 77, 76, 73, 77, 77, 75,
    77, 77, 73, 76, 75, 73, 74, 77, 74, 75, 77, 77, 77, 76, 73, 77, 79,
    76, 78, 78, 83, 78, 81, 76, 76, 74, 74, 72, 77, 82, 82, 89, 88, 82,
    82, 80, 75, 78, 76, 76, 81, 85, 86, 85, 80, 80, 73, 75, 72, 75, 75,
    79, 80, 84, 84, 80, 81, 78, 72, 72, 72, 70, 73, 74, 79, 79, 82, 85,
    84, 83, 78, 77, 77, 77, 72, 73, 74, 70, 72, 73, 77, 75, 76, 75, 73,
    74 ]
