%YAML:1.0
---
videoName: "headNod29.mp4"
gestureLabel: 202
fps: 29
pixelSizeInCmTemp: 3.1933333333333330e-01
faceCenterPointX: 271
faceCenterPointY: 70
headPositionsX: [ 273, 274, 272, 273, 272, 272, 272, 275, 276, 273, 273,
    271, 271, 272, 273, 274, 270, 272, 273, 272, 271, 272, 270, 273, 272,
    274, 273, 274, 271, 270, 272, 269, 272, 270, 271, 273, 268, 268, 273,
    269, 271, 272, 271, 271, 271, 272, 272, 273, 273, 269, 269, 271, 274,
    269, 270, 271, 272, 272, 270, 270, 269, 270, 271, 271, 270, 269, 270,
    271, 269, 270, 269, 269, 271, 272, 271, 271, 272, 273, 273, 271, 273,
    273, 269, 269, 272, 273, 271, 270, 272, 270, 269, 269, 271, 272, 271,
    272, 273, 270, 269, 274 ]
headPositionsY: [ 68, 72, 71, 72, 72, 75, 77, 76, 80, 82, 81, 81, 77, 75,
    72, 69, 67, 69, 65, 65, 67, 70, 67, 69, 72, 77, 78, 79, 77, 81, 79,
    77, 76, 75, 72, 72, 69, 69, 72, 74, 77, 79, 80, 78, 78, 77, 79, 76,
    75, 75, 73, 73, 74, 81, 83, 81, 81, 81, 79, 73, 75, 74, 75, 75, 76,
    75, 80, 80, 73, 76, 74, 69, 72, 71, 68, 73, 74, 75, 77, 78, 77, 73,
    74, 74, 74, 71, 72, 69, 72, 70, 70, 70, 68, 71, 70, 72, 70, 71, 69,
    70 ]
