%YAML:1.0
---
videoName: "headNod6.mp4"
gestureLabel: 202
fps: 29
pixelSizeInCmTemp: 3.1513157894736843e-01
faceCenterPointX: 262
faceCenterPointY: 73
headPositionsX: [ 264, 264, 260, 260, 264, 261, 260, 263, 264, 263, 261,
    263, 260, 264, 262, 263, 265, 262, 264, 260, 265, 262, 261, 262, 262,
    260, 262, 260, 263, 261, 260, 262, 260, 263, 260, 264, 261, 264, 262,
    265, 265, 264, 263, 263, 263, 263, 260, 263, 261, 260, 263, 263, 259,
    261, 262, 260, 259, 261, 260, 258, 258, 259, 258, 259, 259, 259, 258,
    261, 262, 260, 263, 258, 260, 262, 260, 260, 260, 259, 261, 259, 261,
    264, 263, 264, 262, 259, 259, 264, 260, 262, 263, 259, 261, 262, 262,
    260, 263, 261, 262, 260 ]
headPositionsY: [ 73, 72, 74, 73, 72, 71, 75, 74, 73, 76, 72, 76, 72, 72,
    76, 74, 72, 75, 72, 73, 72, 75, 73, 76, 72, 75, 73, 73, 74, 75, 76,
    74, 73, 70, 69, 67, 64, 65, 65, 68, 71, 77, 79, 83, 84, 83, 75, 71,
    71, 69, 65, 70, 72, 77, 78, 83, 81, 79, 78, 73, 72, 71, 66, 71, 71,
    74, 76, 80, 82, 80, 78, 76, 73, 68, 66, 68, 65, 65, 73, 76, 79, 83,
    86, 84, 83, 79, 77, 75, 71, 68, 68, 70, 71, 72, 70, 72, 74, 74, 74,
    74 ]
