%YAML:1.0
---
videoName: "headNod37.mp4"
gestureLabel: 202
fps: 29
pixelSizeInCmTemp: 2.9207317073170730e-01
faceCenterPointX: 269
faceCenterPointY: 78
headPositionsX: [ 271, 272, 271, 270, 270, 270, 270, 269, 269, 267, 270,
    272, 272, 268, 271, 268, 269, 271, 270, 268, 270, 267, 270, 269, 270,
    270, 271, 272, 268, 272, 271, 272, 270, 269, 271, 271, 269, 272, 269,
    268, 272, 269, 271, 271, 271, 267, 269, 268, 269, 271, 270, 268, 270,
    270, 270, 269, 270, 267, 269, 267, 270, 269, 270, 268, 268, 266, 265,
    268, 264, 268, 266, 265, 267, 268, 268, 271, 267, 271, 271, 270, 269,
    269, 271, 270, 270, 272, 269, 270, 269, 269, 269, 269, 271, 267, 270,
    271, 268, 267, 271, 269 ]
headPositionsY: [ 78, 75, 73, 74, 74, 77, 75, 76, 75, 73, 76, 78, 76, 73,
    74, 77, 74, 77, 73, 77, 74, 77, 76, 75, 74, 77, 73, 78, 77, 75, 74,
    77, 77, 79, 78, 75, 77, 78, 74, 75, 74, 75, 76, 76, 74, 74, 78, 78,
    76, 75, 75, 74, 74, 70, 65, 67, 63, 67, 67, 69, 69, 72, 79, 84, 86,
    89, 86, 85, 82, 80, 75, 71, 68, 67, 68, 68, 66, 64, 66, 70, 74, 74,
    80, 81, 81, 80, 81, 82, 82, 82, 80, 79, 79, 78, 76, 77, 78, 76, 79,
    76 ]
