%YAML:1.0
---
videoName: "headNod32.mp4"
gestureLabel: 202
fps: 29
pixelSizeInCmTemp: 2.8855421686746985e-01
faceCenterPointX: 266
faceCenterPointY: 74
headPositionsX: [ 266, 271, 266, 269, 267, 266, 264, 266, 267, 268, 265,
    266, 267, 264, 266, 263, 266, 265, 265, 266, 268, 264, 268, 264, 265,
    269, 267, 268, 264, 264, 266, 265, 267, 269, 268, 267, 265, 269, 270,
    266, 270, 267, 267, 269, 269, 267, 268, 268, 267, 267, 265, 267, 267,
    269, 267, 266, 268, 266, 265, 268, 268, 265, 269, 268, 267, 266, 270,
    265, 266, 267, 268, 266, 268, 268, 265, 268, 266, 264, 268, 265, 266,
    265, 264, 267, 266, 267, 269, 268, 268, 269, 267, 266, 267, 266, 268,
    264, 265, 266, 266, 264 ]
headPositionsY: [ 74, 77, 78, 77, 77, 78, 77, 78, 78, 79, 79, 80, 79, 78,
    79, 76, 75, 76, 75, 75, 77, 78, 78, 76, 78, 76, 80, 75, 79, 78, 79,
    76, 76, 78, 78, 75, 76, 76, 77, 79, 75, 77, 79, 79, 77, 77, 78, 79,
    79, 77, 76, 79, 78, 78, 76, 74, 74, 77, 76, 75, 70, 68, 64, 64, 63,
    68, 70, 71, 77, 83, 85, 87, 86, 88, 85, 82, 76, 76, 72, 72, 70, 70,
    70, 73, 69, 76, 73, 76, 74, 74, 77, 73, 77, 72, 76, 76, 73, 76, 75,
    72 ]
