%YAML:1.0
---
videoName: "headNod30.mp4"
gestureLabel: 202
fps: 29
pixelSizeInCmTemp: 3.2364864864864862e-01
faceCenterPointX: 271
faceCenterPointY: 72
headPositionsX: [ 273, 270, 270, 273, 273, 269, 269, 274, 274, 270, 273,
    271, 271, 274, 272, 272, 273, 270, 272, 271, 271, 272, 270, 270, 274,
    270, 271, 274, 271, 272, 273, 271, 272, 272, 273, 270, 273, 269, 272,
    268, 268, 271, 271, 269, 268, 268, 268, 270, 271, 272, 267, 272, 271,
    268, 272, 269, 269, 269, 269, 273, 273, 272, 270, 273, 269, 271, 272,
    272, 269, 270, 272, 271, 272, 273, 273, 271, 272, 272, 272, 272, 272,
    272, 272, 269, 271, 270, 271, 269, 271, 274, 272, 274, 270, 273, 270,
    274, 270, 271, 270, 273 ]
headPositionsY: [ 73, 75, 74, 74, 74, 73, 75, 78, 73, 76, 76, 75, 76, 76,
    75, 76, 76, 77, 77, 77, 73, 75, 72, 70, 70, 66, 66, 67, 67, 70, 73,
    75, 76, 82, 83, 81, 80, 78, 76, 74, 70, 73, 69, 74, 72, 77, 76, 81,
    80, 80, 77, 77, 72, 73, 69, 73, 73, 72, 75, 74, 77, 75, 74, 75, 75,
    73, 70, 67, 71, 70, 68, 70, 69, 74, 72, 73, 75, 75, 76, 73, 70, 73,
    70, 69, 72, 69, 73, 70, 74, 72, 72, 75, 75, 73, 73, 71, 75, 73, 74,
    71 ]
