%YAML:1.0
---
videoName: "headNod10.mp4"
gestureLabel: 202
fps: 29
pixelSizeInCmTemp: 3.2808219178082193e-01
faceCenterPointX: 260
faceCenterPointY: 67
headPositionsX: [ 261, 260, 261, 256, 260, 260, 259, 260, 257, 256, 257,
    258, 258, 260, 259, 258, 257, 259, 261, 256, 258, 257, 257, 259, 261,
    260, 258, 260, 259, 258, 258, 258, 260, 260, 259, 260, 260, 257, 261,
    260, 258, 259, 261, 261, 262, 261, 259, 258, 263, 263, 262, 259, 261,
    260, 261, 261, 259, 258, 258, 262, 259, 262, 262, 259, 261, 260, 258,
    260, 259, 258, 257, 260, 257, 256, 259, 258, 256, 261, 257, 259, 258,
    258, 258, 259, 258, 257, 258, 261, 258, 257, 258, 260, 260, 260, 261,
    262, 258, 261, 261, 259 ]
headPositionsY: [ 67, 69, 68, 68, 69, 72, 68, 68, 72, 71, 72, 72, 71, 72,
    70, 68, 72, 72, 69, 71, 72, 71, 69, 69, 71, 69, 70, 68, 68, 69, 69,
    68, 70, 72, 72, 73, 72, 69, 70, 70, 70, 73, 71, 68, 70, 68, 66, 62,
    60, 64, 66, 66, 69, 71, 73, 76, 73, 70, 68, 66, 63, 62, 63, 65, 67,
    67, 69, 74, 78, 76, 73, 72, 72, 67, 63, 66, 66, 69, 71, 74, 75, 77,
    76, 76, 69, 69, 68, 69, 69, 65, 66, 68, 67, 64, 65, 65, 65, 70, 67,
    66 ]
