%YAML:1.0
---
videoName: "headNod18.mp4"
gestureLabel: 202
fps: 29
pixelSizeInCmTemp: 3.3263888888888887e-01
faceCenterPointX: 255
faceCenterPointY: 77
headPositionsX: [ 253, 256, 256, 258, 256, 257, 258, 257, 259, 256, 258,
    257, 256, 257, 253, 256, 255, 257, 254, 253, 254, 257, 255, 253, 255,
    257, 257, 257, 255, 253, 254, 254, 256, 256, 257, 254, 254, 256, 253,
    257, 254, 255, 254, 253, 254, 257, 257, 253, 255, 253, 252, 254, 254,
    255, 255, 254, 253, 253, 254, 255, 253, 255, 256, 251, 253, 253, 252,
    255, 256, 256, 256, 256, 254, 254, 253, 253, 254, 255, 255, 253, 255,
    257, 255, 252, 252, 254, 257, 256, 256, 255, 254, 253, 252, 256, 255,
    254, 254, 254, 257, 257 ]
headPositionsY: [ 78, 80, 75, 78, 79, 77, 75, 77, 77, 79, 76, 77, 79, 77,
    76, 76, 77, 77, 76, 80, 79, 78, 78, 81, 80, 80, 77, 76, 80, 77, 77,
    77, 78, 76, 80, 80, 76, 76, 75, 75, 76, 76, 70, 70, 71, 74, 72, 73,
    73, 77, 75, 77, 78, 83, 80, 82, 76, 72, 71, 73, 73, 76, 77, 81, 80,
    85, 81, 76, 74, 74, 75, 77, 76, 81, 84, 81, 80, 78, 76, 75, 74, 77,
    75, 78, 79, 81, 81, 82, 80, 80, 77, 75, 77, 77, 79, 79, 79, 79, 75,
    79 ]
