%YAML:1.0
---
videoName: "headNod29.mp4"
gestureLabel: 202
fps: 29
pixelSizeInCmTemp: 3.1933333333333330e-01
faceCenterPointX: 271
faceCenterPointY: 70
headPositionsX: [ 270, 271, 273, 274, 272, 273, 273, 275, 276, 272, 273,
    272, 275, 271, 274, 270, 274, 269, 274, 274, 273, 271, 274, 273, 271,
    274, 270, 270, 271, 273, 270, 272, 269, 271, 269, 272, 272, 268, 272,
    269, 272, 270, 268, 272, 273, 269, 269, 273, 269, 270, 271, 270, 273,
    269, 272, 271, 272, 273, 269, 270, 269, 268, 268, 270, 268, 270, 270,
    269, 271, 271, 268, 271, 273, 271, 271, 269, 273, 271, 271, 270, 271,
    272, 270, 272, 272, 272, 270, 270, 271, 271, 271, 270, 270, 270, 268,
    270, 269, 271, 270, 273 ]
headPositionsY: [ 71, 75, 73, 71, 74, 75, 77, 80, 79, 82, 80, 81, 75, 75,
    70, 71, 69, 67, 67, 67, 65, 68, 67, 69, 72, 74, 77, 81, 78, 78, 80,
    77, 78, 71, 70, 73, 70, 68, 71, 75, 77, 75, 78, 81, 77, 81, 78, 73,
    76, 71, 73, 72, 76, 78, 79, 82, 83, 81, 78, 75, 76, 73, 75, 78, 75,
    78, 81, 76, 74, 73, 71, 71, 69, 70, 68, 69, 71, 73, 75, 77, 77, 74,
    76, 72, 71, 69, 73, 71, 70, 67, 69, 71, 70, 73, 68, 69, 68, 70, 70,
    70 ]
