%YAML:1.0
---
videoName: "headNod26.mp4"
gestureLabel: 202
fps: 29
pixelSizeInCmTemp: 3.1513157894736843e-01
faceCenterPointX: 271
faceCenterPointY: 78
headPositionsX: [ 269, 270, 270, 271, 271, 274, 270, 269, 274, 270, 272,
    275, 271, 274, 275, 271, 271, 271, 275, 272, 270, 273, 274, 271, 272,
    273, 270, 273, 270, 270, 272, 269, 271, 269, 273, 271, 269, 272, 269,
    271, 270, 271, 272, 274, 274, 272, 271, 270, 272, 272, 273, 274, 270,
    274, 270, 271, 273, 271, 274, 272, 271, 270, 273, 270, 271, 272, 271,
    271, 273, 272, 273, 274, 270, 269, 273, 270, 272, 269, 268, 269, 268,
    271, 270, 268, 270, 273, 268, 272, 271, 273, 273, 272, 269, 269, 271,
    268, 269, 272, 273, 272 ]
headPositionsY: [ 80, 73, 76, 73, 75, 70, 73, 71, 68, 69, 66, 66, 66, 66,
    66, 66, 71, 72, 74, 75, 77, 84, 84, 86, 82, 81, 80, 76, 70, 72, 71,
    68, 70, 68, 72, 69, 71, 77, 76, 80, 77, 80, 80, 74, 74, 72, 68, 68,
    67, 70, 71, 69, 71, 75, 73, 76, 76, 74, 76, 70, 70, 67, 65, 66, 67,
    71, 69, 70, 71, 72, 75, 74, 76, 78, 74, 76, 71, 68, 70, 70, 68, 71,
    68, 71, 70, 73, 76, 78, 77, 79, 80, 78, 79, 81, 77, 78, 77, 76, 79,
    80 ]
