%YAML:1.0
---
videoName: "headNod38.mp4"
gestureLabel: 202
fps: 29
pixelSizeInCmTemp: 2.9937500000000000e-01
faceCenterPointX: 267
faceCenterPointY: 73
headPositionsX: [ 268, 266, 266, 264, 265, 266, 268, 267, 266, 265, 267,
    264, 267, 267, 267, 266, 265, 265, 267, 265, 268, 267, 268, 267, 265,
    265, 265, 264, 264, 262, 267, 265, 266, 263, 267, 265, 266, 265, 265,
    266, 267, 266, 268, 266, 268, 265, 268, 268, 267, 269, 270, 267, 266,
    267, 268, 270, 270, 270, 266, 270, 266, 268, 269, 270, 270, 268, 266,
    269, 267, 270, 271, 271, 266, 270, 267, 268, 266, 270, 270, 267, 267,
    270, 268, 267, 266, 268, 269, 267, 268, 269, 269, 269, 269, 267, 268,
    268, 266, 269, 266, 269 ]
headPositionsY: [ 72, 75, 72, 74, 76, 82, 84, 87, 87, 81, 81, 78, 76, 77,
    80, 80, 84, 87, 88, 86, 80, 77, 76, 73, 76, 79, 80, 85, 88, 86, 87,
    88, 80, 79, 77, 75, 75, 73, 77, 78, 84, 87, 86, 90, 85, 84, 78, 75,
    75, 71, 71, 72, 73, 73, 81, 81, 84, 88, 83, 82, 82, 80, 77, 74, 76,
    75, 72, 75, 72, 76, 77, 82, 85, 85, 86, 82, 85, 81, 78, 75, 74, 74,
    74, 73, 74, 72, 73, 73, 73, 71, 71, 72, 71, 73, 73, 74, 72, 71, 73,
    74 ]
