%YAML:1.0
---
videoName: "headNod13.mp4"
gestureLabel: 202
fps: 29
pixelSizeInCmTemp: 3.2364864864864862e-01
faceCenterPointX: 253
faceCenterPointY: 79
headPositionsX: [ 251, 253, 251, 254, 252, 253, 253, 251, 252, 255, 253,
    256, 253, 255, 256, 255, 254, 253, 254, 255, 257, 252, 253, 252, 256,
    255, 256, 252, 253, 254, 255, 256, 252, 255, 256, 253, 254, 252, 253,
    251, 251, 255, 253, 253, 252, 252, 252, 254, 252, 254, 251, 255, 256,
    254, 256, 255, 255, 251, 256, 251, 254, 252, 252, 255, 254, 254, 255,
    256, 256, 253, 255, 255, 255, 255, 255, 253, 256, 254, 255, 253, 256,
    253, 257, 255, 254, 257, 257, 256, 254, 254, 254, 253, 254, 255, 252,
    251, 251, 251, 252, 253 ]
headPositionsY: [ 78, 72, 74, 75, 75, 74, 75, 74, 73, 73, 71, 72, 73, 71,
    75, 74, 74, 72, 76, 76, 72, 73, 73, 75, 72, 75, 75, 74, 75, 75, 72,
    74, 73, 75, 73, 73, 76, 75, 75, 71, 75, 72, 73, 73, 75, 76, 74, 76,
    73, 73, 70, 71, 68, 69, 66, 69, 72, 75, 77, 74, 79, 77, 75, 74, 71,
    71, 71, 68, 69, 70, 74, 74, 76, 77, 76, 79, 81, 76, 75, 74, 74, 70,
    72, 71, 74, 76, 75, 76, 78, 82, 78, 77, 81, 82, 76, 81, 80, 79, 80,
    80 ]
