%YAML:1.0
---
videoName: "headNod34.mp4"
gestureLabel: 202
fps: 29
pixelSizeInCmTemp: 2.9567901234567900e-01
faceCenterPointX: 266
faceCenterPointY: 78
headPositionsX: [ 265, 268, 271, 267, 269, 270, 268, 267, 269, 269, 270,
    268, 269, 267, 271, 271, 268, 270, 271, 270, 270, 271, 270, 270, 269,
    272, 269, 271, 272, 268, 270, 268, 270, 270, 269, 269, 267, 269, 270,
    270, 268, 269, 269, 271, 269, 268, 270, 271, 269, 271, 270, 267, 267,
    268, 267, 271, 270, 271, 272, 270, 269, 269, 269, 269, 272, 268, 268,
    270, 271, 269, 267, 270, 268, 266, 264, 267, 268, 266, 267, 266, 265,
    268, 266, 265, 267, 265, 264, 264, 265, 267, 265, 268, 265, 266, 264,
    264, 266, 265, 265, 266 ]
headPositionsY: [ 77, 75, 75, 77, 79, 77, 74, 77, 76, 75, 76, 76, 78, 74,
    76, 78, 79, 76, 76, 77, 78, 74, 75, 75, 76, 77, 78, 76, 74, 74, 77,
    78, 75, 75, 77, 78, 78, 74, 73, 72, 73, 70, 72, 72, 81, 86, 91, 86,
    85, 82, 81, 77, 76, 71, 71, 71, 72, 77, 81, 81, 84, 81, 78, 79, 80,
    78, 77, 79, 81, 83, 83, 83, 83, 84, 84, 82, 77, 78, 79, 80, 77, 83,
    84, 83, 82, 83, 83, 81, 79, 78, 78, 80, 79, 80, 79, 78, 81, 82, 81,
    82 ]
