%YAML:1.0
---
videoName: "headNod0.mp4"
gestureLabel: 202
fps: 29
pixelSizeInCmTemp: 3.2364864864864862e-01
faceCenterPointX: 264
faceCenterPointY: 76
headPositionsX: [ 262, 266, 266, 269, 267, 269, 269, 267, 265, 268, 265,
    268, 265, 266, 266, 264, 264, 263, 267, 263, 266, 264, 265, 267, 263,
    266, 265, 266, 264, 267, 264, 266, 266, 266, 268, 265, 265, 264, 265,
    265, 268, 267, 267, 262, 263, 267, 266, 263, 264, 263, 264, 264, 262,
    265, 266, 265, 263, 265, 266, 263, 267, 264, 266, 264, 264, 267, 264,
    263, 264, 266, 265, 267, 263, 264, 263, 265, 266, 264, 264, 263, 261,
    266, 262, 265, 263, 265, 266, 265, 263, 264, 263, 263, 264, 264, 263,
    263, 266, 266, 266, 264 ]
headPositionsY: [ 75, 74, 73, 74, 71, 73, 74, 72, 74, 71, 75, 74, 71, 74,
    74, 73, 73, 71, 75, 74, 75, 72, 74, 76, 75, 74, 72, 75, 72, 70, 68,
    67, 66, 63, 63, 63, 63, 65, 62, 68, 65, 72, 73, 77, 79, 82, 81, 81,
    81, 81, 77, 77, 73, 69, 71, 66, 69, 64, 67, 66, 70, 72, 73, 75, 77,
    79, 77, 79, 81, 76, 78, 77, 70, 72, 68, 70, 67, 67, 66, 72, 72, 73,
    73, 72, 77, 79, 80, 77, 79, 77, 78, 78, 78, 79, 77, 77, 76, 75, 78,
    76 ]
