%YAML:1.0
---
videoName: "headNod22.mp4"
gestureLabel: 202
fps: 29
pixelSizeInCmTemp: 3.1513157894736843e-01
faceCenterPointX: 252
faceCenterPointY: 80
headPositionsX: [ 252, 254, 254, 250, 254, 254, 253, 254, 252, 250, 253,
    255, 251, 252, 255, 254, 254, 255, 255, 251, 252, 253, 253, 252, 254,
    254, 251, 254, 254, 252, 252, 253, 254, 254, 252, 255, 254, 256, 257,
    254, 254, 254, 252, 252, 254, 254, 253, 253, 251, 254, 252, 253, 252,
    249, 252, 250, 249, 251, 252, 251, 253, 255, 253, 251, 252, 250, 250,
    250, 253, 252, 254, 250, 253, 255, 250, 250, 251, 254, 252, 253, 250,
    253, 249, 252, 251, 251, 254, 252, 253, 253, 250, 253, 251, 250, 249,
    252, 250, 250, 253, 251 ]
headPositionsY: [ 80, 79, 79, 76, 78, 77, 80, 78, 79, 79, 76, 78, 76, 77,
    77, 78, 77, 78, 80, 78, 80, 78, 78, 82, 83, 84, 81, 81, 80, 77, 77,
    76, 71, 71, 69, 74, 74, 80, 80, 82, 87, 82, 82, 77, 74, 74, 70, 69,
    73, 73, 78, 80, 81, 86, 87, 82, 81, 78, 77, 73, 75, 73, 74, 73, 75,
    76, 80, 78, 77, 79, 74, 73, 76, 77, 77, 80, 81, 81, 81, 80, 78, 78,
    77, 78, 78, 81, 81, 82, 81, 81, 80, 77, 78, 80, 78, 78, 82, 82, 78,
    80 ]
