%YAML:1.0
---
videoName: "headNod0.mp4"
gestureLabel: 202
fps: 29
pixelSizeInCmTemp: 3.2364864864864862e-01
faceCenterPointX: 264
faceCenterPointY: 76
headPositionsX: [ 264, 265, 269, 267, 269, 266, 267, 267, 265, 267, 267,
    266, 268, 267, 265, 264, 267, 265, 265, 264, 263, 265, 265, 264, 267,
    268, 267, 263, 268, 264, 267, 266, 267, 268, 264, 265, 268, 267, 265,
    267, 268, 264, 264, 266, 267, 266, 263, 266, 266, 266, 266, 262, 265,
    264, 267, 262, 266, 267, 262, 267, 267, 265, 265, 267, 268, 267, 265,
    264, 264, 266, 263, 266, 266, 264, 266, 265, 264, 264, 262, 263, 264,
    265, 264, 264, 263, 263, 265, 265, 263, 265, 267, 266, 265, 267, 266,
    262, 264, 266, 265, 264 ]
headPositionsY: [ 75, 71, 71, 71, 74, 75, 71, 74, 73, 74, 74, 71, 75, 74,
    74, 73, 74, 73, 75, 73, 72, 73, 76, 72, 75, 73, 75, 75, 73, 73, 71,
    67, 66, 65, 63, 64, 61, 62, 64, 65, 65, 73, 75, 76, 79, 82, 83, 83,
    83, 78, 76, 75, 72, 72, 71, 65, 67, 65, 66, 69, 71, 72, 73, 73, 78,
    80, 79, 82, 80, 79, 79, 77, 72, 71, 67, 66, 67, 66, 70, 71, 72, 72,
    74, 72, 78, 75, 78, 77, 77, 76, 77, 75, 75, 75, 74, 76, 77, 76, 78,
    78 ]
