%YAML:1.0
---
videoName: "headNod17.mp4"
gestureLabel: 202
fps: 30
pixelSizeInCmTemp: 3.2808219178082193e-01
faceCenterPointX: 253
faceCenterPointY: 76
headPositionsX: [ 254, 255, 256, 256, 254, 255, 254, 254, 255, 255, 253,
    256, 255, 257, 254, 256, 256, 257, 255, 255, 254, 253, 253, 254, 253,
    256, 253, 256, 256, 254, 254, 258, 254, 258, 256, 253, 255, 257, 256,
    253, 256, 251, 254, 252, 252, 255, 252, 251, 254, 252, 255, 253, 256,
    256, 255, 251, 253, 252, 253, 255, 254, 253, 253, 254, 254, 255, 254,
    256, 257, 255, 253, 256, 256, 255, 252, 256, 255, 256, 255, 252, 255,
    257, 255, 256, 253, 254, 255, 253, 256, 253, 253, 255, 256, 256, 253,
    252, 255, 256, 254, 253 ]
headPositionsY: [ 78, 78, 78, 77, 75, 78, 77, 79, 75, 79, 76, 79, 76, 80,
    78, 79, 78, 77, 78, 76, 74, 76, 75, 75, 74, 71, 71, 69, 66, 67, 65,
    67, 68, 69, 70, 68, 69, 71, 76, 80, 78, 83, 85, 86, 86, 83, 81, 83,
    80, 81, 76, 75, 73, 74, 69, 72, 70, 67, 68, 70, 69, 73, 73, 73, 78,
    81, 81, 78, 82, 77, 80, 77, 76, 76, 76, 78, 79, 78, 77, 77, 78, 75,
    75, 76, 76, 76, 79, 76, 77, 78, 75, 78, 76, 73, 79, 76, 77, 76, 78,
    76 ]
