%YAML:1.0
---
videoName: "headNod21.mp4"
gestureLabel: 202
fps: 29
pixelSizeInCmTemp: 3.2808219178082193e-01
faceCenterPointX: 253
faceCenterPointY: 78
headPositionsX: [ 251, 255, 253, 256, 254, 253, 256, 254, 257, 254, 254,
    254, 257, 257, 254, 256, 257, 253, 255, 255, 253, 254, 254, 257, 255,
    255, 256, 252, 256, 256, 256, 254, 258, 254, 257, 254, 255, 254, 255,
    257, 257, 257, 255, 257, 254, 253, 255, 255, 253, 256, 253, 252, 257,
    252, 255, 253, 254, 256, 253, 252, 253, 255, 251, 251, 252, 251, 253,
    249, 252, 250, 252, 251, 252, 251, 252, 250, 247, 249, 250, 251, 252,
    250, 252, 252, 250, 250, 254, 252, 251, 252, 251, 254, 254, 251, 254,
    256, 256, 255, 256, 254 ]
headPositionsY: [ 78, 80, 77, 79, 77, 80, 79, 79, 81, 79, 76, 78, 78, 77,
    79, 81, 79, 79, 79, 78, 77, 79, 80, 78, 79, 79, 81, 77, 82, 83, 80,
    84, 83, 82, 78, 79, 73, 74, 75, 76, 79, 81, 85, 82, 84, 80, 75, 76,
    79, 76, 78, 81, 83, 82, 82, 83, 82, 75, 75, 79, 80, 82, 80, 81, 83,
    81, 80, 77, 75, 76, 74, 77, 82, 81, 83, 83, 81, 81, 80, 79, 79, 79,
    75, 78, 79, 80, 82, 80, 77, 78, 81, 80, 76, 81, 76, 81, 77, 79, 77,
    78 ]
