%YAML:1.0
---
videoName: "headNod32.mp4"
gestureLabel: 202
fps: 29
pixelSizeInCmTemp: 2.8855421686746985e-01
faceCenterPointX: 266
faceCenterPointY: 74
headPositionsX: [ 265, 268, 269, 268, 269, 266, 265, 267, 267, 267, 264,
    264, 267, 265, 268, 263, 267, 268, 264, 264, 265, 267, 267, 268, 267,
    265, 268, 264, 267, 266, 267, 264, 264, 267, 267, 266, 266, 266, 266,
    269, 270, 267, 266, 268, 270, 267, 267, 268, 266, 266, 269, 266, 269,
    266, 269, 267, 266, 266, 268, 269, 265, 266, 267, 266, 265, 269, 269,
    268, 269, 267, 267, 266, 268, 267, 268, 265, 264, 268, 266, 267, 263,
    265, 263, 265, 263, 267, 268, 269, 269, 267, 268, 267, 267, 267, 266,
    264, 269, 265, 269, 266 ]
headPositionsY: [ 75, 80, 78, 76, 80, 77, 76, 78, 78, 77, 78, 77, 79, 79,
    75, 77, 77, 77, 77, 76, 79, 76, 78, 75, 76, 79, 77, 78, 79, 77, 81,
    79, 77, 77, 79, 75, 80, 79, 78, 78, 76, 76, 75, 75, 79, 75, 77, 75,
    80, 75, 80, 79, 79, 78, 76, 78, 76, 76, 76, 73, 69, 69, 66, 66, 63,
    70, 70, 71, 79, 83, 87, 90, 90, 87, 82, 82, 78, 76, 73, 72, 71, 73,
    72, 73, 70, 72, 75, 74, 72, 72, 76, 77, 74, 74, 73, 73, 76, 75, 73,
    73 ]
