%YAML:1.0
---
videoName: "headNod29.mp4"
gestureLabel: 202
fps: 29
pixelSizeInCmTemp: 3.1933333333333330e-01
faceCenterPointX: 271
faceCenterPointY: 70
headPositionsX: [ 272, 275, 274, 274, 274, 274, 274, 273, 272, 274, 271,
    275, 273, 271, 271, 272, 271, 273, 271, 271, 270, 271, 273, 274, 274,
    274, 272, 270, 270, 271, 271, 269, 272, 270, 273, 269, 269, 270, 270,
    270, 271, 268, 272, 272, 269, 273, 270, 270, 271, 270, 273, 272, 271,
    273, 273, 273, 270, 271, 269, 273, 270, 272, 268, 270, 271, 269, 272,
    269, 270, 268, 270, 272, 271, 272, 269, 272, 273, 273, 271, 273, 270,
    269, 270, 270, 272, 274, 270, 273, 272, 273, 271, 273, 273, 269, 269,
    271, 269, 272, 268, 273 ]
headPositionsY: [ 68, 75, 71, 75, 73, 78, 76, 76, 79, 79, 81, 80, 76, 74,
    73, 71, 69, 67, 68, 69, 68, 66, 66, 71, 72, 75, 78, 82, 77, 81, 78,
    78, 76, 71, 72, 74, 70, 69, 74, 74, 77, 75, 78, 78, 80, 81, 76, 73,
    73, 75, 75, 76, 75, 79, 79, 84, 83, 82, 78, 75, 77, 73, 73, 74, 78,
    75, 78, 78, 75, 72, 74, 70, 72, 72, 72, 71, 73, 75, 75, 79, 74, 77,
    72, 70, 71, 71, 69, 71, 72, 68, 71, 67, 71, 71, 68, 68, 70, 69, 70,
    73 ]
