%YAML:1.0
---
videoName: "headNod17.mp4"
gestureLabel: 202
fps: 30
pixelSizeInCmTemp: 3.2808219178082193e-01
faceCenterPointX: 253
faceCenterPointY: 76
headPositionsX: [ 254, 256, 256, 255, 257, 255, 253, 255, 253, 257, 257,
    254, 256, 255, 253, 256, 253, 256, 253, 256, 254, 255, 252, 257, 254,
    253, 257, 256, 255, 254, 253, 254, 254, 254, 255, 253, 256, 254, 255,
    256, 252, 253, 254, 255, 253, 253, 253, 253, 255, 252, 251, 252, 253,
    252, 253, 254, 257, 256, 256, 256, 256, 256, 255, 256, 256, 256, 256,
    254, 253, 256, 255, 254, 254, 253, 252, 252, 257, 254, 254, 252, 252,
    257, 255, 254, 253, 256, 255, 257, 256, 257, 255, 257, 252, 254, 255,
    255, 253, 256, 254, 257 ]
headPositionsY: [ 76, 78, 77, 77, 76, 80, 78, 80, 77, 79, 75, 79, 76, 80,
    78, 77, 78, 75, 77, 77, 76, 78, 72, 71, 72, 71, 71, 71, 66, 68, 68,
    67, 69, 67, 70, 69, 72, 75, 76, 77, 79, 80, 84, 86, 85, 85, 83, 85,
    83, 77, 77, 78, 76, 73, 69, 69, 72, 70, 70, 72, 71, 71, 72, 74, 76,
    77, 81, 81, 78, 77, 77, 78, 76, 78, 76, 80, 81, 78, 81, 79, 76, 77,
    75, 75, 77, 76, 78, 78, 79, 80, 78, 76, 78, 77, 80, 77, 79, 79, 75,
    76 ]
