%YAML:1.0
---
videoName: "headNod29.mp4"
gestureLabel: 202
fps: 29
pixelSizeInCmTemp: 3.1933333333333330e-01
faceCenterPointX: 271
faceCenterPointY: 70
headPositionsX: [ 271, 273, 276, 274, 274, 274, 274, 274, 272, 272, 274,
    275, 274, 273, 274, 272, 272, 271, 273, 273, 270, 274, 270, 272, 273,
    273, 270, 270, 273, 271, 273, 272, 269, 272, 272, 273, 270, 272, 270,
    272, 273, 271, 272, 269, 271, 273, 272, 270, 271, 272, 271, 270, 271,
    269, 273, 270, 268, 269, 272, 273, 271, 270, 268, 270, 270, 270, 272,
    272, 268, 271, 268, 273, 270, 273, 271, 272, 269, 272, 273, 270, 271,
    272, 273, 272, 272, 271, 272, 269, 273, 269, 273, 269, 270, 270, 270,
    271, 271, 269, 269, 270 ]
headPositionsY: [ 71, 75, 71, 75, 74, 74, 77, 78, 80, 79, 79, 79, 79, 74,
    74, 69, 70, 66, 67, 66, 68, 70, 68, 72, 72, 73, 76, 80, 78, 80, 81,
    76, 77, 73, 72, 72, 73, 71, 72, 73, 73, 77, 80, 78, 78, 77, 76, 75,
    73, 73, 73, 72, 77, 77, 83, 81, 82, 78, 79, 74, 73, 76, 75, 75, 79,
    77, 79, 79, 75, 76, 72, 70, 69, 69, 72, 69, 71, 75, 75, 75, 75, 73,
    75, 70, 71, 69, 73, 70, 71, 70, 67, 67, 70, 70, 69, 69, 72, 72, 71,
    70 ]
