%YAML:1.0
---
videoName: "headNod36.mp4"
gestureLabel: 202
fps: 29
pixelSizeInCmTemp: 2.8176470588235292e-01
faceCenterPointX: 269
faceCenterPointY: 75
headPositionsX: [ 267, 271, 272, 269, 273, 271, 270, 270, 272, 269, 270,
    272, 270, 269, 270, 272, 269, 273, 268, 270, 268, 268, 271, 269, 273,
    272, 267, 270, 268, 268, 270, 269, 272, 269, 270, 267, 269, 267, 266,
    269, 269, 270, 267, 271, 270, 271, 272, 271, 272, 273, 273, 271, 273,
    273, 272, 272, 268, 270, 268, 271, 271, 269, 269, 266, 268, 268, 267,
    266, 270, 268, 269, 267, 268, 269, 269, 266, 266, 266, 267, 268, 270,
    267, 270, 269, 267, 268, 269, 268, 271, 271, 268, 267, 270, 268, 268,
    269, 268, 272, 270, 271 ]
headPositionsY: [ 74, 75, 72, 75, 76, 74, 72, 72, 73, 73, 74, 76, 75, 72,
    76, 76, 72, 78, 76, 75, 77, 77, 78, 80, 74, 74, 66, 70, 67, 62, 64,
    62, 71, 75, 81, 82, 89, 91, 92, 88, 84, 77, 78, 75, 72, 66, 68, 69,
    70, 69, 69, 72, 80, 81, 85, 85, 89, 85, 84, 84, 77, 75, 72, 73, 71,
    71, 77, 75, 83, 81, 82, 84, 81, 79, 80, 75, 77, 76, 76, 78, 80, 81,
    84, 85, 86, 81, 80, 80, 76, 75, 74, 73, 74, 77, 76, 75, 75, 74, 75,
    75 ]
