%YAML:1.0
---
videoName: "headNod41.mp4"
gestureLabel: 202
fps: 29
pixelSizeInCmTemp: 2.9937500000000000e-01
faceCenterPointX: 267
faceCenterPointY: 76
headPositionsX: [ 268, 271, 269, 272, 270, 271, 270, 270, 271, 271, 270,
    268, 270, 268, 272, 272, 271, 270, 269, 270, 272, 273, 272, 272, 268,
    268, 270, 270, 271, 269, 271, 269, 270, 271, 270, 267, 269, 269, 271,
    270, 268, 268, 268, 271, 269, 267, 267, 266, 269, 266, 265, 267, 270,
    268, 270, 268, 270, 270, 269, 270, 270, 267, 267, 269, 270, 268, 270,
    270, 270, 268, 270, 265, 267, 268, 266, 265, 265, 267, 266, 267, 266,
    268, 269, 267, 268, 268, 266, 268, 266, 267, 270, 267, 265, 265, 267,
    269, 266, 265, 265, 268 ]
headPositionsY: [ 77, 72, 73, 74, 73, 71, 73, 71, 75, 74, 71, 74, 73, 74,
    74, 76, 75, 74, 76, 73, 72, 72, 73, 75, 72, 72, 74, 73, 74, 75, 74,
    74, 75, 72, 75, 72, 72, 73, 78, 75, 81, 84, 87, 89, 94, 92, 89, 85,
    85, 78, 80, 70, 72, 67, 63, 65, 65, 71, 70, 75, 82, 86, 91, 94, 91,
    91, 85, 81, 76, 75, 75, 69, 69, 72, 73, 75, 81, 85, 83, 84, 82, 80,
    75, 73, 72, 72, 76, 72, 74, 76, 79, 80, 79, 81, 77, 78, 80, 76, 75,
    76 ]
