%YAML:1.0
---
videoName: "headNod41.mp4"
gestureLabel: 202
fps: 29
pixelSizeInCmTemp: 2.9937500000000000e-01
faceCenterPointX: 267
faceCenterPointY: 76
headPositionsX: [ 267, 270, 270, 269, 269, 272, 268, 268, 272, 270, 270,
    271, 271, 270, 269, 269, 271, 271, 271, 272, 273, 269, 271, 272, 272,
    270, 269, 270, 268, 269, 269, 269, 272, 272, 268, 270, 268, 268, 270,
    271, 270, 271, 270, 269, 268, 267, 268, 268, 269, 268, 267, 268, 270,
    269, 267, 271, 269, 270, 267, 269, 270, 267, 267, 268, 266, 267, 268,
    267, 270, 269, 270, 269, 267, 266, 267, 269, 266, 265, 266, 265, 267,
    267, 270, 269, 265, 269, 265, 269, 268, 269, 268, 267, 267, 269, 266,
    267, 267, 265, 265, 268 ]
headPositionsY: [ 74, 73, 75, 73, 73, 74, 74, 75, 71, 73, 72, 71, 76, 75,
    76, 72, 71, 72, 75, 74, 75, 74, 76, 74, 73, 75, 76, 73, 76, 74, 73,
    75, 76, 73, 72, 76, 76, 74, 74, 75, 82, 84, 86, 86, 92, 90, 88, 89,
    83, 80, 76, 68, 70, 66, 64, 65, 68, 70, 71, 75, 79, 88, 90, 91, 94,
    89, 87, 83, 80, 75, 76, 71, 73, 70, 70, 77, 79, 85, 81, 86, 82, 78,
    77, 72, 75, 76, 73, 74, 75, 75, 80, 80, 77, 79, 77, 77, 80, 78, 77,
    76 ]
