%YAML:1.0
---
videoName: "headNod34.mp4"
gestureLabel: 202
fps: 29
pixelSizeInCmTemp: 2.9567901234567900e-01
faceCenterPointX: 266
faceCenterPointY: 78
headPositionsX: [ 266, 266, 267, 270, 267, 270, 268, 268, 268, 269, 270,
    266, 267, 271, 270, 269, 271, 269, 268, 270, 269, 269, 270, 269, 272,
    269, 271, 270, 270, 271, 271, 270, 267, 272, 268, 270, 270, 272, 271,
    271, 269, 267, 269, 268, 271, 270, 269, 271, 269, 269, 271, 269, 271,
    267, 269, 271, 269, 270, 271, 270, 271, 271, 268, 271, 268, 271, 269,
    268, 268, 267, 270, 267, 266, 265, 268, 268, 266, 268, 264, 265, 267,
    267, 266, 266, 266, 265, 267, 267, 268, 264, 266, 268, 264, 267, 268,
    268, 267, 266, 265, 269 ]
headPositionsY: [ 76, 77, 75, 77, 78, 77, 78, 75, 79, 77, 75, 74, 79, 75,
    74, 74, 76, 77, 78, 77, 78, 76, 77, 75, 79, 78, 77, 78, 78, 76, 78,
    75, 75, 78, 77, 78, 76, 76, 74, 69, 69, 72, 74, 74, 82, 85, 91, 85,
    85, 83, 80, 77, 74, 73, 71, 75, 75, 79, 78, 81, 81, 81, 80, 81, 79,
    77, 76, 81, 79, 82, 82, 85, 83, 85, 82, 80, 80, 78, 77, 78, 79, 81,
    83, 82, 85, 79, 82, 78, 80, 80, 77, 80, 78, 82, 78, 78, 79, 78, 78,
    81 ]
