%YAML:1.0
---
videoName: "headNod14.mp4"
gestureLabel: 202
fps: 29
pixelSizeInCmTemp: 3.2808219178082193e-01
faceCenterPointX: 257
faceCenterPointY: 71
headPositionsX: [ 258, 258, 256, 256, 258, 256, 259, 258, 258, 260, 258,
    257, 259, 256, 260, 258, 260, 257, 257, 260, 257, 257, 256, 257, 256,
    257, 258, 257, 261, 258, 258, 259, 260, 257, 260, 261, 260, 260, 259,
    258, 257, 258, 260, 259, 258, 260, 259, 258, 260, 257, 258, 256, 261,
    260, 256, 259, 257, 260, 259, 260, 258, 259, 257, 260, 261, 258, 261,
    257, 260, 260, 260, 258, 258, 259, 258, 259, 258, 255, 256, 260, 259,
    258, 258, 256, 259, 259, 257, 257, 259, 258, 259, 258, 258, 256, 259,
    258, 258, 257, 258, 259 ]
headPositionsY: [ 73, 75, 78, 79, 78, 74, 75, 76, 79, 76, 76, 77, 76, 77,
    76, 78, 77, 76, 76, 79, 76, 78, 78, 78, 79, 79, 77, 75, 77, 77, 78,
    79, 77, 78, 79, 79, 77, 80, 76, 75, 75, 71, 73, 70, 67, 66, 68, 71,
    71, 73, 76, 77, 78, 79, 81, 83, 81, 82, 76, 73, 75, 68, 70, 69, 71,
    72, 74, 78, 80, 78, 80, 80, 79, 76, 77, 72, 69, 67, 69, 71, 71, 73,
    75, 80, 81, 82, 81, 78, 78, 74, 73, 73, 68, 71, 72, 69, 73, 70, 70,
    73 ]
