%YAML:1.0
---
videoName: "headNod26.mp4"
gestureLabel: 202
fps: 29
pixelSizeInCmTemp: 3.1513157894736843e-01
faceCenterPointX: 271
faceCenterPointY: 78
headPositionsX: [ 271, 271, 271, 271, 271, 274, 272, 273, 270, 274, 270,
    272, 274, 274, 272, 273, 271, 272, 272, 273, 274, 273, 273, 270, 270,
    272, 273, 273, 273, 270, 271, 269, 273, 271, 272, 271, 270, 271, 273,
    270, 271, 269, 273, 272, 272, 272, 270, 272, 269, 271, 272, 272, 270,
    274, 269, 271, 271, 272, 274, 273, 272, 273, 274, 271, 273, 273, 270,
    274, 274, 270, 271, 270, 272, 273, 271, 273, 269, 271, 272, 271, 271,
    271, 271, 271, 273, 273, 271, 270, 272, 271, 273, 270, 270, 272, 268,
    268, 272, 270, 271, 271 ]
headPositionsY: [ 79, 72, 75, 72, 76, 74, 70, 68, 69, 68, 68, 65, 66, 65,
    66, 68, 70, 73, 71, 76, 78, 83, 81, 86, 82, 78, 80, 76, 70, 72, 67,
    66, 70, 66, 71, 73, 73, 74, 78, 77, 80, 79, 78, 76, 75, 69, 69, 71,
    67, 71, 67, 69, 74, 76, 76, 79, 74, 77, 76, 72, 72, 68, 69, 67, 66,
    71, 68, 70, 69, 72, 72, 76, 74, 75, 76, 72, 70, 71, 68, 70, 66, 69,
    71, 68, 69, 76, 76, 75, 77, 78, 80, 79, 78, 79, 75, 78, 76, 80, 78,
    77 ]
