%YAML:1.0
---
videoName: "headNod38.mp4"
gestureLabel: 202
fps: 29
pixelSizeInCmTemp: 2.9937500000000000e-01
faceCenterPointX: 267
faceCenterPointY: 73
headPositionsX: [ 267, 265, 265, 268, 267, 268, 267, 264, 267, 268, 268,
    267, 268, 266, 269, 265, 266, 266, 264, 267, 266, 265, 266, 267, 267,
    263, 267, 267, 264, 262, 267, 263, 267, 263, 266, 265, 266, 265, 268,
    265, 266, 267, 267, 267, 266, 266, 268, 269, 268, 265, 270, 266, 270,
    267, 268, 267, 267, 268, 268, 267, 268, 267, 267, 267, 271, 268, 269,
    267, 266, 267, 269, 269, 270, 268, 265, 266, 270, 268, 270, 267, 269,
    269, 269, 269, 266, 267, 267, 270, 270, 269, 269, 269, 268, 270, 268,
    265, 265, 269, 267, 266 ]
headPositionsY: [ 75, 76, 73, 74, 78, 81, 81, 85, 86, 81, 81, 77, 75, 77,
    78, 83, 85, 86, 88, 83, 82, 78, 73, 73, 78, 80, 80, 87, 86, 87, 88,
    85, 80, 77, 75, 74, 72, 76, 77, 80, 83, 84, 87, 87, 87, 83, 81, 77,
    72, 73, 72, 72, 74, 74, 77, 81, 85, 87, 84, 83, 80, 80, 76, 77, 72,
    74, 71, 73, 74, 74, 76, 81, 83, 83, 85, 85, 82, 79, 80, 77, 77, 72,
    74, 71, 70, 70, 72, 74, 75, 74, 74, 74, 75, 72, 75, 71, 72, 73, 75,
    75 ]
