%YAML:1.0
---
videoName: "headNod28.mp4"
gestureLabel: 202
fps: 30
pixelSizeInCmTemp: 3.2364864864864862e-01
faceCenterPointX: 270
faceCenterPointY: 76
headPositionsX: [ 270, 269, 272, 270, 270, 272, 272, 272, 272, 274, 271,
    269, 272, 272, 271, 270, 271, 268, 269, 270, 273, 272, 271, 271, 272,
    272, 271, 270, 269, 268, 271, 269, 270, 272, 272, 272, 269, 271, 271,
    269, 270, 273, 271, 271, 268, 269, 271, 271, 270, 269, 269, 269, 270,
    272, 269, 273, 271, 273, 268, 269, 272, 272, 273, 272, 270, 270, 271,
    271, 270, 269, 269, 270, 272, 271, 272, 271, 273, 269, 271, 269, 270,
    270, 269, 272, 270, 269, 270, 270, 273, 270, 273, 272, 271, 269, 270,
    271, 269, 272, 268, 269 ]
headPositionsY: [ 77, 75, 73, 73, 75, 75, 75, 75, 76, 73, 73, 74, 76, 72,
    76, 75, 76, 73, 75, 75, 76, 74, 74, 74, 73, 76, 75, 74, 74, 73, 73,
    75, 73, 73, 74, 74, 77, 74, 75, 77, 74, 75, 76, 82, 82, 83, 82, 80,
    78, 75, 75, 74, 74, 73, 69, 69, 73, 76, 74, 78, 80, 83, 80, 81, 79,
    73, 71, 72, 73, 73, 71, 76, 76, 82, 81, 79, 82, 76, 77, 71, 74, 71,
    72, 73, 76, 79, 78, 80, 76, 75, 75, 77, 77, 76, 77, 78, 74, 77, 76,
    75 ]
