%YAML:1.0
---
videoName: "headNod23.mp4"
gestureLabel: 202
fps: 29
pixelSizeInCmTemp: 3.1933333333333330e-01
faceCenterPointX: 273
faceCenterPointY: 75
headPositionsX: [ 275, 272, 273, 276, 272, 276, 273, 272, 275, 272, 276,
    276, 275, 275, 272, 276, 273, 274, 274, 276, 273, 277, 272, 275, 271,
    273, 276, 276, 276, 273, 274, 277, 275, 275, 276, 274, 273, 275, 273,
    273, 274, 269, 273, 272, 273, 273, 272, 272, 275, 272, 276, 274, 272,
    275, 275, 274, 272, 275, 271, 271, 274, 272, 271, 275, 273, 273, 276,
    276, 274, 272, 275, 274, 273, 272, 271, 271, 272, 272, 273, 276, 271,
    274, 272, 271, 275, 273, 274, 275, 273, 272, 275, 272, 275, 275, 272,
    272, 273, 275, 275, 274 ]
headPositionsY: [ 77, 75, 75, 75, 78, 77, 77, 76, 78, 74, 78, 76, 77, 77,
    78, 77, 76, 78, 74, 76, 79, 76, 78, 76, 71, 73, 67, 68, 66, 64, 62,
    62, 66, 65, 70, 73, 71, 77, 79, 81, 83, 82, 81, 77, 78, 76, 71, 69,
    67, 67, 67, 71, 67, 69, 70, 74, 74, 79, 78, 76, 78, 78, 73, 74, 71,
    69, 70, 70, 68, 72, 70, 73, 77, 79, 79, 80, 79, 78, 76, 77, 74, 73,
    75, 72, 72, 73, 75, 74, 74, 72, 73, 76, 77, 75, 73, 76, 74, 77, 76,
    73 ]
