%YAML:1.0
---
videoName: "headNod9.mp4"
gestureLabel: 202
fps: 29
pixelSizeInCmTemp: 3.1513157894736843e-01
faceCenterPointX: 261
faceCenterPointY: 75
headPositionsX: [ 263, 260, 261, 263, 259, 259, 260, 261, 263, 261, 262,
    261, 262, 259, 259, 263, 261, 259, 259, 259, 259, 260, 259, 258, 262,
    258, 262, 261, 263, 262, 260, 260, 260, 259, 259, 261, 263, 261, 259,
    262, 263, 261, 260, 261, 261, 262, 257, 260, 258, 257, 257, 262, 260,
    261, 259, 259, 259, 262, 260, 262, 262, 261, 259, 259, 262, 259, 259,
    263, 260, 260, 259, 259, 261, 257, 258, 261, 261, 260, 260, 260, 258,
    258, 259, 259, 261, 257, 260, 257, 257, 260, 259, 261, 262, 260, 258,
    261, 258, 261, 262, 259 ]
headPositionsY: [ 77, 73, 76, 76, 74, 73, 74, 76, 75, 74, 76, 74, 74, 77,
    73, 75, 77, 73, 77, 74, 74, 75, 73, 77, 77, 76, 76, 75, 77, 77, 78,
    76, 80, 81, 80, 80, 80, 74, 77, 75, 75, 72, 78, 82, 84, 88, 87, 86,
    79, 80, 74, 76, 79, 79, 81, 84, 85, 85, 82, 79, 74, 71, 75, 73, 78,
    79, 81, 85, 81, 83, 79, 76, 73, 71, 69, 72, 71, 74, 75, 80, 82, 83,
    82, 82, 82, 79, 77, 76, 75, 75, 73, 71, 73, 71, 74, 75, 74, 73, 75,
    72 ]
