%YAML:1.0
---
videoName: "headNod12.mp4"
gestureLabel: 202
fps: 29
pixelSizeInCmTemp: 3.2808219178082193e-01
faceCenterPointX: 254
faceCenterPointY: 69
headPositionsX: [ 254, 253, 255, 254, 254, 251, 255, 251, 254, 255, 255,
    258, 255, 257, 257, 256, 257, 254, 256, 258, 253, 256, 255, 257, 258,
    258, 259, 256, 257, 256, 258, 257, 256, 252, 253, 252, 255, 255, 255,
    256, 255, 257, 257, 254, 254, 254, 253, 255, 255, 257, 256, 255, 254,
    255, 253, 253, 255, 255, 256, 253, 253, 255, 253, 254, 254, 256, 257,
    256, 253, 253, 256, 256, 255, 254, 254, 252, 253, 253, 253, 256, 252,
    257, 255, 257, 255, 256, 256, 258, 255, 253, 257, 254, 256, 255, 256,
    252, 254, 256, 253, 253 ]
headPositionsY: [ 71, 72, 73, 74, 72, 71, 73, 72, 76, 72, 73, 73, 76, 73,
    73, 71, 74, 75, 73, 73, 73, 72, 75, 72, 74, 72, 74, 73, 73, 73, 75,
    76, 74, 71, 72, 71, 69, 69, 66, 65, 65, 60, 61, 61, 64, 66, 66, 71,
    74, 76, 77, 79, 77, 79, 74, 75, 72, 65, 64, 64, 65, 63, 61, 63, 66,
    67, 67, 71, 74, 75, 74, 75, 78, 76, 73, 71, 68, 68, 67, 64, 64, 64,
    64, 65, 66, 68, 67, 72, 72, 74, 74, 72, 71, 72, 72, 71, 73, 70, 68,
    72 ]
