%YAML:1.0
---
videoName: "headNod48.mp4"
gestureLabel: 202
fps: 29
pixelSizeInCmTemp: 2.8855421686746985e-01
faceCenterPointX: 264
faceCenterPointY: 72
headPositionsX: [ 262, 267, 266, 263, 262, 265, 267, 266, 265, 265, 264,
    266, 265, 265, 264, 265, 265, 261, 260, 262, 260, 260, 258, 260, 259,
    258, 258, 263, 263, 259, 259, 262, 260, 261, 264, 264, 262, 263, 262,
    263, 261, 260, 262, 261, 260, 260, 259, 259, 262, 264, 259, 261, 261,
    261, 261, 261, 263, 260, 262, 263, 261, 260, 262, 264, 264, 265, 261,
    264, 263, 263, 266, 266, 265, 264, 265, 263, 267, 266, 262, 265, 263,
    267, 267, 267, 264, 266, 266, 266, 266, 263, 265, 267, 268, 268, 266,
    264, 266, 263, 263, 265 ]
headPositionsY: [ 72, 76, 79, 79, 77, 76, 72, 70, 67, 63, 63, 63, 60, 62,
    67, 72, 77, 77, 84, 89, 88, 89, 83, 83, 80, 76, 68, 67, 67, 64, 63,
    64, 64, 64, 66, 71, 72, 75, 83, 80, 81, 81, 78, 77, 79, 74, 72, 73,
    71, 73, 72, 75, 76, 76, 82, 78, 77, 75, 72, 70, 73, 69, 73, 73, 73,
    74, 76, 79, 77, 77, 74, 73, 75, 69, 71, 69, 69, 71, 72, 72, 75, 76,
    76, 72, 75, 75, 74, 68, 72, 73, 72, 75, 75, 73, 71, 71, 73, 74, 74,
    71 ]
