%YAML:1.0
---
videoName: "headNod42.mp4"
gestureLabel: 202
fps: 30
pixelSizeInCmTemp: 3.0316455696202532e-01
faceCenterPointX: 265
faceCenterPointY: 77
headPositionsX: [ 263, 268, 269, 266, 270, 271, 269, 270, 268, 267, 267,
    267, 266, 267, 267, 270, 272, 271, 271, 267, 269, 269, 267, 270, 269,
    270, 265, 265, 263, 267, 266, 264, 266, 267, 266, 265, 265, 266, 268,
    265, 268, 266, 266, 266, 263, 265, 264, 265, 264, 263, 267, 265, 264,
    262, 263, 263, 265, 266, 262, 263, 265, 267, 266, 266, 264, 266, 265,
    267, 263, 266, 266, 265, 267, 267, 265, 264, 265, 268, 266, 267, 265,
    263, 264, 267, 266, 266, 265, 264, 267, 267, 265, 267, 265, 267, 264,
    267, 267, 268, 265, 264 ]
headPositionsY: [ 79, 77, 75, 74, 77, 78, 76, 78, 75, 79, 75, 77, 77, 75,
    78, 67, 68, 64, 65, 67, 69, 71, 71, 72, 81, 83, 90, 90, 91, 91, 88,
    82, 79, 77, 74, 67, 70, 71, 68, 72, 76, 76, 82, 84, 82, 83, 80, 80,
    73, 71, 69, 70, 72, 70, 75, 78, 80, 83, 83, 87, 85, 80, 78, 79, 75,
    76, 75, 73, 76, 77, 74, 78, 83, 82, 78, 77, 75, 76, 78, 75, 75, 74,
    77, 76, 81, 79, 81, 84, 80, 79, 78, 79, 77, 78, 78, 75, 77, 78, 75,
    79 ]
