%YAML:1.0
---
videoName: "headNod15.mp4"
gestureLabel: 202
fps: 29
pixelSizeInCmTemp: 3.1933333333333330e-01
faceCenterPointX: 255
faceCenterPointY: 74
headPositionsX: [ 257, 255, 259, 257, 259, 258, 255, 258, 256, 259, 254,
    256, 256, 257, 254, 254, 257, 255, 255, 258, 258, 257, 254, 256, 255,
    254, 255, 257, 256, 254, 253, 254, 256, 255, 257, 255, 255, 255, 258,
    253, 257, 257, 256, 253, 254, 252, 253, 255, 252, 256, 254, 253, 255,
    257, 257, 255, 253, 253, 253, 254, 256, 257, 255, 257, 254, 256, 257,
    258, 254, 257, 257, 253, 254, 255, 252, 252, 251, 252, 252, 255, 252,
    252, 253, 254, 255, 252, 252, 254, 252, 255, 255, 255, 255, 253, 252,
    253, 255, 252, 254, 255 ]
headPositionsY: [ 73, 75, 75, 75, 72, 75, 73, 74, 71, 73, 73, 75, 75, 73,
    71, 75, 72, 73, 74, 74, 75, 75, 75, 73, 76, 72, 71, 75, 74, 73, 73,
    74, 73, 74, 76, 74, 79, 77, 81, 82, 84, 83, 78, 77, 75, 73, 71, 71,
    69, 74, 75, 79, 82, 81, 77, 76, 73, 74, 72, 70, 69, 72, 72, 79, 81,
    85, 84, 83, 81, 75, 71, 72, 71, 72, 73, 75, 76, 79, 79, 77, 73, 69,
    70, 69, 72, 71, 70, 72, 71, 72, 76, 73, 73, 71, 71, 72, 71, 73, 72,
    71 ]
