%YAML:1.0
---
videoName: "headNod36.mp4"
gestureLabel: 202
fps: 29
pixelSizeInCmTemp: 2.8176470588235292e-01
faceCenterPointX: 269
faceCenterPointY: 75
headPositionsX: [ 267, 269, 269, 272, 271, 271, 270, 272, 272, 269, 271,
    270, 271, 270, 269, 269, 269, 271, 267, 269, 271, 269, 271, 272, 272,
    272, 269, 270, 272, 268, 270, 268, 269, 272, 269, 269, 271, 266, 266,
    265, 270, 267, 269, 271, 270, 268, 269, 269, 272, 273, 272, 272, 273,
    272, 271, 269, 268, 268, 270, 270, 269, 270, 269, 268, 266, 269, 267,
    266, 269, 270, 269, 268, 268, 267, 265, 269, 267, 266, 268, 270, 270,
    268, 269, 270, 271, 271, 271, 271, 269, 270, 270, 267, 271, 269, 269,
    272, 270, 269, 268, 268 ]
headPositionsY: [ 74, 75, 72, 73, 73, 76, 74, 73, 75, 72, 77, 77, 74, 76,
    73, 72, 73, 74, 73, 74, 76, 76, 78, 80, 77, 74, 70, 68, 67, 62, 66,
    65, 73, 76, 77, 82, 86, 89, 91, 87, 86, 79, 75, 74, 73, 66, 68, 68,
    70, 71, 71, 73, 79, 82, 83, 86, 89, 87, 83, 81, 78, 78, 76, 73, 75,
    73, 78, 79, 79, 85, 82, 82, 81, 76, 76, 73, 73, 75, 79, 79, 80, 81,
    84, 83, 82, 82, 81, 80, 76, 79, 78, 73, 76, 77, 76, 74, 74, 77, 76,
    77 ]
