%YAML:1.0
---
videoName: "headNod5.mp4"
gestureLabel: 202
fps: 29
pixelSizeInCmTemp: 3.1513157894736843e-01
faceCenterPointX: 263
faceCenterPointY: 75
headPositionsX: [ 265, 262, 263, 262, 262, 265, 260, 264, 261, 260, 261,
    263, 262, 264, 265, 262, 262, 265, 265, 263, 265, 265, 264, 264, 263,
    263, 262, 267, 266, 264, 266, 268, 266, 266, 267, 269, 267, 264, 266,
    264, 265, 267, 268, 267, 264, 266, 266, 263, 266, 265, 266, 268, 264,
    262, 262, 264, 265, 266, 265, 263, 265, 264, 262, 262, 263, 267, 262,
    265, 267, 266, 266, 264, 267, 265, 264, 263, 264, 264, 265, 266, 266,
    265, 265, 261, 262, 262, 263, 265, 264, 264, 263, 265, 262, 263, 263,
    262, 264, 260, 259, 263 ]
headPositionsY: [ 75, 73, 74, 74, 72, 71, 75, 73, 72, 75, 75, 73, 72, 74,
    74, 76, 77, 76, 76, 73, 73, 74, 76, 74, 73, 73, 78, 78, 74, 78, 77,
    76, 74, 73, 78, 76, 77, 78, 78, 75, 75, 79, 75, 77, 79, 79, 80, 77,
    80, 79, 81, 82, 85, 84, 82, 81, 78, 78, 74, 72, 76, 80, 80, 84, 85,
    86, 84, 80, 79, 77, 73, 74, 77, 79, 83, 85, 84, 82, 84, 77, 76, 75,
    75, 74, 73, 76, 79, 79, 81, 80, 80, 77, 75, 74, 72, 76, 74, 76, 73,
    74 ]
