%YAML:1.0
---
videoName: "headNod38.mp4"
gestureLabel: 202
fps: 29
pixelSizeInCmTemp: 2.9937500000000000e-01
faceCenterPointX: 267
faceCenterPointY: 73
headPositionsX: [ 265, 266, 267, 265, 265, 265, 266, 268, 265, 265, 265,
    264, 268, 265, 265, 268, 267, 268, 268, 265, 266, 269, 265, 264, 269,
    263, 268, 264, 264, 262, 267, 263, 264, 267, 265, 263, 267, 265, 264,
    266, 268, 267, 264, 268, 266, 265, 268, 266, 267, 269, 270, 265, 269,
    269, 267, 270, 269, 270, 269, 269, 266, 270, 268, 269, 267, 271, 266,
    268, 269, 266, 269, 269, 269, 267, 267, 266, 266, 269, 268, 267, 266,
    266, 265, 269, 268, 269, 268, 266, 268, 267, 266, 265, 267, 267, 269,
    267, 267, 268, 268, 268 ]
headPositionsY: [ 72, 73, 76, 75, 78, 82, 82, 86, 87, 82, 81, 78, 75, 77,
    77, 82, 81, 87, 86, 83, 84, 78, 76, 73, 79, 76, 80, 84, 87, 88, 87,
    84, 82, 78, 78, 74, 75, 74, 77, 79, 84, 85, 86, 90, 84, 82, 81, 76,
    72, 69, 74, 70, 73, 75, 79, 80, 83, 84, 83, 85, 82, 77, 78, 74, 72,
    72, 69, 76, 73, 74, 79, 81, 82, 83, 84, 84, 85, 81, 79, 76, 74, 73,
    70, 74, 70, 70, 72, 71, 73, 73, 71, 74, 71, 74, 71, 71, 71, 72, 71,
    73 ]
