%YAML:1.0
---
videoName: "headNod44.mp4"
gestureLabel: 202
fps: 29
pixelSizeInCmTemp: 2.9567901234567900e-01
faceCenterPointX: 268
faceCenterPointY: 78
headPositionsX: [ 268, 268, 270, 269, 271, 270, 270, 267, 268, 268, 269,
    267, 266, 270, 270, 270, 271, 266, 267, 270, 267, 268, 267, 270, 268,
    267, 269, 267, 265, 265, 267, 269, 269, 267, 270, 266, 269, 267, 266,
    269, 267, 264, 268, 265, 267, 268, 266, 270, 268, 269, 269, 270, 267,
    266, 267, 268, 266, 267, 268, 269, 269, 269, 269, 270, 267, 267, 269,
    268, 268, 269, 271, 269, 271, 267, 267, 268, 270, 267, 267, 268, 269,
    271, 268, 267, 269, 267, 267, 269, 269, 267, 269, 269, 266, 267, 267,
    269, 267, 270, 269, 268 ]
headPositionsY: [ 79, 74, 74, 74, 77, 73, 72, 72, 74, 72, 73, 74, 74, 74,
    73, 77, 74, 78, 81, 81, 87, 87, 92, 95, 96, 94, 90, 85, 78, 74, 71,
    68, 71, 70, 73, 74, 81, 84, 86, 88, 87, 83, 81, 76, 75, 73, 74, 77,
    74, 81, 84, 87, 89, 89, 85, 83, 76, 77, 73, 76, 73, 79, 77, 82, 86,
    83, 83, 81, 79, 76, 74, 76, 77, 77, 78, 80, 84, 85, 86, 85, 86, 83,
    78, 80, 76, 78, 76, 77, 76, 77, 79, 77, 79, 79, 79, 76, 77, 77, 79,
    76 ]
