%YAML:1.0
---
videoName: "headNod29.mp4"
gestureLabel: 202
fps: 29
pixelSizeInCmTemp: 3.1933333333333330e-01
faceCenterPointX: 271
faceCenterPointY: 70
headPositionsX: [ 270, 275, 273, 270, 274, 274, 275, 273, 273, 272, 274,
    275, 272, 275, 271, 271, 270, 269, 275, 271, 274, 271, 272, 272, 273,
    274, 272, 274, 270, 273, 269, 269, 270, 270, 272, 272, 268, 268, 270,
    271, 269, 272, 270, 271, 273, 269, 272, 271, 272, 271, 273, 272, 273,
    269, 272, 271, 270, 269, 268, 270, 269, 270, 268, 271, 271, 267, 270,
    272, 271, 268, 271, 271, 273, 271, 272, 272, 273, 269, 273, 273, 272,
    272, 272, 273, 274, 271, 270, 269, 270, 272, 269, 272, 273, 270, 269,
    273, 272, 270, 271, 270 ]
headPositionsY: [ 70, 72, 72, 72, 76, 75, 75, 79, 79, 82, 81, 77, 78, 77,
    70, 68, 70, 66, 67, 67, 66, 67, 70, 71, 71, 77, 80, 81, 78, 79, 79,
    77, 75, 75, 71, 74, 72, 69, 70, 72, 73, 77, 79, 78, 79, 77, 76, 75,
    72, 72, 73, 75, 74, 77, 83, 81, 80, 79, 78, 76, 75, 75, 73, 78, 75,
    76, 80, 76, 73, 72, 74, 73, 70, 69, 69, 71, 73, 74, 76, 75, 74, 75,
    75, 72, 70, 71, 70, 72, 71, 67, 70, 67, 69, 69, 72, 69, 70, 71, 69,
    73 ]
