%YAML:1.0
---
videoName: "headNod47.mp4"
gestureLabel: 202
fps: 29
pixelSizeInCmTemp: 3.0316455696202532e-01
faceCenterPointX: 266
faceCenterPointY: 70
headPositionsX: [ 267, 266, 266, 269, 266, 267, 267, 268, 264, 269, 266,
    265, 265, 263, 265, 266, 264, 264, 262, 266, 267, 265, 266, 267, 268,
    265, 265, 265, 268, 268, 268, 269, 268, 269, 265, 265, 269, 270, 268,
    269, 265, 265, 266, 266, 268, 264, 267, 267, 264, 266, 268, 268, 265,
    268, 267, 266, 267, 269, 265, 265, 265, 269, 268, 267, 268, 268, 267,
    267, 264, 267, 265, 267, 265, 267, 268, 268, 264, 268, 264, 267, 266,
    267, 268, 264, 267, 266, 265, 263, 266, 265, 263, 268, 267, 264, 264,
    264, 265, 268, 264, 268 ]
headPositionsY: [ 68, 60, 62, 60, 60, 59, 60, 63, 62, 66, 72, 75, 79, 81,
    79, 76, 74, 69, 67, 66, 66, 63, 66, 68, 70, 73, 74, 77, 75, 77, 76,
    70, 68, 70, 67, 69, 67, 71, 73, 76, 79, 79, 78, 78, 76, 73, 69, 70,
    66, 69, 71, 67, 69, 74, 76, 77, 74, 74, 73, 72, 70, 67, 66, 68, 68,
    67, 73, 73, 72, 74, 74, 71, 73, 71, 69, 68, 69, 67, 70, 73, 71, 74,
    75, 72, 71, 69, 70, 71, 72, 70, 71, 68, 69, 69, 70, 71, 73, 69, 70,
    73 ]
