%YAML:1.0
---
videoName: "headNod38.mp4"
gestureLabel: 202
fps: 29
pixelSizeInCmTemp: 2.9937500000000000e-01
faceCenterPointX: 267
faceCenterPointY: 73
headPositionsX: [ 268, 269, 266, 266, 269, 266, 264, 267, 265, 268, 264,
    265, 268, 267, 266, 269, 267, 265, 267, 268, 267, 267, 268, 267, 269,
    265, 264, 266, 265, 265, 264, 265, 267, 263, 265, 263, 263, 265, 267,
    263, 265, 266, 266, 268, 268, 268, 265, 265, 266, 267, 270, 266, 267,
    266, 267, 269, 269, 266, 267, 269, 268, 270, 266, 270, 267, 267, 266,
    271, 270, 270, 267, 268, 266, 269, 266, 269, 270, 266, 269, 268, 268,
    268, 268, 265, 266, 268, 265, 268, 267, 267, 268, 268, 268, 269, 269,
    268, 269, 266, 267, 265 ]
headPositionsY: [ 74, 73, 76, 74, 79, 81, 83, 86, 87, 83, 78, 75, 77, 75,
    80, 81, 83, 84, 86, 86, 82, 77, 75, 73, 77, 78, 80, 85, 86, 86, 91,
    86, 80, 78, 76, 75, 75, 74, 78, 79, 83, 84, 90, 90, 88, 85, 77, 77,
    74, 72, 70, 71, 74, 77, 77, 80, 83, 87, 86, 83, 79, 79, 78, 76, 75,
    75, 70, 76, 75, 76, 76, 80, 83, 85, 86, 82, 83, 80, 77, 74, 76, 73,
    74, 71, 71, 72, 72, 73, 74, 71, 71, 73, 71, 73, 74, 72, 72, 73, 75,
    73 ]
