%YAML:1.0
---
videoName: "headNod32.mp4"
gestureLabel: 202
fps: 29
pixelSizeInCmTemp: 2.8855421686746985e-01
faceCenterPointX: 266
faceCenterPointY: 74
headPositionsX: [ 266, 267, 266, 267, 267, 268, 266, 265, 264, 265, 268,
    265, 267, 267, 264, 264, 265, 268, 268, 265, 267, 265, 266, 265, 268,
    269, 264, 266, 268, 268, 268, 266, 268, 265, 265, 266, 267, 269, 269,
    269, 270, 270, 269, 265, 269, 265, 267, 270, 270, 265, 269, 267, 269,
    268, 268, 265, 267, 265, 265, 265, 269, 267, 265, 268, 269, 266, 269,
    268, 266, 267, 268, 265, 264, 265, 268, 267, 267, 265, 267, 267, 267,
    264, 263, 265, 266, 265, 267, 267, 266, 266, 265, 269, 267, 267, 265,
    264, 268, 265, 269, 264 ]
headPositionsY: [ 75, 76, 78, 77, 79, 79, 76, 78, 77, 78, 76, 79, 79, 80,
    76, 76, 75, 75, 76, 79, 76, 78, 75, 78, 78, 77, 79, 79, 76, 77, 81,
    79, 80, 79, 77, 76, 78, 79, 80, 78, 75, 78, 75, 76, 76, 75, 76, 79,
    76, 78, 77, 75, 77, 75, 77, 74, 73, 75, 76, 76, 68, 68, 66, 65, 63,
    70, 68, 73, 80, 84, 85, 90, 86, 87, 82, 81, 77, 72, 73, 73, 70, 73,
    71, 73, 72, 74, 72, 75, 74, 72, 76, 75, 75, 72, 76, 76, 77, 76, 77,
    72 ]
