%YAML:1.0
---
videoName: "headNod26.mp4"
gestureLabel: 202
fps: 29
pixelSizeInCmTemp: 3.1513157894736843e-01
faceCenterPointX: 271
faceCenterPointY: 78
headPositionsX: [ 273, 270, 273, 270, 270, 272, 273, 269, 272, 272, 272,
    275, 271, 272, 275, 271, 275, 273, 272, 270, 274, 274, 271, 273, 273,
    273, 270, 270, 271, 272, 271, 273, 270, 272, 270, 271, 269, 274, 273,
    271, 272, 270, 270, 273, 271, 271, 269, 270, 268, 272, 270, 275, 274,
    270, 273, 270, 270, 272, 273, 272, 272, 273, 270, 271, 274, 275, 270,
    272, 273, 272, 273, 274, 269, 273, 272, 269, 270, 271, 268, 271, 269,
    273, 271, 272, 269, 269, 268, 272, 272, 274, 270, 272, 269, 270, 272,
    268, 269, 271, 273, 273 ]
headPositionsY: [ 79, 71, 72, 71, 75, 71, 73, 70, 67, 69, 67, 65, 63, 67,
    65, 67, 70, 71, 75, 77, 79, 83, 83, 82, 85, 79, 78, 76, 70, 70, 70,
    67, 67, 66, 70, 69, 72, 76, 76, 79, 80, 79, 76, 74, 76, 72, 67, 70,
    68, 70, 68, 71, 73, 74, 76, 79, 76, 77, 74, 69, 68, 68, 68, 68, 69,
    68, 70, 68, 73, 74, 76, 76, 76, 78, 74, 74, 71, 70, 68, 67, 70, 67,
    69, 68, 70, 72, 74, 78, 79, 81, 77, 81, 80, 81, 79, 78, 76, 80, 78,
    76 ]
