%YAML:1.0
---
videoName: "headNod31.mp4"
gestureLabel: 202
fps: 29
pixelSizeInCmTemp: 2.8855421686746985e-01
faceCenterPointX: 267
faceCenterPointY: 75
headPositionsX: [ 269, 268, 270, 268, 270, 271, 272, 270, 269, 269, 268,
    271, 271, 269, 267, 267, 267, 270, 269, 267, 267, 268, 267, 267, 266,
    267, 266, 268, 266, 269, 266, 270, 272, 268, 270, 268, 268, 268, 267,
    267, 266, 267, 269, 268, 266, 266, 268, 265, 267, 265, 265, 265, 268,
    265, 266, 266, 266, 264, 268, 268, 264, 265, 264, 265, 269, 269, 265,
    268, 269, 266, 267, 267, 264, 267, 268, 269, 266, 267, 265, 267, 268,
    266, 266, 265, 266, 265, 268, 268, 265, 265, 268, 269, 267, 265, 268,
    268, 266, 267, 265, 264 ]
headPositionsY: [ 73, 75, 74, 75, 74, 74, 75, 68, 66, 64, 65, 67, 66, 68,
    75, 78, 84, 85, 85, 83, 85, 84, 79, 76, 72, 74, 73, 71, 68, 70, 67,
    71, 71, 76, 76, 84, 84, 88, 86, 86, 85, 81, 79, 76, 72, 72, 72, 75,
    76, 77, 81, 82, 84, 82, 82, 79, 79, 75, 75, 70, 73, 68, 70, 68, 71,
    75, 76, 78, 77, 80, 82, 77, 76, 75, 74, 72, 70, 71, 71, 74, 73, 73,
    76, 76, 75, 76, 77, 74, 76, 74, 74, 75, 76, 77, 76, 74, 76, 75, 75,
    74 ]
