%YAML:1.0
---
videoName: "headNod3.mp4"
gestureLabel: 202
fps: 29
pixelSizeInCmTemp: 3.1933333333333330e-01
faceCenterPointX: 264
faceCenterPointY: 76
headPositionsX: [ 266, 266, 264, 262, 263, 263, 263, 263, 265, 264, 267,
    266, 266, 267, 268, 263, 266, 268, 263, 263, 262, 264, 266, 263, 263,
    265, 267, 267, 267, 267, 267, 265, 265, 264, 265, 265, 267, 265, 264,
    265, 264, 267, 264, 266, 268, 264, 267, 264, 268, 267, 265, 264, 266,
    266, 263, 264, 265, 262, 261, 262, 262, 261, 262, 265, 262, 265, 265,
    263, 265, 266, 262, 266, 261, 265, 262, 264, 261, 264, 265, 265, 264,
    261, 265, 264, 266, 261, 266, 264, 265, 264, 262, 264, 262, 266, 263,
    264, 265, 267, 265, 263 ]
headPositionsY: [ 74, 77, 77, 76, 78, 76, 74, 78, 76, 75, 76, 75, 71, 74,
    71, 74, 74, 72, 73, 74, 71, 74, 70, 75, 71, 71, 73, 76, 74, 73, 76,
    76, 73, 76, 75, 75, 72, 76, 74, 74, 75, 73, 76, 75, 72, 67, 66, 64,
    66, 67, 69, 69, 71, 74, 80, 82, 85, 85, 81, 79, 74, 72, 70, 70, 67,
    67, 67, 74, 76, 77, 80, 80, 79, 80, 76, 73, 70, 68, 67, 65, 67, 66,
    71, 69, 74, 77, 78, 77, 81, 81, 80, 77, 76, 79, 77, 78, 74, 77, 75,
    76 ]
