%YAML:1.0
---
videoName: "headNod43.mp4"
gestureLabel: 202
fps: 29
pixelSizeInCmTemp: 2.8855421686746985e-01
faceCenterPointX: 268
faceCenterPointY: 74
headPositionsX: [ 267, 269, 271, 269, 267, 272, 271, 267, 270, 270, 270,
    271, 268, 266, 271, 268, 270, 270, 270, 267, 269, 269, 268, 270, 267,
    266, 265, 265, 267, 264, 264, 266, 267, 264, 267, 263, 265, 265, 263,
    263, 264, 262, 263, 264, 266, 266, 266, 268, 265, 264, 263, 266, 263,
    266, 262, 262, 266, 264, 263, 265, 265, 264, 263, 265, 266, 264, 266,
    267, 268, 268, 268, 269, 269, 268, 268, 264, 269, 266, 265, 265, 269,
    271, 270, 270, 268, 270, 268, 267, 267, 269, 268, 270, 269, 266, 270,
    267, 267, 267, 268, 267 ]
headPositionsY: [ 75, 75, 76, 76, 74, 74, 78, 77, 74, 74, 77, 77, 73, 75,
    74, 75, 74, 75, 77, 74, 77, 77, 73, 75, 76, 78, 80, 81, 89, 88, 88,
    90, 89, 81, 81, 79, 78, 81, 81, 85, 86, 91, 91, 87, 83, 83, 79, 83,
    84, 85, 88, 91, 93, 88, 89, 86, 84, 81, 83, 85, 88, 89, 93, 92, 88,
    88, 85, 81, 80, 78, 79, 81, 83, 88, 92, 88, 91, 89, 85, 80, 79, 74,
    72, 73, 73, 72, 74, 71, 76, 71, 74, 73, 76, 76, 72, 73, 75, 72, 75,
    72 ]
