%YAML:1.0
---
videoName: "headNod30.mp4"
gestureLabel: 202
fps: 29
pixelSizeInCmTemp: 3.2364864864864862e-01
faceCenterPointX: 271
faceCenterPointY: 72
headPositionsX: [ 271, 273, 270, 270, 274, 273, 270, 272, 273, 273, 270,
    270, 274, 272, 273, 271, 272, 269, 271, 270, 272, 271, 270, 271, 272,
    271, 272, 275, 272, 271, 275, 270, 273, 271, 269, 272, 270, 269, 268,
    268, 271, 269, 268, 270, 268, 269, 269, 268, 271, 269, 270, 268, 268,
    272, 272, 268, 268, 273, 270, 273, 269, 270, 269, 273, 272, 271, 269,
    272, 270, 269, 271, 270, 269, 271, 273, 270, 271, 272, 269, 273, 272,
    270, 271, 270, 273, 273, 272, 269, 273, 273, 272, 271, 271, 272, 269,
    274, 273, 272, 272, 271 ]
headPositionsY: [ 72, 75, 77, 77, 78, 76, 74, 78, 75, 73, 76, 77, 76, 77,
    78, 76, 74, 76, 76, 76, 74, 73, 73, 70, 70, 65, 65, 66, 66, 69, 73,
    78, 79, 83, 82, 82, 79, 76, 74, 71, 72, 70, 73, 70, 72, 78, 78, 79,
    80, 79, 76, 75, 71, 74, 71, 71, 70, 71, 71, 74, 74, 74, 75, 73, 73,
    75, 69, 70, 69, 70, 67, 73, 69, 72, 72, 75, 77, 74, 76, 71, 72, 69,
    72, 69, 68, 69, 72, 70, 71, 71, 74, 74, 75, 74, 72, 74, 74, 71, 71,
    72 ]
