%YAML:1.0
---
videoName: "headNod32.mp4"
gestureLabel: 202
fps: 29
pixelSizeInCmTemp: 2.8855421686746985e-01
faceCenterPointX: 266
faceCenterPointY: 74
headPositionsX: [ 265, 267, 270, 267, 271, 267, 265, 268, 265, 267, 268,
    265, 266, 264, 266, 265, 267, 268, 264, 268, 265, 268, 266, 268, 269,
    266, 266, 264, 267, 267, 265, 265, 267, 267, 268, 265, 265, 266, 266,
    268, 267, 267, 268, 266, 268, 266, 267, 267, 269, 268, 269, 268, 266,
    269, 266, 269, 267, 266, 265, 269, 266, 265, 266, 269, 269, 267, 270,
    267, 268, 266, 268, 264, 266, 265, 268, 266, 265, 264, 265, 265, 265,
    267, 263, 267, 267, 266, 266, 267, 266, 269, 269, 268, 269, 267, 267,
    268, 267, 268, 265, 267 ]
headPositionsY: [ 72, 77, 80, 76, 79, 78, 76, 76, 77, 77, 78, 77, 76, 80,
    79, 79, 77, 75, 77, 75, 77, 75, 79, 76, 75, 80, 78, 75, 76, 79, 80,
    78, 77, 78, 80, 78, 80, 78, 77, 80, 78, 79, 79, 77, 78, 76, 79, 77,
    80, 79, 76, 76, 78, 76, 74, 78, 76, 75, 73, 76, 69, 70, 67, 64, 64,
    69, 70, 71, 77, 81, 86, 89, 88, 84, 84, 79, 75, 75, 72, 72, 69, 70,
    72, 69, 73, 76, 75, 74, 73, 75, 77, 77, 74, 76, 76, 74, 74, 72, 75,
    73 ]
