%YAML:1.0
---
videoName: "headNod32.mp4"
gestureLabel: 202
fps: 29
pixelSizeInCmTemp: 2.8855421686746985e-01
faceCenterPointX: 266
faceCenterPointY: 74
headPositionsX: [ 266, 270, 270, 268, 271, 269, 264, 266, 266, 269, 264,
    265, 267, 263, 266, 266, 265, 266, 265, 267, 267, 265, 265, 267, 268,
    268, 266, 267, 264, 266, 267, 266, 265, 269, 266, 266, 269, 265, 269,
    266, 267, 268, 269, 268, 270, 266, 268, 268, 269, 265, 269, 267, 267,
    269, 266, 265, 266, 266, 269, 269, 266, 267, 269, 266, 266, 269, 268,
    266, 265, 265, 268, 264, 266, 267, 264, 267, 263, 266, 267, 267, 264,
    263, 264, 267, 267, 268, 269, 265, 265, 266, 265, 267, 268, 267, 267,
    265, 266, 265, 267, 268 ]
headPositionsY: [ 75, 78, 79, 77, 81, 76, 80, 78, 80, 78, 75, 78, 79, 76,
    78, 79, 76, 79, 75, 79, 77, 77, 79, 75, 75, 79, 76, 76, 80, 79, 79,
    77, 76, 76, 77, 76, 79, 76, 77, 80, 77, 78, 77, 75, 78, 75, 79, 75,
    78, 77, 80, 75, 77, 78, 75, 75, 73, 75, 77, 75, 67, 68, 68, 63, 66,
    67, 66, 73, 77, 84, 89, 88, 89, 84, 83, 79, 77, 75, 73, 70, 71, 72,
    69, 71, 73, 72, 75, 72, 74, 72, 77, 75, 76, 75, 75, 76, 77, 74, 77,
    76 ]
