%YAML:1.0
---
videoName: "headNod16.mp4"
gestureLabel: 202
fps: 29
pixelSizeInCmTemp: 3.3263888888888887e-01
faceCenterPointX: 255
faceCenterPointY: 77
headPositionsX: [ 253, 260, 259, 258, 261, 260, 260, 258, 259, 260, 258,
    260, 257, 259, 259, 257, 259, 258, 260, 258, 260, 259, 260, 258, 259,
    260, 257, 261, 261, 260, 261, 260, 258, 257, 257, 257, 259, 259, 262,
    258, 260, 260, 258, 262, 259, 258, 260, 256, 260, 258, 256, 257, 257,
    259, 256, 257, 257, 256, 260, 259, 256, 258, 254, 254, 256, 253, 257,
    256, 257, 256, 258, 257, 253, 257, 254, 252, 255, 253, 253, 254, 256,
    253, 254, 256, 255, 257, 257, 254, 256, 254, 254, 256, 256, 258, 256,
    254, 258, 257, 253, 256 ]
headPositionsY: [ 77, 74, 74, 76, 77, 74, 77, 76, 74, 74, 74, 75, 74, 76,
    76, 76, 74, 72, 73, 75, 77, 74, 74, 73, 74, 73, 74, 76, 72, 75, 74,
    74, 73, 72, 74, 74, 73, 70, 67, 69, 67, 70, 70, 75, 79, 80, 83, 80,
    82, 80, 78, 73, 71, 68, 70, 72, 74, 76, 75, 79, 81, 81, 81, 82, 78,
    77, 75, 69, 70, 73, 72, 75, 76, 78, 81, 81, 80, 76, 74, 72, 71, 68,
    69, 72, 73, 75, 77, 77, 78, 76, 78, 78, 75, 79, 76, 76, 76, 76, 74,
    75 ]
