%YAML:1.0
---
videoName: "headNod4.mp4"
gestureLabel: 202
fps: 29
pixelSizeInCmTemp: 3.2808219178082193e-01
faceCenterPointX: 264
faceCenterPointY: 72
headPositionsX: [ 265, 270, 268, 268, 270, 272, 269, 270, 270, 269, 268,
    271, 270, 267, 268, 267, 266, 270, 269, 270, 266, 270, 268, 266, 267,
    266, 270, 268, 267, 270, 265, 266, 268, 265, 268, 266, 265, 269, 269,
    265, 270, 270, 266, 267, 268, 268, 267, 266, 267, 266, 266, 269, 269,
    265, 267, 267, 268, 264, 267, 265, 265, 267, 267, 268, 267, 267, 265,
    267, 265, 264, 266, 266, 263, 262, 263, 262, 263, 265, 266, 264, 267,
    264, 265, 266, 265, 264, 263, 265, 265, 263, 264, 263, 263, 265, 265,
    266, 264, 265, 262, 263 ]
headPositionsY: [ 71, 74, 74, 75, 72, 76, 72, 73, 76, 77, 75, 74, 76, 72,
    75, 77, 73, 76, 72, 76, 75, 73, 75, 73, 71, 73, 76, 76, 76, 73, 73,
    73, 75, 75, 77, 77, 73, 75, 74, 72, 74, 75, 75, 73, 71, 70, 70, 65,
    68, 65, 66, 70, 71, 76, 76, 78, 84, 80, 82, 77, 76, 71, 67, 68, 71,
    70, 75, 76, 80, 82, 82, 83, 83, 80, 77, 72, 71, 68, 70, 66, 68, 69,
    73, 77, 78, 83, 83, 84, 82, 80, 80, 80, 78, 78, 78, 77, 76, 73, 73,
    74 ]
