%YAML:1.0
---
videoName: "headNod41.mp4"
gestureLabel: 202
fps: 29
pixelSizeInCmTemp: 2.9937500000000000e-01
faceCenterPointX: 267
faceCenterPointY: 76
headPositionsX: [ 267, 270, 272, 269, 269, 268, 269, 269, 268, 269, 269,
    270, 268, 271, 269, 272, 272, 271, 271, 270, 270, 271, 272, 269, 269,
    271, 270, 267, 268, 272, 271, 272, 270, 269, 269, 269, 271, 272, 272,
    271, 268, 269, 269, 269, 268, 268, 270, 267, 268, 269, 265, 267, 268,
    268, 267, 268, 268, 267, 268, 271, 269, 266, 269, 271, 266, 270, 266,
    267, 266, 267, 267, 269, 270, 267, 270, 269, 269, 266, 265, 269, 269,
    267, 266, 269, 265, 267, 267, 269, 269, 266, 270, 266, 265, 269, 267,
    265, 269, 268, 265, 266 ]
headPositionsY: [ 78, 69, 71, 72, 71, 74, 71, 75, 72, 73, 74, 73, 75, 72,
    75, 75, 74, 73, 73, 73, 74, 73, 76, 75, 76, 74, 74, 76, 72, 76, 74,
    76, 75, 74, 72, 72, 73, 77, 77, 78, 79, 81, 86, 86, 92, 91, 92, 88,
    82, 76, 80, 70, 71, 66, 62, 65, 65, 67, 72, 77, 80, 84, 92, 95, 91,
    91, 88, 79, 76, 75, 72, 72, 72, 72, 73, 75, 81, 83, 84, 85, 80, 79,
    77, 72, 73, 73, 72, 75, 73, 75, 78, 82, 79, 81, 77, 76, 77, 76, 77,
    77 ]
