%YAML:1.0
---
videoName: "headNod46.mp4"
gestureLabel: 202
fps: 30
pixelSizeInCmTemp: 2.8511904761904761e-01
faceCenterPointX: 264
faceCenterPointY: 72
headPositionsX: [ 264, 265, 263, 265, 265, 263, 265, 265, 265, 266, 262,
    264, 262, 266, 266, 264, 264, 262, 266, 265, 266, 263, 266, 268, 266,
    267, 267, 267, 265, 268, 268, 265, 265, 265, 261, 264, 259, 261, 260,
    263, 263, 261, 262, 265, 262, 262, 261, 263, 264, 262, 263, 262, 263,
    264, 265, 265, 264, 263, 265, 265, 263, 261, 261, 263, 264, 262, 262,
    262, 262, 264, 261, 264, 267, 266, 263, 264, 266, 265, 265, 265, 265,
    263, 266, 266, 265, 261, 264, 265, 260, 262, 261, 262, 264, 262, 263,
    264, 263, 266, 265, 264 ]
headPositionsY: [ 74, 68, 68, 67, 69, 69, 71, 71, 74, 75, 74, 76, 80, 84,
    89, 89, 91, 88, 85, 85, 78, 77, 77, 68, 72, 69, 71, 69, 73, 76, 81,
    87, 86, 91, 86, 85, 80, 74, 78, 66, 66, 69, 68, 71, 76, 77, 81, 83,
    85, 83, 82, 78, 77, 72, 70, 65, 65, 65, 67, 73, 74, 79, 80, 79, 77,
    72, 73, 68, 67, 70, 68, 72, 72, 72, 74, 76, 73, 71, 73, 72, 73, 71,
    72, 68, 70, 75, 73, 72, 72, 75, 71, 73, 73, 73, 71, 70, 74, 74, 74,
    73 ]
