%YAML:1.0
---
videoName: "headNod44.mp4"
gestureLabel: 202
fps: 29
pixelSizeInCmTemp: 2.9567901234567900e-01
faceCenterPointX: 268
faceCenterPointY: 78
headPositionsX: [ 269, 270, 270, 268, 270, 268, 271, 266, 272, 269, 270,
    268, 269, 268, 267, 267, 269, 270, 271, 268, 268, 269, 271, 268, 270,
    268, 269, 267, 269, 268, 269, 270, 268, 265, 267, 270, 266, 267, 265,
    267, 267, 265, 268, 265, 266, 267, 267, 267, 269, 267, 268, 269, 267,
    265, 268, 270, 267, 270, 270, 269, 269, 267, 265, 266, 268, 266, 267,
    265, 266, 266, 269, 269, 268, 266, 267, 269, 269, 271, 267, 268, 271,
    270, 266, 270, 269, 269, 268, 271, 268, 269, 268, 269, 268, 266, 266,
    268, 269, 270, 267, 269 ]
headPositionsY: [ 78, 76, 76, 76, 75, 74, 72, 76, 73, 72, 72, 73, 73, 73,
    76, 76, 76, 75, 79, 80, 85, 89, 90, 94, 95, 91, 89, 87, 81, 75, 71,
    68, 69, 68, 74, 76, 78, 82, 84, 90, 86, 85, 79, 78, 71, 74, 71, 76,
    76, 78, 84, 89, 91, 87, 87, 80, 77, 76, 73, 75, 76, 77, 78, 81, 85,
    86, 82, 81, 77, 76, 78, 77, 77, 76, 78, 83, 84, 87, 87, 85, 82, 81,
    80, 78, 76, 78, 76, 79, 77, 80, 78, 81, 80, 76, 76, 79, 76, 76, 76,
    76 ]
