%YAML:1.0
---
videoName: "headNod35.mp4"
gestureLabel: 202
fps: 30
pixelSizeInCmTemp: 2.9937500000000000e-01
faceCenterPointX: 268
faceCenterPointY: 78
headPositionsX: [ 267, 269, 269, 269, 270, 269, 270, 270, 267, 271, 271,
    269, 272, 269, 271, 271, 269, 269, 268, 271, 267, 268, 270, 271, 268,
    270, 268, 271, 270, 271, 270, 273, 268, 269, 271, 271, 269, 268, 267,
    270, 269, 267, 268, 269, 266, 269, 267, 268, 269, 267, 271, 268, 269,
    269, 269, 266, 267, 270, 267, 266, 270, 270, 266, 271, 267, 269, 270,
    269, 267, 269, 270, 271, 266, 268, 267, 266, 270, 270, 269, 268, 270,
    269, 268, 270, 267, 266, 268, 269, 266, 265, 265, 267, 269, 267, 264,
    266, 268, 266, 268, 265 ]
headPositionsY: [ 79, 76, 74, 76, 73, 76, 75, 78, 77, 76, 78, 78, 76, 75,
    75, 77, 78, 76, 75, 78, 78, 76, 79, 75, 74, 77, 77, 70, 70, 67, 69,
    69, 67, 71, 69, 77, 81, 85, 88, 94, 91, 90, 87, 83, 80, 79, 77, 74,
    75, 74, 77, 80, 84, 87, 89, 89, 89, 86, 82, 80, 72, 72, 74, 72, 74,
    77, 78, 80, 85, 87, 86, 85, 82, 77, 76, 74, 76, 76, 74, 76, 79, 83,
    85, 88, 87, 85, 84, 81, 79, 78, 81, 79, 79, 79, 80, 80, 78, 76, 77,
    80 ]
