%YAML:1.0
---
videoName: "headNod47.mp4"
gestureLabel: 202
fps: 29
pixelSizeInCmTemp: 3.0316455696202532e-01
faceCenterPointX: 266
faceCenterPointY: 70
headPositionsX: [ 268, 266, 267, 269, 266, 265, 266, 268, 268, 266, 264,
    264, 267, 267, 262, 263, 263, 265, 265, 264, 264, 265, 264, 268, 265,
    264, 269, 266, 267, 266, 269, 267, 267, 266, 268, 267, 269, 269, 266,
    266, 268, 268, 266, 267, 266, 264, 265, 267, 264, 268, 265, 269, 267,
    266, 265, 267, 267, 266, 269, 269, 264, 269, 269, 265, 264, 267, 268,
    269, 266, 265, 266, 267, 268, 265, 267, 265, 267, 268, 268, 266, 265,
    265, 265, 266, 265, 263, 266, 266, 268, 268, 266, 264, 268, 264, 265,
    265, 266, 265, 268, 264 ]
headPositionsY: [ 69, 60, 61, 61, 59, 57, 61, 61, 62, 66, 70, 74, 79, 83,
    82, 75, 75, 71, 66, 68, 68, 65, 67, 67, 73, 72, 76, 79, 77, 75, 76,
    71, 72, 68, 65, 68, 68, 70, 73, 76, 78, 78, 80, 78, 77, 73, 69, 70,
    69, 69, 68, 68, 70, 74, 73, 73, 73, 73, 70, 70, 66, 69, 70, 69, 69,
    69, 69, 72, 73, 74, 75, 73, 71, 71, 67, 67, 69, 68, 72, 72, 72, 73,
    71, 75, 71, 73, 73, 71, 70, 70, 72, 69, 69, 69, 70, 71, 73, 71, 70,
    73 ]
