%YAML:1.0
---
videoName: "headNod39.mp4"
gestureLabel: 202
fps: 29
pixelSizeInCmTemp: 2.9937500000000000e-01
faceCenterPointX: 268
faceCenterPointY: 78
headPositionsX: [ 270, 270, 265, 268, 269, 269, 269, 266, 269, 270, 268,
    266, 270, 268, 270, 270, 269, 269, 270, 268, 269, 269, 269, 267, 268,
    270, 271, 269, 266, 269, 271, 270, 270, 269, 268, 268, 269, 267, 270,
    269, 267, 270, 269, 270, 267, 270, 269, 268, 267, 265, 269, 269, 267,
    266, 267, 268, 266, 266, 268, 265, 265, 266, 266, 269, 267, 265, 265,
    269, 266, 266, 267, 268, 269, 265, 269, 267, 265, 266, 268, 268, 265,
    267, 267, 266, 269, 266, 267, 264, 269, 267, 266, 269, 267, 269, 267,
    269, 267, 267, 266, 267 ]
headPositionsY: [ 79, 77, 77, 77, 76, 79, 78, 78, 78, 75, 74, 74, 78, 78,
    78, 77, 74, 76, 75, 76, 77, 76, 75, 75, 77, 75, 76, 77, 78, 78, 75,
    75, 78, 75, 77, 77, 77, 77, 81, 80, 80, 82, 83, 86, 83, 80, 80, 77,
    76, 75, 73, 77, 75, 73, 78, 86, 87, 90, 89, 89, 87, 79, 76, 77, 73,
    73, 74, 74, 78, 79, 84, 85, 84, 82, 76, 78, 74, 77, 74, 74, 78, 79,
    78, 80, 81, 82, 77, 78, 80, 77, 79, 80, 76, 78, 79, 76, 77, 78, 78,
    76 ]
