%YAML:1.0
---
videoName: "headNod35.mp4"
gestureLabel: 202
fps: 30
pixelSizeInCmTemp: 2.9937500000000000e-01
faceCenterPointX: 268
faceCenterPointY: 78
headPositionsX: [ 267, 269, 270, 269, 268, 267, 269, 271, 270, 272, 270,
    269, 272, 270, 268, 270, 270, 269, 268, 269, 268, 270, 271, 271, 270,
    269, 268, 267, 268, 271, 273, 271, 269, 270, 268, 270, 271, 270, 267,
    269, 269, 265, 269, 266, 270, 270, 270, 269, 272, 270, 269, 267, 271,
    270, 269, 268, 268, 267, 266, 270, 269, 267, 268, 267, 268, 271, 266,
    268, 270, 268, 271, 271, 267, 267, 270, 267, 266, 270, 270, 268, 266,
    269, 266, 268, 265, 268, 268, 266, 265, 266, 265, 267, 267, 269, 268,
    266, 266, 269, 268, 267 ]
headPositionsY: [ 78, 76, 75, 78, 74, 75, 74, 75, 76, 76, 75, 75, 77, 76,
    75, 78, 76, 75, 78, 75, 79, 74, 79, 75, 76, 75, 77, 73, 71, 69, 69,
    66, 68, 72, 72, 77, 79, 86, 91, 94, 92, 91, 90, 82, 78, 78, 74, 73,
    72, 75, 79, 80, 85, 89, 88, 90, 87, 83, 82, 79, 72, 70, 70, 73, 75,
    76, 77, 79, 86, 87, 88, 85, 80, 79, 77, 77, 76, 76, 77, 77, 81, 85,
    86, 88, 85, 85, 81, 84, 81, 80, 77, 80, 81, 80, 77, 79, 79, 77, 80,
    77 ]
