%YAML:1.0
---
videoName: "headNod47.mp4"
gestureLabel: 202
fps: 29
pixelSizeInCmTemp: 3.0316455696202532e-01
faceCenterPointX: 266
faceCenterPointY: 70
headPositionsX: [ 268, 268, 266, 269, 267, 266, 264, 267, 265, 268, 268,
    267, 266, 267, 263, 262, 267, 266, 265, 267, 263, 265, 267, 267, 268,
    264, 265, 268, 267, 268, 269, 268, 267, 269, 265, 268, 266, 270, 266,
    267, 265, 265, 270, 266, 268, 267, 267, 264, 266, 265, 268, 265, 267,
    267, 265, 267, 265, 268, 265, 269, 266, 265, 269, 268, 264, 264, 266,
    266, 265, 265, 264, 269, 269, 265, 267, 266, 268, 266, 268, 266, 267,
    266, 268, 265, 267, 263, 264, 264, 266, 267, 264, 266, 268, 267, 266,
    265, 264, 267, 267, 265 ]
headPositionsY: [ 71, 62, 62, 58, 58, 56, 57, 62, 64, 65, 72, 75, 82, 80,
    80, 78, 73, 69, 70, 69, 67, 66, 67, 71, 71, 72, 76, 80, 75, 75, 72,
    70, 71, 69, 67, 69, 70, 72, 70, 73, 78, 77, 80, 77, 74, 75, 72, 68,
    69, 68, 67, 67, 69, 75, 76, 73, 75, 71, 72, 71, 69, 65, 67, 67, 67,
    71, 69, 76, 72, 76, 74, 74, 71, 70, 67, 71, 70, 70, 69, 71, 73, 73,
    74, 75, 72, 72, 69, 68, 70, 69, 71, 72, 72, 70, 71, 70, 69, 72, 72,
    71 ]
