%YAML:1.0
---
videoName: "headNod32.mp4"
gestureLabel: 202
fps: 29
pixelSizeInCmTemp: 2.8855421686746985e-01
faceCenterPointX: 266
faceCenterPointY: 74
headPositionsX: [ 268, 271, 268, 269, 267, 268, 267, 265, 268, 265, 268,
    265, 263, 263, 264, 264, 269, 268, 264, 267, 266, 266, 267, 268, 268,
    265, 267, 265, 264, 264, 269, 265, 266, 267, 269, 267, 265, 269, 266,
    266, 268, 270, 268, 266, 266, 265, 267, 268, 270, 266, 266, 269, 265,
    267, 268, 267, 269, 267, 265, 269, 267, 265, 268, 267, 265, 267, 267,
    268, 266, 268, 264, 267, 268, 264, 264, 264, 263, 267, 266, 264, 266,
    266, 267, 267, 265, 267, 268, 266, 267, 266, 265, 265, 267, 265, 266,
    265, 266, 266, 265, 265 ]
headPositionsY: [ 72, 80, 77, 79, 81, 78, 76, 78, 76, 78, 76, 79, 77, 79,
    76, 76, 78, 77, 78, 78, 78, 75, 77, 78, 78, 78, 77, 78, 78, 75, 79,
    77, 80, 79, 80, 77, 79, 75, 78, 78, 79, 77, 79, 76, 77, 79, 80, 76,
    79, 75, 78, 78, 78, 79, 76, 75, 76, 74, 73, 75, 67, 69, 66, 63, 65,
    66, 68, 75, 80, 81, 89, 86, 88, 85, 83, 80, 77, 74, 73, 72, 73, 71,
    72, 70, 71, 73, 75, 72, 74, 72, 76, 76, 77, 75, 75, 74, 76, 74, 77,
    76 ]
