%YAML:1.0
---
videoName: "headNod7.mp4"
gestureLabel: 202
fps: 29
pixelSizeInCmTemp: 3.2808219178082193e-01
faceCenterPointX: 261
faceCenterPointY: 71
headPositionsX: [ 262, 268, 265, 263, 266, 265, 263, 262, 265, 264, 262,
    263, 262, 265, 263, 263, 263, 263, 264, 263, 264, 264, 262, 260, 262,
    262, 261, 260, 262, 260, 263, 264, 259, 262, 261, 261, 262, 261, 263,
    260, 263, 264, 259, 262, 260, 259, 262, 261, 263, 262, 264, 262, 264,
    260, 265, 259, 263, 263, 264, 263, 263, 261, 261, 260, 261, 260, 262,
    259, 260, 262, 259, 259, 263, 263, 260, 263, 259, 263, 263, 263, 264,
    262, 263, 261, 262, 260, 262, 261, 260, 263, 262, 261, 260, 263, 261,
    259, 261, 260, 261, 260 ]
headPositionsY: [ 73, 77, 76, 75, 75, 74, 74, 74, 75, 74, 76, 71, 74, 73,
    74, 74, 73, 77, 74, 74, 76, 75, 75, 75, 74, 75, 74, 76, 78, 75, 76,
    73, 73, 73, 73, 77, 75, 76, 77, 77, 76, 73, 78, 74, 75, 78, 76, 75,
    71, 71, 70, 69, 70, 71, 74, 74, 76, 79, 82, 76, 77, 69, 69, 71, 70,
    72, 74, 76, 81, 81, 78, 75, 74, 69, 72, 69, 68, 68, 70, 75, 74, 78,
    80, 75, 79, 75, 76, 74, 74, 71, 71, 71, 71, 69, 72, 70, 73, 70, 74,
    72 ]
