%YAML:1.0
---
videoName: "headNod43.mp4"
gestureLabel: 202
fps: 29
pixelSizeInCmTemp: 2.8855421686746985e-01
faceCenterPointX: 268
faceCenterPointY: 74
headPositionsX: [ 270, 272, 268, 269, 269, 269, 271, 268, 268, 269, 267,
    268, 271, 268, 271, 267, 267, 269, 266, 269, 266, 268, 270, 269, 266,
    269, 265, 267, 267, 267, 266, 263, 267, 267, 264, 266, 264, 266, 266,
    265, 264, 265, 264, 262, 267, 265, 268, 268, 268, 264, 267, 265, 265,
    266, 266, 262, 266, 267, 266, 267, 266, 263, 266, 262, 267, 264, 264,
    267, 265, 267, 268, 266, 266, 267, 267, 267, 268, 266, 265, 265, 271,
    269, 269, 268, 268, 269, 269, 268, 271, 270, 268, 269, 268, 270, 271,
    271, 269, 270, 270, 266 ]
headPositionsY: [ 73, 76, 77, 76, 74, 77, 77, 76, 76, 75, 75, 76, 75, 73,
    77, 73, 77, 75, 73, 73, 73, 76, 73, 78, 77, 79, 80, 84, 88, 90, 90,
    89, 85, 84, 79, 76, 79, 81, 82, 84, 88, 90, 90, 86, 86, 81, 79, 82,
    80, 87, 87, 91, 89, 91, 89, 87, 82, 84, 82, 87, 85, 87, 91, 92, 92,
    85, 84, 81, 81, 78, 80, 83, 84, 87, 88, 92, 91, 88, 82, 81, 76, 76,
    74, 71, 72, 73, 75, 75, 75, 75, 71, 72, 72, 75, 75, 72, 74, 73, 73,
    72 ]
