%YAML:1.0
---
videoName: "headNod33.mp4"
gestureLabel: 202
fps: 29
pixelSizeInCmTemp: 2.9567901234567900e-01
faceCenterPointX: 268
faceCenterPointY: 74
headPositionsX: [ 266, 267, 268, 271, 270, 270, 272, 268, 270, 270, 272,
    268, 272, 268, 271, 269, 269, 269, 270, 272, 272, 269, 272, 267, 271,
    271, 269, 272, 269, 267, 268, 270, 268, 269, 271, 271, 269, 269, 268,
    269, 267, 270, 270, 272, 271, 269, 270, 268, 268, 266, 271, 270, 266,
    266, 268, 270, 269, 268, 266, 265, 269, 266, 266, 270, 268, 266, 265,
    270, 269, 267, 267, 265, 265, 267, 270, 270, 269, 270, 270, 266, 270,
    269, 268, 265, 270, 265, 266, 269, 267, 265, 268, 268, 266, 266, 266,
    269, 269, 268, 268, 269 ]
headPositionsY: [ 75, 71, 74, 71, 72, 72, 70, 73, 74, 70, 72, 71, 74, 69,
    72, 73, 70, 70, 70, 69, 72, 71, 70, 71, 70, 70, 69, 73, 72, 74, 72,
    73, 75, 76, 77, 74, 79, 77, 75, 70, 70, 68, 65, 63, 66, 65, 72, 75,
    78, 81, 83, 82, 82, 76, 75, 73, 71, 68, 71, 69, 67, 73, 73, 74, 75,
    78, 77, 76, 76, 78, 75, 76, 71, 69, 69, 69, 71, 74, 73, 74, 77, 76,
    79, 77, 78, 78, 76, 78, 74, 76, 74, 73, 73, 76, 77, 78, 73, 74, 74,
    76 ]
