%YAML:1.0
---
videoName: "headNod13.mp4"
gestureLabel: 202
fps: 29
pixelSizeInCmTemp: 3.2364864864864862e-01
faceCenterPointX: 253
faceCenterPointY: 79
headPositionsX: [ 254, 253, 250, 252, 252, 250, 253, 251, 252, 256, 254,
    255, 253, 257, 253, 254, 253, 255, 256, 255, 256, 256, 252, 256, 256,
    255, 253, 253, 255, 253, 254, 253, 254, 256, 252, 253, 251, 252, 250,
    253, 252, 251, 252, 255, 254, 255, 251, 255, 251, 251, 251, 255, 253,
    256, 255, 256, 255, 255, 254, 252, 253, 253, 254, 252, 253, 255, 252,
    253, 253, 255, 252, 253, 253, 254, 256, 256, 252, 256, 254, 256, 253,
    256, 256, 256, 256, 254, 256, 255, 253, 256, 254, 256, 253, 253, 254,
    255, 251, 254, 253, 253 ]
headPositionsY: [ 80, 72, 75, 76, 72, 75, 76, 74, 75, 73, 75, 74, 75, 71,
    76, 71, 75, 75, 72, 73, 73, 74, 74, 74, 74, 72, 75, 73, 75, 76, 72,
    72, 75, 73, 76, 74, 75, 73, 73, 74, 74, 76, 76, 75, 73, 75, 73, 75,
    71, 74, 71, 68, 68, 66, 68, 72, 73, 76, 75, 75, 80, 77, 75, 75, 71,
    73, 70, 69, 70, 67, 74, 73, 75, 74, 77, 77, 82, 79, 75, 74, 73, 73,
    75, 71, 74, 76, 74, 77, 78, 79, 78, 80, 81, 79, 78, 80, 80, 78, 81,
    79 ]
