%YAML:1.0
---
videoName: "headNod19.mp4"
gestureLabel: 202
fps: 29
pixelSizeInCmTemp: 3.1933333333333330e-01
faceCenterPointX: 255
faceCenterPointY: 81
headPositionsX: [ 255, 257, 255, 259, 257, 258, 259, 254, 256, 259, 257,
    256, 257, 254, 253, 256, 252, 251, 250, 252, 252, 253, 249, 249, 251,
    249, 249, 252, 252, 254, 251, 252, 251, 254, 254, 253, 254, 256, 252,
    255, 253, 256, 257, 253, 257, 254, 256, 255, 257, 253, 256, 254, 253,
    255, 255, 254, 254, 258, 254, 256, 257, 256, 256, 258, 253, 257, 255,
    254, 256, 257, 255, 258, 256, 257, 255, 257, 258, 253, 253, 257, 257,
    254, 257, 256, 258, 256, 255, 256, 257, 253, 256, 255, 257, 256, 258,
    257, 254, 256, 257, 257 ]
headPositionsY: [ 82, 86, 85, 82, 82, 80, 76, 75, 76, 76, 76, 78, 79, 76,
    76, 77, 78, 79, 78, 78, 78, 79, 77, 80, 80, 77, 78, 80, 78, 81, 81,
    78, 80, 80, 78, 79, 77, 77, 76, 81, 79, 79, 78, 79, 79, 81, 76, 78,
    79, 80, 79, 79, 80, 79, 77, 81, 78, 81, 77, 77, 79, 78, 77, 78, 81,
    80, 76, 79, 73, 75, 73, 72, 76, 74, 82, 83, 85, 85, 80, 81, 76, 74,
    76, 79, 84, 84, 86, 85, 82, 82, 84, 80, 83, 83, 80, 82, 84, 82, 84,
    80 ]
