%YAML:1.0
---
videoName: "headNod29.mp4"
gestureLabel: 202
fps: 29
pixelSizeInCmTemp: 3.1933333333333330e-01
faceCenterPointX: 271
faceCenterPointY: 70
headPositionsX: [ 272, 272, 272, 272, 273, 274, 275, 274, 273, 272, 274,
    274, 274, 271, 271, 274, 270, 273, 272, 274, 271, 274, 270, 275, 271,
    271, 274, 271, 270, 270, 270, 270, 271, 272, 270, 273, 271, 268, 274,
    270, 272, 269, 270, 271, 273, 273, 271, 269, 269, 273, 273, 271, 273,
    270, 272, 271, 270, 270, 269, 269, 269, 268, 268, 272, 271, 271, 271,
    269, 270, 272, 269, 272, 269, 272, 273, 273, 273, 271, 273, 271, 272,
    270, 271, 271, 271, 273, 271, 273, 272, 273, 270, 269, 273, 269, 272,
    273, 273, 271, 268, 273 ]
headPositionsY: [ 70, 72, 75, 74, 74, 75, 76, 76, 82, 78, 80, 78, 77, 75,
    71, 69, 67, 66, 66, 67, 67, 70, 66, 70, 73, 76, 77, 82, 77, 81, 77,
    75, 78, 72, 72, 71, 72, 69, 70, 72, 73, 78, 80, 77, 77, 81, 75, 77,
    75, 72, 73, 72, 75, 77, 82, 84, 81, 78, 77, 74, 75, 74, 75, 76, 76,
    76, 78, 79, 74, 74, 74, 70, 71, 69, 69, 69, 73, 76, 77, 78, 74, 77,
    76, 72, 70, 73, 71, 71, 68, 67, 68, 69, 72, 72, 72, 71, 72, 71, 71,
    73 ]
