%YAML:1.0
---
videoName: "headNod30.mp4"
gestureLabel: 202
fps: 29
pixelSizeInCmTemp: 3.2364864864864862e-01
faceCenterPointX: 271
faceCenterPointY: 72
headPositionsX: [ 271, 274, 270, 271, 271, 269, 270, 274, 271, 272, 274,
    272, 274, 274, 271, 272, 274, 272, 273, 272, 272, 273, 270, 270, 273,
    270, 274, 274, 273, 273, 273, 272, 272, 271, 273, 271, 273, 272, 270,
    269, 268, 268, 272, 267, 269, 271, 267, 271, 269, 271, 270, 271, 269,
    271, 270, 269, 270, 270, 270, 269, 272, 272, 270, 271, 270, 271, 268,
    271, 270, 272, 271, 271, 272, 272, 271, 271, 271, 271, 272, 274, 271,
    271, 273, 269, 272, 271, 272, 273, 274, 273, 272, 271, 273, 269, 269,
    272, 272, 271, 269, 273 ]
headPositionsY: [ 71, 77, 73, 76, 78, 77, 76, 75, 74, 77, 76, 74, 73, 76,
    74, 78, 74, 75, 77, 74, 75, 75, 73, 72, 68, 65, 69, 69, 70, 70, 72,
    74, 77, 83, 83, 81, 81, 77, 76, 72, 70, 72, 70, 74, 72, 74, 77, 78,
    80, 77, 78, 77, 72, 74, 69, 72, 73, 70, 73, 73, 76, 76, 77, 77, 72,
    73, 73, 68, 71, 70, 67, 73, 71, 73, 72, 76, 75, 76, 76, 72, 73, 69,
    68, 68, 68, 73, 70, 72, 73, 75, 73, 75, 76, 75, 71, 73, 72, 73, 73,
    74 ]
