%YAML:1.0
---
videoName: "headNod12.mp4"
gestureLabel: 202
fps: 29
pixelSizeInCmTemp: 3.2808219178082193e-01
faceCenterPointX: 254
faceCenterPointY: 69
headPositionsX: [ 252, 254, 252, 256, 252, 255, 256, 252, 253, 254, 255,
    255, 256, 256, 258, 255, 254, 258, 256, 256, 254, 258, 255, 256, 257,
    258, 255, 254, 255, 256, 258, 255, 257, 256, 253, 256, 256, 253, 255,
    255, 252, 255, 256, 255, 256, 255, 257, 254, 252, 254, 256, 255, 252,
    252, 256, 252, 255, 256, 254, 253, 254, 256, 256, 253, 253, 256, 254,
    253, 253, 255, 252, 254, 253, 255, 256, 255, 254, 254, 253, 255, 252,
    255, 257, 255, 256, 256, 255, 256, 256, 255, 256, 256, 256, 253, 254,
    252, 254, 252, 255, 252 ]
headPositionsY: [ 67, 74, 72, 75, 73, 74, 75, 73, 75, 74, 75, 77, 76, 74,
    72, 72, 73, 71, 73, 72, 75, 74, 74, 74, 76, 74, 74, 72, 73, 72, 76,
    74, 76, 73, 73, 72, 72, 70, 64, 62, 65, 63, 63, 61, 65, 65, 70, 69,
    73, 74, 79, 77, 77, 76, 75, 73, 70, 65, 68, 64, 66, 62, 61, 63, 64,
    67, 70, 73, 74, 72, 75, 73, 75, 74, 73, 70, 70, 69, 70, 67, 64, 65,
    67, 68, 67, 69, 68, 74, 72, 72, 73, 74, 71, 71, 71, 70, 69, 69, 68,
    70 ]
