%YAML:1.0
---
videoName: "headNod22.mp4"
gestureLabel: 202
fps: 29
pixelSizeInCmTemp: 3.1513157894736843e-01
faceCenterPointX: 252
faceCenterPointY: 80
headPositionsX: [ 252, 254, 252, 253, 252, 252, 253, 252, 253, 250, 252,
    252, 253, 251, 253, 250, 255, 251, 252, 255, 253, 254, 252, 253, 253,
    254, 253, 255, 256, 255, 253, 254, 254, 256, 254, 254, 254, 255, 255,
    255, 252, 253, 251, 253, 251, 255, 252, 252, 254, 251, 250, 251, 253,
    251, 254, 252, 251, 249, 249, 251, 254, 252, 254, 252, 252, 254, 253,
    253, 252, 252, 254, 250, 252, 253, 251, 250, 252, 250, 252, 255, 252,
    250, 252, 253, 252, 252, 250, 251, 250, 253, 252, 255, 252, 249, 252,
    249, 251, 251, 250, 252 ]
headPositionsY: [ 79, 76, 81, 77, 76, 79, 80, 80, 79, 80, 79, 77, 77, 81,
    77, 80, 81, 79, 78, 79, 77, 82, 79, 81, 83, 85, 85, 84, 81, 78, 78,
    72, 74, 72, 72, 74, 75, 80, 78, 83, 86, 85, 82, 79, 74, 71, 70, 73,
    69, 76, 78, 80, 80, 86, 84, 84, 81, 80, 73, 76, 73, 71, 72, 73, 74,
    78, 81, 82, 81, 77, 75, 73, 76, 74, 75, 79, 78, 79, 79, 78, 78, 77,
    77, 75, 77, 78, 80, 81, 78, 77, 77, 80, 76, 78, 82, 82, 81, 81, 81,
    79 ]
