%YAML:1.0
---
videoName: "headNod9.mp4"
gestureLabel: 202
fps: 29
pixelSizeInCmTemp: 3.1513157894736843e-01
faceCenterPointX: 261
faceCenterPointY: 75
headPositionsX: [ 261, 261, 262, 259, 263, 260, 260, 259, 263, 262, 260,
    262, 259, 259, 261, 259, 263, 258, 263, 259, 263, 261, 259, 258, 258,
    258, 260, 262, 263, 260, 262, 259, 259, 259, 259, 262, 261, 262, 262,
    262, 263, 261, 259, 262, 261, 261, 260, 260, 259, 261, 261, 261, 258,
    258, 260, 262, 262, 261, 260, 262, 260, 258, 261, 259, 263, 262, 263,
    262, 259, 257, 261, 258, 261, 261, 262, 258, 259, 262, 261, 258, 259,
    257, 259, 259, 261, 259, 258, 258, 258, 258, 262, 260, 258, 259, 261,
    262, 260, 260, 258, 262 ]
headPositionsY: [ 73, 73, 76, 73, 75, 76, 76, 74, 75, 76, 76, 77, 75, 74,
    77, 75, 77, 75, 75, 77, 76, 76, 75, 74, 77, 76, 77, 74, 77, 78, 79,
    79, 78, 81, 81, 82, 77, 76, 76, 73, 72, 75, 79, 80, 82, 86, 88, 86,
    79, 79, 78, 76, 78, 76, 80, 82, 85, 83, 81, 78, 75, 73, 71, 73, 77,
    81, 81, 84, 82, 83, 77, 74, 72, 72, 70, 70, 72, 73, 79, 77, 81, 81,
    81, 79, 79, 79, 78, 77, 72, 74, 74, 70, 72, 73, 76, 76, 75, 72, 75,
    72 ]
