%YAML:1.0
---
videoName: "headNod1.mp4"
gestureLabel: 202
fps: 29
pixelSizeInCmTemp: 3.2808219178082193e-01
faceCenterPointX: 263
faceCenterPointY: 78
headPositionsX: [ 264, 262, 263, 262, 265, 263, 260, 266, 262, 264, 261,
    264, 265, 261, 265, 264, 265, 265, 263, 264, 266, 264, 267, 264, 264,
    263, 264, 263, 263, 266, 262, 265, 264, 265, 265, 262, 264, 264, 262,
    267, 265, 263, 265, 266, 268, 266, 264, 267, 265, 263, 265, 262, 264,
    265, 260, 262, 262, 263, 263, 260, 265, 264, 264, 262, 261, 265, 267,
    263, 262, 265, 260, 265, 261, 261, 265, 260, 262, 263, 261, 261, 263,
    263, 261, 260, 263, 261, 264, 261, 265, 263, 262, 260, 263, 263, 263,
    262, 263, 264, 263, 265 ]
headPositionsY: [ 78, 75, 73, 72, 72, 75, 75, 76, 74, 74, 73, 75, 73, 74,
    74, 76, 75, 74, 75, 75, 74, 75, 73, 75, 76, 76, 77, 74, 74, 77, 77,
    75, 73, 72, 72, 73, 71, 70, 64, 62, 65, 64, 64, 62, 64, 68, 68, 70,
    71, 77, 75, 77, 84, 84, 84, 81, 78, 79, 77, 72, 72, 69, 68, 67, 63,
    67, 67, 74, 76, 77, 79, 76, 75, 74, 71, 68, 68, 68, 65, 64, 64, 65,
    69, 69, 73, 74, 80, 79, 81, 82, 82, 81, 78, 82, 82, 77, 78, 78, 80,
    77 ]
