%YAML:1.0
---
videoName: "headNod14.mp4"
gestureLabel: 202
fps: 29
pixelSizeInCmTemp: 3.2808219178082193e-01
faceCenterPointX: 257
faceCenterPointY: 71
headPositionsX: [ 259, 257, 259, 258, 260, 255, 260, 257, 258, 259, 258,
    259, 257, 260, 256, 260, 256, 257, 256, 260, 258, 256, 259, 258, 260,
    259, 260, 260, 259, 258, 258, 260, 259, 260, 258, 259, 256, 261, 257,
    261, 258, 259, 262, 259, 262, 257, 262, 262, 257, 260, 260, 257, 257,
    256, 257, 258, 260, 260, 260, 260, 259, 259, 261, 261, 260, 257, 260,
    257, 261, 259, 257, 259, 260, 257, 258, 257, 255, 257, 255, 258, 258,
    259, 258, 258, 258, 256, 256, 258, 256, 256, 256, 255, 260, 255, 256,
    258, 258, 257, 259, 257 ]
headPositionsY: [ 71, 79, 77, 79, 80, 75, 75, 78, 79, 76, 75, 76, 79, 76,
    77, 78, 77, 79, 76, 79, 79, 79, 75, 76, 78, 78, 80, 76, 78, 77, 80,
    75, 79, 80, 75, 76, 78, 77, 78, 77, 75, 74, 73, 70, 71, 66, 68, 69,
    72, 74, 74, 78, 79, 82, 82, 83, 78, 82, 77, 73, 75, 69, 70, 71, 70,
    73, 73, 78, 77, 81, 82, 80, 80, 78, 73, 70, 69, 66, 67, 68, 73, 72,
    74, 79, 82, 79, 81, 75, 78, 73, 70, 73, 70, 70, 70, 69, 72, 73, 69,
    69 ]
