%YAML:1.0
---
videoName: "headNod24.mp4"
gestureLabel: 202
fps: 29
pixelSizeInCmTemp: 3.1513157894736843e-01
faceCenterPointX: 272
faceCenterPointY: 72
headPositionsX: [ 271, 274, 274, 276, 276, 274, 273, 273, 273, 275, 274,
    275, 272, 273, 272, 276, 277, 276, 273, 276, 273, 275, 275, 271, 274,
    273, 274, 271, 273, 272, 273, 274, 271, 272, 273, 274, 272, 273, 275,
    275, 271, 272, 270, 272, 269, 273, 274, 274, 271, 274, 272, 272, 271,
    273, 273, 270, 274, 274, 272, 273, 269, 273, 269, 271, 269, 269, 270,
    271, 273, 273, 273, 270, 269, 270, 268, 270, 268, 271, 273, 272, 268,
    270, 269, 270, 270, 272, 268, 272, 269, 270, 271, 272, 273, 271, 271,
    271, 270, 270, 270, 271 ]
headPositionsY: [ 73, 72, 71, 71, 71, 73, 72, 73, 72, 74, 73, 73, 73, 71,
    73, 74, 71, 76, 73, 73, 75, 71, 72, 71, 73, 71, 76, 76, 76, 72, 74,
    74, 72, 74, 74, 73, 73, 70, 70, 69, 71, 71, 74, 78, 80, 81, 81, 77,
    69, 67, 69, 65, 69, 70, 77, 77, 73, 75, 72, 68, 66, 65, 67, 69, 72,
    75, 73, 78, 75, 72, 70, 71, 67, 66, 67, 71, 72, 75, 77, 76, 74, 73,
    74, 72, 70, 70, 71, 72, 68, 69, 71, 71, 71, 75, 72, 73, 71, 73, 73,
    73 ]
