%YAML:1.0
---
videoName: "headNod37.mp4"
gestureLabel: 202
fps: 29
pixelSizeInCmTemp: 2.9207317073170730e-01
faceCenterPointX: 269
faceCenterPointY: 78
headPositionsX: [ 267, 270, 273, 273, 269, 269, 272, 270, 270, 271, 269,
    271, 272, 272, 270, 269, 270, 268, 270, 267, 269, 269, 268, 269, 267,
    270, 269, 270, 270, 268, 270, 270, 270, 272, 271, 267, 269, 268, 271,
    272, 270, 271, 268, 267, 271, 268, 272, 271, 271, 271, 267, 268, 271,
    271, 272, 269, 272, 269, 270, 268, 271, 268, 268, 266, 265, 268, 266,
    266, 266, 265, 265, 268, 265, 269, 267, 268, 266, 270, 270, 271, 269,
    270, 269, 272, 271, 268, 270, 271, 271, 269, 268, 269, 271, 270, 270,
    271, 270, 267, 269, 271 ]
headPositionsY: [ 79, 78, 75, 77, 76, 77, 77, 77, 77, 76, 73, 78, 76, 75,
    78, 76, 76, 76, 77, 77, 77, 73, 77, 77, 76, 73, 74, 75, 74, 77, 74,
    75, 75, 79, 74, 74, 77, 76, 75, 76, 76, 75, 76, 74, 76, 75, 76, 77,
    77, 74, 74, 72, 74, 68, 66, 68, 66, 65, 66, 67, 69, 71, 79, 85, 86,
    90, 85, 85, 85, 80, 74, 73, 70, 68, 67, 66, 65, 65, 65, 68, 74, 72,
    77, 80, 84, 84, 84, 83, 82, 82, 80, 77, 79, 78, 77, 78, 75, 77, 78,
    80 ]
