%YAML:1.0
---
videoName: "headNod17.mp4"
gestureLabel: 202
fps: 30
pixelSizeInCmTemp: 3.2808219178082193e-01
faceCenterPointX: 253
faceCenterPointY: 76
headPositionsX: [ 255, 253, 255, 255, 253, 255, 257, 257, 257, 256, 256,
    254, 257, 257, 257, 253, 256, 256, 254, 255, 254, 256, 254, 253, 253,
    253, 254, 257, 255, 255, 254, 255, 255, 255, 255, 255, 255, 253, 257,
    256, 252, 252, 254, 253, 255, 255, 251, 255, 251, 253, 251, 256, 252,
    255, 256, 252, 255, 253, 254, 257, 254, 256, 257, 255, 257, 253, 256,
    255, 255, 255, 256, 256, 255, 255, 256, 253, 257, 255, 255, 256, 252,
    255, 252, 254, 253, 256, 253, 255, 256, 253, 252, 255, 254, 253, 254,
    253, 257, 253, 254, 253 ]
headPositionsY: [ 76, 80, 75, 76, 79, 77, 78, 76, 78, 79, 75, 75, 75, 78,
    77, 76, 78, 79, 78, 79, 77, 77, 74, 71, 74, 68, 69, 67, 68, 69, 68,
    68, 67, 69, 68, 69, 72, 75, 76, 77, 77, 82, 84, 87, 85, 83, 81, 85,
    82, 79, 76, 77, 74, 74, 71, 69, 70, 67, 70, 70, 69, 71, 74, 74, 79,
    77, 82, 80, 78, 78, 80, 75, 74, 77, 77, 78, 77, 79, 77, 80, 74, 77,
    76, 75, 74, 76, 78, 80, 80, 77, 79, 75, 78, 77, 77, 74, 80, 75, 76,
    79 ]
