%YAML:1.0
---
videoName: "headNod12.mp4"
gestureLabel: 202
fps: 29
pixelSizeInCmTemp: 3.2808219178082193e-01
faceCenterPointX: 254
faceCenterPointY: 69
headPositionsX: [ 254, 252, 255, 253, 254, 253, 252, 254, 255, 257, 255,
    258, 254, 254, 256, 256, 256, 254, 258, 259, 256, 254, 259, 257, 257,
    255, 259, 258, 258, 254, 255, 255, 255, 252, 257, 253, 253, 253, 252,
    252, 256, 254, 255, 254, 253, 258, 254, 254, 255, 256, 255, 257, 253,
    256, 254, 253, 253, 255, 254, 252, 253, 254, 255, 253, 252, 256, 255,
    254, 252, 251, 256, 254, 256, 255, 255, 253, 252, 255, 256, 256, 255,
    253, 253, 253, 254, 256, 256, 255, 254, 257, 257, 256, 256, 254, 253,
    253, 254, 253, 254, 254 ]
headPositionsY: [ 70, 74, 72, 72, 74, 71, 76, 74, 72, 73, 76, 74, 75, 73,
    71, 72, 72, 74, 71, 71, 74, 73, 76, 71, 73, 73, 75, 76, 75, 72, 76,
    76, 75, 74, 71, 70, 69, 70, 64, 66, 65, 62, 63, 60, 64, 66, 68, 72,
    70, 75, 76, 81, 80, 75, 74, 72, 72, 68, 66, 65, 66, 64, 63, 66, 64,
    68, 69, 73, 74, 75, 77, 74, 74, 76, 71, 69, 68, 67, 68, 68, 64, 68,
    66, 64, 69, 67, 71, 72, 74, 75, 73, 72, 75, 74, 71, 69, 69, 68, 70,
    71 ]
