%YAML:1.0
---
videoName: "headNod3.mp4"
gestureLabel: 202
fps: 29
pixelSizeInCmTemp: 3.1933333333333330e-01
faceCenterPointX: 264
faceCenterPointY: 76
headPositionsX: [ 264, 265, 262, 264, 264, 261, 263, 265, 267, 263, 268,
    267, 266, 267, 264, 266, 263, 266, 264, 265, 263, 264, 264, 267, 267,
    266, 265, 263, 267, 264, 264, 267, 265, 268, 267, 265, 265, 268, 265,
    268, 265, 265, 267, 267, 264, 264, 264, 267, 264, 267, 268, 263, 264,
    263, 262, 262, 266, 263, 263, 265, 263, 264, 262, 264, 263, 265, 264,
    264, 261, 264, 266, 264, 261, 264, 263, 264, 263, 265, 265, 266, 264,
    261, 262, 262, 262, 262, 264, 264, 266, 266, 261, 266, 265, 262, 263,
    266, 262, 267, 262, 267 ]
headPositionsY: [ 77, 77, 75, 75, 76, 78, 75, 74, 75, 73, 75, 75, 73, 73,
    74, 74, 75, 75, 75, 71, 74, 70, 71, 73, 75, 75, 74, 76, 72, 77, 74,
    73, 73, 76, 75, 74, 74, 74, 74, 75, 73, 73, 74, 75, 74, 69, 70, 67,
    64, 66, 68, 67, 70, 74, 77, 82, 81, 82, 81, 78, 76, 72, 70, 68, 67,
    67, 68, 72, 73, 76, 82, 82, 81, 78, 75, 73, 70, 67, 67, 67, 64, 66,
    67, 71, 74, 77, 75, 80, 80, 79, 80, 76, 78, 79, 74, 79, 77, 74, 75,
    77 ]
