%YAML:1.0
---
videoName: "headNod0.mp4"
gestureLabel: 202
fps: 29
pixelSizeInCmTemp: 3.2364864864864862e-01
faceCenterPointX: 264
faceCenterPointY: 76
headPositionsX: [ 264, 269, 267, 270, 270, 267, 265, 267, 269, 270, 266,
    266, 269, 264, 266, 264, 265, 267, 265, 266, 267, 266, 265, 265, 263,
    268, 265, 265, 264, 264, 266, 267, 268, 265, 267, 266, 267, 266, 265,
    266, 268, 264, 264, 264, 263, 266, 267, 264, 266, 265, 265, 262, 263,
    268, 264, 263, 265, 265, 266, 263, 264, 267, 265, 267, 266, 264, 264,
    264, 267, 267, 267, 267, 265, 266, 263, 266, 263, 266, 266, 266, 263,
    264, 264, 267, 264, 262, 262, 262, 265, 262, 267, 262, 265, 266, 264,
    266, 265, 263, 264, 266 ]
headPositionsY: [ 77, 73, 72, 71, 71, 71, 73, 72, 76, 75, 73, 71, 74, 71,
    72, 72, 72, 73, 73, 72, 71, 73, 73, 76, 75, 72, 72, 74, 73, 70, 68,
    68, 64, 62, 65, 64, 61, 65, 63, 65, 65, 71, 74, 75, 76, 82, 81, 84,
    83, 79, 78, 77, 73, 72, 70, 67, 68, 65, 67, 67, 72, 70, 71, 75, 79,
    76, 77, 81, 81, 80, 77, 73, 71, 72, 66, 69, 66, 70, 67, 70, 71, 73,
    75, 73, 77, 79, 76, 81, 80, 79, 77, 79, 76, 77, 78, 77, 75, 75, 78,
    77 ]
