%YAML:1.0
---
videoName: "headNod41.mp4"
gestureLabel: 202
fps: 29
pixelSizeInCmTemp: 2.9937500000000000e-01
faceCenterPointX: 267
faceCenterPointY: 76
headPositionsX: [ 269, 267, 272, 269, 272, 271, 270, 272, 272, 272, 268,
    268, 270, 270, 268, 271, 270, 269, 272, 270, 271, 271, 271, 270, 268,
    267, 267, 271, 267, 272, 269, 270, 269, 272, 267, 268, 271, 272, 268,
    270, 270, 272, 270, 271, 270, 271, 271, 267, 270, 268, 267, 269, 267,
    271, 269, 267, 266, 268, 268, 268, 268, 266, 269, 267, 269, 270, 270,
    270, 267, 266, 266, 269, 269, 268, 270, 265, 267, 267, 268, 269, 267,
    266, 269, 267, 266, 267, 268, 268, 266, 269, 269, 267, 266, 267, 269,
    268, 270, 265, 265, 266 ]
headPositionsY: [ 74, 71, 75, 73, 75, 74, 73, 75, 75, 71, 75, 72, 75, 72,
    73, 76, 72, 74, 74, 76, 75, 72, 73, 72, 76, 72, 72, 72, 73, 74, 75,
    75, 72, 74, 76, 74, 76, 73, 78, 79, 78, 85, 85, 88, 91, 90, 90, 86,
    82, 78, 78, 72, 70, 66, 64, 64, 66, 68, 71, 79, 83, 88, 94, 93, 91,
    91, 88, 83, 77, 72, 73, 69, 71, 70, 70, 76, 80, 83, 83, 83, 84, 81,
    74, 73, 76, 75, 76, 75, 76, 74, 78, 80, 77, 81, 78, 78, 80, 78, 77,
    75 ]
