%YAML:1.0
---
videoName: "headNod38.mp4"
gestureLabel: 202
fps: 29
pixelSizeInCmTemp: 2.9937500000000000e-01
faceCenterPointX: 267
faceCenterPointY: 73
headPositionsX: [ 269, 267, 268, 265, 267, 269, 265, 268, 264, 269, 265,
    266, 267, 269, 269, 266, 266, 265, 266, 267, 266, 268, 265, 268, 267,
    267, 264, 267, 267, 264, 264, 267, 263, 264, 267, 266, 265, 266, 266,
    265, 265, 264, 264, 268, 268, 269, 268, 267, 269, 267, 270, 266, 266,
    267, 270, 270, 266, 267, 267, 268, 266, 266, 266, 267, 269, 270, 268,
    270, 267, 267, 267, 271, 270, 268, 265, 269, 268, 268, 267, 268, 267,
    270, 265, 268, 266, 267, 267, 270, 266, 267, 269, 269, 265, 269, 265,
    267, 269, 267, 270, 269 ]
headPositionsY: [ 73, 74, 73, 76, 76, 79, 82, 87, 84, 82, 82, 79, 77, 73,
    80, 82, 82, 86, 84, 87, 84, 80, 75, 75, 76, 79, 81, 86, 86, 89, 87,
    87, 84, 77, 74, 72, 76, 76, 77, 77, 80, 84, 86, 90, 87, 81, 80, 76,
    74, 69, 74, 73, 71, 74, 80, 83, 82, 86, 83, 85, 81, 79, 77, 76, 73,
    73, 72, 75, 73, 75, 80, 82, 86, 86, 87, 84, 85, 81, 80, 77, 74, 73,
    74, 71, 73, 70, 72, 74, 73, 71, 72, 75, 75, 71, 74, 75, 75, 74, 73,
    74 ]
