%YAML:1.0
---
videoName: "headNod12.mp4"
gestureLabel: 202
fps: 29
pixelSizeInCmTemp: 3.2808219178082193e-01
faceCenterPointX: 254
faceCenterPointY: 69
headPositionsX: [ 252, 252, 251, 252, 254, 251, 253, 251, 255, 253, 254,
    255, 257, 255, 254, 259, 256, 254, 255, 259, 256, 257, 256, 253, 254,
    254, 256, 257, 254, 256, 258, 255, 258, 256, 257, 252, 252, 253, 256,
    254, 253, 253, 256, 256, 253, 257, 256, 254, 255, 256, 256, 253, 254,
    255, 255, 252, 252, 256, 253, 256, 253, 256, 257, 256, 253, 254, 257,
    256, 254, 251, 254, 252, 253, 255, 253, 256, 254, 256, 255, 255, 254,
    257, 255, 256, 255, 252, 254, 256, 252, 257, 256, 256, 255, 254, 254,
    256, 256, 252, 256, 254 ]
headPositionsY: [ 69, 74, 72, 76, 72, 74, 75, 70, 76, 76, 73, 75, 72, 71,
    71, 73, 70, 71, 73, 75, 74, 71, 76, 75, 72, 72, 72, 76, 72, 75, 75,
    74, 73, 74, 72, 70, 69, 68, 68, 66, 65, 64, 63, 62, 64, 66, 68, 72,
    70, 73, 76, 77, 80, 76, 76, 74, 71, 65, 67, 67, 63, 65, 61, 65, 67,
    66, 68, 73, 74, 72, 78, 76, 78, 76, 74, 71, 67, 67, 70, 66, 68, 68,
    66, 66, 70, 70, 69, 74, 75, 74, 72, 74, 74, 71, 72, 73, 71, 68, 71,
    70 ]
