%YAML:1.0
---
videoName: "headNod19.mp4"
gestureLabel: 202
fps: 29
pixelSizeInCmTemp: 3.1933333333333330e-01
faceCenterPointX: 255
faceCenterPointY: 81
headPositionsX: [ 256, 256, 257, 258, 256, 256, 259, 256, 257, 257, 253,
    258, 254, 255, 253, 253, 254, 253, 254, 255, 250, 254, 250, 250, 253,
    249, 248, 253, 250, 253, 249, 253, 252, 253, 255, 253, 254, 256, 253,
    256, 252, 253, 253, 256, 256, 257, 256, 257, 255, 257, 257, 256, 255,
    258, 255, 253, 255, 254, 253, 257, 255, 252, 256, 255, 256, 256, 254,
    255, 254, 256, 257, 256, 254, 255, 257, 256, 254, 254, 254, 255, 254,
    255, 257, 254, 255, 255, 254, 257, 257, 253, 256, 257, 256, 257, 255,
    254, 256, 253, 258, 254 ]
headPositionsY: [ 83, 82, 86, 81, 83, 78, 78, 76, 78, 78, 75, 75, 78, 75,
    76, 75, 77, 76, 80, 79, 78, 78, 77, 80, 81, 78, 81, 79, 80, 81, 78,
    80, 80, 77, 78, 80, 79, 76, 77, 78, 80, 81, 80, 79, 81, 80, 80, 79,
    81, 78, 79, 78, 79, 78, 80, 81, 77, 81, 76, 80, 81, 81, 80, 79, 80,
    79, 79, 76, 74, 74, 72, 73, 77, 74, 82, 81, 82, 83, 80, 78, 78, 75,
    76, 78, 81, 85, 82, 83, 83, 80, 81, 83, 84, 84, 83, 82, 85, 79, 82,
    83 ]
