%YAML:1.0
---
videoName: "headNod42.mp4"
gestureLabel: 202
fps: 30
pixelSizeInCmTemp: 3.0316455696202532e-01
faceCenterPointX: 265
faceCenterPointY: 77
headPositionsX: [ 267, 267, 268, 268, 271, 268, 269, 267, 271, 268, 269,
    267, 267, 266, 269, 268, 272, 271, 268, 270, 266, 270, 267, 270, 267,
    268, 267, 268, 263, 264, 265, 264, 266, 264, 268, 267, 266, 267, 265,
    264, 266, 267, 264, 266, 264, 265, 263, 267, 265, 266, 264, 264, 265,
    266, 265, 267, 263, 267, 264, 266, 268, 263, 263, 267, 266, 267, 267,
    266, 263, 266, 264, 266, 268, 266, 266, 267, 265, 265, 268, 266, 267,
    265, 264, 266, 268, 265, 264, 265, 263, 265, 267, 263, 263, 266, 263,
    263, 268, 265, 267, 265 ]
headPositionsY: [ 75, 76, 76, 78, 76, 77, 78, 76, 77, 77, 78, 79, 74, 76,
    76, 70, 68, 67, 65, 64, 67, 68, 68, 76, 78, 85, 86, 90, 92, 92, 87,
    85, 81, 78, 74, 69, 71, 70, 68, 69, 77, 77, 82, 85, 84, 85, 79, 76,
    76, 71, 70, 69, 70, 72, 72, 77, 82, 85, 82, 87, 83, 84, 82, 79, 75,
    73, 72, 76, 73, 74, 75, 80, 82, 79, 79, 80, 78, 75, 74, 73, 73, 73,
    76, 78, 77, 81, 81, 82, 83, 81, 81, 79, 79, 80, 76, 77, 77, 77, 78,
    80 ]
