%YAML:1.0
---
videoName: "headNod16.mp4"
gestureLabel: 202
fps: 29
pixelSizeInCmTemp: 3.3263888888888887e-01
faceCenterPointX: 255
faceCenterPointY: 77
headPositionsX: [ 253, 258, 260, 259, 259, 257, 261, 261, 260, 258, 262,
    259, 261, 259, 257, 261, 260, 256, 260, 259, 261, 258, 259, 258, 257,
    258, 258, 257, 257, 258, 259, 258, 259, 258, 261, 259, 258, 258, 258,
    261, 259, 260, 257, 259, 260, 259, 260, 256, 257, 256, 255, 257, 256,
    256, 257, 260, 256, 259, 258, 258, 257, 260, 258, 255, 257, 257, 257,
    255, 254, 255, 255, 255, 255, 254, 256, 256, 253, 255, 256, 253, 254,
    254, 256, 257, 257, 253, 254, 256, 254, 253, 254, 258, 254, 256, 256,
    257, 256, 255, 253, 255 ]
headPositionsY: [ 79, 74, 75, 74, 77, 76, 74, 74, 74, 77, 76, 78, 75, 75,
    74, 73, 76, 76, 77, 74, 76, 75, 73, 77, 76, 73, 75, 76, 73, 74, 77,
    72, 74, 74, 77, 75, 73, 71, 69, 67, 67, 67, 69, 75, 78, 79, 83, 82,
    81, 80, 77, 76, 72, 71, 69, 71, 70, 75, 75, 80, 83, 84, 83, 78, 77,
    77, 75, 70, 70, 73, 72, 73, 77, 80, 81, 78, 81, 76, 75, 70, 70, 70,
    67, 69, 71, 75, 74, 78, 76, 77, 76, 77, 78, 76, 73, 76, 75, 74, 74,
    79 ]
