%YAML:1.0
---
videoName: "headNod34.mp4"
gestureLabel: 202
fps: 29
pixelSizeInCmTemp: 2.9567901234567900e-01
faceCenterPointX: 266
faceCenterPointY: 78
headPositionsX: [ 266, 267, 267, 266, 269, 269, 272, 268, 271, 268, 270,
    268, 269, 269, 271, 269, 270, 267, 272, 267, 268, 268, 271, 270, 270,
    270, 271, 272, 270, 269, 269, 270, 268, 268, 267, 271, 267, 272, 269,
    272, 271, 268, 268, 270, 271, 269, 268, 270, 271, 270, 267, 270, 270,
    268, 270, 267, 271, 272, 272, 269, 272, 269, 269, 272, 272, 268, 270,
    272, 268, 269, 271, 268, 269, 267, 264, 268, 265, 264, 267, 267, 266,
    266, 266, 264, 266, 263, 264, 268, 265, 265, 266, 268, 265, 267, 266,
    266, 268, 265, 264, 266 ]
headPositionsY: [ 78, 78, 76, 74, 78, 77, 77, 78, 76, 78, 79, 76, 76, 77,
    77, 76, 76, 74, 75, 76, 75, 74, 76, 78, 75, 78, 75, 76, 75, 76, 77,
    76, 74, 79, 78, 74, 76, 75, 71, 73, 73, 73, 72, 76, 81, 83, 91, 86,
    88, 81, 78, 77, 73, 73, 72, 74, 75, 76, 82, 83, 82, 85, 78, 80, 79,
    80, 75, 81, 79, 83, 82, 83, 86, 83, 83, 78, 79, 79, 75, 80, 78, 82,
    80, 82, 83, 82, 82, 78, 81, 76, 79, 77, 77, 80, 81, 78, 80, 80, 79,
    82 ]
