%YAML:1.0
---
videoName: "headNod35.mp4"
gestureLabel: 202
fps: 30
pixelSizeInCmTemp: 2.9937500000000000e-01
faceCenterPointX: 268
faceCenterPointY: 78
headPositionsX: [ 269, 269, 266, 268, 269, 268, 267, 270, 267, 269, 270,
    270, 271, 270, 271, 271, 269, 268, 270, 269, 268, 268, 268, 270, 268,
    270, 269, 269, 268, 273, 271, 270, 272, 270, 268, 270, 272, 270, 268,
    267, 268, 266, 265, 267, 267, 269, 267, 268, 271, 271, 268, 270, 271,
    269, 270, 267, 271, 267, 268, 266, 269, 268, 270, 271, 269, 268, 270,
    270, 267, 267, 271, 271, 267, 269, 266, 267, 267, 269, 267, 271, 267,
    266, 265, 267, 266, 264, 265, 267, 264, 266, 269, 267, 266, 268, 268,
    266, 268, 265, 266, 265 ]
headPositionsY: [ 76, 74, 74, 77, 73, 77, 78, 74, 78, 75, 75, 78, 79, 75,
    77, 75, 76, 75, 77, 76, 76, 74, 75, 76, 77, 75, 75, 72, 70, 69, 67,
    65, 71, 71, 71, 76, 77, 86, 91, 94, 95, 89, 88, 85, 81, 77, 76, 76,
    72, 75, 79, 79, 86, 87, 89, 87, 88, 83, 82, 81, 75, 72, 73, 72, 73,
    77, 79, 83, 82, 87, 84, 86, 81, 81, 78, 78, 72, 72, 75, 77, 83, 84,
    89, 88, 85, 86, 83, 80, 81, 80, 77, 82, 78, 80, 78, 76, 77, 78, 78,
    79 ]
