%YAML:1.0
---
videoName: "headNod41.mp4"
gestureLabel: 202
fps: 29
pixelSizeInCmTemp: 2.9937500000000000e-01
faceCenterPointX: 267
faceCenterPointY: 76
headPositionsX: [ 265, 271, 272, 269, 268, 271, 269, 270, 271, 268, 270,
    269, 270, 269, 271, 270, 269, 272, 273, 271, 270, 273, 273, 271, 269,
    269, 271, 268, 271, 271, 268, 272, 269, 271, 269, 270, 271, 269, 271,
    270, 272, 270, 267, 269, 269, 270, 267, 267, 270, 265, 268, 267, 268,
    271, 269, 268, 267, 268, 271, 271, 271, 267, 269, 269, 266, 269, 270,
    268, 269, 266, 270, 265, 270, 269, 270, 267, 267, 268, 268, 269, 268,
    266, 269, 266, 268, 265, 266, 268, 267, 268, 270, 265, 269, 265, 269,
    269, 270, 266, 269, 268 ]
headPositionsY: [ 75, 73, 74, 74, 74, 75, 74, 72, 73, 73, 73, 72, 75, 73,
    75, 73, 73, 76, 76, 74, 73, 74, 75, 76, 74, 74, 73, 75, 75, 76, 73,
    75, 76, 74, 75, 73, 75, 77, 76, 78, 79, 83, 88, 86, 92, 94, 91, 86,
    82, 76, 79, 68, 71, 65, 65, 68, 64, 71, 71, 75, 79, 86, 93, 92, 93,
    91, 84, 83, 79, 76, 75, 70, 72, 72, 71, 77, 80, 81, 81, 84, 83, 78,
    78, 76, 75, 76, 74, 73, 76, 76, 78, 79, 78, 80, 77, 79, 76, 79, 78,
    77 ]
