%YAML:1.0
---
videoName: "headNod30.mp4"
gestureLabel: 202
fps: 29
pixelSizeInCmTemp: 3.2364864864864862e-01
faceCenterPointX: 271
faceCenterPointY: 72
headPositionsX: [ 271, 274, 271, 273, 274, 272, 270, 273, 274, 272, 270,
    272, 270, 270, 270, 272, 271, 272, 273, 270, 274, 270, 272, 273, 272,
    273, 275, 273, 272, 272, 271, 270, 271, 274, 269, 271, 272, 273, 269,
    268, 271, 272, 271, 267, 267, 270, 267, 270, 267, 268, 269, 272, 270,
    269, 270, 269, 271, 269, 269, 271, 269, 273, 272, 271, 271, 272, 269,
    273, 273, 268, 269, 273, 271, 272, 272, 271, 269, 268, 273, 271, 270,
    271, 270, 271, 269, 271, 270, 270, 270, 272, 274, 271, 270, 272, 270,
    270, 272, 273, 269, 270 ]
headPositionsY: [ 72, 74, 77, 75, 78, 73, 73, 76, 73, 73, 74, 77, 77, 77,
    78, 78, 77, 74, 74, 76, 77, 74, 72, 70, 69, 68, 68, 68, 66, 71, 74,
    77, 76, 81, 80, 81, 78, 80, 74, 72, 73, 70, 72, 71, 74, 78, 76, 82,
    79, 79, 78, 77, 72, 73, 72, 70, 69, 70, 74, 75, 76, 75, 75, 75, 74,
    76, 69, 69, 70, 71, 68, 70, 72, 75, 74, 74, 76, 73, 75, 70, 72, 69,
    69, 68, 72, 73, 69, 74, 72, 75, 72, 75, 74, 72, 72, 73, 71, 75, 74,
    74 ]
