%YAML:1.0
---
videoName: "headNod47.mp4"
gestureLabel: 202
fps: 29
pixelSizeInCmTemp: 3.0316455696202532e-01
faceCenterPointX: 266
faceCenterPointY: 70
headPositionsX: [ 267, 269, 266, 267, 269, 268, 267, 264, 265, 269, 264,
    268, 264, 265, 266, 262, 266, 263, 263, 264, 265, 266, 266, 265, 264,
    265, 267, 266, 265, 266, 267, 266, 267, 268, 266, 269, 268, 268, 269,
    267, 265, 266, 268, 270, 269, 267, 267, 264, 265, 267, 264, 269, 266,
    266, 268, 266, 266, 267, 268, 267, 267, 266, 267, 264, 268, 266, 264,
    268, 267, 268, 267, 268, 269, 264, 267, 268, 266, 265, 265, 266, 265,
    264, 264, 264, 264, 264, 268, 263, 266, 268, 263, 264, 268, 267, 263,
    265, 264, 268, 266, 268 ]
headPositionsY: [ 71, 61, 62, 59, 61, 58, 57, 61, 63, 66, 70, 76, 79, 82,
    79, 75, 73, 72, 68, 69, 65, 66, 65, 70, 70, 72, 75, 77, 77, 73, 72,
    73, 71, 70, 69, 66, 67, 70, 70, 75, 75, 77, 78, 80, 78, 72, 69, 68,
    66, 70, 71, 67, 70, 73, 77, 75, 73, 74, 70, 71, 68, 65, 67, 70, 69,
    71, 70, 73, 72, 72, 72, 71, 71, 72, 71, 67, 70, 69, 71, 69, 73, 76,
    75, 75, 71, 73, 73, 72, 70, 72, 71, 68, 72, 69, 73, 70, 70, 69, 72,
    70 ]
