%YAML:1.0
---
videoName: "headNod33.mp4"
gestureLabel: 202
fps: 29
pixelSizeInCmTemp: 2.9567901234567900e-01
faceCenterPointX: 268
faceCenterPointY: 74
headPositionsX: [ 269, 266, 268, 268, 266, 268, 270, 270, 270, 271, 269,
    272, 272, 269, 272, 271, 273, 273, 272, 271, 273, 269, 268, 268, 269,
    268, 267, 272, 269, 269, 268, 270, 271, 269, 268, 267, 271, 270, 268,
    269, 268, 269, 271, 270, 271, 267, 268, 270, 269, 268, 267, 269, 270,
    268, 266, 269, 266, 270, 266, 265, 267, 268, 268, 266, 268, 266, 267,
    269, 270, 267, 268, 269, 266, 267, 269, 268, 267, 268, 267, 269, 270,
    269, 267, 268, 268, 267, 268, 265, 267, 267, 268, 265, 267, 267, 268,
    266, 268, 270, 266, 265 ]
headPositionsY: [ 76, 71, 73, 70, 69, 72, 70, 71, 74, 69, 71, 72, 73, 72,
    72, 71, 73, 70, 72, 72, 72, 73, 69, 74, 71, 70, 73, 70, 73, 70, 73,
    71, 73, 74, 76, 75, 76, 76, 76, 72, 68, 66, 64, 67, 66, 66, 70, 76,
    78, 79, 84, 82, 80, 78, 77, 72, 71, 72, 71, 72, 71, 72, 74, 74, 72,
    76, 78, 80, 79, 78, 74, 72, 75, 71, 73, 71, 71, 72, 74, 73, 74, 74,
    80, 76, 79, 75, 78, 77, 78, 77, 74, 74, 73, 74, 74, 77, 74, 73, 75,
    75 ]
