%YAML:1.0
---
videoName: "headNod1.mp4"
gestureLabel: 202
fps: 29
pixelSizeInCmTemp: 3.2808219178082193e-01
faceCenterPointX: 263
faceCenterPointY: 78
headPositionsX: [ 263, 265, 262, 261, 264, 265, 263, 263, 262, 265, 261,
    264, 261, 263, 264, 266, 261, 262, 266, 262, 263, 265, 263, 263, 263,
    266, 264, 263, 265, 264, 264, 263, 264, 267, 264, 266, 265, 265, 264,
    263, 264, 263, 265, 265, 266, 264, 267, 266, 264, 266, 263, 264, 264,
    264, 261, 263, 262, 261, 261, 264, 263, 262, 263, 263, 264, 263, 265,
    262, 263, 265, 261, 261, 263, 264, 262, 263, 260, 259, 264, 264, 259,
    261, 262, 263, 264, 264, 262, 264, 262, 263, 264, 261, 262, 264, 262,
    260, 261, 264, 265, 264 ]
headPositionsY: [ 79, 73, 74, 75, 76, 76, 76, 77, 77, 73, 76, 77, 74, 73,
    74, 77, 75, 73, 74, 74, 72, 76, 75, 75, 73, 77, 77, 75, 76, 74, 77,
    77, 74, 76, 72, 73, 69, 67, 68, 64, 66, 62, 65, 62, 66, 64, 66, 72,
    71, 76, 79, 77, 82, 83, 83, 82, 80, 76, 76, 71, 72, 69, 66, 67, 63,
    66, 71, 71, 74, 78, 79, 78, 79, 74, 71, 71, 67, 66, 64, 64, 68, 68,
    68, 70, 76, 73, 80, 81, 80, 83, 82, 81, 81, 78, 81, 77, 79, 76, 77,
    79 ]
