%YAML:1.0
---
videoName: "headNod8.mp4"
gestureLabel: 202
fps: 29
pixelSizeInCmTemp: 3.1933333333333330e-01
faceCenterPointX: 262
faceCenterPointY: 74
headPositionsX: [ 264, 263, 262, 260, 263, 261, 261, 260, 261, 262, 263,
    264, 261, 263, 262, 261, 263, 262, 262, 259, 259, 263, 264, 260, 259,
    259, 262, 263, 263, 261, 259, 261, 261, 261, 259, 262, 260, 260, 261,
    264, 260, 261, 260, 260, 264, 262, 263, 262, 261, 260, 263, 261, 260,
    262, 259, 263, 263, 259, 263, 260, 260, 258, 261, 259, 261, 262, 259,
    263, 261, 259, 263, 259, 262, 261, 263, 260, 258, 261, 262, 259, 260,
    264, 265, 261, 260, 264, 262, 262, 261, 264, 264, 262, 261, 263, 260,
    265, 263, 261, 264, 264 ]
headPositionsY: [ 74, 77, 77, 76, 78, 74, 76, 79, 78, 75, 75, 74, 77, 78,
    78, 77, 78, 74, 77, 74, 78, 76, 77, 75, 77, 73, 76, 74, 77, 75, 75,
    79, 78, 75, 75, 77, 78, 76, 74, 77, 70, 70, 69, 69, 67, 69, 70, 71,
    69, 76, 78, 82, 85, 84, 80, 82, 77, 76, 73, 71, 71, 68, 70, 73, 76,
    81, 84, 85, 82, 83, 75, 76, 71, 68, 71, 74, 75, 75, 80, 82, 83, 84,
    79, 76, 74, 74, 71, 74, 70, 71, 75, 76, 77, 80, 78, 78, 79, 79, 74,
    75 ]
