%YAML:1.0
---
videoName: "headNod31.mp4"
gestureLabel: 202
fps: 29
pixelSizeInCmTemp: 2.8855421686746985e-01
faceCenterPointX: 267
faceCenterPointY: 75
headPositionsX: [ 268, 269, 270, 268, 270, 270, 268, 268, 268, 271, 269,
    270, 268, 271, 268, 269, 270, 269, 267, 265, 269, 264, 266, 266, 265,
    268, 264, 266, 269, 270, 269, 267, 272, 270, 270, 267, 268, 268, 270,
    267, 270, 265, 268, 269, 264, 266, 269, 266, 270, 267, 265, 269, 265,
    267, 267, 264, 269, 264, 267, 264, 266, 269, 264, 268, 267, 269, 268,
    268, 265, 267, 266, 267, 265, 264, 265, 269, 266, 264, 268, 269, 267,
    264, 265, 265, 268, 265, 265, 268, 268, 268, 267, 267, 266, 266, 266,
    266, 268, 269, 265, 266 ]
headPositionsY: [ 73, 75, 73, 75, 72, 73, 74, 68, 65, 67, 68, 65, 64, 66,
    77, 79, 83, 83, 87, 84, 85, 85, 79, 79, 76, 73, 74, 71, 68, 68, 70,
    69, 75, 74, 78, 80, 86, 87, 87, 85, 85, 82, 82, 75, 74, 75, 72, 74,
    74, 78, 80, 85, 86, 85, 82, 79, 79, 73, 74, 69, 69, 70, 69, 71, 74,
    72, 77, 77, 77, 81, 78, 79, 76, 76, 73, 72, 73, 70, 72, 73, 76, 74,
    77, 79, 77, 77, 77, 74, 77, 72, 73, 72, 76, 77, 73, 74, 78, 74, 76,
    73 ]
