%YAML:1.0
---
videoName: "headNod8.mp4"
gestureLabel: 202
fps: 29
pixelSizeInCmTemp: 3.1933333333333330e-01
faceCenterPointX: 262
faceCenterPointY: 74
headPositionsX: [ 260, 261, 263, 261, 260, 263, 263, 261, 263, 260, 262,
    264, 264, 263, 263, 262, 262, 261, 260, 259, 259, 264, 260, 260, 262,
    258, 260, 261, 263, 262, 262, 260, 261, 263, 262, 262, 262, 262, 263,
    262, 261, 261, 260, 260, 264, 263, 263, 260, 263, 261, 259, 263, 260,
    260, 263, 262, 261, 257, 259, 258, 262, 261, 260, 260, 259, 261, 263,
    259, 263, 259, 262, 259, 259, 262, 261, 262, 261, 261, 262, 261, 261,
    261, 262, 260, 261, 263, 261, 262, 263, 262, 260, 264, 264, 263, 264,
    266, 263, 265, 260, 262 ]
headPositionsY: [ 76, 75, 75, 76, 76, 78, 78, 76, 75, 77, 74, 75, 75, 75,
    74, 76, 79, 76, 77, 78, 74, 75, 74, 78, 75, 77, 76, 78, 78, 74, 75,
    77, 77, 75, 74, 75, 77, 74, 76, 75, 70, 69, 67, 66, 66, 67, 66, 72,
    72, 77, 75, 81, 85, 85, 80, 82, 77, 73, 73, 71, 69, 67, 70, 75, 77,
    83, 83, 86, 82, 82, 78, 76, 72, 71, 69, 74, 73, 77, 77, 82, 83, 83,
    79, 79, 73, 75, 74, 72, 74, 74, 73, 74, 74, 78, 79, 79, 78, 77, 76,
    73 ]
