%YAML:1.0
---
videoName: "headNod23.mp4"
gestureLabel: 202
fps: 29
pixelSizeInCmTemp: 3.1933333333333330e-01
faceCenterPointX: 273
faceCenterPointY: 75
headPositionsX: [ 275, 273, 273, 275, 276, 272, 274, 276, 272, 273, 274,
    277, 273, 275, 275, 272, 274, 275, 276, 273, 273, 274, 273, 276, 272,
    274, 273, 275, 277, 273, 276, 275, 276, 276, 274, 274, 272, 273, 273,
    272, 270, 269, 272, 274, 271, 274, 274, 274, 271, 273, 274, 275, 272,
    274, 272, 272, 272, 275, 272, 272, 274, 275, 272, 276, 274, 275, 274,
    276, 277, 273, 272, 276, 274, 276, 272, 272, 274, 276, 270, 276, 274,
    274, 272, 275, 275, 273, 275, 274, 273, 272, 276, 271, 273, 275, 275,
    276, 276, 274, 273, 272 ]
headPositionsY: [ 76, 74, 74, 78, 76, 75, 77, 76, 79, 77, 78, 77, 79, 76,
    79, 76, 76, 76, 78, 77, 79, 76, 79, 73, 71, 71, 71, 68, 65, 67, 66,
    64, 64, 68, 66, 70, 74, 74, 81, 81, 83, 83, 83, 78, 79, 73, 73, 67,
    69, 67, 69, 69, 69, 72, 70, 77, 75, 77, 78, 75, 76, 76, 74, 73, 68,
    70, 70, 71, 68, 71, 71, 76, 75, 75, 76, 81, 78, 77, 79, 79, 78, 76,
    74, 71, 73, 73, 72, 72, 71, 72, 73, 76, 73, 76, 76, 76, 75, 73, 78,
    75 ]
