%YAML:1.0
---
videoName: "headNod24.mp4"
gestureLabel: 202
fps: 29
pixelSizeInCmTemp: 3.1513157894736843e-01
faceCenterPointX: 272
faceCenterPointY: 72
headPositionsX: [ 272, 275, 273, 275, 276, 275, 273, 272, 274, 275, 276,
    274, 272, 274, 276, 274, 275, 276, 272, 274, 271, 273, 273, 274, 275,
    271, 271, 273, 273, 271, 272, 271, 274, 274, 271, 272, 272, 275, 271,
    276, 272, 274, 272, 275, 271, 273, 272, 273, 273, 272, 272, 275, 272,
    274, 272, 272, 273, 273, 273, 273, 272, 270, 271, 271, 272, 272, 273,
    271, 271, 270, 271, 272, 270, 270, 270, 273, 271, 272, 273, 269, 272,
    270, 269, 272, 270, 269, 269, 272, 268, 270, 270, 268, 269, 270, 272,
    273, 272, 272, 273, 274 ]
headPositionsY: [ 71, 72, 74, 71, 74, 72, 75, 72, 74, 74, 71, 74, 75, 75,
    71, 75, 75, 76, 72, 75, 71, 73, 71, 74, 73, 75, 74, 75, 73, 76, 72,
    74, 73, 74, 73, 73, 71, 71, 68, 70, 69, 71, 76, 80, 81, 82, 79, 76,
    71, 66, 68, 66, 71, 71, 77, 73, 73, 71, 69, 68, 67, 65, 66, 67, 69,
    73, 74, 75, 76, 75, 71, 71, 70, 69, 68, 71, 69, 75, 74, 74, 73, 73,
    72, 70, 68, 70, 68, 68, 68, 72, 71, 71, 71, 74, 71, 73, 73, 72, 69,
    73 ]
