%YAML:1.0
---
videoName: "headNod41.mp4"
gestureLabel: 202
fps: 29
pixelSizeInCmTemp: 2.9937500000000000e-01
faceCenterPointX: 267
faceCenterPointY: 76
headPositionsX: [ 267, 270, 269, 271, 271, 270, 270, 272, 271, 271, 268,
    271, 272, 272, 272, 270, 268, 272, 270, 271, 271, 271, 272, 269, 270,
    269, 268, 270, 270, 268, 268, 268, 268, 269, 268, 269, 272, 269, 268,
    271, 272, 272, 271, 271, 269, 269, 269, 270, 271, 265, 265, 271, 270,
    268, 268, 271, 269, 270, 271, 267, 268, 266, 270, 271, 267, 267, 269,
    270, 267, 267, 269, 266, 268, 268, 267, 269, 267, 268, 265, 268, 268,
    269, 267, 269, 269, 267, 265, 267, 270, 267, 270, 267, 267, 267, 265,
    268, 267, 267, 265, 269 ]
headPositionsY: [ 74, 70, 75, 71, 71, 72, 75, 73, 74, 71, 71, 72, 75, 75,
    74, 73, 74, 76, 76, 72, 72, 74, 73, 72, 75, 76, 73, 74, 76, 72, 72,
    76, 73, 74, 75, 75, 73, 75, 75, 76, 78, 81, 88, 88, 92, 93, 91, 89,
    82, 77, 77, 71, 70, 64, 64, 67, 68, 69, 71, 79, 80, 87, 93, 95, 92,
    91, 87, 82, 76, 73, 73, 69, 69, 73, 72, 78, 79, 84, 85, 84, 83, 78,
    76, 74, 74, 73, 74, 74, 74, 74, 76, 80, 77, 80, 81, 79, 79, 76, 74,
    76 ]
