%YAML:1.0
---
videoName: "headNod49.mp4"
gestureLabel: 202
fps: 29
pixelSizeInCmTemp: 2.9207317073170730e-01
faceCenterPointX: 263
faceCenterPointY: 74
headPositionsX: [ 264, 264, 264, 264, 267, 267, 264, 267, 266, 266, 267,
    266, 263, 265, 264, 266, 265, 262, 262, 265, 264, 266, 262, 267, 264,
    263, 263, 264, 264, 262, 264, 266, 261, 264, 261, 264, 266, 265, 266,
    265, 263, 263, 265, 263, 261, 262, 262, 265, 262, 263, 263, 265, 264,
    265, 263, 263, 261, 264, 266, 264, 264, 263, 262, 266, 266, 262, 264,
    265, 266, 263, 262, 265, 264, 264, 263, 261, 262, 262, 264, 265, 263,
    265, 264, 261, 261, 264, 262, 264, 262, 261, 262, 262, 265, 263, 262,
    265, 262, 262, 264, 265 ]
headPositionsY: [ 74, 72, 71, 74, 71, 74, 74, 75, 71, 70, 72, 69, 72, 67,
    66, 70, 69, 69, 67, 68, 66, 72, 70, 72, 77, 78, 79, 79, 77, 73, 72,
    73, 70, 70, 71, 69, 72, 74, 74, 77, 79, 77, 79, 74, 75, 72, 70, 68,
    73, 72, 72, 73, 77, 79, 76, 79, 77, 79, 78, 73, 73, 75, 72, 72, 72,
    75, 73, 78, 79, 80, 78, 75, 78, 74, 74, 75, 74, 73, 74, 77, 75, 73,
    77, 77, 73, 76, 74, 75, 75, 72, 75, 73, 73, 74, 75, 75, 73, 72, 75,
    76 ]
