%YAML:1.0
---
videoName: "headNod22.mp4"
gestureLabel: 202
fps: 29
pixelSizeInCmTemp: 3.1513157894736843e-01
faceCenterPointX: 252
faceCenterPointY: 80
headPositionsX: [ 250, 254, 251, 254, 252, 250, 253, 254, 254, 252, 253,
    251, 255, 254, 253, 252, 255, 252, 251, 252, 254, 251, 255, 253, 253,
    255, 253, 251, 254, 255, 253, 253, 251, 255, 256, 253, 252, 253, 254,
    254, 254, 255, 252, 253, 251, 253, 255, 252, 252, 252, 251, 254, 253,
    250, 253, 253, 251, 251, 252, 251, 253, 253, 251, 252, 252, 252, 254,
    254, 251, 253, 251, 253, 252, 253, 250, 253, 251, 251, 252, 255, 251,
    252, 249, 251, 253, 255, 253, 251, 252, 251, 253, 254, 252, 250, 250,
    253, 249, 250, 253, 252 ]
headPositionsY: [ 78, 79, 81, 78, 78, 79, 79, 78, 77, 77, 79, 81, 80, 79,
    78, 79, 80, 76, 78, 81, 78, 82, 78, 81, 80, 82, 85, 83, 83, 77, 78,
    73, 73, 73, 72, 72, 76, 80, 82, 81, 87, 82, 80, 78, 74, 72, 69, 72,
    71, 72, 78, 80, 84, 85, 84, 85, 79, 78, 74, 73, 73, 73, 71, 74, 74,
    80, 82, 79, 78, 77, 78, 75, 74, 75, 75, 80, 81, 82, 78, 78, 77, 75,
    74, 75, 76, 78, 80, 83, 79, 78, 78, 77, 78, 77, 78, 78, 80, 80, 79,
    78 ]
