%YAML:1.0
---
videoName: "headNod1.mp4"
gestureLabel: 202
fps: 29
pixelSizeInCmTemp: 3.2808219178082193e-01
faceCenterPointX: 263
faceCenterPointY: 78
headPositionsX: [ 265, 261, 262, 265, 262, 266, 264, 262, 263, 264, 260,
    265, 261, 265, 263, 265, 264, 265, 262, 264, 265, 265, 267, 263, 266,
    265, 266, 266, 266, 262, 262, 264, 265, 263, 262, 262, 264, 262, 266,
    263, 268, 265, 267, 267, 266, 263, 266, 264, 263, 264, 265, 262, 262,
    261, 260, 261, 262, 265, 263, 262, 265, 262, 262, 262, 261, 265, 267,
    265, 263, 265, 261, 264, 265, 261, 265, 261, 260, 262, 263, 262, 261,
    262, 260, 262, 260, 261, 262, 262, 265, 264, 263, 262, 261, 261, 261,
    264, 262, 263, 261, 265 ]
headPositionsY: [ 80, 75, 72, 75, 74, 77, 73, 76, 74, 77, 77, 76, 73, 75,
    73, 74, 74, 75, 77, 75, 72, 72, 74, 73, 74, 77, 77, 73, 75, 73, 77,
    76, 75, 73, 71, 72, 71, 70, 64, 64, 63, 61, 62, 63, 65, 66, 66, 69,
    69, 74, 78, 81, 84, 82, 80, 80, 78, 77, 75, 73, 69, 66, 66, 66, 63,
    65, 67, 71, 74, 78, 77, 80, 75, 75, 75, 69, 70, 64, 65, 63, 68, 66,
    71, 72, 72, 73, 77, 82, 81, 83, 81, 84, 81, 79, 80, 80, 80, 77, 81,
    77 ]
