%YAML:1.0
---
videoName: "headNod23.mp4"
gestureLabel: 202
fps: 29
pixelSizeInCmTemp: 3.1933333333333330e-01
faceCenterPointX: 273
faceCenterPointY: 75
headPositionsX: [ 275, 271, 277, 275, 274, 272, 272, 273, 273, 274, 276,
    276, 273, 277, 274, 276, 274, 272, 272, 276, 275, 274, 276, 275, 275,
    273, 275, 274, 277, 274, 276, 273, 277, 274, 274, 277, 275, 276, 275,
    272, 271, 269, 271, 272, 270, 271, 270, 273, 273, 276, 275, 275, 276,
    274, 272, 275, 271, 272, 272, 274, 273, 275, 271, 274, 272, 271, 273,
    273, 274, 274, 276, 275, 275, 276, 273, 271, 272, 273, 272, 276, 275,
    275, 275, 271, 272, 275, 274, 276, 273, 274, 276, 271, 275, 275, 271,
    276, 275, 275, 276, 274 ]
headPositionsY: [ 76, 77, 77, 77, 78, 78, 75, 78, 78, 77, 77, 75, 75, 76,
    75, 75, 77, 76, 74, 77, 79, 77, 75, 75, 75, 73, 71, 70, 68, 64, 65,
    62, 64, 66, 66, 72, 75, 76, 80, 80, 84, 83, 81, 80, 75, 73, 73, 69,
    68, 68, 69, 69, 71, 72, 71, 77, 75, 79, 79, 76, 78, 74, 75, 74, 71,
    68, 68, 67, 68, 73, 69, 73, 77, 78, 77, 78, 81, 77, 77, 79, 74, 73,
    76, 74, 76, 72, 74, 72, 75, 73, 74, 76, 77, 78, 73, 75, 77, 77, 77,
    75 ]
