%YAML:1.0
---
videoName: "headNod8.mp4"
gestureLabel: 202
fps: 29
pixelSizeInCmTemp: 3.1933333333333330e-01
faceCenterPointX: 262
faceCenterPointY: 74
headPositionsX: [ 263, 262, 260, 262, 259, 262, 260, 262, 260, 262, 262,
    262, 260, 259, 262, 259, 263, 259, 262, 259, 262, 261, 262, 260, 263,
    258, 260, 262, 264, 262, 259, 262, 261, 263, 261, 263, 263, 262, 261,
    263, 262, 262, 262, 261, 261, 262, 261, 262, 263, 263, 261, 262, 264,
    259, 259, 262, 260, 259, 260, 261, 260, 258, 260, 262, 262, 263, 260,
    263, 260, 259, 259, 258, 259, 259, 262, 258, 260, 260, 259, 260, 260,
    260, 264, 264, 261, 262, 261, 260, 265, 265, 260, 261, 261, 264, 260,
    266, 264, 264, 262, 265 ]
headPositionsY: [ 76, 76, 75, 75, 78, 74, 75, 79, 76, 76, 77, 78, 78, 76,
    76, 76, 77, 77, 78, 77, 75, 75, 75, 78, 74, 75, 78, 77, 77, 75, 75,
    75, 75, 76, 76, 76, 77, 78, 76, 77, 73, 71, 69, 70, 66, 66, 69, 68,
    71, 76, 76, 81, 81, 81, 82, 82, 76, 72, 73, 69, 69, 71, 69, 73, 75,
    81, 82, 83, 82, 83, 79, 74, 73, 72, 69, 70, 75, 75, 77, 80, 82, 84,
    81, 80, 73, 74, 74, 74, 71, 71, 75, 74, 78, 76, 77, 80, 80, 79, 76,
    76 ]
