%YAML:1.0
---
videoName: "headNod12.mp4"
gestureLabel: 202
fps: 29
pixelSizeInCmTemp: 3.2808219178082193e-01
faceCenterPointX: 254
faceCenterPointY: 69
headPositionsX: [ 252, 251, 252, 255, 254, 251, 252, 254, 255, 257, 257,
    255, 255, 256, 258, 257, 254, 254, 256, 258, 254, 258, 255, 254, 254,
    255, 258, 258, 257, 255, 258, 257, 257, 256, 253, 252, 256, 257, 256,
    254, 256, 257, 257, 254, 253, 256, 257, 254, 256, 256, 254, 257, 255,
    255, 252, 253, 252, 253, 253, 254, 254, 253, 254, 255, 252, 255, 257,
    255, 254, 254, 252, 255, 252, 254, 252, 252, 256, 255, 255, 257, 256,
    256, 255, 253, 256, 256, 256, 256, 252, 253, 255, 257, 254, 254, 257,
    253, 253, 255, 253, 256 ]
headPositionsY: [ 70, 73, 74, 76, 71, 70, 72, 70, 72, 75, 74, 73, 73, 71,
    71, 75, 71, 74, 74, 73, 72, 75, 74, 75, 73, 72, 74, 76, 72, 72, 77,
    74, 72, 72, 74, 70, 72, 67, 66, 66, 63, 64, 63, 64, 65, 67, 67, 72,
    73, 75, 79, 79, 77, 75, 77, 73, 73, 65, 65, 64, 64, 62, 62, 67, 66,
    70, 71, 69, 75, 75, 78, 73, 76, 72, 72, 72, 71, 66, 69, 66, 65, 65,
    67, 66, 70, 68, 71, 73, 73, 74, 72, 72, 75, 73, 74, 70, 71, 70, 68,
    69 ]
