%YAML:1.0
---
videoName: "headNod9.mp4"
gestureLabel: 202
fps: 29
pixelSizeInCmTemp: 3.1513157894736843e-01
faceCenterPointX: 261
faceCenterPointY: 75
headPositionsX: [ 262, 262, 260, 260, 263, 263, 260, 259, 260, 260, 262,
    260, 261, 262, 259, 261, 263, 262, 262, 260, 263, 260, 263, 261, 261,
    258, 259, 262, 261, 263, 263, 258, 262, 260, 260, 263, 263, 260, 262,
    263, 261, 259, 262, 258, 263, 260, 257, 260, 262, 260, 257, 261, 258,
    260, 263, 261, 261, 262, 261, 259, 258, 259, 258, 259, 260, 258, 260,
    263, 259, 258, 261, 258, 259, 260, 259, 260, 257, 258, 257, 261, 257,
    259, 258, 260, 257, 260, 256, 259, 258, 260, 260, 261, 262, 259, 260,
    262, 261, 260, 261, 258 ]
headPositionsY: [ 73, 76, 75, 73, 74, 73, 75, 73, 75, 75, 76, 77, 74, 76,
    73, 73, 75, 75, 74, 77, 73, 76, 74, 75, 75, 77, 74, 73, 76, 78, 79,
    77, 80, 79, 82, 80, 80, 77, 75, 74, 72, 74, 79, 83, 84, 89, 87, 82,
    79, 81, 78, 78, 76, 77, 81, 82, 84, 83, 81, 76, 74, 71, 74, 72, 78,
    81, 83, 83, 81, 81, 79, 76, 73, 70, 73, 73, 70, 72, 78, 78, 83, 82,
    82, 79, 81, 77, 75, 75, 73, 71, 71, 71, 72, 71, 77, 73, 74, 75, 75,
    72 ]
