%YAML:1.0
---
videoName: "headNod4.mp4"
gestureLabel: 202
fps: 29
pixelSizeInCmTemp: 3.2808219178082193e-01
faceCenterPointX: 264
faceCenterPointY: 72
headPositionsX: [ 263, 270, 269, 271, 272, 270, 272, 270, 269, 269, 267,
    268, 270, 267, 271, 268, 268, 270, 267, 266, 266, 267, 267, 269, 266,
    266, 268, 268, 266, 266, 269, 268, 267, 265, 267, 265, 267, 266, 266,
    266, 268, 269, 268, 269, 265, 267, 269, 268, 267, 269, 266, 267, 269,
    268, 264, 266, 265, 266, 266, 267, 267, 264, 267, 264, 263, 266, 265,
    264, 267, 264, 266, 266, 264, 263, 265, 266, 262, 266, 267, 267, 265,
    264, 263, 264, 266, 268, 266, 265, 264, 267, 266, 265, 266, 265, 262,
    265, 262, 266, 263, 265 ]
headPositionsY: [ 71, 72, 75, 77, 75, 74, 76, 72, 74, 73, 74, 76, 77, 72,
    73, 77, 72, 75, 72, 75, 76, 76, 73, 75, 73, 76, 76, 74, 76, 77, 76,
    76, 73, 73, 74, 76, 74, 74, 73, 75, 76, 72, 73, 76, 73, 67, 67, 67,
    66, 67, 67, 70, 74, 75, 76, 81, 82, 84, 80, 79, 72, 71, 71, 70, 67,
    70, 74, 74, 82, 79, 83, 80, 82, 77, 75, 73, 68, 69, 67, 69, 68, 73,
    75, 77, 81, 79, 82, 84, 80, 80, 79, 81, 79, 79, 76, 76, 77, 74, 73,
    75 ]
