%YAML:1.0
---
videoName: "headNod11.mp4"
gestureLabel: 202
fps: 29
pixelSizeInCmTemp: 3.2364864864864862e-01
faceCenterPointX: 261
faceCenterPointY: 75
headPositionsX: [ 263, 258, 261, 259, 258, 261, 258, 262, 257, 261, 258,
    259, 261, 258, 260, 259, 258, 260, 258, 261, 260, 261, 262, 260, 263,
    259, 259, 261, 259, 261, 261, 258, 263, 258, 260, 258, 260, 262, 258,
    262, 261, 259, 258, 261, 259, 260, 262, 260, 260, 262, 263, 262, 259,
    262, 259, 263, 261, 262, 257, 262, 261, 261, 258, 256, 260, 258, 258,
    260, 258, 258, 258, 255, 259, 259, 258, 256, 258, 255, 255, 258, 259,
    259, 256, 258, 260, 260, 257, 259, 257, 259, 261, 260, 258, 257, 262,
    258, 258, 261, 258, 261 ]
headPositionsY: [ 77, 73, 75, 73, 73, 74, 75, 73, 74, 75, 72, 74, 75, 77,
    73, 75, 76, 73, 72, 74, 72, 72, 73, 74, 77, 74, 76, 75, 77, 78, 77,
    75, 77, 72, 77, 72, 76, 74, 74, 77, 77, 76, 76, 77, 75, 76, 77, 73,
    70, 71, 70, 70, 67, 69, 72, 69, 73, 76, 77, 82, 80, 77, 77, 73, 69,
    67, 66, 69, 68, 73, 75, 76, 79, 80, 82, 80, 77, 75, 77, 74, 69, 70,
    69, 74, 75, 77, 78, 78, 79, 81, 79, 76, 75, 79, 76, 78, 76, 75, 75,
    77 ]
