%YAML:1.0
---
videoName: "headNod20.mp4"
gestureLabel: 202
fps: 30
pixelSizeInCmTemp: 3.2808219178082193e-01
faceCenterPointX: 253
faceCenterPointY: 80
headPositionsX: [ 255, 258, 255, 257, 256, 255, 254, 258, 254, 256, 257,
    257, 257, 254, 258, 253, 255, 258, 255, 256, 255, 254, 257, 255, 257,
    254, 255, 253, 257, 258, 258, 255, 255, 255, 257, 256, 255, 255, 255,
    252, 252, 252, 255, 253, 253, 252, 253, 254, 252, 250, 253, 250, 254,
    249, 252, 252, 252, 254, 249, 252, 252, 255, 254, 254, 250, 253, 254,
    255, 253, 254, 254, 254, 252, 250, 251, 254, 255, 251, 252, 250, 252,
    252, 253, 254, 252, 251, 253, 255, 253, 254, 252, 251, 251, 252, 253,
    252, 252, 251, 253, 254 ]
headPositionsY: [ 78, 77, 78, 80, 76, 76, 78, 78, 80, 79, 80, 77, 76, 79,
    78, 75, 77, 77, 80, 80, 76, 80, 80, 76, 79, 80, 77, 78, 80, 84, 81,
    83, 84, 87, 86, 81, 81, 79, 74, 72, 74, 73, 72, 74, 78, 79, 83, 88,
    88, 86, 86, 81, 81, 76, 76, 77, 75, 78, 79, 84, 82, 82, 79, 78, 77,
    77, 80, 82, 80, 83, 80, 82, 76, 78, 77, 79, 80, 80, 84, 80, 80, 81,
    81, 78, 79, 79, 82, 80, 80, 82, 80, 79, 81, 82, 79, 81, 82, 80, 82,
    82 ]
