%YAML:1.0
---
videoName: "headNod39.mp4"
gestureLabel: 202
fps: 29
pixelSizeInCmTemp: 2.9937500000000000e-01
faceCenterPointX: 268
faceCenterPointY: 78
headPositionsX: [ 270, 269, 269, 269, 268, 271, 269, 268, 270, 269, 269,
    268, 267, 268, 270, 268, 269, 271, 271, 269, 270, 269, 270, 267, 268,
    268, 268, 271, 267, 268, 270, 267, 270, 270, 269, 269, 268, 271, 271,
    267, 267, 266, 268, 266, 265, 268, 269, 265, 269, 267, 267, 268, 269,
    270, 269, 268, 266, 267, 264, 264, 266, 267, 266, 267, 268, 266, 266,
    266, 266, 266, 265, 267, 265, 266, 265, 266, 266, 269, 268, 265, 267,
    266, 267, 269, 266, 269, 270, 268, 268, 266, 269, 266, 266, 267, 267,
    270, 266, 269, 270, 266 ]
headPositionsY: [ 80, 77, 75, 77, 78, 75, 77, 78, 78, 77, 75, 76, 76, 74,
    77, 77, 77, 78, 78, 76, 77, 77, 76, 77, 77, 76, 75, 77, 75, 76, 77,
    74, 77, 78, 77, 75, 75, 76, 77, 80, 84, 82, 83, 86, 82, 84, 81, 75,
    76, 76, 75, 77, 76, 73, 76, 82, 89, 90, 93, 87, 85, 80, 76, 73, 74,
    74, 75, 76, 77, 81, 80, 84, 83, 79, 78, 76, 77, 76, 75, 78, 78, 80,
    78, 80, 80, 81, 79, 81, 81, 80, 80, 80, 79, 76, 77, 80, 77, 79, 76,
    76 ]
