%YAML:1.0
---
videoName: "headNod12.mp4"
gestureLabel: 202
fps: 29
pixelSizeInCmTemp: 3.2808219178082193e-01
faceCenterPointX: 254
faceCenterPointY: 69
headPositionsX: [ 256, 251, 252, 256, 251, 255, 256, 253, 257, 253, 255,
    258, 253, 254, 258, 255, 257, 256, 258, 259, 255, 256, 258, 255, 255,
    256, 256, 256, 254, 255, 258, 257, 258, 254, 256, 254, 252, 253, 252,
    253, 253, 256, 257, 255, 253, 254, 255, 256, 254, 256, 256, 253, 253,
    256, 255, 255, 253, 255, 256, 253, 254, 254, 253, 253, 252, 253, 256,
    256, 255, 251, 252, 256, 253, 254, 256, 256, 256, 254, 256, 255, 253,
    255, 257, 253, 254, 252, 256, 255, 252, 254, 256, 256, 254, 254, 253,
    253, 252, 253, 252, 255 ]
headPositionsY: [ 69, 75, 74, 74, 74, 70, 72, 72, 76, 75, 73, 76, 74, 73,
    71, 74, 70, 74, 73, 75, 72, 73, 76, 74, 73, 74, 73, 72, 73, 72, 77,
    74, 74, 71, 75, 69, 71, 67, 66, 65, 63, 62, 61, 61, 64, 64, 67, 73,
    73, 76, 76, 81, 79, 76, 78, 75, 69, 69, 68, 67, 62, 63, 64, 63, 65,
    67, 68, 73, 75, 75, 76, 74, 77, 75, 74, 68, 67, 67, 67, 65, 64, 67,
    67, 64, 67, 69, 67, 73, 75, 71, 74, 75, 75, 73, 74, 71, 72, 72, 68,
    69 ]
