%YAML:1.0
---
videoName: "headNod8.mp4"
gestureLabel: 202
fps: 29
pixelSizeInCmTemp: 3.1933333333333330e-01
faceCenterPointX: 262
faceCenterPointY: 74
headPositionsX: [ 264, 264, 259, 263, 261, 261, 262, 260, 260, 260, 262,
    262, 261, 262, 263, 262, 262, 261, 261, 261, 259, 260, 260, 261, 260,
    262, 261, 262, 263, 261, 263, 262, 262, 263, 260, 262, 262, 262, 260,
    263, 263, 264, 262, 260, 261, 263, 264, 262, 263, 262, 261, 261, 264,
    263, 260, 260, 261, 257, 259, 258, 261, 262, 261, 263, 263, 263, 261,
    260, 260, 262, 262, 258, 262, 259, 262, 258, 258, 259, 258, 259, 261,
    264, 262, 262, 262, 262, 262, 261, 262, 262, 262, 263, 263, 261, 263,
    262, 260, 264, 261, 262 ]
headPositionsY: [ 74, 75, 74, 77, 76, 77, 79, 79, 78, 76, 75, 75, 76, 74,
    74, 74, 79, 77, 76, 77, 74, 76, 75, 76, 76, 77, 74, 74, 75, 78, 78,
    76, 76, 75, 78, 76, 74, 78, 77, 74, 70, 70, 71, 70, 66, 69, 70, 68,
    70, 73, 76, 82, 81, 81, 81, 82, 77, 75, 72, 69, 70, 67, 73, 72, 77,
    80, 83, 84, 80, 80, 75, 75, 71, 68, 71, 74, 74, 74, 78, 79, 81, 82,
    80, 78, 75, 74, 71, 74, 71, 74, 74, 73, 76, 80, 77, 77, 79, 79, 74,
    75 ]
