%YAML:1.0
---
videoName: "headNod8.mp4"
gestureLabel: 202
fps: 29
pixelSizeInCmTemp: 3.1933333333333330e-01
faceCenterPointX: 262
faceCenterPointY: 74
headPositionsX: [ 261, 263, 263, 261, 261, 261, 259, 260, 261, 262, 262,
    263, 264, 263, 262, 260, 262, 263, 259, 263, 259, 264, 264, 264, 260,
    260, 260, 259, 264, 262, 262, 262, 263, 260, 259, 260, 261, 262, 260,
    264, 264, 261, 260, 260, 260, 260, 265, 264, 262, 263, 263, 260, 261,
    261, 259, 262, 262, 258, 261, 262, 263, 260, 263, 259, 261, 262, 262,
    260, 263, 262, 263, 261, 262, 261, 260, 262, 259, 259, 261, 261, 259,
    264, 261, 262, 261, 263, 261, 262, 265, 265, 262, 263, 261, 260, 260,
    263, 262, 263, 263, 264 ]
headPositionsY: [ 75, 77, 74, 77, 77, 76, 78, 75, 77, 74, 77, 78, 78, 77,
    76, 78, 76, 74, 74, 78, 76, 75, 77, 78, 76, 73, 77, 78, 76, 74, 74,
    77, 79, 79, 74, 76, 77, 78, 73, 77, 74, 71, 67, 68, 68, 68, 67, 71,
    69, 75, 78, 78, 83, 84, 81, 82, 79, 76, 74, 69, 71, 69, 73, 76, 79,
    81, 85, 82, 84, 80, 78, 72, 71, 70, 71, 73, 72, 77, 78, 83, 81, 81,
    81, 76, 73, 75, 70, 71, 72, 73, 73, 77, 75, 76, 78, 77, 79, 77, 74,
    74 ]
