%YAML:1.0
---
videoName: "headNod43.mp4"
gestureLabel: 202
fps: 29
pixelSizeInCmTemp: 2.8855421686746985e-01
faceCenterPointX: 268
faceCenterPointY: 74
headPositionsX: [ 267, 273, 272, 272, 269, 270, 272, 268, 269, 271, 266,
    268, 271, 268, 268, 266, 266, 269, 268, 267, 268, 270, 269, 269, 267,
    269, 267, 265, 264, 265, 263, 267, 267, 263, 266, 266, 265, 264, 266,
    267, 266, 265, 266, 263, 263, 263, 266, 266, 264, 265, 264, 265, 266,
    265, 262, 261, 264, 263, 262, 266, 264, 264, 266, 263, 263, 263, 266,
    268, 264, 269, 266, 269, 270, 267, 266, 267, 270, 266, 269, 268, 267,
    270, 270, 270, 268, 266, 267, 269, 267, 268, 269, 267, 267, 268, 271,
    269, 269, 267, 268, 268 ]
headPositionsY: [ 72, 77, 76, 76, 77, 76, 77, 74, 75, 73, 75, 77, 76, 72,
    77, 77, 75, 77, 75, 76, 74, 76, 77, 78, 74, 76, 80, 83, 85, 91, 90,
    90, 86, 83, 79, 80, 77, 80, 84, 85, 90, 91, 92, 87, 82, 79, 81, 81,
    84, 84, 86, 93, 93, 88, 86, 83, 84, 82, 81, 83, 86, 88, 92, 91, 89,
    87, 86, 81, 80, 80, 81, 81, 84, 89, 90, 92, 90, 90, 82, 79, 78, 75,
    73, 74, 74, 74, 72, 74, 74, 73, 74, 76, 74, 72, 75, 72, 74, 76, 72,
    75 ]
