%YAML:1.0
---
videoName: "headNod33.mp4"
gestureLabel: 202
fps: 29
pixelSizeInCmTemp: 2.9567901234567900e-01
faceCenterPointX: 268
faceCenterPointY: 74
headPositionsX: [ 266, 266, 271, 268, 270, 271, 272, 271, 268, 268, 270,
    269, 268, 269, 270, 272, 269, 269, 272, 270, 273, 273, 269, 271, 269,
    268, 269, 268, 270, 267, 270, 268, 272, 268, 267, 271, 268, 269, 269,
    271, 271, 268, 268, 270, 267, 268, 267, 268, 270, 268, 267, 269, 268,
    269, 266, 268, 266, 267, 268, 266, 265, 267, 267, 267, 267, 267, 267,
    268, 268, 268, 266, 265, 269, 269, 268, 268, 270, 267, 268, 268, 268,
    271, 269, 269, 267, 269, 266, 268, 267, 265, 269, 268, 268, 270, 268,
    267, 270, 268, 268, 265 ]
headPositionsY: [ 76, 73, 72, 71, 72, 73, 70, 70, 71, 69, 70, 72, 70, 72,
    72, 70, 70, 72, 71, 68, 71, 70, 69, 73, 70, 74, 72, 70, 71, 74, 70,
    72, 75, 74, 76, 77, 76, 75, 76, 70, 69, 67, 66, 64, 64, 67, 71, 73,
    80, 83, 84, 83, 81, 79, 75, 74, 69, 71, 71, 72, 70, 73, 70, 72, 72,
    76, 78, 77, 77, 77, 74, 72, 71, 73, 69, 72, 73, 70, 73, 73, 77, 75,
    80, 79, 78, 76, 77, 76, 77, 78, 76, 74, 76, 73, 77, 75, 73, 73, 77,
    73 ]
