%YAML:1.0
---
videoName: "headNod23.mp4"
gestureLabel: 202
fps: 29
pixelSizeInCmTemp: 3.1933333333333330e-01
faceCenterPointX: 273
faceCenterPointY: 75
headPositionsX: [ 274, 275, 273, 274, 275, 272, 274, 273, 272, 272, 274,
    275, 275, 275, 275, 274, 272, 273, 273, 272, 273, 274, 274, 272, 273,
    273, 274, 275, 275, 274, 273, 275, 277, 277, 274, 274, 272, 276, 273,
    271, 271, 269, 273, 271, 271, 274, 271, 271, 273, 272, 273, 273, 273,
    272, 275, 273, 272, 275, 273, 274, 274, 276, 275, 273, 274, 273, 276,
    276, 276, 273, 276, 275, 272, 274, 271, 274, 274, 275, 274, 274, 272,
    271, 276, 272, 275, 276, 275, 275, 273, 276, 273, 274, 273, 275, 274,
    276, 273, 273, 275, 272 ]
headPositionsY: [ 73, 74, 75, 79, 78, 76, 77, 75, 76, 78, 74, 75, 76, 76,
    79, 79, 79, 76, 74, 78, 75, 76, 77, 73, 73, 72, 67, 68, 68, 65, 66,
    63, 64, 64, 69, 71, 74, 74, 81, 83, 82, 80, 81, 78, 77, 75, 70, 71,
    70, 66, 68, 69, 67, 69, 72, 77, 78, 76, 78, 75, 76, 76, 72, 71, 68,
    67, 69, 69, 68, 73, 71, 75, 75, 79, 80, 79, 79, 79, 76, 78, 74, 76,
    76, 75, 76, 71, 74, 72, 73, 74, 75, 75, 77, 78, 75, 75, 76, 75, 78,
    75 ]
