%YAML:1.0
---
videoName: "headNod25.mp4"
gestureLabel: 202
fps: 29
pixelSizeInCmTemp: 3.1933333333333330e-01
faceCenterPointX: 270
faceCenterPointY: 75
headPositionsX: [ 272, 270, 269, 271, 270, 272, 272, 269, 268, 270, 267,
    267, 269, 271, 271, 268, 271, 272, 270, 272, 274, 273, 270, 271, 274,
    270, 274, 270, 275, 272, 275, 273, 272, 271, 271, 275, 270, 274, 273,
    271, 270, 274, 271, 271, 272, 271, 273, 271, 272, 273, 272, 271, 271,
    274, 270, 274, 273, 273, 274, 273, 270, 272, 269, 269, 271, 269, 267,
    269, 271, 268, 267, 272, 270, 273, 273, 271, 271, 269, 274, 272, 272,
    273, 269, 269, 270, 272, 272, 271, 273, 273, 271, 270, 269, 272, 269,
    270, 269, 268, 270, 270 ]
headPositionsY: [ 75, 74, 72, 73, 71, 71, 75, 72, 72, 76, 72, 75, 74, 76,
    72, 75, 72, 75, 76, 73, 75, 73, 76, 75, 74, 74, 76, 74, 73, 72, 77,
    73, 77, 76, 77, 74, 74, 75, 77, 77, 72, 73, 74, 76, 72, 76, 73, 77,
    75, 69, 69, 69, 68, 65, 65, 67, 68, 65, 70, 71, 70, 74, 77, 84, 86,
    88, 89, 88, 83, 83, 77, 77, 73, 70, 69, 68, 69, 71, 71, 70, 74, 77,
    80, 79, 81, 79, 79, 80, 79, 78, 76, 77, 74, 75, 75, 74, 77, 76, 73,
    75 ]
