%YAML:1.0
---
videoName: "headNod43.mp4"
gestureLabel: 202
fps: 29
pixelSizeInCmTemp: 2.8855421686746985e-01
faceCenterPointX: 268
faceCenterPointY: 74
headPositionsX: [ 270, 273, 269, 272, 267, 268, 269, 267, 268, 270, 267,
    270, 270, 269, 271, 269, 268, 268, 270, 269, 267, 269, 267, 270, 268,
    265, 269, 265, 266, 265, 264, 265, 263, 264, 268, 266, 268, 265, 264,
    265, 266, 265, 264, 263, 267, 263, 265, 267, 267, 263, 267, 263, 262,
    264, 263, 265, 264, 267, 266, 263, 265, 265, 266, 265, 267, 262, 266,
    264, 265, 268, 265, 268, 268, 266, 268, 265, 268, 265, 267, 269, 269,
    267, 266, 270, 267, 268, 269, 270, 269, 267, 271, 267, 269, 267, 270,
    271, 266, 268, 269, 266 ]
headPositionsY: [ 76, 77, 74, 78, 76, 78, 78, 73, 75, 75, 74, 75, 73, 76,
    75, 76, 75, 76, 73, 73, 74, 73, 73, 75, 76, 76, 78, 83, 89, 90, 89,
    87, 87, 83, 81, 78, 78, 78, 84, 86, 89, 93, 91, 86, 82, 82, 78, 82,
    84, 84, 90, 91, 92, 88, 87, 84, 85, 84, 82, 86, 86, 87, 91, 90, 90,
    85, 86, 83, 78, 80, 79, 81, 84, 87, 88, 92, 88, 89, 85, 80, 80, 75,
    72, 74, 71, 74, 74, 75, 74, 72, 75, 75, 74, 76, 74, 72, 75, 72, 72,
    73 ]
