%YAML:1.0
---
videoName: "headNod25.mp4"
gestureLabel: 202
fps: 29
pixelSizeInCmTemp: 3.1933333333333330e-01
faceCenterPointX: 270
faceCenterPointY: 75
headPositionsX: [ 268, 269, 272, 270, 273, 272, 268, 271, 269, 271, 271,
    271, 269, 268, 269, 270, 271, 268, 270, 273, 270, 271, 274, 272, 274,
    274, 274, 270, 274, 274, 271, 273, 271, 274, 275, 272, 273, 270, 273,
    270, 272, 273, 270, 272, 270, 271, 273, 271, 273, 273, 271, 270, 270,
    272, 272, 270, 272, 271, 272, 270, 271, 271, 271, 269, 269, 270, 269,
    268, 271, 271, 268, 271, 269, 271, 272, 270, 269, 272, 273, 269, 273,
    270, 269, 271, 271, 268, 270, 270, 270, 271, 272, 272, 270, 270, 268,
    269, 270, 271, 269, 271 ]
headPositionsY: [ 76, 75, 72, 76, 71, 71, 72, 73, 75, 75, 74, 74, 75, 77,
    73, 72, 76, 73, 77, 74, 77, 73, 72, 73, 76, 72, 76, 72, 73, 73, 73,
    76, 73, 73, 73, 75, 74, 74, 77, 73, 76, 75, 74, 74, 76, 78, 73, 74,
    73, 71, 68, 69, 67, 65, 62, 65, 68, 69, 67, 71, 69, 73, 78, 81, 85,
    90, 90, 88, 86, 79, 79, 75, 73, 70, 68, 67, 66, 67, 70, 71, 72, 77,
    79, 78, 82, 78, 80, 79, 76, 77, 74, 76, 76, 78, 78, 77, 75, 73, 76,
    75 ]
