%YAML:1.0
---
videoName: "headNod0.mp4"
gestureLabel: 202
fps: 29
pixelSizeInCmTemp: 3.2364864864864862e-01
faceCenterPointX: 264
faceCenterPointY: 76
headPositionsX: [ 266, 265, 265, 266, 266, 269, 269, 269, 266, 266, 264,
    265, 269, 268, 265, 264, 263, 264, 266, 264, 263, 264, 263, 268, 267,
    265, 265, 267, 266, 263, 266, 265, 264, 267, 264, 268, 266, 266, 266,
    265, 266, 264, 266, 262, 263, 266, 266, 263, 266, 262, 266, 263, 263,
    267, 266, 265, 263, 263, 262, 265, 267, 263, 266, 264, 265, 263, 264,
    263, 266, 265, 263, 264, 263, 267, 262, 266, 266, 266, 265, 267, 262,
    264, 264, 265, 265, 266, 263, 265, 267, 263, 264, 262, 265, 263, 263,
    264, 262, 266, 265, 262 ]
headPositionsY: [ 75, 73, 71, 75, 70, 73, 71, 71, 76, 72, 71, 75, 74, 75,
    71, 73, 71, 72, 72, 74, 73, 72, 75, 75, 72, 76, 75, 74, 72, 69, 69,
    66, 66, 63, 64, 61, 65, 65, 65, 65, 68, 71, 73, 73, 80, 83, 82, 80,
    81, 81, 78, 77, 72, 73, 68, 68, 68, 63, 67, 70, 72, 73, 72, 74, 76,
    76, 77, 78, 78, 78, 79, 73, 71, 71, 67, 67, 65, 69, 70, 71, 72, 70,
    75, 72, 75, 76, 76, 81, 80, 77, 76, 79, 79, 77, 78, 78, 75, 76, 77,
    78 ]
