%YAML:1.0
---
videoName: "headNod4.mp4"
gestureLabel: 202
fps: 29
pixelSizeInCmTemp: 3.2808219178082193e-01
faceCenterPointX: 264
faceCenterPointY: 72
headPositionsX: [ 265, 268, 270, 270, 272, 270, 268, 271, 272, 273, 271,
    269, 271, 268, 269, 270, 269, 268, 268, 270, 270, 266, 267, 269, 269,
    266, 269, 268, 266, 269, 267, 269, 266, 267, 265, 267, 269, 269, 268,
    265, 267, 266, 268, 267, 265, 266, 265, 268, 266, 266, 267, 268, 266,
    267, 266, 265, 267, 267, 264, 265, 266, 265, 265, 268, 265, 266, 264,
    267, 267, 267, 265, 263, 263, 264, 264, 263, 264, 262, 267, 265, 266,
    263, 265, 264, 266, 266, 265, 265, 262, 263, 263, 267, 267, 266, 266,
    263, 263, 263, 266, 266 ]
headPositionsY: [ 74, 74, 76, 74, 75, 72, 72, 73, 76, 75, 72, 72, 77, 73,
    73, 77, 73, 73, 75, 72, 74, 74, 74, 73, 74, 73, 76, 73, 73, 76, 75,
    76, 75, 75, 77, 77, 73, 73, 76, 72, 75, 72, 72, 73, 74, 67, 67, 64,
    67, 67, 64, 70, 70, 75, 79, 82, 82, 81, 78, 78, 73, 70, 68, 70, 68,
    72, 75, 74, 79, 82, 81, 79, 81, 78, 76, 70, 72, 66, 67, 68, 67, 71,
    75, 75, 77, 83, 80, 83, 84, 80, 83, 80, 79, 80, 74, 77, 75, 74, 75,
    76 ]
