%YAML:1.0
---
videoName: "headNod24.mp4"
gestureLabel: 202
fps: 29
pixelSizeInCmTemp: 3.1513157894736843e-01
faceCenterPointX: 272
faceCenterPointY: 72
headPositionsX: [ 274, 273, 272, 275, 273, 276, 273, 272, 275, 275, 273,
    275, 272, 273, 276, 273, 275, 272, 274, 276, 273, 274, 272, 273, 274,
    275, 273, 275, 273, 272, 273, 275, 272, 275, 273, 272, 271, 272, 274,
    274, 273, 271, 274, 272, 271, 273, 275, 274, 273, 272, 271, 274, 274,
    274, 274, 271, 275, 274, 272, 272, 270, 271, 272, 271, 272, 268, 273,
    269, 270, 274, 272, 268, 272, 271, 272, 273, 272, 268, 270, 270, 270,
    268, 269, 272, 268, 272, 268, 268, 271, 273, 269, 271, 272, 270, 269,
    274, 273, 272, 270, 274 ]
headPositionsY: [ 70, 74, 74, 72, 73, 74, 73, 73, 72, 75, 75, 72, 73, 75,
    73, 72, 73, 76, 73, 74, 74, 75, 71, 75, 75, 71, 73, 73, 73, 73, 72,
    75, 74, 72, 73, 71, 69, 71, 70, 69, 68, 74, 74, 81, 80, 79, 79, 74,
    71, 65, 66, 65, 70, 71, 77, 73, 73, 72, 68, 67, 66, 65, 68, 67, 71,
    73, 75, 77, 75, 75, 74, 67, 71, 67, 68, 73, 73, 74, 74, 74, 73, 76,
    73, 71, 70, 69, 69, 68, 69, 70, 73, 71, 71, 74, 72, 73, 75, 74, 69,
    73 ]
