%YAML:1.0
---
videoName: "headNod29.mp4"
gestureLabel: 202
fps: 29
pixelSizeInCmTemp: 3.1933333333333330e-01
faceCenterPointX: 271
faceCenterPointY: 70
headPositionsX: [ 273, 272, 272, 274, 272, 272, 273, 273, 272, 275, 275,
    275, 271, 275, 272, 272, 271, 271, 272, 272, 271, 274, 272, 272, 271,
    273, 274, 273, 272, 271, 273, 268, 271, 272, 269, 273, 270, 270, 272,
    272, 271, 268, 271, 269, 273, 273, 272, 271, 269, 272, 273, 272, 272,
    269, 269, 271, 271, 269, 270, 270, 272, 269, 269, 269, 271, 268, 270,
    269, 269, 268, 270, 270, 270, 269, 269, 271, 271, 271, 272, 271, 273,
    272, 273, 272, 272, 272, 270, 269, 270, 270, 272, 271, 271, 273, 270,
    269, 272, 269, 270, 272 ]
headPositionsY: [ 72, 72, 75, 74, 74, 75, 78, 76, 78, 81, 78, 80, 79, 77,
    70, 72, 67, 67, 65, 65, 68, 70, 69, 69, 73, 77, 80, 80, 80, 79, 78,
    79, 77, 73, 74, 71, 70, 69, 73, 74, 77, 75, 79, 80, 79, 79, 78, 74,
    73, 72, 72, 74, 76, 79, 80, 83, 81, 79, 76, 74, 74, 73, 74, 77, 79,
    77, 78, 80, 75, 75, 74, 69, 70, 72, 68, 73, 72, 73, 74, 75, 75, 77,
    74, 74, 71, 72, 73, 69, 71, 67, 69, 71, 69, 70, 71, 72, 72, 70, 67,
    69 ]
