%YAML:1.0
---
videoName: "headNod2.mp4"
gestureLabel: 202
fps: 29
pixelSizeInCmTemp: 3.2364864864864862e-01
faceCenterPointX: 263
faceCenterPointY: 70
headPositionsX: [ 261, 261, 260, 264, 260, 260, 265, 263, 264, 261, 261,
    263, 266, 264, 263, 266, 262, 264, 265, 265, 264, 265, 265, 264, 263,
    264, 263, 263, 265, 262, 263, 261, 264, 264, 261, 263, 261, 264, 264,
    263, 260, 263, 262, 260, 263, 260, 260, 261, 262, 263, 264, 264, 264,
    263, 264, 263, 264, 260, 263, 263, 264, 261, 260, 260, 263, 264, 265,
    260, 263, 260, 262, 263, 262, 262, 263, 264, 262, 261, 263, 262, 265,
    263, 262, 264, 264, 265, 261, 265, 265, 264, 265, 265, 261, 264, 263,
    265, 263, 262, 263, 263 ]
headPositionsY: [ 70, 75, 77, 77, 74, 75, 77, 78, 75, 74, 74, 75, 75, 75,
    77, 78, 75, 73, 77, 77, 73, 76, 76, 75, 75, 77, 73, 74, 75, 72, 76,
    73, 74, 74, 74, 72, 75, 72, 75, 72, 72, 75, 74, 72, 76, 74, 77, 76,
    71, 74, 69, 72, 71, 74, 77, 75, 80, 77, 74, 72, 70, 70, 70, 76, 77,
    74, 75, 69, 70, 69, 69, 72, 74, 75, 75, 74, 74, 72, 69, 69, 73, 75,
    74, 77, 73, 73, 74, 69, 68, 68, 72, 69, 72, 71, 69, 72, 68, 69, 68,
    68 ]
