%YAML:1.0
---
videoName: "headNod6.mp4"
gestureLabel: 202
fps: 29
pixelSizeInCmTemp: 3.1513157894736843e-01
faceCenterPointX: 262
faceCenterPointY: 73
headPositionsX: [ 262, 261, 263, 262, 264, 262, 262, 262, 262, 263, 263,
    260, 262, 261, 261, 265, 261, 261, 261, 263, 265, 262, 263, 260, 262,
    262, 260, 264, 261, 264, 263, 262, 264, 265, 263, 263, 264, 263, 262,
    261, 261, 264, 261, 264, 262, 261, 262, 260, 258, 263, 259, 261, 263,
    262, 263, 264, 261, 262, 260, 262, 258, 260, 260, 262, 261, 261, 259,
    258, 259, 262, 262, 259, 263, 261, 263, 260, 260, 262, 261, 259, 259,
    262, 263, 261, 263, 259, 259, 260, 263, 264, 261, 259, 263, 263, 260,
    263, 260, 262, 259, 260 ]
headPositionsY: [ 74, 72, 74, 76, 73, 75, 72, 73, 72, 76, 73, 73, 75, 74,
    72, 75, 73, 71, 74, 76, 72, 75, 74, 74, 72, 73, 76, 72, 75, 76, 74,
    72, 73, 67, 69, 65, 63, 65, 68, 67, 73, 79, 81, 82, 84, 81, 78, 75,
    68, 67, 65, 69, 74, 74, 82, 82, 85, 83, 76, 73, 68, 70, 68, 71, 70,
    74, 76, 83, 83, 83, 80, 75, 71, 70, 67, 65, 64, 68, 71, 76, 81, 83,
    82, 84, 83, 78, 73, 73, 73, 72, 72, 67, 72, 70, 70, 70, 74, 73, 74,
    74 ]
