%YAML:1.0
---
videoName: "headNod37.mp4"
gestureLabel: 202
fps: 29
pixelSizeInCmTemp: 2.9207317073170730e-01
faceCenterPointX: 269
faceCenterPointY: 78
headPositionsX: [ 271, 272, 272, 270, 272, 272, 271, 270, 271, 271, 271,
    268, 269, 272, 268, 270, 271, 271, 269, 267, 270, 271, 267, 266, 271,
    269, 269, 269, 266, 271, 271, 268, 270, 271, 267, 271, 268, 268, 270,
    272, 268, 269, 271, 269, 268, 268, 272, 270, 273, 272, 269, 271, 269,
    271, 268, 269, 272, 271, 270, 271, 271, 270, 266, 269, 266, 268, 268,
    265, 265, 267, 265, 265, 269, 267, 266, 267, 270, 270, 268, 271, 272,
    269, 270, 271, 268, 268, 270, 270, 270, 269, 271, 269, 267, 268, 268,
    271, 267, 267, 269, 271 ]
headPositionsY: [ 76, 78, 73, 74, 74, 77, 78, 73, 75, 77, 73, 74, 77, 74,
    77, 73, 75, 74, 73, 75, 75, 75, 77, 76, 77, 75, 75, 78, 73, 78, 75,
    76, 74, 76, 77, 75, 73, 78, 75, 77, 75, 75, 78, 73, 75, 75, 74, 74,
    79, 74, 73, 72, 71, 72, 65, 69, 66, 68, 66, 68, 70, 72, 80, 84, 86,
    86, 89, 86, 85, 79, 74, 74, 70, 66, 69, 66, 67, 65, 69, 70, 71, 72,
    77, 80, 84, 82, 83, 84, 80, 80, 81, 77, 78, 79, 77, 78, 79, 79, 80,
    76 ]
