%YAML:1.0
---
videoName: "headNod49.mp4"
gestureLabel: 202
fps: 29
pixelSizeInCmTemp: 2.9207317073170730e-01
faceCenterPointX: 263
faceCenterPointY: 74
headPositionsX: [ 264, 266, 263, 264, 264, 267, 263, 264, 264, 266, 267,
    264, 263, 263, 264, 266, 263, 266, 262, 267, 263, 262, 264, 263, 266,
    263, 266, 267, 263, 264, 263, 264, 263, 264, 265, 266, 266, 264, 265,
    266, 262, 266, 261, 264, 261, 261, 262, 265, 262, 262, 261, 264, 262,
    266, 265, 264, 262, 266, 266, 262, 263, 263, 262, 264, 264, 263, 261,
    264, 262, 264, 263, 264, 262, 265, 266, 263, 262, 263, 266, 262, 262,
    263, 264, 261, 262, 264, 263, 262, 263, 264, 264, 263, 264, 265, 264,
    265, 261, 263, 264, 265 ]
headPositionsY: [ 72, 72, 71, 70, 71, 74, 73, 74, 73, 72, 71, 69, 71, 71,
    68, 69, 68, 70, 67, 69, 67, 72, 70, 74, 77, 79, 78, 76, 77, 76, 74,
    69, 72, 70, 69, 70, 69, 75, 72, 77, 77, 77, 79, 77, 74, 70, 70, 68,
    72, 72, 70, 73, 75, 78, 79, 75, 79, 78, 74, 72, 76, 74, 71, 71, 71,
    75, 74, 77, 78, 77, 79, 77, 75, 75, 74, 72, 76, 72, 77, 77, 76, 76,
    76, 77, 76, 75, 76, 73, 74, 75, 72, 73, 73, 75, 73, 76, 72, 73, 72,
    73 ]
