%YAML:1.0
---
videoName: "headNod22.mp4"
gestureLabel: 202
fps: 29
pixelSizeInCmTemp: 3.1513157894736843e-01
faceCenterPointX: 252
faceCenterPointY: 80
headPositionsX: [ 252, 254, 254, 253, 251, 253, 254, 253, 252, 253, 251,
    254, 253, 253, 252, 254, 255, 253, 252, 254, 251, 254, 253, 255, 255,
    251, 253, 251, 255, 255, 251, 252, 254, 255, 256, 257, 251, 253, 254,
    253, 252, 254, 251, 252, 253, 252, 253, 253, 254, 253, 254, 254, 254,
    252, 252, 253, 251, 252, 250, 252, 254, 253, 253, 251, 254, 253, 250,
    252, 254, 254, 255, 252, 252, 254, 252, 252, 250, 253, 253, 255, 251,
    253, 252, 251, 250, 253, 250, 249, 250, 253, 249, 251, 254, 252, 253,
    250, 249, 253, 252, 253 ]
headPositionsY: [ 79, 80, 77, 80, 80, 79, 80, 77, 78, 76, 76, 77, 79, 77,
    76, 79, 77, 79, 77, 80, 78, 80, 78, 80, 81, 84, 84, 85, 80, 79, 74,
    74, 70, 73, 72, 75, 72, 79, 79, 81, 86, 84, 81, 77, 76, 72, 70, 70,
    73, 76, 76, 78, 82, 83, 88, 85, 82, 80, 76, 73, 71, 71, 72, 72, 75,
    79, 78, 79, 77, 79, 76, 77, 75, 75, 77, 76, 80, 81, 82, 82, 77, 78,
    74, 79, 76, 80, 81, 83, 81, 78, 76, 78, 78, 76, 80, 81, 83, 82, 78,
    78 ]
