%YAML:1.0
---
videoName: "headNod45.mp4"
gestureLabel: 202
fps: 30
pixelSizeInCmTemp: 3.0316455696202532e-01
faceCenterPointX: 265
faceCenterPointY: 77
headPositionsX: [ 267, 267, 265, 268, 267, 269, 269, 268, 267, 267, 270,
    268, 269, 267, 267, 266, 268, 269, 266, 268, 267, 267, 269, 268, 267,
    266, 266, 266, 264, 268, 267, 268, 265, 267, 267, 268, 267, 264, 266,
    265, 268, 264, 267, 263, 263, 263, 266, 266, 265, 265, 268, 268, 265,
    268, 266, 264, 267, 268, 265, 267, 266, 265, 266, 267, 265, 265, 268,
    269, 265, 268, 265, 266, 268, 266, 265, 264, 267, 268, 266, 264, 265,
    264, 265, 268, 266, 265, 269, 267, 268, 265, 263, 266, 268, 264, 264,
    268, 265, 265, 265, 265 ]
headPositionsY: [ 77, 76, 76, 78, 75, 76, 74, 76, 75, 74, 76, 74, 77, 73,
    74, 74, 74, 77, 80, 82, 83, 86, 89, 92, 92, 90, 90, 87, 83, 77, 75,
    75, 69, 67, 64, 69, 66, 72, 73, 79, 79, 87, 89, 89, 94, 88, 89, 82,
    78, 80, 76, 74, 75, 72, 73, 77, 79, 82, 85, 87, 87, 85, 80, 79, 77,
    76, 72, 74, 73, 77, 76, 78, 85, 88, 88, 89, 84, 82, 81, 80, 76, 76,
    74, 79, 78, 79, 80, 82, 80, 80, 80, 80, 80, 78, 78, 80, 75, 77, 77,
    78 ]
