%YAML:1.0
---
videoName: "headNod3.mp4"
gestureLabel: 202
fps: 29
pixelSizeInCmTemp: 3.1933333333333330e-01
faceCenterPointX: 264
faceCenterPointY: 76
headPositionsX: [ 264, 262, 265, 263, 262, 261, 265, 263, 264, 265, 267,
    265, 267, 267, 264, 267, 267, 264, 264, 266, 264, 265, 267, 264, 267,
    264, 265, 265, 266, 264, 265, 264, 267, 264, 267, 267, 264, 268, 267,
    266, 266, 266, 267, 263, 265, 267, 265, 266, 264, 263, 266, 265, 268,
    265, 266, 262, 262, 264, 265, 264, 262, 262, 262, 263, 261, 266, 264,
    266, 261, 264, 266, 262, 262, 265, 262, 262, 264, 265, 265, 264, 264,
    265, 262, 263, 266, 263, 263, 264, 266, 266, 264, 265, 261, 265, 262,
    262, 266, 264, 262, 266 ]
headPositionsY: [ 74, 76, 75, 75, 78, 75, 78, 75, 77, 73, 77, 73, 74, 73,
    73, 72, 73, 73, 72, 75, 73, 71, 72, 72, 74, 74, 73, 75, 72, 76, 74,
    72, 74, 74, 76, 77, 75, 77, 73, 72, 76, 75, 74, 75, 73, 69, 68, 66,
    65, 64, 66, 70, 72, 76, 76, 82, 84, 83, 82, 80, 76, 70, 67, 71, 68,
    68, 71, 70, 76, 78, 80, 83, 80, 81, 76, 72, 73, 69, 66, 66, 66, 66,
    71, 69, 72, 76, 77, 81, 80, 79, 76, 77, 75, 77, 74, 77, 76, 78, 76,
    75 ]
