%YAML:1.0
---
videoName: "headNod10.mp4"
gestureLabel: 202
fps: 29
pixelSizeInCmTemp: 3.2808219178082193e-01
faceCenterPointX: 260
faceCenterPointY: 67
headPositionsX: [ 260, 258, 258, 257, 256, 256, 257, 260, 256, 257, 260,
    256, 259, 256, 258, 260, 258, 258, 260, 258, 257, 258, 260, 258, 261,
    261, 257, 258, 258, 259, 259, 260, 261, 261, 260, 261, 257, 257, 261,
    261, 258, 261, 258, 258, 258, 260, 258, 262, 262, 262, 262, 259, 261,
    262, 262, 257, 259, 259, 257, 258, 262, 259, 260, 261, 258, 262, 259,
    260, 258, 260, 258, 260, 257, 256, 259, 257, 258, 261, 259, 260, 258,
    257, 259, 261, 256, 258, 257, 258, 259, 259, 258, 262, 259, 261, 261,
    261, 262, 260, 259, 259 ]
headPositionsY: [ 65, 71, 70, 72, 71, 68, 69, 69, 72, 70, 70, 70, 68, 69,
    71, 67, 68, 70, 69, 68, 69, 72, 71, 70, 69, 68, 69, 70, 70, 69, 70,
    70, 69, 70, 71, 73, 71, 68, 69, 70, 73, 74, 73, 70, 70, 65, 63, 62,
    63, 64, 62, 64, 69, 70, 76, 74, 71, 73, 68, 67, 67, 64, 61, 65, 67,
    67, 71, 73, 78, 76, 76, 72, 72, 65, 63, 65, 67, 68, 69, 73, 76, 78,
    77, 73, 70, 70, 68, 66, 69, 69, 66, 65, 65, 65, 65, 66, 68, 69, 66,
    69 ]
