%YAML:1.0
---
videoName: "headNod3.mp4"
gestureLabel: 202
fps: 29
pixelSizeInCmTemp: 3.1933333333333330e-01
faceCenterPointX: 264
faceCenterPointY: 76
headPositionsX: [ 266, 262, 263, 261, 263, 263, 265, 262, 265, 265, 268,
    264, 264, 268, 264, 266, 263, 268, 267, 266, 266, 263, 264, 266, 267,
    266, 263, 266, 267, 268, 263, 266, 264, 266, 265, 268, 265, 267, 265,
    264, 264, 264, 267, 265, 264, 264, 266, 263, 267, 266, 264, 267, 266,
    264, 262, 261, 264, 265, 262, 263, 266, 262, 262, 264, 262, 265, 263,
    264, 265, 264, 264, 263, 262, 264, 262, 261, 265, 264, 265, 263, 264,
    261, 264, 262, 266, 264, 266, 265, 263, 262, 262, 263, 261, 263, 264,
    262, 262, 263, 262, 266 ]
headPositionsY: [ 78, 77, 75, 77, 77, 74, 74, 75, 75, 75, 73, 75, 72, 72,
    75, 73, 75, 73, 72, 71, 72, 73, 71, 71, 71, 75, 74, 73, 74, 76, 72,
    74, 76, 72, 75, 73, 72, 76, 75, 73, 74, 74, 73, 74, 73, 70, 70, 66,
    64, 65, 68, 70, 72, 75, 78, 78, 82, 84, 84, 79, 77, 74, 67, 69, 66,
    69, 69, 70, 72, 78, 83, 80, 81, 82, 78, 72, 69, 70, 68, 64, 65, 68,
    71, 71, 75, 73, 77, 81, 82, 79, 78, 76, 78, 78, 76, 75, 75, 75, 76,
    77 ]
