%YAML:1.0
---
videoName: "headNod36.mp4"
gestureLabel: 202
fps: 29
pixelSizeInCmTemp: 2.8176470588235292e-01
faceCenterPointX: 269
faceCenterPointY: 75
headPositionsX: [ 271, 268, 271, 268, 269, 270, 271, 271, 269, 271, 271,
    270, 268, 268, 270, 270, 272, 271, 269, 273, 269, 271, 273, 271, 271,
    269, 268, 268, 270, 272, 268, 270, 272, 271, 271, 268, 268, 268, 270,
    266, 270, 269, 270, 270, 268, 269, 271, 270, 268, 270, 271, 272, 271,
    269, 271, 270, 270, 270, 269, 272, 267, 269, 271, 268, 270, 269, 269,
    269, 268, 270, 267, 270, 266, 265, 269, 266, 267, 267, 270, 268, 267,
    270, 268, 270, 271, 267, 268, 268, 270, 269, 270, 267, 269, 267, 271,
    269, 267, 271, 270, 271 ]
headPositionsY: [ 76, 73, 75, 72, 72, 75, 73, 76, 74, 72, 73, 73, 76, 72,
    72, 72, 75, 77, 75, 75, 80, 78, 77, 77, 75, 74, 67, 66, 65, 62, 63,
    63, 71, 73, 77, 83, 86, 87, 90, 85, 84, 77, 76, 73, 71, 67, 70, 69,
    70, 68, 70, 74, 77, 80, 83, 86, 89, 86, 83, 83, 80, 75, 74, 75, 73,
    75, 78, 76, 82, 85, 83, 80, 78, 80, 77, 72, 75, 73, 75, 78, 81, 81,
    82, 86, 85, 85, 79, 78, 79, 75, 77, 77, 74, 74, 76, 77, 74, 77, 75,
    76 ]
