%YAML:1.0
---
videoName: "headNod34.mp4"
gestureLabel: 202
fps: 29
pixelSizeInCmTemp: 2.9567901234567900e-01
faceCenterPointX: 266
faceCenterPointY: 78
headPositionsX: [ 265, 269, 270, 269, 270, 267, 271, 271, 268, 267, 271,
    270, 267, 269, 270, 271, 268, 270, 272, 269, 267, 271, 270, 272, 268,
    269, 272, 271, 269, 267, 269, 270, 270, 269, 270, 271, 271, 268, 268,
    268, 272, 268, 270, 272, 270, 272, 272, 267, 269, 269, 267, 269, 268,
    268, 270, 270, 271, 268, 273, 271, 272, 271, 271, 270, 272, 272, 271,
    271, 270, 267, 267, 266, 268, 266, 268, 269, 269, 265, 267, 265, 264,
    268, 266, 268, 265, 267, 268, 265, 267, 267, 268, 265, 265, 267, 264,
    268, 267, 269, 267, 268 ]
headPositionsY: [ 80, 74, 74, 78, 78, 77, 74, 75, 79, 78, 77, 75, 79, 75,
    76, 77, 78, 78, 79, 75, 75, 77, 76, 77, 75, 75, 75, 74, 78, 75, 77,
    77, 75, 77, 78, 75, 76, 74, 74, 73, 73, 70, 72, 75, 80, 82, 87, 87,
    85, 81, 79, 75, 74, 74, 73, 72, 74, 75, 82, 80, 82, 83, 78, 81, 81,
    81, 77, 78, 81, 83, 83, 86, 85, 84, 81, 78, 77, 78, 78, 76, 78, 80,
    80, 85, 85, 79, 82, 78, 81, 80, 80, 77, 77, 79, 78, 79, 82, 81, 78,
    80 ]
