%YAML:1.0
---
videoName: "headNod16.mp4"
gestureLabel: 202
fps: 29
pixelSizeInCmTemp: 3.3263888888888887e-01
faceCenterPointX: 255
faceCenterPointY: 77
headPositionsX: [ 257, 257, 258, 259, 258, 260, 261, 259, 259, 260, 261,
    258, 261, 258, 260, 258, 259, 259, 257, 256, 258, 260, 257, 260, 261,
    257, 260, 257, 261, 261, 261, 259, 258, 257, 257, 260, 259, 258, 260,
    259, 261, 259, 257, 261, 259, 257, 260, 256, 257, 258, 255, 256, 256,
    257, 259, 260, 257, 259, 258, 259, 258, 260, 255, 254, 258, 257, 254,
    253, 256, 254, 257, 255, 256, 254, 254, 252, 255, 255, 257, 255, 255,
    253, 252, 256, 257, 254, 256, 254, 253, 254, 254, 255, 254, 255, 255,
    253, 255, 254, 254, 253 ]
headPositionsY: [ 78, 77, 75, 76, 75, 76, 73, 72, 74, 74, 74, 78, 77, 74,
    76, 73, 73, 74, 76, 73, 74, 76, 74, 73, 78, 73, 76, 77, 72, 77, 76,
    73, 73, 74, 74, 71, 72, 69, 67, 66, 70, 67, 71, 74, 78, 80, 79, 81,
    81, 78, 75, 75, 70, 67, 72, 70, 71, 73, 76, 79, 81, 84, 82, 80, 77,
    75, 72, 68, 72, 70, 73, 73, 77, 78, 82, 79, 81, 79, 74, 70, 70, 70,
    70, 69, 74, 71, 74, 78, 79, 79, 77, 78, 76, 79, 74, 76, 79, 75, 76,
    76 ]
