%YAML:1.0
---
videoName: "headNod15.mp4"
gestureLabel: 202
fps: 29
pixelSizeInCmTemp: 3.1933333333333330e-01
faceCenterPointX: 255
faceCenterPointY: 74
headPositionsX: [ 255, 258, 258, 257, 256, 257, 256, 256, 257, 258, 258,
    258, 255, 258, 257, 254, 255, 258, 254, 256, 254, 257, 253, 256, 258,
    254, 258, 253, 255, 257, 253, 256, 256, 256, 256, 255, 254, 254, 254,
    255, 256, 256, 255, 252, 253, 253, 255, 255, 253, 253, 255, 257, 253,
    256, 255, 255, 253, 255, 256, 256, 255, 257, 253, 253, 256, 254, 255,
    255, 255, 256, 256, 256, 257, 254, 253, 251, 253, 251, 251, 255, 252,
    254, 252, 256, 256, 256, 256, 253, 255, 253, 254, 253, 255, 254, 253,
    253, 254, 253, 253, 256 ]
headPositionsY: [ 74, 74, 73, 71, 72, 75, 71, 71, 75, 75, 70, 74, 73, 76,
    74, 75, 75, 74, 72, 75, 74, 72, 71, 72, 76, 75, 71, 73, 76, 74, 72,
    75, 76, 74, 75, 74, 78, 76, 81, 79, 82, 80, 80, 78, 76, 70, 69, 70,
    73, 76, 79, 81, 81, 80, 80, 78, 76, 74, 69, 71, 68, 73, 76, 79, 82,
    82, 82, 80, 77, 75, 74, 73, 70, 70, 70, 73, 77, 77, 79, 76, 72, 69,
    73, 68, 71, 70, 69, 72, 71, 73, 75, 76, 71, 74, 72, 72, 74, 72, 73,
    74 ]
