%YAML:1.0
---
videoName: "headNod16.mp4"
gestureLabel: 202
fps: 29
pixelSizeInCmTemp: 3.3263888888888887e-01
faceCenterPointX: 255
faceCenterPointY: 77
headPositionsX: [ 257, 258, 260, 258, 259, 257, 257, 258, 260, 261, 261,
    259, 257, 261, 261, 257, 257, 260, 257, 258, 260, 258, 258, 257, 257,
    260, 261, 260, 259, 260, 257, 258, 261, 256, 260, 256, 258, 258, 262,
    259, 258, 257, 260, 259, 258, 260, 258, 259, 257, 259, 256, 256, 258,
    259, 258, 259, 256, 259, 258, 257, 255, 258, 256, 255, 254, 253, 255,
    256, 256, 257, 257, 254, 254, 254, 254, 252, 252, 256, 255, 253, 256,
    252, 252, 255, 257, 254, 256, 254, 254, 255, 253, 255, 253, 254, 256,
    257, 256, 255, 255, 254 ]
headPositionsY: [ 79, 75, 76, 77, 76, 72, 76, 75, 73, 75, 77, 77, 77, 72,
    74, 75, 75, 73, 73, 74, 74, 75, 77, 75, 74, 73, 76, 77, 73, 76, 76,
    76, 73, 73, 75, 73, 71, 69, 67, 67, 69, 67, 69, 74, 77, 77, 82, 84,
    82, 78, 76, 72, 70, 67, 72, 68, 74, 75, 78, 81, 81, 81, 83, 78, 79,
    75, 74, 70, 71, 70, 72, 76, 75, 78, 81, 81, 81, 78, 75, 72, 71, 69,
    68, 70, 72, 71, 74, 79, 78, 77, 75, 77, 74, 78, 76, 76, 75, 77, 77,
    76 ]
