%YAML:1.0
---
videoName: "headNod29.mp4"
gestureLabel: 202
fps: 29
pixelSizeInCmTemp: 3.1933333333333330e-01
faceCenterPointX: 271
faceCenterPointY: 70
headPositionsX: [ 273, 275, 272, 273, 274, 274, 273, 271, 274, 274, 271,
    271, 271, 273, 272, 274, 274, 271, 275, 271, 270, 273, 270, 271, 273,
    270, 274, 274, 272, 273, 272, 269, 273, 269, 269, 269, 268, 269, 273,
    271, 271, 270, 269, 270, 273, 271, 271, 273, 269, 272, 271, 271, 274,
    273, 273, 270, 271, 272, 272, 273, 270, 272, 269, 270, 268, 270, 270,
    272, 270, 271, 268, 272, 273, 270, 271, 271, 272, 271, 270, 272, 273,
    269, 272, 272, 271, 271, 270, 271, 269, 271, 271, 269, 270, 272, 269,
    271, 273, 273, 268, 273 ]
headPositionsY: [ 71, 71, 73, 71, 73, 74, 76, 76, 81, 79, 80, 77, 78, 73,
    73, 69, 69, 66, 67, 67, 66, 70, 69, 70, 74, 74, 78, 79, 79, 78, 80,
    77, 77, 74, 73, 70, 72, 71, 74, 73, 73, 76, 81, 78, 78, 79, 78, 75,
    72, 71, 73, 73, 77, 78, 82, 80, 81, 82, 79, 77, 75, 73, 73, 77, 79,
    75, 81, 78, 75, 75, 70, 72, 71, 71, 71, 70, 73, 73, 74, 78, 76, 74,
    73, 74, 74, 69, 71, 68, 71, 71, 68, 68, 71, 69, 71, 71, 69, 68, 70,
    70 ]
