%YAML:1.0
---
videoName: "headNod47.mp4"
gestureLabel: 202
fps: 29
pixelSizeInCmTemp: 3.0316455696202532e-01
faceCenterPointX: 266
faceCenterPointY: 70
headPositionsX: [ 264, 267, 269, 266, 267, 269, 265, 267, 266, 269, 267,
    267, 267, 264, 265, 266, 264, 266, 266, 267, 266, 265, 264, 265, 266,
    268, 266, 269, 268, 265, 266, 270, 269, 269, 268, 265, 267, 267, 266,
    267, 268, 268, 267, 268, 267, 267, 265, 264, 265, 267, 267, 269, 264,
    269, 268, 268, 266, 265, 269, 267, 267, 267, 268, 267, 266, 265, 265,
    268, 264, 264, 267, 265, 267, 265, 268, 268, 268, 267, 265, 267, 264,
    267, 265, 268, 266, 266, 264, 263, 266, 264, 265, 267, 266, 263, 264,
    265, 266, 268, 267, 265 ]
headPositionsY: [ 69, 60, 60, 58, 57, 59, 60, 62, 65, 68, 72, 78, 78, 83,
    80, 77, 74, 70, 67, 69, 68, 63, 66, 68, 73, 74, 77, 76, 77, 76, 72,
    72, 70, 66, 66, 68, 69, 72, 72, 77, 78, 80, 78, 77, 74, 75, 68, 71,
    66, 68, 71, 69, 72, 74, 74, 75, 76, 70, 72, 69, 68, 69, 70, 69, 68,
    69, 73, 76, 76, 76, 76, 75, 71, 71, 71, 68, 71, 66, 69, 69, 73, 76,
    73, 72, 74, 71, 69, 71, 72, 72, 69, 71, 73, 68, 69, 71, 73, 69, 72,
    72 ]
