%YAML:1.0
---
videoName: "headNod32.mp4"
gestureLabel: 202
fps: 29
pixelSizeInCmTemp: 2.8855421686746985e-01
faceCenterPointX: 266
faceCenterPointY: 74
headPositionsX: [ 264, 267, 269, 267, 269, 269, 264, 268, 264, 268, 268,
    267, 267, 265, 266, 267, 267, 265, 264, 268, 266, 265, 265, 264, 266,
    267, 268, 266, 267, 265, 267, 265, 267, 268, 268, 267, 268, 265, 270,
    266, 268, 269, 267, 265, 270, 265, 269, 268, 269, 269, 268, 267, 267,
    265, 268, 267, 265, 266, 266, 266, 266, 269, 266, 268, 265, 267, 267,
    269, 269, 264, 268, 267, 268, 268, 267, 266, 267, 267, 265, 264, 264,
    264, 265, 266, 264, 269, 266, 266, 266, 267, 265, 267, 268, 267, 264,
    265, 268, 266, 266, 268 ]
headPositionsY: [ 73, 76, 79, 77, 80, 76, 78, 79, 76, 76, 79, 76, 80, 80,
    78, 77, 76, 79, 76, 79, 77, 78, 77, 77, 75, 80, 79, 76, 79, 75, 80,
    77, 78, 75, 77, 76, 76, 79, 76, 77, 77, 76, 75, 75, 78, 75, 76, 75,
    79, 75, 80, 77, 78, 78, 77, 77, 74, 73, 74, 73, 70, 67, 65, 64, 66,
    67, 69, 74, 79, 84, 86, 90, 88, 86, 85, 82, 74, 75, 74, 71, 72, 73,
    72, 71, 70, 75, 74, 73, 76, 75, 75, 76, 78, 75, 75, 77, 73, 76, 77,
    72 ]
