%YAML:1.0
---
videoName: "headNod18.mp4"
gestureLabel: 202
fps: 29
pixelSizeInCmTemp: 3.3263888888888887e-01
faceCenterPointX: 255
faceCenterPointY: 77
headPositionsX: [ 255, 259, 257, 256, 259, 258, 255, 256, 258, 256, 254,
    257, 254, 256, 255, 254, 255, 253, 253, 256, 255, 253, 256, 253, 253,
    254, 255, 255, 255, 253, 257, 256, 254, 256, 253, 255, 256, 256, 256,
    253, 255, 257, 257, 257, 257, 254, 256, 256, 257, 253, 252, 255, 254,
    256, 256, 252, 252, 256, 252, 255, 255, 253, 254, 252, 255, 253, 252,
    254, 252, 254, 253, 253, 253, 252, 253, 255, 254, 254, 253, 253, 256,
    256, 255, 253, 252, 253, 257, 255, 254, 254, 254, 254, 253, 256, 252,
    255, 257, 253, 255, 254 ]
headPositionsY: [ 75, 77, 78, 76, 78, 78, 77, 77, 76, 75, 78, 76, 77, 78,
    75, 78, 79, 77, 80, 76, 75, 79, 75, 80, 80, 77, 80, 78, 79, 75, 79,
    79, 79, 76, 76, 79, 78, 80, 77, 76, 74, 73, 71, 74, 71, 71, 72, 71,
    74, 77, 75, 78, 80, 83, 79, 81, 75, 75, 73, 72, 75, 72, 77, 79, 84,
    85, 82, 80, 74, 75, 74, 73, 79, 78, 85, 83, 84, 82, 76, 74, 74, 76,
    75, 78, 80, 81, 84, 82, 82, 79, 77, 76, 77, 78, 77, 79, 79, 78, 79,
    78 ]
