%YAML:1.0
---
videoName: "headNod37.mp4"
gestureLabel: 202
fps: 29
pixelSizeInCmTemp: 2.9207317073170730e-01
faceCenterPointX: 269
faceCenterPointY: 78
headPositionsX: [ 270, 270, 271, 273, 269, 272, 273, 270, 272, 269, 268,
    269, 273, 268, 272, 270, 267, 271, 268, 267, 270, 267, 270, 270, 267,
    269, 270, 269, 267, 272, 270, 269, 267, 268, 271, 269, 269, 269, 269,
    271, 272, 271, 269, 267, 267, 267, 268, 271, 269, 270, 271, 268, 272,
    270, 271, 271, 270, 271, 267, 271, 267, 268, 269, 270, 268, 267, 265,
    268, 268, 269, 267, 268, 265, 269, 269, 271, 267, 269, 268, 272, 269,
    269, 268, 269, 270, 272, 268, 269, 271, 269, 268, 268, 268, 269, 270,
    271, 266, 269, 267, 269 ]
headPositionsY: [ 78, 78, 73, 75, 75, 75, 76, 74, 76, 77, 74, 76, 75, 75,
    76, 76, 73, 74, 76, 74, 76, 76, 75, 76, 77, 75, 77, 74, 75, 77, 75,
    77, 75, 77, 76, 75, 77, 78, 74, 74, 77, 74, 77, 77, 76, 77, 75, 76,
    77, 74, 76, 72, 74, 69, 66, 65, 64, 68, 66, 65, 70, 72, 80, 86, 86,
    86, 88, 84, 82, 78, 77, 70, 68, 65, 69, 64, 63, 66, 66, 69, 74, 73,
    79, 81, 80, 80, 83, 84, 83, 79, 77, 81, 79, 78, 76, 79, 76, 79, 80,
    78 ]
