%YAML:1.0
---
videoName: "headNod23.mp4"
gestureLabel: 202
fps: 29
pixelSizeInCmTemp: 3.1933333333333330e-01
faceCenterPointX: 273
faceCenterPointY: 75
headPositionsX: [ 274, 272, 274, 273, 275, 275, 272, 275, 274, 275, 274,
    273, 273, 277, 276, 275, 276, 275, 274, 276, 273, 274, 272, 275, 275,
    276, 275, 273, 274, 275, 274, 276, 274, 277, 275, 274, 272, 272, 273,
    270, 272, 272, 272, 270, 274, 273, 270, 272, 273, 274, 275, 275, 275,
    276, 275, 274, 274, 275, 271, 273, 274, 272, 275, 273, 275, 272, 274,
    272, 275, 273, 275, 276, 275, 273, 275, 271, 271, 274, 272, 276, 273,
    272, 273, 274, 274, 273, 273, 277, 272, 273, 272, 272, 272, 275, 271,
    275, 274, 273, 272, 271 ]
headPositionsY: [ 76, 74, 78, 75, 77, 75, 76, 77, 77, 78, 77, 74, 78, 78,
    75, 79, 76, 76, 78, 75, 76, 79, 77, 75, 72, 71, 68, 68, 67, 67, 64,
    66, 67, 66, 70, 72, 72, 74, 79, 79, 80, 82, 82, 78, 79, 73, 73, 68,
    70, 66, 69, 69, 70, 73, 74, 75, 75, 78, 78, 77, 79, 74, 72, 74, 71,
    69, 70, 67, 67, 69, 73, 72, 73, 78, 80, 79, 81, 77, 77, 79, 78, 73,
    74, 71, 72, 72, 73, 75, 73, 71, 72, 75, 75, 77, 74, 78, 78, 75, 75,
    75 ]
