%YAML:1.0
---
videoName: "headNod27.mp4"
gestureLabel: 202
fps: 29
pixelSizeInCmTemp: 3.0705128205128202e-01
faceCenterPointX: 271
faceCenterPointY: 77
headPositionsX: [ 271, 274, 273, 270, 270, 271, 270, 274, 273, 272, 272,
    271, 270, 272, 270, 271, 269, 271, 270, 272, 274, 273, 274, 271, 272,
    271, 271, 272, 271, 270, 271, 271, 271, 270, 272, 269, 270, 270, 270,
    270, 270, 269, 268, 270, 272, 269, 270, 268, 269, 270, 270, 269, 271,
    268, 270, 271, 271, 268, 272, 272, 271, 269, 271, 267, 266, 269, 266,
    267, 268, 269, 269, 269, 270, 269, 266, 268, 271, 268, 267, 268, 270,
    267, 267, 269, 270, 269, 270, 271, 271, 271, 271, 272, 272, 269, 271,
    272, 268, 268, 271, 270 ]
headPositionsY: [ 76, 73, 72, 74, 71, 71, 75, 73, 74, 72, 71, 74, 74, 74,
    75, 72, 73, 75, 76, 75, 71, 71, 71, 66, 65, 63, 64, 64, 65, 65, 70,
    77, 79, 84, 85, 82, 80, 78, 75, 70, 67, 66, 68, 68, 71, 72, 73, 78,
    81, 81, 79, 78, 73, 74, 70, 69, 73, 71, 76, 77, 79, 80, 80, 83, 83,
    80, 74, 75, 71, 74, 74, 72, 72, 78, 79, 81, 79, 78, 75, 74, 74, 73,
    69, 68, 70, 74, 73, 77, 80, 80, 80, 77, 79, 75, 76, 77, 74, 75, 75,
    75 ]
