%YAML:1.0
---
videoName: "headNod19.mp4"
gestureLabel: 202
fps: 29
pixelSizeInCmTemp: 3.1933333333333330e-01
faceCenterPointX: 255
faceCenterPointY: 81
headPositionsX: [ 254, 258, 257, 256, 258, 257, 259, 256, 256, 258, 255,
    257, 256, 253, 255, 253, 254, 251, 252, 255, 252, 254, 251, 251, 249,
    250, 252, 249, 252, 253, 249, 252, 252, 254, 251, 252, 252, 254, 255,
    254, 253, 254, 257, 257, 257, 257, 253, 256, 255, 256, 254, 258, 256,
    258, 254, 256, 258, 257, 254, 253, 257, 256, 254, 254, 254, 256, 256,
    254, 256, 255, 255, 258, 255, 257, 255, 254, 258, 254, 254, 257, 256,
    256, 258, 254, 258, 256, 255, 255, 256, 256, 256, 255, 255, 255, 255,
    255, 256, 253, 258, 256 ]
headPositionsY: [ 82, 86, 86, 81, 81, 80, 75, 79, 76, 77, 77, 75, 75, 78,
    78, 79, 76, 80, 79, 79, 78, 77, 80, 78, 77, 78, 81, 79, 79, 79, 80,
    79, 80, 78, 78, 80, 78, 79, 78, 77, 77, 81, 79, 80, 80, 78, 80, 78,
    77, 76, 77, 77, 77, 81, 80, 80, 78, 80, 77, 81, 81, 81, 77, 77, 80,
    79, 79, 79, 73, 76, 72, 74, 74, 74, 79, 81, 83, 82, 79, 77, 77, 75,
    79, 78, 84, 85, 83, 83, 83, 82, 81, 83, 81, 80, 84, 80, 85, 82, 84,
    80 ]
