%YAML:1.0
---
videoName: "headNod8.mp4"
gestureLabel: 202
fps: 29
pixelSizeInCmTemp: 3.1933333333333330e-01
faceCenterPointX: 262
faceCenterPointY: 74
headPositionsX: [ 264, 264, 260, 263, 261, 259, 260, 262, 260, 263, 260,
    263, 264, 261, 262, 262, 260, 262, 262, 260, 263, 262, 264, 260, 259,
    260, 261, 263, 263, 261, 261, 260, 260, 261, 263, 261, 260, 260, 262,
    261, 264, 261, 262, 260, 263, 261, 261, 262, 261, 260, 263, 262, 264,
    263, 260, 259, 262, 257, 259, 259, 263, 262, 260, 261, 259, 261, 259,
    261, 261, 263, 259, 261, 262, 262, 259, 258, 258, 261, 260, 260, 261,
    264, 264, 263, 263, 263, 262, 264, 264, 261, 263, 265, 263, 261, 262,
    262, 262, 264, 261, 261 ]
headPositionsY: [ 73, 77, 77, 75, 75, 74, 79, 76, 76, 74, 77, 76, 74, 75,
    75, 74, 77, 75, 74, 74, 75, 76, 75, 77, 77, 77, 74, 77, 77, 75, 78,
    78, 79, 76, 78, 79, 78, 76, 73, 74, 72, 70, 67, 68, 68, 69, 66, 68,
    73, 74, 75, 81, 83, 85, 80, 79, 76, 76, 72, 68, 69, 67, 73, 72, 76,
    83, 85, 86, 83, 83, 78, 73, 69, 70, 72, 74, 73, 77, 80, 82, 82, 82,
    82, 76, 75, 72, 73, 73, 71, 74, 75, 76, 78, 76, 79, 77, 77, 78, 74,
    74 ]
