%YAML:1.0
---
videoName: "headNod8.mp4"
gestureLabel: 202
fps: 29
pixelSizeInCmTemp: 3.1933333333333330e-01
faceCenterPointX: 262
faceCenterPointY: 74
headPositionsX: [ 261, 262, 263, 261, 263, 263, 261, 262, 262, 260, 262,
    263, 260, 263, 260, 262, 260, 259, 261, 262, 261, 264, 261, 263, 262,
    259, 261, 262, 262, 259, 260, 263, 262, 263, 259, 261, 262, 261, 263,
    263, 264, 261, 259, 264, 262, 261, 261, 262, 260, 260, 263, 261, 262,
    263, 263, 261, 263, 258, 261, 260, 260, 259, 259, 262, 262, 264, 262,
    263, 259, 263, 260, 258, 263, 258, 263, 261, 260, 260, 261, 263, 262,
    261, 261, 263, 261, 260, 263, 262, 263, 265, 263, 264, 260, 262, 264,
    264, 264, 265, 262, 262 ]
headPositionsY: [ 72, 78, 77, 78, 74, 74, 78, 79, 78, 76, 78, 75, 77, 77,
    77, 77, 76, 78, 74, 76, 78, 77, 78, 78, 77, 73, 78, 76, 75, 74, 77,
    79, 75, 76, 78, 78, 78, 76, 76, 77, 74, 73, 71, 68, 69, 68, 67, 70,
    72, 77, 75, 81, 85, 82, 80, 78, 76, 76, 74, 70, 72, 70, 73, 72, 79,
    82, 85, 84, 82, 83, 76, 72, 69, 68, 69, 71, 75, 74, 77, 83, 83, 80,
    80, 77, 76, 73, 72, 73, 73, 70, 75, 73, 74, 76, 77, 81, 78, 77, 75,
    77 ]
