%YAML:1.0
---
videoName: "headNod35.mp4"
gestureLabel: 202
fps: 30
pixelSizeInCmTemp: 2.9937500000000000e-01
faceCenterPointX: 268
faceCenterPointY: 78
headPositionsX: [ 268, 265, 267, 270, 267, 270, 271, 271, 270, 272, 271,
    271, 272, 269, 272, 271, 268, 270, 272, 272, 270, 269, 270, 270, 269,
    271, 271, 269, 270, 269, 273, 273, 269, 270, 269, 272, 271, 267, 265,
    268, 270, 266, 267, 265, 267, 268, 267, 267, 270, 269, 272, 270, 269,
    267, 270, 270, 267, 267, 270, 267, 266, 270, 267, 268, 271, 271, 269,
    269, 271, 270, 271, 271, 270, 271, 269, 268, 267, 270, 267, 269, 267,
    266, 268, 269, 269, 264, 266, 267, 265, 266, 266, 267, 269, 267, 265,
    269, 267, 268, 269, 269 ]
headPositionsY: [ 80, 78, 73, 74, 77, 74, 75, 78, 76, 76, 75, 76, 78, 78,
    75, 78, 79, 78, 74, 74, 78, 78, 75, 75, 74, 74, 78, 72, 72, 71, 67,
    68, 70, 68, 71, 74, 80, 83, 88, 92, 91, 93, 87, 84, 80, 76, 76, 72,
    74, 76, 77, 82, 82, 88, 87, 91, 89, 82, 82, 81, 76, 71, 71, 72, 74,
    73, 75, 81, 82, 85, 88, 86, 84, 78, 74, 75, 72, 75, 76, 80, 80, 81,
    87, 85, 87, 86, 81, 80, 82, 80, 79, 81, 80, 80, 77, 80, 80, 75, 78,
    76 ]
