%YAML:1.0
---
videoName: "headNod1.mp4"
gestureLabel: 202
fps: 29
pixelSizeInCmTemp: 3.2808219178082193e-01
faceCenterPointX: 263
faceCenterPointY: 78
headPositionsX: [ 262, 265, 265, 261, 264, 266, 260, 264, 263, 261, 260,
    264, 262, 264, 264, 266, 261, 266, 262, 262, 264, 264, 267, 266, 266,
    264, 264, 263, 262, 263, 265, 266, 264, 267, 263, 262, 264, 264, 265,
    264, 265, 265, 266, 265, 264, 267, 265, 266, 267, 263, 265, 265, 263,
    265, 261, 264, 260, 262, 263, 262, 263, 262, 262, 262, 262, 262, 263,
    265, 264, 263, 261, 262, 264, 262, 262, 262, 263, 260, 263, 261, 260,
    261, 260, 263, 260, 262, 264, 264, 262, 262, 262, 260, 263, 264, 264,
    264, 262, 261, 262, 262 ]
headPositionsY: [ 79, 74, 76, 76, 75, 77, 77, 75, 76, 76, 73, 73, 75, 75,
    72, 76, 74, 72, 73, 77, 75, 74, 76, 76, 76, 75, 77, 75, 76, 74, 77,
    73, 73, 76, 72, 71, 71, 66, 67, 62, 66, 65, 64, 66, 65, 64, 69, 70,
    71, 73, 75, 80, 81, 83, 84, 82, 78, 79, 77, 72, 70, 67, 65, 66, 63,
    68, 67, 73, 74, 77, 79, 80, 77, 78, 72, 68, 67, 64, 67, 66, 68, 67,
    70, 71, 75, 76, 76, 80, 81, 80, 80, 82, 80, 79, 78, 79, 77, 80, 78,
    76 ]
