%YAML:1.0
---
videoName: "headNod33.mp4"
gestureLabel: 202
fps: 29
pixelSizeInCmTemp: 2.9567901234567900e-01
faceCenterPointX: 268
faceCenterPointY: 74
headPositionsX: [ 270, 268, 267, 269, 266, 267, 270, 272, 269, 272, 269,
    271, 268, 271, 270, 270, 269, 269, 271, 269, 273, 269, 269, 268, 268,
    268, 267, 268, 267, 267, 270, 267, 268, 269, 268, 267, 267, 271, 270,
    271, 268, 267, 268, 270, 268, 269, 269, 272, 270, 267, 268, 266, 268,
    267, 266, 270, 268, 269, 269, 267, 268, 265, 268, 269, 267, 269, 265,
    270, 270, 269, 267, 265, 265, 270, 267, 271, 271, 268, 267, 269, 267,
    269, 267, 269, 267, 268, 267, 265, 269, 269, 266, 265, 266, 268, 265,
    266, 268, 267, 267, 267 ]
headPositionsY: [ 76, 72, 74, 70, 72, 69, 73, 73, 71, 73, 70, 70, 71, 70,
    73, 70, 70, 70, 70, 71, 72, 70, 72, 72, 72, 74, 71, 71, 70, 72, 71,
    73, 72, 73, 75, 74, 79, 74, 74, 70, 68, 70, 67, 66, 67, 66, 70, 75,
    78, 82, 83, 80, 80, 78, 74, 73, 70, 71, 68, 71, 67, 69, 71, 71, 73,
    76, 75, 76, 79, 78, 72, 75, 74, 72, 69, 70, 72, 70, 72, 73, 74, 74,
    77, 76, 78, 78, 78, 78, 78, 78, 73, 76, 75, 74, 75, 78, 77, 77, 73,
    74 ]
