%YAML:1.0
---
videoName: "headNod17.mp4"
gestureLabel: 202
fps: 30
pixelSizeInCmTemp: 3.2808219178082193e-01
faceCenterPointX: 253
faceCenterPointY: 76
headPositionsX: [ 253, 256, 256, 253, 256, 255, 253, 253, 255, 256, 256,
    256, 255, 255, 255, 255, 255, 256, 253, 257, 255, 255, 253, 256, 255,
    256, 254, 257, 254, 254, 256, 254, 253, 257, 256, 254, 253, 257, 254,
    256, 254, 252, 253, 251, 253, 254, 251, 255, 252, 251, 255, 252, 255,
    252, 257, 251, 257, 253, 253, 253, 255, 254, 256, 253, 253, 257, 256,
    255, 256, 252, 254, 256, 255, 252, 254, 252, 256, 252, 253, 253, 254,
    257, 255, 255, 256, 253, 255, 255, 253, 256, 255, 255, 255, 253, 256,
    255, 255, 255, 255, 256 ]
headPositionsY: [ 77, 77, 76, 76, 79, 77, 79, 80, 77, 75, 78, 78, 77, 80,
    75, 78, 78, 77, 76, 76, 78, 78, 76, 74, 71, 70, 71, 70, 69, 69, 65,
    64, 68, 67, 71, 72, 73, 72, 76, 78, 78, 80, 85, 87, 85, 85, 84, 81,
    83, 79, 75, 75, 75, 70, 69, 68, 70, 70, 70, 69, 70, 71, 73, 74, 76,
    81, 80, 81, 78, 80, 79, 79, 74, 75, 76, 80, 79, 77, 79, 78, 75, 77,
    78, 75, 76, 75, 79, 79, 78, 80, 77, 79, 77, 74, 78, 76, 79, 76, 78,
    79 ]
