%YAML:1.0
---
videoName: "headNod31.mp4"
gestureLabel: 202
fps: 29
pixelSizeInCmTemp: 2.8855421686746985e-01
faceCenterPointX: 267
faceCenterPointY: 75
headPositionsX: [ 267, 269, 272, 268, 271, 270, 271, 271, 268, 272, 272,
    270, 268, 269, 270, 269, 270, 266, 268, 269, 266, 268, 266, 267, 264,
    265, 268, 267, 266, 269, 270, 266, 271, 269, 267, 267, 268, 267, 268,
    268, 266, 267, 268, 267, 265, 265, 268, 267, 267, 269, 267, 269, 267,
    268, 268, 267, 269, 264, 268, 267, 265, 267, 266, 264, 265, 269, 268,
    267, 267, 268, 267, 264, 266, 268, 265, 267, 266, 266, 267, 269, 266,
    265, 265, 265, 269, 264, 268, 269, 267, 268, 266, 265, 265, 265, 269,
    267, 265, 265, 265, 264 ]
headPositionsY: [ 77, 72, 75, 75, 73, 73, 74, 65, 66, 65, 66, 68, 64, 65,
    78, 80, 81, 86, 84, 83, 84, 83, 82, 75, 75, 70, 74, 72, 69, 68, 70,
    69, 75, 74, 80, 84, 82, 84, 89, 85, 85, 84, 79, 76, 72, 76, 72, 73,
    75, 77, 79, 85, 86, 83, 81, 82, 76, 76, 72, 72, 73, 70, 70, 68, 72,
    72, 77, 77, 77, 83, 82, 80, 77, 75, 75, 73, 69, 72, 71, 71, 74, 77,
    76, 78, 75, 77, 77, 78, 73, 75, 75, 72, 76, 76, 73, 75, 74, 78, 78,
    76 ]
