%YAML:1.0
---
videoName: "headNod11.mp4"
gestureLabel: 202
fps: 29
pixelSizeInCmTemp: 3.2364864864864862e-01
faceCenterPointX: 261
faceCenterPointY: 75
headPositionsX: [ 263, 260, 258, 261, 257, 257, 259, 261, 259, 258, 261,
    258, 257, 259, 257, 261, 258, 262, 259, 257, 259, 262, 262, 259, 261,
    260, 260, 258, 262, 260, 261, 259, 260, 257, 260, 260, 260, 259, 261,
    258, 258, 258, 260, 261, 261, 262, 262, 259, 259, 259, 262, 258, 262,
    260, 262, 262, 260, 261, 258, 262, 258, 260, 259, 257, 258, 257, 259,
    260, 256, 260, 256, 259, 260, 257, 258, 258, 255, 257, 256, 259, 257,
    256, 258, 261, 261, 259, 259, 257, 257, 261, 261, 258, 258, 260, 259,
    258, 260, 260, 259, 258 ]
headPositionsY: [ 77, 75, 73, 76, 75, 74, 76, 76, 73, 74, 72, 76, 72, 75,
    75, 73, 74, 72, 72, 72, 74, 74, 72, 75, 76, 75, 74, 75, 74, 78, 76,
    74, 77, 76, 75, 75, 75, 77, 73, 73, 75, 76, 73, 76, 75, 74, 76, 71,
    71, 70, 70, 70, 66, 70, 69, 73, 75, 74, 78, 82, 79, 77, 75, 75, 69,
    69, 68, 68, 72, 71, 75, 75, 79, 81, 83, 82, 78, 77, 76, 73, 70, 71,
    70, 71, 76, 74, 77, 80, 78, 80, 77, 78, 76, 77, 77, 78, 75, 74, 77,
    74 ]
