%YAML:1.0
---
videoName: "headNod31.mp4"
gestureLabel: 202
fps: 29
pixelSizeInCmTemp: 2.8855421686746985e-01
faceCenterPointX: 267
faceCenterPointY: 75
headPositionsX: [ 267, 269, 269, 268, 268, 268, 268, 268, 272, 271, 268,
    268, 270, 270, 270, 271, 267, 270, 267, 267, 265, 266, 269, 266, 265,
    266, 265, 267, 266, 270, 266, 267, 270, 269, 271, 270, 269, 270, 270,
    270, 268, 267, 269, 266, 264, 268, 266, 269, 268, 266, 268, 267, 267,
    264, 266, 266, 267, 268, 269, 267, 265, 265, 266, 266, 268, 266, 268,
    267, 268, 266, 268, 266, 264, 267, 267, 269, 266, 266, 268, 267, 269,
    267, 266, 265, 268, 265, 265, 268, 268, 264, 265, 268, 265, 267, 267,
    268, 266, 267, 265, 267 ]
headPositionsY: [ 74, 72, 72, 74, 74, 73, 75, 69, 64, 67, 65, 68, 65, 65,
    78, 79, 84, 86, 86, 85, 86, 84, 82, 75, 76, 74, 74, 72, 69, 70, 69,
    67, 73, 73, 77, 84, 82, 84, 87, 87, 83, 80, 78, 75, 73, 72, 76, 74,
    74, 79, 80, 82, 85, 83, 81, 80, 80, 75, 75, 71, 71, 71, 67, 68, 70,
    75, 73, 77, 79, 79, 80, 80, 80, 77, 75, 73, 69, 70, 73, 73, 76, 77,
    74, 77, 75, 77, 76, 74, 77, 75, 76, 75, 74, 75, 76, 76, 76, 74, 75,
    74 ]
