%YAML:1.0
---
videoName: "headNod47.mp4"
gestureLabel: 202
fps: 29
pixelSizeInCmTemp: 3.0316455696202532e-01
faceCenterPointX: 266
faceCenterPointY: 70
headPositionsX: [ 268, 266, 266, 266, 267, 269, 267, 266, 265, 265, 264,
    266, 263, 266, 263, 266, 265, 262, 266, 266, 267, 264, 266, 268, 265,
    266, 265, 268, 268, 267, 268, 267, 268, 266, 266, 265, 269, 268, 265,
    267, 267, 265, 268, 270, 266, 268, 265, 267, 268, 265, 266, 265, 265,
    266, 267, 267, 267, 269, 265, 269, 268, 265, 266, 264, 268, 266, 265,
    269, 267, 265, 264, 265, 267, 266, 267, 267, 264, 267, 266, 266, 265,
    264, 264, 268, 266, 263, 265, 266, 266, 264, 264, 266, 264, 264, 265,
    267, 268, 267, 265, 266 ]
headPositionsY: [ 71, 64, 60, 59, 57, 58, 58, 62, 63, 65, 71, 78, 79, 80,
    82, 74, 74, 73, 70, 69, 67, 66, 68, 68, 69, 76, 75, 79, 75, 73, 72,
    74, 68, 67, 66, 66, 69, 72, 71, 77, 77, 80, 81, 76, 78, 73, 70, 69,
    66, 68, 69, 67, 70, 72, 74, 76, 75, 74, 71, 71, 67, 66, 67, 70, 67,
    70, 73, 74, 72, 76, 73, 71, 73, 73, 67, 68, 71, 68, 70, 70, 74, 76,
    75, 72, 70, 69, 73, 71, 68, 68, 72, 72, 71, 69, 70, 73, 72, 72, 70,
    69 ]
