%YAML:1.0
---
videoName: "headNod16.mp4"
gestureLabel: 202
fps: 29
pixelSizeInCmTemp: 3.3263888888888887e-01
faceCenterPointX: 255
faceCenterPointY: 77
headPositionsX: [ 256, 260, 261, 260, 257, 258, 261, 261, 257, 261, 261,
    257, 259, 259, 257, 260, 258, 260, 260, 257, 260, 257, 259, 260, 259,
    257, 258, 259, 261, 261, 259, 259, 258, 257, 258, 259, 257, 261, 261,
    257, 258, 257, 261, 262, 262, 257, 260, 257, 260, 258, 255, 259, 258,
    257, 260, 259, 255, 257, 257, 259, 256, 258, 256, 256, 254, 255, 253,
    256, 253, 254, 258, 256, 256, 254, 257, 252, 255, 253, 254, 254, 254,
    254, 253, 257, 254, 256, 257, 257, 253, 254, 256, 255, 255, 257, 255,
    254, 254, 253, 257, 256 ]
headPositionsY: [ 75, 74, 75, 77, 76, 73, 75, 75, 77, 76, 77, 76, 75, 74,
    76, 74, 74, 74, 75, 74, 73, 74, 75, 77, 78, 75, 76, 74, 76, 73, 77,
    73, 76, 73, 76, 72, 72, 69, 70, 68, 68, 71, 70, 72, 79, 77, 79, 84,
    81, 78, 75, 76, 68, 69, 72, 71, 73, 73, 77, 81, 81, 82, 83, 80, 80,
    76, 71, 71, 69, 69, 69, 73, 73, 81, 78, 78, 82, 75, 74, 74, 69, 67,
    70, 72, 72, 71, 77, 77, 76, 77, 79, 78, 77, 78, 76, 78, 79, 75, 76,
    76 ]
