%YAML:1.0
---
videoName: "headNod11.mp4"
gestureLabel: 202
fps: 29
pixelSizeInCmTemp: 3.2364864864864862e-01
faceCenterPointX: 261
faceCenterPointY: 75
headPositionsX: [ 259, 258, 259, 258, 260, 259, 257, 259, 256, 261, 260,
    257, 260, 258, 261, 261, 260, 262, 260, 258, 261, 260, 260, 263, 261,
    262, 260, 259, 262, 259, 260, 262, 259, 259, 259, 262, 263, 258, 258,
    258, 258, 261, 261, 263, 260, 261, 259, 262, 258, 260, 263, 258, 263,
    262, 263, 260, 259, 259, 261, 260, 259, 261, 258, 257, 261, 257, 258,
    260, 259, 257, 258, 258, 260, 256, 259, 256, 256, 257, 255, 258, 260,
    256, 257, 261, 257, 259, 257, 260, 260, 259, 258, 261, 258, 258, 262,
    258, 262, 262, 260, 259 ]
headPositionsY: [ 77, 74, 76, 73, 76, 73, 75, 76, 72, 73, 76, 75, 72, 76,
    75, 74, 76, 74, 75, 76, 75, 76, 76, 74, 73, 73, 72, 76, 75, 75, 76,
    73, 76, 74, 75, 76, 74, 77, 75, 76, 75, 76, 74, 77, 77, 76, 73, 71,
    71, 69, 69, 66, 68, 66, 72, 71, 73, 74, 75, 78, 79, 80, 77, 75, 70,
    68, 66, 69, 69, 73, 76, 75, 79, 82, 83, 83, 81, 77, 74, 72, 69, 70,
    69, 73, 73, 76, 79, 78, 81, 79, 77, 76, 76, 77, 75, 75, 76, 76, 74,
    74 ]
