%YAML:1.0
---
videoName: "headNod13.mp4"
gestureLabel: 202
fps: 29
pixelSizeInCmTemp: 3.2364864864864862e-01
faceCenterPointX: 253
faceCenterPointY: 79
headPositionsX: [ 254, 251, 254, 253, 253, 253, 255, 255, 253, 253, 252,
    254, 252, 253, 257, 252, 254, 253, 257, 254, 254, 253, 255, 253, 254,
    252, 255, 251, 252, 253, 253, 254, 252, 254, 256, 252, 254, 251, 254,
    253, 252, 251, 251, 254, 254, 252, 254, 252, 253, 254, 253, 256, 256,
    255, 255, 252, 252, 254, 252, 254, 255, 256, 253, 253, 252, 252, 252,
    252, 252, 251, 254, 255, 253, 255, 256, 253, 254, 256, 255, 255, 253,
    256, 255, 256, 253, 257, 257, 256, 253, 256, 254, 252, 252, 255, 252,
    253, 252, 254, 253, 252 ]
headPositionsY: [ 80, 75, 73, 75, 75, 71, 72, 75, 74, 72, 73, 73, 71, 72,
    74, 75, 72, 74, 76, 73, 76, 72, 71, 76, 75, 74, 73, 71, 73, 73, 72,
    74, 73, 72, 72, 73, 76, 75, 73, 71, 75, 74, 74, 73, 72, 72, 76, 73,
    75, 70, 68, 69, 68, 69, 66, 69, 73, 76, 74, 74, 79, 77, 75, 78, 75,
    71, 68, 71, 71, 69, 73, 73, 73, 75, 77, 80, 80, 79, 79, 78, 75, 71,
    71, 72, 75, 74, 76, 79, 77, 78, 80, 79, 80, 81, 78, 79, 80, 79, 77,
    76 ]
