%YAML:1.0
---
videoName: "headNod32.mp4"
gestureLabel: 202
fps: 29
pixelSizeInCmTemp: 2.8855421686746985e-01
faceCenterPointX: 266
faceCenterPointY: 74
headPositionsX: [ 264, 271, 267, 268, 267, 268, 265, 266, 264, 266, 266,
    264, 263, 265, 265, 267, 269, 267, 267, 268, 266, 266, 266, 264, 267,
    269, 268, 267, 267, 266, 269, 265, 264, 269, 265, 268, 268, 268, 270,
    269, 269, 269, 266, 265, 266, 265, 266, 270, 267, 265, 268, 268, 265,
    269, 268, 269, 265, 267, 267, 267, 266, 268, 269, 265, 266, 267, 266,
    265, 268, 267, 268, 265, 268, 265, 268, 267, 264, 268, 268, 264, 266,
    267, 263, 264, 265, 265, 266, 269, 267, 265, 268, 267, 268, 268, 267,
    265, 267, 268, 267, 264 ]
headPositionsY: [ 75, 78, 79, 78, 81, 76, 80, 78, 78, 80, 78, 80, 76, 76,
    77, 78, 78, 76, 77, 78, 76, 78, 79, 75, 77, 79, 80, 77, 80, 79, 77,
    78, 79, 78, 80, 75, 79, 76, 80, 80, 75, 78, 77, 77, 76, 78, 77, 76,
    76, 77, 79, 75, 79, 78, 74, 76, 76, 77, 76, 76, 70, 69, 64, 64, 67,
    66, 67, 71, 76, 81, 88, 88, 89, 88, 85, 80, 76, 74, 70, 72, 72, 69,
    73, 72, 70, 73, 75, 73, 72, 74, 75, 75, 78, 72, 74, 76, 77, 76, 74,
    74 ]
