%YAML:1.0
---
videoName: "headNod14.mp4"
gestureLabel: 202
fps: 29
pixelSizeInCmTemp: 3.2808219178082193e-01
faceCenterPointX: 257
faceCenterPointY: 71
headPositionsX: [ 255, 258, 258, 259, 259, 257, 259, 260, 255, 261, 259,
    257, 257, 256, 259, 260, 259, 258, 257, 256, 261, 260, 256, 259, 256,
    257, 259, 260, 261, 257, 257, 260, 258, 259, 260, 259, 257, 258, 259,
    257, 261, 257, 258, 260, 261, 260, 260, 260, 257, 261, 260, 259, 258,
    259, 260, 256, 260, 260, 261, 260, 257, 256, 259, 258, 258, 257, 257,
    258, 260, 260, 258, 259, 260, 258, 255, 257, 257, 258, 256, 256, 260,
    260, 259, 258, 259, 259, 258, 255, 256, 257, 257, 257, 257, 256, 259,
    259, 259, 256, 255, 259 ]
headPositionsY: [ 72, 78, 75, 75, 79, 76, 79, 75, 78, 75, 77, 79, 76, 76,
    78, 77, 75, 79, 75, 76, 78, 79, 76, 78, 75, 79, 77, 76, 76, 78, 79,
    79, 80, 78, 78, 78, 76, 78, 75, 75, 75, 74, 69, 69, 71, 68, 68, 72,
    72, 71, 77, 76, 80, 78, 81, 81, 82, 79, 78, 75, 72, 69, 71, 72, 72,
    70, 72, 75, 77, 82, 79, 82, 78, 76, 73, 73, 70, 67, 69, 70, 69, 73,
    75, 77, 79, 81, 82, 77, 78, 75, 70, 72, 71, 71, 70, 69, 71, 73, 72,
    71 ]
