%YAML:1.0
---
videoName: "headNod39.mp4"
gestureLabel: 202
fps: 29
pixelSizeInCmTemp: 2.9937500000000000e-01
faceCenterPointX: 268
faceCenterPointY: 78
headPositionsX: [ 270, 266, 267, 269, 270, 268, 270, 268, 266, 268, 266,
    268, 270, 269, 271, 267, 268, 269, 270, 270, 271, 270, 270, 270, 267,
    271, 270, 269, 270, 269, 269, 268, 270, 268, 268, 269, 267, 269, 269,
    271, 268, 269, 267, 268, 269, 267, 269, 267, 267, 266, 269, 266, 268,
    267, 265, 268, 269, 268, 267, 265, 267, 266, 266, 267, 267, 269, 267,
    267, 265, 264, 268, 269, 269, 266, 269, 266, 269, 268, 269, 266, 267,
    268, 266, 265, 266, 268, 267, 266, 269, 269, 269, 267, 268, 269, 265,
    267, 268, 266, 268, 264 ]
headPositionsY: [ 79, 77, 76, 78, 78, 75, 77, 77, 76, 78, 75, 77, 75, 78,
    78, 78, 75, 76, 74, 78, 77, 79, 74, 78, 78, 78, 76, 75, 77, 76, 78,
    75, 76, 77, 74, 78, 77, 79, 78, 79, 80, 84, 83, 85, 86, 84, 79, 77,
    76, 73, 74, 74, 76, 76, 79, 86, 89, 90, 93, 89, 83, 79, 79, 77, 73,
    72, 74, 75, 76, 80, 84, 84, 82, 80, 80, 78, 75, 75, 75, 74, 76, 78,
    77, 82, 81, 79, 78, 78, 77, 78, 76, 78, 80, 76, 78, 77, 77, 76, 77,
    76 ]
