%YAML:1.0
---
videoName: "headNod44.mp4"
gestureLabel: 202
fps: 29
pixelSizeInCmTemp: 2.9567901234567900e-01
faceCenterPointX: 268
faceCenterPointY: 78
headPositionsX: [ 269, 271, 269, 270, 271, 269, 271, 269, 270, 267, 267,
    269, 266, 267, 267, 271, 271, 270, 269, 269, 267, 269, 269, 267, 268,
    269, 270, 269, 269, 268, 269, 266, 268, 266, 268, 270, 267, 265, 266,
    266, 265, 265, 264, 265, 268, 267, 266, 266, 268, 267, 268, 269, 268,
    267, 266, 266, 266, 266, 267, 268, 268, 270, 268, 268, 267, 266, 266,
    266, 267, 267, 271, 268, 270, 268, 268, 268, 267, 270, 270, 270, 268,
    271, 268, 267, 267, 269, 268, 271, 267, 267, 269, 269, 270, 268, 269,
    266, 269, 268, 268, 269 ]
headPositionsY: [ 79, 74, 77, 74, 76, 77, 72, 76, 74, 74, 75, 76, 72, 72,
    77, 74, 75, 79, 80, 81, 84, 88, 91, 96, 95, 91, 89, 84, 80, 74, 70,
    71, 71, 70, 71, 73, 79, 84, 87, 88, 89, 82, 79, 77, 74, 73, 71, 74,
    76, 82, 84, 88, 89, 86, 88, 83, 80, 75, 73, 76, 77, 78, 77, 82, 84,
    83, 86, 82, 79, 76, 75, 79, 78, 79, 79, 84, 85, 87, 85, 85, 83, 84,
    82, 78, 77, 79, 78, 76, 77, 76, 79, 77, 76, 77, 78, 80, 77, 79, 76,
    76 ]
