%YAML:1.0
---
videoName: "headNod10.mp4"
gestureLabel: 202
fps: 29
pixelSizeInCmTemp: 3.2808219178082193e-01
faceCenterPointX: 260
faceCenterPointY: 67
headPositionsX: [ 260, 258, 258, 257, 256, 256, 259, 258, 257, 259, 256,
    257, 260, 259, 259, 257, 256, 257, 261, 260, 256, 256, 261, 261, 258,
    260, 258, 261, 260, 256, 258, 259, 260, 258, 256, 258, 260, 260, 257,
    258, 257, 261, 258, 257, 261, 259, 262, 259, 259, 261, 262, 260, 258,
    260, 259, 259, 259, 261, 259, 259, 259, 261, 259, 261, 260, 261, 259,
    259, 260, 261, 258, 256, 258, 257, 260, 259, 260, 259, 259, 260, 258,
    259, 256, 257, 259, 259, 258, 261, 259, 259, 259, 259, 257, 260, 259,
    260, 262, 262, 260, 262 ]
headPositionsY: [ 67, 70, 70, 69, 72, 72, 69, 68, 68, 71, 68, 70, 69, 70,
    71, 68, 72, 70, 71, 69, 69, 71, 67, 71, 68, 72, 69, 70, 72, 68, 70,
    69, 69, 70, 71, 69, 70, 71, 71, 72, 70, 71, 73, 70, 67, 65, 66, 62,
    61, 61, 65, 67, 66, 73, 72, 74, 74, 69, 67, 67, 65, 66, 64, 63, 68,
    67, 73, 72, 77, 77, 73, 71, 68, 64, 67, 65, 66, 67, 71, 71, 73, 75,
    74, 76, 72, 72, 69, 69, 67, 65, 67, 68, 66, 65, 67, 66, 65, 67, 66,
    68 ]
