%YAML:1.0
---
videoName: "headNod9.mp4"
gestureLabel: 202
fps: 29
pixelSizeInCmTemp: 3.1513157894736843e-01
faceCenterPointX: 261
faceCenterPointY: 75
headPositionsX: [ 261, 262, 261, 262, 261, 263, 258, 262, 260, 261, 261,
    263, 260, 259, 260, 262, 261, 261, 261, 261, 262, 263, 263, 258, 262,
    260, 260, 262, 261, 261, 259, 260, 259, 263, 262, 261, 263, 258, 262,
    262, 262, 260, 260, 258, 263, 261, 259, 260, 261, 259, 260, 258, 261,
    262, 261, 260, 261, 258, 262, 261, 260, 260, 259, 262, 260, 262, 263,
    260, 261, 258, 262, 257, 260, 258, 260, 261, 259, 258, 258, 259, 257,
    261, 258, 257, 258, 257, 256, 258, 259, 259, 261, 257, 262, 261, 260,
    260, 259, 262, 259, 260 ]
headPositionsY: [ 76, 76, 75, 76, 74, 75, 76, 77, 76, 76, 73, 76, 74, 77,
    75, 73, 73, 75, 76, 74, 73, 75, 76, 77, 77, 74, 76, 75, 73, 75, 78,
    76, 78, 78, 82, 80, 77, 75, 77, 71, 74, 75, 77, 80, 83, 89, 88, 84,
    81, 79, 75, 74, 79, 77, 83, 83, 86, 85, 80, 77, 73, 72, 72, 72, 79,
    81, 84, 83, 81, 80, 81, 74, 75, 73, 73, 71, 70, 76, 75, 79, 79, 82,
    83, 79, 78, 79, 78, 74, 73, 74, 71, 72, 70, 75, 74, 76, 76, 74, 75,
    75 ]
