%YAML:1.0
---
videoName: "headNod17.mp4"
gestureLabel: 202
fps: 30
pixelSizeInCmTemp: 3.2808219178082193e-01
faceCenterPointX: 253
faceCenterPointY: 76
headPositionsX: [ 255, 256, 253, 254, 257, 253, 257, 257, 253, 257, 255,
    254, 254, 255, 253, 253, 253, 253, 255, 258, 255, 254, 252, 255, 256,
    255, 253, 257, 256, 257, 255, 258, 256, 258, 255, 254, 257, 253, 257,
    256, 253, 251, 252, 254, 252, 255, 253, 255, 254, 251, 251, 256, 252,
    254, 255, 255, 257, 253, 253, 253, 254, 253, 257, 253, 253, 256, 256,
    254, 256, 255, 253, 255, 255, 255, 256, 253, 257, 254, 254, 256, 252,
    257, 255, 253, 257, 253, 257, 257, 255, 256, 255, 257, 252, 253, 257,
    255, 256, 254, 254, 253 ]
headPositionsY: [ 77, 77, 79, 75, 75, 79, 75, 76, 78, 78, 75, 78, 77, 78,
    75, 76, 78, 75, 78, 75, 78, 75, 74, 71, 74, 70, 67, 69, 68, 66, 68,
    67, 70, 68, 67, 71, 70, 75, 77, 80, 80, 80, 82, 87, 86, 83, 84, 83,
    79, 78, 75, 75, 76, 70, 73, 71, 69, 69, 70, 68, 70, 72, 72, 74, 79,
    77, 82, 80, 82, 80, 76, 78, 76, 75, 76, 78, 80, 81, 79, 80, 78, 76,
    77, 75, 74, 77, 77, 76, 78, 76, 79, 75, 77, 77, 79, 75, 80, 77, 78,
    76 ]
