%YAML:1.0
---
videoName: "headNod15.mp4"
gestureLabel: 202
fps: 29
pixelSizeInCmTemp: 3.1933333333333330e-01
faceCenterPointX: 255
faceCenterPointY: 74
headPositionsX: [ 256, 258, 256, 257, 255, 256, 258, 255, 255, 259, 256,
    257, 257, 255, 257, 258, 255, 258, 257, 255, 254, 257, 255, 255, 254,
    257, 257, 254, 253, 256, 256, 254, 258, 256, 253, 256, 254, 256, 258,
    256, 257, 255, 253, 252, 256, 256, 255, 257, 253, 257, 255, 256, 256,
    257, 255, 254, 253, 254, 254, 255, 255, 253, 254, 254, 254, 255, 257,
    258, 253, 255, 254, 257, 254, 256, 252, 254, 251, 254, 254, 252, 253,
    255, 255, 256, 255, 253, 253, 254, 253, 257, 253, 255, 251, 254, 256,
    257, 253, 255, 252, 255 ]
headPositionsY: [ 76, 76, 72, 71, 75, 73, 74, 75, 72, 74, 73, 74, 74, 74,
    75, 72, 71, 73, 71, 71, 76, 73, 72, 72, 73, 71, 74, 72, 75, 73, 74,
    75, 72, 73, 76, 75, 78, 79, 78, 83, 83, 80, 80, 78, 76, 74, 72, 68,
    71, 74, 75, 82, 81, 84, 77, 76, 73, 74, 72, 71, 70, 74, 76, 79, 79,
    83, 83, 80, 80, 74, 73, 73, 71, 72, 72, 73, 76, 79, 78, 77, 76, 73,
    73, 68, 68, 69, 72, 74, 73, 72, 74, 72, 71, 70, 75, 72, 75, 73, 71,
    72 ]
