%YAML:1.0
---
videoName: "headNod43.mp4"
gestureLabel: 202
fps: 29
pixelSizeInCmTemp: 2.8855421686746985e-01
faceCenterPointX: 268
faceCenterPointY: 74
headPositionsX: [ 270, 272, 268, 268, 269, 270, 270, 267, 269, 269, 268,
    271, 271, 266, 269, 269, 268, 269, 269, 266, 268, 267, 270, 270, 269,
    265, 269, 265, 265, 264, 264, 265, 264, 267, 265, 266, 266, 266, 265,
    265, 264, 263, 267, 264, 265, 266, 264, 269, 266, 264, 263, 266, 266,
    262, 262, 264, 262, 265, 265, 263, 264, 262, 264, 264, 263, 264, 266,
    265, 266, 270, 269, 266, 267, 266, 269, 266, 266, 267, 267, 269, 269,
    268, 269, 270, 268, 269, 269, 269, 271, 268, 267, 267, 266, 267, 268,
    268, 269, 266, 271, 267 ]
headPositionsY: [ 75, 77, 75, 78, 77, 77, 76, 74, 74, 77, 74, 74, 73, 74,
    78, 74, 73, 76, 77, 75, 76, 75, 76, 77, 74, 77, 81, 84, 85, 91, 89,
    89, 86, 81, 79, 80, 78, 82, 81, 86, 90, 91, 91, 89, 84, 81, 80, 84,
    84, 85, 86, 90, 93, 92, 87, 84, 83, 81, 83, 84, 86, 89, 91, 91, 91,
    84, 85, 82, 78, 77, 79, 83, 81, 88, 89, 89, 89, 88, 86, 83, 77, 74,
    76, 72, 75, 71, 72, 75, 73, 72, 75, 76, 75, 72, 71, 72, 71, 72, 73,
    76 ]
