%YAML:1.0
---
videoName: "headNod40.mp4"
gestureLabel: 202
fps: 29
pixelSizeInCmTemp: 2.8511904761904761e-01
faceCenterPointX: 267
faceCenterPointY: 78
headPositionsX: [ 267, 265, 266, 267, 267, 269, 266, 265, 269, 268, 269,
    268, 266, 267, 267, 266, 269, 266, 269, 268, 265, 267, 268, 268, 269,
    267, 269, 269, 269, 268, 268, 268, 269, 269, 269, 267, 270, 266, 270,
    268, 269, 267, 267, 265, 265, 265, 265, 264, 267, 268, 268, 265, 265,
    263, 266, 267, 268, 264, 268, 267, 266, 268, 264, 266, 264, 265, 266,
    266, 267, 267, 266, 270, 268, 270, 268, 268, 267, 269, 267, 269, 267,
    269, 266, 266, 268, 265, 266, 268, 269, 267, 267, 266, 264, 268, 266,
    267, 265, 267, 268, 269 ]
headPositionsY: [ 77, 78, 74, 75, 75, 76, 74, 74, 75, 78, 76, 73, 75, 73,
    76, 78, 74, 75, 74, 75, 78, 74, 74, 77, 78, 78, 77, 74, 73, 77, 73,
    76, 76, 73, 76, 76, 74, 76, 77, 77, 83, 87, 90, 96, 97, 94, 94, 90,
    85, 84, 77, 77, 78, 70, 67, 68, 70, 69, 71, 75, 82, 82, 86, 86, 82,
    81, 78, 78, 75, 74, 74, 70, 70, 73, 73, 72, 79, 78, 80, 79, 80, 81,
    78, 81, 79, 81, 78, 78, 77, 76, 79, 77, 78, 78, 79, 79, 77, 76, 75,
    77 ]
