%YAML:1.0
---
videoName: "headNod35.mp4"
gestureLabel: 202
fps: 30
pixelSizeInCmTemp: 2.9937500000000000e-01
faceCenterPointX: 268
faceCenterPointY: 78
headPositionsX: [ 270, 268, 267, 268, 267, 271, 269, 271, 268, 270, 270,
    268, 269, 267, 272, 267, 271, 271, 272, 269, 270, 269, 271, 272, 270,
    270, 271, 269, 272, 270, 273, 271, 269, 270, 271, 270, 270, 269, 268,
    267, 269, 268, 266, 267, 268, 269, 270, 268, 271, 267, 272, 270, 271,
    268, 269, 269, 269, 267, 266, 267, 270, 270, 270, 271, 269, 268, 267,
    269, 271, 270, 270, 271, 266, 268, 266, 270, 268, 268, 270, 272, 270,
    270, 268, 269, 265, 268, 264, 268, 268, 268, 269, 267, 267, 268, 268,
    269, 266, 267, 267, 266 ]
headPositionsY: [ 80, 74, 73, 74, 77, 74, 74, 77, 77, 76, 78, 78, 78, 76,
    75, 76, 75, 74, 77, 77, 75, 76, 78, 78, 78, 76, 74, 73, 72, 70, 67,
    67, 71, 69, 71, 75, 77, 84, 91, 92, 95, 90, 90, 83, 79, 75, 75, 72,
    74, 73, 79, 80, 84, 86, 90, 89, 86, 83, 83, 80, 74, 72, 71, 72, 75,
    77, 78, 79, 86, 84, 88, 83, 81, 80, 75, 78, 75, 73, 74, 80, 81, 81,
    89, 87, 85, 86, 81, 82, 80, 81, 80, 78, 77, 80, 76, 77, 80, 76, 79,
    77 ]
