%YAML:1.0
---
videoName: "headNod47.mp4"
gestureLabel: 202
fps: 29
pixelSizeInCmTemp: 3.0316455696202532e-01
faceCenterPointX: 266
faceCenterPointY: 70
headPositionsX: [ 267, 269, 268, 269, 267, 268, 268, 266, 267, 266, 268,
    268, 263, 265, 266, 262, 263, 262, 264, 263, 265, 263, 264, 268, 266,
    266, 265, 266, 267, 269, 267, 267, 266, 269, 265, 269, 267, 267, 265,
    268, 265, 265, 270, 267, 266, 265, 267, 267, 266, 265, 264, 266, 268,
    266, 269, 268, 268, 265, 267, 269, 266, 265, 265, 264, 267, 267, 266,
    265, 268, 268, 266, 267, 269, 266, 265, 266, 268, 264, 265, 266, 265,
    267, 268, 265, 268, 263, 264, 266, 267, 264, 263, 265, 265, 264, 267,
    264, 267, 266, 268, 264 ]
headPositionsY: [ 71, 63, 62, 57, 61, 57, 59, 59, 63, 65, 71, 76, 79, 80,
    82, 76, 76, 71, 67, 69, 68, 66, 68, 71, 69, 73, 77, 77, 76, 76, 75,
    71, 69, 66, 65, 69, 68, 71, 74, 77, 75, 81, 80, 78, 78, 72, 70, 69,
    66, 69, 69, 71, 71, 74, 73, 77, 75, 71, 69, 72, 66, 66, 70, 70, 69,
    69, 73, 72, 73, 73, 74, 71, 72, 69, 67, 69, 69, 68, 69, 71, 72, 74,
    73, 74, 72, 71, 70, 68, 72, 69, 72, 70, 70, 72, 70, 72, 73, 70, 71,
    69 ]
