%YAML:1.0
---
videoName: "headNod6.mp4"
gestureLabel: 202
fps: 29
pixelSizeInCmTemp: 3.1513157894736843e-01
faceCenterPointX: 262
faceCenterPointY: 73
headPositionsX: [ 264, 264, 261, 264, 263, 262, 264, 263, 261, 262, 262,
    260, 263, 263, 261, 262, 262, 259, 262, 261, 265, 265, 261, 262, 265,
    263, 263, 263, 262, 262, 260, 263, 260, 263, 264, 262, 263, 265, 265,
    263, 262, 262, 263, 261, 263, 261, 261, 263, 262, 259, 261, 260, 261,
    261, 261, 264, 262, 260, 263, 261, 262, 259, 258, 262, 258, 258, 261,
    258, 259, 260, 260, 261, 259, 262, 262, 263, 263, 262, 260, 262, 261,
    260, 261, 264, 262, 260, 259, 260, 264, 263, 264, 262, 260, 264, 259,
    262, 261, 264, 263, 262 ]
headPositionsY: [ 71, 74, 75, 73, 76, 74, 72, 76, 72, 73, 73, 75, 71, 75,
    76, 73, 74, 74, 73, 72, 72, 74, 75, 72, 75, 75, 74, 73, 75, 75, 75,
    74, 71, 70, 68, 64, 65, 65, 64, 69, 73, 77, 83, 82, 85, 81, 77, 74,
    69, 68, 65, 68, 72, 78, 80, 83, 84, 82, 77, 71, 68, 69, 66, 67, 73,
    75, 78, 81, 81, 80, 81, 73, 73, 70, 65, 67, 68, 66, 73, 77, 78, 83,
    85, 83, 79, 79, 73, 72, 70, 68, 71, 69, 71, 69, 74, 71, 70, 72, 71,
    74 ]
