%YAML:1.0
---
videoName: "headNod27.mp4"
gestureLabel: 202
fps: 29
pixelSizeInCmTemp: 3.0705128205128202e-01
faceCenterPointX: 271
faceCenterPointY: 77
headPositionsX: [ 269, 272, 270, 272, 271, 273, 274, 270, 274, 271, 272,
    272, 274, 270, 270, 274, 271, 272, 271, 271, 273, 270, 271, 270, 271,
    271, 273, 272, 271, 271, 271, 272, 271, 273, 272, 271, 268, 271, 269,
    268, 271, 271, 269, 267, 270, 271, 268, 269, 270, 272, 269, 270, 267,
    272, 270, 270, 270, 268, 269, 272, 271, 271, 267, 269, 267, 266, 265,
    266, 271, 269, 268, 268, 266, 267, 269, 269, 267, 268, 267, 270, 267,
    268, 267, 269, 267, 270, 270, 269, 271, 271, 272, 270, 270, 273, 272,
    268, 268, 271, 269, 270 ]
headPositionsY: [ 75, 72, 73, 71, 71, 75, 71, 74, 73, 76, 74, 76, 75, 76,
    76, 72, 76, 74, 77, 73, 74, 71, 71, 66, 63, 64, 62, 66, 65, 65, 67,
    78, 83, 84, 86, 84, 82, 76, 72, 72, 66, 67, 68, 68, 71, 73, 76, 76,
    81, 81, 81, 77, 74, 70, 72, 68, 71, 73, 76, 75, 76, 82, 83, 81, 79,
    78, 74, 76, 72, 73, 71, 70, 74, 79, 79, 77, 80, 76, 75, 72, 74, 71,
    69, 70, 72, 73, 73, 79, 77, 80, 79, 77, 79, 79, 75, 79, 75, 77, 78,
    74 ]
