%YAML:1.0
---
videoName: "headNod2.mp4"
gestureLabel: 202
fps: 29
pixelSizeInCmTemp: 3.2364864864864862e-01
faceCenterPointX: 263
faceCenterPointY: 70
headPositionsX: [ 264, 263, 262, 263, 261, 263, 263, 264, 264, 265, 263,
    262, 266, 264, 262, 263, 263, 263, 264, 263, 262, 265, 262, 262, 261,
    264, 263, 264, 262, 262, 262, 262, 262, 262, 263, 264, 263, 260, 263,
    262, 261, 261, 259, 263, 263, 263, 262, 263, 261, 263, 262, 260, 264,
    263, 261, 260, 263, 260, 264, 261, 263, 265, 264, 262, 260, 262, 261,
    262, 263, 261, 263, 262, 261, 262, 263, 262, 262, 262, 263, 261, 264,
    262, 265, 262, 264, 261, 261, 261, 264, 264, 263, 263, 261, 264, 264,
    266, 264, 266, 265, 266 ]
headPositionsY: [ 72, 77, 78, 77, 75, 74, 73, 78, 75, 74, 73, 78, 74, 75,
    74, 76, 75, 76, 74, 76, 75, 76, 73, 75, 76, 75, 76, 76, 77, 74, 76,
    73, 76, 74, 76, 74, 75, 73, 73, 72, 72, 75, 72, 76, 73, 75, 76, 74,
    73, 74, 73, 70, 70, 74, 76, 79, 77, 77, 76, 70, 70, 74, 72, 74, 77,
    73, 72, 71, 70, 69, 72, 72, 73, 78, 75, 75, 76, 71, 70, 73, 73, 72,
    77, 78, 74, 72, 73, 69, 67, 68, 73, 69, 71, 73, 71, 69, 71, 70, 71,
    70 ]
