%YAML:1.0
---
videoName: "headNod29.mp4"
gestureLabel: 202
fps: 29
pixelSizeInCmTemp: 3.1933333333333330e-01
faceCenterPointX: 271
faceCenterPointY: 70
headPositionsX: [ 273, 274, 272, 274, 273, 274, 275, 273, 274, 275, 271,
    272, 274, 272, 273, 272, 274, 269, 274, 272, 272, 274, 273, 272, 274,
    270, 272, 273, 270, 273, 270, 270, 270, 269, 269, 273, 271, 270, 272,
    271, 269, 270, 269, 269, 270, 273, 271, 271, 273, 269, 270, 272, 273,
    272, 271, 270, 272, 270, 270, 273, 269, 272, 269, 272, 271, 267, 270,
    268, 269, 268, 268, 272, 270, 269, 269, 271, 269, 270, 272, 271, 271,
    273, 270, 272, 270, 270, 272, 269, 270, 270, 273, 273, 269, 272, 271,
    269, 270, 273, 271, 273 ]
headPositionsY: [ 70, 72, 72, 71, 73, 78, 79, 80, 78, 79, 82, 81, 79, 73,
    71, 69, 69, 68, 68, 65, 69, 69, 69, 69, 73, 73, 79, 79, 81, 79, 77,
    77, 75, 71, 73, 74, 70, 72, 71, 71, 76, 78, 77, 81, 81, 79, 76, 74,
    73, 72, 72, 76, 77, 79, 79, 81, 81, 79, 79, 74, 75, 72, 74, 76, 75,
    76, 77, 78, 75, 73, 73, 72, 69, 68, 70, 71, 71, 73, 77, 77, 75, 77,
    74, 70, 74, 71, 72, 68, 70, 71, 69, 68, 71, 69, 69, 69, 71, 68, 67,
    72 ]
