%YAML:1.0
---
videoName: "headNod33.mp4"
gestureLabel: 202
fps: 29
pixelSizeInCmTemp: 2.9567901234567900e-01
faceCenterPointX: 268
faceCenterPointY: 74
headPositionsX: [ 266, 270, 271, 270, 268, 268, 268, 272, 268, 271, 271,
    270, 268, 272, 271, 270, 272, 271, 270, 271, 273, 271, 268, 270, 269,
    271, 269, 268, 267, 270, 270, 271, 272, 267, 271, 268, 267, 270, 272,
    271, 271, 270, 271, 269, 268, 269, 269, 268, 271, 269, 269, 270, 269,
    267, 267, 268, 265, 266, 269, 268, 265, 269, 268, 267, 268, 266, 269,
    266, 267, 267, 265, 268, 265, 269, 267, 270, 269, 271, 267, 267, 268,
    268, 269, 268, 269, 265, 266, 265, 265, 269, 268, 269, 269, 266, 265,
    269, 268, 267, 270, 265 ]
headPositionsY: [ 73, 72, 72, 69, 73, 73, 70, 69, 73, 71, 70, 69, 70, 70,
    70, 69, 74, 69, 71, 68, 75, 72, 71, 71, 71, 70, 69, 71, 74, 71, 71,
    72, 71, 73, 75, 76, 79, 75, 73, 70, 66, 70, 65, 67, 68, 64, 69, 77,
    76, 83, 82, 81, 82, 75, 75, 74, 69, 71, 72, 71, 68, 69, 70, 75, 72,
    75, 74, 79, 78, 76, 75, 76, 75, 71, 70, 71, 72, 70, 75, 76, 77, 75,
    77, 79, 79, 76, 75, 77, 77, 78, 75, 75, 74, 75, 75, 74, 76, 76, 76,
    76 ]
