%YAML:1.0
---
videoName: "headNod24.mp4"
gestureLabel: 202
fps: 29
pixelSizeInCmTemp: 3.1513157894736843e-01
faceCenterPointX: 272
faceCenterPointY: 72
headPositionsX: [ 271, 274, 276, 277, 275, 276, 276, 274, 274, 277, 275,
    275, 272, 273, 273, 272, 275, 275, 275, 276, 273, 274, 275, 274, 275,
    271, 272, 275, 273, 274, 273, 275, 273, 271, 274, 275, 272, 274, 272,
    273, 272, 275, 274, 274, 272, 271, 271, 272, 272, 274, 272, 272, 272,
    272, 275, 274, 273, 272, 273, 273, 269, 272, 268, 271, 269, 272, 272,
    272, 270, 273, 272, 270, 272, 270, 272, 269, 270, 270, 272, 272, 271,
    268, 270, 270, 268, 271, 268, 270, 272, 270, 271, 269, 269, 272, 272,
    273, 273, 272, 274, 274 ]
headPositionsY: [ 73, 71, 73, 71, 75, 74, 73, 71, 74, 75, 73, 76, 71, 75,
    74, 74, 74, 73, 73, 72, 72, 72, 72, 73, 75, 75, 72, 72, 74, 72, 74,
    73, 75, 73, 75, 75, 72, 69, 69, 71, 71, 75, 75, 81, 79, 82, 79, 76,
    70, 69, 66, 69, 68, 74, 76, 75, 77, 73, 71, 68, 65, 66, 64, 69, 70,
    75, 74, 78, 72, 74, 74, 71, 70, 68, 71, 71, 70, 73, 77, 74, 75, 76,
    75, 72, 72, 71, 69, 71, 69, 71, 70, 69, 72, 72, 72, 75, 72, 70, 73,
    73 ]
