%YAML:1.0
---
videoName: "headNod29.mp4"
gestureLabel: 202
fps: 29
pixelSizeInCmTemp: 3.1933333333333330e-01
faceCenterPointX: 271
faceCenterPointY: 70
headPositionsX: [ 270, 274, 272, 273, 273, 274, 271, 273, 274, 274, 273,
    273, 275, 274, 273, 273, 270, 269, 272, 274, 270, 273, 271, 272, 274,
    271, 274, 271, 269, 272, 269, 271, 272, 269, 272, 271, 270, 271, 273,
    271, 272, 272, 268, 269, 273, 271, 273, 271, 272, 272, 269, 270, 271,
    269, 270, 273, 270, 269, 270, 272, 270, 272, 270, 271, 271, 268, 269,
    272, 271, 271, 270, 271, 270, 273, 272, 273, 272, 270, 271, 270, 270,
    269, 269, 270, 271, 274, 272, 273, 270, 272, 271, 271, 273, 272, 268,
    269, 272, 273, 271, 273 ]
headPositionsY: [ 72, 73, 75, 73, 74, 74, 75, 79, 80, 82, 79, 79, 79, 74,
    72, 70, 67, 66, 68, 66, 65, 66, 67, 72, 75, 77, 77, 78, 77, 82, 78,
    75, 78, 73, 72, 73, 71, 71, 74, 74, 76, 77, 80, 79, 78, 77, 78, 77,
    72, 74, 71, 75, 78, 81, 82, 83, 79, 80, 76, 75, 73, 74, 74, 77, 75,
    76, 79, 78, 76, 75, 71, 71, 69, 70, 68, 71, 73, 72, 75, 76, 78, 77,
    76, 71, 74, 70, 73, 72, 69, 67, 67, 68, 69, 71, 70, 72, 68, 69, 68,
    73 ]
