%YAML:1.0
---
videoName: "headNod37.mp4"
gestureLabel: 202
fps: 29
pixelSizeInCmTemp: 2.9207317073170730e-01
faceCenterPointX: 269
faceCenterPointY: 78
headPositionsX: [ 271, 269, 269, 272, 269, 269, 271, 269, 269, 268, 270,
    269, 272, 270, 272, 270, 271, 267, 269, 268, 272, 269, 269, 267, 271,
    270, 270, 269, 267, 271, 272, 269, 271, 270, 268, 268, 267, 269, 272,
    268, 271, 269, 269, 271, 269, 268, 271, 267, 269, 270, 268, 267, 270,
    273, 269, 269, 270, 267, 269, 271, 267, 269, 266, 270, 269, 268, 266,
    266, 265, 269, 268, 266, 268, 269, 266, 271, 267, 271, 269, 272, 271,
    269, 269, 271, 269, 269, 270, 271, 271, 270, 270, 271, 268, 271, 267,
    268, 266, 268, 270, 271 ]
headPositionsY: [ 77, 77, 73, 75, 75, 73, 76, 75, 76, 76, 76, 76, 73, 76,
    75, 74, 74, 75, 73, 74, 78, 77, 75, 74, 74, 73, 75, 78, 73, 76, 75,
    77, 74, 79, 76, 77, 77, 76, 76, 78, 74, 74, 74, 76, 75, 74, 78, 75,
    75, 77, 76, 76, 70, 68, 65, 65, 66, 65, 66, 69, 70, 70, 79, 84, 85,
    88, 86, 85, 81, 81, 73, 71, 71, 68, 68, 65, 63, 64, 66, 71, 73, 75,
    80, 80, 83, 81, 82, 84, 82, 82, 78, 79, 80, 79, 79, 76, 78, 76, 78,
    79 ]
