%YAML:1.0
---
videoName: "headNod31.mp4"
gestureLabel: 202
fps: 29
pixelSizeInCmTemp: 2.8855421686746985e-01
faceCenterPointX: 267
faceCenterPointY: 75
headPositionsX: [ 266, 269, 269, 272, 269, 268, 272, 271, 268, 272, 272,
    272, 268, 269, 271, 269, 267, 267, 269, 268, 265, 268, 267, 265, 265,
    268, 265, 268, 269, 266, 269, 270, 271, 270, 269, 271, 271, 270, 268,
    270, 269, 269, 270, 265, 264, 265, 267, 269, 270, 265, 265, 266, 267,
    267, 267, 267, 269, 265, 269, 268, 268, 265, 265, 265, 265, 266, 264,
    266, 269, 265, 266, 266, 268, 268, 267, 269, 267, 265, 267, 266, 267,
    268, 264, 265, 268, 264, 265, 266, 265, 267, 268, 267, 266, 269, 265,
    266, 266, 269, 266, 265 ]
headPositionsY: [ 77, 76, 72, 75, 73, 76, 76, 68, 68, 66, 68, 67, 67, 68,
    76, 81, 82, 84, 84, 83, 83, 84, 81, 77, 76, 72, 70, 73, 66, 66, 67,
    67, 73, 73, 76, 84, 83, 85, 87, 87, 87, 84, 79, 76, 75, 76, 76, 75,
    77, 79, 80, 81, 85, 85, 82, 79, 79, 76, 74, 71, 70, 68, 67, 71, 71,
    71, 77, 78, 77, 82, 82, 81, 78, 78, 76, 74, 71, 71, 69, 70, 72, 76,
    75, 78, 77, 78, 76, 75, 74, 76, 77, 74, 75, 74, 74, 77, 78, 78, 75,
    76 ]
