%YAML:1.0
---
videoName: "headNod24.mp4"
gestureLabel: 202
fps: 29
pixelSizeInCmTemp: 3.1513157894736843e-01
faceCenterPointX: 272
faceCenterPointY: 72
headPositionsX: [ 274, 277, 272, 274, 273, 276, 274, 275, 277, 276, 275,
    276, 276, 273, 273, 272, 275, 274, 273, 276, 275, 274, 273, 273, 275,
    274, 274, 271, 271, 274, 273, 274, 275, 273, 272, 272, 271, 275, 271,
    276, 273, 274, 270, 271, 273, 274, 272, 275, 272, 272, 275, 275, 272,
    273, 271, 270, 274, 272, 271, 272, 269, 273, 268, 269, 271, 272, 270,
    269, 273, 272, 273, 272, 269, 271, 272, 270, 268, 270, 271, 272, 268,
    267, 268, 272, 271, 269, 272, 270, 271, 271, 272, 269, 269, 271, 270,
    271, 273, 271, 271, 271 ]
headPositionsY: [ 70, 73, 72, 73, 74, 74, 73, 75, 76, 73, 71, 74, 71, 71,
    73, 75, 75, 76, 75, 72, 73, 74, 75, 72, 74, 75, 76, 73, 76, 76, 75,
    73, 73, 72, 76, 72, 69, 70, 67, 70, 68, 75, 74, 79, 83, 79, 79, 76,
    72, 68, 69, 69, 70, 73, 75, 77, 76, 73, 72, 70, 67, 65, 66, 70, 73,
    72, 73, 75, 73, 73, 72, 71, 68, 69, 68, 71, 72, 74, 77, 75, 75, 75,
    75, 71, 68, 70, 72, 69, 69, 72, 73, 71, 72, 71, 71, 72, 72, 72, 69,
    71 ]
