%YAML:1.0
---
videoName: "headNod21.mp4"
gestureLabel: 202
fps: 29
pixelSizeInCmTemp: 3.2808219178082193e-01
faceCenterPointX: 253
faceCenterPointY: 78
headPositionsX: [ 254, 254, 256, 257, 253, 254, 254, 255, 256, 257, 253,
    253, 255, 256, 257, 254, 253, 256, 255, 253, 254, 257, 256, 257, 256,
    255, 255, 253, 257, 256, 255, 258, 258, 255, 257, 256, 257, 257, 256,
    257, 253, 258, 256, 258, 255, 257, 253, 256, 254, 254, 253, 254, 255,
    254, 256, 252, 254, 253, 256, 251, 253, 251, 253, 251, 254, 251, 251,
    251, 252, 250, 253, 251, 253, 251, 252, 250, 250, 252, 250, 250, 252,
    249, 252, 253, 249, 252, 251, 253, 251, 254, 254, 254, 251, 254, 253,
    256, 254, 254, 253, 257 ]
headPositionsY: [ 79, 80, 78, 80, 77, 80, 77, 76, 78, 77, 80, 77, 77, 77,
    77, 80, 78, 77, 76, 77, 77, 78, 80, 80, 79, 80, 80, 81, 80, 81, 83,
    84, 81, 82, 80, 78, 75, 75, 77, 79, 78, 82, 82, 83, 80, 81, 76, 79,
    75, 77, 80, 84, 84, 81, 83, 80, 78, 76, 76, 75, 79, 79, 84, 83, 84,
    79, 77, 78, 77, 76, 76, 79, 79, 78, 81, 83, 83, 81, 78, 78, 75, 79,
    76, 77, 81, 80, 78, 79, 80, 77, 79, 77, 78, 80, 80, 82, 80, 81, 81,
    81 ]
