%YAML:1.0
---
videoName: "headNod46.mp4"
gestureLabel: 202
fps: 30
pixelSizeInCmTemp: 2.8511904761904761e-01
faceCenterPointX: 264
faceCenterPointY: 72
headPositionsX: [ 263, 266, 264, 267, 266, 265, 263, 266, 264, 264, 265,
    262, 262, 262, 262, 266, 264, 263, 264, 266, 265, 262, 264, 264, 266,
    267, 266, 268, 269, 267, 267, 265, 263, 263, 263, 263, 259, 264, 263,
    262, 261, 261, 265, 261, 260, 261, 263, 261, 261, 260, 262, 264, 262,
    260, 264, 261, 264, 262, 263, 263, 261, 261, 262, 264, 265, 264, 265,
    265, 264, 261, 263, 266, 263, 265, 265, 265, 266, 264, 266, 265, 264,
    264, 263, 266, 265, 262, 266, 262, 262, 261, 263, 262, 262, 262, 265,
    264, 261, 262, 264, 263 ]
headPositionsY: [ 72, 69, 67, 68, 69, 71, 71, 69, 74, 75, 78, 79, 83, 84,
    85, 91, 88, 88, 84, 82, 81, 73, 73, 71, 70, 70, 70, 71, 71, 74, 80,
    83, 88, 88, 86, 86, 80, 74, 76, 69, 66, 69, 68, 73, 72, 76, 79, 86,
    84, 84, 80, 81, 73, 72, 68, 67, 65, 65, 69, 69, 72, 77, 76, 77, 78,
    74, 70, 70, 70, 67, 69, 71, 69, 76, 76, 73, 76, 71, 70, 71, 72, 70,
    70, 69, 70, 72, 76, 75, 75, 72, 70, 69, 70, 74, 71, 73, 70, 74, 72,
    72 ]
