%YAML:1.0
---
videoName: "headNod15.mp4"
gestureLabel: 202
fps: 29
pixelSizeInCmTemp: 3.1933333333333330e-01
faceCenterPointX: 255
faceCenterPointY: 74
headPositionsX: [ 256, 255, 257, 256, 257, 259, 257, 259, 254, 257, 255,
    256, 256, 259, 257, 255, 257, 258, 254, 254, 257, 258, 256, 254, 258,
    255, 258, 256, 257, 256, 255, 254, 257, 255, 255, 258, 256, 253, 257,
    253, 257, 254, 256, 252, 256, 255, 256, 253, 252, 255, 256, 254, 257,
    256, 254, 254, 252, 255, 256, 255, 256, 256, 254, 256, 254, 257, 259,
    256, 253, 257, 253, 255, 254, 254, 256, 253, 251, 254, 253, 252, 252,
    255, 253, 254, 252, 254, 256, 254, 252, 255, 255, 253, 255, 254, 255,
    254, 256, 252, 255, 252 ]
headPositionsY: [ 74, 74, 76, 74, 74, 76, 75, 73, 71, 73, 71, 74, 73, 75,
    71, 75, 71, 73, 73, 71, 72, 76, 75, 73, 76, 72, 74, 74, 74, 75, 72,
    76, 72, 72, 74, 75, 78, 77, 78, 83, 84, 84, 79, 78, 73, 73, 72, 69,
    71, 73, 79, 80, 84, 82, 80, 79, 75, 72, 72, 70, 71, 73, 73, 81, 82,
    82, 83, 81, 77, 74, 71, 73, 69, 69, 72, 76, 77, 79, 77, 75, 72, 73,
    69, 70, 72, 69, 70, 72, 73, 72, 75, 73, 73, 71, 74, 74, 71, 72, 71,
    72 ]
