%YAML:1.0
---
videoName: "headNod19.mp4"
gestureLabel: 202
fps: 29
pixelSizeInCmTemp: 3.1933333333333330e-01
faceCenterPointX: 255
faceCenterPointY: 81
headPositionsX: [ 257, 257, 258, 256, 257, 254, 259, 258, 257, 255, 256,
    254, 258, 256, 255, 254, 254, 251, 253, 255, 252, 250, 248, 249, 252,
    248, 249, 251, 252, 253, 251, 253, 250, 251, 251, 255, 255, 253, 254,
    252, 253, 255, 257, 255, 257, 257, 257, 256, 254, 257, 258, 254, 255,
    255, 255, 257, 258, 257, 256, 253, 256, 256, 253, 254, 254, 254, 256,
    257, 256, 257, 257, 257, 255, 254, 258, 255, 255, 256, 254, 255, 255,
    256, 254, 254, 258, 256, 257, 256, 256, 257, 257, 256, 254, 256, 255,
    254, 255, 257, 255, 256 ]
headPositionsY: [ 83, 82, 84, 83, 81, 77, 78, 78, 75, 79, 76, 78, 78, 79,
    77, 79, 79, 77, 77, 80, 77, 81, 78, 80, 79, 79, 81, 78, 80, 78, 79,
    77, 79, 81, 77, 79, 77, 79, 76, 79, 77, 79, 79, 76, 78, 80, 77, 80,
    80, 77, 78, 80, 78, 79, 81, 79, 78, 81, 78, 78, 81, 80, 79, 78, 79,
    79, 76, 77, 73, 72, 73, 72, 73, 77, 80, 83, 85, 84, 81, 78, 77, 74,
    77, 80, 83, 84, 86, 86, 82, 82, 82, 83, 83, 82, 84, 81, 83, 81, 83,
    81 ]
