%YAML:1.0
---
videoName: "headNod39.mp4"
gestureLabel: 202
fps: 29
pixelSizeInCmTemp: 2.9937500000000000e-01
faceCenterPointX: 268
faceCenterPointY: 78
headPositionsX: [ 269, 268, 266, 268, 266, 270, 269, 267, 266, 267, 266,
    270, 269, 267, 270, 269, 268, 268, 267, 269, 271, 267, 268, 268, 270,
    267, 271, 269, 268, 269, 269, 267, 266, 270, 267, 270, 267, 269, 267,
    267, 269, 267, 268, 266, 269, 268, 267, 266, 265, 269, 267, 269, 269,
    269, 268, 269, 269, 264, 266, 267, 267, 264, 265, 269, 265, 266, 269,
    265, 268, 266, 264, 269, 268, 269, 265, 269, 268, 265, 268, 266, 267,
    268, 266, 269, 267, 268, 268, 266, 269, 270, 265, 267, 268, 268, 266,
    269, 267, 266, 270, 265 ]
headPositionsY: [ 76, 77, 76, 75, 75, 75, 79, 74, 78, 77, 74, 77, 78, 75,
    78, 75, 74, 77, 75, 78, 78, 78, 78, 75, 74, 76, 79, 76, 75, 77, 79,
    78, 76, 76, 75, 74, 79, 78, 77, 78, 82, 83, 87, 86, 82, 84, 80, 73,
    76, 74, 74, 74, 75, 73, 78, 85, 89, 90, 92, 90, 87, 82, 79, 75, 75,
    73, 71, 75, 76, 82, 82, 85, 81, 83, 77, 77, 75, 77, 75, 77, 77, 78,
    77, 83, 81, 82, 80, 78, 81, 77, 79, 80, 80, 76, 79, 76, 78, 80, 77,
    78 ]
