%YAML:1.0
---
videoName: "headNod36.mp4"
gestureLabel: 202
fps: 29
pixelSizeInCmTemp: 2.8176470588235292e-01
faceCenterPointX: 269
faceCenterPointY: 75
headPositionsX: [ 271, 269, 273, 271, 270, 268, 268, 271, 268, 273, 268,
    269, 272, 271, 271, 271, 270, 273, 268, 270, 269, 269, 273, 269, 272,
    270, 270, 268, 272, 271, 271, 269, 269, 271, 271, 267, 267, 267, 270,
    268, 270, 268, 268, 272, 272, 268, 269, 268, 272, 273, 271, 270, 273,
    269, 268, 270, 270, 267, 271, 270, 269, 271, 267, 270, 266, 266, 266,
    269, 270, 271, 270, 268, 265, 267, 268, 267, 266, 267, 269, 268, 269,
    270, 271, 271, 267, 268, 271, 269, 268, 269, 269, 271, 271, 267, 269,
    269, 267, 270, 269, 270 ]
headPositionsY: [ 74, 73, 75, 76, 73, 72, 76, 73, 74, 74, 74, 74, 75, 72,
    75, 72, 74, 77, 73, 78, 77, 77, 80, 81, 77, 75, 68, 69, 67, 62, 62,
    65, 69, 75, 80, 83, 86, 87, 91, 86, 83, 77, 77, 75, 73, 70, 68, 68,
    69, 68, 69, 73, 79, 80, 83, 87, 87, 88, 83, 81, 78, 74, 76, 75, 72,
    74, 74, 78, 81, 83, 86, 84, 78, 79, 77, 76, 75, 76, 77, 81, 83, 81,
    85, 85, 82, 81, 82, 79, 79, 79, 74, 77, 76, 74, 76, 76, 74, 77, 73,
    76 ]
