%YAML:1.0
---
videoName: "headNod17.mp4"
gestureLabel: 202
fps: 30
pixelSizeInCmTemp: 3.2808219178082193e-01
faceCenterPointX: 253
faceCenterPointY: 76
headPositionsX: [ 253, 254, 253, 253, 257, 254, 253, 254, 253, 256, 253,
    253, 256, 257, 256, 253, 256, 254, 253, 257, 257, 253, 255, 254, 257,
    256, 257, 257, 254, 253, 256, 256, 253, 255, 257, 255, 254, 255, 255,
    257, 252, 251, 252, 254, 254, 252, 253, 254, 255, 253, 251, 256, 256,
    252, 255, 251, 256, 255, 256, 253, 255, 253, 254, 254, 257, 254, 256,
    253, 253, 252, 256, 255, 253, 256, 255, 255, 254, 252, 252, 254, 251,
    255, 254, 252, 254, 254, 256, 256, 255, 257, 253, 253, 253, 254, 257,
    253, 255, 254, 252, 255 ]
headPositionsY: [ 75, 80, 76, 75, 76, 76, 77, 80, 74, 76, 75, 77, 76, 76,
    76, 77, 79, 76, 80, 77, 74, 78, 74, 75, 70, 69, 67, 68, 68, 65, 66,
    64, 69, 71, 67, 71, 71, 72, 73, 76, 78, 82, 81, 85, 86, 85, 81, 84,
    79, 78, 76, 75, 75, 74, 73, 72, 71, 67, 72, 71, 69, 70, 74, 76, 80,
    81, 82, 82, 82, 79, 78, 77, 76, 74, 76, 79, 77, 79, 78, 78, 74, 75,
    74, 74, 74, 78, 78, 77, 78, 76, 77, 78, 76, 76, 77, 74, 78, 78, 75,
    75 ]
