%YAML:1.0
---
videoName: "headNod5.mp4"
gestureLabel: 202
fps: 29
pixelSizeInCmTemp: 3.1513157894736843e-01
faceCenterPointX: 263
faceCenterPointY: 75
headPositionsX: [ 265, 263, 262, 261, 264, 265, 264, 262, 263, 264, 260,
    261, 265, 261, 262, 261, 263, 266, 265, 266, 267, 265, 263, 264, 265,
    266, 265, 264, 268, 263, 266, 264, 263, 265, 264, 268, 264, 264, 266,
    265, 268, 268, 266, 266, 267, 265, 265, 265, 267, 263, 263, 266, 263,
    261, 261, 264, 264, 264, 264, 263, 263, 266, 262, 262, 263, 263, 264,
    262, 266, 267, 263, 263, 265, 264, 266, 263, 264, 265, 264, 265, 264,
    263, 265, 262, 265, 260, 261, 262, 264, 264, 265, 263, 263, 261, 264,
    262, 261, 260, 263, 261 ]
headPositionsY: [ 74, 74, 73, 73, 72, 72, 76, 76, 76, 75, 75, 73, 76, 74,
    75, 77, 76, 76, 76, 77, 76, 77, 78, 77, 73, 77, 75, 78, 77, 74, 77,
    77, 77, 77, 78, 76, 79, 76, 77, 78, 76, 78, 78, 78, 77, 78, 78, 79,
    78, 79, 78, 82, 83, 82, 86, 81, 78, 79, 74, 75, 77, 80, 79, 87, 85,
    90, 86, 83, 77, 75, 73, 75, 75, 79, 82, 86, 84, 82, 83, 77, 75, 73,
    75, 73, 75, 79, 79, 82, 80, 82, 77, 77, 77, 75, 76, 74, 73, 74, 72,
    73 ]
