%YAML:1.0
---
videoName: "headNod42.mp4"
gestureLabel: 202
fps: 30
pixelSizeInCmTemp: 3.0316455696202532e-01
faceCenterPointX: 265
faceCenterPointY: 77
headPositionsX: [ 265, 267, 267, 269, 271, 271, 271, 270, 271, 267, 267,
    270, 269, 267, 266, 269, 269, 269, 268, 267, 269, 268, 270, 268, 268,
    267, 264, 266, 264, 266, 267, 266, 266, 268, 264, 264, 267, 265, 265,
    267, 265, 267, 263, 262, 265, 265, 266, 263, 263, 264, 266, 265, 264,
    266, 266, 267, 263, 267, 263, 266, 268, 266, 263, 263, 267, 264, 268,
    265, 266, 263, 267, 263, 265, 264, 267, 268, 264, 265, 266, 266, 264,
    266, 264, 267, 265, 267, 267, 265, 264, 267, 266, 263, 264, 268, 263,
    267, 268, 264, 263, 267 ]
headPositionsY: [ 76, 76, 75, 78, 76, 76, 74, 79, 75, 79, 78, 78, 75, 76,
    76, 70, 70, 63, 63, 67, 66, 71, 67, 75, 80, 84, 90, 89, 91, 89, 89,
    85, 79, 74, 75, 71, 70, 68, 67, 71, 73, 80, 79, 81, 85, 82, 81, 80,
    75, 75, 69, 69, 71, 72, 73, 79, 82, 83, 85, 83, 84, 81, 81, 77, 75,
    75, 76, 74, 75, 74, 76, 81, 80, 79, 82, 78, 78, 78, 76, 72, 74, 75,
    74, 79, 77, 81, 81, 82, 82, 80, 82, 77, 78, 80, 80, 77, 78, 78, 77,
    79 ]
