%YAML:1.0
---
videoName: "headNod1.mp4"
gestureLabel: 202
fps: 29
pixelSizeInCmTemp: 3.2808219178082193e-01
faceCenterPointX: 263
faceCenterPointY: 78
headPositionsX: [ 265, 261, 261, 264, 263, 265, 262, 265, 261, 262, 262,
    262, 264, 263, 263, 263, 263, 263, 264, 263, 264, 262, 265, 263, 263,
    265, 265, 265, 264, 263, 262, 264, 261, 264, 263, 262, 263, 265, 264,
    266, 268, 264, 265, 266, 265, 265, 263, 265, 267, 265, 262, 262, 266,
    264, 260, 262, 263, 263, 263, 260, 265, 263, 263, 262, 261, 265, 266,
    264, 262, 261, 260, 263, 265, 261, 262, 262, 262, 261, 262, 260, 260,
    263, 260, 262, 263, 264, 265, 261, 262, 261, 264, 262, 261, 262, 262,
    264, 264, 264, 261, 262 ]
headPositionsY: [ 79, 76, 76, 74, 75, 77, 74, 75, 75, 77, 76, 73, 75, 74,
    74, 75, 75, 75, 75, 76, 75, 72, 74, 74, 73, 75, 76, 75, 74, 74, 76,
    76, 74, 76, 75, 72, 68, 70, 65, 64, 62, 62, 61, 62, 63, 67, 70, 71,
    72, 75, 77, 78, 82, 84, 83, 82, 79, 77, 75, 70, 72, 66, 67, 67, 63,
    67, 67, 73, 73, 75, 77, 80, 75, 78, 74, 68, 69, 67, 66, 65, 66, 67,
    70, 69, 75, 76, 76, 80, 80, 81, 82, 82, 82, 78, 79, 76, 81, 77, 81,
    77 ]
