%YAML:1.0
---
videoName: "headNod2.mp4"
gestureLabel: 202
fps: 29
pixelSizeInCmTemp: 3.2364864864864862e-01
faceCenterPointX: 263
faceCenterPointY: 70
headPositionsX: [ 261, 261, 263, 263, 263, 264, 261, 265, 261, 263, 265,
    264, 266, 263, 264, 265, 266, 264, 265, 262, 266, 264, 265, 262, 260,
    265, 265, 262, 261, 263, 264, 263, 260, 263, 260, 262, 260, 263, 262,
    262, 262, 261, 263, 263, 261, 262, 264, 260, 261, 264, 262, 262, 262,
    262, 264, 262, 265, 260, 263, 261, 264, 262, 260, 264, 260, 263, 262,
    260, 265, 260, 261, 264, 264, 264, 261, 264, 261, 265, 264, 260, 265,
    263, 264, 266, 261, 264, 263, 263, 265, 264, 265, 261, 262, 262, 265,
    264, 263, 264, 262, 262 ]
headPositionsY: [ 68, 76, 75, 74, 78, 75, 75, 76, 77, 75, 77, 74, 74, 74,
    76, 77, 75, 74, 73, 77, 74, 74, 74, 76, 73, 77, 73, 76, 76, 74, 75,
    73, 76, 73, 73, 75, 77, 76, 74, 72, 75, 73, 75, 73, 76, 75, 74, 73,
    71, 73, 71, 72, 70, 70, 75, 77, 81, 79, 76, 72, 72, 74, 74, 72, 77,
    74, 74, 72, 71, 68, 71, 72, 75, 79, 74, 73, 73, 70, 71, 69, 72, 74,
    75, 79, 74, 75, 74, 70, 69, 69, 70, 73, 73, 71, 70, 73, 70, 69, 70,
    68 ]
