%YAML:1.0
---
videoName: "headNod19.mp4"
gestureLabel: 202
fps: 29
pixelSizeInCmTemp: 3.1933333333333330e-01
faceCenterPointX: 255
faceCenterPointY: 81
headPositionsX: [ 253, 258, 258, 256, 257, 255, 258, 256, 254, 258, 256,
    254, 254, 254, 256, 257, 252, 255, 253, 254, 253, 252, 252, 252, 249,
    248, 252, 251, 249, 252, 250, 252, 253, 255, 254, 251, 254, 256, 253,
    255, 255, 257, 255, 257, 255, 257, 256, 256, 256, 254, 258, 258, 253,
    257, 254, 256, 258, 254, 257, 257, 257, 254, 256, 255, 256, 257, 256,
    256, 255, 257, 257, 255, 255, 254, 257, 257, 258, 256, 253, 254, 254,
    253, 254, 256, 258, 254, 256, 255, 257, 256, 257, 254, 254, 257, 257,
    255, 255, 254, 255, 255 ]
headPositionsY: [ 82, 82, 82, 80, 79, 77, 79, 79, 74, 76, 77, 77, 77, 79,
    79, 75, 75, 79, 80, 79, 80, 80, 76, 79, 78, 79, 78, 78, 81, 79, 81,
    80, 79, 81, 80, 79, 78, 79, 76, 79, 79, 78, 81, 79, 80, 78, 76, 80,
    80, 78, 79, 78, 76, 77, 79, 78, 78, 79, 77, 77, 82, 79, 80, 77, 83,
    82, 78, 75, 73, 75, 72, 72, 75, 75, 80, 82, 84, 84, 82, 79, 77, 77,
    79, 78, 83, 82, 85, 84, 84, 82, 80, 84, 80, 80, 81, 80, 81, 82, 80,
    83 ]
