%YAML:1.0
---
videoName: "headNod42.mp4"
gestureLabel: 202
fps: 30
pixelSizeInCmTemp: 3.0316455696202532e-01
faceCenterPointX: 265
faceCenterPointY: 77
headPositionsX: [ 265, 267, 267, 267, 270, 271, 271, 269, 268, 271, 269,
    270, 267, 269, 266, 271, 269, 270, 271, 267, 267, 271, 271, 269, 267,
    266, 264, 266, 266, 266, 263, 265, 266, 267, 266, 266, 265, 268, 265,
    265, 264, 265, 264, 264, 265, 263, 262, 266, 263, 266, 265, 264, 266,
    262, 267, 263, 264, 264, 266, 264, 267, 263, 264, 264, 267, 267, 267,
    264, 263, 263, 265, 267, 268, 264, 264, 268, 268, 267, 268, 265, 265,
    267, 267, 264, 265, 265, 264, 265, 267, 265, 263, 263, 265, 267, 264,
    265, 268, 265, 263, 264 ]
headPositionsY: [ 77, 76, 74, 78, 78, 76, 74, 75, 75, 79, 76, 77, 76, 75,
    74, 67, 66, 64, 67, 64, 67, 68, 70, 72, 77, 84, 87, 91, 93, 92, 88,
    84, 79, 77, 75, 69, 69, 70, 70, 69, 75, 80, 83, 84, 84, 84, 82, 79,
    72, 74, 73, 73, 71, 72, 72, 78, 83, 83, 85, 87, 82, 84, 78, 76, 78,
    73, 73, 75, 73, 74, 74, 77, 80, 80, 81, 78, 75, 78, 78, 74, 76, 73,
    73, 75, 81, 80, 81, 82, 81, 82, 78, 80, 76, 77, 77, 77, 78, 76, 78,
    77 ]
