%YAML:1.0
---
videoName: "headNod40.mp4"
gestureLabel: 202
fps: 29
pixelSizeInCmTemp: 2.8511904761904761e-01
faceCenterPointX: 267
faceCenterPointY: 78
headPositionsX: [ 268, 267, 268, 267, 267, 270, 270, 269, 270, 270, 268,
    267, 266, 270, 270, 270, 267, 267, 269, 270, 267, 266, 268, 269, 269,
    268, 269, 268, 267, 270, 267, 270, 268, 266, 269, 270, 268, 269, 268,
    269, 270, 265, 265, 267, 268, 264, 267, 267, 264, 267, 264, 268, 266,
    265, 266, 266, 267, 266, 268, 266, 265, 267, 266, 263, 265, 267, 268,
    268, 269, 267, 269, 266, 267, 268, 266, 267, 269, 265, 265, 266, 266,
    268, 265, 269, 268, 267, 265, 269, 269, 268, 266, 264, 266, 267, 265,
    269, 267, 264, 265, 268 ]
headPositionsY: [ 76, 78, 78, 76, 77, 76, 78, 76, 78, 75, 76, 75, 78, 77,
    76, 75, 75, 76, 74, 78, 75, 78, 74, 77, 75, 74, 75, 77, 73, 75, 76,
    77, 73, 73, 77, 75, 74, 74, 74, 77, 82, 89, 93, 95, 97, 97, 94, 90,
    85, 82, 79, 79, 78, 68, 70, 68, 69, 71, 69, 73, 78, 82, 84, 85, 84,
    84, 80, 77, 72, 72, 75, 71, 73, 76, 73, 75, 81, 82, 80, 79, 81, 77,
    80, 79, 80, 78, 81, 79, 75, 79, 76, 77, 77, 77, 77, 76, 77, 78, 78,
    75 ]
