%YAML:1.0
---
videoName: "headNod9.mp4"
gestureLabel: 202
fps: 29
pixelSizeInCmTemp: 3.1513157894736843e-01
faceCenterPointX: 261
faceCenterPointY: 75
headPositionsX: [ 263, 263, 261, 263, 261, 259, 259, 260, 263, 263, 258,
    263, 263, 262, 258, 262, 259, 258, 260, 260, 260, 260, 263, 260, 258,
    258, 262, 262, 262, 263, 260, 262, 262, 261, 261, 261, 260, 258, 261,
    261, 262, 260, 260, 259, 263, 261, 259, 257, 262, 259, 258, 258, 258,
    259, 261, 259, 261, 259, 259, 261, 261, 260, 261, 262, 261, 259, 262,
    259, 260, 259, 260, 260, 260, 259, 260, 258, 261, 258, 261, 258, 257,
    260, 260, 257, 258, 258, 259, 260, 257, 260, 260, 257, 262, 259, 262,
    260, 259, 262, 262, 262 ]
headPositionsY: [ 77, 74, 77, 75, 74, 76, 74, 75, 76, 78, 76, 78, 77, 75,
    75, 77, 75, 76, 75, 74, 74, 75, 77, 76, 75, 77, 77, 74, 77, 76, 77,
    77, 77, 80, 81, 78, 81, 75, 74, 75, 75, 73, 77, 79, 85, 87, 84, 85,
    83, 81, 76, 77, 79, 78, 80, 82, 83, 83, 79, 80, 76, 72, 73, 72, 79,
    77, 84, 86, 84, 80, 79, 74, 72, 73, 72, 70, 74, 73, 78, 81, 83, 85,
    83, 80, 79, 77, 78, 75, 75, 71, 71, 73, 71, 72, 76, 74, 75, 72, 72,
    73 ]
