%YAML:1.0
---
videoName: "headNod49.mp4"
gestureLabel: 202
fps: 29
pixelSizeInCmTemp: 2.9207317073170730e-01
faceCenterPointX: 263
faceCenterPointY: 74
headPositionsX: [ 263, 264, 263, 264, 267, 264, 263, 264, 264, 265, 266,
    264, 264, 264, 264, 266, 263, 264, 262, 264, 265, 265, 264, 266, 265,
    263, 264, 267, 262, 266, 265, 262, 261, 265, 263, 264, 263, 266, 263,
    265, 263, 264, 263, 263, 265, 264, 261, 263, 261, 264, 265, 262, 264,
    264, 263, 261, 262, 266, 265, 265, 262, 266, 263, 263, 266, 263, 262,
    264, 266, 262, 266, 263, 265, 264, 264, 261, 263, 261, 265, 261, 263,
    264, 265, 263, 263, 264, 265, 260, 261, 261, 263, 263, 265, 263, 263,
    266, 261, 262, 261, 265 ]
headPositionsY: [ 76, 71, 71, 74, 73, 72, 74, 74, 71, 70, 71, 72, 72, 70,
    70, 70, 68, 68, 70, 71, 67, 68, 71, 75, 78, 79, 78, 77, 75, 74, 71,
    69, 69, 71, 71, 68, 72, 74, 74, 76, 78, 76, 80, 78, 75, 73, 73, 68,
    73, 73, 73, 73, 75, 79, 79, 75, 76, 75, 76, 74, 74, 73, 74, 73, 74,
    74, 75, 79, 77, 79, 78, 75, 76, 76, 76, 75, 73, 76, 73, 75, 75, 75,
    76, 76, 74, 76, 73, 73, 73, 73, 75, 74, 72, 76, 71, 76, 74, 75, 75,
    72 ]
