%YAML:1.0
---
videoName: "headNod27.mp4"
gestureLabel: 202
fps: 29
pixelSizeInCmTemp: 3.0705128205128202e-01
faceCenterPointX: 271
faceCenterPointY: 77
headPositionsX: [ 273, 271, 271, 271, 273, 273, 270, 271, 272, 272, 273,
    273, 274, 269, 273, 272, 270, 270, 270, 273, 275, 270, 273, 271, 271,
    272, 272, 271, 271, 270, 269, 269, 270, 271, 271, 268, 270, 271, 269,
    268, 270, 272, 272, 268, 272, 270, 270, 268, 269, 271, 267, 269, 270,
    272, 271, 268, 272, 271, 268, 272, 272, 272, 268, 270, 267, 267, 268,
    269, 270, 269, 268, 270, 269, 270, 266, 268, 271, 268, 267, 269, 271,
    268, 269, 268, 271, 269, 271, 270, 271, 272, 269, 271, 273, 269, 271,
    269, 272, 270, 269, 272 ]
headPositionsY: [ 78, 73, 71, 74, 75, 71, 71, 73, 76, 73, 75, 73, 76, 76,
    72, 76, 73, 76, 76, 76, 73, 72, 69, 66, 65, 65, 63, 65, 65, 69, 71,
    75, 80, 85, 86, 83, 82, 77, 74, 70, 70, 68, 69, 70, 72, 71, 77, 78,
    80, 81, 81, 75, 74, 70, 70, 71, 71, 72, 74, 75, 76, 83, 84, 85, 80,
    78, 73, 72, 71, 74, 70, 73, 76, 78, 76, 78, 77, 80, 74, 73, 73, 69,
    72, 69, 73, 75, 76, 78, 80, 78, 81, 80, 77, 79, 77, 76, 75, 79, 79,
    78 ]
