%YAML:1.0
---
videoName: "headNod42.mp4"
gestureLabel: 202
fps: 30
pixelSizeInCmTemp: 3.0316455696202532e-01
faceCenterPointX: 265
faceCenterPointY: 77
headPositionsX: [ 265, 267, 268, 267, 271, 270, 268, 268, 269, 269, 269,
    267, 270, 267, 269, 269, 271, 267, 271, 267, 270, 268, 269, 266, 268,
    268, 268, 266, 265, 268, 266, 264, 266, 265, 268, 264, 264, 266, 264,
    267, 265, 266, 264, 263, 265, 264, 263, 263, 266, 263, 267, 262, 266,
    264, 266, 263, 267, 263, 263, 265, 268, 265, 263, 267, 266, 266, 267,
    267, 266, 263, 266, 263, 265, 265, 267, 265, 267, 266, 264, 264, 264,
    267, 264, 267, 268, 268, 266, 264, 267, 264, 265, 264, 265, 268, 264,
    265, 264, 264, 265, 267 ]
headPositionsY: [ 78, 73, 77, 75, 79, 75, 76, 76, 78, 76, 77, 79, 77, 74,
    76, 71, 70, 66, 65, 65, 66, 68, 71, 74, 77, 86, 90, 91, 92, 88, 90,
    83, 77, 74, 76, 67, 70, 67, 71, 71, 73, 80, 79, 85, 86, 81, 78, 77,
    73, 74, 71, 69, 69, 72, 73, 79, 80, 85, 82, 86, 84, 83, 81, 75, 76,
    75, 75, 76, 75, 76, 75, 78, 80, 79, 78, 77, 77, 77, 78, 73, 72, 76,
    74, 76, 80, 82, 78, 83, 82, 82, 80, 77, 77, 78, 78, 78, 78, 75, 76,
    77 ]
