%YAML:1.0
---
videoName: "headNod36.mp4"
gestureLabel: 202
fps: 29
pixelSizeInCmTemp: 2.8176470588235292e-01
faceCenterPointX: 269
faceCenterPointY: 75
headPositionsX: [ 270, 268, 270, 269, 270, 272, 271, 272, 270, 273, 270,
    269, 269, 269, 269, 269, 270, 272, 270, 269, 271, 269, 272, 271, 272,
    269, 267, 270, 269, 268, 269, 270, 273, 268, 272, 268, 270, 268, 268,
    268, 268, 270, 266, 269, 270, 269, 271, 272, 271, 271, 273, 268, 272,
    271, 270, 268, 268, 268, 270, 269, 268, 270, 269, 267, 269, 268, 267,
    268, 267, 270, 269, 267, 267, 265, 269, 268, 267, 267, 269, 266, 269,
    270, 271, 271, 268, 268, 267, 271, 270, 267, 268, 271, 269, 270, 269,
    272, 268, 268, 269, 267 ]
headPositionsY: [ 75, 73, 74, 74, 75, 73, 75, 75, 77, 76, 74, 74, 74, 73,
    76, 72, 75, 78, 75, 76, 79, 79, 80, 78, 76, 76, 70, 68, 64, 65, 64,
    62, 73, 72, 80, 86, 88, 87, 89, 89, 86, 80, 75, 72, 74, 66, 70, 68,
    66, 67, 70, 75, 79, 82, 82, 88, 85, 87, 84, 83, 79, 77, 72, 75, 73,
    73, 77, 79, 82, 82, 86, 84, 78, 79, 80, 74, 77, 75, 76, 80, 83, 83,
    82, 86, 86, 81, 79, 77, 79, 79, 76, 77, 77, 74, 76, 74, 76, 76, 73,
    75 ]
