%YAML:1.0
---
videoName: "headNod41.mp4"
gestureLabel: 202
fps: 29
pixelSizeInCmTemp: 2.9937500000000000e-01
faceCenterPointX: 267
faceCenterPointY: 76
headPositionsX: [ 269, 269, 271, 271, 268, 271, 270, 271, 272, 272, 271,
    268, 271, 272, 272, 271, 271, 270, 273, 272, 273, 269, 271, 270, 272,
    270, 271, 271, 267, 268, 272, 270, 271, 269, 270, 270, 270, 270, 271,
    271, 268, 269, 268, 270, 268, 268, 267, 268, 269, 268, 267, 268, 270,
    269, 268, 267, 267, 269, 270, 270, 270, 270, 271, 269, 268, 270, 268,
    267, 269, 270, 269, 265, 269, 268, 266, 269, 265, 269, 268, 268, 269,
    266, 269, 267, 266, 265, 265, 268, 269, 270, 268, 268, 267, 265, 269,
    265, 268, 266, 269, 268 ]
headPositionsY: [ 76, 70, 75, 71, 74, 75, 75, 72, 71, 72, 73, 75, 72, 72,
    74, 76, 72, 75, 74, 75, 74, 76, 72, 75, 74, 74, 73, 72, 73, 76, 72,
    76, 74, 72, 76, 73, 75, 75, 74, 77, 79, 84, 87, 87, 92, 91, 89, 87,
    82, 76, 76, 68, 71, 65, 63, 65, 66, 68, 71, 78, 82, 87, 93, 94, 94,
    90, 88, 80, 79, 76, 72, 72, 71, 71, 71, 78, 80, 81, 83, 86, 81, 77,
    77, 76, 72, 72, 75, 74, 73, 75, 76, 81, 77, 78, 79, 77, 80, 75, 76,
    77 ]
