%YAML:1.0
---
videoName: "headNod29.mp4"
gestureLabel: 202
fps: 29
pixelSizeInCmTemp: 3.1933333333333330e-01
faceCenterPointX: 271
faceCenterPointY: 70
headPositionsX: [ 270, 273, 276, 273, 276, 274, 274, 274, 272, 271, 273,
    274, 272, 273, 272, 273, 274, 272, 271, 271, 272, 274, 273, 274, 271,
    273, 271, 272, 270, 272, 270, 271, 270, 271, 271, 271, 272, 270, 271,
    269, 272, 268, 268, 271, 270, 271, 270, 273, 273, 270, 271, 273, 273,
    272, 273, 269, 270, 273, 270, 271, 271, 270, 268, 271, 269, 270, 272,
    272, 269, 268, 269, 272, 270, 272, 269, 273, 272, 272, 269, 270, 270,
    269, 269, 271, 271, 271, 273, 269, 273, 269, 271, 269, 272, 271, 271,
    272, 271, 271, 270, 274 ]
headPositionsY: [ 72, 74, 75, 74, 73, 75, 79, 79, 79, 80, 81, 77, 76, 77,
    72, 71, 69, 67, 67, 67, 65, 66, 68, 72, 73, 74, 78, 81, 80, 78, 80,
    77, 76, 71, 70, 70, 73, 71, 70, 74, 77, 79, 79, 80, 77, 81, 79, 73,
    74, 73, 71, 76, 78, 79, 83, 82, 80, 79, 79, 73, 73, 73, 72, 75, 76,
    77, 78, 80, 73, 72, 72, 70, 71, 72, 72, 71, 70, 72, 77, 76, 75, 75,
    74, 74, 72, 72, 71, 69, 69, 68, 71, 71, 69, 71, 70, 70, 71, 70, 70,
    69 ]
