%YAML:1.0
---
videoName: "headNod44.mp4"
gestureLabel: 202
fps: 29
pixelSizeInCmTemp: 2.9567901234567900e-01
faceCenterPointX: 268
faceCenterPointY: 78
headPositionsX: [ 268, 271, 270, 271, 270, 270, 269, 269, 270, 269, 270,
    271, 269, 269, 268, 268, 268, 268, 271, 271, 270, 267, 267, 270, 269,
    270, 270, 266, 265, 269, 269, 269, 269, 266, 267, 266, 268, 267, 264,
    266, 266, 265, 266, 265, 268, 265, 265, 268, 267, 269, 266, 266, 265,
    265, 267, 266, 268, 266, 266, 269, 267, 271, 266, 270, 269, 266, 268,
    265, 266, 270, 270, 266, 271, 267, 270, 267, 268, 267, 267, 270, 271,
    271, 266, 267, 266, 268, 268, 267, 267, 269, 267, 269, 269, 268, 269,
    267, 268, 266, 268, 267 ]
headPositionsY: [ 80, 72, 76, 72, 75, 77, 75, 72, 75, 72, 72, 73, 75, 73,
    75, 74, 73, 76, 78, 82, 87, 89, 94, 93, 94, 91, 92, 84, 78, 77, 70,
    70, 71, 71, 73, 75, 80, 83, 88, 88, 86, 83, 78, 76, 75, 73, 72, 75,
    77, 79, 87, 86, 93, 89, 86, 82, 77, 75, 76, 74, 77, 75, 77, 84, 84,
    84, 85, 80, 78, 77, 75, 77, 76, 76, 81, 84, 82, 89, 87, 85, 84, 81,
    81, 77, 78, 79, 78, 77, 76, 78, 78, 78, 78, 76, 77, 79, 76, 75, 76,
    78 ]
