%YAML:1.0
---
videoName: "headNod21.mp4"
gestureLabel: 202
fps: 29
pixelSizeInCmTemp: 3.2808219178082193e-01
faceCenterPointX: 253
faceCenterPointY: 78
headPositionsX: [ 252, 258, 254, 254, 253, 253, 254, 257, 257, 254, 254,
    256, 254, 255, 255, 256, 257, 253, 255, 253, 257, 257, 254, 256, 254,
    254, 255, 252, 257, 253, 255, 258, 258, 254, 256, 258, 254, 258, 257,
    257, 254, 255, 254, 254, 256, 254, 255, 253, 255, 254, 255, 256, 253,
    254, 253, 255, 253, 253, 253, 253, 254, 255, 251, 252, 251, 251, 251,
    253, 252, 254, 251, 249, 252, 249, 252, 250, 248, 251, 248, 252, 249,
    251, 250, 251, 249, 251, 254, 251, 254, 252, 255, 252, 255, 253, 253,
    252, 256, 254, 254, 255 ]
headPositionsY: [ 78, 79, 77, 79, 78, 80, 79, 80, 77, 76, 78, 77, 80, 80,
    77, 79, 77, 80, 77, 81, 78, 79, 80, 77, 80, 78, 80, 81, 79, 80, 80,
    82, 80, 80, 78, 78, 73, 74, 76, 78, 78, 84, 84, 83, 81, 79, 77, 75,
    75, 76, 80, 82, 86, 85, 84, 83, 80, 77, 75, 75, 80, 83, 81, 84, 83,
    83, 79, 76, 79, 74, 78, 76, 81, 78, 80, 81, 82, 78, 77, 79, 75, 78,
    75, 77, 79, 77, 80, 81, 77, 80, 81, 76, 80, 79, 76, 82, 76, 81, 81,
    81 ]
