%YAML:1.0
---
videoName: "headNod11.mp4"
gestureLabel: 202
fps: 29
pixelSizeInCmTemp: 3.2364864864864862e-01
faceCenterPointX: 261
faceCenterPointY: 75
headPositionsX: [ 260, 261, 259, 261, 260, 259, 261, 260, 257, 258, 261,
    261, 260, 260, 259, 261, 258, 259, 260, 259, 258, 258, 259, 263, 261,
    262, 262, 261, 259, 260, 258, 261, 261, 257, 262, 262, 263, 258, 258,
    258, 262, 260, 262, 263, 260, 259, 261, 258, 261, 260, 261, 260, 261,
    260, 259, 263, 259, 259, 259, 262, 259, 258, 257, 258, 259, 260, 257,
    259, 257, 259, 256, 258, 259, 259, 260, 256, 259, 258, 258, 259, 260,
    259, 259, 259, 260, 258, 258, 260, 260, 258, 262, 258, 257, 261, 259,
    262, 261, 259, 262, 258 ]
headPositionsY: [ 74, 75, 72, 72, 76, 73, 72, 73, 75, 74, 76, 72, 73, 74,
    75, 75, 74, 74, 76, 76, 72, 73, 75, 75, 74, 77, 72, 77, 75, 78, 77,
    73, 73, 74, 75, 72, 75, 76, 75, 77, 73, 76, 73, 73, 75, 76, 77, 74,
    73, 73, 67, 66, 70, 67, 69, 69, 72, 76, 78, 80, 78, 81, 78, 73, 73,
    69, 66, 70, 69, 72, 72, 74, 76, 80, 83, 83, 78, 76, 75, 71, 69, 69,
    73, 73, 76, 75, 79, 79, 82, 78, 77, 76, 75, 79, 74, 75, 76, 75, 75,
    75 ]
