%YAML:1.0
---
videoName: "headNod26.mp4"
gestureLabel: 202
fps: 29
pixelSizeInCmTemp: 3.1513157894736843e-01
faceCenterPointX: 271
faceCenterPointY: 78
headPositionsX: [ 269, 272, 272, 270, 274, 272, 274, 269, 274, 272, 274,
    272, 272, 271, 275, 271, 274, 272, 271, 272, 271, 271, 272, 273, 274,
    271, 273, 271, 272, 271, 271, 271, 270, 270, 273, 270, 273, 270, 269,
    272, 270, 269, 270, 271, 271, 274, 269, 274, 272, 273, 273, 272, 273,
    270, 272, 271, 271, 269, 274, 272, 271, 272, 274, 274, 274, 273, 273,
    272, 274, 273, 274, 272, 272, 272, 270, 269, 273, 272, 272, 273, 272,
    272, 272, 271, 273, 269, 269, 271, 269, 272, 271, 272, 269, 270, 269,
    271, 269, 269, 272, 269 ]
headPositionsY: [ 78, 72, 72, 73, 74, 74, 69, 68, 67, 68, 64, 66, 64, 63,
    69, 67, 72, 73, 74, 73, 80, 82, 84, 85, 81, 78, 80, 76, 71, 69, 71,
    67, 67, 66, 72, 69, 75, 73, 78, 79, 81, 76, 80, 75, 73, 69, 70, 70,
    69, 68, 71, 69, 71, 76, 74, 79, 75, 74, 75, 71, 70, 68, 66, 66, 66,
    69, 70, 72, 73, 73, 74, 73, 74, 74, 75, 74, 70, 69, 71, 68, 67, 70,
    72, 68, 71, 76, 74, 75, 80, 80, 77, 79, 77, 81, 78, 75, 80, 77, 78,
    79 ]
