%YAML:1.0
---
videoName: "headNod29.mp4"
gestureLabel: 202
fps: 29
pixelSizeInCmTemp: 3.1933333333333330e-01
faceCenterPointX: 271
faceCenterPointY: 70
headPositionsX: [ 273, 271, 275, 270, 275, 275, 271, 271, 275, 271, 274,
    272, 273, 271, 274, 271, 274, 270, 275, 274, 272, 274, 272, 275, 271,
    271, 270, 274, 272, 273, 270, 269, 272, 270, 270, 273, 270, 271, 272,
    270, 272, 271, 270, 269, 272, 272, 272, 269, 270, 270, 272, 271, 273,
    271, 273, 272, 271, 269, 269, 269, 269, 269, 267, 271, 272, 269, 268,
    270, 269, 271, 267, 270, 272, 273, 270, 270, 273, 271, 273, 273, 270,
    272, 272, 269, 274, 274, 273, 270, 269, 271, 273, 270, 272, 271, 270,
    271, 273, 271, 271, 272 ]
headPositionsY: [ 72, 73, 75, 71, 76, 77, 75, 77, 81, 82, 80, 79, 76, 77,
    74, 68, 67, 65, 68, 69, 66, 69, 66, 71, 72, 73, 79, 78, 81, 82, 78,
    77, 78, 73, 72, 72, 70, 71, 71, 74, 75, 75, 80, 81, 77, 77, 75, 77,
    74, 74, 74, 74, 77, 81, 82, 82, 81, 82, 79, 76, 73, 74, 75, 78, 77,
    77, 77, 80, 74, 74, 74, 71, 68, 69, 68, 71, 73, 72, 74, 78, 75, 76,
    74, 72, 72, 70, 72, 68, 71, 69, 70, 68, 70, 72, 71, 70, 70, 72, 67,
    71 ]
