%YAML:1.0
---
videoName: "headNod4.mp4"
gestureLabel: 202
fps: 29
pixelSizeInCmTemp: 3.2808219178082193e-01
faceCenterPointX: 264
faceCenterPointY: 72
headPositionsX: [ 266, 269, 267, 272, 268, 270, 272, 270, 271, 269, 269,
    271, 269, 268, 268, 269, 269, 271, 269, 269, 266, 269, 267, 268, 267,
    270, 268, 269, 268, 267, 265, 266, 269, 265, 269, 265, 265, 268, 270,
    267, 270, 268, 264, 269, 266, 267, 265, 267, 269, 270, 267, 267, 265,
    269, 265, 266, 266, 267, 265, 267, 263, 268, 267, 266, 266, 265, 263,
    265, 264, 266, 266, 264, 264, 263, 266, 266, 266, 263, 266, 263, 263,
    262, 267, 264, 267, 266, 263, 268, 262, 266, 265, 267, 266, 263, 263,
    263, 263, 264, 264, 267 ]
headPositionsY: [ 74, 73, 75, 77, 76, 75, 75, 76, 73, 75, 73, 76, 75, 73,
    75, 76, 74, 74, 73, 75, 75, 72, 73, 76, 73, 77, 75, 76, 74, 76, 74,
    74, 77, 73, 74, 75, 74, 76, 75, 75, 76, 75, 74, 72, 71, 68, 69, 64,
    65, 65, 68, 67, 73, 75, 75, 79, 81, 82, 78, 76, 73, 73, 68, 68, 70,
    71, 76, 77, 79, 82, 82, 81, 83, 77, 76, 72, 70, 66, 71, 69, 70, 72,
    73, 76, 79, 81, 83, 82, 81, 81, 81, 80, 78, 79, 78, 77, 73, 73, 73,
    72 ]
