%YAML:1.0
---
videoName: "headNod3.mp4"
gestureLabel: 202
fps: 29
pixelSizeInCmTemp: 3.1933333333333330e-01
faceCenterPointX: 264
faceCenterPointY: 76
headPositionsX: [ 263, 265, 263, 261, 266, 261, 263, 263, 265, 263, 268,
    264, 267, 268, 267, 265, 264, 266, 266, 267, 264, 263, 263, 263, 267,
    267, 266, 265, 267, 265, 266, 265, 268, 268, 265, 268, 268, 264, 264,
    266, 266, 266, 266, 265, 265, 264, 265, 266, 265, 267, 266, 266, 268,
    265, 266, 263, 266, 264, 263, 262, 262, 261, 264, 262, 265, 264, 266,
    266, 265, 262, 262, 264, 264, 264, 265, 262, 264, 266, 263, 262, 263,
    262, 263, 262, 263, 264, 264, 263, 262, 264, 263, 265, 261, 264, 261,
    264, 263, 263, 265, 264 ]
headPositionsY: [ 74, 78, 79, 75, 78, 74, 74, 78, 78, 72, 76, 73, 73, 72,
    75, 75, 72, 75, 74, 74, 70, 73, 71, 71, 75, 71, 76, 74, 74, 76, 72,
    72, 77, 72, 75, 73, 76, 74, 73, 73, 74, 72, 75, 72, 73, 71, 66, 66,
    67, 67, 70, 71, 71, 73, 76, 82, 83, 82, 83, 77, 74, 72, 70, 68, 69,
    66, 69, 71, 72, 77, 79, 81, 81, 79, 76, 72, 70, 70, 67, 64, 68, 65,
    69, 73, 75, 75, 77, 79, 80, 82, 78, 80, 75, 76, 76, 76, 74, 77, 74,
    77 ]
