%YAML:1.0
---
videoName: "headNod47.mp4"
gestureLabel: 202
fps: 29
pixelSizeInCmTemp: 3.0316455696202532e-01
faceCenterPointX: 266
faceCenterPointY: 70
headPositionsX: [ 268, 268, 266, 267, 267, 267, 265, 265, 267, 265, 265,
    264, 265, 265, 262, 265, 267, 264, 263, 265, 267, 264, 265, 266, 267,
    268, 268, 267, 267, 266, 267, 267, 266, 268, 268, 265, 266, 266, 265,
    266, 268, 268, 269, 269, 270, 264, 268, 266, 264, 267, 264, 267, 264,
    268, 266, 267, 265, 268, 266, 269, 266, 269, 269, 266, 265, 268, 267,
    268, 268, 268, 268, 268, 265, 264, 266, 269, 268, 266, 266, 269, 268,
    268, 265, 265, 265, 266, 267, 266, 266, 268, 263, 268, 268, 263, 264,
    267, 264, 265, 265, 268 ]
headPositionsY: [ 72, 63, 59, 57, 61, 60, 59, 60, 65, 66, 69, 76, 78, 82,
    80, 77, 72, 72, 67, 65, 66, 64, 68, 71, 73, 75, 77, 79, 76, 74, 74,
    71, 72, 69, 65, 69, 68, 72, 74, 75, 79, 80, 77, 80, 74, 71, 71, 67,
    70, 70, 67, 68, 71, 73, 76, 76, 72, 70, 69, 72, 66, 65, 69, 66, 67,
    70, 69, 73, 76, 75, 75, 75, 74, 70, 68, 67, 67, 70, 68, 70, 75, 76,
    75, 76, 70, 71, 72, 72, 72, 72, 70, 69, 70, 70, 73, 69, 70, 71, 72,
    73 ]
