%YAML:1.0
---
videoName: "headNod46.mp4"
gestureLabel: 202
fps: 30
pixelSizeInCmTemp: 2.8511904761904761e-01
faceCenterPointX: 264
faceCenterPointY: 72
headPositionsX: [ 265, 263, 264, 267, 265, 267, 265, 264, 263, 262, 265,
    262, 261, 266, 262, 267, 263, 263, 266, 266, 265, 263, 262, 265, 264,
    267, 265, 266, 269, 266, 264, 267, 263, 262, 261, 263, 261, 264, 263,
    263, 262, 262, 263, 262, 261, 260, 262, 260, 264, 263, 262, 265, 260,
    260, 263, 262, 264, 265, 262, 262, 261, 261, 264, 264, 266, 263, 263,
    265, 263, 261, 264, 263, 267, 266, 267, 265, 266, 264, 265, 267, 266,
    262, 266, 266, 264, 263, 264, 261, 264, 262, 264, 261, 265, 262, 262,
    263, 262, 266, 265, 264 ]
headPositionsY: [ 73, 67, 69, 69, 69, 69, 71, 70, 70, 76, 74, 78, 82, 82,
    89, 88, 91, 88, 86, 85, 80, 77, 77, 69, 71, 72, 69, 72, 74, 76, 78,
    87, 90, 91, 87, 82, 81, 74, 78, 66, 67, 70, 66, 73, 74, 76, 79, 86,
    84, 81, 83, 77, 75, 71, 66, 64, 65, 68, 68, 73, 75, 78, 78, 78, 75,
    72, 73, 70, 71, 67, 70, 71, 71, 75, 77, 76, 74, 74, 72, 69, 71, 69,
    69, 68, 70, 72, 75, 73, 75, 72, 70, 73, 69, 72, 72, 69, 71, 71, 70,
    70 ]
