%YAML:1.0
---
videoName: "headNod47.mp4"
gestureLabel: 202
fps: 29
pixelSizeInCmTemp: 3.0316455696202532e-01
faceCenterPointX: 266
faceCenterPointY: 70
headPositionsX: [ 265, 268, 268, 267, 267, 268, 266, 268, 264, 265, 266,
    268, 263, 266, 266, 265, 267, 264, 265, 265, 267, 266, 266, 267, 264,
    264, 268, 267, 266, 268, 266, 269, 266, 265, 269, 268, 266, 267, 267,
    268, 266, 265, 266, 267, 266, 264, 266, 265, 267, 266, 264, 268, 267,
    265, 267, 266, 267, 266, 268, 269, 264, 266, 269, 265, 264, 264, 268,
    266, 267, 265, 266, 265, 269, 266, 267, 266, 268, 265, 268, 268, 266,
    264, 265, 264, 267, 263, 267, 264, 268, 265, 265, 265, 266, 266, 263,
    265, 267, 267, 264, 268 ]
headPositionsY: [ 71, 61, 58, 61, 57, 60, 58, 63, 65, 65, 72, 76, 78, 80,
    80, 75, 73, 73, 70, 69, 64, 65, 67, 69, 69, 73, 75, 80, 76, 77, 74,
    71, 68, 69, 68, 66, 68, 71, 71, 73, 76, 81, 81, 76, 78, 73, 72, 71,
    70, 68, 69, 70, 73, 71, 75, 74, 74, 71, 72, 69, 68, 69, 67, 66, 66,
    70, 72, 76, 74, 75, 73, 75, 72, 69, 69, 67, 70, 68, 72, 73, 72, 76,
    75, 74, 74, 71, 71, 68, 72, 72, 71, 69, 72, 72, 70, 73, 71, 70, 72,
    71 ]
