%YAML:1.0
---
videoName: "headNod15.mp4"
gestureLabel: 202
fps: 29
pixelSizeInCmTemp: 3.1933333333333330e-01
faceCenterPointX: 255
faceCenterPointY: 74
headPositionsX: [ 257, 255, 260, 257, 256, 257, 255, 259, 257, 255, 254,
    255, 256, 258, 255, 255, 256, 254, 253, 258, 256, 254, 256, 256, 254,
    257, 258, 256, 254, 257, 253, 257, 255, 253, 254, 258, 253, 257, 255,
    253, 254, 255, 256, 252, 253, 255, 254, 257, 255, 256, 257, 254, 254,
    255, 257, 254, 253, 256, 253, 256, 253, 256, 256, 257, 253, 254, 258,
    257, 257, 253, 255, 253, 255, 254, 254, 251, 255, 255, 255, 251, 251,
    255, 256, 255, 255, 252, 253, 252, 252, 255, 254, 252, 254, 255, 255,
    255, 253, 255, 256, 255 ]
headPositionsY: [ 72, 75, 75, 73, 72, 74, 75, 71, 74, 74, 73, 72, 72, 75,
    75, 76, 74, 73, 74, 73, 76, 72, 71, 72, 76, 74, 74, 71, 76, 72, 74,
    75, 75, 75, 73, 74, 77, 78, 82, 80, 80, 80, 78, 76, 76, 71, 73, 68,
    73, 72, 79, 81, 80, 80, 77, 78, 76, 74, 72, 70, 71, 74, 76, 77, 82,
    84, 85, 81, 78, 75, 75, 73, 72, 69, 72, 76, 78, 79, 75, 74, 75, 69,
    71, 69, 72, 70, 69, 71, 72, 73, 72, 73, 74, 71, 73, 75, 75, 73, 75,
    75 ]
