%YAML:1.0
---
videoName: "headNod12.mp4"
gestureLabel: 202
fps: 29
pixelSizeInCmTemp: 3.2808219178082193e-01
faceCenterPointX: 254
faceCenterPointY: 69
headPositionsX: [ 256, 252, 251, 254, 252, 252, 254, 255, 256, 257, 253,
    258, 254, 254, 258, 257, 257, 256, 255, 257, 255, 256, 257, 257, 254,
    258, 255, 255, 254, 253, 255, 253, 258, 255, 256, 252, 253, 256, 252,
    253, 252, 253, 254, 256, 255, 256, 255, 254, 255, 256, 252, 253, 255,
    253, 256, 251, 252, 255, 253, 256, 254, 255, 257, 252, 255, 253, 257,
    257, 256, 254, 255, 256, 255, 255, 253, 256, 256, 253, 255, 256, 256,
    253, 256, 256, 254, 254, 252, 257, 252, 254, 253, 254, 253, 256, 254,
    256, 255, 256, 255, 255 ]
headPositionsY: [ 70, 72, 72, 74, 71, 72, 75, 71, 73, 72, 76, 75, 75, 73,
    74, 75, 71, 75, 74, 71, 74, 71, 73, 75, 74, 74, 72, 74, 73, 76, 74,
    74, 73, 73, 73, 72, 72, 67, 67, 63, 61, 64, 62, 62, 63, 64, 66, 70,
    71, 77, 79, 78, 78, 77, 74, 75, 71, 66, 66, 65, 63, 62, 61, 65, 66,
    70, 70, 71, 71, 75, 78, 75, 75, 72, 71, 70, 70, 66, 69, 66, 65, 65,
    67, 68, 70, 67, 70, 72, 72, 75, 75, 72, 75, 72, 74, 73, 71, 72, 70,
    69 ]
