%YAML:1.0
---
videoName: "headNod23.mp4"
gestureLabel: 202
fps: 29
pixelSizeInCmTemp: 3.1933333333333330e-01
faceCenterPointX: 273
faceCenterPointY: 75
headPositionsX: [ 274, 275, 273, 276, 272, 273, 276, 272, 273, 275, 274,
    277, 276, 274, 272, 272, 272, 276, 273, 276, 274, 276, 276, 274, 271,
    274, 275, 277, 273, 273, 274, 273, 276, 273, 272, 273, 276, 276, 272,
    274, 270, 273, 273, 274, 272, 271, 271, 274, 273, 274, 274, 275, 276,
    276, 273, 272, 272, 274, 271, 274, 275, 273, 272, 275, 274, 274, 272,
    275, 273, 275, 274, 276, 274, 274, 275, 272, 274, 276, 272, 276, 274,
    274, 274, 271, 272, 275, 272, 275, 276, 273, 273, 275, 274, 276, 271,
    275, 273, 271, 272, 271 ]
headPositionsY: [ 76, 76, 78, 76, 76, 78, 74, 78, 76, 75, 77, 77, 78, 75,
    76, 75, 75, 75, 75, 77, 78, 79, 75, 74, 71, 73, 70, 67, 67, 66, 64,
    64, 64, 64, 66, 71, 74, 75, 81, 79, 82, 81, 82, 78, 75, 75, 69, 68,
    68, 69, 66, 70, 68, 71, 72, 75, 78, 80, 79, 77, 77, 76, 74, 70, 70,
    69, 71, 68, 69, 72, 70, 73, 73, 77, 77, 79, 78, 79, 77, 79, 78, 74,
    73, 75, 73, 73, 71, 75, 73, 74, 72, 75, 74, 75, 73, 75, 77, 77, 76,
    76 ]
