%YAML:1.0
---
videoName: "headNod9.mp4"
gestureLabel: 202
fps: 29
pixelSizeInCmTemp: 3.1513157894736843e-01
faceCenterPointX: 261
faceCenterPointY: 75
headPositionsX: [ 260, 263, 260, 263, 262, 259, 262, 261, 263, 261, 260,
    260, 263, 261, 262, 261, 261, 259, 260, 259, 263, 259, 259, 259, 258,
    261, 261, 260, 259, 261, 262, 259, 259, 260, 262, 259, 262, 259, 261,
    261, 260, 260, 260, 262, 260, 260, 258, 261, 261, 258, 259, 258, 260,
    261, 262, 259, 263, 258, 260, 260, 261, 261, 259, 260, 263, 260, 262,
    261, 260, 257, 261, 257, 260, 260, 262, 260, 257, 258, 258, 257, 256,
    258, 260, 260, 261, 260, 260, 256, 256, 260, 261, 260, 261, 257, 259,
    260, 261, 259, 259, 258 ]
headPositionsY: [ 74, 73, 77, 73, 77, 74, 77, 76, 73, 76, 73, 74, 76, 74,
    76, 75, 73, 74, 76, 73, 75, 75, 76, 74, 77, 77, 75, 75, 73, 74, 79,
    75, 78, 80, 83, 82, 79, 74, 77, 75, 75, 73, 78, 82, 86, 85, 85, 86,
    83, 77, 77, 74, 75, 76, 83, 83, 83, 81, 80, 79, 72, 73, 75, 74, 78,
    79, 80, 82, 81, 82, 78, 76, 74, 71, 70, 70, 71, 76, 79, 77, 82, 81,
    82, 79, 79, 77, 78, 74, 76, 71, 74, 73, 72, 74, 74, 72, 75, 73, 75,
    75 ]
