%YAML:1.0
---
videoName: "headNod30.mp4"
gestureLabel: 202
fps: 29
pixelSizeInCmTemp: 3.2364864864864862e-01
faceCenterPointX: 271
faceCenterPointY: 72
headPositionsX: [ 270, 273, 273, 270, 274, 272, 269, 273, 273, 271, 270,
    270, 271, 273, 274, 273, 271, 270, 271, 274, 273, 269, 272, 271, 271,
    272, 275, 273, 274, 274, 275, 272, 273, 271, 273, 270, 269, 271, 270,
    269, 270, 268, 269, 268, 271, 268, 271, 269, 271, 269, 267, 270, 269,
    269, 273, 270, 271, 270, 269, 269, 271, 271, 272, 273, 270, 273, 270,
    273, 273, 270, 269, 271, 269, 272, 269, 269, 271, 270, 272, 272, 270,
    270, 270, 273, 272, 269, 271, 270, 273, 272, 273, 270, 270, 271, 271,
    274, 271, 270, 273, 272 ]
headPositionsY: [ 74, 75, 74, 74, 74, 77, 74, 76, 75, 75, 77, 77, 73, 77,
    74, 78, 76, 75, 76, 73, 75, 74, 74, 69, 68, 66, 65, 68, 68, 70, 75,
    76, 76, 81, 83, 80, 78, 76, 76, 73, 72, 70, 73, 71, 72, 77, 77, 82,
    80, 78, 79, 75, 71, 71, 70, 72, 73, 70, 73, 76, 76, 75, 74, 75, 73,
    72, 70, 69, 72, 70, 68, 73, 73, 71, 73, 75, 77, 74, 76, 69, 71, 69,
    71, 71, 72, 70, 72, 74, 71, 73, 74, 76, 73, 71, 74, 75, 74, 75, 73,
    73 ]
