%YAML:1.0
---
videoName: "headNod10.mp4"
gestureLabel: 202
fps: 29
pixelSizeInCmTemp: 3.2808219178082193e-01
faceCenterPointX: 260
faceCenterPointY: 67
headPositionsX: [ 261, 260, 258, 259, 256, 260, 257, 256, 259, 259, 260,
    259, 258, 257, 257, 260, 258, 258, 258, 257, 257, 258, 258, 260, 260,
    257, 257, 260, 256, 257, 261, 257, 258, 260, 260, 257, 260, 260, 258,
    261, 257, 261, 257, 257, 260, 263, 258, 262, 263, 263, 261, 260, 262,
    261, 261, 257, 256, 261, 260, 260, 259, 261, 259, 262, 259, 260, 261,
    258, 261, 262, 256, 257, 259, 257, 260, 260, 259, 258, 259, 259, 260,
    260, 256, 259, 258, 257, 257, 260, 261, 259, 260, 260, 259, 260, 259,
    262, 261, 260, 258, 263 ]
headPositionsY: [ 69, 73, 68, 68, 69, 69, 71, 70, 70, 72, 69, 68, 70, 70,
    68, 70, 69, 70, 69, 72, 69, 71, 69, 72, 69, 69, 69, 70, 69, 68, 69,
    72, 69, 73, 69, 69, 72, 71, 69, 70, 71, 73, 72, 71, 69, 68, 65, 64,
    63, 61, 64, 64, 67, 72, 72, 74, 72, 71, 67, 67, 66, 63, 61, 64, 67,
    69, 69, 73, 75, 78, 74, 72, 71, 68, 67, 64, 63, 66, 70, 70, 75, 75,
    74, 76, 71, 73, 67, 65, 69, 65, 67, 64, 64, 68, 69, 66, 68, 66, 67,
    70 ]
