%YAML:1.0
---
videoName: "headNod47.mp4"
gestureLabel: 202
fps: 29
pixelSizeInCmTemp: 3.0316455696202532e-01
faceCenterPointX: 266
faceCenterPointY: 70
headPositionsX: [ 266, 266, 268, 269, 267, 267, 266, 266, 265, 266, 267,
    268, 266, 264, 262, 263, 266, 265, 265, 266, 265, 264, 263, 267, 266,
    266, 266, 265, 268, 265, 266, 266, 270, 268, 266, 265, 267, 266, 266,
    269, 269, 265, 266, 270, 268, 265, 267, 268, 265, 266, 268, 269, 267,
    266, 266, 268, 269, 268, 268, 269, 268, 268, 266, 268, 265, 267, 267,
    268, 266, 265, 267, 269, 269, 267, 268, 265, 267, 265, 265, 268, 264,
    266, 266, 267, 267, 264, 268, 263, 265, 264, 266, 266, 268, 265, 267,
    265, 267, 266, 268, 265 ]
headPositionsY: [ 69, 64, 62, 61, 57, 60, 60, 62, 64, 65, 73, 76, 80, 83,
    79, 78, 73, 72, 70, 66, 65, 64, 65, 71, 69, 74, 77, 77, 78, 74, 76,
    73, 69, 66, 69, 68, 68, 70, 70, 77, 78, 81, 80, 80, 75, 75, 69, 70,
    68, 69, 70, 71, 73, 74, 73, 77, 76, 70, 71, 68, 68, 66, 67, 69, 66,
    67, 72, 76, 72, 74, 74, 71, 71, 70, 71, 69, 70, 66, 68, 71, 71, 75,
    74, 72, 72, 71, 70, 72, 69, 69, 68, 69, 69, 70, 72, 70, 69, 72, 72,
    69 ]
