%YAML:1.0
---
videoName: "headNod44.mp4"
gestureLabel: 202
fps: 29
pixelSizeInCmTemp: 2.9567901234567900e-01
faceCenterPointX: 268
faceCenterPointY: 78
headPositionsX: [ 268, 268, 271, 268, 269, 267, 268, 266, 268, 269, 266,
    267, 266, 267, 271, 270, 269, 267, 271, 267, 267, 271, 269, 269, 269,
    269, 266, 266, 265, 266, 270, 270, 266, 267, 270, 266, 269, 267, 265,
    265, 267, 265, 266, 266, 268, 266, 265, 270, 265, 268, 269, 269, 267,
    268, 269, 266, 267, 269, 266, 269, 267, 270, 267, 270, 266, 268, 269,
    267, 268, 270, 270, 270, 270, 268, 270, 268, 270, 268, 268, 270, 270,
    270, 269, 266, 266, 266, 266, 268, 269, 266, 268, 269, 270, 268, 268,
    266, 266, 267, 266, 270 ]
headPositionsY: [ 77, 76, 76, 76, 75, 77, 72, 72, 75, 75, 72, 72, 76, 73,
    74, 77, 74, 79, 81, 84, 85, 89, 92, 92, 94, 94, 89, 87, 78, 77, 72,
    69, 68, 72, 70, 75, 78, 85, 88, 90, 85, 82, 80, 77, 75, 70, 71, 74,
    78, 81, 83, 87, 89, 89, 87, 84, 78, 78, 73, 73, 75, 79, 80, 80, 83,
    84, 84, 80, 79, 76, 76, 76, 77, 80, 77, 84, 85, 85, 87, 86, 85, 82,
    81, 80, 80, 80, 76, 77, 78, 79, 78, 81, 80, 76, 76, 76, 77, 77, 78,
    75 ]
