%YAML:1.0
---
videoName: "headNod10.mp4"
gestureLabel: 202
fps: 29
pixelSizeInCmTemp: 3.2808219178082193e-01
faceCenterPointX: 260
faceCenterPointY: 67
headPositionsX: [ 258, 258, 259, 260, 257, 258, 256, 258, 258, 256, 258,
    260, 260, 256, 256, 256, 256, 257, 258, 257, 257, 260, 261, 261, 260,
    260, 259, 257, 260, 260, 258, 257, 261, 258, 260, 259, 261, 260, 261,
    260, 258, 259, 257, 260, 259, 260, 258, 262, 259, 262, 262, 260, 260,
    261, 261, 258, 258, 261, 261, 259, 263, 258, 261, 261, 260, 261, 259,
    257, 258, 258, 260, 258, 258, 256, 258, 257, 256, 259, 260, 258, 256,
    257, 260, 261, 256, 260, 259, 260, 258, 260, 257, 260, 259, 262, 261,
    261, 262, 263, 262, 260 ]
headPositionsY: [ 65, 70, 68, 72, 68, 72, 71, 71, 68, 70, 71, 72, 68, 72,
    70, 68, 69, 68, 71, 72, 68, 69, 70, 70, 70, 68, 72, 71, 68, 70, 72,
    70, 73, 72, 72, 73, 69, 71, 70, 69, 72, 71, 69, 68, 67, 68, 63, 60,
    63, 62, 62, 65, 68, 73, 73, 76, 70, 73, 68, 67, 67, 66, 61, 67, 68,
    70, 73, 76, 78, 76, 72, 72, 68, 65, 66, 63, 66, 69, 71, 72, 76, 77,
    75, 72, 69, 69, 66, 68, 69, 69, 67, 66, 64, 66, 69, 64, 68, 67, 66,
    70 ]
