%YAML:1.0
---
videoName: "headNod45.mp4"
gestureLabel: 202
fps: 30
pixelSizeInCmTemp: 3.0316455696202532e-01
faceCenterPointX: 265
faceCenterPointY: 77
headPositionsX: [ 267, 269, 269, 269, 266, 267, 270, 266, 266, 268, 268,
    267, 266, 270, 265, 266, 267, 265, 268, 266, 270, 267, 269, 266, 268,
    268, 269, 263, 264, 265, 266, 266, 264, 267, 266, 268, 267, 265, 268,
    267, 268, 265, 264, 264, 266, 263, 266, 265, 267, 264, 267, 265, 269,
    269, 266, 266, 268, 268, 267, 267, 269, 265, 264, 265, 266, 265, 265,
    266, 265, 266, 264, 268, 267, 264, 264, 266, 265, 265, 264, 267, 268,
    263, 266, 268, 264, 264, 269, 266, 265, 264, 264, 264, 265, 264, 264,
    267, 267, 266, 267, 264 ]
headPositionsY: [ 78, 77, 74, 77, 76, 74, 73, 76, 77, 75, 78, 76, 73, 74,
    77, 75, 76, 77, 80, 80, 86, 87, 89, 92, 91, 94, 90, 84, 83, 75, 74,
    74, 69, 64, 68, 68, 67, 70, 71, 80, 80, 85, 89, 90, 92, 92, 88, 82,
    82, 78, 74, 74, 71, 70, 75, 75, 79, 82, 85, 84, 86, 85, 79, 76, 78,
    76, 72, 73, 72, 74, 80, 78, 82, 88, 89, 85, 85, 82, 82, 77, 78, 75,
    75, 78, 79, 77, 82, 80, 82, 79, 78, 78, 78, 79, 77, 78, 76, 78, 78,
    77 ]
