%YAML:1.0
---
videoName: "headNod18.mp4"
gestureLabel: 202
fps: 29
pixelSizeInCmTemp: 3.3263888888888887e-01
faceCenterPointX: 255
faceCenterPointY: 77
headPositionsX: [ 253, 259, 258, 256, 255, 257, 258, 255, 259, 257, 257,
    258, 258, 255, 253, 257, 257, 257, 256, 253, 256, 255, 256, 253, 257,
    255, 254, 254, 258, 253, 258, 255, 253, 256, 254, 256, 257, 258, 257,
    255, 254, 253, 254, 255, 257, 255, 254, 257, 258, 253, 254, 253, 253,
    257, 256, 252, 256, 253, 256, 252, 254, 255, 257, 251, 253, 256, 253,
    256, 252, 256, 255, 256, 255, 256, 256, 255, 252, 256, 255, 252, 254,
    253, 251, 255, 255, 256, 253, 255, 253, 256, 252, 253, 254, 255, 256,
    255, 256, 256, 257, 257 ]
headPositionsY: [ 76, 77, 77, 79, 77, 79, 79, 75, 76, 78, 78, 79, 76, 78,
    79, 79, 79, 78, 77, 78, 79, 78, 77, 78, 80, 76, 77, 76, 81, 75, 78,
    78, 77, 77, 79, 78, 76, 76, 77, 76, 76, 72, 72, 72, 71, 70, 72, 72,
    74, 75, 78, 78, 78, 84, 82, 82, 75, 75, 70, 73, 75, 76, 79, 80, 82,
    83, 79, 76, 75, 74, 75, 74, 76, 81, 85, 85, 82, 82, 76, 77, 73, 76,
    77, 79, 78, 82, 81, 83, 80, 81, 78, 79, 78, 77, 76, 78, 78, 78, 79,
    77 ]
