%YAML:1.0
---
videoName: "headNod49.mp4"
gestureLabel: 202
fps: 29
pixelSizeInCmTemp: 2.9207317073170730e-01
faceCenterPointX: 263
faceCenterPointY: 74
headPositionsX: [ 261, 264, 266, 264, 268, 263, 264, 266, 264, 264, 265,
    262, 263, 265, 263, 262, 262, 264, 265, 264, 265, 262, 266, 266, 267,
    264, 266, 265, 264, 263, 262, 263, 261, 262, 263, 263, 262, 266, 264,
    264, 264, 265, 264, 261, 261, 264, 261, 264, 263, 261, 265, 265, 262,
    263, 261, 261, 264, 265, 265, 266, 263, 264, 266, 263, 263, 265, 265,
    266, 265, 263, 262, 263, 264, 264, 265, 261, 264, 262, 262, 264, 265,
    265, 262, 263, 261, 263, 263, 263, 263, 262, 263, 262, 265, 263, 265,
    265, 263, 263, 263, 261 ]
headPositionsY: [ 75, 73, 72, 74, 72, 71, 73, 71, 71, 71, 74, 72, 70, 68,
    69, 67, 70, 70, 69, 71, 70, 68, 71, 72, 78, 76, 77, 79, 74, 75, 72,
    70, 69, 71, 67, 72, 73, 73, 73, 79, 81, 80, 77, 75, 75, 72, 70, 69,
    73, 72, 74, 71, 74, 78, 79, 78, 76, 75, 75, 72, 74, 72, 71, 72, 72,
    73, 76, 75, 81, 78, 77, 75, 74, 75, 73, 75, 73, 75, 73, 75, 75, 74,
    74, 76, 75, 74, 76, 74, 73, 72, 75, 73, 73, 76, 74, 73, 76, 73, 73,
    75 ]
