%YAML:1.0
---
videoName: "headNod14.mp4"
gestureLabel: 202
fps: 29
pixelSizeInCmTemp: 3.2808219178082193e-01
faceCenterPointX: 257
faceCenterPointY: 71
headPositionsX: [ 259, 260, 260, 257, 260, 259, 256, 259, 257, 258, 260,
    260, 261, 260, 258, 260, 258, 261, 256, 257, 257, 260, 257, 260, 257,
    261, 261, 257, 261, 259, 261, 258, 259, 257, 257, 260, 258, 259, 257,
    260, 257, 257, 259, 259, 258, 261, 262, 260, 257, 261, 258, 260, 260,
    260, 256, 256, 259, 259, 258, 257, 258, 256, 258, 257, 258, 259, 260,
    260, 260, 260, 261, 257, 257, 258, 258, 257, 258, 257, 259, 258, 259,
    256, 258, 259, 257, 256, 256, 254, 259, 254, 256, 259, 260, 254, 258,
    255, 258, 259, 256, 255 ]
headPositionsY: [ 69, 78, 74, 77, 76, 76, 79, 76, 78, 79, 78, 79, 79, 75,
    78, 76, 78, 77, 77, 76, 76, 77, 76, 77, 79, 77, 78, 79, 80, 77, 79,
    78, 79, 77, 78, 77, 76, 76, 79, 77, 74, 71, 72, 69, 69, 68, 70, 73,
    71, 73, 76, 76, 82, 79, 81, 81, 81, 81, 76, 74, 73, 70, 67, 70, 72,
    70, 76, 75, 76, 81, 82, 84, 80, 77, 74, 74, 69, 67, 70, 70, 72, 73,
    73, 78, 82, 82, 82, 77, 77, 74, 73, 69, 70, 71, 71, 69, 71, 69, 71,
    72 ]
