%YAML:1.0
---
videoName: "headNod45.mp4"
gestureLabel: 202
fps: 30
pixelSizeInCmTemp: 3.0316455696202532e-01
faceCenterPointX: 265
faceCenterPointY: 77
headPositionsX: [ 264, 269, 267, 266, 268, 267, 270, 267, 270, 267, 268,
    269, 267, 268, 267, 267, 266, 268, 267, 265, 270, 267, 265, 269, 265,
    267, 269, 263, 267, 267, 268, 264, 265, 268, 268, 264, 266, 267, 264,
    268, 266, 264, 266, 266, 265, 264, 266, 264, 267, 264, 264, 265, 265,
    268, 265, 264, 267, 267, 268, 267, 268, 265, 265, 264, 264, 268, 264,
    266, 269, 268, 264, 268, 264, 265, 265, 265, 265, 265, 268, 263, 266,
    264, 267, 268, 265, 266, 269, 266, 266, 263, 263, 264, 264, 268, 265,
    264, 265, 267, 267, 264 ]
headPositionsY: [ 78, 73, 77, 78, 77, 76, 76, 74, 76, 75, 74, 74, 73, 77,
    78, 76, 74, 78, 80, 83, 84, 89, 92, 92, 91, 93, 91, 88, 83, 79, 74,
    75, 66, 64, 67, 65, 66, 72, 71, 76, 81, 88, 92, 92, 94, 92, 85, 84,
    79, 79, 74, 74, 73, 71, 73, 76, 80, 83, 85, 84, 84, 82, 79, 76, 76,
    73, 71, 71, 72, 77, 76, 81, 82, 87, 86, 87, 86, 83, 84, 77, 77, 77,
    76, 75, 75, 77, 82, 82, 78, 80, 78, 77, 77, 77, 79, 77, 79, 80, 79,
    79 ]
