%YAML:1.0
---
videoName: "headNod34.mp4"
gestureLabel: 202
fps: 29
pixelSizeInCmTemp: 2.9567901234567900e-01
faceCenterPointX: 266
faceCenterPointY: 78
headPositionsX: [ 264, 270, 269, 269, 271, 267, 270, 269, 269, 270, 269,
    269, 271, 267, 271, 270, 271, 271, 272, 270, 271, 271, 269, 272, 270,
    270, 269, 269, 270, 268, 269, 268, 269, 269, 267, 271, 269, 272, 271,
    270, 269, 268, 269, 269, 269, 268, 271, 268, 270, 271, 269, 269, 270,
    269, 270, 271, 269, 270, 273, 271, 272, 271, 271, 270, 268, 268, 268,
    268, 271, 271, 270, 266, 269, 265, 268, 265, 265, 266, 267, 266, 267,
    267, 264, 268, 263, 266, 267, 267, 266, 267, 267, 268, 265, 265, 267,
    266, 267, 265, 265, 266 ]
headPositionsY: [ 79, 77, 75, 77, 76, 78, 74, 78, 76, 77, 77, 74, 77, 78,
    76, 76, 75, 75, 75, 77, 75, 74, 77, 76, 75, 78, 77, 74, 76, 77, 76,
    74, 74, 75, 74, 78, 78, 76, 70, 73, 71, 71, 76, 75, 80, 82, 87, 89,
    84, 81, 79, 75, 76, 71, 73, 72, 73, 79, 81, 82, 82, 85, 78, 78, 80,
    79, 75, 81, 77, 82, 81, 84, 86, 81, 81, 81, 79, 77, 76, 80, 81, 80,
    81, 85, 84, 81, 81, 81, 81, 80, 80, 80, 77, 78, 79, 79, 80, 81, 81,
    82 ]
