%YAML:1.0
---
videoName: "headNod44.mp4"
gestureLabel: 202
fps: 29
pixelSizeInCmTemp: 2.9567901234567900e-01
faceCenterPointX: 268
faceCenterPointY: 78
headPositionsX: [ 270, 271, 270, 272, 267, 267, 269, 270, 270, 267, 269,
    271, 268, 269, 267, 269, 269, 269, 270, 269, 267, 271, 269, 268, 269,
    267, 270, 269, 269, 266, 268, 270, 265, 267, 268, 268, 269, 268, 268,
    269, 264, 266, 268, 267, 267, 265, 269, 269, 265, 266, 268, 269, 267,
    266, 265, 270, 268, 267, 270, 267, 270, 271, 269, 269, 267, 268, 270,
    266, 266, 270, 267, 266, 268, 266, 268, 270, 269, 268, 269, 269, 271,
    267, 268, 268, 269, 267, 266, 269, 266, 269, 270, 270, 266, 265, 268,
    267, 268, 266, 267, 270 ]
headPositionsY: [ 80, 76, 75, 74, 77, 75, 76, 76, 73, 72, 74, 73, 75, 74,
    73, 76, 74, 77, 80, 84, 87, 87, 90, 95, 96, 95, 92, 86, 82, 76, 71,
    70, 71, 68, 73, 75, 80, 83, 88, 86, 86, 84, 79, 78, 73, 70, 73, 76,
    78, 82, 84, 89, 92, 87, 88, 83, 80, 75, 77, 72, 76, 78, 80, 81, 87,
    86, 82, 79, 80, 76, 76, 78, 77, 79, 80, 82, 83, 87, 86, 88, 86, 80,
    79, 79, 76, 78, 76, 78, 76, 77, 77, 78, 79, 77, 76, 77, 79, 76, 78,
    78 ]
