%YAML:1.0
---
videoName: "headNod25.mp4"
gestureLabel: 202
fps: 29
pixelSizeInCmTemp: 3.1933333333333330e-01
faceCenterPointX: 270
faceCenterPointY: 75
headPositionsX: [ 270, 270, 270, 273, 273, 272, 269, 271, 270, 269, 270,
    269, 269, 271, 272, 271, 270, 270, 271, 272, 271, 271, 273, 272, 273,
    270, 274, 270, 273, 270, 274, 271, 272, 273, 274, 274, 271, 273, 272,
    270, 271, 273, 270, 274, 271, 272, 273, 271, 274, 269, 270, 274, 273,
    271, 272, 272, 272, 274, 272, 270, 271, 273, 273, 271, 272, 272, 268,
    270, 270, 272, 271, 270, 270, 271, 271, 269, 271, 272, 274, 272, 270,
    272, 271, 268, 272, 270, 273, 271, 273, 270, 273, 269, 272, 270, 272,
    273, 271, 269, 268, 271 ]
headPositionsY: [ 76, 75, 72, 73, 72, 73, 72, 76, 74, 75, 74, 74, 74, 76,
    73, 74, 75, 72, 74, 77, 76, 76, 74, 73, 76, 74, 73, 75, 73, 76, 75,
    73, 73, 73, 75, 73, 73, 77, 75, 73, 74, 75, 73, 74, 75, 78, 74, 77,
    75, 71, 72, 69, 66, 65, 65, 67, 66, 67, 66, 68, 73, 76, 78, 83, 89,
    89, 90, 86, 86, 82, 79, 74, 71, 72, 70, 68, 69, 70, 73, 73, 72, 76,
    79, 79, 79, 80, 81, 76, 79, 75, 77, 78, 73, 75, 77, 74, 73, 74, 75,
    74 ]
