%YAML:1.0
---
videoName: "headNod7.mp4"
gestureLabel: 202
fps: 29
pixelSizeInCmTemp: 3.2808219178082193e-01
faceCenterPointX: 261
faceCenterPointY: 71
headPositionsX: [ 263, 264, 266, 267, 267, 262, 265, 262, 263, 261, 261,
    264, 265, 265, 263, 262, 264, 261, 264, 263, 261, 261, 264, 264, 262,
    264, 262, 263, 265, 260, 264, 264, 260, 260, 260, 263, 260, 261, 262,
    261, 259, 262, 261, 260, 260, 259, 260, 264, 262, 263, 260, 264, 260,
    260, 262, 262, 259, 260, 262, 264, 262, 259, 262, 259, 263, 260, 260,
    261, 260, 261, 262, 261, 261, 262, 262, 260, 259, 262, 263, 259, 263,
    260, 261, 263, 263, 261, 262, 260, 262, 259, 262, 264, 261, 260, 261,
    260, 263, 260, 261, 260 ]
headPositionsY: [ 69, 77, 76, 73, 74, 74, 73, 74, 74, 74, 74, 73, 72, 73,
    71, 75, 74, 74, 73, 73, 73, 74, 73, 73, 73, 78, 75, 74, 78, 76, 74,
    76, 75, 77, 73, 76, 77, 73, 75, 75, 73, 73, 77, 75, 77, 77, 74, 75,
    72, 72, 72, 68, 69, 71, 74, 73, 78, 81, 80, 77, 76, 71, 70, 68, 72,
    71, 75, 75, 80, 77, 78, 77, 71, 73, 70, 71, 71, 68, 69, 71, 73, 78,
    81, 75, 77, 75, 78, 75, 72, 71, 70, 72, 68, 71, 69, 70, 71, 72, 73,
    73 ]
