%YAML:1.0
---
videoName: "headNod43.mp4"
gestureLabel: 202
fps: 29
pixelSizeInCmTemp: 2.8855421686746985e-01
faceCenterPointX: 268
faceCenterPointY: 74
headPositionsX: [ 267, 270, 272, 271, 270, 269, 272, 267, 271, 270, 268,
    270, 271, 270, 270, 270, 269, 267, 266, 267, 270, 268, 268, 268, 265,
    269, 267, 265, 267, 265, 263, 265, 265, 264, 268, 266, 264, 263, 265,
    267, 266, 262, 263, 263, 263, 264, 264, 265, 264, 265, 263, 265, 262,
    265, 266, 262, 262, 263, 265, 266, 267, 262, 264, 263, 265, 263, 266,
    267, 265, 267, 269, 270, 266, 268, 267, 267, 270, 269, 267, 269, 271,
    269, 267, 268, 269, 268, 267, 269, 271, 267, 270, 271, 267, 268, 267,
    267, 270, 268, 270, 266 ]
headPositionsY: [ 74, 77, 74, 74, 78, 75, 78, 74, 76, 75, 76, 77, 76, 72,
    77, 76, 73, 73, 76, 73, 75, 77, 75, 77, 77, 79, 81, 85, 89, 89, 90,
    89, 88, 85, 78, 80, 76, 78, 84, 84, 87, 89, 92, 87, 86, 80, 81, 80,
    81, 85, 86, 89, 93, 91, 89, 84, 85, 83, 81, 85, 86, 88, 92, 92, 92,
    84, 85, 80, 78, 80, 79, 80, 81, 85, 88, 89, 89, 87, 83, 80, 78, 77,
    75, 73, 73, 73, 74, 73, 75, 75, 72, 72, 74, 75, 71, 73, 71, 74, 76,
    72 ]
