%YAML:1.0
---
videoName: "headNod48.mp4"
gestureLabel: 202
fps: 29
pixelSizeInCmTemp: 2.8855421686746985e-01
faceCenterPointX: 264
faceCenterPointY: 72
headPositionsX: [ 263, 263, 263, 266, 263, 267, 266, 265, 264, 263, 266,
    265, 266, 264, 262, 263, 262, 261, 260, 263, 263, 261, 259, 260, 259,
    259, 260, 263, 260, 260, 259, 260, 264, 263, 262, 261, 264, 264, 262,
    265, 263, 264, 264, 263, 261, 260, 263, 259, 260, 262, 260, 261, 263,
    261, 259, 262, 260, 261, 264, 259, 263, 261, 265, 264, 265, 263, 261,
    263, 265, 262, 264, 264, 267, 262, 266, 263, 267, 267, 266, 266, 266,
    264, 266, 264, 264, 266, 267, 265, 263, 264, 264, 264, 264, 268, 264,
    263, 268, 267, 267, 263 ]
headPositionsY: [ 74, 73, 76, 79, 78, 74, 75, 69, 67, 64, 61, 62, 61, 65,
    69, 70, 75, 78, 86, 90, 88, 85, 85, 81, 76, 76, 68, 68, 66, 65, 64,
    64, 63, 63, 68, 71, 74, 75, 80, 83, 83, 83, 80, 80, 76, 76, 74, 73,
    71, 73, 73, 76, 75, 78, 81, 80, 78, 78, 76, 70, 69, 70, 71, 72, 71,
    77, 77, 77, 79, 74, 74, 72, 74, 72, 69, 68, 68, 71, 73, 71, 76, 74,
    74, 74, 76, 71, 73, 68, 72, 70, 71, 75, 74, 76, 74, 74, 73, 72, 72,
    73 ]
