%YAML:1.0
---
videoName: "headNod32.mp4"
gestureLabel: 202
fps: 29
pixelSizeInCmTemp: 2.8855421686746985e-01
faceCenterPointX: 266
faceCenterPointY: 74
headPositionsX: [ 268, 269, 270, 270, 270, 266, 267, 267, 265, 267, 264,
    263, 263, 264, 268, 264, 269, 266, 265, 268, 267, 268, 265, 266, 265,
    267, 266, 265, 264, 268, 269, 267, 264, 266, 265, 269, 268, 269, 266,
    269, 269, 266, 266, 265, 270, 267, 270, 267, 269, 266, 266, 269, 266,
    269, 269, 268, 268, 269, 266, 269, 269, 266, 267, 267, 267, 266, 270,
    268, 269, 264, 268, 268, 267, 265, 264, 265, 263, 266, 265, 263, 265,
    265, 263, 264, 263, 269, 267, 267, 268, 267, 267, 269, 270, 267, 264,
    267, 268, 264, 265, 264 ]
headPositionsY: [ 76, 78, 76, 78, 81, 78, 77, 78, 80, 80, 77, 78, 77, 76,
    78, 79, 75, 77, 78, 79, 75, 75, 75, 77, 76, 76, 76, 76, 78, 78, 79,
    78, 79, 78, 76, 79, 80, 79, 76, 79, 77, 76, 76, 77, 77, 76, 77, 75,
    79, 78, 80, 78, 78, 77, 76, 77, 73, 74, 74, 76, 69, 67, 65, 66, 66,
    67, 69, 75, 78, 82, 89, 90, 90, 84, 83, 80, 74, 72, 70, 73, 69, 73,
    72, 72, 70, 74, 72, 73, 74, 76, 74, 77, 75, 75, 76, 75, 75, 73, 75,
    72 ]
