%YAML:1.0
---
videoName: "headNod16.mp4"
gestureLabel: 202
fps: 29
pixelSizeInCmTemp: 3.3263888888888887e-01
faceCenterPointX: 255
faceCenterPointY: 77
headPositionsX: [ 254, 260, 258, 257, 258, 261, 259, 260, 260, 258, 259,
    257, 259, 257, 258, 259, 257, 257, 260, 257, 257, 256, 257, 256, 259,
    258, 261, 260, 259, 257, 260, 258, 260, 258, 260, 256, 259, 261, 260,
    258, 258, 259, 261, 259, 259, 260, 261, 256, 260, 256, 256, 258, 259,
    256, 257, 260, 255, 257, 259, 259, 259, 260, 258, 256, 257, 254, 257,
    257, 255, 258, 257, 257, 253, 257, 254, 256, 256, 253, 254, 254, 254,
    253, 253, 255, 258, 257, 257, 253, 255, 255, 253, 256, 257, 254, 256,
    255, 254, 256, 257, 256 ]
headPositionsY: [ 75, 77, 76, 76, 77, 75, 77, 72, 73, 73, 76, 77, 76, 76,
    75, 75, 77, 73, 76, 73, 76, 75, 73, 77, 78, 72, 73, 74, 74, 73, 75,
    75, 75, 73, 75, 71, 71, 68, 66, 70, 68, 70, 69, 72, 75, 76, 83, 83,
    81, 77, 75, 74, 70, 68, 71, 70, 73, 76, 78, 81, 83, 81, 80, 81, 76,
    77, 74, 70, 72, 70, 73, 72, 76, 77, 79, 79, 82, 77, 77, 70, 72, 70,
    69, 68, 70, 71, 73, 77, 79, 76, 75, 79, 74, 79, 77, 78, 78, 78, 78,
    77 ]
