%YAML:1.0
---
videoName: "headNod13.mp4"
gestureLabel: 202
fps: 29
pixelSizeInCmTemp: 3.2364864864864862e-01
faceCenterPointX: 253
faceCenterPointY: 79
headPositionsX: [ 251, 249, 250, 254, 252, 250, 255, 253, 254, 252, 253,
    255, 255, 253, 255, 252, 254, 257, 256, 255, 254, 254, 255, 253, 254,
    256, 256, 254, 251, 251, 255, 256, 255, 253, 252, 252, 252, 253, 250,
    253, 253, 251, 253, 252, 253, 253, 252, 254, 251, 255, 252, 254, 254,
    254, 253, 253, 256, 253, 255, 255, 256, 256, 251, 253, 251, 251, 255,
    255, 254, 254, 252, 252, 254, 254, 253, 254, 256, 254, 252, 256, 256,
    254, 256, 255, 255, 257, 255, 253, 254, 257, 257, 253, 254, 254, 255,
    251, 255, 255, 254, 252 ]
headPositionsY: [ 77, 74, 75, 72, 72, 74, 74, 72, 71, 76, 74, 75, 75, 75,
    74, 71, 74, 74, 72, 75, 75, 74, 72, 74, 72, 75, 75, 74, 72, 74, 72,
    73, 74, 76, 74, 74, 73, 75, 76, 71, 72, 72, 72, 76, 76, 76, 73, 76,
    73, 73, 69, 69, 67, 66, 66, 68, 72, 74, 75, 77, 80, 77, 78, 74, 75,
    69, 70, 67, 67, 68, 73, 72, 73, 75, 78, 80, 79, 78, 79, 77, 73, 72,
    73, 70, 75, 75, 75, 76, 80, 80, 82, 79, 79, 81, 78, 78, 81, 79, 80,
    78 ]
