%YAML:1.0
---
videoName: "headNod30.mp4"
gestureLabel: 202
fps: 29
pixelSizeInCmTemp: 3.2364864864864862e-01
faceCenterPointX: 271
faceCenterPointY: 72
headPositionsX: [ 272, 271, 271, 271, 270, 269, 272, 272, 274, 269, 273,
    270, 270, 272, 272, 271, 273, 270, 271, 271, 271, 269, 270, 273, 273,
    274, 273, 274, 270, 274, 272, 271, 272, 270, 273, 269, 273, 273, 272,
    268, 269, 268, 270, 267, 269, 270, 270, 267, 268, 272, 269, 268, 267,
    272, 273, 272, 269, 269, 273, 270, 272, 273, 271, 270, 269, 274, 269,
    273, 271, 271, 270, 271, 269, 270, 272, 270, 270, 271, 269, 272, 270,
    270, 270, 270, 272, 273, 271, 269, 271, 273, 274, 273, 273, 273, 272,
    270, 270, 272, 272, 271 ]
headPositionsY: [ 71, 74, 76, 76, 75, 76, 74, 78, 77, 77, 74, 76, 74, 74,
    75, 77, 74, 74, 77, 74, 73, 74, 73, 69, 67, 68, 65, 67, 68, 73, 74,
    78, 79, 81, 81, 82, 81, 78, 74, 73, 72, 71, 71, 70, 76, 74, 78, 78,
    77, 79, 77, 75, 74, 70, 72, 70, 73, 71, 72, 74, 77, 74, 75, 76, 74,
    73, 70, 68, 72, 67, 67, 72, 70, 74, 72, 75, 76, 77, 76, 70, 70, 72,
    69, 69, 69, 71, 69, 71, 75, 73, 74, 75, 74, 72, 71, 74, 74, 74, 70,
    73 ]
