%YAML:1.0
---
videoName: "headNod36.mp4"
gestureLabel: 202
fps: 29
pixelSizeInCmTemp: 2.8176470588235292e-01
faceCenterPointX: 269
faceCenterPointY: 75
headPositionsX: [ 268, 270, 270, 268, 273, 269, 269, 272, 268, 273, 271,
    272, 272, 268, 271, 269, 271, 270, 269, 269, 269, 268, 271, 269, 270,
    270, 270, 269, 268, 272, 270, 271, 272, 270, 271, 270, 270, 266, 270,
    269, 268, 270, 270, 270, 268, 272, 272, 268, 270, 271, 269, 269, 271,
    271, 269, 268, 269, 271, 268, 272, 268, 269, 270, 266, 270, 266, 269,
    267, 266, 267, 267, 268, 265, 265, 269, 268, 269, 267, 266, 269, 271,
    268, 269, 270, 270, 269, 270, 268, 268, 269, 272, 267, 270, 270, 267,
    269, 269, 268, 267, 269 ]
headPositionsY: [ 75, 72, 74, 76, 72, 75, 74, 72, 75, 73, 77, 73, 75, 75,
    73, 73, 74, 76, 73, 77, 79, 79, 80, 78, 73, 75, 66, 70, 67, 65, 64,
    64, 69, 72, 77, 85, 86, 91, 88, 88, 87, 80, 75, 72, 74, 67, 66, 68,
    66, 67, 71, 72, 78, 82, 84, 89, 86, 85, 85, 83, 81, 74, 75, 74, 75,
    73, 74, 79, 82, 85, 82, 82, 82, 79, 78, 76, 73, 73, 76, 78, 79, 85,
    85, 86, 83, 83, 83, 77, 80, 79, 76, 77, 75, 73, 76, 73, 74, 74, 75,
    73 ]
