%YAML:1.0
---
videoName: "headNod18.mp4"
gestureLabel: 202
fps: 29
pixelSizeInCmTemp: 3.3263888888888887e-01
faceCenterPointX: 255
faceCenterPointY: 77
headPositionsX: [ 257, 256, 255, 255, 258, 258, 259, 254, 257, 256, 255,
    258, 257, 257, 254, 253, 256, 256, 254, 255, 254, 257, 254, 254, 254,
    256, 258, 253, 254, 252, 258, 256, 253, 256, 254, 258, 256, 255, 254,
    257, 254, 255, 256, 255, 257, 257, 258, 257, 257, 256, 256, 254, 256,
    257, 252, 254, 253, 253, 255, 252, 255, 255, 256, 251, 253, 252, 253,
    253, 255, 255, 253, 256, 252, 255, 252, 255, 252, 256, 253, 255, 256,
    256, 254, 255, 255, 256, 253, 257, 255, 257, 252, 254, 256, 253, 252,
    255, 256, 255, 257, 256 ]
headPositionsY: [ 78, 79, 77, 78, 79, 79, 76, 78, 75, 79, 76, 76, 75, 78,
    77, 79, 80, 78, 80, 79, 76, 80, 76, 78, 78, 78, 80, 79, 78, 75, 81,
    77, 79, 78, 79, 78, 78, 79, 78, 79, 76, 75, 73, 72, 71, 72, 72, 71,
    77, 74, 74, 80, 78, 80, 82, 78, 79, 72, 71, 70, 72, 76, 78, 78, 80,
    81, 80, 78, 75, 75, 73, 73, 76, 79, 81, 84, 84, 79, 77, 78, 73, 74,
    73, 78, 79, 81, 83, 83, 80, 78, 79, 77, 78, 77, 75, 76, 78, 80, 75,
    78 ]
