%YAML:1.0
---
videoName: "headNod19.mp4"
gestureLabel: 202
fps: 29
pixelSizeInCmTemp: 3.1933333333333330e-01
faceCenterPointX: 255
faceCenterPointY: 81
headPositionsX: [ 254, 256, 256, 256, 259, 254, 257, 254, 256, 256, 256,
    258, 256, 255, 257, 254, 251, 253, 253, 253, 253, 254, 250, 252, 251,
    252, 248, 252, 249, 254, 249, 251, 250, 252, 253, 251, 254, 256, 255,
    256, 254, 253, 255, 254, 255, 254, 256, 255, 258, 255, 254, 254, 255,
    257, 257, 253, 256, 258, 255, 255, 258, 254, 257, 257, 255, 258, 255,
    258, 255, 258, 258, 255, 258, 255, 257, 257, 258, 257, 257, 253, 253,
    255, 254, 254, 257, 254, 254, 257, 254, 257, 255, 254, 254, 256, 254,
    258, 255, 257, 258, 253 ]
headPositionsY: [ 81, 82, 84, 81, 81, 78, 76, 79, 78, 78, 78, 75, 75, 79,
    78, 79, 75, 80, 76, 76, 77, 81, 79, 80, 78, 80, 78, 80, 78, 82, 80,
    81, 77, 81, 77, 76, 81, 77, 77, 77, 81, 77, 81, 77, 78, 81, 79, 78,
    78, 76, 79, 79, 76, 77, 78, 78, 76, 80, 80, 78, 78, 77, 80, 78, 83,
    78, 77, 76, 76, 76, 74, 76, 76, 75, 81, 84, 85, 84, 79, 77, 77, 78,
    76, 78, 83, 86, 86, 86, 84, 83, 81, 80, 80, 82, 81, 81, 82, 79, 84,
    79 ]
