%YAML:1.0
---
videoName: "headNod11.mp4"
gestureLabel: 202
fps: 29
pixelSizeInCmTemp: 3.2364864864864862e-01
faceCenterPointX: 261
faceCenterPointY: 75
headPositionsX: [ 263, 259, 262, 258, 261, 259, 261, 262, 258, 259, 257,
    257, 261, 262, 261, 257, 261, 262, 261, 260, 259, 261, 261, 261, 262,
    259, 262, 258, 262, 260, 259, 262, 260, 257, 261, 261, 261, 260, 260,
    260, 261, 262, 261, 262, 260, 260, 263, 259, 262, 263, 259, 261, 259,
    259, 263, 263, 259, 262, 260, 259, 259, 261, 257, 257, 261, 259, 260,
    257, 259, 259, 258, 255, 256, 260, 260, 254, 255, 257, 258, 259, 256,
    259, 257, 258, 259, 260, 260, 259, 261, 260, 258, 261, 259, 258, 262,
    258, 262, 261, 262, 262 ]
headPositionsY: [ 75, 72, 74, 74, 76, 74, 76, 76, 73, 75, 73, 73, 73, 73,
    74, 76, 72, 73, 75, 72, 73, 76, 73, 77, 74, 75, 73, 73, 76, 76, 77,
    75, 77, 76, 74, 73, 75, 76, 77, 76, 77, 75, 73, 73, 74, 73, 73, 71,
    73, 69, 69, 69, 70, 66, 70, 69, 76, 75, 76, 81, 80, 77, 75, 72, 72,
    68, 67, 70, 69, 74, 75, 75, 77, 80, 84, 82, 78, 75, 74, 74, 69, 72,
    72, 70, 76, 76, 80, 81, 80, 82, 80, 79, 77, 79, 75, 76, 75, 76, 76,
    76 ]
