%YAML:1.0
---
videoName: "headNod32.mp4"
gestureLabel: 202
fps: 29
pixelSizeInCmTemp: 2.8855421686746985e-01
faceCenterPointX: 266
faceCenterPointY: 74
headPositionsX: [ 264, 271, 269, 268, 268, 267, 268, 267, 266, 269, 267,
    267, 266, 266, 265, 263, 265, 267, 265, 264, 268, 267, 268, 266, 267,
    266, 265, 266, 268, 264, 268, 267, 267, 265, 268, 268, 265, 269, 266,
    267, 267, 270, 267, 265, 268, 265, 269, 266, 270, 266, 267, 269, 267,
    268, 269, 267, 269, 266, 269, 265, 265, 268, 267, 266, 269, 268, 266,
    265, 267, 266, 266, 265, 268, 268, 268, 268, 266, 265, 266, 265, 267,
    265, 267, 266, 265, 269, 267, 265, 266, 266, 269, 268, 270, 265, 267,
    265, 265, 265, 265, 265 ]
headPositionsY: [ 73, 79, 79, 76, 80, 80, 78, 79, 79, 80, 79, 80, 78, 78,
    77, 78, 77, 79, 79, 75, 76, 79, 75, 79, 77, 77, 76, 77, 76, 76, 79,
    78, 79, 75, 76, 77, 77, 78, 78, 78, 75, 80, 79, 78, 77, 75, 76, 76,
    76, 78, 76, 77, 79, 79, 74, 74, 76, 76, 77, 74, 68, 66, 67, 65, 64,
    70, 69, 73, 80, 82, 86, 89, 86, 86, 85, 80, 74, 73, 72, 70, 73, 69,
    70, 73, 71, 75, 74, 73, 75, 75, 78, 76, 77, 76, 76, 76, 77, 73, 77,
    73 ]
