%YAML:1.0
---
videoName: "headNod22.mp4"
gestureLabel: 202
fps: 29
pixelSizeInCmTemp: 3.1513157894736843e-01
faceCenterPointX: 252
faceCenterPointY: 80
headPositionsX: [ 251, 252, 251, 250, 253, 251, 252, 253, 253, 253, 253,
    251, 251, 252, 255, 252, 256, 252, 253, 252, 251, 252, 255, 253, 252,
    252, 251, 252, 256, 253, 250, 256, 252, 255, 256, 257, 252, 254, 254,
    254, 252, 256, 252, 255, 253, 253, 252, 252, 252, 250, 251, 253, 251,
    251, 254, 253, 252, 249, 250, 253, 253, 255, 253, 252, 253, 252, 250,
    252, 251, 250, 251, 250, 254, 252, 250, 253, 250, 252, 254, 255, 251,
    250, 253, 253, 252, 251, 253, 250, 250, 251, 252, 252, 254, 251, 253,
    250, 251, 252, 251, 251 ]
headPositionsY: [ 80, 78, 79, 80, 80, 77, 76, 77, 77, 80, 76, 81, 79, 78,
    78, 77, 81, 76, 77, 81, 76, 82, 81, 78, 81, 84, 82, 85, 83, 77, 78,
    76, 71, 70, 69, 73, 73, 78, 82, 81, 83, 85, 79, 77, 75, 72, 73, 69,
    69, 72, 76, 79, 84, 86, 84, 82, 83, 77, 74, 75, 75, 73, 72, 72, 77,
    79, 78, 82, 78, 75, 74, 77, 75, 76, 79, 78, 79, 78, 78, 81, 76, 75,
    76, 76, 77, 77, 81, 82, 81, 80, 77, 81, 80, 78, 79, 79, 80, 80, 81,
    81 ]
