%YAML:1.0
---
videoName: "headNod33.mp4"
gestureLabel: 202
fps: 29
pixelSizeInCmTemp: 2.9567901234567900e-01
faceCenterPointX: 268
faceCenterPointY: 74
headPositionsX: [ 269, 269, 268, 268, 269, 270, 268, 272, 271, 270, 270,
    270, 268, 268, 272, 272, 271, 271, 272, 269, 273, 270, 271, 271, 271,
    267, 268, 272, 271, 268, 268, 268, 269, 267, 267, 271, 270, 267, 268,
    270, 271, 270, 271, 271, 269, 270, 271, 270, 271, 269, 270, 268, 267,
    266, 270, 270, 265, 268, 267, 265, 267, 269, 265, 270, 267, 265, 269,
    266, 269, 267, 266, 269, 267, 269, 270, 269, 268, 271, 270, 270, 268,
    270, 267, 265, 267, 268, 267, 269, 268, 268, 267, 267, 267, 267, 266,
    268, 268, 270, 270, 266 ]
headPositionsY: [ 72, 73, 71, 72, 73, 69, 72, 73, 72, 72, 73, 71, 74, 68,
    73, 71, 70, 73, 70, 68, 74, 72, 73, 73, 72, 71, 70, 73, 74, 73, 73,
    71, 75, 74, 74, 76, 77, 78, 72, 69, 70, 67, 66, 66, 66, 66, 73, 77,
    78, 83, 85, 81, 79, 75, 74, 73, 73, 71, 70, 72, 70, 71, 70, 75, 73,
    75, 75, 76, 75, 76, 76, 76, 72, 69, 72, 69, 71, 72, 74, 76, 77, 74,
    79, 79, 78, 77, 79, 77, 74, 78, 75, 77, 74, 75, 73, 74, 75, 73, 75,
    76 ]
