%YAML:1.0
---
videoName: "headNod38.mp4"
gestureLabel: 202
fps: 29
pixelSizeInCmTemp: 2.9937500000000000e-01
faceCenterPointX: 267
faceCenterPointY: 73
headPositionsX: [ 268, 268, 265, 265, 265, 265, 264, 265, 264, 267, 264,
    264, 268, 267, 266, 265, 266, 265, 264, 268, 265, 269, 265, 268, 266,
    267, 268, 264, 265, 266, 264, 265, 264, 264, 267, 263, 267, 265, 268,
    266, 267, 266, 267, 267, 265, 269, 268, 265, 266, 268, 266, 268, 266,
    268, 266, 268, 270, 267, 270, 269, 269, 269, 268, 270, 267, 270, 268,
    270, 269, 270, 268, 270, 269, 270, 269, 268, 269, 268, 269, 268, 268,
    266, 266, 269, 269, 269, 267, 267, 269, 265, 268, 265, 268, 268, 267,
    268, 268, 265, 269, 267 ]
headPositionsY: [ 71, 76, 75, 75, 79, 81, 85, 85, 85, 85, 81, 79, 76, 77,
    78, 83, 83, 83, 84, 87, 83, 80, 77, 77, 76, 80, 81, 86, 86, 87, 90,
    86, 82, 77, 77, 76, 72, 72, 78, 80, 80, 88, 89, 89, 84, 81, 79, 75,
    75, 70, 71, 72, 71, 74, 80, 80, 82, 84, 86, 82, 83, 80, 79, 73, 74,
    74, 71, 75, 76, 75, 78, 83, 84, 86, 85, 82, 83, 83, 80, 74, 77, 74,
    73, 74, 72, 71, 70, 73, 75, 74, 72, 73, 73, 71, 71, 72, 74, 75, 74,
    73 ]
