%YAML:1.0
---
videoName: "headNod13.mp4"
gestureLabel: 202
fps: 29
pixelSizeInCmTemp: 3.2364864864864862e-01
faceCenterPointX: 253
faceCenterPointY: 79
headPositionsX: [ 255, 253, 250, 253, 253, 254, 254, 253, 252, 252, 256,
    252, 254, 254, 256, 253, 253, 254, 255, 255, 257, 254, 255, 256, 255,
    255, 256, 254, 252, 254, 255, 255, 256, 254, 253, 253, 253, 253, 250,
    252, 251, 254, 253, 254, 254, 255, 251, 251, 253, 252, 253, 255, 256,
    255, 255, 254, 255, 254, 252, 253, 253, 255, 254, 255, 251, 255, 252,
    254, 254, 255, 256, 256, 253, 252, 255, 255, 256, 254, 255, 256, 255,
    255, 254, 256, 252, 255, 255, 253, 253, 255, 257, 254, 256, 253, 255,
    251, 252, 254, 250, 253 ]
headPositionsY: [ 80, 73, 73, 74, 71, 75, 75, 72, 75, 74, 73, 74, 74, 74,
    77, 75, 73, 74, 74, 74, 75, 74, 73, 74, 74, 72, 72, 73, 75, 76, 72,
    72, 72, 73, 73, 74, 74, 74, 75, 73, 73, 72, 74, 76, 72, 73, 73, 76,
    75, 74, 69, 67, 67, 65, 70, 68, 72, 72, 74, 74, 78, 77, 75, 78, 71,
    70, 69, 70, 67, 69, 71, 75, 77, 74, 76, 81, 82, 80, 77, 75, 75, 72,
    71, 74, 73, 74, 76, 80, 81, 78, 78, 79, 82, 82, 77, 78, 77, 80, 79,
    77 ]
