%YAML:1.0
---
videoName: "headNod2.mp4"
gestureLabel: 202
fps: 29
pixelSizeInCmTemp: 3.2364864864864862e-01
faceCenterPointX: 263
faceCenterPointY: 70
headPositionsX: [ 263, 264, 263, 264, 263, 262, 262, 265, 265, 264, 262,
    264, 263, 264, 265, 264, 262, 263, 263, 264, 262, 262, 264, 263, 264,
    265, 261, 264, 265, 261, 262, 263, 260, 263, 260, 264, 264, 262, 261,
    261, 264, 262, 260, 260, 262, 259, 264, 262, 262, 262, 263, 261, 263,
    264, 260, 264, 265, 262, 264, 263, 262, 262, 261, 263, 261, 261, 264,
    260, 261, 264, 260, 264, 263, 262, 261, 264, 261, 262, 261, 263, 262,
    264, 263, 265, 262, 263, 262, 264, 261, 265, 264, 264, 262, 262, 261,
    263, 264, 266, 265, 266 ]
headPositionsY: [ 70, 75, 74, 74, 74, 74, 76, 77, 78, 73, 77, 75, 73, 76,
    74, 78, 73, 74, 76, 73, 74, 73, 75, 73, 74, 76, 76, 73, 75, 76, 73,
    73, 74, 76, 73, 75, 76, 72, 74, 73, 75, 72, 74, 72, 75, 74, 77, 75,
    72, 72, 70, 69, 72, 72, 73, 79, 77, 79, 77, 70, 71, 71, 72, 76, 75,
    76, 74, 72, 71, 69, 68, 74, 73, 77, 74, 75, 74, 69, 70, 73, 71, 72,
    74, 76, 74, 72, 70, 69, 70, 68, 69, 70, 73, 70, 72, 69, 69, 69, 69,
    72 ]
