%YAML:1.0
---
videoName: "headNod15.mp4"
gestureLabel: 202
fps: 29
pixelSizeInCmTemp: 3.1933333333333330e-01
faceCenterPointX: 255
faceCenterPointY: 74
headPositionsX: [ 255, 259, 260, 255, 257, 255, 257, 257, 255, 259, 254,
    258, 255, 257, 258, 256, 256, 258, 256, 257, 258, 258, 256, 256, 258,
    253, 257, 254, 254, 253, 257, 253, 255, 252, 254, 256, 253, 254, 254,
    255, 257, 257, 254, 256, 255, 254, 256, 255, 253, 257, 254, 255, 257,
    256, 256, 254, 252, 252, 256, 256, 252, 254, 256, 257, 253, 256, 255,
    258, 257, 253, 253, 254, 255, 253, 253, 254, 255, 254, 253, 254, 255,
    253, 255, 253, 252, 256, 254, 256, 252, 256, 253, 255, 255, 253, 255,
    254, 255, 252, 255, 253 ]
headPositionsY: [ 73, 74, 75, 75, 75, 74, 73, 74, 75, 74, 72, 75, 71, 76,
    73, 73, 75, 73, 73, 75, 73, 72, 72, 71, 74, 75, 73, 72, 72, 71, 73,
    76, 73, 75, 73, 77, 77, 78, 81, 81, 84, 80, 78, 78, 74, 72, 70, 71,
    72, 72, 76, 79, 80, 84, 81, 78, 76, 72, 72, 68, 68, 74, 72, 81, 81,
    85, 82, 80, 80, 77, 72, 72, 68, 72, 74, 76, 74, 78, 77, 74, 72, 72,
    69, 69, 69, 68, 72, 70, 71, 74, 73, 74, 74, 72, 72, 74, 71, 73, 71,
    74 ]
