%YAML:1.0
---
videoName: "headNod33.mp4"
gestureLabel: 202
fps: 29
pixelSizeInCmTemp: 2.9567901234567900e-01
faceCenterPointX: 268
faceCenterPointY: 74
headPositionsX: [ 266, 267, 268, 268, 269, 267, 272, 269, 271, 272, 272,
    269, 270, 269, 268, 273, 272, 270, 268, 271, 272, 270, 272, 268, 269,
    269, 271, 268, 267, 267, 268, 267, 269, 269, 270, 269, 267, 267, 268,
    269, 270, 269, 272, 268, 269, 270, 269, 268, 269, 269, 269, 269, 267,
    267, 268, 267, 268, 269, 265, 265, 265, 267, 269, 269, 267, 269, 267,
    266, 269, 269, 268, 269, 268, 267, 266, 270, 268, 270, 268, 266, 270,
    267, 267, 268, 270, 265, 267, 266, 267, 267, 270, 265, 269, 269, 269,
    267, 266, 268, 268, 266 ]
headPositionsY: [ 74, 70, 72, 72, 71, 69, 74, 71, 70, 71, 70, 69, 70, 69,
    72, 72, 71, 73, 71, 70, 74, 69, 72, 72, 72, 72, 69, 74, 70, 71, 70,
    72, 74, 73, 75, 76, 78, 76, 76, 71, 67, 70, 65, 65, 67, 68, 73, 74,
    79, 80, 84, 84, 79, 79, 75, 72, 71, 71, 70, 71, 67, 71, 71, 72, 76,
    74, 78, 78, 79, 75, 76, 72, 72, 69, 70, 71, 71, 74, 71, 72, 73, 75,
    76, 77, 77, 79, 78, 77, 74, 74, 75, 73, 76, 77, 76, 77, 74, 76, 74,
    75 ]
