%YAML:1.0
---
videoName: "headNod45.mp4"
gestureLabel: 202
fps: 30
pixelSizeInCmTemp: 3.0316455696202532e-01
faceCenterPointX: 265
faceCenterPointY: 77
headPositionsX: [ 264, 270, 269, 269, 266, 267, 268, 266, 266, 267, 269,
    266, 266, 268, 268, 269, 270, 269, 268, 268, 268, 266, 268, 270, 266,
    268, 268, 265, 264, 264, 264, 266, 263, 266, 266, 268, 267, 266, 265,
    264, 268, 264, 266, 264, 263, 266, 263, 266, 268, 266, 264, 266, 268,
    268, 268, 264, 269, 265, 269, 266, 265, 265, 267, 263, 267, 269, 268,
    268, 268, 268, 264, 265, 268, 268, 267, 266, 267, 269, 264, 264, 267,
    267, 267, 264, 267, 268, 268, 264, 265, 263, 265, 267, 266, 266, 266,
    268, 267, 263, 267, 265 ]
headPositionsY: [ 75, 74, 74, 74, 75, 78, 76, 74, 76, 74, 78, 75, 77, 74,
    78, 75, 78, 79, 80, 83, 83, 86, 92, 93, 94, 92, 88, 85, 82, 75, 75,
    72, 69, 66, 65, 66, 68, 71, 72, 80, 81, 88, 88, 89, 94, 89, 85, 83,
    79, 79, 75, 72, 75, 73, 72, 75, 78, 83, 85, 84, 87, 83, 79, 80, 76,
    72, 72, 74, 75, 74, 76, 80, 85, 88, 86, 87, 86, 83, 84, 81, 77, 74,
    77, 76, 78, 80, 81, 82, 80, 78, 78, 80, 81, 78, 79, 77, 75, 78, 76,
    76 ]
