%YAML:1.0
---
videoName: "headNod30.mp4"
gestureLabel: 202
fps: 29
pixelSizeInCmTemp: 3.2364864864864862e-01
faceCenterPointX: 271
faceCenterPointY: 72
headPositionsX: [ 270, 273, 272, 270, 271, 269, 270, 273, 271, 270, 273,
    270, 270, 273, 270, 274, 272, 271, 273, 271, 272, 271, 272, 272, 272,
    270, 273, 274, 270, 272, 271, 271, 273, 273, 273, 270, 272, 269, 268,
    268, 268, 269, 270, 270, 271, 270, 268, 268, 269, 272, 267, 270, 268,
    269, 271, 271, 270, 271, 270, 272, 273, 269, 272, 272, 272, 274, 272,
    269, 270, 271, 270, 274, 268, 273, 270, 272, 271, 268, 272, 274, 271,
    272, 269, 272, 270, 271, 271, 273, 271, 273, 272, 271, 269, 273, 270,
    271, 271, 273, 272, 273 ]
headPositionsY: [ 71, 76, 75, 74, 74, 77, 77, 76, 77, 75, 74, 76, 77, 76,
    76, 74, 75, 77, 77, 74, 73, 72, 72, 72, 68, 66, 68, 69, 69, 71, 75,
    75, 80, 84, 84, 83, 78, 79, 73, 74, 69, 69, 71, 74, 75, 78, 77, 80,
    79, 77, 75, 77, 74, 71, 72, 69, 72, 70, 73, 75, 75, 78, 77, 76, 72,
    74, 69, 67, 72, 67, 67, 71, 70, 75, 73, 72, 74, 73, 74, 69, 72, 69,
    71, 70, 70, 73, 72, 74, 73, 71, 73, 72, 74, 72, 72, 74, 75, 71, 70,
    72 ]
