%YAML:1.0
---
videoName: "headNod46.mp4"
gestureLabel: 202
fps: 30
pixelSizeInCmTemp: 2.8511904761904761e-01
faceCenterPointX: 264
faceCenterPointY: 72
headPositionsX: [ 265, 262, 264, 264, 263, 267, 265, 267, 263, 262, 263,
    265, 265, 262, 265, 264, 264, 264, 263, 266, 265, 265, 262, 267, 264,
    264, 265, 266, 268, 268, 268, 263, 263, 263, 265, 262, 262, 262, 264,
    261, 260, 261, 264, 264, 264, 262, 264, 262, 261, 263, 264, 263, 261,
    260, 264, 262, 264, 264, 264, 265, 261, 263, 265, 263, 263, 262, 265,
    263, 265, 265, 265, 266, 267, 267, 263, 264, 265, 262, 265, 267, 265,
    263, 265, 265, 264, 263, 265, 265, 260, 262, 264, 265, 265, 263, 265,
    265, 265, 264, 265, 265 ]
headPositionsY: [ 72, 66, 70, 67, 66, 69, 70, 71, 74, 72, 74, 80, 79, 82,
    88, 89, 90, 90, 87, 82, 78, 73, 77, 71, 68, 69, 69, 71, 74, 75, 82,
    84, 87, 90, 86, 83, 80, 77, 78, 70, 67, 67, 67, 71, 75, 78, 81, 85,
    83, 85, 81, 79, 74, 70, 69, 65, 69, 66, 71, 73, 75, 76, 80, 79, 74,
    76, 72, 72, 68, 66, 69, 72, 73, 72, 74, 72, 76, 75, 72, 71, 72, 67,
    72, 70, 74, 75, 75, 74, 73, 73, 71, 72, 72, 74, 69, 72, 74, 74, 74,
    73 ]
