%YAML:1.0
---
videoName: "headNod13.mp4"
gestureLabel: 202
fps: 29
pixelSizeInCmTemp: 3.2364864864864862e-01
faceCenterPointX: 253
faceCenterPointY: 79
headPositionsX: [ 254, 250, 253, 251, 250, 253, 253, 251, 254, 253, 254,
    252, 253, 255, 255, 255, 256, 253, 254, 254, 256, 252, 256, 254, 256,
    252, 254, 252, 253, 252, 254, 255, 252, 256, 253, 253, 255, 251, 253,
    251, 254, 255, 251, 252, 253, 254, 251, 251, 253, 254, 253, 252, 256,
    255, 255, 253, 252, 254, 252, 255, 256, 254, 251, 253, 254, 252, 255,
    254, 255, 252, 252, 253, 256, 256, 255, 257, 256, 254, 254, 252, 253,
    257, 258, 256, 252, 257, 254, 253, 252, 257, 254, 252, 252, 252, 253,
    254, 255, 252, 254, 254 ]
headPositionsY: [ 77, 75, 73, 72, 75, 75, 72, 74, 71, 74, 73, 72, 71, 71,
    75, 74, 73, 76, 76, 75, 74, 76, 75, 73, 76, 72, 75, 71, 73, 75, 72,
    75, 72, 73, 73, 76, 74, 72, 73, 71, 72, 75, 76, 73, 75, 72, 74, 74,
    74, 73, 72, 70, 66, 66, 67, 69, 71, 76, 77, 78, 78, 81, 76, 75, 73,
    70, 72, 69, 68, 70, 72, 72, 76, 77, 79, 77, 80, 78, 78, 74, 75, 70,
    74, 72, 73, 76, 74, 77, 80, 78, 81, 78, 81, 79, 77, 79, 79, 79, 77,
    80 ]
