%YAML:1.0
---
videoName: "headNod24.mp4"
gestureLabel: 202
fps: 29
pixelSizeInCmTemp: 3.1513157894736843e-01
faceCenterPointX: 272
faceCenterPointY: 72
headPositionsX: [ 272, 273, 275, 277, 275, 276, 275, 274, 274, 275, 273,
    277, 273, 277, 276, 276, 275, 276, 276, 274, 274, 272, 273, 271, 272,
    273, 272, 274, 273, 274, 273, 274, 274, 275, 272, 276, 273, 275, 272,
    273, 272, 273, 273, 275, 270, 271, 274, 271, 273, 272, 271, 275, 271,
    271, 275, 273, 275, 271, 270, 274, 271, 270, 270, 270, 269, 271, 271,
    272, 270, 274, 274, 268, 270, 272, 270, 273, 268, 268, 273, 269, 272,
    268, 272, 270, 268, 269, 272, 272, 272, 271, 269, 268, 272, 273, 273,
    272, 271, 272, 272, 271 ]
headPositionsY: [ 70, 75, 75, 75, 71, 73, 73, 73, 73, 75, 71, 73, 72, 73,
    72, 76, 73, 76, 74, 71, 75, 75, 74, 73, 72, 75, 76, 74, 73, 75, 72,
    76, 72, 75, 72, 71, 73, 72, 68, 69, 71, 71, 78, 79, 79, 83, 77, 74,
    72, 66, 66, 66, 71, 71, 76, 76, 76, 73, 71, 67, 67, 68, 64, 70, 70,
    74, 73, 74, 72, 75, 72, 71, 71, 67, 69, 73, 69, 75, 73, 74, 72, 74,
    72, 73, 71, 70, 72, 68, 71, 72, 71, 73, 75, 74, 75, 74, 72, 71, 72,
    73 ]
