%YAML:1.0
---
videoName: "headNod35.mp4"
gestureLabel: 202
fps: 30
pixelSizeInCmTemp: 2.9937500000000000e-01
faceCenterPointX: 268
faceCenterPointY: 78
headPositionsX: [ 269, 268, 269, 266, 269, 268, 267, 272, 270, 271, 269,
    270, 269, 271, 272, 267, 268, 272, 271, 269, 269, 267, 271, 269, 269,
    268, 270, 268, 269, 269, 273, 269, 272, 271, 272, 270, 271, 269, 269,
    270, 268, 265, 266, 268, 266, 266, 267, 270, 270, 268, 271, 270, 269,
    270, 267, 270, 268, 266, 268, 267, 266, 270, 268, 270, 267, 268, 266,
    269, 269, 271, 271, 267, 266, 267, 268, 268, 269, 269, 268, 269, 269,
    268, 269, 270, 265, 266, 265, 268, 266, 268, 269, 265, 265, 266, 265,
    269, 268, 269, 266, 267 ]
headPositionsY: [ 77, 75, 77, 76, 73, 76, 78, 78, 77, 75, 74, 75, 78, 78,
    74, 76, 76, 78, 74, 75, 77, 77, 79, 78, 74, 75, 77, 74, 72, 68, 68,
    69, 71, 69, 70, 74, 78, 82, 87, 90, 91, 90, 89, 86, 80, 79, 73, 72,
    74, 76, 79, 78, 86, 85, 88, 88, 87, 84, 80, 79, 76, 74, 73, 74, 75,
    77, 79, 81, 84, 87, 85, 83, 83, 81, 78, 75, 74, 75, 75, 80, 81, 83,
    88, 86, 86, 83, 81, 82, 81, 78, 81, 78, 81, 80, 76, 78, 81, 75, 77,
    78 ]
