%YAML:1.0
---
videoName: "headNod25.mp4"
gestureLabel: 202
fps: 29
pixelSizeInCmTemp: 3.1933333333333330e-01
faceCenterPointX: 270
faceCenterPointY: 75
headPositionsX: [ 268, 271, 272, 273, 270, 272, 272, 271, 270, 268, 269,
    270, 268, 269, 272, 270, 269, 269, 269, 271, 271, 271, 274, 270, 273,
    272, 273, 274, 272, 272, 272, 270, 271, 272, 273, 271, 273, 274, 272,
    274, 269, 274, 271, 270, 273, 274, 272, 273, 274, 273, 269, 274, 269,
    271, 270, 270, 272, 272, 271, 269, 272, 273, 269, 272, 273, 269, 270,
    271, 269, 268, 268, 272, 270, 272, 269, 271, 270, 272, 273, 271, 272,
    271, 271, 268, 269, 269, 269, 269, 269, 272, 272, 272, 272, 272, 270,
    272, 270, 270, 271, 271 ]
headPositionsY: [ 75, 71, 75, 72, 72, 74, 74, 73, 75, 75, 75, 75, 76, 77,
    74, 74, 72, 76, 75, 74, 77, 72, 75, 73, 73, 76, 76, 75, 73, 72, 74,
    74, 76, 75, 74, 75, 75, 74, 73, 77, 75, 73, 76, 74, 73, 77, 74, 76,
    76, 72, 68, 67, 64, 63, 63, 66, 65, 66, 66, 67, 71, 74, 79, 82, 88,
    86, 88, 86, 84, 80, 79, 76, 72, 73, 67, 70, 66, 71, 70, 73, 74, 75,
    81, 81, 81, 81, 78, 79, 80, 77, 74, 78, 76, 75, 77, 77, 75, 77, 74,
    76 ]
