%YAML:1.0
---
videoName: "headNod0.mp4"
gestureLabel: 202
fps: 29
pixelSizeInCmTemp: 3.2364864864864862e-01
faceCenterPointX: 264
faceCenterPointY: 76
headPositionsX: [ 266, 266, 266, 269, 266, 268, 267, 269, 265, 266, 268,
    269, 265, 265, 265, 265, 266, 264, 264, 267, 263, 267, 263, 267, 265,
    265, 263, 267, 265, 266, 267, 267, 264, 265, 265, 269, 266, 265, 264,
    264, 267, 266, 266, 266, 265, 266, 263, 265, 265, 265, 263, 262, 264,
    266, 263, 263, 264, 263, 265, 266, 264, 266, 265, 265, 265, 266, 265,
    266, 267, 264, 266, 267, 266, 267, 263, 265, 262, 262, 264, 264, 263,
    264, 265, 266, 264, 264, 263, 263, 266, 262, 263, 263, 266, 264, 262,
    262, 262, 262, 267, 264 ]
headPositionsY: [ 76, 73, 72, 71, 72, 74, 75, 71, 74, 73, 72, 72, 71, 73,
    75, 73, 74, 73, 71, 72, 75, 71, 75, 73, 72, 75, 74, 75, 73, 71, 68,
    66, 66, 66, 63, 63, 65, 64, 63, 64, 69, 71, 75, 77, 78, 81, 82, 82,
    83, 78, 78, 73, 72, 73, 71, 66, 70, 64, 67, 69, 72, 71, 72, 76, 78,
    76, 79, 79, 80, 80, 78, 76, 74, 72, 69, 66, 66, 67, 67, 68, 69, 70,
    74, 75, 77, 76, 80, 80, 81, 79, 76, 79, 77, 77, 77, 74, 74, 74, 76,
    75 ]
