%YAML:1.0
---
videoName: "headNod19.mp4"
gestureLabel: 202
fps: 29
pixelSizeInCmTemp: 3.1933333333333330e-01
faceCenterPointX: 255
faceCenterPointY: 81
headPositionsX: [ 256, 257, 256, 259, 255, 255, 256, 257, 257, 255, 256,
    254, 255, 252, 253, 256, 255, 253, 252, 253, 252, 252, 252, 249, 251,
    251, 248, 250, 248, 253, 252, 249, 250, 251, 251, 254, 253, 254, 252,
    253, 254, 256, 254, 253, 253, 254, 254, 258, 254, 253, 255, 256, 253,
    257, 254, 255, 258, 256, 256, 253, 256, 255, 255, 254, 255, 254, 253,
    256, 254, 254, 254, 255, 256, 253, 257, 253, 255, 255, 257, 256, 254,
    256, 256, 255, 256, 255, 254, 257, 253, 257, 257, 254, 255, 257, 257,
    255, 258, 256, 258, 255 ]
headPositionsY: [ 79, 85, 83, 84, 83, 79, 75, 78, 76, 79, 74, 77, 79, 76,
    77, 76, 79, 77, 80, 77, 79, 78, 77, 76, 78, 79, 77, 80, 77, 82, 81,
    77, 76, 77, 80, 80, 80, 78, 76, 81, 79, 78, 81, 76, 78, 79, 78, 81,
    80, 79, 81, 81, 76, 77, 80, 78, 76, 79, 79, 80, 81, 79, 78, 78, 79,
    82, 77, 77, 73, 76, 74, 76, 76, 74, 80, 81, 85, 82, 79, 81, 77, 78,
    78, 78, 81, 82, 86, 86, 83, 84, 83, 83, 82, 80, 80, 81, 84, 83, 83,
    83 ]
