%YAML:1.0
---
videoName: "headNod4.mp4"
gestureLabel: 202
fps: 29
pixelSizeInCmTemp: 3.2808219178082193e-01
faceCenterPointX: 264
faceCenterPointY: 72
headPositionsX: [ 263, 270, 271, 272, 271, 272, 271, 270, 272, 270, 267,
    270, 268, 268, 269, 270, 268, 267, 268, 268, 269, 269, 267, 268, 267,
    268, 269, 270, 267, 270, 268, 268, 269, 265, 267, 267, 266, 268, 269,
    266, 269, 269, 266, 270, 268, 265, 268, 267, 270, 267, 267, 266, 266,
    265, 267, 266, 266, 268, 268, 268, 263, 267, 263, 267, 267, 264, 263,
    263, 266, 266, 264, 263, 263, 262, 262, 264, 266, 266, 267, 264, 264,
    266, 263, 265, 266, 267, 263, 265, 266, 264, 264, 263, 267, 265, 263,
    267, 264, 264, 262, 267 ]
headPositionsY: [ 74, 76, 74, 73, 72, 75, 75, 73, 77, 75, 72, 75, 75, 73,
    76, 75, 73, 76, 75, 76, 74, 74, 76, 75, 73, 76, 76, 75, 74, 73, 73,
    75, 74, 74, 76, 75, 77, 74, 77, 72, 77, 73, 73, 74, 73, 70, 66, 64,
    64, 67, 66, 67, 73, 74, 77, 80, 80, 84, 82, 76, 72, 71, 71, 67, 71,
    72, 74, 78, 78, 82, 81, 79, 83, 80, 76, 72, 71, 69, 67, 70, 71, 71,
    72, 75, 78, 82, 81, 82, 81, 83, 80, 82, 81, 77, 74, 76, 77, 73, 73,
    75 ]
