%YAML:1.0
---
videoName: "headNod41.mp4"
gestureLabel: 202
fps: 29
pixelSizeInCmTemp: 2.9937500000000000e-01
faceCenterPointX: 267
faceCenterPointY: 76
headPositionsX: [ 267, 267, 268, 269, 270, 272, 269, 269, 271, 271, 272,
    271, 272, 270, 270, 272, 269, 269, 272, 272, 272, 273, 270, 273, 271,
    270, 270, 270, 270, 270, 268, 268, 272, 271, 267, 268, 272, 272, 269,
    268, 269, 269, 268, 269, 270, 268, 270, 269, 267, 268, 265, 270, 268,
    271, 269, 269, 268, 271, 269, 269, 270, 268, 267, 271, 269, 270, 266,
    268, 270, 268, 269, 268, 266, 269, 267, 269, 265, 266, 265, 266, 270,
    266, 269, 266, 269, 269, 269, 269, 266, 270, 269, 265, 267, 267, 267,
    268, 269, 267, 266, 270 ]
headPositionsY: [ 75, 71, 73, 75, 71, 74, 73, 75, 71, 72, 71, 74, 72, 72,
    75, 72, 71, 73, 74, 73, 74, 74, 74, 76, 75, 73, 76, 74, 72, 76, 71,
    75, 74, 73, 74, 75, 74, 73, 76, 79, 82, 84, 87, 86, 94, 92, 89, 89,
    84, 80, 77, 71, 70, 65, 66, 64, 65, 71, 71, 76, 83, 88, 91, 94, 90,
    89, 86, 81, 78, 73, 76, 70, 72, 70, 69, 76, 82, 81, 84, 86, 83, 80,
    76, 73, 76, 76, 72, 75, 76, 72, 76, 80, 81, 82, 79, 79, 77, 76, 78,
    76 ]
