%YAML:1.0
---
videoName: "headNod12.mp4"
gestureLabel: 202
fps: 29
pixelSizeInCmTemp: 3.2808219178082193e-01
faceCenterPointX: 254
faceCenterPointY: 69
headPositionsX: [ 255, 251, 255, 253, 254, 254, 254, 255, 256, 257, 256,
    257, 254, 256, 256, 257, 257, 258, 255, 255, 257, 255, 259, 257, 255,
    256, 255, 258, 258, 255, 259, 255, 256, 253, 255, 252, 254, 257, 255,
    256, 253, 255, 257, 252, 256, 258, 257, 256, 252, 254, 253, 257, 252,
    252, 254, 255, 256, 255, 255, 254, 255, 253, 254, 256, 252, 253, 257,
    254, 253, 253, 252, 256, 254, 255, 256, 253, 253, 255, 255, 254, 255,
    254, 253, 255, 257, 252, 253, 258, 253, 254, 253, 257, 253, 254, 256,
    253, 253, 254, 252, 254 ]
headPositionsY: [ 67, 74, 72, 73, 73, 72, 74, 73, 72, 75, 72, 73, 72, 71,
    71, 75, 70, 72, 75, 71, 73, 71, 76, 75, 75, 76, 73, 75, 75, 73, 73,
    76, 75, 72, 75, 70, 68, 67, 64, 62, 61, 64, 63, 63, 66, 66, 67, 72,
    74, 77, 78, 78, 80, 77, 78, 72, 71, 67, 67, 63, 66, 62, 63, 67, 63,
    67, 70, 72, 74, 75, 75, 74, 75, 72, 75, 71, 69, 66, 66, 64, 65, 68,
    68, 67, 70, 70, 69, 73, 75, 73, 76, 75, 71, 72, 73, 73, 73, 71, 69,
    69 ]
