%YAML:1.0
---
videoName: "headNod4.mp4"
gestureLabel: 202
fps: 29
pixelSizeInCmTemp: 3.2808219178082193e-01
faceCenterPointX: 264
faceCenterPointY: 72
headPositionsX: [ 264, 269, 270, 269, 272, 272, 269, 271, 270, 270, 270,
    270, 272, 268, 271, 268, 268, 271, 269, 267, 266, 267, 269, 267, 266,
    266, 269, 270, 267, 269, 267, 268, 268, 269, 265, 269, 265, 268, 266,
    268, 270, 268, 264, 269, 267, 267, 269, 267, 267, 270, 265, 270, 267,
    266, 267, 267, 268, 266, 264, 265, 264, 267, 264, 265, 264, 267, 263,
    266, 265, 263, 267, 267, 264, 266, 265, 264, 266, 264, 266, 263, 267,
    262, 266, 266, 267, 267, 265, 267, 265, 266, 263, 264, 264, 266, 262,
    263, 262, 266, 266, 265 ]
headPositionsY: [ 71, 73, 76, 75, 72, 73, 76, 76, 74, 73, 73, 73, 76, 73,
    73, 74, 74, 77, 76, 73, 76, 72, 72, 76, 74, 75, 75, 77, 73, 75, 74,
    73, 74, 75, 77, 74, 73, 75, 74, 74, 75, 75, 74, 74, 73, 68, 68, 68,
    67, 63, 65, 70, 72, 77, 78, 79, 82, 80, 79, 75, 72, 71, 67, 71, 67,
    73, 75, 78, 80, 81, 85, 83, 80, 77, 75, 71, 72, 67, 68, 67, 69, 69,
    76, 77, 80, 81, 82, 82, 84, 83, 83, 78, 78, 79, 76, 78, 75, 74, 74,
    76 ]
