%YAML:1.0
---
videoName: "headNod13.mp4"
gestureLabel: 202
fps: 29
pixelSizeInCmTemp: 3.2364864864864862e-01
faceCenterPointX: 253
faceCenterPointY: 79
headPositionsX: [ 254, 252, 253, 252, 250, 251, 254, 252, 254, 253, 252,
    255, 252, 256, 256, 255, 257, 256, 256, 255, 253, 252, 252, 255, 255,
    252, 252, 253, 252, 253, 256, 256, 252, 253, 256, 253, 255, 251, 251,
    254, 255, 251, 254, 251, 251, 252, 251, 251, 252, 254, 251, 252, 252,
    253, 256, 253, 253, 255, 256, 255, 252, 256, 253, 253, 254, 254, 254,
    252, 256, 254, 253, 252, 254, 253, 257, 257, 254, 253, 254, 252, 254,
    256, 257, 252, 252, 254, 257, 254, 255, 256, 255, 255, 252, 256, 252,
    252, 251, 254, 254, 251 ]
headPositionsY: [ 79, 74, 72, 75, 71, 74, 76, 74, 75, 73, 75, 74, 73, 73,
    75, 72, 76, 74, 76, 74, 75, 74, 73, 74, 75, 74, 73, 74, 75, 74, 71,
    72, 76, 73, 74, 75, 74, 75, 76, 75, 75, 74, 74, 74, 76, 72, 76, 73,
    71, 74, 72, 71, 67, 69, 66, 70, 73, 72, 76, 78, 80, 79, 76, 74, 72,
    70, 70, 67, 71, 71, 73, 71, 73, 77, 76, 79, 78, 79, 78, 75, 71, 70,
    72, 73, 72, 74, 77, 79, 80, 82, 81, 77, 80, 79, 79, 78, 81, 76, 78,
    76 ]
