%YAML:1.0
---
videoName: "headNod12.mp4"
gestureLabel: 202
fps: 29
pixelSizeInCmTemp: 3.2808219178082193e-01
faceCenterPointX: 254
faceCenterPointY: 69
headPositionsX: [ 256, 253, 251, 252, 253, 251, 256, 254, 254, 256, 253,
    259, 255, 254, 256, 255, 253, 256, 258, 256, 255, 257, 255, 255, 254,
    255, 258, 257, 255, 255, 255, 255, 255, 254, 256, 254, 252, 254, 253,
    255, 256, 257, 253, 252, 252, 258, 253, 254, 256, 256, 256, 255, 254,
    254, 256, 253, 254, 255, 256, 256, 253, 255, 253, 253, 252, 252, 253,
    254, 254, 254, 253, 253, 254, 252, 256, 254, 254, 254, 256, 253, 255,
    257, 255, 257, 255, 255, 252, 257, 253, 254, 256, 255, 257, 253, 256,
    253, 254, 252, 252, 255 ]
headPositionsY: [ 68, 72, 70, 75, 70, 70, 75, 72, 75, 73, 75, 74, 74, 71,
    73, 72, 73, 73, 71, 75, 75, 73, 72, 74, 74, 72, 75, 73, 74, 72, 74,
    76, 74, 70, 75, 72, 68, 67, 67, 66, 61, 63, 64, 64, 66, 67, 70, 70,
    73, 74, 75, 79, 76, 79, 75, 71, 71, 67, 67, 63, 66, 63, 62, 64, 65,
    68, 67, 69, 72, 72, 74, 73, 74, 72, 74, 68, 70, 69, 69, 66, 66, 67,
    64, 65, 66, 69, 68, 70, 71, 71, 74, 72, 73, 70, 72, 71, 71, 72, 70,
    70 ]
