%YAML:1.0
---
videoName: "headNod14.mp4"
gestureLabel: 202
fps: 29
pixelSizeInCmTemp: 3.2808219178082193e-01
faceCenterPointX: 257
faceCenterPointY: 71
headPositionsX: [ 259, 256, 259, 257, 260, 258, 257, 258, 258, 260, 261,
    257, 259, 257, 259, 258, 258, 259, 259, 260, 259, 256, 260, 259, 258,
    261, 257, 257, 257, 258, 257, 258, 260, 257, 259, 261, 259, 260, 256,
    258, 259, 260, 262, 259, 262, 259, 261, 262, 260, 258, 259, 256, 261,
    258, 256, 260, 258, 259, 258, 257, 257, 260, 258, 258, 257, 257, 261,
    258, 260, 257, 259, 261, 259, 257, 259, 260, 257, 255, 258, 258, 256,
    260, 256, 255, 256, 259, 260, 255, 258, 254, 259, 259, 257, 257, 259,
    259, 257, 256, 255, 259 ]
headPositionsY: [ 73, 76, 77, 78, 79, 76, 79, 78, 78, 78, 78, 80, 77, 79,
    75, 78, 75, 79, 79, 79, 79, 77, 78, 76, 75, 76, 80, 75, 77, 80, 76,
    77, 76, 77, 78, 79, 77, 78, 79, 74, 74, 73, 69, 71, 68, 69, 72, 71,
    71, 72, 74, 77, 81, 79, 80, 80, 81, 80, 76, 74, 71, 72, 69, 72, 70,
    72, 76, 77, 77, 78, 81, 82, 79, 75, 74, 70, 71, 66, 68, 72, 72, 73,
    74, 76, 82, 78, 82, 78, 75, 77, 74, 73, 71, 70, 70, 69, 71, 73, 72,
    69 ]
