%YAML:1.0
---
videoName: "headNod1.mp4"
gestureLabel: 202
fps: 29
pixelSizeInCmTemp: 3.2808219178082193e-01
faceCenterPointX: 263
faceCenterPointY: 78
headPositionsX: [ 263, 263, 262, 264, 261, 264, 264, 266, 263, 262, 263,
    264, 265, 261, 265, 265, 263, 266, 265, 265, 265, 266, 267, 266, 264,
    263, 263, 265, 262, 266, 266, 262, 262, 263, 264, 265, 266, 262, 264,
    263, 267, 264, 265, 263, 268, 266, 263, 267, 263, 265, 266, 263, 264,
    261, 260, 262, 262, 262, 265, 264, 262, 263, 263, 266, 264, 262, 263,
    264, 265, 261, 260, 264, 261, 263, 261, 260, 260, 262, 264, 260, 259,
    262, 262, 261, 264, 261, 265, 261, 264, 263, 260, 263, 260, 263, 262,
    263, 261, 261, 265, 263 ]
headPositionsY: [ 77, 72, 75, 74, 74, 74, 77, 77, 73, 76, 73, 77, 74, 73,
    74, 74, 73, 72, 76, 73, 73, 75, 76, 75, 77, 74, 75, 76, 74, 73, 76,
    73, 74, 73, 72, 73, 69, 67, 66, 63, 65, 62, 64, 66, 63, 64, 70, 72,
    71, 73, 75, 78, 84, 80, 82, 80, 81, 77, 74, 72, 69, 67, 67, 63, 67,
    65, 70, 74, 73, 78, 80, 77, 77, 77, 74, 70, 67, 65, 64, 64, 65, 69,
    68, 70, 76, 75, 80, 80, 79, 84, 80, 82, 78, 82, 82, 77, 80, 78, 77,
    80 ]
