%YAML:1.0
---
videoName: "headNod42.mp4"
gestureLabel: 202
fps: 30
pixelSizeInCmTemp: 3.0316455696202532e-01
faceCenterPointX: 265
faceCenterPointY: 77
headPositionsX: [ 263, 266, 269, 270, 269, 270, 267, 267, 267, 271, 269,
    267, 270, 269, 267, 270, 271, 268, 268, 269, 269, 267, 269, 267, 268,
    267, 265, 265, 263, 267, 267, 266, 265, 266, 268, 267, 268, 264, 267,
    267, 264, 264, 263, 262, 265, 264, 266, 266, 264, 267, 264, 263, 263,
    266, 264, 267, 264, 264, 264, 267, 266, 266, 264, 266, 265, 265, 267,
    263, 263, 263, 265, 263, 264, 267, 266, 265, 268, 268, 268, 268, 268,
    264, 266, 268, 266, 264, 266, 265, 267, 263, 264, 264, 266, 264, 264,
    266, 265, 266, 264, 265 ]
headPositionsY: [ 77, 73, 75, 75, 77, 78, 76, 76, 79, 79, 77, 77, 76, 75,
    75, 67, 68, 63, 63, 67, 65, 67, 71, 75, 80, 85, 90, 89, 90, 88, 88,
    85, 80, 76, 77, 68, 68, 67, 68, 70, 77, 76, 79, 82, 86, 85, 78, 76,
    73, 72, 70, 72, 70, 73, 72, 79, 82, 86, 82, 84, 85, 84, 81, 75, 76,
    76, 75, 77, 73, 74, 77, 81, 80, 81, 80, 80, 77, 74, 76, 75, 73, 72,
    76, 78, 81, 79, 79, 84, 80, 81, 82, 77, 80, 76, 78, 77, 76, 79, 75,
    77 ]
