%YAML:1.0
---
videoName: "headNod22.mp4"
gestureLabel: 202
fps: 29
pixelSizeInCmTemp: 3.1513157894736843e-01
faceCenterPointX: 252
faceCenterPointY: 80
headPositionsX: [ 251, 251, 253, 253, 253, 251, 253, 255, 252, 253, 254,
    253, 255, 254, 255, 253, 256, 255, 253, 252, 251, 251, 252, 253, 254,
    253, 251, 254, 254, 252, 253, 254, 254, 256, 253, 253, 251, 253, 255,
    252, 256, 252, 255, 254, 253, 251, 255, 255, 254, 252, 253, 255, 252,
    249, 252, 250, 249, 249, 250, 254, 251, 252, 252, 253, 253, 254, 251,
    251, 250, 250, 252, 250, 254, 254, 251, 254, 253, 252, 253, 252, 252,
    254, 251, 253, 252, 251, 251, 250, 254, 251, 250, 253, 253, 251, 253,
    252, 250, 252, 250, 250 ]
headPositionsY: [ 79, 78, 80, 77, 77, 75, 80, 79, 76, 76, 80, 77, 78, 80,
    77, 79, 79, 78, 80, 78, 79, 78, 79, 78, 80, 82, 83, 85, 80, 79, 78,
    73, 74, 70, 73, 74, 74, 76, 78, 84, 87, 82, 78, 77, 74, 71, 70, 71,
    73, 75, 74, 79, 83, 86, 86, 82, 79, 78, 76, 72, 71, 72, 71, 74, 77,
    76, 78, 78, 81, 79, 78, 76, 76, 77, 79, 79, 80, 81, 80, 78, 76, 75,
    77, 78, 79, 80, 82, 80, 80, 77, 78, 80, 77, 78, 82, 81, 80, 81, 78,
    80 ]
