%YAML:1.0
---
videoName: "headNod33.mp4"
gestureLabel: 202
fps: 29
pixelSizeInCmTemp: 2.9567901234567900e-01
faceCenterPointX: 268
faceCenterPointY: 74
headPositionsX: [ 267, 266, 270, 268, 267, 268, 268, 268, 268, 272, 272,
    272, 268, 269, 268, 272, 270, 270, 271, 268, 271, 273, 272, 271, 268,
    268, 269, 268, 269, 267, 271, 267, 268, 270, 271, 268, 268, 270, 268,
    269, 269, 269, 271, 269, 270, 271, 268, 272, 271, 268, 269, 270, 270,
    268, 269, 269, 265, 268, 268, 269, 268, 266, 265, 270, 269, 265, 269,
    270, 269, 268, 268, 267, 265, 269, 270, 269, 271, 267, 270, 266, 270,
    270, 269, 265, 269, 269, 266, 265, 266, 266, 269, 267, 265, 266, 266,
    270, 267, 267, 267, 268 ]
headPositionsY: [ 73, 72, 71, 69, 71, 73, 72, 73, 70, 69, 74, 69, 70, 69,
    72, 70, 71, 70, 72, 69, 75, 70, 69, 72, 73, 74, 70, 72, 72, 74, 74,
    74, 73, 74, 74, 77, 76, 75, 73, 73, 68, 68, 65, 67, 68, 64, 71, 75,
    78, 81, 85, 83, 79, 75, 75, 72, 72, 68, 69, 69, 71, 70, 70, 71, 72,
    78, 75, 77, 78, 77, 72, 75, 75, 72, 71, 70, 69, 72, 73, 72, 76, 76,
    79, 76, 78, 79, 79, 76, 76, 76, 77, 76, 76, 74, 76, 76, 77, 77, 76,
    74 ]
