%YAML:1.0
---
videoName: "headNod10.mp4"
gestureLabel: 202
fps: 29
pixelSizeInCmTemp: 3.2808219178082193e-01
faceCenterPointX: 260
faceCenterPointY: 67
headPositionsX: [ 258, 260, 259, 260, 259, 259, 258, 260, 259, 258, 260,
    257, 259, 260, 258, 256, 256, 258, 258, 260, 258, 259, 260, 257, 260,
    260, 261, 260, 257, 259, 257, 260, 261, 258, 257, 259, 260, 259, 261,
    258, 258, 258, 259, 259, 259, 262, 258, 261, 260, 260, 262, 260, 262,
    262, 259, 260, 260, 260, 257, 262, 262, 259, 259, 260, 259, 259, 262,
    259, 259, 258, 258, 256, 258, 260, 261, 260, 259, 257, 259, 260, 260,
    260, 259, 260, 258, 260, 258, 258, 259, 261, 258, 261, 259, 258, 262,
    259, 260, 260, 262, 261 ]
headPositionsY: [ 69, 71, 69, 72, 68, 70, 68, 70, 69, 72, 69, 70, 68, 68,
    68, 67, 69, 69, 71, 71, 72, 72, 69, 70, 72, 72, 72, 71, 70, 68, 68,
    72, 73, 72, 68, 73, 73, 72, 73, 70, 70, 75, 72, 72, 66, 69, 65, 63,
    62, 62, 66, 68, 66, 74, 72, 73, 70, 71, 68, 65, 63, 65, 62, 63, 67,
    69, 73, 76, 74, 76, 75, 75, 70, 66, 65, 66, 67, 66, 68, 74, 75, 76,
    76, 73, 72, 71, 67, 68, 68, 66, 65, 66, 66, 65, 66, 64, 67, 69, 65,
    69 ]
