%YAML:1.0
---
videoName: "headNod27.mp4"
gestureLabel: 202
fps: 29
pixelSizeInCmTemp: 3.0705128205128202e-01
faceCenterPointX: 271
faceCenterPointY: 77
headPositionsX: [ 272, 270, 273, 272, 271, 274, 272, 272, 272, 271, 270,
    273, 273, 269, 271, 271, 269, 271, 270, 273, 273, 273, 271, 273, 272,
    274, 275, 270, 271, 274, 269, 273, 273, 272, 271, 269, 270, 270, 271,
    270, 267, 268, 270, 271, 269, 272, 269, 268, 267, 271, 271, 268, 270,
    271, 267, 270, 269, 272, 272, 271, 269, 269, 271, 268, 266, 267, 268,
    269, 271, 269, 270, 271, 266, 268, 266, 271, 269, 270, 268, 269, 268,
    267, 268, 268, 269, 272, 271, 269, 272, 268, 271, 273, 272, 271, 270,
    268, 272, 268, 268, 268 ]
headPositionsY: [ 75, 71, 73, 74, 75, 75, 72, 76, 76, 75, 75, 76, 73, 72,
    74, 73, 73, 74, 74, 74, 71, 73, 68, 65, 65, 65, 65, 63, 63, 67, 70,
    79, 79, 84, 83, 82, 80, 76, 76, 70, 69, 68, 68, 68, 69, 70, 74, 77,
    80, 82, 80, 78, 76, 70, 69, 71, 71, 72, 72, 75, 78, 79, 82, 84, 83,
    77, 76, 73, 71, 73, 73, 71, 76, 75, 75, 78, 77, 77, 78, 74, 74, 72,
    73, 68, 73, 75, 77, 77, 78, 80, 78, 77, 79, 75, 75, 77, 75, 77, 79,
    76 ]
