%YAML:1.0
---
videoName: "headNod16.mp4"
gestureLabel: 202
fps: 29
pixelSizeInCmTemp: 3.3263888888888887e-01
faceCenterPointX: 255
faceCenterPointY: 77
headPositionsX: [ 256, 257, 260, 261, 257, 257, 260, 258, 256, 258, 260,
    258, 257, 260, 258, 260, 258, 259, 260, 257, 261, 260, 258, 258, 259,
    260, 261, 259, 257, 261, 258, 256, 258, 257, 259, 259, 258, 258, 260,
    259, 257, 260, 261, 261, 260, 257, 259, 256, 256, 256, 258, 256, 259,
    256, 259, 257, 258, 258, 257, 256, 257, 256, 258, 256, 256, 254, 257,
    254, 257, 257, 258, 257, 256, 254, 254, 254, 254, 256, 257, 255, 254,
    255, 253, 255, 255, 256, 257, 256, 254, 256, 255, 258, 253, 254, 256,
    257, 258, 254, 254, 253 ]
headPositionsY: [ 75, 73, 76, 77, 73, 75, 75, 72, 73, 76, 75, 75, 75, 74,
    77, 74, 73, 76, 77, 75, 73, 76, 74, 76, 76, 75, 75, 77, 76, 74, 77,
    72, 73, 75, 73, 73, 70, 72, 68, 66, 67, 68, 70, 76, 78, 78, 79, 84,
    80, 81, 78, 72, 68, 69, 70, 68, 74, 76, 76, 82, 83, 84, 80, 78, 79,
    75, 75, 70, 70, 70, 71, 73, 74, 79, 80, 81, 79, 79, 74, 72, 72, 69,
    67, 69, 74, 75, 74, 79, 78, 76, 75, 79, 77, 77, 74, 76, 78, 76, 74,
    78 ]
