%YAML:1.0
---
videoName: "headNod27.mp4"
gestureLabel: 202
fps: 29
pixelSizeInCmTemp: 3.0705128205128202e-01
faceCenterPointX: 271
faceCenterPointY: 77
headPositionsX: [ 271, 270, 273, 271, 272, 273, 271, 274, 274, 274, 272,
    274, 273, 271, 271, 273, 273, 269, 270, 274, 271, 272, 271, 270, 272,
    273, 273, 271, 272, 272, 269, 269, 270, 270, 268, 271, 268, 269, 271,
    270, 268, 268, 270, 270, 272, 269, 272, 271, 270, 271, 267, 271, 267,
    269, 270, 271, 271, 270, 272, 272, 272, 269, 268, 269, 267, 267, 267,
    265, 271, 269, 266, 268, 268, 269, 267, 267, 270, 267, 271, 269, 269,
    266, 270, 270, 269, 269, 268, 270, 271, 271, 272, 271, 270, 271, 270,
    269, 270, 271, 271, 271 ]
headPositionsY: [ 76, 72, 72, 74, 73, 72, 74, 73, 76, 75, 72, 75, 76, 73,
    73, 73, 75, 73, 75, 73, 73, 73, 69, 68, 63, 64, 65, 64, 66, 65, 69,
    75, 81, 85, 86, 85, 80, 78, 72, 69, 70, 67, 70, 70, 69, 70, 74, 75,
    78, 78, 81, 75, 72, 73, 68, 72, 71, 70, 74, 75, 77, 80, 82, 83, 81,
    80, 73, 73, 75, 73, 73, 70, 74, 79, 75, 79, 81, 79, 74, 72, 70, 71,
    71, 71, 72, 72, 75, 75, 78, 80, 81, 81, 79, 79, 78, 76, 74, 76, 79,
    78 ]
