%YAML:1.0
---
videoName: "headNod6.mp4"
gestureLabel: 202
fps: 29
pixelSizeInCmTemp: 3.1513157894736843e-01
faceCenterPointX: 262
faceCenterPointY: 73
headPositionsX: [ 262, 260, 261, 263, 263, 262, 263, 263, 265, 263, 262,
    264, 260, 264, 261, 264, 263, 259, 261, 261, 264, 261, 263, 261, 262,
    262, 263, 262, 264, 260, 260, 263, 260, 264, 260, 262, 261, 264, 264,
    262, 262, 261, 260, 260, 260, 259, 261, 260, 261, 259, 262, 261, 262,
    260, 261, 262, 260, 259, 263, 261, 259, 258, 262, 263, 260, 258, 259,
    259, 262, 262, 262, 260, 260, 263, 263, 260, 260, 259, 260, 261, 262,
    262, 263, 264, 263, 259, 259, 262, 261, 262, 264, 259, 261, 261, 260,
    261, 262, 260, 259, 261 ]
headPositionsY: [ 73, 75, 72, 72, 72, 74, 75, 75, 73, 73, 74, 72, 71, 75,
    76, 74, 73, 74, 73, 72, 72, 76, 73, 72, 76, 75, 74, 75, 72, 74, 73,
    76, 69, 71, 68, 65, 63, 67, 64, 68, 73, 78, 82, 81, 84, 80, 78, 73,
    70, 68, 68, 67, 70, 77, 78, 81, 84, 79, 80, 72, 71, 69, 66, 68, 72,
    73, 79, 83, 84, 81, 80, 76, 73, 69, 68, 67, 67, 67, 72, 74, 77, 85,
    84, 84, 81, 78, 74, 74, 70, 68, 70, 67, 69, 70, 74, 71, 74, 72, 73,
    73 ]
