%YAML:1.0
---
videoName: "headNod41.mp4"
gestureLabel: 202
fps: 29
pixelSizeInCmTemp: 2.9937500000000000e-01
faceCenterPointX: 267
faceCenterPointY: 76
headPositionsX: [ 265, 271, 271, 272, 269, 269, 271, 268, 272, 268, 272,
    269, 271, 272, 268, 271, 271, 271, 271, 271, 271, 271, 272, 270, 269,
    270, 271, 270, 271, 272, 271, 268, 271, 271, 269, 269, 269, 271, 272,
    267, 272, 268, 267, 270, 270, 267, 268, 266, 271, 269, 269, 268, 268,
    268, 269, 270, 270, 270, 269, 270, 268, 266, 267, 268, 266, 267, 269,
    270, 269, 267, 267, 268, 267, 267, 266, 266, 265, 265, 267, 265, 266,
    267, 268, 266, 267, 265, 269, 267, 267, 266, 269, 265, 266, 266, 268,
    268, 270, 265, 269, 269 ]
headPositionsY: [ 75, 71, 74, 74, 74, 74, 73, 75, 73, 72, 75, 71, 74, 75,
    74, 76, 74, 76, 75, 73, 73, 76, 72, 73, 76, 74, 72, 73, 73, 75, 73,
    76, 76, 75, 75, 75, 72, 76, 74, 77, 80, 82, 86, 86, 91, 94, 92, 88,
    85, 77, 77, 71, 68, 64, 66, 68, 67, 67, 73, 78, 82, 86, 91, 93, 90,
    90, 88, 80, 80, 76, 73, 73, 70, 69, 72, 76, 79, 84, 85, 84, 80, 77,
    74, 76, 75, 73, 74, 72, 75, 72, 79, 78, 77, 78, 78, 77, 76, 78, 75,
    78 ]
