%YAML:1.0
---
videoName: "headNod23.mp4"
gestureLabel: 202
fps: 29
pixelSizeInCmTemp: 3.1933333333333330e-01
faceCenterPointX: 273
faceCenterPointY: 75
headPositionsX: [ 271, 273, 275, 274, 272, 274, 272, 272, 275, 273, 275,
    276, 273, 274, 276, 276, 273, 274, 276, 275, 272, 273, 272, 272, 274,
    273, 273, 274, 276, 276, 273, 275, 276, 274, 276, 274, 275, 276, 273,
    272, 271, 272, 273, 270, 271, 272, 271, 273, 271, 273, 273, 275, 273,
    276, 275, 274, 273, 274, 272, 272, 274, 276, 271, 276, 272, 272, 273,
    273, 273, 273, 276, 275, 272, 276, 272, 273, 271, 272, 273, 273, 271,
    275, 273, 275, 276, 276, 272, 277, 273, 274, 273, 273, 274, 272, 271,
    275, 275, 272, 274, 272 ]
headPositionsY: [ 76, 75, 77, 79, 76, 74, 78, 76, 78, 77, 76, 76, 76, 78,
    75, 75, 75, 76, 74, 79, 79, 76, 76, 76, 73, 74, 71, 66, 64, 68, 62,
    65, 66, 68, 69, 69, 75, 75, 81, 79, 84, 80, 81, 78, 76, 77, 73, 71,
    67, 67, 68, 68, 67, 70, 71, 75, 78, 78, 77, 78, 78, 75, 76, 73, 69,
    68, 67, 71, 67, 73, 72, 72, 75, 78, 79, 79, 80, 77, 79, 78, 77, 77,
    75, 75, 74, 74, 71, 75, 74, 73, 74, 75, 75, 76, 76, 75, 78, 77, 75,
    77 ]
