%YAML:1.0
---
videoName: "headNod16.mp4"
gestureLabel: 202
fps: 29
pixelSizeInCmTemp: 3.3263888888888887e-01
faceCenterPointX: 255
faceCenterPointY: 77
headPositionsX: [ 257, 260, 260, 259, 259, 258, 259, 261, 260, 259, 261,
    261, 260, 257, 259, 258, 260, 256, 257, 257, 258, 260, 259, 260, 257,
    260, 259, 260, 261, 261, 261, 258, 260, 258, 259, 257, 260, 257, 258,
    261, 261, 261, 259, 258, 262, 258, 260, 257, 256, 258, 258, 257, 259,
    255, 256, 259, 256, 259, 260, 255, 256, 256, 256, 255, 256, 254, 257,
    253, 256, 257, 256, 256, 253, 257, 255, 253, 255, 254, 256, 253, 253,
    253, 253, 256, 256, 257, 253, 254, 257, 256, 255, 255, 253, 258, 256,
    253, 257, 256, 255, 253 ]
headPositionsY: [ 78, 76, 74, 73, 74, 72, 73, 75, 74, 73, 77, 74, 75, 72,
    73, 75, 77, 72, 75, 74, 76, 76, 77, 74, 74, 73, 73, 75, 75, 75, 74,
    76, 75, 75, 73, 75, 69, 72, 67, 66, 68, 67, 73, 72, 78, 76, 81, 83,
    82, 77, 76, 72, 68, 67, 72, 68, 74, 77, 77, 79, 80, 81, 81, 81, 80,
    77, 71, 72, 70, 70, 70, 76, 76, 77, 82, 81, 78, 78, 73, 71, 71, 67,
    70, 72, 71, 72, 75, 77, 76, 75, 77, 78, 77, 76, 75, 76, 76, 77, 75,
    77 ]
