%YAML:1.0
---
videoName: "headNod18.mp4"
gestureLabel: 202
fps: 29
pixelSizeInCmTemp: 3.3263888888888887e-01
faceCenterPointX: 255
faceCenterPointY: 77
headPositionsX: [ 253, 257, 257, 256, 257, 254, 255, 254, 255, 255, 257,
    258, 255, 257, 257, 254, 254, 255, 255, 256, 256, 257, 254, 257, 255,
    256, 255, 255, 256, 253, 258, 254, 254, 255, 254, 257, 253, 258, 253,
    255, 254, 256, 255, 254, 256, 255, 255, 257, 257, 255, 252, 254, 252,
    255, 254, 252, 255, 255, 256, 252, 252, 252, 254, 251, 254, 253, 254,
    254, 252, 256, 252, 254, 253, 253, 255, 255, 253, 255, 252, 253, 252,
    255, 254, 253, 252, 252, 253, 257, 256, 253, 256, 253, 252, 254, 256,
    253, 255, 255, 256, 253 ]
headPositionsY: [ 79, 78, 79, 79, 77, 77, 77, 76, 79, 78, 78, 79, 76, 77,
    79, 78, 77, 78, 76, 77, 78, 80, 75, 79, 77, 77, 78, 79, 81, 75, 77,
    76, 79, 78, 78, 76, 80, 79, 78, 78, 73, 73, 74, 71, 70, 72, 69, 74,
    77, 74, 78, 79, 77, 83, 78, 80, 76, 74, 73, 70, 74, 75, 77, 81, 83,
    84, 79, 77, 75, 75, 75, 77, 77, 78, 84, 85, 83, 79, 75, 74, 74, 74,
    77, 77, 81, 83, 84, 84, 82, 80, 77, 78, 76, 78, 77, 79, 81, 77, 76,
    78 ]
