%YAML:1.0
---
videoName: "headNod12.mp4"
gestureLabel: 202
fps: 29
pixelSizeInCmTemp: 3.2808219178082193e-01
faceCenterPointX: 254
faceCenterPointY: 69
headPositionsX: [ 255, 252, 255, 254, 253, 255, 254, 252, 253, 256, 256,
    255, 256, 258, 258, 255, 253, 254, 255, 257, 257, 258, 256, 254, 257,
    254, 258, 257, 257, 256, 258, 253, 258, 256, 257, 252, 255, 256, 253,
    254, 255, 257, 255, 256, 255, 258, 257, 253, 255, 253, 256, 256, 252,
    255, 255, 252, 256, 255, 255, 254, 255, 254, 255, 253, 254, 255, 254,
    253, 256, 253, 252, 255, 256, 254, 253, 256, 256, 257, 254, 253, 253,
    256, 255, 253, 254, 254, 256, 257, 256, 256, 255, 253, 255, 255, 255,
    254, 255, 253, 254, 256 ]
headPositionsY: [ 69, 73, 74, 75, 70, 72, 74, 73, 75, 75, 76, 73, 73, 71,
    75, 71, 73, 73, 73, 74, 72, 74, 73, 72, 76, 76, 76, 74, 72, 75, 76,
    76, 76, 70, 74, 71, 68, 69, 68, 64, 64, 61, 63, 60, 66, 65, 68, 70,
    71, 76, 78, 80, 78, 75, 77, 73, 69, 66, 66, 65, 62, 61, 63, 64, 65,
    69, 68, 71, 75, 74, 74, 77, 76, 72, 75, 71, 68, 66, 67, 66, 68, 64,
    67, 68, 70, 67, 71, 70, 72, 71, 73, 72, 75, 71, 74, 71, 69, 70, 71,
    72 ]
