%YAML:1.0
---
videoName: "headNod37.mp4"
gestureLabel: 202
fps: 29
pixelSizeInCmTemp: 2.9207317073170730e-01
faceCenterPointX: 269
faceCenterPointY: 78
headPositionsX: [ 269, 272, 272, 270, 268, 269, 273, 268, 269, 268, 271,
    272, 272, 270, 271, 270, 271, 268, 268, 271, 270, 267, 267, 268, 270,
    267, 268, 272, 266, 269, 270, 268, 268, 272, 271, 267, 271, 272, 271,
    272, 271, 270, 271, 270, 271, 267, 271, 267, 273, 272, 269, 270, 272,
    269, 272, 272, 271, 268, 269, 268, 269, 271, 267, 270, 267, 268, 266,
    267, 266, 268, 267, 267, 266, 269, 266, 268, 267, 268, 268, 272, 268,
    272, 270, 269, 271, 269, 270, 271, 271, 267, 270, 270, 267, 268, 269,
    268, 267, 269, 270, 270 ]
headPositionsY: [ 80, 78, 74, 76, 77, 76, 78, 73, 73, 73, 76, 75, 77, 77,
    75, 74, 76, 74, 73, 74, 77, 73, 77, 73, 75, 75, 74, 77, 74, 78, 77,
    78, 75, 78, 78, 76, 76, 74, 73, 74, 77, 74, 74, 74, 77, 77, 77, 74,
    77, 74, 77, 72, 72, 69, 66, 68, 63, 67, 67, 67, 71, 70, 80, 85, 88,
    88, 89, 85, 81, 78, 76, 71, 70, 68, 67, 64, 66, 68, 67, 67, 70, 74,
    76, 81, 84, 83, 80, 82, 79, 80, 80, 78, 79, 79, 80, 78, 77, 80, 78,
    80 ]
