%YAML:1.0
---
videoName: "headNod4.mp4"
gestureLabel: 202
fps: 29
pixelSizeInCmTemp: 3.2808219178082193e-01
faceCenterPointX: 264
faceCenterPointY: 72
headPositionsX: [ 266, 269, 270, 271, 270, 268, 271, 268, 270, 272, 269,
    271, 269, 269, 269, 270, 268, 269, 266, 269, 269, 269, 269, 266, 266,
    268, 270, 270, 268, 268, 266, 266, 266, 267, 265, 269, 268, 266, 267,
    268, 268, 270, 267, 267, 268, 268, 267, 266, 270, 268, 269, 270, 265,
    267, 268, 266, 265, 265, 264, 267, 265, 267, 264, 267, 267, 267, 264,
    267, 263, 266, 264, 265, 266, 264, 263, 264, 265, 262, 268, 266, 263,
    263, 266, 262, 264, 265, 265, 264, 265, 263, 263, 266, 263, 266, 262,
    267, 264, 266, 265, 263 ]
headPositionsY: [ 71, 75, 75, 74, 73, 76, 74, 73, 73, 73, 75, 72, 77, 73,
    72, 74, 76, 76, 72, 74, 75, 72, 75, 74, 74, 76, 73, 76, 74, 73, 73,
    73, 74, 76, 75, 76, 75, 73, 77, 74, 76, 76, 73, 72, 73, 68, 69, 64,
    67, 63, 68, 71, 72, 75, 77, 78, 82, 83, 78, 75, 73, 71, 67, 67, 71,
    70, 73, 77, 81, 82, 81, 81, 81, 77, 73, 73, 70, 70, 68, 67, 69, 71,
    73, 78, 79, 79, 84, 84, 83, 82, 80, 79, 78, 80, 76, 78, 74, 76, 72,
    75 ]
