%YAML:1.0
---
videoName: "headNod49.mp4"
gestureLabel: 202
fps: 29
pixelSizeInCmTemp: 2.9207317073170730e-01
faceCenterPointX: 263
faceCenterPointY: 74
headPositionsX: [ 262, 264, 266, 265, 265, 265, 262, 263, 264, 263, 263,
    263, 267, 266, 265, 265, 263, 264, 263, 263, 265, 262, 266, 263, 265,
    264, 263, 263, 265, 262, 265, 262, 265, 263, 265, 264, 265, 266, 263,
    263, 264, 262, 263, 265, 261, 264, 263, 265, 265, 262, 265, 262, 265,
    262, 265, 263, 262, 263, 266, 266, 264, 264, 263, 266, 262, 263, 264,
    264, 264, 266, 263, 264, 262, 262, 266, 265, 263, 262, 264, 265, 262,
    265, 265, 264, 263, 263, 265, 260, 263, 260, 264, 262, 262, 261, 265,
    264, 262, 260, 262, 265 ]
headPositionsY: [ 76, 71, 70, 72, 72, 72, 74, 71, 74, 70, 72, 71, 71, 67,
    70, 67, 66, 69, 68, 70, 67, 69, 72, 75, 79, 76, 79, 78, 73, 74, 74,
    72, 69, 70, 68, 71, 73, 71, 73, 78, 79, 79, 76, 77, 73, 70, 74, 72,
    70, 71, 74, 73, 75, 75, 75, 78, 75, 77, 74, 72, 73, 74, 74, 73, 72,
    76, 73, 79, 78, 78, 78, 75, 77, 77, 77, 73, 74, 72, 77, 75, 75, 75,
    74, 76, 76, 76, 73, 75, 72, 74, 73, 74, 72, 77, 74, 76, 73, 76, 74,
    74 ]
