%YAML:1.0
---
videoName: "headNod17.mp4"
gestureLabel: 202
fps: 30
pixelSizeInCmTemp: 3.2808219178082193e-01
faceCenterPointX: 253
faceCenterPointY: 76
headPositionsX: [ 251, 256, 253, 257, 256, 253, 254, 256, 256, 253, 253,
    256, 256, 255, 256, 253, 256, 254, 255, 255, 254, 254, 255, 256, 254,
    257, 257, 258, 256, 253, 254, 258, 254, 257, 257, 253, 256, 253, 257,
    257, 253, 254, 254, 254, 251, 254, 252, 255, 251, 252, 251, 254, 254,
    252, 254, 255, 253, 253, 256, 254, 253, 254, 254, 253, 254, 257, 254,
    255, 257, 253, 256, 252, 253, 254, 254, 253, 253, 256, 252, 254, 251,
    255, 255, 252, 253, 253, 256, 253, 253, 256, 256, 256, 255, 253, 253,
    255, 254, 254, 253, 256 ]
headPositionsY: [ 78, 78, 76, 79, 78, 78, 77, 79, 74, 77, 79, 76, 75, 79,
    75, 76, 78, 78, 76, 77, 75, 75, 73, 72, 74, 71, 67, 69, 67, 69, 67,
    66, 70, 68, 68, 72, 72, 71, 73, 76, 81, 83, 81, 84, 86, 86, 85, 84,
    82, 80, 78, 74, 76, 72, 70, 71, 68, 67, 68, 68, 73, 73, 74, 74, 78,
    81, 81, 80, 82, 77, 78, 79, 77, 76, 77, 76, 78, 78, 78, 79, 74, 77,
    77, 74, 74, 77, 77, 79, 76, 77, 79, 78, 75, 75, 79, 78, 80, 76, 78,
    77 ]
