%YAML:1.0
---
videoName: "headNod4.mp4"
gestureLabel: 202
fps: 29
pixelSizeInCmTemp: 3.2808219178082193e-01
faceCenterPointX: 264
faceCenterPointY: 72
headPositionsX: [ 264, 268, 270, 271, 271, 269, 272, 269, 272, 270, 267,
    267, 271, 267, 269, 268, 266, 269, 267, 269, 269, 267, 270, 267, 265,
    267, 269, 269, 265, 269, 267, 267, 270, 269, 267, 266, 268, 266, 270,
    267, 268, 270, 268, 266, 269, 267, 267, 269, 270, 267, 269, 267, 267,
    267, 267, 265, 265, 267, 268, 268, 265, 265, 263, 266, 265, 264, 265,
    263, 267, 265, 266, 264, 263, 264, 264, 266, 266, 262, 266, 265, 265,
    262, 263, 263, 264, 266, 263, 265, 263, 263, 265, 264, 263, 264, 266,
    266, 263, 265, 266, 266 ]
headPositionsY: [ 70, 73, 76, 75, 75, 75, 72, 72, 76, 76, 74, 73, 77, 74,
    75, 77, 74, 76, 74, 72, 73, 73, 75, 75, 75, 77, 77, 73, 73, 73, 72,
    75, 74, 75, 73, 75, 76, 75, 73, 73, 74, 75, 75, 72, 74, 68, 69, 66,
    67, 67, 68, 69, 73, 73, 78, 79, 84, 81, 82, 79, 75, 74, 67, 70, 71,
    73, 75, 75, 81, 82, 81, 81, 81, 79, 73, 72, 68, 69, 69, 69, 71, 70,
    74, 78, 78, 79, 81, 85, 84, 81, 80, 82, 81, 76, 78, 76, 74, 76, 73,
    75 ]
