%YAML:1.0
---
videoName: "headNod34.mp4"
gestureLabel: 202
fps: 29
pixelSizeInCmTemp: 2.9567901234567900e-01
faceCenterPointX: 266
faceCenterPointY: 78
headPositionsX: [ 266, 269, 270, 270, 268, 269, 269, 267, 271, 267, 269,
    269, 267, 267, 271, 270, 267, 270, 271, 270, 269, 268, 269, 271, 270,
    268, 272, 268, 271, 268, 268, 268, 271, 271, 268, 270, 270, 269, 270,
    271, 269, 271, 270, 272, 270, 272, 270, 271, 269, 267, 268, 267, 271,
    267, 270, 267, 269, 268, 269, 273, 268, 273, 269, 268, 268, 272, 269,
    268, 271, 269, 267, 266, 269, 266, 265, 266, 267, 264, 268, 267, 265,
    267, 265, 266, 265, 263, 264, 266, 264, 264, 266, 264, 263, 268, 264,
    267, 268, 266, 268, 268 ]
headPositionsY: [ 76, 75, 76, 74, 79, 76, 75, 77, 76, 74, 77, 78, 78, 74,
    75, 75, 78, 77, 78, 77, 77, 75, 79, 76, 75, 79, 75, 77, 75, 75, 76,
    76, 78, 78, 76, 74, 76, 72, 72, 70, 73, 73, 75, 72, 81, 84, 89, 88,
    86, 85, 79, 74, 73, 72, 73, 73, 75, 76, 78, 83, 81, 85, 78, 77, 77,
    77, 78, 78, 79, 79, 81, 82, 85, 81, 84, 80, 79, 78, 78, 76, 79, 82,
    81, 82, 85, 83, 83, 79, 77, 77, 78, 80, 79, 79, 82, 82, 78, 82, 78,
    81 ]
