%YAML:1.0
---
videoName: "headNod37.mp4"
gestureLabel: 202
fps: 29
pixelSizeInCmTemp: 2.9207317073170730e-01
faceCenterPointX: 269
faceCenterPointY: 78
headPositionsX: [ 267, 269, 269, 272, 269, 272, 271, 269, 272, 270, 268,
    270, 271, 272, 271, 269, 267, 271, 267, 270, 268, 269, 269, 270, 269,
    269, 271, 268, 268, 271, 272, 272, 271, 271, 271, 267, 270, 272, 268,
    271, 269, 271, 270, 270, 267, 268, 272, 271, 270, 272, 269, 269, 268,
    271, 272, 272, 269, 270, 267, 268, 268, 271, 268, 266, 265, 264, 266,
    266, 267, 269, 269, 268, 268, 269, 270, 269, 267, 268, 267, 272, 268,
    270, 269, 270, 268, 269, 269, 272, 272, 271, 268, 267, 267, 270, 270,
    268, 267, 271, 270, 267 ]
headPositionsY: [ 80, 74, 77, 74, 74, 73, 75, 73, 75, 76, 74, 77, 73, 73,
    78, 77, 73, 73, 73, 75, 77, 77, 78, 73, 76, 77, 75, 77, 77, 77, 77,
    76, 73, 76, 78, 73, 75, 78, 73, 74, 75, 74, 76, 73, 78, 74, 77, 77,
    77, 75, 76, 73, 74, 70, 68, 68, 65, 64, 69, 65, 73, 69, 77, 83, 86,
    88, 89, 84, 81, 82, 74, 74, 70, 69, 68, 66, 63, 68, 65, 67, 70, 74,
    76, 81, 83, 81, 80, 84, 80, 79, 79, 78, 78, 75, 78, 78, 78, 78, 76,
    80 ]
