%YAML:1.0
---
videoName: "headNod9.mp4"
gestureLabel: 202
fps: 29
pixelSizeInCmTemp: 3.1513157894736843e-01
faceCenterPointX: 261
faceCenterPointY: 75
headPositionsX: [ 262, 260, 263, 260, 263, 263, 261, 259, 261, 263, 262,
    260, 262, 258, 258, 262, 263, 261, 260, 261, 262, 261, 260, 258, 259,
    260, 263, 259, 263, 263, 260, 262, 260, 263, 259, 263, 259, 262, 259,
    263, 262, 261, 262, 262, 260, 260, 259, 261, 261, 261, 260, 261, 261,
    258, 259, 262, 260, 262, 262, 260, 261, 261, 261, 259, 260, 262, 259,
    259, 259, 259, 262, 258, 261, 258, 259, 259, 257, 259, 258, 261, 258,
    258, 256, 256, 260, 259, 259, 259, 257, 257, 261, 259, 261, 259, 261,
    261, 259, 259, 262, 262 ]
headPositionsY: [ 76, 73, 76, 75, 74, 77, 76, 75, 75, 74, 75, 74, 77, 73,
    75, 76, 77, 74, 75, 74, 77, 76, 74, 74, 75, 76, 74, 75, 74, 75, 76,
    79, 77, 80, 81, 81, 78, 77, 76, 73, 74, 73, 77, 79, 84, 88, 88, 84,
    82, 79, 78, 77, 78, 76, 83, 86, 83, 81, 82, 77, 73, 73, 71, 75, 77,
    78, 81, 82, 84, 83, 81, 76, 72, 70, 73, 71, 72, 73, 78, 81, 83, 82,
    81, 80, 81, 75, 77, 75, 72, 75, 72, 74, 70, 71, 73, 72, 74, 75, 75,
    73 ]
