%YAML:1.0
---
videoName: "headNod12.mp4"
gestureLabel: 202
fps: 29
pixelSizeInCmTemp: 3.2808219178082193e-01
faceCenterPointX: 254
faceCenterPointY: 69
headPositionsX: [ 253, 255, 253, 254, 252, 251, 252, 252, 253, 254, 254,
    258, 257, 258, 254, 257, 253, 258, 255, 256, 257, 255, 257, 253, 255,
    254, 257, 254, 254, 253, 258, 255, 257, 254, 253, 254, 252, 253, 252,
    255, 253, 256, 257, 254, 253, 258, 255, 252, 252, 257, 253, 253, 252,
    254, 252, 254, 252, 256, 253, 252, 256, 253, 257, 252, 254, 255, 255,
    255, 255, 252, 253, 255, 255, 255, 254, 252, 256, 255, 254, 256, 256,
    253, 254, 255, 255, 253, 255, 258, 252, 254, 255, 256, 256, 255, 257,
    256, 253, 253, 252, 252 ]
headPositionsY: [ 68, 73, 70, 72, 70, 70, 74, 70, 74, 72, 74, 75, 76, 71,
    74, 72, 73, 74, 75, 73, 73, 73, 76, 74, 75, 72, 72, 75, 76, 75, 74,
    75, 74, 71, 74, 71, 69, 70, 66, 62, 62, 63, 63, 63, 63, 66, 69, 69,
    71, 74, 78, 80, 76, 75, 77, 74, 70, 68, 67, 64, 62, 64, 62, 66, 67,
    69, 69, 72, 74, 73, 74, 74, 75, 75, 74, 68, 68, 67, 68, 67, 65, 67,
    67, 68, 69, 71, 71, 72, 75, 72, 74, 73, 75, 74, 71, 71, 72, 69, 71,
    68 ]
