%YAML:1.0
---
videoName: "headNod30.mp4"
gestureLabel: 202
fps: 29
pixelSizeInCmTemp: 3.2364864864864862e-01
faceCenterPointX: 271
faceCenterPointY: 72
headPositionsX: [ 272, 270, 273, 270, 273, 272, 270, 271, 272, 273, 270,
    271, 270, 270, 273, 270, 271, 272, 269, 270, 273, 272, 272, 271, 273,
    272, 273, 275, 273, 270, 275, 270, 271, 271, 272, 272, 272, 271, 269,
    270, 268, 272, 269, 270, 270, 270, 268, 268, 268, 271, 269, 268, 269,
    271, 269, 271, 268, 271, 270, 273, 270, 271, 272, 272, 271, 271, 268,
    269, 269, 271, 273, 272, 271, 270, 272, 268, 272, 272, 271, 273, 270,
    272, 269, 269, 273, 273, 269, 273, 270, 270, 270, 274, 272, 273, 269,
    271, 272, 274, 273, 272 ]
headPositionsY: [ 71, 75, 76, 73, 74, 77, 73, 77, 74, 76, 74, 75, 75, 74,
    75, 78, 77, 73, 77, 75, 76, 73, 71, 71, 69, 67, 66, 66, 68, 69, 73,
    77, 78, 83, 81, 81, 79, 78, 75, 75, 73, 70, 70, 71, 72, 77, 76, 79,
    78, 79, 78, 77, 73, 71, 72, 70, 70, 70, 74, 74, 77, 76, 77, 73, 76,
    73, 71, 67, 71, 68, 68, 71, 70, 75, 73, 72, 77, 73, 72, 70, 70, 73,
    72, 71, 69, 69, 72, 72, 72, 73, 76, 76, 72, 71, 73, 71, 71, 71, 70,
    74 ]
