%YAML:1.0
---
videoName: "headNod46.mp4"
gestureLabel: 202
fps: 30
pixelSizeInCmTemp: 2.8511904761904761e-01
faceCenterPointX: 264
faceCenterPointY: 72
headPositionsX: [ 264, 265, 264, 266, 263, 265, 263, 266, 266, 264, 263,
    262, 261, 266, 264, 264, 263, 263, 265, 263, 265, 265, 265, 266, 264,
    266, 265, 265, 265, 267, 268, 267, 265, 265, 262, 261, 261, 262, 260,
    261, 260, 264, 263, 263, 262, 264, 262, 263, 263, 260, 262, 261, 263,
    262, 262, 263, 266, 265, 265, 261, 263, 263, 262, 262, 262, 264, 264,
    263, 265, 263, 263, 266, 263, 266, 264, 264, 266, 265, 265, 266, 264,
    262, 266, 262, 262, 262, 266, 261, 264, 262, 265, 262, 262, 265, 263,
    263, 264, 263, 264, 262 ]
headPositionsY: [ 70, 70, 70, 67, 69, 71, 70, 69, 72, 74, 76, 78, 79, 84,
    85, 91, 87, 89, 86, 82, 82, 76, 77, 70, 68, 70, 68, 68, 71, 73, 82,
    85, 89, 90, 87, 83, 80, 76, 75, 69, 70, 66, 68, 70, 75, 77, 81, 86,
    86, 83, 79, 77, 77, 70, 69, 64, 68, 69, 69, 71, 72, 78, 76, 79, 75,
    76, 71, 68, 69, 70, 70, 71, 73, 75, 75, 73, 77, 72, 74, 73, 69, 68,
    69, 72, 71, 75, 77, 72, 76, 75, 74, 73, 73, 73, 72, 72, 70, 70, 73,
    73 ]
