%YAML:1.0
---
videoName: "headNod16.mp4"
gestureLabel: 202
fps: 29
pixelSizeInCmTemp: 3.3263888888888887e-01
faceCenterPointX: 255
faceCenterPointY: 77
headPositionsX: [ 255, 259, 257, 259, 257, 258, 259, 261, 258, 258, 258,
    260, 258, 258, 259, 260, 260, 259, 257, 260, 261, 260, 257, 258, 261,
    258, 259, 258, 257, 259, 261, 260, 257, 257, 257, 259, 257, 257, 260,
    260, 260, 257, 257, 259, 258, 258, 258, 259, 260, 256, 259, 256, 258,
    258, 260, 256, 259, 257, 259, 257, 255, 259, 257, 256, 256, 255, 257,
    255, 253, 257, 255, 253, 253, 256, 254, 252, 253, 256, 254, 253, 257,
    255, 252, 257, 257, 255, 255, 257, 253, 253, 253, 254, 254, 258, 255,
    255, 257, 253, 256, 255 ]
headPositionsY: [ 79, 77, 72, 77, 73, 76, 75, 74, 77, 75, 73, 74, 74, 73,
    74, 73, 74, 72, 73, 76, 73, 75, 75, 76, 74, 72, 73, 73, 76, 76, 77,
    74, 75, 72, 77, 73, 70, 70, 66, 70, 67, 67, 72, 74, 75, 77, 81, 83,
    82, 77, 74, 74, 70, 71, 68, 71, 73, 76, 78, 78, 81, 84, 79, 80, 79,
    74, 73, 69, 71, 72, 71, 72, 75, 78, 81, 77, 79, 75, 73, 71, 73, 70,
    71, 70, 72, 73, 75, 79, 79, 75, 77, 77, 74, 79, 75, 75, 78, 77, 75,
    79 ]
