%YAML:1.0
---
videoName: "headNod30.mp4"
gestureLabel: 202
fps: 29
pixelSizeInCmTemp: 3.2364864864864862e-01
faceCenterPointX: 271
faceCenterPointY: 72
headPositionsX: [ 269, 271, 270, 273, 273, 270, 271, 271, 270, 271, 274,
    270, 274, 273, 271, 273, 271, 271, 272, 274, 272, 272, 273, 272, 271,
    271, 275, 275, 273, 271, 274, 274, 272, 270, 271, 270, 273, 270, 268,
    268, 272, 269, 272, 267, 270, 269, 271, 268, 268, 271, 270, 270, 271,
    268, 271, 270, 268, 273, 271, 269, 271, 272, 269, 271, 269, 272, 271,
    271, 269, 268, 269, 273, 271, 272, 271, 272, 269, 269, 272, 272, 270,
    273, 270, 272, 270, 271, 273, 269, 272, 272, 271, 274, 270, 272, 270,
    271, 274, 274, 273, 271 ]
headPositionsY: [ 73, 75, 75, 74, 77, 75, 76, 76, 75, 73, 73, 75, 74, 77,
    74, 76, 78, 75, 74, 74, 74, 75, 74, 68, 67, 65, 65, 69, 68, 71, 74,
    75, 79, 81, 80, 80, 82, 80, 75, 75, 71, 72, 70, 71, 73, 77, 79, 80,
    77, 80, 79, 73, 72, 70, 69, 71, 71, 71, 75, 73, 76, 77, 77, 76, 74,
    72, 71, 70, 71, 69, 67, 73, 73, 73, 75, 76, 76, 77, 75, 69, 72, 69,
    69, 71, 69, 69, 73, 72, 71, 71, 72, 73, 75, 74, 72, 71, 74, 72, 70,
    71 ]
