%YAML:1.0
---
videoName: "headNod19.mp4"
gestureLabel: 202
fps: 29
pixelSizeInCmTemp: 3.1933333333333330e-01
faceCenterPointX: 255
faceCenterPointY: 81
headPositionsX: [ 253, 260, 259, 256, 258, 255, 257, 258, 256, 255, 254,
    255, 255, 254, 254, 257, 251, 253, 254, 255, 253, 252, 248, 249, 252,
    250, 249, 251, 250, 251, 250, 252, 250, 252, 254, 254, 255, 253, 252,
    255, 256, 255, 256, 254, 255, 258, 256, 255, 254, 257, 257, 255, 253,
    258, 256, 255, 255, 254, 256, 257, 256, 254, 254, 255, 253, 254, 256,
    254, 257, 258, 257, 257, 256, 256, 254, 257, 256, 255, 256, 256, 256,
    255, 256, 257, 256, 253, 254, 253, 255, 256, 255, 254, 255, 257, 256,
    255, 255, 253, 255, 253 ]
headPositionsY: [ 80, 86, 82, 80, 79, 79, 76, 77, 76, 78, 75, 74, 75, 78,
    75, 79, 77, 76, 78, 79, 79, 79, 76, 79, 80, 78, 79, 77, 77, 80, 77,
    78, 78, 78, 81, 80, 81, 80, 77, 80, 79, 79, 77, 77, 77, 78, 77, 79,
    79, 76, 78, 80, 76, 79, 78, 80, 78, 78, 78, 79, 81, 77, 79, 79, 83,
    78, 79, 76, 75, 72, 73, 76, 74, 75, 79, 82, 84, 86, 79, 80, 74, 77,
    77, 76, 85, 85, 82, 84, 84, 84, 81, 84, 81, 81, 83, 81, 85, 82, 82,
    82 ]
