%YAML:1.0
---
videoName: "headNod37.mp4"
gestureLabel: 202
fps: 29
pixelSizeInCmTemp: 2.9207317073170730e-01
faceCenterPointX: 269
faceCenterPointY: 78
headPositionsX: [ 271, 271, 269, 269, 269, 268, 270, 269, 272, 267, 272,
    268, 273, 268, 269, 269, 268, 271, 267, 271, 270, 271, 269, 269, 270,
    267, 269, 272, 270, 270, 272, 270, 267, 270, 271, 267, 270, 269, 269,
    269, 268, 267, 269, 269, 269, 269, 270, 269, 273, 271, 271, 270, 270,
    273, 272, 272, 268, 268, 269, 271, 267, 268, 268, 270, 269, 266, 268,
    266, 268, 269, 269, 268, 269, 267, 270, 271, 269, 267, 270, 270, 269,
    270, 270, 272, 268, 269, 267, 270, 269, 270, 271, 271, 269, 271, 268,
    270, 270, 268, 271, 268 ]
headPositionsY: [ 80, 75, 76, 78, 77, 74, 77, 73, 77, 77, 73, 78, 77, 74,
    76, 75, 74, 76, 75, 76, 78, 76, 77, 74, 75, 75, 75, 77, 73, 74, 74,
    77, 76, 77, 76, 73, 75, 75, 76, 78, 77, 73, 78, 75, 76, 78, 76, 77,
    76, 74, 74, 74, 71, 69, 65, 65, 63, 66, 65, 67, 73, 71, 81, 84, 85,
    86, 85, 84, 83, 80, 73, 70, 70, 65, 69, 66, 64, 68, 65, 71, 72, 73,
    79, 81, 83, 84, 80, 81, 83, 79, 77, 80, 79, 76, 76, 78, 76, 79, 79,
    77 ]
