%YAML:1.0
---
videoName: "headNod35.mp4"
gestureLabel: 202
fps: 30
pixelSizeInCmTemp: 2.9937500000000000e-01
faceCenterPointX: 268
faceCenterPointY: 78
headPositionsX: [ 266, 269, 267, 267, 271, 270, 268, 269, 270, 268, 272,
    269, 268, 267, 270, 267, 268, 269, 269, 268, 270, 269, 271, 270, 271,
    271, 272, 270, 270, 271, 271, 269, 271, 269, 271, 268, 270, 270, 268,
    266, 268, 266, 265, 265, 270, 267, 268, 271, 269, 267, 271, 270, 268,
    266, 269, 268, 271, 267, 267, 267, 267, 267, 269, 270, 271, 269, 266,
    270, 267, 267, 269, 268, 269, 267, 266, 269, 270, 269, 267, 272, 266,
    267, 269, 267, 266, 268, 264, 266, 265, 266, 265, 266, 268, 265, 267,
    268, 268, 265, 270, 269 ]
headPositionsY: [ 80, 74, 77, 77, 74, 76, 74, 76, 75, 76, 76, 77, 77, 78,
    78, 77, 76, 78, 75, 74, 75, 76, 76, 75, 75, 74, 76, 74, 71, 68, 67,
    66, 70, 69, 68, 78, 79, 85, 90, 94, 92, 90, 86, 83, 81, 75, 75, 73,
    74, 76, 76, 82, 84, 87, 87, 87, 90, 85, 82, 81, 75, 72, 74, 73, 75,
    77, 79, 79, 86, 87, 86, 84, 80, 77, 77, 78, 74, 73, 76, 80, 81, 84,
    86, 89, 86, 84, 82, 84, 81, 82, 81, 81, 78, 76, 76, 76, 77, 78, 77,
    79 ]
