%YAML:1.0
---
videoName: "headNod14.mp4"
gestureLabel: 202
fps: 29
pixelSizeInCmTemp: 3.2808219178082193e-01
faceCenterPointX: 257
faceCenterPointY: 71
headPositionsX: [ 258, 260, 256, 259, 260, 259, 256, 261, 255, 258, 261,
    258, 257, 256, 256, 256, 257, 258, 259, 260, 261, 257, 257, 261, 256,
    257, 257, 257, 259, 258, 260, 260, 259, 258, 260, 257, 259, 259, 256,
    259, 258, 259, 260, 260, 261, 261, 261, 258, 258, 257, 260, 258, 259,
    257, 260, 258, 258, 259, 257, 258, 258, 260, 257, 260, 261, 260, 258,
    259, 259, 258, 261, 261, 260, 256, 259, 260, 255, 256, 258, 260, 256,
    260, 257, 257, 258, 258, 259, 255, 259, 258, 257, 258, 257, 256, 258,
    259, 259, 259, 259, 256 ]
headPositionsY: [ 72, 79, 76, 79, 77, 76, 77, 79, 75, 75, 76, 78, 79, 77,
    79, 79, 76, 79, 78, 77, 76, 79, 76, 76, 76, 77, 80, 75, 78, 76, 78,
    79, 80, 79, 75, 78, 75, 77, 79, 75, 76, 74, 70, 69, 68, 69, 69, 73,
    73, 71, 77, 79, 79, 80, 84, 79, 81, 80, 78, 75, 71, 68, 69, 71, 70,
    70, 72, 76, 77, 79, 83, 82, 82, 78, 77, 71, 69, 66, 68, 69, 69, 73,
    75, 76, 82, 78, 81, 77, 77, 77, 70, 71, 70, 70, 72, 68, 71, 72, 72,
    69 ]
