%YAML:1.0
---
videoName: "headNod36.mp4"
gestureLabel: 202
fps: 29
pixelSizeInCmTemp: 2.8176470588235292e-01
faceCenterPointX: 269
faceCenterPointY: 75
headPositionsX: [ 267, 272, 270, 271, 273, 271, 269, 269, 270, 270, 272,
    271, 269, 268, 272, 272, 271, 273, 270, 269, 268, 268, 270, 273, 269,
    269, 271, 267, 269, 270, 268, 270, 271, 269, 272, 270, 267, 268, 266,
    265, 270, 269, 268, 268, 270, 270, 269, 271, 271, 269, 273, 269, 271,
    270, 271, 269, 269, 271, 270, 268, 268, 267, 271, 270, 269, 269, 267,
    266, 270, 267, 268, 268, 269, 265, 267, 266, 269, 266, 270, 266, 269,
    270, 271, 271, 268, 271, 267, 267, 272, 270, 270, 271, 269, 270, 268,
    270, 271, 272, 267, 270 ]
headPositionsY: [ 76, 72, 74, 75, 73, 72, 72, 72, 77, 76, 74, 73, 76, 75,
    75, 74, 72, 76, 74, 76, 77, 76, 81, 79, 74, 75, 70, 69, 67, 64, 62,
    63, 71, 74, 80, 83, 87, 89, 91, 88, 87, 81, 75, 75, 71, 68, 68, 70,
    68, 69, 70, 72, 79, 83, 82, 85, 89, 88, 84, 80, 77, 75, 72, 71, 75,
    73, 76, 77, 79, 83, 83, 81, 80, 76, 76, 76, 74, 76, 77, 79, 80, 82,
    83, 85, 85, 84, 81, 79, 79, 75, 75, 75, 77, 75, 77, 73, 76, 74, 77,
    77 ]
