%YAML:1.0
---
videoName: "headNod30.mp4"
gestureLabel: 202
fps: 29
pixelSizeInCmTemp: 3.2364864864864862e-01
faceCenterPointX: 271
faceCenterPointY: 72
headPositionsX: [ 272, 270, 270, 274, 273, 273, 271, 271, 272, 273, 270,
    273, 270, 270, 273, 274, 271, 273, 269, 274, 271, 273, 273, 272, 272,
    270, 271, 275, 270, 272, 274, 270, 273, 273, 271, 270, 273, 271, 272,
    270, 268, 268, 269, 270, 271, 267, 269, 270, 270, 271, 267, 271, 269,
    272, 272, 272, 270, 273, 271, 272, 271, 269, 270, 272, 271, 274, 270,
    271, 269, 269, 270, 271, 272, 274, 272, 270, 270, 269, 272, 272, 271,
    272, 271, 270, 271, 273, 271, 269, 273, 273, 270, 271, 271, 271, 271,
    270, 271, 271, 273, 273 ]
headPositionsY: [ 73, 76, 77, 77, 76, 74, 73, 78, 77, 77, 74, 75, 74, 77,
    74, 77, 77, 75, 76, 75, 75, 72, 72, 68, 66, 65, 68, 68, 70, 69, 73,
    74, 76, 83, 82, 79, 80, 80, 76, 74, 69, 73, 72, 70, 72, 77, 77, 79,
    79, 79, 78, 75, 71, 71, 71, 69, 70, 70, 74, 76, 75, 77, 77, 77, 76,
    73, 71, 68, 68, 71, 68, 72, 70, 75, 72, 73, 77, 75, 74, 71, 70, 69,
    68, 69, 68, 72, 70, 70, 72, 73, 75, 76, 75, 75, 73, 74, 72, 71, 71,
    71 ]
