%YAML:1.0
---
videoName: "headNod33.mp4"
gestureLabel: 202
fps: 29
pixelSizeInCmTemp: 2.9567901234567900e-01
faceCenterPointX: 268
faceCenterPointY: 74
headPositionsX: [ 270, 268, 267, 271, 270, 267, 271, 271, 271, 270, 268,
    269, 270, 272, 270, 269, 271, 272, 271, 269, 272, 270, 268, 267, 271,
    270, 268, 268, 270, 269, 269, 270, 272, 269, 267, 267, 271, 269, 269,
    268, 270, 269, 272, 270, 267, 268, 268, 272, 269, 270, 271, 270, 269,
    267, 268, 270, 267, 266, 265, 267, 268, 266, 268, 270, 267, 267, 266,
    268, 266, 269, 268, 266, 265, 266, 267, 267, 268, 269, 269, 270, 271,
    267, 268, 268, 270, 266, 268, 269, 266, 267, 267, 265, 265, 266, 268,
    266, 266, 266, 268, 266 ]
headPositionsY: [ 75, 70, 71, 71, 69, 71, 72, 69, 74, 72, 72, 73, 74, 70,
    71, 72, 73, 70, 70, 71, 71, 71, 70, 74, 73, 72, 72, 73, 70, 70, 74,
    75, 73, 76, 75, 75, 78, 76, 72, 72, 67, 70, 67, 67, 65, 66, 73, 76,
    76, 82, 82, 83, 80, 77, 76, 74, 71, 72, 70, 71, 69, 73, 72, 75, 74,
    77, 77, 80, 78, 77, 72, 72, 71, 72, 69, 72, 71, 72, 72, 76, 75, 76,
    80, 77, 78, 79, 77, 75, 78, 76, 73, 74, 74, 75, 75, 74, 76, 76, 73,
    77 ]
