%YAML:1.0
---
videoName: "headNod23.mp4"
gestureLabel: 202
fps: 29
pixelSizeInCmTemp: 3.1933333333333330e-01
faceCenterPointX: 273
faceCenterPointY: 75
headPositionsX: [ 273, 272, 273, 275, 274, 274, 272, 273, 273, 275, 276,
    275, 275, 274, 274, 272, 273, 272, 275, 275, 275, 273, 272, 275, 272,
    275, 276, 276, 273, 277, 274, 274, 277, 275, 272, 275, 276, 272, 275,
    274, 273, 269, 271, 270, 272, 273, 273, 274, 275, 274, 276, 273, 276,
    272, 275, 273, 272, 274, 271, 274, 272, 275, 272, 272, 271, 275, 275,
    273, 277, 276, 275, 272, 276, 275, 274, 275, 274, 276, 271, 273, 275,
    271, 274, 274, 276, 274, 275, 277, 272, 275, 275, 274, 273, 272, 273,
    274, 273, 273, 276, 273 ]
headPositionsY: [ 74, 75, 75, 76, 76, 78, 75, 75, 78, 75, 75, 77, 75, 76,
    77, 77, 78, 78, 75, 79, 75, 75, 79, 73, 71, 72, 70, 69, 65, 66, 65,
    63, 65, 66, 66, 72, 75, 76, 78, 80, 82, 84, 82, 79, 79, 77, 73, 71,
    68, 70, 68, 71, 71, 70, 74, 76, 75, 80, 77, 77, 75, 74, 72, 71, 69,
    70, 68, 71, 67, 71, 69, 74, 77, 79, 79, 79, 77, 80, 78, 75, 76, 74,
    74, 75, 75, 71, 72, 73, 72, 72, 72, 73, 75, 77, 73, 75, 74, 73, 77,
    74 ]
