%YAML:1.0
---
videoName: "headNod25.mp4"
gestureLabel: 202
fps: 29
pixelSizeInCmTemp: 3.1933333333333330e-01
faceCenterPointX: 270
faceCenterPointY: 75
headPositionsX: [ 270, 272, 269, 269, 270, 268, 270, 271, 269, 271, 269,
    268, 266, 269, 271, 267, 272, 269, 269, 270, 273, 271, 271, 273, 274,
    273, 273, 272, 272, 274, 274, 272, 271, 271, 271, 273, 273, 272, 270,
    271, 269, 272, 271, 274, 273, 273, 272, 273, 270, 273, 273, 271, 271,
    271, 272, 270, 274, 274, 274, 273, 269, 271, 272, 272, 272, 270, 270,
    270, 271, 269, 268, 270, 270, 271, 271, 273, 269, 269, 273, 269, 269,
    273, 269, 268, 268, 271, 270, 269, 271, 273, 269, 270, 272, 271, 271,
    269, 270, 271, 270, 268 ]
headPositionsY: [ 77, 74, 75, 73, 73, 74, 76, 75, 74, 75, 74, 73, 74, 77,
    73, 75, 76, 76, 76, 76, 76, 75, 76, 74, 74, 72, 74, 76, 76, 73, 77,
    74, 74, 72, 74, 73, 77, 74, 75, 73, 76, 75, 73, 78, 75, 76, 73, 77,
    76, 73, 71, 67, 66, 63, 63, 64, 65, 67, 66, 68, 73, 74, 78, 81, 88,
    89, 90, 88, 85, 82, 77, 76, 73, 70, 68, 68, 66, 70, 73, 73, 76, 78,
    79, 82, 81, 79, 81, 78, 80, 78, 77, 78, 73, 77, 75, 76, 74, 74, 73,
    75 ]
