%YAML:1.0
---
videoName: "headNod16.mp4"
gestureLabel: 202
fps: 29
pixelSizeInCmTemp: 3.3263888888888887e-01
faceCenterPointX: 255
faceCenterPointY: 77
headPositionsX: [ 255, 259, 258, 257, 258, 261, 258, 262, 260, 258, 261,
    259, 259, 260, 259, 260, 260, 256, 258, 260, 259, 257, 257, 256, 258,
    257, 260, 261, 261, 258, 258, 256, 259, 260, 260, 257, 258, 259, 262,
    260, 257, 261, 261, 259, 258, 257, 260, 257, 258, 256, 256, 257, 255,
    255, 258, 257, 256, 260, 256, 258, 258, 260, 255, 256, 255, 257, 257,
    255, 257, 256, 256, 255, 257, 254, 254, 252, 254, 252, 255, 256, 253,
    252, 253, 257, 254, 253, 257, 256, 257, 255, 255, 256, 256, 256, 252,
    255, 254, 254, 256, 257 ]
headPositionsY: [ 75, 75, 76, 77, 77, 75, 77, 75, 77, 74, 76, 75, 76, 74,
    75, 76, 77, 75, 77, 74, 73, 76, 76, 75, 77, 74, 77, 73, 72, 76, 77,
    75, 73, 74, 74, 72, 69, 68, 67, 70, 69, 71, 69, 74, 79, 77, 82, 83,
    83, 81, 74, 73, 69, 70, 71, 72, 71, 76, 76, 81, 81, 83, 79, 78, 79,
    76, 74, 71, 72, 73, 70, 76, 74, 78, 82, 80, 82, 76, 76, 74, 69, 68,
    69, 68, 71, 75, 76, 76, 79, 79, 77, 76, 78, 79, 74, 78, 78, 77, 77,
    75 ]
