%YAML:1.0
---
videoName: "headNod12.mp4"
gestureLabel: 202
fps: 29
pixelSizeInCmTemp: 3.2808219178082193e-01
faceCenterPointX: 254
faceCenterPointY: 69
headPositionsX: [ 253, 252, 251, 256, 254, 251, 256, 254, 255, 255, 255,
    257, 253, 258, 258, 255, 255, 257, 256, 255, 253, 258, 256, 253, 255,
    254, 255, 258, 257, 254, 259, 257, 257, 256, 253, 254, 255, 255, 252,
    255, 256, 255, 253, 254, 252, 254, 256, 253, 254, 254, 253, 257, 255,
    252, 255, 253, 256, 256, 254, 252, 256, 256, 254, 256, 252, 254, 255,
    256, 255, 255, 256, 252, 252, 255, 256, 253, 256, 255, 252, 256, 255,
    256, 255, 254, 257, 253, 254, 256, 255, 253, 257, 256, 254, 257, 256,
    253, 253, 255, 256, 252 ]
headPositionsY: [ 68, 72, 70, 72, 72, 70, 72, 71, 73, 76, 73, 73, 72, 73,
    72, 75, 74, 73, 75, 72, 73, 71, 72, 74, 73, 75, 72, 75, 76, 75, 74,
    73, 74, 73, 74, 70, 69, 67, 66, 64, 65, 64, 61, 64, 63, 67, 67, 73,
    70, 73, 76, 80, 78, 76, 77, 74, 70, 65, 64, 64, 66, 62, 61, 65, 63,
    69, 68, 72, 71, 76, 74, 74, 77, 72, 73, 72, 71, 70, 69, 68, 67, 65,
    68, 66, 70, 69, 67, 73, 74, 73, 76, 75, 74, 71, 73, 72, 69, 72, 68,
    68 ]
