%YAML:1.0
---
videoName: "headNod43.mp4"
gestureLabel: 202
fps: 29
pixelSizeInCmTemp: 2.8855421686746985e-01
faceCenterPointX: 268
faceCenterPointY: 74
headPositionsX: [ 268, 273, 268, 269, 267, 268, 270, 270, 270, 269, 270,
    268, 267, 267, 271, 269, 270, 268, 266, 270, 267, 268, 270, 267, 267,
    266, 265, 265, 266, 264, 267, 263, 265, 266, 266, 264, 266, 266, 263,
    265, 265, 264, 264, 263, 263, 266, 268, 268, 267, 266, 265, 262, 264,
    263, 264, 263, 265, 265, 262, 267, 264, 262, 266, 264, 266, 263, 266,
    268, 264, 266, 269, 266, 266, 266, 269, 268, 268, 267, 268, 269, 269,
    271, 268, 267, 267, 266, 269, 270, 270, 271, 267, 270, 268, 269, 270,
    268, 266, 267, 270, 269 ]
headPositionsY: [ 76, 77, 77, 78, 78, 78, 78, 75, 78, 75, 74, 76, 77, 74,
    77, 73, 75, 77, 75, 77, 77, 76, 77, 78, 74, 80, 78, 84, 88, 88, 91,
    90, 87, 81, 77, 77, 79, 78, 81, 85, 90, 91, 92, 89, 85, 79, 79, 80,
    81, 83, 86, 93, 92, 88, 86, 83, 85, 81, 80, 87, 87, 89, 93, 90, 89,
    85, 84, 80, 81, 77, 80, 80, 81, 85, 90, 90, 92, 88, 82, 80, 77, 73,
    73, 73, 73, 72, 73, 75, 75, 75, 73, 75, 74, 72, 71, 74, 73, 73, 72,
    73 ]
