%YAML:1.0
---
videoName: "headNod16.mp4"
gestureLabel: 202
fps: 29
pixelSizeInCmTemp: 3.3263888888888887e-01
faceCenterPointX: 255
faceCenterPointY: 77
headPositionsX: [ 256, 258, 261, 258, 261, 259, 259, 258, 259, 260, 258,
    259, 259, 260, 257, 258, 260, 260, 260, 259, 260, 260, 260, 259, 259,
    260, 260, 261, 260, 260, 259, 259, 260, 256, 257, 258, 260, 261, 258,
    259, 257, 257, 259, 258, 258, 257, 260, 258, 260, 257, 258, 256, 258,
    256, 259, 256, 256, 256, 258, 259, 256, 256, 257, 254, 254, 256, 256,
    254, 256, 257, 255, 256, 255, 255, 257, 256, 255, 254, 255, 257, 253,
    252, 256, 253, 256, 255, 254, 253, 256, 257, 257, 254, 253, 257, 255,
    255, 257, 253, 256, 253 ]
headPositionsY: [ 78, 74, 74, 73, 75, 76, 74, 74, 74, 75, 73, 77, 73, 75,
    76, 73, 74, 74, 73, 72, 74, 76, 75, 75, 75, 73, 77, 77, 76, 77, 74,
    75, 75, 73, 76, 74, 73, 69, 66, 67, 70, 71, 73, 75, 78, 79, 81, 84,
    82, 80, 76, 75, 71, 71, 70, 70, 73, 76, 75, 81, 84, 82, 80, 79, 79,
    75, 73, 68, 69, 71, 70, 76, 73, 78, 82, 81, 78, 79, 76, 70, 70, 70,
    69, 69, 71, 73, 77, 76, 78, 76, 79, 78, 76, 76, 73, 77, 78, 77, 74,
    76 ]
