%YAML:1.0
---
videoName: "headNod48.mp4"
gestureLabel: 202
fps: 29
pixelSizeInCmTemp: 2.8855421686746985e-01
faceCenterPointX: 264
faceCenterPointY: 72
headPositionsX: [ 262, 263, 264, 264, 264, 263, 263, 263, 267, 263, 266,
    262, 266, 264, 265, 261, 265, 259, 262, 264, 262, 262, 261, 260, 258,
    259, 262, 263, 261, 263, 263, 262, 260, 264, 261, 264, 262, 262, 263,
    264, 264, 263, 263, 263, 260, 263, 260, 262, 262, 260, 259, 260, 263,
    259, 261, 260, 263, 260, 263, 262, 260, 261, 265, 262, 262, 262, 263,
    263, 265, 266, 266, 266, 263, 262, 265, 266, 267, 267, 266, 266, 263,
    266, 264, 267, 267, 263, 263, 266, 266, 266, 266, 263, 266, 266, 266,
    264, 266, 265, 263, 264 ]
headPositionsY: [ 72, 74, 76, 77, 80, 74, 73, 69, 66, 64, 61, 60, 63, 62,
    69, 70, 73, 79, 86, 88, 89, 89, 83, 81, 76, 73, 69, 68, 64, 62, 62,
    64, 67, 64, 68, 70, 76, 77, 81, 80, 80, 83, 80, 79, 78, 77, 72, 71,
    73, 72, 71, 76, 77, 76, 81, 77, 78, 78, 76, 70, 69, 70, 73, 70, 70,
    75, 75, 78, 78, 76, 75, 72, 73, 70, 69, 70, 71, 68, 72, 71, 72, 74,
    73, 72, 72, 75, 70, 69, 72, 70, 73, 74, 73, 74, 72, 73, 71, 73, 73,
    70 ]
