%YAML:1.0
---
videoName: "headNod5.mp4"
gestureLabel: 202
fps: 29
pixelSizeInCmTemp: 3.1513157894736843e-01
faceCenterPointX: 263
faceCenterPointY: 75
headPositionsX: [ 262, 266, 260, 262, 263, 263, 264, 264, 263, 262, 261,
    264, 265, 262, 262, 265, 266, 266, 263, 266, 263, 266, 267, 264, 265,
    264, 266, 266, 267, 267, 264, 266, 264, 266, 265, 265, 267, 265, 267,
    265, 266, 267, 266, 267, 266, 267, 266, 264, 264, 265, 264, 265, 263,
    265, 265, 262, 265, 263, 265, 265, 266, 264, 266, 264, 262, 263, 264,
    266, 264, 266, 262, 266, 267, 263, 262, 264, 262, 262, 263, 264, 263,
    265, 264, 263, 266, 264, 262, 265, 262, 265, 263, 265, 262, 259, 265,
    263, 262, 263, 263, 263 ]
headPositionsY: [ 75, 75, 76, 72, 74, 72, 75, 74, 72, 74, 76, 73, 74, 76,
    74, 74, 74, 76, 73, 76, 77, 75, 76, 77, 77, 75, 78, 74, 77, 78, 78,
    78, 75, 73, 76, 75, 79, 78, 77, 75, 77, 77, 78, 78, 77, 77, 78, 76,
    80, 77, 80, 83, 83, 85, 83, 84, 78, 75, 73, 75, 78, 76, 81, 87, 86,
    86, 86, 81, 80, 75, 74, 74, 79, 79, 81, 85, 88, 85, 82, 79, 74, 75,
    76, 74, 77, 76, 80, 81, 82, 78, 80, 76, 76, 72, 72, 76, 75, 75, 76,
    73 ]
