%YAML:1.0
---
videoName: "headNod24.mp4"
gestureLabel: 202
fps: 29
pixelSizeInCmTemp: 3.1513157894736843e-01
faceCenterPointX: 272
faceCenterPointY: 72
headPositionsX: [ 271, 274, 273, 274, 273, 272, 272, 273, 275, 275, 274,
    274, 276, 273, 272, 274, 277, 274, 274, 275, 274, 275, 272, 274, 275,
    272, 274, 273, 275, 272, 272, 273, 272, 275, 272, 272, 273, 273, 274,
    275, 275, 274, 274, 271, 269, 274, 272, 275, 271, 273, 274, 276, 274,
    273, 274, 271, 272, 272, 270, 274, 271, 274, 270, 269, 273, 271, 271,
    269, 269, 273, 272, 271, 272, 272, 271, 269, 269, 270, 270, 269, 269,
    270, 272, 269, 267, 269, 269, 272, 270, 270, 270, 272, 270, 272, 270,
    270, 273, 274, 270, 270 ]
headPositionsY: [ 71, 75, 73, 72, 72, 73, 75, 73, 73, 74, 74, 72, 73, 74,
    75, 75, 74, 75, 72, 73, 74, 74, 73, 72, 71, 73, 76, 72, 72, 74, 74,
    72, 74, 76, 75, 74, 73, 70, 69, 69, 68, 74, 78, 80, 81, 83, 79, 73,
    72, 66, 65, 66, 71, 71, 76, 73, 75, 71, 68, 70, 64, 67, 66, 68, 69,
    72, 77, 76, 76, 75, 74, 67, 69, 68, 71, 72, 69, 73, 77, 73, 72, 73,
    76, 69, 68, 69, 72, 71, 69, 71, 69, 70, 71, 72, 71, 71, 73, 72, 70,
    71 ]
