%YAML:1.0
---
videoName: "headNod12.mp4"
gestureLabel: 202
fps: 29
pixelSizeInCmTemp: 3.2808219178082193e-01
faceCenterPointX: 254
faceCenterPointY: 69
headPositionsX: [ 255, 254, 252, 255, 255, 255, 252, 255, 255, 256, 254,
    258, 257, 257, 255, 259, 253, 254, 256, 257, 254, 256, 259, 255, 257,
    257, 258, 257, 258, 254, 257, 256, 257, 255, 257, 256, 252, 257, 255,
    252, 256, 257, 255, 255, 254, 257, 253, 253, 256, 254, 254, 254, 253,
    253, 255, 253, 255, 252, 254, 256, 255, 252, 253, 255, 255, 256, 257,
    255, 252, 251, 253, 252, 252, 254, 252, 254, 256, 256, 254, 253, 253,
    253, 256, 253, 253, 256, 254, 255, 253, 256, 255, 257, 254, 254, 257,
    255, 255, 254, 256, 253 ]
headPositionsY: [ 69, 76, 71, 72, 74, 72, 74, 74, 76, 75, 75, 74, 74, 73,
    73, 71, 71, 72, 72, 73, 71, 72, 72, 73, 72, 74, 72, 73, 75, 76, 76,
    75, 76, 74, 73, 72, 69, 66, 65, 66, 61, 62, 65, 62, 63, 64, 67, 70,
    70, 74, 77, 78, 76, 79, 76, 71, 71, 67, 66, 66, 66, 64, 61, 64, 63,
    70, 69, 73, 74, 72, 76, 73, 76, 73, 72, 68, 69, 67, 69, 66, 67, 65,
    65, 66, 69, 70, 71, 74, 75, 72, 76, 76, 72, 70, 74, 71, 69, 71, 72,
    72 ]
