%YAML:1.0
---
videoName: "headNod32.mp4"
gestureLabel: 202
fps: 29
pixelSizeInCmTemp: 2.8855421686746985e-01
faceCenterPointX: 266
faceCenterPointY: 74
headPositionsX: [ 266, 271, 268, 269, 270, 268, 268, 269, 264, 266, 266,
    265, 264, 264, 266, 266, 267, 264, 267, 268, 268, 264, 268, 265, 268,
    267, 264, 267, 265, 265, 267, 264, 266, 268, 266, 267, 267, 267, 268,
    269, 266, 270, 265, 267, 269, 269, 267, 266, 267, 265, 269, 267, 266,
    266, 267, 265, 266, 265, 269, 266, 268, 267, 267, 269, 265, 269, 266,
    267, 268, 267, 264, 264, 268, 267, 265, 265, 263, 266, 265, 264, 265,
    265, 264, 267, 266, 266, 268, 269, 268, 266, 269, 267, 267, 265, 267,
    267, 267, 264, 269, 267 ]
headPositionsY: [ 74, 80, 77, 77, 79, 78, 76, 80, 79, 77, 75, 77, 76, 79,
    75, 77, 76, 75, 77, 76, 76, 76, 79, 75, 75, 78, 77, 77, 78, 76, 81,
    76, 76, 76, 78, 77, 76, 79, 78, 80, 76, 78, 79, 79, 77, 79, 76, 78,
    78, 75, 77, 79, 77, 79, 74, 76, 73, 76, 73, 73, 68, 68, 66, 64, 66,
    68, 67, 73, 80, 83, 86, 86, 87, 86, 84, 82, 77, 76, 73, 73, 71, 72,
    71, 71, 69, 73, 76, 74, 76, 75, 77, 77, 74, 72, 74, 74, 74, 75, 75,
    74 ]
