%YAML:1.0
---
videoName: "headNod7.mp4"
gestureLabel: 202
fps: 29
pixelSizeInCmTemp: 3.2808219178082193e-01
faceCenterPointX: 261
faceCenterPointY: 71
headPositionsX: [ 261, 267, 263, 265, 266, 266, 267, 264, 266, 261, 263,
    262, 262, 262, 263, 265, 261, 263, 264, 262, 262, 262, 262, 264, 264,
    261, 262, 263, 262, 263, 264, 260, 263, 262, 264, 259, 261, 263, 263,
    261, 259, 261, 262, 263, 263, 263, 263, 262, 261, 263, 263, 263, 260,
    261, 263, 259, 261, 261, 263, 263, 263, 262, 263, 259, 264, 261, 263,
    262, 262, 258, 262, 259, 263, 259, 260, 260, 260, 263, 261, 261, 262,
    262, 262, 259, 264, 263, 260, 263, 262, 263, 262, 263, 259, 261, 262,
    259, 262, 263, 263, 260 ]
headPositionsY: [ 70, 73, 72, 74, 77, 71, 74, 71, 73, 71, 73, 70, 73, 72,
    75, 76, 74, 74, 77, 74, 76, 74, 74, 73, 75, 78, 76, 78, 78, 77, 74,
    77, 75, 73, 73, 77, 73, 76, 74, 76, 77, 74, 76, 75, 75, 75, 78, 77,
    73, 70, 72, 72, 71, 72, 74, 72, 77, 82, 81, 77, 78, 69, 73, 72, 70,
    72, 72, 77, 81, 80, 77, 75, 71, 72, 71, 72, 68, 70, 70, 72, 73, 79,
    81, 76, 79, 76, 78, 73, 72, 70, 71, 73, 68, 69, 71, 70, 71, 69, 73,
    71 ]
