%YAML:1.0
---
videoName: "headNod1.mp4"
gestureLabel: 202
fps: 29
pixelSizeInCmTemp: 3.2808219178082193e-01
faceCenterPointX: 263
faceCenterPointY: 78
headPositionsX: [ 262, 261, 264, 263, 262, 263, 263, 264, 264, 263, 261,
    262, 265, 264, 261, 263, 264, 263, 266, 265, 264, 266, 265, 266, 265,
    265, 265, 266, 264, 264, 266, 265, 262, 267, 263, 263, 263, 265, 264,
    266, 265, 263, 264, 267, 267, 266, 267, 264, 264, 266, 265, 263, 264,
    261, 263, 263, 264, 265, 261, 264, 262, 265, 263, 264, 263, 262, 267,
    262, 264, 263, 263, 265, 262, 262, 261, 262, 260, 259, 262, 263, 259,
    264, 259, 261, 264, 260, 261, 262, 266, 262, 261, 260, 262, 262, 264,
    264, 265, 262, 261, 265 ]
headPositionsY: [ 80, 75, 73, 75, 75, 75, 77, 73, 74, 77, 74, 74, 76, 73,
    76, 75, 74, 75, 76, 76, 75, 75, 76, 74, 76, 73, 75, 75, 73, 76, 73,
    74, 72, 73, 74, 70, 70, 67, 67, 66, 64, 64, 63, 65, 67, 64, 67, 68,
    69, 73, 79, 78, 84, 82, 83, 83, 81, 77, 76, 73, 69, 67, 64, 63, 65,
    66, 67, 74, 74, 77, 80, 77, 77, 75, 74, 69, 68, 67, 65, 63, 68, 66,
    70, 72, 76, 74, 79, 80, 79, 81, 80, 80, 79, 80, 81, 79, 77, 80, 81,
    80 ]
