%YAML:1.0
---
videoName: "headNod6.mp4"
gestureLabel: 202
fps: 29
pixelSizeInCmTemp: 3.1513157894736843e-01
faceCenterPointX: 262
faceCenterPointY: 73
headPositionsX: [ 262, 261, 263, 263, 261, 263, 264, 264, 265, 263, 263,
    262, 264, 263, 261, 263, 265, 263, 261, 260, 263, 264, 263, 264, 261,
    262, 260, 262, 264, 260, 263, 263, 262, 261, 262, 265, 265, 262, 263,
    265, 262, 264, 259, 262, 261, 263, 261, 261, 259, 260, 262, 259, 263,
    261, 262, 262, 262, 258, 259, 259, 258, 259, 259, 259, 259, 261, 262,
    261, 262, 260, 260, 262, 262, 262, 260, 260, 262, 258, 262, 259, 261,
    262, 259, 264, 262, 260, 260, 264, 261, 261, 261, 260, 263, 263, 259,
    259, 260, 263, 260, 260 ]
headPositionsY: [ 71, 75, 74, 74, 75, 73, 73, 75, 75, 76, 72, 75, 73, 76,
    74, 72, 72, 75, 74, 76, 71, 75, 76, 73, 76, 74, 72, 73, 72, 73, 72,
    75, 71, 69, 65, 65, 66, 66, 67, 67, 74, 79, 82, 84, 83, 81, 75, 71,
    67, 70, 65, 69, 71, 74, 80, 81, 84, 80, 76, 71, 71, 70, 69, 69, 69,
    72, 78, 80, 82, 82, 79, 75, 71, 69, 66, 66, 67, 68, 73, 77, 80, 85,
    82, 81, 82, 78, 74, 75, 73, 69, 72, 70, 70, 73, 71, 71, 70, 74, 74,
    71 ]
