%YAML:1.0
---
videoName: "headNod4.mp4"
gestureLabel: 202
fps: 29
pixelSizeInCmTemp: 3.2808219178082193e-01
faceCenterPointX: 264
faceCenterPointY: 72
headPositionsX: [ 263, 268, 270, 269, 268, 272, 269, 271, 270, 273, 268,
    270, 271, 266, 270, 266, 266, 269, 269, 267, 269, 270, 267, 268, 266,
    267, 270, 267, 267, 266, 269, 268, 266, 266, 269, 267, 267, 267, 269,
    267, 270, 268, 267, 268, 269, 266, 269, 269, 268, 268, 267, 269, 267,
    267, 266, 267, 264, 268, 265, 268, 263, 264, 265, 265, 265, 266, 264,
    263, 267, 266, 264, 265, 267, 264, 266, 265, 265, 262, 266, 263, 265,
    264, 267, 265, 266, 266, 264, 268, 262, 264, 266, 264, 263, 262, 266,
    267, 264, 264, 266, 264 ]
headPositionsY: [ 73, 75, 73, 73, 73, 72, 73, 76, 76, 73, 72, 75, 74, 73,
    76, 75, 74, 74, 74, 72, 73, 73, 75, 73, 73, 76, 76, 75, 73, 75, 73,
    72, 76, 72, 77, 74, 75, 75, 76, 76, 75, 73, 75, 76, 72, 67, 68, 68,
    68, 64, 65, 71, 73, 77, 77, 78, 80, 80, 79, 75, 72, 74, 70, 70, 70,
    73, 76, 74, 82, 82, 84, 81, 83, 76, 73, 72, 71, 66, 71, 68, 69, 73,
    73, 75, 79, 82, 83, 84, 81, 83, 80, 80, 78, 80, 74, 76, 75, 76, 73,
    72 ]
