%YAML:1.0
---
videoName: "headNod45.mp4"
gestureLabel: 202
fps: 30
pixelSizeInCmTemp: 3.0316455696202532e-01
faceCenterPointX: 265
faceCenterPointY: 77
headPositionsX: [ 263, 268, 269, 270, 265, 270, 269, 267, 269, 269, 269,
    270, 265, 270, 269, 266, 269, 268, 267, 269, 267, 267, 269, 266, 266,
    266, 265, 265, 266, 264, 265, 266, 266, 265, 264, 267, 267, 266, 268,
    267, 264, 264, 264, 266, 267, 265, 263, 265, 265, 266, 265, 268, 267,
    266, 266, 264, 268, 269, 268, 268, 269, 268, 267, 264, 264, 269, 265,
    268, 269, 265, 266, 268, 266, 266, 268, 266, 267, 265, 264, 263, 266,
    266, 267, 266, 265, 268, 267, 265, 267, 263, 265, 265, 265, 266, 264,
    268, 263, 264, 265, 266 ]
headPositionsY: [ 76, 74, 73, 75, 77, 78, 76, 76, 74, 76, 77, 76, 77, 75,
    74, 75, 75, 78, 79, 81, 85, 89, 89, 95, 93, 93, 90, 86, 80, 77, 75,
    75, 66, 65, 68, 65, 68, 68, 71, 79, 82, 86, 90, 89, 90, 92, 86, 85,
    81, 78, 74, 72, 74, 71, 76, 76, 79, 83, 85, 84, 86, 86, 79, 80, 78,
    74, 72, 73, 75, 75, 78, 79, 83, 89, 88, 86, 86, 82, 81, 81, 76, 74,
    77, 77, 76, 80, 78, 81, 80, 81, 79, 80, 79, 78, 79, 80, 75, 80, 79,
    77 ]
