%YAML:1.0
---
videoName: "headNod0.mp4"
gestureLabel: 202
fps: 29
pixelSizeInCmTemp: 3.2364864864864862e-01
faceCenterPointX: 264
faceCenterPointY: 76
headPositionsX: [ 265, 268, 268, 267, 269, 266, 265, 266, 266, 266, 265,
    265, 268, 268, 266, 264, 267, 265, 265, 267, 265, 266, 263, 265, 264,
    264, 267, 266, 268, 265, 263, 264, 267, 266, 267, 269, 268, 266, 264,
    267, 266, 267, 265, 265, 263, 263, 267, 262, 262, 262, 266, 264, 262,
    268, 265, 264, 266, 264, 263, 265, 266, 266, 266, 267, 265, 266, 268,
    266, 267, 266, 265, 263, 262, 265, 262, 264, 265, 262, 262, 267, 265,
    266, 262, 265, 262, 265, 266, 265, 267, 264, 265, 263, 266, 267, 264,
    264, 262, 265, 266, 265 ]
headPositionsY: [ 74, 72, 71, 74, 70, 71, 75, 72, 74, 71, 72, 75, 71, 72,
    72, 71, 72, 75, 74, 73, 72, 73, 76, 74, 75, 73, 72, 73, 72, 72, 69,
    69, 65, 66, 63, 61, 61, 63, 64, 64, 69, 69, 74, 75, 77, 82, 82, 83,
    81, 81, 76, 73, 72, 69, 71, 68, 68, 64, 64, 68, 68, 71, 74, 72, 78,
    79, 78, 78, 77, 77, 79, 73, 74, 72, 70, 67, 67, 69, 68, 71, 69, 70,
    75, 72, 76, 78, 78, 79, 80, 79, 80, 76, 79, 77, 76, 77, 75, 73, 78,
    76 ]
