%YAML:1.0
---
videoName: "headNod43.mp4"
gestureLabel: 202
fps: 29
pixelSizeInCmTemp: 2.8855421686746985e-01
faceCenterPointX: 268
faceCenterPointY: 74
headPositionsX: [ 268, 270, 268, 269, 271, 268, 269, 267, 269, 271, 267,
    271, 268, 269, 270, 268, 269, 270, 267, 270, 266, 270, 266, 268, 267,
    266, 265, 269, 266, 265, 265, 264, 266, 264, 268, 263, 264, 263, 263,
    264, 264, 264, 267, 262, 264, 267, 267, 268, 267, 264, 264, 263, 263,
    266, 262, 262, 263, 264, 266, 265, 267, 262, 263, 263, 265, 262, 267,
    264, 264, 269, 267, 270, 267, 270, 266, 268, 268, 266, 269, 268, 270,
    269, 268, 269, 270, 267, 269, 269, 269, 269, 271, 269, 267, 268, 267,
    270, 268, 266, 270, 269 ]
headPositionsY: [ 72, 77, 75, 74, 75, 77, 77, 77, 75, 73, 73, 75, 74, 75,
    74, 76, 74, 74, 77, 77, 74, 76, 74, 74, 77, 78, 82, 83, 88, 92, 88,
    89, 88, 85, 77, 79, 80, 82, 81, 85, 90, 91, 90, 86, 86, 80, 80, 81,
    81, 84, 88, 89, 89, 89, 87, 85, 84, 82, 83, 83, 85, 87, 90, 88, 92,
    86, 84, 81, 80, 76, 80, 79, 82, 86, 92, 90, 89, 89, 82, 80, 76, 74,
    75, 75, 74, 74, 75, 72, 74, 75, 75, 73, 72, 74, 73, 74, 72, 73, 72,
    75 ]
