%YAML:1.0
---
videoName: "headNod38.mp4"
gestureLabel: 202
fps: 29
pixelSizeInCmTemp: 2.9937500000000000e-01
faceCenterPointX: 267
faceCenterPointY: 73
headPositionsX: [ 268, 269, 269, 267, 269, 265, 265, 265, 267, 267, 266,
    264, 266, 266, 269, 267, 266, 267, 268, 269, 265, 267, 268, 267, 267,
    267, 268, 265, 267, 262, 265, 267, 267, 264, 266, 265, 266, 264, 264,
    267, 265, 266, 266, 268, 266, 266, 267, 266, 270, 266, 266, 265, 269,
    269, 267, 271, 269, 266, 268, 266, 266, 266, 268, 267, 271, 268, 269,
    271, 266, 269, 267, 271, 269, 268, 267, 269, 269, 268, 266, 267, 269,
    268, 269, 266, 266, 270, 269, 270, 270, 265, 266, 265, 266, 267, 267,
    266, 267, 267, 269, 268 ]
headPositionsY: [ 74, 72, 75, 75, 77, 80, 83, 85, 87, 85, 79, 77, 78, 74,
    79, 80, 81, 84, 84, 84, 84, 79, 76, 74, 78, 77, 82, 86, 88, 89, 88,
    84, 82, 80, 74, 75, 72, 75, 75, 76, 80, 87, 86, 88, 85, 81, 78, 78,
    73, 73, 71, 71, 75, 77, 78, 82, 85, 87, 87, 85, 79, 76, 77, 73, 76,
    74, 69, 72, 76, 78, 80, 82, 83, 84, 86, 83, 83, 82, 81, 76, 75, 75,
    74, 73, 70, 70, 72, 72, 74, 72, 73, 74, 75, 74, 73, 74, 73, 73, 75,
    76 ]
