%YAML:1.0
---
videoName: "headNod49.mp4"
gestureLabel: 202
fps: 29
pixelSizeInCmTemp: 2.9207317073170730e-01
faceCenterPointX: 263
faceCenterPointY: 74
headPositionsX: [ 263, 263, 264, 263, 267, 264, 262, 264, 267, 265, 264,
    264, 265, 266, 264, 263, 263, 266, 266, 267, 263, 263, 265, 266, 265,
    262, 266, 265, 264, 264, 263, 262, 265, 262, 263, 264, 265, 266, 265,
    265, 264, 264, 265, 261, 262, 261, 260, 262, 264, 262, 261, 261, 262,
    264, 263, 265, 265, 263, 264, 262, 265, 262, 262, 266, 265, 264, 262,
    265, 264, 262, 264, 262, 266, 264, 266, 265, 261, 263, 262, 262, 263,
    261, 264, 264, 263, 262, 261, 262, 263, 260, 265, 263, 261, 261, 262,
    262, 262, 262, 263, 262 ]
headPositionsY: [ 72, 71, 70, 72, 69, 74, 73, 71, 74, 70, 72, 72, 73, 69,
    69, 68, 67, 69, 69, 70, 67, 71, 71, 72, 76, 76, 79, 77, 74, 76, 72,
    71, 69, 68, 70, 68, 70, 75, 75, 79, 80, 80, 77, 76, 76, 70, 72, 72,
    72, 70, 71, 75, 77, 75, 76, 76, 76, 79, 76, 74, 76, 72, 71, 73, 72,
    74, 77, 79, 79, 79, 77, 79, 76, 74, 75, 75, 75, 74, 73, 74, 76, 73,
    75, 76, 72, 74, 72, 72, 73, 76, 76, 73, 72, 74, 75, 77, 76, 74, 74,
    74 ]
