%YAML:1.0
---
videoName: "headNod29.mp4"
gestureLabel: 202
fps: 29
pixelSizeInCmTemp: 3.1933333333333330e-01
faceCenterPointX: 271
faceCenterPointY: 70
headPositionsX: [ 271, 274, 274, 270, 274, 272, 272, 273, 272, 274, 272,
    273, 272, 272, 271, 273, 273, 269, 274, 271, 274, 271, 272, 275, 271,
    274, 274, 271, 269, 273, 269, 270, 272, 272, 273, 271, 272, 271, 272,
    268, 273, 271, 272, 272, 271, 271, 273, 269, 270, 273, 269, 270, 271,
    271, 272, 273, 270, 270, 268, 270, 269, 269, 270, 273, 269, 270, 270,
    268, 270, 271, 269, 271, 271, 272, 269, 272, 271, 273, 269, 272, 273,
    271, 269, 271, 271, 274, 270, 269, 271, 273, 272, 271, 273, 271, 268,
    271, 269, 269, 272, 270 ]
headPositionsY: [ 69, 72, 71, 71, 75, 78, 78, 80, 79, 81, 79, 79, 76, 73,
    71, 70, 67, 68, 67, 68, 69, 69, 67, 72, 74, 76, 77, 79, 77, 81, 77,
    79, 75, 73, 71, 70, 73, 72, 73, 74, 77, 77, 77, 79, 81, 78, 77, 74,
    75, 72, 73, 73, 74, 80, 80, 80, 83, 82, 80, 77, 75, 74, 73, 78, 75,
    77, 77, 79, 76, 73, 74, 69, 70, 69, 69, 70, 72, 72, 76, 75, 78, 76,
    76, 71, 74, 70, 69, 69, 69, 68, 71, 67, 71, 71, 70, 72, 72, 68, 71,
    71 ]
