%YAML:1.0
---
videoName: "headNod49.mp4"
gestureLabel: 202
fps: 29
pixelSizeInCmTemp: 2.9207317073170730e-01
faceCenterPointX: 263
faceCenterPointY: 74
headPositionsX: [ 261, 266, 263, 266, 267, 265, 264, 264, 263, 264, 267,
    262, 264, 265, 265, 262, 266, 262, 266, 264, 262, 264, 266, 264, 264,
    263, 262, 266, 264, 265, 265, 263, 265, 262, 261, 264, 266, 263, 265,
    266, 265, 266, 261, 263, 265, 265, 262, 261, 265, 265, 262, 264, 265,
    266, 265, 262, 262, 266, 266, 265, 265, 265, 263, 265, 262, 262, 265,
    262, 265, 264, 266, 264, 264, 264, 263, 265, 265, 264, 265, 261, 263,
    263, 262, 264, 262, 260, 262, 261, 261, 264, 265, 265, 264, 262, 261,
    264, 263, 263, 260, 263 ]
headPositionsY: [ 72, 72, 72, 70, 72, 73, 74, 71, 75, 72, 73, 73, 70, 71,
    67, 70, 68, 67, 70, 67, 68, 72, 72, 73, 75, 76, 79, 78, 77, 73, 71,
    73, 70, 72, 71, 71, 72, 73, 73, 76, 79, 76, 78, 74, 76, 72, 72, 68,
    69, 71, 70, 75, 75, 77, 79, 77, 78, 79, 78, 76, 73, 73, 71, 72, 74,
    76, 75, 79, 80, 80, 75, 78, 78, 77, 75, 74, 72, 73, 75, 74, 74, 74,
    77, 73, 72, 75, 74, 72, 76, 72, 73, 74, 73, 75, 73, 73, 72, 75, 72,
    75 ]
