%YAML:1.0
---
videoName: "headNod25.mp4"
gestureLabel: 202
fps: 29
pixelSizeInCmTemp: 3.1933333333333330e-01
faceCenterPointX: 270
faceCenterPointY: 75
headPositionsX: [ 270, 269, 272, 273, 270, 268, 271, 268, 272, 271, 270,
    268, 268, 267, 272, 269, 270, 270, 273, 270, 274, 272, 271, 273, 271,
    274, 271, 273, 273, 272, 275, 272, 271, 274, 272, 274, 273, 273, 274,
    272, 269, 274, 273, 270, 270, 273, 273, 270, 270, 269, 272, 272, 273,
    272, 270, 271, 272, 274, 272, 270, 273, 271, 273, 269, 273, 271, 269,
    269, 271, 268, 270, 270, 273, 273, 270, 270, 271, 271, 274, 271, 273,
    272, 273, 271, 270, 271, 269, 272, 269, 274, 270, 270, 269, 270, 268,
    272, 269, 272, 272, 272 ]
headPositionsY: [ 76, 72, 72, 72, 73, 75, 76, 75, 76, 75, 75, 76, 75, 75,
    72, 75, 72, 76, 76, 73, 75, 76, 76, 76, 74, 73, 75, 73, 77, 73, 75,
    77, 74, 74, 75, 75, 73, 77, 75, 76, 72, 76, 72, 76, 74, 74, 76, 74,
    72, 73, 71, 66, 66, 63, 66, 63, 65, 65, 66, 70, 73, 76, 80, 82, 87,
    90, 90, 87, 83, 79, 80, 74, 74, 71, 69, 70, 70, 70, 70, 71, 74, 77,
    81, 78, 82, 80, 79, 80, 76, 76, 74, 77, 73, 75, 78, 77, 77, 73, 73,
    74 ]
