%YAML:1.0
---
videoName: "headNod49.mp4"
gestureLabel: 202
fps: 29
pixelSizeInCmTemp: 2.9207317073170730e-01
faceCenterPointX: 263
faceCenterPointY: 74
headPositionsX: [ 265, 263, 264, 264, 264, 264, 265, 267, 266, 265, 267,
    266, 263, 262, 265, 265, 264, 262, 263, 266, 263, 266, 266, 266, 264,
    266, 266, 263, 261, 264, 263, 262, 264, 265, 261, 266, 264, 266, 265,
    266, 264, 264, 265, 263, 263, 262, 260, 265, 263, 263, 261, 262, 263,
    266, 265, 265, 265, 263, 264, 264, 264, 264, 266, 266, 265, 263, 262,
    264, 266, 266, 264, 264, 266, 265, 262, 264, 265, 264, 266, 263, 262,
    265, 262, 265, 263, 263, 263, 261, 262, 262, 263, 263, 262, 264, 262,
    265, 262, 262, 260, 261 ]
headPositionsY: [ 76, 72, 72, 72, 71, 72, 71, 71, 74, 71, 72, 70, 70, 71,
    67, 67, 69, 67, 67, 71, 68, 68, 72, 72, 79, 78, 80, 76, 73, 74, 70,
    72, 68, 68, 69, 70, 69, 75, 73, 77, 79, 79, 80, 75, 74, 72, 71, 72,
    72, 73, 71, 74, 73, 75, 76, 75, 79, 76, 78, 73, 73, 75, 73, 73, 75,
    74, 74, 78, 78, 79, 78, 76, 75, 75, 77, 76, 75, 72, 73, 73, 75, 74,
    78, 74, 73, 75, 74, 73, 72, 74, 74, 73, 74, 74, 72, 73, 74, 73, 73,
    74 ]
