%YAML:1.0
---
videoName: "headNod43.mp4"
gestureLabel: 202
fps: 29
pixelSizeInCmTemp: 2.8855421686746985e-01
faceCenterPointX: 268
faceCenterPointY: 74
headPositionsX: [ 266, 270, 271, 269, 270, 268, 272, 269, 272, 270, 269,
    269, 267, 266, 268, 268, 266, 268, 269, 266, 267, 270, 266, 267, 265,
    267, 266, 269, 264, 265, 265, 266, 267, 265, 266, 267, 264, 267, 266,
    265, 264, 266, 266, 263, 263, 263, 267, 265, 264, 266, 265, 265, 262,
    263, 264, 263, 264, 267, 263, 267, 263, 265, 265, 262, 264, 263, 268,
    264, 264, 269, 268, 266, 268, 270, 266, 267, 268, 268, 265, 269, 268,
    269, 269, 267, 271, 267, 268, 267, 271, 267, 267, 267, 266, 269, 271,
    269, 267, 266, 271, 269 ]
headPositionsY: [ 73, 78, 76, 76, 74, 77, 74, 77, 74, 76, 75, 78, 73, 73,
    76, 75, 73, 73, 74, 77, 77, 73, 77, 74, 74, 76, 78, 83, 88, 89, 89,
    89, 85, 83, 81, 76, 76, 81, 80, 87, 86, 92, 91, 89, 86, 83, 80, 82,
    82, 87, 87, 92, 89, 89, 86, 85, 83, 83, 82, 86, 86, 91, 91, 90, 88,
    84, 82, 81, 79, 79, 81, 82, 81, 85, 89, 88, 92, 89, 82, 79, 77, 73,
    72, 74, 75, 72, 75, 73, 75, 73, 71, 73, 76, 76, 71, 73, 73, 76, 72,
    72 ]
