%YAML:1.0
---
videoName: "headNod35.mp4"
gestureLabel: 202
fps: 30
pixelSizeInCmTemp: 2.9937500000000000e-01
faceCenterPointX: 268
faceCenterPointY: 78
headPositionsX: [ 269, 268, 267, 269, 269, 269, 271, 272, 268, 271, 268,
    268, 272, 270, 272, 271, 269, 272, 272, 272, 271, 267, 271, 268, 267,
    272, 268, 271, 268, 271, 269, 272, 268, 268, 269, 270, 271, 267, 268,
    266, 266, 268, 265, 269, 266, 270, 266, 268, 269, 271, 272, 271, 271,
    268, 267, 267, 270, 266, 267, 267, 268, 269, 268, 270, 268, 268, 269,
    267, 267, 267, 270, 271, 270, 267, 266, 266, 266, 270, 270, 271, 270,
    267, 266, 267, 267, 264, 264, 265, 268, 268, 265, 267, 268, 266, 267,
    266, 267, 267, 266, 267 ]
headPositionsY: [ 79, 75, 73, 75, 77, 77, 75, 77, 76, 78, 76, 76, 76, 74,
    74, 74, 79, 78, 77, 77, 75, 76, 79, 76, 76, 75, 78, 72, 70, 67, 66,
    66, 71, 68, 72, 74, 77, 83, 90, 93, 95, 93, 88, 83, 82, 79, 77, 74,
    72, 77, 76, 81, 83, 86, 88, 87, 87, 86, 82, 83, 74, 71, 71, 71, 71,
    76, 76, 82, 86, 86, 86, 84, 83, 80, 77, 76, 75, 75, 76, 78, 81, 85,
    86, 89, 85, 83, 85, 84, 79, 80, 79, 80, 79, 76, 80, 79, 81, 75, 78,
    76 ]
