%YAML:1.0
---
videoName: "headNod14.mp4"
gestureLabel: 202
fps: 29
pixelSizeInCmTemp: 3.2808219178082193e-01
faceCenterPointX: 257
faceCenterPointY: 71
headPositionsX: [ 258, 258, 259, 260, 257, 257, 260, 261, 258, 259, 259,
    257, 260, 257, 256, 257, 259, 260, 256, 260, 259, 260, 258, 257, 258,
    258, 261, 260, 260, 258, 260, 257, 260, 260, 256, 259, 257, 261, 260,
    260, 261, 259, 260, 260, 258, 260, 261, 260, 259, 258, 259, 259, 258,
    258, 258, 259, 261, 258, 259, 259, 261, 256, 261, 260, 258, 257, 259,
    257, 261, 259, 261, 258, 258, 255, 255, 259, 256, 255, 258, 258, 257,
    257, 258, 259, 258, 259, 257, 254, 257, 256, 256, 257, 258, 254, 255,
    258, 259, 257, 257, 257 ]
headPositionsY: [ 71, 75, 78, 76, 80, 77, 78, 76, 78, 77, 79, 77, 80, 76,
    77, 75, 78, 75, 77, 77, 77, 75, 76, 80, 78, 79, 77, 76, 76, 79, 80,
    78, 78, 76, 76, 80, 76, 78, 79, 73, 76, 70, 72, 71, 70, 66, 69, 73,
    70, 72, 74, 77, 80, 79, 80, 80, 78, 81, 78, 73, 71, 72, 68, 72, 73,
    71, 74, 75, 76, 80, 80, 84, 81, 75, 74, 70, 72, 68, 66, 72, 71, 72,
    76, 78, 81, 81, 80, 79, 76, 77, 70, 73, 67, 67, 69, 71, 69, 72, 72,
    72 ]
