%YAML:1.0
---
videoName: "headNod46.mp4"
gestureLabel: 202
fps: 30
pixelSizeInCmTemp: 2.8511904761904761e-01
faceCenterPointX: 264
faceCenterPointY: 72
headPositionsX: [ 266, 266, 265, 264, 263, 267, 264, 263, 267, 265, 265,
    263, 264, 262, 266, 267, 264, 264, 265, 262, 263, 264, 265, 267, 265,
    267, 267, 267, 267, 266, 265, 264, 266, 265, 263, 264, 259, 261, 263,
    261, 263, 265, 262, 261, 261, 261, 260, 262, 264, 261, 262, 261, 263,
    262, 261, 261, 264, 265, 262, 265, 264, 262, 264, 262, 266, 264, 262,
    265, 266, 261, 262, 264, 265, 263, 267, 264, 266, 263, 266, 263, 266,
    262, 263, 264, 265, 261, 262, 265, 261, 263, 262, 262, 264, 262, 265,
    262, 265, 263, 265, 265 ]
headPositionsY: [ 73, 70, 69, 68, 69, 70, 68, 72, 71, 76, 76, 76, 81, 82,
    85, 90, 89, 91, 88, 82, 79, 77, 75, 71, 69, 70, 70, 71, 71, 75, 79,
    85, 86, 88, 89, 86, 79, 78, 76, 66, 66, 70, 69, 73, 74, 76, 80, 86,
    86, 81, 79, 77, 77, 72, 66, 67, 69, 68, 71, 70, 71, 78, 77, 79, 74,
    72, 73, 69, 71, 69, 70, 72, 71, 74, 75, 73, 75, 71, 74, 71, 71, 67,
    72, 69, 73, 72, 74, 73, 72, 72, 70, 69, 69, 74, 69, 72, 70, 73, 73,
    70 ]
