%YAML:1.0
---
videoName: "headNod34.mp4"
gestureLabel: 202
fps: 29
pixelSizeInCmTemp: 2.9567901234567900e-01
faceCenterPointX: 266
faceCenterPointY: 78
headPositionsX: [ 268, 269, 269, 267, 270, 268, 269, 271, 271, 268, 270,
    269, 270, 267, 271, 268, 269, 268, 272, 266, 267, 267, 269, 272, 271,
    271, 268, 271, 269, 268, 270, 268, 269, 268, 267, 268, 271, 272, 270,
    271, 269, 268, 272, 271, 269, 270, 272, 269, 267, 269, 270, 270, 268,
    270, 271, 270, 268, 268, 269, 270, 272, 271, 270, 272, 268, 272, 270,
    272, 268, 269, 271, 268, 269, 268, 268, 266, 265, 267, 266, 266, 268,
    265, 264, 264, 265, 264, 265, 268, 266, 266, 265, 266, 263, 264, 264,
    264, 268, 267, 266, 265 ]
headPositionsY: [ 77, 74, 74, 75, 76, 78, 74, 77, 78, 76, 76, 78, 75, 77,
    77, 75, 77, 78, 78, 76, 78, 78, 77, 78, 77, 75, 78, 78, 75, 78, 74,
    77, 76, 79, 75, 76, 78, 74, 71, 69, 71, 73, 73, 76, 83, 84, 90, 87,
    87, 85, 79, 75, 76, 70, 71, 72, 74, 78, 80, 83, 83, 82, 78, 80, 77,
    79, 76, 79, 79, 79, 83, 85, 84, 81, 81, 82, 78, 78, 75, 77, 78, 80,
    84, 84, 82, 83, 81, 77, 80, 79, 76, 80, 80, 81, 80, 79, 80, 80, 79,
    78 ]
