%YAML:1.0
---
videoName: "headNod33.mp4"
gestureLabel: 202
fps: 29
pixelSizeInCmTemp: 2.9567901234567900e-01
faceCenterPointX: 268
faceCenterPointY: 74
headPositionsX: [ 267, 268, 269, 268, 268, 268, 271, 268, 269, 270, 271,
    272, 272, 269, 270, 272, 270, 272, 269, 268, 273, 273, 272, 268, 272,
    268, 269, 269, 267, 268, 268, 271, 270, 268, 270, 268, 271, 267, 269,
    268, 270, 271, 271, 272, 269, 269, 268, 269, 270, 267, 267, 267, 268,
    269, 268, 266, 268, 266, 268, 265, 266, 266, 266, 269, 268, 266, 265,
    267, 268, 269, 265, 268, 266, 269, 267, 270, 269, 270, 269, 266, 268,
    267, 269, 268, 266, 266, 269, 267, 265, 266, 267, 266, 268, 266, 268,
    269, 266, 269, 267, 269 ]
headPositionsY: [ 74, 71, 74, 73, 71, 69, 72, 70, 73, 71, 73, 73, 73, 70,
    74, 70, 73, 69, 74, 72, 75, 71, 73, 73, 73, 73, 69, 70, 72, 70, 70,
    72, 74, 73, 75, 78, 76, 74, 75, 72, 69, 66, 63, 66, 67, 64, 69, 77,
    78, 83, 84, 83, 83, 75, 75, 71, 71, 71, 72, 72, 71, 70, 72, 74, 75,
    76, 77, 78, 76, 78, 72, 74, 72, 73, 69, 69, 70, 73, 73, 75, 73, 76,
    77, 80, 77, 78, 77, 74, 75, 74, 75, 75, 74, 73, 73, 74, 77, 75, 75,
    77 ]
