%YAML:1.0
---
videoName: "headNod3.mp4"
gestureLabel: 202
fps: 29
pixelSizeInCmTemp: 3.1933333333333330e-01
faceCenterPointX: 264
faceCenterPointY: 76
headPositionsX: [ 262, 262, 263, 261, 264, 265, 265, 263, 263, 265, 268,
    268, 265, 266, 266, 266, 266, 266, 266, 267, 266, 267, 267, 263, 265,
    263, 265, 263, 263, 267, 264, 268, 268, 267, 264, 266, 266, 264, 268,
    267, 266, 267, 268, 265, 267, 263, 263, 264, 265, 267, 267, 267, 266,
    265, 266, 262, 265, 264, 262, 262, 265, 261, 261, 265, 261, 264, 265,
    266, 263, 262, 264, 264, 265, 265, 265, 264, 263, 266, 265, 262, 261,
    264, 263, 264, 262, 264, 266, 262, 266, 263, 262, 265, 263, 266, 265,
    262, 264, 265, 264, 267 ]
headPositionsY: [ 74, 75, 75, 75, 78, 74, 75, 77, 78, 74, 73, 72, 71, 72,
    71, 74, 73, 71, 74, 75, 71, 70, 73, 73, 73, 72, 72, 72, 75, 73, 72,
    73, 73, 75, 75, 76, 72, 73, 74, 73, 77, 76, 73, 75, 74, 67, 70, 67,
    65, 67, 70, 70, 71, 75, 76, 79, 84, 82, 84, 76, 76, 71, 68, 71, 66,
    66, 70, 72, 72, 76, 82, 81, 80, 79, 77, 72, 69, 68, 67, 67, 64, 66,
    69, 69, 74, 73, 79, 78, 80, 79, 76, 78, 78, 75, 78, 79, 78, 74, 74,
    76 ]
