%YAML:1.0
---
videoName: "headNod32.mp4"
gestureLabel: 202
fps: 29
pixelSizeInCmTemp: 2.8855421686746985e-01
faceCenterPointX: 266
faceCenterPointY: 74
headPositionsX: [ 266, 268, 268, 267, 271, 266, 264, 269, 266, 267, 266,
    263, 263, 265, 266, 263, 268, 267, 265, 268, 266, 264, 265, 268, 267,
    266, 267, 265, 265, 268, 266, 264, 267, 269, 268, 268, 265, 269, 267,
    269, 268, 268, 268, 266, 268, 265, 267, 267, 266, 268, 265, 265, 266,
    269, 265, 269, 267, 269, 265, 265, 269, 267, 267, 268, 267, 270, 268,
    269, 269, 264, 266, 265, 266, 265, 267, 267, 264, 268, 268, 266, 266,
    264, 267, 267, 265, 269, 265, 267, 267, 268, 266, 268, 270, 265, 268,
    268, 269, 267, 269, 268 ]
headPositionsY: [ 72, 76, 76, 79, 81, 78, 79, 80, 78, 79, 76, 78, 76, 76,
    78, 80, 76, 79, 75, 79, 78, 77, 76, 76, 75, 79, 78, 77, 77, 77, 80,
    77, 80, 78, 77, 77, 78, 77, 76, 80, 77, 76, 78, 75, 76, 77, 76, 78,
    77, 76, 80, 75, 79, 78, 74, 77, 77, 73, 74, 75, 70, 68, 68, 66, 66,
    66, 68, 72, 76, 82, 86, 86, 86, 86, 84, 79, 75, 75, 71, 72, 71, 71,
    69, 72, 73, 73, 76, 74, 73, 74, 74, 73, 78, 75, 76, 76, 77, 75, 74,
    72 ]
