%YAML:1.0
---
videoName: "headNod1.mp4"
gestureLabel: 202
fps: 29
pixelSizeInCmTemp: 3.2808219178082193e-01
faceCenterPointX: 263
faceCenterPointY: 78
headPositionsX: [ 262, 265, 263, 262, 263, 263, 263, 264, 262, 263, 264,
    266, 264, 264, 261, 263, 261, 264, 262, 264, 263, 263, 266, 264, 265,
    262, 265, 263, 264, 266, 266, 266, 262, 267, 265, 262, 263, 266, 263,
    264, 268, 264, 263, 264, 264, 266, 263, 266, 265, 262, 263, 265, 262,
    263, 262, 265, 260, 264, 263, 264, 264, 262, 262, 263, 261, 262, 265,
    266, 262, 261, 263, 261, 265, 264, 261, 260, 262, 261, 264, 260, 259,
    264, 260, 264, 263, 261, 265, 261, 262, 264, 264, 260, 263, 263, 264,
    260, 262, 261, 261, 263 ]
headPositionsY: [ 79, 74, 73, 75, 74, 76, 76, 75, 77, 76, 74, 77, 74, 73,
    76, 76, 72, 72, 77, 76, 73, 73, 75, 77, 75, 77, 76, 74, 75, 77, 73,
    75, 74, 76, 71, 69, 67, 67, 67, 64, 63, 62, 63, 65, 63, 65, 66, 71,
    70, 77, 78, 81, 83, 80, 83, 82, 77, 76, 74, 70, 72, 68, 68, 66, 63,
    65, 71, 74, 72, 77, 79, 76, 78, 77, 72, 68, 70, 66, 65, 66, 65, 68,
    70, 69, 74, 76, 78, 82, 79, 82, 81, 84, 81, 80, 78, 77, 79, 80, 78,
    79 ]
