%YAML:1.0
---
videoName: "headNod14.mp4"
gestureLabel: 202
fps: 29
pixelSizeInCmTemp: 3.2808219178082193e-01
faceCenterPointX: 257
faceCenterPointY: 71
headPositionsX: [ 257, 257, 259, 258, 261, 257, 258, 260, 255, 259, 260,
    260, 258, 260, 257, 258, 260, 258, 260, 257, 257, 260, 260, 261, 259,
    257, 257, 259, 257, 261, 261, 258, 261, 258, 258, 261, 257, 260, 259,
    260, 261, 260, 259, 259, 260, 261, 258, 258, 258, 258, 260, 260, 258,
    256, 256, 257, 259, 260, 257, 256, 258, 258, 258, 258, 259, 260, 257,
    260, 257, 259, 261, 258, 259, 258, 259, 257, 258, 259, 258, 257, 260,
    258, 258, 256, 260, 256, 257, 258, 258, 258, 258, 256, 257, 255, 259,
    259, 258, 255, 257, 257 ]
headPositionsY: [ 72, 78, 78, 76, 79, 78, 76, 76, 78, 78, 77, 78, 80, 78,
    79, 78, 78, 75, 77, 79, 77, 78, 75, 78, 77, 76, 78, 75, 80, 80, 79,
    79, 78, 80, 75, 76, 75, 78, 79, 75, 72, 73, 70, 70, 69, 70, 72, 71,
    69, 73, 77, 79, 79, 81, 82, 80, 80, 79, 76, 74, 73, 72, 69, 72, 71,
    72, 75, 77, 80, 78, 80, 83, 80, 75, 77, 70, 70, 66, 69, 69, 72, 72,
    73, 78, 82, 79, 78, 75, 75, 74, 73, 73, 69, 70, 71, 69, 72, 69, 70,
    71 ]
