%YAML:1.0
---
videoName: "headNod1.mp4"
gestureLabel: 202
fps: 29
pixelSizeInCmTemp: 3.2808219178082193e-01
faceCenterPointX: 263
faceCenterPointY: 78
headPositionsX: [ 261, 265, 262, 262, 261, 265, 261, 263, 265, 261, 261,
    263, 262, 261, 262, 262, 265, 262, 262, 265, 264, 266, 265, 263, 264,
    265, 264, 265, 266, 265, 262, 263, 261, 265, 264, 264, 265, 264, 264,
    266, 266, 262, 264, 264, 267, 267, 263, 265, 266, 262, 263, 266, 264,
    261, 261, 264, 260, 265, 261, 262, 261, 261, 263, 265, 261, 265, 264,
    263, 263, 264, 263, 262, 263, 262, 265, 263, 261, 261, 263, 264, 263,
    264, 261, 262, 262, 261, 261, 264, 263, 263, 261, 264, 261, 262, 262,
    261, 265, 264, 261, 263 ]
headPositionsY: [ 78, 72, 74, 75, 73, 77, 76, 76, 73, 77, 74, 75, 77, 77,
    76, 74, 72, 76, 74, 75, 76, 74, 73, 74, 77, 76, 77, 74, 76, 75, 76,
    74, 76, 74, 72, 69, 68, 67, 64, 65, 63, 61, 64, 63, 64, 64, 67, 72,
    70, 73, 79, 77, 82, 80, 80, 79, 77, 78, 75, 71, 71, 70, 66, 67, 63,
    69, 67, 72, 73, 75, 77, 76, 76, 76, 71, 69, 66, 64, 66, 64, 67, 66,
    67, 71, 76, 73, 76, 78, 82, 84, 81, 84, 81, 82, 81, 77, 79, 79, 80,
    79 ]
