%YAML:1.0
---
videoName: "headNod7.mp4"
gestureLabel: 202
fps: 29
pixelSizeInCmTemp: 3.2808219178082193e-01
faceCenterPointX: 261
faceCenterPointY: 71
headPositionsX: [ 261, 268, 267, 267, 268, 264, 264, 264, 266, 261, 262,
    262, 266, 262, 260, 263, 262, 262, 262, 264, 262, 264, 260, 263, 263,
    265, 264, 261, 261, 261, 264, 264, 263, 260, 260, 259, 262, 262, 263,
    260, 263, 261, 260, 264, 263, 259, 261, 260, 263, 260, 264, 260, 264,
    264, 263, 260, 262, 262, 262, 261, 263, 259, 263, 260, 261, 263, 263,
    261, 262, 258, 258, 260, 261, 262, 259, 261, 262, 263, 261, 259, 263,
    260, 261, 261, 263, 262, 259, 263, 262, 262, 262, 264, 261, 263, 260,
    263, 263, 259, 260, 261 ]
headPositionsY: [ 69, 77, 75, 73, 74, 70, 77, 72, 76, 73, 74, 73, 74, 74,
    74, 75, 76, 75, 77, 72, 74, 74, 74, 73, 76, 76, 73, 75, 77, 74, 77,
    74, 76, 75, 76, 76, 75, 74, 73, 77, 74, 76, 74, 74, 77, 77, 75, 77,
    74, 70, 72, 68, 71, 72, 71, 74, 77, 79, 79, 75, 77, 69, 70, 70, 73,
    73, 75, 78, 78, 80, 76, 75, 73, 70, 73, 72, 68, 69, 71, 74, 74, 75,
    77, 79, 79, 75, 75, 76, 72, 71, 72, 73, 71, 72, 73, 70, 70, 69, 70,
    69 ]
