%YAML:1.0
---
videoName: "headNod31.mp4"
gestureLabel: 202
fps: 29
pixelSizeInCmTemp: 2.8855421686746985e-01
faceCenterPointX: 267
faceCenterPointY: 75
headPositionsX: [ 268, 272, 270, 269, 269, 270, 271, 269, 269, 270, 271,
    270, 268, 270, 271, 269, 268, 267, 270, 265, 269, 267, 266, 267, 266,
    268, 266, 267, 266, 266, 269, 268, 268, 270, 267, 270, 269, 271, 270,
    269, 268, 265, 270, 268, 264, 266, 267, 265, 270, 269, 265, 266, 268,
    264, 268, 266, 268, 266, 267, 268, 268, 266, 266, 264, 269, 268, 268,
    266, 266, 269, 268, 264, 268, 266, 267, 269, 267, 268, 264, 269, 267,
    268, 267, 264, 266, 265, 268, 269, 266, 265, 268, 269, 268, 269, 266,
    268, 269, 269, 265, 265 ]
headPositionsY: [ 77, 75, 75, 72, 72, 73, 73, 67, 66, 66, 68, 65, 66, 67,
    75, 81, 83, 87, 86, 84, 83, 82, 81, 77, 75, 74, 74, 70, 69, 69, 68,
    67, 75, 76, 77, 83, 83, 84, 89, 88, 87, 84, 78, 78, 73, 72, 72, 75,
    75, 79, 83, 81, 86, 84, 84, 81, 76, 77, 74, 70, 70, 71, 71, 67, 70,
    73, 74, 76, 78, 83, 78, 81, 78, 75, 74, 73, 70, 69, 73, 71, 72, 77,
    76, 77, 77, 78, 78, 75, 77, 74, 73, 73, 75, 77, 76, 78, 75, 74, 75,
    77 ]
