%YAML:1.0
---
videoName: "headNod24.mp4"
gestureLabel: 202
fps: 29
pixelSizeInCmTemp: 3.1513157894736843e-01
faceCenterPointX: 272
faceCenterPointY: 72
headPositionsX: [ 272, 274, 276, 277, 276, 276, 276, 273, 275, 274, 273,
    273, 276, 275, 274, 273, 276, 275, 272, 275, 273, 271, 273, 272, 271,
    273, 272, 274, 274, 273, 274, 275, 273, 274, 272, 274, 274, 272, 271,
    273, 273, 272, 272, 272, 270, 273, 272, 275, 275, 270, 273, 276, 271,
    273, 273, 273, 272, 270, 274, 273, 272, 274, 268, 273, 272, 268, 270,
    271, 270, 270, 270, 269, 273, 270, 272, 273, 268, 272, 272, 270, 272,
    271, 270, 268, 269, 268, 271, 271, 272, 271, 273, 269, 273, 274, 273,
    271, 272, 272, 270, 274 ]
headPositionsY: [ 71, 73, 71, 72, 71, 75, 71, 73, 75, 74, 73, 74, 74, 73,
    74, 74, 73, 75, 73, 75, 71, 72, 75, 74, 74, 72, 76, 75, 74, 73, 71,
    74, 72, 72, 72, 71, 70, 70, 70, 71, 69, 75, 75, 79, 81, 83, 81, 75,
    70, 68, 68, 68, 68, 74, 76, 73, 76, 71, 71, 67, 64, 65, 66, 69, 72,
    75, 76, 78, 73, 74, 71, 68, 71, 67, 69, 69, 71, 73, 74, 73, 74, 74,
    76, 70, 70, 69, 72, 72, 72, 72, 69, 70, 73, 72, 75, 74, 74, 70, 70,
    71 ]
