%YAML:1.0
---
videoName: "headNod14.mp4"
gestureLabel: 202
fps: 29
pixelSizeInCmTemp: 3.2808219178082193e-01
faceCenterPointX: 257
faceCenterPointY: 71
headPositionsX: [ 256, 257, 256, 256, 258, 256, 259, 261, 256, 258, 259,
    258, 260, 258, 259, 257, 259, 257, 259, 259, 259, 259, 259, 258, 258,
    260, 257, 256, 259, 259, 257, 260, 257, 261, 257, 259, 257, 260, 260,
    259, 257, 261, 259, 258, 258, 258, 261, 258, 261, 259, 259, 259, 258,
    258, 258, 256, 261, 260, 258, 260, 258, 257, 258, 257, 261, 261, 261,
    259, 260, 258, 257, 260, 258, 257, 258, 258, 258, 257, 257, 256, 256,
    259, 255, 258, 260, 257, 256, 255, 260, 256, 258, 257, 256, 258, 258,
    257, 255, 258, 259, 255 ]
headPositionsY: [ 69, 78, 75, 77, 78, 74, 75, 78, 78, 78, 78, 77, 77, 78,
    77, 77, 74, 76, 76, 76, 79, 79, 75, 78, 75, 79, 76, 79, 77, 80, 79,
    77, 79, 78, 76, 77, 77, 79, 79, 74, 75, 71, 70, 68, 70, 67, 72, 71,
    73, 73, 74, 77, 80, 82, 81, 79, 81, 82, 76, 73, 71, 68, 67, 69, 70,
    72, 72, 77, 79, 78, 81, 80, 79, 79, 77, 70, 70, 70, 66, 71, 73, 71,
    73, 76, 82, 79, 78, 77, 77, 75, 74, 70, 71, 67, 69, 71, 71, 70, 73,
    70 ]
