%YAML:1.0
---
videoName: "headNod20.mp4"
gestureLabel: 202
fps: 30
pixelSizeInCmTemp: 3.2808219178082193e-01
faceCenterPointX: 253
faceCenterPointY: 80
headPositionsX: [ 252, 255, 255, 258, 254, 256, 253, 254, 258, 255, 253,
    257, 257, 255, 255, 257, 257, 257, 256, 254, 257, 257, 256, 253, 258,
    256, 256, 257, 256, 255, 255, 256, 255, 258, 258, 255, 253, 254, 254,
    254, 254, 255, 256, 251, 252, 254, 254, 252, 253, 253, 255, 254, 252,
    249, 253, 252, 251, 250, 252, 250, 254, 253, 250, 253, 252, 253, 254,
    254, 251, 255, 254, 253, 251, 250, 251, 252, 252, 253, 250, 253, 253,
    253, 253, 252, 252, 253, 250, 251, 255, 256, 254, 251, 254, 253, 253,
    255, 252, 252, 251, 253 ]
headPositionsY: [ 81, 76, 76, 77, 77, 80, 77, 76, 80, 79, 80, 77, 80, 80,
    77, 76, 81, 78, 77, 79, 76, 78, 78, 77, 79, 80, 81, 81, 78, 80, 84,
    83, 88, 86, 88, 81, 79, 79, 77, 70, 70, 72, 70, 73, 79, 78, 82, 86,
    87, 89, 87, 85, 81, 76, 79, 78, 77, 79, 80, 80, 81, 81, 81, 81, 76,
    78, 78, 78, 80, 82, 81, 82, 78, 76, 80, 79, 79, 79, 83, 82, 80, 79,
    78, 81, 82, 78, 81, 83, 83, 82, 78, 83, 78, 79, 81, 82, 79, 80, 82,
    81 ]
