%YAML:1.0
---
videoName: "headNod36.mp4"
gestureLabel: 202
fps: 29
pixelSizeInCmTemp: 2.8176470588235292e-01
faceCenterPointX: 269
faceCenterPointY: 75
headPositionsX: [ 270, 270, 273, 268, 270, 272, 270, 269, 268, 271, 272,
    273, 271, 269, 268, 268, 271, 273, 268, 272, 270, 272, 270, 269, 271,
    272, 268, 270, 272, 272, 269, 271, 269, 271, 270, 267, 268, 269, 266,
    267, 267, 267, 267, 268, 272, 272, 270, 271, 270, 270, 272, 270, 272,
    272, 271, 269, 269, 271, 271, 268, 271, 271, 268, 267, 269, 267, 266,
    266, 270, 269, 269, 268, 268, 265, 267, 267, 266, 270, 266, 267, 270,
    267, 267, 267, 267, 270, 270, 271, 268, 268, 270, 269, 269, 266, 269,
    272, 268, 269, 269, 268 ]
headPositionsY: [ 73, 75, 74, 76, 76, 73, 73, 75, 74, 75, 74, 74, 72, 73,
    74, 73, 72, 74, 73, 78, 77, 80, 80, 81, 76, 73, 70, 69, 65, 66, 63,
    65, 69, 76, 79, 85, 87, 89, 91, 87, 86, 80, 74, 72, 72, 66, 67, 67,
    67, 69, 71, 74, 78, 80, 83, 89, 88, 84, 83, 84, 81, 74, 74, 75, 73,
    73, 76, 79, 83, 84, 83, 82, 82, 76, 80, 76, 73, 72, 78, 81, 82, 85,
    83, 82, 82, 81, 83, 80, 78, 75, 76, 74, 76, 73, 76, 73, 77, 76, 77,
    76 ]
