%YAML:1.0
---
videoName: "headNod41.mp4"
gestureLabel: 202
fps: 29
pixelSizeInCmTemp: 2.9937500000000000e-01
faceCenterPointX: 267
faceCenterPointY: 76
headPositionsX: [ 269, 267, 268, 270, 270, 269, 272, 269, 271, 269, 270,
    270, 268, 272, 269, 269, 268, 269, 273, 273, 269, 273, 272, 272, 271,
    271, 270, 271, 267, 271, 272, 269, 271, 269, 269, 271, 272, 272, 268,
    267, 271, 269, 268, 269, 267, 267, 268, 267, 270, 265, 267, 270, 271,
    268, 271, 269, 266, 269, 268, 267, 267, 270, 268, 270, 269, 271, 269,
    270, 268, 269, 269, 269, 270, 270, 268, 268, 269, 266, 265, 267, 266,
    265, 267, 269, 268, 267, 269, 269, 268, 270, 267, 267, 268, 269, 266,
    267, 270, 268, 267, 267 ]
headPositionsY: [ 78, 71, 71, 73, 72, 72, 75, 75, 75, 75, 75, 73, 74, 73,
    76, 74, 74, 72, 76, 72, 74, 75, 72, 76, 73, 73, 74, 74, 72, 72, 72,
    73, 73, 75, 74, 76, 74, 74, 77, 76, 82, 83, 85, 87, 94, 94, 88, 89,
    85, 79, 76, 70, 68, 65, 64, 67, 68, 70, 74, 78, 79, 85, 94, 95, 91,
    91, 88, 83, 77, 75, 72, 71, 71, 69, 70, 75, 78, 83, 83, 86, 82, 79,
    78, 73, 74, 73, 74, 75, 75, 75, 80, 78, 77, 82, 80, 76, 79, 76, 78,
    78 ]
