%YAML:1.0
---
videoName: "headNod33.mp4"
gestureLabel: 202
fps: 29
pixelSizeInCmTemp: 2.9567901234567900e-01
faceCenterPointX: 268
faceCenterPointY: 74
headPositionsX: [ 270, 268, 268, 271, 266, 271, 271, 272, 268, 272, 271,
    270, 272, 269, 270, 269, 270, 273, 271, 272, 270, 273, 270, 271, 270,
    271, 270, 271, 270, 269, 268, 268, 271, 271, 267, 267, 267, 270, 272,
    271, 270, 269, 272, 268, 269, 271, 271, 269, 270, 266, 269, 270, 268,
    270, 268, 268, 269, 268, 268, 265, 267, 268, 268, 267, 265, 269, 268,
    268, 270, 266, 265, 265, 269, 268, 266, 271, 267, 267, 269, 266, 267,
    268, 266, 269, 266, 267, 269, 268, 265, 269, 268, 267, 266, 266, 268,
    266, 269, 267, 270, 265 ]
headPositionsY: [ 74, 71, 73, 72, 70, 70, 74, 70, 72, 70, 72, 72, 70, 69,
    72, 73, 71, 70, 74, 68, 73, 73, 71, 71, 71, 71, 72, 70, 74, 72, 74,
    73, 75, 74, 78, 78, 76, 75, 72, 69, 69, 67, 66, 63, 64, 66, 69, 74,
    78, 80, 81, 80, 80, 77, 77, 71, 69, 68, 69, 72, 71, 73, 73, 75, 76,
    74, 76, 76, 77, 78, 76, 74, 74, 72, 72, 71, 73, 72, 74, 75, 73, 76,
    77, 80, 77, 77, 79, 78, 76, 76, 75, 74, 77, 75, 75, 78, 77, 76, 74,
    77 ]
