%YAML:1.0
---
videoName: "headNod37.mp4"
gestureLabel: 202
fps: 29
pixelSizeInCmTemp: 2.9207317073170730e-01
faceCenterPointX: 269
faceCenterPointY: 78
headPositionsX: [ 271, 272, 270, 272, 268, 268, 271, 268, 270, 269, 272,
    272, 273, 272, 270, 272, 268, 271, 271, 268, 269, 269, 269, 267, 267,
    267, 272, 268, 267, 269, 268, 271, 270, 270, 269, 268, 270, 268, 272,
    271, 272, 270, 267, 270, 268, 269, 272, 267, 270, 270, 271, 269, 271,
    273, 269, 272, 270, 269, 269, 267, 267, 271, 269, 270, 265, 265, 267,
    264, 268, 268, 267, 266, 266, 269, 270, 267, 269, 269, 268, 272, 271,
    271, 272, 271, 269, 271, 269, 270, 268, 268, 268, 267, 271, 268, 271,
    268, 269, 270, 271, 267 ]
headPositionsY: [ 78, 75, 77, 77, 77, 75, 77, 76, 74, 77, 74, 78, 76, 75,
    78, 74, 77, 74, 73, 77, 77, 75, 76, 77, 74, 77, 75, 75, 77, 76, 75,
    78, 73, 76, 77, 73, 73, 78, 74, 76, 74, 77, 77, 73, 78, 78, 74, 78,
    79, 74, 77, 76, 70, 70, 65, 67, 67, 64, 65, 65, 72, 72, 79, 84, 86,
    86, 89, 84, 82, 81, 76, 72, 69, 66, 69, 67, 64, 65, 68, 70, 70, 72,
    80, 79, 81, 80, 81, 84, 83, 81, 78, 81, 76, 75, 80, 76, 76, 78, 76,
    77 ]
