%YAML:1.0
---
videoName: "headNod18.mp4"
gestureLabel: 202
fps: 29
pixelSizeInCmTemp: 3.3263888888888887e-01
faceCenterPointX: 255
faceCenterPointY: 77
headPositionsX: [ 255, 255, 255, 258, 256, 255, 255, 255, 258, 258, 254,
    257, 258, 255, 257, 254, 255, 254, 253, 256, 255, 253, 255, 254, 256,
    254, 255, 256, 254, 255, 254, 253, 257, 257, 253, 256, 255, 255, 257,
    256, 254, 257, 257, 254, 254, 255, 255, 253, 257, 253, 254, 256, 254,
    254, 253, 254, 255, 252, 256, 255, 252, 255, 254, 255, 253, 256, 254,
    252, 256, 254, 255, 256, 255, 253, 255, 254, 252, 254, 252, 256, 256,
    257, 251, 252, 254, 253, 253, 253, 254, 257, 252, 256, 256, 255, 256,
    256, 257, 254, 255, 257 ]
headPositionsY: [ 77, 78, 76, 79, 79, 76, 78, 77, 75, 79, 75, 80, 78, 78,
    75, 77, 78, 79, 80, 76, 76, 79, 75, 77, 77, 80, 79, 79, 80, 76, 81,
    79, 80, 77, 77, 76, 80, 78, 79, 77, 76, 74, 73, 72, 70, 70, 69, 73,
    75, 77, 76, 80, 80, 83, 80, 81, 77, 76, 74, 71, 74, 76, 75, 81, 81,
    84, 82, 80, 73, 72, 72, 76, 77, 81, 84, 82, 81, 79, 79, 77, 77, 76,
    74, 77, 77, 80, 81, 81, 81, 80, 77, 76, 75, 79, 78, 76, 77, 79, 79,
    80 ]
