%YAML:1.0
---
videoName: "headNod33.mp4"
gestureLabel: 202
fps: 29
pixelSizeInCmTemp: 2.9567901234567900e-01
faceCenterPointX: 268
faceCenterPointY: 74
headPositionsX: [ 268, 267, 268, 271, 266, 271, 269, 268, 268, 269, 269,
    270, 269, 269, 269, 270, 271, 273, 268, 270, 272, 269, 270, 270, 268,
    267, 268, 269, 269, 269, 271, 271, 269, 267, 271, 267, 269, 268, 268,
    272, 268, 269, 268, 270, 270, 269, 271, 269, 269, 268, 267, 269, 270,
    267, 270, 266, 269, 269, 265, 266, 269, 269, 269, 267, 267, 269, 267,
    270, 270, 267, 267, 266, 266, 269, 270, 267, 267, 268, 269, 270, 270,
    269, 268, 268, 267, 267, 266, 265, 265, 268, 266, 267, 266, 270, 267,
    267, 267, 270, 269, 269 ]
headPositionsY: [ 73, 71, 73, 70, 73, 70, 72, 73, 72, 69, 71, 73, 74, 70,
    71, 69, 72, 70, 74, 70, 72, 69, 72, 71, 69, 72, 71, 74, 71, 71, 70,
    73, 73, 75, 76, 74, 75, 77, 75, 69, 67, 69, 66, 65, 65, 64, 72, 77,
    79, 81, 85, 84, 80, 75, 76, 74, 70, 68, 69, 70, 67, 72, 73, 71, 74,
    74, 75, 79, 75, 77, 76, 74, 75, 71, 69, 73, 70, 73, 74, 72, 75, 77,
    76, 77, 77, 75, 76, 78, 77, 76, 75, 77, 76, 74, 75, 76, 76, 74, 75,
    74 ]
