%YAML:1.0
---
videoName: "headNod20.mp4"
gestureLabel: 202
fps: 30
pixelSizeInCmTemp: 3.2808219178082193e-01
faceCenterPointX: 253
faceCenterPointY: 80
headPositionsX: [ 253, 257, 255, 258, 258, 254, 257, 255, 257, 254, 255,
    257, 257, 255, 254, 254, 256, 258, 256, 255, 254, 256, 258, 254, 257,
    253, 255, 253, 257, 258, 254, 253, 253, 256, 257, 253, 253, 255, 256,
    256, 255, 252, 254, 255, 254, 253, 256, 251, 253, 252, 252, 250, 252,
    252, 252, 253, 252, 254, 253, 252, 250, 251, 252, 253, 251, 252, 251,
    254, 252, 254, 252, 254, 252, 254, 255, 255, 254, 255, 253, 250, 251,
    253, 254, 254, 254, 251, 253, 255, 255, 253, 252, 253, 250, 254, 253,
    251, 255, 251, 254, 255 ]
headPositionsY: [ 80, 79, 75, 76, 80, 78, 79, 79, 76, 77, 79, 76, 77, 79,
    77, 77, 79, 80, 78, 79, 78, 77, 80, 77, 77, 79, 77, 81, 82, 81, 82,
    85, 85, 86, 84, 84, 80, 77, 73, 70, 73, 69, 74, 72, 79, 81, 82, 86,
    86, 89, 88, 82, 81, 79, 77, 78, 77, 79, 82, 83, 83, 81, 83, 79, 76,
    77, 80, 82, 83, 84, 83, 81, 79, 77, 79, 81, 81, 82, 84, 84, 82, 78,
    78, 81, 82, 78, 83, 79, 82, 81, 80, 82, 78, 80, 80, 81, 81, 79, 80,
    79 ]
