%YAML:1.0
---
videoName: "headNod5.mp4"
gestureLabel: 202
fps: 29
pixelSizeInCmTemp: 3.1513157894736843e-01
faceCenterPointX: 263
faceCenterPointY: 75
headPositionsX: [ 264, 266, 260, 265, 262, 262, 261, 263, 261, 263, 263,
    263, 264, 265, 262, 262, 263, 263, 266, 265, 265, 267, 266, 266, 266,
    264, 265, 267, 264, 267, 265, 264, 267, 263, 264, 269, 267, 265, 264,
    264, 266, 268, 268, 264, 267, 264, 264, 265, 265, 267, 264, 267, 266,
    264, 262, 263, 264, 263, 262, 265, 263, 266, 264, 266, 265, 267, 266,
    263, 267, 266, 266, 263, 267, 264, 266, 264, 262, 265, 264, 265, 263,
    265, 264, 264, 263, 260, 262, 263, 261, 264, 262, 261, 265, 261, 265,
    260, 261, 263, 262, 265 ]
headPositionsY: [ 76, 72, 76, 71, 73, 74, 76, 75, 72, 74, 77, 72, 75, 75,
    74, 76, 76, 75, 77, 73, 76, 78, 76, 78, 73, 74, 74, 76, 77, 78, 77,
    76, 77, 76, 79, 75, 77, 79, 78, 74, 79, 77, 77, 77, 79, 78, 77, 77,
    79, 77, 80, 80, 83, 83, 86, 82, 81, 78, 74, 72, 76, 76, 79, 84, 89,
    88, 85, 80, 79, 76, 77, 73, 75, 78, 83, 87, 85, 86, 84, 78, 74, 74,
    72, 75, 74, 76, 80, 82, 82, 82, 80, 76, 75, 72, 74, 72, 75, 76, 73,
    72 ]
