%YAML:1.0
---
videoName: "headNod13.mp4"
gestureLabel: 202
fps: 29
pixelSizeInCmTemp: 3.2364864864864862e-01
faceCenterPointX: 253
faceCenterPointY: 79
headPositionsX: [ 251, 251, 252, 251, 252, 250, 251, 254, 252, 252, 253,
    255, 256, 256, 253, 256, 256, 255, 256, 253, 254, 253, 252, 252, 256,
    252, 252, 253, 253, 251, 255, 252, 253, 254, 252, 252, 252, 254, 250,
    255, 251, 253, 251, 253, 253, 251, 254, 251, 254, 254, 255, 254, 256,
    256, 256, 256, 252, 252, 255, 253, 252, 252, 254, 253, 254, 252, 251,
    255, 255, 254, 252, 253, 254, 252, 253, 254, 255, 255, 254, 253, 256,
    255, 257, 256, 255, 253, 256, 257, 252, 257, 254, 252, 254, 252, 255,
    254, 253, 253, 253, 254 ]
headPositionsY: [ 81, 74, 75, 76, 74, 75, 72, 75, 71, 75, 71, 74, 74, 72,
    73, 75, 74, 76, 76, 74, 72, 75, 72, 76, 73, 74, 73, 75, 74, 76, 75,
    74, 75, 76, 74, 74, 72, 74, 76, 72, 74, 72, 74, 72, 76, 75, 75, 76,
    71, 70, 72, 69, 70, 68, 68, 70, 72, 75, 77, 74, 80, 78, 77, 77, 71,
    72, 72, 70, 69, 69, 70, 71, 77, 77, 80, 80, 81, 78, 75, 77, 74, 71,
    72, 72, 74, 75, 75, 80, 78, 81, 82, 81, 78, 80, 76, 80, 81, 78, 81,
    77 ]
