%YAML:1.0
---
videoName: "headNod6.mp4"
gestureLabel: 202
fps: 29
pixelSizeInCmTemp: 3.1513157894736843e-01
faceCenterPointX: 262
faceCenterPointY: 73
headPositionsX: [ 260, 260, 261, 260, 262, 264, 260, 262, 263, 264, 261,
    263, 264, 261, 261, 263, 262, 260, 263, 260, 262, 265, 260, 263, 265,
    264, 264, 260, 262, 264, 262, 263, 262, 264, 260, 265, 263, 261, 264,
    264, 261, 265, 261, 260, 260, 259, 262, 261, 259, 263, 261, 260, 261,
    261, 262, 263, 263, 259, 261, 260, 262, 260, 259, 259, 258, 258, 262,
    259, 260, 258, 260, 258, 260, 263, 263, 262, 260, 260, 261, 263, 259,
    263, 259, 261, 263, 259, 259, 263, 261, 260, 261, 262, 262, 262, 263,
    263, 264, 261, 261, 264 ]
headPositionsY: [ 72, 74, 72, 73, 72, 71, 72, 74, 72, 73, 72, 75, 74, 75,
    72, 76, 72, 72, 72, 72, 75, 75, 72, 74, 73, 75, 73, 73, 75, 74, 74,
    75, 70, 69, 67, 67, 67, 64, 66, 70, 71, 76, 80, 81, 86, 79, 75, 73,
    69, 66, 65, 70, 71, 78, 82, 84, 82, 83, 76, 73, 68, 68, 66, 68, 70,
    75, 75, 82, 82, 79, 81, 76, 72, 70, 65, 67, 67, 69, 73, 75, 81, 83,
    83, 83, 80, 80, 77, 75, 69, 72, 68, 68, 70, 73, 72, 73, 71, 73, 70,
    71 ]
