%YAML:1.0
---
videoName: "headNod41.mp4"
gestureLabel: 202
fps: 29
pixelSizeInCmTemp: 2.9937500000000000e-01
faceCenterPointX: 267
faceCenterPointY: 76
headPositionsX: [ 267, 271, 272, 271, 269, 272, 269, 270, 272, 270, 269,
    270, 269, 271, 271, 268, 272, 273, 269, 273, 272, 272, 272, 271, 268,
    269, 269, 269, 270, 272, 268, 268, 272, 272, 270, 270, 269, 270, 272,
    270, 272, 272, 270, 271, 269, 270, 268, 267, 267, 268, 266, 271, 268,
    269, 270, 268, 269, 267, 268, 267, 271, 268, 268, 270, 266, 271, 268,
    267, 267, 269, 267, 266, 269, 266, 269, 266, 267, 267, 266, 267, 269,
    265, 267, 268, 268, 265, 267, 269, 266, 269, 268, 267, 266, 268, 266,
    266, 268, 268, 269, 267 ]
headPositionsY: [ 74, 70, 72, 72, 71, 71, 71, 75, 73, 71, 75, 72, 76, 74,
    75, 74, 72, 75, 74, 76, 75, 76, 74, 75, 73, 76, 76, 73, 76, 76, 71,
    73, 73, 73, 72, 76, 73, 76, 75, 77, 79, 84, 84, 88, 90, 92, 91, 86,
    86, 78, 79, 68, 70, 66, 64, 67, 64, 67, 72, 78, 82, 87, 91, 94, 94,
    91, 84, 80, 79, 76, 76, 69, 70, 71, 73, 76, 79, 83, 82, 82, 81, 79,
    76, 74, 76, 72, 75, 75, 72, 74, 80, 78, 79, 78, 80, 76, 76, 79, 76,
    76 ]
