%YAML:1.0
---
videoName: "headNod20.mp4"
gestureLabel: 202
fps: 30
pixelSizeInCmTemp: 3.2808219178082193e-01
faceCenterPointX: 253
faceCenterPointY: 80
headPositionsX: [ 255, 257, 257, 257, 257, 258, 253, 256, 257, 256, 256,
    257, 256, 254, 258, 257, 254, 258, 257, 258, 254, 257, 256, 253, 257,
    254, 257, 257, 255, 256, 256, 257, 253, 256, 255, 255, 256, 254, 256,
    253, 256, 253, 255, 253, 253, 253, 253, 251, 253, 254, 254, 254, 253,
    249, 249, 251, 253, 251, 250, 253, 253, 255, 251, 254, 254, 252, 253,
    253, 250, 251, 251, 255, 252, 250, 254, 254, 252, 252, 251, 252, 251,
    254, 253, 255, 252, 253, 252, 251, 255, 255, 255, 254, 254, 254, 254,
    253, 254, 251, 253, 254 ]
headPositionsY: [ 82, 77, 75, 79, 78, 78, 78, 76, 78, 76, 77, 80, 80, 79,
    78, 78, 78, 80, 77, 78, 77, 78, 80, 78, 81, 80, 81, 79, 80, 82, 82,
    84, 88, 89, 88, 82, 81, 77, 73, 72, 73, 69, 70, 74, 78, 78, 84, 87,
    87, 90, 86, 82, 83, 78, 75, 74, 75, 79, 78, 83, 83, 81, 82, 77, 79,
    79, 82, 79, 80, 81, 82, 81, 79, 77, 80, 80, 83, 82, 82, 83, 82, 79,
    78, 82, 81, 78, 83, 82, 82, 80, 79, 81, 82, 78, 79, 78, 78, 80, 81,
    83 ]
