%YAML:1.0
---
videoName: "headNod19.mp4"
gestureLabel: 202
fps: 29
pixelSizeInCmTemp: 3.1933333333333330e-01
faceCenterPointX: 255
faceCenterPointY: 81
headPositionsX: [ 257, 260, 257, 258, 258, 258, 255, 256, 256, 259, 257,
    257, 258, 256, 256, 254, 251, 251, 254, 252, 251, 252, 248, 250, 253,
    250, 250, 250, 249, 254, 252, 252, 251, 255, 253, 252, 255, 256, 253,
    256, 252, 256, 256, 257, 257, 258, 254, 255, 257, 257, 254, 258, 255,
    254, 255, 257, 258, 258, 255, 256, 256, 254, 254, 257, 255, 256, 252,
    257, 255, 257, 258, 258, 258, 257, 256, 254, 255, 257, 255, 255, 257,
    257, 258, 253, 255, 257, 253, 255, 254, 254, 256, 255, 253, 258, 254,
    254, 254, 254, 256, 257 ]
headPositionsY: [ 83, 83, 85, 84, 79, 78, 76, 79, 78, 76, 75, 78, 77, 78,
    78, 79, 79, 77, 77, 79, 79, 78, 76, 77, 80, 76, 80, 77, 79, 79, 79,
    78, 79, 79, 81, 77, 79, 79, 80, 78, 81, 80, 80, 80, 81, 80, 80, 78,
    77, 80, 80, 80, 78, 77, 81, 80, 78, 80, 79, 81, 79, 79, 79, 78, 82,
    78, 80, 78, 76, 75, 75, 75, 75, 77, 80, 81, 85, 84, 82, 79, 76, 74,
    76, 79, 84, 84, 84, 84, 84, 82, 84, 84, 82, 82, 80, 80, 85, 83, 84,
    82 ]
