%YAML:1.0
---
videoName: "headNod48.mp4"
gestureLabel: 202
fps: 29
pixelSizeInCmTemp: 2.8855421686746985e-01
faceCenterPointX: 264
faceCenterPointY: 72
headPositionsX: [ 266, 267, 263, 263, 264, 266, 263, 267, 266, 263, 264,
    262, 267, 263, 264, 261, 261, 263, 262, 264, 260, 260, 261, 262, 260,
    260, 260, 262, 264, 259, 263, 264, 262, 262, 261, 263, 263, 261, 263,
    261, 264, 264, 262, 262, 259, 262, 263, 260, 263, 260, 262, 261, 263,
    259, 260, 262, 261, 263, 262, 260, 261, 261, 264, 266, 263, 262, 265,
    261, 262, 264, 263, 263, 267, 262, 263, 264, 265, 264, 262, 266, 265,
    264, 263, 265, 267, 267, 264, 268, 265, 264, 264, 263, 267, 264, 268,
    262, 264, 267, 266, 264 ]
headPositionsY: [ 70, 74, 77, 79, 79, 75, 76, 73, 66, 67, 64, 61, 61, 65,
    65, 72, 77, 77, 82, 87, 87, 87, 86, 82, 80, 74, 71, 70, 68, 65, 65,
    68, 67, 65, 69, 74, 75, 77, 80, 84, 81, 82, 78, 81, 79, 76, 71, 71,
    72, 70, 73, 72, 77, 78, 80, 79, 76, 77, 74, 70, 73, 70, 72, 70, 73,
    73, 76, 75, 79, 77, 74, 75, 74, 72, 70, 69, 68, 71, 70, 73, 72, 73,
    74, 72, 74, 72, 71, 71, 71, 70, 72, 71, 76, 76, 72, 74, 71, 71, 72,
    71 ]
