%YAML:1.0
---
videoName: "headNod7.mp4"
gestureLabel: 202
fps: 29
pixelSizeInCmTemp: 3.2808219178082193e-01
faceCenterPointX: 261
faceCenterPointY: 71
headPositionsX: [ 260, 264, 265, 267, 264, 263, 265, 265, 267, 261, 264,
    261, 263, 262, 262, 264, 260, 265, 261, 261, 262, 260, 262, 260, 260,
    263, 261, 261, 264, 264, 260, 261, 262, 264, 263, 263, 264, 262, 263,
    259, 261, 264, 261, 260, 262, 262, 262, 263, 259, 264, 261, 260, 261,
    261, 263, 263, 262, 260, 264, 260, 264, 261, 263, 259, 264, 260, 260,
    262, 260, 260, 260, 261, 261, 259, 259, 260, 260, 260, 261, 260, 263,
    260, 262, 261, 263, 264, 263, 260, 262, 259, 261, 264, 261, 259, 263,
    260, 264, 259, 260, 260 ]
headPositionsY: [ 70, 74, 72, 72, 74, 74, 77, 73, 72, 73, 74, 74, 75, 72,
    71, 74, 74, 76, 75, 75, 76, 77, 77, 75, 76, 78, 76, 76, 77, 73, 76,
    74, 74, 77, 75, 74, 74, 76, 73, 73, 74, 73, 74, 77, 77, 77, 78, 77,
    73, 71, 69, 69, 69, 69, 71, 73, 79, 82, 78, 77, 74, 72, 72, 72, 72,
    75, 73, 79, 80, 81, 77, 75, 72, 70, 70, 69, 71, 68, 73, 73, 77, 79,
    77, 79, 80, 77, 76, 74, 74, 71, 73, 71, 68, 68, 71, 71, 70, 71, 72,
    72 ]
