%YAML:1.0
---
videoName: "headNod43.mp4"
gestureLabel: 202
fps: 29
pixelSizeInCmTemp: 2.8855421686746985e-01
faceCenterPointX: 268
faceCenterPointY: 74
headPositionsX: [ 267, 269, 269, 272, 268, 270, 268, 267, 270, 267, 267,
    270, 269, 270, 268, 269, 268, 267, 269, 269, 269, 271, 270, 268, 266,
    269, 266, 269, 266, 267, 265, 266, 264, 265, 268, 266, 264, 266, 266,
    264, 266, 262, 265, 266, 266, 265, 268, 268, 267, 265, 267, 263, 265,
    266, 266, 265, 263, 264, 263, 264, 263, 265, 266, 264, 266, 263, 264,
    267, 265, 270, 265, 267, 266, 266, 265, 267, 269, 267, 269, 268, 270,
    271, 270, 267, 269, 268, 271, 267, 267, 269, 268, 269, 268, 268, 270,
    269, 267, 266, 267, 267 ]
headPositionsY: [ 74, 76, 78, 75, 78, 75, 74, 74, 74, 74, 74, 75, 75, 76,
    75, 76, 76, 75, 73, 73, 74, 76, 76, 76, 75, 78, 82, 85, 89, 90, 90,
    87, 88, 85, 79, 80, 80, 80, 80, 85, 89, 91, 91, 87, 86, 82, 82, 82,
    80, 86, 87, 92, 93, 90, 88, 85, 83, 84, 84, 83, 88, 88, 93, 88, 88,
    84, 84, 83, 78, 80, 80, 83, 84, 87, 91, 88, 90, 86, 86, 80, 77, 76,
    75, 72, 75, 70, 72, 73, 75, 71, 75, 72, 72, 75, 71, 75, 73, 75, 74,
    72 ]
