%YAML:1.0
---
videoName: "headNod39.mp4"
gestureLabel: 202
fps: 29
pixelSizeInCmTemp: 2.9937500000000000e-01
faceCenterPointX: 268
faceCenterPointY: 78
headPositionsX: [ 268, 267, 266, 268, 269, 269, 270, 268, 270, 267, 268,
    270, 267, 268, 271, 267, 270, 268, 269, 271, 269, 268, 271, 269, 268,
    270, 271, 269, 268, 271, 271, 266, 266, 271, 270, 269, 270, 268, 267,
    270, 269, 270, 269, 269, 266, 269, 268, 268, 267, 267, 268, 269, 266,
    268, 266, 268, 266, 267, 267, 265, 265, 268, 265, 267, 268, 268, 269,
    266, 264, 267, 266, 269, 268, 267, 269, 265, 266, 265, 268, 268, 265,
    268, 269, 265, 268, 269, 267, 264, 269, 269, 267, 265, 266, 270, 268,
    268, 265, 267, 268, 266 ]
headPositionsY: [ 77, 76, 76, 74, 75, 78, 76, 78, 75, 77, 74, 77, 78, 74,
    75, 76, 77, 78, 75, 76, 75, 78, 74, 74, 77, 78, 76, 76, 78, 77, 78,
    75, 77, 79, 76, 78, 78, 78, 81, 82, 81, 83, 86, 85, 84, 80, 79, 75,
    76, 76, 77, 73, 74, 77, 78, 86, 86, 93, 92, 89, 83, 81, 78, 76, 73,
    75, 71, 75, 78, 78, 82, 84, 82, 79, 80, 78, 76, 74, 75, 75, 78, 78,
    79, 79, 80, 81, 81, 78, 79, 78, 80, 77, 80, 78, 79, 78, 76, 77, 76,
    78 ]
