%YAML:1.0
---
videoName: "headNod33.mp4"
gestureLabel: 202
fps: 29
pixelSizeInCmTemp: 2.9567901234567900e-01
faceCenterPointX: 268
faceCenterPointY: 74
headPositionsX: [ 266, 267, 269, 267, 269, 270, 270, 271, 272, 270, 270,
    269, 272, 272, 269, 273, 269, 272, 271, 269, 271, 270, 271, 268, 268,
    268, 270, 268, 268, 268, 267, 268, 272, 268, 268, 269, 268, 267, 268,
    269, 269, 268, 272, 269, 271, 269, 270, 269, 268, 267, 268, 269, 267,
    268, 268, 270, 267, 267, 265, 265, 265, 266, 269, 268, 268, 267, 268,
    270, 268, 267, 266, 267, 267, 268, 269, 268, 268, 270, 269, 269, 267,
    268, 268, 265, 268, 267, 269, 265, 268, 266, 267, 267, 266, 267, 267,
    267, 269, 267, 268, 269 ]
headPositionsY: [ 73, 73, 70, 73, 72, 73, 72, 69, 70, 69, 72, 69, 71, 71,
    74, 71, 74, 71, 70, 69, 71, 73, 72, 71, 73, 70, 71, 74, 74, 72, 71,
    72, 73, 75, 78, 76, 75, 75, 74, 71, 67, 67, 63, 64, 68, 67, 71, 76,
    77, 83, 82, 83, 82, 79, 74, 71, 73, 68, 70, 70, 71, 71, 71, 73, 75,
    76, 75, 77, 78, 79, 72, 73, 74, 69, 70, 73, 73, 71, 72, 76, 74, 77,
    76, 78, 77, 78, 79, 78, 75, 77, 74, 75, 74, 75, 74, 78, 73, 75, 73,
    76 ]
