%YAML:1.0
---
videoName: "headNod5.mp4"
gestureLabel: 202
fps: 29
pixelSizeInCmTemp: 3.1513157894736843e-01
faceCenterPointX: 263
faceCenterPointY: 75
headPositionsX: [ 261, 263, 264, 265, 261, 264, 264, 264, 260, 262, 264,
    260, 264, 264, 265, 262, 266, 263, 264, 264, 267, 268, 264, 267, 264,
    267, 265, 264, 267, 265, 265, 267, 263, 267, 265, 268, 267, 266, 266,
    268, 267, 268, 267, 267, 266, 267, 266, 264, 264, 266, 263, 268, 266,
    261, 261, 264, 266, 265, 265, 264, 263, 262, 264, 265, 265, 264, 263,
    263, 267, 267, 265, 263, 266, 266, 263, 264, 264, 263, 263, 265, 264,
    264, 264, 262, 262, 264, 263, 264, 263, 264, 265, 262, 261, 260, 263,
    261, 260, 263, 261, 262 ]
headPositionsY: [ 73, 73, 74, 74, 75, 73, 74, 75, 74, 76, 74, 72, 76, 75,
    74, 77, 73, 77, 77, 76, 77, 74, 76, 78, 73, 76, 76, 74, 76, 74, 78,
    78, 75, 77, 80, 77, 78, 78, 78, 74, 78, 79, 79, 77, 76, 76, 77, 79,
    79, 78, 80, 79, 83, 84, 82, 85, 79, 78, 74, 73, 78, 77, 83, 86, 89,
    89, 83, 84, 78, 73, 75, 74, 76, 81, 82, 84, 85, 85, 80, 79, 78, 73,
    72, 76, 75, 79, 76, 83, 81, 82, 81, 78, 75, 76, 74, 74, 75, 73, 75,
    72 ]
