%YAML:1.0
---
videoName: "headNod33.mp4"
gestureLabel: 202
fps: 29
pixelSizeInCmTemp: 2.9567901234567900e-01
faceCenterPointX: 268
faceCenterPointY: 74
headPositionsX: [ 268, 268, 269, 269, 269, 271, 270, 271, 272, 271, 270,
    271, 272, 271, 270, 270, 270, 270, 272, 270, 269, 272, 271, 270, 270,
    270, 270, 269, 267, 267, 267, 267, 271, 271, 271, 271, 267, 269, 270,
    270, 268, 267, 270, 270, 267, 268, 270, 271, 268, 266, 267, 266, 267,
    266, 266, 269, 268, 269, 267, 267, 268, 267, 267, 268, 266, 266, 267,
    268, 267, 266, 268, 266, 269, 266, 269, 269, 268, 268, 269, 269, 271,
    267, 267, 266, 266, 267, 267, 267, 269, 269, 266, 266, 268, 266, 265,
    268, 268, 268, 268, 265 ]
headPositionsY: [ 72, 73, 72, 69, 72, 69, 70, 72, 74, 70, 74, 71, 73, 68,
    72, 72, 70, 71, 74, 70, 72, 73, 71, 72, 71, 72, 71, 73, 70, 73, 70,
    72, 75, 74, 74, 78, 78, 75, 73, 69, 68, 66, 63, 65, 67, 67, 72, 73,
    76, 80, 84, 82, 80, 76, 74, 75, 72, 68, 71, 70, 67, 69, 70, 72, 74,
    74, 75, 78, 76, 78, 75, 76, 75, 73, 71, 73, 70, 72, 75, 76, 76, 77,
    79, 77, 79, 76, 78, 77, 74, 78, 76, 75, 76, 73, 74, 74, 76, 73, 76,
    73 ]
