%YAML:1.0
---
videoName: "headNod37.mp4"
gestureLabel: 202
fps: 29
pixelSizeInCmTemp: 2.9207317073170730e-01
faceCenterPointX: 269
faceCenterPointY: 78
headPositionsX: [ 267, 273, 269, 269, 270, 272, 270, 269, 269, 268, 270,
    269, 273, 272, 268, 272, 267, 267, 269, 271, 272, 269, 268, 266, 268,
    271, 270, 269, 269, 272, 270, 271, 269, 272, 268, 270, 271, 271, 270,
    269, 270, 267, 269, 271, 270, 271, 268, 267, 271, 270, 268, 270, 269,
    272, 269, 270, 268, 270, 267, 269, 269, 269, 266, 267, 268, 266, 265,
    266, 264, 268, 266, 264, 268, 268, 267, 270, 267, 267, 271, 268, 272,
    271, 270, 268, 269, 268, 270, 271, 272, 267, 271, 269, 268, 269, 271,
    268, 269, 267, 270, 269 ]
headPositionsY: [ 79, 78, 76, 77, 77, 73, 77, 74, 74, 74, 73, 75, 77, 76,
    75, 74, 73, 77, 77, 76, 74, 73, 76, 74, 75, 76, 77, 77, 73, 76, 77,
    77, 74, 77, 75, 76, 75, 75, 77, 75, 76, 74, 75, 75, 76, 75, 74, 76,
    78, 77, 73, 73, 73, 72, 69, 66, 65, 64, 67, 69, 69, 69, 77, 82, 87,
    89, 89, 85, 83, 82, 74, 74, 70, 69, 66, 65, 64, 65, 65, 68, 70, 73,
    79, 78, 81, 80, 80, 81, 81, 81, 81, 80, 76, 77, 80, 76, 78, 76, 78,
    76 ]
