%YAML:1.0
---
videoName: "headNod39.mp4"
gestureLabel: 202
fps: 29
pixelSizeInCmTemp: 2.9937500000000000e-01
faceCenterPointX: 268
faceCenterPointY: 78
headPositionsX: [ 267, 267, 267, 267, 266, 271, 268, 266, 270, 267, 266,
    267, 266, 268, 270, 270, 271, 269, 271, 269, 268, 268, 267, 268, 270,
    268, 269, 270, 268, 267, 271, 267, 267, 267, 270, 266, 268, 271, 268,
    270, 271, 270, 266, 269, 268, 270, 266, 266, 269, 265, 266, 266, 269,
    270, 265, 265, 265, 268, 268, 268, 265, 264, 267, 269, 268, 269, 267,
    268, 264, 265, 264, 265, 268, 269, 268, 267, 265, 265, 269, 266, 269,
    266, 266, 269, 265, 268, 266, 265, 266, 269, 269, 267, 267, 269, 265,
    268, 265, 267, 270, 267 ]
headPositionsY: [ 80, 78, 75, 77, 77, 77, 76, 74, 78, 75, 74, 78, 75, 76,
    77, 77, 73, 76, 76, 77, 77, 75, 74, 75, 74, 75, 78, 75, 78, 75, 79,
    77, 76, 79, 76, 74, 77, 80, 81, 81, 81, 84, 86, 88, 86, 80, 77, 76,
    76, 75, 74, 76, 73, 77, 76, 86, 86, 92, 92, 88, 86, 81, 79, 75, 71,
    72, 73, 77, 80, 78, 81, 81, 80, 83, 79, 78, 73, 74, 74, 74, 77, 79,
    81, 82, 80, 79, 78, 80, 78, 78, 76, 79, 77, 76, 78, 79, 78, 80, 79,
    80 ]
