%YAML:1.0
---
videoName: "headNod15.mp4"
gestureLabel: 202
fps: 29
pixelSizeInCmTemp: 3.1933333333333330e-01
faceCenterPointX: 255
faceCenterPointY: 74
headPositionsX: [ 256, 256, 256, 256, 255, 256, 259, 255, 256, 259, 254,
    258, 255, 256, 258, 258, 256, 255, 254, 256, 256, 258, 257, 258, 258,
    257, 254, 255, 253, 254, 256, 253, 258, 256, 255, 256, 256, 257, 256,
    253, 256, 254, 256, 252, 257, 254, 254, 257, 256, 255, 257, 256, 254,
    254, 257, 253, 252, 256, 253, 254, 256, 256, 253, 256, 253, 257, 258,
    257, 255, 255, 257, 253, 254, 256, 256, 251, 253, 255, 252, 255, 253,
    252, 255, 252, 256, 256, 253, 254, 253, 254, 256, 254, 253, 256, 255,
    257, 256, 252, 254, 256 ]
headPositionsY: [ 72, 74, 74, 75, 74, 75, 73, 74, 75, 74, 72, 72, 75, 72,
    72, 74, 75, 75, 74, 75, 74, 73, 71, 71, 74, 71, 73, 73, 74, 71, 73,
    74, 74, 72, 73, 76, 76, 79, 81, 80, 84, 84, 81, 78, 77, 71, 70, 68,
    70, 73, 76, 79, 82, 81, 81, 78, 75, 71, 69, 71, 72, 72, 74, 77, 82,
    85, 81, 81, 78, 76, 71, 73, 70, 73, 74, 75, 77, 80, 76, 77, 76, 73,
    69, 71, 72, 69, 73, 72, 72, 72, 76, 72, 75, 72, 73, 74, 71, 71, 75,
    71 ]
