%YAML:1.0
---
videoName: "headNod47.mp4"
gestureLabel: 202
fps: 29
pixelSizeInCmTemp: 3.0316455696202532e-01
faceCenterPointX: 266
faceCenterPointY: 70
headPositionsX: [ 268, 268, 268, 268, 265, 266, 268, 264, 266, 265, 267,
    264, 263, 266, 265, 263, 266, 263, 263, 265, 265, 264, 263, 265, 266,
    264, 266, 268, 268, 267, 266, 268, 267, 266, 268, 265, 269, 268, 267,
    266, 269, 267, 270, 268, 270, 267, 267, 266, 266, 264, 268, 267, 266,
    267, 269, 267, 268, 265, 266, 266, 265, 268, 267, 264, 268, 266, 266,
    268, 267, 264, 266, 267, 269, 266, 267, 268, 264, 268, 265, 265, 267,
    266, 265, 264, 268, 265, 265, 264, 268, 265, 267, 266, 264, 265, 265,
    268, 264, 264, 266, 265 ]
headPositionsY: [ 70, 64, 59, 60, 60, 57, 61, 61, 62, 69, 70, 77, 82, 80,
    82, 76, 72, 70, 66, 68, 66, 63, 66, 71, 69, 75, 76, 80, 75, 76, 76,
    71, 69, 66, 68, 66, 70, 69, 70, 76, 77, 78, 78, 76, 76, 74, 68, 71,
    69, 69, 67, 71, 73, 74, 73, 73, 76, 70, 69, 69, 68, 69, 67, 70, 67,
    71, 72, 76, 75, 76, 74, 74, 72, 73, 69, 71, 67, 67, 72, 69, 75, 76,
    74, 75, 71, 70, 72, 69, 72, 71, 71, 72, 70, 70, 73, 73, 72, 69, 71,
    71 ]
