%YAML:1.0
---
videoName: "headNod11.mp4"
gestureLabel: 202
fps: 29
pixelSizeInCmTemp: 3.2364864864864862e-01
faceCenterPointX: 261
faceCenterPointY: 75
headPositionsX: [ 261, 261, 259, 257, 261, 257, 260, 261, 256, 259, 257,
    260, 260, 260, 259, 261, 257, 261, 262, 259, 258, 258, 258, 259, 259,
    261, 258, 262, 262, 259, 262, 261, 260, 260, 260, 262, 260, 260, 259,
    258, 259, 260, 258, 262, 262, 261, 262, 260, 260, 261, 261, 260, 261,
    261, 263, 263, 260, 263, 260, 260, 261, 257, 261, 259, 261, 257, 260,
    258, 257, 256, 259, 258, 257, 256, 256, 256, 258, 255, 259, 258, 256,
    258, 256, 261, 258, 261, 258, 257, 257, 259, 262, 261, 258, 261, 258,
    258, 258, 261, 261, 260 ]
headPositionsY: [ 75, 76, 75, 76, 75, 76, 72, 76, 74, 72, 76, 75, 75, 76,
    76, 73, 73, 72, 75, 72, 73, 72, 75, 74, 76, 77, 72, 76, 75, 78, 77,
    77, 77, 74, 75, 75, 76, 76, 75, 73, 74, 75, 73, 73, 73, 76, 74, 75,
    73, 73, 71, 69, 66, 69, 71, 72, 73, 76, 77, 79, 80, 78, 75, 72, 69,
    67, 67, 71, 71, 74, 73, 76, 79, 81, 81, 79, 81, 78, 78, 74, 71, 70,
    71, 71, 77, 77, 79, 79, 79, 81, 80, 80, 78, 78, 76, 76, 77, 74, 78,
    76 ]
