%YAML:1.0
---
videoName: "headNod3.mp4"
gestureLabel: 202
fps: 29
pixelSizeInCmTemp: 3.1933333333333330e-01
faceCenterPointX: 264
faceCenterPointY: 76
headPositionsX: [ 262, 266, 266, 261, 266, 262, 264, 263, 264, 263, 267,
    268, 263, 267, 265, 263, 265, 265, 264, 264, 265, 264, 266, 263, 267,
    267, 267, 263, 267, 266, 264, 266, 267, 266, 263, 266, 266, 267, 267,
    267, 267, 263, 267, 263, 265, 266, 264, 265, 265, 267, 265, 264, 264,
    266, 266, 261, 263, 264, 262, 262, 262, 263, 264, 262, 262, 263, 263,
    265, 262, 266, 266, 263, 262, 262, 261, 262, 263, 265, 261, 262, 263,
    261, 262, 265, 262, 262, 266, 262, 262, 266, 263, 263, 263, 264, 264,
    263, 264, 264, 266, 267 ]
headPositionsY: [ 74, 76, 75, 76, 76, 78, 76, 74, 75, 72, 77, 73, 74, 73,
    74, 72, 71, 72, 71, 74, 73, 70, 73, 74, 73, 71, 74, 74, 74, 75, 74,
    76, 75, 72, 75, 74, 76, 73, 77, 74, 73, 72, 74, 73, 74, 71, 67, 67,
    67, 64, 68, 69, 74, 75, 78, 80, 82, 85, 81, 77, 74, 71, 69, 68, 69,
    65, 68, 72, 75, 76, 82, 83, 82, 82, 78, 76, 70, 67, 68, 64, 66, 65,
    67, 73, 71, 77, 79, 79, 80, 78, 76, 77, 79, 75, 76, 76, 74, 78, 74,
    76 ]
