%YAML:1.0
---
videoName: "headNod18.mp4"
gestureLabel: 202
fps: 29
pixelSizeInCmTemp: 3.3263888888888887e-01
faceCenterPointX: 255
faceCenterPointY: 77
headPositionsX: [ 255, 258, 256, 255, 255, 254, 256, 256, 255, 257, 258,
    259, 256, 256, 253, 254, 256, 256, 254, 252, 253, 253, 256, 254, 257,
    257, 258, 254, 257, 256, 254, 254, 256, 254, 254, 255, 257, 258, 255,
    255, 253, 254, 254, 253, 255, 254, 258, 253, 256, 256, 254, 253, 252,
    255, 254, 255, 256, 253, 252, 256, 255, 253, 256, 252, 256, 256, 253,
    254, 253, 252, 254, 255, 254, 254, 254, 255, 253, 257, 254, 252, 256,
    256, 252, 255, 253, 255, 257, 254, 253, 253, 252, 253, 254, 256, 256,
    255, 256, 254, 253, 257 ]
headPositionsY: [ 79, 78, 79, 75, 78, 76, 75, 79, 77, 77, 77, 76, 75, 78,
    79, 79, 78, 78, 80, 78, 78, 77, 75, 81, 76, 77, 80, 76, 78, 78, 79,
    79, 78, 79, 80, 76, 76, 80, 75, 75, 76, 74, 73, 70, 74, 72, 72, 73,
    73, 76, 74, 81, 79, 83, 78, 81, 76, 74, 71, 72, 75, 73, 75, 80, 80,
    82, 79, 80, 76, 73, 76, 76, 77, 78, 83, 85, 84, 80, 75, 78, 75, 74,
    73, 78, 81, 80, 84, 84, 82, 81, 80, 78, 76, 79, 78, 75, 77, 77, 79,
    76 ]
