%YAML:1.0
---
videoName: "headNod36.mp4"
gestureLabel: 202
fps: 29
pixelSizeInCmTemp: 2.8176470588235292e-01
faceCenterPointX: 269
faceCenterPointY: 75
headPositionsX: [ 268, 270, 272, 270, 273, 270, 272, 272, 269, 272, 268,
    271, 272, 268, 268, 269, 272, 271, 270, 269, 270, 272, 270, 273, 270,
    273, 268, 267, 270, 269, 271, 271, 271, 270, 271, 267, 268, 266, 268,
    268, 268, 270, 268, 270, 269, 270, 268, 270, 272, 270, 273, 269, 270,
    273, 269, 270, 270, 268, 269, 270, 271, 270, 269, 270, 267, 268, 266,
    268, 266, 267, 270, 268, 267, 267, 269, 267, 268, 268, 267, 268, 269,
    271, 271, 270, 267, 268, 271, 271, 271, 268, 271, 268, 272, 269, 271,
    268, 268, 272, 269, 269 ]
headPositionsY: [ 75, 72, 75, 75, 74, 76, 74, 75, 74, 72, 74, 77, 74, 75,
    72, 76, 73, 77, 76, 74, 76, 80, 79, 79, 73, 73, 70, 66, 64, 66, 64,
    64, 69, 72, 78, 83, 87, 89, 88, 88, 84, 78, 77, 73, 73, 67, 66, 69,
    70, 69, 70, 75, 78, 83, 86, 87, 85, 88, 85, 80, 80, 76, 73, 75, 73,
    73, 74, 76, 82, 82, 85, 81, 78, 78, 80, 73, 75, 74, 79, 77, 82, 83,
    82, 85, 82, 81, 83, 80, 76, 76, 75, 74, 76, 75, 73, 75, 76, 74, 73,
    74 ]
