%YAML:1.0
---
videoName: "headNod18.mp4"
gestureLabel: 202
fps: 29
pixelSizeInCmTemp: 3.3263888888888887e-01
faceCenterPointX: 255
faceCenterPointY: 77
headPositionsX: [ 253, 256, 255, 255, 255, 255, 259, 258, 255, 258, 258,
    256, 254, 255, 255, 255, 256, 255, 256, 256, 257, 255, 254, 256, 253,
    256, 258, 254, 258, 256, 254, 253, 256, 254, 256, 255, 257, 258, 255,
    253, 253, 255, 255, 254, 253, 257, 258, 254, 255, 255, 254, 257, 256,
    255, 256, 252, 256, 254, 253, 254, 254, 254, 253, 255, 255, 253, 255,
    253, 252, 255, 253, 255, 256, 254, 256, 253, 255, 253, 255, 254, 256,
    255, 254, 252, 253, 255, 256, 255, 257, 253, 254, 253, 255, 257, 256,
    255, 254, 255, 256, 257 ]
headPositionsY: [ 79, 77, 78, 78, 77, 78, 76, 77, 79, 77, 79, 80, 77, 78,
    77, 78, 80, 78, 76, 77, 77, 80, 79, 78, 77, 78, 80, 76, 79, 78, 78,
    79, 79, 77, 77, 76, 78, 80, 78, 75, 73, 74, 72, 72, 74, 73, 73, 70,
    75, 76, 76, 80, 77, 82, 80, 80, 76, 73, 71, 71, 73, 76, 78, 79, 83,
    81, 79, 78, 73, 72, 76, 77, 76, 82, 81, 82, 81, 79, 75, 75, 76, 74,
    76, 77, 81, 80, 83, 81, 80, 80, 77, 76, 77, 77, 78, 79, 79, 76, 76,
    80 ]
