%YAML:1.0
---
videoName: "headNod13.mp4"
gestureLabel: 202
fps: 29
pixelSizeInCmTemp: 3.2364864864864862e-01
faceCenterPointX: 253
faceCenterPointY: 79
headPositionsX: [ 253, 252, 251, 253, 251, 250, 255, 252, 253, 252, 255,
    255, 252, 254, 255, 253, 257, 257, 256, 255, 253, 255, 252, 254, 253,
    252, 255, 254, 255, 251, 256, 253, 256, 252, 256, 253, 255, 254, 252,
    251, 251, 251, 254, 251, 255, 251, 254, 251, 251, 255, 252, 253, 254,
    252, 255, 256, 254, 251, 254, 252, 254, 253, 254, 252, 254, 254, 251,
    255, 255, 254, 252, 254, 256, 252, 254, 257, 254, 256, 254, 256, 254,
    255, 254, 256, 255, 255, 257, 253, 252, 255, 256, 254, 254, 256, 251,
    252, 252, 254, 252, 250 ]
headPositionsY: [ 78, 74, 74, 72, 73, 75, 76, 73, 72, 73, 73, 71, 73, 75,
    77, 72, 76, 72, 73, 72, 76, 75, 71, 74, 74, 74, 76, 74, 72, 75, 71,
    76, 72, 75, 76, 72, 72, 75, 75, 74, 76, 76, 75, 72, 76, 76, 72, 75,
    75, 73, 68, 69, 67, 69, 68, 69, 70, 72, 76, 78, 78, 81, 78, 77, 75,
    72, 71, 67, 70, 71, 74, 75, 77, 77, 78, 77, 82, 77, 76, 77, 73, 72,
    72, 73, 72, 76, 74, 79, 77, 79, 79, 81, 82, 78, 76, 80, 78, 78, 77,
    77 ]
