%YAML:1.0
---
videoName: "headNod14.mp4"
gestureLabel: 202
fps: 29
pixelSizeInCmTemp: 3.2808219178082193e-01
faceCenterPointX: 257
faceCenterPointY: 71
headPositionsX: [ 255, 257, 256, 260, 261, 255, 260, 258, 258, 260, 260,
    258, 257, 258, 256, 256, 256, 260, 257, 260, 257, 256, 259, 257, 256,
    258, 258, 259, 261, 260, 260, 259, 261, 261, 256, 258, 256, 259, 256,
    261, 261, 258, 258, 258, 258, 257, 262, 258, 257, 260, 257, 258, 259,
    258, 260, 256, 258, 257, 259, 259, 257, 257, 259, 257, 259, 261, 260,
    258, 257, 256, 259, 261, 256, 256, 259, 256, 256, 258, 255, 259, 256,
    259, 257, 257, 257, 255, 260, 255, 258, 255, 257, 258, 260, 255, 259,
    255, 257, 258, 256, 256 ]
headPositionsY: [ 72, 79, 77, 79, 79, 78, 78, 77, 78, 77, 76, 80, 78, 75,
    76, 79, 75, 77, 79, 77, 77, 75, 75, 76, 78, 78, 76, 76, 79, 78, 79,
    79, 78, 80, 76, 80, 79, 76, 79, 76, 72, 73, 72, 69, 68, 69, 68, 73,
    72, 71, 73, 76, 81, 81, 83, 83, 81, 78, 77, 77, 71, 69, 68, 68, 69,
    73, 72, 76, 78, 78, 81, 81, 82, 76, 77, 71, 69, 70, 70, 72, 70, 72,
    77, 79, 82, 80, 81, 79, 76, 75, 71, 71, 71, 67, 71, 68, 70, 73, 72,
    73 ]
