%YAML:1.0
---
videoName: "headNod33.mp4"
gestureLabel: 202
fps: 29
pixelSizeInCmTemp: 2.9567901234567900e-01
faceCenterPointX: 268
faceCenterPointY: 74
headPositionsX: [ 270, 270, 270, 268, 270, 270, 270, 270, 272, 270, 272,
    269, 272, 272, 271, 271, 270, 272, 270, 271, 269, 271, 272, 271, 271,
    267, 270, 272, 269, 268, 271, 268, 268, 268, 271, 271, 268, 269, 269,
    272, 269, 268, 272, 270, 268, 267, 268, 270, 272, 269, 269, 268, 268,
    267, 267, 269, 269, 266, 267, 267, 265, 266, 267, 270, 266, 265, 268,
    268, 266, 270, 269, 265, 265, 269, 269, 271, 268, 271, 268, 269, 267,
    270, 270, 265, 270, 266, 269, 269, 269, 266, 266, 266, 266, 268, 269,
    267, 266, 269, 267, 266 ]
headPositionsY: [ 73, 71, 73, 73, 73, 69, 73, 73, 73, 72, 74, 71, 72, 72,
    70, 73, 71, 72, 73, 72, 75, 72, 69, 72, 70, 72, 71, 74, 74, 73, 71,
    73, 73, 74, 78, 76, 79, 78, 73, 70, 70, 70, 64, 66, 64, 64, 72, 74,
    80, 83, 83, 81, 81, 79, 73, 75, 72, 70, 71, 71, 69, 70, 73, 71, 76,
    77, 77, 77, 75, 79, 72, 74, 71, 69, 69, 69, 70, 70, 72, 74, 74, 77,
    76, 80, 77, 75, 76, 75, 77, 76, 74, 76, 76, 76, 73, 75, 74, 76, 75,
    73 ]
