%YAML:1.0
---
videoName: "headNod35.mp4"
gestureLabel: 202
fps: 30
pixelSizeInCmTemp: 2.9937500000000000e-01
faceCenterPointX: 268
faceCenterPointY: 78
headPositionsX: [ 268, 268, 270, 270, 267, 269, 268, 271, 271, 272, 271,
    272, 269, 267, 271, 270, 268, 271, 272, 269, 269, 267, 270, 269, 268,
    270, 270, 270, 272, 270, 272, 269, 269, 269, 269, 271, 269, 271, 269,
    267, 270, 265, 266, 265, 266, 268, 266, 270, 272, 270, 270, 269, 267,
    270, 266, 270, 269, 268, 267, 268, 269, 270, 268, 270, 271, 267, 270,
    267, 269, 270, 268, 269, 269, 267, 270, 269, 266, 267, 269, 270, 269,
    267, 269, 268, 268, 265, 266, 267, 268, 266, 267, 267, 268, 266, 268,
    268, 267, 267, 266, 265 ]
headPositionsY: [ 77, 75, 76, 74, 74, 75, 78, 77, 74, 79, 78, 78, 77, 76,
    76, 76, 78, 77, 76, 76, 79, 75, 77, 78, 78, 77, 76, 71, 70, 71, 66,
    67, 69, 71, 69, 75, 77, 84, 91, 93, 91, 90, 86, 83, 78, 75, 76, 72,
    75, 74, 79, 78, 85, 86, 88, 91, 88, 82, 81, 80, 76, 71, 70, 74, 75,
    76, 76, 81, 84, 86, 87, 87, 80, 81, 74, 78, 72, 74, 77, 77, 81, 82,
    88, 86, 86, 83, 83, 80, 81, 80, 79, 82, 78, 79, 78, 78, 79, 77, 80,
    76 ]
