%YAML:1.0
---
videoName: "headNod7.mp4"
gestureLabel: 202
fps: 29
pixelSizeInCmTemp: 3.2808219178082193e-01
faceCenterPointX: 261
faceCenterPointY: 71
headPositionsX: [ 263, 265, 266, 265, 268, 262, 266, 263, 264, 261, 262,
    264, 266, 265, 262, 261, 261, 264, 261, 264, 260, 261, 260, 263, 263,
    265, 261, 260, 262, 262, 264, 261, 261, 261, 264, 260, 264, 262, 259,
    262, 259, 261, 261, 262, 260, 259, 260, 260, 260, 264, 262, 264, 262,
    261, 261, 259, 260, 261, 263, 261, 263, 262, 261, 261, 262, 260, 260,
    260, 260, 258, 261, 260, 262, 259, 259, 260, 261, 263, 262, 260, 262,
    260, 263, 263, 263, 262, 262, 260, 259, 260, 259, 260, 261, 262, 264,
    259, 262, 260, 260, 262 ]
headPositionsY: [ 73, 73, 74, 75, 77, 73, 74, 70, 76, 71, 73, 73, 75, 75,
    73, 72, 75, 73, 77, 75, 77, 77, 77, 76, 73, 78, 77, 74, 77, 77, 74,
    73, 76, 77, 76, 76, 77, 73, 76, 75, 76, 77, 76, 77, 76, 77, 75, 77,
    71, 70, 71, 72, 72, 70, 73, 74, 75, 78, 81, 75, 75, 71, 70, 71, 70,
    75, 73, 79, 78, 79, 76, 74, 72, 69, 71, 69, 70, 70, 73, 74, 73, 78,
    77, 75, 80, 76, 75, 76, 72, 72, 72, 70, 72, 69, 69, 73, 73, 69, 73,
    71 ]
