%YAML:1.0
---
videoName: "headNod1.mp4"
gestureLabel: 202
fps: 29
pixelSizeInCmTemp: 3.2808219178082193e-01
faceCenterPointX: 263
faceCenterPointY: 78
headPositionsX: [ 265, 262, 263, 264, 261, 266, 261, 264, 265, 262, 261,
    262, 265, 263, 265, 262, 264, 264, 263, 265, 265, 265, 267, 265, 262,
    264, 266, 266, 265, 264, 266, 266, 263, 265, 264, 265, 265, 265, 265,
    267, 267, 264, 265, 267, 265, 266, 264, 266, 267, 262, 264, 264, 262,
    265, 262, 263, 261, 264, 265, 263, 263, 262, 263, 263, 264, 264, 267,
    262, 262, 262, 262, 265, 263, 262, 265, 263, 262, 262, 261, 261, 262,
    262, 259, 264, 260, 264, 264, 264, 264, 260, 261, 264, 260, 263, 264,
    264, 263, 261, 264, 261 ]
headPositionsY: [ 76, 72, 76, 74, 75, 75, 73, 77, 74, 76, 77, 76, 73, 73,
    75, 77, 76, 72, 73, 73, 76, 74, 76, 73, 77, 73, 76, 73, 75, 76, 74,
    73, 76, 73, 73, 70, 71, 68, 64, 66, 64, 65, 63, 64, 67, 64, 70, 71,
    70, 73, 77, 78, 81, 83, 81, 83, 79, 78, 76, 71, 69, 68, 67, 66, 63,
    69, 71, 72, 75, 77, 78, 79, 75, 78, 71, 70, 66, 66, 66, 67, 66, 68,
    71, 72, 72, 75, 80, 80, 79, 81, 84, 84, 81, 81, 80, 76, 79, 80, 80,
    77 ]
