%YAML:1.0
---
videoName: "headNod6.mp4"
gestureLabel: 202
fps: 29
pixelSizeInCmTemp: 3.1513157894736843e-01
faceCenterPointX: 262
faceCenterPointY: 73
headPositionsX: [ 261, 264, 263, 262, 262, 260, 263, 261, 265, 263, 261,
    261, 261, 261, 260, 263, 262, 260, 265, 261, 263, 264, 264, 262, 261,
    263, 260, 260, 265, 264, 261, 260, 261, 261, 262, 262, 265, 265, 261,
    262, 262, 262, 261, 263, 263, 259, 262, 262, 261, 262, 262, 263, 262,
    259, 263, 261, 260, 258, 261, 261, 262, 259, 259, 260, 260, 261, 259,
    260, 263, 261, 261, 261, 259, 259, 262, 262, 261, 262, 262, 261, 260,
    262, 262, 262, 261, 260, 263, 262, 264, 262, 264, 261, 264, 262, 260,
    262, 260, 260, 263, 264 ]
headPositionsY: [ 75, 72, 74, 72, 72, 71, 75, 73, 75, 72, 75, 76, 74, 75,
    75, 72, 72, 74, 76, 74, 74, 72, 73, 73, 74, 74, 73, 73, 75, 76, 73,
    72, 72, 69, 67, 66, 64, 64, 68, 71, 70, 78, 83, 84, 84, 79, 77, 74,
    70, 66, 69, 69, 71, 74, 81, 85, 84, 81, 77, 71, 70, 67, 68, 68, 70,
    73, 78, 82, 82, 82, 77, 74, 70, 70, 68, 64, 67, 67, 73, 73, 77, 82,
    84, 82, 80, 79, 76, 72, 69, 70, 71, 69, 71, 73, 73, 74, 71, 71, 70,
    70 ]
