%YAML:1.0
---
videoName: "headNod9.mp4"
gestureLabel: 202
fps: 29
pixelSizeInCmTemp: 3.1513157894736843e-01
faceCenterPointX: 261
faceCenterPointY: 75
headPositionsX: [ 261, 261, 261, 263, 260, 262, 258, 263, 259, 262, 259,
    263, 263, 258, 260, 262, 261, 258, 259, 261, 263, 262, 259, 258, 261,
    260, 259, 260, 261, 260, 262, 258, 261, 263, 261, 261, 262, 262, 262,
    262, 259, 259, 260, 258, 263, 258, 259, 257, 262, 260, 260, 261, 260,
    258, 261, 259, 263, 258, 262, 258, 258, 259, 261, 262, 261, 261, 263,
    259, 261, 257, 261, 259, 258, 259, 261, 258, 261, 259, 261, 257, 258,
    260, 259, 258, 261, 258, 260, 257, 257, 259, 258, 257, 259, 261, 261,
    259, 261, 262, 261, 259 ]
headPositionsY: [ 76, 73, 73, 73, 76, 75, 77, 76, 75, 77, 74, 74, 78, 75,
    74, 74, 75, 73, 76, 76, 76, 77, 76, 74, 78, 74, 76, 76, 73, 75, 75,
    75, 79, 78, 83, 78, 81, 75, 77, 74, 74, 76, 76, 82, 86, 89, 88, 84,
    82, 81, 74, 74, 79, 78, 80, 84, 85, 82, 82, 76, 75, 71, 71, 72, 79,
    78, 80, 85, 85, 84, 78, 76, 73, 73, 69, 73, 74, 74, 78, 81, 81, 85,
    82, 82, 81, 77, 76, 74, 75, 72, 73, 70, 73, 71, 76, 72, 73, 75, 75,
    73 ]
