%YAML:1.0
---
videoName: "headNod12.mp4"
gestureLabel: 202
fps: 29
pixelSizeInCmTemp: 3.2808219178082193e-01
faceCenterPointX: 254
faceCenterPointY: 69
headPositionsX: [ 253, 252, 255, 252, 255, 255, 254, 253, 255, 255, 257,
    256, 256, 254, 254, 258, 254, 254, 255, 258, 257, 256, 259, 257, 255,
    257, 255, 255, 257, 257, 257, 257, 256, 254, 253, 256, 255, 257, 252,
    252, 253, 256, 256, 254, 255, 255, 255, 256, 253, 253, 255, 255, 256,
    255, 255, 252, 254, 254, 253, 252, 255, 256, 254, 254, 253, 252, 256,
    253, 255, 252, 253, 252, 254, 253, 252, 252, 254, 256, 252, 255, 254,
    254, 257, 256, 253, 253, 253, 256, 253, 256, 254, 255, 256, 257, 255,
    252, 253, 253, 254, 254 ]
headPositionsY: [ 67, 73, 74, 74, 70, 72, 76, 70, 75, 72, 76, 75, 76, 73,
    74, 71, 72, 74, 72, 75, 74, 72, 72, 72, 73, 75, 76, 73, 72, 76, 77,
    73, 75, 70, 72, 70, 71, 70, 65, 66, 65, 60, 64, 62, 62, 68, 70, 71,
    70, 76, 77, 77, 76, 78, 74, 73, 69, 67, 67, 64, 62, 63, 64, 65, 65,
    68, 68, 71, 72, 76, 74, 74, 78, 75, 72, 70, 68, 70, 69, 68, 66, 67,
    65, 67, 67, 68, 67, 72, 73, 72, 75, 73, 75, 71, 73, 70, 69, 71, 69,
    72 ]
