%YAML:1.0
---
videoName: "headNod21.mp4"
gestureLabel: 202
fps: 29
pixelSizeInCmTemp: 3.2808219178082193e-01
faceCenterPointX: 253
faceCenterPointY: 78
headPositionsX: [ 253, 256, 255, 254, 257, 257, 254, 256, 257, 254, 253,
    254, 256, 257, 256, 256, 257, 256, 255, 253, 255, 255, 254, 256, 254,
    254, 253, 254, 256, 256, 258, 258, 257, 257, 256, 257, 256, 256, 257,
    258, 254, 255, 255, 258, 254, 257, 252, 254, 254, 254, 252, 254, 256,
    256, 257, 255, 256, 253, 253, 252, 253, 252, 255, 252, 254, 251, 253,
    251, 252, 252, 252, 251, 250, 249, 248, 251, 248, 250, 251, 253, 248,
    253, 248, 250, 252, 250, 252, 250, 253, 251, 255, 252, 251, 251, 255,
    255, 254, 253, 254, 256 ]
headPositionsY: [ 79, 78, 81, 80, 76, 79, 79, 77, 79, 76, 77, 80, 79, 78,
    76, 77, 80, 81, 78, 81, 80, 76, 77, 80, 78, 77, 78, 79, 80, 80, 82,
    85, 80, 82, 77, 79, 77, 76, 76, 78, 81, 83, 86, 83, 80, 79, 77, 79,
    79, 78, 82, 83, 86, 81, 85, 81, 80, 75, 79, 75, 81, 83, 83, 85, 81,
    83, 79, 77, 75, 78, 76, 77, 82, 81, 81, 81, 81, 82, 77, 78, 78, 78,
    78, 77, 78, 80, 82, 77, 79, 78, 78, 77, 80, 77, 79, 82, 79, 80, 81,
    78 ]
