%YAML:1.0
---
videoName: "headNod26.mp4"
gestureLabel: 202
fps: 29
pixelSizeInCmTemp: 3.1513157894736843e-01
faceCenterPointX: 271
faceCenterPointY: 78
headPositionsX: [ 269, 274, 270, 273, 272, 273, 271, 271, 270, 274, 274,
    273, 273, 272, 271, 272, 272, 274, 275, 270, 272, 272, 272, 272, 271,
    273, 270, 270, 271, 271, 273, 273, 272, 271, 270, 272, 273, 274, 271,
    273, 271, 271, 271, 273, 271, 270, 269, 272, 270, 272, 269, 274, 272,
    270, 272, 273, 270, 273, 272, 271, 272, 270, 274, 272, 274, 275, 272,
    273, 273, 270, 270, 273, 271, 272, 271, 273, 273, 270, 269, 273, 268,
    269, 273, 270, 273, 270, 272, 272, 272, 270, 269, 273, 269, 269, 272,
    270, 272, 269, 270, 272 ]
headPositionsY: [ 78, 75, 74, 75, 74, 74, 73, 69, 68, 67, 66, 63, 64, 63,
    69, 68, 70, 71, 71, 74, 80, 82, 82, 86, 82, 79, 78, 73, 71, 68, 68,
    66, 70, 69, 68, 69, 73, 74, 79, 77, 77, 78, 76, 72, 75, 71, 70, 69,
    66, 70, 67, 71, 72, 73, 77, 75, 76, 77, 76, 71, 69, 69, 65, 65, 69,
    70, 69, 68, 69, 71, 73, 73, 75, 74, 77, 72, 74, 72, 69, 69, 68, 68,
    71, 68, 71, 75, 74, 78, 78, 79, 79, 80, 80, 79, 76, 75, 78, 80, 78,
    77 ]
