%YAML:1.0
---
videoName: "headNod40.mp4"
gestureLabel: 202
fps: 29
pixelSizeInCmTemp: 2.8511904761904761e-01
faceCenterPointX: 267
faceCenterPointY: 78
headPositionsX: [ 266, 267, 269, 265, 269, 268, 266, 269, 270, 270, 270,
    265, 270, 267, 268, 268, 269, 267, 270, 268, 269, 266, 267, 269, 268,
    267, 267, 266, 265, 266, 267, 269, 269, 267, 267, 266, 270, 270, 270,
    270, 267, 269, 267, 266, 265, 266, 264, 263, 268, 264, 264, 264, 264,
    265, 267, 266, 264, 264, 264, 268, 266, 265, 266, 263, 268, 267, 267,
    268, 269, 268, 268, 268, 270, 267, 269, 269, 265, 265, 267, 267, 265,
    266, 266, 267, 265, 266, 267, 268, 269, 269, 268, 265, 268, 265, 265,
    267, 268, 267, 269, 269 ]
headPositionsY: [ 80, 77, 76, 74, 75, 78, 77, 74, 74, 74, 78, 73, 76, 74,
    78, 78, 77, 76, 75, 75, 75, 78, 77, 75, 75, 75, 76, 77, 75, 73, 73,
    77, 75, 73, 74, 75, 76, 76, 74, 76, 84, 90, 93, 95, 97, 94, 92, 93,
    85, 82, 77, 77, 76, 66, 69, 69, 70, 69, 71, 74, 80, 85, 85, 88, 84,
    84, 79, 78, 75, 74, 72, 70, 74, 75, 74, 74, 80, 81, 78, 81, 78, 77,
    80, 79, 77, 81, 78, 77, 78, 77, 78, 79, 75, 78, 78, 75, 79, 76, 77,
    76 ]
