%YAML:1.0
---
videoName: "headNod39.mp4"
gestureLabel: 202
fps: 29
pixelSizeInCmTemp: 2.9937500000000000e-01
faceCenterPointX: 268
faceCenterPointY: 78
headPositionsX: [ 269, 266, 266, 266, 266, 270, 271, 268, 270, 267, 269,
    268, 270, 269, 269, 270, 269, 270, 269, 270, 267, 269, 270, 269, 268,
    268, 267, 270, 270, 268, 268, 267, 268, 271, 271, 268, 267, 270, 268,
    270, 269, 266, 266, 267, 269, 267, 270, 269, 266, 269, 268, 266, 266,
    269, 267, 265, 266, 267, 264, 265, 267, 267, 267, 268, 266, 268, 266,
    269, 266, 267, 267, 269, 265, 267, 269, 265, 269, 266, 269, 269, 266,
    266, 266, 267, 268, 267, 268, 267, 267, 269, 267, 268, 270, 267, 267,
    268, 267, 269, 270, 266 ]
headPositionsY: [ 76, 78, 78, 74, 75, 76, 76, 78, 74, 77, 76, 78, 77, 76,
    77, 76, 73, 79, 76, 75, 76, 75, 74, 77, 78, 78, 77, 77, 76, 76, 77,
    78, 78, 76, 77, 77, 77, 76, 78, 82, 80, 85, 86, 88, 86, 82, 80, 75,
    75, 77, 75, 77, 75, 76, 80, 85, 87, 90, 92, 87, 87, 79, 80, 73, 71,
    75, 74, 74, 78, 81, 84, 85, 83, 82, 78, 75, 73, 77, 76, 78, 76, 78,
    81, 80, 80, 79, 77, 78, 77, 80, 76, 76, 77, 78, 78, 79, 76, 78, 77,
    78 ]
