%YAML:1.0
---
videoName: "headNod5.mp4"
gestureLabel: 202
fps: 29
pixelSizeInCmTemp: 3.1513157894736843e-01
faceCenterPointX: 263
faceCenterPointY: 75
headPositionsX: [ 261, 263, 263, 263, 260, 265, 261, 261, 260, 261, 263,
    264, 265, 264, 264, 262, 265, 266, 264, 266, 266, 264, 264, 265, 264,
    266, 263, 264, 264, 266, 267, 266, 267, 265, 266, 266, 265, 264, 264,
    265, 265, 268, 268, 267, 267, 264, 265, 266, 263, 266, 264, 267, 265,
    264, 261, 262, 265, 266, 262, 265, 265, 262, 265, 263, 263, 267, 263,
    265, 266, 263, 265, 266, 266, 264, 263, 263, 263, 263, 266, 265, 264,
    265, 262, 261, 265, 263, 261, 262, 265, 263, 262, 264, 262, 261, 263,
    261, 264, 263, 261, 265 ]
headPositionsY: [ 77, 72, 74, 71, 72, 73, 75, 76, 76, 73, 77, 73, 75, 76,
    72, 75, 73, 76, 76, 74, 74, 74, 77, 76, 74, 74, 75, 77, 77, 78, 75,
    76, 75, 74, 76, 76, 76, 77, 80, 76, 76, 76, 76, 77, 79, 78, 79, 77,
    80, 80, 78, 80, 84, 84, 83, 82, 78, 79, 77, 74, 75, 76, 81, 86, 89,
    89, 87, 82, 80, 76, 73, 77, 75, 80, 81, 87, 84, 82, 83, 77, 74, 73,
    73, 73, 76, 76, 80, 80, 80, 78, 78, 79, 73, 74, 72, 75, 73, 76, 73,
    74 ]
