%YAML:1.0
---
videoName: "headNod22.mp4"
gestureLabel: 202
fps: 29
pixelSizeInCmTemp: 3.1513157894736843e-01
faceCenterPointX: 252
faceCenterPointY: 80
headPositionsX: [ 254, 252, 251, 251, 255, 250, 252, 252, 252, 253, 253,
    254, 252, 254, 251, 251, 252, 253, 252, 253, 254, 251, 255, 253, 254,
    254, 255, 253, 256, 254, 253, 255, 252, 256, 255, 257, 253, 257, 256,
    253, 254, 253, 254, 254, 250, 251, 251, 253, 254, 253, 251, 252, 251,
    252, 252, 250, 249, 250, 253, 254, 250, 253, 255, 251, 251, 252, 253,
    252, 252, 250, 252, 250, 254, 254, 253, 254, 250, 252, 250, 254, 254,
    254, 249, 251, 250, 251, 250, 251, 251, 252, 252, 251, 253, 251, 250,
    253, 252, 252, 250, 249 ]
headPositionsY: [ 81, 77, 77, 80, 77, 76, 76, 80, 79, 78, 79, 81, 79, 79,
    78, 76, 78, 77, 79, 79, 77, 81, 79, 82, 82, 83, 85, 84, 80, 79, 78,
    75, 74, 71, 73, 72, 74, 78, 82, 81, 84, 85, 82, 75, 76, 70, 69, 69,
    70, 73, 78, 80, 80, 83, 85, 82, 79, 76, 75, 72, 74, 72, 75, 76, 76,
    80, 80, 82, 79, 75, 76, 73, 74, 75, 78, 79, 78, 82, 78, 81, 77, 78,
    77, 75, 78, 78, 81, 81, 81, 81, 77, 78, 78, 77, 81, 80, 82, 82, 81,
    80 ]
