%YAML:1.0
---
videoName: "headNod30.mp4"
gestureLabel: 202
fps: 29
pixelSizeInCmTemp: 3.2364864864864862e-01
faceCenterPointX: 271
faceCenterPointY: 72
headPositionsX: [ 269, 270, 273, 270, 272, 272, 270, 274, 271, 270, 274,
    271, 270, 270, 274, 272, 271, 269, 271, 270, 273, 272, 270, 271, 274,
    274, 273, 271, 273, 271, 273, 271, 273, 274, 272, 270, 272, 269, 269,
    269, 271, 271, 270, 268, 268, 270, 270, 271, 267, 268, 271, 268, 271,
    271, 271, 271, 271, 272, 271, 270, 269, 269, 271, 272, 271, 273, 272,
    269, 272, 271, 273, 274, 268, 272, 271, 269, 271, 271, 269, 273, 268,
    273, 273, 273, 271, 269, 269, 270, 271, 270, 273, 273, 272, 270, 270,
    271, 274, 273, 271, 270 ]
headPositionsY: [ 71, 74, 75, 76, 74, 77, 74, 78, 74, 76, 73, 76, 75, 77,
    75, 77, 74, 77, 74, 77, 76, 75, 73, 68, 70, 65, 66, 66, 67, 73, 72,
    77, 76, 81, 82, 83, 79, 76, 74, 74, 69, 73, 70, 74, 73, 74, 76, 79,
    81, 77, 77, 76, 71, 74, 72, 71, 69, 70, 75, 76, 75, 75, 78, 77, 75,
    73, 72, 71, 68, 68, 69, 69, 73, 75, 75, 75, 76, 75, 72, 69, 73, 70,
    72, 72, 70, 69, 70, 73, 73, 72, 74, 76, 72, 73, 72, 71, 73, 73, 74,
    73 ]
