%YAML:1.0
---
videoName: "headNod32.mp4"
gestureLabel: 202
fps: 29
pixelSizeInCmTemp: 2.8855421686746985e-01
faceCenterPointX: 266
faceCenterPointY: 74
headPositionsX: [ 265, 270, 266, 266, 270, 267, 268, 265, 268, 267, 268,
    266, 266, 265, 266, 264, 268, 265, 267, 266, 267, 266, 265, 268, 268,
    268, 268, 264, 268, 267, 269, 267, 267, 267, 265, 269, 267, 269, 270,
    267, 266, 270, 269, 269, 266, 266, 268, 267, 269, 266, 269, 267, 265,
    269, 267, 269, 266, 266, 267, 269, 268, 265, 265, 266, 269, 269, 269,
    269, 265, 267, 268, 267, 268, 267, 266, 267, 265, 267, 267, 266, 267,
    265, 265, 263, 263, 266, 266, 268, 267, 268, 267, 265, 270, 268, 268,
    265, 266, 265, 267, 266 ]
headPositionsY: [ 76, 76, 77, 76, 79, 77, 80, 77, 80, 79, 78, 79, 79, 77,
    77, 77, 77, 78, 77, 77, 75, 79, 76, 76, 76, 77, 79, 75, 80, 77, 78,
    80, 77, 75, 80, 75, 77, 75, 78, 77, 78, 80, 75, 78, 79, 79, 80, 76,
    80, 76, 80, 79, 76, 77, 75, 77, 77, 73, 76, 73, 66, 67, 66, 67, 64,
    67, 69, 71, 78, 81, 85, 87, 90, 84, 82, 80, 77, 73, 73, 70, 72, 69,
    70, 73, 70, 74, 74, 76, 72, 75, 77, 76, 75, 76, 72, 77, 73, 75, 74,
    76 ]
