%YAML:1.0
---
videoName: "headNod49.mp4"
gestureLabel: 202
fps: 29
pixelSizeInCmTemp: 2.9207317073170730e-01
faceCenterPointX: 263
faceCenterPointY: 74
headPositionsX: [ 263, 263, 266, 264, 267, 266, 265, 264, 264, 264, 267,
    265, 267, 265, 262, 262, 263, 265, 264, 265, 262, 263, 262, 265, 267,
    266, 262, 267, 264, 266, 265, 266, 265, 263, 263, 262, 266, 262, 266,
    265, 266, 263, 265, 261, 263, 262, 264, 263, 261, 264, 264, 264, 263,
    265, 264, 265, 263, 265, 262, 263, 264, 263, 265, 266, 266, 265, 264,
    265, 265, 265, 264, 265, 262, 264, 263, 265, 262, 263, 265, 262, 265,
    265, 265, 262, 262, 262, 264, 264, 264, 261, 264, 265, 264, 261, 263,
    262, 265, 261, 262, 265 ]
headPositionsY: [ 76, 73, 69, 73, 70, 74, 73, 71, 73, 71, 74, 69, 73, 67,
    68, 67, 69, 66, 67, 69, 68, 69, 70, 74, 78, 78, 78, 79, 76, 72, 70,
    69, 71, 68, 68, 68, 72, 75, 74, 78, 78, 78, 78, 76, 75, 71, 71, 72,
    73, 73, 70, 74, 76, 75, 75, 79, 77, 77, 78, 73, 74, 74, 71, 73, 75,
    73, 74, 75, 78, 76, 78, 79, 77, 77, 74, 74, 72, 74, 77, 73, 77, 74,
    77, 76, 76, 76, 75, 74, 73, 74, 75, 75, 72, 77, 73, 76, 75, 75, 76,
    72 ]
