%YAML:1.0
---
videoName: "headNod21.mp4"
gestureLabel: 202
fps: 29
pixelSizeInCmTemp: 3.2808219178082193e-01
faceCenterPointX: 253
faceCenterPointY: 78
headPositionsX: [ 254, 256, 257, 254, 254, 253, 253, 254, 256, 253, 256,
    254, 253, 254, 255, 253, 253, 256, 256, 254, 255, 254, 255, 253, 254,
    257, 253, 254, 255, 254, 258, 254, 254, 257, 256, 255, 253, 254, 255,
    255, 254, 255, 258, 258, 256, 255, 253, 254, 254, 255, 254, 254, 257,
    256, 257, 256, 253, 252, 256, 254, 254, 253, 251, 252, 254, 254, 250,
    251, 250, 250, 250, 252, 251, 251, 249, 249, 247, 250, 247, 250, 251,
    250, 252, 252, 252, 252, 255, 251, 254, 251, 254, 252, 255, 253, 253,
    254, 253, 255, 252, 257 ]
headPositionsY: [ 76, 80, 77, 78, 80, 78, 77, 80, 79, 79, 79, 78, 80, 77,
    76, 81, 79, 80, 77, 80, 77, 78, 76, 77, 80, 77, 82, 77, 80, 81, 84,
    83, 82, 81, 80, 76, 74, 73, 73, 76, 81, 83, 83, 84, 83, 81, 79, 77,
    78, 76, 82, 84, 85, 83, 84, 79, 80, 75, 79, 79, 79, 81, 83, 84, 81,
    82, 79, 77, 76, 76, 77, 78, 81, 82, 84, 82, 79, 81, 77, 79, 75, 80,
    78, 77, 81, 77, 82, 77, 77, 80, 77, 80, 78, 79, 78, 82, 80, 77, 79,
    81 ]
