%YAML:1.0
---
videoName: "headNod45.mp4"
gestureLabel: 202
fps: 30
pixelSizeInCmTemp: 3.0316455696202532e-01
faceCenterPointX: 265
faceCenterPointY: 77
headPositionsX: [ 263, 269, 269, 267, 265, 269, 268, 266, 268, 268, 269,
    266, 267, 269, 269, 268, 266, 268, 267, 268, 269, 269, 269, 268, 265,
    268, 268, 264, 268, 264, 265, 265, 265, 266, 268, 267, 264, 267, 265,
    268, 264, 264, 263, 267, 266, 264, 266, 264, 265, 267, 268, 266, 267,
    270, 266, 268, 265, 266, 266, 267, 267, 269, 267, 267, 265, 266, 264,
    266, 268, 267, 267, 268, 266, 268, 268, 266, 266, 268, 266, 265, 266,
    264, 267, 266, 267, 265, 265, 267, 267, 263, 266, 267, 265, 264, 267,
    268, 265, 264, 264, 266 ]
headPositionsY: [ 79, 75, 74, 74, 75, 78, 75, 73, 76, 75, 78, 74, 75, 77,
    76, 77, 75, 76, 81, 79, 83, 86, 91, 95, 92, 91, 89, 87, 83, 79, 73,
    72, 69, 64, 64, 65, 66, 69, 73, 80, 83, 85, 89, 89, 93, 88, 88, 86,
    80, 79, 73, 71, 71, 72, 74, 76, 79, 83, 82, 84, 84, 83, 83, 78, 78,
    74, 71, 71, 75, 75, 76, 79, 81, 89, 89, 85, 87, 85, 84, 79, 79, 74,
    75, 78, 77, 81, 81, 78, 80, 78, 81, 78, 80, 77, 79, 80, 75, 76, 77,
    78 ]
