%YAML:1.0
---
videoName: "headNod36.mp4"
gestureLabel: 202
fps: 29
pixelSizeInCmTemp: 2.8176470588235292e-01
faceCenterPointX: 269
faceCenterPointY: 75
headPositionsX: [ 268, 269, 271, 270, 269, 269, 271, 270, 271, 270, 269,
    269, 272, 270, 272, 271, 270, 271, 270, 272, 271, 269, 270, 271, 269,
    271, 269, 269, 268, 269, 270, 270, 269, 271, 272, 271, 269, 266, 268,
    266, 269, 267, 267, 271, 270, 271, 272, 268, 269, 269, 270, 268, 269,
    273, 268, 268, 269, 267, 267, 268, 270, 271, 271, 269, 270, 266, 266,
    266, 269, 271, 268, 266, 267, 266, 268, 268, 266, 269, 266, 266, 270,
    271, 270, 270, 270, 271, 270, 267, 270, 268, 270, 271, 272, 268, 269,
    270, 268, 270, 270, 270 ]
headPositionsY: [ 75, 73, 74, 72, 74, 73, 72, 72, 74, 76, 77, 76, 72, 73,
    75, 74, 73, 78, 75, 78, 78, 76, 81, 81, 73, 75, 70, 67, 65, 63, 63,
    64, 72, 73, 80, 85, 89, 90, 88, 88, 87, 81, 74, 71, 74, 70, 70, 70,
    67, 67, 69, 72, 79, 79, 82, 87, 87, 88, 86, 82, 77, 77, 76, 72, 71,
    72, 76, 75, 82, 82, 82, 80, 82, 78, 79, 73, 74, 73, 75, 77, 81, 83,
    82, 86, 82, 81, 80, 78, 80, 75, 74, 73, 75, 73, 73, 76, 73, 75, 74,
    76 ]
