%YAML:1.0
---
videoName: "headNod36.mp4"
gestureLabel: 202
fps: 29
pixelSizeInCmTemp: 2.8176470588235292e-01
faceCenterPointX: 269
faceCenterPointY: 75
headPositionsX: [ 271, 269, 271, 268, 269, 271, 269, 269, 268, 272, 268,
    270, 272, 270, 271, 269, 270, 271, 271, 271, 268, 271, 270, 271, 273,
    269, 269, 268, 272, 270, 269, 272, 272, 272, 272, 267, 268, 265, 268,
    269, 267, 269, 270, 271, 272, 272, 272, 271, 268, 270, 270, 269, 272,
    270, 272, 270, 270, 268, 267, 272, 271, 268, 271, 267, 269, 270, 267,
    268, 267, 271, 267, 270, 269, 269, 267, 267, 269, 267, 270, 267, 270,
    268, 270, 271, 269, 271, 271, 270, 271, 269, 271, 269, 268, 270, 271,
    271, 269, 269, 266, 267 ]
headPositionsY: [ 75, 75, 74, 73, 72, 76, 72, 76, 74, 75, 73, 74, 72, 74,
    74, 75, 75, 76, 74, 78, 79, 77, 78, 80, 76, 75, 70, 70, 68, 64, 62,
    65, 72, 74, 77, 84, 89, 88, 88, 88, 86, 78, 76, 75, 74, 67, 70, 69,
    70, 68, 68, 73, 79, 83, 82, 87, 87, 86, 85, 84, 81, 77, 76, 75, 73,
    74, 77, 77, 82, 83, 86, 80, 82, 77, 77, 74, 75, 74, 77, 79, 79, 83,
    84, 82, 84, 85, 83, 78, 76, 77, 76, 73, 75, 74, 77, 77, 77, 75, 74,
    74 ]
