%YAML:1.0
---
videoName: "headNod26.mp4"
gestureLabel: 202
fps: 29
pixelSizeInCmTemp: 3.1513157894736843e-01
faceCenterPointX: 271
faceCenterPointY: 78
headPositionsX: [ 273, 272, 272, 273, 274, 272, 271, 270, 271, 274, 274,
    275, 275, 272, 272, 271, 275, 271, 272, 270, 270, 273, 271, 270, 274,
    271, 273, 271, 270, 274, 274, 271, 274, 270, 271, 273, 269, 273, 269,
    271, 271, 271, 274, 270, 274, 270, 272, 274, 268, 272, 269, 274, 271,
    271, 272, 272, 272, 269, 272, 269, 272, 271, 274, 274, 271, 275, 273,
    272, 270, 272, 270, 274, 270, 270, 274, 269, 272, 272, 268, 272, 270,
    271, 272, 268, 269, 270, 269, 271, 272, 271, 271, 272, 270, 269, 269,
    271, 273, 268, 271, 273 ]
headPositionsY: [ 79, 73, 73, 72, 76, 74, 71, 69, 70, 66, 65, 64, 66, 64,
    69, 67, 71, 69, 73, 75, 78, 81, 81, 85, 81, 79, 77, 76, 72, 71, 69,
    66, 68, 66, 68, 69, 72, 74, 80, 80, 80, 78, 79, 76, 72, 72, 68, 67,
    67, 71, 71, 73, 72, 77, 76, 77, 77, 76, 74, 72, 71, 67, 66, 67, 67,
    70, 70, 72, 69, 70, 74, 73, 77, 74, 75, 74, 74, 69, 69, 71, 69, 70,
    71, 70, 69, 72, 74, 78, 78, 80, 80, 77, 78, 80, 76, 75, 77, 78, 80,
    76 ]
