%YAML:1.0
---
videoName: "headNod26.mp4"
gestureLabel: 202
fps: 29
pixelSizeInCmTemp: 3.1513157894736843e-01
faceCenterPointX: 271
faceCenterPointY: 78
headPositionsX: [ 271, 271, 274, 270, 272, 270, 271, 271, 273, 271, 272,
    274, 273, 272, 271, 272, 271, 272, 272, 273, 272, 274, 271, 271, 270,
    273, 269, 272, 271, 273, 271, 273, 272, 271, 271, 272, 272, 274, 273,
    269, 271, 273, 270, 274, 270, 271, 273, 273, 268, 271, 271, 274, 274,
    272, 270, 271, 273, 270, 272, 269, 271, 274, 271, 274, 271, 275, 271,
    274, 272, 270, 272, 270, 269, 272, 270, 271, 273, 270, 269, 272, 269,
    269, 271, 268, 272, 270, 268, 271, 271, 272, 269, 273, 273, 269, 272,
    272, 269, 269, 272, 273 ]
headPositionsY: [ 79, 73, 75, 71, 72, 73, 71, 71, 69, 67, 65, 63, 66, 67,
    66, 65, 69, 72, 71, 77, 79, 80, 85, 84, 85, 79, 78, 72, 73, 69, 71,
    70, 67, 68, 71, 73, 73, 77, 77, 81, 81, 77, 80, 74, 76, 68, 68, 71,
    69, 69, 67, 71, 73, 74, 75, 79, 75, 77, 73, 71, 68, 70, 67, 67, 70,
    68, 67, 69, 71, 72, 75, 74, 76, 76, 75, 76, 70, 70, 67, 71, 68, 68,
    68, 68, 69, 74, 77, 75, 80, 78, 80, 78, 78, 81, 76, 78, 79, 77, 80,
    76 ]
