%YAML:1.0
---
videoName: "headNod4.mp4"
gestureLabel: 202
fps: 29
pixelSizeInCmTemp: 3.2808219178082193e-01
faceCenterPointX: 264
faceCenterPointY: 72
headPositionsX: [ 265, 271, 267, 268, 272, 271, 271, 269, 269, 273, 267,
    268, 270, 269, 267, 267, 270, 269, 267, 268, 266, 267, 268, 270, 268,
    267, 268, 268, 269, 268, 265, 269, 266, 267, 269, 266, 269, 267, 267,
    266, 269, 268, 264, 269, 265, 269, 268, 267, 269, 270, 269, 267, 267,
    269, 264, 268, 266, 264, 266, 265, 266, 264, 264, 265, 267, 264, 266,
    266, 265, 265, 264, 266, 266, 265, 264, 263, 264, 264, 268, 264, 264,
    263, 267, 262, 263, 264, 263, 264, 262, 264, 264, 267, 265, 263, 262,
    266, 265, 266, 262, 263 ]
headPositionsY: [ 73, 73, 76, 76, 73, 75, 72, 74, 75, 73, 73, 74, 75, 72,
    76, 75, 76, 76, 73, 76, 72, 76, 72, 75, 71, 74, 77, 77, 76, 75, 76,
    74, 76, 74, 73, 73, 75, 73, 73, 73, 74, 73, 74, 72, 70, 68, 68, 66,
    68, 67, 66, 68, 70, 77, 75, 79, 80, 81, 82, 78, 76, 71, 68, 71, 70,
    72, 73, 75, 81, 82, 83, 82, 80, 78, 75, 73, 70, 69, 71, 67, 68, 73,
    76, 76, 81, 81, 82, 81, 84, 80, 83, 81, 77, 79, 78, 75, 75, 74, 73,
    76 ]
