%YAML:1.0
---
videoName: "headNod7.mp4"
gestureLabel: 202
fps: 29
pixelSizeInCmTemp: 3.2808219178082193e-01
faceCenterPointX: 261
faceCenterPointY: 71
headPositionsX: [ 261, 268, 263, 263, 268, 266, 263, 266, 266, 262, 263,
    261, 264, 266, 262, 265, 261, 264, 263, 264, 264, 263, 263, 263, 261,
    264, 262, 263, 265, 260, 264, 264, 263, 260, 263, 260, 262, 259, 262,
    260, 263, 260, 259, 261, 262, 262, 260, 261, 262, 264, 260, 262, 264,
    264, 263, 261, 260, 260, 261, 260, 264, 259, 261, 263, 262, 260, 261,
    262, 262, 261, 259, 258, 261, 263, 258, 263, 259, 261, 262, 261, 261,
    260, 264, 261, 264, 260, 261, 261, 260, 263, 261, 260, 262, 262, 263,
    261, 264, 259, 264, 261 ]
headPositionsY: [ 69, 77, 74, 73, 77, 72, 76, 72, 73, 75, 72, 71, 76, 75,
    71, 76, 75, 73, 75, 72, 73, 77, 74, 75, 76, 77, 77, 76, 77, 73, 76,
    73, 75, 73, 76, 75, 77, 74, 74, 75, 75, 77, 76, 77, 78, 78, 75, 76,
    72, 73, 69, 68, 69, 70, 73, 75, 77, 79, 82, 76, 74, 70, 73, 69, 72,
    74, 74, 78, 79, 78, 80, 73, 74, 73, 72, 68, 68, 70, 71, 73, 74, 75,
    77, 76, 78, 79, 74, 74, 72, 72, 69, 73, 69, 71, 73, 73, 74, 72, 70,
    71 ]
