%YAML:1.0
---
videoName: "headNod25.mp4"
gestureLabel: 202
fps: 29
pixelSizeInCmTemp: 3.1933333333333330e-01
faceCenterPointX: 270
faceCenterPointY: 75
headPositionsX: [ 269, 269, 270, 272, 271, 269, 271, 268, 271, 270, 270,
    270, 270, 270, 270, 268, 269, 269, 269, 272, 274, 271, 274, 270, 271,
    273, 274, 274, 273, 274, 275, 272, 271, 270, 272, 275, 274, 271, 270,
    273, 272, 272, 272, 271, 273, 272, 272, 272, 273, 273, 269, 271, 270,
    271, 271, 273, 273, 270, 270, 270, 270, 270, 270, 270, 272, 272, 270,
    271, 272, 269, 269, 268, 273, 273, 272, 269, 269, 272, 270, 268, 272,
    270, 271, 268, 269, 272, 273, 272, 272, 274, 272, 270, 271, 273, 269,
    271, 269, 269, 272, 268 ]
headPositionsY: [ 75, 72, 75, 72, 75, 74, 76, 72, 73, 73, 72, 72, 73, 75,
    74, 72, 73, 76, 73, 74, 75, 72, 74, 76, 72, 74, 75, 73, 77, 76, 76,
    75, 76, 73, 73, 77, 74, 73, 76, 75, 73, 77, 75, 77, 75, 75, 72, 77,
    76, 69, 72, 70, 66, 65, 62, 66, 64, 66, 67, 67, 72, 73, 76, 83, 89,
    90, 89, 87, 85, 81, 79, 76, 70, 71, 71, 69, 67, 68, 71, 70, 74, 78,
    81, 81, 81, 80, 80, 77, 76, 77, 77, 78, 74, 77, 78, 77, 77, 74, 73,
    77 ]
