%YAML:1.0
---
videoName: "headNod8.mp4"
gestureLabel: 202
fps: 29
pixelSizeInCmTemp: 3.1933333333333330e-01
faceCenterPointX: 262
faceCenterPointY: 74
headPositionsX: [ 262, 262, 260, 263, 262, 261, 261, 260, 261, 259, 263,
    262, 263, 263, 260, 262, 259, 263, 261, 261, 259, 264, 262, 261, 262,
    261, 263, 259, 261, 262, 262, 262, 261, 260, 262, 263, 262, 264, 261,
    260, 260, 261, 259, 261, 261, 262, 262, 261, 263, 261, 263, 261, 261,
    262, 259, 261, 259, 260, 263, 259, 259, 258, 260, 262, 259, 263, 263,
    262, 263, 263, 262, 261, 259, 260, 262, 258, 260, 260, 261, 260, 263,
    261, 262, 263, 260, 263, 263, 264, 263, 261, 261, 262, 260, 260, 262,
    263, 260, 264, 261, 264 ]
headPositionsY: [ 74, 79, 74, 78, 74, 74, 76, 77, 77, 76, 78, 74, 78, 76,
    78, 78, 76, 74, 77, 76, 75, 76, 78, 75, 75, 73, 74, 74, 79, 76, 78,
    75, 75, 76, 74, 79, 77, 75, 75, 74, 71, 70, 69, 69, 68, 69, 67, 71,
    73, 73, 78, 78, 82, 82, 84, 82, 80, 75, 71, 68, 71, 70, 69, 72, 78,
    81, 81, 83, 84, 79, 77, 74, 73, 68, 72, 72, 72, 77, 77, 81, 84, 80,
    79, 77, 76, 72, 70, 74, 72, 71, 76, 75, 77, 78, 78, 77, 78, 76, 78,
    75 ]
