%YAML:1.0
---
videoName: "headNod19.mp4"
gestureLabel: 202
fps: 29
pixelSizeInCmTemp: 3.1933333333333330e-01
faceCenterPointX: 255
faceCenterPointY: 81
headPositionsX: [ 254, 259, 258, 256, 257, 255, 257, 258, 256, 257, 255,
    255, 256, 255, 257, 253, 253, 252, 252, 253, 249, 251, 249, 253, 249,
    251, 250, 251, 250, 252, 249, 251, 250, 255, 253, 252, 252, 256, 252,
    252, 253, 256, 253, 253, 255, 257, 253, 256, 255, 254, 255, 257, 253,
    254, 256, 256, 257, 257, 255, 254, 258, 253, 256, 254, 253, 257, 255,
    254, 255, 254, 254, 254, 257, 256, 257, 254, 255, 256, 254, 254, 256,
    257, 257, 254, 258, 257, 257, 254, 253, 253, 253, 255, 255, 254, 257,
    254, 257, 257, 255, 253 ]
headPositionsY: [ 79, 86, 83, 82, 79, 80, 78, 78, 76, 75, 77, 75, 78, 78,
    75, 79, 78, 77, 80, 80, 77, 77, 79, 77, 80, 77, 81, 80, 77, 79, 78,
    78, 79, 78, 77, 79, 80, 77, 79, 81, 77, 80, 77, 76, 78, 77, 77, 81,
    80, 78, 78, 80, 78, 77, 77, 77, 80, 81, 77, 78, 79, 81, 79, 80, 82,
    78, 77, 76, 73, 76, 74, 75, 74, 77, 78, 82, 83, 82, 79, 80, 77, 74,
    79, 79, 81, 85, 82, 82, 86, 82, 82, 80, 82, 81, 80, 84, 82, 83, 84,
    81 ]
