%YAML:1.0
---
videoName: "headNod1.mp4"
gestureLabel: 202
fps: 29
pixelSizeInCmTemp: 3.2808219178082193e-01
faceCenterPointX: 263
faceCenterPointY: 78
headPositionsX: [ 263, 265, 262, 265, 263, 266, 260, 266, 262, 264, 261,
    266, 261, 264, 264, 265, 264, 263, 264, 263, 262, 265, 267, 265, 262,
    265, 266, 264, 265, 262, 262, 265, 262, 265, 262, 262, 265, 264, 262,
    264, 268, 262, 266, 263, 265, 263, 265, 263, 267, 263, 263, 263, 266,
    264, 261, 264, 263, 261, 265, 263, 263, 263, 262, 266, 265, 265, 264,
    265, 264, 265, 262, 261, 262, 262, 262, 262, 261, 263, 263, 264, 263,
    263, 259, 263, 264, 263, 264, 265, 266, 262, 262, 260, 263, 264, 262,
    263, 262, 261, 264, 261 ]
headPositionsY: [ 80, 72, 74, 72, 73, 76, 73, 77, 76, 74, 74, 73, 77, 75,
    72, 76, 72, 72, 74, 76, 74, 73, 75, 73, 75, 76, 75, 73, 74, 73, 75,
    77, 72, 75, 72, 73, 69, 68, 65, 64, 66, 64, 63, 62, 64, 64, 70, 71,
    69, 74, 75, 77, 83, 80, 81, 80, 77, 77, 76, 74, 69, 70, 68, 65, 65,
    65, 70, 73, 74, 75, 80, 79, 77, 75, 75, 70, 66, 67, 66, 66, 67, 67,
    70, 69, 72, 73, 77, 82, 80, 83, 80, 80, 82, 79, 82, 79, 78, 79, 80,
    78 ]
