%YAML:1.0
---
videoName: "headNod26.mp4"
gestureLabel: 202
fps: 29
pixelSizeInCmTemp: 3.1513157894736843e-01
faceCenterPointX: 271
faceCenterPointY: 78
headPositionsX: [ 270, 274, 273, 272, 272, 272, 273, 271, 272, 272, 274,
    272, 271, 272, 274, 271, 273, 273, 272, 274, 274, 274, 273, 272, 271,
    271, 273, 270, 269, 273, 271, 273, 270, 271, 270, 272, 273, 274, 273,
    270, 271, 272, 272, 271, 270, 271, 272, 272, 270, 272, 271, 271, 274,
    271, 270, 270, 273, 272, 271, 273, 273, 272, 270, 271, 273, 273, 271,
    272, 271, 273, 271, 272, 271, 271, 273, 269, 271, 272, 272, 272, 268,
    273, 273, 272, 273, 269, 268, 271, 271, 272, 271, 272, 273, 272, 270,
    272, 273, 271, 271, 272 ]
headPositionsY: [ 78, 74, 76, 75, 74, 71, 69, 71, 69, 69, 64, 65, 67, 64,
    66, 68, 70, 71, 75, 73, 79, 81, 85, 85, 85, 82, 77, 74, 70, 69, 71,
    68, 70, 66, 71, 69, 73, 73, 78, 80, 78, 79, 76, 73, 76, 71, 68, 68,
    68, 68, 71, 69, 75, 73, 77, 76, 74, 77, 74, 71, 68, 69, 68, 68, 70,
    68, 66, 71, 71, 70, 75, 75, 76, 77, 74, 73, 70, 70, 67, 71, 70, 69,
    70, 68, 72, 75, 73, 79, 79, 81, 79, 81, 78, 77, 77, 78, 78, 79, 80,
    77 ]
