%YAML:1.0
---
videoName: "headNod4.mp4"
gestureLabel: 202
fps: 29
pixelSizeInCmTemp: 3.2808219178082193e-01
faceCenterPointX: 264
faceCenterPointY: 72
headPositionsX: [ 266, 269, 269, 270, 271, 269, 270, 270, 270, 269, 269,
    270, 270, 270, 269, 268, 268, 267, 267, 266, 270, 268, 267, 268, 267,
    267, 266, 269, 265, 269, 269, 267, 267, 266, 266, 268, 266, 266, 266,
    267, 269, 268, 264, 267, 266, 266, 265, 269, 266, 269, 269, 267, 266,
    269, 267, 267, 264, 264, 268, 264, 265, 267, 264, 264, 266, 266, 263,
    267, 263, 264, 265, 266, 264, 265, 266, 263, 262, 262, 264, 267, 264,
    263, 263, 266, 267, 266, 264, 264, 265, 265, 263, 264, 264, 264, 263,
    265, 262, 263, 263, 267 ]
headPositionsY: [ 73, 76, 75, 74, 73, 76, 74, 73, 74, 77, 74, 75, 77, 75,
    73, 74, 72, 73, 76, 73, 75, 73, 75, 73, 73, 73, 76, 75, 72, 75, 72,
    72, 77, 72, 76, 73, 77, 75, 75, 74, 74, 74, 73, 72, 71, 69, 67, 67,
    64, 65, 64, 68, 70, 75, 78, 79, 84, 82, 80, 75, 76, 74, 71, 70, 69,
    70, 73, 77, 80, 82, 85, 82, 79, 78, 73, 71, 72, 70, 69, 70, 71, 69,
    75, 74, 77, 81, 81, 82, 83, 81, 83, 82, 79, 80, 77, 78, 73, 73, 72,
    73 ]
