%YAML:1.0
---
videoName: "headNod3.mp4"
gestureLabel: 202
fps: 29
pixelSizeInCmTemp: 3.1933333333333330e-01
faceCenterPointX: 264
faceCenterPointY: 76
headPositionsX: [ 263, 264, 265, 263, 264, 264, 265, 264, 265, 267, 265,
    267, 265, 268, 268, 264, 267, 264, 264, 266, 266, 267, 267, 267, 265,
    267, 267, 265, 267, 264, 267, 267, 265, 264, 264, 265, 268, 266, 264,
    266, 267, 266, 267, 266, 266, 264, 266, 266, 267, 265, 267, 263, 266,
    267, 262, 262, 263, 262, 264, 263, 266, 263, 265, 262, 263, 264, 264,
    264, 263, 264, 266, 265, 262, 265, 264, 261, 265, 266, 264, 263, 262,
    261, 263, 265, 264, 263, 262, 263, 263, 263, 264, 264, 263, 264, 265,
    263, 266, 265, 262, 266 ]
headPositionsY: [ 74, 77, 78, 74, 79, 78, 74, 74, 78, 72, 77, 73, 71, 75,
    75, 72, 72, 73, 74, 75, 73, 73, 70, 74, 71, 75, 74, 74, 74, 76, 76,
    76, 75, 76, 77, 74, 74, 76, 75, 75, 77, 75, 74, 73, 74, 68, 70, 67,
    65, 67, 69, 70, 71, 76, 77, 80, 84, 85, 84, 77, 75, 72, 69, 71, 67,
    65, 70, 71, 75, 76, 80, 81, 81, 81, 76, 75, 71, 69, 65, 67, 66, 67,
    71, 73, 72, 75, 76, 78, 82, 81, 78, 78, 78, 75, 77, 76, 78, 74, 76,
    75 ]
