%YAML:1.0
---
videoName: "headNod37.mp4"
gestureLabel: 202
fps: 29
pixelSizeInCmTemp: 2.9207317073170730e-01
faceCenterPointX: 269
faceCenterPointY: 78
headPositionsX: [ 271, 270, 273, 269, 272, 271, 272, 268, 270, 270, 272,
    271, 272, 271, 270, 270, 269, 267, 268, 269, 270, 267, 270, 269, 267,
    267, 270, 269, 270, 270, 270, 270, 270, 269, 267, 271, 268, 269, 270,
    270, 270, 269, 271, 268, 270, 269, 272, 267, 273, 271, 268, 271, 269,
    269, 268, 269, 270, 271, 268, 268, 270, 267, 269, 269, 269, 266, 264,
    268, 265, 267, 269, 266, 268, 268, 266, 268, 269, 271, 269, 272, 268,
    272, 269, 272, 271, 272, 268, 270, 269, 268, 270, 268, 271, 269, 269,
    270, 269, 271, 268, 267 ]
headPositionsY: [ 78, 75, 77, 74, 73, 76, 77, 77, 73, 73, 74, 77, 74, 76,
    74, 76, 77, 77, 77, 75, 76, 75, 78, 74, 74, 76, 74, 76, 74, 78, 74,
    77, 75, 77, 75, 76, 76, 76, 75, 75, 76, 77, 76, 77, 75, 75, 75, 78,
    77, 76, 76, 76, 72, 70, 69, 66, 63, 68, 65, 69, 71, 69, 80, 85, 87,
    88, 87, 88, 85, 79, 73, 72, 70, 68, 68, 64, 66, 68, 66, 67, 73, 75,
    80, 82, 82, 84, 80, 82, 80, 80, 78, 81, 77, 75, 78, 75, 77, 79, 80,
    76 ]
