%YAML:1.0
---
videoName: "headNod2.mp4"
gestureLabel: 202
fps: 29
pixelSizeInCmTemp: 3.2364864864864862e-01
faceCenterPointX: 263
faceCenterPointY: 70
headPositionsX: [ 265, 262, 264, 264, 260, 263, 265, 264, 263, 263, 265,
    266, 266, 263, 262, 262, 264, 266, 264, 266, 264, 264, 262, 262, 264,
    263, 262, 264, 265, 261, 261, 261, 263, 263, 261, 263, 264, 260, 260,
    261, 262, 262, 259, 261, 261, 261, 260, 262, 263, 261, 262, 261, 262,
    260, 262, 262, 264, 264, 261, 259, 263, 265, 260, 263, 263, 260, 261,
    263, 262, 261, 262, 262, 265, 263, 262, 262, 262, 261, 262, 263, 262,
    263, 262, 264, 262, 265, 265, 261, 264, 264, 264, 261, 262, 262, 262,
    266, 264, 262, 263, 262 ]
headPositionsY: [ 71, 74, 76, 75, 76, 76, 75, 74, 77, 77, 77, 78, 73, 75,
    77, 76, 75, 73, 75, 77, 77, 74, 77, 76, 75, 75, 73, 76, 73, 75, 74,
    72, 73, 72, 76, 74, 74, 75, 75, 72, 73, 74, 73, 75, 76, 73, 74, 74,
    75, 73, 71, 68, 72, 70, 76, 79, 80, 77, 74, 70, 73, 74, 73, 72, 74,
    77, 75, 73, 68, 69, 68, 72, 75, 78, 76, 73, 76, 69, 73, 72, 72, 75,
    74, 77, 74, 76, 74, 70, 71, 70, 70, 73, 73, 69, 73, 70, 68, 71, 70,
    70 ]
