%YAML:1.0
---
videoName: "headNod0.mp4"
gestureLabel: 202
fps: 29
pixelSizeInCmTemp: 3.2364864864864862e-01
faceCenterPointX: 264
faceCenterPointY: 76
headPositionsX: [ 263, 268, 265, 266, 269, 267, 266, 269, 268, 267, 265,
    265, 267, 264, 266, 263, 266, 263, 267, 266, 264, 266, 265, 264, 267,
    265, 267, 264, 266, 264, 264, 264, 264, 264, 268, 269, 269, 264, 267,
    268, 268, 268, 265, 266, 265, 264, 265, 263, 266, 262, 266, 263, 264,
    266, 267, 263, 262, 263, 262, 264, 264, 266, 268, 268, 268, 266, 264,
    264, 266, 266, 264, 263, 266, 267, 266, 266, 262, 265, 265, 266, 261,
    262, 262, 264, 262, 262, 266, 264, 267, 265, 263, 264, 267, 263, 263,
    264, 263, 262, 265, 263 ]
headPositionsY: [ 76, 75, 73, 75, 72, 72, 72, 75, 75, 72, 71, 74, 74, 73,
    72, 72, 72, 75, 71, 72, 73, 74, 72, 72, 76, 76, 72, 74, 73, 70, 68,
    69, 67, 64, 61, 64, 65, 63, 62, 65, 69, 72, 71, 73, 80, 82, 83, 80,
    82, 78, 80, 76, 72, 71, 70, 65, 67, 66, 68, 68, 71, 73, 73, 75, 76,
    77, 80, 82, 79, 80, 77, 75, 70, 69, 68, 68, 65, 67, 70, 71, 72, 71,
    72, 72, 74, 75, 80, 77, 80, 78, 76, 77, 76, 76, 75, 77, 74, 74, 77,
    75 ]
