%YAML:1.0
---
videoName: "headNod44.mp4"
gestureLabel: 202
fps: 29
pixelSizeInCmTemp: 2.9567901234567900e-01
faceCenterPointX: 268
faceCenterPointY: 78
headPositionsX: [ 268, 268, 270, 272, 268, 267, 269, 266, 271, 269, 267,
    270, 269, 269, 268, 267, 271, 268, 271, 267, 268, 269, 267, 266, 266,
    270, 270, 269, 265, 266, 269, 269, 267, 268, 268, 269, 268, 268, 266,
    269, 264, 266, 264, 265, 268, 265, 267, 270, 266, 268, 266, 266, 265,
    268, 265, 269, 266, 270, 268, 266, 267, 270, 265, 266, 268, 266, 266,
    267, 267, 269, 270, 267, 272, 269, 269, 268, 271, 269, 267, 270, 271,
    267, 268, 270, 266, 269, 266, 269, 266, 266, 269, 267, 269, 265, 268,
    270, 267, 266, 268, 266 ]
headPositionsY: [ 77, 74, 76, 72, 75, 73, 72, 73, 72, 76, 74, 72, 72, 76,
    74, 73, 76, 79, 79, 83, 87, 90, 91, 92, 96, 95, 90, 83, 79, 77, 73,
    69, 70, 68, 70, 77, 79, 81, 86, 89, 89, 82, 82, 77, 73, 71, 72, 74,
    78, 81, 87, 89, 89, 87, 86, 82, 80, 74, 74, 73, 76, 75, 78, 82, 83,
    83, 86, 81, 78, 79, 78, 75, 76, 80, 78, 80, 86, 88, 86, 88, 82, 84,
    78, 79, 80, 79, 76, 78, 76, 77, 77, 77, 78, 79, 79, 76, 79, 75, 78,
    77 ]
