%YAML:1.0
---
videoName: "headNod12.mp4"
gestureLabel: 202
fps: 29
pixelSizeInCmTemp: 3.2808219178082193e-01
faceCenterPointX: 254
faceCenterPointY: 69
headPositionsX: [ 253, 255, 251, 253, 252, 254, 254, 254, 253, 256, 257,
    259, 255, 258, 255, 259, 253, 254, 256, 259, 253, 255, 259, 256, 256,
    257, 255, 258, 256, 254, 257, 255, 255, 254, 255, 253, 255, 255, 252,
    255, 253, 257, 253, 256, 256, 257, 254, 252, 255, 253, 254, 256, 255,
    254, 255, 254, 256, 255, 256, 253, 256, 255, 253, 254, 255, 254, 256,
    255, 253, 255, 252, 256, 253, 254, 253, 255, 253, 255, 254, 254, 254,
    253, 253, 253, 254, 254, 255, 254, 255, 254, 253, 257, 256, 255, 255,
    253, 256, 253, 256, 254 ]
headPositionsY: [ 67, 76, 71, 76, 74, 71, 75, 71, 72, 74, 73, 77, 75, 71,
    73, 72, 74, 74, 75, 74, 73, 72, 74, 74, 72, 75, 73, 74, 74, 75, 73,
    75, 76, 73, 72, 73, 69, 68, 66, 66, 64, 62, 62, 64, 63, 68, 68, 73,
    71, 73, 77, 79, 77, 77, 74, 74, 70, 69, 64, 65, 64, 62, 64, 67, 65,
    70, 69, 70, 74, 75, 75, 73, 74, 76, 75, 70, 69, 67, 70, 65, 67, 67,
    66, 65, 68, 69, 71, 70, 75, 71, 74, 74, 72, 71, 74, 72, 73, 68, 68,
    71 ]
