%YAML:1.0
---
videoName: "headNod40.mp4"
gestureLabel: 202
fps: 29
pixelSizeInCmTemp: 2.8511904761904761e-01
faceCenterPointX: 267
faceCenterPointY: 78
headPositionsX: [ 265, 269, 266, 269, 267, 267, 269, 269, 268, 266, 266,
    266, 269, 267, 268, 268, 268, 268, 267, 267, 265, 269, 270, 269, 267,
    266, 269, 267, 269, 268, 270, 270, 270, 269, 267, 268, 268, 267, 268,
    269, 271, 265, 264, 268, 267, 267, 265, 267, 268, 268, 264, 267, 266,
    266, 267, 266, 266, 267, 268, 266, 265, 265, 264, 265, 268, 264, 268,
    264, 266, 269, 267, 268, 266, 267, 267, 266, 269, 266, 267, 267, 269,
    265, 266, 269, 265, 266, 269, 267, 265, 265, 266, 266, 267, 266, 266,
    265, 266, 266, 266, 265 ]
headPositionsY: [ 80, 74, 76, 78, 74, 78, 74, 76, 77, 76, 75, 74, 79, 75,
    74, 78, 75, 74, 76, 77, 75, 76, 75, 77, 76, 76, 76, 77, 73, 76, 76,
    77, 73, 76, 77, 77, 73, 76, 75, 77, 83, 87, 89, 96, 95, 95, 96, 91,
    87, 83, 79, 79, 79, 67, 68, 69, 68, 68, 70, 76, 82, 86, 88, 88, 83,
    81, 79, 78, 74, 73, 74, 74, 74, 75, 76, 76, 79, 79, 79, 77, 80, 78,
    78, 79, 79, 80, 81, 81, 76, 77, 79, 76, 77, 76, 78, 79, 75, 75, 77,
    76 ]
