%YAML:1.0
---
videoName: "headNod38.mp4"
gestureLabel: 202
fps: 29
pixelSizeInCmTemp: 2.9937500000000000e-01
faceCenterPointX: 267
faceCenterPointY: 73
headPositionsX: [ 266, 266, 265, 268, 265, 265, 267, 268, 264, 265, 267,
    268, 266, 267, 268, 268, 265, 267, 268, 265, 268, 267, 266, 265, 266,
    264, 268, 264, 264, 264, 266, 264, 263, 267, 265, 264, 263, 266, 268,
    267, 264, 265, 268, 266, 268, 266, 265, 269, 270, 267, 266, 265, 269,
    266, 269, 269, 270, 269, 270, 269, 267, 267, 270, 270, 271, 268, 266,
    269, 266, 270, 268, 267, 269, 267, 268, 266, 269, 268, 266, 268, 269,
    267, 267, 269, 267, 268, 266, 270, 266, 269, 270, 267, 267, 269, 265,
    269, 265, 268, 267, 265 ]
headPositionsY: [ 75, 73, 74, 73, 80, 81, 82, 87, 87, 82, 82, 76, 77, 74,
    80, 83, 84, 85, 84, 86, 83, 80, 73, 76, 76, 80, 80, 85, 90, 88, 87,
    87, 80, 78, 76, 75, 75, 74, 76, 78, 84, 84, 87, 88, 87, 84, 80, 74,
    73, 71, 72, 73, 73, 75, 81, 83, 84, 84, 86, 82, 79, 80, 76, 74, 72,
    71, 69, 74, 73, 76, 78, 82, 85, 84, 85, 84, 83, 80, 80, 74, 74, 73,
    71, 70, 70, 72, 71, 71, 71, 72, 74, 73, 72, 71, 73, 73, 74, 72, 72,
    76 ]
