%YAML:1.0
---
videoName: "headNod21.mp4"
gestureLabel: 202
fps: 29
pixelSizeInCmTemp: 3.2808219178082193e-01
faceCenterPointX: 253
faceCenterPointY: 78
headPositionsX: [ 252, 256, 257, 257, 255, 256, 257, 257, 257, 253, 257,
    254, 253, 254, 257, 256, 256, 257, 252, 253, 257, 256, 253, 256, 254,
    257, 257, 254, 254, 254, 255, 254, 258, 258, 254, 257, 254, 258, 255,
    257, 254, 255, 258, 257, 254, 257, 256, 254, 257, 253, 252, 253, 253,
    256, 253, 254, 253, 252, 256, 253, 252, 252, 254, 254, 254, 254, 253,
    252, 252, 251, 254, 251, 249, 251, 252, 252, 247, 251, 250, 251, 250,
    250, 251, 251, 253, 251, 255, 254, 255, 251, 254, 254, 254, 255, 252,
    256, 253, 256, 254, 257 ]
headPositionsY: [ 76, 80, 77, 77, 77, 77, 77, 76, 78, 76, 79, 77, 77, 78,
    78, 81, 81, 78, 77, 81, 80, 78, 77, 81, 80, 77, 82, 79, 78, 80, 80,
    82, 83, 81, 77, 76, 73, 76, 75, 78, 81, 82, 86, 84, 84, 81, 77, 78,
    76, 76, 78, 81, 83, 81, 82, 79, 81, 79, 76, 75, 78, 81, 82, 85, 83,
    83, 81, 79, 76, 74, 74, 78, 79, 78, 82, 85, 80, 81, 79, 77, 76, 80,
    75, 81, 80, 81, 81, 80, 79, 77, 77, 77, 77, 78, 78, 82, 78, 77, 80,
    81 ]
