%YAML:1.0
---
videoName: "headNod7.mp4"
gestureLabel: 202
fps: 29
pixelSizeInCmTemp: 3.2808219178082193e-01
faceCenterPointX: 261
faceCenterPointY: 71
headPositionsX: [ 263, 264, 265, 265, 268, 264, 266, 266, 266, 263, 264,
    264, 264, 264, 261, 262, 263, 264, 262, 261, 263, 261, 260, 260, 261,
    264, 261, 261, 263, 263, 261, 260, 259, 261, 260, 259, 263, 259, 263,
    259, 262, 264, 259, 262, 262, 259, 263, 260, 262, 260, 262, 264, 264,
    261, 262, 262, 259, 264, 261, 260, 262, 263, 262, 261, 264, 263, 262,
    261, 261, 260, 262, 259, 261, 262, 259, 263, 262, 261, 264, 262, 264,
    262, 264, 261, 265, 261, 260, 263, 260, 260, 261, 261, 260, 262, 261,
    262, 261, 262, 261, 261 ]
headPositionsY: [ 71, 75, 74, 72, 76, 71, 73, 72, 74, 74, 74, 73, 72, 74,
    71, 74, 72, 73, 75, 75, 75, 77, 76, 76, 74, 78, 76, 74, 74, 74, 75,
    77, 76, 77, 75, 76, 77, 73, 73, 76, 77, 77, 75, 73, 77, 76, 78, 74,
    72, 70, 70, 72, 72, 72, 71, 73, 79, 79, 79, 75, 74, 69, 72, 68, 72,
    72, 74, 77, 78, 79, 78, 77, 75, 70, 72, 71, 71, 71, 72, 74, 76, 76,
    78, 78, 77, 78, 77, 76, 70, 70, 70, 69, 70, 70, 72, 70, 72, 73, 74,
    71 ]
