%YAML:1.0
---
videoName: "headNod34.mp4"
gestureLabel: 202
fps: 29
pixelSizeInCmTemp: 2.9567901234567900e-01
faceCenterPointX: 266
faceCenterPointY: 78
headPositionsX: [ 265, 267, 270, 266, 269, 268, 269, 267, 268, 269, 271,
    269, 269, 269, 271, 271, 270, 271, 268, 269, 270, 267, 269, 269, 268,
    269, 271, 268, 269, 268, 268, 271, 268, 268, 269, 270, 269, 270, 268,
    271, 272, 269, 272, 270, 273, 270, 268, 267, 268, 267, 268, 269, 269,
    269, 270, 269, 268, 268, 270, 271, 272, 271, 270, 268, 272, 268, 270,
    268, 272, 269, 268, 268, 268, 267, 267, 269, 265, 266, 266, 264, 265,
    266, 266, 266, 265, 264, 265, 266, 265, 267, 268, 265, 264, 265, 267,
    268, 266, 269, 267, 268 ]
headPositionsY: [ 79, 78, 78, 77, 79, 74, 75, 75, 78, 78, 77, 76, 76, 74,
    74, 78, 77, 76, 77, 76, 76, 75, 75, 76, 76, 77, 74, 74, 77, 74, 77,
    77, 75, 77, 77, 76, 77, 73, 74, 73, 69, 73, 76, 73, 82, 86, 88, 87,
    87, 84, 78, 77, 75, 73, 74, 71, 74, 78, 81, 83, 85, 85, 80, 80, 77,
    79, 77, 80, 80, 83, 85, 86, 87, 84, 81, 78, 81, 78, 78, 79, 78, 83,
    81, 84, 83, 79, 81, 77, 79, 78, 79, 81, 79, 78, 78, 78, 80, 79, 79,
    78 ]
