%YAML:1.0
---
videoName: "headNod9.mp4"
gestureLabel: 202
fps: 29
pixelSizeInCmTemp: 3.1513157894736843e-01
faceCenterPointX: 261
faceCenterPointY: 75
headPositionsX: [ 263, 262, 263, 262, 263, 262, 258, 261, 261, 263, 259,
    259, 263, 262, 260, 261, 259, 260, 260, 261, 261, 259, 263, 262, 258,
    259, 260, 262, 263, 263, 260, 260, 263, 260, 262, 260, 259, 260, 263,
    263, 262, 259, 263, 260, 260, 262, 257, 259, 261, 260, 257, 259, 262,
    259, 260, 263, 262, 262, 259, 258, 259, 262, 258, 262, 263, 262, 263,
    263, 259, 258, 258, 260, 259, 259, 262, 259, 257, 260, 259, 257, 257,
    260, 260, 256, 258, 260, 256, 256, 258, 261, 258, 257, 262, 260, 262,
    259, 259, 261, 259, 258 ]
headPositionsY: [ 73, 75, 76, 73, 75, 74, 73, 74, 77, 76, 77, 76, 78, 75,
    76, 77, 76, 73, 77, 73, 73, 77, 75, 77, 74, 74, 74, 73, 75, 75, 76,
    79, 81, 82, 83, 80, 81, 74, 77, 74, 75, 72, 77, 83, 84, 88, 85, 84,
    79, 81, 77, 77, 75, 78, 80, 84, 85, 81, 79, 77, 75, 72, 73, 75, 78,
    81, 80, 84, 85, 83, 80, 75, 76, 72, 71, 70, 72, 74, 77, 77, 83, 85,
    83, 82, 82, 77, 77, 74, 73, 71, 71, 70, 73, 72, 73, 72, 73, 76, 74,
    75 ]
