%YAML:1.0
---
videoName: "headNod18.mp4"
gestureLabel: 202
fps: 29
pixelSizeInCmTemp: 3.3263888888888887e-01
faceCenterPointX: 255
faceCenterPointY: 77
headPositionsX: [ 257, 258, 257, 257, 255, 257, 259, 256, 256, 255, 257,
    256, 255, 254, 254, 255, 256, 255, 253, 253, 254, 254, 254, 257, 257,
    256, 255, 255, 256, 256, 254, 257, 255, 256, 257, 254, 254, 257, 255,
    257, 253, 254, 256, 253, 253, 256, 257, 255, 256, 256, 253, 255, 252,
    257, 256, 253, 254, 255, 256, 256, 255, 253, 255, 255, 256, 256, 255,
    255, 253, 255, 252, 254, 253, 253, 254, 253, 254, 256, 253, 255, 253,
    253, 255, 253, 255, 254, 254, 254, 255, 255, 254, 254, 254, 253, 253,
    255, 258, 256, 254, 255 ]
headPositionsY: [ 76, 79, 75, 75, 77, 78, 79, 77, 75, 78, 79, 79, 79, 80,
    76, 79, 78, 77, 80, 76, 78, 78, 79, 79, 80, 77, 79, 79, 81, 76, 78,
    76, 78, 78, 80, 78, 77, 77, 78, 75, 74, 76, 71, 71, 72, 73, 72, 72,
    76, 77, 77, 77, 78, 80, 79, 82, 78, 72, 73, 73, 73, 74, 76, 77, 82,
    82, 80, 78, 77, 73, 76, 77, 77, 81, 84, 85, 81, 82, 75, 78, 73, 74,
    74, 79, 80, 80, 84, 84, 81, 80, 77, 79, 78, 79, 79, 79, 77, 79, 76,
    79 ]
