%YAML:1.0
---
videoName: "headNod27.mp4"
gestureLabel: 202
fps: 29
pixelSizeInCmTemp: 3.0705128205128202e-01
faceCenterPointX: 271
faceCenterPointY: 77
headPositionsX: [ 269, 271, 270, 271, 270, 270, 272, 271, 274, 275, 271,
    272, 273, 270, 271, 272, 273, 269, 271, 272, 272, 274, 271, 274, 274,
    272, 272, 269, 271, 274, 271, 272, 273, 270, 271, 271, 268, 271, 268,
    266, 268, 269, 268, 268, 272, 272, 269, 268, 271, 270, 267, 267, 269,
    271, 267, 272, 272, 271, 272, 270, 270, 269, 268, 266, 269, 267, 267,
    266, 270, 270, 267, 268, 269, 268, 268, 271, 271, 266, 267, 267, 271,
    266, 268, 269, 269, 268, 268, 268, 273, 272, 270, 270, 273, 271, 268,
    269, 270, 269, 268, 269 ]
headPositionsY: [ 79, 71, 71, 72, 71, 73, 72, 73, 75, 72, 75, 76, 72, 72,
    76, 76, 74, 75, 74, 77, 73, 72, 68, 65, 65, 63, 62, 64, 62, 68, 69,
    79, 82, 82, 85, 85, 83, 77, 75, 72, 67, 66, 70, 67, 72, 73, 77, 78,
    80, 81, 81, 78, 76, 73, 68, 68, 73, 69, 72, 76, 80, 80, 84, 82, 81,
    80, 74, 72, 71, 73, 73, 74, 74, 75, 78, 79, 79, 77, 77, 74, 74, 73,
    73, 72, 72, 73, 73, 78, 78, 81, 81, 77, 80, 77, 76, 78, 75, 76, 75,
    77 ]
