%YAML:1.0
---
videoName: "headNod28.mp4"
gestureLabel: 202
fps: 30
pixelSizeInCmTemp: 3.2364864864864862e-01
faceCenterPointX: 270
faceCenterPointY: 76
headPositionsX: [ 268, 271, 270, 270, 273, 272, 270, 271, 273, 270, 273,
    273, 270, 272, 270, 272, 270, 271, 273, 267, 270, 269, 270, 270, 272,
    272, 268, 269, 268, 268, 271, 272, 272, 273, 272, 269, 270, 270, 272,
    270, 272, 273, 272, 270, 271, 271, 269, 272, 270, 270, 270, 268, 271,
    271, 268, 269, 269, 269, 268, 271, 270, 269, 269, 272, 272, 271, 271,
    271, 269, 270, 269, 270, 270, 272, 269, 269, 273, 270, 268, 272, 271,
    270, 270, 269, 271, 270, 269, 270, 269, 271, 271, 271, 272, 270, 272,
    273, 270, 272, 272, 268 ]
headPositionsY: [ 77, 76, 75, 74, 75, 73, 73, 73, 77, 76, 76, 77, 77, 73,
    77, 76, 76, 76, 76, 76, 77, 73, 77, 76, 77, 74, 76, 75, 75, 75, 76,
    75, 74, 73, 75, 73, 74, 72, 75, 73, 73, 78, 76, 82, 82, 83, 82, 82,
    76, 79, 72, 74, 73, 71, 73, 70, 71, 74, 76, 76, 80, 80, 81, 77, 77,
    75, 74, 70, 74, 71, 73, 73, 79, 80, 79, 79, 78, 75, 74, 74, 71, 73,
    72, 76, 75, 78, 79, 78, 79, 75, 75, 77, 74, 75, 77, 76, 78, 75, 76,
    75 ]
