%YAML:1.0
---
videoName: "headNod31.mp4"
gestureLabel: 202
fps: 29
pixelSizeInCmTemp: 2.8855421686746985e-01
faceCenterPointX: 267
faceCenterPointY: 75
headPositionsX: [ 268, 270, 270, 272, 272, 270, 268, 269, 268, 271, 272,
    272, 271, 268, 271, 271, 267, 268, 267, 267, 267, 265, 266, 268, 265,
    267, 267, 264, 266, 268, 268, 267, 269, 270, 268, 268, 269, 268, 267,
    266, 267, 265, 268, 265, 264, 266, 270, 266, 266, 266, 268, 269, 265,
    268, 268, 266, 265, 265, 267, 265, 267, 266, 264, 266, 265, 266, 264,
    266, 267, 265, 264, 265, 264, 265, 265, 268, 264, 264, 266, 265, 267,
    266, 265, 267, 266, 268, 267, 266, 265, 265, 269, 266, 266, 265, 269,
    269, 266, 267, 265, 264 ]
headPositionsY: [ 74, 73, 72, 76, 76, 72, 73, 66, 66, 64, 67, 66, 66, 64,
    75, 81, 83, 85, 88, 86, 83, 81, 81, 76, 74, 71, 73, 71, 66, 70, 68,
    71, 73, 74, 77, 81, 82, 86, 85, 89, 86, 83, 79, 75, 74, 74, 74, 73,
    75, 77, 83, 82, 82, 86, 82, 79, 80, 76, 72, 70, 69, 72, 67, 68, 70,
    72, 76, 79, 77, 82, 82, 80, 78, 75, 73, 73, 71, 70, 71, 70, 72, 77,
    76, 75, 76, 78, 77, 78, 73, 73, 74, 74, 75, 74, 76, 75, 78, 78, 78,
    75 ]
