%YAML:1.0
---
videoName: "headNod47.mp4"
gestureLabel: 202
fps: 29
pixelSizeInCmTemp: 3.0316455696202532e-01
faceCenterPointX: 266
faceCenterPointY: 70
headPositionsX: [ 268, 265, 266, 266, 269, 266, 264, 268, 264, 265, 266,
    265, 265, 267, 264, 266, 267, 264, 262, 265, 265, 265, 264, 268, 266,
    266, 269, 269, 265, 266, 267, 269, 268, 265, 265, 267, 266, 266, 268,
    266, 269, 265, 267, 266, 266, 268, 266, 265, 266, 264, 267, 269, 267,
    269, 267, 269, 265, 267, 265, 269, 267, 268, 265, 264, 264, 266, 266,
    265, 264, 268, 266, 267, 268, 267, 266, 267, 265, 265, 265, 265, 268,
    264, 266, 264, 268, 265, 265, 264, 268, 266, 265, 266, 266, 264, 265,
    267, 266, 264, 264, 267 ]
headPositionsY: [ 68, 61, 60, 61, 59, 60, 58, 63, 64, 69, 73, 75, 79, 82,
    81, 74, 73, 73, 69, 66, 68, 66, 65, 67, 73, 76, 78, 78, 77, 75, 72,
    74, 69, 70, 65, 70, 68, 73, 74, 74, 76, 80, 79, 76, 78, 71, 72, 71,
    67, 66, 67, 70, 71, 74, 74, 73, 73, 74, 72, 68, 69, 66, 68, 70, 66,
    69, 71, 76, 73, 75, 74, 72, 74, 71, 68, 68, 70, 70, 70, 70, 75, 72,
    74, 73, 73, 73, 70, 69, 72, 72, 71, 72, 72, 71, 70, 70, 69, 70, 68,
    72 ]
