%YAML:1.0
---
videoName: "headNod29.mp4"
gestureLabel: 202
fps: 29
pixelSizeInCmTemp: 3.1933333333333330e-01
faceCenterPointX: 271
faceCenterPointY: 70
headPositionsX: [ 269, 273, 276, 273, 276, 276, 275, 273, 275, 272, 275,
    272, 271, 273, 272, 273, 273, 270, 271, 272, 274, 273, 272, 273, 271,
    271, 272, 270, 269, 273, 269, 271, 272, 270, 270, 270, 270, 270, 273,
    272, 273, 269, 269, 269, 273, 273, 270, 271, 270, 271, 269, 271, 273,
    269, 271, 273, 269, 272, 270, 270, 271, 270, 270, 273, 269, 271, 268,
    270, 267, 272, 267, 272, 271, 270, 269, 269, 271, 272, 270, 270, 269,
    270, 269, 272, 271, 273, 270, 271, 273, 269, 270, 270, 272, 273, 270,
    271, 272, 273, 272, 271 ]
headPositionsY: [ 71, 71, 71, 73, 75, 75, 79, 79, 80, 81, 78, 81, 75, 76,
    70, 71, 67, 68, 69, 65, 65, 69, 67, 72, 75, 73, 77, 79, 77, 79, 78,
    77, 77, 72, 70, 71, 69, 70, 73, 72, 74, 79, 80, 77, 79, 81, 78, 75,
    75, 71, 75, 72, 76, 81, 79, 84, 83, 80, 80, 75, 76, 73, 76, 77, 79,
    77, 81, 79, 73, 75, 74, 71, 71, 69, 69, 70, 74, 75, 77, 79, 74, 77,
    76, 73, 74, 70, 73, 72, 70, 70, 68, 68, 70, 69, 68, 72, 72, 70, 70,
    73 ]
