%YAML:1.0
---
videoName: "headNod35.mp4"
gestureLabel: 202
fps: 30
pixelSizeInCmTemp: 2.9937500000000000e-01
faceCenterPointX: 268
faceCenterPointY: 78
headPositionsX: [ 270, 268, 267, 269, 271, 269, 267, 271, 270, 269, 272,
    271, 271, 269, 270, 270, 272, 271, 269, 272, 269, 271, 271, 270, 267,
    269, 269, 267, 269, 273, 270, 271, 269, 270, 270, 268, 271, 267, 269,
    266, 266, 268, 269, 265, 270, 270, 267, 271, 268, 268, 272, 271, 269,
    266, 270, 270, 271, 266, 269, 268, 266, 268, 269, 271, 271, 267, 268,
    270, 271, 267, 270, 271, 266, 267, 267, 268, 267, 267, 271, 272, 269,
    269, 265, 266, 266, 267, 268, 266, 264, 267, 267, 269, 265, 268, 266,
    266, 269, 269, 266, 267 ]
headPositionsY: [ 77, 76, 75, 77, 74, 76, 75, 76, 78, 79, 77, 77, 79, 75,
    76, 74, 77, 78, 74, 77, 77, 75, 75, 76, 78, 74, 74, 74, 69, 69, 68,
    69, 71, 71, 71, 78, 81, 85, 87, 92, 92, 90, 89, 83, 80, 79, 75, 76,
    72, 76, 76, 79, 83, 85, 88, 88, 89, 83, 82, 82, 73, 72, 70, 72, 73,
    76, 77, 83, 82, 88, 88, 84, 80, 78, 77, 74, 74, 75, 78, 79, 82, 83,
    86, 87, 85, 86, 81, 84, 80, 79, 77, 79, 78, 76, 80, 79, 81, 79, 77,
    78 ]
