%YAML:1.0
---
videoName: "headNod35.mp4"
gestureLabel: 202
fps: 30
pixelSizeInCmTemp: 2.9937500000000000e-01
faceCenterPointX: 268
faceCenterPointY: 78
headPositionsX: [ 268, 266, 268, 268, 270, 269, 269, 271, 271, 269, 270,
    268, 268, 271, 269, 269, 272, 270, 270, 272, 269, 270, 269, 269, 270,
    272, 271, 268, 268, 273, 271, 272, 269, 269, 272, 268, 268, 268, 268,
    267, 270, 265, 268, 267, 269, 269, 266, 268, 269, 268, 270, 270, 268,
    270, 267, 268, 270, 267, 266, 268, 269, 266, 270, 269, 271, 267, 268,
    270, 270, 268, 268, 270, 266, 267, 266, 270, 266, 269, 268, 268, 267,
    268, 266, 267, 267, 265, 268, 269, 265, 264, 268, 268, 266, 269, 266,
    268, 267, 265, 268, 267 ]
headPositionsY: [ 80, 78, 73, 77, 74, 76, 74, 74, 77, 75, 77, 77, 78, 77,
    78, 77, 79, 75, 77, 77, 77, 78, 79, 76, 74, 76, 77, 70, 70, 68, 69,
    69, 67, 68, 70, 77, 79, 83, 89, 94, 93, 89, 88, 82, 79, 76, 74, 74,
    75, 74, 76, 78, 86, 86, 87, 91, 89, 84, 81, 79, 74, 71, 71, 71, 75,
    73, 78, 82, 83, 85, 88, 85, 83, 79, 76, 78, 74, 74, 74, 80, 79, 85,
    88, 86, 85, 83, 81, 83, 79, 81, 79, 82, 81, 78, 76, 79, 81, 75, 77,
    79 ]
