%YAML:1.0
---
videoName: "headNod19.mp4"
gestureLabel: 202
fps: 29
pixelSizeInCmTemp: 3.1933333333333330e-01
faceCenterPointX: 255
faceCenterPointY: 81
headPositionsX: [ 256, 259, 256, 258, 258, 255, 258, 257, 255, 258, 255,
    254, 258, 254, 254, 255, 254, 253, 250, 253, 249, 251, 249, 249, 250,
    252, 250, 250, 252, 253, 249, 251, 254, 252, 253, 253, 255, 256, 255,
    255, 255, 256, 257, 253, 255, 256, 257, 258, 255, 253, 258, 255, 257,
    254, 258, 257, 257, 255, 257, 255, 255, 252, 255, 257, 256, 254, 256,
    258, 253, 258, 256, 254, 256, 253, 255, 256, 256, 257, 255, 257, 254,
    255, 258, 255, 257, 255, 255, 253, 257, 253, 256, 257, 253, 254, 257,
    254, 258, 253, 256, 254 ]
headPositionsY: [ 81, 86, 86, 80, 80, 77, 76, 77, 77, 75, 77, 77, 75, 79,
    76, 78, 76, 78, 76, 77, 76, 80, 80, 78, 77, 79, 79, 78, 81, 81, 81,
    78, 77, 79, 77, 79, 79, 76, 79, 77, 79, 80, 80, 77, 80, 80, 76, 79,
    77, 78, 78, 77, 77, 81, 77, 79, 78, 77, 77, 81, 79, 78, 80, 78, 82,
    82, 76, 76, 77, 73, 72, 76, 77, 74, 79, 84, 83, 85, 79, 79, 75, 74,
    75, 80, 81, 84, 82, 83, 86, 81, 82, 80, 80, 80, 80, 83, 81, 82, 83,
    82 ]
