%YAML:1.0
---
videoName: "headNod3.mp4"
gestureLabel: 202
fps: 29
pixelSizeInCmTemp: 3.1933333333333330e-01
faceCenterPointX: 264
faceCenterPointY: 76
headPositionsX: [ 262, 264, 265, 263, 265, 264, 266, 266, 267, 263, 268,
    264, 267, 264, 267, 266, 266, 266, 265, 266, 264, 263, 266, 267, 266,
    263, 266, 265, 265, 266, 265, 266, 264, 264, 263, 266, 268, 264, 264,
    265, 264, 264, 265, 264, 264, 265, 264, 263, 267, 265, 267, 266, 267,
    265, 265, 263, 264, 266, 262, 263, 263, 262, 261, 266, 263, 262, 264,
    263, 261, 263, 262, 264, 262, 262, 261, 261, 263, 264, 263, 265, 262,
    263, 262, 263, 265, 263, 262, 261, 266, 264, 263, 263, 264, 262, 264,
    265, 262, 263, 266, 267 ]
headPositionsY: [ 78, 75, 75, 75, 77, 75, 74, 76, 78, 73, 74, 76, 73, 74,
    72, 75, 72, 71, 73, 71, 72, 73, 74, 74, 73, 74, 73, 74, 72, 76, 72,
    73, 76, 72, 74, 74, 73, 74, 75, 75, 76, 75, 77, 74, 71, 69, 67, 66,
    68, 66, 70, 70, 74, 74, 79, 82, 81, 83, 84, 79, 77, 70, 69, 69, 65,
    68, 70, 73, 72, 80, 80, 80, 83, 78, 79, 76, 71, 69, 65, 68, 67, 67,
    68, 71, 73, 75, 75, 79, 80, 80, 80, 79, 77, 79, 77, 78, 78, 76, 73,
    74 ]
