%YAML:1.0
---
videoName: "headNod5.mp4"
gestureLabel: 202
fps: 29
pixelSizeInCmTemp: 3.1513157894736843e-01
faceCenterPointX: 263
faceCenterPointY: 75
headPositionsX: [ 265, 266, 262, 263, 260, 263, 262, 263, 264, 262, 264,
    262, 262, 262, 265, 261, 264, 264, 263, 264, 267, 266, 263, 265, 265,
    265, 264, 264, 267, 266, 267, 265, 266, 264, 266, 268, 267, 268, 265,
    265, 265, 264, 264, 266, 265, 264, 265, 267, 267, 265, 266, 264, 265,
    264, 263, 265, 265, 262, 265, 266, 265, 262, 264, 262, 264, 264, 266,
    266, 267, 265, 266, 265, 267, 264, 262, 263, 265, 266, 264, 264, 266,
    263, 263, 263, 264, 264, 263, 261, 264, 264, 262, 262, 265, 262, 264,
    261, 263, 264, 260, 261 ]
headPositionsY: [ 73, 74, 72, 72, 72, 75, 75, 74, 72, 72, 75, 72, 73, 73,
    72, 76, 75, 73, 76, 75, 74, 75, 74, 75, 75, 73, 77, 76, 75, 74, 77,
    78, 74, 73, 76, 79, 79, 78, 79, 74, 76, 76, 79, 78, 78, 78, 77, 80,
    79, 76, 81, 83, 81, 84, 86, 82, 78, 79, 77, 75, 78, 79, 80, 84, 86,
    88, 85, 81, 81, 76, 75, 77, 75, 79, 81, 87, 86, 83, 81, 76, 75, 75,
    76, 72, 75, 78, 77, 79, 84, 80, 80, 78, 74, 76, 73, 76, 76, 73, 73,
    74 ]
