%YAML:1.0
---
videoName: "headNod35.mp4"
gestureLabel: 202
fps: 30
pixelSizeInCmTemp: 2.9937500000000000e-01
faceCenterPointX: 268
faceCenterPointY: 78
headPositionsX: [ 266, 268, 267, 269, 268, 271, 271, 272, 271, 272, 271,
    271, 268, 270, 272, 270, 270, 269, 272, 271, 267, 269, 270, 272, 269,
    270, 269, 267, 272, 271, 273, 273, 270, 270, 270, 268, 270, 267, 268,
    270, 269, 265, 266, 267, 270, 268, 270, 267, 270, 269, 268, 268, 269,
    267, 266, 267, 269, 267, 266, 266, 266, 267, 270, 269, 270, 267, 266,
    267, 268, 267, 268, 267, 270, 267, 268, 270, 270, 269, 267, 268, 266,
    269, 267, 270, 266, 264, 267, 266, 264, 267, 268, 269, 268, 266, 264,
    268, 266, 269, 268, 265 ]
headPositionsY: [ 79, 74, 76, 78, 73, 76, 75, 76, 78, 76, 75, 75, 78, 74,
    77, 78, 75, 75, 74, 78, 76, 75, 77, 78, 78, 78, 78, 73, 68, 68, 68,
    68, 67, 71, 71, 75, 79, 84, 91, 91, 92, 90, 90, 86, 78, 75, 73, 76,
    75, 76, 79, 79, 85, 88, 89, 90, 89, 84, 79, 83, 74, 74, 74, 75, 72,
    74, 79, 83, 85, 85, 88, 83, 80, 77, 77, 77, 73, 74, 77, 79, 81, 82,
    87, 89, 84, 87, 84, 82, 81, 80, 77, 81, 81, 79, 78, 76, 80, 75, 80,
    76 ]
