%YAML:1.0
---
videoName: "headNod24.mp4"
gestureLabel: 202
fps: 29
pixelSizeInCmTemp: 3.1513157894736843e-01
faceCenterPointX: 272
faceCenterPointY: 72
headPositionsX: [ 270, 274, 273, 273, 272, 272, 275, 275, 277, 277, 275,
    274, 276, 275, 276, 272, 274, 272, 274, 275, 271, 275, 273, 275, 272,
    271, 272, 275, 271, 271, 270, 275, 271, 271, 275, 275, 273, 274, 275,
    276, 274, 271, 273, 275, 270, 273, 274, 271, 274, 273, 272, 274, 272,
    275, 271, 273, 275, 273, 270, 270, 269, 271, 269, 272, 272, 271, 273,
    273, 270, 270, 274, 271, 269, 270, 269, 270, 268, 269, 271, 269, 272,
    269, 268, 269, 270, 268, 272, 272, 269, 272, 271, 271, 271, 270, 270,
    272, 273, 271, 272, 273 ]
headPositionsY: [ 70, 72, 75, 74, 72, 75, 72, 72, 74, 73, 73, 73, 73, 72,
    72, 73, 71, 75, 72, 71, 71, 74, 73, 71, 71, 75, 75, 76, 73, 73, 75,
    72, 73, 73, 76, 71, 70, 70, 70, 72, 72, 74, 76, 80, 79, 82, 79, 75,
    69, 65, 65, 69, 70, 70, 76, 75, 77, 74, 69, 67, 64, 69, 64, 68, 70,
    71, 77, 78, 72, 71, 72, 69, 71, 67, 68, 73, 69, 73, 77, 75, 76, 76,
    76, 71, 72, 72, 72, 70, 68, 71, 70, 73, 75, 75, 71, 74, 74, 70, 70,
    70 ]
