%YAML:1.0
---
videoName: "headNod35.mp4"
gestureLabel: 202
fps: 30
pixelSizeInCmTemp: 2.9937500000000000e-01
faceCenterPointX: 268
faceCenterPointY: 78
headPositionsX: [ 267, 267, 269, 270, 267, 269, 270, 271, 270, 269, 269,
    269, 272, 267, 268, 270, 270, 271, 270, 272, 269, 269, 269, 268, 269,
    272, 268, 267, 268, 269, 272, 269, 272, 270, 271, 268, 268, 267, 269,
    268, 268, 268, 266, 268, 268, 270, 270, 267, 268, 271, 271, 268, 268,
    268, 269, 267, 268, 269, 270, 270, 269, 267, 269, 271, 270, 269, 269,
    267, 267, 269, 267, 268, 266, 267, 268, 270, 266, 267, 271, 272, 268,
    266, 269, 267, 269, 264, 266, 268, 264, 268, 267, 266, 269, 265, 264,
    267, 266, 266, 267, 266 ]
headPositionsY: [ 80, 78, 74, 77, 74, 77, 74, 78, 76, 76, 76, 79, 75, 78,
    74, 78, 75, 77, 77, 78, 78, 78, 79, 77, 74, 75, 74, 74, 71, 70, 70,
    66, 70, 69, 72, 74, 78, 85, 89, 94, 91, 90, 90, 84, 82, 77, 73, 74,
    76, 73, 76, 82, 86, 86, 91, 89, 87, 85, 83, 80, 75, 71, 72, 72, 73,
    74, 77, 83, 85, 86, 86, 84, 80, 79, 77, 76, 75, 76, 76, 77, 79, 83,
    89, 86, 87, 86, 81, 83, 80, 81, 77, 78, 77, 77, 80, 80, 80, 79, 78,
    77 ]
