%YAML:1.0
---
videoName: "headNod18.mp4"
gestureLabel: 202
fps: 29
pixelSizeInCmTemp: 3.3263888888888887e-01
faceCenterPointX: 255
faceCenterPointY: 77
headPositionsX: [ 255, 257, 256, 256, 257, 257, 259, 257, 257, 256, 256,
    256, 255, 258, 253, 255, 254, 253, 253, 254, 254, 253, 256, 256, 255,
    253, 257, 255, 256, 252, 256, 257, 253, 256, 253, 255, 256, 256, 255,
    255, 253, 254, 257, 254, 254, 258, 254, 253, 254, 256, 256, 253, 252,
    254, 252, 253, 252, 256, 255, 256, 255, 255, 254, 252, 255, 255, 253,
    253, 253, 255, 253, 256, 252, 252, 253, 253, 256, 254, 253, 253, 255,
    254, 251, 256, 254, 254, 253, 253, 256, 255, 253, 253, 253, 253, 256,
    253, 257, 252, 256, 256 ]
headPositionsY: [ 79, 77, 78, 78, 78, 78, 77, 77, 78, 75, 78, 78, 77, 76,
    78, 77, 76, 78, 78, 79, 79, 79, 79, 81, 79, 77, 81, 79, 81, 75, 80,
    80, 80, 76, 78, 78, 80, 78, 75, 79, 75, 72, 73, 74, 72, 72, 70, 70,
    73, 74, 77, 79, 81, 84, 78, 82, 78, 76, 71, 72, 74, 73, 77, 78, 81,
    82, 78, 80, 73, 74, 73, 77, 78, 78, 85, 81, 83, 80, 75, 77, 73, 76,
    77, 76, 78, 81, 81, 82, 80, 79, 80, 75, 77, 79, 79, 77, 80, 80, 79,
    77 ]
