%YAML:1.0
---
videoName: "headNod13.mp4"
gestureLabel: 202
fps: 29
pixelSizeInCmTemp: 3.2364864864864862e-01
faceCenterPointX: 253
faceCenterPointY: 79
headPositionsX: [ 252, 253, 251, 252, 253, 252, 252, 253, 251, 254, 252,
    252, 254, 256, 257, 256, 254, 255, 253, 255, 255, 253, 253, 252, 255,
    255, 253, 253, 251, 255, 255, 252, 253, 256, 253, 254, 255, 253, 250,
    254, 254, 251, 252, 255, 252, 254, 250, 253, 252, 254, 251, 252, 254,
    255, 252, 252, 254, 251, 256, 253, 252, 255, 252, 252, 255, 253, 254,
    255, 255, 252, 253, 255, 256, 256, 253, 255, 253, 252, 254, 256, 256,
    254, 256, 252, 255, 255, 256, 253, 255, 253, 253, 252, 256, 255, 251,
    252, 253, 255, 253, 250 ]
headPositionsY: [ 77, 72, 72, 73, 71, 75, 73, 74, 74, 76, 74, 71, 74, 71,
    74, 74, 72, 73, 76, 75, 72, 75, 74, 72, 73, 76, 74, 75, 71, 73, 74,
    73, 73, 76, 72, 73, 72, 73, 74, 71, 72, 76, 73, 72, 72, 72, 75, 73,
    73, 70, 71, 69, 69, 66, 69, 72, 70, 75, 78, 75, 78, 77, 79, 78, 73,
    73, 68, 68, 70, 70, 70, 72, 76, 78, 78, 78, 82, 80, 78, 78, 73, 70,
    74, 71, 71, 75, 77, 77, 81, 81, 80, 77, 79, 80, 77, 77, 78, 79, 81,
    80 ]
