%YAML:1.0
---
videoName: "headNod39.mp4"
gestureLabel: 202
fps: 29
pixelSizeInCmTemp: 2.9937500000000000e-01
faceCenterPointX: 268
faceCenterPointY: 78
headPositionsX: [ 267, 268, 266, 266, 270, 267, 268, 269, 270, 267, 270,
    267, 269, 271, 268, 267, 269, 268, 267, 271, 269, 270, 268, 267, 267,
    268, 267, 269, 267, 269, 271, 269, 267, 269, 271, 270, 270, 269, 269,
    270, 267, 268, 269, 268, 267, 266, 269, 268, 265, 269, 265, 267, 266,
    270, 265, 267, 265, 264, 264, 266, 267, 266, 266, 268, 268, 268, 265,
    269, 265, 264, 265, 267, 267, 267, 269, 268, 265, 268, 266, 269, 267,
    268, 265, 265, 268, 270, 270, 266, 267, 266, 268, 268, 269, 269, 269,
    270, 269, 267, 268, 267 ]
headPositionsY: [ 76, 78, 77, 76, 75, 77, 79, 78, 74, 76, 77, 75, 75, 77,
    77, 76, 74, 77, 75, 75, 76, 76, 75, 74, 77, 75, 75, 78, 74, 78, 78,
    75, 76, 76, 74, 76, 75, 79, 77, 81, 82, 85, 85, 86, 84, 80, 80, 74,
    75, 77, 74, 73, 73, 77, 79, 84, 89, 89, 92, 88, 87, 79, 77, 74, 74,
    74, 74, 77, 77, 82, 81, 82, 80, 83, 79, 77, 76, 73, 73, 74, 75, 78,
    77, 81, 80, 82, 77, 78, 77, 78, 80, 78, 80, 80, 76, 80, 76, 77, 76,
    77 ]
