%YAML:1.0
---
videoName: "headNod15.mp4"
gestureLabel: 202
fps: 29
pixelSizeInCmTemp: 3.1933333333333330e-01
faceCenterPointX: 255
faceCenterPointY: 74
headPositionsX: [ 253, 255, 256, 256, 256, 257, 259, 255, 255, 258, 258,
    259, 257, 255, 254, 258, 258, 256, 256, 257, 258, 257, 257, 255, 257,
    253, 256, 257, 253, 253, 253, 256, 258, 253, 254, 257, 255, 255, 257,
    256, 255, 256, 255, 255, 256, 252, 256, 256, 252, 256, 254, 256, 254,
    253, 256, 256, 255, 255, 255, 257, 252, 254, 255, 257, 255, 256, 258,
    255, 254, 256, 257, 257, 256, 255, 253, 254, 252, 254, 255, 255, 254,
    251, 256, 255, 253, 252, 254, 252, 253, 257, 256, 256, 252, 253, 254,
    257, 254, 252, 256, 253 ]
headPositionsY: [ 75, 72, 74, 72, 71, 74, 74, 75, 75, 74, 74, 74, 72, 72,
    71, 72, 74, 72, 75, 71, 76, 74, 73, 73, 74, 75, 73, 72, 76, 72, 71,
    76, 73, 75, 74, 77, 76, 76, 80, 82, 80, 82, 81, 78, 77, 70, 71, 70,
    72, 72, 77, 79, 83, 83, 80, 79, 75, 73, 72, 72, 72, 75, 72, 77, 83,
    84, 81, 81, 79, 77, 75, 70, 70, 73, 72, 72, 75, 76, 76, 76, 73, 73,
    72, 71, 70, 70, 72, 70, 73, 76, 75, 76, 73, 73, 74, 72, 75, 73, 72,
    73 ]
