%YAML:1.0
---
videoName: "headNod49.mp4"
gestureLabel: 202
fps: 29
pixelSizeInCmTemp: 2.9207317073170730e-01
faceCenterPointX: 263
faceCenterPointY: 74
headPositionsX: [ 261, 267, 263, 264, 268, 267, 264, 266, 265, 265, 264,
    263, 265, 265, 262, 264, 263, 266, 266, 266, 266, 266, 264, 264, 264,
    266, 263, 265, 262, 266, 264, 263, 263, 265, 262, 266, 263, 262, 262,
    263, 266, 264, 265, 263, 261, 262, 263, 265, 263, 262, 264, 264, 262,
    266, 261, 261, 265, 264, 264, 262, 263, 265, 262, 262, 263, 264, 262,
    262, 263, 262, 263, 264, 264, 266, 266, 261, 261, 262, 265, 264, 262,
    261, 265, 265, 261, 260, 261, 263, 264, 264, 265, 261, 264, 261, 264,
    266, 264, 260, 262, 264 ]
headPositionsY: [ 75, 73, 70, 72, 71, 73, 71, 75, 71, 71, 73, 70, 73, 70,
    69, 66, 67, 66, 69, 67, 68, 72, 71, 74, 75, 79, 79, 79, 76, 75, 74,
    72, 72, 68, 68, 68, 69, 75, 73, 77, 79, 79, 79, 76, 74, 73, 71, 71,
    71, 69, 72, 75, 73, 75, 76, 79, 77, 78, 74, 74, 76, 75, 72, 71, 71,
    73, 76, 76, 79, 78, 79, 75, 76, 76, 76, 76, 73, 72, 74, 77, 75, 76,
    74, 76, 75, 74, 74, 75, 74, 72, 73, 76, 76, 74, 71, 74, 75, 74, 73,
    73 ]
