%YAML:1.0
---
videoName: "headNod26.mp4"
gestureLabel: 202
fps: 29
pixelSizeInCmTemp: 3.1513157894736843e-01
faceCenterPointX: 271
faceCenterPointY: 78
headPositionsX: [ 272, 273, 273, 270, 274, 270, 274, 272, 273, 272, 271,
    271, 274, 273, 271, 272, 271, 273, 273, 271, 270, 272, 272, 272, 272,
    270, 273, 273, 269, 274, 274, 272, 271, 270, 270, 273, 270, 271, 273,
    273, 272, 269, 274, 272, 273, 270, 271, 272, 268, 272, 270, 274, 271,
    272, 270, 272, 272, 271, 273, 273, 272, 273, 273, 274, 271, 275, 271,
    274, 273, 271, 271, 270, 269, 271, 272, 270, 272, 272, 270, 270, 272,
    270, 272, 268, 269, 271, 272, 272, 270, 270, 273, 271, 269, 270, 270,
    271, 269, 270, 272, 270 ]
headPositionsY: [ 77, 75, 75, 71, 72, 71, 71, 68, 70, 67, 66, 65, 66, 64,
    66, 67, 70, 73, 71, 77, 76, 81, 85, 85, 81, 78, 80, 72, 72, 71, 67,
    70, 66, 66, 71, 72, 74, 73, 76, 79, 79, 80, 80, 74, 72, 68, 71, 71,
    70, 68, 71, 69, 75, 77, 76, 79, 78, 75, 73, 70, 69, 69, 68, 66, 68,
    71, 69, 69, 70, 73, 74, 77, 77, 76, 77, 72, 70, 70, 67, 71, 66, 69,
    71, 71, 70, 72, 75, 77, 78, 77, 79, 81, 77, 77, 76, 79, 77, 77, 79,
    76 ]
