%YAML:1.0
---
videoName: "headNod35.mp4"
gestureLabel: 202
fps: 30
pixelSizeInCmTemp: 2.9937500000000000e-01
faceCenterPointX: 268
faceCenterPointY: 78
headPositionsX: [ 270, 268, 269, 266, 269, 270, 267, 270, 267, 269, 268,
    270, 272, 267, 269, 271, 268, 268, 272, 272, 268, 269, 269, 270, 271,
    271, 271, 267, 269, 271, 271, 273, 271, 268, 269, 270, 270, 267, 265,
    268, 270, 266, 267, 268, 269, 270, 267, 267, 272, 271, 269, 270, 271,
    269, 268, 268, 269, 267, 266, 270, 268, 268, 269, 270, 268, 269, 269,
    268, 267, 271, 267, 268, 266, 269, 269, 268, 268, 271, 267, 272, 266,
    269, 269, 270, 268, 268, 267, 265, 266, 265, 268, 267, 269, 269, 268,
    266, 267, 265, 267, 267 ]
headPositionsY: [ 78, 76, 75, 75, 77, 76, 74, 78, 78, 79, 77, 78, 76, 78,
    74, 75, 76, 76, 74, 77, 77, 77, 79, 78, 74, 76, 75, 73, 69, 67, 66,
    66, 68, 72, 71, 77, 79, 84, 89, 91, 94, 91, 90, 85, 80, 78, 76, 72,
    76, 76, 76, 80, 82, 88, 91, 87, 87, 83, 80, 83, 73, 71, 74, 75, 72,
    73, 79, 80, 83, 87, 85, 83, 82, 81, 76, 77, 74, 76, 76, 79, 83, 84,
    89, 88, 86, 84, 81, 80, 81, 80, 78, 78, 77, 78, 78, 77, 80, 76, 78,
    77 ]
