%YAML:1.0
---
videoName: "headNod0.mp4"
gestureLabel: 202
fps: 29
pixelSizeInCmTemp: 3.2364864864864862e-01
faceCenterPointX: 264
faceCenterPointY: 76
headPositionsX: [ 262, 265, 265, 269, 266, 268, 265, 268, 266, 269, 266,
    269, 269, 264, 265, 264, 264, 267, 266, 263, 265, 264, 263, 265, 264,
    268, 263, 265, 264, 265, 266, 265, 266, 266, 265, 265, 266, 268, 268,
    267, 267, 265, 267, 262, 267, 267, 265, 266, 264, 265, 266, 262, 265,
    265, 265, 263, 262, 267, 265, 263, 264, 264, 266, 266, 266, 264, 265,
    266, 268, 266, 264, 266, 266, 266, 263, 263, 264, 264, 266, 263, 262,
    266, 265, 264, 263, 265, 262, 265, 263, 262, 263, 266, 264, 266, 266,
    262, 262, 262, 263, 262 ]
headPositionsY: [ 75, 75, 73, 74, 70, 71, 71, 75, 76, 71, 71, 74, 72, 75,
    73, 71, 73, 74, 75, 71, 72, 71, 74, 76, 76, 74, 74, 73, 74, 70, 69,
    66, 65, 64, 65, 63, 61, 65, 62, 64, 68, 70, 71, 77, 77, 82, 80, 84,
    79, 82, 80, 75, 70, 73, 70, 69, 70, 67, 64, 66, 70, 71, 71, 74, 75,
    78, 78, 79, 81, 77, 76, 76, 71, 70, 66, 70, 66, 70, 66, 68, 70, 72,
    72, 72, 75, 78, 79, 79, 80, 77, 77, 79, 75, 78, 76, 77, 76, 73, 77,
    75 ]
