%YAML:1.0
---
videoName: "headNod16.mp4"
gestureLabel: 202
fps: 29
pixelSizeInCmTemp: 3.3263888888888887e-01
faceCenterPointX: 255
faceCenterPointY: 77
headPositionsX: [ 255, 259, 260, 260, 257, 258, 259, 259, 260, 259, 259,
    259, 257, 261, 258, 257, 259, 257, 261, 257, 259, 259, 261, 260, 259,
    258, 257, 260, 257, 261, 260, 257, 260, 260, 260, 258, 260, 261, 262,
    259, 260, 257, 260, 260, 261, 257, 259, 259, 258, 258, 255, 260, 256,
    256, 258, 257, 257, 259, 259, 257, 255, 256, 258, 258, 258, 257, 254,
    255, 257, 258, 256, 254, 256, 254, 253, 255, 255, 256, 257, 253, 256,
    256, 252, 254, 256, 254, 256, 255, 257, 256, 255, 256, 253, 258, 252,
    257, 258, 256, 256, 257 ]
headPositionsY: [ 79, 75, 75, 75, 74, 75, 75, 76, 76, 77, 75, 74, 75, 75,
    76, 73, 74, 76, 74, 73, 75, 75, 77, 76, 75, 75, 73, 76, 73, 77, 74,
    73, 74, 75, 74, 73, 72, 70, 67, 67, 71, 70, 69, 74, 77, 79, 80, 81,
    79, 78, 76, 74, 68, 71, 71, 72, 73, 76, 77, 79, 83, 81, 80, 82, 79,
    74, 75, 68, 70, 71, 73, 76, 73, 81, 78, 81, 78, 75, 73, 72, 72, 68,
    69, 69, 73, 73, 77, 79, 76, 79, 79, 78, 77, 78, 74, 74, 79, 78, 74,
    77 ]
