%YAML:1.0
---
videoName: "headNod16.mp4"
gestureLabel: 202
fps: 29
pixelSizeInCmTemp: 3.3263888888888887e-01
faceCenterPointX: 255
faceCenterPointY: 77
headPositionsX: [ 255, 257, 260, 257, 261, 257, 257, 260, 259, 259, 260,
    258, 259, 260, 260, 261, 260, 256, 260, 260, 258, 259, 257, 257, 261,
    258, 257, 257, 260, 259, 261, 258, 257, 258, 257, 260, 260, 258, 260,
    261, 261, 258, 258, 262, 262, 259, 261, 260, 258, 258, 257, 258, 255,
    256, 260, 258, 255, 257, 256, 258, 258, 257, 255, 255, 256, 255, 257,
    253, 256, 256, 256, 254, 254, 254, 254, 256, 256, 254, 256, 257, 257,
    255, 252, 255, 255, 254, 253, 253, 253, 253, 254, 256, 254, 257, 252,
    255, 256, 253, 256, 253 ]
headPositionsY: [ 79, 77, 72, 74, 74, 72, 74, 73, 76, 73, 76, 76, 77, 74,
    77, 73, 75, 74, 75, 72, 75, 76, 74, 76, 76, 75, 77, 77, 73, 74, 74,
    76, 76, 75, 77, 73, 73, 71, 67, 70, 69, 68, 69, 73, 77, 76, 83, 80,
    83, 80, 75, 73, 70, 67, 68, 71, 74, 76, 76, 82, 84, 81, 81, 81, 80,
    75, 74, 70, 71, 69, 69, 76, 76, 80, 80, 80, 81, 76, 73, 72, 71, 70,
    70, 71, 71, 72, 75, 80, 76, 79, 76, 78, 77, 78, 73, 77, 75, 77, 74,
    75 ]
