%YAML:1.0
---
videoName: "headNod9.mp4"
gestureLabel: 202
fps: 29
pixelSizeInCmTemp: 3.1513157894736843e-01
faceCenterPointX: 261
faceCenterPointY: 75
headPositionsX: [ 259, 262, 260, 262, 261, 260, 262, 262, 259, 260, 261,
    261, 259, 260, 261, 259, 263, 262, 260, 260, 261, 261, 259, 261, 261,
    258, 261, 260, 259, 260, 262, 262, 260, 260, 260, 263, 262, 258, 262,
    259, 261, 261, 263, 262, 263, 258, 258, 258, 259, 261, 258, 258, 261,
    258, 262, 263, 259, 262, 262, 262, 259, 260, 259, 261, 262, 259, 262,
    259, 261, 257, 258, 258, 260, 259, 261, 259, 261, 261, 260, 258, 259,
    259, 257, 257, 260, 260, 258, 258, 256, 260, 261, 259, 258, 261, 262,
    260, 258, 261, 259, 260 ]
headPositionsY: [ 74, 74, 74, 75, 76, 75, 73, 73, 74, 75, 75, 76, 76, 76,
    74, 77, 73, 77, 77, 75, 75, 74, 73, 75, 78, 76, 75, 77, 75, 77, 75,
    79, 77, 81, 83, 79, 78, 74, 74, 71, 72, 76, 77, 83, 85, 85, 88, 83,
    79, 78, 77, 77, 76, 78, 80, 84, 85, 81, 83, 79, 75, 73, 71, 76, 77,
    79, 83, 84, 83, 80, 78, 74, 74, 72, 73, 74, 71, 73, 76, 79, 83, 84,
    81, 79, 80, 79, 74, 74, 75, 75, 71, 71, 71, 73, 74, 74, 74, 74, 73,
    72 ]
