%YAML:1.0
---
videoName: "headNod17.mp4"
gestureLabel: 202
fps: 30
pixelSizeInCmTemp: 3.2808219178082193e-01
faceCenterPointX: 253
faceCenterPointY: 76
headPositionsX: [ 252, 255, 256, 255, 254, 254, 253, 257, 254, 255, 256,
    255, 257, 257, 256, 256, 255, 254, 254, 255, 256, 256, 253, 257, 256,
    257, 256, 256, 254, 257, 256, 258, 256, 258, 253, 254, 257, 254, 253,
    257, 256, 253, 252, 252, 251, 252, 251, 253, 251, 252, 253, 255, 253,
    253, 254, 254, 253, 252, 254, 256, 253, 255, 256, 255, 257, 257, 256,
    253, 253, 256, 252, 254, 256, 252, 256, 254, 255, 256, 251, 255, 251,
    254, 256, 254, 254, 254, 257, 257, 256, 255, 253, 257, 254, 252, 257,
    253, 256, 253, 253, 254 ]
headPositionsY: [ 77, 76, 78, 76, 76, 76, 78, 79, 76, 78, 76, 75, 77, 78,
    79, 78, 75, 78, 76, 79, 78, 78, 75, 71, 71, 72, 71, 68, 68, 68, 68,
    64, 69, 67, 69, 71, 71, 71, 75, 76, 80, 83, 84, 84, 85, 86, 83, 83,
    81, 79, 78, 74, 72, 73, 73, 68, 69, 66, 72, 70, 69, 73, 73, 75, 78,
    80, 81, 80, 80, 78, 78, 75, 74, 78, 78, 78, 81, 81, 78, 79, 78, 76,
    76, 75, 77, 77, 77, 80, 78, 79, 79, 79, 77, 76, 78, 76, 79, 76, 74,
    78 ]
