%YAML:1.0
---
videoName: "headNod15.mp4"
gestureLabel: 202
fps: 29
pixelSizeInCmTemp: 3.1933333333333330e-01
faceCenterPointX: 255
faceCenterPointY: 74
headPositionsX: [ 257, 257, 260, 257, 259, 257, 258, 256, 255, 255, 255,
    258, 255, 259, 256, 257, 257, 254, 257, 257, 254, 258, 253, 255, 258,
    254, 255, 256, 253, 254, 254, 257, 258, 255, 257, 254, 257, 257, 258,
    257, 257, 256, 257, 254, 256, 256, 255, 253, 253, 257, 257, 257, 255,
    254, 257, 254, 256, 256, 253, 253, 254, 253, 252, 253, 256, 255, 257,
    256, 257, 254, 253, 254, 253, 257, 253, 255, 251, 253, 251, 253, 255,
    253, 255, 254, 254, 253, 253, 253, 255, 253, 252, 256, 251, 253, 255,
    255, 254, 252, 255, 253 ]
headPositionsY: [ 75, 73, 73, 72, 75, 74, 71, 75, 72, 72, 71, 76, 72, 75,
    74, 74, 75, 74, 72, 74, 75, 73, 72, 71, 73, 71, 72, 75, 75, 73, 73,
    74, 76, 73, 75, 75, 79, 76, 79, 80, 80, 83, 79, 79, 74, 71, 70, 72,
    71, 75, 77, 78, 82, 83, 79, 77, 77, 71, 72, 71, 70, 75, 75, 80, 82,
    81, 85, 82, 81, 74, 74, 70, 72, 73, 72, 72, 77, 76, 77, 78, 72, 72,
    69, 68, 69, 71, 72, 72, 71, 74, 76, 72, 75, 74, 72, 72, 74, 71, 71,
    73 ]
