%YAML:1.0
---
videoName: "headNod25.mp4"
gestureLabel: 202
fps: 29
pixelSizeInCmTemp: 3.1933333333333330e-01
faceCenterPointX: 270
faceCenterPointY: 75
headPositionsX: [ 268, 270, 272, 273, 271, 269, 272, 268, 271, 268, 267,
    271, 266, 270, 270, 270, 269, 271, 270, 273, 271, 271, 273, 274, 274,
    272, 274, 270, 274, 272, 274, 272, 272, 274, 273, 273, 272, 271, 270,
    274, 271, 270, 270, 273, 272, 274, 270, 273, 273, 272, 271, 273, 272,
    274, 273, 271, 274, 274, 272, 269, 271, 270, 269, 272, 272, 273, 271,
    271, 270, 272, 268, 271, 271, 270, 270, 271, 272, 271, 270, 268, 271,
    269, 271, 272, 270, 271, 272, 269, 272, 270, 270, 273, 273, 272, 272,
    272, 268, 268, 268, 271 ]
headPositionsY: [ 76, 73, 74, 73, 74, 73, 76, 75, 72, 72, 75, 74, 72, 76,
    72, 76, 75, 76, 73, 76, 75, 72, 73, 75, 73, 74, 74, 76, 77, 73, 75,
    73, 77, 73, 75, 77, 74, 74, 75, 74, 75, 73, 75, 75, 73, 75, 73, 74,
    76, 72, 68, 69, 65, 64, 62, 63, 64, 66, 69, 68, 71, 76, 78, 82, 87,
    86, 90, 87, 82, 81, 76, 74, 73, 71, 71, 70, 66, 70, 72, 71, 74, 78,
    77, 81, 80, 80, 78, 76, 78, 76, 77, 74, 77, 78, 74, 77, 77, 76, 74,
    74 ]
