%YAML:1.0
---
videoName: "headNod23.mp4"
gestureLabel: 202
fps: 29
pixelSizeInCmTemp: 3.1933333333333330e-01
faceCenterPointX: 273
faceCenterPointY: 75
headPositionsX: [ 275, 272, 276, 273, 272, 276, 276, 272, 274, 276, 273,
    274, 273, 276, 273, 275, 275, 276, 274, 273, 275, 277, 272, 276, 275,
    276, 272, 276, 273, 277, 273, 276, 274, 273, 274, 273, 273, 274, 273,
    273, 274, 272, 272, 272, 274, 271, 270, 274, 271, 275, 275, 274, 275,
    273, 276, 272, 275, 275, 275, 275, 274, 273, 273, 272, 271, 275, 272,
    274, 274, 276, 272, 275, 274, 275, 273, 275, 275, 275, 273, 272, 274,
    273, 272, 275, 274, 275, 273, 273, 273, 275, 276, 275, 272, 273, 274,
    274, 275, 271, 273, 273 ]
headPositionsY: [ 77, 78, 78, 76, 78, 74, 75, 77, 78, 74, 74, 76, 79, 75,
    79, 78, 78, 78, 75, 79, 79, 77, 77, 77, 75, 70, 68, 67, 66, 66, 63,
    63, 68, 64, 69, 70, 71, 77, 80, 80, 83, 81, 81, 81, 79, 75, 72, 69,
    68, 66, 66, 67, 68, 72, 73, 77, 75, 76, 76, 79, 77, 78, 76, 71, 70,
    67, 67, 67, 68, 69, 73, 75, 76, 76, 80, 77, 81, 78, 76, 78, 78, 74,
    75, 73, 74, 73, 73, 71, 75, 74, 76, 75, 73, 74, 77, 77, 74, 73, 74,
    73 ]
