%YAML:1.0
---
videoName: "headNod19.mp4"
gestureLabel: 202
fps: 29
pixelSizeInCmTemp: 3.1933333333333330e-01
faceCenterPointX: 255
faceCenterPointY: 81
headPositionsX: [ 254, 257, 259, 257, 257, 255, 258, 256, 258, 256, 255,
    258, 254, 255, 253, 255, 253, 251, 251, 253, 250, 250, 248, 253, 250,
    251, 248, 250, 251, 253, 252, 250, 251, 255, 255, 253, 253, 252, 256,
    256, 253, 254, 257, 257, 255, 257, 255, 255, 258, 256, 254, 258, 254,
    256, 255, 255, 256, 257, 253, 257, 258, 253, 253, 258, 254, 258, 256,
    258, 257, 254, 254, 254, 255, 256, 255, 254, 254, 257, 255, 257, 257,
    256, 258, 257, 254, 257, 254, 255, 257, 255, 256, 256, 255, 257, 257,
    255, 258, 256, 256, 255 ]
headPositionsY: [ 83, 86, 83, 83, 81, 78, 79, 79, 78, 79, 76, 74, 75, 79,
    79, 75, 75, 77, 78, 80, 76, 78, 76, 78, 78, 79, 77, 78, 77, 80, 81,
    81, 76, 81, 81, 80, 80, 78, 80, 77, 78, 77, 80, 77, 80, 81, 76, 80,
    80, 78, 78, 79, 76, 78, 79, 80, 76, 80, 80, 81, 79, 78, 81, 80, 82,
    80, 79, 76, 73, 75, 72, 74, 75, 78, 82, 81, 85, 85, 83, 80, 76, 74,
    79, 77, 83, 86, 83, 83, 84, 84, 82, 83, 83, 82, 80, 84, 83, 79, 81,
    79 ]
