%YAML:1.0
---
videoName: "headNod45.mp4"
gestureLabel: 202
fps: 30
pixelSizeInCmTemp: 3.0316455696202532e-01
faceCenterPointX: 265
faceCenterPointY: 77
headPositionsX: [ 263, 270, 268, 269, 265, 267, 266, 268, 267, 270, 267,
    267, 268, 270, 268, 267, 268, 266, 266, 268, 269, 269, 267, 267, 265,
    266, 268, 263, 264, 267, 265, 268, 266, 264, 266, 267, 264, 266, 265,
    264, 265, 263, 264, 264, 263, 265, 264, 265, 268, 265, 266, 268, 265,
    266, 267, 264, 265, 267, 268, 265, 268, 266, 265, 264, 263, 268, 267,
    265, 265, 268, 265, 268, 267, 268, 267, 264, 268, 265, 268, 267, 266,
    266, 268, 268, 267, 267, 268, 264, 267, 263, 266, 264, 268, 264, 268,
    264, 265, 266, 267, 268 ]
headPositionsY: [ 79, 76, 76, 78, 76, 77, 73, 73, 78, 73, 76, 75, 73, 73,
    77, 74, 78, 77, 79, 79, 85, 86, 93, 94, 90, 91, 91, 87, 80, 75, 74,
    74, 69, 67, 67, 65, 69, 69, 73, 78, 80, 87, 91, 89, 90, 92, 85, 82,
    81, 77, 75, 73, 73, 74, 73, 76, 77, 82, 85, 84, 86, 84, 80, 76, 78,
    72, 73, 71, 75, 73, 77, 79, 82, 87, 88, 89, 87, 83, 82, 79, 77, 78,
    77, 75, 76, 81, 81, 78, 80, 80, 79, 80, 77, 78, 78, 79, 75, 79, 76,
    77 ]
