%YAML:1.0
---
videoName: "headNod1.mp4"
gestureLabel: 202
fps: 29
pixelSizeInCmTemp: 3.2808219178082193e-01
faceCenterPointX: 263
faceCenterPointY: 78
headPositionsX: [ 261, 265, 263, 262, 262, 262, 261, 265, 262, 264, 264,
    265, 261, 262, 261, 263, 263, 266, 266, 265, 264, 264, 266, 265, 262,
    263, 266, 264, 263, 263, 263, 265, 262, 267, 265, 264, 265, 264, 264,
    264, 267, 265, 265, 265, 267, 264, 263, 265, 267, 263, 265, 264, 265,
    264, 264, 265, 261, 265, 263, 263, 262, 264, 262, 265, 263, 266, 263,
    265, 263, 265, 264, 263, 262, 263, 261, 261, 262, 263, 261, 261, 260,
    264, 262, 260, 264, 261, 261, 262, 263, 260, 264, 260, 263, 261, 260,
    262, 264, 263, 264, 263 ]
headPositionsY: [ 80, 75, 75, 72, 76, 75, 75, 77, 77, 73, 77, 73, 77, 77,
    74, 77, 75, 75, 73, 73, 75, 73, 76, 76, 75, 74, 73, 74, 76, 74, 77,
    73, 73, 76, 75, 73, 70, 66, 65, 64, 63, 65, 62, 64, 64, 65, 68, 69,
    70, 77, 75, 77, 83, 83, 81, 83, 78, 75, 75, 71, 72, 66, 65, 64, 65,
    69, 71, 72, 73, 74, 77, 80, 79, 78, 75, 70, 68, 68, 68, 63, 66, 67,
    69, 72, 74, 73, 80, 80, 79, 82, 83, 82, 78, 79, 79, 76, 80, 76, 79,
    77 ]
