%YAML:1.0
---
videoName: "headNod46.mp4"
gestureLabel: 202
fps: 30
pixelSizeInCmTemp: 2.8511904761904761e-01
faceCenterPointX: 264
faceCenterPointY: 72
headPositionsX: [ 264, 265, 264, 265, 264, 265, 262, 266, 265, 263, 262,
    261, 264, 263, 263, 265, 262, 264, 263, 263, 264, 262, 264, 264, 266,
    267, 266, 264, 268, 268, 267, 266, 266, 261, 261, 264, 261, 263, 261,
    263, 262, 263, 264, 263, 260, 260, 263, 260, 264, 259, 262, 262, 260,
    262, 261, 262, 265, 263, 263, 264, 264, 264, 265, 262, 265, 263, 264,
    263, 263, 263, 265, 264, 264, 263, 266, 264, 266, 263, 267, 265, 264,
    261, 262, 265, 262, 262, 266, 263, 261, 261, 263, 265, 265, 265, 265,
    261, 262, 265, 265, 265 ]
headPositionsY: [ 73, 69, 68, 70, 69, 68, 70, 69, 70, 74, 76, 78, 79, 85,
    88, 87, 88, 87, 86, 84, 80, 74, 75, 72, 69, 70, 69, 70, 71, 74, 81,
    85, 89, 91, 89, 86, 82, 77, 76, 70, 69, 69, 70, 72, 74, 79, 78, 82,
    86, 81, 80, 78, 73, 70, 67, 65, 67, 67, 68, 72, 75, 75, 79, 78, 75,
    74, 71, 69, 69, 66, 68, 72, 70, 75, 74, 74, 77, 71, 70, 73, 69, 68,
    73, 68, 72, 76, 77, 72, 76, 73, 72, 70, 72, 73, 73, 71, 70, 72, 74,
    73 ]
