%YAML:1.0
---
videoName: "headNod17.mp4"
gestureLabel: 202
fps: 30
pixelSizeInCmTemp: 3.2808219178082193e-01
faceCenterPointX: 253
faceCenterPointY: 76
headPositionsX: [ 253, 257, 257, 257, 254, 253, 254, 253, 255, 257, 256,
    255, 255, 256, 257, 254, 255, 255, 253, 257, 257, 255, 256, 255, 256,
    256, 253, 258, 257, 257, 254, 257, 257, 257, 253, 255, 253, 254, 254,
    256, 256, 251, 252, 251, 251, 253, 251, 252, 253, 252, 254, 255, 253,
    253, 255, 252, 256, 254, 255, 254, 253, 256, 256, 255, 257, 253, 255,
    255, 253, 256, 254, 254, 252, 255, 253, 253, 257, 255, 255, 256, 252,
    255, 252, 255, 256, 253, 256, 253, 256, 257, 253, 255, 253, 256, 253,
    252, 254, 254, 253, 255 ]
headPositionsY: [ 77, 79, 76, 77, 79, 77, 79, 77, 78, 76, 75, 75, 77, 80,
    75, 80, 77, 76, 76, 76, 77, 76, 74, 71, 70, 71, 69, 68, 68, 65, 67,
    65, 68, 69, 71, 71, 70, 75, 76, 76, 78, 80, 83, 84, 86, 87, 84, 84,
    80, 77, 78, 77, 74, 72, 69, 71, 68, 67, 69, 68, 69, 71, 74, 75, 80,
    79, 79, 79, 80, 80, 76, 75, 76, 74, 78, 80, 80, 79, 80, 79, 74, 77,
    77, 74, 75, 78, 77, 77, 80, 80, 79, 76, 75, 73, 76, 75, 78, 76, 77,
    76 ]
