%YAML:1.0
---
videoName: "headNod46.mp4"
gestureLabel: 202
fps: 30
pixelSizeInCmTemp: 2.8511904761904761e-01
faceCenterPointX: 264
faceCenterPointY: 72
headPositionsX: [ 264, 266, 263, 267, 262, 266, 263, 265, 267, 266, 266,
    263, 262, 266, 262, 264, 262, 263, 266, 263, 266, 264, 265, 265, 267,
    264, 264, 265, 265, 265, 267, 265, 267, 263, 262, 263, 263, 260, 264,
    261, 263, 261, 265, 261, 264, 264, 262, 262, 263, 261, 261, 265, 263,
    260, 265, 263, 263, 263, 264, 263, 261, 261, 263, 265, 262, 264, 265,
    264, 265, 263, 263, 265, 267, 264, 266, 264, 264, 262, 266, 266, 267,
    261, 262, 264, 264, 264, 264, 263, 260, 263, 263, 264, 263, 266, 264,
    265, 262, 265, 264, 262 ]
headPositionsY: [ 73, 69, 67, 70, 70, 68, 69, 69, 72, 75, 78, 78, 82, 81,
    89, 87, 87, 87, 88, 82, 81, 73, 77, 72, 72, 71, 70, 71, 73, 77, 78,
    86, 88, 89, 88, 85, 82, 77, 78, 66, 68, 68, 67, 73, 72, 79, 82, 86,
    85, 81, 79, 79, 73, 72, 67, 68, 68, 69, 67, 70, 75, 79, 79, 80, 77,
    76, 73, 70, 69, 68, 69, 72, 70, 74, 76, 74, 75, 74, 73, 69, 72, 68,
    70, 71, 70, 73, 73, 72, 76, 72, 73, 73, 71, 71, 69, 73, 71, 70, 70,
    72 ]
