%YAML:1.0
---
videoName: "headNod43.mp4"
gestureLabel: 202
fps: 29
pixelSizeInCmTemp: 2.8855421686746985e-01
faceCenterPointX: 268
faceCenterPointY: 74
headPositionsX: [ 270, 270, 269, 272, 268, 269, 271, 271, 272, 267, 267,
    267, 268, 268, 267, 267, 269, 269, 270, 269, 266, 268, 268, 268, 265,
    268, 266, 269, 264, 266, 264, 267, 264, 266, 268, 264, 266, 263, 267,
    266, 263, 266, 264, 262, 267, 263, 267, 265, 266, 267, 266, 266, 263,
    266, 266, 265, 262, 267, 262, 263, 264, 264, 265, 262, 267, 262, 264,
    265, 267, 268, 268, 269, 266, 267, 266, 264, 266, 265, 267, 266, 267,
    271, 267, 269, 267, 267, 271, 269, 268, 269, 270, 271, 268, 267, 270,
    269, 268, 270, 268, 267 ]
headPositionsY: [ 73, 78, 75, 75, 78, 78, 77, 73, 75, 75, 77, 75, 74, 74,
    76, 73, 75, 73, 74, 73, 73, 77, 73, 74, 75, 76, 79, 83, 86, 92, 89,
    90, 86, 83, 77, 76, 76, 80, 83, 88, 89, 90, 90, 89, 86, 80, 80, 80,
    84, 83, 89, 89, 89, 90, 87, 86, 85, 80, 82, 83, 87, 90, 91, 90, 89,
    87, 85, 82, 78, 80, 77, 80, 82, 85, 91, 90, 89, 86, 85, 82, 77, 77,
    72, 72, 72, 72, 72, 75, 75, 71, 71, 72, 75, 73, 74, 76, 72, 74, 76,
    76 ]
