%YAML:1.0
---
videoName: "headNod18.mp4"
gestureLabel: 202
fps: 29
pixelSizeInCmTemp: 3.3263888888888887e-01
faceCenterPointX: 255
faceCenterPointY: 77
headPositionsX: [ 255, 255, 255, 254, 257, 254, 255, 255, 259, 258, 254,
    255, 257, 255, 253, 256, 254, 256, 256, 254, 257, 255, 256, 253, 257,
    254, 257, 253, 258, 252, 256, 253, 255, 253, 255, 254, 256, 255, 257,
    256, 257, 257, 254, 257, 254, 256, 256, 253, 254, 256, 254, 253, 254,
    257, 253, 254, 253, 252, 252, 255, 253, 252, 256, 251, 255, 256, 256,
    252, 256, 252, 252, 254, 253, 254, 253, 253, 252, 253, 252, 253, 253,
    254, 253, 252, 252, 255, 256, 256, 254, 253, 255, 254, 252, 254, 254,
    252, 256, 256, 255, 257 ]
headPositionsY: [ 76, 77, 78, 78, 79, 76, 77, 78, 76, 77, 77, 76, 79, 77,
    77, 76, 80, 75, 76, 80, 78, 76, 75, 81, 77, 78, 81, 79, 78, 78, 77,
    77, 78, 78, 78, 77, 78, 78, 77, 76, 75, 74, 70, 70, 73, 71, 71, 72,
    73, 77, 78, 77, 78, 84, 82, 78, 75, 74, 74, 73, 71, 73, 78, 80, 80,
    83, 78, 79, 75, 74, 75, 73, 80, 78, 84, 83, 82, 81, 78, 74, 74, 75,
    75, 78, 79, 81, 83, 82, 78, 78, 81, 76, 76, 79, 76, 78, 81, 78, 76,
    77 ]
