%YAML:1.0
---
videoName: "headNod11.mp4"
gestureLabel: 202
fps: 29
pixelSizeInCmTemp: 3.2364864864864862e-01
faceCenterPointX: 261
faceCenterPointY: 75
headPositionsX: [ 262, 258, 259, 261, 258, 259, 258, 258, 256, 257, 258,
    260, 260, 260, 261, 261, 257, 261, 259, 260, 262, 258, 260, 260, 262,
    261, 259, 259, 262, 259, 258, 261, 262, 261, 262, 260, 259, 258, 260,
    260, 258, 261, 259, 260, 261, 261, 263, 259, 262, 259, 260, 259, 262,
    262, 261, 259, 262, 263, 258, 258, 257, 261, 259, 260, 261, 259, 260,
    260, 255, 256, 255, 258, 257, 260, 257, 257, 258, 256, 258, 257, 256,
    260, 258, 260, 259, 257, 257, 259, 260, 258, 259, 260, 257, 258, 260,
    258, 258, 261, 259, 259 ]
headPositionsY: [ 74, 74, 76, 76, 76, 77, 72, 73, 74, 72, 73, 72, 72, 75,
    72, 72, 76, 73, 74, 74, 76, 72, 76, 75, 75, 75, 76, 75, 76, 77, 73,
    73, 73, 72, 74, 73, 74, 76, 73, 76, 73, 78, 75, 73, 74, 76, 73, 72,
    72, 71, 68, 67, 70, 66, 69, 71, 75, 76, 79, 81, 79, 77, 76, 72, 70,
    68, 68, 69, 69, 74, 76, 77, 78, 78, 80, 81, 77, 78, 77, 73, 70, 68,
    70, 73, 75, 78, 78, 79, 78, 81, 79, 76, 77, 77, 75, 78, 78, 78, 74,
    75 ]
