%YAML:1.0
---
videoName: "headNod23.mp4"
gestureLabel: 202
fps: 29
pixelSizeInCmTemp: 3.1933333333333330e-01
faceCenterPointX: 273
faceCenterPointY: 75
headPositionsX: [ 275, 272, 273, 275, 273, 275, 274, 273, 274, 275, 272,
    277, 273, 277, 275, 274, 274, 274, 272, 274, 276, 275, 273, 275, 271,
    273, 272, 276, 273, 276, 276, 273, 275, 277, 275, 275, 273, 273, 271,
    272, 271, 269, 270, 271, 274, 274, 270, 273, 273, 273, 275, 274, 273,
    273, 273, 272, 273, 274, 275, 272, 274, 273, 274, 275, 274, 271, 273,
    273, 274, 273, 273, 275, 275, 274, 271, 275, 273, 272, 271, 273, 271,
    273, 272, 272, 275, 275, 273, 276, 272, 276, 274, 274, 273, 276, 273,
    273, 275, 272, 274, 272 ]
headPositionsY: [ 77, 78, 75, 76, 78, 77, 75, 79, 77, 77, 78, 74, 76, 77,
    76, 77, 76, 74, 75, 77, 76, 78, 76, 73, 74, 74, 71, 66, 66, 65, 64,
    65, 65, 67, 68, 72, 71, 77, 80, 81, 81, 83, 80, 80, 79, 74, 69, 69,
    67, 70, 67, 70, 69, 69, 73, 77, 74, 78, 80, 77, 75, 77, 73, 71, 70,
    71, 69, 67, 67, 71, 73, 75, 74, 78, 79, 79, 78, 78, 77, 79, 75, 77,
    76, 73, 73, 74, 72, 71, 74, 74, 76, 75, 77, 75, 74, 76, 78, 77, 74,
    76 ]
