%YAML:1.0
---
videoName: "headNod0.mp4"
gestureLabel: 202
fps: 29
pixelSizeInCmTemp: 3.2364864864864862e-01
faceCenterPointX: 264
faceCenterPointY: 76
headPositionsX: [ 262, 266, 265, 267, 269, 267, 267, 265, 269, 269, 264,
    267, 267, 268, 266, 267, 267, 264, 265, 263, 267, 267, 265, 268, 265,
    268, 265, 263, 268, 264, 266, 264, 264, 268, 265, 267, 265, 264, 264,
    268, 267, 266, 267, 264, 263, 267, 263, 266, 266, 263, 264, 264, 262,
    267, 267, 265, 263, 267, 263, 267, 267, 263, 267, 267, 264, 263, 267,
    267, 268, 266, 264, 266, 265, 264, 265, 264, 263, 263, 262, 265, 262,
    263, 265, 266, 263, 265, 264, 265, 264, 262, 265, 266, 265, 264, 264,
    265, 262, 264, 265, 262 ]
headPositionsY: [ 74, 73, 73, 73, 73, 75, 75, 73, 76, 75, 71, 71, 75, 75,
    72, 71, 75, 72, 73, 75, 71, 71, 76, 72, 74, 75, 74, 71, 75, 73, 70,
    68, 66, 62, 64, 65, 65, 63, 66, 64, 67, 71, 74, 76, 80, 82, 82, 82,
    80, 80, 77, 74, 72, 69, 67, 67, 70, 66, 65, 66, 71, 71, 72, 76, 76,
    76, 80, 82, 81, 80, 77, 73, 71, 71, 67, 70, 65, 67, 70, 72, 72, 71,
    71, 74, 75, 77, 76, 79, 80, 80, 79, 78, 77, 76, 75, 77, 73, 75, 74,
    76 ]
