%YAML:1.0
---
videoName: "headNod35.mp4"
gestureLabel: 202
fps: 30
pixelSizeInCmTemp: 2.9937500000000000e-01
faceCenterPointX: 268
faceCenterPointY: 78
headPositionsX: [ 266, 267, 270, 268, 271, 269, 271, 272, 269, 268, 272,
    272, 269, 270, 271, 269, 271, 270, 270, 270, 269, 267, 270, 269, 269,
    271, 268, 271, 269, 273, 273, 271, 271, 268, 272, 268, 271, 269, 268,
    270, 270, 267, 268, 266, 269, 268, 267, 271, 268, 270, 268, 269, 271,
    268, 270, 270, 267, 269, 267, 269, 270, 267, 268, 271, 271, 269, 270,
    268, 269, 268, 269, 270, 267, 271, 266, 266, 267, 270, 271, 268, 267,
    267, 269, 268, 267, 268, 265, 265, 265, 267, 269, 268, 267, 267, 264,
    269, 267, 267, 266, 267 ]
headPositionsY: [ 79, 76, 73, 77, 74, 78, 74, 78, 76, 76, 75, 75, 75, 75,
    77, 75, 78, 75, 75, 77, 76, 77, 75, 79, 74, 74, 74, 74, 71, 67, 67,
    69, 68, 72, 68, 77, 81, 86, 87, 93, 93, 92, 90, 86, 79, 78, 74, 72,
    75, 77, 78, 79, 82, 87, 90, 88, 90, 83, 82, 81, 72, 70, 73, 71, 71,
    75, 75, 79, 85, 86, 88, 84, 82, 79, 77, 75, 72, 75, 77, 80, 83, 81,
    85, 89, 86, 85, 82, 84, 79, 80, 80, 82, 79, 80, 77, 79, 79, 76, 77,
    80 ]
