%YAML:1.0
---
videoName: "headNod30.mp4"
gestureLabel: 202
fps: 29
pixelSizeInCmTemp: 3.2364864864864862e-01
faceCenterPointX: 271
faceCenterPointY: 72
headPositionsX: [ 273, 273, 272, 270, 270, 271, 270, 270, 270, 269, 272,
    271, 272, 272, 272, 273, 271, 272, 273, 273, 273, 271, 270, 274, 270,
    270, 273, 275, 274, 272, 273, 272, 269, 272, 271, 268, 272, 272, 271,
    272, 268, 269, 268, 270, 270, 271, 270, 271, 270, 269, 269, 268, 268,
    272, 271, 268, 268, 271, 273, 269, 272, 271, 269, 273, 269, 273, 271,
    269, 272, 269, 270, 271, 271, 272, 269, 268, 270, 270, 273, 272, 270,
    273, 269, 269, 270, 271, 273, 271, 273, 271, 270, 272, 272, 271, 272,
    272, 272, 272, 272, 273 ]
headPositionsY: [ 72, 77, 77, 75, 76, 77, 77, 76, 77, 76, 75, 77, 77, 74,
    75, 75, 77, 77, 76, 76, 74, 74, 70, 71, 66, 67, 65, 69, 70, 69, 72,
    77, 79, 82, 80, 79, 80, 76, 76, 72, 73, 69, 73, 74, 75, 77, 76, 79,
    80, 80, 76, 77, 73, 70, 70, 69, 69, 70, 75, 75, 73, 74, 78, 77, 75,
    76, 73, 70, 69, 67, 69, 73, 70, 73, 76, 73, 77, 77, 72, 70, 73, 69,
    72, 68, 71, 73, 70, 70, 72, 72, 76, 74, 75, 72, 74, 73, 73, 74, 74,
    73 ]
