%YAML:1.0
---
videoName: "headNod43.mp4"
gestureLabel: 202
fps: 29
pixelSizeInCmTemp: 2.8855421686746985e-01
faceCenterPointX: 268
faceCenterPointY: 74
headPositionsX: [ 270, 273, 271, 271, 267, 268, 270, 269, 271, 267, 269,
    271, 270, 270, 269, 266, 270, 267, 270, 269, 267, 270, 267, 268, 265,
    268, 269, 268, 267, 264, 265, 266, 267, 267, 264, 263, 268, 267, 263,
    264, 262, 265, 266, 262, 267, 265, 266, 268, 268, 264, 263, 262, 263,
    266, 262, 265, 263, 265, 262, 267, 265, 262, 263, 264, 266, 263, 267,
    268, 265, 268, 269, 267, 270, 267, 267, 267, 266, 266, 265, 266, 268,
    270, 266, 267, 267, 269, 271, 266, 270, 271, 267, 267, 268, 269, 271,
    268, 266, 269, 267, 266 ]
headPositionsY: [ 76, 76, 75, 77, 76, 74, 78, 74, 76, 77, 74, 75, 74, 75,
    78, 75, 74, 74, 76, 77, 74, 74, 73, 74, 77, 80, 78, 81, 85, 91, 90,
    86, 88, 85, 79, 78, 78, 80, 81, 84, 89, 90, 92, 88, 83, 81, 82, 81,
    81, 83, 88, 93, 90, 89, 87, 84, 81, 80, 81, 84, 88, 87, 90, 88, 89,
    86, 83, 83, 80, 77, 81, 81, 82, 89, 92, 88, 88, 90, 85, 79, 77, 77,
    72, 73, 72, 70, 73, 71, 74, 74, 74, 75, 75, 74, 71, 76, 75, 75, 72,
    74 ]
