%YAML:1.0
---
videoName: "headNod27.mp4"
gestureLabel: 202
fps: 29
pixelSizeInCmTemp: 3.0705128205128202e-01
faceCenterPointX: 271
faceCenterPointY: 77
headPositionsX: [ 273, 271, 272, 272, 272, 272, 272, 274, 273, 274, 271,
    275, 270, 269, 274, 271, 273, 271, 270, 272, 271, 270, 271, 271, 271,
    271, 274, 271, 273, 271, 269, 270, 272, 270, 268, 269, 267, 267, 268,
    267, 270, 269, 269, 267, 272, 268, 268, 271, 269, 268, 269, 267, 268,
    268, 268, 268, 271, 272, 272, 270, 268, 272, 269, 269, 269, 265, 267,
    265, 271, 267, 267, 271, 269, 271, 268, 267, 269, 267, 267, 269, 269,
    270, 268, 266, 270, 272, 272, 270, 272, 268, 269, 272, 269, 272, 271,
    269, 271, 271, 271, 272 ]
headPositionsY: [ 76, 73, 74, 75, 74, 74, 75, 72, 74, 76, 74, 76, 76, 75,
    72, 74, 76, 76, 77, 73, 75, 70, 67, 65, 67, 64, 63, 62, 66, 66, 70,
    75, 80, 84, 83, 81, 80, 79, 74, 72, 67, 68, 66, 66, 72, 69, 75, 76,
    82, 81, 80, 76, 72, 74, 71, 68, 71, 69, 73, 75, 80, 82, 83, 85, 80,
    79, 75, 74, 73, 70, 74, 73, 76, 76, 76, 78, 79, 80, 75, 74, 74, 72,
    73, 72, 73, 75, 73, 78, 77, 78, 79, 80, 78, 77, 75, 79, 77, 77, 77,
    74 ]
