%YAML:1.0
---
videoName: "headNod29.mp4"
gestureLabel: 202
fps: 29
pixelSizeInCmTemp: 3.1933333333333330e-01
faceCenterPointX: 271
faceCenterPointY: 70
headPositionsX: [ 272, 271, 275, 270, 272, 273, 272, 275, 274, 275, 271,
    274, 271, 272, 270, 274, 270, 272, 271, 273, 270, 274, 274, 275, 270,
    273, 273, 273, 270, 270, 270, 272, 269, 271, 269, 273, 269, 269, 271,
    269, 272, 270, 270, 271, 269, 271, 269, 270, 271, 272, 269, 270, 272,
    272, 272, 271, 269, 271, 272, 269, 271, 269, 271, 273, 271, 269, 270,
    269, 271, 270, 270, 269, 273, 270, 273, 270, 269, 272, 270, 270, 273,
    269, 270, 269, 271, 274, 269, 272, 272, 269, 271, 271, 270, 270, 272,
    273, 270, 273, 271, 272 ]
headPositionsY: [ 68, 73, 74, 74, 76, 75, 76, 80, 82, 82, 79, 79, 75, 77,
    71, 68, 68, 65, 67, 67, 67, 67, 68, 72, 71, 75, 78, 79, 77, 79, 77,
    76, 75, 71, 72, 70, 72, 70, 71, 71, 76, 76, 79, 77, 80, 79, 75, 74,
    72, 74, 74, 73, 74, 78, 82, 82, 79, 82, 76, 77, 74, 74, 76, 75, 79,
    76, 81, 80, 75, 75, 73, 70, 68, 72, 70, 73, 71, 74, 76, 75, 76, 75,
    75, 72, 71, 71, 73, 70, 72, 70, 68, 71, 68, 72, 71, 71, 70, 71, 70,
    71 ]
