%YAML:1.0
---
videoName: "headNod11.mp4"
gestureLabel: 202
fps: 29
pixelSizeInCmTemp: 3.2364864864864862e-01
faceCenterPointX: 261
faceCenterPointY: 75
headPositionsX: [ 261, 257, 259, 258, 259, 257, 257, 259, 259, 260, 260,
    261, 257, 259, 259, 257, 261, 261, 258, 260, 261, 260, 258, 259, 262,
    262, 261, 260, 258, 259, 262, 258, 260, 261, 259, 262, 261, 262, 259,
    262, 259, 262, 258, 261, 261, 260, 260, 261, 261, 261, 261, 261, 259,
    263, 262, 262, 263, 260, 257, 262, 261, 258, 258, 257, 261, 260, 258,
    259, 256, 257, 255, 255, 259, 260, 257, 255, 258, 256, 258, 257, 259,
    258, 256, 260, 258, 259, 258, 258, 259, 258, 262, 260, 261, 259, 260,
    260, 260, 260, 261, 259 ]
headPositionsY: [ 73, 72, 72, 76, 74, 73, 73, 77, 74, 76, 72, 76, 72, 73,
    75, 76, 73, 75, 74, 76, 72, 73, 75, 77, 76, 73, 74, 76, 75, 77, 76,
    74, 74, 73, 77, 72, 74, 74, 75, 74, 75, 77, 76, 73, 76, 74, 73, 74,
    71, 73, 70, 67, 66, 70, 70, 73, 74, 78, 75, 79, 78, 80, 76, 74, 70,
    67, 69, 67, 68, 71, 72, 75, 80, 79, 82, 79, 79, 75, 77, 74, 71, 70,
    71, 72, 73, 74, 79, 82, 78, 79, 77, 78, 78, 79, 78, 76, 75, 78, 77,
    76 ]
