%YAML:1.0
---
videoName: "headNod46.mp4"
gestureLabel: 202
fps: 30
pixelSizeInCmTemp: 2.8511904761904761e-01
faceCenterPointX: 264
faceCenterPointY: 72
headPositionsX: [ 263, 262, 262, 265, 263, 263, 266, 264, 267, 263, 262,
    261, 261, 264, 264, 267, 264, 265, 265, 265, 263, 262, 265, 267, 265,
    268, 267, 266, 266, 268, 264, 265, 264, 263, 262, 264, 263, 264, 262,
    262, 264, 261, 263, 264, 263, 260, 264, 263, 264, 261, 263, 261, 260,
    263, 264, 261, 262, 262, 264, 265, 263, 262, 264, 264, 264, 261, 265,
    262, 265, 262, 265, 263, 266, 265, 266, 262, 267, 264, 267, 266, 266,
    265, 264, 262, 261, 263, 262, 264, 261, 261, 261, 265, 263, 263, 264,
    265, 265, 266, 264, 264 ]
headPositionsY: [ 70, 70, 70, 69, 68, 69, 67, 73, 71, 75, 77, 78, 79, 84,
    85, 91, 91, 87, 86, 84, 78, 73, 76, 71, 70, 69, 69, 70, 74, 73, 79,
    84, 86, 90, 90, 84, 78, 76, 74, 70, 67, 66, 67, 71, 73, 76, 80, 85,
    84, 84, 82, 79, 76, 72, 70, 66, 67, 69, 67, 69, 72, 75, 78, 78, 76,
    76, 71, 72, 69, 70, 67, 68, 71, 74, 74, 74, 73, 75, 74, 72, 69, 68,
    69, 72, 72, 74, 77, 73, 72, 72, 70, 69, 73, 73, 73, 71, 73, 70, 72,
    74 ]
