%YAML:1.0
---
videoName: "headNod31.mp4"
gestureLabel: 202
fps: 29
pixelSizeInCmTemp: 2.8855421686746985e-01
faceCenterPointX: 267
faceCenterPointY: 75
headPositionsX: [ 266, 268, 268, 269, 271, 272, 272, 269, 268, 271, 269,
    270, 271, 272, 267, 267, 266, 269, 266, 265, 269, 267, 265, 268, 265,
    268, 268, 266, 268, 269, 268, 269, 268, 267, 270, 271, 268, 268, 269,
    268, 268, 265, 266, 266, 266, 267, 270, 267, 267, 269, 265, 265, 268,
    264, 264, 267, 265, 264, 267, 265, 266, 269, 267, 268, 266, 269, 267,
    268, 268, 267, 267, 268, 267, 266, 264, 265, 267, 267, 265, 268, 266,
    268, 266, 267, 269, 266, 265, 268, 268, 264, 266, 267, 269, 266, 266,
    266, 267, 268, 266, 266 ]
headPositionsY: [ 75, 74, 72, 75, 73, 74, 75, 68, 65, 65, 68, 67, 65, 64,
    77, 79, 80, 84, 86, 87, 87, 81, 82, 78, 76, 71, 73, 73, 68, 68, 67,
    71, 74, 73, 76, 80, 83, 84, 87, 86, 83, 81, 81, 79, 75, 73, 75, 72,
    78, 80, 80, 82, 82, 84, 85, 79, 76, 73, 74, 73, 70, 72, 68, 71, 73,
    74, 77, 75, 78, 83, 81, 78, 80, 77, 73, 71, 69, 69, 71, 72, 72, 77,
    75, 75, 78, 78, 75, 75, 75, 75, 75, 74, 75, 77, 76, 77, 76, 77, 78,
    77 ]
