%YAML:1.0
---
videoName: "headNod26.mp4"
gestureLabel: 202
fps: 29
pixelSizeInCmTemp: 3.1513157894736843e-01
faceCenterPointX: 271
faceCenterPointY: 78
headPositionsX: [ 272, 274, 271, 269, 272, 270, 271, 271, 271, 272, 273,
    272, 274, 273, 275, 273, 272, 274, 273, 270, 270, 273, 275, 271, 271,
    271, 273, 272, 271, 270, 272, 271, 270, 271, 271, 271, 273, 274, 269,
    271, 269, 273, 272, 274, 272, 270, 269, 271, 272, 274, 273, 274, 271,
    272, 270, 270, 272, 273, 275, 273, 272, 273, 274, 272, 270, 274, 270,
    271, 273, 271, 273, 272, 272, 271, 270, 273, 273, 270, 269, 269, 271,
    272, 270, 269, 269, 270, 272, 269, 271, 272, 273, 274, 273, 271, 272,
    268, 269, 270, 269, 271 ]
headPositionsY: [ 77, 73, 76, 74, 73, 74, 69, 69, 69, 68, 66, 63, 66, 65,
    68, 68, 71, 72, 75, 73, 76, 81, 85, 82, 83, 79, 79, 74, 72, 68, 67,
    69, 70, 67, 69, 69, 74, 75, 80, 77, 78, 76, 76, 75, 75, 68, 71, 70,
    70, 70, 71, 69, 74, 76, 73, 76, 76, 75, 75, 71, 72, 66, 69, 69, 70,
    71, 70, 69, 72, 71, 72, 77, 75, 74, 75, 76, 72, 71, 69, 70, 70, 68,
    69, 69, 72, 72, 73, 79, 77, 79, 77, 81, 76, 78, 79, 78, 77, 80, 76,
    80 ]
