%YAML:1.0
---
videoName: "headNod39.mp4"
gestureLabel: 202
fps: 29
pixelSizeInCmTemp: 2.9937500000000000e-01
faceCenterPointX: 268
faceCenterPointY: 78
headPositionsX: [ 267, 266, 265, 266, 266, 268, 269, 265, 270, 266, 267,
    268, 268, 271, 268, 271, 270, 268, 271, 268, 268, 269, 267, 266, 267,
    268, 270, 268, 268, 271, 267, 266, 270, 270, 271, 268, 269, 270, 268,
    267, 270, 270, 269, 269, 269, 270, 267, 269, 267, 266, 268, 267, 265,
    266, 267, 268, 269, 264, 265, 267, 266, 267, 267, 268, 268, 267, 269,
    269, 264, 264, 266, 269, 266, 267, 269, 267, 267, 268, 265, 265, 267,
    268, 267, 268, 269, 269, 268, 267, 269, 268, 266, 268, 266, 269, 268,
    268, 269, 267, 269, 265 ]
headPositionsY: [ 77, 79, 76, 78, 78, 79, 77, 78, 77, 76, 76, 74, 75, 78,
    75, 76, 73, 77, 76, 75, 77, 79, 78, 78, 76, 74, 79, 76, 77, 79, 78,
    78, 76, 76, 78, 76, 78, 79, 79, 81, 84, 83, 84, 87, 82, 83, 79, 76,
    77, 77, 76, 76, 74, 76, 78, 85, 88, 92, 89, 91, 84, 83, 80, 77, 72,
    71, 75, 75, 79, 79, 80, 83, 80, 82, 80, 76, 75, 76, 76, 78, 75, 78,
    77, 83, 79, 78, 80, 79, 77, 80, 79, 77, 79, 80, 78, 79, 76, 80, 78,
    79 ]
