%YAML:1.0
---
videoName: "headNod9.mp4"
gestureLabel: 202
fps: 29
pixelSizeInCmTemp: 3.1513157894736843e-01
faceCenterPointX: 261
faceCenterPointY: 75
headPositionsX: [ 260, 260, 261, 263, 263, 259, 260, 261, 260, 262, 262,
    259, 261, 262, 260, 259, 262, 262, 259, 260, 262, 262, 262, 262, 261,
    258, 263, 259, 259, 259, 263, 261, 262, 260, 263, 262, 263, 261, 261,
    259, 261, 261, 263, 261, 260, 260, 259, 258, 258, 258, 258, 259, 259,
    258, 259, 261, 260, 261, 262, 258, 259, 259, 261, 260, 262, 261, 260,
    259, 260, 257, 258, 257, 259, 258, 261, 259, 260, 261, 261, 257, 259,
    258, 259, 256, 257, 259, 259, 258, 259, 260, 261, 257, 261, 258, 259,
    258, 261, 261, 262, 262 ]
headPositionsY: [ 74, 76, 77, 73, 76, 77, 74, 76, 77, 74, 77, 78, 78, 77,
    77, 75, 76, 76, 76, 73, 73, 75, 74, 75, 78, 75, 76, 76, 73, 74, 78,
    77, 79, 78, 82, 81, 81, 73, 74, 72, 71, 74, 78, 80, 86, 87, 87, 82,
    81, 77, 78, 76, 79, 77, 84, 84, 84, 81, 79, 80, 73, 75, 72, 75, 76,
    79, 83, 84, 81, 81, 77, 74, 75, 74, 69, 72, 73, 73, 75, 77, 81, 82,
    81, 82, 79, 79, 74, 77, 75, 75, 72, 71, 71, 74, 75, 72, 76, 73, 76,
    74 ]
