%YAML:1.0
---
videoName: "headNod49.mp4"
gestureLabel: 202
fps: 29
pixelSizeInCmTemp: 2.9207317073170730e-01
faceCenterPointX: 263
faceCenterPointY: 74
headPositionsX: [ 261, 267, 265, 263, 265, 266, 264, 264, 264, 264, 267,
    266, 266, 266, 262, 266, 265, 264, 264, 263, 262, 264, 263, 264, 266,
    263, 264, 266, 264, 265, 262, 263, 263, 265, 263, 262, 266, 263, 263,
    266, 265, 264, 264, 262, 263, 265, 262, 262, 265, 263, 261, 263, 265,
    264, 264, 261, 265, 262, 264, 266, 264, 265, 264, 266, 264, 266, 262,
    262, 263, 265, 266, 264, 265, 265, 263, 261, 261, 265, 262, 262, 261,
    261, 262, 265, 262, 262, 262, 260, 264, 264, 261, 262, 265, 265, 264,
    263, 263, 264, 264, 261 ]
headPositionsY: [ 74, 71, 73, 72, 73, 73, 72, 74, 75, 70, 71, 69, 72, 71,
    66, 67, 67, 66, 70, 71, 66, 68, 72, 73, 76, 79, 76, 77, 77, 73, 74,
    73, 71, 68, 71, 68, 73, 72, 72, 78, 78, 76, 79, 76, 74, 74, 70, 71,
    70, 72, 71, 73, 77, 79, 78, 79, 77, 79, 76, 74, 72, 74, 73, 75, 72,
    73, 76, 76, 79, 77, 77, 79, 78, 76, 73, 75, 72, 76, 75, 73, 75, 73,
    77, 74, 72, 77, 74, 76, 72, 73, 74, 76, 73, 76, 71, 75, 74, 75, 72,
    73 ]
