%YAML:1.0
---
videoName: "headNod6.mp4"
gestureLabel: 202
fps: 29
pixelSizeInCmTemp: 3.1513157894736843e-01
faceCenterPointX: 262
faceCenterPointY: 73
headPositionsX: [ 263, 264, 259, 262, 262, 264, 264, 260, 263, 263, 260,
    264, 263, 263, 260, 263, 264, 263, 264, 263, 264, 263, 264, 261, 265,
    262, 263, 260, 261, 260, 264, 263, 263, 262, 263, 264, 265, 262, 265,
    262, 261, 261, 261, 260, 264, 262, 258, 262, 262, 259, 262, 261, 260,
    262, 262, 260, 262, 258, 260, 261, 259, 261, 261, 263, 258, 259, 260,
    260, 263, 261, 262, 258, 262, 263, 262, 260, 261, 258, 264, 260, 259,
    261, 261, 264, 262, 263, 260, 261, 262, 264, 262, 263, 261, 261, 261,
    263, 262, 264, 259, 262 ]
headPositionsY: [ 72, 71, 74, 74, 75, 73, 73, 76, 74, 72, 74, 75, 75, 76,
    72, 74, 75, 71, 75, 74, 73, 75, 74, 76, 76, 73, 72, 73, 74, 76, 74,
    76, 70, 67, 68, 68, 67, 64, 66, 71, 73, 75, 83, 82, 83, 81, 77, 73,
    68, 69, 65, 71, 73, 78, 81, 84, 82, 80, 76, 72, 69, 71, 66, 67, 69,
    75, 75, 80, 85, 80, 79, 75, 74, 68, 68, 68, 64, 67, 73, 76, 80, 84,
    85, 85, 79, 81, 76, 72, 69, 68, 70, 70, 71, 69, 70, 74, 72, 74, 71,
    71 ]
