%YAML:1.0
---
videoName: "headNod48.mp4"
gestureLabel: 202
fps: 29
pixelSizeInCmTemp: 2.8855421686746985e-01
faceCenterPointX: 264
faceCenterPointY: 72
headPositionsX: [ 266, 265, 266, 264, 264, 267, 267, 267, 264, 264, 263,
    264, 267, 261, 266, 261, 265, 259, 261, 260, 260, 262, 261, 261, 260,
    259, 262, 263, 264, 259, 261, 263, 264, 262, 263, 261, 264, 261, 262,
    264, 260, 261, 262, 264, 262, 261, 263, 259, 260, 263, 261, 263, 259,
    259, 260, 260, 260, 264, 260, 260, 264, 263, 264, 264, 262, 264, 264,
    265, 266, 266, 265, 263, 267, 266, 266, 264, 266, 267, 266, 265, 266,
    265, 263, 263, 268, 263, 265, 266, 264, 263, 268, 267, 265, 267, 265,
    262, 265, 265, 264, 266 ]
headPositionsY: [ 74, 77, 77, 79, 78, 76, 75, 72, 69, 64, 65, 63, 60, 65,
    67, 70, 77, 78, 83, 88, 85, 87, 83, 79, 77, 77, 68, 69, 64, 64, 63,
    67, 63, 66, 67, 73, 76, 75, 80, 82, 83, 83, 78, 79, 78, 75, 71, 75,
    72, 73, 72, 75, 74, 77, 78, 81, 75, 76, 76, 69, 69, 72, 72, 73, 71,
    75, 73, 78, 75, 78, 74, 75, 74, 73, 70, 72, 71, 70, 70, 71, 72, 74,
    74, 75, 74, 74, 73, 69, 70, 71, 71, 75, 73, 75, 72, 74, 75, 71, 72,
    70 ]
