%YAML:1.0
---
videoName: "headNod47.mp4"
gestureLabel: 202
fps: 29
pixelSizeInCmTemp: 3.0316455696202532e-01
faceCenterPointX: 266
faceCenterPointY: 70
headPositionsX: [ 268, 269, 267, 269, 269, 269, 264, 266, 265, 266, 264,
    267, 267, 265, 265, 263, 265, 263, 266, 264, 266, 265, 266, 266, 266,
    264, 265, 269, 266, 266, 267, 266, 270, 265, 269, 265, 267, 266, 267,
    266, 267, 265, 270, 268, 266, 266, 265, 265, 264, 266, 264, 267, 264,
    265, 267, 268, 266, 267, 269, 266, 265, 266, 265, 266, 265, 264, 268,
    269, 265, 266, 268, 269, 269, 267, 266, 269, 264, 266, 265, 265, 267,
    264, 266, 265, 267, 264, 264, 264, 265, 268, 264, 266, 268, 265, 264,
    268, 267, 266, 266, 267 ]
headPositionsY: [ 71, 60, 62, 59, 59, 56, 60, 62, 64, 66, 70, 76, 79, 81,
    80, 78, 75, 73, 66, 65, 64, 65, 67, 70, 72, 73, 76, 79, 77, 73, 73,
    72, 68, 70, 66, 68, 70, 69, 70, 75, 76, 78, 78, 78, 76, 72, 71, 69,
    70, 68, 68, 69, 72, 71, 74, 73, 72, 73, 72, 68, 66, 69, 66, 70, 67,
    69, 69, 73, 74, 75, 73, 72, 73, 73, 68, 67, 71, 67, 70, 70, 73, 73,
    72, 76, 72, 69, 70, 68, 69, 71, 68, 71, 71, 71, 71, 72, 69, 73, 68,
    72 ]
