%YAML:1.0
---
videoName: "headNod37.mp4"
gestureLabel: 202
fps: 29
pixelSizeInCmTemp: 2.9207317073170730e-01
faceCenterPointX: 269
faceCenterPointY: 78
headPositionsX: [ 267, 272, 269, 272, 270, 268, 270, 269, 271, 268, 271,
    271, 273, 269, 270, 272, 271, 271, 267, 267, 270, 269, 271, 268, 271,
    268, 272, 271, 267, 268, 272, 271, 270, 269, 269, 268, 269, 271, 268,
    271, 272, 267, 271, 268, 270, 269, 269, 271, 273, 269, 267, 268, 271,
    271, 271, 270, 271, 271, 271, 270, 271, 268, 268, 266, 265, 267, 267,
    268, 266, 268, 267, 266, 268, 269, 269, 269, 270, 267, 269, 270, 270,
    271, 270, 272, 271, 270, 268, 269, 268, 271, 269, 270, 271, 268, 271,
    270, 266, 269, 270, 268 ]
headPositionsY: [ 77, 74, 74, 75, 76, 75, 76, 75, 73, 76, 73, 76, 75, 73,
    78, 77, 77, 73, 76, 73, 78, 76, 77, 73, 77, 76, 74, 74, 77, 74, 78,
    78, 73, 77, 77, 76, 73, 76, 74, 76, 78, 75, 76, 75, 78, 74, 75, 78,
    79, 78, 77, 76, 70, 69, 66, 69, 66, 65, 65, 69, 73, 72, 79, 84, 88,
    88, 87, 85, 83, 78, 77, 74, 69, 68, 68, 68, 67, 68, 66, 68, 70, 75,
    76, 79, 82, 80, 81, 84, 81, 80, 77, 81, 77, 79, 79, 79, 79, 79, 79,
    79 ]
