%YAML:1.0
---
videoName: "headNod35.mp4"
gestureLabel: 202
fps: 30
pixelSizeInCmTemp: 2.9937500000000000e-01
faceCenterPointX: 268
faceCenterPointY: 78
headPositionsX: [ 269, 267, 267, 266, 267, 268, 267, 271, 268, 272, 272,
    270, 268, 268, 269, 270, 270, 270, 270, 268, 270, 270, 271, 271, 267,
    268, 272, 270, 270, 271, 269, 269, 271, 269, 271, 270, 272, 267, 266,
    267, 269, 265, 269, 268, 266, 266, 269, 270, 272, 268, 268, 271, 271,
    270, 269, 270, 270, 268, 267, 268, 267, 266, 270, 270, 269, 271, 270,
    266, 271, 270, 271, 270, 269, 267, 269, 268, 268, 271, 269, 270, 269,
    269, 266, 266, 266, 266, 265, 265, 268, 266, 267, 266, 269, 265, 267,
    265, 267, 265, 268, 266 ]
headPositionsY: [ 80, 78, 74, 74, 73, 76, 77, 78, 78, 76, 74, 77, 79, 78,
    78, 74, 75, 77, 76, 74, 79, 76, 75, 78, 78, 77, 77, 72, 69, 70, 66,
    69, 68, 72, 72, 76, 79, 86, 87, 92, 94, 93, 90, 83, 80, 78, 75, 74,
    76, 75, 79, 80, 84, 88, 87, 88, 86, 82, 79, 82, 75, 71, 73, 73, 74,
    73, 78, 83, 82, 88, 86, 83, 84, 79, 75, 78, 73, 74, 74, 79, 80, 82,
    88, 89, 86, 87, 84, 81, 80, 79, 77, 80, 78, 79, 76, 77, 80, 75, 80,
    77 ]
