%YAML:1.0
---
videoName: "headNod42.mp4"
gestureLabel: 202
fps: 30
pixelSizeInCmTemp: 3.0316455696202532e-01
faceCenterPointX: 265
faceCenterPointY: 77
headPositionsX: [ 267, 267, 269, 270, 267, 269, 267, 267, 268, 271, 267,
    267, 269, 269, 266, 268, 268, 271, 268, 269, 268, 270, 268, 270, 266,
    270, 267, 268, 263, 266, 267, 266, 263, 266, 265, 267, 267, 265, 268,
    265, 268, 265, 266, 266, 265, 266, 266, 263, 267, 266, 265, 266, 266,
    263, 265, 266, 264, 264, 265, 266, 266, 265, 264, 265, 264, 267, 267,
    266, 265, 267, 264, 263, 267, 265, 265, 268, 265, 265, 268, 268, 266,
    264, 265, 266, 269, 266, 263, 266, 267, 265, 267, 264, 267, 266, 265,
    265, 265, 268, 267, 268 ]
headPositionsY: [ 78, 76, 76, 76, 76, 75, 75, 77, 78, 76, 76, 78, 77, 78,
    77, 71, 66, 67, 64, 67, 65, 67, 69, 75, 79, 85, 88, 92, 89, 88, 88,
    82, 78, 78, 76, 68, 67, 71, 67, 73, 77, 80, 81, 83, 84, 85, 78, 76,
    75, 73, 72, 71, 72, 74, 76, 75, 81, 86, 85, 85, 86, 80, 82, 76, 78,
    73, 73, 75, 74, 76, 75, 78, 83, 81, 82, 79, 74, 78, 75, 73, 75, 76,
    73, 75, 81, 82, 80, 83, 83, 80, 78, 80, 80, 78, 78, 78, 80, 75, 77,
    76 ]
