%YAML:1.0
---
videoName: "headNod15.mp4"
gestureLabel: 202
fps: 29
pixelSizeInCmTemp: 3.1933333333333330e-01
faceCenterPointX: 255
faceCenterPointY: 74
headPositionsX: [ 257, 256, 258, 254, 259, 257, 258, 259, 258, 259, 254,
    259, 256, 259, 255, 256, 257, 257, 256, 258, 257, 257, 254, 256, 256,
    257, 256, 254, 257, 253, 257, 253, 255, 256, 254, 255, 254, 255, 256,
    255, 254, 257, 257, 255, 253, 256, 255, 256, 254, 254, 254, 254, 257,
    254, 253, 256, 255, 255, 254, 255, 253, 253, 254, 253, 253, 257, 255,
    256, 255, 257, 253, 254, 255, 254, 253, 255, 251, 254, 255, 252, 251,
    252, 252, 252, 253, 253, 256, 253, 256, 254, 254, 253, 254, 252, 255,
    257, 256, 256, 255, 256 ]
headPositionsY: [ 73, 74, 73, 71, 74, 73, 72, 75, 72, 74, 70, 73, 73, 72,
    71, 74, 72, 75, 72, 72, 73, 74, 73, 75, 75, 75, 75, 74, 72, 73, 72,
    76, 75, 72, 73, 74, 76, 78, 81, 81, 81, 81, 81, 76, 75, 74, 69, 70,
    73, 76, 79, 82, 84, 83, 80, 80, 75, 72, 73, 68, 71, 71, 75, 81, 79,
    83, 85, 81, 79, 75, 72, 70, 68, 72, 74, 74, 77, 79, 78, 75, 72, 69,
    71, 72, 71, 72, 72, 72, 73, 72, 74, 75, 71, 72, 72, 72, 71, 73, 72,
    72 ]
