%YAML:1.0
---
videoName: "headNod36.mp4"
gestureLabel: 202
fps: 29
pixelSizeInCmTemp: 2.8176470588235292e-01
faceCenterPointX: 269
faceCenterPointY: 75
headPositionsX: [ 269, 270, 270, 272, 271, 270, 268, 268, 270, 270, 269,
    270, 271, 272, 271, 271, 271, 270, 270, 269, 272, 272, 270, 270, 272,
    271, 270, 269, 268, 270, 272, 270, 271, 268, 272, 267, 267, 269, 270,
    266, 267, 266, 266, 272, 270, 269, 268, 271, 272, 273, 269, 268, 270,
    273, 270, 271, 270, 270, 267, 268, 270, 270, 268, 269, 266, 268, 269,
    265, 266, 267, 267, 269, 265, 268, 268, 266, 268, 270, 268, 266, 268,
    269, 269, 271, 271, 267, 269, 270, 271, 270, 269, 267, 270, 270, 269,
    269, 267, 268, 266, 269 ]
headPositionsY: [ 74, 73, 74, 73, 74, 72, 75, 76, 73, 75, 73, 74, 76, 74,
    73, 74, 72, 75, 75, 76, 80, 78, 80, 77, 73, 76, 69, 66, 67, 63, 63,
    65, 69, 76, 79, 85, 90, 87, 90, 87, 84, 78, 74, 73, 72, 67, 69, 66,
    68, 69, 71, 75, 76, 81, 85, 86, 89, 84, 84, 83, 81, 77, 75, 71, 72,
    75, 76, 78, 81, 84, 86, 81, 81, 77, 77, 74, 73, 75, 76, 81, 83, 85,
    82, 83, 83, 83, 79, 79, 77, 76, 74, 74, 78, 74, 76, 76, 75, 76, 75,
    75 ]
