%YAML:1.0
---
videoName: "headNod17.mp4"
gestureLabel: 202
fps: 30
pixelSizeInCmTemp: 3.2808219178082193e-01
faceCenterPointX: 253
faceCenterPointY: 76
headPositionsX: [ 254, 256, 256, 254, 256, 253, 254, 254, 255, 255, 253,
    257, 254, 255, 256, 254, 257, 254, 255, 255, 257, 257, 253, 253, 256,
    256, 254, 254, 254, 254, 255, 254, 254, 255, 254, 253, 256, 254, 253,
    254, 252, 255, 255, 252, 255, 253, 252, 255, 254, 253, 252, 254, 254,
    255, 257, 255, 256, 254, 255, 254, 254, 257, 254, 255, 253, 257, 254,
    254, 256, 255, 253, 253, 255, 252, 252, 253, 253, 256, 251, 254, 255,
    255, 254, 254, 253, 255, 255, 255, 252, 253, 253, 257, 252, 254, 254,
    252, 253, 254, 256, 253 ]
headPositionsY: [ 75, 77, 77, 78, 78, 78, 77, 77, 74, 76, 75, 76, 77, 77,
    76, 79, 77, 79, 80, 79, 76, 76, 76, 75, 71, 69, 71, 68, 69, 66, 67,
    65, 69, 68, 70, 69, 71, 74, 76, 77, 81, 81, 81, 85, 84, 87, 85, 83,
    82, 81, 76, 77, 75, 74, 73, 68, 68, 68, 72, 70, 70, 72, 72, 73, 76,
    79, 82, 80, 78, 81, 78, 78, 78, 75, 79, 76, 78, 78, 81, 79, 74, 78,
    78, 74, 75, 74, 76, 79, 80, 79, 79, 76, 78, 77, 76, 74, 78, 75, 78,
    77 ]
