%YAML:1.0
---
videoName: "headNod36.mp4"
gestureLabel: 202
fps: 29
pixelSizeInCmTemp: 2.8176470588235292e-01
faceCenterPointX: 269
faceCenterPointY: 75
headPositionsX: [ 271, 270, 272, 268, 271, 271, 271, 271, 268, 269, 271,
    272, 270, 272, 268, 272, 271, 271, 270, 271, 270, 272, 269, 273, 272,
    269, 267, 269, 272, 269, 269, 268, 273, 268, 270, 267, 268, 265, 266,
    265, 270, 268, 270, 269, 270, 270, 268, 269, 271, 273, 272, 271, 271,
    270, 270, 269, 272, 267, 268, 268, 270, 270, 271, 269, 267, 270, 270,
    268, 267, 269, 266, 269, 267, 265, 266, 270, 267, 266, 269, 268, 268,
    271, 267, 270, 267, 267, 270, 267, 269, 271, 270, 267, 270, 268, 270,
    271, 270, 270, 270, 269 ]
headPositionsY: [ 73, 76, 73, 75, 75, 76, 73, 76, 77, 76, 75, 74, 76, 76,
    73, 76, 73, 78, 74, 75, 80, 77, 78, 81, 73, 77, 69, 66, 64, 64, 66,
    65, 72, 75, 77, 82, 90, 88, 88, 88, 85, 77, 78, 73, 71, 69, 66, 70,
    68, 71, 67, 76, 78, 82, 85, 87, 88, 86, 86, 82, 77, 78, 74, 72, 71,
    73, 75, 76, 79, 83, 83, 80, 80, 78, 80, 72, 73, 75, 75, 77, 80, 81,
    84, 84, 83, 81, 83, 78, 78, 78, 78, 74, 78, 74, 76, 77, 75, 74, 74,
    75 ]
