%YAML:1.0
---
videoName: "headNod42.mp4"
gestureLabel: 202
fps: 30
pixelSizeInCmTemp: 3.0316455696202532e-01
faceCenterPointX: 265
faceCenterPointY: 77
headPositionsX: [ 267, 266, 266, 269, 271, 267, 270, 269, 268, 270, 270,
    269, 266, 267, 269, 269, 271, 267, 271, 271, 267, 270, 271, 269, 267,
    267, 265, 265, 263, 264, 265, 264, 263, 266, 265, 265, 265, 268, 266,
    264, 264, 263, 264, 265, 266, 263, 264, 267, 263, 265, 267, 266, 265,
    266, 264, 263, 265, 263, 262, 267, 268, 264, 266, 266, 264, 263, 267,
    265, 264, 266, 264, 267, 266, 268, 266, 266, 267, 266, 266, 267, 268,
    267, 265, 266, 268, 264, 263, 264, 263, 267, 266, 264, 263, 265, 267,
    263, 265, 265, 263, 268 ]
headPositionsY: [ 76, 74, 75, 75, 76, 74, 76, 76, 79, 76, 78, 75, 77, 74,
    74, 69, 66, 66, 67, 67, 68, 69, 67, 74, 81, 83, 89, 90, 91, 89, 87,
    85, 80, 74, 74, 71, 69, 67, 69, 69, 74, 77, 81, 84, 84, 85, 79, 80,
    74, 74, 71, 72, 71, 72, 74, 79, 80, 82, 86, 86, 85, 84, 80, 75, 78,
    74, 73, 76, 75, 73, 75, 78, 82, 82, 79, 79, 76, 74, 74, 71, 72, 72,
    76, 79, 77, 82, 81, 83, 81, 79, 78, 80, 79, 80, 77, 78, 76, 75, 77,
    77 ]
