%YAML:1.0
---
videoName: "headNod41.mp4"
gestureLabel: 202
fps: 29
pixelSizeInCmTemp: 2.9937500000000000e-01
faceCenterPointX: 267
faceCenterPointY: 76
headPositionsX: [ 268, 268, 272, 268, 272, 269, 268, 268, 271, 270, 268,
    270, 268, 272, 270, 271, 272, 270, 269, 269, 273, 270, 271, 270, 271,
    271, 267, 271, 270, 269, 271, 272, 272, 268, 267, 267, 270, 268, 269,
    271, 272, 268, 268, 267, 269, 270, 267, 266, 270, 266, 265, 269, 267,
    269, 267, 271, 270, 270, 267, 269, 268, 266, 269, 269, 268, 267, 270,
    266, 268, 268, 267, 269, 270, 269, 268, 265, 265, 266, 268, 267, 266,
    265, 267, 267, 268, 266, 269, 265, 267, 269, 270, 267, 269, 267, 266,
    266, 268, 267, 269, 269 ]
headPositionsY: [ 76, 70, 75, 75, 71, 74, 75, 75, 74, 74, 74, 73, 76, 75,
    74, 74, 73, 72, 72, 75, 72, 75, 75, 75, 72, 74, 76, 72, 72, 73, 74,
    72, 74, 72, 73, 74, 72, 74, 75, 75, 79, 83, 84, 86, 90, 90, 92, 85,
    84, 77, 77, 70, 72, 67, 65, 64, 68, 67, 73, 79, 80, 85, 94, 91, 90,
    88, 87, 81, 80, 76, 76, 69, 73, 72, 73, 78, 82, 83, 82, 85, 81, 79,
    77, 73, 75, 72, 76, 75, 72, 72, 76, 78, 77, 82, 81, 80, 79, 78, 75,
    78 ]
