%YAML:1.0
---
videoName: "headNod6.mp4"
gestureLabel: 202
fps: 29
pixelSizeInCmTemp: 3.1513157894736843e-01
faceCenterPointX: 262
faceCenterPointY: 73
headPositionsX: [ 260, 263, 261, 263, 262, 262, 262, 263, 265, 264, 260,
    262, 263, 263, 262, 265, 263, 263, 261, 263, 262, 262, 261, 261, 262,
    261, 262, 264, 261, 263, 262, 262, 262, 263, 263, 264, 263, 261, 263,
    262, 261, 263, 262, 260, 263, 261, 258, 264, 261, 260, 263, 263, 261,
    261, 264, 262, 259, 261, 262, 259, 260, 259, 260, 260, 260, 258, 262,
    261, 259, 259, 262, 259, 263, 263, 259, 261, 262, 259, 262, 263, 262,
    262, 260, 262, 263, 261, 260, 262, 261, 262, 261, 263, 261, 260, 262,
    263, 262, 261, 262, 264 ]
headPositionsY: [ 73, 71, 72, 76, 73, 74, 75, 72, 76, 73, 73, 73, 73, 72,
    72, 74, 76, 74, 73, 72, 71, 75, 73, 74, 74, 76, 76, 72, 72, 74, 73,
    76, 72, 70, 68, 68, 65, 63, 67, 71, 73, 76, 80, 85, 85, 81, 75, 71,
    67, 67, 67, 69, 71, 75, 79, 84, 82, 79, 80, 74, 69, 70, 69, 69, 73,
    74, 79, 82, 83, 80, 79, 74, 74, 70, 65, 66, 64, 65, 70, 77, 77, 83,
    84, 83, 81, 79, 75, 73, 69, 70, 70, 68, 71, 72, 72, 72, 73, 74, 71,
    74 ]
