%YAML:1.0
---
videoName: "headNod24.mp4"
gestureLabel: 202
fps: 29
pixelSizeInCmTemp: 3.1513157894736843e-01
faceCenterPointX: 272
faceCenterPointY: 72
headPositionsX: [ 273, 274, 273, 274, 275, 276, 273, 276, 276, 273, 274,
    275, 272, 274, 272, 275, 277, 276, 276, 272, 274, 274, 273, 272, 271,
    273, 271, 274, 271, 274, 273, 273, 274, 273, 273, 273, 272, 275, 273,
    272, 273, 272, 274, 275, 271, 272, 271, 275, 272, 272, 275, 272, 273,
    273, 272, 274, 273, 272, 271, 271, 273, 274, 268, 272, 273, 268, 269,
    272, 272, 274, 273, 269, 272, 268, 268, 269, 268, 268, 272, 269, 271,
    267, 268, 271, 270, 268, 269, 268, 269, 271, 273, 271, 271, 271, 269,
    273, 270, 273, 273, 270 ]
headPositionsY: [ 71, 73, 74, 75, 72, 71, 74, 75, 73, 74, 74, 75, 71, 75,
    73, 75, 74, 73, 72, 74, 75, 74, 71, 72, 75, 74, 72, 74, 73, 73, 72,
    72, 72, 72, 72, 72, 69, 72, 71, 72, 68, 75, 77, 78, 81, 82, 81, 73,
    69, 68, 68, 66, 67, 72, 74, 77, 77, 71, 71, 70, 65, 65, 64, 68, 70,
    75, 74, 77, 73, 71, 72, 68, 67, 70, 69, 69, 73, 72, 73, 77, 74, 76,
    75, 70, 68, 70, 72, 72, 69, 72, 69, 73, 73, 74, 74, 75, 75, 70, 69,
    71 ]
