%YAML:1.0
---
videoName: "headNod31.mp4"
gestureLabel: 202
fps: 29
pixelSizeInCmTemp: 2.8855421686746985e-01
faceCenterPointX: 267
faceCenterPointY: 75
headPositionsX: [ 266, 269, 270, 270, 271, 272, 270, 269, 271, 271, 272,
    271, 272, 272, 271, 267, 268, 270, 268, 266, 268, 264, 269, 267, 266,
    264, 268, 265, 269, 270, 270, 268, 269, 267, 267, 268, 270, 269, 266,
    267, 268, 265, 270, 266, 268, 269, 270, 267, 266, 266, 267, 268, 266,
    268, 264, 265, 268, 264, 266, 265, 265, 268, 265, 268, 269, 270, 267,
    268, 266, 268, 265, 266, 267, 268, 265, 269, 267, 265, 268, 269, 266,
    266, 265, 264, 267, 265, 266, 268, 268, 267, 268, 265, 269, 266, 266,
    265, 265, 268, 265, 268 ]
headPositionsY: [ 76, 73, 72, 73, 73, 75, 72, 67, 66, 64, 64, 66, 67, 65,
    76, 79, 82, 86, 87, 86, 83, 83, 80, 76, 74, 73, 73, 72, 69, 66, 67,
    70, 74, 75, 79, 84, 83, 84, 89, 87, 83, 84, 78, 75, 75, 72, 72, 76,
    76, 79, 82, 85, 83, 85, 81, 82, 80, 75, 71, 70, 70, 70, 67, 67, 71,
    74, 73, 78, 81, 81, 78, 80, 78, 75, 77, 72, 73, 71, 73, 73, 75, 75,
    74, 75, 77, 75, 76, 78, 73, 73, 73, 73, 73, 74, 73, 76, 76, 77, 76,
    77 ]
