%YAML:1.0
---
videoName: "headNod34.mp4"
gestureLabel: 202
fps: 29
pixelSizeInCmTemp: 2.9567901234567900e-01
faceCenterPointX: 266
faceCenterPointY: 78
headPositionsX: [ 268, 269, 268, 267, 268, 271, 268, 267, 269, 269, 271,
    268, 269, 268, 267, 270, 269, 267, 271, 266, 268, 271, 268, 270, 271,
    268, 270, 272, 268, 270, 272, 269, 269, 268, 270, 269, 271, 270, 272,
    272, 270, 269, 271, 272, 272, 272, 272, 269, 268, 270, 271, 271, 271,
    270, 269, 267, 271, 269, 271, 273, 268, 272, 269, 268, 269, 268, 268,
    269, 270, 271, 269, 266, 267, 267, 268, 268, 265, 264, 267, 267, 268,
    264, 266, 264, 267, 266, 267, 264, 265, 268, 264, 266, 264, 268, 268,
    267, 264, 267, 264, 265 ]
headPositionsY: [ 77, 78, 78, 76, 79, 77, 77, 77, 76, 75, 79, 78, 79, 75,
    74, 76, 78, 78, 77, 74, 75, 78, 76, 75, 79, 75, 76, 78, 74, 78, 74,
    77, 74, 76, 75, 74, 78, 72, 74, 71, 72, 70, 72, 76, 81, 82, 89, 85,
    84, 81, 79, 75, 74, 70, 71, 75, 73, 79, 80, 82, 81, 83, 80, 78, 77,
    81, 78, 77, 77, 83, 84, 82, 85, 85, 81, 80, 81, 77, 79, 79, 77, 81,
    84, 85, 85, 83, 81, 81, 80, 78, 76, 81, 79, 80, 81, 78, 82, 82, 81,
    79 ]
