%YAML:1.0
---
videoName: "headNod26.mp4"
gestureLabel: 202
fps: 29
pixelSizeInCmTemp: 3.1513157894736843e-01
faceCenterPointX: 271
faceCenterPointY: 78
headPositionsX: [ 269, 272, 270, 270, 273, 270, 273, 270, 270, 273, 271,
    272, 271, 272, 273, 272, 273, 273, 273, 272, 270, 275, 273, 272, 274,
    273, 269, 273, 269, 272, 270, 269, 273, 269, 272, 270, 269, 270, 273,
    269, 269, 273, 273, 271, 271, 272, 270, 274, 270, 272, 269, 273, 273,
    272, 271, 271, 272, 273, 272, 273, 272, 272, 271, 270, 270, 273, 271,
    273, 273, 274, 273, 273, 270, 271, 271, 273, 273, 270, 271, 269, 272,
    270, 271, 269, 269, 269, 270, 273, 271, 272, 269, 273, 272, 271, 268,
    268, 269, 270, 273, 273 ]
headPositionsY: [ 77, 71, 76, 74, 75, 70, 69, 70, 68, 68, 67, 63, 63, 67,
    65, 67, 70, 69, 72, 73, 79, 82, 84, 83, 83, 81, 80, 73, 70, 69, 70,
    69, 66, 69, 71, 72, 73, 76, 79, 79, 79, 76, 77, 76, 74, 71, 67, 68,
    66, 69, 70, 73, 75, 75, 74, 75, 75, 74, 75, 73, 72, 67, 69, 68, 68,
    70, 66, 70, 73, 74, 74, 76, 74, 77, 75, 74, 74, 72, 70, 70, 70, 69,
    68, 69, 73, 73, 77, 77, 78, 77, 78, 79, 78, 81, 79, 78, 76, 80, 77,
    76 ]
