%YAML:1.0
---
videoName: "headNod26.mp4"
gestureLabel: 202
fps: 29
pixelSizeInCmTemp: 3.1513157894736843e-01
faceCenterPointX: 271
faceCenterPointY: 78
headPositionsX: [ 270, 270, 270, 270, 271, 272, 273, 272, 274, 272, 270,
    275, 275, 272, 271, 270, 273, 272, 273, 270, 271, 271, 275, 274, 272,
    270, 269, 270, 273, 272, 271, 270, 274, 272, 271, 271, 271, 274, 273,
    271, 272, 272, 270, 271, 270, 270, 273, 270, 269, 271, 272, 271, 274,
    273, 272, 271, 270, 273, 273, 271, 273, 274, 272, 274, 270, 274, 273,
    271, 271, 270, 270, 272, 271, 273, 272, 269, 272, 268, 271, 269, 269,
    272, 269, 268, 269, 269, 269, 272, 269, 271, 273, 271, 272, 272, 272,
    268, 273, 270, 270, 271 ]
headPositionsY: [ 76, 71, 76, 75, 73, 74, 71, 68, 68, 66, 66, 67, 65, 64,
    66, 65, 71, 70, 75, 76, 78, 84, 84, 86, 83, 78, 79, 72, 71, 70, 70,
    66, 68, 66, 68, 72, 75, 73, 77, 78, 80, 80, 78, 73, 73, 72, 69, 68,
    67, 70, 71, 73, 72, 74, 75, 79, 78, 76, 76, 72, 72, 66, 69, 69, 68,
    70, 70, 69, 73, 70, 73, 73, 77, 76, 74, 72, 71, 69, 68, 69, 70, 67,
    69, 69, 71, 73, 76, 77, 80, 81, 78, 80, 79, 78, 75, 79, 76, 79, 77,
    80 ]
