%YAML:1.0
---
videoName: "headNod41.mp4"
gestureLabel: 202
fps: 29
pixelSizeInCmTemp: 2.9937500000000000e-01
faceCenterPointX: 267
faceCenterPointY: 76
headPositionsX: [ 269, 271, 271, 268, 271, 271, 269, 272, 269, 270, 272,
    271, 271, 272, 270, 270, 269, 270, 272, 269, 269, 271, 272, 273, 268,
    267, 268, 271, 269, 271, 270, 268, 268, 271, 267, 268, 271, 272, 270,
    268, 271, 271, 267, 267, 269, 269, 271, 270, 267, 269, 267, 271, 268,
    270, 267, 269, 266, 270, 271, 268, 267, 270, 267, 271, 266, 270, 268,
    269, 269, 269, 270, 265, 270, 268, 267, 269, 265, 267, 269, 267, 266,
    266, 270, 265, 268, 267, 265, 268, 269, 266, 267, 266, 267, 265, 265,
    268, 269, 268, 266, 269 ]
headPositionsY: [ 76, 69, 71, 71, 71, 72, 72, 72, 73, 74, 71, 73, 73, 75,
    74, 73, 74, 72, 74, 74, 76, 75, 74, 76, 73, 73, 75, 75, 72, 72, 74,
    76, 75, 75, 72, 76, 73, 75, 78, 76, 78, 84, 87, 88, 92, 93, 91, 86,
    86, 79, 78, 70, 69, 66, 64, 67, 67, 67, 74, 75, 81, 84, 90, 92, 91,
    91, 86, 81, 77, 72, 76, 71, 69, 72, 69, 79, 82, 82, 84, 86, 82, 79,
    75, 76, 75, 76, 75, 76, 72, 75, 77, 78, 81, 80, 80, 76, 79, 75, 76,
    78 ]
