%YAML:1.0
---
videoName: "headNod0.mp4"
gestureLabel: 202
fps: 29
pixelSizeInCmTemp: 3.2364864864864862e-01
faceCenterPointX: 264
faceCenterPointY: 76
headPositionsX: [ 262, 267, 265, 267, 268, 265, 266, 268, 267, 269, 265,
    269, 267, 267, 264, 267, 263, 266, 265, 267, 263, 267, 267, 265, 266,
    267, 263, 263, 264, 264, 263, 263, 264, 268, 264, 267, 267, 267, 268,
    266, 265, 268, 268, 264, 264, 265, 263, 265, 263, 264, 264, 266, 263,
    267, 267, 265, 265, 263, 265, 266, 266, 266, 266, 267, 267, 267, 265,
    263, 266, 266, 264, 263, 264, 265, 266, 264, 264, 263, 264, 263, 263,
    265, 263, 267, 264, 265, 265, 262, 266, 263, 265, 263, 264, 265, 265,
    262, 264, 265, 266, 262 ]
headPositionsY: [ 74, 71, 70, 73, 74, 74, 72, 73, 72, 71, 71, 72, 74, 74,
    74, 71, 72, 71, 74, 72, 75, 72, 74, 75, 73, 76, 71, 71, 71, 71, 71,
    69, 64, 66, 62, 63, 62, 61, 65, 67, 69, 73, 75, 74, 77, 82, 81, 84,
    81, 82, 78, 76, 72, 72, 68, 67, 70, 65, 65, 66, 71, 71, 71, 73, 78,
    79, 77, 82, 79, 79, 79, 73, 71, 69, 66, 67, 67, 69, 69, 71, 72, 72,
    75, 72, 78, 75, 80, 80, 78, 79, 76, 75, 77, 76, 78, 75, 74, 74, 77,
    75 ]
