%YAML:1.0
---
videoName: "headNod17.mp4"
gestureLabel: 202
fps: 30
pixelSizeInCmTemp: 3.2808219178082193e-01
faceCenterPointX: 253
faceCenterPointY: 76
headPositionsX: [ 252, 254, 256, 257, 256, 256, 255, 256, 254, 256, 255,
    255, 254, 254, 257, 254, 254, 255, 256, 258, 253, 257, 252, 254, 254,
    254, 257, 256, 257, 253, 257, 256, 256, 256, 254, 257, 257, 255, 256,
    255, 252, 255, 255, 252, 251, 252, 251, 252, 251, 252, 255, 254, 256,
    253, 254, 253, 254, 255, 256, 256, 253, 254, 254, 253, 255, 253, 253,
    255, 257, 255, 252, 253, 255, 255, 252, 256, 256, 252, 251, 253, 252,
    256, 255, 254, 254, 252, 254, 257, 253, 256, 253, 253, 256, 255, 256,
    252, 257, 252, 256, 253 ]
headPositionsY: [ 74, 79, 78, 78, 76, 80, 79, 80, 78, 76, 75, 75, 79, 79,
    76, 79, 78, 77, 76, 75, 74, 78, 75, 73, 71, 69, 71, 71, 67, 69, 65,
    66, 68, 70, 71, 69, 70, 73, 77, 76, 78, 81, 85, 85, 87, 85, 84, 84,
    80, 79, 75, 74, 73, 71, 72, 72, 68, 69, 69, 72, 72, 71, 72, 74, 78,
    80, 83, 80, 78, 81, 77, 78, 74, 77, 75, 79, 77, 81, 80, 78, 76, 76,
    75, 77, 74, 76, 76, 77, 80, 79, 77, 77, 79, 76, 76, 76, 77, 75, 78,
    78 ]
