%YAML:1.0
---
videoName: "headNod6.mp4"
gestureLabel: 202
fps: 29
pixelSizeInCmTemp: 3.1513157894736843e-01
faceCenterPointX: 262
faceCenterPointY: 73
headPositionsX: [ 263, 261, 262, 260, 263, 263, 263, 263, 261, 262, 263,
    262, 261, 262, 260, 263, 264, 259, 263, 262, 265, 264, 264, 260, 262,
    262, 264, 260, 265, 264, 262, 262, 262, 262, 262, 262, 264, 261, 264,
    262, 261, 264, 261, 261, 263, 261, 261, 263, 262, 261, 260, 262, 259,
    262, 261, 260, 259, 262, 259, 262, 258, 261, 259, 261, 258, 261, 260,
    260, 259, 258, 260, 262, 262, 261, 261, 260, 262, 260, 264, 261, 260,
    263, 259, 263, 263, 262, 262, 261, 264, 262, 262, 263, 262, 264, 262,
    259, 262, 264, 261, 263 ]
headPositionsY: [ 74, 71, 73, 73, 72, 75, 76, 75, 73, 73, 72, 72, 71, 76,
    73, 76, 73, 74, 75, 73, 74, 76, 72, 76, 75, 76, 74, 76, 75, 72, 75,
    74, 70, 67, 68, 67, 63, 63, 65, 71, 73, 78, 80, 81, 82, 83, 77, 72,
    68, 69, 69, 67, 71, 75, 80, 85, 84, 83, 78, 74, 70, 68, 70, 70, 70,
    74, 78, 81, 82, 83, 78, 76, 74, 67, 65, 66, 68, 68, 69, 77, 77, 82,
    86, 81, 83, 78, 74, 75, 72, 69, 69, 69, 70, 73, 71, 70, 70, 74, 71,
    71 ]
