%YAML:1.0
---
videoName: "headNod18.mp4"
gestureLabel: 202
fps: 29
pixelSizeInCmTemp: 3.3263888888888887e-01
faceCenterPointX: 255
faceCenterPointY: 77
headPositionsX: [ 256, 255, 256, 256, 256, 255, 256, 258, 259, 256, 257,
    259, 257, 257, 257, 254, 253, 256, 257, 256, 255, 257, 253, 253, 257,
    255, 255, 257, 257, 253, 257, 255, 253, 256, 254, 257, 256, 254, 257,
    256, 255, 256, 254, 253, 257, 257, 255, 256, 254, 257, 253, 255, 253,
    253, 252, 254, 252, 254, 253, 256, 255, 255, 256, 254, 257, 253, 254,
    256, 254, 255, 255, 256, 254, 256, 252, 252, 255, 253, 256, 254, 253,
    257, 251, 256, 255, 254, 253, 255, 254, 253, 255, 253, 254, 256, 256,
    255, 254, 256, 256, 257 ]
headPositionsY: [ 78, 76, 77, 76, 80, 77, 75, 75, 75, 76, 76, 77, 77, 76,
    76, 77, 76, 79, 79, 79, 76, 76, 76, 77, 78, 77, 78, 78, 77, 75, 81,
    76, 76, 79, 76, 76, 77, 80, 77, 76, 76, 72, 71, 74, 73, 74, 73, 73,
    77, 77, 77, 81, 77, 80, 81, 82, 79, 75, 72, 72, 71, 74, 75, 77, 82,
    85, 80, 77, 74, 72, 74, 77, 79, 79, 82, 81, 82, 80, 77, 78, 74, 77,
    73, 76, 78, 82, 83, 81, 80, 79, 81, 77, 78, 75, 79, 78, 80, 78, 79,
    79 ]
