%YAML:1.0
---
videoName: "headNod20.mp4"
gestureLabel: 202
fps: 30
pixelSizeInCmTemp: 3.2808219178082193e-01
faceCenterPointX: 253
faceCenterPointY: 80
headPositionsX: [ 253, 258, 257, 254, 256, 254, 256, 256, 254, 256, 257,
    255, 253, 254, 254, 257, 258, 257, 255, 256, 257, 257, 257, 257, 254,
    256, 254, 255, 258, 256, 257, 254, 257, 258, 254, 256, 252, 252, 254,
    253, 254, 252, 255, 252, 252, 252, 255, 252, 253, 250, 251, 253, 254,
    251, 249, 249, 253, 251, 251, 249, 252, 252, 253, 253, 251, 255, 253,
    253, 250, 254, 253, 251, 255, 252, 255, 254, 254, 255, 254, 254, 253,
    253, 255, 254, 252, 252, 250, 251, 255, 252, 253, 254, 253, 255, 252,
    255, 253, 253, 255, 255 ]
headPositionsY: [ 82, 80, 78, 78, 78, 76, 77, 80, 76, 77, 80, 77, 80, 81,
    77, 79, 80, 78, 79, 79, 76, 80, 78, 78, 77, 79, 79, 80, 80, 80, 82,
    82, 84, 89, 87, 81, 79, 75, 75, 71, 70, 72, 74, 72, 79, 78, 86, 88,
    87, 90, 89, 81, 82, 77, 75, 78, 78, 80, 82, 82, 84, 84, 82, 81, 80,
    80, 80, 81, 79, 81, 84, 79, 78, 78, 78, 79, 82, 82, 82, 81, 83, 78,
    81, 80, 82, 81, 81, 81, 81, 79, 80, 80, 78, 80, 78, 79, 80, 81, 81,
    83 ]
