%YAML:1.0
---
videoName: "headNod36.mp4"
gestureLabel: 202
fps: 29
pixelSizeInCmTemp: 2.8176470588235292e-01
faceCenterPointX: 269
faceCenterPointY: 75
headPositionsX: [ 270, 271, 271, 271, 273, 272, 268, 270, 271, 273, 271,
    271, 271, 268, 272, 272, 270, 273, 267, 270, 271, 272, 273, 271, 269,
    271, 269, 267, 272, 269, 270, 269, 270, 269, 268, 267, 267, 269, 270,
    265, 268, 266, 266, 269, 268, 270, 272, 272, 268, 272, 272, 268, 270,
    271, 271, 270, 270, 269, 270, 270, 270, 267, 268, 269, 269, 267, 266,
    265, 270, 271, 270, 270, 267, 265, 265, 270, 269, 266, 268, 266, 270,
    269, 271, 271, 268, 271, 268, 267, 268, 267, 272, 267, 269, 269, 267,
    269, 270, 270, 269, 270 ]
headPositionsY: [ 76, 75, 74, 75, 74, 73, 74, 76, 77, 72, 73, 75, 72, 76,
    73, 75, 74, 77, 73, 74, 76, 78, 77, 78, 73, 76, 67, 70, 67, 65, 65,
    65, 72, 76, 80, 83, 86, 88, 88, 87, 86, 81, 76, 75, 74, 66, 66, 67,
    70, 68, 67, 74, 76, 81, 85, 89, 87, 88, 86, 84, 80, 74, 72, 75, 71,
    73, 75, 75, 79, 83, 84, 84, 81, 80, 80, 73, 73, 76, 78, 79, 82, 82,
    83, 83, 83, 84, 82, 77, 76, 77, 78, 74, 77, 73, 73, 76, 76, 77, 77,
    73 ]
