%YAML:1.0
---
videoName: "headNod15.mp4"
gestureLabel: 202
fps: 29
pixelSizeInCmTemp: 3.1933333333333330e-01
faceCenterPointX: 255
faceCenterPointY: 74
headPositionsX: [ 255, 256, 256, 255, 255, 259, 258, 259, 254, 256, 256,
    259, 257, 255, 257, 258, 254, 258, 255, 255, 258, 255, 253, 255, 255,
    255, 255, 254, 255, 255, 256, 255, 255, 253, 256, 257, 254, 254, 254,
    255, 258, 255, 255, 256, 254, 255, 256, 255, 253, 253, 254, 253, 255,
    255, 253, 253, 254, 256, 256, 255, 254, 257, 252, 255, 253, 254, 257,
    257, 255, 256, 255, 254, 255, 254, 256, 252, 255, 255, 252, 254, 251,
    251, 253, 254, 254, 256, 254, 255, 255, 256, 255, 253, 255, 255, 256,
    253, 254, 254, 253, 254 ]
headPositionsY: [ 73, 75, 73, 73, 72, 75, 75, 75, 75, 75, 72, 72, 73, 72,
    71, 72, 72, 76, 75, 75, 72, 73, 74, 71, 72, 73, 71, 72, 73, 74, 73,
    76, 74, 75, 76, 75, 78, 78, 79, 80, 83, 82, 79, 79, 73, 71, 70, 68,
    71, 74, 79, 78, 83, 81, 78, 78, 75, 74, 73, 69, 70, 72, 74, 81, 81,
    84, 81, 79, 79, 77, 75, 69, 71, 71, 70, 75, 77, 80, 76, 76, 74, 69,
    69, 72, 70, 70, 71, 74, 73, 74, 75, 72, 72, 70, 72, 71, 71, 73, 73,
    73 ]
