%YAML:1.0
---
videoName: "headNod1.mp4"
gestureLabel: 202
fps: 29
pixelSizeInCmTemp: 3.2808219178082193e-01
faceCenterPointX: 263
faceCenterPointY: 78
headPositionsX: [ 263, 261, 262, 262, 265, 265, 260, 266, 265, 262, 264,
    262, 263, 264, 261, 264, 261, 265, 265, 263, 265, 264, 264, 265, 266,
    265, 266, 266, 263, 263, 265, 265, 263, 263, 262, 266, 265, 264, 264,
    267, 267, 266, 265, 264, 268, 263, 265, 263, 266, 262, 263, 264, 262,
    265, 262, 262, 261, 262, 265, 261, 261, 261, 262, 266, 261, 263, 264,
    263, 262, 261, 264, 263, 264, 264, 264, 262, 262, 262, 264, 264, 259,
    261, 262, 263, 262, 264, 265, 262, 263, 262, 264, 264, 262, 261, 262,
    262, 264, 263, 265, 261 ]
headPositionsY: [ 78, 76, 74, 73, 75, 75, 75, 76, 74, 73, 73, 75, 75, 76,
    76, 74, 72, 74, 75, 74, 76, 74, 76, 73, 74, 73, 74, 75, 73, 73, 73,
    73, 74, 76, 74, 71, 69, 68, 67, 66, 64, 61, 61, 66, 67, 64, 68, 72,
    72, 74, 77, 81, 83, 83, 81, 80, 80, 78, 77, 74, 72, 66, 64, 67, 64,
    69, 68, 74, 73, 75, 80, 78, 79, 76, 75, 70, 67, 68, 64, 63, 65, 68,
    70, 69, 72, 73, 77, 81, 82, 80, 82, 82, 81, 80, 82, 79, 80, 77, 80,
    80 ]
