%YAML:1.0
---
videoName: "headNod32.mp4"
gestureLabel: 202
fps: 29
pixelSizeInCmTemp: 2.8855421686746985e-01
faceCenterPointX: 266
faceCenterPointY: 74
headPositionsX: [ 268, 269, 266, 268, 270, 268, 266, 267, 266, 265, 266,
    265, 266, 264, 268, 265, 266, 264, 264, 268, 266, 268, 268, 266, 269,
    269, 264, 264, 268, 265, 268, 267, 265, 267, 268, 269, 267, 269, 266,
    267, 269, 268, 268, 265, 270, 269, 267, 266, 268, 267, 265, 267, 268,
    266, 265, 266, 266, 265, 269, 265, 269, 267, 266, 266, 267, 268, 268,
    267, 268, 264, 264, 267, 266, 268, 268, 266, 266, 267, 266, 263, 263,
    264, 263, 264, 265, 265, 265, 269, 265, 265, 267, 266, 270, 268, 264,
    265, 268, 264, 269, 265 ]
headPositionsY: [ 73, 77, 78, 80, 77, 77, 78, 79, 80, 80, 78, 80, 78, 76,
    79, 78, 77, 76, 79, 77, 78, 78, 76, 77, 76, 77, 79, 75, 78, 75, 81,
    78, 76, 76, 77, 77, 80, 75, 76, 78, 75, 79, 79, 75, 78, 77, 76, 78,
    80, 76, 80, 78, 77, 75, 78, 77, 75, 77, 76, 74, 70, 68, 65, 63, 64,
    69, 69, 73, 79, 80, 86, 90, 90, 87, 83, 78, 77, 76, 73, 69, 73, 71,
    73, 69, 73, 72, 73, 72, 73, 72, 74, 77, 75, 74, 75, 76, 74, 72, 74,
    76 ]
