%YAML:1.0
---
videoName: "headNod39.mp4"
gestureLabel: 202
fps: 29
pixelSizeInCmTemp: 2.9937500000000000e-01
faceCenterPointX: 268
faceCenterPointY: 78
headPositionsX: [ 269, 269, 267, 268, 269, 267, 267, 268, 270, 269, 266,
    270, 267, 268, 269, 268, 269, 267, 270, 269, 269, 270, 269, 267, 271,
    270, 268, 270, 268, 269, 268, 266, 268, 268, 267, 268, 270, 270, 270,
    269, 267, 266, 270, 270, 268, 268, 266, 266, 268, 265, 265, 265, 267,
    268, 265, 265, 266, 268, 265, 267, 264, 268, 268, 265, 266, 265, 269,
    267, 264, 265, 264, 267, 269, 266, 265, 268, 265, 268, 268, 269, 266,
    268, 267, 267, 266, 270, 266, 268, 268, 268, 268, 266, 270, 267, 265,
    268, 265, 267, 270, 264 ]
headPositionsY: [ 80, 79, 77, 78, 78, 77, 75, 75, 75, 76, 78, 75, 76, 74,
    76, 78, 77, 75, 77, 74, 76, 76, 78, 74, 77, 75, 79, 75, 77, 76, 75,
    78, 76, 76, 77, 76, 78, 77, 80, 80, 81, 85, 83, 85, 86, 83, 80, 74,
    77, 73, 77, 77, 74, 73, 79, 86, 90, 90, 93, 91, 85, 82, 77, 75, 71,
    72, 72, 73, 79, 80, 80, 82, 81, 82, 79, 77, 74, 75, 75, 78, 79, 80,
    78, 80, 79, 80, 80, 77, 78, 80, 80, 80, 78, 78, 78, 76, 80, 77, 80,
    77 ]
