%YAML:1.0
---
videoName: "headNod49.mp4"
gestureLabel: 202
fps: 29
pixelSizeInCmTemp: 2.9207317073170730e-01
faceCenterPointX: 263
faceCenterPointY: 74
headPositionsX: [ 263, 267, 267, 263, 264, 264, 264, 266, 266, 264, 265,
    265, 266, 266, 265, 264, 262, 264, 265, 264, 265, 265, 266, 264, 265,
    263, 263, 265, 262, 264, 262, 263, 265, 263, 263, 263, 263, 266, 263,
    265, 266, 262, 264, 264, 263, 265, 262, 265, 261, 261, 265, 263, 262,
    265, 265, 265, 261, 265, 265, 266, 265, 264, 262, 265, 263, 265, 265,
    263, 263, 264, 264, 262, 264, 264, 263, 261, 264, 265, 265, 261, 261,
    261, 265, 263, 262, 261, 263, 263, 263, 263, 265, 265, 261, 264, 261,
    263, 265, 261, 261, 265 ]
headPositionsY: [ 73, 71, 69, 73, 70, 71, 70, 74, 73, 71, 74, 69, 71, 71,
    69, 68, 66, 69, 70, 70, 68, 72, 74, 73, 79, 77, 77, 79, 76, 74, 70,
    73, 71, 71, 70, 69, 73, 75, 74, 79, 81, 76, 79, 76, 73, 73, 71, 70,
    73, 69, 73, 75, 77, 78, 79, 79, 79, 75, 76, 73, 74, 73, 73, 75, 71,
    75, 73, 78, 79, 77, 79, 75, 76, 76, 73, 72, 72, 73, 74, 77, 74, 73,
    74, 74, 72, 74, 75, 73, 73, 75, 74, 75, 72, 74, 74, 77, 72, 72, 76,
    75 ]
