%YAML:1.0
---
videoName: "headNod21.mp4"
gestureLabel: 202
fps: 29
pixelSizeInCmTemp: 3.2808219178082193e-01
faceCenterPointX: 253
faceCenterPointY: 78
headPositionsX: [ 251, 255, 253, 257, 254, 255, 256, 257, 257, 255, 255,
    257, 255, 253, 255, 253, 253, 254, 255, 255, 253, 255, 257, 254, 256,
    254, 256, 253, 255, 253, 255, 254, 257, 257, 255, 255, 255, 258, 256,
    258, 256, 256, 254, 258, 257, 253, 253, 254, 254, 255, 255, 254, 257,
    254, 255, 254, 254, 255, 256, 252, 253, 255, 253, 253, 251, 251, 250,
    252, 254, 250, 252, 250, 249, 252, 252, 250, 248, 248, 250, 250, 248,
    253, 249, 249, 251, 249, 255, 254, 255, 254, 252, 254, 253, 255, 252,
    255, 255, 252, 256, 254 ]
headPositionsY: [ 80, 81, 79, 78, 77, 79, 79, 76, 77, 77, 78, 79, 80, 79,
    76, 78, 79, 80, 79, 77, 79, 76, 77, 77, 82, 79, 79, 81, 79, 79, 81,
    82, 80, 82, 77, 79, 76, 73, 74, 80, 77, 84, 84, 86, 84, 79, 76, 76,
    77, 76, 80, 84, 84, 82, 82, 79, 78, 76, 75, 77, 78, 82, 83, 85, 85,
    83, 79, 76, 79, 75, 76, 76, 78, 79, 80, 82, 83, 79, 80, 78, 77, 76,
    78, 81, 81, 77, 78, 77, 80, 78, 79, 80, 76, 80, 77, 82, 76, 79, 78,
    81 ]
