%YAML:1.0
---
videoName: "headNod35.mp4"
gestureLabel: 202
fps: 30
pixelSizeInCmTemp: 2.9937500000000000e-01
faceCenterPointX: 268
faceCenterPointY: 78
headPositionsX: [ 266, 266, 267, 268, 271, 271, 270, 268, 271, 272, 268,
    271, 272, 271, 269, 270, 268, 270, 272, 272, 271, 269, 272, 270, 268,
    271, 268, 271, 271, 271, 273, 272, 269, 271, 271, 270, 271, 271, 268,
    270, 269, 266, 267, 268, 268, 268, 266, 269, 272, 268, 269, 267, 271,
    270, 270, 270, 268, 269, 270, 266, 267, 268, 269, 270, 271, 268, 269,
    268, 271, 270, 270, 268, 270, 269, 269, 267, 269, 269, 270, 272, 270,
    268, 269, 270, 268, 264, 264, 268, 264, 266, 268, 269, 265, 269, 266,
    266, 265, 266, 266, 266 ]
headPositionsY: [ 79, 78, 77, 75, 77, 75, 74, 76, 75, 75, 76, 78, 75, 77,
    76, 74, 78, 78, 76, 76, 79, 77, 79, 75, 75, 74, 76, 71, 68, 71, 66,
    65, 70, 69, 72, 77, 79, 85, 90, 94, 92, 91, 87, 86, 80, 75, 74, 74,
    75, 76, 76, 79, 82, 88, 89, 90, 90, 83, 82, 79, 74, 70, 71, 73, 73,
    77, 76, 82, 85, 84, 85, 87, 80, 77, 78, 77, 73, 73, 75, 79, 80, 83,
    89, 88, 85, 86, 84, 80, 83, 79, 77, 79, 78, 80, 76, 80, 79, 77, 77,
    78 ]
