%YAML:1.0
---
videoName: "headNod25.mp4"
gestureLabel: 202
fps: 29
pixelSizeInCmTemp: 3.1933333333333330e-01
faceCenterPointX: 270
faceCenterPointY: 75
headPositionsX: [ 269, 272, 273, 272, 270, 270, 270, 272, 272, 270, 267,
    268, 268, 267, 271, 268, 272, 269, 269, 269, 270, 273, 274, 270, 274,
    274, 272, 272, 271, 270, 274, 271, 274, 272, 275, 272, 272, 271, 273,
    273, 273, 274, 272, 271, 271, 270, 271, 273, 272, 271, 271, 272, 272,
    272, 274, 272, 274, 272, 274, 272, 272, 273, 269, 271, 271, 269, 267,
    270, 268, 271, 267, 271, 272, 270, 271, 272, 271, 272, 270, 272, 269,
    272, 270, 268, 268, 268, 270, 270, 271, 271, 271, 272, 271, 272, 269,
    271, 271, 272, 269, 269 ]
headPositionsY: [ 75, 72, 75, 74, 75, 74, 74, 75, 76, 74, 74, 74, 73, 75,
    72, 75, 72, 75, 74, 74, 74, 74, 75, 74, 74, 76, 77, 76, 75, 72, 77,
    75, 77, 76, 75, 76, 75, 74, 76, 75, 76, 76, 73, 78, 75, 78, 75, 77,
    76, 70, 72, 69, 67, 65, 63, 65, 65, 68, 67, 67, 70, 77, 77, 82, 87,
    86, 90, 88, 85, 80, 79, 74, 73, 71, 70, 66, 69, 68, 70, 72, 76, 78,
    79, 81, 80, 79, 78, 79, 77, 78, 78, 75, 74, 77, 76, 77, 75, 73, 74,
    74 ]
