%YAML:1.0
---
videoName: "headNod23.mp4"
gestureLabel: 202
fps: 29
pixelSizeInCmTemp: 3.1933333333333330e-01
faceCenterPointX: 273
faceCenterPointY: 75
headPositionsX: [ 275, 274, 276, 276, 273, 274, 276, 276, 272, 276, 274,
    276, 273, 276, 274, 276, 274, 274, 276, 275, 275, 275, 273, 275, 271,
    274, 275, 277, 276, 274, 277, 277, 275, 275, 274, 277, 273, 275, 272,
    274, 274, 270, 270, 271, 274, 271, 272, 272, 272, 274, 273, 275, 273,
    275, 274, 274, 273, 276, 272, 273, 274, 276, 271, 276, 273, 274, 274,
    272, 277, 276, 274, 276, 275, 275, 272, 273, 271, 276, 273, 276, 274,
    271, 274, 273, 272, 273, 275, 277, 275, 273, 274, 272, 271, 276, 272,
    274, 275, 274, 276, 271 ]
headPositionsY: [ 77, 74, 74, 78, 78, 75, 75, 76, 78, 77, 78, 78, 75, 79,
    77, 75, 77, 75, 78, 76, 75, 77, 76, 73, 72, 71, 71, 67, 65, 67, 64,
    63, 67, 66, 70, 73, 71, 75, 78, 83, 82, 81, 79, 77, 78, 74, 72, 67,
    66, 68, 69, 69, 71, 73, 71, 73, 76, 78, 79, 78, 78, 75, 72, 74, 71,
    67, 67, 70, 68, 73, 70, 72, 74, 79, 80, 80, 77, 78, 77, 79, 76, 76,
    75, 74, 75, 74, 72, 71, 73, 71, 73, 74, 75, 76, 74, 74, 78, 73, 78,
    74 ]
