%YAML:1.0
---
videoName: "headNod45.mp4"
gestureLabel: 202
fps: 30
pixelSizeInCmTemp: 3.0316455696202532e-01
faceCenterPointX: 265
faceCenterPointY: 77
headPositionsX: [ 263, 268, 266, 267, 267, 269, 266, 267, 268, 267, 267,
    269, 269, 267, 267, 266, 268, 267, 268, 268, 269, 265, 267, 269, 269,
    265, 267, 263, 266, 266, 265, 265, 264, 268, 268, 264, 267, 265, 265,
    264, 267, 265, 265, 267, 263, 264, 265, 265, 265, 265, 264, 265, 269,
    268, 265, 264, 265, 267, 265, 265, 267, 265, 267, 267, 267, 266, 265,
    269, 266, 265, 265, 265, 264, 265, 266, 264, 266, 265, 264, 267, 265,
    263, 268, 267, 265, 268, 267, 266, 266, 263, 263, 266, 266, 267, 268,
    266, 265, 266, 265, 265 ]
headPositionsY: [ 79, 77, 75, 75, 76, 77, 77, 73, 75, 77, 74, 73, 77, 77,
    78, 74, 75, 76, 81, 82, 87, 90, 93, 96, 91, 93, 92, 87, 79, 75, 75,
    74, 66, 67, 64, 69, 67, 70, 74, 80, 82, 86, 88, 91, 90, 90, 87, 84,
    78, 78, 77, 72, 75, 74, 76, 75, 78, 79, 82, 84, 86, 83, 82, 77, 76,
    73, 75, 72, 74, 73, 77, 78, 82, 87, 87, 85, 85, 84, 80, 81, 75, 75,
    75, 78, 78, 81, 81, 81, 80, 77, 77, 79, 77, 79, 78, 80, 76, 79, 76,
    78 ]
