%YAML:1.0
---
videoName: "headNod47.mp4"
gestureLabel: 202
fps: 29
pixelSizeInCmTemp: 3.0316455696202532e-01
faceCenterPointX: 266
faceCenterPointY: 70
headPositionsX: [ 265, 266, 266, 265, 265, 269, 264, 268, 264, 269, 264,
    266, 264, 265, 266, 266, 265, 264, 265, 265, 265, 267, 266, 267, 267,
    266, 269, 267, 267, 269, 265, 270, 270, 266, 268, 267, 269, 268, 269,
    267, 267, 265, 269, 270, 270, 267, 266, 265, 264, 266, 266, 266, 267,
    269, 268, 266, 267, 265, 267, 267, 265, 269, 266, 265, 265, 267, 267,
    267, 264, 266, 266, 268, 269, 266, 269, 265, 264, 264, 266, 265, 264,
    268, 264, 266, 264, 264, 264, 264, 268, 268, 263, 267, 266, 265, 267,
    268, 264, 268, 265, 264 ]
headPositionsY: [ 71, 63, 60, 58, 59, 56, 59, 63, 66, 67, 70, 74, 81, 84,
    83, 76, 73, 71, 66, 69, 66, 65, 66, 67, 73, 75, 77, 80, 77, 75, 74,
    72, 68, 69, 65, 70, 68, 73, 74, 76, 78, 77, 80, 77, 74, 72, 72, 70,
    66, 66, 67, 70, 69, 75, 77, 76, 76, 70, 70, 72, 70, 66, 66, 69, 67,
    67, 69, 73, 73, 75, 76, 74, 71, 70, 71, 68, 71, 66, 70, 72, 72, 76,
    75, 76, 73, 69, 69, 71, 68, 68, 68, 69, 69, 68, 69, 72, 73, 70, 68,
    71 ]
