%YAML:1.0
---
videoName: "headNod3.mp4"
gestureLabel: 202
fps: 29
pixelSizeInCmTemp: 3.1933333333333330e-01
faceCenterPointX: 264
faceCenterPointY: 76
headPositionsX: [ 264, 263, 265, 264, 264, 261, 265, 263, 263, 264, 269,
    265, 267, 265, 264, 263, 267, 264, 266, 263, 264, 265, 266, 266, 265,
    264, 267, 265, 267, 265, 265, 267, 264, 268, 263, 264, 264, 265, 267,
    265, 266, 266, 265, 263, 267, 267, 263, 263, 264, 264, 268, 265, 266,
    264, 263, 261, 264, 265, 261, 264, 262, 265, 265, 264, 262, 265, 265,
    265, 265, 263, 266, 266, 265, 265, 264, 265, 264, 263, 263, 263, 261,
    261, 263, 263, 264, 263, 265, 262, 263, 262, 264, 265, 263, 264, 264,
    263, 263, 266, 262, 264 ]
headPositionsY: [ 78, 75, 78, 74, 76, 74, 77, 74, 76, 73, 76, 75, 71, 75,
    71, 75, 75, 74, 71, 74, 74, 72, 71, 71, 71, 73, 74, 76, 72, 75, 72,
    73, 77, 76, 75, 74, 74, 77, 77, 76, 76, 76, 77, 72, 74, 67, 66, 66,
    66, 65, 67, 70, 70, 75, 79, 81, 83, 83, 84, 77, 78, 73, 67, 68, 65,
    69, 67, 70, 75, 77, 79, 84, 81, 81, 79, 75, 70, 68, 65, 68, 66, 69,
    67, 69, 74, 74, 77, 80, 82, 80, 76, 79, 78, 77, 75, 76, 78, 74, 75,
    77 ]
