%YAML:1.0
---
videoName: "headNod37.mp4"
gestureLabel: 202
fps: 29
pixelSizeInCmTemp: 2.9207317073170730e-01
faceCenterPointX: 269
faceCenterPointY: 78
headPositionsX: [ 271, 273, 269, 273, 272, 268, 272, 267, 270, 270, 270,
    268, 271, 272, 272, 269, 271, 267, 267, 271, 272, 268, 271, 270, 267,
    267, 269, 271, 268, 272, 270, 269, 271, 268, 268, 271, 270, 269, 271,
    270, 270, 269, 268, 268, 268, 270, 270, 270, 269, 270, 271, 270, 272,
    272, 270, 272, 272, 268, 267, 270, 270, 268, 269, 266, 267, 266, 265,
    268, 265, 267, 267, 265, 269, 266, 268, 268, 270, 271, 270, 270, 268,
    269, 269, 272, 270, 272, 270, 270, 272, 270, 270, 267, 271, 270, 267,
    268, 268, 270, 271, 268 ]
headPositionsY: [ 78, 74, 77, 75, 73, 75, 78, 73, 76, 76, 74, 78, 75, 77,
    77, 77, 75, 73, 77, 75, 74, 73, 74, 73, 77, 74, 76, 74, 73, 75, 74,
    76, 74, 79, 78, 75, 74, 75, 76, 74, 76, 73, 75, 76, 75, 75, 74, 76,
    76, 75, 77, 72, 71, 68, 69, 65, 65, 66, 69, 65, 71, 73, 81, 82, 86,
    88, 87, 88, 85, 82, 76, 71, 68, 66, 69, 66, 64, 65, 65, 71, 71, 73,
    76, 80, 84, 83, 83, 83, 80, 79, 81, 80, 76, 75, 80, 79, 77, 76, 79,
    80 ]
