%YAML:1.0
---
videoName: "headNod14.mp4"
gestureLabel: 202
fps: 29
pixelSizeInCmTemp: 3.2808219178082193e-01
faceCenterPointX: 257
faceCenterPointY: 71
headPositionsX: [ 256, 258, 258, 258, 258, 257, 259, 258, 255, 260, 258,
    257, 261, 258, 259, 259, 257, 259, 258, 257, 259, 257, 256, 260, 258,
    260, 260, 256, 260, 260, 261, 256, 257, 261, 257, 259, 256, 258, 258,
    261, 258, 260, 261, 259, 260, 261, 258, 260, 257, 260, 261, 257, 261,
    260, 259, 256, 259, 260, 257, 259, 258, 256, 257, 257, 258, 260, 260,
    261, 259, 259, 261, 261, 260, 256, 257, 258, 257, 256, 255, 256, 260,
    258, 259, 257, 259, 258, 256, 254, 256, 256, 259, 259, 257, 257, 259,
    257, 255, 255, 257, 257 ]
headPositionsY: [ 73, 78, 75, 77, 77, 75, 76, 77, 78, 78, 77, 78, 76, 77,
    79, 79, 77, 77, 79, 77, 78, 75, 78, 76, 79, 76, 77, 79, 79, 78, 79,
    76, 78, 80, 79, 79, 79, 76, 77, 74, 76, 70, 72, 69, 68, 68, 69, 71,
    73, 75, 77, 77, 82, 78, 82, 80, 81, 81, 76, 74, 75, 72, 67, 71, 71,
    70, 75, 76, 76, 79, 82, 81, 80, 76, 73, 72, 70, 70, 69, 70, 73, 71,
    73, 76, 80, 82, 78, 76, 78, 75, 71, 72, 67, 69, 68, 68, 71, 73, 73,
    72 ]
