%YAML:1.0
---
videoName: "headNod1.mp4"
gestureLabel: 202
fps: 29
pixelSizeInCmTemp: 3.2808219178082193e-01
faceCenterPointX: 263
faceCenterPointY: 78
headPositionsX: [ 263, 264, 261, 261, 265, 266, 263, 262, 263, 261, 264,
    263, 261, 262, 265, 266, 264, 264, 264, 262, 266, 262, 266, 266, 263,
    263, 263, 266, 262, 264, 262, 265, 261, 264, 263, 263, 265, 263, 262,
    264, 266, 262, 266, 265, 265, 263, 264, 264, 266, 266, 262, 266, 263,
    261, 260, 265, 263, 265, 262, 261, 265, 264, 263, 263, 263, 263, 263,
    266, 265, 265, 264, 265, 262, 265, 264, 260, 261, 263, 260, 263, 262,
    263, 260, 261, 263, 261, 265, 261, 266, 264, 262, 261, 262, 262, 262,
    264, 263, 264, 263, 263 ]
headPositionsY: [ 76, 76, 74, 76, 76, 74, 76, 75, 74, 74, 74, 77, 73, 75,
    76, 74, 72, 76, 75, 74, 72, 72, 74, 75, 74, 75, 75, 75, 76, 76, 74,
    75, 73, 74, 74, 70, 69, 66, 68, 65, 65, 65, 63, 66, 66, 65, 69, 68,
    69, 77, 78, 79, 80, 82, 83, 80, 78, 75, 76, 74, 71, 68, 66, 67, 66,
    69, 68, 74, 76, 78, 78, 78, 78, 74, 72, 68, 68, 68, 68, 63, 66, 67,
    69, 70, 72, 76, 80, 79, 80, 83, 80, 83, 79, 82, 80, 77, 77, 77, 79,
    76 ]
