%YAML:1.0
---
videoName: "headNod10.mp4"
gestureLabel: 202
fps: 29
pixelSizeInCmTemp: 3.2808219178082193e-01
faceCenterPointX: 260
faceCenterPointY: 67
headPositionsX: [ 260, 258, 259, 257, 256, 260, 257, 256, 258, 259, 260,
    260, 257, 259, 257, 258, 256, 257, 259, 256, 257, 260, 257, 257, 260,
    260, 259, 258, 260, 260, 258, 258, 260, 261, 258, 261, 258, 257, 261,
    261, 259, 259, 258, 261, 261, 261, 258, 261, 263, 261, 261, 258, 262,
    260, 258, 261, 260, 260, 257, 259, 262, 261, 260, 262, 260, 262, 261,
    259, 259, 258, 256, 257, 259, 256, 261, 259, 259, 258, 260, 257, 257,
    257, 257, 259, 260, 261, 259, 258, 259, 257, 257, 259, 257, 260, 262,
    260, 261, 262, 259, 259 ]
headPositionsY: [ 67, 73, 68, 68, 68, 68, 71, 68, 68, 68, 69, 69, 72, 72,
    69, 67, 69, 68, 70, 70, 72, 72, 69, 71, 68, 70, 69, 71, 68, 71, 71,
    70, 72, 73, 72, 69, 73, 68, 72, 69, 72, 72, 70, 69, 69, 69, 66, 62,
    60, 61, 65, 68, 70, 71, 75, 73, 71, 70, 70, 65, 63, 63, 62, 67, 66,
    69, 72, 72, 76, 75, 74, 72, 71, 65, 63, 64, 63, 65, 68, 72, 74, 78,
    77, 76, 69, 72, 69, 67, 65, 67, 67, 66, 68, 68, 66, 66, 66, 70, 65,
    68 ]
