%YAML:1.0
---
videoName: "headNod11.mp4"
gestureLabel: 202
fps: 29
pixelSizeInCmTemp: 3.2364864864864862e-01
faceCenterPointX: 261
faceCenterPointY: 75
headPositionsX: [ 261, 259, 260, 258, 261, 260, 261, 260, 259, 257, 257,
    259, 259, 259, 261, 261, 261, 259, 262, 259, 262, 260, 259, 261, 259,
    259, 260, 260, 258, 259, 260, 261, 262, 257, 260, 261, 263, 262, 262,
    261, 260, 261, 258, 263, 260, 260, 259, 260, 258, 259, 261, 260, 261,
    261, 262, 262, 263, 259, 257, 262, 260, 257, 260, 258, 261, 256, 257,
    259, 257, 257, 256, 259, 260, 257, 257, 255, 255, 257, 257, 256, 256,
    258, 256, 260, 257, 257, 261, 258, 257, 261, 262, 261, 261, 259, 262,
    259, 260, 258, 260, 260 ]
headPositionsY: [ 76, 72, 76, 72, 74, 74, 75, 77, 73, 73, 72, 75, 74, 73,
    74, 74, 75, 75, 75, 76, 75, 76, 74, 73, 77, 73, 72, 75, 75, 77, 77,
    77, 73, 73, 73, 76, 75, 77, 73, 77, 74, 76, 73, 74, 77, 73, 74, 75,
    74, 70, 68, 66, 66, 70, 69, 70, 75, 74, 78, 79, 78, 79, 75, 71, 70,
    70, 69, 69, 68, 73, 74, 75, 78, 79, 83, 83, 78, 75, 76, 72, 70, 69,
    72, 73, 75, 78, 78, 81, 78, 81, 79, 79, 77, 76, 77, 76, 76, 75, 78,
    77 ]
