%YAML:1.0
---
videoName: "headNod43.mp4"
gestureLabel: 202
fps: 29
pixelSizeInCmTemp: 2.8855421686746985e-01
faceCenterPointX: 268
faceCenterPointY: 74
headPositionsX: [ 268, 271, 268, 271, 267, 268, 271, 269, 271, 271, 266,
    267, 267, 266, 271, 269, 267, 268, 266, 270, 266, 267, 270, 267, 267,
    269, 266, 267, 264, 264, 266, 265, 264, 264, 267, 265, 267, 265, 267,
    263, 263, 263, 266, 265, 264, 267, 264, 269, 268, 263, 267, 265, 263,
    266, 264, 262, 263, 266, 265, 264, 266, 263, 265, 262, 267, 263, 268,
    265, 265, 268, 267, 269, 269, 267, 269, 266, 268, 266, 269, 266, 271,
    268, 268, 268, 269, 270, 267, 266, 267, 267, 270, 271, 270, 267, 271,
    269, 266, 267, 267, 270 ]
headPositionsY: [ 74, 78, 76, 76, 77, 78, 76, 76, 76, 76, 75, 77, 73, 73,
    78, 76, 76, 74, 73, 73, 73, 74, 77, 78, 76, 80, 78, 85, 88, 90, 91,
    88, 87, 81, 79, 80, 80, 79, 80, 85, 90, 90, 92, 89, 83, 79, 79, 83,
    80, 84, 88, 93, 90, 92, 86, 85, 85, 81, 80, 85, 86, 91, 92, 90, 90,
    88, 84, 82, 78, 79, 81, 80, 83, 89, 90, 88, 92, 88, 83, 82, 78, 74,
    73, 71, 71, 73, 75, 73, 75, 73, 71, 76, 73, 76, 73, 74, 74, 74, 75,
    72 ]
