%YAML:1.0
---
videoName: "headNod17.mp4"
gestureLabel: 202
fps: 30
pixelSizeInCmTemp: 3.2808219178082193e-01
faceCenterPointX: 253
faceCenterPointY: 76
headPositionsX: [ 253, 255, 254, 253, 254, 257, 254, 254, 255, 254, 255,
    253, 256, 254, 254, 257, 253, 257, 255, 254, 255, 256, 255, 253, 253,
    257, 256, 254, 258, 256, 256, 254, 256, 255, 256, 255, 257, 254, 254,
    257, 255, 255, 251, 253, 252, 254, 252, 252, 253, 255, 252, 255, 256,
    253, 253, 254, 256, 252, 254, 253, 254, 256, 255, 257, 257, 257, 256,
    253, 255, 253, 256, 256, 254, 256, 256, 254, 255, 255, 254, 254, 251,
    255, 252, 253, 255, 252, 257, 256, 254, 256, 252, 257, 253, 253, 256,
    255, 256, 256, 256, 253 ]
headPositionsY: [ 74, 80, 77, 76, 75, 78, 79, 77, 74, 76, 77, 79, 78, 77,
    77, 77, 76, 76, 79, 75, 77, 77, 75, 74, 71, 70, 67, 69, 66, 67, 64,
    66, 67, 70, 67, 68, 71, 71, 73, 76, 77, 82, 83, 87, 84, 85, 83, 81,
    83, 77, 76, 78, 73, 73, 71, 70, 68, 66, 72, 70, 73, 72, 75, 76, 80,
    81, 82, 79, 82, 77, 79, 77, 75, 77, 76, 78, 77, 80, 77, 76, 75, 77,
    75, 74, 75, 74, 76, 79, 78, 76, 77, 75, 78, 77, 78, 76, 77, 77, 74,
    78 ]
