%YAML:1.0
---
videoName: "headNod23.mp4"
gestureLabel: 202
fps: 29
pixelSizeInCmTemp: 3.1933333333333330e-01
faceCenterPointX: 273
faceCenterPointY: 75
headPositionsX: [ 271, 272, 273, 276, 272, 274, 275, 274, 272, 274, 272,
    275, 273, 277, 274, 274, 274, 276, 272, 272, 272, 275, 272, 273, 274,
    275, 273, 274, 274, 273, 273, 276, 276, 273, 275, 275, 274, 275, 274,
    273, 272, 273, 273, 270, 274, 275, 272, 271, 271, 273, 275, 272, 275,
    273, 272, 273, 271, 273, 272, 274, 273, 274, 274, 276, 272, 275, 272,
    272, 275, 274, 272, 272, 276, 272, 275, 275, 271, 273, 271, 275, 273,
    275, 273, 275, 275, 274, 276, 273, 273, 272, 272, 274, 274, 276, 274,
    272, 275, 271, 273, 272 ]
headPositionsY: [ 74, 75, 78, 75, 77, 77, 75, 76, 77, 77, 74, 74, 77, 75,
    76, 77, 77, 78, 78, 77, 78, 77, 77, 75, 71, 74, 67, 69, 67, 65, 63,
    66, 68, 66, 70, 71, 72, 76, 79, 82, 80, 80, 80, 80, 79, 75, 72, 68,
    67, 68, 67, 71, 67, 69, 74, 77, 78, 79, 79, 78, 77, 75, 76, 74, 70,
    71, 69, 71, 70, 70, 72, 74, 75, 77, 78, 80, 80, 80, 79, 79, 76, 76,
    74, 71, 76, 72, 71, 72, 72, 73, 72, 75, 76, 77, 73, 76, 77, 74, 78,
    73 ]
