%YAML:1.0
---
videoName: "headNod4.mp4"
gestureLabel: 202
fps: 29
pixelSizeInCmTemp: 3.2808219178082193e-01
faceCenterPointX: 264
faceCenterPointY: 72
headPositionsX: [ 265, 269, 270, 270, 268, 269, 271, 269, 271, 272, 268,
    267, 272, 270, 267, 270, 270, 271, 268, 267, 270, 266, 270, 268, 265,
    269, 267, 268, 269, 268, 269, 265, 266, 266, 265, 269, 269, 268, 266,
    268, 266, 268, 267, 269, 269, 266, 265, 266, 269, 268, 267, 268, 265,
    266, 264, 266, 268, 265, 264, 266, 266, 264, 265, 268, 266, 263, 266,
    266, 264, 266, 263, 263, 263, 263, 264, 264, 266, 266, 266, 263, 265,
    265, 264, 262, 267, 268, 265, 264, 262, 264, 262, 266, 265, 263, 264,
    264, 263, 265, 263, 267 ]
headPositionsY: [ 74, 73, 72, 75, 73, 72, 73, 76, 76, 75, 73, 74, 75, 74,
    75, 74, 76, 74, 76, 72, 76, 72, 73, 76, 74, 73, 75, 77, 76, 75, 76,
    74, 77, 72, 77, 76, 75, 73, 77, 74, 76, 73, 72, 75, 74, 69, 69, 65,
    67, 67, 66, 69, 74, 73, 76, 82, 80, 83, 78, 75, 76, 72, 70, 70, 67,
    70, 75, 75, 78, 82, 81, 80, 79, 80, 77, 71, 69, 70, 69, 70, 70, 73,
    75, 74, 78, 81, 84, 83, 84, 80, 81, 81, 78, 76, 78, 76, 74, 75, 72,
    72 ]
