%YAML:1.0
---
videoName: "headNod7.mp4"
gestureLabel: 202
fps: 29
pixelSizeInCmTemp: 3.2808219178082193e-01
faceCenterPointX: 261
faceCenterPointY: 71
headPositionsX: [ 262, 264, 264, 264, 266, 262, 264, 265, 263, 261, 261,
    262, 262, 266, 260, 264, 262, 263, 264, 264, 262, 261, 263, 261, 262,
    261, 261, 261, 262, 263, 262, 262, 263, 260, 260, 261, 260, 262, 261,
    263, 259, 264, 262, 263, 263, 262, 260, 262, 260, 262, 262, 261, 264,
    260, 261, 262, 261, 264, 261, 262, 260, 261, 263, 261, 262, 263, 263,
    261, 260, 259, 259, 258, 262, 259, 262, 263, 263, 263, 264, 261, 261,
    263, 261, 260, 264, 262, 260, 264, 259, 260, 263, 263, 261, 261, 261,
    259, 260, 259, 262, 262 ]
headPositionsY: [ 73, 75, 74, 75, 77, 70, 75, 71, 73, 73, 72, 74, 75, 73,
    75, 76, 74, 73, 75, 72, 74, 74, 73, 77, 76, 77, 73, 76, 78, 74, 75,
    74, 73, 74, 73, 77, 73, 74, 73, 74, 75, 75, 78, 76, 77, 75, 77, 77,
    73, 70, 69, 71, 72, 72, 75, 73, 76, 82, 80, 76, 77, 70, 73, 70, 71,
    74, 73, 75, 81, 78, 76, 76, 72, 72, 73, 72, 70, 68, 71, 75, 75, 77,
    81, 76, 81, 78, 77, 74, 70, 74, 70, 69, 68, 72, 72, 71, 71, 71, 70,
    72 ]
