%YAML:1.0
---
videoName: "headNod6.mp4"
gestureLabel: 202
fps: 29
pixelSizeInCmTemp: 3.1513157894736843e-01
faceCenterPointX: 262
faceCenterPointY: 73
headPositionsX: [ 262, 264, 261, 262, 264, 263, 264, 264, 262, 260, 260,
    263, 260, 264, 261, 265, 265, 259, 263, 264, 263, 265, 263, 260, 262,
    261, 262, 263, 262, 262, 263, 264, 260, 263, 262, 265, 263, 264, 263,
    264, 263, 262, 262, 261, 263, 263, 262, 260, 259, 263, 263, 262, 259,
    260, 264, 264, 260, 260, 260, 259, 258, 259, 261, 262, 262, 262, 261,
    260, 262, 260, 263, 260, 261, 261, 260, 259, 263, 262, 263, 262, 262,
    264, 261, 260, 260, 259, 262, 263, 261, 261, 260, 259, 261, 262, 260,
    263, 264, 263, 262, 262 ]
headPositionsY: [ 75, 75, 71, 72, 72, 71, 75, 74, 75, 74, 73, 72, 74, 72,
    72, 75, 74, 75, 74, 75, 73, 73, 76, 72, 74, 73, 72, 73, 73, 76, 75,
    73, 73, 68, 68, 66, 67, 63, 65, 69, 72, 77, 79, 84, 86, 82, 77, 73,
    69, 69, 69, 71, 73, 74, 81, 81, 82, 80, 77, 74, 72, 68, 69, 68, 70,
    72, 76, 81, 83, 81, 79, 73, 74, 66, 66, 67, 65, 65, 70, 73, 78, 85,
    82, 81, 81, 80, 77, 73, 69, 72, 72, 69, 72, 73, 71, 74, 74, 73, 73,
    71 ]
