%YAML:1.0
---
videoName: "headNod3.mp4"
gestureLabel: 202
fps: 29
pixelSizeInCmTemp: 3.1933333333333330e-01
faceCenterPointX: 264
faceCenterPointY: 76
headPositionsX: [ 262, 266, 266, 261, 262, 262, 263, 263, 263, 266, 265,
    268, 264, 264, 267, 265, 264, 265, 264, 265, 262, 263, 263, 267, 267,
    263, 266, 263, 266, 266, 263, 266, 268, 264, 266, 264, 266, 266, 266,
    266, 265, 267, 264, 267, 264, 264, 265, 267, 268, 266, 264, 266, 264,
    264, 265, 265, 265, 264, 265, 263, 266, 265, 265, 262, 264, 265, 264,
    265, 261, 262, 263, 263, 265, 265, 262, 264, 261, 263, 261, 263, 265,
    263, 262, 266, 264, 262, 264, 264, 265, 265, 262, 264, 263, 266, 261,
    262, 264, 266, 263, 264 ]
headPositionsY: [ 77, 74, 77, 77, 76, 78, 74, 77, 76, 74, 73, 75, 75, 73,
    73, 75, 74, 73, 73, 75, 72, 72, 70, 71, 74, 71, 73, 73, 74, 75, 72,
    76, 75, 73, 74, 73, 73, 74, 77, 75, 74, 73, 75, 71, 74, 68, 69, 66,
    65, 65, 67, 69, 73, 74, 78, 82, 82, 81, 80, 79, 77, 73, 70, 68, 66,
    68, 71, 74, 75, 78, 80, 81, 80, 82, 79, 73, 73, 70, 65, 64, 67, 66,
    69, 70, 74, 77, 78, 79, 81, 78, 78, 76, 78, 75, 74, 77, 77, 75, 77,
    75 ]
