%YAML:1.0
---
videoName: "headNod35.mp4"
gestureLabel: 202
fps: 30
pixelSizeInCmTemp: 2.9937500000000000e-01
faceCenterPointX: 268
faceCenterPointY: 78
headPositionsX: [ 267, 265, 266, 269, 269, 271, 269, 272, 267, 268, 270,
    270, 270, 267, 270, 268, 271, 269, 269, 271, 267, 270, 268, 268, 271,
    271, 268, 267, 270, 272, 273, 269, 269, 272, 269, 270, 270, 267, 269,
    268, 267, 266, 266, 265, 269, 266, 268, 269, 269, 269, 272, 270, 271,
    268, 268, 270, 269, 266, 268, 266, 269, 267, 268, 268, 269, 271, 266,
    268, 270, 269, 267, 270, 269, 270, 267, 269, 270, 271, 267, 272, 266,
    267, 265, 267, 269, 267, 264, 266, 267, 264, 266, 268, 266, 268, 265,
    269, 269, 267, 270, 268 ]
headPositionsY: [ 79, 74, 73, 75, 74, 78, 78, 78, 74, 76, 78, 79, 76, 74,
    74, 77, 77, 75, 76, 78, 76, 77, 79, 76, 78, 74, 74, 71, 71, 68, 66,
    69, 69, 68, 69, 75, 80, 82, 89, 94, 95, 91, 88, 83, 79, 75, 75, 76,
    76, 73, 76, 81, 85, 89, 89, 89, 87, 86, 79, 82, 76, 72, 73, 75, 73,
    76, 76, 81, 82, 85, 88, 87, 81, 80, 74, 74, 72, 73, 76, 78, 81, 83,
    86, 88, 85, 85, 81, 83, 79, 78, 80, 79, 81, 77, 76, 80, 81, 76, 80,
    77 ]
