%YAML:1.0
---
videoName: "headNod32.mp4"
gestureLabel: 202
fps: 29
pixelSizeInCmTemp: 2.8855421686746985e-01
faceCenterPointX: 266
faceCenterPointY: 74
headPositionsX: [ 266, 268, 268, 270, 270, 269, 266, 267, 267, 265, 264,
    263, 265, 263, 264, 267, 268, 265, 266, 266, 264, 266, 267, 266, 266,
    267, 267, 268, 268, 266, 269, 268, 265, 266, 269, 268, 268, 269, 268,
    270, 267, 266, 267, 265, 269, 266, 269, 266, 269, 268, 267, 267, 266,
    267, 266, 266, 265, 268, 265, 268, 265, 268, 268, 267, 267, 266, 270,
    267, 266, 268, 265, 267, 268, 264, 267, 265, 267, 265, 268, 264, 267,
    264, 267, 267, 267, 268, 265, 265, 268, 269, 269, 265, 266, 268, 266,
    267, 265, 268, 269, 266 ]
headPositionsY: [ 73, 77, 76, 78, 80, 78, 79, 80, 78, 76, 78, 79, 77, 78,
    75, 80, 76, 77, 77, 75, 78, 79, 78, 79, 78, 80, 77, 78, 77, 78, 81,
    79, 80, 78, 79, 76, 78, 79, 78, 80, 77, 77, 75, 78, 79, 78, 76, 78,
    78, 77, 78, 79, 76, 78, 77, 74, 73, 73, 77, 74, 70, 70, 65, 65, 64,
    66, 66, 72, 79, 81, 87, 86, 87, 84, 85, 81, 77, 74, 73, 73, 71, 70,
    71, 72, 71, 72, 73, 72, 75, 73, 76, 75, 77, 74, 74, 73, 77, 75, 73,
    75 ]
