%YAML:1.0
---
videoName: "headNod3.mp4"
gestureLabel: 202
fps: 29
pixelSizeInCmTemp: 3.1933333333333330e-01
faceCenterPointX: 264
faceCenterPointY: 76
headPositionsX: [ 262, 264, 262, 261, 262, 261, 263, 263, 267, 263, 265,
    268, 264, 268, 267, 264, 266, 264, 265, 267, 266, 266, 264, 263, 263,
    265, 263, 264, 264, 264, 267, 268, 265, 268, 264, 266, 267, 268, 268,
    264, 267, 266, 265, 267, 264, 265, 263, 265, 266, 263, 268, 267, 266,
    265, 266, 264, 262, 266, 261, 265, 262, 265, 262, 262, 264, 265, 265,
    263, 263, 266, 265, 266, 261, 262, 262, 263, 265, 266, 264, 265, 263,
    265, 265, 266, 265, 265, 266, 261, 265, 262, 265, 264, 265, 262, 262,
    263, 266, 266, 264, 266 ]
headPositionsY: [ 75, 76, 75, 78, 78, 75, 77, 74, 75, 76, 74, 72, 75, 73,
    72, 73, 71, 74, 75, 72, 72, 71, 71, 75, 71, 75, 73, 76, 76, 77, 73,
    73, 73, 75, 74, 75, 75, 75, 77, 75, 76, 75, 73, 72, 74, 69, 70, 68,
    68, 64, 68, 68, 71, 77, 78, 82, 81, 81, 82, 77, 77, 70, 69, 69, 68,
    68, 67, 73, 72, 79, 81, 84, 79, 82, 79, 73, 70, 67, 66, 66, 66, 69,
    68, 72, 73, 76, 77, 77, 78, 82, 76, 76, 79, 76, 76, 78, 74, 74, 73,
    77 ]
