%YAML:1.0
---
videoName: "headNod13.mp4"
gestureLabel: 202
fps: 29
pixelSizeInCmTemp: 3.2364864864864862e-01
faceCenterPointX: 253
faceCenterPointY: 79
headPositionsX: [ 252, 252, 254, 255, 254, 253, 253, 251, 253, 253, 252,
    256, 255, 255, 256, 252, 255, 253, 257, 255, 257, 254, 256, 255, 252,
    253, 253, 252, 253, 254, 252, 255, 255, 252, 256, 253, 251, 251, 252,
    253, 253, 255, 253, 252, 251, 254, 251, 252, 255, 254, 254, 255, 254,
    252, 253, 252, 256, 251, 256, 252, 253, 255, 253, 254, 253, 252, 252,
    256, 256, 251, 255, 255, 253, 252, 255, 257, 252, 254, 256, 253, 254,
    257, 254, 254, 254, 255, 253, 253, 252, 255, 257, 254, 254, 252, 254,
    254, 254, 252, 253, 253 ]
headPositionsY: [ 78, 75, 71, 76, 72, 71, 75, 75, 75, 73, 74, 72, 71, 71,
    74, 72, 73, 72, 72, 75, 72, 74, 74, 75, 74, 73, 74, 73, 75, 75, 71,
    73, 74, 75, 74, 73, 74, 75, 75, 71, 73, 73, 73, 74, 73, 72, 75, 75,
    74, 74, 70, 71, 67, 68, 68, 72, 74, 74, 76, 78, 78, 79, 75, 77, 75,
    69, 68, 70, 69, 70, 74, 71, 76, 74, 79, 77, 79, 76, 76, 77, 71, 74,
    71, 71, 72, 75, 78, 77, 81, 78, 81, 81, 81, 80, 80, 80, 77, 79, 79,
    78 ]
