%YAML:1.0
---
videoName: "headNod45.mp4"
gestureLabel: 202
fps: 30
pixelSizeInCmTemp: 3.0316455696202532e-01
faceCenterPointX: 265
faceCenterPointY: 77
headPositionsX: [ 267, 266, 268, 266, 265, 268, 268, 269, 266, 268, 267,
    266, 267, 270, 268, 265, 268, 265, 270, 265, 270, 267, 267, 266, 266,
    268, 269, 266, 267, 264, 265, 265, 266, 267, 266, 266, 266, 266, 268,
    268, 267, 263, 263, 263, 265, 263, 266, 264, 268, 268, 265, 266, 268,
    266, 268, 267, 269, 269, 265, 264, 269, 269, 263, 267, 265, 268, 265,
    267, 267, 268, 268, 265, 266, 266, 267, 266, 265, 265, 265, 266, 264,
    265, 265, 265, 265, 268, 266, 267, 265, 265, 263, 266, 266, 266, 265,
    268, 266, 265, 265, 264 ]
headPositionsY: [ 79, 74, 77, 76, 75, 77, 77, 76, 75, 76, 77, 73, 75, 77,
    74, 77, 74, 77, 79, 82, 87, 88, 91, 95, 92, 90, 90, 85, 79, 78, 75,
    73, 67, 64, 65, 68, 66, 69, 75, 76, 80, 87, 88, 93, 91, 90, 89, 84,
    81, 77, 75, 74, 71, 72, 76, 77, 77, 80, 84, 88, 87, 85, 79, 80, 74,
    74, 73, 74, 72, 74, 76, 78, 83, 85, 89, 88, 88, 86, 81, 81, 76, 76,
    76, 79, 77, 78, 80, 82, 82, 79, 81, 76, 78, 80, 78, 79, 76, 78, 76,
    79 ]
