%YAML:1.0
---
videoName: "headNod20.mp4"
gestureLabel: 202
fps: 30
pixelSizeInCmTemp: 3.2808219178082193e-01
faceCenterPointX: 253
faceCenterPointY: 80
headPositionsX: [ 254, 258, 254, 256, 255, 254, 253, 258, 255, 254, 254,
    256, 254, 254, 258, 257, 258, 255, 255, 256, 253, 255, 257, 257, 255,
    256, 258, 254, 256, 254, 255, 253, 257, 255, 257, 254, 252, 253, 255,
    254, 254, 253, 253, 253, 256, 251, 254, 251, 253, 254, 255, 250, 250,
    251, 251, 253, 250, 254, 249, 250, 252, 253, 252, 251, 252, 254, 251,
    251, 254, 252, 253, 254, 254, 250, 252, 252, 252, 251, 251, 252, 250,
    251, 253, 252, 255, 251, 254, 252, 251, 255, 252, 255, 250, 253, 251,
    251, 251, 252, 254, 253 ]
headPositionsY: [ 79, 76, 76, 79, 79, 80, 80, 79, 80, 80, 79, 76, 76, 80,
    79, 75, 78, 80, 80, 79, 78, 76, 78, 77, 79, 80, 79, 80, 82, 83, 82,
    86, 85, 87, 87, 85, 78, 76, 76, 70, 70, 72, 74, 76, 76, 79, 85, 87,
    87, 86, 88, 83, 81, 79, 78, 77, 75, 80, 82, 80, 83, 82, 82, 78, 79,
    79, 82, 78, 82, 82, 80, 81, 76, 79, 79, 81, 79, 79, 81, 81, 82, 81,
    81, 78, 79, 81, 82, 79, 80, 79, 81, 80, 82, 81, 78, 81, 82, 79, 80,
    83 ]
