%YAML:1.0
---
videoName: "headNod44.mp4"
gestureLabel: 202
fps: 29
pixelSizeInCmTemp: 2.9567901234567900e-01
faceCenterPointX: 268
faceCenterPointY: 78
headPositionsX: [ 268, 270, 267, 272, 270, 271, 267, 270, 270, 269, 269,
    270, 269, 268, 269, 268, 269, 269, 270, 268, 268, 269, 269, 267, 268,
    269, 267, 269, 266, 265, 266, 269, 269, 267, 269, 268, 268, 266, 266,
    267, 268, 267, 265, 267, 268, 267, 268, 266, 267, 266, 265, 266, 265,
    269, 266, 267, 267, 270, 269, 268, 268, 268, 265, 268, 269, 265, 267,
    268, 269, 267, 267, 268, 272, 268, 268, 270, 268, 271, 270, 269, 267,
    270, 267, 267, 269, 269, 267, 270, 266, 270, 270, 269, 266, 268, 265,
    267, 269, 269, 267, 268 ]
headPositionsY: [ 80, 76, 74, 75, 73, 76, 73, 75, 73, 75, 76, 74, 74, 75,
    77, 76, 74, 79, 77, 84, 84, 88, 92, 92, 97, 95, 89, 84, 82, 73, 73,
    68, 70, 69, 73, 75, 78, 84, 88, 86, 86, 83, 78, 75, 74, 73, 75, 74,
    76, 79, 84, 87, 93, 86, 89, 84, 78, 78, 74, 73, 74, 75, 77, 82, 86,
    84, 85, 79, 81, 77, 78, 75, 77, 80, 79, 80, 83, 87, 89, 85, 85, 82,
    78, 81, 78, 78, 76, 78, 75, 78, 79, 81, 80, 76, 78, 76, 76, 76, 76,
    76 ]
