%YAML:1.0
---
videoName: "headNod33.mp4"
gestureLabel: 202
fps: 29
pixelSizeInCmTemp: 2.9567901234567900e-01
faceCenterPointX: 268
faceCenterPointY: 74
headPositionsX: [ 267, 266, 268, 267, 269, 270, 270, 271, 270, 268, 271,
    268, 270, 271, 271, 270, 271, 270, 270, 271, 273, 269, 271, 271, 268,
    268, 268, 268, 271, 267, 268, 270, 269, 267, 270, 271, 268, 269, 269,
    270, 267, 269, 268, 269, 269, 268, 268, 272, 271, 267, 270, 266, 270,
    267, 266, 269, 265, 267, 265, 268, 265, 269, 268, 267, 265, 266, 269,
    266, 269, 269, 266, 266, 268, 267, 269, 269, 271, 267, 267, 270, 267,
    270, 269, 269, 269, 265, 269, 265, 265, 265, 270, 267, 268, 268, 268,
    268, 266, 270, 270, 268 ]
headPositionsY: [ 72, 71, 71, 69, 70, 70, 72, 73, 71, 71, 70, 73, 71, 72,
    70, 70, 73, 70, 74, 69, 73, 72, 70, 70, 72, 72, 70, 71, 74, 73, 72,
    75, 71, 75, 75, 74, 75, 76, 75, 70, 66, 69, 63, 64, 67, 67, 71, 76,
    77, 83, 81, 82, 82, 75, 75, 75, 70, 70, 70, 70, 69, 69, 71, 71, 76,
    78, 78, 76, 79, 79, 75, 74, 73, 72, 70, 71, 69, 71, 71, 76, 76, 78,
    80, 77, 80, 77, 75, 77, 77, 78, 73, 73, 73, 76, 74, 77, 74, 75, 74,
    76 ]
