%YAML:1.0
---
videoName: "headNod17.mp4"
gestureLabel: 202
fps: 30
pixelSizeInCmTemp: 3.2808219178082193e-01
faceCenterPointX: 253
faceCenterPointY: 76
headPositionsX: [ 254, 256, 255, 254, 256, 255, 257, 257, 257, 253, 253,
    256, 255, 254, 254, 257, 257, 256, 255, 254, 256, 253, 255, 253, 254,
    255, 256, 257, 258, 257, 253, 258, 255, 258, 254, 256, 255, 254, 255,
    256, 255, 254, 252, 251, 251, 252, 252, 254, 254, 254, 252, 254, 252,
    255, 256, 251, 257, 255, 255, 256, 256, 254, 256, 257, 257, 256, 256,
    254, 257, 255, 256, 254, 253, 256, 254, 255, 254, 252, 251, 253, 252,
    256, 252, 254, 255, 254, 257, 253, 253, 255, 256, 253, 253, 254, 254,
    256, 257, 254, 253, 257 ]
headPositionsY: [ 78, 78, 77, 75, 78, 79, 79, 79, 77, 78, 75, 78, 78, 78,
    77, 76, 75, 75, 78, 76, 75, 77, 74, 74, 70, 72, 70, 69, 70, 68, 64,
    64, 70, 68, 67, 69, 73, 73, 76, 76, 79, 80, 83, 83, 83, 83, 85, 84,
    81, 80, 79, 77, 75, 73, 72, 71, 71, 69, 68, 69, 69, 73, 74, 74, 79,
    77, 81, 78, 81, 81, 77, 77, 78, 75, 78, 78, 77, 79, 81, 80, 77, 76,
    75, 77, 76, 77, 76, 76, 77, 76, 79, 76, 76, 76, 80, 74, 80, 75, 76,
    79 ]
