%YAML:1.0
---
videoName: "headNod41.mp4"
gestureLabel: 202
fps: 29
pixelSizeInCmTemp: 2.9937500000000000e-01
faceCenterPointX: 267
faceCenterPointY: 76
headPositionsX: [ 269, 267, 271, 268, 268, 272, 271, 268, 272, 270, 271,
    269, 272, 269, 272, 272, 271, 271, 269, 272, 269, 270, 271, 271, 269,
    270, 271, 271, 267, 270, 270, 271, 272, 268, 270, 270, 268, 271, 272,
    270, 269, 270, 268, 269, 267, 268, 271, 268, 270, 266, 267, 270, 269,
    270, 268, 271, 268, 268, 268, 269, 267, 267, 269, 271, 267, 267, 270,
    270, 270, 270, 268, 265, 269, 268, 270, 266, 268, 265, 265, 269, 267,
    269, 270, 265, 267, 267, 266, 267, 267, 270, 268, 268, 266, 265, 265,
    266, 269, 269, 266, 267 ]
headPositionsY: [ 78, 72, 71, 71, 72, 72, 74, 73, 71, 71, 71, 73, 74, 76,
    76, 73, 72, 72, 73, 76, 75, 72, 72, 75, 76, 76, 76, 76, 72, 74, 75,
    72, 72, 72, 73, 74, 74, 74, 78, 77, 79, 84, 86, 86, 92, 92, 92, 86,
    86, 76, 79, 68, 68, 68, 64, 67, 67, 68, 71, 76, 81, 86, 92, 92, 91,
    91, 84, 82, 78, 74, 76, 69, 72, 72, 71, 76, 81, 82, 82, 84, 80, 80,
    77, 75, 74, 76, 76, 75, 74, 75, 79, 81, 77, 80, 77, 77, 79, 76, 75,
    79 ]
