%YAML:1.0
---
videoName: "headNod45.mp4"
gestureLabel: 202
fps: 30
pixelSizeInCmTemp: 3.0316455696202532e-01
faceCenterPointX: 265
faceCenterPointY: 77
headPositionsX: [ 267, 267, 267, 266, 265, 270, 270, 267, 267, 269, 267,
    267, 269, 268, 266, 266, 267, 265, 270, 268, 266, 266, 268, 270, 267,
    266, 269, 264, 265, 268, 268, 267, 265, 264, 264, 265, 264, 264, 265,
    267, 268, 266, 264, 263, 266, 266, 267, 266, 264, 267, 265, 267, 265,
    269, 268, 267, 268, 269, 269, 266, 266, 269, 264, 264, 265, 268, 265,
    269, 266, 268, 268, 268, 268, 266, 264, 265, 264, 267, 268, 265, 267,
    265, 266, 268, 265, 266, 268, 265, 267, 267, 267, 268, 268, 265, 264,
    266, 267, 265, 266, 267 ]
headPositionsY: [ 79, 76, 74, 75, 77, 77, 77, 75, 76, 75, 76, 77, 75, 74,
    75, 76, 76, 77, 79, 82, 87, 87, 90, 93, 93, 94, 89, 87, 81, 79, 73,
    75, 70, 66, 67, 68, 66, 68, 75, 80, 82, 85, 89, 93, 90, 91, 87, 85,
    80, 78, 76, 73, 73, 72, 76, 75, 77, 83, 86, 85, 87, 82, 83, 77, 76,
    75, 73, 74, 74, 75, 76, 78, 85, 89, 86, 89, 84, 86, 80, 78, 76, 75,
    75, 76, 76, 80, 79, 80, 80, 81, 81, 79, 78, 76, 80, 79, 76, 76, 76,
    79 ]
