%YAML:1.0
---
videoName: "headNod28.mp4"
gestureLabel: 202
fps: 30
pixelSizeInCmTemp: 3.2364864864864862e-01
faceCenterPointX: 270
faceCenterPointY: 76
headPositionsX: [ 268, 269, 273, 273, 271, 274, 273, 269, 270, 271, 273,
    272, 271, 272, 268, 271, 270, 271, 269, 271, 273, 270, 269, 269, 269,
    270, 270, 269, 272, 269, 271, 271, 269, 272, 272, 270, 271, 271, 270,
    268, 271, 269, 271, 270, 268, 271, 267, 271, 271, 269, 269, 272, 270,
    273, 271, 273, 271, 273, 268, 271, 270, 272, 270, 272, 271, 269, 269,
    269, 269, 273, 273, 272, 273, 271, 270, 272, 274, 272, 272, 272, 273,
    270, 270, 271, 271, 272, 273, 273, 269, 273, 270, 272, 273, 269, 273,
    270, 268, 272, 272, 268 ]
headPositionsY: [ 78, 76, 77, 75, 76, 73, 72, 74, 75, 75, 75, 77, 76, 76,
    76, 76, 72, 73, 73, 73, 74, 73, 73, 73, 75, 72, 75, 76, 74, 73, 76,
    75, 75, 74, 76, 72, 74, 73, 73, 76, 73, 79, 79, 82, 82, 83, 83, 78,
    79, 76, 74, 73, 74, 70, 72, 69, 70, 72, 76, 80, 80, 80, 82, 80, 79,
    77, 73, 73, 74, 70, 71, 77, 79, 78, 79, 81, 78, 78, 73, 71, 75, 72,
    75, 76, 74, 77, 80, 77, 76, 78, 76, 76, 75, 77, 75, 79, 75, 75, 76,
    78 ]
