%YAML:1.0
---
videoName: "headNod26.mp4"
gestureLabel: 202
fps: 29
pixelSizeInCmTemp: 3.1513157894736843e-01
faceCenterPointX: 271
faceCenterPointY: 78
headPositionsX: [ 272, 272, 274, 272, 273, 273, 270, 271, 274, 272, 274,
    271, 274, 271, 274, 270, 272, 270, 273, 271, 274, 274, 271, 272, 274,
    273, 270, 270, 272, 274, 270, 269, 272, 269, 271, 271, 273, 271, 273,
    271, 272, 270, 274, 271, 274, 271, 269, 271, 271, 270, 269, 275, 271,
    274, 269, 271, 274, 269, 272, 273, 273, 271, 270, 274, 274, 275, 273,
    271, 270, 274, 274, 274, 270, 270, 271, 271, 271, 269, 269, 270, 270,
    273, 271, 271, 272, 273, 271, 270, 270, 273, 269, 270, 272, 273, 272,
    268, 273, 272, 272, 273 ]
headPositionsY: [ 79, 74, 74, 71, 74, 73, 72, 68, 68, 69, 66, 64, 66, 66,
    66, 66, 69, 70, 72, 75, 80, 80, 82, 84, 84, 79, 78, 75, 74, 70, 70,
    68, 67, 69, 72, 70, 71, 74, 77, 78, 80, 79, 80, 73, 74, 69, 67, 68,
    69, 71, 69, 72, 74, 76, 77, 79, 75, 75, 72, 71, 71, 69, 66, 66, 67,
    68, 68, 68, 72, 72, 76, 77, 76, 74, 75, 76, 71, 72, 71, 68, 66, 69,
    72, 69, 72, 76, 76, 77, 76, 80, 78, 77, 78, 79, 75, 76, 77, 78, 78,
    76 ]
