%YAML:1.0
---
videoName: "headNod37.mp4"
gestureLabel: 202
fps: 29
pixelSizeInCmTemp: 2.9207317073170730e-01
faceCenterPointX: 269
faceCenterPointY: 78
headPositionsX: [ 267, 272, 269, 270, 272, 268, 269, 268, 272, 269, 271,
    272, 271, 270, 268, 269, 268, 268, 267, 270, 270, 268, 270, 268, 268,
    269, 270, 268, 266, 270, 272, 271, 270, 271, 269, 270, 271, 271, 271,
    272, 270, 268, 269, 268, 271, 271, 269, 267, 269, 270, 270, 267, 268,
    271, 268, 272, 269, 270, 271, 267, 269, 268, 270, 266, 265, 266, 266,
    266, 264, 266, 269, 264, 267, 266, 268, 270, 270, 269, 267, 270, 271,
    269, 271, 270, 270, 269, 268, 272, 270, 271, 269, 268, 268, 270, 269,
    268, 270, 269, 267, 270 ]
headPositionsY: [ 77, 77, 74, 78, 74, 73, 75, 74, 76, 77, 76, 75, 74, 77,
    78, 75, 76, 77, 73, 75, 74, 77, 78, 73, 75, 74, 73, 76, 76, 78, 74,
    78, 74, 77, 75, 74, 77, 78, 76, 75, 74, 75, 75, 76, 74, 77, 77, 74,
    77, 76, 73, 72, 74, 71, 69, 67, 63, 67, 69, 69, 70, 70, 80, 85, 85,
    88, 89, 88, 84, 79, 75, 73, 68, 69, 67, 65, 67, 66, 68, 67, 73, 75,
    76, 80, 81, 82, 81, 80, 79, 81, 78, 79, 80, 77, 80, 76, 77, 76, 78,
    77 ]
