%YAML:1.0
---
videoName: "headNod48.mp4"
gestureLabel: 202
fps: 29
pixelSizeInCmTemp: 2.8855421686746985e-01
faceCenterPointX: 264
faceCenterPointY: 72
headPositionsX: [ 262, 263, 264, 267, 266, 264, 265, 264, 266, 262, 265,
    266, 266, 265, 263, 261, 265, 263, 262, 263, 259, 260, 261, 258, 258,
    260, 260, 261, 261, 262, 261, 262, 263, 260, 263, 262, 263, 260, 265,
    263, 262, 261, 263, 261, 261, 261, 260, 259, 261, 263, 262, 264, 260,
    261, 259, 262, 261, 264, 261, 259, 261, 263, 265, 265, 264, 263, 263,
    262, 263, 262, 262, 263, 263, 266, 263, 267, 267, 263, 264, 267, 266,
    263, 266, 264, 266, 267, 267, 264, 265, 263, 266, 263, 266, 268, 264,
    263, 265, 265, 266, 263 ]
headPositionsY: [ 70, 75, 78, 80, 79, 74, 76, 69, 66, 65, 65, 61, 60, 65,
    66, 68, 77, 78, 84, 88, 88, 88, 82, 83, 79, 74, 68, 67, 68, 62, 62,
    68, 66, 64, 68, 73, 73, 77, 80, 80, 81, 84, 80, 78, 79, 76, 74, 72,
    70, 69, 70, 72, 75, 77, 78, 81, 76, 78, 72, 70, 70, 68, 69, 74, 72,
    77, 73, 79, 79, 74, 77, 72, 72, 71, 72, 68, 68, 72, 72, 75, 75, 76,
    73, 74, 73, 71, 71, 72, 74, 71, 72, 71, 72, 74, 73, 71, 74, 70, 72,
    72 ]
