%YAML:1.0
---
videoName: "headNod21.mp4"
gestureLabel: 202
fps: 29
pixelSizeInCmTemp: 3.2808219178082193e-01
faceCenterPointX: 253
faceCenterPointY: 78
headPositionsX: [ 251, 254, 255, 254, 254, 255, 254, 255, 256, 255, 253,
    254, 254, 255, 256, 256, 256, 255, 254, 254, 253, 257, 254, 257, 256,
    256, 254, 256, 255, 253, 257, 256, 255, 257, 254, 257, 254, 257, 257,
    255, 256, 256, 258, 257, 256, 257, 254, 257, 254, 254, 253, 254, 253,
    253, 256, 254, 254, 253, 256, 252, 255, 251, 255, 251, 254, 253, 251,
    252, 251, 253, 251, 253, 251, 251, 249, 248, 248, 251, 251, 252, 251,
    253, 248, 253, 250, 253, 253, 251, 253, 252, 255, 253, 251, 251, 255,
    256, 253, 255, 255, 256 ]
headPositionsY: [ 80, 78, 80, 77, 77, 76, 78, 78, 80, 76, 76, 77, 76, 79,
    76, 77, 77, 80, 76, 77, 79, 77, 78, 78, 78, 77, 80, 81, 82, 79, 84,
    84, 84, 82, 79, 77, 77, 76, 77, 79, 80, 82, 83, 86, 84, 82, 79, 79,
    76, 79, 78, 81, 86, 84, 82, 82, 78, 76, 79, 77, 78, 81, 84, 82, 82,
    81, 78, 80, 77, 77, 77, 78, 81, 80, 80, 84, 80, 78, 80, 79, 76, 76,
    76, 77, 81, 77, 79, 77, 81, 77, 79, 80, 79, 81, 76, 82, 76, 81, 81,
    79 ]
