%YAML:1.0
---
videoName: "headNod2.mp4"
gestureLabel: 202
fps: 29
pixelSizeInCmTemp: 3.2364864864864862e-01
faceCenterPointX: 263
faceCenterPointY: 70
headPositionsX: [ 261, 261, 261, 262, 261, 263, 263, 262, 265, 264, 261,
    264, 264, 265, 266, 262, 265, 262, 266, 265, 266, 265, 265, 263, 260,
    265, 262, 262, 264, 263, 261, 263, 264, 262, 260, 260, 260, 263, 262,
    261, 263, 261, 261, 261, 263, 260, 264, 261, 263, 263, 261, 263, 263,
    261, 260, 264, 265, 262, 262, 260, 261, 262, 263, 263, 264, 262, 261,
    262, 264, 264, 263, 260, 264, 264, 263, 263, 261, 262, 263, 261, 261,
    265, 263, 263, 264, 261, 262, 263, 263, 262, 262, 261, 263, 262, 263,
    265, 261, 265, 266, 264 ]
headPositionsY: [ 70, 76, 76, 74, 77, 75, 73, 77, 78, 77, 76, 76, 75, 76,
    76, 74, 73, 77, 74, 76, 75, 77, 77, 75, 73, 74, 75, 72, 75, 74, 73,
    76, 75, 72, 75, 74, 77, 72, 76, 74, 75, 72, 76, 73, 75, 75, 77, 76,
    74, 72, 69, 72, 72, 71, 77, 77, 81, 80, 74, 70, 73, 71, 71, 76, 73,
    74, 75, 70, 68, 72, 71, 70, 73, 79, 76, 74, 76, 71, 69, 71, 73, 76,
    75, 79, 75, 75, 72, 73, 67, 72, 71, 71, 70, 70, 72, 70, 72, 70, 68,
    68 ]
