%YAML:1.0
---
videoName: "headNod35.mp4"
gestureLabel: 202
fps: 30
pixelSizeInCmTemp: 2.9937500000000000e-01
faceCenterPointX: 268
faceCenterPointY: 78
headPositionsX: [ 270, 267, 268, 266, 270, 271, 270, 271, 271, 269, 272,
    270, 272, 268, 269, 268, 270, 268, 268, 268, 267, 271, 272, 268, 268,
    272, 271, 271, 272, 269, 269, 271, 271, 270, 271, 268, 272, 268, 268,
    266, 267, 268, 265, 265, 269, 269, 270, 270, 268, 267, 271, 270, 267,
    267, 268, 270, 270, 268, 269, 269, 270, 270, 266, 267, 271, 270, 267,
    266, 269, 270, 268, 267, 267, 271, 270, 267, 269, 269, 267, 268, 268,
    268, 268, 270, 268, 264, 265, 267, 265, 268, 265, 269, 269, 269, 266,
    265, 268, 268, 266, 265 ]
headPositionsY: [ 80, 76, 74, 77, 75, 77, 75, 76, 76, 79, 75, 77, 76, 74,
    78, 78, 79, 74, 78, 75, 75, 75, 77, 76, 75, 75, 77, 70, 69, 69, 66,
    69, 69, 72, 68, 76, 78, 83, 90, 90, 93, 89, 90, 86, 80, 76, 77, 74,
    75, 75, 75, 78, 83, 87, 88, 88, 88, 85, 81, 80, 74, 71, 72, 75, 72,
    74, 76, 80, 84, 85, 85, 83, 80, 81, 76, 76, 75, 73, 78, 76, 81, 83,
    85, 87, 84, 86, 83, 81, 79, 79, 80, 81, 79, 78, 76, 77, 78, 77, 80,
    78 ]
