%YAML:1.0
---
videoName: "headNod18.mp4"
gestureLabel: 202
fps: 29
pixelSizeInCmTemp: 3.3263888888888887e-01
faceCenterPointX: 255
faceCenterPointY: 77
headPositionsX: [ 257, 259, 258, 254, 259, 255, 259, 258, 258, 255, 254,
    257, 256, 254, 255, 253, 255, 257, 253, 254, 253, 257, 255, 256, 254,
    255, 256, 253, 255, 252, 254, 254, 254, 255, 257, 258, 256, 257, 256,
    254, 257, 253, 253, 256, 253, 258, 258, 256, 254, 253, 253, 254, 253,
    256, 252, 255, 252, 255, 254, 256, 253, 254, 257, 252, 257, 252, 256,
    255, 256, 252, 255, 253, 255, 253, 255, 254, 254, 256, 253, 252, 252,
    254, 253, 252, 256, 252, 254, 255, 255, 255, 254, 255, 256, 257, 253,
    252, 257, 254, 256, 254 ]
headPositionsY: [ 76, 77, 75, 78, 77, 79, 77, 76, 76, 78, 75, 79, 77, 77,
    79, 78, 79, 78, 77, 80, 77, 77, 78, 79, 78, 80, 81, 76, 77, 79, 79,
    76, 79, 79, 80, 79, 78, 78, 79, 76, 77, 75, 73, 70, 73, 71, 69, 72,
    74, 77, 77, 79, 80, 84, 78, 82, 78, 74, 71, 70, 75, 76, 75, 77, 83,
    85, 79, 77, 74, 72, 76, 75, 78, 80, 84, 85, 84, 80, 75, 76, 75, 77,
    73, 75, 78, 82, 84, 83, 81, 81, 80, 78, 77, 75, 79, 75, 77, 80, 78,
    79 ]
