%YAML:1.0
---
videoName: "headNod10.mp4"
gestureLabel: 202
fps: 29
pixelSizeInCmTemp: 3.2808219178082193e-01
faceCenterPointX: 260
faceCenterPointY: 67
headPositionsX: [ 260, 257, 260, 259, 258, 256, 258, 258, 257, 257, 257,
    257, 257, 257, 258, 259, 258, 259, 261, 259, 260, 260, 259, 261, 259,
    259, 260, 260, 260, 259, 259, 261, 258, 260, 257, 261, 258, 259, 257,
    261, 260, 261, 257, 257, 259, 261, 260, 261, 263, 259, 263, 260, 260,
    259, 259, 261, 259, 260, 258, 260, 263, 261, 261, 260, 259, 261, 262,
    260, 261, 259, 256, 256, 257, 257, 259, 257, 260, 257, 260, 261, 257,
    261, 257, 258, 260, 257, 257, 259, 261, 257, 260, 258, 261, 260, 258,
    259, 261, 261, 262, 260 ]
headPositionsY: [ 67, 69, 68, 69, 72, 70, 72, 69, 68, 72, 72, 71, 70, 70,
    72, 70, 72, 68, 68, 68, 69, 70, 69, 72, 69, 72, 72, 72, 68, 68, 68,
    69, 69, 73, 72, 70, 70, 68, 72, 70, 73, 72, 73, 68, 70, 67, 66, 62,
    62, 65, 65, 66, 70, 71, 75, 76, 71, 69, 69, 65, 67, 63, 63, 67, 64,
    69, 69, 72, 75, 75, 75, 73, 68, 64, 67, 66, 67, 66, 71, 70, 74, 78,
    74, 74, 71, 70, 68, 68, 68, 67, 67, 67, 67, 66, 68, 64, 66, 68, 65,
    67 ]
