%YAML:1.0
---
videoName: "headNod18.mp4"
gestureLabel: 202
fps: 29
pixelSizeInCmTemp: 3.3263888888888887e-01
faceCenterPointX: 255
faceCenterPointY: 77
headPositionsX: [ 253, 256, 257, 258, 255, 256, 257, 254, 259, 257, 255,
    259, 255, 255, 257, 255, 256, 254, 256, 255, 257, 257, 253, 257, 253,
    255, 257, 257, 256, 255, 257, 254, 257, 255, 253, 258, 254, 256, 256,
    256, 257, 254, 255, 255, 255, 257, 258, 253, 258, 257, 252, 253, 253,
    255, 252, 256, 256, 254, 256, 255, 252, 255, 253, 252, 256, 255, 252,
    255, 255, 252, 254, 255, 252, 253, 255, 256, 254, 253, 255, 252, 253,
    253, 253, 255, 252, 252, 254, 254, 257, 257, 253, 253, 252, 253, 253,
    253, 254, 254, 255, 257 ]
headPositionsY: [ 79, 80, 75, 77, 76, 76, 75, 78, 75, 75, 75, 79, 76, 77,
    78, 78, 80, 76, 80, 76, 75, 76, 77, 80, 80, 80, 79, 78, 81, 76, 80,
    78, 77, 78, 78, 77, 80, 78, 76, 79, 74, 73, 72, 73, 71, 70, 73, 71,
    76, 74, 74, 80, 80, 80, 81, 81, 76, 75, 70, 73, 75, 75, 76, 81, 84,
    81, 79, 77, 73, 72, 72, 74, 77, 79, 83, 81, 82, 82, 78, 74, 74, 78,
    77, 76, 78, 82, 82, 81, 82, 80, 77, 75, 75, 79, 76, 77, 77, 80, 78,
    76 ]
