%YAML:1.0
---
videoName: "headNod32.mp4"
gestureLabel: 202
fps: 29
pixelSizeInCmTemp: 2.8855421686746985e-01
faceCenterPointX: 266
faceCenterPointY: 74
headPositionsX: [ 266, 271, 270, 267, 270, 266, 266, 269, 265, 267, 266,
    264, 267, 264, 267, 267, 265, 265, 267, 267, 268, 267, 265, 266, 267,
    266, 266, 265, 266, 265, 268, 265, 267, 268, 265, 265, 269, 266, 268,
    270, 266, 269, 269, 268, 269, 265, 270, 269, 270, 267, 269, 267, 266,
    268, 267, 269, 266, 267, 269, 268, 269, 266, 265, 267, 268, 268, 268,
    266, 267, 267, 266, 268, 264, 268, 265, 264, 266, 267, 268, 265, 266,
    266, 265, 264, 267, 267, 265, 268, 267, 267, 269, 267, 266, 268, 268,
    266, 269, 267, 265, 267 ]
headPositionsY: [ 76, 78, 77, 78, 80, 76, 77, 78, 76, 79, 75, 77, 77, 77,
    76, 77, 75, 78, 77, 79, 75, 78, 78, 79, 76, 78, 78, 75, 77, 79, 77,
    79, 80, 76, 80, 76, 79, 78, 79, 77, 75, 80, 77, 75, 79, 75, 78, 78,
    76, 77, 80, 78, 78, 76, 74, 78, 73, 76, 73, 76, 67, 66, 65, 66, 64,
    69, 66, 75, 79, 81, 86, 90, 88, 84, 83, 79, 76, 76, 72, 73, 70, 72,
    73, 71, 71, 73, 74, 73, 75, 72, 78, 73, 78, 72, 74, 76, 75, 72, 74,
    76 ]
