%YAML:1.0
---
videoName: "headNod41.mp4"
gestureLabel: 202
fps: 29
pixelSizeInCmTemp: 2.9937500000000000e-01
faceCenterPointX: 267
faceCenterPointY: 76
headPositionsX: [ 269, 270, 269, 270, 270, 269, 272, 269, 272, 272, 269,
    271, 270, 270, 272, 272, 272, 272, 269, 269, 273, 273, 271, 273, 272,
    268, 267, 267, 268, 268, 268, 268, 272, 272, 271, 269, 270, 272, 270,
    269, 271, 268, 271, 267, 271, 268, 267, 266, 268, 265, 269, 267, 269,
    267, 268, 268, 270, 271, 271, 268, 267, 269, 269, 268, 267, 269, 270,
    269, 267, 269, 268, 267, 267, 270, 270, 266, 267, 269, 265, 265, 267,
    267, 270, 267, 267, 269, 266, 269, 270, 269, 266, 269, 268, 269, 268,
    269, 267, 267, 268, 269 ]
headPositionsY: [ 76, 73, 72, 72, 71, 75, 73, 73, 71, 75, 75, 73, 74, 76,
    76, 73, 71, 73, 74, 72, 74, 74, 72, 73, 76, 73, 76, 75, 73, 75, 73,
    75, 75, 73, 73, 72, 76, 74, 78, 79, 78, 81, 85, 86, 92, 94, 88, 87,
    84, 77, 80, 68, 71, 66, 62, 68, 64, 71, 70, 77, 79, 87, 93, 95, 94,
    90, 87, 82, 79, 76, 73, 72, 70, 72, 73, 78, 78, 83, 83, 86, 81, 80,
    78, 74, 76, 73, 72, 73, 76, 74, 78, 80, 79, 79, 80, 79, 78, 76, 75,
    78 ]
