%YAML:1.0
---
videoName: "headNod36.mp4"
gestureLabel: 202
fps: 29
pixelSizeInCmTemp: 2.8176470588235292e-01
faceCenterPointX: 269
faceCenterPointY: 75
headPositionsX: [ 269, 271, 269, 268, 269, 269, 269, 272, 269, 269, 268,
    271, 269, 272, 270, 271, 271, 273, 268, 269, 269, 272, 273, 273, 269,
    273, 267, 267, 269, 270, 269, 268, 270, 272, 271, 271, 267, 269, 266,
    269, 268, 269, 267, 270, 269, 270, 270, 268, 270, 272, 273, 272, 273,
    269, 271, 272, 270, 268, 269, 268, 270, 271, 271, 266, 266, 270, 269,
    268, 267, 271, 267, 266, 267, 265, 269, 266, 267, 268, 269, 268, 269,
    268, 269, 268, 268, 270, 268, 270, 272, 268, 270, 267, 270, 268, 271,
    270, 270, 268, 268, 269 ]
headPositionsY: [ 74, 74, 75, 75, 74, 72, 73, 75, 74, 76, 74, 73, 75, 74,
    74, 74, 72, 77, 77, 76, 77, 80, 80, 79, 77, 74, 66, 69, 67, 63, 63,
    63, 71, 76, 79, 85, 86, 87, 90, 87, 86, 80, 75, 73, 71, 70, 70, 70,
    66, 68, 68, 76, 76, 83, 85, 86, 89, 88, 82, 83, 79, 77, 76, 72, 72,
    72, 74, 79, 82, 85, 83, 82, 78, 76, 76, 72, 76, 75, 78, 77, 79, 84,
    86, 84, 86, 84, 80, 81, 77, 75, 77, 74, 77, 77, 76, 77, 75, 75, 77,
    77 ]
