%YAML:1.0
---
videoName: "headNod36.mp4"
gestureLabel: 202
fps: 29
pixelSizeInCmTemp: 2.8176470588235292e-01
faceCenterPointX: 269
faceCenterPointY: 75
headPositionsX: [ 269, 272, 270, 270, 271, 270, 268, 268, 270, 273, 268,
    273, 271, 268, 272, 271, 270, 269, 267, 272, 272, 269, 271, 273, 271,
    269, 271, 269, 268, 269, 270, 272, 269, 272, 270, 271, 270, 267, 267,
    266, 270, 267, 270, 272, 268, 271, 271, 272, 271, 270, 271, 270, 272,
    271, 271, 269, 269, 270, 270, 269, 271, 268, 267, 270, 266, 269, 268,
    265, 266, 271, 269, 269, 269, 265, 266, 267, 267, 266, 267, 269, 267,
    271, 270, 267, 271, 270, 270, 269, 268, 268, 272, 269, 269, 268, 267,
    270, 268, 269, 269, 270 ]
headPositionsY: [ 76, 74, 76, 73, 73, 73, 72, 74, 73, 75, 74, 73, 73, 73,
    75, 73, 74, 75, 76, 76, 80, 76, 78, 80, 74, 74, 67, 70, 68, 66, 62,
    64, 73, 73, 80, 83, 89, 88, 88, 85, 83, 77, 75, 75, 73, 66, 68, 70,
    69, 68, 69, 75, 76, 81, 85, 85, 85, 86, 83, 80, 80, 74, 76, 74, 73,
    75, 74, 79, 82, 82, 83, 81, 79, 77, 76, 73, 74, 73, 75, 77, 82, 83,
    86, 84, 82, 84, 83, 79, 79, 75, 75, 73, 78, 77, 76, 75, 73, 78, 76,
    73 ]
