%YAML:1.0
---
videoName: "headNod35.mp4"
gestureLabel: 202
fps: 30
pixelSizeInCmTemp: 2.9937500000000000e-01
faceCenterPointX: 268
faceCenterPointY: 78
headPositionsX: [ 267, 267, 267, 268, 271, 267, 267, 268, 267, 268, 268,
    269, 269, 269, 268, 269, 268, 268, 268, 271, 271, 270, 272, 272, 271,
    269, 271, 268, 272, 269, 270, 269, 270, 270, 270, 269, 271, 270, 268,
    269, 270, 268, 265, 265, 267, 269, 268, 270, 268, 267, 269, 267, 268,
    267, 268, 270, 269, 268, 269, 270, 270, 270, 270, 268, 271, 268, 266,
    267, 269, 269, 271, 267, 266, 269, 268, 269, 268, 268, 268, 268, 269,
    266, 267, 268, 269, 266, 268, 269, 266, 266, 268, 267, 269, 268, 265,
    266, 269, 268, 269, 269 ]
headPositionsY: [ 77, 76, 76, 75, 73, 78, 76, 76, 74, 77, 75, 79, 78, 76,
    78, 75, 77, 77, 78, 76, 77, 75, 79, 76, 74, 74, 78, 74, 71, 70, 68,
    67, 69, 68, 70, 75, 78, 84, 87, 92, 92, 90, 86, 83, 82, 77, 75, 73,
    73, 74, 79, 81, 86, 86, 89, 89, 90, 85, 81, 82, 76, 71, 71, 74, 74,
    76, 79, 79, 82, 88, 87, 87, 82, 80, 78, 75, 72, 74, 76, 77, 82, 84,
    85, 86, 88, 84, 83, 81, 82, 79, 78, 80, 77, 77, 77, 77, 81, 79, 78,
    76 ]
