%YAML:1.0
---
videoName: "headNod41.mp4"
gestureLabel: 202
fps: 29
pixelSizeInCmTemp: 2.9937500000000000e-01
faceCenterPointX: 267
faceCenterPointY: 76
headPositionsX: [ 266, 271, 270, 268, 272, 270, 268, 270, 269, 268, 268,
    270, 269, 271, 270, 270, 268, 271, 272, 269, 269, 271, 273, 272, 269,
    267, 267, 270, 271, 270, 272, 268, 268, 272, 269, 267, 271, 272, 272,
    269, 271, 271, 270, 270, 271, 269, 270, 267, 270, 268, 269, 271, 271,
    267, 269, 270, 269, 269, 267, 268, 268, 267, 269, 269, 268, 268, 268,
    269, 270, 266, 266, 265, 267, 270, 269, 269, 267, 267, 267, 268, 266,
    265, 268, 267, 267, 265, 269, 266, 266, 268, 267, 265, 265, 268, 269,
    269, 270, 265, 267, 267 ]
headPositionsY: [ 77, 70, 73, 75, 75, 71, 74, 74, 74, 71, 74, 71, 73, 74,
    72, 74, 72, 75, 76, 76, 73, 76, 72, 75, 74, 73, 75, 74, 74, 74, 75,
    72, 75, 71, 75, 74, 74, 75, 75, 78, 78, 83, 86, 87, 93, 94, 91, 85,
    85, 79, 80, 70, 68, 65, 62, 67, 67, 67, 71, 77, 79, 88, 90, 91, 93,
    89, 84, 81, 77, 74, 75, 72, 71, 70, 69, 77, 82, 82, 82, 86, 82, 80,
    74, 75, 76, 75, 75, 73, 72, 76, 78, 81, 78, 79, 78, 80, 79, 76, 74,
    76 ]
