%YAML:1.0
---
videoName: "headNod15.mp4"
gestureLabel: 202
fps: 29
pixelSizeInCmTemp: 3.1933333333333330e-01
faceCenterPointX: 255
faceCenterPointY: 74
headPositionsX: [ 255, 258, 256, 254, 257, 258, 259, 256, 257, 256, 256,
    257, 253, 256, 258, 255, 256, 258, 253, 254, 258, 258, 255, 258, 257,
    254, 257, 255, 253, 257, 257, 254, 258, 255, 257, 258, 255, 257, 257,
    253, 257, 256, 253, 252, 255, 256, 254, 255, 252, 257, 257, 253, 253,
    253, 256, 252, 255, 254, 256, 255, 256, 256, 252, 253, 255, 254, 256,
    257, 257, 254, 256, 253, 255, 256, 255, 253, 255, 252, 252, 253, 253,
    254, 254, 253, 254, 252, 256, 254, 254, 254, 256, 254, 255, 252, 252,
    254, 252, 255, 255, 254 ]
headPositionsY: [ 76, 74, 75, 74, 72, 76, 71, 74, 72, 75, 71, 74, 72, 75,
    73, 74, 72, 73, 71, 75, 76, 75, 75, 73, 75, 74, 71, 75, 75, 73, 72,
    72, 72, 72, 72, 73, 76, 77, 79, 80, 84, 82, 78, 77, 73, 70, 73, 68,
    73, 73, 79, 79, 83, 83, 78, 77, 73, 70, 73, 72, 70, 74, 75, 80, 81,
    81, 82, 79, 79, 76, 74, 71, 72, 71, 70, 74, 77, 78, 77, 75, 74, 70,
    70, 70, 70, 71, 73, 73, 73, 76, 75, 72, 74, 74, 72, 72, 73, 73, 74,
    71 ]
