%YAML:1.0
---
videoName: "headNod18.mp4"
gestureLabel: 202
fps: 29
pixelSizeInCmTemp: 3.3263888888888887e-01
faceCenterPointX: 255
faceCenterPointY: 77
headPositionsX: [ 256, 259, 256, 255, 256, 254, 255, 257, 258, 254, 254,
    259, 258, 257, 254, 254, 255, 255, 254, 252, 255, 256, 253, 254, 256,
    257, 255, 256, 258, 256, 254, 257, 257, 255, 256, 255, 254, 256, 254,
    255, 254, 253, 253, 254, 255, 257, 257, 253, 254, 254, 252, 254, 254,
    254, 256, 255, 255, 254, 253, 256, 255, 254, 257, 251, 254, 252, 255,
    253, 256, 256, 255, 253, 253, 256, 252, 255, 254, 254, 256, 256, 256,
    253, 253, 253, 252, 253, 257, 257, 257, 255, 256, 253, 255, 256, 254,
    255, 256, 256, 257, 254 ]
headPositionsY: [ 78, 80, 78, 78, 80, 77, 77, 76, 79, 76, 76, 77, 78, 76,
    78, 75, 76, 79, 79, 79, 75, 76, 79, 80, 77, 78, 79, 77, 79, 77, 78,
    80, 76, 76, 79, 77, 78, 77, 76, 77, 74, 72, 71, 72, 74, 71, 73, 73,
    77, 75, 76, 78, 77, 84, 78, 78, 75, 72, 72, 72, 73, 73, 78, 81, 84,
    82, 80, 79, 73, 76, 76, 77, 77, 82, 82, 83, 84, 82, 78, 74, 73, 77,
    75, 79, 78, 80, 84, 83, 81, 79, 78, 77, 75, 78, 78, 75, 81, 78, 77,
    79 ]
