%YAML:1.0
---
videoName: "headNod11.mp4"
gestureLabel: 202
fps: 29
pixelSizeInCmTemp: 3.2364864864864862e-01
faceCenterPointX: 261
faceCenterPointY: 75
headPositionsX: [ 260, 261, 262, 259, 260, 259, 260, 261, 257, 257, 260,
    258, 261, 262, 260, 259, 261, 260, 259, 261, 258, 261, 262, 263, 262,
    262, 260, 259, 259, 261, 260, 261, 261, 261, 262, 258, 262, 259, 260,
    261, 262, 258, 260, 262, 260, 262, 263, 260, 260, 263, 259, 260, 262,
    259, 261, 261, 259, 259, 257, 261, 259, 258, 257, 256, 261, 257, 256,
    258, 259, 260, 257, 256, 257, 260, 257, 258, 259, 258, 256, 256, 256,
    257, 259, 262, 260, 257, 259, 258, 261, 258, 258, 261, 260, 258, 261,
    260, 262, 258, 259, 260 ]
headPositionsY: [ 74, 75, 76, 75, 76, 75, 74, 77, 74, 75, 75, 75, 75, 74,
    73, 73, 74, 73, 75, 72, 76, 74, 72, 73, 73, 74, 73, 75, 73, 76, 76,
    77, 73, 75, 77, 73, 76, 77, 76, 77, 73, 77, 73, 73, 74, 74, 75, 72,
    74, 69, 68, 68, 68, 67, 68, 73, 75, 74, 76, 81, 80, 80, 78, 74, 73,
    67, 68, 69, 69, 74, 74, 74, 80, 78, 83, 80, 79, 76, 76, 74, 73, 70,
    71, 70, 77, 74, 79, 81, 78, 79, 77, 80, 79, 78, 75, 77, 77, 75, 77,
    75 ]
