%YAML:1.0
---
videoName: "headNod40.mp4"
gestureLabel: 202
fps: 29
pixelSizeInCmTemp: 2.8511904761904761e-01
faceCenterPointX: 267
faceCenterPointY: 78
headPositionsX: [ 267, 269, 266, 266, 265, 268, 269, 265, 266, 270, 269,
    266, 268, 270, 268, 266, 266, 266, 267, 268, 265, 270, 266, 265, 269,
    266, 270, 266, 269, 269, 270, 267, 269, 266, 268, 268, 270, 267, 268,
    270, 268, 267, 267, 264, 267, 263, 266, 263, 264, 265, 267, 265, 266,
    266, 263, 266, 265, 264, 267, 267, 265, 267, 264, 267, 266, 265, 264,
    264, 265, 266, 267, 267, 266, 269, 268, 266, 268, 267, 265, 268, 266,
    268, 268, 265, 266, 265, 265, 265, 267, 267, 266, 264, 264, 266, 268,
    266, 265, 268, 269, 266 ]
headPositionsY: [ 80, 78, 75, 78, 74, 74, 78, 76, 78, 74, 76, 73, 79, 73,
    78, 78, 74, 73, 74, 78, 77, 76, 74, 77, 78, 74, 77, 73, 75, 73, 74,
    76, 76, 76, 76, 76, 74, 73, 74, 74, 82, 88, 93, 96, 96, 98, 93, 92,
    86, 80, 79, 78, 78, 68, 70, 70, 70, 71, 68, 74, 81, 85, 88, 84, 85,
    81, 79, 81, 74, 75, 75, 70, 71, 76, 72, 76, 80, 81, 81, 77, 79, 77,
    80, 79, 79, 81, 78, 80, 77, 80, 79, 79, 78, 76, 76, 77, 77, 79, 75,
    76 ]
