%YAML:1.0
---
videoName: "headNod0.mp4"
gestureLabel: 202
fps: 29
pixelSizeInCmTemp: 3.2364864864864862e-01
faceCenterPointX: 264
faceCenterPointY: 76
headPositionsX: [ 263, 268, 267, 268, 269, 265, 267, 266, 265, 266, 266,
    268, 269, 265, 266, 264, 263, 266, 267, 267, 266, 265, 264, 266, 263,
    265, 265, 267, 264, 263, 264, 267, 266, 266, 268, 268, 269, 267, 266,
    264, 268, 268, 264, 266, 267, 266, 264, 264, 265, 264, 267, 263, 264,
    264, 263, 263, 262, 265, 264, 266, 266, 267, 266, 264, 266, 267, 266,
    265, 267, 268, 264, 266, 262, 266, 265, 262, 264, 262, 262, 263, 264,
    262, 263, 266, 263, 263, 265, 262, 266, 266, 266, 263, 263, 267, 264,
    264, 266, 266, 263, 264 ]
headPositionsY: [ 75, 72, 73, 72, 71, 73, 75, 71, 75, 75, 74, 75, 73, 74,
    71, 73, 72, 72, 75, 75, 73, 75, 74, 72, 74, 75, 73, 74, 72, 69, 69,
    69, 64, 64, 65, 65, 62, 65, 65, 68, 68, 71, 72, 77, 77, 79, 82, 80,
    79, 78, 80, 76, 72, 73, 68, 68, 68, 67, 68, 67, 70, 69, 74, 73, 77,
    78, 79, 78, 77, 78, 77, 75, 74, 71, 66, 66, 65, 70, 70, 68, 69, 73,
    73, 72, 76, 76, 77, 78, 79, 79, 79, 76, 76, 77, 74, 78, 73, 73, 78,
    74 ]
