%YAML:1.0
---
videoName: "headNod19.mp4"
gestureLabel: 202
fps: 29
pixelSizeInCmTemp: 3.1933333333333330e-01
faceCenterPointX: 255
faceCenterPointY: 81
headPositionsX: [ 254, 260, 257, 257, 255, 254, 256, 257, 258, 256, 257,
    257, 254, 255, 256, 256, 251, 255, 254, 254, 253, 254, 250, 252, 253,
    252, 250, 250, 250, 254, 248, 249, 254, 253, 251, 253, 251, 254, 254,
    253, 256, 254, 255, 254, 257, 256, 257, 256, 255, 254, 254, 256, 255,
    256, 258, 257, 256, 254, 256, 253, 255, 256, 253, 255, 257, 258, 253,
    258, 256, 256, 255, 256, 255, 253, 256, 256, 256, 257, 255, 253, 255,
    254, 257, 255, 257, 257, 253, 256, 255, 256, 254, 254, 256, 258, 258,
    257, 258, 253, 255, 256 ]
headPositionsY: [ 82, 83, 83, 80, 79, 76, 78, 76, 74, 75, 78, 75, 79, 76,
    76, 77, 77, 79, 79, 80, 80, 79, 76, 80, 80, 77, 78, 76, 77, 80, 81,
    79, 79, 79, 77, 76, 80, 78, 77, 78, 77, 81, 81, 76, 80, 80, 76, 79,
    77, 79, 80, 79, 80, 77, 79, 80, 77, 77, 80, 81, 81, 81, 81, 77, 83,
    80, 79, 78, 76, 75, 74, 76, 75, 74, 81, 81, 86, 83, 82, 80, 74, 77,
    75, 78, 85, 84, 83, 83, 82, 80, 80, 83, 81, 82, 84, 82, 82, 83, 84,
    83 ]
