%YAML:1.0
---
videoName: "headNod31.mp4"
gestureLabel: 202
fps: 29
pixelSizeInCmTemp: 2.8855421686746985e-01
faceCenterPointX: 267
faceCenterPointY: 75
headPositionsX: [ 265, 271, 270, 269, 271, 272, 271, 272, 270, 268, 269,
    272, 270, 268, 271, 267, 266, 267, 270, 265, 266, 266, 267, 267, 267,
    268, 268, 268, 270, 270, 267, 269, 272, 267, 269, 267, 267, 270, 270,
    268, 270, 265, 268, 267, 265, 266, 266, 265, 268, 267, 266, 267, 266,
    265, 268, 263, 268, 268, 265, 268, 266, 267, 267, 265, 265, 269, 268,
    265, 266, 268, 266, 265, 267, 268, 267, 265, 268, 264, 266, 268, 270,
    268, 265, 266, 267, 268, 267, 267, 265, 268, 266, 269, 265, 267, 266,
    265, 265, 265, 265, 268 ]
headPositionsY: [ 75, 76, 72, 75, 74, 72, 74, 67, 67, 64, 66, 67, 68, 67,
    74, 81, 82, 83, 87, 86, 83, 84, 79, 77, 72, 71, 70, 74, 66, 68, 71,
    67, 73, 76, 80, 81, 84, 88, 88, 89, 84, 81, 80, 75, 74, 75, 74, 74,
    76, 76, 83, 81, 83, 86, 85, 80, 80, 77, 75, 72, 70, 70, 71, 68, 72,
    74, 76, 79, 77, 83, 82, 79, 77, 74, 77, 71, 73, 69, 70, 73, 72, 77,
    76, 78, 77, 76, 75, 74, 76, 72, 77, 74, 76, 75, 77, 77, 74, 77, 74,
    76 ]
