%YAML:1.0
---
videoName: "headNod39.mp4"
gestureLabel: 202
fps: 29
pixelSizeInCmTemp: 2.9937500000000000e-01
faceCenterPointX: 268
faceCenterPointY: 78
headPositionsX: [ 270, 269, 265, 269, 270, 267, 268, 267, 270, 268, 266,
    268, 269, 270, 268, 268, 269, 270, 268, 267, 269, 271, 271, 270, 271,
    267, 269, 269, 268, 270, 270, 267, 270, 271, 268, 270, 266, 271, 267,
    269, 270, 266, 270, 267, 268, 270, 269, 265, 266, 266, 266, 269, 266,
    270, 269, 267, 269, 266, 265, 268, 265, 267, 268, 266, 266, 269, 266,
    269, 268, 266, 265, 268, 267, 265, 265, 269, 266, 266, 265, 267, 265,
    267, 269, 269, 267, 266, 266, 268, 270, 267, 267, 265, 267, 268, 267,
    270, 265, 265, 267, 267 ]
headPositionsY: [ 79, 76, 77, 76, 78, 76, 79, 76, 75, 76, 74, 77, 75, 76,
    75, 75, 74, 75, 74, 74, 76, 79, 76, 78, 77, 74, 79, 78, 77, 76, 75,
    74, 78, 75, 78, 75, 79, 79, 78, 78, 83, 81, 86, 85, 84, 83, 81, 73,
    76, 75, 77, 74, 74, 74, 80, 86, 86, 92, 92, 88, 83, 80, 80, 76, 71,
    75, 71, 73, 78, 78, 83, 84, 80, 81, 80, 78, 73, 77, 73, 75, 78, 77,
    79, 80, 78, 79, 79, 77, 77, 80, 79, 79, 78, 78, 80, 79, 76, 78, 76,
    78 ]
