%YAML:1.0
---
videoName: "headNod18.mp4"
gestureLabel: 202
fps: 29
pixelSizeInCmTemp: 3.3263888888888887e-01
faceCenterPointX: 255
faceCenterPointY: 77
headPositionsX: [ 255, 255, 258, 257, 258, 255, 255, 257, 259, 258, 258,
    256, 257, 256, 257, 256, 253, 256, 255, 252, 254, 253, 254, 255, 257,
    253, 258, 253, 254, 254, 255, 255, 254, 256, 256, 256, 257, 254, 253,
    257, 256, 256, 257, 254, 257, 254, 257, 254, 255, 255, 252, 255, 253,
    253, 253, 252, 253, 253, 253, 253, 253, 256, 254, 253, 256, 253, 255,
    253, 252, 252, 255, 256, 256, 256, 253, 252, 254, 257, 254, 255, 255,
    254, 252, 255, 253, 252, 256, 256, 254, 253, 255, 252, 256, 256, 254,
    255, 256, 253, 256, 254 ]
headPositionsY: [ 78, 80, 75, 78, 80, 79, 79, 77, 77, 79, 77, 79, 75, 80,
    75, 75, 79, 78, 76, 76, 76, 80, 77, 81, 80, 78, 79, 79, 79, 78, 77,
    76, 76, 79, 79, 77, 78, 76, 76, 78, 76, 76, 74, 72, 74, 70, 72, 70,
    77, 75, 76, 78, 77, 80, 80, 80, 79, 76, 72, 72, 73, 74, 79, 79, 82,
    83, 79, 78, 75, 72, 74, 73, 77, 81, 82, 84, 84, 79, 79, 77, 77, 77,
    75, 75, 77, 83, 85, 80, 80, 80, 81, 79, 75, 78, 75, 79, 78, 78, 75,
    79 ]
