%YAML:1.0
---
videoName: "headNod15.mp4"
gestureLabel: 202
fps: 29
pixelSizeInCmTemp: 3.1933333333333330e-01
faceCenterPointX: 255
faceCenterPointY: 74
headPositionsX: [ 256, 259, 256, 258, 257, 259, 259, 255, 254, 259, 255,
    256, 254, 255, 257, 255, 256, 256, 254, 254, 257, 254, 256, 255, 255,
    253, 258, 254, 253, 255, 253, 253, 254, 253, 257, 256, 257, 257, 256,
    257, 256, 257, 257, 255, 254, 255, 254, 253, 252, 255, 254, 254, 253,
    255, 254, 253, 255, 253, 253, 255, 252, 255, 255, 253, 253, 254, 255,
    254, 257, 257, 254, 254, 256, 254, 254, 252, 254, 254, 253, 255, 253,
    254, 255, 254, 256, 252, 256, 254, 255, 253, 253, 255, 253, 252, 253,
    256, 256, 252, 256, 253 ]
headPositionsY: [ 76, 73, 72, 72, 71, 72, 72, 73, 74, 73, 74, 74, 71, 72,
    75, 73, 73, 76, 73, 75, 75, 73, 73, 71, 75, 72, 71, 72, 75, 73, 71,
    73, 72, 72, 75, 73, 77, 77, 78, 82, 82, 84, 80, 75, 76, 73, 70, 69,
    73, 72, 76, 81, 80, 83, 81, 79, 75, 70, 72, 70, 69, 75, 75, 81, 82,
    83, 83, 83, 78, 74, 71, 73, 71, 71, 74, 75, 76, 79, 78, 76, 76, 70,
    72, 70, 70, 71, 71, 73, 72, 74, 74, 75, 74, 71, 73, 74, 72, 70, 73,
    74 ]
