%YAML:1.0
---
videoName: "headNod33.mp4"
gestureLabel: 202
fps: 29
pixelSizeInCmTemp: 2.9567901234567900e-01
faceCenterPointX: 268
faceCenterPointY: 74
headPositionsX: [ 266, 269, 269, 267, 269, 267, 272, 271, 270, 271, 272,
    272, 269, 272, 272, 270, 273, 269, 268, 271, 272, 270, 270, 268, 270,
    267, 271, 268, 268, 266, 270, 267, 270, 269, 268, 268, 271, 270, 272,
    271, 267, 268, 269, 271, 269, 268, 269, 268, 271, 267, 269, 267, 267,
    270, 270, 267, 267, 269, 268, 265, 265, 265, 267, 268, 268, 265, 265,
    267, 270, 268, 269, 269, 266, 266, 270, 271, 270, 269, 268, 267, 270,
    270, 270, 269, 266, 268, 266, 268, 265, 268, 266, 269, 265, 268, 268,
    269, 266, 269, 269, 269 ]
headPositionsY: [ 75, 70, 72, 71, 70, 71, 72, 72, 72, 71, 71, 73, 71, 72,
    72, 73, 70, 73, 74, 70, 71, 73, 73, 74, 73, 72, 69, 73, 74, 74, 72,
    71, 74, 76, 77, 76, 78, 77, 73, 72, 70, 70, 67, 64, 65, 66, 70, 76,
    76, 79, 83, 83, 79, 77, 75, 71, 70, 72, 72, 69, 71, 70, 73, 72, 74,
    78, 77, 76, 76, 76, 73, 75, 71, 72, 72, 72, 72, 71, 74, 73, 75, 76,
    78, 80, 80, 76, 75, 76, 78, 76, 74, 76, 77, 73, 74, 75, 77, 74, 77,
    76 ]
