%YAML:1.0
---
videoName: "headNod36.mp4"
gestureLabel: 202
fps: 29
pixelSizeInCmTemp: 2.8176470588235292e-01
faceCenterPointX: 269
faceCenterPointY: 75
headPositionsX: [ 267, 268, 270, 268, 270, 268, 268, 272, 272, 269, 271,
    273, 268, 272, 270, 269, 272, 273, 270, 269, 268, 271, 272, 271, 273,
    269, 267, 269, 270, 269, 269, 271, 270, 269, 272, 270, 270, 267, 269,
    266, 270, 269, 269, 268, 269, 270, 268, 270, 271, 272, 270, 271, 269,
    273, 270, 270, 272, 268, 271, 270, 268, 267, 269, 267, 267, 266, 268,
    268, 267, 270, 266, 270, 268, 266, 266, 269, 269, 266, 270, 270, 269,
    269, 267, 271, 268, 268, 269, 268, 271, 271, 272, 267, 270, 266, 268,
    269, 268, 269, 266, 269 ]
headPositionsY: [ 77, 74, 76, 73, 72, 74, 74, 73, 74, 75, 75, 76, 73, 76,
    74, 74, 75, 74, 77, 78, 78, 79, 77, 81, 76, 73, 66, 67, 68, 66, 62,
    65, 69, 75, 79, 82, 86, 87, 92, 88, 83, 80, 76, 74, 75, 69, 66, 70,
    68, 70, 68, 72, 80, 81, 83, 87, 87, 85, 84, 82, 80, 76, 72, 73, 71,
    72, 75, 79, 82, 84, 83, 81, 78, 79, 76, 73, 76, 75, 78, 78, 82, 85,
    82, 83, 82, 85, 83, 77, 78, 79, 76, 76, 78, 75, 73, 73, 76, 75, 75,
    76 ]
