%YAML:1.0
---
videoName: "headNod7.mp4"
gestureLabel: 202
fps: 29
pixelSizeInCmTemp: 3.2808219178082193e-01
faceCenterPointX: 261
faceCenterPointY: 71
headPositionsX: [ 261, 264, 267, 267, 266, 266, 264, 262, 264, 264, 262,
    261, 263, 263, 261, 264, 261, 263, 260, 264, 263, 264, 260, 260, 264,
    262, 262, 260, 264, 262, 260, 263, 259, 262, 260, 262, 261, 261, 262,
    261, 261, 260, 262, 263, 263, 262, 260, 260, 263, 262, 262, 260, 264,
    263, 263, 261, 259, 263, 261, 260, 262, 261, 261, 263, 263, 263, 263,
    259, 260, 259, 259, 260, 261, 263, 258, 262, 259, 259, 262, 261, 264,
    262, 261, 262, 262, 261, 261, 263, 261, 263, 263, 264, 263, 262, 261,
    263, 263, 261, 260, 259 ]
headPositionsY: [ 69, 75, 74, 74, 75, 74, 75, 73, 72, 72, 73, 71, 74, 73,
    73, 74, 76, 77, 77, 72, 74, 73, 74, 73, 74, 77, 73, 78, 74, 75, 74,
    77, 76, 74, 75, 77, 73, 73, 73, 76, 75, 73, 76, 73, 77, 77, 76, 76,
    73, 70, 68, 70, 68, 69, 71, 74, 75, 78, 81, 78, 75, 72, 70, 72, 70,
    73, 73, 76, 79, 81, 76, 74, 73, 70, 69, 72, 72, 70, 72, 75, 77, 77,
    80, 77, 78, 77, 77, 76, 74, 72, 69, 70, 70, 68, 71, 71, 71, 69, 72,
    69 ]
