%YAML:1.0
---
videoName: "headNod5.mp4"
gestureLabel: 202
fps: 29
pixelSizeInCmTemp: 3.1513157894736843e-01
faceCenterPointX: 263
faceCenterPointY: 75
headPositionsX: [ 265, 265, 260, 261, 262, 264, 264, 262, 262, 261, 264,
    264, 264, 265, 264, 262, 266, 266, 264, 265, 263, 267, 264, 265, 264,
    267, 266, 264, 268, 266, 264, 265, 266, 265, 264, 269, 266, 268, 266,
    264, 265, 265, 264, 267, 263, 266, 266, 267, 264, 266, 264, 264, 266,
    261, 262, 265, 262, 262, 262, 266, 264, 262, 266, 264, 262, 263, 263,
    262, 266, 265, 263, 266, 265, 267, 265, 265, 266, 264, 262, 262, 266,
    263, 264, 262, 265, 262, 262, 264, 262, 264, 261, 264, 262, 260, 264,
    262, 262, 264, 259, 261 ]
headPositionsY: [ 75, 73, 75, 72, 73, 72, 76, 75, 73, 72, 77, 72, 73, 73,
    73, 76, 75, 74, 76, 74, 73, 76, 77, 77, 73, 77, 78, 76, 74, 74, 75,
    78, 75, 77, 77, 78, 76, 77, 78, 74, 79, 77, 76, 79, 76, 76, 77, 76,
    80, 77, 79, 83, 81, 84, 83, 83, 81, 78, 76, 74, 74, 77, 82, 87, 88,
    90, 85, 82, 80, 73, 77, 73, 76, 79, 83, 85, 88, 83, 84, 77, 76, 75,
    72, 74, 74, 76, 76, 80, 80, 81, 80, 77, 73, 73, 76, 74, 75, 73, 75,
    75 ]
