%YAML:1.0
---
videoName: "headNod41.mp4"
gestureLabel: 202
fps: 29
pixelSizeInCmTemp: 2.9937500000000000e-01
faceCenterPointX: 267
faceCenterPointY: 76
headPositionsX: [ 267, 270, 269, 268, 271, 272, 269, 270, 270, 268, 270,
    271, 268, 271, 269, 270, 270, 271, 271, 269, 269, 269, 271, 272, 272,
    271, 271, 268, 269, 272, 271, 269, 272, 268, 268, 270, 271, 270, 269,
    267, 268, 272, 268, 267, 269, 271, 271, 270, 270, 269, 268, 269, 270,
    267, 271, 267, 269, 271, 271, 270, 270, 266, 271, 268, 269, 267, 266,
    268, 267, 267, 268, 267, 266, 270, 270, 266, 268, 268, 266, 265, 269,
    266, 269, 267, 268, 267, 269, 268, 267, 269, 266, 269, 269, 266, 265,
    265, 267, 267, 267, 268 ]
headPositionsY: [ 76, 73, 73, 73, 71, 71, 75, 74, 72, 71, 75, 72, 73, 73,
    75, 76, 72, 72, 73, 72, 74, 72, 73, 76, 73, 75, 74, 72, 74, 72, 75,
    72, 74, 75, 76, 72, 73, 75, 75, 75, 80, 83, 84, 87, 92, 90, 92, 89,
    83, 78, 76, 69, 69, 65, 64, 67, 65, 68, 72, 76, 82, 84, 94, 92, 94,
    88, 84, 83, 79, 74, 73, 70, 70, 73, 69, 78, 81, 81, 84, 86, 80, 81,
    74, 76, 72, 76, 72, 76, 76, 76, 80, 81, 80, 81, 79, 76, 76, 78, 77,
    76 ]
