%YAML:1.0
---
videoName: "headNod24.mp4"
gestureLabel: 202
fps: 29
pixelSizeInCmTemp: 3.1513157894736843e-01
faceCenterPointX: 272
faceCenterPointY: 72
headPositionsX: [ 270, 277, 272, 274, 272, 273, 272, 276, 276, 277, 274,
    276, 276, 273, 275, 275, 274, 276, 274, 275, 271, 272, 274, 272, 275,
    273, 271, 275, 272, 271, 271, 275, 272, 275, 271, 272, 272, 276, 272,
    274, 274, 271, 274, 271, 273, 273, 273, 275, 271, 271, 271, 276, 274,
    271, 272, 274, 274, 270, 271, 273, 270, 272, 268, 271, 272, 272, 273,
    270, 269, 273, 272, 270, 273, 269, 270, 270, 271, 271, 273, 269, 268,
    268, 271, 268, 268, 272, 269, 271, 268, 271, 273, 270, 273, 273, 270,
    274, 272, 270, 270, 270 ]
headPositionsY: [ 74, 71, 73, 74, 75, 71, 72, 74, 72, 74, 73, 75, 71, 74,
    74, 72, 72, 75, 75, 73, 74, 74, 72, 73, 73, 75, 73, 75, 75, 72, 72,
    76, 75, 72, 75, 72, 69, 73, 67, 70, 72, 75, 76, 79, 83, 81, 77, 75,
    69, 65, 68, 66, 71, 73, 77, 73, 76, 75, 70, 70, 66, 67, 64, 67, 69,
    74, 73, 76, 74, 73, 70, 68, 71, 67, 69, 70, 69, 74, 77, 77, 74, 76,
    74, 69, 70, 70, 70, 71, 69, 69, 69, 71, 71, 75, 75, 72, 74, 71, 69,
    71 ]
