%YAML:1.0
---
videoName: "headNod1.mp4"
gestureLabel: 202
fps: 29
pixelSizeInCmTemp: 3.2808219178082193e-01
faceCenterPointX: 263
faceCenterPointY: 78
headPositionsX: [ 265, 264, 262, 264, 261, 266, 260, 266, 261, 261, 261,
    265, 261, 263, 261, 265, 264, 263, 265, 266, 265, 265, 264, 264, 265,
    264, 264, 265, 266, 264, 263, 264, 265, 265, 262, 266, 263, 262, 266,
    263, 267, 264, 267, 263, 265, 267, 266, 265, 264, 262, 265, 262, 266,
    264, 263, 262, 263, 262, 261, 263, 265, 264, 261, 263, 263, 266, 264,
    265, 263, 261, 264, 264, 262, 263, 265, 264, 260, 261, 260, 260, 263,
    263, 259, 264, 264, 264, 263, 263, 263, 264, 262, 263, 264, 260, 261,
    263, 264, 262, 262, 264 ]
headPositionsY: [ 80, 76, 75, 72, 72, 76, 74, 74, 74, 77, 74, 75, 74, 75,
    76, 74, 74, 73, 75, 74, 73, 74, 73, 73, 74, 74, 75, 74, 77, 75, 74,
    77, 76, 72, 75, 70, 70, 66, 68, 66, 63, 61, 63, 64, 67, 67, 68, 70,
    73, 76, 76, 78, 81, 84, 80, 80, 78, 77, 75, 73, 69, 67, 68, 66, 66,
    67, 69, 70, 74, 76, 77, 79, 75, 74, 71, 72, 69, 68, 67, 67, 65, 66,
    69, 73, 75, 75, 79, 82, 82, 80, 83, 80, 82, 82, 79, 80, 77, 79, 77,
    76 ]
