%YAML:1.0
---
videoName: "headNod5.mp4"
gestureLabel: 202
fps: 29
pixelSizeInCmTemp: 3.1513157894736843e-01
faceCenterPointX: 263
faceCenterPointY: 75
headPositionsX: [ 264, 265, 260, 262, 263, 261, 263, 263, 261, 261, 262,
    262, 265, 261, 265, 261, 263, 262, 265, 263, 267, 264, 266, 263, 266,
    266, 262, 266, 265, 264, 264, 265, 264, 263, 264, 268, 265, 264, 267,
    265, 264, 266, 266, 264, 267, 267, 268, 264, 266, 267, 267, 267, 265,
    265, 264, 262, 266, 266, 263, 266, 266, 262, 264, 266, 263, 264, 266,
    264, 263, 265, 265, 265, 263, 266, 266, 265, 265, 266, 265, 264, 265,
    266, 262, 261, 265, 261, 265, 265, 264, 262, 261, 263, 262, 263, 265,
    261, 261, 263, 261, 264 ]
headPositionsY: [ 73, 73, 75, 73, 74, 74, 73, 74, 76, 76, 76, 74, 75, 74,
    76, 75, 77, 73, 76, 77, 74, 77, 74, 75, 75, 77, 78, 77, 76, 74, 74,
    77, 76, 74, 80, 75, 77, 78, 77, 76, 75, 75, 78, 77, 78, 77, 78, 80,
    78, 79, 78, 82, 82, 82, 85, 81, 78, 76, 74, 75, 77, 79, 83, 84, 89,
    89, 86, 84, 81, 75, 75, 77, 75, 80, 81, 85, 86, 83, 83, 78, 78, 72,
    76, 72, 76, 80, 77, 82, 84, 80, 78, 78, 76, 74, 75, 76, 75, 77, 72,
    75 ]
