%YAML:1.0
---
videoName: "headNod2.mp4"
gestureLabel: 202
fps: 29
pixelSizeInCmTemp: 3.2364864864864862e-01
faceCenterPointX: 263
faceCenterPointY: 70
headPositionsX: [ 262, 261, 261, 260, 261, 261, 265, 262, 262, 264, 262,
    262, 262, 263, 264, 262, 266, 266, 263, 265, 265, 262, 263, 261, 262,
    264, 261, 264, 262, 263, 262, 262, 260, 260, 260, 264, 260, 264, 262,
    260, 261, 262, 261, 263, 263, 262, 263, 261, 262, 261, 264, 263, 264,
    260, 264, 264, 262, 262, 262, 263, 262, 262, 263, 261, 264, 262, 261,
    262, 263, 262, 264, 261, 264, 261, 264, 263, 265, 261, 264, 263, 261,
    265, 262, 265, 261, 264, 263, 262, 265, 262, 263, 263, 263, 262, 261,
    265, 265, 262, 266, 264 ]
headPositionsY: [ 72, 74, 78, 78, 78, 74, 73, 75, 78, 77, 74, 76, 74, 75,
    75, 75, 73, 76, 76, 77, 73, 73, 76, 74, 76, 74, 73, 75, 73, 74, 75,
    75, 72, 74, 72, 76, 73, 72, 73, 73, 76, 74, 74, 72, 73, 73, 77, 76,
    75, 73, 73, 70, 72, 72, 73, 79, 80, 80, 74, 73, 69, 72, 74, 73, 74,
    74, 74, 72, 69, 72, 72, 73, 73, 77, 77, 73, 73, 70, 72, 69, 74, 76,
    75, 75, 73, 76, 72, 69, 69, 69, 70, 70, 72, 73, 69, 70, 71, 69, 68,
    70 ]
