%YAML:1.0
---
videoName: "headNod12.mp4"
gestureLabel: 202
fps: 29
pixelSizeInCmTemp: 3.2808219178082193e-01
faceCenterPointX: 254
faceCenterPointY: 69
headPositionsX: [ 255, 255, 251, 252, 254, 254, 255, 251, 255, 253, 253,
    255, 254, 257, 254, 255, 257, 255, 258, 255, 256, 255, 257, 256, 257,
    258, 255, 255, 256, 256, 258, 256, 254, 253, 254, 255, 252, 253, 254,
    254, 255, 253, 257, 256, 255, 255, 254, 256, 255, 253, 255, 257, 256,
    252, 252, 251, 255, 253, 255, 252, 253, 253, 254, 252, 252, 253, 253,
    257, 253, 254, 252, 254, 256, 252, 253, 253, 254, 256, 256, 254, 253,
    256, 253, 253, 253, 256, 254, 254, 254, 255, 255, 256, 257, 254, 255,
    256, 256, 253, 255, 254 ]
headPositionsY: [ 71, 76, 72, 74, 72, 74, 72, 71, 75, 76, 72, 75, 72, 74,
    73, 73, 74, 73, 71, 74, 74, 71, 73, 74, 74, 74, 74, 73, 73, 74, 75,
    72, 74, 72, 72, 72, 71, 68, 66, 65, 65, 60, 64, 63, 62, 65, 67, 73,
    71, 75, 77, 80, 76, 78, 77, 71, 70, 67, 65, 67, 63, 61, 65, 65, 64,
    70, 69, 72, 75, 76, 75, 73, 76, 72, 74, 68, 69, 66, 68, 67, 66, 68,
    64, 65, 68, 67, 70, 73, 71, 74, 76, 72, 72, 71, 71, 70, 69, 70, 68,
    68 ]
