%YAML:1.0
---
videoName: "headNod21.mp4"
gestureLabel: 202
fps: 29
pixelSizeInCmTemp: 3.2808219178082193e-01
faceCenterPointX: 253
faceCenterPointY: 78
headPositionsX: [ 251, 258, 257, 257, 253, 254, 255, 254, 257, 254, 257,
    256, 255, 256, 255, 253, 257, 254, 255, 254, 253, 257, 256, 254, 254,
    257, 254, 252, 257, 253, 257, 256, 254, 255, 254, 256, 253, 257, 257,
    255, 254, 255, 258, 254, 257, 254, 256, 253, 254, 252, 255, 255, 257,
    252, 255, 255, 253, 254, 256, 255, 254, 253, 254, 252, 252, 254, 249,
    251, 250, 253, 254, 253, 251, 251, 252, 249, 247, 249, 248, 250, 249,
    253, 252, 253, 251, 253, 255, 252, 252, 253, 255, 253, 254, 255, 254,
    252, 255, 255, 253, 257 ]
headPositionsY: [ 76, 81, 77, 80, 78, 76, 77, 76, 81, 77, 77, 77, 80, 80,
    76, 77, 80, 81, 79, 79, 80, 77, 76, 78, 79, 77, 80, 81, 82, 81, 82,
    82, 83, 80, 80, 78, 75, 76, 74, 80, 79, 82, 83, 83, 82, 82, 78, 75,
    77, 79, 79, 83, 86, 83, 83, 81, 82, 78, 76, 79, 82, 80, 83, 81, 82,
    82, 81, 78, 79, 74, 78, 80, 78, 78, 84, 83, 81, 82, 79, 76, 78, 78,
    77, 80, 80, 78, 82, 78, 78, 78, 79, 77, 79, 77, 77, 80, 77, 77, 79,
    79 ]
