%YAML:1.0
---
videoName: "headNod14.mp4"
gestureLabel: 202
fps: 29
pixelSizeInCmTemp: 3.2808219178082193e-01
faceCenterPointX: 257
faceCenterPointY: 71
headPositionsX: [ 257, 258, 260, 258, 259, 259, 260, 261, 257, 257, 260,
    257, 258, 258, 256, 257, 257, 261, 257, 258, 261, 258, 260, 261, 258,
    259, 260, 257, 260, 261, 260, 257, 260, 258, 257, 259, 260, 258, 259,
    257, 261, 257, 262, 256, 258, 259, 258, 259, 260, 261, 260, 260, 259,
    259, 259, 258, 261, 257, 261, 256, 257, 259, 259, 260, 260, 259, 261,
    257, 258, 257, 261, 260, 259, 257, 257, 257, 256, 257, 257, 258, 258,
    260, 255, 258, 257, 256, 256, 257, 257, 258, 258, 257, 258, 256, 257,
    259, 255, 258, 258, 257 ]
headPositionsY: [ 73, 77, 76, 76, 79, 77, 75, 76, 79, 79, 75, 77, 77, 77,
    78, 79, 76, 75, 79, 78, 77, 77, 76, 77, 76, 79, 80, 77, 77, 80, 78,
    79, 76, 79, 78, 77, 76, 76, 76, 77, 76, 73, 69, 69, 67, 69, 71, 73,
    71, 75, 75, 78, 79, 78, 81, 80, 80, 81, 75, 75, 73, 70, 70, 68, 72,
    71, 76, 74, 79, 81, 79, 83, 78, 75, 75, 73, 68, 69, 70, 71, 71, 75,
    73, 79, 79, 80, 79, 76, 79, 76, 70, 73, 68, 71, 72, 72, 72, 69, 69,
    70 ]
