%YAML:1.0
---
videoName: "headNod43.mp4"
gestureLabel: 202
fps: 29
pixelSizeInCmTemp: 2.8855421686746985e-01
faceCenterPointX: 268
faceCenterPointY: 74
headPositionsX: [ 269, 272, 272, 269, 267, 270, 269, 268, 268, 267, 270,
    269, 267, 269, 268, 270, 270, 267, 269, 267, 266, 269, 267, 270, 267,
    269, 265, 267, 264, 264, 265, 264, 264, 263, 264, 263, 264, 265, 266,
    265, 262, 263, 267, 266, 264, 266, 266, 266, 266, 266, 267, 265, 263,
    266, 263, 261, 263, 267, 263, 267, 266, 265, 264, 264, 266, 263, 266,
    264, 264, 270, 268, 267, 269, 269, 266, 268, 269, 268, 267, 269, 270,
    269, 268, 266, 270, 266, 271, 269, 271, 270, 268, 268, 267, 268, 271,
    268, 266, 266, 270, 269 ]
headPositionsY: [ 74, 75, 75, 78, 76, 74, 75, 73, 77, 75, 76, 76, 77, 73,
    78, 75, 73, 74, 75, 77, 73, 73, 76, 76, 76, 80, 79, 81, 87, 90, 88,
    90, 86, 81, 81, 79, 79, 79, 84, 88, 86, 90, 90, 87, 83, 81, 79, 82,
    84, 85, 86, 89, 90, 91, 90, 85, 83, 81, 81, 85, 87, 91, 92, 90, 88,
    85, 86, 80, 81, 79, 77, 81, 83, 88, 91, 88, 91, 87, 83, 83, 76, 75,
    74, 71, 72, 71, 73, 72, 74, 74, 74, 76, 76, 72, 72, 74, 73, 75, 74,
    72 ]
