%YAML:1.0
---
videoName: "headNod40.mp4"
gestureLabel: 202
fps: 29
pixelSizeInCmTemp: 2.8511904761904761e-01
faceCenterPointX: 267
faceCenterPointY: 78
headPositionsX: [ 268, 268, 265, 268, 265, 270, 267, 266, 266, 269, 267,
    268, 270, 268, 266, 269, 268, 265, 267, 270, 268, 270, 266, 268, 266,
    268, 269, 266, 267, 267, 270, 270, 268, 266, 269, 270, 270, 269, 266,
    269, 271, 269, 267, 266, 266, 267, 263, 264, 266, 264, 266, 264, 266,
    263, 267, 268, 264, 265, 268, 266, 266, 267, 267, 264, 266, 268, 268,
    266, 266, 267, 268, 267, 267, 268, 268, 266, 269, 267, 266, 266, 269,
    266, 268, 267, 267, 269, 265, 269, 268, 266, 268, 264, 266, 267, 265,
    268, 266, 266, 269, 269 ]
headPositionsY: [ 79, 74, 77, 78, 78, 74, 78, 78, 74, 74, 75, 77, 78, 76,
    78, 76, 78, 76, 76, 77, 77, 74, 76, 76, 77, 78, 74, 73, 76, 77, 75,
    76, 73, 75, 74, 74, 76, 75, 73, 77, 84, 90, 93, 96, 97, 98, 96, 90,
    85, 83, 79, 79, 78, 69, 66, 71, 69, 71, 71, 75, 79, 82, 87, 85, 82,
    80, 81, 81, 76, 74, 74, 73, 70, 75, 76, 75, 80, 81, 82, 79, 78, 77,
    80, 81, 77, 79, 79, 78, 79, 80, 76, 75, 79, 78, 75, 77, 77, 76, 77,
    76 ]
