%YAML:1.0
---
videoName: "headNod28.mp4"
gestureLabel: 202
fps: 30
pixelSizeInCmTemp: 3.2364864864864862e-01
faceCenterPointX: 270
faceCenterPointY: 76
headPositionsX: [ 272, 272, 270, 272, 273, 273, 273, 269, 269, 274, 269,
    272, 269, 271, 269, 269, 269, 270, 269, 267, 269, 269, 270, 269, 269,
    271, 269, 270, 269, 271, 270, 272, 272, 270, 270, 272, 269, 271, 274,
    269, 271, 273, 268, 269, 268, 268, 268, 272, 271, 272, 267, 269, 267,
    273, 268, 269, 268, 269, 270, 270, 272, 269, 269, 270, 272, 273, 272,
    269, 270, 272, 270, 271, 269, 270, 273, 270, 275, 270, 270, 271, 272,
    270, 270, 271, 269, 269, 270, 270, 269, 269, 270, 272, 272, 269, 270,
    269, 268, 270, 271, 271 ]
headPositionsY: [ 76, 77, 73, 76, 73, 76, 76, 72, 73, 76, 74, 76, 77, 73,
    73, 75, 76, 75, 73, 75, 76, 73, 76, 74, 74, 73, 72, 74, 75, 76, 75,
    77, 73, 76, 74, 76, 73, 72, 74, 73, 74, 77, 79, 81, 79, 84, 79, 78,
    80, 76, 71, 73, 72, 71, 70, 70, 72, 74, 74, 80, 79, 83, 80, 78, 76,
    73, 74, 70, 71, 70, 72, 75, 76, 79, 80, 80, 78, 78, 76, 71, 72, 75,
    71, 75, 75, 80, 77, 78, 75, 79, 75, 73, 78, 77, 77, 75, 75, 79, 76,
    77 ]
