%YAML:1.0
---
videoName: "headNod44.mp4"
gestureLabel: 202
fps: 29
pixelSizeInCmTemp: 2.9567901234567900e-01
faceCenterPointX: 268
faceCenterPointY: 78
headPositionsX: [ 266, 271, 269, 272, 267, 271, 270, 269, 268, 270, 270,
    267, 270, 267, 268, 269, 269, 268, 271, 271, 271, 270, 269, 270, 270,
    268, 269, 268, 268, 265, 268, 268, 269, 268, 267, 269, 266, 266, 268,
    267, 264, 268, 267, 265, 264, 267, 268, 268, 268, 266, 266, 269, 265,
    268, 269, 269, 269, 268, 266, 268, 269, 267, 267, 268, 268, 265, 270,
    265, 270, 270, 271, 268, 270, 267, 270, 269, 271, 270, 271, 271, 268,
    267, 268, 268, 268, 267, 270, 269, 268, 267, 267, 268, 269, 266, 269,
    269, 268, 268, 268, 267 ]
headPositionsY: [ 78, 76, 77, 72, 73, 76, 76, 72, 75, 76, 72, 75, 76, 76,
    77, 77, 73, 78, 81, 80, 85, 87, 94, 93, 96, 94, 91, 86, 78, 76, 71,
    71, 69, 70, 74, 74, 79, 83, 86, 86, 87, 86, 80, 77, 73, 70, 72, 75,
    78, 79, 84, 90, 89, 86, 88, 83, 80, 76, 74, 75, 76, 78, 81, 81, 87,
    83, 85, 81, 78, 80, 74, 79, 74, 79, 80, 81, 86, 87, 85, 84, 86, 84,
    82, 80, 79, 79, 75, 79, 76, 78, 77, 80, 80, 78, 78, 78, 78, 76, 79,
    76 ]
