%YAML:1.0
---
videoName: "headNod9.mp4"
gestureLabel: 202
fps: 29
pixelSizeInCmTemp: 3.1513157894736843e-01
faceCenterPointX: 261
faceCenterPointY: 75
headPositionsX: [ 262, 262, 262, 263, 259, 260, 262, 260, 263, 262, 259,
    261, 261, 259, 261, 262, 262, 259, 260, 261, 259, 259, 260, 258, 258,
    260, 260, 262, 263, 262, 259, 259, 263, 260, 261, 262, 259, 259, 263,
    263, 263, 260, 261, 261, 261, 258, 259, 257, 258, 258, 261, 258, 259,
    258, 262, 260, 261, 262, 262, 258, 258, 262, 260, 259, 263, 262, 261,
    262, 260, 260, 259, 261, 261, 257, 262, 259, 259, 261, 260, 258, 259,
    260, 258, 259, 261, 256, 257, 258, 259, 258, 258, 259, 262, 261, 261,
    260, 257, 258, 259, 258 ]
headPositionsY: [ 77, 77, 73, 74, 74, 74, 76, 73, 77, 76, 77, 74, 76, 76,
    73, 76, 77, 76, 76, 76, 77, 75, 77, 76, 76, 73, 76, 75, 74, 77, 79,
    75, 78, 81, 83, 80, 78, 77, 73, 71, 73, 73, 77, 79, 85, 85, 85, 83,
    79, 77, 77, 77, 78, 78, 84, 86, 84, 84, 83, 80, 75, 73, 71, 74, 79,
    78, 82, 86, 82, 81, 81, 76, 72, 73, 69, 72, 73, 75, 77, 81, 83, 85,
    80, 82, 82, 75, 76, 74, 74, 72, 72, 74, 74, 75, 76, 73, 74, 75, 76,
    72 ]
