%YAML:1.0
---
videoName: "headNod45.mp4"
gestureLabel: 202
fps: 30
pixelSizeInCmTemp: 3.0316455696202532e-01
faceCenterPointX: 265
faceCenterPointY: 77
headPositionsX: [ 265, 270, 267, 266, 265, 269, 267, 268, 270, 269, 267,
    269, 269, 269, 266, 269, 268, 269, 270, 269, 270, 266, 269, 266, 268,
    269, 268, 265, 267, 268, 267, 267, 266, 265, 265, 265, 265, 265, 268,
    265, 265, 267, 267, 266, 263, 265, 267, 267, 268, 265, 267, 266, 267,
    269, 269, 265, 267, 268, 268, 264, 266, 266, 265, 267, 263, 267, 265,
    265, 265, 266, 268, 268, 266, 267, 265, 266, 268, 266, 265, 265, 264,
    267, 264, 268, 264, 265, 266, 266, 268, 264, 264, 267, 268, 265, 268,
    268, 267, 263, 265, 267 ]
headPositionsY: [ 76, 77, 76, 78, 74, 75, 74, 76, 77, 77, 75, 75, 75, 77,
    75, 76, 77, 78, 81, 79, 87, 86, 91, 94, 92, 94, 92, 87, 83, 78, 72,
    75, 67, 66, 67, 69, 66, 68, 73, 78, 80, 89, 92, 91, 90, 92, 86, 86,
    80, 78, 76, 71, 75, 73, 73, 77, 79, 79, 83, 86, 87, 84, 83, 80, 78,
    73, 73, 72, 73, 76, 76, 80, 84, 88, 87, 85, 88, 85, 80, 78, 78, 76,
    77, 76, 78, 81, 80, 80, 82, 79, 78, 78, 78, 76, 76, 79, 79, 78, 76,
    79 ]
