%YAML:1.0
---
videoName: "headNod34.mp4"
gestureLabel: 202
fps: 29
pixelSizeInCmTemp: 2.9567901234567900e-01
faceCenterPointX: 266
faceCenterPointY: 78
headPositionsX: [ 264, 270, 268, 267, 271, 269, 271, 267, 272, 267, 270,
    268, 267, 270, 270, 269, 269, 270, 271, 269, 271, 270, 269, 270, 272,
    269, 270, 270, 271, 271, 270, 269, 270, 272, 269, 268, 267, 268, 268,
    271, 271, 270, 268, 271, 273, 269, 271, 267, 270, 268, 267, 271, 268,
    267, 269, 271, 269, 270, 271, 272, 269, 269, 268, 271, 268, 268, 268,
    268, 271, 268, 267, 269, 267, 269, 265, 268, 266, 268, 268, 267, 268,
    267, 267, 268, 266, 264, 267, 265, 265, 267, 267, 267, 265, 267, 267,
    265, 267, 266, 267, 267 ]
headPositionsY: [ 77, 77, 76, 75, 76, 74, 77, 75, 79, 75, 75, 76, 79, 76,
    76, 77, 76, 77, 75, 73, 79, 78, 75, 77, 78, 75, 77, 78, 78, 74, 77,
    76, 74, 76, 75, 78, 74, 74, 72, 72, 70, 70, 73, 75, 79, 82, 87, 86,
    87, 83, 81, 73, 75, 72, 72, 72, 73, 79, 78, 80, 84, 84, 79, 80, 80,
    77, 76, 80, 81, 83, 82, 85, 84, 82, 80, 79, 80, 78, 78, 77, 77, 81,
    80, 86, 84, 80, 81, 78, 78, 80, 76, 77, 80, 79, 81, 80, 81, 78, 78,
    78 ]
