%YAML:1.0
---
videoName: "headNod32.mp4"
gestureLabel: 202
fps: 29
pixelSizeInCmTemp: 2.8855421686746985e-01
faceCenterPointX: 266
faceCenterPointY: 74
headPositionsX: [ 267, 268, 268, 267, 267, 265, 264, 265, 266, 265, 266,
    263, 267, 263, 267, 267, 269, 266, 264, 268, 267, 267, 266, 264, 267,
    268, 268, 268, 265, 267, 266, 265, 267, 266, 266, 266, 267, 267, 269,
    269, 266, 268, 268, 266, 270, 266, 269, 270, 270, 267, 268, 269, 267,
    269, 267, 267, 267, 268, 268, 269, 267, 269, 265, 266, 269, 267, 270,
    265, 268, 265, 268, 268, 266, 265, 268, 267, 264, 265, 266, 267, 263,
    265, 265, 263, 263, 268, 269, 268, 267, 266, 267, 269, 267, 265, 264,
    264, 268, 265, 267, 267 ]
headPositionsY: [ 76, 76, 79, 77, 81, 77, 80, 79, 80, 78, 76, 79, 77, 77,
    78, 80, 77, 77, 79, 76, 79, 77, 75, 79, 77, 76, 76, 77, 76, 75, 79,
    80, 79, 79, 77, 76, 80, 75, 76, 79, 75, 76, 76, 78, 78, 79, 76, 79,
    80, 77, 80, 75, 76, 78, 76, 78, 73, 73, 74, 73, 67, 68, 64, 63, 64,
    70, 67, 74, 76, 84, 87, 88, 88, 85, 85, 79, 75, 72, 74, 69, 73, 71,
    71, 70, 73, 74, 74, 74, 72, 76, 77, 77, 78, 72, 73, 76, 73, 72, 74,
    75 ]
