%YAML:1.0
---
videoName: "headNod43.mp4"
gestureLabel: 202
fps: 29
pixelSizeInCmTemp: 2.8855421686746985e-01
faceCenterPointX: 268
faceCenterPointY: 74
headPositionsX: [ 266, 273, 268, 269, 269, 268, 271, 270, 270, 271, 267,
    267, 270, 269, 270, 270, 267, 266, 266, 267, 266, 269, 269, 267, 266,
    265, 267, 268, 266, 265, 267, 265, 264, 266, 268, 263, 267, 266, 263,
    266, 266, 265, 264, 263, 264, 263, 265, 268, 268, 264, 265, 265, 266,
    264, 263, 261, 262, 265, 265, 263, 263, 265, 265, 263, 266, 266, 265,
    268, 264, 268, 267, 267, 268, 269, 266, 268, 267, 269, 266, 265, 267,
    268, 267, 268, 267, 269, 268, 266, 270, 269, 270, 271, 269, 270, 267,
    271, 269, 270, 271, 267 ]
headPositionsY: [ 74, 79, 76, 78, 77, 78, 76, 77, 74, 74, 77, 74, 74, 74,
    76, 76, 73, 75, 73, 73, 75, 76, 75, 77, 78, 80, 80, 83, 87, 92, 90,
    89, 86, 83, 81, 78, 78, 79, 80, 84, 90, 92, 88, 85, 84, 81, 79, 83,
    83, 83, 88, 91, 90, 88, 90, 84, 82, 84, 82, 83, 86, 88, 89, 89, 92,
    87, 85, 81, 79, 77, 79, 83, 84, 87, 92, 91, 91, 89, 85, 79, 77, 74,
    74, 72, 73, 73, 71, 73, 73, 71, 73, 73, 75, 72, 73, 72, 73, 75, 73,
    72 ]
