%YAML:1.0
---
videoName: "headNod13.mp4"
gestureLabel: 202
fps: 29
pixelSizeInCmTemp: 3.2364864864864862e-01
faceCenterPointX: 253
faceCenterPointY: 79
headPositionsX: [ 251, 249, 251, 253, 252, 252, 254, 255, 252, 255, 253,
    256, 254, 256, 254, 252, 254, 253, 254, 257, 255, 252, 256, 256, 256,
    253, 253, 255, 252, 253, 253, 252, 255, 253, 256, 256, 252, 252, 254,
    251, 252, 252, 253, 254, 251, 253, 254, 255, 253, 253, 255, 252, 254,
    256, 255, 252, 252, 254, 252, 252, 254, 253, 253, 252, 255, 254, 253,
    256, 253, 252, 256, 254, 253, 253, 256, 257, 253, 252, 256, 252, 253,
    257, 256, 252, 253, 253, 253, 253, 256, 257, 257, 253, 253, 255, 252,
    252, 252, 253, 254, 251 ]
headPositionsY: [ 80, 71, 75, 76, 73, 74, 75, 74, 74, 75, 73, 74, 71, 73,
    73, 71, 73, 76, 73, 74, 75, 74, 74, 75, 72, 76, 73, 74, 73, 75, 73,
    73, 75, 73, 73, 76, 76, 72, 72, 72, 74, 75, 75, 76, 75, 73, 73, 73,
    73, 72, 69, 70, 70, 69, 68, 72, 71, 76, 76, 78, 81, 78, 77, 75, 74,
    72, 70, 71, 71, 67, 71, 75, 76, 77, 80, 77, 81, 77, 79, 74, 74, 74,
    75, 73, 71, 77, 75, 80, 81, 79, 81, 77, 78, 81, 79, 81, 78, 77, 79,
    77 ]
