%YAML:1.0
---
videoName: "headNod32.mp4"
gestureLabel: 202
fps: 29
pixelSizeInCmTemp: 2.8855421686746985e-01
faceCenterPointX: 266
faceCenterPointY: 74
headPositionsX: [ 265, 268, 270, 266, 271, 266, 264, 268, 264, 269, 268,
    267, 264, 263, 266, 264, 266, 265, 267, 268, 265, 265, 264, 266, 269,
    268, 268, 264, 267, 266, 265, 267, 266, 269, 265, 269, 265, 269, 269,
    266, 268, 267, 268, 269, 267, 265, 266, 267, 266, 267, 265, 268, 266,
    269, 266, 266, 267, 269, 268, 265, 266, 268, 266, 267, 268, 269, 270,
    268, 269, 264, 266, 265, 265, 266, 266, 264, 266, 264, 265, 267, 267,
    264, 266, 267, 267, 265, 267, 267, 268, 269, 269, 266, 270, 268, 267,
    265, 268, 268, 266, 267 ]
headPositionsY: [ 74, 76, 76, 76, 78, 78, 80, 79, 77, 76, 77, 76, 76, 77,
    77, 80, 75, 77, 78, 78, 79, 79, 75, 79, 75, 78, 79, 76, 78, 79, 79,
    79, 79, 78, 76, 77, 79, 75, 77, 78, 76, 80, 78, 76, 79, 75, 80, 76,
    79, 77, 77, 78, 77, 77, 77, 75, 76, 73, 77, 77, 67, 70, 68, 63, 63,
    67, 67, 71, 76, 82, 86, 88, 89, 88, 83, 80, 76, 72, 73, 69, 73, 70,
    72, 73, 73, 72, 72, 73, 75, 76, 74, 77, 74, 72, 72, 74, 73, 76, 73,
    72 ]
