%YAML:1.0
---
videoName: "headNod23.mp4"
gestureLabel: 202
fps: 29
pixelSizeInCmTemp: 3.1933333333333330e-01
faceCenterPointX: 273
faceCenterPointY: 75
headPositionsX: [ 271, 275, 275, 275, 272, 273, 276, 274, 274, 274, 276,
    276, 274, 276, 276, 276, 272, 275, 275, 276, 273, 275, 274, 275, 275,
    275, 273, 274, 276, 274, 273, 276, 273, 273, 272, 275, 273, 276, 271,
    273, 274, 269, 274, 271, 273, 271, 273, 272, 272, 272, 276, 276, 276,
    274, 275, 274, 274, 275, 274, 275, 274, 273, 271, 276, 271, 271, 272,
    274, 276, 275, 275, 276, 275, 275, 274, 273, 273, 275, 273, 274, 274,
    274, 274, 271, 275, 276, 274, 273, 275, 276, 276, 274, 273, 275, 274,
    275, 275, 273, 276, 275 ]
headPositionsY: [ 76, 78, 76, 76, 76, 77, 77, 75, 77, 75, 77, 74, 77, 78,
    77, 75, 79, 74, 75, 77, 77, 76, 79, 76, 74, 74, 67, 68, 64, 65, 66,
    64, 64, 65, 67, 73, 74, 76, 77, 82, 82, 83, 81, 80, 76, 74, 71, 71,
    68, 69, 67, 69, 69, 71, 70, 73, 78, 76, 80, 79, 78, 76, 73, 71, 69,
    67, 67, 67, 68, 69, 73, 76, 75, 78, 76, 77, 81, 77, 79, 77, 74, 76,
    74, 71, 74, 71, 75, 73, 75, 74, 74, 76, 77, 76, 74, 78, 74, 75, 74,
    74 ]
