%YAML:1.0
---
videoName: "headNod9.mp4"
gestureLabel: 202
fps: 29
pixelSizeInCmTemp: 3.1513157894736843e-01
faceCenterPointX: 261
faceCenterPointY: 75
headPositionsX: [ 262, 259, 261, 261, 259, 263, 261, 260, 260, 260, 261,
    260, 262, 262, 262, 263, 261, 261, 260, 259, 263, 263, 263, 261, 261,
    262, 263, 263, 261, 259, 261, 261, 263, 260, 259, 260, 262, 259, 263,
    263, 263, 261, 262, 259, 263, 261, 261, 260, 259, 257, 259, 260, 261,
    262, 261, 263, 263, 259, 260, 262, 258, 259, 259, 261, 263, 261, 263,
    261, 259, 259, 261, 261, 261, 257, 262, 259, 261, 259, 258, 257, 256,
    259, 260, 256, 257, 258, 259, 259, 256, 261, 259, 259, 259, 261, 261,
    262, 259, 261, 261, 261 ]
headPositionsY: [ 74, 73, 74, 74, 75, 73, 75, 77, 75, 74, 76, 77, 78, 77,
    74, 76, 75, 77, 73, 74, 75, 76, 76, 75, 78, 77, 76, 76, 76, 77, 79,
    79, 78, 82, 79, 79, 78, 75, 77, 75, 72, 72, 78, 81, 83, 85, 85, 82,
    79, 79, 75, 76, 79, 76, 83, 84, 85, 84, 83, 78, 74, 75, 71, 74, 78,
    80, 82, 82, 83, 83, 81, 74, 74, 71, 70, 70, 70, 76, 75, 80, 83, 85,
    82, 83, 80, 79, 76, 73, 76, 73, 74, 71, 70, 75, 73, 76, 73, 74, 76,
    73 ]
