%YAML:1.0
---
videoName: "headNod18.mp4"
gestureLabel: 202
fps: 29
pixelSizeInCmTemp: 3.3263888888888887e-01
faceCenterPointX: 255
faceCenterPointY: 77
headPositionsX: [ 256, 256, 257, 255, 259, 254, 258, 256, 255, 256, 254,
    256, 256, 254, 253, 256, 255, 254, 254, 253, 254, 256, 254, 257, 255,
    253, 258, 257, 255, 256, 258, 257, 257, 257, 254, 256, 255, 254, 255,
    253, 254, 254, 256, 256, 254, 257, 255, 256, 256, 254, 254, 253, 252,
    256, 255, 254, 256, 253, 255, 253, 256, 253, 254, 252, 255, 252, 253,
    255, 256, 252, 252, 253, 254, 254, 256, 252, 255, 253, 252, 256, 253,
    254, 255, 252, 254, 256, 254, 255, 253, 254, 255, 256, 256, 257, 254,
    252, 254, 255, 253, 254 ]
headPositionsY: [ 76, 77, 79, 75, 77, 75, 77, 76, 76, 79, 78, 79, 78, 76,
    75, 76, 78, 76, 77, 76, 78, 77, 75, 79, 80, 77, 81, 80, 77, 75, 81,
    79, 79, 77, 78, 79, 78, 80, 78, 76, 74, 74, 70, 74, 74, 71, 69, 72,
    77, 77, 75, 81, 79, 84, 81, 79, 77, 73, 73, 70, 74, 72, 75, 77, 83,
    84, 78, 79, 73, 75, 74, 77, 76, 78, 85, 83, 80, 79, 75, 75, 74, 78,
    75, 76, 79, 83, 85, 83, 80, 81, 81, 77, 75, 78, 75, 79, 79, 76, 77,
    80 ]
