%YAML:1.0
---
videoName: "headNod47.mp4"
gestureLabel: 202
fps: 29
pixelSizeInCmTemp: 3.0316455696202532e-01
faceCenterPointX: 266
faceCenterPointY: 70
headPositionsX: [ 266, 267, 265, 266, 266, 268, 268, 267, 264, 268, 264,
    265, 267, 265, 263, 266, 267, 266, 266, 264, 266, 263, 267, 267, 267,
    264, 268, 268, 266, 267, 265, 269, 269, 268, 267, 268, 266, 266, 267,
    270, 268, 269, 269, 267, 267, 268, 264, 265, 265, 267, 268, 266, 268,
    268, 267, 267, 267, 266, 265, 267, 265, 268, 267, 265, 265, 265, 264,
    266, 265, 268, 265, 269, 265, 264, 268, 265, 267, 268, 266, 269, 267,
    267, 265, 267, 267, 264, 268, 263, 268, 268, 263, 268, 268, 265, 264,
    267, 265, 264, 268, 266 ]
headPositionsY: [ 71, 61, 62, 58, 59, 56, 58, 63, 62, 66, 70, 74, 81, 82,
    83, 74, 74, 72, 69, 69, 66, 66, 65, 68, 71, 75, 75, 79, 79, 73, 75,
    70, 69, 68, 68, 67, 69, 73, 72, 73, 75, 81, 80, 76, 74, 74, 70, 71,
    66, 67, 68, 71, 69, 74, 73, 75, 75, 73, 71, 72, 70, 67, 70, 66, 66,
    70, 73, 72, 75, 76, 76, 73, 74, 69, 70, 71, 68, 66, 68, 71, 73, 73,
    72, 76, 73, 70, 69, 72, 69, 68, 70, 69, 70, 72, 71, 69, 69, 72, 69,
    70 ]
