%YAML:1.0
---
videoName: "headNod24.mp4"
gestureLabel: 202
fps: 29
pixelSizeInCmTemp: 3.1513157894736843e-01
faceCenterPointX: 272
faceCenterPointY: 72
headPositionsX: [ 272, 275, 272, 274, 274, 273, 274, 273, 274, 274, 273,
    274, 272, 275, 273, 272, 276, 275, 272, 273, 271, 272, 271, 272, 272,
    272, 272, 275, 272, 274, 274, 272, 271, 271, 274, 274, 275, 274, 273,
    276, 275, 274, 272, 274, 273, 272, 274, 275, 273, 272, 272, 274, 275,
    273, 274, 274, 273, 274, 270, 273, 273, 273, 268, 273, 273, 269, 270,
    271, 272, 271, 270, 270, 273, 272, 268, 271, 272, 268, 271, 268, 270,
    271, 269, 271, 268, 271, 269, 272, 268, 272, 270, 271, 270, 272, 271,
    272, 271, 270, 273, 272 ]
headPositionsY: [ 71, 73, 71, 75, 74, 71, 72, 75, 76, 71, 73, 73, 72, 74,
    72, 74, 71, 74, 74, 73, 71, 75, 74, 72, 74, 75, 75, 74, 76, 74, 71,
    73, 74, 75, 72, 71, 69, 70, 67, 70, 71, 75, 77, 79, 83, 80, 81, 77,
    72, 65, 69, 67, 70, 73, 75, 73, 75, 73, 70, 68, 67, 67, 66, 67, 71,
    75, 73, 76, 75, 72, 72, 69, 71, 66, 69, 70, 73, 76, 74, 76, 72, 72,
    74, 73, 68, 72, 70, 69, 71, 73, 73, 70, 73, 72, 71, 75, 72, 70, 71,
    69 ]
