%YAML:1.0
---
videoName: "headNod47.mp4"
gestureLabel: 202
fps: 29
pixelSizeInCmTemp: 3.0316455696202532e-01
faceCenterPointX: 266
faceCenterPointY: 70
headPositionsX: [ 266, 268, 269, 269, 268, 266, 268, 267, 264, 267, 268,
    265, 267, 263, 262, 264, 266, 265, 263, 267, 267, 264, 267, 264, 266,
    267, 268, 267, 264, 269, 267, 269, 269, 268, 265, 265, 268, 268, 269,
    267, 269, 268, 268, 269, 269, 268, 266, 265, 267, 266, 265, 268, 267,
    269, 267, 267, 268, 265, 265, 268, 264, 268, 266, 264, 265, 265, 268,
    268, 264, 267, 267, 269, 269, 264, 265, 269, 268, 264, 266, 265, 266,
    264, 265, 264, 267, 267, 266, 266, 266, 265, 264, 264, 266, 264, 264,
    265, 267, 266, 267, 268 ]
headPositionsY: [ 69, 64, 59, 61, 61, 59, 57, 60, 65, 66, 70, 75, 81, 83,
    81, 74, 76, 71, 70, 65, 67, 63, 66, 69, 73, 76, 76, 78, 78, 73, 75,
    72, 68, 69, 65, 70, 68, 73, 74, 75, 78, 80, 79, 77, 76, 74, 72, 71,
    70, 69, 68, 71, 70, 71, 74, 75, 74, 70, 72, 70, 66, 66, 66, 66, 70,
    67, 73, 72, 75, 76, 74, 73, 72, 73, 68, 68, 71, 68, 68, 73, 73, 76,
    74, 73, 72, 69, 73, 72, 68, 69, 70, 68, 71, 71, 72, 69, 73, 70, 71,
    69 ]
