%YAML:1.0
---
videoName: "headNod22.mp4"
gestureLabel: 202
fps: 29
pixelSizeInCmTemp: 3.1513157894736843e-01
faceCenterPointX: 252
faceCenterPointY: 80
headPositionsX: [ 250, 250, 253, 254, 255, 253, 250, 255, 255, 253, 255,
    255, 251, 253, 255, 250, 254, 251, 252, 253, 251, 254, 252, 252, 252,
    255, 251, 252, 252, 255, 253, 253, 252, 254, 254, 254, 255, 255, 255,
    253, 253, 252, 254, 254, 254, 253, 253, 254, 253, 251, 252, 255, 254,
    251, 250, 253, 252, 249, 249, 253, 254, 251, 255, 250, 251, 252, 254,
    253, 250, 251, 255, 254, 253, 255, 253, 250, 254, 252, 252, 254, 251,
    254, 251, 255, 253, 255, 253, 248, 252, 250, 250, 253, 250, 251, 250,
    250, 249, 251, 253, 250 ]
headPositionsY: [ 79, 80, 78, 80, 80, 78, 76, 76, 79, 80, 77, 79, 76, 80,
    79, 79, 80, 76, 77, 81, 78, 79, 81, 78, 80, 82, 81, 83, 80, 79, 78,
    75, 74, 73, 72, 73, 72, 77, 78, 83, 87, 82, 82, 79, 73, 70, 73, 69,
    73, 72, 74, 81, 80, 85, 84, 82, 82, 77, 75, 74, 74, 70, 73, 75, 78,
    80, 79, 78, 79, 78, 76, 74, 77, 73, 75, 76, 79, 82, 78, 81, 78, 75,
    73, 79, 75, 78, 80, 83, 80, 77, 76, 80, 80, 77, 79, 81, 82, 82, 82,
    81 ]
