%YAML:1.0
---
videoName: "headNod38.mp4"
gestureLabel: 202
fps: 29
pixelSizeInCmTemp: 2.9937500000000000e-01
faceCenterPointX: 267
faceCenterPointY: 73
headPositionsX: [ 269, 269, 268, 268, 268, 267, 268, 266, 264, 267, 268,
    267, 264, 266, 267, 266, 264, 268, 267, 265, 266, 269, 266, 265, 265,
    265, 267, 264, 267, 264, 266, 264, 263, 266, 265, 262, 265, 265, 267,
    266, 265, 264, 266, 264, 268, 265, 265, 266, 267, 266, 267, 267, 269,
    269, 266, 267, 270, 266, 269, 269, 269, 269, 269, 268, 268, 269, 270,
    268, 270, 266, 270, 267, 267, 269, 265, 266, 270, 267, 269, 268, 268,
    269, 266, 267, 269, 270, 267, 266, 270, 266, 270, 269, 265, 268, 265,
    269, 268, 268, 268, 265 ]
headPositionsY: [ 72, 72, 74, 75, 80, 81, 81, 85, 88, 82, 79, 75, 76, 77,
    79, 82, 85, 86, 85, 87, 84, 81, 73, 76, 76, 79, 82, 87, 89, 90, 87,
    86, 81, 78, 76, 73, 73, 76, 79, 77, 81, 86, 90, 89, 86, 81, 79, 76,
    74, 72, 73, 70, 73, 77, 80, 84, 86, 88, 84, 83, 82, 80, 75, 77, 73,
    73, 70, 73, 76, 75, 79, 81, 82, 83, 85, 85, 83, 81, 80, 76, 75, 73,
    74, 70, 72, 70, 74, 71, 72, 73, 71, 73, 73, 71, 72, 73, 74, 73, 71,
    74 ]
