%YAML:1.0
---
videoName: "headNod11.mp4"
gestureLabel: 202
fps: 29
pixelSizeInCmTemp: 3.2364864864864862e-01
faceCenterPointX: 261
faceCenterPointY: 75
headPositionsX: [ 263, 260, 258, 257, 260, 259, 259, 260, 257, 258, 257,
    260, 261, 260, 258, 260, 260, 258, 258, 257, 260, 258, 260, 263, 259,
    260, 259, 259, 261, 262, 259, 262, 263, 259, 262, 261, 263, 258, 260,
    262, 261, 261, 261, 259, 260, 262, 260, 259, 258, 261, 263, 259, 261,
    261, 259, 262, 263, 261, 257, 258, 259, 257, 260, 256, 261, 258, 258,
    258, 257, 260, 259, 257, 256, 258, 256, 257, 256, 259, 259, 255, 257,
    256, 258, 261, 258, 257, 258, 259, 261, 260, 259, 259, 260, 257, 260,
    260, 258, 259, 259, 258 ]
headPositionsY: [ 75, 75, 72, 73, 73, 77, 76, 75, 74, 73, 75, 74, 75, 77,
    74, 74, 76, 74, 75, 72, 75, 72, 74, 76, 77, 74, 75, 74, 73, 74, 73,
    76, 74, 76, 75, 72, 76, 77, 76, 73, 74, 77, 76, 75, 73, 77, 77, 74,
    71, 72, 71, 66, 70, 69, 68, 73, 75, 76, 77, 79, 78, 77, 75, 71, 72,
    67, 67, 67, 70, 72, 73, 74, 80, 79, 80, 80, 77, 78, 74, 74, 72, 71,
    73, 71, 75, 75, 76, 78, 82, 82, 79, 79, 78, 75, 75, 78, 75, 74, 76,
    75 ]
