%YAML:1.0
---
videoName: "headNod44.mp4"
gestureLabel: 202
fps: 29
pixelSizeInCmTemp: 2.9567901234567900e-01
faceCenterPointX: 268
faceCenterPointY: 78
headPositionsX: [ 267, 270, 270, 272, 268, 269, 267, 267, 270, 271, 267,
    267, 270, 268, 268, 267, 268, 266, 268, 269, 267, 268, 270, 270, 269,
    266, 267, 265, 269, 267, 268, 268, 268, 268, 266, 267, 267, 269, 266,
    267, 267, 268, 264, 267, 267, 267, 265, 268, 267, 265, 268, 267, 269,
    269, 269, 266, 267, 267, 268, 268, 268, 270, 265, 270, 269, 266, 267,
    268, 270, 270, 268, 267, 270, 268, 268, 269, 267, 268, 267, 267, 271,
    267, 268, 268, 267, 266, 268, 271, 270, 267, 267, 266, 270, 266, 265,
    269, 268, 266, 270, 266 ]
headPositionsY: [ 77, 74, 77, 73, 77, 75, 74, 75, 75, 73, 76, 76, 73, 75,
    75, 76, 74, 79, 81, 83, 83, 89, 93, 94, 93, 95, 90, 85, 80, 73, 74,
    71, 69, 72, 71, 76, 77, 84, 85, 88, 86, 83, 82, 76, 71, 71, 75, 76,
    77, 80, 83, 90, 92, 87, 88, 83, 79, 75, 73, 73, 75, 77, 80, 84, 84,
    87, 82, 79, 81, 78, 74, 75, 77, 78, 81, 83, 86, 88, 88, 86, 82, 84,
    80, 77, 76, 80, 75, 78, 75, 78, 79, 77, 78, 76, 78, 78, 76, 75, 79,
    78 ]
