%YAML:1.0
---
videoName: "headNod25.mp4"
gestureLabel: 202
fps: 29
pixelSizeInCmTemp: 3.1933333333333330e-01
faceCenterPointX: 270
faceCenterPointY: 75
headPositionsX: [ 272, 270, 271, 273, 272, 272, 269, 269, 272, 270, 267,
    271, 266, 267, 269, 269, 269, 269, 271, 273, 270, 271, 272, 270, 272,
    271, 275, 272, 273, 274, 272, 273, 270, 273, 272, 272, 272, 271, 270,
    272, 271, 272, 271, 271, 270, 271, 273, 271, 271, 272, 271, 273, 271,
    273, 271, 272, 270, 272, 271, 270, 269, 270, 273, 269, 269, 273, 270,
    272, 270, 270, 269, 272, 271, 269, 269, 271, 268, 272, 274, 272, 273,
    273, 271, 271, 270, 268, 272, 271, 272, 272, 273, 273, 269, 273, 268,
    269, 270, 270, 270, 270 ]
headPositionsY: [ 73, 73, 72, 76, 72, 73, 75, 74, 76, 73, 74, 76, 76, 77,
    73, 73, 74, 73, 75, 73, 77, 72, 74, 73, 72, 75, 76, 76, 73, 72, 74,
    77, 77, 74, 76, 75, 75, 73, 77, 77, 72, 74, 74, 76, 73, 77, 73, 74,
    74, 69, 69, 70, 67, 66, 65, 65, 68, 66, 67, 68, 71, 74, 79, 85, 89,
    87, 89, 85, 82, 82, 78, 75, 72, 71, 69, 66, 68, 70, 70, 70, 74, 75,
    77, 79, 79, 79, 79, 78, 79, 79, 74, 77, 75, 77, 74, 78, 75, 73, 73,
    77 ]
