%YAML:1.0
---
videoName: "headNod33.mp4"
gestureLabel: 202
fps: 29
pixelSizeInCmTemp: 2.9567901234567900e-01
faceCenterPointX: 268
faceCenterPointY: 74
headPositionsX: [ 267, 267, 271, 271, 268, 269, 271, 271, 272, 271, 268,
    268, 269, 268, 269, 269, 272, 270, 270, 268, 273, 272, 269, 270, 271,
    268, 267, 272, 271, 270, 268, 268, 271, 270, 270, 271, 269, 271, 270,
    270, 267, 271, 268, 268, 270, 267, 270, 270, 272, 267, 271, 269, 266,
    268, 270, 267, 268, 268, 269, 266, 269, 265, 269, 266, 267, 269, 269,
    270, 268, 268, 265, 269, 266, 270, 269, 271, 271, 267, 268, 267, 269,
    270, 267, 266, 267, 265, 267, 268, 267, 267, 267, 265, 266, 266, 268,
    267, 268, 268, 270, 265 ]
headPositionsY: [ 72, 70, 73, 73, 73, 70, 74, 71, 73, 70, 72, 71, 72, 70,
    74, 72, 70, 71, 70, 69, 74, 72, 69, 71, 73, 72, 73, 70, 70, 72, 70,
    73, 72, 76, 74, 77, 78, 74, 74, 72, 68, 69, 67, 63, 67, 66, 70, 74,
    77, 82, 81, 82, 80, 77, 73, 71, 72, 69, 72, 70, 69, 72, 70, 73, 73,
    77, 78, 79, 79, 77, 73, 76, 71, 72, 71, 70, 70, 72, 75, 76, 76, 78,
    78, 78, 79, 76, 78, 75, 75, 77, 73, 77, 76, 77, 75, 78, 74, 73, 73,
    73 ]
