%YAML:1.0
---
videoName: "headNod47.mp4"
gestureLabel: 202
fps: 29
pixelSizeInCmTemp: 3.0316455696202532e-01
faceCenterPointX: 266
faceCenterPointY: 70
headPositionsX: [ 265, 267, 269, 269, 268, 266, 264, 266, 266, 266, 266,
    268, 265, 267, 264, 262, 267, 266, 265, 263, 267, 266, 264, 265, 264,
    265, 268, 269, 266, 269, 267, 270, 268, 267, 269, 265, 268, 268, 266,
    267, 266, 268, 266, 266, 270, 266, 268, 268, 264, 264, 265, 265, 267,
    267, 268, 267, 269, 269, 266, 265, 266, 267, 267, 266, 266, 268, 264,
    269, 264, 268, 265, 267, 269, 268, 269, 267, 265, 264, 265, 266, 266,
    264, 267, 264, 268, 266, 266, 266, 265, 267, 263, 268, 266, 265, 264,
    267, 268, 265, 267, 267 ]
headPositionsY: [ 71, 60, 58, 59, 61, 58, 61, 61, 65, 68, 72, 75, 81, 82,
    79, 74, 74, 71, 69, 69, 67, 64, 65, 71, 71, 73, 76, 80, 78, 76, 76,
    73, 70, 66, 65, 69, 69, 72, 74, 75, 75, 77, 80, 80, 76, 73, 68, 71,
    68, 67, 71, 70, 70, 74, 73, 76, 76, 74, 70, 71, 68, 67, 70, 70, 66,
    70, 69, 75, 74, 76, 74, 71, 73, 70, 67, 71, 71, 66, 69, 72, 72, 72,
    73, 72, 74, 72, 71, 69, 69, 68, 70, 72, 69, 71, 73, 70, 73, 71, 72,
    73 ]
