%YAML:1.0
---
videoName: "headNod31.mp4"
gestureLabel: 202
fps: 29
pixelSizeInCmTemp: 2.8855421686746985e-01
faceCenterPointX: 267
faceCenterPointY: 75
headPositionsX: [ 268, 270, 270, 269, 270, 268, 271, 269, 270, 268, 271,
    270, 271, 269, 268, 268, 269, 266, 267, 265, 266, 265, 268, 265, 265,
    267, 265, 268, 269, 266, 266, 269, 270, 267, 270, 268, 269, 268, 266,
    268, 266, 266, 266, 267, 267, 269, 267, 269, 270, 266, 265, 267, 265,
    265, 264, 266, 265, 268, 269, 264, 267, 269, 264, 265, 265, 266, 265,
    266, 268, 267, 267, 267, 268, 267, 266, 266, 268, 268, 267, 266, 269,
    266, 266, 266, 267, 265, 267, 265, 265, 265, 269, 268, 269, 265, 267,
    269, 266, 265, 268, 266 ]
headPositionsY: [ 76, 75, 73, 75, 72, 72, 72, 69, 66, 68, 64, 67, 66, 64,
    77, 78, 80, 85, 86, 87, 84, 81, 83, 77, 74, 73, 72, 72, 70, 66, 69,
    70, 74, 74, 77, 83, 85, 84, 86, 89, 86, 82, 81, 77, 73, 76, 73, 75,
    77, 77, 80, 81, 84, 85, 82, 81, 77, 73, 72, 71, 72, 69, 70, 70, 74,
    73, 77, 78, 79, 80, 80, 80, 78, 77, 77, 74, 71, 73, 69, 70, 74, 77,
    76, 77, 78, 77, 79, 78, 76, 76, 73, 75, 72, 74, 76, 77, 75, 77, 77,
    75 ]
