%YAML:1.0
---
videoName: "headNod49.mp4"
gestureLabel: 202
fps: 29
pixelSizeInCmTemp: 2.9207317073170730e-01
faceCenterPointX: 263
faceCenterPointY: 74
headPositionsX: [ 263, 264, 263, 265, 264, 265, 264, 267, 266, 262, 264,
    266, 263, 266, 262, 263, 264, 264, 264, 267, 266, 263, 266, 266, 267,
    266, 262, 263, 264, 263, 266, 262, 265, 266, 263, 266, 262, 263, 262,
    263, 263, 262, 261, 265, 263, 261, 262, 261, 261, 262, 262, 265, 265,
    265, 265, 263, 262, 265, 265, 263, 261, 263, 266, 263, 263, 262, 265,
    266, 263, 265, 265, 266, 266, 265, 266, 263, 263, 264, 262, 263, 264,
    265, 262, 264, 263, 260, 261, 263, 260, 264, 263, 265, 261, 265, 263,
    262, 262, 260, 260, 262 ]
headPositionsY: [ 72, 73, 71, 70, 70, 74, 73, 71, 75, 72, 73, 69, 71, 68,
    68, 70, 70, 70, 67, 67, 66, 70, 72, 72, 77, 79, 78, 76, 73, 73, 73,
    69, 70, 70, 71, 71, 73, 74, 72, 76, 79, 76, 78, 76, 73, 72, 70, 72,
    69, 69, 73, 75, 77, 78, 78, 76, 76, 79, 75, 72, 73, 74, 75, 73, 73,
    76, 73, 77, 81, 80, 75, 76, 75, 74, 77, 72, 74, 74, 74, 73, 75, 76,
    78, 74, 76, 77, 73, 74, 73, 75, 76, 73, 74, 74, 74, 73, 75, 73, 75,
    76 ]
