%YAML:1.0
---
videoName: "headNod43.mp4"
gestureLabel: 202
fps: 29
pixelSizeInCmTemp: 2.8855421686746985e-01
faceCenterPointX: 268
faceCenterPointY: 74
headPositionsX: [ 267, 270, 268, 268, 268, 270, 271, 269, 268, 267, 269,
    271, 267, 266, 270, 269, 269, 270, 267, 267, 268, 269, 269, 270, 267,
    266, 266, 267, 266, 268, 266, 265, 265, 265, 268, 265, 264, 265, 267,
    264, 264, 263, 266, 264, 265, 263, 266, 265, 265, 267, 263, 264, 265,
    266, 262, 265, 263, 264, 265, 263, 264, 264, 263, 262, 266, 266, 268,
    267, 265, 270, 269, 269, 267, 266, 266, 267, 267, 266, 267, 268, 268,
    268, 269, 267, 271, 267, 271, 267, 268, 268, 267, 270, 267, 268, 271,
    268, 266, 268, 268, 266 ]
headPositionsY: [ 76, 76, 78, 75, 75, 77, 78, 73, 75, 76, 76, 76, 75, 72,
    77, 74, 73, 75, 74, 76, 73, 77, 74, 75, 75, 76, 82, 82, 87, 88, 88,
    89, 88, 82, 78, 76, 77, 80, 83, 84, 89, 89, 92, 86, 82, 81, 78, 81,
    84, 86, 89, 90, 89, 89, 90, 84, 82, 81, 83, 84, 89, 89, 91, 90, 88,
    84, 86, 83, 77, 77, 78, 79, 83, 89, 88, 88, 89, 90, 82, 79, 80, 74,
    72, 75, 73, 72, 71, 75, 76, 71, 71, 72, 74, 72, 72, 72, 74, 76, 73,
    76 ]
