%YAML:1.0
---
videoName: "headNod34.mp4"
gestureLabel: 202
fps: 29
pixelSizeInCmTemp: 2.9567901234567900e-01
faceCenterPointX: 266
faceCenterPointY: 78
headPositionsX: [ 266, 269, 268, 267, 269, 267, 269, 269, 271, 267, 267,
    269, 269, 271, 271, 267, 270, 271, 269, 269, 271, 269, 267, 269, 272,
    269, 271, 268, 271, 269, 272, 270, 267, 271, 270, 269, 271, 271, 270,
    270, 271, 267, 269, 268, 270, 271, 272, 268, 269, 268, 267, 270, 271,
    270, 271, 271, 268, 270, 271, 272, 271, 273, 272, 271, 271, 272, 270,
    269, 269, 267, 268, 270, 270, 268, 267, 269, 269, 268, 265, 264, 264,
    266, 263, 266, 263, 265, 267, 267, 267, 268, 267, 265, 266, 268, 268,
    265, 268, 268, 264, 268 ]
headPositionsY: [ 78, 74, 75, 77, 77, 77, 76, 74, 76, 78, 75, 78, 78, 76,
    78, 74, 77, 75, 76, 76, 76, 76, 78, 76, 77, 76, 76, 75, 75, 76, 75,
    76, 78, 79, 75, 78, 75, 74, 74, 69, 73, 73, 74, 75, 82, 83, 90, 88,
    86, 82, 82, 74, 74, 71, 70, 72, 75, 75, 78, 84, 84, 84, 82, 80, 77,
    79, 76, 78, 78, 81, 83, 86, 84, 83, 80, 79, 79, 77, 79, 77, 79, 82,
    83, 82, 83, 80, 81, 81, 79, 77, 80, 81, 78, 81, 82, 81, 78, 80, 77,
    79 ]
