%YAML:1.0
---
videoName: "headNod34.mp4"
gestureLabel: 202
fps: 29
pixelSizeInCmTemp: 2.9567901234567900e-01
faceCenterPointX: 266
faceCenterPointY: 78
headPositionsX: [ 267, 267, 268, 266, 268, 267, 269, 271, 268, 269, 269,
    266, 268, 267, 269, 267, 270, 269, 271, 268, 268, 268, 271, 270, 272,
    269, 269, 272, 272, 269, 269, 271, 267, 269, 271, 271, 271, 269, 268,
    268, 270, 267, 268, 272, 269, 269, 272, 267, 267, 267, 268, 270, 270,
    268, 269, 270, 271, 271, 272, 271, 272, 270, 268, 269, 272, 270, 269,
    268, 268, 270, 268, 268, 267, 268, 264, 268, 268, 265, 267, 266, 268,
    265, 265, 266, 263, 267, 265, 264, 267, 265, 267, 266, 267, 266, 264,
    264, 265, 269, 266, 266 ]
headPositionsY: [ 77, 75, 76, 77, 77, 77, 77, 75, 76, 77, 76, 74, 79, 77,
    75, 75, 78, 75, 75, 75, 76, 74, 78, 79, 79, 78, 76, 75, 74, 75, 75,
    74, 78, 78, 77, 76, 78, 73, 74, 72, 69, 71, 73, 73, 83, 86, 88, 86,
    87, 85, 79, 77, 73, 73, 72, 72, 72, 76, 78, 82, 84, 81, 79, 81, 81,
    78, 76, 78, 77, 81, 85, 86, 85, 81, 83, 79, 79, 79, 75, 80, 79, 82,
    80, 84, 83, 83, 81, 79, 79, 77, 76, 79, 80, 78, 80, 80, 82, 79, 77,
    82 ]
