%YAML:1.0
---
videoName: "headNod43.mp4"
gestureLabel: 202
fps: 29
pixelSizeInCmTemp: 2.8855421686746985e-01
faceCenterPointX: 268
faceCenterPointY: 74
headPositionsX: [ 267, 270, 272, 270, 268, 270, 272, 268, 271, 269, 269,
    271, 268, 266, 271, 270, 270, 268, 269, 270, 269, 267, 267, 269, 268,
    267, 269, 266, 267, 264, 265, 263, 267, 265, 264, 267, 267, 263, 264,
    265, 266, 266, 265, 264, 267, 267, 266, 268, 265, 264, 266, 266, 263,
    262, 262, 265, 264, 266, 262, 265, 265, 266, 264, 265, 267, 265, 264,
    266, 266, 266, 268, 266, 270, 270, 268, 264, 268, 265, 266, 265, 269,
    271, 270, 270, 271, 266, 268, 270, 268, 269, 268, 270, 268, 266, 270,
    267, 270, 266, 268, 266 ]
headPositionsY: [ 75, 79, 74, 77, 75, 78, 78, 74, 75, 76, 77, 75, 75, 74,
    78, 74, 73, 73, 76, 73, 73, 76, 73, 74, 75, 78, 79, 83, 89, 89, 91,
    89, 86, 84, 80, 76, 78, 78, 81, 88, 90, 91, 88, 86, 83, 82, 78, 82,
    83, 84, 86, 89, 91, 91, 87, 83, 84, 80, 83, 87, 86, 91, 89, 92, 88,
    84, 83, 80, 81, 80, 80, 82, 85, 87, 91, 90, 92, 88, 85, 80, 80, 73,
    74, 74, 73, 74, 72, 75, 73, 71, 72, 75, 75, 72, 73, 73, 73, 72, 74,
    75 ]
