%YAML:1.0
---
videoName: "headNod9.mp4"
gestureLabel: 202
fps: 29
pixelSizeInCmTemp: 3.1513157894736843e-01
faceCenterPointX: 261
faceCenterPointY: 75
headPositionsX: [ 263, 263, 263, 261, 259, 262, 258, 262, 259, 260, 258,
    259, 262, 262, 258, 259, 259, 259, 262, 259, 260, 263, 262, 261, 262,
    261, 259, 260, 263, 263, 262, 262, 261, 260, 259, 262, 262, 258, 262,
    263, 260, 259, 259, 258, 261, 259, 260, 258, 260, 261, 260, 261, 260,
    261, 263, 263, 259, 258, 261, 260, 261, 260, 259, 259, 261, 261, 262,
    259, 260, 261, 262, 261, 259, 257, 261, 261, 261, 259, 261, 260, 260,
    257, 257, 259, 261, 256, 260, 260, 259, 261, 260, 260, 259, 258, 260,
    261, 259, 259, 258, 261 ]
headPositionsY: [ 74, 76, 74, 72, 75, 75, 75, 77, 77, 76, 74, 78, 78, 75,
    76, 73, 76, 76, 74, 77, 75, 73, 75, 77, 77, 77, 75, 73, 75, 76, 78,
    76, 77, 80, 80, 81, 77, 74, 73, 71, 72, 76, 79, 80, 84, 86, 87, 82,
    83, 81, 76, 78, 75, 80, 83, 86, 87, 85, 80, 78, 74, 75, 73, 75, 78,
    78, 83, 83, 85, 82, 78, 77, 72, 71, 72, 71, 72, 72, 78, 80, 80, 82,
    83, 81, 79, 78, 76, 77, 73, 73, 71, 71, 73, 72, 75, 73, 72, 74, 76,
    75 ]
