%YAML:1.0
---
videoName: "headNod30.mp4"
gestureLabel: 202
fps: 29
pixelSizeInCmTemp: 3.2364864864864862e-01
faceCenterPointX: 271
faceCenterPointY: 72
headPositionsX: [ 273, 272, 270, 270, 272, 273, 270, 273, 273, 270, 273,
    272, 272, 271, 273, 273, 271, 271, 273, 270, 273, 272, 271, 273, 272,
    274, 274, 271, 272, 272, 275, 273, 269, 272, 273, 269, 272, 272, 272,
    272, 272, 268, 269, 271, 267, 270, 270, 268, 271, 268, 268, 270, 268,
    269, 270, 270, 268, 271, 272, 271, 271, 271, 272, 270, 269, 270, 272,
    271, 272, 269, 270, 270, 271, 273, 272, 270, 273, 270, 269, 273, 269,
    271, 273, 273, 270, 270, 272, 272, 274, 272, 271, 271, 269, 269, 269,
    271, 271, 271, 271, 271 ]
headPositionsY: [ 70, 74, 73, 73, 74, 77, 73, 74, 76, 73, 75, 74, 77, 76,
    78, 77, 77, 73, 75, 73, 75, 73, 73, 68, 70, 67, 69, 70, 68, 73, 73,
    76, 76, 83, 83, 79, 82, 76, 73, 71, 73, 71, 70, 73, 74, 77, 80, 81,
    78, 80, 75, 73, 73, 71, 73, 71, 73, 70, 71, 74, 75, 77, 77, 75, 73,
    73, 70, 68, 72, 71, 68, 70, 72, 72, 72, 72, 74, 74, 74, 69, 72, 69,
    68, 69, 70, 71, 72, 71, 75, 75, 74, 74, 73, 75, 71, 73, 73, 71, 74,
    73 ]
