%YAML:1.0
---
videoName: "headNod20.mp4"
gestureLabel: 202
fps: 30
pixelSizeInCmTemp: 3.2808219178082193e-01
faceCenterPointX: 253
faceCenterPointY: 80
headPositionsX: [ 252, 254, 257, 257, 254, 256, 257, 256, 257, 256, 253,
    257, 255, 257, 255, 253, 255, 256, 255, 254, 254, 254, 255, 255, 257,
    255, 258, 254, 256, 254, 255, 256, 257, 256, 258, 254, 254, 254, 252,
    254, 254, 253, 256, 254, 252, 255, 253, 251, 254, 254, 252, 253, 252,
    249, 252, 253, 252, 253, 252, 253, 252, 252, 252, 250, 252, 252, 254,
    255, 252, 253, 252, 253, 251, 251, 251, 254, 251, 254, 254, 250, 253,
    251, 253, 253, 253, 250, 254, 254, 252, 256, 253, 254, 253, 254, 254,
    252, 251, 255, 254, 252 ]
headPositionsY: [ 80, 76, 77, 77, 77, 77, 77, 79, 77, 77, 79, 77, 78, 79,
    80, 76, 78, 76, 78, 77, 76, 80, 81, 77, 80, 78, 81, 77, 81, 81, 83,
    84, 85, 86, 85, 84, 79, 77, 75, 74, 74, 70, 73, 72, 77, 78, 84, 89,
    90, 88, 85, 85, 79, 77, 79, 78, 77, 81, 79, 81, 84, 82, 83, 77, 76,
    79, 82, 80, 83, 82, 84, 81, 79, 76, 76, 80, 81, 82, 82, 81, 82, 81,
    81, 79, 82, 78, 81, 82, 82, 83, 80, 79, 79, 78, 79, 78, 80, 79, 80,
    83 ]
