%YAML:1.0
---
videoName: "headNod36.mp4"
gestureLabel: 202
fps: 29
pixelSizeInCmTemp: 2.8176470588235292e-01
faceCenterPointX: 269
faceCenterPointY: 75
headPositionsX: [ 268, 268, 270, 270, 272, 270, 272, 272, 271, 269, 269,
    270, 268, 272, 272, 272, 269, 269, 268, 269, 270, 270, 272, 269, 270,
    273, 269, 270, 270, 271, 270, 270, 272, 271, 272, 268, 270, 269, 267,
    267, 269, 267, 267, 270, 272, 271, 272, 270, 269, 269, 272, 268, 273,
    273, 270, 270, 272, 270, 268, 270, 269, 270, 267, 267, 267, 270, 269,
    267, 269, 270, 270, 269, 265, 267, 267, 269, 270, 270, 267, 266, 267,
    267, 268, 270, 271, 270, 269, 270, 269, 268, 269, 267, 268, 268, 270,
    272, 270, 272, 270, 268 ]
headPositionsY: [ 77, 73, 76, 74, 74, 73, 75, 72, 76, 73, 77, 74, 72, 75,
    73, 74, 73, 77, 75, 74, 80, 80, 81, 78, 75, 74, 70, 66, 64, 64, 62,
    62, 69, 75, 78, 86, 90, 88, 88, 88, 85, 78, 74, 72, 72, 69, 68, 67,
    70, 70, 68, 73, 77, 79, 84, 89, 85, 86, 82, 83, 78, 74, 74, 72, 72,
    71, 76, 78, 81, 85, 84, 82, 79, 76, 80, 72, 77, 73, 79, 77, 83, 85,
    82, 85, 82, 84, 81, 80, 76, 77, 76, 74, 76, 76, 75, 73, 76, 77, 77,
    73 ]
