%YAML:1.0
---
videoName: "headNod31.mp4"
gestureLabel: 202
fps: 29
pixelSizeInCmTemp: 2.8855421686746985e-01
faceCenterPointX: 267
faceCenterPointY: 75
headPositionsX: [ 267, 271, 271, 272, 270, 272, 272, 268, 268, 270, 270,
    269, 272, 268, 267, 268, 267, 267, 269, 266, 269, 268, 267, 267, 268,
    264, 268, 265, 270, 267, 268, 270, 271, 268, 270, 267, 271, 267, 267,
    266, 267, 268, 268, 269, 266, 267, 266, 266, 269, 266, 266, 269, 268,
    265, 266, 264, 265, 266, 269, 267, 266, 266, 267, 268, 269, 270, 265,
    266, 265, 267, 266, 264, 265, 265, 265, 265, 268, 264, 267, 268, 266,
    266, 263, 265, 265, 265, 264, 265, 269, 266, 267, 265, 265, 268, 265,
    268, 268, 267, 268, 264 ]
headPositionsY: [ 75, 76, 76, 75, 74, 72, 72, 67, 66, 66, 64, 65, 67, 64,
    78, 82, 84, 87, 85, 83, 83, 85, 83, 79, 72, 74, 70, 72, 70, 66, 70,
    67, 72, 76, 77, 80, 86, 85, 86, 85, 87, 80, 78, 77, 73, 72, 74, 75,
    74, 77, 82, 85, 86, 84, 82, 80, 77, 77, 74, 73, 72, 68, 70, 70, 71,
    71, 75, 79, 78, 83, 81, 81, 80, 75, 77, 73, 70, 71, 73, 70, 76, 75,
    73, 75, 79, 75, 77, 78, 77, 75, 75, 76, 74, 76, 74, 78, 77, 76, 78,
    77 ]
