%YAML:1.0
---
videoName: "headNod18.mp4"
gestureLabel: 202
fps: 29
pixelSizeInCmTemp: 3.3263888888888887e-01
faceCenterPointX: 255
faceCenterPointY: 77
headPositionsX: [ 255, 258, 254, 254, 258, 254, 255, 256, 257, 254, 258,
    257, 257, 254, 257, 254, 253, 253, 257, 253, 257, 255, 256, 255, 253,
    255, 258, 257, 255, 255, 254, 256, 253, 256, 257, 255, 256, 254, 254,
    256, 253, 254, 257, 254, 253, 254, 257, 253, 257, 255, 253, 257, 255,
    256, 254, 252, 254, 254, 255, 253, 252, 256, 254, 255, 257, 252, 256,
    255, 255, 252, 255, 254, 253, 255, 252, 255, 255, 254, 254, 252, 254,
    255, 252, 256, 252, 254, 257, 257, 253, 254, 255, 253, 256, 255, 253,
    255, 258, 255, 256, 253 ]
headPositionsY: [ 76, 77, 76, 78, 78, 78, 76, 75, 78, 76, 78, 79, 78, 77,
    79, 78, 76, 77, 77, 76, 79, 76, 76, 77, 77, 76, 79, 78, 80, 76, 79,
    79, 80, 78, 76, 78, 79, 77, 75, 77, 73, 74, 74, 70, 70, 71, 72, 72,
    75, 76, 77, 80, 81, 84, 82, 82, 78, 72, 71, 74, 72, 73, 76, 77, 84,
    83, 82, 79, 76, 74, 74, 75, 78, 82, 85, 82, 82, 80, 77, 75, 76, 74,
    77, 79, 78, 80, 85, 81, 82, 78, 79, 79, 75, 78, 76, 78, 77, 79, 78,
    80 ]
