%YAML:1.0
---
videoName: "headNod15.mp4"
gestureLabel: 202
fps: 29
pixelSizeInCmTemp: 3.1933333333333330e-01
faceCenterPointX: 255
faceCenterPointY: 74
headPositionsX: [ 253, 258, 259, 255, 257, 256, 255, 259, 254, 256, 256,
    258, 253, 257, 254, 257, 255, 254, 254, 257, 258, 254, 257, 258, 255,
    254, 257, 256, 257, 254, 255, 255, 256, 254, 256, 258, 255, 257, 258,
    256, 257, 255, 254, 252, 256, 252, 255, 257, 256, 255, 256, 255, 255,
    255, 253, 254, 253, 253, 255, 254, 253, 254, 253, 257, 256, 255, 255,
    257, 257, 256, 256, 256, 257, 256, 254, 251, 252, 252, 252, 255, 252,
    251, 255, 253, 252, 256, 255, 253, 252, 254, 252, 255, 254, 254, 253,
    256, 253, 253, 252, 254 ]
headPositionsY: [ 72, 75, 76, 71, 72, 73, 71, 75, 71, 73, 72, 75, 73, 76,
    72, 72, 72, 76, 73, 73, 74, 75, 74, 72, 72, 74, 75, 74, 76, 71, 75,
    72, 76, 74, 73, 74, 79, 77, 80, 81, 83, 80, 79, 76, 73, 71, 73, 70,
    71, 76, 75, 81, 80, 84, 79, 76, 74, 70, 69, 71, 69, 74, 75, 80, 79,
    84, 85, 83, 78, 74, 73, 72, 69, 72, 73, 76, 77, 80, 76, 74, 72, 73,
    73, 70, 69, 68, 69, 72, 75, 75, 72, 75, 75, 74, 71, 74, 73, 71, 75,
    71 ]
