%YAML:1.0
---
videoName: "headNod23.mp4"
gestureLabel: 202
fps: 29
pixelSizeInCmTemp: 3.1933333333333330e-01
faceCenterPointX: 273
faceCenterPointY: 75
headPositionsX: [ 271, 274, 276, 274, 273, 275, 276, 273, 276, 273, 273,
    274, 276, 276, 276, 273, 272, 276, 272, 276, 273, 277, 273, 274, 272,
    273, 274, 276, 274, 277, 277, 275, 273, 275, 273, 275, 273, 274, 273,
    271, 274, 272, 272, 270, 271, 273, 273, 270, 271, 275, 275, 273, 273,
    273, 276, 272, 271, 276, 271, 273, 276, 275, 274, 275, 274, 275, 276,
    274, 273, 275, 276, 272, 275, 276, 271, 275, 273, 272, 274, 273, 271,
    272, 276, 274, 275, 274, 276, 274, 276, 273, 272, 274, 271, 273, 272,
    274, 273, 273, 276, 273 ]
headPositionsY: [ 77, 78, 76, 75, 75, 78, 75, 78, 79, 74, 77, 78, 78, 77,
    79, 76, 77, 75, 76, 79, 76, 75, 76, 75, 71, 70, 67, 68, 65, 67, 65,
    62, 65, 67, 67, 71, 73, 76, 78, 83, 83, 83, 82, 79, 75, 77, 71, 68,
    66, 67, 68, 69, 68, 72, 74, 76, 78, 77, 78, 76, 75, 74, 73, 72, 70,
    71, 67, 70, 68, 73, 69, 74, 77, 77, 77, 78, 79, 81, 75, 79, 75, 73,
    76, 71, 72, 71, 74, 72, 71, 73, 75, 76, 75, 76, 73, 74, 77, 76, 75,
    76 ]
