%YAML:1.0
---
videoName: "headNod0.mp4"
gestureLabel: 202
fps: 29
pixelSizeInCmTemp: 3.2364864864864862e-01
faceCenterPointX: 264
faceCenterPointY: 76
headPositionsX: [ 266, 268, 265, 267, 266, 266, 266, 267, 265, 268, 267,
    268, 265, 267, 268, 265, 263, 263, 265, 263, 266, 265, 264, 268, 265,
    265, 265, 265, 266, 263, 265, 264, 266, 266, 267, 265, 269, 268, 267,
    264, 267, 267, 268, 264, 267, 265, 263, 263, 265, 263, 266, 264, 263,
    266, 264, 262, 264, 265, 262, 263, 266, 265, 265, 268, 268, 263, 267,
    267, 265, 268, 267, 263, 266, 264, 263, 262, 262, 263, 263, 263, 262,
    266, 264, 267, 265, 266, 263, 266, 264, 265, 264, 265, 263, 265, 263,
    263, 263, 263, 265, 262 ]
headPositionsY: [ 77, 75, 72, 73, 72, 71, 74, 72, 76, 75, 73, 71, 74, 74,
    74, 74, 73, 71, 72, 74, 71, 71, 73, 74, 75, 76, 73, 72, 71, 71, 71,
    70, 66, 66, 63, 61, 65, 63, 64, 65, 69, 73, 71, 76, 76, 80, 82, 83,
    81, 81, 78, 73, 72, 69, 69, 69, 70, 66, 65, 68, 71, 71, 75, 76, 78,
    78, 77, 78, 81, 79, 75, 77, 71, 70, 66, 70, 68, 69, 67, 69, 72, 73,
    74, 72, 77, 77, 79, 81, 79, 80, 76, 75, 78, 77, 76, 78, 75, 73, 78,
    76 ]
