%YAML:1.0
---
videoName: "headNod19.mp4"
gestureLabel: 202
fps: 29
pixelSizeInCmTemp: 3.1933333333333330e-01
faceCenterPointX: 255
faceCenterPointY: 81
headPositionsX: [ 256, 257, 258, 258, 256, 257, 257, 257, 258, 256, 256,
    255, 254, 252, 255, 255, 251, 251, 253, 251, 250, 251, 251, 251, 251,
    250, 251, 252, 250, 251, 249, 251, 251, 251, 251, 253, 254, 255, 256,
    254, 252, 254, 255, 253, 255, 256, 257, 255, 258, 255, 257, 258, 253,
    256, 257, 255, 258, 256, 256, 254, 258, 254, 255, 256, 253, 255, 256,
    255, 256, 258, 254, 257, 257, 255, 255, 253, 256, 257, 257, 253, 257,
    253, 255, 257, 257, 256, 255, 256, 254, 254, 257, 254, 253, 254, 254,
    255, 258, 255, 257, 255 ]
headPositionsY: [ 80, 86, 82, 82, 83, 77, 75, 78, 75, 76, 77, 75, 75, 75,
    77, 76, 78, 78, 79, 78, 79, 80, 76, 80, 78, 80, 80, 77, 80, 80, 81,
    81, 76, 81, 78, 79, 79, 78, 76, 79, 81, 78, 78, 79, 80, 79, 79, 80,
    80, 76, 77, 80, 77, 78, 81, 77, 77, 81, 77, 80, 80, 81, 77, 78, 83,
    82, 80, 78, 76, 73, 71, 72, 77, 77, 79, 80, 82, 84, 83, 80, 78, 76,
    79, 76, 83, 83, 85, 84, 83, 83, 82, 84, 83, 82, 80, 82, 82, 82, 80,
    83 ]
