%YAML:1.0
---
videoName: "headNod33.mp4"
gestureLabel: 202
fps: 29
pixelSizeInCmTemp: 2.9567901234567900e-01
faceCenterPointX: 268
faceCenterPointY: 74
headPositionsX: [ 266, 269, 271, 269, 267, 269, 268, 272, 270, 270, 269,
    271, 272, 270, 269, 269, 273, 269, 270, 271, 270, 271, 269, 268, 269,
    268, 271, 270, 268, 268, 268, 269, 268, 271, 268, 271, 270, 267, 272,
    269, 269, 269, 272, 270, 268, 270, 267, 268, 268, 266, 270, 269, 270,
    269, 267, 267, 269, 268, 269, 269, 268, 268, 269, 268, 267, 268, 269,
    266, 268, 268, 265, 268, 269, 269, 269, 271, 267, 269, 270, 270, 269,
    268, 267, 269, 267, 265, 267, 266, 267, 265, 267, 267, 269, 269, 269,
    269, 269, 268, 267, 266 ]
headPositionsY: [ 73, 72, 73, 70, 71, 71, 73, 70, 72, 73, 72, 70, 71, 70,
    73, 70, 72, 72, 74, 70, 73, 71, 69, 74, 70, 71, 71, 70, 74, 72, 70,
    75, 72, 75, 74, 78, 79, 77, 74, 73, 68, 69, 66, 65, 64, 64, 71, 73,
    76, 81, 85, 81, 80, 79, 73, 72, 70, 71, 69, 70, 69, 72, 71, 74, 76,
    76, 78, 76, 76, 79, 76, 74, 75, 73, 73, 73, 70, 72, 74, 74, 74, 75,
    77, 78, 80, 79, 78, 77, 78, 76, 77, 76, 75, 76, 74, 77, 74, 76, 76,
    76 ]
