%YAML:1.0
---
videoName: "headNod7.mp4"
gestureLabel: 202
fps: 29
pixelSizeInCmTemp: 3.2808219178082193e-01
faceCenterPointX: 261
faceCenterPointY: 71
headPositionsX: [ 259, 267, 266, 264, 266, 265, 266, 264, 263, 265, 261,
    264, 266, 266, 264, 261, 261, 264, 262, 264, 260, 260, 262, 264, 262,
    263, 260, 260, 263, 264, 262, 261, 263, 264, 261, 262, 263, 259, 259,
    263, 262, 264, 263, 263, 262, 261, 259, 264, 259, 263, 263, 264, 263,
    263, 265, 259, 260, 262, 260, 263, 262, 259, 264, 259, 263, 262, 263,
    260, 262, 262, 259, 259, 263, 262, 259, 261, 259, 262, 260, 261, 263,
    260, 263, 259, 264, 260, 262, 261, 262, 259, 263, 261, 260, 260, 263,
    263, 260, 262, 260, 263 ]
headPositionsY: [ 71, 77, 75, 73, 75, 74, 75, 72, 76, 71, 76, 72, 72, 72,
    73, 75, 74, 77, 77, 75, 76, 73, 75, 74, 75, 74, 75, 74, 77, 77, 74,
    75, 73, 77, 72, 75, 75, 74, 74, 74, 75, 75, 74, 73, 75, 74, 74, 78,
    75, 72, 71, 68, 72, 71, 73, 73, 78, 81, 78, 79, 75, 70, 70, 71, 72,
    72, 73, 76, 78, 80, 78, 77, 72, 69, 69, 72, 68, 70, 72, 72, 73, 76,
    78, 76, 78, 75, 75, 73, 74, 74, 73, 69, 71, 68, 69, 73, 72, 70, 70,
    69 ]
