%YAML:1.0
---
videoName: "headNod21.mp4"
gestureLabel: 202
fps: 29
pixelSizeInCmTemp: 3.2808219178082193e-01
faceCenterPointX: 253
faceCenterPointY: 78
headPositionsX: [ 251, 255, 253, 255, 257, 257, 253, 253, 256, 257, 257,
    255, 257, 254, 256, 255, 254, 257, 254, 254, 255, 256, 255, 257, 256,
    256, 253, 256, 258, 254, 258, 255, 258, 258, 256, 255, 256, 255, 254,
    257, 256, 258, 254, 255, 253, 257, 256, 257, 253, 253, 252, 254, 256,
    252, 253, 255, 254, 256, 252, 254, 253, 255, 255, 253, 250, 253, 252,
    251, 250, 252, 253, 249, 252, 249, 248, 252, 250, 248, 248, 249, 250,
    251, 248, 250, 253, 252, 251, 252, 252, 253, 254, 254, 255, 251, 255,
    256, 256, 255, 252, 257 ]
headPositionsY: [ 78, 80, 79, 79, 80, 79, 76, 76, 79, 78, 80, 76, 77, 77,
    77, 77, 81, 78, 77, 77, 79, 78, 77, 80, 81, 78, 80, 78, 79, 83, 81,
    85, 81, 78, 79, 78, 75, 75, 76, 79, 81, 80, 82, 84, 82, 83, 79, 75,
    75, 75, 81, 80, 83, 82, 85, 81, 78, 75, 77, 76, 81, 81, 84, 82, 85,
    80, 81, 76, 78, 75, 74, 76, 80, 80, 81, 82, 79, 80, 77, 78, 77, 80,
    78, 80, 79, 81, 81, 79, 81, 80, 81, 77, 80, 80, 77, 81, 77, 81, 79,
    80 ]
