%YAML:1.0
---
videoName: "headNod38.mp4"
gestureLabel: 202
fps: 29
pixelSizeInCmTemp: 2.9937500000000000e-01
faceCenterPointX: 267
faceCenterPointY: 73
headPositionsX: [ 266, 268, 266, 264, 266, 266, 264, 264, 264, 267, 265,
    264, 265, 266, 266, 266, 264, 266, 264, 265, 268, 269, 264, 266, 267,
    266, 266, 266, 263, 266, 265, 266, 265, 267, 265, 266, 265, 267, 267,
    263, 266, 264, 264, 265, 267, 268, 267, 266, 268, 269, 267, 267, 270,
    266, 268, 271, 268, 268, 266, 266, 269, 266, 267, 270, 267, 269, 270,
    271, 268, 267, 268, 268, 269, 270, 268, 270, 266, 269, 269, 267, 269,
    267, 266, 269, 267, 267, 268, 270, 269, 269, 266, 267, 269, 269, 267,
    266, 267, 267, 268, 265 ]
headPositionsY: [ 74, 72, 74, 75, 78, 83, 82, 88, 86, 81, 78, 75, 78, 73,
    79, 83, 84, 83, 85, 86, 84, 77, 73, 73, 77, 80, 79, 84, 86, 88, 87,
    88, 84, 79, 75, 73, 74, 73, 75, 77, 81, 87, 87, 88, 85, 83, 81, 77,
    75, 70, 71, 71, 72, 77, 78, 81, 84, 86, 87, 84, 81, 79, 79, 76, 76,
    71, 73, 73, 72, 77, 79, 81, 85, 86, 86, 83, 86, 83, 80, 75, 77, 75,
    70, 73, 71, 70, 70, 73, 71, 70, 72, 72, 72, 72, 74, 75, 72, 73, 75,
    72 ]
