%YAML:1.0
---
videoName: "headNod14.mp4"
gestureLabel: 202
fps: 29
pixelSizeInCmTemp: 3.2808219178082193e-01
faceCenterPointX: 257
faceCenterPointY: 71
headPositionsX: [ 257, 259, 258, 257, 259, 258, 257, 259, 257, 259, 257,
    260, 259, 258, 259, 258, 257, 261, 260, 256, 260, 257, 257, 259, 258,
    258, 257, 257, 261, 260, 257, 256, 257, 260, 256, 261, 260, 258, 258,
    257, 260, 259, 262, 257, 261, 261, 262, 262, 260, 260, 259, 260, 259,
    260, 260, 257, 259, 256, 260, 256, 257, 259, 261, 261, 261, 257, 259,
    258, 258, 258, 261, 258, 256, 258, 257, 256, 259, 256, 255, 259, 258,
    260, 258, 257, 260, 259, 259, 256, 260, 255, 256, 259, 258, 254, 257,
    255, 259, 255, 259, 256 ]
headPositionsY: [ 70, 76, 74, 77, 80, 74, 78, 76, 76, 78, 76, 79, 76, 77,
    79, 77, 78, 75, 78, 78, 79, 79, 77, 80, 76, 80, 79, 79, 78, 80, 76,
    78, 76, 80, 78, 76, 78, 78, 79, 76, 73, 73, 70, 67, 70, 66, 72, 71,
    70, 71, 75, 77, 78, 81, 84, 82, 81, 81, 78, 74, 72, 70, 67, 70, 73,
    72, 72, 76, 77, 78, 80, 83, 79, 76, 73, 73, 71, 67, 67, 69, 73, 73,
    73, 78, 80, 78, 81, 76, 78, 76, 74, 72, 69, 68, 72, 72, 72, 72, 72,
    73 ]
