%YAML:1.0
---
videoName: "headNod26.mp4"
gestureLabel: 202
fps: 29
pixelSizeInCmTemp: 3.1513157894736843e-01
faceCenterPointX: 271
faceCenterPointY: 78
headPositionsX: [ 270, 271, 274, 269, 271, 272, 270, 269, 273, 272, 271,
    272, 274, 274, 271, 274, 271, 270, 274, 272, 273, 273, 273, 272, 273,
    270, 269, 274, 273, 274, 270, 273, 271, 271, 272, 271, 270, 270, 270,
    272, 270, 271, 271, 274, 274, 273, 272, 272, 271, 271, 270, 275, 272,
    274, 271, 273, 270, 270, 274, 271, 271, 272, 270, 272, 271, 272, 273,
    274, 271, 272, 271, 270, 273, 269, 270, 271, 271, 270, 270, 271, 269,
    273, 270, 270, 270, 273, 272, 272, 270, 273, 271, 273, 271, 269, 271,
    271, 272, 269, 271, 271 ]
headPositionsY: [ 78, 72, 73, 72, 76, 71, 70, 71, 66, 66, 66, 67, 66, 64,
    68, 65, 70, 72, 73, 74, 78, 81, 82, 82, 82, 79, 80, 74, 73, 71, 67,
    70, 70, 69, 69, 70, 72, 73, 79, 80, 81, 78, 77, 74, 75, 71, 70, 70,
    70, 71, 70, 70, 73, 75, 76, 79, 78, 77, 72, 71, 71, 68, 68, 66, 70,
    67, 69, 72, 70, 74, 75, 76, 76, 74, 74, 73, 70, 70, 68, 69, 66, 68,
    70, 72, 72, 74, 75, 77, 79, 81, 78, 78, 76, 79, 77, 76, 76, 76, 80,
    77 ]
