%YAML:1.0
---
videoName: "headNod45.mp4"
gestureLabel: 202
fps: 30
pixelSizeInCmTemp: 3.0316455696202532e-01
faceCenterPointX: 265
faceCenterPointY: 77
headPositionsX: [ 267, 266, 267, 269, 267, 266, 269, 268, 267, 267, 270,
    267, 266, 270, 266, 265, 270, 267, 267, 269, 266, 267, 265, 270, 265,
    269, 268, 267, 265, 267, 268, 267, 266, 265, 266, 265, 266, 267, 266,
    264, 264, 266, 264, 265, 264, 266, 264, 264, 268, 265, 264, 267, 269,
    269, 266, 266, 267, 269, 268, 267, 267, 265, 267, 263, 265, 266, 268,
    267, 266, 266, 265, 269, 268, 265, 268, 267, 268, 265, 264, 266, 268,
    266, 267, 268, 265, 268, 267, 263, 266, 267, 267, 267, 265, 265, 264,
    265, 265, 263, 266, 264 ]
headPositionsY: [ 78, 76, 77, 76, 75, 78, 75, 76, 74, 73, 74, 74, 75, 77,
    74, 74, 76, 76, 80, 79, 84, 87, 89, 94, 91, 93, 88, 85, 81, 79, 75,
    72, 67, 66, 67, 68, 69, 69, 74, 80, 82, 85, 91, 93, 92, 90, 85, 85,
    79, 80, 73, 73, 72, 73, 76, 76, 79, 81, 82, 88, 85, 86, 82, 77, 76,
    76, 72, 72, 74, 76, 79, 82, 84, 89, 86, 85, 88, 84, 83, 80, 75, 76,
    77, 79, 76, 77, 78, 80, 82, 79, 78, 80, 81, 78, 79, 79, 79, 78, 78,
    79 ]
