%YAML:1.0
---
videoName: "headNod42.mp4"
gestureLabel: 202
fps: 30
pixelSizeInCmTemp: 3.0316455696202532e-01
faceCenterPointX: 265
faceCenterPointY: 77
headPositionsX: [ 266, 267, 267, 267, 267, 268, 270, 268, 270, 271, 267,
    267, 266, 267, 269, 269, 272, 268, 270, 271, 270, 268, 271, 270, 266,
    270, 266, 268, 265, 268, 263, 265, 265, 268, 267, 267, 268, 267, 266,
    267, 267, 264, 265, 262, 267, 265, 263, 264, 264, 265, 267, 266, 263,
    263, 267, 263, 267, 263, 265, 266, 264, 264, 262, 266, 267, 265, 266,
    267, 267, 267, 265, 263, 265, 267, 263, 264, 264, 266, 267, 265, 266,
    265, 264, 267, 269, 267, 267, 267, 265, 265, 265, 265, 264, 268, 264,
    263, 265, 265, 264, 264 ]
headPositionsY: [ 76, 76, 75, 75, 75, 76, 76, 77, 78, 79, 75, 76, 78, 76,
    74, 69, 67, 67, 63, 65, 67, 68, 67, 73, 80, 84, 90, 93, 89, 92, 87,
    86, 79, 78, 74, 68, 67, 67, 68, 72, 76, 76, 81, 81, 82, 85, 78, 79,
    72, 73, 71, 72, 70, 73, 73, 79, 79, 83, 85, 83, 83, 84, 81, 77, 76,
    74, 74, 74, 74, 77, 77, 77, 81, 82, 81, 78, 78, 74, 76, 74, 75, 76,
    76, 77, 78, 79, 81, 81, 82, 78, 79, 80, 77, 76, 78, 75, 78, 77, 77,
    80 ]
