%YAML:1.0
---
videoName: "headNod14.mp4"
gestureLabel: 202
fps: 29
pixelSizeInCmTemp: 3.2808219178082193e-01
faceCenterPointX: 257
faceCenterPointY: 71
headPositionsX: [ 257, 256, 260, 258, 261, 256, 259, 257, 257, 257, 258,
    256, 261, 257, 259, 259, 260, 259, 257, 256, 261, 256, 256, 260, 260,
    261, 260, 256, 261, 261, 258, 259, 260, 259, 259, 258, 258, 258, 257,
    261, 258, 258, 260, 258, 259, 260, 258, 261, 261, 258, 258, 260, 259,
    256, 257, 256, 259, 257, 261, 256, 259, 256, 259, 260, 261, 260, 259,
    259, 257, 258, 261, 259, 257, 256, 259, 256, 259, 257, 255, 259, 258,
    260, 259, 256, 258, 256, 260, 257, 257, 254, 258, 257, 260, 254, 259,
    256, 259, 259, 258, 255 ]
headPositionsY: [ 69, 76, 78, 78, 78, 76, 79, 79, 75, 78, 77, 77, 78, 77,
    78, 76, 75, 78, 75, 76, 78, 77, 77, 77, 79, 78, 76, 75, 77, 80, 76,
    79, 80, 76, 77, 77, 78, 78, 79, 74, 74, 70, 69, 71, 67, 66, 71, 73,
    69, 71, 77, 78, 80, 78, 83, 80, 78, 81, 76, 74, 73, 69, 69, 69, 71,
    72, 72, 78, 78, 81, 81, 82, 79, 77, 74, 74, 71, 69, 68, 71, 70, 73,
    73, 78, 78, 78, 79, 76, 75, 75, 70, 70, 70, 67, 72, 71, 69, 73, 70,
    70 ]
