%YAML:1.0
---
videoName: "headNod33.mp4"
gestureLabel: 202
fps: 29
pixelSizeInCmTemp: 2.9567901234567900e-01
faceCenterPointX: 268
faceCenterPointY: 74
headPositionsX: [ 268, 268, 269, 267, 268, 271, 272, 272, 269, 271, 271,
    272, 271, 272, 270, 269, 271, 271, 270, 268, 269, 273, 271, 268, 270,
    271, 269, 272, 267, 266, 271, 269, 269, 271, 269, 270, 271, 271, 268,
    271, 270, 270, 269, 270, 268, 270, 268, 272, 271, 266, 271, 266, 270,
    266, 270, 269, 268, 268, 265, 269, 265, 269, 266, 269, 269, 265, 269,
    267, 266, 270, 265, 269, 265, 270, 268, 269, 269, 270, 267, 269, 271,
    269, 268, 265, 266, 268, 268, 265, 265, 265, 267, 266, 265, 270, 267,
    268, 266, 270, 266, 265 ]
headPositionsY: [ 74, 69, 71, 71, 70, 73, 71, 72, 72, 69, 71, 69, 74, 68,
    72, 70, 74, 73, 74, 68, 72, 69, 73, 73, 72, 73, 72, 72, 72, 72, 73,
    74, 71, 73, 74, 77, 75, 76, 75, 71, 66, 67, 63, 65, 68, 65, 69, 73,
    77, 80, 83, 82, 81, 78, 75, 71, 69, 71, 71, 72, 69, 72, 74, 75, 72,
    78, 76, 77, 76, 76, 76, 76, 72, 70, 70, 69, 72, 74, 72, 75, 77, 78,
    79, 79, 77, 78, 75, 76, 75, 75, 73, 77, 73, 74, 77, 76, 75, 76, 73,
    76 ]
