%YAML:1.0
---
videoName: "headNod48.mp4"
gestureLabel: 202
fps: 29
pixelSizeInCmTemp: 2.8855421686746985e-01
faceCenterPointX: 264
faceCenterPointY: 72
headPositionsX: [ 262, 267, 264, 266, 263, 267, 263, 265, 266, 264, 264,
    266, 265, 263, 264, 264, 265, 260, 260, 264, 260, 260, 258, 262, 262,
    261, 262, 260, 264, 259, 259, 262, 260, 261, 262, 264, 265, 262, 264,
    261, 260, 262, 262, 264, 262, 261, 260, 263, 262, 262, 259, 262, 263,
    260, 259, 260, 259, 260, 261, 261, 263, 262, 262, 265, 263, 261, 265,
    265, 262, 263, 262, 266, 266, 263, 265, 263, 265, 263, 266, 267, 266,
    263, 267, 265, 264, 267, 265, 268, 265, 263, 265, 265, 266, 264, 266,
    263, 266, 267, 266, 264 ]
headPositionsY: [ 74, 76, 78, 79, 80, 77, 72, 71, 67, 66, 62, 61, 62, 62,
    69, 71, 76, 77, 83, 90, 85, 88, 82, 80, 79, 74, 70, 69, 67, 65, 64,
    66, 64, 64, 70, 70, 73, 77, 80, 80, 81, 84, 78, 78, 78, 74, 72, 71,
    71, 71, 72, 75, 75, 77, 80, 80, 78, 75, 75, 72, 70, 72, 73, 71, 70,
    73, 76, 78, 78, 76, 77, 76, 72, 73, 73, 72, 68, 71, 72, 71, 76, 76,
    75, 73, 74, 71, 73, 71, 73, 69, 73, 73, 74, 76, 71, 72, 71, 72, 70,
    70 ]
