%YAML:1.0
---
videoName: "headNod29.mp4"
gestureLabel: 202
fps: 29
pixelSizeInCmTemp: 3.1933333333333330e-01
faceCenterPointX: 271
faceCenterPointY: 70
headPositionsX: [ 271, 273, 273, 272, 273, 273, 271, 271, 275, 274, 274,
    272, 271, 271, 274, 274, 273, 269, 271, 272, 272, 271, 270, 272, 272,
    270, 273, 273, 270, 269, 271, 270, 270, 270, 272, 271, 269, 272, 272,
    272, 272, 268, 270, 270, 273, 270, 272, 273, 270, 272, 273, 273, 272,
    270, 273, 270, 268, 272, 268, 270, 271, 269, 269, 273, 269, 270, 268,
    269, 268, 272, 267, 271, 273, 272, 270, 273, 269, 269, 273, 272, 271,
    271, 269, 271, 270, 273, 270, 273, 273, 270, 273, 270, 269, 270, 269,
    271, 269, 273, 272, 274 ]
headPositionsY: [ 69, 74, 71, 71, 73, 78, 75, 80, 81, 81, 82, 77, 78, 75,
    70, 68, 69, 66, 65, 65, 65, 68, 66, 72, 71, 76, 77, 80, 78, 79, 80,
    75, 77, 71, 73, 74, 70, 70, 73, 73, 75, 78, 81, 80, 77, 78, 77, 74,
    76, 74, 73, 73, 78, 80, 81, 81, 80, 80, 78, 75, 75, 76, 73, 77, 75,
    77, 79, 78, 73, 74, 73, 72, 71, 68, 71, 72, 71, 76, 74, 78, 78, 77,
    76, 72, 70, 73, 70, 70, 69, 69, 67, 71, 71, 72, 71, 68, 69, 72, 67,
    71 ]
