%YAML:1.0
---
videoName: "headNod47.mp4"
gestureLabel: 202
fps: 29
pixelSizeInCmTemp: 3.0316455696202532e-01
faceCenterPointX: 266
faceCenterPointY: 70
headPositionsX: [ 268, 265, 267, 268, 266, 266, 268, 268, 268, 267, 267,
    267, 267, 263, 266, 265, 267, 265, 263, 267, 266, 265, 266, 264, 264,
    266, 266, 269, 265, 268, 269, 269, 270, 267, 268, 265, 266, 267, 266,
    266, 266, 267, 266, 268, 267, 264, 264, 264, 264, 267, 265, 269, 266,
    269, 266, 265, 266, 268, 268, 269, 266, 266, 267, 267, 268, 267, 264,
    265, 266, 268, 266, 266, 265, 267, 267, 269, 265, 264, 264, 269, 266,
    267, 266, 265, 265, 267, 267, 265, 265, 266, 263, 264, 267, 263, 263,
    267, 266, 264, 265, 266 ]
headPositionsY: [ 68, 60, 62, 61, 58, 59, 58, 59, 64, 66, 72, 77, 81, 84,
    81, 74, 73, 72, 70, 67, 67, 65, 68, 67, 73, 76, 78, 78, 76, 75, 76,
    74, 68, 67, 68, 69, 66, 72, 70, 74, 76, 80, 81, 80, 74, 74, 69, 67,
    70, 70, 68, 69, 70, 72, 75, 74, 75, 70, 71, 69, 70, 65, 69, 69, 69,
    70, 69, 76, 73, 74, 72, 74, 74, 73, 70, 69, 69, 66, 68, 73, 71, 72,
    74, 76, 73, 73, 72, 70, 72, 70, 71, 68, 73, 68, 70, 73, 69, 72, 71,
    71 ]
