%YAML:1.0
---
videoName: "headNod20.mp4"
gestureLabel: 202
fps: 30
pixelSizeInCmTemp: 3.2808219178082193e-01
faceCenterPointX: 253
faceCenterPointY: 80
headPositionsX: [ 254, 258, 255, 258, 255, 255, 254, 257, 255, 258, 253,
    253, 253, 253, 255, 257, 255, 254, 254, 254, 254, 254, 255, 254, 256,
    253, 257, 255, 257, 254, 254, 254, 255, 258, 258, 254, 256, 254, 252,
    255, 256, 254, 253, 253, 253, 255, 256, 252, 255, 254, 255, 251, 252,
    249, 252, 252, 251, 251, 252, 252, 253, 251, 254, 252, 252, 254, 252,
    254, 252, 254, 254, 251, 251, 253, 255, 253, 251, 254, 251, 253, 251,
    253, 251, 251, 251, 254, 254, 255, 253, 255, 254, 251, 251, 251, 255,
    253, 253, 253, 251, 254 ]
headPositionsY: [ 78, 80, 79, 79, 78, 79, 80, 80, 78, 78, 79, 76, 77, 80,
    81, 79, 79, 78, 79, 80, 76, 78, 81, 78, 78, 76, 79, 78, 78, 84, 81,
    83, 84, 89, 84, 83, 78, 78, 75, 70, 72, 70, 72, 74, 78, 82, 83, 88,
    86, 90, 87, 85, 82, 77, 76, 77, 78, 77, 78, 83, 85, 83, 82, 77, 76,
    79, 80, 80, 79, 85, 82, 80, 77, 79, 78, 77, 79, 81, 83, 84, 82, 81,
    81, 81, 79, 81, 79, 82, 80, 82, 82, 83, 79, 80, 82, 78, 80, 82, 78,
    80 ]
