%YAML:1.0
---
videoName: "headNod11.mp4"
gestureLabel: 202
fps: 29
pixelSizeInCmTemp: 3.2364864864864862e-01
faceCenterPointX: 261
faceCenterPointY: 75
headPositionsX: [ 259, 259, 261, 260, 258, 259, 257, 261, 259, 261, 257,
    261, 258, 261, 259, 261, 259, 260, 260, 259, 258, 262, 259, 262, 263,
    262, 261, 261, 259, 259, 261, 259, 261, 257, 262, 258, 263, 260, 258,
    258, 262, 258, 260, 262, 262, 261, 261, 258, 261, 263, 262, 262, 260,
    262, 263, 261, 261, 261, 258, 260, 257, 257, 260, 260, 259, 260, 257,
    256, 255, 256, 258, 255, 260, 259, 259, 255, 259, 258, 259, 257, 259,
    259, 258, 260, 261, 257, 259, 260, 260, 260, 261, 260, 259, 258, 260,
    260, 261, 260, 260, 260 ]
headPositionsY: [ 76, 74, 72, 74, 76, 77, 75, 74, 76, 75, 74, 73, 72, 76,
    75, 74, 75, 75, 75, 72, 72, 73, 73, 73, 73, 77, 74, 76, 76, 78, 77,
    74, 75, 72, 77, 73, 77, 74, 77, 74, 75, 78, 75, 74, 75, 74, 77, 72,
    74, 73, 70, 66, 70, 68, 69, 69, 73, 75, 75, 80, 82, 78, 76, 73, 72,
    67, 70, 69, 72, 74, 76, 78, 77, 81, 82, 83, 81, 75, 74, 71, 70, 70,
    73, 72, 77, 74, 80, 82, 79, 82, 77, 78, 79, 76, 76, 78, 75, 76, 77,
    74 ]
