%YAML:1.0
---
videoName: "headNod1.mp4"
gestureLabel: 202
fps: 29
pixelSizeInCmTemp: 3.2808219178082193e-01
faceCenterPointX: 263
faceCenterPointY: 78
headPositionsX: [ 261, 261, 261, 264, 265, 262, 263, 262, 265, 265, 262,
    265, 261, 264, 265, 262, 263, 262, 264, 264, 263, 266, 267, 263, 262,
    262, 265, 266, 265, 263, 263, 262, 265, 264, 262, 262, 262, 264, 265,
    264, 265, 263, 263, 267, 265, 265, 266, 263, 266, 264, 262, 262, 265,
    265, 260, 265, 263, 263, 261, 260, 264, 264, 262, 262, 263, 266, 263,
    265, 261, 263, 261, 265, 262, 262, 261, 264, 261, 262, 262, 261, 263,
    261, 260, 263, 262, 261, 263, 264, 266, 262, 260, 263, 263, 261, 264,
    260, 262, 263, 261, 263 ]
headPositionsY: [ 79, 72, 72, 73, 76, 76, 77, 74, 75, 75, 77, 73, 76, 74,
    76, 77, 75, 73, 77, 75, 72, 75, 74, 75, 73, 76, 73, 74, 74, 77, 73,
    77, 76, 73, 74, 71, 71, 68, 64, 66, 65, 62, 64, 62, 65, 66, 69, 69,
    72, 73, 75, 81, 80, 82, 82, 79, 77, 78, 75, 72, 72, 67, 68, 67, 66,
    66, 68, 74, 76, 74, 79, 79, 78, 74, 71, 70, 70, 64, 66, 67, 64, 69,
    71, 70, 72, 73, 77, 81, 83, 84, 80, 82, 80, 81, 79, 80, 78, 77, 80,
    80 ]
