%YAML:1.0
---
videoName: "headNod21.mp4"
gestureLabel: 202
fps: 29
pixelSizeInCmTemp: 3.2808219178082193e-01
faceCenterPointX: 253
faceCenterPointY: 78
headPositionsX: [ 251, 258, 256, 257, 254, 255, 254, 257, 254, 255, 256,
    257, 256, 253, 253, 256, 257, 255, 256, 252, 256, 257, 255, 257, 253,
    255, 256, 252, 256, 255, 255, 255, 256, 256, 258, 258, 256, 256, 258,
    254, 256, 254, 255, 258, 257, 254, 252, 256, 256, 254, 252, 252, 256,
    254, 256, 255, 254, 253, 253, 252, 255, 252, 252, 254, 252, 254, 253,
    250, 253, 253, 253, 253, 251, 252, 250, 248, 251, 252, 250, 250, 251,
    249, 251, 249, 250, 249, 251, 253, 253, 253, 255, 250, 253, 253, 252,
    255, 252, 256, 253, 253 ]
headPositionsY: [ 79, 79, 78, 78, 77, 80, 79, 77, 80, 80, 79, 77, 76, 79,
    80, 77, 80, 79, 79, 79, 76, 79, 78, 77, 79, 80, 79, 79, 81, 79, 80,
    84, 82, 81, 79, 76, 76, 75, 76, 77, 80, 82, 82, 83, 81, 83, 76, 77,
    79, 79, 80, 83, 84, 82, 86, 82, 78, 79, 75, 76, 80, 83, 83, 84, 81,
    80, 80, 76, 78, 76, 75, 79, 79, 80, 80, 81, 83, 80, 78, 79, 79, 78,
    77, 77, 77, 78, 80, 80, 81, 76, 79, 79, 79, 79, 78, 81, 80, 81, 78,
    77 ]
