%YAML:1.0
---
videoName: "headNod36.mp4"
gestureLabel: 202
fps: 29
pixelSizeInCmTemp: 2.8176470588235292e-01
faceCenterPointX: 269
faceCenterPointY: 75
headPositionsX: [ 267, 268, 272, 271, 271, 272, 269, 272, 272, 271, 270,
    270, 268, 272, 271, 272, 269, 269, 271, 272, 268, 268, 273, 270, 270,
    270, 269, 268, 271, 270, 268, 268, 270, 272, 271, 270, 271, 265, 269,
    265, 270, 269, 269, 272, 268, 271, 269, 272, 268, 269, 273, 269, 271,
    270, 268, 272, 268, 268, 268, 270, 270, 271, 271, 266, 270, 266, 266,
    267, 268, 270, 269, 268, 265, 265, 267, 268, 268, 270, 270, 268, 267,
    268, 269, 267, 270, 268, 270, 267, 268, 268, 271, 271, 270, 269, 269,
    270, 268, 269, 270, 271 ]
headPositionsY: [ 74, 76, 73, 73, 72, 72, 72, 76, 76, 76, 77, 75, 75, 73,
    76, 74, 76, 74, 76, 77, 80, 76, 80, 77, 75, 74, 70, 66, 64, 65, 66,
    66, 69, 75, 77, 86, 89, 90, 90, 87, 86, 79, 76, 72, 71, 67, 67, 68,
    69, 71, 67, 75, 77, 81, 83, 85, 85, 85, 86, 84, 77, 77, 75, 74, 73,
    73, 78, 76, 80, 81, 82, 80, 78, 78, 76, 75, 76, 74, 79, 81, 81, 83,
    86, 83, 85, 81, 81, 79, 79, 75, 74, 73, 76, 73, 74, 76, 74, 76, 76,
    74 ]
