%YAML:1.0
---
videoName: "headNod45.mp4"
gestureLabel: 202
fps: 30
pixelSizeInCmTemp: 3.0316455696202532e-01
faceCenterPointX: 265
faceCenterPointY: 77
headPositionsX: [ 264, 266, 268, 269, 265, 269, 269, 266, 266, 267, 267,
    266, 269, 270, 269, 269, 266, 267, 269, 268, 270, 268, 266, 269, 269,
    265, 265, 267, 264, 265, 268, 264, 265, 267, 265, 267, 266, 263, 268,
    268, 267, 264, 265, 267, 267, 267, 263, 267, 267, 266, 268, 267, 265,
    269, 268, 264, 269, 269, 265, 267, 265, 266, 264, 267, 265, 266, 267,
    267, 269, 269, 264, 269, 265, 267, 268, 263, 265, 268, 268, 267, 265,
    266, 266, 264, 268, 268, 267, 263, 268, 265, 263, 264, 264, 267, 268,
    267, 263, 265, 267, 266 ]
headPositionsY: [ 75, 76, 77, 74, 73, 75, 76, 76, 74, 75, 78, 75, 73, 77,
    74, 76, 77, 80, 78, 83, 85, 88, 92, 92, 93, 93, 90, 86, 82, 78, 73,
    73, 69, 64, 64, 67, 66, 70, 72, 80, 83, 87, 91, 92, 92, 92, 85, 85,
    81, 80, 76, 72, 72, 73, 72, 75, 77, 82, 84, 87, 84, 85, 79, 79, 78,
    75, 73, 73, 72, 76, 79, 79, 84, 88, 87, 85, 86, 85, 84, 81, 75, 76,
    78, 78, 78, 78, 79, 79, 81, 79, 81, 76, 81, 78, 80, 79, 77, 80, 80,
    79 ]
