%YAML:1.0
---
videoName: "headNod26.mp4"
gestureLabel: 202
fps: 29
pixelSizeInCmTemp: 3.1513157894736843e-01
faceCenterPointX: 271
faceCenterPointY: 78
headPositionsX: [ 272, 272, 270, 271, 274, 272, 271, 269, 272, 274, 270,
    274, 275, 274, 274, 270, 273, 274, 272, 270, 273, 271, 274, 272, 271,
    272, 272, 272, 270, 272, 273, 269, 273, 271, 274, 272, 273, 272, 272,
    271, 270, 271, 273, 271, 274, 273, 270, 272, 269, 274, 272, 271, 272,
    274, 271, 271, 273, 272, 272, 272, 273, 270, 273, 272, 272, 275, 273,
    271, 272, 270, 274, 271, 272, 269, 270, 272, 273, 268, 270, 269, 271,
    273, 269, 270, 269, 269, 268, 271, 269, 274, 271, 274, 270, 269, 270,
    270, 272, 270, 272, 272 ]
headPositionsY: [ 77, 75, 73, 72, 74, 72, 73, 68, 69, 65, 68, 66, 65, 67,
    65, 66, 70, 71, 75, 74, 76, 82, 82, 85, 81, 81, 79, 74, 73, 68, 69,
    67, 66, 67, 68, 73, 73, 74, 77, 79, 79, 78, 78, 74, 76, 72, 69, 68,
    68, 70, 67, 71, 71, 77, 75, 76, 74, 76, 73, 72, 69, 68, 68, 69, 67,
    67, 69, 69, 71, 71, 72, 74, 76, 77, 78, 73, 73, 72, 69, 69, 70, 68,
    70, 70, 73, 73, 73, 78, 76, 78, 78, 81, 77, 80, 78, 77, 76, 78, 77,
    80 ]
