%YAML:1.0
---
videoName: "headNod13.mp4"
gestureLabel: 202
fps: 29
pixelSizeInCmTemp: 3.2364864864864862e-01
faceCenterPointX: 253
faceCenterPointY: 79
headPositionsX: [ 254, 253, 253, 251, 254, 253, 251, 254, 253, 253, 255,
    253, 256, 254, 256, 254, 256, 253, 257, 257, 254, 256, 252, 255, 252,
    253, 254, 255, 253, 255, 252, 253, 252, 256, 253, 252, 254, 252, 251,
    255, 252, 251, 254, 251, 252, 251, 250, 251, 251, 251, 253, 254, 254,
    252, 253, 253, 253, 252, 254, 253, 255, 252, 254, 252, 254, 253, 253,
    253, 256, 255, 256, 253, 253, 254, 255, 254, 255, 253, 254, 255, 256,
    255, 254, 252, 252, 256, 257, 253, 254, 254, 254, 255, 253, 254, 251,
    253, 254, 251, 250, 250 ]
headPositionsY: [ 78, 75, 72, 72, 73, 71, 72, 72, 71, 73, 73, 73, 75, 71,
    77, 73, 73, 75, 75, 76, 74, 74, 72, 75, 75, 72, 74, 71, 72, 73, 74,
    76, 76, 73, 75, 74, 76, 72, 72, 75, 73, 74, 74, 76, 75, 72, 73, 75,
    74, 70, 69, 67, 66, 69, 67, 70, 71, 72, 74, 74, 81, 81, 76, 74, 72,
    70, 70, 71, 69, 67, 72, 73, 75, 78, 80, 78, 81, 79, 76, 76, 72, 73,
    74, 70, 73, 75, 74, 77, 81, 78, 80, 80, 82, 80, 78, 77, 80, 78, 79,
    79 ]
