%YAML:1.0
---
videoName: "headNod43.mp4"
gestureLabel: 202
fps: 29
pixelSizeInCmTemp: 2.8855421686746985e-01
faceCenterPointX: 268
faceCenterPointY: 74
headPositionsX: [ 267, 270, 268, 269, 271, 268, 270, 267, 270, 270, 270,
    269, 267, 266, 270, 268, 266, 268, 266, 269, 266, 267, 269, 270, 268,
    267, 268, 267, 268, 264, 263, 263, 263, 265, 268, 267, 266, 263, 263,
    266, 263, 265, 263, 264, 264, 266, 266, 266, 264, 264, 263, 264, 265,
    265, 266, 265, 262, 263, 264, 264, 267, 262, 265, 263, 265, 264, 264,
    268, 268, 269, 267, 269, 266, 266, 266, 266, 270, 268, 265, 269, 268,
    267, 267, 266, 270, 266, 267, 267, 269, 271, 268, 268, 270, 270, 267,
    268, 268, 268, 268, 270 ]
headPositionsY: [ 74, 79, 78, 75, 74, 77, 78, 74, 75, 74, 75, 77, 76, 76,
    77, 75, 76, 76, 73, 76, 77, 75, 76, 75, 77, 79, 81, 85, 88, 89, 89,
    86, 86, 83, 79, 78, 76, 80, 83, 88, 86, 91, 89, 89, 84, 79, 81, 84,
    80, 85, 88, 91, 92, 88, 90, 86, 81, 83, 81, 87, 86, 89, 91, 91, 91,
    84, 85, 79, 81, 78, 79, 83, 82, 86, 91, 92, 91, 89, 83, 79, 78, 76,
    76, 72, 71, 73, 75, 73, 73, 74, 71, 75, 73, 72, 74, 75, 74, 73, 75,
    74 ]
