%YAML:1.0
---
videoName: "headNod16.mp4"
gestureLabel: 202
fps: 29
pixelSizeInCmTemp: 3.3263888888888887e-01
faceCenterPointX: 255
faceCenterPointY: 77
headPositionsX: [ 253, 261, 257, 258, 258, 258, 258, 261, 259, 258, 262,
    261, 258, 261, 259, 257, 257, 259, 257, 260, 259, 256, 258, 260, 260,
    259, 258, 260, 261, 261, 258, 256, 261, 260, 259, 259, 258, 260, 261,
    258, 257, 257, 258, 259, 259, 260, 260, 260, 257, 258, 257, 256, 258,
    259, 260, 257, 255, 257, 259, 258, 256, 260, 256, 255, 256, 255, 256,
    255, 256, 256, 258, 257, 254, 255, 255, 253, 253, 254, 256, 254, 257,
    255, 254, 257, 257, 256, 254, 257, 256, 254, 255, 258, 254, 255, 253,
    256, 258, 253, 255, 256 ]
headPositionsY: [ 76, 77, 72, 76, 75, 72, 74, 72, 76, 73, 73, 77, 75, 74,
    76, 75, 76, 76, 74, 75, 73, 72, 77, 75, 78, 75, 76, 76, 73, 76, 75,
    72, 74, 74, 75, 71, 69, 69, 67, 66, 68, 68, 72, 76, 79, 78, 82, 82,
    82, 79, 77, 72, 70, 71, 70, 71, 72, 77, 79, 80, 80, 83, 82, 79, 80,
    77, 75, 69, 71, 71, 70, 76, 73, 81, 79, 77, 81, 78, 76, 73, 72, 70,
    67, 69, 70, 74, 75, 77, 80, 75, 76, 78, 76, 78, 77, 76, 77, 74, 75,
    79 ]
