%YAML:1.0
---
videoName: "headNod23.mp4"
gestureLabel: 202
fps: 29
pixelSizeInCmTemp: 3.1933333333333330e-01
faceCenterPointX: 273
faceCenterPointY: 75
headPositionsX: [ 271, 273, 276, 273, 273, 276, 273, 272, 276, 275, 272,
    275, 272, 276, 276, 276, 275, 273, 274, 274, 276, 273, 275, 275, 271,
    273, 275, 277, 275, 277, 275, 273, 277, 275, 275, 275, 276, 275, 272,
    274, 272, 272, 273, 272, 270, 275, 273, 274, 274, 274, 273, 273, 276,
    272, 276, 275, 273, 275, 272, 275, 273, 272, 274, 274, 274, 272, 273,
    274, 276, 273, 274, 272, 275, 273, 271, 272, 275, 274, 272, 275, 272,
    272, 272, 275, 275, 273, 275, 274, 272, 273, 272, 271, 273, 275, 271,
    273, 274, 274, 274, 275 ]
headPositionsY: [ 76, 75, 75, 77, 78, 75, 78, 79, 78, 76, 75, 74, 77, 75,
    76, 79, 79, 75, 78, 75, 77, 76, 78, 75, 73, 73, 70, 68, 64, 68, 66,
    66, 65, 64, 69, 72, 75, 76, 79, 79, 80, 80, 82, 79, 77, 73, 73, 71,
    66, 68, 69, 71, 68, 70, 74, 74, 78, 79, 80, 79, 76, 75, 76, 73, 68,
    69, 69, 67, 69, 71, 71, 74, 76, 78, 80, 79, 79, 80, 78, 77, 74, 75,
    76, 72, 72, 74, 75, 71, 73, 72, 72, 72, 74, 78, 74, 77, 78, 76, 77,
    73 ]
