%YAML:1.0
---
videoName: "headNod28.mp4"
gestureLabel: 202
fps: 30
pixelSizeInCmTemp: 3.2364864864864862e-01
faceCenterPointX: 270
faceCenterPointY: 76
headPositionsX: [ 269, 273, 271, 270, 272, 272, 271, 269, 272, 273, 273,
    270, 271, 270, 269, 272, 270, 271, 271, 270, 271, 271, 269, 271, 269,
    268, 269, 269, 269, 269, 270, 270, 269, 269, 270, 273, 269, 269, 270,
    272, 268, 270, 271, 272, 271, 268, 267, 269, 270, 269, 270, 269, 268,
    269, 271, 273, 268, 269, 269, 272, 271, 272, 269, 271, 269, 271, 271,
    270, 273, 272, 272, 270, 273, 273, 269, 271, 274, 273, 272, 269, 271,
    271, 269, 271, 272, 272, 270, 273, 271, 272, 272, 272, 270, 270, 274,
    270, 271, 272, 269, 271 ]
headPositionsY: [ 75, 74, 77, 73, 76, 76, 74, 74, 76, 77, 75, 77, 76, 73,
    76, 74, 76, 77, 74, 74, 77, 77, 76, 74, 76, 75, 75, 74, 75, 73, 73,
    75, 77, 73, 72, 75, 76, 73, 73, 77, 75, 79, 77, 81, 80, 82, 83, 82,
    77, 79, 72, 72, 73, 70, 73, 72, 73, 76, 74, 78, 81, 79, 80, 78, 76,
    76, 74, 71, 71, 72, 72, 73, 78, 79, 79, 81, 78, 77, 75, 73, 71, 73,
    72, 75, 73, 77, 76, 77, 78, 75, 74, 77, 77, 77, 73, 76, 77, 78, 78,
    77 ]
