%YAML:1.0
---
videoName: "headNod1.mp4"
gestureLabel: 202
fps: 29
pixelSizeInCmTemp: 3.2808219178082193e-01
faceCenterPointX: 263
faceCenterPointY: 78
headPositionsX: [ 264, 262, 261, 264, 262, 266, 263, 264, 262, 261, 263,
    265, 263, 265, 261, 266, 264, 265, 263, 263, 262, 266, 266, 266, 264,
    264, 266, 264, 265, 263, 262, 266, 263, 264, 262, 266, 265, 262, 263,
    267, 267, 262, 263, 265, 265, 263, 267, 266, 267, 263, 264, 262, 262,
    261, 260, 265, 263, 261, 261, 261, 263, 261, 263, 265, 264, 262, 265,
    265, 265, 264, 263, 265, 261, 262, 262, 262, 263, 260, 263, 261, 263,
    262, 261, 260, 260, 262, 262, 264, 264, 263, 261, 261, 260, 263, 264,
    261, 264, 265, 264, 265 ]
headPositionsY: [ 79, 74, 73, 72, 74, 76, 73, 73, 75, 73, 77, 74, 74, 74,
    72, 77, 73, 75, 77, 75, 72, 76, 75, 74, 75, 75, 73, 74, 73, 77, 73,
    75, 76, 72, 73, 70, 68, 67, 65, 64, 62, 62, 62, 63, 66, 65, 68, 71,
    69, 77, 75, 80, 80, 83, 84, 82, 81, 77, 76, 71, 72, 70, 65, 64, 65,
    67, 67, 72, 75, 78, 80, 78, 77, 74, 72, 69, 67, 67, 68, 63, 67, 68,
    68, 69, 72, 75, 76, 81, 80, 82, 84, 82, 82, 79, 80, 77, 78, 80, 80,
    76 ]
