%YAML:1.0
---
videoName: "headNod26.mp4"
gestureLabel: 202
fps: 29
pixelSizeInCmTemp: 3.1513157894736843e-01
faceCenterPointX: 271
faceCenterPointY: 78
headPositionsX: [ 271, 271, 270, 272, 274, 270, 273, 269, 270, 274, 272,
    272, 272, 273, 275, 271, 271, 273, 272, 274, 274, 274, 271, 271, 270,
    274, 271, 274, 270, 270, 271, 272, 270, 273, 272, 272, 270, 274, 273,
    269, 273, 269, 272, 271, 271, 272, 269, 272, 269, 270, 270, 272, 270,
    271, 273, 272, 272, 271, 272, 272, 271, 273, 271, 271, 271, 275, 270,
    272, 270, 271, 270, 271, 271, 271, 271, 270, 272, 271, 269, 271, 272,
    269, 270, 272, 270, 270, 272, 272, 272, 271, 270, 270, 269, 269, 271,
    272, 272, 270, 270, 273 ]
headPositionsY: [ 76, 71, 74, 74, 72, 71, 69, 70, 66, 65, 65, 65, 66, 67,
    67, 68, 70, 71, 74, 73, 77, 80, 82, 86, 85, 81, 78, 75, 71, 72, 68,
    66, 66, 68, 68, 69, 75, 75, 79, 77, 80, 78, 76, 75, 75, 70, 68, 68,
    70, 71, 68, 70, 73, 76, 76, 76, 75, 73, 72, 72, 69, 67, 69, 69, 67,
    67, 69, 72, 69, 73, 75, 77, 77, 76, 78, 74, 74, 70, 69, 69, 69, 69,
    68, 70, 69, 75, 74, 76, 76, 78, 77, 81, 78, 78, 75, 79, 80, 76, 80,
    78 ]
