%YAML:1.0
---
videoName: "headNod34.mp4"
gestureLabel: 202
fps: 29
pixelSizeInCmTemp: 2.9567901234567900e-01
faceCenterPointX: 266
faceCenterPointY: 78
headPositionsX: [ 265, 266, 269, 268, 267, 267, 272, 270, 268, 268, 267,
    268, 269, 271, 270, 267, 269, 267, 269, 266, 267, 269, 270, 271, 272,
    269, 271, 269, 269, 269, 268, 270, 267, 268, 271, 268, 270, 268, 268,
    270, 271, 271, 272, 269, 270, 269, 270, 268, 268, 271, 271, 267, 271,
    271, 269, 267, 269, 271, 273, 270, 268, 272, 269, 269, 271, 268, 269,
    271, 268, 271, 270, 266, 267, 265, 267, 267, 265, 268, 265, 267, 264,
    266, 264, 268, 265, 267, 268, 264, 265, 266, 266, 267, 263, 268, 267,
    264, 264, 268, 268, 265 ]
headPositionsY: [ 78, 78, 76, 76, 78, 77, 76, 76, 75, 77, 79, 77, 79, 78,
    76, 74, 76, 75, 79, 74, 77, 77, 75, 77, 76, 75, 75, 75, 78, 74, 76,
    75, 76, 75, 75, 78, 74, 76, 72, 71, 73, 70, 76, 76, 80, 84, 89, 87,
    86, 81, 81, 74, 74, 70, 74, 75, 72, 75, 82, 84, 85, 84, 82, 78, 81,
    78, 76, 80, 80, 81, 81, 82, 87, 83, 84, 79, 78, 79, 77, 79, 81, 82,
    82, 86, 85, 83, 83, 81, 81, 79, 77, 80, 80, 78, 82, 80, 80, 79, 81,
    78 ]
