%YAML:1.0
---
videoName: "headNod17.mp4"
gestureLabel: 202
fps: 30
pixelSizeInCmTemp: 3.2808219178082193e-01
faceCenterPointX: 253
faceCenterPointY: 76
headPositionsX: [ 253, 253, 257, 254, 254, 257, 256, 257, 255, 257, 255,
    253, 254, 255, 256, 253, 256, 257, 255, 255, 255, 255, 252, 256, 255,
    253, 256, 258, 257, 256, 255, 258, 254, 258, 253, 256, 255, 256, 257,
    256, 255, 254, 255, 252, 252, 255, 251, 254, 253, 254, 255, 252, 255,
    254, 253, 255, 256, 252, 257, 256, 255, 256, 253, 257, 253, 254, 257,
    254, 256, 252, 255, 256, 255, 253, 253, 254, 256, 254, 251, 252, 255,
    257, 255, 253, 253, 252, 253, 254, 253, 253, 253, 257, 256, 256, 256,
    256, 253, 256, 254, 253 ]
headPositionsY: [ 77, 76, 77, 78, 76, 79, 79, 77, 75, 77, 76, 79, 78, 79,
    76, 76, 79, 77, 76, 77, 77, 74, 72, 75, 70, 70, 69, 71, 70, 65, 65,
    67, 66, 69, 71, 71, 71, 75, 74, 79, 78, 81, 85, 87, 83, 86, 84, 82,
    79, 81, 77, 75, 74, 73, 73, 69, 69, 68, 70, 72, 73, 72, 73, 76, 76,
    78, 82, 78, 78, 79, 77, 79, 78, 77, 75, 79, 77, 80, 79, 78, 77, 77,
    74, 74, 76, 75, 77, 78, 76, 80, 78, 79, 79, 74, 76, 75, 78, 76, 78,
    76 ]
