%YAML:1.0
---
videoName: "headNod48.mp4"
gestureLabel: 202
fps: 29
pixelSizeInCmTemp: 2.8855421686746985e-01
faceCenterPointX: 264
faceCenterPointY: 72
headPositionsX: [ 264, 264, 263, 264, 264, 267, 267, 267, 263, 264, 266,
    266, 264, 265, 262, 262, 263, 263, 261, 261, 262, 259, 262, 260, 258,
    261, 262, 259, 263, 262, 263, 260, 263, 264, 264, 263, 262, 263, 263,
    262, 261, 263, 262, 262, 260, 259, 260, 261, 264, 263, 263, 264, 259,
    261, 263, 263, 260, 260, 264, 261, 261, 261, 265, 262, 261, 264, 264,
    263, 265, 266, 262, 263, 267, 266, 263, 263, 266, 264, 262, 267, 263,
    267, 265, 266, 265, 266, 267, 266, 266, 263, 266, 264, 265, 266, 268,
    265, 267, 263, 263, 266 ]
headPositionsY: [ 73, 76, 77, 79, 77, 75, 76, 69, 69, 65, 61, 60, 60, 64,
    69, 69, 77, 78, 84, 87, 87, 89, 86, 83, 77, 75, 68, 68, 65, 63, 62,
    64, 65, 66, 68, 73, 76, 78, 83, 83, 80, 81, 82, 78, 78, 76, 71, 75,
    72, 69, 74, 74, 77, 77, 79, 79, 76, 78, 72, 69, 73, 70, 72, 70, 70,
    77, 74, 77, 75, 78, 75, 74, 72, 71, 69, 69, 71, 70, 72, 72, 72, 74,
    76, 76, 74, 74, 70, 68, 73, 71, 75, 72, 73, 74, 72, 71, 72, 71, 73,
    70 ]
