%YAML:1.0
---
videoName: "headNod22.mp4"
gestureLabel: 202
fps: 29
pixelSizeInCmTemp: 3.1513157894736843e-01
faceCenterPointX: 252
faceCenterPointY: 80
headPositionsX: [ 254, 254, 253, 252, 255, 253, 252, 253, 254, 251, 255,
    254, 255, 252, 254, 252, 253, 251, 254, 253, 253, 251, 251, 253, 253,
    252, 253, 254, 256, 253, 254, 256, 255, 253, 256, 253, 251, 254, 254,
    255, 253, 254, 255, 253, 254, 255, 251, 253, 255, 251, 252, 252, 251,
    251, 253, 254, 249, 251, 251, 255, 250, 254, 251, 253, 250, 252, 253,
    254, 251, 254, 253, 252, 251, 252, 254, 251, 253, 254, 253, 253, 250,
    250, 250, 255, 253, 251, 251, 250, 253, 250, 251, 254, 251, 252, 253,
    249, 252, 252, 250, 252 ]
headPositionsY: [ 81, 79, 77, 79, 77, 77, 80, 79, 78, 78, 78, 79, 80, 80,
    78, 78, 78, 76, 78, 78, 80, 79, 80, 80, 80, 83, 83, 82, 83, 77, 74,
    73, 71, 72, 69, 73, 74, 80, 80, 82, 86, 85, 81, 77, 75, 72, 70, 71,
    71, 75, 77, 81, 80, 85, 86, 81, 80, 79, 74, 73, 74, 70, 71, 75, 77,
    80, 79, 80, 80, 76, 75, 74, 76, 76, 78, 77, 78, 79, 78, 80, 78, 75,
    74, 78, 78, 77, 79, 82, 79, 80, 79, 81, 78, 77, 78, 81, 80, 81, 82,
    80 ]
