%YAML:1.0
---
videoName: "headNod31.mp4"
gestureLabel: 202
fps: 29
pixelSizeInCmTemp: 2.8855421686746985e-01
faceCenterPointX: 267
faceCenterPointY: 75
headPositionsX: [ 268, 272, 268, 271, 269, 271, 270, 270, 270, 268, 270,
    272, 271, 271, 269, 267, 269, 269, 269, 266, 267, 266, 269, 267, 266,
    268, 267, 267, 270, 269, 268, 269, 270, 268, 268, 269, 270, 267, 270,
    267, 269, 265, 270, 268, 266, 267, 270, 267, 270, 265, 268, 269, 268,
    268, 265, 263, 266, 264, 267, 268, 268, 265, 268, 266, 265, 270, 265,
    268, 265, 268, 266, 268, 264, 264, 268, 268, 264, 266, 266, 269, 266,
    265, 263, 268, 265, 266, 267, 268, 267, 266, 266, 268, 265, 265, 266,
    267, 268, 265, 268, 266 ]
headPositionsY: [ 77, 72, 73, 76, 76, 72, 73, 66, 67, 65, 68, 67, 68, 65,
    76, 81, 81, 86, 84, 83, 85, 83, 81, 76, 75, 71, 70, 72, 70, 66, 69,
    67, 75, 73, 78, 82, 85, 88, 88, 86, 84, 84, 79, 77, 75, 73, 76, 73,
    75, 79, 80, 82, 84, 82, 84, 80, 80, 73, 74, 70, 70, 72, 71, 69, 74,
    71, 76, 75, 81, 83, 80, 78, 79, 75, 73, 73, 73, 70, 71, 71, 75, 73,
    77, 75, 78, 76, 77, 74, 74, 76, 76, 74, 74, 75, 77, 77, 77, 76, 76,
    77 ]
