%YAML:1.0
---
videoName: "headNod14.mp4"
gestureLabel: 202
fps: 29
pixelSizeInCmTemp: 3.2808219178082193e-01
faceCenterPointX: 257
faceCenterPointY: 71
headPositionsX: [ 257, 256, 256, 257, 261, 255, 260, 257, 256, 260, 258,
    259, 259, 259, 258, 256, 257, 257, 257, 259, 257, 259, 256, 258, 257,
    261, 259, 259, 261, 259, 260, 256, 258, 259, 259, 257, 257, 257, 257,
    261, 259, 261, 260, 260, 260, 257, 258, 262, 257, 258, 260, 257, 259,
    256, 256, 259, 261, 258, 260, 256, 260, 260, 259, 257, 258, 257, 260,
    260, 260, 257, 257, 261, 257, 259, 259, 257, 259, 255, 258, 256, 256,
    256, 257, 257, 256, 258, 256, 257, 257, 256, 255, 255, 257, 257, 258,
    256, 257, 255, 257, 255 ]
headPositionsY: [ 69, 76, 77, 79, 78, 74, 79, 78, 77, 75, 77, 79, 78, 78,
    79, 78, 78, 79, 76, 77, 80, 79, 77, 76, 76, 76, 77, 75, 78, 78, 79,
    76, 80, 77, 75, 77, 78, 79, 77, 75, 76, 74, 72, 69, 70, 66, 68, 72,
    73, 75, 75, 75, 81, 78, 82, 82, 82, 80, 77, 77, 71, 68, 68, 71, 71,
    72, 72, 77, 76, 80, 81, 82, 78, 75, 74, 70, 71, 66, 67, 72, 73, 71,
    75, 79, 78, 78, 82, 79, 77, 74, 72, 70, 69, 67, 70, 69, 71, 73, 73,
    71 ]
