%YAML:1.0
---
videoName: "headNod26.mp4"
gestureLabel: 202
fps: 29
pixelSizeInCmTemp: 3.1513157894736843e-01
faceCenterPointX: 271
faceCenterPointY: 78
headPositionsX: [ 270, 273, 270, 271, 273, 274, 273, 269, 274, 271, 273,
    273, 272, 272, 275, 270, 274, 272, 273, 270, 274, 271, 274, 272, 272,
    271, 269, 271, 270, 273, 273, 270, 272, 273, 271, 270, 269, 270, 269,
    272, 273, 272, 272, 273, 274, 273, 273, 273, 269, 271, 271, 273, 270,
    270, 271, 271, 272, 271, 274, 269, 273, 272, 272, 273, 272, 272, 271,
    271, 274, 272, 273, 271, 272, 269, 271, 273, 269, 268, 269, 271, 272,
    269, 271, 272, 273, 269, 270, 270, 272, 270, 270, 271, 269, 273, 269,
    271, 269, 268, 273, 273 ]
headPositionsY: [ 80, 75, 76, 75, 75, 73, 71, 71, 70, 67, 64, 64, 66, 63,
    68, 69, 69, 70, 75, 77, 79, 82, 81, 85, 84, 78, 79, 74, 71, 71, 70,
    66, 69, 69, 71, 69, 75, 73, 76, 79, 80, 79, 77, 76, 73, 69, 70, 70,
    66, 69, 70, 73, 73, 75, 74, 78, 77, 74, 72, 69, 72, 69, 67, 66, 70,
    70, 68, 71, 72, 74, 72, 76, 76, 77, 77, 75, 70, 72, 69, 68, 69, 68,
    68, 69, 73, 75, 75, 75, 78, 79, 81, 79, 80, 80, 75, 76, 80, 80, 79,
    77 ]
