%YAML:1.0
---
videoName: "headNod6.mp4"
gestureLabel: 202
fps: 29
pixelSizeInCmTemp: 3.1513157894736843e-01
faceCenterPointX: 262
faceCenterPointY: 73
headPositionsX: [ 260, 260, 260, 263, 260, 264, 263, 264, 265, 261, 262,
    263, 263, 264, 261, 264, 263, 262, 265, 262, 264, 262, 261, 263, 265,
    261, 263, 263, 263, 263, 264, 262, 262, 265, 260, 264, 265, 265, 261,
    262, 264, 264, 260, 262, 260, 262, 260, 260, 261, 262, 262, 263, 261,
    259, 260, 261, 262, 261, 259, 260, 259, 260, 258, 263, 260, 259, 258,
    261, 261, 259, 262, 259, 260, 263, 259, 260, 262, 261, 264, 259, 262,
    264, 259, 261, 263, 263, 261, 264, 260, 261, 263, 261, 260, 264, 261,
    259, 260, 264, 259, 261 ]
headPositionsY: [ 72, 71, 75, 76, 72, 72, 72, 72, 75, 73, 74, 74, 75, 73,
    72, 73, 73, 73, 75, 75, 72, 72, 72, 74, 75, 74, 74, 74, 76, 73, 75,
    74, 70, 70, 67, 65, 67, 66, 64, 67, 73, 77, 81, 81, 86, 81, 78, 72,
    68, 68, 67, 67, 73, 74, 81, 85, 81, 81, 78, 73, 72, 68, 70, 69, 73,
    72, 76, 82, 84, 80, 81, 73, 73, 68, 66, 65, 64, 65, 69, 73, 80, 83,
    83, 83, 83, 78, 75, 75, 70, 69, 72, 70, 70, 69, 72, 74, 70, 71, 70,
    74 ]
