%YAML:1.0
---
videoName: "headNod24.mp4"
gestureLabel: 202
fps: 29
pixelSizeInCmTemp: 3.1513157894736843e-01
faceCenterPointX: 272
faceCenterPointY: 72
headPositionsX: [ 274, 277, 274, 276, 275, 275, 275, 275, 273, 277, 275,
    273, 273, 273, 273, 272, 277, 272, 276, 273, 274, 274, 271, 275, 275,
    272, 272, 272, 273, 273, 273, 272, 274, 273, 272, 273, 273, 272, 275,
    272, 275, 274, 274, 272, 272, 274, 273, 271, 271, 271, 272, 276, 271,
    272, 275, 273, 272, 270, 274, 272, 272, 272, 270, 269, 272, 269, 272,
    272, 271, 273, 271, 271, 273, 271, 270, 270, 271, 271, 272, 272, 271,
    267, 270, 270, 268, 269, 270, 272, 269, 270, 270, 269, 273, 272, 272,
    272, 273, 270, 271, 272 ]
headPositionsY: [ 70, 75, 72, 75, 72, 74, 73, 74, 76, 73, 72, 73, 75, 71,
    74, 76, 73, 73, 75, 71, 73, 75, 73, 75, 71, 75, 76, 74, 73, 73, 71,
    76, 72, 73, 74, 74, 73, 72, 69, 71, 68, 72, 76, 81, 80, 83, 77, 75,
    68, 69, 66, 69, 69, 73, 74, 73, 74, 74, 71, 66, 66, 67, 67, 70, 69,
    72, 73, 75, 73, 73, 70, 70, 67, 68, 67, 71, 70, 73, 75, 74, 75, 72,
    74, 72, 68, 68, 69, 69, 72, 72, 72, 70, 72, 74, 71, 74, 71, 72, 70,
    72 ]
