%YAML:1.0
---
videoName: "headNod5.mp4"
gestureLabel: 202
fps: 29
pixelSizeInCmTemp: 3.1513157894736843e-01
faceCenterPointX: 263
faceCenterPointY: 75
headPositionsX: [ 263, 263, 264, 261, 263, 263, 261, 265, 261, 264, 263,
    260, 261, 263, 263, 265, 264, 262, 263, 263, 267, 264, 267, 266, 266,
    264, 265, 266, 264, 267, 264, 267, 265, 263, 267, 267, 268, 266, 264,
    268, 268, 264, 266, 265, 267, 266, 268, 263, 266, 266, 266, 268, 266,
    264, 262, 264, 264, 263, 263, 263, 264, 266, 264, 265, 263, 266, 265,
    264, 264, 264, 263, 266, 266, 265, 263, 264, 265, 264, 263, 264, 266,
    262, 261, 263, 266, 262, 265, 265, 261, 265, 263, 262, 263, 263, 262,
    260, 261, 262, 261, 264 ]
headPositionsY: [ 77, 74, 72, 73, 72, 75, 72, 76, 73, 73, 75, 75, 72, 75,
    75, 76, 75, 74, 77, 75, 77, 78, 78, 76, 76, 75, 74, 77, 77, 76, 77,
    77, 74, 74, 78, 79, 78, 76, 76, 76, 75, 76, 79, 76, 77, 77, 77, 77,
    80, 79, 81, 81, 83, 82, 84, 84, 79, 75, 74, 73, 75, 76, 82, 83, 85,
    88, 87, 84, 78, 76, 73, 76, 76, 81, 84, 84, 85, 85, 82, 79, 77, 72,
    75, 73, 73, 79, 78, 80, 82, 80, 78, 77, 75, 73, 74, 76, 76, 73, 75,
    73 ]
