%YAML:1.0
---
videoName: "headNod12.mp4"
gestureLabel: 202
fps: 29
pixelSizeInCmTemp: 3.2808219178082193e-01
faceCenterPointX: 254
faceCenterPointY: 69
headPositionsX: [ 255, 251, 252, 256, 253, 255, 255, 251, 253, 257, 256,
    259, 254, 256, 257, 255, 256, 257, 257, 258, 255, 254, 255, 256, 255,
    256, 256, 257, 257, 253, 256, 257, 258, 254, 255, 256, 252, 254, 256,
    256, 255, 253, 255, 255, 253, 256, 257, 255, 256, 257, 254, 253, 253,
    256, 253, 251, 256, 252, 255, 253, 255, 253, 257, 255, 256, 256, 255,
    253, 255, 255, 256, 254, 256, 252, 252, 256, 254, 257, 255, 253, 254,
    254, 254, 253, 255, 254, 255, 254, 254, 256, 254, 256, 255, 257, 254,
    253, 253, 255, 252, 254 ]
headPositionsY: [ 67, 76, 73, 75, 71, 74, 76, 71, 73, 75, 74, 77, 76, 72,
    74, 73, 74, 72, 74, 74, 72, 74, 72, 73, 73, 74, 76, 76, 74, 74, 77,
    72, 75, 71, 73, 70, 69, 69, 65, 62, 64, 64, 61, 60, 65, 65, 66, 69,
    73, 73, 76, 77, 77, 76, 77, 74, 72, 69, 68, 63, 65, 61, 64, 67, 67,
    66, 69, 71, 75, 74, 77, 73, 76, 73, 74, 72, 69, 67, 67, 65, 67, 68,
    66, 67, 69, 69, 67, 71, 73, 71, 76, 76, 75, 74, 71, 71, 70, 71, 68,
    72 ]
