%YAML:1.0
---
videoName: "headNod43.mp4"
gestureLabel: 202
fps: 29
pixelSizeInCmTemp: 2.8855421686746985e-01
faceCenterPointX: 268
faceCenterPointY: 74
headPositionsX: [ 270, 273, 268, 271, 269, 271, 272, 269, 270, 270, 268,
    269, 270, 266, 268, 269, 270, 270, 268, 266, 267, 267, 269, 266, 268,
    267, 267, 269, 267, 264, 267, 263, 264, 264, 266, 267, 264, 266, 263,
    265, 266, 266, 264, 264, 266, 263, 268, 265, 267, 263, 265, 266, 264,
    266, 266, 265, 265, 266, 264, 267, 265, 263, 262, 265, 267, 265, 266,
    265, 265, 270, 266, 270, 270, 270, 269, 268, 269, 266, 269, 268, 268,
    269, 269, 267, 270, 266, 269, 267, 269, 267, 271, 269, 267, 268, 269,
    270, 266, 268, 269, 266 ]
headPositionsY: [ 76, 77, 77, 76, 77, 77, 78, 74, 75, 75, 76, 77, 77, 76,
    75, 73, 77, 75, 75, 77, 74, 76, 74, 74, 78, 77, 80, 83, 85, 90, 92,
    90, 88, 83, 77, 77, 76, 79, 82, 84, 87, 92, 91, 87, 85, 80, 81, 83,
    80, 85, 86, 93, 90, 90, 88, 85, 81, 82, 81, 83, 88, 91, 92, 91, 91,
    88, 83, 80, 79, 79, 77, 80, 85, 89, 90, 92, 92, 86, 85, 82, 77, 77,
    75, 72, 75, 71, 73, 72, 72, 71, 73, 74, 72, 73, 74, 75, 72, 73, 76,
    74 ]
