%YAML:1.0
---
videoName: "headNod14.mp4"
gestureLabel: 202
fps: 29
pixelSizeInCmTemp: 3.2808219178082193e-01
faceCenterPointX: 257
faceCenterPointY: 71
headPositionsX: [ 258, 258, 259, 260, 261, 258, 256, 259, 255, 261, 257,
    260, 261, 259, 259, 260, 259, 257, 257, 259, 258, 256, 258, 260, 258,
    259, 257, 257, 257, 257, 258, 257, 259, 260, 258, 259, 259, 257, 256,
    261, 261, 261, 259, 260, 259, 258, 260, 262, 260, 257, 258, 256, 258,
    259, 257, 260, 259, 260, 260, 259, 258, 260, 260, 259, 260, 258, 257,
    261, 261, 260, 260, 259, 258, 259, 255, 257, 258, 257, 255, 256, 259,
    259, 258, 256, 259, 256, 258, 256, 257, 255, 258, 259, 260, 258, 258,
    257, 256, 256, 259, 256 ]
headPositionsY: [ 70, 78, 75, 77, 78, 75, 77, 77, 75, 79, 78, 78, 79, 79,
    75, 79, 75, 78, 75, 76, 76, 78, 76, 76, 75, 78, 78, 75, 80, 79, 79,
    77, 76, 78, 79, 76, 77, 78, 75, 76, 75, 72, 69, 68, 67, 67, 68, 71,
    73, 71, 76, 77, 79, 80, 81, 83, 79, 81, 78, 76, 74, 71, 68, 68, 73,
    70, 73, 76, 79, 80, 82, 83, 82, 75, 73, 72, 68, 69, 68, 72, 71, 75,
    74, 80, 78, 79, 80, 78, 75, 76, 73, 69, 71, 67, 69, 70, 70, 72, 70,
    73 ]
