%YAML:1.0
---
videoName: "headNod48.mp4"
gestureLabel: 202
fps: 29
pixelSizeInCmTemp: 2.8855421686746985e-01
faceCenterPointX: 264
faceCenterPointY: 72
headPositionsX: [ 265, 265, 263, 264, 266, 264, 264, 266, 267, 264, 264,
    263, 266, 265, 263, 264, 263, 260, 261, 260, 261, 260, 261, 261, 260,
    258, 262, 259, 263, 262, 262, 260, 262, 264, 263, 264, 264, 262, 261,
    261, 262, 260, 262, 262, 260, 260, 261, 260, 262, 263, 259, 260, 259,
    258, 261, 259, 263, 260, 260, 262, 263, 264, 265, 266, 264, 262, 262,
    264, 265, 265, 266, 264, 265, 263, 266, 267, 263, 266, 265, 265, 267,
    264, 263, 266, 267, 265, 267, 267, 266, 267, 266, 267, 266, 265, 264,
    266, 265, 263, 264, 265 ]
headPositionsY: [ 71, 77, 76, 80, 79, 75, 76, 72, 69, 63, 63, 60, 61, 65,
    67, 71, 77, 81, 86, 89, 86, 88, 85, 79, 79, 77, 72, 71, 64, 66, 65,
    66, 65, 64, 66, 74, 73, 75, 83, 81, 84, 82, 81, 81, 75, 73, 75, 72,
    71, 69, 74, 76, 76, 80, 79, 77, 75, 76, 73, 70, 73, 68, 73, 72, 70,
    74, 77, 77, 78, 78, 74, 76, 74, 70, 70, 71, 72, 70, 70, 75, 72, 73,
    72, 73, 74, 71, 70, 72, 72, 72, 75, 71, 76, 73, 71, 70, 72, 70, 70,
    70 ]
