%YAML:1.0
---
videoName: "headNod21.mp4"
gestureLabel: 202
fps: 29
pixelSizeInCmTemp: 3.2808219178082193e-01
faceCenterPointX: 253
faceCenterPointY: 78
headPositionsX: [ 253, 256, 257, 255, 253, 257, 255, 257, 256, 256, 257,
    257, 253, 253, 257, 253, 254, 253, 254, 256, 253, 255, 253, 253, 253,
    255, 254, 252, 256, 252, 256, 257, 258, 255, 258, 257, 255, 256, 254,
    255, 256, 258, 254, 257, 257, 257, 254, 253, 256, 255, 255, 254, 253,
    256, 255, 253, 256, 256, 253, 255, 255, 252, 253, 254, 254, 253, 251,
    250, 253, 250, 254, 251, 250, 252, 249, 251, 249, 248, 247, 249, 249,
    252, 250, 251, 252, 250, 254, 252, 251, 253, 252, 250, 252, 255, 253,
    254, 256, 256, 256, 255 ]
headPositionsY: [ 78, 81, 78, 78, 77, 77, 79, 77, 78, 77, 76, 79, 76, 78,
    80, 80, 81, 79, 78, 79, 77, 77, 76, 80, 79, 79, 82, 79, 80, 80, 80,
    82, 84, 81, 76, 77, 74, 74, 75, 80, 81, 80, 85, 82, 80, 82, 77, 78,
    75, 78, 81, 81, 86, 85, 83, 82, 80, 79, 77, 75, 79, 82, 84, 83, 85,
    81, 77, 79, 76, 74, 75, 79, 79, 82, 82, 83, 81, 81, 79, 75, 79, 80,
    77, 80, 81, 79, 82, 79, 78, 76, 78, 80, 77, 80, 76, 81, 77, 78, 78,
    77 ]
