%YAML:1.0
---
videoName: "headNod45.mp4"
gestureLabel: 202
fps: 30
pixelSizeInCmTemp: 3.0316455696202532e-01
faceCenterPointX: 265
faceCenterPointY: 77
headPositionsX: [ 266, 270, 268, 267, 265, 269, 267, 268, 270, 268, 270,
    266, 265, 266, 268, 268, 270, 265, 267, 267, 266, 266, 268, 270, 268,
    268, 265, 264, 267, 268, 267, 264, 263, 264, 268, 266, 265, 264, 268,
    268, 267, 266, 267, 267, 265, 264, 265, 263, 264, 267, 268, 266, 269,
    270, 266, 268, 267, 267, 268, 267, 267, 266, 265, 263, 267, 265, 264,
    267, 266, 269, 266, 267, 268, 265, 264, 265, 264, 268, 265, 266, 265,
    265, 267, 267, 266, 266, 266, 263, 267, 263, 266, 267, 268, 267, 268,
    268, 264, 267, 265, 267 ]
headPositionsY: [ 77, 74, 73, 77, 73, 78, 77, 77, 77, 73, 76, 75, 77, 75,
    77, 78, 74, 80, 79, 81, 87, 87, 92, 93, 93, 92, 91, 85, 81, 78, 75,
    73, 67, 67, 64, 66, 66, 69, 71, 79, 83, 85, 88, 93, 90, 88, 87, 86,
    81, 76, 74, 72, 74, 72, 73, 77, 76, 83, 84, 88, 85, 86, 79, 79, 76,
    76, 72, 74, 74, 75, 78, 82, 82, 85, 86, 88, 88, 86, 83, 77, 78, 78,
    75, 75, 79, 78, 82, 79, 80, 80, 78, 80, 80, 76, 78, 79, 77, 79, 76,
    80 ]
