%YAML:1.0
---
videoName: "headNod26.mp4"
gestureLabel: 202
fps: 29
pixelSizeInCmTemp: 3.1513157894736843e-01
faceCenterPointX: 271
faceCenterPointY: 78
headPositionsX: [ 270, 274, 274, 270, 270, 273, 273, 270, 274, 271, 274,
    274, 272, 272, 275, 270, 274, 273, 273, 271, 273, 271, 271, 274, 272,
    271, 270, 272, 273, 271, 273, 273, 272, 273, 270, 271, 272, 270, 273,
    270, 273, 270, 274, 270, 272, 271, 271, 272, 269, 274, 269, 274, 272,
    271, 271, 272, 271, 271, 271, 270, 272, 270, 271, 274, 272, 271, 271,
    273, 273, 270, 272, 274, 269, 271, 272, 272, 269, 271, 269, 271, 272,
    272, 269, 270, 271, 271, 268, 270, 272, 270, 272, 273, 269, 269, 269,
    269, 272, 271, 273, 272 ]
headPositionsY: [ 80, 72, 72, 72, 73, 72, 73, 68, 69, 66, 67, 65, 67, 67,
    67, 65, 71, 70, 74, 75, 76, 83, 82, 86, 84, 79, 76, 74, 73, 72, 67,
    68, 66, 68, 70, 69, 72, 76, 80, 78, 77, 78, 77, 73, 72, 70, 68, 68,
    69, 68, 69, 70, 72, 74, 75, 75, 78, 75, 74, 72, 69, 70, 69, 65, 70,
    69, 70, 68, 73, 70, 75, 75, 77, 78, 78, 76, 74, 70, 67, 71, 68, 68,
    68, 68, 72, 75, 73, 75, 77, 81, 81, 77, 76, 78, 75, 77, 78, 79, 76,
    79 ]
