%YAML:1.0
---
videoName: "headNod11.mp4"
gestureLabel: 202
fps: 29
pixelSizeInCmTemp: 3.2364864864864862e-01
faceCenterPointX: 261
faceCenterPointY: 75
headPositionsX: [ 260, 257, 261, 260, 258, 260, 259, 262, 258, 261, 257,
    261, 260, 258, 260, 261, 260, 262, 259, 257, 261, 261, 258, 262, 259,
    259, 260, 261, 258, 263, 258, 258, 260, 259, 260, 259, 261, 261, 262,
    262, 260, 261, 259, 260, 258, 259, 263, 261, 259, 260, 259, 259, 260,
    262, 261, 262, 263, 260, 258, 261, 259, 260, 257, 259, 258, 258, 256,
    256, 256, 259, 255, 258, 256, 256, 259, 256, 256, 257, 255, 257, 258,
    258, 259, 258, 261, 258, 257, 261, 260, 260, 258, 259, 258, 261, 259,
    258, 261, 262, 260, 262 ]
headPositionsY: [ 75, 72, 72, 76, 76, 74, 74, 73, 75, 76, 73, 73, 75, 74,
    73, 72, 73, 76, 73, 76, 75, 75, 72, 75, 76, 76, 72, 75, 76, 78, 77,
    75, 76, 74, 77, 72, 74, 76, 77, 73, 76, 78, 76, 74, 73, 74, 73, 75,
    74, 73, 71, 69, 70, 67, 70, 73, 74, 77, 77, 81, 81, 77, 79, 71, 70,
    69, 67, 70, 71, 71, 76, 74, 77, 82, 83, 81, 79, 76, 74, 71, 73, 68,
    70, 73, 74, 75, 77, 81, 79, 82, 78, 79, 76, 77, 75, 77, 78, 77, 78,
    74 ]
