%YAML:1.0
---
videoName: "headNod17.mp4"
gestureLabel: 202
fps: 30
pixelSizeInCmTemp: 3.2808219178082193e-01
faceCenterPointX: 253
faceCenterPointY: 76
headPositionsX: [ 255, 255, 256, 257, 254, 253, 254, 257, 253, 257, 256,
    256, 254, 256, 256, 256, 257, 257, 255, 258, 253, 254, 253, 253, 255,
    254, 256, 258, 257, 256, 257, 255, 254, 257, 253, 256, 253, 256, 255,
    255, 255, 255, 253, 253, 254, 253, 253, 252, 255, 252, 254, 254, 253,
    252, 257, 254, 257, 254, 255, 255, 253, 256, 254, 256, 256, 254, 256,
    256, 255, 254, 252, 256, 256, 254, 255, 254, 257, 254, 252, 254, 254,
    255, 252, 252, 255, 255, 256, 257, 255, 255, 254, 255, 256, 256, 256,
    254, 255, 255, 254, 257 ]
headPositionsY: [ 74, 79, 79, 76, 78, 79, 75, 76, 76, 77, 77, 76, 76, 77,
    77, 78, 78, 75, 80, 75, 75, 77, 75, 74, 71, 69, 69, 67, 68, 68, 67,
    68, 67, 69, 70, 68, 73, 74, 77, 78, 79, 83, 84, 87, 84, 87, 83, 81,
    80, 80, 76, 74, 74, 70, 71, 71, 68, 70, 72, 71, 69, 69, 76, 75, 79,
    77, 79, 82, 82, 78, 78, 79, 74, 77, 75, 79, 81, 81, 79, 77, 78, 77,
    75, 74, 78, 76, 79, 76, 77, 79, 76, 77, 78, 75, 78, 75, 78, 77, 74,
    77 ]
