%YAML:1.0
---
videoName: "headNod23.mp4"
gestureLabel: 202
fps: 29
pixelSizeInCmTemp: 3.1933333333333330e-01
faceCenterPointX: 273
faceCenterPointY: 75
headPositionsX: [ 275, 275, 273, 277, 272, 272, 276, 276, 275, 276, 272,
    275, 273, 276, 276, 275, 273, 273, 273, 274, 272, 273, 274, 272, 272,
    277, 273, 277, 277, 277, 277, 276, 274, 275, 274, 276, 273, 272, 272,
    272, 270, 272, 274, 272, 273, 274, 272, 270, 273, 272, 275, 274, 274,
    275, 273, 272, 273, 273, 272, 271, 272, 274, 273, 273, 274, 271, 276,
    276, 276, 273, 276, 272, 275, 273, 274, 273, 273, 275, 271, 275, 271,
    271, 273, 271, 273, 274, 273, 275, 274, 274, 273, 275, 272, 276, 272,
    272, 275, 273, 275, 273 ]
headPositionsY: [ 73, 76, 75, 78, 77, 74, 76, 75, 76, 78, 75, 74, 76, 76,
    75, 75, 76, 77, 74, 75, 75, 76, 77, 76, 74, 70, 67, 66, 65, 65, 66,
    66, 65, 67, 69, 71, 75, 78, 77, 83, 83, 83, 82, 81, 75, 76, 69, 68,
    68, 68, 66, 68, 71, 70, 73, 75, 74, 79, 77, 77, 79, 75, 73, 70, 72,
    69, 69, 69, 69, 73, 73, 74, 75, 76, 80, 77, 79, 80, 78, 79, 75, 75,
    76, 73, 76, 74, 71, 73, 72, 71, 75, 75, 73, 74, 74, 78, 77, 77, 74,
    75 ]
