%YAML:1.0
---
videoName: "headNod3.mp4"
gestureLabel: 202
fps: 29
pixelSizeInCmTemp: 3.1933333333333330e-01
faceCenterPointX: 264
faceCenterPointY: 76
headPositionsX: [ 266, 264, 263, 263, 265, 265, 265, 263, 267, 264, 268,
    266, 263, 268, 265, 266, 266, 264, 264, 266, 264, 267, 263, 264, 263,
    264, 264, 265, 266, 268, 263, 264, 267, 266, 267, 267, 267, 268, 268,
    266, 266, 263, 265, 265, 268, 266, 264, 264, 266, 267, 266, 267, 264,
    263, 262, 263, 265, 263, 265, 264, 264, 263, 265, 265, 261, 266, 266,
    266, 263, 262, 266, 264, 263, 265, 261, 264, 261, 265, 263, 265, 265,
    264, 263, 265, 262, 263, 262, 263, 265, 266, 262, 264, 263, 266, 265,
    265, 262, 265, 266, 263 ]
headPositionsY: [ 74, 74, 77, 74, 76, 78, 76, 74, 74, 76, 75, 73, 73, 75,
    72, 72, 72, 75, 74, 71, 74, 70, 72, 74, 71, 73, 74, 75, 75, 74, 75,
    73, 77, 73, 75, 77, 74, 74, 73, 75, 77, 73, 73, 72, 72, 69, 69, 68,
    65, 64, 68, 67, 70, 74, 78, 80, 82, 83, 83, 79, 74, 70, 68, 69, 67,
    67, 67, 73, 74, 79, 79, 81, 82, 78, 79, 74, 72, 71, 69, 66, 68, 68,
    70, 70, 71, 76, 78, 77, 82, 82, 80, 77, 78, 76, 77, 76, 76, 74, 74,
    76 ]
