%YAML:1.0
---
videoName: "headNod44.mp4"
gestureLabel: 202
fps: 29
pixelSizeInCmTemp: 2.9567901234567900e-01
faceCenterPointX: 268
faceCenterPointY: 78
headPositionsX: [ 270, 271, 270, 271, 271, 270, 271, 269, 269, 267, 268,
    267, 268, 271, 269, 271, 270, 270, 270, 271, 267, 270, 269, 268, 268,
    270, 269, 269, 266, 267, 268, 266, 265, 268, 267, 268, 266, 266, 268,
    266, 264, 268, 268, 265, 267, 267, 266, 269, 266, 267, 265, 267, 268,
    265, 269, 270, 269, 270, 268, 266, 269, 270, 268, 267, 267, 268, 268,
    269, 270, 270, 268, 266, 271, 268, 270, 266, 269, 269, 271, 268, 271,
    267, 268, 269, 268, 268, 268, 271, 266, 270, 269, 266, 266, 267, 269,
    268, 266, 270, 268, 266 ]
headPositionsY: [ 79, 73, 74, 72, 77, 76, 76, 76, 75, 73, 73, 76, 76, 72,
    75, 77, 76, 78, 80, 83, 86, 90, 91, 96, 97, 93, 88, 84, 81, 73, 70,
    72, 67, 68, 70, 74, 80, 85, 86, 88, 85, 85, 78, 78, 72, 74, 75, 77,
    75, 82, 83, 89, 89, 86, 85, 81, 77, 76, 73, 72, 74, 76, 80, 80, 86,
    86, 84, 81, 79, 79, 74, 75, 74, 76, 78, 84, 86, 87, 86, 88, 86, 81,
    81, 80, 77, 78, 76, 79, 76, 77, 76, 78, 79, 75, 75, 77, 78, 75, 76,
    79 ]
