%YAML:1.0
---
videoName: "headNod15.mp4"
gestureLabel: 202
fps: 29
pixelSizeInCmTemp: 3.1933333333333330e-01
faceCenterPointX: 255
faceCenterPointY: 74
headPositionsX: [ 255, 255, 257, 257, 256, 259, 257, 256, 254, 258, 257,
    258, 257, 259, 258, 255, 255, 254, 255, 257, 257, 257, 253, 255, 256,
    256, 256, 253, 256, 257, 256, 255, 258, 254, 255, 258, 255, 256, 256,
    254, 254, 253, 253, 254, 256, 255, 255, 253, 253, 254, 257, 255, 255,
    257, 253, 253, 253, 256, 257, 253, 256, 256, 252, 256, 257, 255, 259,
    257, 253, 253, 254, 256, 256, 255, 256, 253, 255, 254, 253, 255, 253,
    252, 254, 254, 253, 253, 254, 254, 253, 255, 255, 252, 253, 254, 254,
    256, 255, 255, 255, 253 ]
headPositionsY: [ 75, 72, 73, 72, 74, 76, 73, 74, 75, 72, 73, 76, 71, 73,
    71, 73, 74, 72, 71, 74, 74, 73, 72, 73, 73, 72, 72, 75, 74, 71, 74,
    73, 76, 73, 75, 75, 75, 77, 79, 80, 84, 80, 77, 77, 74, 71, 71, 71,
    69, 73, 78, 79, 81, 80, 78, 78, 73, 73, 71, 72, 69, 72, 75, 77, 80,
    82, 83, 82, 79, 77, 74, 72, 71, 73, 71, 76, 74, 77, 75, 75, 74, 72,
    73, 72, 72, 68, 72, 74, 71, 75, 73, 72, 74, 70, 73, 71, 74, 72, 72,
    72 ]
