%YAML:1.0
---
videoName: "headNod29.mp4"
gestureLabel: 202
fps: 29
pixelSizeInCmTemp: 3.1933333333333330e-01
faceCenterPointX: 271
faceCenterPointY: 70
headPositionsX: [ 271, 272, 273, 272, 272, 273, 275, 272, 275, 274, 275,
    272, 273, 273, 273, 271, 272, 271, 273, 274, 274, 272, 271, 275, 273,
    272, 273, 274, 271, 270, 273, 268, 269, 269, 272, 271, 270, 272, 271,
    271, 272, 269, 268, 270, 271, 270, 270, 270, 270, 269, 272, 274, 272,
    272, 271, 269, 270, 269, 270, 272, 272, 271, 270, 269, 268, 268, 271,
    270, 270, 272, 269, 273, 269, 270, 270, 272, 269, 272, 271, 274, 270,
    269, 273, 272, 271, 272, 273, 272, 273, 273, 269, 269, 273, 271, 271,
    273, 273, 271, 268, 271 ]
headPositionsY: [ 69, 75, 73, 73, 73, 77, 75, 77, 79, 81, 82, 80, 79, 75,
    70, 70, 67, 65, 66, 65, 68, 66, 69, 71, 72, 74, 78, 79, 81, 79, 79,
    78, 75, 73, 74, 70, 69, 71, 73, 71, 74, 78, 79, 81, 77, 79, 76, 76,
    75, 71, 75, 75, 76, 77, 79, 83, 82, 78, 76, 74, 77, 74, 72, 75, 77,
    79, 78, 79, 77, 75, 74, 71, 71, 72, 68, 71, 71, 75, 75, 77, 78, 74,
    75, 72, 74, 71, 69, 70, 71, 67, 67, 69, 72, 70, 72, 72, 72, 71, 68,
    69 ]
