%YAML:1.0
---
videoName: "headNod21.mp4"
gestureLabel: 202
fps: 29
pixelSizeInCmTemp: 3.2808219178082193e-01
faceCenterPointX: 253
faceCenterPointY: 78
headPositionsX: [ 254, 255, 255, 254, 255, 257, 257, 257, 253, 254, 256,
    254, 255, 254, 256, 257, 254, 254, 256, 256, 257, 253, 257, 255, 253,
    256, 254, 255, 254, 254, 254, 256, 255, 255, 256, 258, 254, 255, 254,
    254, 255, 255, 255, 258, 254, 257, 255, 254, 253, 254, 256, 256, 256,
    253, 256, 254, 254, 252, 253, 255, 254, 255, 252, 252, 250, 252, 252,
    251, 254, 254, 251, 250, 250, 250, 248, 252, 250, 251, 249, 250, 251,
    251, 250, 250, 250, 249, 254, 253, 255, 254, 252, 252, 255, 253, 256,
    253, 253, 256, 253, 255 ]
headPositionsY: [ 79, 79, 78, 78, 80, 78, 80, 77, 81, 79, 77, 78, 80, 78,
    79, 77, 78, 78, 80, 81, 77, 76, 78, 80, 82, 80, 81, 81, 78, 82, 83,
    81, 80, 82, 77, 75, 73, 75, 77, 77, 81, 83, 83, 82, 80, 82, 75, 76,
    75, 78, 82, 80, 86, 83, 82, 82, 82, 77, 78, 76, 81, 83, 81, 81, 84,
    82, 78, 77, 76, 74, 77, 77, 79, 82, 81, 85, 80, 82, 81, 76, 75, 77,
    79, 80, 81, 78, 78, 78, 80, 78, 77, 76, 78, 81, 78, 79, 78, 80, 78,
    78 ]
