%YAML:1.0
---
videoName: "headNod6.mp4"
gestureLabel: 202
fps: 29
pixelSizeInCmTemp: 3.1513157894736843e-01
faceCenterPointX: 262
faceCenterPointY: 73
headPositionsX: [ 262, 264, 261, 260, 261, 260, 262, 261, 262, 262, 263,
    264, 263, 262, 260, 264, 265, 260, 263, 264, 264, 262, 264, 262, 261,
    264, 261, 260, 261, 263, 261, 262, 260, 264, 263, 264, 263, 265, 264,
    262, 263, 262, 263, 264, 260, 261, 261, 263, 260, 260, 260, 261, 260,
    263, 263, 263, 260, 260, 261, 262, 260, 259, 260, 262, 258, 260, 260,
    258, 262, 258, 260, 259, 261, 262, 263, 261, 261, 258, 262, 262, 260,
    264, 259, 263, 262, 259, 261, 264, 261, 262, 263, 262, 262, 261, 259,
    259, 262, 263, 260, 260 ]
headPositionsY: [ 72, 73, 74, 73, 73, 74, 74, 75, 72, 76, 72, 75, 71, 72,
    76, 73, 72, 75, 76, 76, 75, 74, 76, 72, 76, 73, 75, 76, 73, 74, 72,
    74, 70, 70, 66, 65, 64, 63, 64, 67, 72, 78, 81, 82, 86, 80, 77, 73,
    67, 67, 66, 71, 72, 75, 80, 83, 84, 80, 78, 73, 68, 68, 66, 68, 69,
    72, 76, 81, 83, 82, 80, 75, 72, 69, 68, 64, 67, 67, 69, 77, 78, 81,
    83, 82, 83, 80, 75, 74, 73, 69, 68, 71, 72, 69, 74, 72, 70, 74, 74,
    72 ]
