%YAML:1.0
---
videoName: "headNod15.mp4"
gestureLabel: 202
fps: 29
pixelSizeInCmTemp: 3.1933333333333330e-01
faceCenterPointX: 255
faceCenterPointY: 74
headPositionsX: [ 253, 258, 256, 256, 256, 255, 259, 256, 255, 256, 254,
    256, 255, 258, 256, 256, 257, 258, 254, 257, 257, 258, 256, 257, 257,
    257, 256, 253, 257, 257, 255, 253, 256, 254, 256, 258, 254, 253, 257,
    253, 254, 253, 253, 252, 253, 252, 254, 256, 256, 254, 253, 253, 257,
    256, 257, 254, 254, 253, 253, 256, 253, 254, 255, 257, 255, 256, 257,
    255, 254, 256, 254, 256, 256, 255, 253, 254, 252, 252, 254, 252, 254,
    254, 255, 256, 253, 254, 256, 252, 256, 255, 256, 253, 252, 256, 256,
    254, 256, 252, 252, 255 ]
headPositionsY: [ 76, 74, 75, 75, 71, 74, 71, 75, 71, 76, 72, 73, 71, 73,
    71, 73, 72, 75, 72, 72, 74, 75, 73, 75, 75, 75, 71, 74, 76, 72, 72,
    73, 76, 72, 75, 77, 77, 78, 81, 82, 80, 83, 79, 75, 73, 74, 73, 68,
    72, 73, 75, 82, 82, 84, 80, 77, 76, 70, 70, 68, 69, 72, 74, 81, 82,
    83, 83, 81, 81, 75, 74, 72, 72, 72, 72, 75, 77, 78, 79, 75, 72, 70,
    69, 71, 68, 68, 70, 73, 75, 73, 75, 74, 73, 71, 71, 71, 72, 74, 71,
    75 ]
