%YAML:1.0
---
videoName: "headNod33.mp4"
gestureLabel: 202
fps: 29
pixelSizeInCmTemp: 2.9567901234567900e-01
faceCenterPointX: 268
faceCenterPointY: 74
headPositionsX: [ 269, 267, 270, 270, 269, 271, 268, 272, 272, 272, 270,
    271, 271, 269, 270, 272, 273, 273, 270, 269, 273, 270, 268, 271, 268,
    271, 269, 271, 268, 268, 269, 268, 271, 269, 268, 269, 271, 270, 272,
    272, 270, 267, 268, 268, 268, 269, 271, 269, 268, 267, 271, 268, 266,
    269, 267, 268, 267, 266, 265, 269, 265, 267, 268, 269, 267, 266, 267,
    270, 266, 266, 266, 269, 267, 270, 268, 270, 267, 271, 270, 268, 267,
    267, 267, 269, 268, 269, 268, 269, 265, 269, 266, 265, 266, 267, 267,
    270, 266, 266, 268, 268 ]
headPositionsY: [ 73, 71, 74, 70, 70, 69, 71, 73, 73, 72, 70, 73, 72, 72,
    73, 69, 74, 69, 70, 69, 75, 70, 69, 74, 71, 73, 69, 73, 74, 71, 73,
    71, 71, 75, 78, 77, 79, 77, 74, 73, 68, 68, 65, 66, 67, 65, 69, 76,
    78, 79, 82, 84, 81, 76, 74, 75, 73, 68, 72, 68, 68, 73, 74, 71, 72,
    77, 74, 76, 77, 75, 72, 76, 74, 73, 69, 70, 69, 74, 74, 73, 76, 75,
    80, 78, 79, 75, 77, 78, 76, 78, 75, 73, 74, 76, 76, 75, 76, 73, 73,
    73 ]
