%YAML:1.0
---
videoName: "headNod10.mp4"
gestureLabel: 202
fps: 29
pixelSizeInCmTemp: 3.2808219178082193e-01
faceCenterPointX: 260
faceCenterPointY: 67
headPositionsX: [ 260, 258, 259, 257, 257, 258, 258, 258, 258, 260, 260,
    256, 257, 259, 257, 256, 258, 257, 258, 258, 259, 260, 260, 258, 257,
    259, 257, 261, 258, 257, 259, 259, 260, 258, 258, 260, 260, 258, 260,
    260, 259, 260, 258, 258, 258, 262, 259, 258, 262, 261, 260, 260, 259,
    260, 261, 261, 259, 257, 258, 258, 260, 260, 261, 263, 261, 259, 260,
    258, 257, 262, 257, 259, 256, 260, 261, 257, 257, 258, 257, 261, 260,
    258, 259, 260, 256, 258, 259, 257, 258, 260, 261, 261, 259, 262, 260,
    261, 260, 259, 261, 262 ]
headPositionsY: [ 69, 72, 70, 69, 72, 69, 71, 69, 72, 68, 68, 70, 69, 69,
    69, 69, 70, 69, 70, 72, 72, 69, 67, 70, 68, 68, 68, 71, 72, 68, 69,
    72, 70, 72, 68, 73, 71, 69, 73, 69, 71, 73, 73, 72, 69, 69, 65, 60,
    61, 63, 63, 67, 69, 73, 74, 72, 71, 69, 71, 66, 64, 63, 61, 67, 66,
    70, 72, 73, 75, 75, 74, 73, 70, 64, 67, 65, 65, 66, 69, 70, 76, 78,
    74, 74, 73, 72, 70, 67, 67, 69, 65, 65, 65, 66, 65, 66, 66, 66, 67,
    67 ]
