%YAML:1.0
---
videoName: "headNod22.mp4"
gestureLabel: 202
fps: 29
pixelSizeInCmTemp: 3.1513157894736843e-01
faceCenterPointX: 252
faceCenterPointY: 80
headPositionsX: [ 253, 250, 251, 253, 255, 252, 250, 252, 251, 251, 251,
    253, 252, 254, 255, 254, 253, 251, 254, 253, 253, 252, 253, 253, 251,
    254, 251, 254, 252, 255, 254, 253, 252, 253, 253, 254, 251, 254, 253,
    252, 254, 252, 251, 252, 252, 251, 252, 252, 252, 250, 250, 255, 250,
    251, 253, 254, 251, 252, 253, 255, 252, 254, 253, 250, 253, 254, 253,
    252, 252, 253, 254, 251, 254, 254, 254, 253, 251, 251, 251, 253, 250,
    251, 250, 255, 249, 251, 254, 252, 251, 254, 253, 253, 254, 251, 253,
    253, 252, 249, 252, 249 ]
headPositionsY: [ 78, 76, 81, 76, 78, 79, 77, 79, 80, 78, 77, 78, 77, 81,
    79, 80, 79, 77, 81, 77, 78, 82, 82, 82, 83, 84, 81, 83, 79, 77, 76,
    72, 71, 71, 72, 71, 73, 80, 81, 82, 83, 84, 82, 77, 74, 73, 72, 72,
    71, 76, 75, 82, 84, 83, 84, 81, 83, 78, 73, 75, 72, 72, 72, 75, 74,
    79, 82, 81, 77, 79, 74, 74, 73, 77, 78, 76, 82, 80, 79, 80, 77, 78,
    76, 79, 77, 81, 79, 79, 82, 78, 78, 77, 77, 76, 80, 79, 82, 81, 80,
    77 ]
