%YAML:1.0
---
videoName: "headNod11.mp4"
gestureLabel: 202
fps: 29
pixelSizeInCmTemp: 3.2364864864864862e-01
faceCenterPointX: 261
faceCenterPointY: 75
headPositionsX: [ 261, 258, 260, 259, 260, 261, 259, 259, 256, 260, 257,
    261, 259, 260, 257, 261, 257, 259, 260, 260, 259, 258, 262, 260, 259,
    263, 261, 258, 260, 259, 258, 259, 261, 260, 262, 262, 262, 259, 262,
    260, 262, 259, 259, 260, 262, 258, 259, 258, 258, 262, 260, 260, 261,
    259, 263, 262, 262, 260, 260, 259, 258, 257, 259, 260, 258, 258, 258,
    257, 256, 258, 259, 259, 256, 258, 259, 254, 258, 257, 256, 259, 256,
    260, 256, 260, 261, 261, 259, 259, 259, 258, 262, 261, 260, 259, 260,
    262, 260, 261, 258, 261 ]
headPositionsY: [ 76, 73, 72, 76, 73, 74, 73, 75, 76, 75, 74, 74, 72, 77,
    73, 73, 73, 73, 73, 73, 72, 74, 73, 73, 73, 73, 75, 75, 77, 75, 75,
    76, 77, 74, 73, 73, 75, 75, 77, 75, 77, 74, 74, 74, 75, 75, 77, 75,
    72, 71, 70, 68, 69, 66, 68, 73, 73, 75, 75, 81, 81, 77, 77, 71, 71,
    69, 70, 68, 72, 74, 73, 75, 78, 81, 82, 82, 80, 77, 74, 71, 71, 72,
    73, 71, 75, 74, 79, 82, 78, 82, 77, 80, 75, 75, 74, 76, 77, 76, 76,
    76 ]
