%YAML:1.0
---
videoName: "headNod5.mp4"
gestureLabel: 202
fps: 29
pixelSizeInCmTemp: 3.1513157894736843e-01
faceCenterPointX: 263
faceCenterPointY: 75
headPositionsX: [ 262, 263, 263, 263, 264, 265, 261, 262, 262, 262, 261,
    260, 263, 263, 265, 264, 265, 266, 266, 263, 266, 267, 265, 263, 265,
    266, 266, 265, 267, 263, 266, 268, 263, 265, 264, 265, 264, 266, 265,
    266, 266, 265, 265, 267, 264, 268, 267, 266, 264, 266, 264, 267, 265,
    261, 262, 264, 263, 263, 264, 263, 262, 266, 266, 262, 264, 266, 262,
    262, 265, 265, 264, 263, 264, 267, 264, 266, 264, 263, 263, 264, 262,
    265, 263, 261, 266, 260, 263, 261, 261, 264, 261, 264, 263, 261, 264,
    262, 263, 261, 263, 264 ]
headPositionsY: [ 76, 72, 76, 74, 72, 73, 74, 72, 75, 73, 77, 73, 76, 73,
    75, 75, 75, 74, 77, 76, 75, 78, 76, 75, 74, 76, 76, 76, 78, 75, 75,
    79, 78, 76, 76, 75, 77, 78, 80, 76, 75, 75, 76, 75, 78, 75, 77, 78,
    76, 80, 77, 82, 82, 84, 83, 82, 82, 78, 73, 72, 77, 76, 83, 83, 88,
    86, 85, 84, 78, 73, 77, 76, 78, 81, 83, 85, 87, 83, 84, 78, 74, 74,
    73, 75, 75, 78, 79, 82, 81, 80, 81, 77, 74, 75, 75, 76, 73, 76, 73,
    72 ]
