%YAML:1.0
---
videoName: "headNod19.mp4"
gestureLabel: 202
fps: 29
pixelSizeInCmTemp: 3.1933333333333330e-01
faceCenterPointX: 255
faceCenterPointY: 81
headPositionsX: [ 255, 256, 259, 259, 258, 257, 255, 255, 254, 256, 257,
    255, 256, 253, 257, 253, 254, 251, 251, 255, 253, 254, 250, 253, 252,
    252, 250, 253, 248, 252, 252, 249, 252, 255, 255, 253, 254, 256, 255,
    254, 252, 255, 253, 254, 256, 258, 256, 257, 254, 254, 254, 255, 256,
    257, 255, 253, 258, 258, 254, 254, 256, 256, 255, 255, 253, 257, 256,
    257, 253, 258, 256, 256, 254, 255, 254, 253, 254, 257, 255, 257, 256,
    255, 255, 255, 256, 254, 254, 253, 256, 253, 254, 256, 254, 254, 255,
    258, 258, 254, 258, 253 ]
headPositionsY: [ 82, 85, 84, 84, 80, 77, 78, 78, 76, 77, 77, 78, 75, 78,
    75, 75, 76, 78, 78, 77, 76, 81, 78, 80, 79, 77, 81, 79, 79, 78, 81,
    77, 77, 78, 79, 78, 81, 79, 80, 79, 77, 80, 81, 77, 77, 78, 76, 80,
    78, 78, 79, 77, 79, 81, 79, 79, 76, 80, 79, 79, 79, 77, 79, 80, 82,
    80, 76, 78, 75, 72, 71, 74, 74, 75, 79, 84, 84, 82, 79, 81, 74, 77,
    78, 77, 82, 86, 85, 86, 86, 84, 84, 84, 83, 81, 82, 83, 85, 82, 80,
    82 ]
