%YAML:1.0
---
videoName: "headNod22.mp4"
gestureLabel: 202
fps: 29
pixelSizeInCmTemp: 3.1513157894736843e-01
faceCenterPointX: 252
faceCenterPointY: 80
headPositionsX: [ 251, 250, 253, 251, 255, 251, 250, 253, 251, 251, 255,
    252, 253, 251, 251, 254, 253, 253, 255, 252, 255, 252, 255, 254, 254,
    255, 253, 253, 255, 255, 250, 255, 255, 256, 255, 256, 255, 256, 255,
    255, 253, 253, 251, 253, 252, 254, 252, 255, 252, 253, 250, 255, 250,
    252, 251, 251, 253, 250, 252, 252, 250, 251, 254, 254, 250, 254, 252,
    251, 253, 254, 253, 250, 253, 252, 253, 251, 252, 251, 250, 251, 254,
    252, 250, 254, 253, 254, 252, 248, 250, 251, 252, 254, 250, 252, 253,
    249, 250, 250, 252, 251 ]
headPositionsY: [ 80, 76, 80, 78, 77, 77, 79, 80, 77, 80, 80, 79, 78, 79,
    80, 78, 77, 76, 78, 81, 76, 81, 79, 80, 80, 84, 81, 82, 82, 79, 74,
    74, 70, 73, 70, 71, 76, 79, 78, 83, 86, 84, 82, 76, 73, 70, 70, 72,
    70, 75, 78, 80, 82, 85, 85, 83, 82, 79, 75, 73, 74, 73, 74, 74, 78,
    79, 80, 80, 77, 78, 77, 76, 77, 76, 78, 79, 80, 79, 82, 79, 78, 77,
    75, 78, 76, 80, 79, 82, 80, 77, 76, 81, 77, 80, 79, 78, 83, 83, 81,
    78 ]
