%YAML:1.0
---
videoName: "headNod40.mp4"
gestureLabel: 202
fps: 29
pixelSizeInCmTemp: 2.8511904761904761e-01
faceCenterPointX: 267
faceCenterPointY: 78
headPositionsX: [ 265, 269, 266, 266, 267, 266, 269, 266, 266, 267, 267,
    265, 266, 268, 268, 268, 268, 266, 268, 268, 269, 266, 269, 269, 269,
    266, 269, 269, 266, 267, 266, 270, 268, 268, 270, 269, 270, 266, 270,
    268, 267, 269, 267, 267, 266, 265, 264, 264, 268, 265, 267, 268, 265,
    266, 265, 264, 264, 268, 267, 265, 267, 264, 264, 263, 267, 264, 268,
    264, 268, 267, 267, 267, 267, 269, 266, 268, 267, 266, 267, 265, 267,
    267, 265, 266, 265, 266, 266, 269, 268, 268, 267, 268, 265, 269, 266,
    268, 268, 264, 266, 266 ]
headPositionsY: [ 77, 77, 78, 78, 77, 77, 74, 78, 78, 76, 77, 73, 79, 77,
    76, 78, 77, 74, 75, 75, 78, 74, 75, 74, 74, 75, 74, 76, 77, 74, 75,
    74, 77, 76, 76, 77, 75, 74, 76, 76, 80, 87, 90, 94, 97, 96, 96, 92,
    88, 83, 80, 76, 80, 69, 67, 67, 68, 71, 70, 75, 80, 86, 88, 86, 86,
    81, 79, 79, 76, 76, 76, 70, 71, 74, 75, 74, 78, 80, 81, 77, 79, 79,
    80, 77, 81, 79, 79, 81, 76, 78, 79, 76, 76, 76, 79, 78, 78, 78, 76,
    75 ]
