%YAML:1.0
---
videoName: "headNod0.mp4"
gestureLabel: 202
fps: 29
pixelSizeInCmTemp: 3.2364864864864862e-01
faceCenterPointX: 264
faceCenterPointY: 76
headPositionsX: [ 264, 268, 269, 268, 270, 265, 268, 266, 266, 268, 268,
    266, 269, 265, 264, 264, 264, 267, 263, 267, 264, 266, 267, 266, 265,
    267, 264, 267, 266, 263, 265, 266, 267, 264, 268, 265, 266, 266, 267,
    264, 268, 264, 264, 266, 265, 266, 264, 263, 266, 264, 264, 265, 266,
    267, 267, 265, 264, 266, 263, 266, 267, 267, 268, 267, 266, 264, 266,
    263, 268, 268, 263, 265, 265, 264, 263, 265, 263, 263, 266, 267, 265,
    264, 263, 266, 265, 262, 264, 262, 264, 265, 263, 262, 266, 263, 266,
    266, 266, 263, 266, 263 ]
headPositionsY: [ 77, 71, 74, 73, 73, 71, 72, 71, 75, 75, 74, 74, 75, 73,
    73, 74, 74, 72, 74, 73, 72, 72, 74, 75, 74, 73, 73, 72, 72, 71, 70,
    67, 65, 64, 61, 61, 61, 62, 65, 67, 65, 70, 73, 73, 76, 81, 80, 81,
    80, 78, 80, 75, 73, 70, 68, 66, 67, 64, 65, 68, 72, 71, 75, 75, 76,
    76, 78, 81, 81, 76, 75, 74, 74, 68, 70, 70, 66, 67, 70, 71, 71, 71,
    71, 74, 76, 79, 79, 80, 80, 77, 79, 77, 79, 75, 75, 75, 76, 75, 76,
    74 ]
