%YAML:1.0
---
videoName: "headNod34.mp4"
gestureLabel: 202
fps: 29
pixelSizeInCmTemp: 2.9567901234567900e-01
faceCenterPointX: 266
faceCenterPointY: 78
headPositionsX: [ 266, 269, 267, 266, 270, 268, 268, 270, 268, 269, 268,
    268, 268, 268, 271, 267, 271, 267, 268, 267, 271, 269, 267, 268, 272,
    270, 271, 271, 268, 270, 269, 267, 271, 272, 267, 267, 268, 270, 270,
    272, 272, 271, 271, 268, 272, 272, 268, 271, 268, 267, 270, 269, 271,
    270, 267, 267, 270, 269, 271, 273, 270, 272, 272, 271, 269, 270, 272,
    268, 268, 270, 267, 266, 268, 268, 268, 267, 266, 267, 267, 266, 267,
    268, 267, 267, 267, 266, 265, 268, 268, 268, 266, 266, 266, 266, 268,
    266, 268, 266, 266, 265 ]
headPositionsY: [ 80, 78, 74, 78, 75, 78, 74, 78, 78, 76, 78, 76, 75, 74,
    75, 74, 79, 78, 75, 73, 78, 75, 79, 76, 75, 78, 74, 78, 78, 76, 77,
    76, 78, 77, 74, 78, 75, 74, 74, 72, 69, 69, 74, 76, 82, 82, 88, 86,
    86, 81, 82, 74, 74, 74, 74, 75, 76, 75, 79, 84, 84, 84, 81, 80, 78,
    79, 75, 78, 79, 81, 81, 84, 84, 83, 84, 81, 79, 76, 75, 79, 77, 82,
    82, 83, 83, 80, 83, 77, 79, 77, 78, 78, 79, 81, 82, 79, 78, 82, 80,
    81 ]
