%YAML:1.0
---
videoName: "headNod49.mp4"
gestureLabel: 202
fps: 29
pixelSizeInCmTemp: 2.9207317073170730e-01
faceCenterPointX: 263
faceCenterPointY: 74
headPositionsX: [ 263, 264, 264, 267, 268, 264, 264, 264, 266, 265, 267,
    265, 267, 266, 266, 262, 262, 262, 265, 263, 262, 265, 265, 266, 267,
    265, 262, 264, 264, 262, 266, 263, 261, 266, 264, 262, 262, 262, 265,
    263, 263, 262, 264, 262, 262, 263, 261, 265, 261, 261, 262, 263, 262,
    266, 262, 264, 265, 266, 266, 262, 261, 263, 266, 262, 263, 263, 265,
    263, 264, 266, 265, 265, 266, 266, 263, 261, 264, 265, 264, 263, 262,
    261, 265, 263, 261, 260, 265, 260, 263, 260, 262, 264, 263, 261, 261,
    264, 262, 261, 261, 263 ]
headPositionsY: [ 72, 71, 73, 71, 70, 72, 70, 72, 74, 72, 70, 70, 69, 68,
    66, 68, 70, 70, 67, 71, 69, 68, 72, 76, 78, 75, 80, 76, 74, 72, 74,
    70, 68, 68, 67, 70, 71, 71, 73, 77, 77, 76, 76, 76, 75, 71, 73, 70,
    71, 69, 72, 71, 73, 76, 78, 79, 79, 77, 76, 74, 76, 73, 75, 75, 71,
    76, 75, 79, 79, 79, 75, 76, 75, 75, 74, 73, 74, 72, 74, 76, 75, 75,
    74, 74, 73, 74, 72, 75, 74, 72, 76, 75, 76, 74, 75, 73, 76, 76, 73,
    73 ]
