%YAML:1.0
---
videoName: "headNod48.mp4"
gestureLabel: 202
fps: 29
pixelSizeInCmTemp: 2.8855421686746985e-01
faceCenterPointX: 264
faceCenterPointY: 72
headPositionsX: [ 265, 265, 263, 265, 266, 266, 263, 265, 266, 264, 264,
    262, 267, 261, 265, 264, 262, 262, 263, 264, 259, 261, 258, 258, 258,
    260, 258, 259, 261, 261, 259, 262, 263, 261, 261, 261, 262, 263, 261,
    265, 261, 264, 262, 260, 262, 261, 261, 262, 261, 262, 261, 264, 260,
    258, 263, 259, 263, 260, 263, 261, 260, 264, 262, 266, 261, 265, 263,
    265, 262, 264, 266, 262, 265, 264, 266, 264, 266, 263, 264, 267, 267,
    263, 267, 265, 266, 265, 263, 266, 264, 265, 267, 267, 265, 264, 268,
    266, 268, 266, 266, 263 ]
headPositionsY: [ 71, 77, 76, 80, 77, 74, 76, 73, 67, 65, 62, 60, 63, 63,
    69, 72, 76, 79, 84, 90, 87, 88, 82, 80, 77, 77, 71, 69, 66, 63, 61,
    65, 66, 64, 69, 71, 73, 75, 80, 84, 83, 83, 79, 77, 77, 73, 75, 72,
    70, 70, 72, 74, 74, 78, 81, 80, 78, 75, 76, 71, 69, 68, 71, 72, 70,
    75, 73, 75, 75, 78, 78, 76, 72, 69, 69, 70, 70, 72, 71, 74, 76, 77,
    76, 72, 75, 72, 74, 71, 70, 71, 74, 72, 76, 72, 71, 72, 74, 74, 73,
    74 ]
