%YAML:1.0
---
videoName: "headNod15.mp4"
gestureLabel: 202
fps: 29
pixelSizeInCmTemp: 3.1933333333333330e-01
faceCenterPointX: 255
faceCenterPointY: 74
headPositionsX: [ 255, 255, 258, 254, 257, 259, 259, 258, 257, 257, 258,
    258, 253, 259, 254, 258, 258, 255, 253, 255, 255, 258, 253, 258, 258,
    257, 257, 255, 255, 256, 254, 255, 254, 256, 255, 257, 257, 256, 257,
    253, 258, 256, 254, 255, 257, 253, 254, 257, 253, 253, 255, 257, 257,
    253, 255, 254, 255, 255, 255, 254, 252, 257, 253, 257, 253, 255, 258,
    258, 256, 253, 254, 255, 257, 253, 255, 254, 255, 251, 253, 252, 252,
    253, 252, 255, 256, 252, 252, 255, 256, 253, 254, 254, 255, 253, 256,
    257, 256, 255, 255, 254 ]
headPositionsY: [ 72, 75, 75, 72, 72, 76, 71, 74, 74, 72, 74, 72, 73, 74,
    75, 74, 74, 76, 73, 74, 75, 74, 71, 71, 73, 73, 74, 75, 73, 73, 73,
    74, 72, 75, 73, 74, 77, 76, 79, 81, 80, 84, 81, 76, 76, 70, 71, 68,
    71, 73, 77, 78, 82, 83, 79, 77, 74, 73, 72, 69, 72, 71, 76, 77, 79,
    82, 84, 80, 81, 78, 73, 72, 70, 73, 70, 75, 75, 76, 76, 74, 76, 73,
    69, 68, 69, 70, 73, 73, 74, 76, 75, 74, 75, 70, 75, 74, 74, 73, 74,
    73 ]
