%YAML:1.0
---
videoName: "headNod23.mp4"
gestureLabel: 202
fps: 29
pixelSizeInCmTemp: 3.1933333333333330e-01
faceCenterPointX: 273
faceCenterPointY: 75
headPositionsX: [ 272, 271, 273, 274, 272, 272, 273, 276, 274, 274, 272,
    276, 273, 276, 274, 275, 272, 275, 274, 273, 276, 277, 272, 276, 275,
    276, 275, 277, 273, 273, 273, 274, 276, 276, 272, 277, 276, 274, 275,
    273, 270, 272, 273, 270, 270, 273, 273, 270, 271, 273, 275, 274, 275,
    275, 275, 273, 271, 273, 271, 272, 272, 274, 273, 276, 273, 271, 275,
    273, 276, 274, 275, 273, 276, 272, 275, 272, 273, 272, 270, 276, 274,
    272, 276, 272, 272, 276, 276, 274, 274, 274, 274, 271, 272, 275, 272,
    273, 276, 271, 275, 271 ]
headPositionsY: [ 74, 77, 75, 75, 75, 78, 75, 78, 78, 76, 78, 78, 79, 77,
    78, 75, 78, 74, 75, 78, 76, 79, 76, 74, 72, 72, 70, 67, 64, 64, 66,
    66, 64, 66, 70, 70, 75, 78, 81, 81, 80, 80, 79, 78, 79, 76, 72, 67,
    68, 70, 65, 67, 71, 73, 73, 73, 76, 77, 76, 76, 78, 78, 73, 74, 71,
    69, 69, 68, 70, 70, 71, 75, 73, 76, 80, 79, 78, 81, 78, 78, 78, 73,
    73, 73, 74, 74, 71, 71, 71, 73, 72, 73, 75, 74, 77, 75, 76, 75, 75,
    77 ]
