%YAML:1.0
---
videoName: "headNod38.mp4"
gestureLabel: 202
fps: 29
pixelSizeInCmTemp: 2.9937500000000000e-01
faceCenterPointX: 267
faceCenterPointY: 73
headPositionsX: [ 265, 269, 266, 265, 269, 268, 266, 268, 265, 268, 264,
    266, 266, 265, 265, 269, 268, 265, 264, 267, 264, 269, 267, 268, 267,
    264, 265, 266, 267, 263, 264, 264, 267, 266, 264, 265, 264, 265, 266,
    267, 266, 268, 266, 265, 268, 267, 266, 269, 266, 267, 268, 268, 269,
    265, 270, 267, 269, 268, 267, 267, 270, 266, 267, 270, 269, 267, 270,
    268, 266, 268, 270, 270, 270, 270, 267, 269, 266, 270, 268, 267, 268,
    268, 269, 266, 266, 267, 267, 270, 267, 267, 270, 269, 267, 270, 266,
    265, 268, 267, 270, 269 ]
headPositionsY: [ 73, 75, 75, 73, 80, 82, 83, 86, 84, 84, 82, 75, 75, 77,
    80, 83, 81, 83, 85, 85, 83, 77, 73, 73, 75, 76, 82, 85, 86, 88, 91,
    84, 81, 79, 76, 75, 72, 74, 76, 76, 82, 84, 86, 90, 84, 84, 78, 77,
    72, 73, 73, 71, 71, 76, 80, 84, 84, 86, 84, 84, 81, 80, 78, 77, 76,
    73, 69, 72, 74, 75, 79, 79, 86, 83, 83, 84, 86, 80, 81, 74, 76, 74,
    72, 72, 71, 70, 71, 72, 71, 70, 71, 74, 75, 74, 72, 73, 75, 74, 71,
    76 ]
