%YAML:1.0
---
videoName: "headNod12.mp4"
gestureLabel: 202
fps: 29
pixelSizeInCmTemp: 3.2808219178082193e-01
faceCenterPointX: 254
faceCenterPointY: 69
headPositionsX: [ 254, 251, 254, 253, 255, 252, 252, 255, 256, 253, 255,
    258, 256, 258, 255, 256, 253, 256, 257, 259, 256, 256, 259, 253, 254,
    256, 258, 258, 257, 254, 256, 256, 257, 256, 255, 255, 252, 256, 256,
    256, 253, 254, 255, 256, 256, 254, 253, 254, 253, 257, 253, 255, 252,
    256, 253, 254, 253, 252, 256, 252, 252, 254, 256, 252, 253, 252, 254,
    256, 254, 252, 255, 252, 255, 256, 256, 255, 253, 255, 253, 254, 252,
    253, 257, 257, 255, 253, 254, 257, 256, 255, 253, 253, 257, 255, 253,
    253, 254, 254, 255, 253 ]
headPositionsY: [ 70, 72, 73, 75, 70, 71, 75, 72, 74, 73, 76, 74, 75, 75,
    72, 74, 70, 72, 72, 73, 71, 75, 75, 73, 75, 73, 72, 73, 75, 76, 75,
    75, 73, 71, 74, 70, 71, 66, 67, 64, 62, 62, 61, 61, 66, 66, 67, 72,
    73, 74, 76, 81, 77, 78, 76, 72, 70, 66, 64, 66, 63, 64, 63, 63, 65,
    69, 68, 70, 72, 72, 74, 73, 77, 75, 75, 71, 68, 66, 66, 67, 65, 64,
    65, 65, 67, 68, 67, 72, 71, 74, 75, 72, 73, 71, 72, 70, 69, 68, 69,
    72 ]
