%YAML:1.0
---
videoName: "headNod16.mp4"
gestureLabel: 202
fps: 29
pixelSizeInCmTemp: 3.3263888888888887e-01
faceCenterPointX: 255
faceCenterPointY: 77
headPositionsX: [ 253, 257, 257, 260, 259, 259, 260, 260, 257, 260, 259,
    257, 260, 257, 260, 259, 260, 257, 259, 256, 260, 260, 257, 258, 257,
    256, 257, 259, 259, 259, 259, 259, 257, 258, 258, 256, 260, 257, 261,
    258, 258, 258, 260, 259, 259, 256, 258, 260, 257, 256, 259, 259, 258,
    257, 260, 260, 255, 256, 256, 257, 257, 260, 257, 258, 257, 254, 254,
    256, 257, 258, 257, 257, 257, 257, 257, 255, 255, 252, 254, 254, 256,
    254, 252, 256, 255, 254, 254, 254, 255, 256, 254, 258, 253, 256, 255,
    257, 255, 253, 256, 256 ]
headPositionsY: [ 78, 74, 72, 77, 73, 75, 75, 75, 77, 73, 77, 78, 75, 74,
    77, 74, 74, 74, 74, 76, 77, 75, 74, 76, 77, 74, 75, 74, 74, 73, 73,
    74, 75, 76, 74, 73, 72, 72, 68, 66, 70, 67, 73, 74, 76, 77, 81, 80,
    80, 77, 74, 73, 69, 69, 69, 69, 71, 77, 75, 82, 83, 84, 79, 82, 77,
    73, 74, 70, 72, 70, 73, 72, 73, 78, 79, 79, 81, 76, 75, 74, 73, 68,
    69, 70, 74, 72, 76, 76, 78, 77, 75, 75, 74, 78, 74, 76, 76, 75, 75,
    79 ]
