%YAML:1.0
---
videoName: "headNod36.mp4"
gestureLabel: 202
fps: 29
pixelSizeInCmTemp: 2.8176470588235292e-01
faceCenterPointX: 269
faceCenterPointY: 75
headPositionsX: [ 271, 271, 271, 268, 269, 272, 271, 272, 268, 272, 272,
    271, 269, 271, 268, 268, 272, 273, 271, 273, 270, 268, 273, 269, 270,
    272, 269, 270, 270, 269, 271, 270, 269, 271, 270, 269, 271, 268, 268,
    268, 266, 266, 267, 272, 270, 268, 269, 269, 271, 269, 271, 269, 272,
    269, 272, 272, 269, 267, 270, 271, 267, 271, 269, 266, 269, 270, 268,
    267, 267, 271, 268, 268, 265, 265, 265, 266, 270, 266, 269, 268, 268,
    270, 267, 269, 267, 271, 271, 270, 270, 271, 271, 271, 268, 269, 269,
    269, 271, 269, 270, 271 ]
headPositionsY: [ 76, 76, 76, 74, 76, 74, 75, 74, 75, 75, 77, 73, 73, 75,
    72, 72, 74, 77, 77, 78, 80, 77, 81, 77, 76, 73, 66, 70, 68, 66, 65,
    63, 72, 73, 81, 86, 86, 88, 92, 87, 85, 79, 76, 73, 74, 70, 66, 69,
    70, 68, 69, 74, 79, 81, 85, 89, 89, 88, 83, 84, 77, 78, 73, 71, 75,
    72, 74, 76, 82, 85, 86, 84, 80, 77, 77, 73, 77, 75, 75, 78, 81, 83,
    83, 86, 82, 85, 81, 81, 76, 76, 77, 73, 74, 73, 73, 73, 77, 76, 77,
    74 ]
