%YAML:1.0
---
videoName: "headNod5.mp4"
gestureLabel: 202
fps: 29
pixelSizeInCmTemp: 3.1513157894736843e-01
faceCenterPointX: 263
faceCenterPointY: 75
headPositionsX: [ 263, 263, 263, 264, 262, 263, 260, 261, 261, 261, 263,
    262, 262, 265, 264, 264, 264, 264, 265, 264, 263, 264, 265, 263, 262,
    264, 262, 266, 264, 263, 268, 268, 265, 264, 266, 265, 268, 264, 267,
    266, 264, 268, 266, 265, 263, 266, 264, 267, 265, 267, 267, 267, 263,
    264, 263, 265, 263, 266, 262, 266, 262, 262, 265, 265, 263, 266, 263,
    265, 263, 265, 263, 267, 263, 266, 265, 263, 264, 262, 265, 266, 265,
    263, 265, 263, 264, 264, 261, 264, 262, 263, 262, 263, 261, 261, 262,
    262, 261, 260, 260, 263 ]
headPositionsY: [ 73, 75, 73, 73, 74, 72, 72, 76, 74, 73, 76, 76, 74, 73,
    72, 75, 74, 73, 75, 74, 77, 76, 76, 78, 75, 76, 74, 76, 74, 78, 74,
    78, 75, 76, 80, 76, 77, 78, 76, 77, 77, 75, 76, 76, 79, 76, 77, 79,
    77, 76, 79, 79, 84, 84, 86, 81, 80, 78, 73, 73, 77, 76, 83, 85, 86,
    90, 87, 83, 81, 74, 76, 77, 76, 79, 84, 84, 88, 85, 84, 80, 75, 75,
    75, 75, 73, 80, 76, 82, 80, 81, 80, 80, 76, 73, 74, 75, 73, 76, 74,
    75 ]
