%YAML:1.0
---
videoName: "headNod26.mp4"
gestureLabel: 202
fps: 29
pixelSizeInCmTemp: 3.1513157894736843e-01
faceCenterPointX: 271
faceCenterPointY: 78
headPositionsX: [ 270, 270, 271, 270, 271, 273, 274, 273, 273, 272, 271,
    274, 274, 272, 273, 273, 273, 272, 274, 270, 271, 275, 271, 273, 274,
    271, 269, 273, 270, 270, 273, 272, 271, 272, 273, 271, 273, 274, 270,
    270, 271, 271, 274, 274, 272, 274, 273, 274, 270, 273, 269, 273, 270,
    271, 269, 274, 273, 270, 275, 269, 272, 272, 271, 270, 272, 271, 271,
    274, 271, 273, 271, 273, 269, 272, 271, 271, 272, 271, 270, 273, 269,
    272, 272, 270, 272, 269, 268, 273, 270, 270, 273, 272, 272, 270, 271,
    268, 272, 268, 269, 271 ]
headPositionsY: [ 78, 72, 72, 73, 72, 71, 73, 71, 66, 65, 65, 65, 63, 65,
    69, 68, 70, 72, 74, 74, 79, 80, 85, 84, 83, 79, 79, 72, 73, 70, 70,
    69, 67, 69, 69, 72, 74, 73, 80, 80, 78, 76, 79, 75, 74, 72, 70, 71,
    69, 71, 68, 69, 71, 74, 73, 78, 74, 76, 72, 72, 68, 67, 67, 67, 69,
    67, 66, 68, 69, 70, 72, 75, 77, 74, 74, 72, 73, 71, 69, 71, 69, 68,
    71, 70, 71, 72, 76, 77, 80, 77, 79, 78, 76, 80, 77, 77, 79, 76, 76,
    79 ]
