%YAML:1.0
---
videoName: "headNod4.mp4"
gestureLabel: 202
fps: 29
pixelSizeInCmTemp: 3.2808219178082193e-01
faceCenterPointX: 264
faceCenterPointY: 72
headPositionsX: [ 264, 269, 267, 271, 270, 270, 269, 268, 269, 273, 270,
    271, 271, 270, 269, 270, 269, 268, 267, 267, 270, 266, 268, 266, 268,
    270, 267, 268, 266, 269, 269, 267, 268, 266, 265, 267, 268, 268, 266,
    268, 266, 266, 266, 267, 268, 269, 265, 266, 268, 266, 267, 270, 265,
    265, 267, 264, 268, 266, 266, 268, 266, 266, 267, 264, 264, 265, 263,
    263, 266, 265, 267, 264, 266, 266, 263, 263, 265, 266, 265, 267, 266,
    265, 265, 266, 267, 267, 265, 265, 265, 264, 262, 267, 265, 265, 263,
    267, 266, 262, 265, 265 ]
headPositionsY: [ 70, 75, 72, 73, 73, 75, 73, 76, 75, 73, 73, 74, 74, 74,
    74, 75, 75, 75, 73, 74, 76, 74, 76, 77, 73, 76, 77, 77, 72, 76, 75,
    75, 74, 73, 73, 73, 75, 76, 74, 76, 73, 76, 73, 72, 73, 68, 67, 66,
    68, 64, 65, 68, 71, 76, 77, 82, 81, 82, 78, 77, 76, 74, 69, 67, 68,
    69, 75, 75, 79, 79, 81, 83, 81, 78, 76, 71, 72, 70, 71, 68, 71, 71,
    76, 78, 78, 82, 82, 83, 83, 81, 82, 82, 78, 76, 76, 76, 74, 76, 71,
    74 ]
