%YAML:1.0
---
videoName: "headNod25.mp4"
gestureLabel: 202
fps: 29
pixelSizeInCmTemp: 3.1933333333333330e-01
faceCenterPointX: 270
faceCenterPointY: 75
headPositionsX: [ 270, 270, 271, 270, 272, 272, 268, 268, 269, 272, 268,
    269, 269, 269, 272, 268, 270, 272, 270, 271, 272, 270, 271, 272, 271,
    274, 275, 272, 271, 270, 272, 272, 270, 270, 271, 275, 271, 270, 274,
    271, 271, 273, 271, 273, 269, 274, 269, 273, 271, 269, 272, 273, 269,
    273, 270, 271, 270, 273, 274, 273, 272, 269, 270, 269, 272, 273, 267,
    269, 268, 269, 270, 268, 271, 271, 273, 271, 268, 270, 272, 270, 270,
    271, 270, 269, 270, 271, 273, 270, 270, 272, 269, 272, 271, 271, 270,
    271, 270, 270, 268, 270 ]
headPositionsY: [ 75, 75, 74, 74, 71, 71, 73, 72, 73, 72, 74, 75, 75, 73,
    72, 73, 74, 74, 77, 75, 73, 74, 73, 75, 75, 74, 74, 74, 77, 73, 73,
    76, 77, 76, 75, 77, 75, 74, 73, 74, 75, 74, 72, 75, 72, 78, 73, 74,
    76, 73, 72, 70, 67, 67, 65, 67, 64, 65, 68, 68, 70, 74, 80, 84, 86,
    86, 88, 87, 84, 80, 78, 75, 70, 73, 68, 67, 66, 67, 70, 73, 74, 76,
    77, 82, 82, 80, 80, 76, 77, 79, 74, 74, 74, 76, 74, 76, 75, 75, 76,
    77 ]
