%YAML:1.0
---
videoName: "headNod31.mp4"
gestureLabel: 202
fps: 29
pixelSizeInCmTemp: 2.8855421686746985e-01
faceCenterPointX: 267
faceCenterPointY: 75
headPositionsX: [ 267, 269, 272, 268, 268, 270, 270, 270, 271, 271, 268,
    271, 271, 271, 267, 269, 266, 270, 269, 266, 265, 265, 266, 267, 268,
    264, 267, 266, 269, 267, 267, 269, 268, 268, 267, 271, 270, 267, 270,
    268, 270, 269, 267, 269, 264, 267, 270, 265, 267, 266, 266, 269, 264,
    267, 265, 267, 266, 264, 265, 265, 268, 269, 265, 267, 265, 269, 268,
    268, 266, 266, 265, 264, 265, 265, 265, 267, 266, 264, 265, 266, 269,
    265, 265, 266, 267, 267, 267, 266, 265, 264, 269, 266, 268, 266, 268,
    269, 267, 266, 267, 265 ]
headPositionsY: [ 77, 75, 72, 75, 76, 73, 76, 65, 67, 68, 65, 64, 67, 64,
    75, 81, 80, 84, 86, 85, 83, 82, 82, 79, 74, 70, 71, 71, 67, 70, 70,
    70, 75, 73, 80, 84, 84, 88, 87, 89, 86, 81, 80, 79, 72, 73, 75, 75,
    74, 78, 79, 82, 84, 84, 83, 82, 76, 75, 75, 69, 73, 72, 69, 69, 70,
    75, 75, 79, 80, 82, 81, 79, 76, 77, 76, 75, 72, 70, 69, 74, 74, 77,
    75, 78, 75, 78, 79, 74, 75, 75, 75, 72, 74, 75, 75, 77, 77, 74, 74,
    77 ]
