%YAML:1.0
---
videoName: "headNod0.mp4"
gestureLabel: 202
fps: 29
pixelSizeInCmTemp: 3.2364864864864862e-01
faceCenterPointX: 264
faceCenterPointY: 76
headPositionsX: [ 264, 266, 268, 269, 270, 268, 267, 267, 269, 266, 268,
    269, 269, 267, 267, 265, 267, 264, 264, 263, 266, 265, 265, 266, 265,
    266, 266, 263, 265, 263, 266, 263, 265, 268, 267, 269, 269, 266, 268,
    265, 265, 268, 266, 262, 267, 267, 264, 263, 263, 263, 263, 262, 262,
    264, 267, 265, 264, 263, 263, 267, 264, 263, 268, 268, 268, 264, 266,
    264, 266, 264, 267, 264, 264, 263, 262, 264, 263, 262, 265, 264, 265,
    265, 264, 263, 265, 265, 264, 265, 263, 266, 265, 263, 264, 264, 263,
    266, 265, 262, 267, 266 ]
headPositionsY: [ 78, 72, 73, 74, 73, 71, 75, 74, 75, 71, 72, 73, 75, 71,
    71, 73, 74, 71, 72, 71, 74, 73, 74, 74, 76, 73, 75, 72, 75, 71, 68,
    69, 64, 65, 62, 62, 63, 62, 64, 67, 68, 69, 71, 75, 78, 81, 83, 82,
    83, 79, 79, 77, 73, 69, 68, 69, 69, 65, 65, 68, 69, 71, 73, 72, 75,
    76, 77, 78, 78, 76, 76, 76, 73, 71, 67, 69, 67, 67, 67, 68, 72, 72,
    73, 74, 74, 79, 78, 79, 77, 77, 77, 77, 75, 75, 77, 76, 75, 77, 77,
    74 ]
