%YAML:1.0
---
videoName: "headNod42.mp4"
gestureLabel: 202
fps: 30
pixelSizeInCmTemp: 3.0316455696202532e-01
faceCenterPointX: 265
faceCenterPointY: 77
headPositionsX: [ 263, 267, 267, 268, 271, 268, 271, 269, 270, 268, 267,
    267, 269, 266, 269, 272, 272, 270, 267, 269, 268, 270, 267, 268, 267,
    270, 267, 265, 263, 264, 265, 264, 263, 268, 268, 267, 264, 267, 266,
    266, 264, 267, 266, 265, 264, 265, 263, 265, 265, 265, 264, 265, 267,
    266, 267, 264, 264, 267, 262, 267, 265, 263, 263, 263, 267, 266, 264,
    265, 264, 265, 263, 265, 267, 267, 263, 268, 268, 266, 268, 268, 265,
    263, 266, 264, 267, 264, 267, 264, 265, 264, 263, 264, 265, 267, 264,
    263, 268, 268, 267, 264 ]
headPositionsY: [ 78, 75, 76, 77, 77, 75, 78, 75, 79, 79, 77, 78, 76, 74,
    78, 68, 69, 65, 66, 66, 67, 70, 68, 74, 78, 83, 87, 93, 90, 90, 88,
    85, 78, 76, 78, 67, 71, 68, 71, 71, 76, 77, 79, 85, 82, 82, 81, 77,
    72, 75, 70, 71, 71, 73, 75, 79, 83, 86, 84, 84, 85, 83, 78, 75, 76,
    73, 73, 76, 72, 75, 74, 78, 81, 82, 82, 78, 74, 74, 77, 73, 73, 75,
    74, 75, 77, 82, 82, 83, 79, 78, 80, 79, 80, 78, 78, 78, 80, 76, 78,
    80 ]
