%YAML:1.0
---
videoName: "headNod15.mp4"
gestureLabel: 202
fps: 29
pixelSizeInCmTemp: 3.1933333333333330e-01
faceCenterPointX: 255
faceCenterPointY: 74
headPositionsX: [ 257, 255, 256, 254, 256, 256, 258, 256, 258, 258, 255,
    257, 257, 259, 258, 255, 254, 258, 257, 258, 254, 258, 254, 254, 255,
    254, 256, 256, 255, 256, 256, 256, 254, 253, 255, 257, 255, 256, 258,
    257, 255, 256, 255, 253, 256, 253, 253, 256, 255, 257, 256, 257, 255,
    254, 256, 255, 254, 253, 257, 256, 256, 257, 253, 255, 256, 255, 256,
    254, 253, 256, 257, 254, 255, 257, 253, 252, 252, 254, 253, 255, 253,
    254, 255, 255, 254, 253, 252, 253, 256, 256, 255, 254, 254, 254, 253,
    254, 253, 255, 256, 252 ]
headPositionsY: [ 73, 76, 75, 75, 75, 73, 73, 75, 72, 72, 72, 72, 75, 75,
    72, 75, 75, 73, 74, 71, 76, 73, 75, 74, 76, 73, 75, 72, 72, 73, 75,
    76, 72, 74, 74, 77, 78, 76, 82, 80, 81, 83, 78, 79, 77, 73, 69, 71,
    72, 76, 76, 79, 84, 83, 81, 78, 73, 70, 73, 68, 71, 75, 74, 81, 79,
    82, 84, 82, 77, 75, 73, 70, 72, 70, 72, 75, 76, 80, 78, 74, 73, 71,
    70, 69, 68, 68, 71, 74, 71, 75, 72, 75, 73, 70, 74, 74, 72, 70, 73,
    72 ]
