%YAML:1.0
---
videoName: "headNod5.mp4"
gestureLabel: 202
fps: 29
pixelSizeInCmTemp: 3.1513157894736843e-01
faceCenterPointX: 263
faceCenterPointY: 75
headPositionsX: [ 262, 265, 261, 263, 262, 265, 263, 265, 262, 262, 261,
    260, 262, 263, 262, 264, 265, 266, 265, 266, 263, 268, 265, 264, 264,
    266, 266, 263, 268, 263, 266, 265, 263, 264, 265, 265, 265, 266, 265,
    264, 267, 266, 266, 268, 267, 264, 264, 265, 263, 265, 267, 267, 265,
    264, 264, 262, 266, 265, 265, 262, 266, 265, 266, 262, 265, 267, 265,
    266, 263, 265, 263, 263, 267, 264, 266, 265, 264, 264, 265, 264, 266,
    266, 261, 265, 265, 264, 262, 265, 264, 266, 261, 262, 261, 262, 263,
    262, 261, 260, 262, 265 ]
headPositionsY: [ 73, 72, 76, 74, 74, 71, 73, 73, 76, 73, 74, 74, 74, 77,
    73, 73, 75, 76, 76, 76, 74, 75, 78, 74, 74, 76, 78, 77, 78, 78, 77,
    77, 78, 76, 78, 76, 79, 75, 77, 75, 77, 79, 79, 76, 76, 78, 78, 76,
    77, 78, 79, 80, 84, 81, 86, 83, 81, 77, 75, 74, 74, 78, 80, 86, 89,
    86, 83, 84, 81, 75, 74, 73, 76, 79, 83, 84, 87, 84, 84, 76, 75, 74,
    75, 76, 75, 78, 76, 79, 82, 82, 80, 80, 73, 73, 73, 75, 76, 73, 73,
    76 ]
