%YAML:1.0
---
videoName: "headNod12.mp4"
gestureLabel: 202
fps: 29
pixelSizeInCmTemp: 3.2808219178082193e-01
faceCenterPointX: 254
faceCenterPointY: 69
headPositionsX: [ 254, 255, 254, 253, 255, 255, 256, 252, 254, 256, 253,
    258, 255, 254, 256, 255, 257, 257, 254, 258, 255, 256, 255, 255, 255,
    256, 259, 257, 255, 255, 259, 254, 257, 255, 254, 253, 255, 253, 253,
    256, 252, 257, 254, 254, 253, 254, 256, 256, 253, 253, 253, 254, 252,
    256, 253, 254, 255, 253, 253, 253, 253, 253, 256, 252, 255, 256, 256,
    255, 255, 251, 255, 253, 254, 253, 255, 254, 254, 253, 254, 253, 253,
    253, 256, 255, 256, 252, 255, 256, 252, 256, 256, 254, 257, 256, 257,
    252, 253, 253, 256, 256 ]
headPositionsY: [ 71, 72, 74, 74, 70, 70, 74, 71, 73, 73, 74, 77, 72, 73,
    75, 75, 73, 74, 74, 72, 73, 71, 72, 73, 74, 72, 75, 76, 74, 72, 75,
    74, 73, 71, 73, 73, 70, 66, 68, 66, 61, 61, 62, 62, 65, 67, 68, 73,
    70, 77, 77, 79, 77, 75, 77, 75, 71, 68, 66, 64, 66, 63, 65, 67, 67,
    67, 68, 72, 73, 73, 76, 75, 78, 75, 71, 69, 70, 66, 67, 68, 67, 64,
    64, 64, 67, 71, 70, 70, 74, 72, 75, 75, 71, 72, 70, 69, 73, 72, 68,
    71 ]
