%YAML:1.0
---
videoName: "headNod17.mp4"
gestureLabel: 202
fps: 30
pixelSizeInCmTemp: 3.2808219178082193e-01
faceCenterPointX: 253
faceCenterPointY: 76
headPositionsX: [ 253, 254, 257, 253, 255, 254, 256, 257, 257, 254, 253,
    257, 256, 258, 253, 253, 256, 253, 254, 254, 256, 254, 252, 255, 256,
    253, 256, 257, 256, 254, 253, 256, 255, 256, 255, 256, 255, 253, 256,
    256, 256, 254, 253, 255, 251, 253, 252, 254, 254, 255, 254, 253, 254,
    256, 254, 252, 256, 254, 253, 256, 253, 254, 257, 256, 257, 255, 253,
    252, 257, 254, 252, 256, 252, 252, 252, 256, 257, 253, 253, 252, 254,
    254, 255, 256, 254, 252, 255, 255, 256, 254, 252, 254, 256, 253, 253,
    256, 256, 256, 254, 257 ]
headPositionsY: [ 75, 79, 78, 77, 79, 77, 75, 80, 78, 76, 77, 75, 75, 80,
    76, 78, 78, 79, 78, 76, 74, 77, 75, 72, 73, 68, 68, 71, 70, 69, 68,
    65, 68, 71, 70, 68, 70, 75, 77, 77, 80, 80, 83, 83, 87, 84, 81, 84,
    80, 81, 76, 74, 72, 73, 69, 71, 68, 70, 68, 70, 73, 70, 74, 73, 80,
    77, 81, 80, 82, 77, 77, 75, 78, 78, 78, 76, 80, 78, 80, 78, 74, 78,
    74, 73, 76, 74, 78, 79, 79, 79, 76, 75, 79, 75, 79, 76, 77, 77, 74,
    79 ]
