%YAML:1.0
---
videoName: "headNod49.mp4"
gestureLabel: 202
fps: 29
pixelSizeInCmTemp: 2.9207317073170730e-01
faceCenterPointX: 263
faceCenterPointY: 74
headPositionsX: [ 263, 264, 264, 265, 264, 263, 263, 264, 264, 265, 263,
    263, 263, 262, 262, 262, 263, 262, 264, 263, 262, 264, 264, 265, 267,
    266, 264, 264, 264, 264, 266, 264, 263, 266, 265, 265, 263, 262, 266,
    266, 262, 266, 265, 262, 263, 265, 261, 261, 262, 262, 264, 263, 265,
    264, 265, 261, 261, 266, 266, 264, 265, 265, 263, 266, 266, 262, 264,
    264, 264, 266, 265, 263, 262, 264, 262, 265, 265, 264, 266, 264, 261,
    264, 263, 263, 260, 264, 262, 262, 262, 262, 263, 262, 262, 261, 265,
    265, 261, 261, 264, 261 ]
headPositionsY: [ 75, 71, 69, 70, 69, 72, 70, 74, 75, 73, 71, 71, 72, 70,
    66, 69, 67, 67, 68, 70, 70, 70, 71, 72, 76, 75, 79, 78, 76, 74, 71,
    70, 70, 72, 67, 72, 69, 74, 72, 79, 78, 79, 80, 77, 75, 72, 70, 71,
    69, 71, 71, 75, 73, 76, 75, 75, 79, 77, 77, 73, 75, 75, 73, 74, 72,
    75, 76, 76, 77, 77, 75, 75, 75, 74, 75, 75, 72, 73, 73, 74, 74, 77,
    74, 73, 74, 73, 74, 74, 72, 74, 74, 73, 76, 76, 72, 73, 76, 73, 73,
    75 ]
