%YAML:1.0
---
videoName: "headNod18.mp4"
gestureLabel: 202
fps: 29
pixelSizeInCmTemp: 3.3263888888888887e-01
faceCenterPointX: 255
faceCenterPointY: 77
headPositionsX: [ 256, 259, 255, 254, 258, 254, 259, 257, 259, 254, 254,
    259, 256, 258, 255, 254, 255, 253, 257, 253, 255, 255, 252, 257, 255,
    253, 256, 257, 258, 252, 256, 257, 253, 255, 257, 255, 255, 255, 253,
    254, 255, 254, 256, 254, 256, 255, 256, 253, 254, 253, 252, 256, 252,
    253, 255, 253, 255, 255, 256, 256, 256, 254, 255, 252, 255, 256, 256,
    252, 256, 255, 252, 252, 254, 255, 253, 252, 255, 254, 253, 254, 254,
    254, 255, 253, 252, 256, 255, 257, 256, 255, 252, 255, 255, 253, 256,
    256, 255, 255, 253, 257 ]
headPositionsY: [ 79, 78, 77, 75, 76, 76, 75, 75, 78, 77, 79, 76, 77, 79,
    78, 79, 76, 75, 78, 76, 78, 77, 78, 78, 76, 77, 78, 77, 77, 75, 81,
    77, 80, 79, 79, 76, 79, 76, 75, 76, 77, 73, 72, 74, 72, 72, 69, 73,
    73, 74, 78, 81, 78, 81, 79, 82, 79, 72, 73, 70, 72, 74, 77, 81, 84,
    85, 80, 79, 76, 75, 72, 74, 79, 79, 84, 84, 82, 81, 76, 78, 75, 75,
    77, 76, 78, 80, 81, 81, 78, 82, 79, 77, 79, 76, 79, 79, 77, 78, 78,
    80 ]
