%YAML:1.0
---
videoName: "headNod9.mp4"
gestureLabel: 202
fps: 29
pixelSizeInCmTemp: 3.1513157894736843e-01
faceCenterPointX: 261
faceCenterPointY: 75
headPositionsX: [ 263, 261, 262, 261, 259, 262, 258, 260, 262, 261, 262,
    261, 260, 262, 259, 262, 259, 259, 261, 258, 261, 262, 260, 258, 262,
    260, 262, 260, 261, 262, 263, 259, 260, 262, 261, 260, 260, 260, 259,
    259, 260, 261, 260, 261, 262, 258, 260, 258, 258, 260, 257, 262, 261,
    258, 259, 262, 263, 260, 261, 260, 261, 261, 260, 258, 263, 261, 263,
    263, 258, 259, 258, 257, 259, 261, 262, 258, 260, 258, 260, 257, 256,
    259, 260, 259, 261, 259, 259, 259, 259, 258, 262, 258, 259, 258, 259,
    259, 258, 258, 259, 260 ]
headPositionsY: [ 73, 74, 75, 72, 74, 77, 74, 76, 75, 75, 75, 76, 78, 73,
    77, 76, 76, 77, 73, 74, 75, 76, 75, 74, 75, 76, 74, 73, 76, 78, 78,
    77, 80, 81, 80, 81, 80, 75, 77, 73, 71, 76, 78, 81, 86, 86, 85, 86,
    83, 77, 74, 77, 79, 80, 80, 84, 86, 81, 83, 76, 73, 72, 71, 72, 77,
    79, 82, 86, 85, 84, 81, 74, 74, 72, 71, 70, 70, 74, 78, 80, 80, 85,
    84, 82, 79, 75, 76, 74, 75, 73, 75, 74, 72, 71, 75, 75, 76, 73, 76,
    73 ]
