%YAML:1.0
---
videoName: "headNod14.mp4"
gestureLabel: 202
fps: 29
pixelSizeInCmTemp: 3.2808219178082193e-01
faceCenterPointX: 257
faceCenterPointY: 71
headPositionsX: [ 259, 260, 258, 258, 258, 256, 259, 257, 256, 258, 257,
    257, 258, 257, 260, 256, 258, 260, 259, 259, 259, 256, 257, 259, 258,
    261, 260, 258, 261, 258, 260, 257, 260, 257, 257, 257, 259, 261, 260,
    258, 260, 261, 262, 257, 260, 259, 262, 258, 258, 257, 257, 257, 261,
    259, 258, 257, 257, 258, 259, 257, 257, 256, 258, 260, 261, 259, 260,
    261, 261, 259, 259, 261, 257, 255, 255, 259, 256, 256, 257, 257, 256,
    257, 258, 255, 258, 258, 258, 256, 256, 255, 258, 255, 260, 254, 255,
    258, 255, 256, 256, 256 ]
headPositionsY: [ 72, 76, 78, 79, 79, 78, 76, 79, 75, 75, 76, 78, 80, 75,
    76, 79, 74, 75, 78, 78, 78, 76, 76, 76, 79, 79, 77, 78, 78, 78, 79,
    75, 78, 77, 76, 78, 75, 76, 76, 77, 74, 72, 69, 70, 68, 67, 71, 70,
    72, 72, 74, 76, 80, 81, 80, 83, 80, 79, 76, 74, 72, 72, 67, 69, 73,
    69, 73, 78, 76, 82, 81, 81, 81, 79, 76, 74, 70, 67, 67, 69, 72, 75,
    75, 77, 80, 81, 79, 78, 77, 76, 71, 71, 69, 69, 71, 70, 72, 69, 73,
    72 ]
