%YAML:1.0
---
videoName: "headNod7.mp4"
gestureLabel: 202
fps: 29
pixelSizeInCmTemp: 3.2808219178082193e-01
faceCenterPointX: 261
faceCenterPointY: 71
headPositionsX: [ 262, 264, 266, 265, 267, 266, 267, 266, 263, 265, 264,
    263, 266, 265, 264, 262, 261, 262, 261, 261, 260, 262, 264, 264, 264,
    261, 264, 264, 263, 262, 260, 261, 263, 264, 264, 263, 264, 263, 261,
    261, 261, 260, 262, 260, 264, 260, 262, 262, 263, 260, 264, 262, 261,
    260, 263, 261, 262, 263, 260, 263, 262, 262, 261, 259, 264, 261, 260,
    263, 259, 259, 258, 260, 260, 263, 262, 263, 260, 259, 262, 259, 263,
    262, 262, 259, 265, 263, 259, 264, 262, 262, 263, 264, 263, 263, 263,
    262, 262, 260, 263, 263 ]
headPositionsY: [ 72, 74, 75, 76, 73, 73, 76, 70, 73, 73, 72, 70, 73, 72,
    72, 76, 72, 75, 75, 75, 73, 74, 77, 75, 77, 75, 74, 78, 75, 76, 75,
    73, 73, 76, 76, 77, 74, 74, 75, 73, 76, 76, 77, 77, 77, 76, 77, 76,
    75, 73, 68, 69, 72, 72, 74, 73, 78, 81, 82, 77, 76, 72, 73, 68, 69,
    73, 73, 77, 78, 81, 79, 75, 73, 70, 71, 69, 70, 72, 69, 71, 74, 76,
    80, 79, 79, 78, 76, 73, 71, 73, 70, 71, 70, 72, 70, 70, 71, 72, 74,
    71 ]
