%YAML:1.0
---
videoName: "headNod39.mp4"
gestureLabel: 202
fps: 29
pixelSizeInCmTemp: 2.9937500000000000e-01
faceCenterPointX: 268
faceCenterPointY: 78
headPositionsX: [ 268, 266, 266, 268, 268, 267, 269, 265, 267, 267, 267,
    269, 268, 271, 268, 271, 268, 270, 270, 271, 267, 268, 269, 269, 268,
    270, 270, 269, 267, 268, 267, 266, 269, 268, 268, 270, 266, 271, 271,
    267, 268, 267, 266, 267, 265, 268, 267, 267, 269, 265, 268, 268, 265,
    266, 268, 267, 265, 265, 267, 268, 268, 267, 266, 268, 265, 268, 266,
    269, 264, 265, 268, 267, 269, 265, 268, 267, 267, 265, 267, 267, 266,
    268, 266, 267, 268, 267, 267, 268, 268, 268, 267, 268, 267, 267, 269,
    268, 268, 266, 267, 265 ]
headPositionsY: [ 78, 76, 74, 77, 75, 79, 79, 76, 77, 74, 74, 75, 76, 77,
    74, 77, 73, 79, 75, 76, 75, 77, 75, 75, 78, 75, 76, 76, 76, 77, 76,
    78, 75, 75, 77, 77, 78, 77, 78, 79, 84, 85, 85, 85, 84, 84, 77, 75,
    73, 75, 74, 76, 74, 76, 79, 82, 87, 93, 92, 87, 84, 79, 80, 77, 72,
    72, 75, 74, 76, 82, 82, 84, 84, 82, 77, 74, 75, 75, 73, 76, 76, 80,
    79, 82, 79, 78, 78, 77, 81, 79, 76, 78, 80, 79, 78, 80, 78, 77, 77,
    76 ]
