%YAML:1.0
---
videoName: "headNod8.mp4"
gestureLabel: 202
fps: 29
pixelSizeInCmTemp: 3.1933333333333330e-01
faceCenterPointX: 262
faceCenterPointY: 74
headPositionsX: [ 263, 261, 260, 260, 263, 260, 260, 260, 262, 262, 262,
    260, 262, 261, 261, 262, 263, 262, 259, 259, 260, 261, 260, 262, 261,
    258, 262, 260, 264, 260, 263, 260, 263, 260, 261, 263, 261, 261, 260,
    260, 260, 260, 261, 263, 262, 261, 264, 260, 264, 262, 263, 259, 264,
    259, 259, 261, 262, 257, 260, 259, 262, 262, 261, 259, 259, 260, 261,
    261, 259, 260, 263, 259, 259, 262, 262, 258, 258, 258, 258, 263, 262,
    262, 261, 263, 261, 261, 263, 263, 265, 262, 262, 262, 263, 261, 260,
    263, 261, 263, 260, 263 ]
headPositionsY: [ 76, 77, 75, 78, 77, 77, 77, 78, 77, 75, 76, 78, 74, 74,
    78, 75, 75, 77, 76, 77, 74, 74, 77, 74, 77, 74, 74, 78, 76, 75, 76,
    79, 79, 78, 78, 79, 74, 76, 74, 73, 74, 72, 71, 70, 67, 65, 69, 72,
    71, 77, 78, 82, 81, 81, 81, 80, 77, 74, 72, 72, 70, 67, 73, 74, 79,
    83, 82, 85, 83, 81, 77, 74, 71, 71, 68, 70, 72, 74, 78, 82, 82, 80,
    82, 80, 75, 75, 71, 73, 71, 72, 75, 76, 74, 78, 79, 81, 76, 78, 77,
    76 ]
