%YAML:1.0
---
videoName: "headNod12.mp4"
gestureLabel: 202
fps: 29
pixelSizeInCmTemp: 3.2808219178082193e-01
faceCenterPointX: 254
faceCenterPointY: 69
headPositionsX: [ 254, 253, 252, 255, 255, 254, 253, 252, 253, 256, 254,
    258, 256, 256, 256, 255, 256, 255, 255, 259, 257, 256, 257, 257, 257,
    256, 255, 257, 255, 253, 259, 256, 257, 252, 256, 253, 253, 257, 252,
    254, 254, 254, 255, 255, 256, 258, 255, 254, 255, 256, 256, 257, 252,
    252, 252, 255, 252, 254, 256, 252, 255, 252, 253, 254, 253, 256, 257,
    254, 252, 254, 253, 254, 254, 256, 255, 255, 252, 253, 252, 253, 256,
    254, 254, 257, 255, 256, 252, 254, 254, 256, 257, 253, 254, 257, 254,
    252, 256, 252, 252, 255 ]
headPositionsY: [ 70, 73, 74, 74, 72, 72, 72, 74, 74, 75, 75, 76, 75, 73,
    73, 75, 70, 75, 73, 73, 74, 71, 73, 75, 73, 74, 76, 73, 75, 73, 75,
    76, 74, 70, 74, 69, 72, 67, 65, 66, 64, 61, 61, 64, 62, 68, 70, 71,
    73, 75, 78, 78, 76, 75, 75, 72, 69, 67, 67, 65, 65, 62, 61, 65, 63,
    66, 69, 71, 71, 75, 78, 76, 75, 72, 75, 69, 69, 66, 67, 66, 67, 66,
    65, 68, 70, 69, 71, 71, 75, 75, 74, 75, 75, 72, 70, 71, 70, 70, 71,
    71 ]
