%YAML:1.0
---
videoName: "headNod36.mp4"
gestureLabel: 202
fps: 29
pixelSizeInCmTemp: 2.8176470588235292e-01
faceCenterPointX: 269
faceCenterPointY: 75
headPositionsX: [ 267, 268, 271, 269, 271, 269, 268, 272, 269, 269, 268,
    272, 270, 269, 270, 269, 270, 269, 271, 270, 271, 269, 270, 272, 273,
    271, 267, 267, 272, 272, 271, 269, 270, 271, 272, 270, 271, 267, 268,
    265, 266, 268, 266, 270, 269, 269, 272, 271, 269, 269, 272, 270, 271,
    271, 272, 269, 272, 271, 270, 270, 267, 269, 270, 268, 267, 266, 267,
    267, 268, 267, 266, 266, 265, 267, 268, 269, 266, 266, 270, 270, 270,
    271, 270, 271, 270, 270, 271, 270, 272, 267, 271, 267, 270, 266, 267,
    269, 268, 268, 268, 271 ]
headPositionsY: [ 77, 74, 73, 75, 75, 74, 76, 76, 74, 74, 73, 75, 76, 73,
    74, 75, 76, 78, 73, 77, 77, 77, 78, 81, 77, 76, 70, 68, 66, 64, 63,
    62, 73, 76, 79, 86, 86, 88, 90, 86, 87, 80, 77, 72, 71, 68, 69, 67,
    69, 70, 68, 73, 77, 83, 83, 89, 86, 85, 82, 80, 78, 76, 73, 75, 71,
    74, 77, 75, 83, 84, 82, 84, 81, 79, 79, 73, 73, 76, 76, 77, 80, 81,
    86, 83, 86, 82, 79, 77, 78, 75, 78, 74, 77, 75, 73, 76, 76, 78, 73,
    77 ]
