%YAML:1.0
---
videoName: "headNod14.mp4"
gestureLabel: 202
fps: 29
pixelSizeInCmTemp: 3.2808219178082193e-01
faceCenterPointX: 257
faceCenterPointY: 71
headPositionsX: [ 255, 256, 257, 256, 260, 258, 257, 260, 255, 258, 261,
    257, 261, 256, 257, 259, 258, 259, 258, 259, 260, 260, 259, 259, 258,
    258, 259, 258, 258, 261, 261, 259, 260, 259, 256, 260, 259, 257, 257,
    261, 259, 257, 261, 260, 262, 260, 262, 259, 257, 258, 257, 260, 258,
    258, 258, 259, 260, 257, 257, 256, 258, 256, 258, 259, 260, 258, 261,
    257, 260, 257, 258, 259, 260, 255, 255, 257, 258, 256, 255, 258, 256,
    256, 257, 255, 258, 257, 256, 254, 259, 257, 259, 258, 257, 257, 258,
    255, 256, 257, 255, 255 ]
headPositionsY: [ 70, 79, 75, 76, 79, 75, 75, 78, 78, 75, 75, 80, 79, 78,
    79, 79, 74, 76, 77, 76, 76, 78, 78, 80, 75, 79, 77, 76, 80, 76, 78,
    78, 78, 77, 77, 79, 77, 79, 78, 76, 72, 71, 73, 71, 68, 66, 70, 73,
    69, 72, 76, 78, 82, 80, 80, 81, 80, 82, 76, 74, 72, 69, 71, 70, 69,
    73, 75, 78, 78, 80, 80, 83, 82, 77, 73, 73, 68, 67, 66, 68, 71, 75,
    75, 80, 82, 80, 78, 79, 75, 77, 72, 69, 67, 68, 68, 70, 70, 72, 72,
    69 ]
