%YAML:1.0
---
videoName: "headNod16.mp4"
gestureLabel: 202
fps: 29
pixelSizeInCmTemp: 3.3263888888888887e-01
faceCenterPointX: 255
faceCenterPointY: 77
headPositionsX: [ 256, 257, 258, 257, 260, 257, 258, 258, 259, 258, 258,
    257, 260, 260, 258, 259, 257, 258, 257, 256, 258, 260, 257, 256, 257,
    260, 259, 260, 258, 261, 258, 258, 261, 260, 259, 259, 259, 259, 260,
    259, 259, 257, 259, 258, 261, 260, 257, 258, 256, 255, 255, 259, 255,
    259, 259, 259, 259, 260, 260, 257, 256, 260, 258, 258, 258, 256, 255,
    256, 255, 254, 257, 253, 254, 256, 257, 256, 252, 254, 253, 253, 256,
    253, 256, 257, 255, 253, 255, 255, 257, 255, 257, 254, 256, 257, 253,
    253, 257, 253, 256, 253 ]
headPositionsY: [ 79, 75, 76, 74, 76, 72, 73, 73, 74, 75, 75, 78, 77, 72,
    77, 72, 74, 73, 73, 73, 76, 74, 75, 73, 74, 75, 77, 76, 73, 74, 74,
    72, 77, 76, 73, 72, 69, 71, 68, 66, 70, 68, 72, 75, 79, 78, 79, 83,
    80, 78, 76, 74, 72, 70, 69, 69, 73, 74, 78, 80, 84, 84, 79, 82, 78,
    74, 74, 72, 69, 69, 70, 76, 74, 77, 81, 81, 80, 79, 75, 70, 72, 71,
    67, 71, 71, 71, 76, 79, 78, 78, 75, 75, 76, 78, 74, 75, 78, 78, 78,
    76 ]
