%YAML:1.0
---
videoName: "headNod38.mp4"
gestureLabel: 202
fps: 29
pixelSizeInCmTemp: 2.9937500000000000e-01
faceCenterPointX: 267
faceCenterPointY: 73
headPositionsX: [ 266, 265, 267, 266, 265, 265, 267, 265, 268, 265, 265,
    265, 267, 266, 267, 268, 265, 266, 268, 265, 268, 265, 266, 264, 266,
    266, 266, 268, 267, 265, 263, 264, 267, 263, 264, 264, 264, 264, 265,
    266, 264, 265, 266, 268, 266, 268, 264, 268, 268, 265, 266, 269, 269,
    268, 268, 269, 269, 270, 270, 268, 270, 267, 270, 268, 271, 268, 269,
    271, 266, 270, 271, 268, 270, 269, 267, 266, 270, 267, 270, 265, 267,
    268, 267, 268, 266, 266, 269, 266, 268, 269, 268, 265, 265, 268, 265,
    269, 266, 266, 269, 266 ]
headPositionsY: [ 72, 73, 73, 75, 77, 82, 82, 87, 85, 82, 79, 76, 78, 73,
    79, 79, 85, 87, 85, 86, 84, 81, 73, 73, 77, 77, 82, 86, 87, 89, 87,
    85, 84, 80, 76, 76, 72, 76, 78, 76, 82, 87, 89, 90, 86, 81, 81, 78,
    72, 69, 73, 73, 75, 76, 78, 83, 84, 88, 87, 81, 83, 76, 78, 76, 74,
    73, 71, 74, 72, 76, 76, 80, 86, 85, 85, 82, 83, 81, 78, 74, 76, 72,
    73, 72, 74, 73, 74, 72, 73, 72, 72, 74, 74, 75, 73, 75, 73, 75, 73,
    74 ]
