%YAML:1.0
---
videoName: "headNod1.mp4"
gestureLabel: 202
fps: 29
pixelSizeInCmTemp: 3.2808219178082193e-01
faceCenterPointX: 263
faceCenterPointY: 78
headPositionsX: [ 261, 264, 261, 263, 261, 265, 264, 265, 263, 262, 261,
    266, 262, 261, 261, 262, 262, 266, 264, 264, 266, 266, 266, 266, 265,
    266, 264, 263, 263, 265, 264, 262, 264, 263, 265, 263, 263, 265, 262,
    265, 265, 262, 265, 263, 268, 263, 266, 265, 264, 262, 265, 263, 264,
    263, 260, 265, 264, 264, 264, 264, 264, 261, 262, 266, 263, 263, 265,
    265, 261, 265, 261, 261, 261, 264, 263, 264, 263, 261, 263, 261, 263,
    264, 261, 262, 264, 261, 264, 261, 264, 262, 262, 263, 260, 262, 260,
    263, 263, 261, 261, 265 ]
headPositionsY: [ 76, 75, 74, 74, 73, 76, 75, 73, 76, 75, 76, 76, 73, 74,
    73, 76, 74, 73, 75, 74, 75, 76, 73, 75, 74, 73, 74, 75, 73, 75, 76,
    76, 73, 76, 72, 70, 68, 69, 66, 63, 64, 63, 62, 63, 67, 68, 66, 70,
    70, 75, 79, 81, 83, 84, 81, 79, 77, 76, 77, 71, 70, 70, 65, 64, 66,
    67, 68, 73, 73, 78, 79, 78, 75, 78, 75, 68, 70, 64, 65, 65, 66, 68,
    71, 71, 75, 77, 76, 82, 81, 83, 83, 81, 81, 80, 79, 80, 78, 77, 81,
    77 ]
