%YAML:1.0
---
videoName: "headNod2.mp4"
gestureLabel: 202
fps: 29
pixelSizeInCmTemp: 3.2364864864864862e-01
faceCenterPointX: 263
faceCenterPointY: 70
headPositionsX: [ 265, 264, 260, 264, 261, 264, 265, 262, 265, 262, 262,
    265, 263, 265, 262, 265, 263, 264, 266, 262, 264, 263, 261, 265, 261,
    263, 262, 264, 264, 260, 264, 261, 261, 261, 264, 260, 262, 261, 261,
    263, 264, 260, 260, 264, 263, 260, 260, 264, 261, 261, 260, 264, 262,
    262, 263, 263, 262, 260, 263, 259, 263, 261, 263, 264, 260, 260, 263,
    261, 263, 264, 260, 262, 261, 263, 263, 261, 264, 263, 263, 263, 265,
    263, 262, 266, 263, 262, 262, 263, 264, 261, 263, 262, 261, 265, 264,
    263, 263, 262, 266, 265 ]
headPositionsY: [ 69, 77, 78, 76, 75, 75, 74, 76, 78, 73, 73, 75, 76, 76,
    74, 76, 76, 76, 73, 76, 77, 76, 77, 74, 76, 75, 75, 72, 73, 76, 75,
    75, 72, 72, 74, 73, 75, 76, 76, 73, 73, 75, 76, 72, 76, 76, 73, 72,
    73, 72, 70, 71, 69, 70, 76, 78, 78, 80, 78, 74, 70, 72, 71, 72, 76,
    73, 72, 69, 69, 72, 68, 73, 73, 79, 76, 75, 74, 71, 69, 69, 72, 72,
    76, 77, 74, 73, 71, 73, 71, 69, 72, 71, 71, 73, 70, 70, 68, 72, 69,
    70 ]
