%YAML:1.0
---
videoName: "headNod21.mp4"
gestureLabel: 202
fps: 29
pixelSizeInCmTemp: 3.2808219178082193e-01
faceCenterPointX: 253
faceCenterPointY: 78
headPositionsX: [ 251, 256, 255, 255, 257, 255, 254, 253, 255, 256, 257,
    255, 255, 257, 256, 255, 257, 256, 256, 253, 256, 256, 254, 256, 255,
    257, 255, 255, 258, 252, 255, 258, 257, 258, 254, 255, 257, 255, 254,
    256, 257, 258, 256, 258, 253, 257, 254, 255, 257, 252, 255, 253, 257,
    253, 256, 253, 253, 252, 253, 254, 256, 252, 253, 255, 251, 254, 251,
    249, 254, 253, 251, 249, 253, 252, 250, 249, 249, 248, 251, 253, 248,
    253, 249, 253, 249, 250, 252, 253, 255, 251, 251, 250, 255, 251, 255,
    255, 256, 252, 252, 255 ]
headPositionsY: [ 78, 78, 81, 80, 78, 78, 78, 80, 78, 77, 78, 76, 80, 77,
    78, 81, 78, 78, 79, 80, 77, 77, 80, 77, 79, 80, 79, 80, 81, 80, 80,
    85, 83, 80, 80, 79, 77, 75, 74, 76, 78, 81, 84, 85, 81, 83, 78, 75,
    76, 79, 81, 84, 84, 82, 82, 80, 81, 75, 78, 79, 80, 83, 80, 85, 82,
    83, 79, 79, 77, 77, 74, 79, 78, 78, 80, 82, 83, 79, 77, 79, 78, 80,
    75, 81, 79, 81, 78, 80, 81, 79, 80, 79, 78, 81, 78, 80, 80, 78, 81,
    80 ]
