%YAML:1.0
---
videoName: "headNod33.mp4"
gestureLabel: 202
fps: 29
pixelSizeInCmTemp: 2.9567901234567900e-01
faceCenterPointX: 268
faceCenterPointY: 74
headPositionsX: [ 269, 266, 271, 270, 266, 267, 269, 270, 271, 271, 269,
    270, 270, 269, 271, 272, 269, 272, 272, 269, 269, 271, 269, 270, 269,
    271, 268, 269, 270, 266, 270, 269, 268, 269, 271, 269, 268, 270, 269,
    268, 268, 268, 272, 271, 269, 269, 268, 271, 268, 266, 269, 269, 268,
    270, 270, 269, 268, 268, 267, 268, 265, 265, 267, 269, 268, 265, 265,
    269, 266, 267, 266, 268, 267, 267, 269, 267, 269, 271, 269, 268, 268,
    268, 266, 265, 266, 266, 269, 267, 267, 267, 266, 266, 266, 269, 266,
    269, 267, 266, 269, 269 ]
headPositionsY: [ 76, 70, 71, 69, 72, 73, 71, 73, 73, 71, 70, 73, 73, 72,
    70, 70, 71, 73, 73, 72, 71, 73, 71, 73, 71, 73, 70, 74, 70, 74, 73,
    74, 75, 75, 76, 78, 75, 78, 72, 71, 68, 69, 66, 63, 66, 67, 73, 77,
    78, 82, 84, 84, 83, 76, 74, 71, 73, 69, 70, 68, 68, 73, 74, 74, 73,
    78, 77, 78, 75, 78, 72, 72, 75, 71, 72, 70, 69, 73, 74, 72, 77, 76,
    78, 76, 80, 77, 79, 76, 76, 77, 77, 73, 75, 76, 76, 78, 75, 75, 74,
    74 ]
