%YAML:1.0
---
videoName: "headNod5.mp4"
gestureLabel: 202
fps: 29
pixelSizeInCmTemp: 3.1513157894736843e-01
faceCenterPointX: 263
faceCenterPointY: 75
headPositionsX: [ 261, 264, 261, 263, 260, 263, 262, 264, 261, 260, 260,
    264, 265, 261, 265, 264, 263, 266, 264, 264, 265, 265, 264, 265, 265,
    266, 262, 265, 266, 265, 266, 265, 264, 267, 267, 265, 265, 268, 268,
    266, 267, 265, 268, 268, 265, 267, 265, 267, 265, 266, 264, 265, 266,
    265, 264, 264, 264, 262, 266, 262, 266, 266, 264, 266, 262, 265, 266,
    263, 266, 265, 264, 264, 267, 267, 263, 266, 266, 264, 263, 262, 263,
    265, 265, 262, 262, 263, 263, 264, 264, 262, 264, 262, 265, 263, 265,
    261, 260, 260, 259, 262 ]
headPositionsY: [ 76, 75, 74, 73, 71, 71, 75, 75, 74, 72, 77, 72, 73, 74,
    73, 76, 74, 74, 73, 76, 74, 75, 77, 74, 73, 74, 74, 77, 77, 75, 77,
    79, 77, 73, 76, 79, 80, 76, 77, 78, 78, 76, 78, 77, 79, 79, 77, 80,
    79, 76, 79, 82, 81, 85, 85, 84, 81, 75, 73, 73, 75, 80, 79, 84, 89,
    90, 86, 82, 79, 75, 73, 73, 76, 80, 81, 83, 87, 83, 80, 77, 74, 72,
    72, 74, 73, 77, 76, 81, 83, 79, 80, 80, 77, 74, 72, 75, 74, 74, 76,
    72 ]
