%YAML:1.0
---
videoName: "headNod35.mp4"
gestureLabel: 202
fps: 30
pixelSizeInCmTemp: 2.9937500000000000e-01
faceCenterPointX: 268
faceCenterPointY: 78
headPositionsX: [ 270, 266, 268, 270, 270, 267, 269, 272, 268, 269, 270,
    271, 268, 268, 268, 268, 271, 269, 269, 270, 270, 268, 272, 270, 268,
    272, 268, 270, 269, 271, 272, 273, 268, 271, 271, 271, 270, 268, 265,
    269, 267, 269, 266, 265, 268, 269, 270, 269, 269, 270, 268, 271, 267,
    269, 269, 266, 271, 269, 267, 269, 267, 267, 270, 268, 268, 271, 268,
    268, 270, 267, 271, 267, 270, 269, 269, 267, 270, 269, 268, 271, 270,
    267, 265, 266, 266, 267, 267, 265, 264, 267, 265, 268, 269, 265, 268,
    269, 269, 269, 267, 268 ]
headPositionsY: [ 78, 76, 75, 77, 75, 74, 75, 77, 78, 79, 75, 76, 79, 77,
    76, 76, 76, 77, 75, 77, 75, 76, 76, 77, 76, 74, 74, 70, 68, 68, 66,
    69, 68, 69, 69, 77, 81, 84, 87, 90, 92, 92, 90, 84, 79, 79, 77, 72,
    74, 75, 75, 79, 85, 89, 89, 87, 89, 82, 81, 81, 75, 70, 70, 73, 72,
    77, 79, 82, 85, 84, 85, 83, 80, 78, 77, 77, 74, 75, 74, 78, 81, 84,
    88, 87, 86, 86, 84, 81, 81, 79, 81, 82, 77, 77, 76, 79, 80, 75, 77,
    79 ]
