%YAML:1.0
---
videoName: "headNod47.mp4"
gestureLabel: 202
fps: 29
pixelSizeInCmTemp: 3.0316455696202532e-01
faceCenterPointX: 266
faceCenterPointY: 70
headPositionsX: [ 268, 267, 265, 267, 267, 269, 265, 264, 267, 268, 265,
    266, 263, 263, 262, 263, 267, 264, 263, 264, 265, 265, 265, 266, 266,
    267, 267, 266, 268, 268, 267, 267, 268, 268, 265, 265, 269, 266, 266,
    268, 269, 268, 266, 267, 268, 267, 266, 264, 266, 267, 264, 268, 266,
    267, 266, 268, 265, 266, 266, 266, 266, 266, 266, 268, 267, 264, 266,
    268, 266, 265, 267, 266, 269, 265, 265, 266, 265, 264, 265, 267, 265,
    268, 266, 266, 266, 267, 264, 263, 265, 265, 267, 266, 268, 265, 264,
    266, 268, 265, 266, 267 ]
headPositionsY: [ 69, 64, 58, 59, 60, 58, 61, 61, 64, 69, 70, 74, 79, 84,
    83, 74, 72, 73, 66, 68, 66, 63, 67, 68, 69, 76, 75, 77, 79, 75, 76,
    70, 69, 66, 65, 66, 70, 70, 72, 76, 77, 78, 81, 77, 78, 71, 70, 67,
    66, 67, 67, 68, 73, 72, 73, 77, 73, 72, 71, 70, 67, 65, 70, 66, 66,
    70, 69, 74, 76, 74, 75, 73, 70, 73, 70, 69, 68, 67, 71, 71, 75, 74,
    72, 74, 72, 69, 73, 69, 69, 71, 71, 71, 71, 68, 70, 69, 70, 72, 68,
    70 ]
