%YAML:1.0
---
videoName: "headNod43.mp4"
gestureLabel: 202
fps: 29
pixelSizeInCmTemp: 2.8855421686746985e-01
faceCenterPointX: 268
faceCenterPointY: 74
headPositionsX: [ 270, 271, 270, 269, 267, 270, 272, 267, 269, 270, 269,
    270, 268, 267, 271, 266, 268, 267, 266, 269, 266, 267, 269, 268, 265,
    266, 265, 267, 266, 268, 264, 267, 267, 267, 267, 264, 265, 264, 265,
    264, 265, 266, 266, 266, 266, 265, 265, 268, 265, 265, 267, 262, 262,
    263, 264, 261, 263, 265, 266, 267, 266, 264, 264, 264, 263, 266, 268,
    268, 267, 266, 269, 267, 267, 270, 265, 264, 269, 265, 268, 268, 268,
    267, 269, 269, 269, 267, 267, 266, 267, 271, 270, 267, 266, 266, 271,
    269, 269, 268, 269, 269 ]
headPositionsY: [ 75, 76, 75, 75, 75, 78, 77, 75, 76, 75, 77, 78, 74, 75,
    78, 75, 77, 73, 77, 77, 76, 76, 75, 76, 75, 78, 78, 84, 85, 89, 89,
    86, 86, 81, 79, 79, 77, 81, 84, 88, 87, 91, 92, 88, 83, 80, 80, 82,
    83, 86, 88, 90, 90, 88, 87, 86, 83, 84, 82, 84, 89, 91, 93, 88, 92,
    88, 85, 80, 80, 78, 77, 82, 81, 85, 92, 92, 91, 86, 83, 82, 76, 77,
    72, 74, 71, 70, 71, 73, 75, 72, 74, 73, 72, 76, 71, 74, 73, 73, 72,
    72 ]
