%YAML:1.0
---
videoName: "headNod38.mp4"
gestureLabel: 202
fps: 29
pixelSizeInCmTemp: 2.9937500000000000e-01
faceCenterPointX: 267
faceCenterPointY: 73
headPositionsX: [ 265, 266, 266, 266, 266, 266, 265, 265, 268, 266, 265,
    267, 266, 267, 269, 265, 264, 267, 268, 267, 267, 266, 268, 265, 267,
    266, 264, 265, 265, 263, 265, 264, 263, 267, 265, 262, 266, 263, 264,
    267, 265, 268, 267, 268, 268, 269, 266, 265, 266, 267, 268, 266, 268,
    265, 266, 269, 266, 269, 268, 267, 266, 268, 267, 266, 267, 268, 268,
    269, 269, 267, 268, 269, 266, 269, 265, 269, 267, 266, 266, 266, 265,
    267, 268, 268, 266, 270, 268, 268, 267, 268, 270, 265, 269, 268, 269,
    269, 265, 268, 267, 269 ]
headPositionsY: [ 71, 76, 73, 73, 77, 83, 85, 85, 87, 83, 82, 75, 74, 74,
    76, 82, 83, 83, 85, 87, 81, 81, 77, 74, 75, 76, 81, 84, 89, 87, 91,
    85, 84, 80, 77, 74, 72, 72, 79, 80, 82, 86, 89, 89, 86, 83, 81, 75,
    74, 72, 73, 73, 72, 73, 78, 82, 83, 84, 86, 85, 82, 76, 78, 73, 75,
    71, 70, 76, 73, 77, 77, 82, 82, 84, 84, 82, 86, 80, 77, 76, 74, 75,
    71, 70, 70, 70, 74, 73, 72, 71, 72, 75, 73, 72, 74, 74, 73, 73, 73,
    76 ]
