%YAML:1.0
---
videoName: "headNod27.mp4"
gestureLabel: 202
fps: 29
pixelSizeInCmTemp: 3.0705128205128202e-01
faceCenterPointX: 271
faceCenterPointY: 77
headPositionsX: [ 272, 270, 270, 271, 272, 270, 271, 273, 271, 275, 271,
    275, 272, 272, 273, 274, 272, 270, 274, 270, 271, 274, 272, 270, 273,
    271, 272, 273, 272, 274, 273, 269, 273, 273, 268, 269, 270, 268, 269,
    266, 269, 271, 270, 267, 269, 269, 272, 268, 268, 272, 267, 268, 271,
    268, 269, 272, 272, 271, 269, 270, 272, 268, 269, 267, 269, 267, 269,
    266, 269, 267, 267, 268, 269, 267, 267, 267, 268, 266, 268, 266, 268,
    268, 269, 270, 267, 272, 272, 271, 269, 270, 270, 271, 272, 273, 272,
    268, 271, 271, 272, 272 ]
headPositionsY: [ 75, 73, 73, 73, 73, 75, 73, 72, 73, 75, 74, 73, 75, 76,
    73, 75, 74, 73, 73, 77, 73, 69, 69, 66, 67, 64, 64, 63, 66, 68, 67,
    78, 81, 85, 83, 85, 79, 79, 73, 73, 70, 67, 68, 67, 72, 72, 76, 76,
    82, 82, 78, 77, 73, 70, 68, 69, 72, 71, 72, 75, 76, 79, 80, 84, 79,
    78, 76, 76, 72, 71, 73, 74, 75, 76, 78, 80, 79, 79, 76, 73, 74, 69,
    69, 72, 73, 71, 75, 76, 77, 81, 81, 77, 77, 77, 78, 78, 76, 77, 75,
    77 ]
