%YAML:1.0
---
videoName: "headNod35.mp4"
gestureLabel: 202
fps: 30
pixelSizeInCmTemp: 2.9937500000000000e-01
faceCenterPointX: 268
faceCenterPointY: 78
headPositionsX: [ 268, 269, 268, 269, 268, 271, 271, 272, 267, 271, 268,
    268, 272, 271, 272, 270, 269, 272, 270, 268, 267, 270, 270, 268, 271,
    272, 270, 268, 271, 272, 270, 272, 269, 271, 272, 271, 269, 270, 266,
    270, 269, 266, 265, 268, 269, 269, 267, 270, 269, 267, 269, 270, 267,
    266, 268, 267, 268, 270, 266, 268, 269, 266, 268, 267, 270, 271, 270,
    267, 271, 267, 271, 271, 269, 270, 270, 268, 269, 267, 268, 270, 270,
    269, 268, 266, 268, 264, 268, 269, 264, 268, 268, 269, 267, 266, 268,
    267, 265, 266, 268, 267 ]
headPositionsY: [ 77, 77, 74, 77, 74, 78, 76, 75, 75, 76, 78, 75, 77, 74,
    76, 78, 78, 74, 75, 78, 78, 76, 76, 75, 76, 75, 78, 70, 69, 71, 66,
    69, 68, 69, 68, 74, 81, 83, 88, 93, 92, 90, 88, 82, 78, 78, 75, 76,
    76, 74, 75, 82, 85, 89, 87, 91, 86, 84, 79, 81, 72, 74, 73, 74, 73,
    77, 79, 83, 82, 85, 86, 86, 84, 80, 77, 77, 72, 74, 75, 80, 79, 83,
    88, 87, 86, 83, 82, 81, 79, 82, 81, 78, 80, 76, 76, 76, 81, 75, 79,
    80 ]
