%YAML:1.0
---
videoName: "headNod5.mp4"
gestureLabel: 202
fps: 29
pixelSizeInCmTemp: 3.1513157894736843e-01
faceCenterPointX: 263
faceCenterPointY: 75
headPositionsX: [ 261, 262, 262, 262, 260, 261, 263, 264, 260, 261, 261,
    261, 261, 262, 265, 264, 266, 264, 266, 266, 266, 266, 267, 265, 263,
    266, 266, 263, 264, 263, 265, 265, 267, 263, 268, 267, 264, 265, 265,
    268, 266, 268, 267, 265, 265, 266, 267, 264, 267, 266, 263, 266, 266,
    265, 261, 262, 263, 262, 266, 266, 266, 264, 262, 263, 266, 264, 263,
    264, 264, 264, 266, 265, 267, 265, 263, 263, 262, 263, 266, 264, 264,
    263, 261, 263, 264, 264, 263, 265, 265, 266, 264, 262, 264, 263, 264,
    260, 264, 261, 263, 265 ]
headPositionsY: [ 73, 74, 73, 75, 75, 75, 72, 74, 76, 74, 77, 72, 74, 77,
    75, 77, 76, 76, 77, 77, 77, 74, 78, 78, 74, 77, 75, 74, 78, 78, 77,
    76, 75, 77, 77, 75, 78, 76, 80, 76, 77, 75, 77, 79, 78, 78, 76, 77,
    76, 80, 77, 83, 84, 81, 83, 85, 80, 76, 73, 74, 74, 79, 79, 87, 86,
    90, 86, 80, 77, 76, 77, 73, 77, 82, 81, 84, 87, 84, 83, 80, 77, 74,
    74, 75, 74, 77, 80, 81, 81, 82, 77, 79, 75, 72, 76, 74, 76, 73, 73,
    75 ]
