%YAML:1.0
---
videoName: "headNod5.mp4"
gestureLabel: 202
fps: 29
pixelSizeInCmTemp: 3.1513157894736843e-01
faceCenterPointX: 263
faceCenterPointY: 75
headPositionsX: [ 262, 265, 261, 265, 260, 264, 262, 261, 264, 260, 262,
    260, 264, 261, 264, 262, 265, 262, 266, 265, 265, 267, 263, 266, 264,
    266, 264, 265, 266, 263, 265, 268, 263, 265, 264, 269, 266, 264, 268,
    268, 264, 267, 265, 267, 266, 265, 265, 263, 265, 264, 263, 267, 264,
    265, 265, 262, 264, 266, 264, 266, 263, 264, 263, 266, 263, 266, 265,
    266, 265, 263, 265, 265, 265, 265, 262, 266, 266, 262, 263, 266, 262,
    262, 263, 264, 264, 262, 265, 265, 265, 265, 261, 265, 265, 260, 263,
    262, 264, 262, 261, 261 ]
headPositionsY: [ 74, 74, 75, 73, 74, 73, 75, 76, 75, 75, 74, 74, 72, 74,
    74, 75, 74, 73, 74, 73, 75, 75, 78, 78, 76, 77, 76, 74, 77, 77, 78,
    78, 77, 75, 79, 77, 78, 77, 80, 78, 77, 77, 76, 75, 79, 79, 80, 76,
    80, 79, 81, 82, 84, 81, 84, 81, 79, 76, 73, 73, 74, 79, 82, 83, 88,
    86, 84, 81, 79, 75, 77, 73, 76, 81, 85, 85, 86, 86, 82, 78, 75, 73,
    74, 76, 75, 78, 76, 83, 83, 80, 78, 79, 74, 75, 73, 74, 73, 77, 74,
    76 ]
