%YAML:1.0
---
videoName: "headNod48.mp4"
gestureLabel: 202
fps: 29
pixelSizeInCmTemp: 2.8855421686746985e-01
faceCenterPointX: 264
faceCenterPointY: 72
headPositionsX: [ 264, 263, 264, 267, 266, 263, 267, 266, 263, 264, 266,
    266, 266, 262, 263, 265, 261, 261, 262, 263, 261, 261, 258, 259, 261,
    258, 262, 261, 263, 261, 261, 262, 262, 264, 260, 264, 265, 261, 262,
    263, 260, 260, 264, 261, 263, 262, 262, 263, 263, 263, 262, 260, 261,
    259, 262, 261, 263, 264, 261, 259, 262, 261, 261, 266, 264, 262, 261,
    265, 262, 266, 266, 265, 264, 264, 266, 266, 267, 266, 264, 265, 265,
    267, 264, 266, 266, 265, 264, 264, 267, 264, 267, 265, 265, 267, 268,
    262, 267, 264, 266, 267 ]
headPositionsY: [ 73, 73, 79, 79, 79, 78, 76, 72, 69, 63, 64, 62, 62, 63,
    67, 70, 77, 79, 84, 86, 87, 85, 84, 83, 80, 77, 72, 68, 68, 65, 62,
    65, 66, 64, 69, 70, 73, 77, 80, 82, 84, 84, 79, 79, 79, 75, 72, 72,
    70, 72, 72, 73, 74, 76, 82, 80, 78, 78, 72, 71, 72, 70, 73, 71, 72,
    74, 77, 76, 79, 76, 74, 75, 74, 69, 73, 70, 70, 69, 71, 71, 75, 75,
    74, 74, 74, 72, 72, 68, 70, 72, 75, 73, 72, 76, 75, 72, 74, 71, 72,
    74 ]
