%YAML:1.0
---
videoName: "headNod20.mp4"
gestureLabel: 202
fps: 30
pixelSizeInCmTemp: 3.2808219178082193e-01
faceCenterPointX: 253
faceCenterPointY: 80
headPositionsX: [ 251, 254, 254, 258, 258, 255, 257, 255, 257, 255, 256,
    257, 255, 257, 255, 253, 257, 258, 255, 257, 253, 255, 254, 254, 258,
    253, 254, 254, 254, 254, 256, 254, 254, 257, 258, 256, 256, 256, 255,
    256, 253, 254, 254, 252, 252, 253, 253, 251, 252, 251, 253, 253, 252,
    250, 251, 251, 252, 252, 252, 251, 250, 251, 251, 251, 253, 253, 252,
    254, 252, 251, 253, 253, 252, 254, 253, 251, 253, 255, 253, 251, 254,
    252, 252, 254, 255, 251, 254, 251, 253, 256, 252, 253, 254, 254, 255,
    253, 254, 254, 254, 254 ]
headPositionsY: [ 80, 77, 75, 76, 78, 80, 76, 79, 76, 78, 78, 79, 77, 79,
    81, 77, 78, 80, 78, 80, 79, 79, 79, 79, 79, 79, 78, 81, 82, 80, 81,
    85, 86, 85, 87, 85, 78, 78, 74, 70, 71, 72, 74, 72, 76, 82, 85, 87,
    87, 90, 85, 85, 82, 77, 79, 74, 75, 81, 80, 82, 82, 81, 81, 78, 76,
    76, 81, 82, 81, 84, 83, 79, 79, 77, 76, 81, 80, 78, 80, 82, 79, 78,
    81, 78, 82, 78, 81, 80, 80, 81, 82, 79, 82, 78, 80, 80, 79, 82, 82,
    83 ]
