%YAML:1.0
---
videoName: "headNod21.mp4"
gestureLabel: 202
fps: 29
pixelSizeInCmTemp: 3.2808219178082193e-01
faceCenterPointX: 253
faceCenterPointY: 78
headPositionsX: [ 255, 255, 257, 255, 257, 255, 255, 253, 254, 254, 253,
    257, 257, 254, 254, 254, 257, 253, 255, 256, 255, 255, 257, 254, 253,
    257, 253, 252, 258, 252, 254, 257, 258, 256, 256, 257, 253, 255, 258,
    258, 253, 255, 257, 258, 253, 254, 252, 253, 255, 254, 255, 255, 256,
    256, 256, 253, 252, 252, 252, 255, 255, 255, 252, 255, 250, 251, 251,
    250, 251, 251, 254, 252, 249, 250, 252, 252, 248, 252, 248, 249, 248,
    251, 248, 253, 249, 249, 251, 253, 251, 251, 252, 251, 251, 254, 255,
    252, 255, 252, 253, 253 ]
headPositionsY: [ 79, 80, 79, 81, 78, 77, 78, 77, 80, 76, 78, 77, 78, 80,
    79, 79, 77, 80, 80, 81, 76, 79, 76, 79, 79, 81, 81, 79, 81, 81, 80,
    83, 83, 78, 76, 78, 73, 73, 76, 78, 77, 84, 84, 86, 80, 80, 75, 75,
    76, 76, 78, 84, 82, 84, 85, 80, 81, 76, 77, 76, 80, 83, 83, 82, 84,
    82, 78, 80, 78, 78, 74, 77, 78, 80, 84, 84, 80, 82, 81, 79, 77, 76,
    77, 79, 80, 78, 81, 79, 79, 76, 80, 80, 77, 77, 80, 80, 76, 77, 81,
    81 ]
