%YAML:1.0
---
videoName: "headNod21.mp4"
gestureLabel: 202
fps: 29
pixelSizeInCmTemp: 3.2808219178082193e-01
faceCenterPointX: 253
faceCenterPointY: 78
headPositionsX: [ 252, 255, 253, 256, 256, 256, 253, 257, 253, 253, 253,
    255, 257, 256, 257, 253, 253, 254, 254, 256, 257, 255, 253, 254, 256,
    255, 254, 252, 255, 255, 257, 256, 254, 258, 255, 258, 255, 256, 254,
    255, 254, 256, 254, 258, 256, 255, 255, 254, 257, 254, 255, 255, 253,
    253, 255, 253, 253, 252, 252, 252, 254, 255, 251, 253, 253, 251, 251,
    252, 250, 251, 254, 250, 252, 252, 251, 249, 251, 248, 250, 249, 252,
    251, 249, 252, 249, 252, 255, 252, 254, 252, 252, 250, 252, 253, 256,
    252, 255, 253, 252, 254 ]
headPositionsY: [ 79, 79, 78, 79, 76, 80, 79, 78, 78, 80, 77, 78, 76, 76,
    76, 80, 79, 81, 78, 80, 77, 78, 76, 78, 78, 79, 82, 78, 80, 82, 80,
    84, 81, 82, 77, 76, 76, 75, 73, 79, 77, 84, 82, 85, 80, 83, 78, 76,
    76, 75, 79, 82, 85, 83, 83, 82, 78, 78, 78, 75, 78, 81, 81, 84, 83,
    83, 81, 78, 79, 76, 77, 77, 82, 79, 83, 83, 83, 82, 79, 78, 77, 78,
    75, 77, 79, 80, 78, 79, 80, 77, 77, 77, 78, 80, 76, 78, 80, 81, 81,
    81 ]
