%YAML:1.0
---
videoName: "headNod29.mp4"
gestureLabel: 202
fps: 29
pixelSizeInCmTemp: 3.1933333333333330e-01
faceCenterPointX: 271
faceCenterPointY: 70
headPositionsX: [ 272, 272, 273, 271, 273, 273, 274, 273, 273, 275, 275,
    272, 272, 273, 270, 271, 274, 271, 273, 270, 270, 274, 271, 275, 270,
    270, 270, 270, 271, 272, 272, 269, 271, 272, 273, 270, 268, 269, 274,
    270, 273, 269, 268, 272, 270, 273, 271, 269, 272, 269, 269, 270, 272,
    271, 273, 273, 270, 269, 271, 273, 269, 272, 269, 273, 268, 267, 272,
    268, 269, 268, 270, 269, 269, 271, 273, 270, 269, 269, 273, 273, 273,
    272, 272, 269, 272, 271, 271, 272, 271, 269, 273, 270, 273, 273, 270,
    271, 269, 271, 270, 270 ]
headPositionsY: [ 70, 75, 72, 74, 73, 76, 76, 77, 80, 78, 81, 81, 79, 77,
    74, 68, 69, 66, 69, 69, 65, 69, 68, 73, 73, 73, 78, 81, 78, 81, 78,
    76, 78, 71, 72, 71, 73, 69, 72, 73, 77, 78, 80, 78, 78, 81, 79, 73,
    72, 73, 71, 75, 74, 78, 82, 82, 82, 78, 78, 73, 75, 73, 72, 76, 78,
    79, 78, 76, 77, 73, 74, 71, 70, 72, 72, 69, 73, 76, 74, 77, 78, 73,
    73, 71, 70, 72, 69, 72, 71, 70, 71, 71, 72, 72, 68, 69, 72, 68, 69,
    73 ]
