%YAML:1.0
---
videoName: "headNod36.mp4"
gestureLabel: 202
fps: 29
pixelSizeInCmTemp: 2.8176470588235292e-01
faceCenterPointX: 269
faceCenterPointY: 75
headPositionsX: [ 270, 269, 273, 271, 270, 272, 270, 269, 269, 270, 269,
    271, 272, 269, 271, 269, 270, 272, 267, 271, 269, 271, 272, 273, 270,
    272, 270, 271, 271, 272, 268, 268, 270, 270, 268, 267, 267, 266, 267,
    266, 267, 269, 270, 268, 272, 272, 271, 271, 270, 271, 273, 269, 270,
    273, 269, 271, 271, 269, 267, 272, 271, 271, 267, 270, 270, 268, 269,
    266, 268, 267, 267, 268, 266, 266, 269, 268, 268, 270, 266, 270, 271,
    271, 268, 268, 271, 269, 271, 268, 270, 267, 268, 267, 268, 267, 269,
    269, 271, 269, 269, 267 ]
headPositionsY: [ 77, 75, 72, 72, 72, 74, 72, 74, 77, 73, 76, 75, 74, 75,
    74, 76, 76, 77, 76, 77, 78, 76, 80, 81, 73, 74, 70, 70, 64, 66, 66,
    66, 71, 76, 80, 85, 87, 88, 92, 89, 87, 80, 76, 71, 74, 66, 70, 67,
    68, 71, 67, 75, 79, 82, 82, 85, 87, 86, 86, 81, 79, 78, 76, 72, 71,
    72, 78, 75, 83, 83, 85, 82, 80, 76, 77, 73, 74, 73, 75, 77, 83, 85,
    84, 84, 83, 82, 81, 78, 80, 78, 76, 75, 75, 76, 77, 76, 76, 74, 75,
    74 ]
