%YAML:1.0
---
videoName: "headNod28.mp4"
gestureLabel: 202
fps: 30
pixelSizeInCmTemp: 3.2364864864864862e-01
faceCenterPointX: 270
faceCenterPointY: 76
headPositionsX: [ 272, 271, 271, 273, 271, 270, 269, 273, 269, 271, 273,
    272, 272, 270, 271, 273, 267, 272, 271, 268, 270, 268, 272, 269, 270,
    269, 269, 270, 268, 272, 268, 269, 270, 273, 271, 269, 270, 271, 270,
    271, 268, 273, 270, 268, 271, 270, 270, 272, 268, 269, 271, 268, 270,
    271, 271, 272, 270, 272, 268, 272, 270, 268, 271, 270, 269, 269, 272,
    272, 271, 271, 269, 273, 271, 270, 273, 273, 272, 271, 268, 272, 273,
    270, 271, 272, 273, 270, 273, 270, 273, 273, 269, 272, 272, 270, 271,
    270, 270, 270, 272, 269 ]
headPositionsY: [ 74, 76, 73, 72, 75, 74, 75, 72, 77, 73, 75, 77, 76, 72,
    76, 74, 72, 77, 74, 75, 75, 75, 76, 76, 76, 76, 75, 74, 73, 75, 74,
    76, 74, 74, 74, 73, 77, 74, 76, 76, 73, 77, 79, 80, 81, 84, 80, 78,
    80, 78, 74, 72, 72, 71, 73, 69, 73, 76, 76, 78, 79, 81, 80, 81, 79,
    74, 73, 70, 72, 72, 74, 74, 78, 81, 79, 82, 78, 76, 73, 75, 71, 74,
    73, 77, 74, 80, 79, 79, 76, 79, 76, 75, 76, 73, 75, 78, 75, 75, 78,
    74 ]
