%YAML:1.0
---
videoName: "headNod22.mp4"
gestureLabel: 202
fps: 29
pixelSizeInCmTemp: 3.1513157894736843e-01
faceCenterPointX: 252
faceCenterPointY: 80
headPositionsX: [ 251, 253, 255, 254, 253, 254, 251, 256, 254, 250, 253,
    253, 251, 255, 251, 253, 256, 254, 252, 251, 251, 253, 251, 254, 253,
    252, 253, 253, 253, 254, 252, 252, 251, 255, 252, 255, 251, 255, 257,
    253, 256, 254, 255, 254, 251, 255, 252, 254, 252, 252, 252, 252, 251,
    252, 252, 253, 252, 250, 251, 255, 253, 255, 252, 254, 254, 251, 254,
    252, 252, 253, 254, 252, 254, 253, 252, 253, 251, 250, 252, 251, 254,
    251, 252, 251, 253, 251, 253, 252, 252, 254, 250, 252, 254, 250, 249,
    250, 251, 253, 254, 252 ]
headPositionsY: [ 82, 80, 79, 79, 78, 75, 79, 79, 76, 78, 77, 77, 78, 78,
    78, 79, 78, 79, 80, 78, 78, 80, 81, 78, 79, 85, 81, 83, 80, 78, 78,
    76, 70, 69, 70, 74, 75, 79, 78, 82, 85, 84, 79, 76, 73, 73, 71, 69,
    69, 72, 74, 78, 82, 86, 87, 83, 83, 76, 75, 74, 71, 73, 71, 75, 78,
    78, 79, 79, 79, 78, 75, 73, 75, 74, 77, 76, 80, 80, 80, 82, 80, 78,
    74, 75, 76, 77, 81, 83, 81, 79, 79, 79, 76, 80, 79, 80, 81, 81, 78,
    80 ]
