%YAML:1.0
---
videoName: "headNod20.mp4"
gestureLabel: 202
fps: 30
pixelSizeInCmTemp: 3.2808219178082193e-01
faceCenterPointX: 253
faceCenterPointY: 80
headPositionsX: [ 253, 255, 257, 254, 254, 255, 253, 257, 256, 256, 257,
    257, 256, 253, 257, 257, 254, 256, 255, 254, 256, 254, 258, 256, 254,
    255, 256, 253, 258, 257, 258, 256, 256, 254, 254, 252, 256, 252, 252,
    256, 256, 251, 254, 252, 254, 252, 254, 254, 253, 254, 251, 253, 254,
    252, 250, 249, 253, 250, 249, 253, 250, 254, 253, 250, 253, 253, 252,
    255, 254, 253, 253, 255, 251, 253, 254, 255, 253, 251, 253, 253, 251,
    253, 254, 253, 251, 254, 252, 251, 253, 256, 255, 254, 250, 253, 254,
    254, 252, 254, 254, 253 ]
headPositionsY: [ 82, 78, 78, 78, 79, 76, 76, 77, 76, 76, 79, 78, 78, 78,
    78, 76, 77, 78, 77, 80, 76, 78, 78, 76, 80, 76, 81, 81, 79, 84, 81,
    84, 85, 86, 87, 81, 80, 76, 76, 73, 74, 69, 70, 75, 80, 81, 83, 85,
    90, 90, 89, 82, 81, 77, 78, 74, 77, 77, 81, 83, 81, 85, 81, 78, 77,
    79, 81, 82, 81, 83, 80, 81, 78, 79, 78, 81, 81, 79, 80, 81, 80, 79,
    81, 82, 78, 82, 81, 79, 83, 80, 80, 81, 79, 82, 81, 80, 80, 82, 82,
    80 ]
