%YAML:1.0
---
videoName: "headNod25.mp4"
gestureLabel: 202
fps: 29
pixelSizeInCmTemp: 3.1933333333333330e-01
faceCenterPointX: 270
faceCenterPointY: 75
headPositionsX: [ 268, 269, 271, 271, 271, 272, 271, 268, 269, 272, 269,
    268, 268, 267, 271, 269, 270, 271, 271, 271, 273, 269, 273, 273, 273,
    272, 272, 273, 271, 274, 271, 270, 271, 270, 273, 272, 272, 273, 274,
    273, 273, 272, 270, 274, 271, 271, 272, 272, 270, 273, 271, 274, 273,
    270, 270, 273, 272, 272, 273, 273, 269, 272, 271, 272, 271, 271, 267,
    271, 272, 268, 270, 268, 273, 270, 273, 271, 270, 272, 274, 270, 271,
    269, 273, 268, 272, 272, 272, 270, 273, 271, 273, 272, 270, 269, 272,
    271, 272, 272, 271, 272 ]
headPositionsY: [ 77, 72, 72, 76, 75, 72, 73, 73, 72, 74, 73, 74, 74, 76,
    75, 76, 76, 72, 73, 75, 74, 72, 75, 74, 73, 76, 77, 75, 74, 76, 77,
    75, 73, 74, 77, 77, 75, 75, 74, 77, 75, 73, 76, 78, 74, 74, 72, 77,
    75, 72, 70, 67, 64, 67, 66, 66, 64, 69, 67, 70, 70, 73, 78, 81, 87,
    88, 89, 87, 82, 82, 80, 74, 70, 73, 67, 69, 69, 67, 71, 69, 75, 76,
    79, 80, 82, 81, 77, 77, 78, 78, 74, 76, 73, 77, 78, 77, 74, 76, 77,
    77 ]
