%YAML:1.0
---
videoName: "headNod28.mp4"
gestureLabel: 202
fps: 30
pixelSizeInCmTemp: 3.2364864864864862e-01
faceCenterPointX: 270
faceCenterPointY: 76
headPositionsX: [ 269, 271, 274, 273, 271, 270, 273, 273, 273, 272, 271,
    271, 269, 272, 268, 273, 268, 268, 269, 268, 273, 268, 271, 268, 272,
    270, 270, 268, 272, 268, 270, 273, 271, 270, 270, 272, 273, 267, 273,
    269, 272, 272, 271, 270, 267, 272, 269, 271, 269, 271, 271, 270, 271,
    272, 271, 269, 270, 271, 269, 270, 272, 269, 271, 270, 273, 273, 268,
    273, 273, 270, 270, 269, 270, 272, 271, 269, 273, 271, 269, 273, 271,
    269, 270, 271, 272, 271, 273, 271, 270, 273, 273, 271, 270, 272, 270,
    271, 269, 269, 270, 271 ]
headPositionsY: [ 77, 75, 75, 76, 75, 77, 74, 75, 77, 74, 74, 74, 75, 75,
    75, 75, 73, 76, 76, 74, 74, 76, 76, 74, 73, 76, 75, 74, 75, 75, 73,
    74, 76, 77, 73, 75, 76, 72, 73, 74, 72, 78, 80, 80, 82, 82, 81, 78,
    78, 78, 75, 75, 74, 74, 73, 69, 73, 76, 76, 79, 80, 81, 82, 80, 76,
    73, 71, 73, 70, 71, 74, 74, 79, 78, 82, 82, 82, 76, 74, 75, 73, 73,
    74, 74, 77, 79, 76, 76, 78, 77, 78, 74, 78, 77, 74, 78, 76, 78, 77,
    75 ]
