%YAML:1.0
---
videoName: "headNod28.mp4"
gestureLabel: 202
fps: 30
pixelSizeInCmTemp: 3.2364864864864862e-01
faceCenterPointX: 270
faceCenterPointY: 76
headPositionsX: [ 271, 271, 272, 271, 271, 271, 270, 269, 269, 274, 273,
    269, 271, 270, 269, 270, 268, 269, 271, 269, 270, 271, 269, 270, 270,
    269, 271, 271, 269, 271, 270, 270, 270, 273, 269, 269, 273, 267, 274,
    268, 272, 273, 270, 268, 269, 269, 269, 269, 268, 269, 270, 272, 267,
    271, 272, 270, 270, 269, 272, 270, 268, 271, 273, 271, 271, 273, 272,
    269, 270, 272, 273, 269, 270, 273, 271, 273, 275, 269, 270, 271, 273,
    269, 270, 273, 269, 271, 270, 270, 271, 272, 270, 274, 271, 271, 270,
    272, 272, 271, 269, 269 ]
headPositionsY: [ 77, 73, 75, 75, 73, 74, 72, 73, 73, 74, 75, 77, 74, 75,
    76, 77, 76, 75, 76, 77, 73, 77, 77, 77, 77, 72, 75, 74, 75, 76, 75,
    76, 75, 74, 74, 76, 73, 76, 76, 75, 75, 77, 79, 81, 83, 84, 79, 79,
    80, 79, 75, 72, 71, 74, 73, 69, 70, 73, 77, 78, 79, 81, 78, 77, 76,
    75, 70, 69, 71, 72, 74, 73, 77, 82, 78, 80, 78, 79, 77, 71, 73, 74,
    75, 76, 73, 78, 79, 77, 78, 76, 77, 73, 74, 75, 74, 75, 77, 78, 78,
    76 ]
