%YAML:1.0
---
videoName: "headNod39.mp4"
gestureLabel: 202
fps: 29
pixelSizeInCmTemp: 2.9937500000000000e-01
faceCenterPointX: 268
faceCenterPointY: 78
headPositionsX: [ 267, 268, 268, 269, 270, 268, 269, 266, 269, 267, 269,
    268, 270, 267, 270, 270, 268, 267, 270, 271, 268, 269, 271, 268, 269,
    267, 270, 267, 266, 271, 270, 267, 269, 270, 270, 270, 268, 267, 271,
    270, 271, 267, 266, 267, 267, 270, 266, 265, 265, 268, 265, 266, 268,
    268, 265, 269, 265, 268, 265, 268, 268, 268, 264, 267, 265, 265, 265,
    266, 266, 265, 264, 265, 265, 266, 267, 267, 269, 268, 267, 267, 269,
    270, 269, 265, 268, 267, 266, 265, 269, 266, 269, 269, 267, 266, 268,
    268, 268, 267, 267, 266 ]
headPositionsY: [ 79, 76, 75, 77, 76, 78, 78, 74, 78, 76, 77, 75, 78, 77,
    77, 78, 76, 78, 74, 77, 78, 79, 75, 77, 74, 78, 79, 78, 74, 78, 77,
    78, 75, 79, 74, 78, 77, 77, 77, 78, 84, 84, 84, 86, 84, 80, 81, 76,
    73, 75, 73, 73, 74, 77, 76, 83, 88, 93, 93, 88, 87, 82, 76, 75, 74,
    75, 74, 76, 76, 78, 80, 84, 81, 81, 76, 74, 75, 76, 76, 77, 77, 77,
    81, 79, 82, 81, 77, 81, 78, 80, 77, 77, 77, 77, 79, 79, 76, 77, 80,
    79 ]
