%YAML:1.0
---
videoName: "headNod6.mp4"
gestureLabel: 202
fps: 29
pixelSizeInCmTemp: 3.1513157894736843e-01
faceCenterPointX: 262
faceCenterPointY: 73
headPositionsX: [ 263, 262, 260, 262, 263, 262, 262, 260, 262, 260, 263,
    262, 261, 261, 263, 265, 264, 259, 265, 263, 262, 264, 261, 261, 265,
    263, 262, 260, 263, 260, 262, 261, 263, 265, 264, 263, 264, 263, 262,
    261, 265, 262, 259, 260, 261, 260, 261, 263, 258, 260, 261, 261, 263,
    260, 264, 260, 263, 259, 261, 260, 260, 261, 262, 260, 261, 258, 262,
    261, 261, 262, 259, 262, 262, 262, 263, 262, 262, 258, 263, 259, 262,
    263, 261, 262, 259, 263, 261, 260, 263, 262, 264, 263, 261, 263, 259,
    262, 264, 263, 261, 262 ]
headPositionsY: [ 71, 74, 71, 73, 76, 75, 75, 74, 72, 74, 71, 75, 73, 74,
    75, 75, 76, 75, 74, 74, 74, 74, 73, 76, 76, 73, 73, 75, 75, 75, 74,
    73, 70, 70, 66, 65, 65, 66, 66, 69, 74, 79, 82, 84, 83, 83, 77, 72,
    71, 68, 67, 68, 71, 75, 82, 83, 82, 83, 80, 71, 69, 68, 69, 67, 73,
    74, 77, 83, 83, 79, 80, 73, 70, 68, 68, 67, 66, 67, 73, 74, 79, 81,
    83, 81, 79, 81, 74, 73, 69, 68, 69, 71, 71, 69, 70, 74, 72, 75, 73,
    70 ]
