%YAML:1.0
---
videoName: "headNod44.mp4"
gestureLabel: 202
fps: 29
pixelSizeInCmTemp: 2.9567901234567900e-01
faceCenterPointX: 268
faceCenterPointY: 78
headPositionsX: [ 268, 270, 271, 268, 271, 271, 267, 269, 268, 268, 268,
    271, 267, 270, 271, 267, 272, 270, 270, 267, 271, 270, 268, 267, 267,
    270, 268, 268, 265, 268, 269, 266, 265, 266, 266, 269, 267, 269, 265,
    267, 264, 266, 264, 266, 265, 265, 266, 266, 266, 267, 265, 270, 265,
    265, 269, 267, 268, 266, 269, 269, 266, 270, 268, 267, 266, 266, 269,
    265, 270, 269, 268, 266, 270, 266, 269, 266, 268, 270, 269, 269, 268,
    267, 267, 268, 267, 270, 268, 267, 269, 270, 266, 268, 266, 269, 265,
    267, 266, 266, 269, 270 ]
headPositionsY: [ 79, 75, 76, 73, 77, 73, 73, 73, 76, 76, 75, 75, 74, 75,
    74, 73, 73, 76, 77, 83, 83, 89, 91, 94, 94, 94, 88, 83, 82, 73, 72,
    69, 67, 68, 70, 74, 81, 82, 86, 90, 88, 83, 80, 77, 73, 71, 72, 75,
    76, 78, 87, 86, 91, 89, 86, 82, 80, 78, 77, 72, 73, 79, 79, 83, 86,
    87, 86, 79, 77, 77, 74, 78, 77, 77, 81, 84, 82, 85, 86, 88, 84, 81,
    79, 79, 77, 76, 74, 76, 75, 77, 79, 79, 79, 77, 79, 79, 77, 75, 78,
    75 ]
