%YAML:1.0
---
videoName: "headNod5.mp4"
gestureLabel: 202
fps: 29
pixelSizeInCmTemp: 3.1513157894736843e-01
faceCenterPointX: 263
faceCenterPointY: 75
headPositionsX: [ 262, 262, 262, 263, 261, 261, 260, 261, 263, 260, 260,
    264, 263, 264, 261, 263, 265, 263, 262, 266, 267, 266, 263, 266, 262,
    264, 265, 267, 267, 266, 264, 266, 266, 267, 267, 268, 264, 268, 267,
    267, 266, 268, 264, 268, 264, 265, 268, 265, 264, 264, 264, 267, 263,
    264, 263, 263, 265, 265, 266, 264, 266, 265, 264, 265, 264, 267, 266,
    262, 267, 263, 262, 266, 265, 264, 266, 263, 264, 266, 265, 263, 265,
    264, 265, 261, 265, 264, 264, 261, 263, 263, 265, 261, 264, 259, 265,
    263, 263, 264, 261, 263 ]
headPositionsY: [ 73, 72, 74, 74, 72, 74, 74, 73, 75, 73, 77, 72, 76, 73,
    74, 73, 77, 75, 75, 73, 73, 78, 77, 76, 74, 74, 76, 75, 76, 77, 76,
    77, 74, 73, 78, 78, 80, 77, 80, 77, 77, 78, 76, 76, 75, 76, 79, 77,
    80, 79, 81, 79, 81, 81, 84, 81, 82, 78, 73, 74, 78, 76, 79, 83, 87,
    89, 87, 84, 79, 77, 76, 73, 76, 81, 84, 86, 84, 84, 80, 80, 76, 72,
    72, 72, 75, 77, 78, 83, 84, 78, 81, 79, 73, 74, 72, 74, 72, 76, 74,
    74 ]
