%YAML:1.0
---
videoName: "headNod21.mp4"
gestureLabel: 202
fps: 29
pixelSizeInCmTemp: 3.2808219178082193e-01
faceCenterPointX: 253
faceCenterPointY: 78
headPositionsX: [ 252, 257, 253, 255, 255, 254, 257, 253, 256, 255, 256,
    254, 256, 254, 257, 254, 255, 257, 253, 255, 256, 257, 254, 256, 253,
    253, 256, 253, 255, 253, 254, 257, 255, 257, 257, 256, 253, 254, 257,
    255, 256, 257, 256, 256, 253, 253, 255, 253, 254, 255, 253, 253, 253,
    254, 254, 254, 252, 256, 253, 251, 255, 253, 255, 252, 254, 254, 251,
    249, 251, 253, 250, 249, 249, 249, 249, 251, 247, 249, 249, 249, 251,
    252, 251, 251, 253, 249, 255, 254, 252, 253, 251, 252, 255, 253, 256,
    252, 255, 256, 256, 256 ]
headPositionsY: [ 80, 79, 81, 78, 77, 79, 80, 78, 77, 77, 80, 78, 80, 78,
    77, 77, 81, 80, 78, 78, 77, 78, 76, 80, 79, 81, 79, 80, 78, 81, 82,
    81, 82, 78, 80, 76, 76, 77, 73, 78, 78, 83, 84, 83, 82, 79, 78, 76,
    77, 76, 81, 81, 84, 84, 85, 82, 81, 78, 77, 79, 82, 82, 80, 83, 82,
    79, 79, 78, 75, 75, 75, 78, 82, 78, 82, 81, 79, 80, 79, 78, 78, 78,
    77, 79, 80, 79, 79, 77, 81, 77, 80, 78, 77, 80, 77, 82, 80, 77, 77,
    77 ]
