%YAML:1.0
---
videoName: "headNod15.mp4"
gestureLabel: 202
fps: 29
pixelSizeInCmTemp: 3.1933333333333330e-01
faceCenterPointX: 255
faceCenterPointY: 74
headPositionsX: [ 255, 255, 260, 257, 257, 257, 257, 256, 258, 258, 255,
    257, 256, 257, 254, 256, 255, 255, 255, 257, 258, 257, 256, 254, 256,
    257, 258, 257, 254, 254, 253, 256, 255, 256, 257, 256, 256, 255, 256,
    253, 255, 253, 253, 253, 257, 253, 257, 253, 253, 253, 256, 253, 257,
    255, 253, 255, 253, 255, 253, 255, 255, 254, 254, 253, 254, 255, 255,
    255, 255, 254, 256, 257, 253, 254, 252, 255, 255, 255, 255, 255, 251,
    255, 252, 253, 255, 256, 256, 255, 255, 253, 253, 253, 254, 254, 255,
    256, 254, 255, 252, 256 ]
headPositionsY: [ 76, 74, 76, 71, 74, 73, 72, 73, 72, 75, 73, 73, 71, 74,
    75, 72, 75, 73, 72, 72, 75, 75, 72, 72, 73, 72, 71, 71, 75, 71, 72,
    74, 76, 74, 72, 77, 79, 80, 81, 80, 81, 83, 79, 78, 77, 73, 69, 71,
    73, 72, 75, 82, 82, 84, 80, 76, 76, 73, 70, 69, 71, 74, 75, 78, 80,
    85, 81, 82, 80, 76, 75, 72, 68, 69, 70, 75, 77, 76, 75, 77, 74, 72,
    72, 69, 72, 70, 72, 74, 73, 72, 75, 73, 75, 72, 72, 74, 72, 70, 72,
    74 ]
