%YAML:1.0
---
videoName: "headNod37.mp4"
gestureLabel: 202
fps: 29
pixelSizeInCmTemp: 2.9207317073170730e-01
faceCenterPointX: 269
faceCenterPointY: 78
headPositionsX: [ 270, 272, 269, 271, 270, 268, 271, 267, 271, 271, 268,
    268, 271, 268, 268, 269, 271, 270, 270, 270, 271, 269, 267, 269, 270,
    270, 271, 271, 270, 271, 271, 270, 267, 269, 271, 268, 271, 272, 272,
    268, 268, 269, 268, 268, 268, 270, 270, 270, 272, 269, 271, 270, 272,
    272, 270, 268, 270, 268, 270, 268, 268, 271, 269, 270, 266, 267, 266,
    267, 268, 265, 265, 267, 267, 268, 268, 271, 268, 271, 267, 272, 271,
    270, 270, 268, 272, 268, 268, 271, 268, 270, 270, 270, 267, 270, 270,
    267, 270, 267, 268, 270 ]
headPositionsY: [ 77, 78, 74, 74, 76, 77, 76, 73, 77, 77, 76, 76, 77, 75,
    76, 73, 75, 74, 73, 75, 74, 74, 76, 77, 74, 77, 77, 76, 76, 76, 75,
    76, 77, 78, 75, 76, 76, 75, 76, 77, 76, 74, 75, 77, 74, 74, 75, 78,
    75, 76, 76, 75, 70, 72, 67, 67, 66, 68, 67, 69, 69, 72, 79, 85, 88,
    86, 85, 87, 84, 79, 75, 70, 69, 69, 68, 64, 63, 67, 69, 70, 70, 76,
    79, 78, 81, 81, 82, 83, 80, 81, 78, 80, 79, 79, 79, 79, 78, 80, 80,
    76 ]
