%YAML:1.0
---
videoName: "headNod14.mp4"
gestureLabel: 202
fps: 29
pixelSizeInCmTemp: 3.2808219178082193e-01
faceCenterPointX: 257
faceCenterPointY: 71
headPositionsX: [ 255, 258, 258, 259, 257, 256, 256, 259, 259, 257, 261,
    260, 261, 256, 260, 260, 256, 261, 257, 257, 260, 259, 258, 259, 260,
    261, 257, 260, 261, 257, 261, 260, 258, 261, 260, 261, 257, 258, 259,
    257, 257, 260, 259, 258, 262, 258, 259, 261, 258, 260, 259, 256, 259,
    256, 258, 258, 259, 259, 259, 260, 257, 257, 261, 259, 258, 261, 260,
    261, 261, 258, 260, 257, 259, 256, 256, 258, 258, 255, 256, 256, 259,
    258, 255, 259, 256, 258, 257, 257, 260, 256, 257, 255, 259, 257, 257,
    259, 259, 257, 256, 255 ]
headPositionsY: [ 71, 78, 75, 76, 77, 75, 79, 79, 75, 78, 78, 79, 77, 77,
    77, 77, 77, 79, 76, 79, 76, 79, 76, 76, 75, 80, 76, 77, 76, 79, 78,
    79, 80, 78, 76, 80, 76, 78, 79, 77, 76, 71, 71, 70, 68, 67, 69, 73,
    70, 71, 74, 79, 81, 81, 82, 82, 78, 80, 78, 74, 75, 68, 71, 72, 70,
    70, 76, 77, 76, 79, 79, 81, 79, 76, 74, 71, 69, 67, 66, 69, 69, 72,
    75, 80, 78, 78, 78, 79, 76, 75, 71, 72, 70, 68, 69, 70, 73, 70, 72,
    72 ]
