%YAML:1.0
---
videoName: "headNod29.mp4"
gestureLabel: 202
fps: 29
pixelSizeInCmTemp: 3.1933333333333330e-01
faceCenterPointX: 271
faceCenterPointY: 70
headPositionsX: [ 272, 274, 275, 271, 274, 273, 274, 271, 276, 275, 275,
    273, 272, 275, 271, 272, 273, 270, 275, 274, 271, 271, 272, 273, 274,
    273, 271, 271, 271, 269, 271, 271, 271, 272, 271, 269, 269, 272, 270,
    271, 269, 271, 271, 269, 271, 271, 271, 271, 273, 270, 272, 271, 271,
    273, 271, 270, 271, 271, 271, 270, 270, 270, 268, 270, 272, 268, 271,
    269, 270, 268, 269, 270, 272, 269, 270, 272, 271, 270, 271, 272, 271,
    272, 269, 273, 271, 274, 273, 271, 271, 273, 273, 269, 273, 269, 269,
    271, 272, 273, 269, 272 ]
headPositionsY: [ 70, 75, 71, 72, 75, 78, 76, 80, 82, 78, 81, 80, 79, 76,
    72, 70, 67, 65, 65, 68, 66, 66, 66, 72, 73, 73, 76, 81, 77, 82, 81,
    76, 75, 75, 72, 74, 73, 69, 74, 73, 75, 75, 77, 81, 79, 80, 77, 74,
    74, 72, 74, 74, 76, 78, 82, 82, 82, 81, 77, 75, 74, 74, 72, 75, 79,
    78, 79, 76, 75, 75, 74, 71, 69, 69, 70, 70, 70, 74, 74, 77, 75, 76,
    73, 73, 70, 73, 72, 72, 72, 68, 68, 70, 68, 69, 68, 69, 68, 70, 71,
    73 ]
