%YAML:1.0
---
videoName: "headNod20.mp4"
gestureLabel: 202
fps: 30
pixelSizeInCmTemp: 3.2808219178082193e-01
faceCenterPointX: 253
faceCenterPointY: 80
headPositionsX: [ 253, 257, 253, 258, 257, 257, 257, 257, 255, 255, 256,
    253, 256, 254, 258, 253, 255, 257, 256, 256, 256, 256, 255, 253, 256,
    256, 257, 254, 254, 257, 255, 255, 253, 254, 256, 255, 253, 252, 256,
    256, 255, 251, 252, 252, 252, 252, 256, 250, 252, 253, 252, 251, 253,
    249, 253, 251, 253, 254, 251, 252, 253, 251, 251, 253, 253, 255, 251,
    252, 254, 252, 252, 251, 253, 251, 253, 252, 252, 252, 254, 254, 250,
    250, 255, 251, 252, 254, 250, 254, 254, 255, 253, 251, 250, 252, 255,
    252, 252, 253, 253, 253 ]
headPositionsY: [ 78, 77, 79, 78, 77, 78, 80, 80, 78, 76, 80, 77, 79, 79,
    78, 76, 80, 76, 77, 77, 77, 78, 80, 80, 77, 76, 77, 81, 81, 83, 84,
    85, 88, 87, 86, 83, 79, 79, 74, 73, 70, 73, 71, 73, 79, 78, 83, 86,
    90, 88, 89, 82, 80, 80, 77, 75, 76, 79, 81, 82, 81, 85, 79, 77, 79,
    78, 78, 82, 81, 81, 81, 78, 77, 78, 80, 80, 82, 81, 80, 82, 82, 80,
    80, 79, 80, 79, 80, 82, 83, 81, 82, 79, 80, 81, 82, 79, 81, 81, 82,
    80 ]
