%YAML:1.0
---
videoName: "headNod48.mp4"
gestureLabel: 202
fps: 29
pixelSizeInCmTemp: 2.8855421686746985e-01
faceCenterPointX: 264
faceCenterPointY: 72
headPositionsX: [ 264, 266, 264, 264, 262, 266, 265, 264, 267, 264, 263,
    264, 265, 263, 262, 265, 265, 262, 260, 262, 259, 260, 262, 259, 259,
    262, 259, 260, 264, 259, 260, 262, 263, 260, 263, 265, 263, 261, 261,
    263, 264, 264, 262, 263, 262, 259, 259, 261, 264, 264, 261, 260, 262,
    260, 262, 262, 260, 262, 262, 261, 264, 262, 263, 266, 264, 261, 264,
    263, 263, 264, 265, 262, 265, 262, 263, 266, 264, 264, 264, 266, 265,
    264, 264, 265, 266, 263, 263, 267, 263, 265, 267, 265, 265, 264, 267,
    263, 264, 266, 265, 266 ]
headPositionsY: [ 70, 75, 78, 80, 79, 76, 76, 69, 67, 66, 64, 61, 60, 66,
    65, 70, 74, 80, 83, 88, 89, 85, 86, 79, 80, 77, 71, 68, 65, 65, 65,
    65, 64, 66, 66, 73, 72, 78, 81, 84, 83, 83, 79, 79, 76, 75, 72, 73,
    74, 70, 73, 76, 74, 80, 80, 81, 75, 76, 73, 72, 72, 69, 69, 72, 73,
    74, 75, 75, 76, 76, 74, 73, 74, 73, 71, 68, 72, 69, 71, 72, 73, 75,
    73, 75, 75, 74, 74, 70, 71, 70, 75, 71, 72, 72, 75, 74, 74, 70, 72,
    74 ]
