%YAML:1.0
---
videoName: "headNod21.mp4"
gestureLabel: 202
fps: 29
pixelSizeInCmTemp: 3.2808219178082193e-01
faceCenterPointX: 253
faceCenterPointY: 78
headPositionsX: [ 252, 255, 254, 256, 253, 255, 253, 256, 254, 255, 254,
    257, 255, 255, 254, 256, 257, 254, 253, 255, 257, 254, 257, 254, 256,
    257, 256, 254, 254, 253, 256, 258, 255, 257, 257, 257, 253, 256, 257,
    255, 255, 258, 257, 258, 254, 253, 252, 256, 255, 255, 255, 255, 255,
    255, 255, 256, 256, 255, 255, 255, 254, 254, 254, 253, 250, 250, 253,
    253, 250, 250, 254, 250, 253, 251, 250, 250, 249, 251, 249, 252, 248,
    251, 252, 250, 252, 253, 255, 254, 255, 251, 253, 251, 253, 255, 256,
    255, 255, 255, 253, 257 ]
headPositionsY: [ 79, 81, 80, 80, 80, 77, 78, 77, 79, 77, 79, 80, 77, 78,
    76, 79, 79, 81, 77, 79, 79, 79, 79, 77, 81, 77, 79, 81, 78, 80, 83,
    84, 84, 78, 78, 76, 77, 73, 76, 78, 81, 84, 84, 84, 81, 82, 76, 78,
    79, 75, 78, 84, 84, 81, 82, 82, 82, 79, 77, 77, 82, 79, 82, 84, 82,
    81, 77, 79, 78, 77, 75, 77, 82, 78, 80, 83, 82, 82, 81, 79, 76, 79,
    75, 77, 81, 79, 82, 80, 80, 78, 78, 78, 80, 78, 78, 79, 79, 81, 80,
    81 ]
