%YAML:1.0
---
videoName: "headNod22.mp4"
gestureLabel: 202
fps: 29
pixelSizeInCmTemp: 3.1513157894736843e-01
faceCenterPointX: 252
faceCenterPointY: 80
headPositionsX: [ 251, 252, 251, 253, 251, 253, 252, 256, 255, 251, 255,
    252, 251, 251, 254, 251, 252, 253, 254, 254, 251, 251, 254, 255, 251,
    253, 255, 254, 253, 252, 254, 252, 253, 253, 255, 254, 251, 253, 257,
    251, 254, 256, 253, 255, 254, 252, 253, 254, 254, 250, 253, 251, 251,
    249, 250, 251, 251, 253, 252, 253, 250, 254, 254, 251, 252, 254, 253,
    252, 252, 251, 254, 253, 254, 254, 252, 250, 254, 252, 254, 251, 253,
    254, 253, 252, 253, 251, 250, 249, 253, 251, 253, 254, 251, 250, 252,
    251, 251, 252, 251, 252 ]
headPositionsY: [ 79, 76, 81, 77, 79, 79, 77, 78, 79, 76, 76, 80, 77, 77,
    77, 77, 81, 77, 80, 80, 77, 79, 80, 78, 81, 81, 81, 85, 79, 81, 75,
    72, 70, 70, 70, 73, 74, 80, 80, 82, 84, 82, 79, 79, 72, 73, 69, 72,
    71, 75, 77, 79, 84, 84, 88, 84, 79, 80, 75, 75, 71, 70, 72, 73, 77,
    77, 82, 80, 79, 76, 74, 75, 77, 74, 78, 77, 81, 82, 81, 78, 76, 76,
    77, 77, 75, 81, 82, 83, 82, 79, 76, 78, 76, 78, 82, 81, 81, 82, 81,
    79 ]
