%YAML:1.0
---
videoName: "headNod11.mp4"
gestureLabel: 202
fps: 29
pixelSizeInCmTemp: 3.2364864864864862e-01
faceCenterPointX: 261
faceCenterPointY: 75
headPositionsX: [ 263, 259, 262, 259, 261, 258, 257, 260, 259, 260, 260,
    259, 257, 262, 261, 261, 261, 258, 258, 259, 259, 258, 258, 260, 260,
    261, 258, 261, 258, 261, 260, 259, 261, 259, 261, 259, 262, 262, 261,
    259, 260, 262, 258, 263, 261, 261, 259, 259, 262, 263, 260, 261, 260,
    263, 260, 262, 260, 260, 259, 258, 260, 260, 260, 257, 259, 257, 256,
    259, 255, 256, 257, 258, 256, 260, 257, 254, 255, 258, 258, 257, 260,
    256, 259, 262, 260, 261, 261, 260, 261, 258, 259, 260, 261, 261, 262,
    261, 258, 262, 262, 262 ]
headPositionsY: [ 76, 74, 76, 76, 76, 74, 73, 77, 75, 74, 75, 76, 76, 77,
    76, 75, 73, 73, 72, 76, 72, 76, 75, 75, 76, 77, 72, 76, 74, 78, 74,
    75, 74, 73, 74, 76, 77, 74, 74, 74, 75, 78, 75, 75, 76, 73, 75, 75,
    74, 70, 70, 66, 66, 68, 71, 73, 76, 75, 77, 79, 79, 81, 77, 73, 72,
    70, 66, 68, 72, 74, 76, 76, 77, 80, 82, 80, 81, 76, 78, 75, 71, 72,
    71, 74, 75, 74, 78, 78, 82, 81, 81, 78, 77, 76, 78, 77, 78, 77, 74,
    73 ]
