%YAML:1.0
---
videoName: "headNod30.mp4"
gestureLabel: 202
fps: 29
pixelSizeInCmTemp: 3.2364864864864862e-01
faceCenterPointX: 271
faceCenterPointY: 72
headPositionsX: [ 273, 270, 270, 270, 271, 273, 272, 270, 274, 271, 272,
    273, 272, 271, 272, 272, 271, 271, 271, 270, 271, 269, 273, 270, 273,
    274, 275, 272, 270, 270, 273, 272, 269, 273, 271, 271, 269, 273, 269,
    270, 270, 268, 272, 267, 271, 267, 270, 271, 269, 270, 267, 268, 270,
    270, 271, 270, 272, 271, 272, 273, 270, 271, 272, 272, 269, 273, 270,
    273, 271, 269, 273, 274, 272, 272, 272, 271, 273, 268, 271, 272, 268,
    269, 270, 270, 270, 270, 272, 270, 273, 271, 270, 271, 273, 271, 270,
    273, 272, 270, 273, 270 ]
headPositionsY: [ 74, 73, 76, 76, 78, 75, 73, 74, 74, 76, 73, 73, 77, 76,
    74, 78, 77, 74, 76, 75, 77, 74, 73, 71, 67, 69, 68, 66, 67, 70, 71,
    78, 79, 81, 84, 79, 78, 77, 73, 75, 73, 70, 69, 71, 74, 74, 76, 82,
    81, 77, 77, 76, 71, 72, 69, 72, 69, 70, 75, 76, 75, 75, 77, 77, 75,
    75, 70, 70, 68, 70, 69, 73, 72, 73, 73, 76, 73, 75, 72, 69, 72, 72,
    68, 68, 72, 71, 70, 73, 75, 71, 72, 74, 72, 71, 75, 73, 72, 71, 73,
    74 ]
