%YAML:1.0
---
videoName: "headNod28.mp4"
gestureLabel: 202
fps: 30
pixelSizeInCmTemp: 3.2364864864864862e-01
faceCenterPointX: 270
faceCenterPointY: 76
headPositionsX: [ 270, 271, 270, 273, 272, 273, 272, 271, 271, 273, 269,
    272, 272, 269, 269, 271, 270, 271, 272, 271, 269, 270, 268, 272, 268,
    269, 269, 268, 268, 269, 270, 273, 269, 270, 271, 272, 273, 268, 270,
    270, 272, 273, 268, 269, 267, 271, 271, 269, 271, 268, 269, 271, 269,
    270, 270, 271, 268, 270, 271, 270, 271, 272, 273, 269, 272, 271, 271,
    271, 269, 270, 269, 271, 273, 269, 272, 269, 275, 270, 268, 273, 273,
    271, 271, 271, 272, 271, 273, 273, 270, 271, 271, 274, 274, 273, 273,
    272, 270, 272, 270, 268 ]
headPositionsY: [ 76, 77, 77, 74, 77, 75, 73, 72, 76, 76, 75, 75, 77, 75,
    73, 73, 72, 74, 77, 77, 77, 74, 77, 74, 76, 73, 74, 75, 75, 76, 75,
    74, 75, 75, 73, 73, 76, 74, 75, 77, 75, 79, 78, 78, 82, 85, 83, 81,
    76, 75, 73, 73, 72, 72, 70, 71, 72, 75, 73, 78, 80, 82, 78, 81, 75,
    74, 71, 72, 74, 73, 75, 76, 76, 82, 80, 81, 78, 78, 73, 74, 73, 71,
    71, 74, 76, 78, 80, 76, 75, 76, 75, 75, 74, 74, 77, 79, 77, 77, 77,
    74 ]
