%YAML:1.0
---
videoName: "headNod0.mp4"
gestureLabel: 202
fps: 29
pixelSizeInCmTemp: 3.2364864864864862e-01
faceCenterPointX: 264
faceCenterPointY: 76
headPositionsX: [ 263, 269, 268, 266, 267, 267, 267, 266, 267, 267, 265,
    268, 266, 265, 267, 266, 266, 265, 264, 263, 264, 264, 264, 266, 265,
    266, 265, 267, 264, 263, 266, 266, 268, 266, 267, 267, 267, 267, 265,
    268, 267, 265, 267, 262, 263, 265, 263, 266, 263, 262, 263, 263, 266,
    267, 264, 265, 263, 266, 265, 266, 267, 265, 265, 268, 265, 266, 264,
    263, 265, 264, 265, 263, 264, 266, 263, 265, 264, 266, 262, 263, 265,
    263, 264, 265, 263, 262, 263, 265, 265, 262, 264, 266, 266, 264, 263,
    264, 265, 263, 267, 266 ]
headPositionsY: [ 75, 73, 71, 75, 72, 74, 74, 72, 75, 72, 75, 75, 72, 73,
    71, 73, 75, 74, 72, 75, 75, 72, 74, 74, 72, 74, 72, 72, 71, 71, 71,
    69, 67, 63, 64, 62, 63, 63, 62, 66, 69, 70, 73, 77, 78, 80, 82, 82,
    79, 79, 78, 74, 74, 69, 71, 67, 70, 67, 64, 67, 68, 73, 72, 73, 76,
    76, 79, 81, 78, 76, 76, 77, 72, 71, 67, 66, 65, 70, 67, 68, 68, 73,
    74, 74, 75, 76, 78, 80, 78, 77, 78, 78, 79, 78, 77, 75, 76, 74, 75,
    74 ]
