%YAML:1.0
---
videoName: "headNod4.mp4"
gestureLabel: 202
fps: 29
pixelSizeInCmTemp: 3.2808219178082193e-01
faceCenterPointX: 264
faceCenterPointY: 72
headPositionsX: [ 264, 269, 267, 272, 272, 270, 269, 270, 270, 269, 267,
    270, 270, 267, 267, 266, 269, 270, 267, 268, 266, 268, 266, 267, 267,
    268, 267, 269, 267, 267, 269, 269, 266, 266, 268, 269, 268, 265, 268,
    266, 270, 267, 267, 266, 268, 266, 269, 266, 269, 268, 266, 268, 269,
    268, 268, 265, 267, 267, 266, 266, 263, 264, 263, 265, 267, 266, 263,
    266, 265, 264, 265, 263, 264, 265, 262, 266, 263, 263, 268, 263, 263,
    264, 266, 263, 265, 265, 265, 266, 264, 266, 265, 266, 264, 265, 266,
    265, 264, 263, 266, 265 ]
headPositionsY: [ 74, 76, 76, 76, 76, 76, 75, 72, 77, 75, 74, 74, 77, 75,
    74, 73, 73, 73, 75, 73, 73, 73, 74, 75, 71, 74, 75, 77, 76, 74, 76,
    74, 73, 76, 77, 75, 74, 74, 74, 74, 75, 75, 72, 73, 74, 67, 70, 68,
    68, 65, 65, 71, 74, 77, 78, 78, 84, 81, 79, 77, 74, 71, 70, 71, 69,
    72, 73, 74, 78, 82, 85, 82, 82, 80, 75, 72, 68, 70, 69, 67, 71, 71,
    73, 78, 79, 82, 80, 83, 84, 84, 83, 78, 81, 76, 75, 77, 73, 73, 75,
    75 ]
