%YAML:1.0
---
videoName: "headNod11.mp4"
gestureLabel: 202
fps: 29
pixelSizeInCmTemp: 3.2364864864864862e-01
faceCenterPointX: 261
faceCenterPointY: 75
headPositionsX: [ 260, 257, 261, 260, 260, 261, 257, 261, 258, 259, 257,
    258, 257, 260, 257, 260, 257, 260, 261, 259, 262, 258, 258, 261, 261,
    263, 259, 260, 262, 262, 259, 261, 259, 258, 261, 259, 259, 259, 261,
    258, 260, 259, 262, 259, 259, 260, 262, 259, 259, 262, 259, 261, 263,
    263, 259, 263, 259, 261, 259, 261, 257, 257, 259, 260, 257, 256, 259,
    257, 259, 259, 256, 255, 258, 257, 259, 254, 256, 255, 257, 257, 260,
    258, 260, 259, 257, 257, 260, 261, 258, 258, 260, 259, 259, 258, 260,
    261, 261, 258, 261, 258 ]
headPositionsY: [ 76, 72, 74, 74, 76, 74, 73, 73, 75, 74, 76, 75, 76, 73,
    74, 73, 76, 76, 74, 76, 72, 73, 75, 76, 77, 76, 73, 73, 76, 77, 75,
    77, 74, 75, 74, 76, 77, 73, 74, 73, 76, 74, 76, 74, 77, 75, 74, 73,
    72, 70, 70, 69, 66, 67, 69, 73, 72, 77, 77, 79, 79, 81, 75, 71, 73,
    67, 68, 68, 70, 74, 74, 76, 80, 82, 84, 81, 79, 78, 74, 75, 70, 68,
    70, 74, 75, 74, 79, 80, 82, 79, 77, 78, 78, 78, 78, 78, 78, 75, 75,
    73 ]
