%YAML:1.0
---
videoName: "headNod28.mp4"
gestureLabel: 202
fps: 30
pixelSizeInCmTemp: 3.2364864864864862e-01
faceCenterPointX: 270
faceCenterPointY: 76
headPositionsX: [ 269, 270, 270, 272, 269, 271, 269, 270, 273, 272, 270,
    273, 271, 271, 269, 271, 271, 269, 270, 271, 269, 268, 271, 269, 269,
    271, 272, 270, 268, 268, 269, 273, 268, 273, 269, 273, 270, 267, 273,
    272, 268, 269, 270, 268, 270, 272, 270, 268, 269, 270, 268, 268, 267,
    271, 270, 273, 269, 272, 272, 268, 269, 270, 269, 269, 272, 271, 270,
    273, 272, 269, 270, 273, 269, 271, 272, 271, 272, 272, 272, 269, 272,
    272, 272, 269, 270, 272, 271, 270, 270, 269, 273, 271, 270, 273, 273,
    272, 268, 273, 269, 271 ]
headPositionsY: [ 77, 74, 74, 76, 77, 77, 74, 73, 73, 74, 73, 76, 76, 73,
    73, 75, 75, 77, 76, 77, 76, 73, 73, 73, 74, 72, 76, 77, 73, 74, 75,
    75, 73, 75, 76, 72, 74, 76, 72, 75, 76, 76, 77, 78, 82, 81, 79, 78,
    76, 76, 71, 75, 71, 73, 69, 73, 70, 75, 76, 77, 80, 80, 79, 79, 76,
    76, 71, 69, 74, 71, 74, 73, 76, 79, 82, 81, 80, 78, 73, 75, 72, 73,
    74, 74, 76, 76, 78, 78, 79, 76, 77, 76, 75, 74, 76, 76, 74, 78, 77,
    76 ]
