%YAML:1.0
---
videoName: "headNod15.mp4"
gestureLabel: 202
fps: 29
pixelSizeInCmTemp: 3.1933333333333330e-01
faceCenterPointX: 255
faceCenterPointY: 74
headPositionsX: [ 256, 259, 257, 258, 257, 258, 259, 258, 257, 256, 258,
    258, 257, 255, 258, 254, 256, 256, 256, 256, 255, 258, 256, 257, 257,
    257, 256, 255, 253, 255, 255, 257, 258, 253, 254, 257, 253, 253, 256,
    256, 258, 253, 257, 252, 254, 254, 254, 256, 254, 257, 257, 257, 257,
    255, 256, 254, 256, 254, 254, 253, 252, 254, 255, 254, 257, 258, 256,
    258, 254, 255, 254, 253, 257, 253, 256, 252, 253, 254, 252, 252, 255,
    252, 252, 256, 255, 253, 254, 254, 253, 254, 256, 254, 251, 253, 253,
    253, 252, 253, 253, 253 ]
headPositionsY: [ 75, 75, 75, 73, 71, 76, 75, 73, 74, 74, 71, 74, 74, 72,
    71, 73, 71, 73, 73, 75, 74, 76, 71, 71, 73, 72, 73, 75, 75, 71, 71,
    73, 75, 71, 76, 77, 78, 76, 82, 79, 84, 84, 79, 76, 73, 71, 69, 68,
    69, 72, 76, 79, 84, 83, 79, 80, 77, 71, 70, 72, 70, 71, 73, 80, 83,
    82, 81, 79, 79, 77, 72, 70, 72, 70, 73, 74, 76, 80, 79, 78, 73, 70,
    72, 69, 72, 70, 70, 73, 71, 75, 72, 73, 71, 73, 73, 71, 71, 71, 72,
    73 ]
