%YAML:1.0
---
videoName: "headNod22.mp4"
gestureLabel: 202
fps: 29
pixelSizeInCmTemp: 3.1513157894736843e-01
faceCenterPointX: 252
faceCenterPointY: 80
headPositionsX: [ 253, 254, 252, 251, 255, 254, 253, 252, 254, 251, 255,
    255, 252, 253, 254, 254, 254, 251, 255, 253, 252, 251, 255, 253, 251,
    253, 251, 253, 256, 256, 251, 256, 255, 253, 252, 254, 252, 257, 256,
    254, 253, 255, 252, 254, 253, 253, 255, 254, 251, 251, 254, 253, 250,
    250, 251, 250, 252, 252, 252, 255, 254, 253, 255, 253, 253, 254, 253,
    251, 251, 254, 251, 253, 252, 252, 254, 254, 253, 251, 250, 255, 251,
    252, 249, 255, 252, 255, 250, 250, 251, 250, 250, 251, 251, 252, 250,
    249, 250, 249, 253, 252 ]
headPositionsY: [ 80, 76, 78, 76, 80, 79, 76, 76, 80, 79, 78, 81, 76, 81,
    78, 80, 77, 76, 77, 79, 77, 81, 78, 78, 81, 81, 81, 84, 81, 79, 74,
    72, 73, 71, 69, 71, 76, 77, 78, 80, 87, 83, 78, 78, 74, 72, 71, 69,
    73, 75, 76, 80, 81, 83, 84, 83, 79, 78, 73, 72, 75, 71, 75, 73, 76,
    79, 78, 80, 80, 78, 78, 74, 75, 75, 77, 77, 82, 78, 80, 82, 77, 75,
    73, 78, 76, 78, 81, 81, 81, 77, 76, 80, 77, 80, 82, 79, 83, 80, 81,
    78 ]
