%YAML:1.0
---
videoName: "headNod15.mp4"
gestureLabel: 202
fps: 29
pixelSizeInCmTemp: 3.1933333333333330e-01
faceCenterPointX: 255
faceCenterPointY: 74
headPositionsX: [ 255, 257, 259, 256, 255, 257, 256, 257, 256, 259, 254,
    259, 255, 258, 258, 255, 257, 256, 256, 258, 256, 254, 254, 254, 257,
    255, 258, 256, 253, 254, 253, 256, 258, 252, 253, 255, 257, 253, 258,
    256, 258, 256, 257, 252, 253, 252, 257, 257, 256, 256, 256, 257, 257,
    255, 254, 252, 255, 252, 255, 255, 254, 257, 252, 255, 255, 258, 259,
    258, 255, 256, 254, 254, 257, 256, 253, 255, 253, 255, 253, 255, 252,
    251, 253, 256, 256, 255, 252, 255, 255, 253, 254, 255, 253, 256, 255,
    253, 254, 253, 256, 256 ]
headPositionsY: [ 76, 72, 74, 71, 73, 73, 72, 75, 71, 73, 73, 73, 71, 72,
    75, 75, 74, 76, 74, 74, 74, 74, 72, 75, 72, 75, 72, 72, 72, 72, 74,
    72, 72, 72, 75, 77, 76, 78, 78, 79, 83, 80, 81, 79, 76, 73, 71, 70,
    70, 76, 78, 80, 82, 83, 81, 79, 76, 74, 70, 70, 68, 71, 73, 81, 80,
    85, 82, 82, 77, 76, 71, 72, 71, 72, 74, 75, 74, 76, 76, 76, 76, 70,
    69, 70, 68, 72, 72, 73, 72, 76, 75, 73, 73, 72, 71, 72, 71, 71, 73,
    73 ]
