%YAML:1.0
---
videoName: "headNod41.mp4"
gestureLabel: 202
fps: 29
pixelSizeInCmTemp: 2.9937500000000000e-01
faceCenterPointX: 267
faceCenterPointY: 76
headPositionsX: [ 269, 270, 271, 268, 271, 270, 271, 270, 272, 272, 269,
    271, 270, 269, 268, 269, 272, 270, 270, 270, 272, 273, 269, 269, 272,
    269, 267, 268, 269, 268, 268, 272, 271, 268, 269, 267, 272, 272, 272,
    268, 268, 271, 269, 269, 268, 268, 268, 269, 268, 268, 265, 267, 271,
    268, 267, 270, 269, 270, 269, 270, 271, 270, 268, 269, 266, 268, 268,
    267, 268, 270, 266, 268, 266, 268, 270, 269, 267, 266, 268, 267, 270,
    266, 270, 268, 268, 265, 268, 269, 269, 270, 266, 269, 268, 266, 269,
    266, 266, 265, 267, 266 ]
headPositionsY: [ 75, 73, 72, 75, 71, 75, 72, 75, 75, 75, 74, 74, 75, 75,
    72, 74, 73, 72, 73, 74, 76, 75, 76, 72, 72, 74, 75, 72, 76, 76, 72,
    72, 72, 72, 76, 74, 74, 76, 76, 79, 80, 83, 84, 90, 93, 91, 91, 86,
    86, 77, 77, 72, 72, 64, 66, 65, 65, 69, 72, 79, 80, 88, 94, 91, 92,
    90, 86, 79, 78, 76, 73, 71, 70, 70, 71, 76, 79, 85, 83, 84, 82, 78,
    74, 75, 74, 73, 76, 76, 75, 74, 80, 81, 80, 80, 80, 80, 76, 76, 77,
    78 ]
