%YAML:1.0
---
videoName: "headNod10.mp4"
gestureLabel: 202
fps: 29
pixelSizeInCmTemp: 3.2808219178082193e-01
faceCenterPointX: 260
faceCenterPointY: 67
headPositionsX: [ 262, 260, 261, 257, 259, 260, 259, 259, 256, 259, 259,
    260, 260, 258, 259, 258, 260, 257, 259, 259, 258, 256, 260, 258, 261,
    258, 260, 258, 256, 259, 258, 258, 258, 257, 260, 261, 259, 260, 261,
    261, 258, 258, 257, 259, 259, 261, 260, 262, 260, 262, 263, 260, 262,
    261, 261, 258, 258, 258, 260, 262, 259, 261, 260, 263, 257, 259, 260,
    257, 257, 262, 256, 257, 256, 260, 261, 261, 257, 259, 261, 257, 256,
    259, 259, 258, 260, 257, 257, 257, 262, 258, 257, 258, 257, 261, 261,
    259, 258, 259, 258, 259 ]
headPositionsY: [ 66, 69, 72, 72, 69, 72, 69, 68, 68, 71, 69, 69, 68, 68,
    70, 67, 71, 68, 72, 68, 68, 70, 69, 72, 71, 71, 72, 68, 69, 68, 69,
    70, 72, 71, 70, 70, 71, 69, 71, 71, 73, 74, 69, 72, 66, 67, 65, 62,
    61, 65, 65, 65, 69, 72, 73, 72, 73, 69, 67, 66, 67, 62, 64, 67, 66,
    71, 69, 76, 75, 74, 76, 73, 68, 67, 64, 65, 64, 68, 71, 73, 74, 74,
    74, 72, 73, 70, 66, 66, 66, 65, 66, 68, 64, 64, 65, 68, 67, 66, 65,
    69 ]
