%YAML:1.0
---
videoName: "headNod43.mp4"
gestureLabel: 202
fps: 29
pixelSizeInCmTemp: 2.8855421686746985e-01
faceCenterPointX: 268
faceCenterPointY: 74
headPositionsX: [ 270, 270, 270, 269, 271, 268, 269, 267, 271, 267, 268,
    270, 269, 270, 270, 267, 267, 270, 270, 268, 269, 270, 270, 270, 269,
    269, 265, 266, 268, 264, 265, 263, 263, 265, 267, 265, 266, 264, 266,
    263, 263, 262, 265, 262, 263, 265, 264, 265, 268, 263, 263, 266, 264,
    262, 263, 265, 264, 266, 263, 264, 265, 264, 266, 266, 266, 265, 267,
    264, 266, 269, 269, 269, 267, 269, 269, 265, 267, 267, 267, 269, 268,
    268, 270, 266, 270, 269, 268, 270, 269, 270, 268, 267, 269, 270, 269,
    271, 270, 270, 267, 270 ]
headPositionsY: [ 75, 76, 77, 76, 77, 78, 75, 76, 74, 75, 74, 76, 73, 75,
    78, 74, 76, 76, 75, 76, 77, 77, 77, 74, 75, 78, 82, 85, 89, 88, 89,
    89, 89, 85, 81, 76, 78, 78, 80, 86, 87, 93, 91, 89, 83, 83, 82, 81,
    80, 85, 90, 90, 92, 91, 88, 86, 83, 83, 83, 84, 85, 88, 89, 88, 92,
    84, 82, 80, 77, 80, 78, 82, 82, 86, 90, 90, 89, 86, 84, 83, 77, 73,
    72, 73, 75, 72, 74, 72, 73, 73, 72, 73, 72, 74, 74, 72, 75, 72, 73,
    73 ]
