%YAML:1.0
---
videoName: "headNod22.mp4"
gestureLabel: 202
fps: 29
pixelSizeInCmTemp: 3.1513157894736843e-01
faceCenterPointX: 252
faceCenterPointY: 80
headPositionsX: [ 251, 250, 251, 253, 251, 254, 251, 255, 252, 253, 251,
    253, 252, 253, 255, 254, 252, 255, 255, 253, 251, 252, 251, 252, 251,
    254, 254, 254, 254, 254, 251, 253, 252, 256, 256, 257, 252, 255, 256,
    251, 252, 253, 253, 256, 254, 252, 252, 251, 251, 250, 252, 254, 250,
    252, 253, 253, 250, 252, 253, 254, 253, 253, 255, 251, 254, 251, 252,
    252, 253, 250, 255, 252, 251, 252, 250, 251, 251, 253, 250, 254, 254,
    250, 252, 252, 253, 253, 253, 252, 252, 254, 253, 251, 254, 250, 251,
    251, 251, 253, 253, 249 ]
headPositionsY: [ 81, 78, 78, 76, 77, 75, 76, 80, 80, 76, 78, 79, 77, 77,
    79, 79, 79, 76, 77, 81, 80, 78, 80, 78, 80, 83, 82, 84, 79, 77, 74,
    74, 70, 69, 72, 74, 76, 79, 82, 83, 86, 82, 80, 76, 76, 73, 72, 71,
    73, 75, 74, 81, 81, 85, 87, 81, 83, 76, 77, 73, 71, 71, 72, 72, 74,
    77, 79, 80, 81, 77, 76, 76, 75, 74, 78, 77, 80, 80, 80, 81, 78, 78,
    75, 79, 77, 78, 82, 80, 82, 80, 77, 77, 79, 79, 79, 82, 80, 82, 81,
    79 ]
