%YAML:1.0
---
videoName: "headNod27.mp4"
gestureLabel: 202
fps: 29
pixelSizeInCmTemp: 3.0705128205128202e-01
faceCenterPointX: 271
faceCenterPointY: 77
headPositionsX: [ 273, 271, 272, 269, 272, 272, 272, 273, 273, 275, 270,
    273, 274, 271, 272, 273, 272, 273, 274, 274, 271, 270, 271, 272, 271,
    274, 274, 272, 273, 272, 270, 272, 273, 270, 268, 270, 268, 271, 271,
    269, 267, 269, 270, 269, 270, 270, 272, 268, 267, 270, 270, 267, 267,
    271, 271, 272, 268, 270, 268, 270, 269, 270, 268, 269, 269, 268, 268,
    265, 270, 267, 270, 269, 267, 270, 268, 271, 268, 270, 270, 270, 268,
    268, 271, 268, 267, 268, 272, 268, 271, 269, 273, 271, 273, 272, 268,
    272, 269, 271, 271, 268 ]
headPositionsY: [ 76, 73, 74, 72, 75, 72, 73, 73, 73, 73, 71, 76, 73, 75,
    76, 75, 74, 73, 74, 77, 73, 73, 67, 68, 67, 64, 65, 63, 64, 66, 71,
    78, 82, 81, 83, 82, 83, 77, 75, 71, 66, 69, 67, 67, 71, 69, 77, 77,
    79, 81, 78, 79, 75, 70, 68, 72, 72, 72, 76, 75, 77, 82, 84, 84, 79,
    79, 73, 74, 74, 74, 72, 72, 74, 79, 76, 81, 81, 80, 76, 73, 74, 71,
    69, 70, 71, 74, 75, 79, 81, 81, 78, 80, 79, 78, 78, 76, 74, 75, 76,
    76 ]
