%YAML:1.0
---
videoName: "headNod14.mp4"
gestureLabel: 202
fps: 29
pixelSizeInCmTemp: 3.2808219178082193e-01
faceCenterPointX: 257
faceCenterPointY: 71
headPositionsX: [ 259, 259, 258, 256, 257, 256, 258, 260, 255, 257, 258,
    258, 261, 260, 257, 259, 260, 258, 257, 258, 258, 257, 259, 259, 258,
    261, 258, 257, 261, 257, 257, 259, 260, 258, 259, 258, 260, 257, 256,
    258, 259, 261, 259, 257, 258, 257, 262, 258, 259, 261, 257, 259, 261,
    258, 260, 256, 261, 259, 259, 257, 261, 257, 258, 260, 257, 259, 258,
    259, 260, 256, 258, 259, 258, 258, 257, 257, 258, 256, 258, 257, 257,
    259, 256, 257, 260, 257, 258, 257, 260, 254, 257, 258, 260, 257, 257,
    256, 258, 255, 256, 258 ]
headPositionsY: [ 72, 79, 77, 75, 78, 77, 75, 78, 78, 75, 77, 77, 76, 79,
    79, 75, 77, 75, 78, 75, 76, 75, 75, 79, 77, 79, 79, 76, 76, 80, 76,
    77, 80, 79, 76, 78, 76, 78, 78, 76, 74, 72, 73, 70, 70, 69, 68, 72,
    70, 75, 73, 79, 79, 80, 84, 82, 79, 79, 75, 73, 74, 72, 70, 69, 71,
    71, 74, 78, 77, 80, 79, 82, 79, 75, 76, 74, 70, 68, 70, 70, 72, 71,
    74, 77, 79, 79, 82, 77, 76, 73, 73, 72, 69, 71, 71, 70, 69, 69, 69,
    72 ]
