%YAML:1.0
---
videoName: "headNod25.mp4"
gestureLabel: 202
fps: 29
pixelSizeInCmTemp: 3.1933333333333330e-01
faceCenterPointX: 270
faceCenterPointY: 75
headPositionsX: [ 270, 270, 269, 269, 274, 268, 272, 272, 268, 271, 267,
    270, 267, 270, 271, 267, 272, 271, 273, 273, 271, 273, 274, 271, 272,
    273, 271, 273, 273, 272, 271, 271, 273, 273, 272, 271, 270, 272, 273,
    274, 270, 272, 269, 273, 271, 273, 271, 272, 273, 271, 269, 273, 271,
    273, 272, 271, 271, 271, 270, 271, 270, 270, 273, 273, 270, 273, 271,
    270, 268, 272, 270, 272, 269, 272, 271, 273, 270, 271, 270, 270, 270,
    273, 273, 268, 268, 269, 271, 273, 270, 270, 269, 269, 271, 270, 270,
    269, 270, 272, 268, 269 ]
headPositionsY: [ 74, 74, 75, 72, 71, 74, 72, 73, 72, 73, 75, 75, 73, 73,
    74, 74, 74, 72, 75, 77, 77, 73, 73, 74, 72, 76, 73, 75, 76, 72, 76,
    74, 76, 72, 75, 77, 77, 74, 76, 75, 72, 75, 72, 78, 73, 76, 73, 74,
    75, 70, 70, 67, 66, 63, 63, 63, 65, 69, 66, 67, 72, 76, 77, 81, 85,
    86, 90, 86, 82, 82, 77, 74, 74, 69, 69, 66, 67, 67, 72, 71, 76, 79,
    78, 82, 81, 78, 80, 77, 76, 77, 78, 78, 74, 75, 74, 77, 76, 75, 73,
    77 ]
