%YAML:1.0
---
videoName: "headNod46.mp4"
gestureLabel: 202
fps: 30
pixelSizeInCmTemp: 2.8511904761904761e-01
faceCenterPointX: 264
faceCenterPointY: 72
headPositionsX: [ 262, 265, 265, 266, 266, 265, 264, 265, 265, 265, 265,
    261, 264, 266, 266, 263, 262, 265, 262, 266, 265, 265, 262, 264, 268,
    268, 265, 267, 268, 267, 267, 266, 267, 265, 263, 261, 262, 260, 263,
    263, 262, 261, 263, 265, 262, 263, 263, 262, 262, 262, 262, 263, 261,
    264, 263, 265, 263, 264, 265, 261, 261, 262, 262, 264, 263, 263, 263,
    261, 266, 265, 264, 262, 264, 266, 263, 264, 266, 264, 264, 264, 265,
    261, 264, 263, 263, 265, 263, 265, 264, 264, 262, 264, 261, 263, 261,
    265, 265, 263, 264, 262 ]
headPositionsY: [ 70, 68, 68, 68, 70, 71, 68, 70, 74, 72, 74, 76, 79, 85,
    86, 87, 91, 90, 86, 85, 80, 73, 74, 72, 72, 69, 69, 72, 71, 77, 81,
    85, 87, 90, 86, 82, 80, 77, 74, 67, 67, 69, 68, 72, 72, 78, 81, 84,
    87, 84, 79, 77, 77, 71, 70, 65, 65, 66, 69, 73, 71, 79, 77, 78, 76,
    73, 74, 69, 71, 67, 69, 72, 73, 75, 77, 75, 76, 73, 74, 71, 73, 67,
    69, 71, 72, 73, 75, 76, 75, 71, 74, 73, 72, 70, 71, 71, 73, 74, 72,
    72 ]
