%YAML:1.0
---
videoName: "headNod27.mp4"
gestureLabel: 202
fps: 29
pixelSizeInCmTemp: 3.0705128205128202e-01
faceCenterPointX: 271
faceCenterPointY: 77
headPositionsX: [ 273, 273, 273, 272, 270, 274, 271, 274, 273, 275, 270,
    274, 271, 269, 274, 271, 270, 270, 271, 272, 274, 271, 273, 274, 270,
    271, 275, 273, 273, 273, 273, 273, 271, 270, 272, 271, 268, 269, 269,
    269, 271, 268, 269, 267, 271, 270, 272, 268, 267, 271, 269, 270, 268,
    271, 268, 271, 271, 269, 270, 270, 269, 270, 269, 269, 269, 268, 269,
    266, 270, 267, 270, 271, 270, 270, 267, 269, 268, 268, 269, 270, 269,
    269, 271, 267, 269, 271, 268, 269, 269, 272, 271, 273, 273, 273, 272,
    272, 268, 270, 272, 269 ]
headPositionsY: [ 75, 75, 75, 71, 72, 74, 72, 74, 76, 74, 73, 74, 74, 74,
    72, 75, 76, 75, 73, 76, 74, 71, 70, 68, 63, 62, 63, 66, 63, 69, 69,
    77, 83, 82, 86, 82, 80, 76, 76, 71, 68, 70, 69, 67, 68, 70, 76, 75,
    81, 80, 80, 77, 72, 73, 71, 68, 73, 73, 75, 75, 80, 80, 84, 82, 81,
    77, 77, 76, 74, 72, 73, 71, 73, 78, 79, 79, 78, 80, 75, 71, 73, 72,
    73, 68, 73, 72, 76, 78, 81, 78, 77, 79, 76, 75, 75, 79, 77, 76, 76,
    74 ]
