%YAML:1.0
---
videoName: "headNod34.mp4"
gestureLabel: 202
fps: 29
pixelSizeInCmTemp: 2.9567901234567900e-01
faceCenterPointX: 266
faceCenterPointY: 78
headPositionsX: [ 268, 266, 269, 266, 267, 267, 270, 267, 270, 268, 268,
    268, 267, 269, 268, 271, 267, 269, 268, 267, 267, 271, 268, 270, 268,
    268, 271, 270, 268, 271, 268, 270, 267, 270, 270, 268, 267, 269, 271,
    270, 272, 270, 272, 268, 272, 270, 271, 269, 268, 270, 269, 268, 270,
    270, 270, 270, 269, 269, 271, 271, 269, 270, 271, 268, 270, 271, 270,
    270, 270, 268, 269, 270, 268, 265, 266, 268, 268, 266, 264, 268, 268,
    267, 267, 267, 267, 263, 268, 266, 265, 265, 267, 265, 266, 268, 267,
    268, 265, 266, 267, 265 ]
headPositionsY: [ 78, 78, 77, 75, 79, 74, 78, 74, 77, 76, 78, 75, 76, 75,
    76, 75, 75, 78, 78, 76, 77, 74, 75, 75, 78, 77, 78, 78, 78, 74, 74,
    76, 74, 75, 74, 77, 76, 72, 74, 72, 72, 73, 72, 75, 81, 82, 89, 88,
    88, 82, 81, 75, 72, 73, 72, 73, 74, 77, 82, 81, 84, 84, 81, 80, 79,
    79, 78, 77, 79, 79, 83, 82, 87, 84, 84, 81, 80, 75, 79, 76, 80, 81,
    81, 85, 83, 83, 80, 77, 79, 77, 77, 80, 76, 78, 80, 82, 80, 78, 78,
    79 ]
