%YAML:1.0
---
videoName: "headNod35.mp4"
gestureLabel: 202
fps: 30
pixelSizeInCmTemp: 2.9937500000000000e-01
faceCenterPointX: 268
faceCenterPointY: 78
headPositionsX: [ 266, 267, 269, 270, 267, 270, 268, 270, 268, 270, 270,
    272, 271, 269, 271, 271, 268, 271, 271, 268, 268, 269, 271, 270, 269,
    272, 272, 268, 268, 270, 271, 269, 270, 272, 269, 269, 272, 269, 266,
    266, 267, 268, 267, 269, 267, 270, 268, 269, 269, 267, 271, 271, 267,
    267, 270, 269, 268, 269, 268, 266, 267, 267, 266, 269, 268, 270, 269,
    270, 271, 268, 269, 267, 267, 267, 269, 268, 266, 271, 270, 269, 268,
    268, 268, 267, 268, 265, 267, 267, 268, 264, 268, 266, 269, 269, 265,
    269, 266, 267, 266, 268 ]
headPositionsY: [ 76, 74, 76, 77, 76, 77, 76, 74, 76, 77, 78, 77, 77, 75,
    78, 78, 78, 76, 74, 77, 79, 76, 76, 78, 77, 76, 74, 72, 71, 70, 68,
    68, 67, 71, 68, 74, 77, 84, 90, 92, 95, 89, 90, 85, 78, 76, 74, 73,
    76, 77, 75, 78, 84, 85, 89, 87, 89, 82, 81, 80, 75, 74, 74, 73, 72,
    76, 79, 83, 83, 86, 88, 84, 82, 79, 78, 76, 76, 74, 78, 78, 80, 81,
    86, 88, 87, 85, 84, 84, 83, 82, 77, 78, 80, 79, 76, 76, 81, 77, 79,
    76 ]
