%YAML:1.0
---
videoName: "headNod15.mp4"
gestureLabel: 202
fps: 29
pixelSizeInCmTemp: 3.1933333333333330e-01
faceCenterPointX: 255
faceCenterPointY: 74
headPositionsX: [ 254, 255, 257, 258, 258, 257, 258, 256, 258, 257, 255,
    257, 255, 259, 254, 256, 258, 256, 256, 258, 258, 255, 253, 256, 258,
    255, 254, 254, 256, 254, 254, 256, 254, 253, 254, 256, 256, 257, 255,
    255, 257, 256, 256, 252, 253, 252, 255, 255, 253, 253, 257, 256, 257,
    253, 255, 256, 256, 252, 253, 254, 255, 257, 254, 253, 255, 255, 258,
    257, 254, 255, 256, 253, 255, 256, 255, 254, 254, 255, 255, 251, 254,
    254, 255, 255, 256, 256, 253, 252, 253, 254, 256, 252, 255, 256, 252,
    257, 255, 255, 252, 256 ]
headPositionsY: [ 76, 76, 76, 74, 72, 72, 75, 75, 72, 76, 74, 76, 75, 74,
    72, 76, 73, 73, 71, 72, 74, 72, 74, 74, 73, 71, 72, 75, 74, 71, 71,
    73, 74, 72, 74, 77, 78, 80, 79, 82, 83, 82, 79, 75, 76, 71, 69, 72,
    72, 76, 76, 81, 83, 80, 78, 76, 73, 72, 73, 71, 72, 74, 75, 80, 81,
    84, 85, 80, 77, 74, 73, 71, 69, 70, 71, 74, 77, 76, 77, 74, 74, 73,
    69, 71, 71, 68, 72, 73, 75, 72, 75, 75, 73, 72, 74, 71, 71, 74, 72,
    74 ]
