%YAML:1.0
---
videoName: "headNod42.mp4"
gestureLabel: 202
fps: 30
pixelSizeInCmTemp: 3.0316455696202532e-01
faceCenterPointX: 265
faceCenterPointY: 77
headPositionsX: [ 265, 267, 270, 269, 267, 270, 269, 268, 270, 271, 271,
    270, 268, 267, 266, 270, 271, 268, 269, 271, 269, 268, 269, 270, 269,
    269, 266, 266, 266, 264, 265, 267, 267, 264, 268, 267, 267, 267, 267,
    266, 268, 267, 263, 266, 266, 264, 266, 267, 263, 263, 267, 262, 265,
    264, 267, 266, 264, 263, 263, 264, 266, 266, 265, 263, 265, 266, 264,
    267, 264, 265, 265, 264, 264, 267, 264, 266, 267, 265, 266, 264, 268,
    267, 264, 265, 265, 267, 267, 264, 264, 266, 266, 265, 265, 268, 264,
    267, 267, 265, 265, 267 ]
headPositionsY: [ 77, 73, 76, 74, 75, 78, 77, 75, 76, 77, 75, 75, 75, 77,
    78, 68, 69, 67, 66, 67, 65, 70, 70, 75, 77, 85, 88, 92, 91, 89, 90,
    86, 77, 75, 74, 67, 70, 68, 67, 70, 73, 76, 80, 84, 86, 83, 81, 77,
    72, 71, 69, 70, 71, 73, 76, 78, 83, 84, 86, 83, 84, 80, 80, 75, 76,
    76, 76, 75, 75, 75, 75, 81, 81, 82, 81, 81, 76, 77, 75, 75, 73, 73,
    75, 78, 77, 82, 81, 83, 81, 79, 82, 79, 76, 77, 80, 78, 80, 78, 76,
    80 ]
