%YAML:1.0
---
videoName: "headNod41.mp4"
gestureLabel: 202
fps: 29
pixelSizeInCmTemp: 2.9937500000000000e-01
faceCenterPointX: 267
faceCenterPointY: 76
headPositionsX: [ 266, 267, 268, 268, 269, 268, 269, 269, 272, 271, 269,
    269, 271, 271, 270, 272, 272, 270, 270, 271, 270, 270, 270, 270, 268,
    267, 269, 268, 268, 268, 269, 270, 268, 272, 271, 270, 270, 270, 269,
    267, 272, 269, 271, 267, 271, 269, 267, 270, 269, 268, 269, 268, 267,
    268, 271, 271, 268, 267, 271, 267, 267, 268, 270, 270, 266, 267, 269,
    268, 266, 270, 270, 268, 269, 269, 268, 267, 265, 265, 268, 266, 268,
    267, 267, 268, 268, 266, 266, 266, 269, 267, 266, 266, 267, 269, 265,
    265, 266, 265, 268, 269 ]
headPositionsY: [ 78, 73, 75, 72, 71, 71, 75, 72, 72, 71, 75, 72, 73, 75,
    74, 72, 74, 72, 76, 76, 75, 75, 72, 76, 73, 72, 74, 74, 75, 76, 75,
    74, 76, 71, 73, 72, 75, 73, 77, 79, 81, 83, 84, 90, 93, 91, 90, 87,
    86, 79, 76, 72, 70, 65, 66, 67, 64, 70, 71, 76, 83, 85, 92, 95, 90,
    90, 87, 80, 78, 73, 75, 72, 71, 69, 72, 76, 78, 83, 84, 86, 80, 80,
    78, 72, 73, 74, 76, 75, 72, 76, 80, 80, 80, 81, 81, 77, 76, 76, 75,
    76 ]
