%YAML:1.0
---
videoName: "headNod25.mp4"
gestureLabel: 202
fps: 29
pixelSizeInCmTemp: 3.1933333333333330e-01
faceCenterPointX: 270
faceCenterPointY: 75
headPositionsX: [ 268, 270, 270, 271, 272, 272, 270, 268, 270, 271, 271,
    269, 267, 268, 270, 269, 268, 271, 273, 270, 272, 271, 274, 273, 271,
    272, 273, 272, 273, 273, 273, 273, 270, 272, 274, 274, 273, 273, 271,
    272, 269, 273, 270, 273, 269, 272, 271, 274, 270, 269, 269, 270, 271,
    270, 274, 270, 273, 272, 271, 270, 269, 269, 272, 273, 273, 273, 267,
    269, 271, 271, 267, 271, 273, 271, 272, 269, 270, 269, 271, 271, 271,
    270, 272, 269, 268, 271, 273, 271, 272, 273, 272, 270, 272, 270, 269,
    269, 271, 269, 269, 268 ]
headPositionsY: [ 73, 72, 75, 76, 74, 74, 73, 76, 73, 72, 72, 76, 74, 73,
    75, 74, 73, 73, 73, 77, 76, 72, 72, 77, 74, 72, 77, 76, 73, 76, 74,
    77, 76, 72, 75, 74, 73, 73, 76, 73, 74, 74, 76, 76, 72, 77, 75, 75,
    75, 73, 70, 70, 67, 64, 64, 65, 68, 69, 70, 71, 70, 75, 80, 82, 87,
    87, 88, 86, 82, 79, 76, 77, 70, 71, 70, 67, 67, 70, 73, 71, 72, 76,
    79, 78, 81, 81, 80, 77, 78, 79, 77, 75, 73, 76, 75, 74, 76, 76, 76,
    73 ]
