%YAML:1.0
---
videoName: "headNod30.mp4"
gestureLabel: 202
fps: 29
pixelSizeInCmTemp: 3.2364864864864862e-01
faceCenterPointX: 271
faceCenterPointY: 72
headPositionsX: [ 272, 273, 269, 273, 274, 271, 269, 271, 273, 269, 273,
    273, 273, 274, 273, 270, 272, 272, 271, 272, 274, 270, 271, 272, 270,
    270, 273, 271, 274, 274, 271, 272, 270, 272, 271, 270, 272, 273, 270,
    269, 269, 271, 270, 268, 268, 269, 271, 271, 268, 268, 268, 269, 267,
    272, 269, 269, 268, 272, 273, 273, 272, 272, 269, 270, 271, 274, 272,
    271, 271, 268, 271, 272, 271, 272, 270, 270, 271, 269, 271, 270, 270,
    273, 269, 273, 270, 271, 269, 269, 271, 274, 272, 273, 270, 272, 269,
    272, 270, 273, 272, 270 ]
headPositionsY: [ 71, 77, 77, 75, 78, 75, 75, 78, 76, 77, 73, 75, 73, 74,
    78, 76, 75, 77, 76, 74, 76, 74, 72, 72, 66, 69, 67, 67, 67, 72, 71,
    75, 78, 83, 81, 80, 80, 76, 76, 74, 71, 72, 70, 72, 74, 74, 79, 81,
    78, 80, 77, 76, 74, 73, 70, 69, 72, 72, 74, 77, 74, 74, 75, 76, 73,
    76, 71, 70, 69, 71, 70, 72, 71, 75, 72, 72, 77, 75, 72, 73, 70, 71,
    71, 70, 72, 69, 73, 74, 73, 71, 75, 72, 75, 73, 72, 75, 72, 74, 74,
    74 ]
