%YAML:1.0
---
videoName: "headNod29.mp4"
gestureLabel: 202
fps: 29
pixelSizeInCmTemp: 3.1933333333333330e-01
faceCenterPointX: 271
faceCenterPointY: 70
headPositionsX: [ 273, 274, 272, 274, 273, 274, 271, 271, 275, 271, 275,
    271, 274, 271, 273, 272, 273, 273, 271, 271, 270, 275, 274, 274, 274,
    272, 271, 270, 269, 270, 272, 272, 272, 269, 273, 273, 272, 270, 270,
    272, 271, 269, 268, 271, 273, 273, 269, 269, 271, 270, 270, 270, 270,
    272, 273, 273, 269, 269, 270, 271, 271, 268, 270, 273, 269, 271, 272,
    268, 270, 271, 269, 270, 271, 269, 271, 272, 272, 270, 273, 274, 272,
    272, 271, 273, 273, 271, 269, 269, 273, 270, 272, 269, 272, 270, 270,
    270, 273, 272, 271, 271 ]
headPositionsY: [ 69, 72, 72, 75, 73, 77, 76, 80, 79, 80, 80, 77, 77, 77,
    70, 71, 70, 66, 68, 69, 69, 66, 69, 71, 74, 77, 76, 81, 81, 82, 79,
    78, 74, 75, 70, 74, 71, 72, 73, 72, 77, 79, 79, 79, 81, 79, 78, 76,
    72, 71, 73, 73, 74, 78, 79, 84, 81, 80, 80, 74, 74, 75, 75, 76, 79,
    79, 81, 78, 77, 72, 72, 70, 68, 69, 70, 71, 73, 76, 74, 75, 78, 75,
    72, 73, 73, 72, 70, 71, 69, 71, 70, 68, 68, 71, 71, 69, 71, 71, 71,
    72 ]
