%YAML:1.0
---
videoName: "headNod37.mp4"
gestureLabel: 202
fps: 29
pixelSizeInCmTemp: 2.9207317073170730e-01
faceCenterPointX: 269
faceCenterPointY: 78
headPositionsX: [ 269, 273, 269, 273, 268, 270, 269, 267, 269, 270, 269,
    271, 273, 270, 271, 268, 269, 268, 269, 267, 270, 269, 271, 266, 268,
    270, 270, 271, 268, 268, 272, 268, 269, 271, 269, 267, 268, 272, 270,
    270, 270, 271, 271, 270, 270, 270, 270, 269, 271, 269, 267, 270, 272,
    272, 269, 270, 269, 271, 268, 271, 271, 271, 268, 266, 268, 264, 264,
    268, 267, 267, 269, 268, 265, 266, 267, 267, 270, 268, 271, 271, 272,
    269, 269, 272, 269, 271, 270, 270, 271, 268, 270, 271, 269, 269, 271,
    271, 269, 270, 269, 269 ]
headPositionsY: [ 78, 76, 73, 76, 77, 77, 76, 74, 74, 74, 76, 74, 77, 74,
    77, 74, 75, 77, 75, 73, 74, 76, 74, 75, 77, 76, 75, 78, 75, 77, 77,
    75, 75, 77, 76, 77, 75, 75, 75, 77, 76, 74, 76, 75, 75, 76, 76, 75,
    79, 74, 76, 73, 74, 72, 69, 65, 66, 67, 69, 67, 70, 71, 79, 85, 85,
    86, 88, 84, 83, 80, 75, 72, 69, 69, 68, 67, 63, 66, 69, 69, 70, 72,
    79, 80, 82, 82, 80, 80, 81, 82, 79, 80, 77, 75, 80, 79, 76, 79, 77,
    76 ]
