%YAML:1.0
---
videoName: "headNod12.mp4"
gestureLabel: 202
fps: 29
pixelSizeInCmTemp: 3.2808219178082193e-01
faceCenterPointX: 254
faceCenterPointY: 69
headPositionsX: [ 253, 251, 253, 254, 254, 254, 253, 251, 257, 256, 256,
    257, 257, 255, 255, 258, 254, 256, 257, 259, 253, 258, 256, 257, 254,
    255, 259, 255, 257, 253, 257, 254, 257, 252, 257, 256, 256, 253, 255,
    256, 254, 255, 253, 256, 252, 256, 253, 252, 253, 257, 254, 256, 256,
    252, 255, 252, 254, 254, 256, 254, 253, 255, 256, 253, 256, 254, 253,
    255, 255, 253, 252, 256, 252, 255, 253, 253, 253, 256, 254, 257, 255,
    255, 255, 256, 256, 252, 252, 257, 256, 255, 254, 253, 253, 253, 257,
    256, 254, 253, 256, 252 ]
headPositionsY: [ 67, 73, 74, 74, 70, 73, 75, 70, 72, 73, 75, 76, 73, 73,
    74, 73, 73, 75, 71, 71, 72, 75, 76, 73, 76, 76, 76, 74, 73, 72, 73,
    76, 76, 74, 72, 70, 69, 69, 65, 65, 63, 62, 61, 63, 63, 64, 70, 70,
    71, 74, 79, 77, 79, 79, 76, 75, 72, 65, 66, 63, 65, 61, 65, 65, 66,
    67, 67, 73, 73, 75, 74, 73, 77, 74, 75, 70, 70, 66, 68, 67, 64, 65,
    68, 65, 66, 67, 67, 73, 72, 72, 76, 72, 74, 73, 71, 71, 73, 72, 71,
    68 ]
