%YAML:1.0
---
videoName: "headNod2.mp4"
gestureLabel: 202
fps: 29
pixelSizeInCmTemp: 3.2364864864864862e-01
faceCenterPointX: 263
faceCenterPointY: 70
headPositionsX: [ 263, 261, 260, 263, 261, 264, 261, 264, 263, 265, 263,
    263, 263, 262, 264, 262, 266, 265, 266, 266, 264, 261, 261, 264, 263,
    264, 265, 262, 265, 260, 264, 262, 260, 264, 260, 260, 263, 260, 260,
    259, 261, 260, 259, 263, 261, 259, 264, 263, 262, 265, 260, 262, 264,
    262, 264, 261, 265, 262, 261, 260, 262, 262, 263, 262, 262, 263, 262,
    263, 262, 260, 263, 262, 264, 264, 261, 261, 263, 263, 265, 263, 261,
    264, 261, 262, 262, 261, 264, 264, 265, 263, 266, 264, 263, 262, 261,
    265, 263, 266, 263, 262 ]
headPositionsY: [ 69, 76, 78, 76, 74, 75, 74, 76, 76, 73, 73, 75, 74, 74,
    74, 77, 73, 75, 73, 73, 73, 73, 76, 75, 74, 76, 77, 74, 74, 73, 73,
    72, 74, 76, 72, 73, 74, 75, 73, 75, 76, 73, 73, 72, 76, 75, 76, 73,
    73, 73, 73, 69, 71, 71, 76, 77, 77, 80, 76, 72, 71, 73, 72, 74, 74,
    75, 74, 71, 72, 68, 72, 70, 73, 77, 74, 75, 74, 73, 73, 73, 73, 74,
    74, 77, 74, 76, 72, 73, 70, 71, 69, 69, 70, 73, 73, 73, 69, 70, 68,
    71 ]
