%YAML:1.0
---
videoName: "headNod20.mp4"
gestureLabel: 202
fps: 30
pixelSizeInCmTemp: 3.2808219178082193e-01
faceCenterPointX: 253
faceCenterPointY: 80
headPositionsX: [ 254, 254, 253, 258, 258, 256, 257, 257, 258, 257, 256,
    254, 256, 257, 257, 256, 257, 256, 253, 256, 256, 255, 257, 256, 254,
    255, 254, 257, 257, 256, 256, 256, 256, 256, 254, 253, 254, 256, 252,
    252, 255, 253, 255, 255, 254, 251, 255, 250, 253, 252, 255, 254, 251,
    253, 250, 252, 253, 250, 250, 253, 253, 252, 254, 254, 254, 252, 254,
    252, 254, 252, 255, 251, 254, 253, 253, 251, 255, 255, 254, 251, 250,
    253, 251, 253, 252, 252, 253, 251, 254, 256, 251, 252, 251, 252, 251,
    253, 251, 253, 253, 255 ]
headPositionsY: [ 80, 77, 75, 77, 76, 79, 76, 77, 76, 80, 76, 79, 79, 78,
    81, 79, 77, 79, 79, 78, 80, 79, 81, 77, 78, 76, 79, 78, 82, 80, 82,
    85, 85, 85, 87, 82, 80, 77, 76, 70, 71, 73, 72, 76, 76, 78, 86, 89,
    87, 88, 85, 84, 81, 77, 76, 78, 76, 81, 82, 84, 83, 83, 80, 80, 77,
    77, 80, 80, 79, 82, 81, 78, 77, 77, 78, 78, 83, 81, 80, 84, 83, 79,
    79, 82, 81, 82, 79, 83, 83, 80, 82, 79, 80, 82, 79, 82, 80, 79, 82,
    82 ]
