%YAML:1.0
---
videoName: "headNod35.mp4"
gestureLabel: 202
fps: 30
pixelSizeInCmTemp: 2.9937500000000000e-01
faceCenterPointX: 268
faceCenterPointY: 78
headPositionsX: [ 269, 265, 268, 266, 270, 267, 269, 272, 269, 270, 272,
    271, 269, 267, 271, 268, 271, 269, 272, 269, 270, 271, 271, 268, 268,
    268, 268, 268, 270, 272, 270, 270, 268, 269, 271, 271, 269, 269, 266,
    270, 270, 265, 269, 266, 266, 266, 266, 268, 269, 268, 271, 271, 269,
    269, 267, 269, 269, 269, 269, 270, 267, 268, 266, 269, 271, 268, 266,
    267, 268, 271, 271, 268, 268, 271, 270, 269, 268, 267, 270, 272, 270,
    267, 269, 270, 266, 267, 268, 265, 267, 268, 267, 267, 269, 267, 266,
    269, 267, 267, 270, 266 ]
headPositionsY: [ 76, 74, 73, 77, 75, 76, 74, 74, 76, 77, 75, 77, 76, 78,
    75, 74, 76, 74, 76, 76, 77, 74, 79, 77, 77, 74, 74, 73, 71, 68, 69,
    69, 69, 69, 69, 78, 80, 84, 90, 90, 93, 91, 87, 84, 80, 77, 75, 73,
    73, 74, 78, 79, 82, 89, 88, 89, 89, 82, 79, 82, 75, 70, 71, 71, 74,
    73, 79, 81, 83, 86, 88, 87, 84, 79, 76, 75, 74, 76, 74, 78, 80, 85,
    85, 87, 87, 83, 81, 81, 81, 79, 81, 79, 77, 78, 79, 76, 79, 76, 78,
    80 ]
