%YAML:1.0
---
videoName: "headNod28.mp4"
gestureLabel: 202
fps: 30
pixelSizeInCmTemp: 3.2364864864864862e-01
faceCenterPointX: 270
faceCenterPointY: 76
headPositionsX: [ 271, 273, 274, 272, 273, 271, 271, 269, 271, 271, 273,
    272, 271, 272, 272, 272, 270, 269, 271, 268, 270, 270, 268, 270, 269,
    271, 272, 271, 269, 268, 271, 269, 272, 269, 272, 270, 273, 271, 271,
    268, 271, 273, 272, 269, 270, 270, 267, 270, 269, 272, 267, 270, 271,
    272, 270, 273, 271, 271, 269, 268, 270, 272, 271, 272, 270, 270, 271,
    272, 272, 271, 270, 271, 272, 272, 271, 271, 271, 271, 269, 269, 269,
    269, 269, 269, 270, 269, 270, 271, 273, 272, 271, 270, 272, 273, 272,
    270, 269, 270, 269, 269 ]
headPositionsY: [ 75, 75, 77, 72, 74, 76, 73, 76, 77, 77, 77, 76, 74, 74,
    74, 75, 74, 77, 74, 75, 74, 73, 76, 76, 75, 76, 73, 74, 73, 75, 77,
    75, 76, 75, 74, 72, 77, 72, 72, 76, 72, 78, 76, 80, 79, 85, 82, 82,
    77, 75, 71, 72, 72, 72, 72, 72, 72, 75, 73, 77, 79, 82, 81, 81, 79,
    76, 73, 70, 71, 70, 73, 73, 77, 78, 82, 78, 79, 76, 77, 71, 73, 73,
    72, 77, 73, 78, 78, 76, 75, 78, 78, 76, 76, 76, 76, 78, 78, 78, 76,
    75 ]
