%YAML:1.0
---
videoName: "headNod11.mp4"
gestureLabel: 202
fps: 29
pixelSizeInCmTemp: 3.2364864864864862e-01
faceCenterPointX: 261
faceCenterPointY: 75
headPositionsX: [ 261, 260, 259, 260, 259, 257, 261, 258, 256, 259, 261,
    257, 257, 259, 258, 258, 260, 262, 260, 260, 258, 258, 261, 259, 263,
    263, 261, 259, 261, 261, 262, 260, 259, 258, 258, 261, 260, 261, 258,
    260, 258, 260, 259, 259, 259, 260, 260, 261, 262, 261, 261, 261, 263,
    261, 262, 260, 259, 259, 258, 262, 260, 259, 258, 256, 259, 258, 257,
    258, 255, 258, 255, 259, 256, 259, 256, 258, 255, 257, 255, 255, 257,
    256, 260, 262, 260, 260, 260, 258, 257, 260, 259, 262, 259, 261, 258,
    258, 259, 259, 258, 260 ]
headPositionsY: [ 77, 76, 74, 72, 77, 75, 72, 77, 73, 74, 76, 73, 76, 73,
    73, 72, 73, 76, 75, 73, 76, 76, 72, 73, 74, 74, 75, 75, 75, 77, 73,
    73, 76, 74, 73, 75, 76, 76, 75, 73, 75, 76, 73, 74, 76, 77, 76, 71,
    72, 70, 71, 70, 69, 68, 70, 71, 73, 74, 76, 80, 79, 78, 75, 75, 71,
    70, 66, 70, 71, 74, 73, 74, 77, 82, 82, 80, 77, 78, 74, 74, 73, 72,
    71, 70, 77, 77, 78, 81, 81, 78, 80, 77, 79, 77, 76, 77, 78, 77, 77,
    73 ]
