%YAML:1.0
---
videoName: "headNod20.mp4"
gestureLabel: 202
fps: 30
pixelSizeInCmTemp: 3.2808219178082193e-01
faceCenterPointX: 253
faceCenterPointY: 80
headPositionsX: [ 253, 256, 253, 255, 254, 254, 253, 257, 257, 257, 257,
    254, 256, 254, 256, 255, 256, 255, 253, 255, 255, 257, 256, 254, 254,
    256, 258, 254, 257, 256, 257, 255, 253, 254, 257, 254, 256, 254, 255,
    253, 254, 255, 252, 254, 254, 254, 253, 251, 255, 252, 255, 252, 250,
    253, 253, 249, 253, 251, 251, 252, 252, 251, 253, 254, 253, 252, 255,
    253, 252, 252, 252, 251, 251, 250, 253, 252, 255, 251, 251, 252, 253,
    254, 253, 251, 255, 253, 250, 252, 255, 252, 251, 255, 254, 253, 255,
    252, 253, 254, 252, 256 ]
headPositionsY: [ 79, 77, 78, 78, 79, 80, 80, 76, 76, 79, 80, 80, 77, 81,
    80, 76, 79, 80, 80, 76, 79, 80, 79, 78, 79, 77, 77, 78, 81, 80, 81,
    86, 84, 87, 88, 83, 80, 77, 75, 70, 71, 70, 73, 74, 76, 80, 83, 88,
    90, 88, 85, 83, 81, 77, 77, 78, 75, 78, 80, 83, 84, 85, 83, 77, 80,
    79, 79, 81, 82, 81, 82, 79, 77, 79, 80, 80, 79, 82, 81, 84, 83, 80,
    80, 79, 82, 80, 79, 79, 79, 81, 79, 80, 81, 82, 78, 80, 82, 78, 78,
    80 ]
