%YAML:1.0
---
videoName: "headNod36.mp4"
gestureLabel: 202
fps: 29
pixelSizeInCmTemp: 2.8176470588235292e-01
faceCenterPointX: 269
faceCenterPointY: 75
headPositionsX: [ 269, 272, 270, 271, 269, 270, 268, 271, 272, 272, 271,
    270, 268, 271, 271, 268, 270, 270, 267, 273, 272, 268, 270, 270, 271,
    270, 269, 269, 270, 269, 269, 271, 270, 270, 268, 269, 270, 265, 266,
    266, 270, 269, 270, 268, 269, 271, 269, 270, 272, 273, 269, 272, 271,
    273, 271, 270, 269, 269, 267, 270, 271, 268, 268, 269, 268, 270, 267,
    266, 267, 271, 269, 267, 267, 265, 267, 268, 267, 269, 270, 267, 267,
    268, 268, 269, 269, 271, 269, 271, 268, 268, 270, 269, 268, 267, 268,
    268, 270, 272, 268, 268 ]
headPositionsY: [ 76, 76, 73, 75, 75, 75, 73, 72, 76, 75, 77, 77, 75, 72,
    74, 73, 73, 78, 74, 76, 77, 77, 78, 77, 74, 76, 69, 70, 67, 64, 65,
    64, 73, 72, 81, 85, 90, 91, 90, 88, 86, 78, 76, 71, 71, 70, 66, 69,
    68, 68, 68, 74, 78, 80, 84, 88, 86, 85, 84, 84, 78, 78, 74, 74, 71,
    72, 76, 77, 79, 84, 85, 80, 79, 78, 80, 74, 74, 76, 76, 79, 81, 82,
    85, 85, 86, 81, 83, 79, 80, 76, 77, 77, 76, 74, 76, 75, 76, 76, 76,
    76 ]
