%YAML:1.0
---
videoName: "headNod13.mp4"
gestureLabel: 202
fps: 29
pixelSizeInCmTemp: 3.2364864864864862e-01
faceCenterPointX: 253
faceCenterPointY: 79
headPositionsX: [ 255, 251, 251, 254, 250, 251, 253, 253, 252, 255, 255,
    254, 254, 256, 253, 256, 255, 253, 255, 256, 253, 255, 253, 253, 255,
    256, 254, 255, 255, 252, 255, 252, 256, 252, 255, 256, 253, 251, 252,
    251, 253, 252, 253, 251, 255, 251, 254, 251, 255, 254, 252, 255, 256,
    256, 254, 253, 255, 252, 253, 255, 252, 252, 254, 251, 252, 252, 251,
    252, 254, 253, 254, 254, 253, 254, 257, 253, 255, 252, 253, 253, 256,
    257, 256, 252, 255, 253, 256, 257, 255, 255, 257, 252, 252, 255, 253,
    253, 252, 251, 251, 252 ]
headPositionsY: [ 77, 71, 74, 72, 72, 75, 73, 74, 71, 74, 71, 74, 73, 74,
    76, 74, 73, 76, 75, 76, 75, 75, 75, 73, 75, 73, 74, 72, 73, 73, 74,
    76, 73, 74, 76, 76, 74, 74, 75, 75, 76, 75, 76, 72, 73, 74, 73, 76,
    74, 72, 69, 70, 69, 66, 68, 72, 71, 76, 77, 74, 78, 78, 78, 78, 75,
    70, 69, 67, 70, 68, 71, 75, 76, 76, 78, 78, 78, 80, 79, 76, 73, 71,
    75, 72, 72, 76, 74, 77, 79, 79, 78, 81, 81, 81, 77, 80, 77, 79, 77,
    77 ]
