%YAML:1.0
---
videoName: "headNod15.mp4"
gestureLabel: 202
fps: 29
pixelSizeInCmTemp: 3.1933333333333330e-01
faceCenterPointX: 255
faceCenterPointY: 74
headPositionsX: [ 257, 257, 257, 255, 255, 256, 259, 255, 257, 259, 254,
    259, 254, 258, 254, 258, 257, 257, 255, 257, 255, 256, 257, 258, 257,
    254, 256, 257, 257, 257, 257, 253, 257, 255, 253, 257, 255, 256, 255,
    254, 256, 256, 255, 252, 255, 255, 255, 257, 256, 257, 254, 255, 254,
    256, 257, 254, 254, 254, 254, 255, 254, 257, 255, 253, 254, 258, 256,
    255, 254, 254, 254, 256, 257, 253, 255, 251, 253, 252, 253, 254, 255,
    253, 254, 255, 256, 254, 256, 255, 253, 257, 256, 256, 253, 255, 252,
    255, 253, 253, 252, 252 ]
headPositionsY: [ 73, 72, 75, 75, 74, 75, 74, 71, 74, 76, 73, 75, 73, 73,
    73, 75, 72, 72, 75, 72, 74, 73, 73, 74, 73, 72, 75, 74, 76, 74, 74,
    76, 74, 74, 74, 74, 78, 76, 81, 82, 84, 81, 79, 78, 77, 72, 70, 70,
    72, 74, 76, 79, 83, 82, 78, 80, 75, 71, 72, 72, 68, 73, 76, 81, 81,
    84, 83, 79, 80, 75, 72, 69, 71, 70, 73, 75, 78, 78, 76, 74, 76, 69,
    73, 71, 69, 68, 72, 72, 74, 75, 76, 73, 71, 72, 71, 74, 73, 70, 74,
    74 ]
