%YAML:1.0
---
videoName: "headNod12.mp4"
gestureLabel: 202
fps: 29
pixelSizeInCmTemp: 3.2808219178082193e-01
faceCenterPointX: 254
faceCenterPointY: 69
headPositionsX: [ 253, 252, 252, 252, 254, 253, 252, 254, 257, 254, 256,
    255, 257, 257, 256, 259, 254, 255, 256, 256, 255, 255, 255, 253, 255,
    256, 255, 254, 256, 254, 259, 254, 258, 256, 253, 256, 256, 257, 252,
    254, 254, 257, 256, 255, 254, 255, 254, 255, 255, 254, 252, 254, 252,
    254, 255, 253, 253, 252, 254, 253, 252, 256, 253, 253, 252, 253, 257,
    256, 254, 255, 255, 253, 252, 256, 256, 254, 253, 256, 254, 253, 253,
    255, 256, 256, 253, 256, 255, 257, 253, 255, 255, 253, 257, 253, 253,
    254, 255, 255, 253, 256 ]
headPositionsY: [ 70, 76, 71, 73, 74, 73, 73, 71, 73, 74, 75, 77, 76, 71,
    73, 74, 70, 75, 71, 73, 72, 71, 72, 72, 72, 73, 73, 76, 74, 72, 73,
    72, 73, 71, 73, 70, 70, 67, 67, 66, 63, 61, 61, 63, 63, 65, 67, 73,
    71, 76, 75, 80, 78, 77, 77, 72, 69, 68, 68, 66, 63, 61, 63, 63, 64,
    70, 68, 69, 72, 72, 78, 76, 75, 75, 72, 72, 71, 66, 68, 64, 67, 68,
    64, 65, 70, 69, 70, 72, 75, 74, 76, 73, 71, 70, 72, 69, 69, 69, 70,
    70 ]
