%YAML:1.0
---
videoName: "headNod18.mp4"
gestureLabel: 202
fps: 29
pixelSizeInCmTemp: 3.3263888888888887e-01
faceCenterPointX: 255
faceCenterPointY: 77
headPositionsX: [ 253, 255, 256, 258, 258, 254, 255, 258, 259, 254, 255,
    259, 256, 258, 255, 256, 253, 254, 255, 254, 253, 255, 256, 253, 256,
    254, 257, 256, 254, 256, 256, 254, 255, 256, 254, 254, 256, 255, 255,
    257, 257, 254, 257, 254, 255, 256, 255, 256, 257, 257, 255, 257, 252,
    253, 255, 255, 255, 252, 254, 255, 255, 253, 255, 251, 253, 255, 254,
    256, 252, 255, 252, 253, 252, 255, 256, 254, 254, 256, 252, 252, 255,
    255, 251, 254, 252, 254, 253, 257, 257, 254, 252, 252, 254, 256, 254,
    256, 258, 256, 257, 255 ]
headPositionsY: [ 78, 76, 75, 79, 77, 75, 79, 76, 75, 75, 78, 79, 78, 77,
    77, 78, 79, 75, 76, 77, 77, 78, 76, 81, 77, 77, 79, 79, 80, 78, 79,
    78, 77, 78, 78, 79, 78, 79, 78, 76, 77, 75, 70, 73, 73, 70, 70, 70,
    73, 73, 76, 77, 80, 82, 81, 82, 78, 73, 72, 70, 74, 75, 79, 77, 83,
    82, 79, 77, 74, 76, 73, 74, 78, 80, 85, 81, 82, 82, 75, 76, 74, 74,
    75, 76, 80, 80, 81, 80, 78, 79, 78, 77, 76, 75, 75, 78, 80, 80, 75,
    79 ]
