%YAML:1.0
---
videoName: "headNod16.mp4"
gestureLabel: 202
fps: 29
pixelSizeInCmTemp: 3.3263888888888887e-01
faceCenterPointX: 255
faceCenterPointY: 77
headPositionsX: [ 256, 260, 259, 261, 261, 259, 261, 259, 256, 260, 262,
    261, 258, 260, 260, 258, 261, 259, 261, 260, 257, 256, 260, 260, 259,
    258, 257, 257, 257, 260, 258, 260, 261, 257, 258, 260, 261, 261, 258,
    257, 261, 261, 257, 262, 262, 260, 261, 256, 259, 255, 257, 258, 256,
    259, 258, 256, 258, 259, 259, 257, 257, 256, 255, 256, 258, 257, 256,
    253, 256, 257, 255, 255, 256, 253, 257, 254, 256, 256, 256, 255, 257,
    255, 252, 253, 256, 254, 254, 256, 255, 255, 256, 258, 257, 254, 256,
    257, 255, 254, 255, 257 ]
headPositionsY: [ 76, 76, 75, 75, 77, 72, 74, 73, 73, 73, 75, 75, 77, 76,
    75, 72, 77, 73, 73, 73, 76, 74, 74, 73, 76, 74, 75, 77, 73, 77, 76,
    76, 76, 73, 77, 75, 72, 71, 70, 66, 68, 70, 72, 73, 77, 79, 80, 83,
    79, 79, 76, 72, 72, 70, 68, 70, 73, 74, 77, 79, 84, 81, 80, 79, 79,
    74, 73, 72, 71, 71, 72, 72, 76, 79, 79, 81, 78, 77, 77, 70, 72, 69,
    69, 71, 73, 75, 74, 77, 76, 79, 75, 75, 74, 79, 73, 77, 77, 78, 75,
    78 ]
