%YAML:1.0
---
videoName: "headNod36.mp4"
gestureLabel: 202
fps: 29
pixelSizeInCmTemp: 2.8176470588235292e-01
faceCenterPointX: 269
faceCenterPointY: 75
headPositionsX: [ 271, 268, 272, 270, 271, 268, 268, 269, 268, 271, 272,
    273, 270, 270, 270, 272, 272, 270, 269, 271, 272, 271, 269, 272, 270,
    271, 271, 268, 268, 272, 271, 269, 273, 271, 269, 267, 271, 265, 267,
    267, 266, 269, 267, 271, 272, 268, 272, 268, 270, 273, 271, 271, 272,
    272, 270, 271, 272, 270, 270, 271, 269, 269, 268, 266, 270, 267, 270,
    267, 269, 269, 266, 270, 266, 269, 265, 266, 267, 266, 270, 266, 267,
    267, 269, 271, 269, 269, 267, 269, 271, 270, 268, 269, 269, 267, 267,
    269, 271, 269, 270, 269 ]
headPositionsY: [ 73, 74, 74, 74, 72, 74, 73, 74, 74, 72, 73, 77, 75, 73,
    74, 76, 76, 78, 73, 75, 77, 80, 79, 80, 76, 73, 70, 68, 65, 63, 65,
    66, 69, 72, 79, 85, 87, 88, 92, 85, 87, 80, 74, 75, 74, 66, 69, 70,
    69, 68, 69, 75, 79, 83, 84, 85, 86, 88, 84, 83, 80, 74, 76, 71, 73,
    71, 78, 79, 83, 81, 82, 84, 78, 79, 77, 74, 75, 76, 78, 79, 82, 82,
    85, 82, 82, 81, 82, 80, 77, 77, 78, 75, 75, 75, 77, 77, 75, 75, 77,
    76 ]
