%YAML:1.0
---
videoName: "headNod0.mp4"
gestureLabel: 202
fps: 29
pixelSizeInCmTemp: 3.2364864864864862e-01
faceCenterPointX: 264
faceCenterPointY: 76
headPositionsX: [ 263, 269, 269, 269, 266, 265, 265, 268, 266, 266, 264,
    267, 266, 268, 267, 265, 263, 264, 263, 266, 265, 268, 265, 266, 267,
    268, 266, 264, 267, 263, 264, 266, 266, 267, 265, 265, 266, 268, 264,
    268, 267, 264, 268, 264, 267, 267, 266, 266, 265, 263, 266, 266, 262,
    264, 266, 265, 262, 267, 264, 264, 265, 266, 266, 268, 266, 266, 268,
    263, 267, 264, 264, 266, 265, 264, 262, 262, 262, 262, 265, 263, 264,
    265, 262, 267, 262, 264, 263, 264, 264, 263, 266, 263, 265, 267, 264,
    262, 262, 264, 264, 266 ]
headPositionsY: [ 78, 72, 74, 73, 74, 73, 75, 75, 72, 75, 71, 75, 72, 71,
    72, 75, 73, 72, 73, 71, 74, 72, 75, 75, 73, 75, 75, 74, 75, 70, 70,
    69, 67, 63, 65, 62, 62, 62, 62, 64, 66, 70, 74, 73, 80, 79, 84, 83,
    79, 80, 78, 73, 74, 73, 67, 67, 67, 65, 66, 68, 68, 70, 75, 73, 78,
    78, 81, 79, 79, 79, 76, 74, 72, 69, 67, 67, 67, 68, 70, 69, 69, 70,
    74, 75, 76, 78, 76, 80, 78, 76, 79, 77, 79, 75, 78, 77, 76, 75, 76,
    74 ]
