%YAML:1.0
---
videoName: "headNod20.mp4"
gestureLabel: 202
fps: 30
pixelSizeInCmTemp: 3.2808219178082193e-01
faceCenterPointX: 253
faceCenterPointY: 80
headPositionsX: [ 252, 258, 255, 254, 257, 255, 257, 257, 258, 257, 255,
    254, 256, 253, 256, 253, 258, 255, 256, 256, 257, 255, 258, 254, 254,
    254, 258, 255, 257, 256, 258, 257, 257, 256, 255, 254, 253, 256, 252,
    256, 255, 255, 254, 255, 254, 253, 254, 251, 253, 254, 254, 252, 250,
    253, 250, 251, 252, 251, 250, 253, 250, 253, 252, 250, 253, 255, 255,
    251, 251, 251, 251, 254, 251, 251, 255, 252, 253, 251, 254, 250, 254,
    254, 253, 251, 254, 250, 254, 251, 252, 254, 254, 254, 250, 252, 255,
    253, 253, 251, 255, 256 ]
headPositionsY: [ 82, 78, 75, 78, 78, 78, 80, 79, 76, 79, 76, 80, 77, 81,
    77, 75, 77, 77, 78, 78, 76, 77, 81, 79, 79, 78, 79, 78, 81, 83, 82,
    83, 85, 86, 87, 84, 81, 77, 74, 70, 72, 71, 72, 74, 78, 79, 84, 87,
    88, 90, 88, 84, 79, 79, 77, 75, 76, 81, 81, 83, 84, 83, 81, 81, 80,
    80, 82, 79, 82, 85, 84, 79, 76, 77, 77, 77, 81, 78, 80, 83, 82, 81,
    78, 82, 78, 80, 80, 79, 83, 80, 81, 81, 81, 82, 78, 82, 79, 79, 78,
    81 ]
