%YAML:1.0
---
videoName: "headNod49.mp4"
gestureLabel: 202
fps: 29
pixelSizeInCmTemp: 2.9207317073170730e-01
faceCenterPointX: 263
faceCenterPointY: 74
headPositionsX: [ 264, 266, 263, 266, 268, 266, 263, 266, 266, 264, 263,
    264, 263, 264, 264, 262, 265, 266, 265, 264, 266, 265, 263, 266, 264,
    264, 264, 264, 263, 264, 263, 265, 261, 263, 263, 266, 262, 263, 262,
    264, 263, 265, 264, 263, 264, 265, 263, 262, 264, 262, 263, 264, 262,
    266, 264, 263, 263, 262, 264, 266, 263, 262, 263, 266, 262, 263, 263,
    264, 266, 263, 262, 262, 262, 262, 265, 263, 264, 262, 262, 264, 261,
    264, 263, 265, 260, 260, 261, 261, 264, 263, 263, 262, 265, 264, 264,
    266, 262, 261, 262, 262 ]
headPositionsY: [ 72, 71, 69, 71, 73, 75, 72, 73, 72, 74, 74, 72, 70, 71,
    68, 68, 66, 68, 70, 71, 68, 70, 74, 75, 75, 78, 78, 78, 76, 76, 73,
    71, 72, 69, 70, 72, 69, 72, 72, 77, 79, 80, 77, 78, 73, 72, 74, 68,
    71, 69, 74, 75, 76, 75, 78, 79, 77, 76, 77, 76, 75, 73, 75, 73, 71,
    73, 77, 78, 81, 77, 79, 78, 76, 76, 73, 72, 74, 74, 74, 77, 75, 77,
    76, 77, 75, 77, 72, 76, 74, 72, 75, 76, 75, 73, 74, 73, 74, 74, 72,
    74 ]
