%YAML:1.0
---
videoName: "headNod28.mp4"
gestureLabel: 202
fps: 30
pixelSizeInCmTemp: 3.2364864864864862e-01
faceCenterPointX: 270
faceCenterPointY: 76
headPositionsX: [ 270, 270, 274, 269, 271, 270, 269, 270, 269, 274, 273,
    273, 269, 269, 271, 272, 271, 268, 270, 267, 269, 270, 270, 268, 269,
    271, 268, 268, 272, 270, 269, 272, 272, 273, 268, 272, 270, 270, 274,
    272, 272, 269, 268, 269, 269, 270, 267, 272, 272, 269, 270, 271, 270,
    273, 271, 270, 269, 273, 269, 271, 271, 269, 273, 271, 271, 270, 269,
    271, 271, 269, 273, 271, 269, 272, 270, 269, 274, 272, 272, 271, 269,
    271, 269, 273, 272, 270, 271, 269, 273, 273, 273, 271, 270, 273, 270,
    272, 271, 273, 271, 269 ]
headPositionsY: [ 76, 75, 73, 74, 75, 74, 74, 74, 73, 73, 74, 75, 75, 74,
    75, 77, 75, 76, 77, 76, 77, 75, 77, 74, 73, 75, 72, 75, 76, 75, 75,
    77, 75, 74, 75, 72, 76, 73, 72, 74, 76, 77, 80, 78, 81, 84, 80, 80,
    76, 76, 72, 73, 72, 70, 72, 73, 72, 73, 73, 77, 78, 82, 78, 81, 78,
    77, 74, 72, 72, 70, 72, 73, 78, 80, 81, 81, 79, 76, 77, 75, 74, 73,
    73, 75, 77, 79, 78, 77, 77, 79, 77, 73, 74, 77, 73, 76, 77, 78, 76,
    77 ]
