%YAML:1.0
---
videoName: "headNod19.mp4"
gestureLabel: 202
fps: 29
pixelSizeInCmTemp: 3.1933333333333330e-01
faceCenterPointX: 255
faceCenterPointY: 81
headPositionsX: [ 253, 259, 259, 255, 255, 254, 258, 257, 256, 259, 253,
    254, 254, 254, 257, 257, 251, 253, 254, 255, 251, 254, 249, 252, 251,
    252, 251, 251, 248, 253, 252, 252, 250, 254, 255, 251, 253, 256, 256,
    252, 253, 257, 255, 255, 256, 258, 253, 259, 255, 253, 255, 258, 254,
    254, 258, 253, 256, 254, 253, 256, 256, 252, 255, 257, 256, 258, 253,
    255, 256, 255, 258, 258, 257, 256, 258, 257, 256, 255, 253, 254, 254,
    257, 256, 256, 257, 253, 253, 253, 253, 253, 256, 254, 255, 254, 258,
    254, 256, 257, 257, 255 ]
headPositionsY: [ 79, 84, 82, 83, 80, 79, 78, 77, 75, 75, 76, 78, 77, 79,
    77, 76, 75, 79, 76, 79, 76, 77, 76, 76, 78, 77, 80, 76, 79, 81, 77,
    78, 79, 78, 79, 77, 79, 79, 76, 79, 77, 79, 79, 78, 79, 81, 79, 78,
    77, 77, 79, 80, 80, 78, 81, 79, 79, 79, 80, 78, 78, 77, 81, 80, 79,
    81, 80, 78, 77, 72, 74, 76, 74, 76, 78, 82, 84, 82, 79, 79, 75, 75,
    79, 80, 83, 83, 86, 85, 83, 80, 83, 82, 84, 84, 83, 82, 85, 82, 82,
    82 ]
