%YAML:1.0
---
videoName: "headNod17.mp4"
gestureLabel: 202
fps: 30
pixelSizeInCmTemp: 3.2808219178082193e-01
faceCenterPointX: 253
faceCenterPointY: 76
headPositionsX: [ 251, 257, 253, 257, 254, 255, 254, 256, 257, 256, 256,
    253, 253, 254, 256, 254, 254, 253, 255, 256, 257, 257, 255, 256, 254,
    253, 256, 258, 254, 254, 257, 256, 253, 254, 254, 257, 257, 257, 254,
    257, 256, 255, 255, 255, 255, 254, 252, 254, 255, 255, 254, 252, 252,
    256, 256, 254, 257, 256, 253, 256, 256, 257, 254, 253, 253, 253, 253,
    256, 254, 254, 254, 252, 252, 252, 254, 255, 257, 256, 251, 256, 254,
    253, 252, 256, 253, 253, 256, 256, 256, 254, 256, 256, 253, 256, 255,
    256, 253, 254, 254, 254 ]
headPositionsY: [ 75, 77, 75, 79, 75, 77, 75, 76, 77, 77, 75, 77, 76, 77,
    76, 76, 77, 77, 79, 76, 76, 74, 75, 74, 71, 68, 67, 69, 70, 68, 64,
    67, 70, 69, 70, 69, 73, 74, 76, 76, 77, 79, 83, 86, 83, 86, 82, 85,
    79, 81, 79, 75, 73, 70, 72, 69, 70, 70, 71, 70, 69, 69, 72, 77, 76,
    80, 83, 79, 80, 80, 76, 77, 78, 77, 78, 79, 77, 80, 79, 78, 75, 77,
    75, 76, 74, 74, 79, 80, 78, 76, 76, 78, 78, 73, 76, 74, 78, 75, 77,
    76 ]
