%YAML:1.0
---
videoName: "headNod27.mp4"
gestureLabel: 202
fps: 29
pixelSizeInCmTemp: 3.0705128205128202e-01
faceCenterPointX: 271
faceCenterPointY: 77
headPositionsX: [ 270, 273, 272, 270, 272, 273, 274, 273, 271, 271, 272,
    271, 270, 270, 272, 272, 271, 273, 273, 274, 275, 270, 271, 271, 274,
    275, 275, 272, 274, 272, 269, 273, 273, 272, 268, 268, 269, 268, 267,
    266, 270, 271, 268, 270, 272, 271, 269, 268, 269, 271, 271, 271, 268,
    272, 271, 271, 270, 269, 268, 268, 268, 271, 270, 268, 269, 266, 265,
    269, 269, 266, 268, 267, 269, 267, 266, 269, 270, 266, 271, 270, 268,
    270, 267, 268, 271, 270, 269, 267, 273, 272, 269, 273, 271, 270, 272,
    271, 270, 269, 269, 269 ]
headPositionsY: [ 76, 71, 71, 72, 71, 75, 75, 72, 76, 72, 74, 74, 75, 76,
    75, 75, 72, 72, 74, 77, 73, 72, 70, 65, 67, 65, 63, 65, 63, 68, 70,
    76, 83, 85, 82, 85, 83, 77, 74, 71, 70, 70, 70, 67, 69, 70, 76, 79,
    81, 82, 79, 76, 75, 71, 71, 71, 72, 70, 76, 74, 78, 81, 80, 85, 80,
    77, 77, 74, 71, 74, 72, 74, 72, 75, 76, 80, 81, 80, 77, 75, 70, 73,
    72, 69, 70, 73, 76, 76, 77, 80, 81, 79, 77, 75, 78, 78, 77, 78, 76,
    77 ]
