%YAML:1.0
---
videoName: "headNod43.mp4"
gestureLabel: 202
fps: 29
pixelSizeInCmTemp: 2.8855421686746985e-01
faceCenterPointX: 268
faceCenterPointY: 74
headPositionsX: [ 269, 271, 271, 270, 267, 270, 272, 268, 268, 268, 270,
    268, 268, 270, 270, 267, 267, 267, 268, 267, 270, 270, 266, 269, 269,
    266, 267, 267, 265, 264, 267, 264, 264, 267, 264, 267, 266, 267, 265,
    263, 262, 265, 263, 265, 264, 266, 266, 267, 264, 266, 263, 263, 262,
    264, 263, 264, 265, 267, 264, 264, 264, 262, 266, 265, 267, 265, 265,
    264, 265, 269, 268, 268, 270, 270, 266, 267, 269, 268, 268, 265, 268,
    270, 268, 268, 269, 269, 267, 269, 269, 268, 269, 269, 268, 268, 270,
    271, 268, 268, 267, 269 ]
headPositionsY: [ 73, 75, 78, 74, 74, 74, 75, 76, 76, 76, 73, 75, 73, 73,
    75, 73, 77, 73, 75, 77, 74, 76, 76, 76, 78, 80, 80, 82, 85, 88, 90,
    89, 85, 81, 80, 79, 79, 79, 80, 86, 87, 92, 90, 86, 85, 81, 81, 83,
    83, 85, 88, 89, 89, 90, 88, 84, 81, 84, 82, 87, 86, 89, 91, 91, 90,
    84, 83, 79, 78, 76, 80, 80, 83, 88, 92, 90, 90, 87, 85, 81, 78, 73,
    74, 72, 75, 74, 73, 75, 74, 73, 71, 72, 76, 72, 71, 75, 73, 75, 76,
    75 ]
