%YAML:1.0
---
videoName: "headNod15.mp4"
gestureLabel: 202
fps: 29
pixelSizeInCmTemp: 3.1933333333333330e-01
faceCenterPointX: 255
faceCenterPointY: 74
headPositionsX: [ 257, 259, 258, 254, 258, 259, 256, 258, 258, 257, 254,
    259, 257, 255, 257, 257, 254, 257, 255, 254, 254, 254, 254, 258, 254,
    256, 258, 256, 257, 255, 256, 255, 256, 256, 256, 254, 253, 257, 258,
    255, 255, 253, 257, 256, 257, 252, 257, 256, 256, 253, 253, 256, 254,
    254, 256, 255, 252, 255, 255, 255, 256, 257, 255, 257, 254, 257, 255,
    258, 257, 257, 255, 255, 254, 256, 255, 255, 251, 254, 254, 251, 251,
    255, 252, 252, 255, 254, 254, 256, 253, 254, 252, 254, 253, 253, 253,
    253, 252, 254, 253, 252 ]
headPositionsY: [ 73, 74, 76, 71, 74, 72, 73, 72, 75, 73, 72, 74, 74, 76,
    71, 75, 71, 74, 71, 72, 72, 72, 75, 73, 74, 74, 75, 71, 76, 74, 72,
    74, 74, 75, 72, 77, 79, 80, 80, 81, 80, 83, 80, 76, 76, 74, 73, 68,
    69, 75, 78, 80, 81, 80, 81, 76, 73, 70, 69, 69, 69, 73, 72, 77, 81,
    83, 82, 81, 79, 77, 71, 72, 68, 72, 72, 75, 74, 77, 77, 76, 76, 72,
    70, 72, 71, 68, 69, 70, 72, 74, 74, 73, 74, 71, 73, 72, 71, 70, 71,
    72 ]
