%YAML:1.0
---
videoName: "headNod31.mp4"
gestureLabel: 202
fps: 29
pixelSizeInCmTemp: 2.8855421686746985e-01
faceCenterPointX: 267
faceCenterPointY: 75
headPositionsX: [ 266, 272, 269, 272, 272, 272, 270, 269, 272, 271, 270,
    272, 269, 270, 267, 267, 269, 268, 269, 266, 265, 268, 268, 267, 266,
    265, 264, 267, 269, 268, 270, 268, 269, 271, 267, 269, 271, 268, 266,
    270, 270, 269, 269, 266, 267, 266, 268, 268, 268, 265, 266, 268, 266,
    264, 268, 267, 266, 268, 267, 267, 265, 266, 267, 267, 269, 267, 264,
    266, 265, 268, 265, 268, 264, 267, 266, 267, 266, 264, 264, 269, 270,
    265, 264, 268, 265, 265, 265, 269, 269, 265, 266, 268, 268, 265, 266,
    266, 269, 265, 268, 264 ]
headPositionsY: [ 77, 72, 75, 74, 75, 72, 72, 67, 65, 68, 68, 64, 64, 65,
    76, 80, 81, 87, 88, 84, 84, 81, 81, 75, 74, 71, 72, 73, 66, 70, 70,
    67, 75, 75, 80, 82, 83, 88, 88, 86, 85, 80, 82, 75, 75, 76, 73, 75,
    78, 77, 80, 82, 82, 84, 83, 79, 76, 77, 73, 69, 73, 69, 71, 68, 72,
    72, 77, 77, 78, 80, 80, 78, 79, 77, 73, 72, 72, 71, 70, 74, 72, 76,
    76, 78, 77, 76, 75, 77, 74, 73, 73, 76, 72, 73, 73, 78, 78, 75, 76,
    77 ]
