%YAML:1.0
---
videoName: "headNod4.mp4"
gestureLabel: 202
fps: 29
pixelSizeInCmTemp: 3.2808219178082193e-01
faceCenterPointX: 264
faceCenterPointY: 72
headPositionsX: [ 265, 267, 269, 269, 271, 269, 272, 270, 270, 273, 271,
    270, 269, 267, 270, 267, 270, 268, 266, 267, 266, 268, 266, 267, 267,
    269, 268, 268, 265, 266, 267, 267, 267, 268, 265, 267, 267, 269, 269,
    267, 266, 267, 267, 268, 269, 267, 269, 269, 269, 267, 266, 268, 266,
    266, 264, 266, 264, 268, 268, 268, 265, 265, 267, 266, 266, 267, 264,
    263, 264, 263, 264, 267, 266, 265, 262, 264, 263, 265, 268, 266, 264,
    266, 263, 266, 267, 266, 266, 268, 265, 266, 264, 264, 263, 265, 262,
    266, 266, 266, 264, 267 ]
headPositionsY: [ 73, 75, 75, 74, 73, 76, 73, 73, 77, 74, 76, 72, 73, 73,
    73, 76, 75, 77, 72, 74, 73, 74, 75, 74, 71, 74, 77, 76, 73, 77, 76,
    75, 77, 76, 74, 77, 77, 76, 76, 74, 75, 75, 72, 72, 70, 70, 69, 67,
    67, 63, 66, 67, 74, 76, 79, 79, 80, 80, 80, 76, 74, 72, 70, 69, 67,
    71, 76, 77, 81, 82, 81, 80, 83, 80, 77, 72, 72, 67, 69, 70, 68, 72,
    74, 75, 80, 83, 84, 85, 81, 81, 82, 79, 80, 78, 75, 76, 73, 76, 71,
    75 ]
