%YAML:1.0
---
videoName: "headNod32.mp4"
gestureLabel: 202
fps: 29
pixelSizeInCmTemp: 2.8855421686746985e-01
faceCenterPointX: 266
faceCenterPointY: 74
headPositionsX: [ 268, 267, 267, 270, 267, 265, 265, 265, 265, 268, 264,
    266, 264, 263, 267, 263, 265, 264, 268, 266, 267, 268, 266, 266, 265,
    266, 264, 268, 266, 265, 266, 267, 267, 267, 268, 269, 266, 265, 267,
    269, 267, 266, 265, 266, 270, 266, 266, 269, 269, 266, 265, 268, 268,
    266, 265, 267, 267, 267, 267, 269, 265, 267, 266, 269, 268, 270, 267,
    267, 267, 266, 267, 265, 267, 266, 266, 267, 263, 266, 265, 266, 267,
    264, 265, 265, 263, 268, 266, 267, 266, 269, 268, 266, 266, 268, 265,
    267, 265, 267, 267, 264 ]
headPositionsY: [ 75, 80, 78, 80, 80, 80, 76, 76, 77, 76, 79, 77, 78, 77,
    79, 78, 77, 77, 75, 78, 78, 75, 76, 76, 77, 80, 76, 76, 79, 78, 77,
    77, 80, 77, 80, 79, 76, 78, 78, 76, 77, 79, 75, 76, 77, 79, 79, 76,
    77, 79, 79, 78, 78, 77, 77, 78, 76, 77, 73, 76, 66, 69, 65, 63, 64,
    66, 67, 74, 78, 80, 86, 87, 87, 84, 81, 78, 78, 73, 74, 69, 72, 71,
    71, 70, 69, 76, 76, 74, 72, 72, 77, 77, 77, 74, 72, 76, 74, 75, 74,
    76 ]
