%YAML:1.0
---
videoName: "headNod6.mp4"
gestureLabel: 202
fps: 29
pixelSizeInCmTemp: 3.1513157894736843e-01
faceCenterPointX: 262
faceCenterPointY: 73
headPositionsX: [ 261, 261, 262, 260, 263, 260, 261, 262, 263, 263, 261,
    261, 260, 261, 262, 263, 263, 260, 262, 263, 262, 263, 263, 263, 265,
    264, 262, 261, 263, 264, 263, 261, 260, 262, 264, 264, 262, 261, 263,
    262, 262, 261, 263, 262, 264, 263, 258, 261, 260, 263, 263, 262, 260,
    263, 263, 261, 261, 262, 263, 259, 258, 258, 261, 263, 261, 259, 262,
    259, 259, 261, 262, 260, 259, 260, 259, 263, 259, 258, 260, 263, 261,
    262, 261, 264, 259, 260, 259, 260, 262, 260, 260, 262, 260, 263, 263,
    263, 264, 263, 262, 262 ]
headPositionsY: [ 74, 74, 73, 75, 76, 75, 76, 76, 72, 74, 71, 74, 72, 73,
    75, 73, 73, 73, 76, 76, 71, 73, 73, 73, 73, 72, 72, 73, 76, 74, 73,
    74, 71, 68, 66, 66, 64, 65, 67, 71, 74, 75, 79, 81, 85, 79, 78, 74,
    71, 68, 66, 69, 73, 76, 81, 83, 85, 82, 78, 71, 71, 70, 69, 70, 71,
    73, 79, 81, 81, 79, 78, 75, 74, 66, 68, 64, 66, 68, 69, 74, 78, 83,
    86, 83, 79, 79, 77, 72, 72, 69, 69, 69, 72, 73, 72, 73, 73, 74, 74,
    72 ]
