%YAML:1.0
---
videoName: "headNod10.mp4"
gestureLabel: 202
fps: 29
pixelSizeInCmTemp: 3.2808219178082193e-01
faceCenterPointX: 260
faceCenterPointY: 67
headPositionsX: [ 261, 257, 261, 259, 256, 258, 260, 260, 257, 258, 257,
    258, 259, 259, 256, 257, 257, 257, 258, 256, 260, 257, 260, 258, 257,
    257, 259, 260, 256, 258, 259, 257, 258, 258, 260, 259, 257, 261, 257,
    261, 260, 260, 259, 259, 260, 259, 258, 259, 261, 263, 259, 262, 258,
    259, 258, 260, 258, 259, 260, 262, 261, 258, 260, 263, 257, 262, 258,
    258, 261, 261, 259, 258, 260, 256, 257, 260, 258, 260, 257, 257, 260,
    257, 259, 260, 260, 257, 258, 258, 259, 259, 259, 261, 260, 259, 260,
    260, 258, 262, 259, 261 ]
headPositionsY: [ 65, 73, 69, 68, 72, 71, 69, 71, 68, 69, 70, 70, 70, 71,
    68, 68, 70, 72, 71, 69, 71, 72, 71, 68, 72, 69, 71, 68, 69, 70, 70,
    68, 69, 72, 68, 70, 69, 70, 69, 73, 72, 71, 69, 68, 69, 69, 64, 64,
    63, 63, 62, 68, 67, 73, 74, 76, 73, 73, 68, 65, 63, 66, 63, 66, 68,
    67, 72, 75, 75, 77, 74, 75, 71, 67, 64, 63, 66, 66, 67, 71, 75, 76,
    73, 75, 70, 72, 70, 67, 65, 65, 64, 67, 65, 66, 65, 66, 69, 66, 66,
    70 ]
