%YAML:1.0
---
videoName: "headNod13.mp4"
gestureLabel: 202
fps: 29
pixelSizeInCmTemp: 3.2364864864864862e-01
faceCenterPointX: 253
faceCenterPointY: 79
headPositionsX: [ 254, 250, 254, 253, 251, 253, 254, 255, 254, 255, 254,
    252, 256, 255, 255, 254, 255, 253, 256, 256, 255, 253, 253, 254, 252,
    254, 252, 254, 253, 255, 254, 252, 255, 252, 256, 252, 255, 253, 254,
    251, 255, 252, 254, 252, 252, 253, 254, 255, 251, 253, 253, 256, 253,
    256, 252, 252, 254, 253, 255, 252, 255, 253, 253, 252, 255, 254, 253,
    253, 254, 252, 252, 252, 255, 256, 254, 253, 254, 254, 256, 254, 253,
    253, 254, 254, 254, 255, 256, 256, 253, 253, 253, 253, 252, 256, 251,
    253, 255, 255, 251, 253 ]
headPositionsY: [ 81, 74, 73, 75, 71, 73, 75, 74, 73, 74, 73, 73, 74, 73,
    77, 71, 75, 76, 73, 75, 76, 74, 74, 74, 74, 72, 76, 74, 74, 74, 74,
    74, 76, 75, 75, 75, 73, 73, 76, 73, 76, 72, 72, 74, 72, 76, 75, 73,
    71, 71, 70, 68, 70, 69, 69, 70, 72, 73, 78, 77, 80, 80, 79, 75, 75,
    70, 72, 71, 67, 71, 71, 73, 76, 78, 80, 79, 78, 76, 76, 78, 75, 74,
    73, 74, 73, 75, 77, 77, 80, 79, 80, 77, 79, 81, 79, 79, 77, 78, 80,
    77 ]
