%YAML:1.0
---
videoName: "headNod3.mp4"
gestureLabel: 202
fps: 29
pixelSizeInCmTemp: 3.1933333333333330e-01
faceCenterPointX: 264
faceCenterPointY: 76
headPositionsX: [ 262, 263, 264, 265, 263, 262, 263, 262, 267, 266, 265,
    267, 263, 265, 265, 265, 263, 264, 263, 266, 266, 267, 263, 265, 265,
    264, 264, 264, 264, 266, 266, 266, 266, 268, 263, 266, 268, 267, 267,
    267, 265, 266, 266, 265, 266, 263, 264, 267, 264, 267, 266, 267, 268,
    265, 265, 261, 265, 262, 261, 266, 264, 265, 264, 266, 265, 263, 262,
    263, 263, 264, 262, 264, 262, 262, 263, 263, 265, 266, 263, 264, 263,
    265, 263, 263, 263, 263, 265, 262, 263, 262, 261, 264, 264, 262, 261,
    263, 262, 264, 264, 266 ]
headPositionsY: [ 77, 76, 77, 76, 78, 77, 78, 78, 75, 72, 75, 74, 72, 72,
    72, 73, 75, 75, 72, 73, 74, 73, 71, 71, 71, 72, 74, 76, 73, 74, 76,
    75, 73, 72, 73, 73, 76, 76, 73, 73, 77, 73, 76, 72, 70, 71, 68, 64,
    68, 68, 67, 68, 73, 77, 77, 78, 83, 85, 82, 78, 77, 71, 67, 68, 66,
    65, 70, 72, 76, 78, 81, 81, 81, 82, 77, 75, 71, 67, 69, 66, 66, 68,
    71, 72, 75, 75, 75, 77, 80, 80, 76, 80, 76, 76, 76, 79, 78, 76, 73,
    77 ]
