%YAML:1.0
---
videoName: "headNod18.mp4"
gestureLabel: 202
fps: 29
pixelSizeInCmTemp: 3.3263888888888887e-01
faceCenterPointX: 255
faceCenterPointY: 77
headPositionsX: [ 255, 255, 258, 257, 255, 255, 257, 255, 256, 257, 256,
    255, 258, 255, 257, 253, 257, 255, 254, 255, 255, 257, 254, 255, 257,
    253, 258, 256, 256, 255, 254, 253, 254, 253, 255, 258, 257, 257, 253,
    257, 254, 256, 257, 256, 254, 257, 256, 257, 254, 256, 254, 257, 252,
    257, 252, 252, 255, 256, 255, 256, 255, 252, 256, 253, 253, 254, 255,
    254, 254, 254, 255, 253, 255, 255, 256, 254, 253, 254, 255, 252, 254,
    255, 255, 255, 255, 252, 253, 254, 255, 255, 255, 254, 255, 256, 256,
    254, 256, 253, 253, 254 ]
headPositionsY: [ 76, 76, 79, 79, 76, 77, 78, 77, 79, 77, 79, 80, 79, 78,
    79, 76, 78, 76, 78, 78, 79, 80, 75, 81, 77, 77, 80, 77, 80, 79, 79,
    79, 78, 80, 79, 77, 78, 76, 79, 79, 75, 75, 72, 74, 73, 74, 69, 71,
    77, 76, 74, 80, 81, 80, 81, 78, 79, 74, 70, 70, 75, 76, 76, 80, 81,
    82, 79, 78, 77, 74, 72, 73, 78, 78, 85, 81, 83, 82, 75, 76, 74, 78,
    76, 75, 78, 84, 84, 82, 79, 79, 81, 78, 78, 77, 79, 76, 79, 79, 75,
    76 ]
