%YAML:1.0
---
videoName: "headNod9.mp4"
gestureLabel: 202
fps: 29
pixelSizeInCmTemp: 3.1513157894736843e-01
faceCenterPointX: 261
faceCenterPointY: 75
headPositionsX: [ 260, 263, 260, 261, 261, 262, 258, 260, 261, 261, 259,
    263, 261, 261, 258, 259, 260, 258, 260, 262, 260, 261, 262, 262, 260,
    258, 263, 262, 262, 262, 259, 258, 261, 261, 263, 259, 260, 258, 261,
    260, 260, 259, 260, 262, 260, 260, 258, 259, 260, 258, 259, 258, 259,
    261, 259, 262, 261, 259, 261, 260, 262, 258, 260, 258, 259, 260, 259,
    262, 259, 259, 259, 259, 259, 259, 262, 262, 258, 259, 257, 260, 258,
    259, 256, 258, 261, 259, 259, 258, 257, 257, 260, 261, 261, 261, 259,
    260, 259, 262, 258, 258 ]
headPositionsY: [ 73, 75, 73, 76, 73, 77, 74, 77, 74, 77, 73, 76, 76, 73,
    73, 75, 77, 73, 76, 77, 74, 76, 77, 78, 76, 76, 74, 75, 73, 77, 78,
    77, 77, 81, 81, 82, 81, 77, 73, 71, 73, 75, 75, 80, 83, 86, 88, 86,
    81, 80, 75, 77, 77, 78, 81, 85, 83, 82, 80, 78, 73, 74, 71, 73, 79,
    81, 82, 82, 83, 84, 78, 78, 74, 70, 70, 74, 74, 75, 78, 79, 79, 85,
    82, 82, 81, 78, 76, 77, 76, 75, 74, 72, 74, 73, 73, 72, 76, 73, 75,
    73 ]
