%YAML:1.0
---
videoName: "headNod9.mp4"
gestureLabel: 202
fps: 29
pixelSizeInCmTemp: 3.1513157894736843e-01
faceCenterPointX: 261
faceCenterPointY: 75
headPositionsX: [ 263, 262, 262, 259, 263, 262, 259, 262, 262, 261, 262,
    263, 259, 259, 262, 263, 260, 261, 260, 258, 261, 260, 263, 260, 259,
    258, 261, 259, 259, 260, 262, 259, 259, 262, 260, 262, 261, 258, 259,
    261, 259, 260, 259, 260, 263, 258, 258, 258, 262, 260, 260, 261, 261,
    259, 263, 263, 260, 261, 259, 259, 259, 258, 259, 262, 263, 258, 262,
    262, 262, 258, 262, 261, 261, 259, 259, 258, 257, 261, 259, 258, 257,
    260, 258, 260, 258, 258, 256, 257, 257, 258, 261, 261, 260, 259, 258,
    258, 258, 258, 262, 260 ]
headPositionsY: [ 76, 74, 77, 74, 77, 75, 75, 73, 76, 77, 76, 74, 75, 73,
    73, 75, 76, 75, 75, 75, 74, 73, 74, 74, 77, 77, 77, 77, 75, 74, 78,
    77, 77, 80, 80, 82, 81, 74, 77, 73, 72, 76, 75, 80, 86, 87, 88, 83,
    82, 77, 74, 76, 77, 79, 84, 86, 83, 84, 83, 76, 75, 75, 73, 74, 76,
    81, 80, 83, 84, 83, 78, 75, 75, 74, 70, 70, 73, 75, 77, 79, 81, 82,
    83, 80, 79, 78, 75, 74, 73, 75, 73, 74, 74, 71, 77, 75, 75, 75, 75,
    72 ]
