%YAML:1.0
---
videoName: "headNod13.mp4"
gestureLabel: 202
fps: 29
pixelSizeInCmTemp: 3.2364864864864862e-01
faceCenterPointX: 253
faceCenterPointY: 79
headPositionsX: [ 253, 251, 254, 253, 254, 250, 255, 251, 253, 256, 252,
    253, 256, 253, 253, 256, 255, 256, 254, 256, 254, 254, 256, 253, 252,
    254, 252, 252, 253, 252, 256, 252, 254, 252, 254, 254, 253, 254, 252,
    252, 254, 251, 251, 252, 255, 255, 250, 255, 252, 254, 252, 256, 254,
    256, 253, 256, 254, 254, 252, 254, 255, 252, 255, 253, 251, 251, 254,
    256, 256, 253, 254, 252, 255, 253, 253, 255, 255, 255, 252, 252, 254,
    254, 258, 254, 256, 253, 255, 255, 255, 256, 256, 256, 252, 252, 252,
    255, 252, 251, 252, 254 ]
headPositionsY: [ 80, 73, 73, 76, 71, 74, 73, 73, 73, 74, 74, 71, 75, 74,
    73, 72, 75, 72, 75, 76, 75, 74, 75, 72, 74, 74, 73, 72, 74, 76, 71,
    72, 75, 75, 75, 72, 76, 76, 74, 72, 74, 73, 74, 76, 75, 76, 76, 72,
    72, 70, 70, 69, 67, 69, 66, 68, 71, 75, 78, 75, 78, 81, 78, 74, 74,
    69, 69, 67, 70, 68, 70, 72, 73, 78, 79, 81, 81, 80, 76, 77, 71, 74,
    71, 72, 73, 77, 78, 78, 78, 80, 80, 81, 80, 82, 76, 80, 77, 79, 79,
    77 ]
