%YAML:1.0
---
videoName: "headNod44.mp4"
gestureLabel: 202
fps: 29
pixelSizeInCmTemp: 2.9567901234567900e-01
faceCenterPointX: 268
faceCenterPointY: 78
headPositionsX: [ 270, 267, 269, 272, 271, 267, 269, 268, 270, 270, 268,
    271, 270, 267, 267, 270, 270, 268, 268, 271, 270, 271, 268, 268, 266,
    270, 266, 269, 269, 265, 267, 266, 265, 267, 270, 266, 267, 269, 268,
    267, 264, 266, 268, 265, 264, 268, 267, 267, 269, 267, 268, 266, 268,
    266, 268, 269, 268, 270, 269, 268, 270, 270, 268, 266, 266, 268, 270,
    265, 269, 270, 267, 269, 272, 268, 268, 267, 268, 271, 271, 271, 268,
    270, 267, 266, 269, 267, 269, 271, 269, 266, 266, 270, 269, 266, 268,
    270, 266, 267, 268, 267 ]
headPositionsY: [ 76, 76, 73, 72, 76, 76, 72, 74, 76, 72, 74, 76, 72, 73,
    76, 73, 75, 78, 79, 83, 83, 90, 94, 93, 97, 95, 90, 86, 80, 76, 72,
    70, 70, 72, 74, 76, 81, 83, 84, 87, 85, 83, 78, 75, 73, 70, 75, 76,
    76, 79, 84, 88, 89, 88, 86, 81, 78, 78, 75, 72, 74, 78, 79, 81, 87,
    87, 84, 81, 79, 76, 74, 77, 76, 76, 78, 84, 84, 86, 86, 88, 83, 82,
    81, 78, 79, 80, 75, 77, 76, 78, 76, 81, 79, 76, 76, 80, 77, 75, 77,
    78 ]
