%YAML:1.0
---
videoName: "headNod41.mp4"
gestureLabel: 202
fps: 29
pixelSizeInCmTemp: 2.9937500000000000e-01
faceCenterPointX: 267
faceCenterPointY: 76
headPositionsX: [ 269, 268, 272, 270, 269, 268, 268, 271, 268, 272, 268,
    271, 271, 269, 270, 272, 270, 273, 271, 270, 270, 273, 273, 273, 270,
    268, 270, 267, 271, 269, 271, 272, 269, 269, 271, 269, 269, 270, 271,
    269, 269, 268, 268, 268, 268, 267, 271, 269, 271, 265, 267, 267, 270,
    267, 268, 267, 267, 270, 271, 268, 271, 270, 270, 267, 269, 268, 268,
    268, 268, 270, 267, 265, 266, 269, 267, 269, 269, 265, 265, 265, 270,
    265, 267, 267, 268, 268, 266, 266, 269, 269, 267, 265, 267, 265, 265,
    267, 269, 269, 265, 267 ]
headPositionsY: [ 77, 72, 72, 74, 75, 74, 71, 74, 73, 71, 72, 72, 75, 74,
    73, 72, 75, 75, 74, 76, 72, 75, 72, 75, 73, 76, 73, 72, 74, 74, 72,
    72, 72, 73, 76, 72, 73, 74, 74, 79, 81, 82, 86, 90, 94, 91, 91, 87,
    85, 77, 79, 72, 69, 65, 64, 67, 68, 69, 73, 79, 80, 86, 92, 91, 91,
    89, 86, 82, 76, 73, 73, 70, 72, 71, 69, 79, 82, 81, 82, 83, 83, 80,
    74, 75, 73, 76, 74, 72, 73, 75, 77, 78, 81, 78, 79, 80, 80, 79, 74,
    79 ]
