%YAML:1.0
---
videoName: "headNod38.mp4"
gestureLabel: 202
fps: 29
pixelSizeInCmTemp: 2.9937500000000000e-01
faceCenterPointX: 267
faceCenterPointY: 73
headPositionsX: [ 267, 269, 267, 266, 269, 266, 268, 264, 268, 269, 265,
    264, 267, 268, 265, 269, 265, 265, 265, 265, 268, 269, 268, 267, 268,
    265, 264, 268, 265, 263, 263, 263, 264, 266, 266, 262, 264, 263, 267,
    266, 268, 268, 267, 267, 266, 269, 268, 265, 268, 267, 270, 267, 268,
    268, 269, 271, 268, 267, 268, 266, 267, 270, 270, 267, 267, 270, 269,
    267, 269, 269, 267, 267, 266, 266, 267, 269, 270, 268, 266, 266, 269,
    268, 269, 267, 268, 269, 267, 269, 268, 267, 270, 265, 268, 268, 265,
    267, 267, 267, 266, 267 ]
headPositionsY: [ 74, 76, 76, 73, 77, 82, 84, 84, 87, 82, 82, 77, 75, 77,
    76, 79, 81, 84, 87, 84, 82, 79, 76, 77, 79, 76, 80, 87, 90, 89, 88,
    84, 82, 79, 76, 74, 76, 74, 75, 80, 81, 85, 88, 90, 87, 83, 81, 77,
    71, 72, 74, 72, 71, 73, 81, 83, 84, 84, 87, 85, 79, 78, 76, 73, 72,
    75, 71, 73, 76, 74, 78, 83, 84, 87, 84, 82, 86, 82, 80, 75, 77, 75,
    71, 71, 73, 74, 73, 71, 73, 74, 71, 74, 74, 71, 71, 75, 75, 74, 73,
    73 ]
