%YAML:1.0
---
videoName: "headNod1.mp4"
gestureLabel: 202
fps: 29
pixelSizeInCmTemp: 3.2808219178082193e-01
faceCenterPointX: 263
faceCenterPointY: 78
headPositionsX: [ 262, 264, 261, 262, 264, 264, 264, 264, 264, 263, 262,
    264, 265, 264, 265, 265, 261, 264, 265, 265, 263, 263, 267, 264, 263,
    265, 265, 266, 266, 266, 264, 263, 265, 263, 264, 263, 265, 265, 263,
    264, 268, 265, 264, 267, 268, 267, 263, 263, 267, 263, 262, 264, 265,
    264, 263, 263, 261, 261, 263, 263, 264, 261, 264, 263, 262, 266, 265,
    265, 263, 261, 263, 263, 263, 261, 265, 261, 264, 260, 263, 263, 262,
    260, 261, 264, 260, 262, 265, 263, 265, 264, 260, 261, 263, 264, 264,
    264, 264, 262, 263, 263 ]
headPositionsY: [ 77, 74, 72, 74, 76, 74, 76, 77, 73, 73, 77, 75, 76, 77,
    72, 73, 72, 75, 77, 74, 76, 74, 74, 73, 75, 77, 75, 76, 75, 77, 74,
    73, 73, 75, 72, 69, 70, 67, 68, 64, 64, 63, 65, 66, 63, 67, 70, 70,
    70, 73, 79, 80, 82, 80, 83, 82, 78, 77, 77, 71, 70, 69, 67, 65, 66,
    69, 70, 70, 76, 77, 76, 77, 75, 78, 73, 72, 69, 65, 68, 64, 67, 67,
    69, 73, 73, 76, 80, 81, 81, 81, 82, 82, 80, 81, 79, 76, 80, 76, 79,
    79 ]
