%YAML:1.0
---
videoName: "headNod18.mp4"
gestureLabel: 202
fps: 29
pixelSizeInCmTemp: 3.3263888888888887e-01
faceCenterPointX: 255
faceCenterPointY: 77
headPositionsX: [ 253, 258, 257, 258, 255, 254, 256, 257, 257, 258, 256,
    259, 255, 257, 256, 257, 254, 255, 253, 255, 256, 255, 256, 253, 255,
    253, 256, 255, 258, 255, 254, 257, 256, 256, 257, 257, 255, 258, 257,
    254, 254, 257, 254, 256, 257, 256, 258, 256, 254, 255, 253, 254, 256,
    256, 253, 256, 253, 252, 255, 256, 255, 252, 257, 251, 256, 253, 253,
    255, 254, 255, 252, 254, 255, 253, 254, 253, 253, 256, 252, 253, 256,
    257, 253, 252, 252, 255, 255, 253, 253, 255, 254, 255, 254, 253, 252,
    255, 257, 252, 254, 253 ]
headPositionsY: [ 77, 79, 75, 76, 79, 75, 79, 78, 76, 78, 76, 79, 78, 80,
    77, 75, 76, 77, 80, 80, 78, 80, 77, 81, 79, 79, 79, 78, 79, 78, 81,
    77, 80, 77, 77, 79, 78, 79, 76, 78, 74, 72, 73, 70, 71, 70, 72, 72,
    76, 73, 74, 80, 81, 82, 79, 80, 78, 75, 72, 74, 72, 75, 75, 80, 83,
    84, 80, 79, 75, 72, 75, 73, 76, 79, 82, 83, 82, 80, 75, 77, 75, 76,
    77, 79, 81, 84, 84, 83, 81, 82, 80, 79, 78, 77, 77, 75, 79, 79, 77,
    80 ]
