%YAML:1.0
---
videoName: "headNod14.mp4"
gestureLabel: 202
fps: 29
pixelSizeInCmTemp: 3.2808219178082193e-01
faceCenterPointX: 257
faceCenterPointY: 71
headPositionsX: [ 259, 260, 257, 258, 257, 258, 256, 259, 256, 259, 260,
    260, 258, 256, 257, 259, 258, 257, 257, 257, 257, 259, 259, 258, 259,
    260, 257, 259, 257, 261, 260, 257, 259, 257, 256, 260, 258, 261, 258,
    261, 260, 258, 261, 256, 261, 257, 258, 259, 260, 259, 261, 260, 261,
    260, 260, 256, 261, 259, 261, 259, 261, 256, 257, 258, 258, 257, 261,
    261, 261, 257, 260, 260, 256, 259, 255, 260, 256, 256, 255, 260, 257,
    257, 256, 255, 259, 255, 256, 256, 257, 256, 258, 259, 256, 254, 259,
    258, 256, 258, 255, 256 ]
headPositionsY: [ 73, 79, 77, 75, 76, 78, 76, 76, 78, 78, 79, 79, 79, 77,
    78, 77, 76, 75, 79, 78, 80, 79, 76, 77, 77, 80, 76, 79, 77, 76, 79,
    75, 80, 77, 75, 78, 76, 79, 77, 77, 73, 70, 73, 71, 70, 69, 68, 71,
    69, 75, 73, 77, 78, 78, 81, 83, 79, 82, 78, 75, 73, 69, 70, 68, 69,
    69, 75, 77, 77, 80, 80, 84, 78, 79, 74, 74, 70, 69, 70, 68, 71, 75,
    76, 79, 78, 80, 80, 76, 76, 76, 70, 69, 68, 67, 69, 70, 70, 73, 73,
    69 ]
