%YAML:1.0
---
videoName: "headNod3.mp4"
gestureLabel: 202
fps: 29
pixelSizeInCmTemp: 3.1933333333333330e-01
faceCenterPointX: 264
faceCenterPointY: 76
headPositionsX: [ 263, 262, 264, 261, 266, 264, 266, 262, 266, 263, 268,
    268, 265, 268, 268, 266, 267, 268, 263, 264, 266, 266, 263, 265, 264,
    267, 263, 267, 263, 268, 267, 265, 268, 268, 266, 264, 267, 264, 264,
    266, 266, 267, 265, 263, 267, 265, 264, 265, 268, 267, 264, 265, 266,
    266, 262, 263, 264, 263, 265, 264, 265, 265, 265, 263, 263, 265, 265,
    267, 262, 266, 262, 263, 265, 262, 265, 263, 265, 265, 263, 265, 264,
    263, 263, 266, 262, 262, 266, 262, 265, 266, 265, 264, 265, 263, 261,
    264, 263, 267, 264, 265 ]
headPositionsY: [ 76, 74, 76, 75, 79, 75, 75, 78, 76, 72, 74, 75, 72, 75,
    74, 75, 75, 73, 75, 75, 74, 72, 73, 72, 74, 71, 75, 72, 76, 77, 75,
    72, 73, 73, 73, 77, 73, 74, 76, 74, 73, 76, 73, 71, 74, 67, 70, 68,
    64, 67, 69, 70, 70, 77, 80, 79, 81, 85, 80, 76, 74, 74, 67, 70, 67,
    65, 67, 72, 72, 80, 79, 80, 79, 79, 76, 76, 69, 71, 69, 64, 65, 65,
    70, 72, 71, 74, 78, 77, 79, 82, 76, 80, 78, 78, 77, 79, 77, 78, 73,
    77 ]
