%YAML:1.0
---
videoName: "headNod3.mp4"
gestureLabel: 202
fps: 29
pixelSizeInCmTemp: 3.1933333333333330e-01
faceCenterPointX: 264
faceCenterPointY: 76
headPositionsX: [ 264, 264, 264, 261, 263, 265, 267, 265, 266, 263, 268,
    264, 265, 268, 267, 263, 263, 264, 263, 265, 266, 266, 263, 263, 266,
    264, 263, 267, 266, 264, 265, 267, 266, 265, 267, 265, 267, 265, 265,
    268, 267, 263, 265, 267, 264, 265, 266, 266, 266, 264, 268, 265, 265,
    265, 262, 265, 265, 266, 262, 264, 263, 264, 264, 264, 261, 265, 265,
    264, 261, 264, 266, 263, 262, 262, 264, 263, 264, 266, 262, 263, 263,
    264, 266, 262, 262, 265, 264, 264, 265, 264, 263, 262, 264, 262, 261,
    262, 265, 266, 264, 266 ]
headPositionsY: [ 78, 78, 79, 75, 75, 77, 76, 75, 77, 76, 73, 75, 71, 75,
    74, 71, 71, 72, 71, 75, 74, 70, 74, 75, 75, 73, 72, 73, 73, 73, 75,
    76, 77, 73, 77, 74, 73, 77, 75, 76, 74, 75, 77, 72, 73, 69, 66, 65,
    67, 66, 69, 69, 71, 74, 77, 80, 84, 81, 84, 80, 76, 73, 68, 69, 65,
    65, 68, 73, 75, 80, 80, 81, 83, 78, 76, 76, 70, 67, 69, 65, 65, 69,
    70, 69, 74, 74, 78, 77, 80, 79, 76, 78, 75, 77, 76, 78, 78, 78, 73,
    77 ]
