%YAML:1.0
---
videoName: "headNod0.mp4"
gestureLabel: 202
fps: 29
pixelSizeInCmTemp: 3.2364864864864862e-01
faceCenterPointX: 264
faceCenterPointY: 76
headPositionsX: [ 262, 266, 268, 270, 267, 266, 269, 269, 269, 268, 266,
    269, 269, 265, 268, 264, 263, 266, 264, 264, 265, 268, 267, 266, 263,
    264, 265, 266, 268, 264, 267, 263, 268, 264, 266, 266, 268, 265, 268,
    265, 267, 267, 265, 266, 266, 263, 265, 263, 265, 265, 267, 264, 263,
    264, 264, 265, 263, 266, 264, 267, 265, 263, 264, 265, 265, 267, 266,
    265, 264, 267, 266, 263, 265, 266, 262, 265, 263, 265, 266, 264, 264,
    265, 262, 264, 265, 263, 262, 262, 264, 265, 265, 262, 267, 266, 265,
    263, 263, 263, 267, 266 ]
headPositionsY: [ 76, 75, 74, 73, 73, 74, 74, 72, 73, 71, 72, 73, 75, 71,
    72, 75, 72, 75, 71, 74, 72, 75, 76, 72, 72, 72, 71, 72, 72, 71, 68,
    70, 63, 64, 63, 63, 61, 63, 66, 68, 68, 72, 75, 75, 76, 82, 80, 80,
    80, 81, 80, 77, 73, 71, 69, 69, 69, 65, 65, 69, 70, 70, 75, 74, 78,
    77, 79, 79, 81, 78, 75, 75, 71, 70, 70, 67, 68, 67, 68, 72, 72, 70,
    73, 72, 75, 75, 78, 79, 79, 79, 76, 76, 76, 79, 76, 76, 75, 74, 74,
    77 ]
