%YAML:1.0
---
videoName: "headNod47.mp4"
gestureLabel: 202
fps: 29
pixelSizeInCmTemp: 3.0316455696202532e-01
faceCenterPointX: 266
faceCenterPointY: 70
headPositionsX: [ 268, 269, 266, 266, 268, 267, 264, 265, 266, 267, 265,
    265, 264, 263, 263, 262, 265, 264, 266, 263, 264, 263, 263, 265, 268,
    267, 266, 266, 264, 265, 266, 267, 269, 269, 267, 267, 268, 269, 266,
    266, 266, 266, 266, 270, 269, 267, 267, 265, 266, 266, 264, 267, 265,
    265, 267, 269, 266, 265, 267, 267, 267, 265, 265, 265, 264, 267, 264,
    269, 266, 267, 267, 267, 266, 267, 267, 269, 265, 268, 265, 265, 265,
    266, 266, 266, 268, 267, 266, 263, 268, 267, 263, 267, 267, 267, 266,
    266, 265, 265, 267, 267 ]
headPositionsY: [ 72, 62, 62, 58, 58, 58, 60, 61, 65, 68, 72, 77, 80, 83,
    79, 75, 74, 72, 70, 67, 68, 65, 65, 71, 73, 72, 76, 80, 78, 73, 76,
    71, 70, 68, 65, 66, 67, 69, 71, 74, 75, 80, 80, 77, 76, 74, 69, 68,
    68, 67, 67, 67, 73, 72, 75, 74, 73, 70, 70, 71, 68, 69, 69, 69, 69,
    71, 71, 76, 76, 75, 76, 74, 72, 69, 71, 71, 70, 68, 72, 72, 71, 74,
    73, 74, 70, 70, 69, 71, 71, 68, 68, 72, 70, 72, 70, 71, 70, 71, 68,
    70 ]
