%YAML:1.0
---
videoName: "headNod18.mp4"
gestureLabel: 202
fps: 29
pixelSizeInCmTemp: 3.3263888888888887e-01
faceCenterPointX: 255
faceCenterPointY: 77
headPositionsX: [ 257, 258, 255, 258, 256, 256, 257, 258, 256, 255, 254,
    255, 255, 257, 255, 255, 256, 257, 253, 256, 256, 256, 256, 257, 256,
    253, 255, 253, 256, 255, 257, 255, 255, 254, 253, 258, 254, 256, 256,
    255, 257, 255, 254, 256, 253, 258, 258, 254, 258, 257, 253, 253, 252,
    255, 256, 254, 254, 253, 252, 255, 254, 254, 256, 251, 254, 253, 255,
    256, 254, 252, 256, 252, 256, 254, 254, 255, 253, 255, 252, 255, 253,
    254, 253, 255, 254, 252, 255, 254, 256, 256, 254, 253, 255, 253, 254,
    253, 254, 253, 255, 257 ]
headPositionsY: [ 79, 77, 77, 77, 80, 75, 78, 76, 76, 78, 76, 80, 77, 78,
    77, 79, 76, 78, 77, 78, 79, 78, 76, 77, 77, 78, 80, 78, 79, 77, 77,
    79, 77, 80, 78, 80, 79, 76, 76, 76, 77, 76, 71, 72, 71, 72, 69, 71,
    75, 75, 76, 77, 81, 82, 82, 78, 77, 76, 71, 73, 75, 73, 78, 77, 84,
    85, 81, 78, 76, 76, 75, 76, 77, 80, 85, 82, 84, 78, 75, 75, 74, 76,
    77, 75, 77, 84, 81, 84, 79, 82, 79, 75, 75, 75, 78, 76, 81, 76, 75,
    78 ]
