%YAML:1.0
---
videoName: "headNod31.mp4"
gestureLabel: 202
fps: 29
pixelSizeInCmTemp: 2.8855421686746985e-01
faceCenterPointX: 267
faceCenterPointY: 75
headPositionsX: [ 267, 271, 271, 268, 270, 269, 271, 268, 271, 272, 271,
    271, 270, 269, 271, 269, 270, 266, 270, 269, 268, 266, 269, 267, 268,
    267, 268, 265, 267, 266, 270, 266, 270, 267, 271, 267, 267, 268, 266,
    267, 267, 265, 267, 269, 266, 265, 267, 269, 269, 268, 266, 265, 267,
    266, 265, 265, 265, 267, 267, 265, 265, 268, 268, 264, 269, 270, 268,
    266, 268, 265, 267, 267, 265, 267, 264, 266, 265, 264, 266, 266, 268,
    267, 267, 265, 269, 268, 264, 266, 267, 267, 269, 267, 267, 267, 267,
    266, 267, 265, 268, 268 ]
headPositionsY: [ 74, 75, 76, 76, 75, 73, 74, 68, 68, 68, 64, 66, 65, 65,
    78, 80, 84, 86, 84, 86, 85, 81, 82, 78, 75, 72, 71, 71, 69, 67, 69,
    67, 72, 76, 76, 80, 82, 84, 89, 87, 83, 83, 80, 76, 74, 73, 76, 73,
    75, 78, 80, 85, 86, 82, 83, 79, 78, 73, 73, 73, 73, 71, 67, 69, 71,
    72, 73, 75, 81, 83, 80, 77, 77, 75, 75, 75, 69, 73, 69, 74, 73, 73,
    76, 76, 75, 78, 75, 77, 75, 72, 76, 72, 76, 75, 77, 78, 78, 78, 74,
    77 ]
