%YAML:1.0
---
videoName: "headNod30.mp4"
gestureLabel: 202
fps: 29
pixelSizeInCmTemp: 3.2364864864864862e-01
faceCenterPointX: 271
faceCenterPointY: 72
headPositionsX: [ 269, 271, 269, 273, 272, 270, 273, 271, 274, 269, 274,
    272, 272, 273, 271, 272, 271, 271, 272, 270, 273, 271, 273, 271, 274,
    272, 271, 271, 274, 273, 275, 271, 269, 273, 273, 268, 271, 272, 271,
    270, 272, 272, 269, 270, 271, 269, 271, 267, 271, 269, 270, 270, 269,
    269, 272, 270, 272, 270, 272, 273, 272, 269, 273, 269, 273, 271, 271,
    269, 273, 268, 269, 270, 268, 272, 273, 268, 271, 271, 270, 271, 270,
    270, 269, 272, 269, 272, 271, 273, 273, 273, 272, 274, 272, 271, 269,
    272, 271, 273, 271, 271 ]
headPositionsY: [ 70, 76, 75, 73, 77, 76, 76, 76, 76, 77, 77, 75, 73, 74,
    75, 76, 76, 75, 75, 77, 73, 73, 70, 70, 70, 69, 65, 67, 69, 73, 71,
    75, 79, 80, 84, 83, 79, 80, 75, 72, 69, 70, 69, 71, 74, 78, 78, 80,
    81, 78, 75, 75, 73, 71, 69, 69, 73, 69, 72, 76, 76, 77, 76, 77, 73,
    73, 69, 70, 68, 70, 69, 69, 71, 73, 76, 74, 77, 77, 76, 69, 69, 73,
    69, 69, 72, 73, 69, 74, 73, 73, 75, 76, 74, 72, 74, 72, 74, 73, 73,
    71 ]
