%YAML:1.0
---
videoName: "headNod9.mp4"
gestureLabel: 202
fps: 29
pixelSizeInCmTemp: 3.1513157894736843e-01
faceCenterPointX: 261
faceCenterPointY: 75
headPositionsX: [ 259, 262, 259, 259, 263, 262, 260, 262, 259, 263, 261,
    261, 262, 261, 259, 261, 259, 260, 259, 262, 262, 261, 262, 262, 258,
    259, 263, 261, 260, 260, 262, 258, 262, 259, 262, 261, 260, 261, 263,
    263, 260, 263, 263, 262, 263, 259, 257, 260, 258, 257, 257, 261, 262,
    258, 259, 262, 260, 258, 261, 261, 259, 259, 258, 259, 263, 259, 263,
    261, 262, 259, 261, 261, 261, 257, 259, 261, 261, 261, 260, 261, 257,
    261, 257, 256, 260, 260, 257, 260, 260, 257, 258, 261, 259, 257, 259,
    258, 259, 262, 258, 260 ]
headPositionsY: [ 75, 74, 75, 74, 75, 75, 74, 76, 74, 75, 73, 75, 76, 77,
    73, 74, 77, 77, 77, 76, 76, 73, 74, 74, 76, 75, 77, 73, 73, 74, 77,
    79, 80, 82, 82, 78, 77, 73, 75, 73, 73, 75, 79, 83, 84, 86, 88, 85,
    81, 80, 78, 77, 76, 80, 84, 83, 87, 84, 81, 80, 75, 73, 75, 76, 75,
    77, 82, 86, 82, 83, 79, 76, 72, 71, 72, 73, 73, 76, 77, 80, 80, 83,
    82, 83, 82, 76, 76, 74, 76, 73, 72, 74, 73, 71, 76, 76, 75, 76, 75,
    72 ]
