%YAML:1.0
---
videoName: "headNod26.mp4"
gestureLabel: 202
fps: 29
pixelSizeInCmTemp: 3.1513157894736843e-01
faceCenterPointX: 271
faceCenterPointY: 78
headPositionsX: [ 271, 273, 271, 271, 270, 274, 271, 272, 274, 274, 271,
    275, 272, 273, 272, 271, 272, 272, 275, 273, 274, 272, 274, 270, 274,
    271, 270, 271, 271, 274, 270, 273, 272, 273, 274, 270, 269, 271, 269,
    273, 271, 269, 270, 271, 273, 274, 271, 274, 270, 272, 270, 271, 271,
    271, 270, 273, 271, 270, 272, 269, 271, 272, 270, 272, 272, 273, 274,
    272, 270, 271, 271, 270, 272, 271, 271, 270, 272, 269, 272, 270, 271,
    273, 269, 272, 273, 270, 270, 270, 272, 272, 272, 271, 269, 272, 272,
    271, 272, 272, 269, 269 ]
headPositionsY: [ 80, 71, 72, 73, 75, 72, 71, 70, 66, 69, 64, 65, 67, 65,
    68, 69, 69, 69, 75, 77, 79, 84, 83, 83, 82, 80, 76, 76, 74, 68, 68,
    67, 69, 68, 72, 71, 71, 76, 76, 78, 78, 77, 76, 74, 76, 70, 68, 67,
    66, 68, 70, 70, 74, 75, 76, 77, 74, 74, 72, 70, 71, 70, 69, 69, 66,
    69, 69, 71, 72, 71, 75, 76, 78, 75, 74, 73, 71, 71, 69, 70, 70, 70,
    72, 68, 71, 73, 74, 79, 77, 78, 78, 77, 80, 80, 78, 79, 77, 80, 78,
    77 ]
