%YAML:1.0
---
videoName: "headNod7.mp4"
gestureLabel: 202
fps: 29
pixelSizeInCmTemp: 3.2808219178082193e-01
faceCenterPointX: 261
faceCenterPointY: 71
headPositionsX: [ 262, 268, 267, 265, 267, 263, 266, 262, 266, 264, 262,
    263, 265, 265, 260, 265, 260, 265, 261, 262, 264, 263, 261, 262, 260,
    262, 264, 262, 262, 262, 260, 261, 260, 264, 260, 263, 261, 261, 262,
    263, 263, 264, 260, 260, 263, 260, 261, 263, 263, 263, 260, 260, 261,
    261, 263, 263, 260, 260, 260, 262, 262, 261, 263, 262, 263, 259, 259,
    261, 263, 262, 258, 260, 261, 262, 260, 262, 260, 260, 262, 261, 262,
    262, 263, 263, 263, 261, 262, 260, 260, 263, 259, 264, 260, 262, 260,
    263, 262, 263, 261, 261 ]
headPositionsY: [ 69, 74, 73, 76, 75, 73, 75, 71, 76, 72, 72, 74, 75, 74,
    74, 74, 74, 74, 73, 75, 73, 73, 73, 77, 77, 76, 73, 78, 75, 74, 77,
    74, 75, 75, 76, 74, 75, 73, 75, 76, 77, 73, 74, 74, 78, 76, 76, 76,
    71, 72, 71, 70, 72, 68, 73, 72, 79, 79, 82, 78, 76, 73, 70, 71, 71,
    71, 74, 78, 80, 80, 76, 76, 74, 72, 70, 68, 69, 70, 72, 75, 76, 77,
    80, 79, 79, 77, 77, 76, 70, 70, 73, 71, 68, 69, 72, 70, 70, 71, 74,
    69 ]
