%YAML:1.0
---
videoName: "headNod22.mp4"
gestureLabel: 202
fps: 29
pixelSizeInCmTemp: 3.1513157894736843e-01
faceCenterPointX: 252
faceCenterPointY: 80
headPositionsX: [ 253, 250, 254, 251, 255, 253, 253, 254, 253, 254, 255,
    253, 255, 254, 254, 250, 255, 251, 254, 252, 251, 254, 251, 254, 251,
    254, 254, 251, 256, 254, 253, 253, 251, 254, 254, 256, 254, 256, 256,
    254, 253, 255, 251, 255, 253, 253, 251, 252, 254, 251, 252, 254, 250,
    253, 251, 250, 249, 250, 249, 255, 253, 253, 251, 250, 253, 250, 254,
    253, 252, 252, 255, 254, 253, 251, 254, 251, 254, 252, 254, 254, 254,
    251, 253, 251, 251, 252, 252, 250, 251, 251, 253, 252, 251, 249, 250,
    250, 250, 253, 250, 253 ]
headPositionsY: [ 81, 80, 78, 76, 76, 75, 78, 76, 76, 80, 80, 79, 79, 80,
    79, 77, 80, 76, 77, 77, 79, 81, 82, 80, 79, 84, 83, 82, 82, 77, 76,
    72, 72, 71, 69, 73, 72, 76, 81, 83, 86, 84, 79, 75, 73, 74, 71, 71,
    72, 76, 75, 79, 81, 82, 85, 85, 79, 79, 77, 72, 71, 73, 72, 75, 75,
    80, 78, 81, 80, 77, 77, 77, 77, 75, 75, 76, 81, 80, 80, 78, 78, 74,
    75, 76, 76, 80, 80, 82, 80, 79, 77, 78, 78, 76, 80, 80, 82, 80, 79,
    81 ]
