%YAML:1.0
---
videoName: "headNod16.mp4"
gestureLabel: 202
fps: 29
pixelSizeInCmTemp: 3.3263888888888887e-01
faceCenterPointX: 255
faceCenterPointY: 77
headPositionsX: [ 254, 259, 260, 261, 259, 261, 258, 258, 259, 258, 261,
    257, 261, 257, 257, 259, 260, 260, 259, 256, 261, 257, 257, 259, 260,
    259, 258, 257, 257, 260, 257, 257, 257, 260, 257, 259, 259, 259, 260,
    259, 259, 258, 258, 258, 261, 259, 261, 258, 259, 255, 255, 260, 255,
    258, 257, 260, 257, 260, 257, 256, 258, 256, 258, 255, 254, 257, 255,
    254, 253, 258, 257, 257, 254, 253, 256, 255, 254, 252, 256, 253, 256,
    256, 254, 253, 258, 256, 255, 256, 257, 256, 255, 256, 253, 258, 254,
    256, 258, 255, 255, 257 ]
headPositionsY: [ 76, 77, 75, 76, 75, 72, 77, 74, 75, 74, 77, 75, 73, 72,
    74, 74, 74, 74, 74, 75, 75, 75, 75, 74, 74, 75, 77, 73, 75, 75, 75,
    72, 76, 74, 77, 75, 73, 72, 68, 67, 68, 70, 70, 74, 76, 80, 81, 80,
    82, 81, 77, 73, 70, 71, 69, 68, 73, 76, 75, 80, 83, 81, 79, 82, 77,
    76, 74, 72, 71, 70, 71, 76, 77, 79, 78, 78, 81, 79, 74, 73, 71, 70,
    69, 70, 71, 75, 77, 80, 76, 76, 75, 78, 76, 75, 76, 77, 79, 74, 76,
    79 ]
