%YAML:1.0
---
videoName: "headNod11.mp4"
gestureLabel: 202
fps: 29
pixelSizeInCmTemp: 3.2364864864864862e-01
faceCenterPointX: 261
faceCenterPointY: 75
headPositionsX: [ 259, 259, 260, 259, 260, 260, 259, 262, 259, 261, 260,
    261, 260, 262, 257, 257, 257, 262, 261, 258, 262, 262, 261, 259, 260,
    262, 262, 258, 258, 260, 258, 259, 259, 261, 261, 260, 262, 262, 262,
    261, 261, 261, 258, 260, 259, 262, 259, 261, 259, 263, 262, 258, 263,
    263, 261, 259, 260, 263, 261, 260, 261, 261, 259, 258, 260, 260, 257,
    256, 258, 259, 255, 256, 258, 257, 256, 257, 259, 256, 258, 256, 256,
    256, 258, 262, 258, 258, 260, 260, 258, 260, 260, 261, 258, 261, 261,
    260, 261, 259, 260, 261 ]
headPositionsY: [ 73, 72, 73, 72, 74, 77, 72, 77, 74, 76, 75, 74, 74, 73,
    72, 75, 76, 73, 74, 72, 76, 73, 75, 77, 76, 77, 74, 77, 73, 76, 77,
    73, 76, 73, 77, 76, 74, 74, 74, 77, 75, 75, 75, 73, 74, 74, 73, 72,
    70, 72, 67, 68, 66, 70, 69, 73, 72, 76, 78, 81, 81, 78, 75, 72, 71,
    68, 68, 67, 70, 71, 74, 76, 78, 79, 80, 80, 78, 78, 77, 71, 70, 68,
    70, 71, 73, 75, 79, 78, 79, 80, 81, 76, 79, 77, 77, 74, 78, 76, 77,
    73 ]
