%YAML:1.0
---
videoName: "headNod45.mp4"
gestureLabel: 202
fps: 30
pixelSizeInCmTemp: 3.0316455696202532e-01
faceCenterPointX: 265
faceCenterPointY: 77
headPositionsX: [ 264, 268, 268, 269, 266, 269, 267, 269, 267, 268, 268,
    270, 268, 268, 269, 267, 268, 265, 268, 265, 267, 266, 265, 268, 269,
    269, 265, 265, 266, 265, 266, 265, 263, 267, 265, 266, 265, 266, 268,
    265, 265, 264, 263, 267, 263, 263, 266, 264, 264, 267, 267, 268, 268,
    266, 267, 266, 269, 268, 268, 264, 267, 267, 267, 265, 265, 268, 265,
    268, 269, 266, 267, 267, 268, 265, 266, 266, 264, 266, 267, 266, 266,
    267, 266, 268, 265, 265, 269, 266, 264, 263, 263, 264, 264, 268, 266,
    267, 267, 264, 266, 265 ]
headPositionsY: [ 75, 75, 74, 76, 76, 78, 75, 74, 77, 74, 76, 75, 76, 73,
    77, 77, 78, 76, 79, 82, 83, 88, 93, 95, 90, 93, 88, 87, 82, 75, 72,
    73, 69, 64, 65, 67, 65, 68, 72, 76, 82, 88, 89, 92, 90, 91, 85, 84,
    78, 76, 74, 73, 73, 73, 76, 77, 78, 82, 83, 86, 85, 82, 83, 80, 76,
    72, 71, 70, 72, 74, 76, 78, 84, 89, 89, 85, 86, 85, 84, 81, 78, 75,
    78, 79, 75, 81, 80, 78, 78, 77, 78, 77, 81, 76, 76, 80, 79, 80, 78,
    78 ]
