%YAML:1.0
---
videoName: "headNod44.mp4"
gestureLabel: 202
fps: 29
pixelSizeInCmTemp: 2.9567901234567900e-01
faceCenterPointX: 268
faceCenterPointY: 78
headPositionsX: [ 270, 267, 270, 272, 267, 267, 271, 267, 268, 268, 266,
    269, 268, 270, 271, 268, 271, 269, 269, 268, 269, 271, 267, 269, 270,
    267, 266, 269, 269, 267, 269, 269, 268, 267, 268, 266, 269, 268, 265,
    265, 264, 267, 267, 267, 267, 266, 268, 269, 265, 268, 269, 268, 266,
    269, 269, 269, 268, 270, 269, 268, 268, 268, 265, 269, 269, 268, 268,
    269, 266, 268, 269, 268, 269, 266, 270, 270, 271, 269, 270, 271, 270,
    267, 270, 266, 268, 270, 266, 267, 266, 270, 270, 267, 267, 265, 268,
    269, 267, 266, 270, 270 ]
headPositionsY: [ 80, 76, 73, 76, 73, 75, 73, 73, 74, 73, 74, 76, 74, 75,
    73, 75, 75, 76, 80, 82, 84, 88, 92, 95, 97, 93, 90, 87, 80, 73, 73,
    72, 67, 71, 74, 77, 78, 85, 87, 90, 88, 83, 79, 79, 72, 71, 74, 74,
    78, 81, 86, 90, 93, 88, 89, 83, 79, 75, 75, 76, 76, 77, 80, 82, 85,
    85, 82, 83, 81, 80, 74, 76, 76, 80, 77, 84, 86, 88, 85, 85, 82, 80,
    78, 77, 77, 80, 75, 77, 78, 76, 78, 78, 76, 79, 78, 78, 77, 76, 79,
    76 ]
