%YAML:1.0
---
videoName: "headNod31.mp4"
gestureLabel: 202
fps: 29
pixelSizeInCmTemp: 2.8855421686746985e-01
faceCenterPointX: 267
faceCenterPointY: 75
headPositionsX: [ 266, 270, 270, 270, 272, 268, 269, 268, 272, 269, 269,
    271, 270, 271, 268, 270, 266, 268, 267, 269, 265, 268, 268, 266, 268,
    267, 264, 268, 269, 267, 270, 270, 268, 270, 271, 271, 269, 267, 267,
    269, 270, 269, 270, 268, 265, 269, 269, 269, 268, 268, 269, 266, 265,
    267, 268, 266, 268, 266, 269, 268, 266, 269, 266, 268, 266, 267, 266,
    267, 267, 269, 268, 268, 266, 265, 267, 266, 268, 265, 265, 268, 268,
    268, 265, 264, 266, 266, 264, 269, 268, 266, 269, 265, 266, 267, 266,
    266, 269, 265, 267, 267 ]
headPositionsY: [ 75, 76, 72, 76, 72, 72, 74, 65, 65, 64, 68, 67, 66, 67,
    74, 80, 81, 83, 84, 86, 85, 85, 83, 79, 76, 71, 73, 74, 68, 66, 71,
    67, 73, 75, 79, 83, 85, 86, 85, 85, 83, 81, 81, 76, 76, 74, 76, 73,
    75, 78, 82, 81, 82, 83, 85, 82, 80, 73, 74, 71, 70, 71, 71, 69, 72,
    75, 75, 77, 77, 79, 82, 78, 79, 75, 77, 72, 72, 73, 72, 73, 73, 77,
    77, 76, 76, 76, 76, 78, 77, 75, 74, 72, 73, 75, 75, 76, 75, 74, 78,
    77 ]
