%YAML:1.0
---
videoName: "headNod13.mp4"
gestureLabel: 202
fps: 29
pixelSizeInCmTemp: 3.2364864864864862e-01
faceCenterPointX: 253
faceCenterPointY: 79
headPositionsX: [ 252, 250, 253, 255, 254, 254, 252, 251, 252, 254, 254,
    252, 253, 255, 254, 254, 257, 253, 253, 254, 256, 256, 255, 252, 252,
    255, 256, 253, 255, 253, 254, 256, 252, 253, 254, 254, 252, 255, 254,
    252, 252, 254, 252, 252, 253, 253, 252, 254, 255, 253, 254, 253, 255,
    253, 254, 256, 254, 251, 256, 251, 256, 254, 251, 252, 253, 253, 252,
    255, 253, 255, 256, 252, 255, 253, 256, 257, 254, 254, 252, 254, 256,
    254, 258, 255, 253, 256, 256, 253, 253, 255, 255, 254, 252, 254, 254,
    252, 251, 252, 250, 251 ]
headPositionsY: [ 79, 73, 71, 75, 73, 72, 75, 74, 72, 74, 73, 74, 75, 75,
    76, 74, 74, 72, 74, 74, 75, 74, 72, 75, 72, 73, 75, 73, 75, 76, 74,
    72, 74, 73, 74, 74, 72, 75, 73, 71, 72, 72, 76, 73, 76, 76, 76, 73,
    71, 70, 71, 67, 68, 65, 69, 70, 73, 72, 76, 75, 80, 80, 78, 77, 71,
    72, 72, 71, 67, 70, 72, 72, 77, 76, 80, 78, 78, 77, 79, 75, 74, 71,
    75, 70, 75, 75, 77, 77, 78, 82, 78, 81, 81, 81, 80, 78, 78, 77, 80,
    80 ]
