%YAML:1.0
---
videoName: "headNod39.mp4"
gestureLabel: 202
fps: 29
pixelSizeInCmTemp: 2.9937500000000000e-01
faceCenterPointX: 268
faceCenterPointY: 78
headPositionsX: [ 270, 268, 267, 265, 266, 270, 271, 268, 269, 269, 267,
    270, 270, 271, 269, 270, 270, 268, 267, 271, 270, 270, 270, 266, 270,
    268, 270, 267, 270, 271, 270, 267, 267, 268, 269, 269, 270, 268, 268,
    267, 271, 269, 267, 267, 266, 267, 269, 265, 267, 269, 266, 268, 267,
    270, 268, 266, 269, 266, 267, 264, 264, 265, 264, 268, 269, 267, 265,
    268, 264, 267, 264, 265, 267, 268, 266, 266, 269, 267, 268, 267, 265,
    270, 269, 265, 266, 267, 269, 264, 269, 268, 267, 265, 268, 269, 265,
    266, 267, 266, 269, 267 ]
headPositionsY: [ 76, 79, 77, 77, 77, 75, 75, 74, 74, 77, 74, 76, 74, 76,
    77, 78, 76, 75, 74, 76, 75, 75, 78, 75, 77, 76, 79, 78, 76, 78, 79,
    76, 77, 77, 74, 76, 78, 78, 79, 81, 80, 82, 86, 87, 82, 82, 79, 75,
    75, 75, 76, 76, 73, 75, 78, 83, 87, 89, 90, 87, 83, 80, 79, 74, 71,
    75, 74, 73, 76, 80, 82, 81, 83, 80, 80, 74, 73, 74, 75, 77, 79, 79,
    77, 82, 79, 82, 80, 78, 81, 79, 80, 78, 78, 79, 77, 76, 76, 77, 79,
    80 ]
