%YAML:1.0
---
videoName: "headNod29.mp4"
gestureLabel: 202
fps: 29
pixelSizeInCmTemp: 3.1933333333333330e-01
faceCenterPointX: 271
faceCenterPointY: 70
headPositionsX: [ 273, 274, 276, 273, 273, 275, 271, 273, 275, 275, 272,
    275, 274, 272, 272, 273, 270, 271, 275, 271, 274, 273, 273, 272, 272,
    271, 272, 274, 270, 271, 271, 270, 269, 269, 269, 271, 269, 271, 270,
    271, 270, 271, 269, 271, 271, 271, 272, 273, 272, 269, 270, 274, 274,
    272, 270, 270, 271, 271, 271, 273, 271, 271, 271, 271, 270, 269, 271,
    272, 268, 271, 269, 270, 269, 270, 271, 272, 270, 272, 271, 271, 272,
    273, 271, 272, 273, 272, 273, 272, 270, 270, 272, 272, 270, 273, 268,
    270, 271, 269, 270, 273 ]
headPositionsY: [ 71, 71, 73, 74, 74, 74, 77, 77, 78, 80, 82, 80, 76, 76,
    74, 69, 68, 68, 69, 66, 66, 68, 70, 71, 73, 76, 79, 80, 77, 81, 80,
    79, 74, 71, 72, 71, 71, 68, 70, 72, 77, 76, 77, 79, 77, 78, 76, 75,
    75, 75, 74, 72, 74, 79, 79, 80, 82, 80, 76, 75, 77, 76, 76, 78, 79,
    75, 78, 77, 75, 74, 74, 70, 69, 69, 69, 71, 73, 72, 78, 77, 75, 73,
    74, 72, 73, 69, 72, 71, 68, 70, 68, 69, 68, 73, 69, 71, 71, 72, 67,
    71 ]
