%YAML:1.0
---
videoName: "headNod20.mp4"
gestureLabel: 202
fps: 30
pixelSizeInCmTemp: 3.2808219178082193e-01
faceCenterPointX: 253
faceCenterPointY: 80
headPositionsX: [ 253, 254, 253, 256, 254, 258, 253, 254, 256, 256, 255,
    253, 254, 253, 255, 253, 254, 256, 257, 254, 255, 257, 255, 257, 257,
    257, 258, 254, 254, 258, 257, 254, 255, 257, 257, 255, 253, 256, 253,
    253, 254, 255, 252, 253, 254, 252, 253, 250, 251, 254, 254, 250, 252,
    251, 249, 251, 250, 251, 251, 252, 252, 255, 254, 252, 252, 251, 252,
    255, 252, 253, 255, 253, 252, 252, 255, 251, 255, 254, 250, 251, 250,
    251, 251, 252, 254, 250, 251, 251, 255, 252, 254, 253, 251, 254, 255,
    251, 251, 252, 255, 252 ]
headPositionsY: [ 81, 76, 76, 78, 76, 76, 80, 78, 76, 77, 80, 79, 77, 79,
    77, 77, 80, 77, 79, 80, 77, 80, 80, 78, 78, 78, 79, 77, 81, 81, 82,
    83, 86, 89, 84, 81, 82, 77, 73, 73, 74, 72, 73, 73, 79, 82, 83, 87,
    87, 89, 87, 85, 82, 76, 75, 78, 79, 81, 82, 81, 81, 85, 83, 80, 77,
    80, 81, 79, 79, 82, 81, 82, 78, 79, 78, 79, 80, 80, 82, 82, 83, 79,
    81, 82, 82, 80, 83, 80, 79, 79, 80, 81, 80, 79, 82, 81, 78, 78, 80,
    83 ]
