%YAML:1.0
---
videoName: "headNod14.mp4"
gestureLabel: 202
fps: 29
pixelSizeInCmTemp: 3.2808219178082193e-01
faceCenterPointX: 257
faceCenterPointY: 71
headPositionsX: [ 257, 258, 259, 260, 258, 255, 258, 259, 255, 259, 261,
    259, 261, 258, 260, 260, 260, 258, 260, 260, 260, 257, 259, 259, 256,
    259, 259, 258, 261, 261, 261, 259, 260, 259, 257, 257, 259, 260, 258,
    258, 259, 259, 261, 259, 258, 260, 258, 258, 260, 258, 259, 259, 259,
    259, 258, 259, 259, 260, 261, 257, 258, 258, 259, 258, 260, 261, 259,
    258, 260, 259, 261, 258, 256, 256, 257, 257, 259, 255, 259, 260, 256,
    260, 256, 258, 257, 256, 260, 258, 259, 254, 259, 257, 258, 254, 255,
    256, 257, 259, 256, 255 ]
headPositionsY: [ 72, 76, 78, 77, 77, 76, 76, 75, 76, 76, 78, 77, 76, 78,
    75, 78, 77, 77, 79, 77, 77, 77, 76, 80, 76, 78, 77, 75, 77, 78, 80,
    75, 76, 80, 79, 79, 77, 80, 76, 75, 72, 70, 72, 69, 69, 68, 71, 73,
    72, 72, 77, 77, 82, 79, 84, 79, 78, 82, 76, 77, 71, 72, 71, 71, 71,
    70, 73, 75, 76, 81, 79, 81, 78, 78, 77, 70, 70, 68, 66, 71, 70, 73,
    73, 77, 81, 79, 79, 79, 77, 75, 71, 73, 70, 70, 70, 69, 72, 70, 73,
    73 ]
