%YAML:1.0
---
videoName: "headNod17.mp4"
gestureLabel: 202
fps: 30
pixelSizeInCmTemp: 3.2808219178082193e-01
faceCenterPointX: 253
faceCenterPointY: 76
headPositionsX: [ 254, 256, 256, 256, 257, 255, 255, 256, 257, 254, 253,
    253, 255, 255, 255, 256, 253, 253, 253, 256, 255, 256, 253, 255, 253,
    254, 255, 258, 256, 255, 253, 256, 256, 258, 253, 256, 255, 254, 254,
    254, 252, 251, 255, 253, 251, 251, 253, 254, 255, 255, 255, 252, 256,
    254, 254, 254, 255, 255, 254, 254, 253, 254, 255, 253, 254, 255, 257,
    253, 254, 254, 254, 256, 255, 252, 253, 255, 253, 256, 255, 254, 253,
    254, 254, 254, 255, 254, 253, 254, 255, 254, 256, 254, 254, 252, 253,
    254, 253, 256, 253, 253 ]
headPositionsY: [ 74, 77, 75, 79, 75, 79, 75, 78, 76, 79, 76, 75, 75, 78,
    78, 79, 78, 76, 79, 79, 74, 78, 72, 75, 74, 68, 67, 70, 68, 68, 67,
    64, 66, 70, 70, 71, 71, 73, 74, 76, 77, 80, 85, 87, 84, 85, 85, 81,
    82, 79, 76, 77, 76, 74, 69, 72, 68, 66, 71, 71, 72, 73, 73, 77, 77,
    78, 79, 81, 82, 78, 76, 78, 76, 75, 79, 77, 79, 77, 81, 80, 76, 79,
    78, 76, 76, 78, 75, 77, 77, 79, 78, 78, 79, 76, 79, 77, 77, 75, 75,
    79 ]
