%YAML:1.0
---
videoName: "headNod25.mp4"
gestureLabel: 202
fps: 29
pixelSizeInCmTemp: 3.1933333333333330e-01
faceCenterPointX: 270
faceCenterPointY: 75
headPositionsX: [ 270, 273, 270, 273, 271, 271, 268, 271, 272, 272, 267,
    269, 269, 270, 271, 271, 269, 268, 269, 272, 272, 270, 273, 272, 274,
    274, 271, 270, 274, 270, 275, 270, 273, 274, 275, 274, 274, 273, 273,
    272, 269, 272, 271, 272, 269, 273, 272, 274, 274, 270, 270, 274, 271,
    271, 271, 271, 272, 271, 270, 270, 269, 271, 272, 272, 273, 269, 270,
    272, 270, 270, 267, 272, 272, 272, 271, 271, 271, 269, 272, 268, 269,
    270, 271, 271, 272, 270, 270, 271, 272, 273, 273, 269, 273, 273, 272,
    271, 272, 268, 272, 270 ]
headPositionsY: [ 74, 74, 72, 75, 72, 73, 72, 75, 75, 76, 74, 75, 75, 73,
    74, 76, 74, 75, 77, 77, 76, 73, 75, 75, 72, 73, 75, 73, 73, 73, 77,
    76, 74, 75, 75, 76, 76, 74, 74, 74, 76, 74, 75, 75, 74, 74, 75, 76,
    74, 71, 72, 68, 66, 64, 63, 67, 68, 66, 70, 69, 71, 76, 80, 82, 85,
    89, 87, 88, 84, 79, 80, 73, 72, 70, 69, 70, 68, 70, 70, 71, 75, 75,
    80, 79, 79, 81, 77, 76, 79, 76, 74, 78, 76, 76, 77, 77, 74, 73, 75,
    73 ]
