%YAML:1.0
---
videoName: "headNod34.mp4"
gestureLabel: 202
fps: 29
pixelSizeInCmTemp: 2.9567901234567900e-01
faceCenterPointX: 266
faceCenterPointY: 78
headPositionsX: [ 266, 269, 270, 266, 268, 270, 268, 271, 269, 268, 270,
    268, 271, 270, 268, 270, 268, 267, 271, 270, 267, 269, 269, 271, 270,
    269, 269, 270, 269, 271, 270, 267, 268, 270, 267, 268, 267, 269, 270,
    268, 270, 271, 269, 271, 270, 270, 269, 269, 270, 268, 269, 267, 271,
    267, 268, 270, 272, 272, 272, 269, 272, 269, 269, 269, 269, 269, 270,
    272, 269, 271, 271, 266, 266, 265, 265, 269, 268, 267, 264, 264, 264,
    265, 263, 268, 267, 264, 266, 265, 265, 265, 268, 267, 265, 267, 266,
    267, 268, 269, 266, 266 ]
headPositionsY: [ 78, 75, 78, 75, 78, 78, 75, 76, 75, 78, 76, 75, 77, 75,
    74, 75, 79, 74, 78, 75, 76, 76, 76, 76, 79, 76, 76, 74, 75, 75, 78,
    77, 76, 77, 78, 74, 74, 72, 71, 70, 73, 73, 74, 72, 79, 83, 87, 89,
    86, 82, 79, 73, 75, 74, 70, 75, 76, 77, 82, 82, 81, 83, 82, 77, 78,
    81, 74, 77, 80, 83, 81, 84, 86, 85, 80, 82, 79, 78, 75, 76, 78, 79,
    80, 84, 81, 79, 81, 77, 81, 79, 79, 81, 78, 82, 78, 78, 81, 78, 81,
    79 ]
