%YAML:1.0
---
videoName: "headNod15.mp4"
gestureLabel: 202
fps: 29
pixelSizeInCmTemp: 3.1933333333333330e-01
faceCenterPointX: 255
faceCenterPointY: 74
headPositionsX: [ 256, 258, 258, 256, 255, 257, 256, 257, 258, 257, 258,
    259, 255, 256, 258, 255, 257, 255, 256, 256, 254, 254, 256, 254, 256,
    255, 256, 254, 253, 254, 256, 256, 258, 254, 254, 255, 253, 253, 258,
    255, 255, 255, 257, 254, 253, 252, 253, 257, 254, 254, 257, 254, 253,
    254, 254, 255, 252, 255, 253, 256, 256, 254, 252, 253, 257, 257, 255,
    254, 256, 255, 257, 255, 256, 256, 253, 251, 253, 254, 252, 255, 255,
    253, 256, 256, 255, 255, 255, 255, 254, 257, 256, 254, 253, 254, 253,
    254, 254, 256, 256, 252 ]
headPositionsY: [ 73, 75, 76, 71, 75, 72, 71, 73, 75, 75, 73, 74, 75, 73,
    75, 73, 75, 73, 71, 73, 74, 74, 71, 71, 75, 73, 75, 74, 72, 73, 75,
    73, 74, 72, 72, 75, 79, 80, 81, 81, 82, 82, 77, 77, 73, 72, 69, 69,
    72, 72, 79, 81, 83, 80, 78, 77, 74, 73, 72, 70, 70, 74, 72, 80, 79,
    83, 82, 79, 81, 77, 71, 71, 72, 72, 74, 76, 77, 78, 79, 74, 75, 73,
    73, 68, 70, 69, 70, 74, 71, 72, 73, 75, 72, 71, 75, 73, 72, 70, 73,
    74 ]
