%YAML:1.0
---
videoName: "headNod12.mp4"
gestureLabel: 202
fps: 29
pixelSizeInCmTemp: 3.2808219178082193e-01
faceCenterPointX: 254
faceCenterPointY: 69
headPositionsX: [ 256, 255, 251, 255, 253, 251, 254, 254, 257, 253, 253,
    257, 253, 258, 257, 257, 254, 257, 258, 256, 255, 257, 259, 254, 257,
    258, 256, 257, 258, 257, 259, 255, 258, 252, 257, 255, 254, 257, 255,
    254, 255, 254, 257, 252, 254, 255, 255, 255, 256, 256, 256, 256, 253,
    253, 255, 252, 252, 255, 252, 254, 255, 255, 256, 255, 255, 254, 254,
    254, 252, 253, 255, 255, 256, 255, 256, 255, 252, 253, 256, 255, 254,
    257, 253, 256, 255, 255, 255, 258, 254, 257, 255, 257, 253, 253, 257,
    253, 255, 253, 254, 255 ]
headPositionsY: [ 68, 73, 74, 73, 74, 71, 74, 72, 76, 73, 72, 76, 76, 75,
    71, 71, 73, 75, 72, 74, 75, 73, 75, 72, 72, 76, 72, 75, 74, 75, 77,
    73, 75, 72, 72, 72, 68, 69, 67, 62, 63, 62, 62, 63, 64, 68, 70, 71,
    71, 73, 78, 77, 77, 77, 76, 74, 71, 69, 66, 63, 64, 63, 63, 66, 63,
    66, 68, 72, 74, 74, 74, 74, 76, 74, 74, 69, 68, 66, 68, 66, 64, 64,
    65, 68, 68, 71, 71, 72, 72, 75, 76, 76, 72, 73, 73, 73, 71, 68, 69,
    72 ]
