%YAML:1.0
---
videoName: "headNod20.mp4"
gestureLabel: 202
fps: 30
pixelSizeInCmTemp: 3.2808219178082193e-01
faceCenterPointX: 253
faceCenterPointY: 80
headPositionsX: [ 255, 257, 253, 254, 255, 256, 257, 255, 254, 257, 257,
    255, 257, 257, 256, 254, 258, 258, 256, 254, 257, 256, 257, 255, 256,
    257, 257, 256, 254, 257, 255, 256, 257, 256, 258, 252, 253, 252, 256,
    254, 252, 254, 255, 252, 252, 253, 253, 253, 253, 252, 252, 252, 253,
    252, 249, 253, 250, 253, 253, 249, 251, 254, 250, 254, 252, 253, 253,
    254, 252, 254, 251, 254, 252, 252, 251, 253, 251, 254, 253, 251, 253,
    254, 253, 252, 251, 252, 252, 253, 251, 255, 254, 251, 251, 252, 251,
    253, 253, 254, 255, 254 ]
headPositionsY: [ 82, 80, 79, 76, 78, 76, 77, 77, 77, 76, 80, 79, 76, 80,
    81, 77, 81, 77, 78, 77, 80, 76, 79, 79, 79, 78, 80, 80, 81, 80, 82,
    85, 87, 89, 87, 84, 80, 79, 77, 71, 72, 73, 73, 74, 80, 82, 84, 87,
    89, 87, 87, 85, 81, 76, 78, 78, 79, 80, 80, 84, 83, 84, 82, 79, 78,
    77, 80, 79, 80, 84, 82, 78, 80, 77, 77, 77, 82, 80, 84, 83, 80, 81,
    78, 82, 82, 79, 83, 81, 79, 80, 80, 81, 79, 82, 82, 78, 82, 80, 80,
    82 ]
