%YAML:1.0
---
videoName: "headNod44.mp4"
gestureLabel: 202
fps: 29
pixelSizeInCmTemp: 2.9567901234567900e-01
faceCenterPointX: 268
faceCenterPointY: 78
headPositionsX: [ 268, 267, 271, 269, 270, 268, 270, 269, 272, 270, 266,
    267, 268, 271, 270, 269, 272, 267, 270, 271, 269, 267, 271, 270, 269,
    269, 268, 268, 266, 265, 270, 267, 269, 267, 266, 267, 268, 267, 265,
    268, 264, 264, 267, 267, 267, 264, 267, 270, 268, 267, 267, 267, 266,
    268, 266, 266, 269, 270, 266, 266, 270, 268, 267, 269, 267, 268, 266,
    269, 270, 269, 269, 269, 268, 269, 268, 268, 268, 269, 270, 269, 267,
    271, 266, 269, 269, 268, 268, 267, 266, 266, 270, 268, 266, 269, 266,
    267, 269, 270, 269, 269 ]
headPositionsY: [ 76, 76, 75, 72, 76, 73, 75, 74, 73, 72, 75, 72, 74, 73,
    76, 74, 76, 79, 78, 81, 83, 90, 91, 96, 96, 91, 90, 83, 82, 74, 70,
    68, 67, 72, 70, 76, 77, 85, 87, 87, 88, 85, 81, 77, 71, 73, 74, 75,
    74, 78, 84, 87, 91, 89, 88, 82, 78, 74, 76, 72, 74, 78, 79, 84, 86,
    86, 84, 82, 79, 80, 78, 76, 74, 79, 80, 83, 84, 86, 87, 84, 84, 80,
    78, 79, 79, 79, 75, 78, 75, 78, 78, 80, 79, 79, 76, 80, 77, 79, 79,
    78 ]
