%YAML:1.0
---
videoName: "headNod21.mp4"
gestureLabel: 202
fps: 29
pixelSizeInCmTemp: 3.2808219178082193e-01
faceCenterPointX: 253
faceCenterPointY: 78
headPositionsX: [ 254, 254, 257, 253, 254, 257, 255, 253, 257, 257, 254,
    254, 254, 253, 254, 254, 257, 255, 253, 254, 257, 255, 255, 257, 254,
    254, 254, 254, 258, 252, 255, 254, 254, 256, 258, 254, 253, 254, 254,
    254, 255, 256, 256, 257, 253, 253, 256, 257, 253, 252, 252, 254, 255,
    252, 253, 254, 256, 253, 256, 252, 252, 253, 255, 251, 254, 254, 249,
    253, 252, 253, 251, 253, 252, 252, 250, 250, 247, 248, 247, 250, 252,
    249, 252, 250, 249, 249, 254, 253, 254, 254, 251, 252, 253, 252, 254,
    256, 256, 254, 256, 254 ]
headPositionsY: [ 80, 79, 78, 77, 79, 76, 77, 78, 78, 80, 76, 76, 78, 78,
    76, 78, 81, 79, 77, 78, 79, 78, 78, 81, 80, 78, 80, 81, 79, 83, 81,
    81, 81, 80, 76, 78, 77, 76, 77, 77, 80, 81, 83, 82, 84, 82, 79, 75,
    76, 77, 81, 81, 82, 83, 85, 83, 81, 75, 79, 79, 79, 79, 83, 83, 82,
    82, 77, 76, 75, 74, 75, 76, 80, 79, 80, 81, 83, 82, 79, 77, 78, 76,
    75, 78, 77, 80, 79, 81, 77, 76, 80, 76, 77, 80, 77, 80, 79, 80, 81,
    77 ]
