%YAML:1.0
---
videoName: "headNod23.mp4"
gestureLabel: 202
fps: 29
pixelSizeInCmTemp: 3.1933333333333330e-01
faceCenterPointX: 273
faceCenterPointY: 75
headPositionsX: [ 272, 273, 275, 273, 274, 275, 272, 276, 274, 273, 275,
    276, 273, 275, 275, 274, 272, 274, 274, 273, 272, 276, 275, 273, 274,
    277, 273, 275, 275, 273, 276, 277, 274, 277, 273, 274, 275, 275, 271,
    273, 273, 272, 270, 270, 274, 274, 270, 273, 274, 273, 274, 273, 272,
    275, 274, 272, 272, 272, 271, 274, 273, 275, 272, 276, 274, 272, 272,
    275, 275, 272, 275, 275, 272, 274, 275, 273, 274, 275, 274, 275, 272,
    274, 273, 272, 276, 276, 274, 277, 272, 274, 275, 271, 274, 276, 274,
    274, 275, 275, 275, 275 ]
headPositionsY: [ 74, 75, 77, 78, 76, 74, 75, 76, 77, 78, 74, 74, 76, 77,
    75, 79, 79, 77, 78, 78, 79, 76, 78, 75, 72, 74, 69, 66, 66, 64, 64,
    66, 66, 66, 66, 72, 73, 77, 78, 81, 80, 80, 82, 81, 79, 76, 69, 68,
    67, 67, 69, 67, 70, 69, 71, 77, 77, 76, 79, 76, 76, 78, 72, 73, 71,
    70, 70, 71, 70, 69, 71, 72, 77, 77, 77, 80, 79, 79, 79, 77, 78, 77,
    76, 73, 73, 74, 74, 74, 72, 75, 74, 75, 76, 76, 74, 76, 78, 73, 76,
    77 ]
