%YAML:1.0
---
videoName: "headNod36.mp4"
gestureLabel: 202
fps: 29
pixelSizeInCmTemp: 2.8176470588235292e-01
faceCenterPointX: 269
faceCenterPointY: 75
headPositionsX: [ 267, 271, 270, 271, 273, 269, 269, 268, 271, 271, 268,
    273, 268, 270, 272, 270, 273, 272, 269, 269, 272, 272, 271, 270, 272,
    271, 268, 268, 269, 269, 270, 269, 269, 270, 268, 270, 271, 268, 267,
    268, 270, 270, 267, 272, 272, 270, 268, 271, 269, 272, 270, 268, 269,
    271, 271, 268, 271, 271, 268, 272, 271, 271, 268, 268, 269, 266, 270,
    265, 269, 270, 268, 269, 267, 268, 267, 266, 270, 267, 269, 269, 268,
    267, 270, 268, 269, 270, 271, 267, 270, 269, 268, 268, 270, 267, 270,
    268, 268, 268, 269, 267 ]
headPositionsY: [ 73, 74, 75, 72, 73, 74, 74, 75, 73, 72, 77, 77, 73, 76,
    73, 76, 74, 76, 75, 77, 80, 79, 79, 78, 75, 75, 67, 70, 68, 63, 65,
    64, 72, 73, 78, 86, 90, 90, 90, 87, 85, 81, 77, 72, 75, 68, 66, 66,
    69, 69, 70, 74, 79, 82, 82, 88, 87, 84, 84, 80, 79, 74, 73, 75, 75,
    74, 75, 75, 79, 84, 86, 80, 78, 76, 78, 72, 73, 75, 75, 81, 79, 84,
    85, 85, 83, 83, 83, 77, 77, 77, 77, 73, 75, 75, 74, 76, 77, 75, 73,
    73 ]
