%YAML:1.0
---
videoName: "headNod14.mp4"
gestureLabel: 202
fps: 29
pixelSizeInCmTemp: 3.2808219178082193e-01
faceCenterPointX: 257
faceCenterPointY: 71
headPositionsX: [ 256, 259, 260, 258, 257, 255, 258, 260, 258, 261, 257,
    260, 257, 258, 259, 256, 256, 259, 258, 257, 261, 260, 260, 260, 258,
    258, 257, 258, 261, 258, 260, 259, 261, 257, 257, 260, 260, 260, 260,
    259, 260, 259, 259, 260, 259, 261, 261, 259, 257, 258, 257, 257, 259,
    259, 256, 256, 259, 260, 261, 259, 257, 256, 259, 260, 259, 259, 259,
    259, 257, 259, 260, 258, 257, 256, 256, 256, 259, 255, 259, 258, 256,
    260, 256, 255, 260, 258, 259, 255, 257, 257, 257, 256, 256, 255, 255,
    255, 256, 255, 257, 258 ]
headPositionsY: [ 69, 77, 78, 77, 80, 77, 77, 78, 79, 76, 79, 78, 78, 77,
    78, 77, 74, 78, 78, 76, 76, 75, 77, 80, 79, 80, 77, 78, 78, 79, 80,
    78, 77, 80, 79, 79, 75, 80, 76, 74, 73, 73, 73, 70, 70, 66, 69, 72,
    72, 72, 74, 77, 80, 78, 81, 82, 81, 82, 79, 75, 74, 70, 68, 69, 70,
    69, 73, 76, 78, 81, 82, 83, 81, 75, 75, 72, 68, 69, 67, 69, 71, 74,
    76, 80, 78, 81, 82, 77, 76, 75, 70, 73, 71, 69, 71, 69, 70, 72, 70,
    71 ]
