%YAML:1.0
---
videoName: "headNod40.mp4"
gestureLabel: 202
fps: 29
pixelSizeInCmTemp: 2.8511904761904761e-01
faceCenterPointX: 267
faceCenterPointY: 78
headPositionsX: [ 267, 269, 269, 266, 265, 267, 270, 267, 270, 269, 267,
    266, 267, 267, 268, 268, 267, 269, 269, 266, 268, 269, 270, 265, 270,
    266, 266, 268, 266, 268, 269, 267, 269, 270, 266, 267, 269, 269, 269,
    268, 268, 269, 266, 266, 265, 265, 263, 263, 265, 267, 266, 266, 264,
    266, 265, 267, 264, 267, 268, 268, 267, 267, 267, 265, 264, 268, 268,
    265, 266, 267, 267, 266, 270, 267, 267, 266, 265, 266, 267, 268, 265,
    266, 265, 268, 267, 265, 267, 267, 265, 268, 267, 267, 267, 267, 267,
    268, 266, 268, 268, 269 ]
headPositionsY: [ 80, 75, 78, 77, 76, 78, 76, 78, 77, 78, 78, 77, 75, 73,
    74, 75, 74, 73, 78, 75, 74, 76, 78, 76, 76, 76, 75, 75, 75, 76, 77,
    76, 75, 74, 77, 76, 76, 74, 77, 73, 82, 86, 91, 95, 94, 95, 92, 90,
    87, 81, 77, 80, 77, 70, 70, 70, 69, 67, 70, 76, 78, 83, 87, 86, 83,
    83, 80, 80, 76, 76, 75, 74, 73, 75, 75, 75, 82, 78, 80, 81, 81, 77,
    81, 81, 79, 80, 78, 80, 78, 80, 79, 77, 77, 75, 77, 77, 78, 77, 79,
    76 ]
