%YAML:1.0
---
videoName: "headNod44.mp4"
gestureLabel: 202
fps: 29
pixelSizeInCmTemp: 2.9567901234567900e-01
faceCenterPointX: 268
faceCenterPointY: 78
headPositionsX: [ 269, 269, 268, 270, 267, 271, 268, 270, 270, 267, 266,
    267, 269, 270, 271, 267, 271, 266, 271, 267, 270, 269, 270, 266, 269,
    270, 270, 269, 267, 265, 267, 266, 266, 268, 267, 267, 269, 265, 266,
    268, 268, 264, 266, 268, 266, 267, 267, 269, 268, 266, 265, 270, 267,
    265, 266, 267, 265, 269, 267, 269, 267, 268, 266, 267, 270, 267, 267,
    265, 268, 266, 271, 269, 269, 267, 269, 270, 271, 268, 270, 270, 271,
    267, 268, 268, 268, 268, 268, 267, 270, 269, 266, 266, 270, 268, 268,
    269, 269, 266, 268, 268 ]
headPositionsY: [ 78, 74, 76, 73, 74, 76, 73, 73, 73, 75, 75, 73, 75, 76,
    74, 77, 75, 78, 77, 83, 87, 87, 94, 95, 95, 92, 91, 83, 82, 76, 70,
    68, 70, 71, 72, 76, 79, 81, 86, 90, 88, 83, 81, 79, 74, 71, 73, 73,
    78, 81, 84, 88, 89, 90, 87, 84, 78, 74, 75, 75, 77, 78, 77, 81, 86,
    83, 83, 79, 77, 76, 76, 76, 76, 78, 81, 80, 83, 87, 86, 85, 85, 82,
    79, 78, 76, 79, 74, 80, 75, 76, 77, 78, 78, 78, 75, 76, 79, 77, 77,
    78 ]
