%YAML:1.0
---
videoName: "headNod8.mp4"
gestureLabel: 202
fps: 29
pixelSizeInCmTemp: 3.1933333333333330e-01
faceCenterPointX: 262
faceCenterPointY: 74
headPositionsX: [ 260, 263, 262, 263, 262, 259, 259, 261, 259, 262, 262,
    263, 264, 262, 259, 260, 260, 259, 260, 262, 262, 260, 261, 261, 262,
    260, 263, 260, 262, 261, 259, 259, 263, 262, 260, 263, 263, 262, 262,
    264, 263, 264, 262, 263, 260, 263, 263, 263, 262, 264, 260, 263, 264,
    260, 259, 263, 261, 259, 259, 261, 263, 261, 259, 259, 263, 264, 263,
    261, 261, 263, 259, 258, 259, 259, 260, 262, 258, 260, 261, 262, 261,
    263, 262, 263, 259, 264, 261, 264, 265, 265, 261, 264, 263, 260, 262,
    263, 263, 263, 260, 264 ]
headPositionsY: [ 72, 78, 76, 75, 74, 76, 79, 79, 78, 77, 76, 74, 75, 77,
    78, 75, 78, 77, 78, 76, 78, 75, 77, 76, 76, 74, 78, 75, 76, 75, 78,
    76, 78, 77, 75, 75, 77, 78, 74, 75, 70, 71, 70, 66, 68, 67, 68, 68,
    69, 75, 76, 79, 85, 83, 83, 82, 79, 76, 72, 68, 68, 68, 73, 74, 77,
    81, 84, 84, 80, 80, 78, 73, 69, 69, 71, 70, 72, 78, 77, 80, 84, 82,
    82, 80, 73, 75, 74, 71, 72, 71, 73, 77, 77, 77, 76, 78, 77, 79, 75,
    73 ]
