%YAML:1.0
---
videoName: "headNod24.mp4"
gestureLabel: 202
fps: 29
pixelSizeInCmTemp: 3.1513157894736843e-01
faceCenterPointX: 272
faceCenterPointY: 72
headPositionsX: [ 274, 274, 273, 276, 276, 273, 273, 275, 273, 277, 274,
    276, 272, 275, 272, 274, 276, 275, 275, 274, 271, 271, 275, 271, 274,
    272, 272, 272, 272, 275, 273, 274, 272, 272, 271, 274, 271, 274, 274,
    273, 273, 275, 272, 275, 273, 274, 274, 271, 274, 273, 274, 272, 272,
    271, 273, 273, 271, 272, 274, 271, 269, 273, 271, 273, 269, 272, 273,
    272, 271, 270, 272, 268, 271, 272, 272, 272, 271, 272, 272, 270, 268,
    267, 269, 272, 268, 269, 272, 272, 272, 270, 273, 269, 273, 274, 271,
    273, 270, 273, 272, 271 ]
headPositionsY: [ 70, 75, 74, 75, 74, 73, 71, 71, 74, 72, 74, 76, 74, 72,
    71, 75, 73, 74, 71, 74, 71, 74, 73, 74, 75, 73, 76, 75, 75, 73, 75,
    76, 72, 75, 73, 75, 73, 72, 68, 70, 70, 71, 75, 79, 81, 83, 78, 74,
    68, 69, 67, 66, 69, 71, 76, 73, 73, 74, 69, 69, 67, 69, 68, 69, 70,
    72, 74, 77, 74, 73, 74, 68, 70, 69, 67, 73, 69, 72, 74, 74, 73, 73,
    73, 73, 68, 68, 69, 70, 72, 73, 73, 70, 74, 74, 71, 73, 75, 71, 70,
    69 ]
