%YAML:1.0
---
videoName: "headNod25.mp4"
gestureLabel: 202
fps: 29
pixelSizeInCmTemp: 3.1933333333333330e-01
faceCenterPointX: 270
faceCenterPointY: 75
headPositionsX: [ 269, 269, 269, 272, 270, 272, 270, 271, 269, 269, 271,
    269, 269, 269, 270, 267, 270, 268, 272, 270, 272, 272, 271, 274, 272,
    273, 275, 270, 271, 273, 272, 272, 271, 274, 274, 274, 274, 272, 272,
    272, 271, 270, 270, 274, 272, 271, 269, 270, 272, 271, 272, 271, 272,
    271, 270, 271, 270, 270, 271, 273, 269, 270, 271, 269, 269, 269, 267,
    269, 272, 269, 268, 268, 270, 269, 271, 271, 270, 272, 271, 271, 271,
    272, 273, 269, 269, 272, 270, 269, 270, 270, 273, 271, 270, 269, 270,
    270, 269, 271, 272, 268 ]
headPositionsY: [ 76, 72, 75, 75, 74, 75, 76, 74, 72, 75, 73, 72, 72, 73,
    72, 72, 74, 73, 74, 73, 76, 74, 75, 75, 75, 72, 75, 72, 74, 76, 73,
    74, 77, 75, 77, 76, 77, 76, 77, 76, 73, 75, 72, 75, 73, 76, 73, 75,
    72, 73, 72, 70, 66, 65, 66, 63, 67, 68, 66, 68, 69, 76, 78, 85, 87,
    89, 87, 84, 83, 79, 79, 76, 74, 69, 70, 68, 66, 68, 70, 71, 75, 75,
    80, 82, 79, 81, 77, 77, 80, 79, 78, 78, 77, 78, 76, 77, 73, 75, 73,
    76 ]
