%YAML:1.0
---
videoName: "headNod26.mp4"
gestureLabel: 202
fps: 29
pixelSizeInCmTemp: 3.1513157894736843e-01
faceCenterPointX: 271
faceCenterPointY: 78
headPositionsX: [ 270, 274, 271, 270, 274, 272, 271, 271, 274, 272, 270,
    275, 273, 271, 273, 274, 274, 273, 272, 272, 271, 271, 271, 274, 272,
    271, 273, 272, 272, 274, 270, 272, 270, 270, 272, 270, 269, 273, 273,
    270, 270, 272, 274, 273, 272, 274, 270, 271, 268, 271, 270, 273, 271,
    270, 272, 272, 271, 270, 274, 269, 274, 273, 270, 273, 270, 273, 274,
    272, 274, 271, 270, 274, 272, 270, 272, 270, 273, 268, 269, 273, 272,
    271, 271, 269, 270, 272, 272, 270, 268, 271, 270, 270, 271, 273, 268,
    272, 272, 271, 273, 272 ]
headPositionsY: [ 76, 75, 72, 72, 74, 71, 71, 68, 67, 68, 68, 63, 64, 65,
    66, 65, 70, 69, 74, 77, 80, 82, 83, 82, 84, 81, 76, 75, 72, 71, 69,
    68, 67, 69, 70, 72, 74, 77, 76, 81, 81, 79, 76, 73, 73, 72, 67, 68,
    67, 68, 68, 70, 75, 77, 75, 78, 78, 76, 74, 69, 70, 66, 68, 67, 67,
    69, 67, 71, 72, 73, 73, 73, 77, 76, 78, 76, 70, 71, 70, 68, 70, 70,
    69, 68, 71, 72, 77, 75, 80, 81, 79, 79, 80, 77, 77, 75, 78, 77, 77,
    78 ]
