%YAML:1.0
---
videoName: "headNod26.mp4"
gestureLabel: 202
fps: 29
pixelSizeInCmTemp: 3.1513157894736843e-01
faceCenterPointX: 271
faceCenterPointY: 78
headPositionsX: [ 271, 272, 273, 269, 274, 272, 271, 270, 273, 273, 272,
    274, 273, 273, 275, 270, 273, 270, 275, 274, 272, 273, 273, 271, 272,
    271, 271, 271, 271, 270, 271, 269, 271, 270, 274, 273, 271, 272, 269,
    271, 271, 270, 272, 274, 270, 274, 269, 271, 271, 270, 270, 271, 274,
    274, 270, 270, 271, 272, 272, 272, 274, 273, 274, 270, 273, 271, 274,
    273, 273, 271, 272, 274, 269, 271, 273, 270, 272, 272, 269, 269, 268,
    272, 270, 271, 271, 273, 271, 273, 270, 274, 271, 274, 272, 271, 272,
    272, 270, 271, 272, 270 ]
headPositionsY: [ 77, 72, 75, 74, 75, 71, 69, 69, 70, 67, 66, 64, 64, 67,
    66, 66, 70, 70, 74, 75, 78, 82, 82, 83, 82, 81, 78, 73, 72, 72, 70,
    68, 69, 70, 70, 70, 75, 75, 77, 78, 77, 80, 80, 73, 73, 70, 67, 71,
    69, 67, 67, 73, 72, 76, 77, 77, 74, 76, 75, 73, 69, 68, 67, 69, 70,
    68, 66, 72, 72, 72, 72, 73, 76, 77, 74, 76, 74, 69, 71, 68, 69, 70,
    71, 72, 70, 74, 73, 77, 80, 78, 79, 77, 76, 78, 76, 79, 78, 78, 78,
    77 ]
