%YAML:1.0
---
videoName: "headNod19.mp4"
gestureLabel: 202
fps: 29
pixelSizeInCmTemp: 3.1933333333333330e-01
faceCenterPointX: 255
faceCenterPointY: 81
headPositionsX: [ 256, 258, 257, 257, 255, 254, 257, 256, 254, 255, 257,
    258, 255, 254, 253, 257, 251, 253, 254, 252, 252, 252, 250, 252, 252,
    248, 252, 249, 252, 254, 248, 251, 250, 252, 253, 251, 251, 255, 256,
    255, 256, 253, 254, 257, 254, 256, 253, 255, 256, 256, 258, 256, 253,
    255, 254, 255, 254, 256, 255, 253, 254, 255, 256, 254, 254, 257, 253,
    254, 256, 255, 256, 256, 257, 256, 255, 253, 255, 253, 253, 256, 256,
    255, 255, 256, 258, 253, 253, 257, 254, 257, 253, 254, 256, 256, 254,
    254, 258, 254, 258, 256 ]
headPositionsY: [ 82, 86, 86, 82, 83, 76, 76, 77, 76, 79, 77, 75, 78, 76,
    76, 76, 78, 77, 77, 76, 77, 78, 79, 78, 80, 76, 78, 79, 79, 82, 80,
    77, 77, 80, 81, 80, 79, 78, 78, 79, 80, 80, 80, 78, 81, 81, 76, 81,
    77, 76, 80, 78, 76, 78, 81, 78, 80, 78, 78, 79, 79, 81, 79, 80, 80,
    79, 77, 75, 73, 74, 74, 74, 76, 76, 80, 84, 85, 85, 79, 81, 77, 75,
    77, 80, 84, 85, 82, 82, 85, 83, 84, 81, 84, 81, 82, 84, 81, 80, 81,
    79 ]
