%YAML:1.0
---
videoName: "headNod2.mp4"
gestureLabel: 202
fps: 29
pixelSizeInCmTemp: 3.2364864864864862e-01
faceCenterPointX: 263
faceCenterPointY: 70
headPositionsX: [ 264, 264, 260, 261, 262, 260, 265, 264, 265, 263, 265,
    262, 264, 264, 263, 266, 262, 266, 265, 266, 262, 261, 261, 263, 263,
    263, 262, 263, 265, 261, 260, 264, 264, 260, 260, 263, 262, 260, 264,
    260, 261, 260, 262, 260, 264, 259, 260, 261, 261, 265, 263, 261, 260,
    263, 263, 263, 265, 262, 263, 260, 261, 262, 264, 264, 264, 262, 263,
    260, 265, 264, 261, 263, 261, 261, 260, 265, 264, 263, 265, 261, 262,
    263, 264, 263, 260, 261, 261, 265, 261, 263, 264, 265, 262, 262, 261,
    263, 261, 265, 262, 264 ]
headPositionsY: [ 68, 76, 76, 76, 75, 75, 76, 78, 74, 76, 74, 77, 74, 73,
    76, 77, 77, 73, 73, 75, 76, 73, 73, 76, 76, 74, 73, 75, 75, 73, 76,
    75, 72, 72, 72, 73, 73, 73, 73, 73, 76, 73, 73, 73, 73, 76, 74, 74,
    71, 70, 71, 69, 68, 74, 76, 75, 78, 76, 77, 74, 70, 74, 71, 73, 75,
    74, 74, 72, 70, 68, 69, 70, 74, 75, 73, 75, 73, 72, 73, 70, 75, 76,
    74, 76, 75, 72, 71, 69, 70, 69, 72, 69, 71, 69, 73, 72, 68, 71, 71,
    69 ]
