%YAML:1.0
---
videoName: "headNod39.mp4"
gestureLabel: 202
fps: 29
pixelSizeInCmTemp: 2.9937500000000000e-01
faceCenterPointX: 268
faceCenterPointY: 78
headPositionsX: [ 268, 267, 266, 268, 269, 269, 267, 267, 267, 270, 269,
    266, 270, 268, 268, 269, 268, 268, 268, 267, 269, 271, 270, 267, 270,
    268, 270, 271, 269, 269, 270, 267, 269, 270, 271, 267, 270, 270, 268,
    268, 270, 266, 268, 270, 266, 268, 266, 265, 265, 267, 265, 266, 266,
    270, 267, 265, 266, 264, 266, 264, 266, 265, 266, 268, 265, 268, 265,
    267, 265, 267, 264, 265, 265, 269, 268, 268, 266, 266, 269, 266, 269,
    270, 267, 265, 265, 270, 269, 266, 270, 268, 268, 269, 268, 268, 268,
    269, 266, 265, 270, 264 ]
headPositionsY: [ 80, 78, 75, 78, 75, 75, 76, 75, 74, 77, 75, 75, 78, 74,
    76, 76, 76, 75, 74, 74, 78, 78, 77, 74, 74, 75, 75, 75, 75, 77, 75,
    77, 78, 76, 78, 74, 79, 79, 77, 79, 81, 82, 86, 85, 86, 84, 79, 75,
    73, 73, 77, 75, 74, 75, 80, 82, 86, 91, 93, 89, 83, 82, 78, 73, 72,
    71, 71, 75, 80, 81, 82, 85, 84, 80, 77, 76, 73, 74, 75, 75, 78, 81,
    77, 83, 81, 81, 78, 78, 77, 80, 76, 76, 77, 79, 79, 79, 80, 79, 78,
    78 ]
