%YAML:1.0
---
videoName: "headNod23.mp4"
gestureLabel: 202
fps: 29
pixelSizeInCmTemp: 3.1933333333333330e-01
faceCenterPointX: 273
faceCenterPointY: 75
headPositionsX: [ 275, 275, 276, 273, 272, 275, 274, 276, 273, 276, 273,
    277, 275, 273, 272, 273, 272, 274, 274, 274, 273, 277, 272, 274, 273,
    274, 275, 274, 276, 273, 276, 275, 276, 273, 273, 274, 276, 276, 273,
    274, 273, 273, 272, 272, 274, 271, 272, 272, 275, 274, 273, 276, 275,
    275, 273, 275, 275, 275, 271, 275, 274, 272, 275, 276, 273, 271, 274,
    276, 276, 276, 275, 276, 274, 276, 272, 274, 271, 276, 274, 273, 275,
    272, 274, 275, 273, 276, 272, 274, 275, 275, 275, 272, 272, 276, 273,
    275, 273, 271, 273, 275 ]
headPositionsY: [ 73, 78, 76, 75, 75, 78, 74, 77, 75, 74, 78, 78, 79, 76,
    78, 78, 79, 77, 74, 79, 79, 79, 75, 75, 72, 71, 71, 67, 68, 67, 63,
    64, 66, 65, 67, 69, 72, 76, 79, 80, 80, 83, 79, 77, 77, 77, 71, 68,
    68, 67, 67, 67, 69, 72, 72, 73, 77, 80, 77, 77, 75, 76, 76, 72, 71,
    67, 67, 71, 70, 73, 71, 74, 74, 75, 76, 80, 78, 81, 76, 76, 74, 75,
    76, 71, 76, 71, 75, 75, 71, 72, 73, 75, 77, 78, 76, 78, 75, 73, 76,
    75 ]
