%YAML:1.0
---
videoName: "headNod30.mp4"
gestureLabel: 202
fps: 29
pixelSizeInCmTemp: 3.2364864864864862e-01
faceCenterPointX: 271
faceCenterPointY: 72
headPositionsX: [ 273, 274, 270, 272, 270, 270, 269, 274, 274, 270, 272,
    269, 271, 273, 273, 272, 270, 269, 273, 270, 274, 270, 272, 270, 274,
    270, 273, 272, 272, 272, 273, 274, 271, 272, 270, 270, 270, 271, 271,
    272, 268, 268, 268, 268, 267, 268, 268, 269, 267, 271, 271, 270, 268,
    270, 272, 269, 268, 273, 272, 273, 271, 273, 272, 270, 272, 271, 269,
    269, 270, 269, 270, 272, 270, 274, 272, 272, 270, 271, 271, 272, 272,
    273, 269, 273, 272, 270, 271, 270, 273, 270, 272, 272, 273, 270, 272,
    274, 274, 273, 270, 271 ]
headPositionsY: [ 74, 77, 75, 77, 76, 76, 73, 75, 74, 77, 76, 74, 74, 76,
    77, 78, 76, 74, 74, 76, 74, 72, 72, 72, 69, 69, 65, 67, 68, 73, 72,
    74, 77, 82, 80, 80, 80, 77, 77, 72, 73, 72, 71, 72, 72, 76, 78, 80,
    80, 78, 75, 75, 71, 70, 70, 73, 71, 69, 75, 74, 75, 75, 77, 75, 73,
    73, 69, 71, 72, 70, 69, 70, 70, 73, 74, 73, 75, 76, 73, 70, 72, 73,
    72, 72, 69, 70, 70, 70, 73, 73, 74, 74, 76, 75, 75, 72, 73, 72, 71,
    71 ]
