%YAML:1.0
---
videoName: "headNod5.mp4"
gestureLabel: 202
fps: 29
pixelSizeInCmTemp: 3.1513157894736843e-01
faceCenterPointX: 263
faceCenterPointY: 75
headPositionsX: [ 262, 264, 263, 264, 261, 262, 260, 261, 263, 264, 260,
    261, 263, 264, 263, 261, 266, 262, 262, 262, 266, 264, 267, 265, 264,
    265, 264, 266, 267, 264, 268, 267, 267, 264, 267, 266, 267, 264, 268,
    266, 267, 268, 267, 264, 267, 268, 264, 263, 263, 263, 264, 266, 267,
    264, 261, 264, 266, 262, 262, 264, 264, 265, 263, 265, 263, 264, 264,
    262, 265, 263, 264, 263, 267, 263, 264, 263, 264, 266, 264, 265, 263,
    264, 263, 261, 264, 264, 264, 264, 261, 265, 261, 264, 264, 262, 263,
    260, 262, 264, 263, 261 ]
headPositionsY: [ 74, 76, 76, 71, 73, 74, 75, 72, 74, 74, 73, 76, 74, 77,
    74, 75, 74, 77, 73, 73, 75, 76, 78, 74, 75, 73, 77, 74, 78, 74, 77,
    79, 77, 73, 78, 79, 80, 76, 79, 74, 79, 78, 77, 79, 79, 78, 80, 79,
    76, 80, 77, 79, 82, 85, 82, 84, 79, 77, 74, 76, 78, 78, 82, 83, 88,
    89, 85, 82, 79, 73, 77, 74, 76, 78, 83, 84, 87, 82, 83, 78, 76, 72,
    73, 73, 77, 76, 80, 81, 81, 81, 77, 77, 77, 72, 74, 76, 76, 75, 73,
    73 ]
