%YAML:1.0
---
videoName: "headNod16.mp4"
gestureLabel: 202
fps: 29
pixelSizeInCmTemp: 3.3263888888888887e-01
faceCenterPointX: 255
faceCenterPointY: 77
headPositionsX: [ 253, 261, 260, 261, 260, 259, 260, 260, 256, 257, 262,
    260, 259, 260, 259, 257, 261, 258, 257, 256, 261, 260, 258, 258, 257,
    260, 260, 258, 259, 258, 260, 260, 258, 256, 259, 260, 261, 257, 258,
    260, 257, 258, 261, 261, 261, 257, 261, 259, 259, 257, 258, 256, 259,
    258, 259, 259, 255, 257, 260, 259, 255, 256, 255, 257, 254, 254, 255,
    257, 255, 254, 258, 255, 256, 257, 253, 255, 256, 255, 254, 256, 256,
    252, 256, 253, 255, 253, 257, 254, 254, 257, 257, 257, 254, 255, 254,
    256, 255, 255, 254, 254 ]
headPositionsY: [ 76, 74, 76, 73, 77, 76, 75, 76, 77, 75, 75, 74, 73, 74,
    75, 76, 75, 75, 76, 74, 73, 72, 75, 74, 77, 72, 77, 74, 76, 74, 77,
    73, 74, 74, 74, 73, 72, 70, 66, 66, 68, 69, 72, 73, 77, 80, 83, 81,
    80, 77, 77, 73, 71, 69, 71, 69, 70, 74, 75, 79, 84, 82, 82, 79, 78,
    77, 73, 72, 70, 73, 69, 72, 73, 81, 79, 79, 80, 76, 73, 72, 69, 68,
    70, 71, 74, 72, 76, 77, 77, 76, 76, 78, 76, 78, 76, 78, 75, 74, 78,
    75 ]
