%YAML:1.0
---
videoName: "headNod31.mp4"
gestureLabel: 202
fps: 29
pixelSizeInCmTemp: 2.8855421686746985e-01
faceCenterPointX: 267
faceCenterPointY: 75
headPositionsX: [ 267, 272, 270, 268, 272, 268, 268, 272, 272, 269, 271,
    271, 270, 270, 269, 267, 270, 269, 269, 267, 268, 266, 268, 264, 267,
    267, 268, 266, 269, 268, 268, 267, 269, 268, 268, 271, 271, 271, 268,
    269, 266, 267, 267, 269, 265, 266, 270, 269, 267, 268, 268, 266, 265,
    267, 265, 263, 265, 265, 266, 266, 266, 265, 266, 268, 266, 269, 266,
    266, 267, 265, 268, 264, 265, 265, 267, 268, 267, 265, 267, 267, 269,
    266, 266, 266, 269, 266, 267, 265, 266, 265, 266, 268, 266, 265, 265,
    268, 265, 267, 268, 267 ]
headPositionsY: [ 77, 74, 74, 73, 72, 73, 76, 65, 65, 66, 68, 68, 67, 66,
    77, 79, 83, 85, 87, 84, 86, 84, 83, 75, 73, 74, 73, 70, 68, 67, 68,
    71, 75, 74, 77, 81, 84, 84, 85, 88, 83, 83, 82, 77, 72, 72, 75, 76,
    78, 76, 79, 84, 84, 82, 82, 81, 77, 74, 75, 69, 72, 71, 68, 68, 71,
    73, 75, 75, 77, 81, 82, 79, 76, 78, 77, 71, 71, 72, 72, 71, 76, 75,
    75, 79, 78, 74, 77, 77, 77, 76, 75, 75, 76, 75, 75, 76, 76, 77, 77,
    75 ]
