%YAML:1.0
---
videoName: "headNod18.mp4"
gestureLabel: 202
fps: 29
pixelSizeInCmTemp: 3.3263888888888887e-01
faceCenterPointX: 255
faceCenterPointY: 77
headPositionsX: [ 256, 256, 257, 257, 256, 254, 256, 255, 256, 256, 254,
    258, 258, 257, 255, 255, 254, 253, 257, 254, 257, 256, 254, 256, 256,
    256, 256, 256, 258, 256, 255, 253, 253, 254, 253, 257, 254, 254, 257,
    254, 253, 255, 254, 253, 254, 258, 255, 256, 258, 257, 256, 253, 252,
    253, 253, 252, 256, 255, 255, 253, 256, 255, 253, 252, 254, 255, 253,
    254, 255, 252, 255, 252, 254, 252, 252, 255, 255, 255, 256, 254, 253,
    257, 254, 255, 253, 253, 256, 256, 257, 253, 256, 255, 252, 253, 254,
    252, 254, 253, 254, 255 ]
headPositionsY: [ 75, 76, 76, 76, 78, 77, 75, 75, 75, 76, 75, 77, 78, 79,
    78, 75, 78, 75, 78, 79, 77, 78, 76, 81, 79, 80, 77, 76, 80, 79, 78,
    77, 80, 76, 77, 76, 80, 77, 75, 79, 74, 75, 72, 71, 71, 72, 73, 74,
    75, 77, 76, 80, 81, 84, 82, 81, 76, 73, 71, 74, 74, 76, 75, 80, 81,
    83, 80, 78, 74, 75, 74, 73, 78, 82, 82, 83, 82, 78, 79, 78, 77, 78,
    77, 75, 77, 83, 83, 80, 82, 81, 80, 76, 75, 78, 79, 77, 78, 77, 76,
    80 ]
