%YAML:1.0
---
videoName: "headNod8.mp4"
gestureLabel: 202
fps: 29
pixelSizeInCmTemp: 3.1933333333333330e-01
faceCenterPointX: 262
faceCenterPointY: 74
headPositionsX: [ 260, 263, 261, 263, 261, 263, 263, 262, 259, 259, 262,
    261, 263, 260, 259, 259, 260, 260, 260, 259, 260, 264, 263, 263, 259,
    258, 260, 259, 264, 261, 263, 262, 261, 263, 262, 261, 262, 262, 262,
    260, 260, 262, 259, 260, 261, 262, 264, 261, 261, 261, 260, 260, 261,
    260, 260, 263, 263, 260, 262, 261, 259, 261, 261, 263, 262, 260, 263,
    260, 259, 263, 260, 258, 259, 262, 263, 260, 259, 262, 258, 261, 260,
    261, 265, 262, 261, 263, 261, 264, 262, 263, 264, 264, 261, 260, 262,
    266, 264, 265, 263, 265 ]
headPositionsY: [ 75, 78, 78, 76, 78, 76, 76, 76, 76, 74, 78, 74, 78, 76,
    77, 75, 75, 78, 78, 76, 76, 74, 75, 78, 74, 77, 74, 76, 75, 77, 78,
    79, 75, 75, 76, 77, 77, 75, 77, 77, 72, 73, 67, 68, 70, 68, 68, 71,
    72, 77, 79, 79, 83, 81, 80, 78, 80, 74, 73, 69, 72, 70, 70, 74, 77,
    79, 83, 86, 82, 79, 76, 74, 73, 71, 71, 71, 71, 77, 79, 83, 83, 80,
    83, 80, 76, 71, 70, 73, 73, 70, 73, 76, 75, 77, 78, 77, 78, 77, 77,
    75 ]
