%YAML:1.0
---
videoName: "headNod34.mp4"
gestureLabel: 202
fps: 29
pixelSizeInCmTemp: 2.9567901234567900e-01
faceCenterPointX: 266
faceCenterPointY: 78
headPositionsX: [ 265, 268, 267, 267, 269, 268, 270, 269, 268, 267, 267,
    267, 267, 267, 268, 270, 269, 271, 268, 270, 270, 269, 270, 272, 271,
    272, 272, 270, 272, 267, 272, 271, 271, 272, 271, 267, 268, 268, 268,
    268, 271, 271, 269, 270, 271, 269, 272, 271, 268, 269, 271, 270, 267,
    271, 267, 269, 269, 270, 273, 271, 269, 269, 269, 272, 268, 271, 271,
    269, 272, 267, 270, 269, 270, 266, 264, 265, 266, 267, 266, 264, 265,
    268, 266, 265, 266, 266, 265, 264, 266, 267, 265, 265, 264, 267, 265,
    265, 264, 265, 264, 265 ]
headPositionsY: [ 78, 76, 74, 77, 75, 76, 76, 76, 76, 74, 77, 78, 77, 76,
    78, 77, 78, 77, 77, 77, 79, 78, 78, 78, 76, 79, 77, 78, 77, 77, 75,
    76, 76, 77, 77, 74, 78, 75, 71, 72, 71, 70, 74, 73, 83, 83, 89, 89,
    85, 83, 81, 77, 73, 73, 71, 73, 73, 77, 78, 84, 84, 83, 80, 80, 81,
    78, 76, 79, 80, 79, 83, 82, 85, 83, 81, 78, 80, 76, 78, 76, 80, 79,
    82, 86, 83, 81, 79, 77, 80, 77, 76, 77, 77, 81, 79, 78, 79, 81, 78,
    80 ]
