%YAML:1.0
---
videoName: "headNod34.mp4"
gestureLabel: 202
fps: 29
pixelSizeInCmTemp: 2.9567901234567900e-01
faceCenterPointX: 266
faceCenterPointY: 78
headPositionsX: [ 266, 266, 269, 267, 270, 268, 271, 267, 270, 268, 271,
    266, 270, 268, 268, 269, 268, 271, 272, 266, 268, 267, 269, 270, 270,
    268, 271, 268, 268, 270, 269, 270, 269, 271, 271, 271, 268, 271, 270,
    270, 269, 267, 270, 271, 273, 271, 271, 269, 268, 271, 267, 268, 269,
    268, 270, 267, 269, 272, 271, 270, 268, 270, 269, 270, 271, 271, 271,
    272, 271, 268, 270, 267, 268, 267, 268, 268, 267, 268, 267, 267, 264,
    268, 265, 268, 265, 267, 267, 264, 265, 268, 266, 264, 263, 264, 268,
    265, 264, 265, 264, 268 ]
headPositionsY: [ 79, 75, 75, 75, 79, 75, 75, 78, 77, 78, 75, 77, 75, 76,
    78, 77, 76, 75, 76, 74, 79, 75, 77, 79, 75, 76, 74, 76, 78, 77, 77,
    76, 75, 77, 78, 74, 74, 76, 71, 71, 71, 70, 76, 75, 81, 86, 91, 85,
    85, 84, 78, 73, 73, 70, 73, 71, 75, 77, 79, 81, 84, 85, 78, 81, 78,
    81, 78, 80, 78, 79, 85, 82, 84, 81, 81, 82, 81, 76, 76, 76, 78, 79,
    80, 83, 84, 81, 79, 81, 81, 78, 78, 81, 79, 80, 80, 82, 81, 80, 77,
    78 ]
