%YAML:1.0
---
videoName: "headNod5.mp4"
gestureLabel: 202
fps: 29
pixelSizeInCmTemp: 3.1513157894736843e-01
faceCenterPointX: 263
faceCenterPointY: 75
headPositionsX: [ 265, 266, 263, 264, 264, 264, 263, 265, 264, 264, 260,
    262, 265, 261, 264, 265, 266, 265, 264, 266, 266, 265, 265, 267, 264,
    263, 264, 265, 264, 264, 267, 268, 263, 265, 268, 266, 265, 265, 264,
    266, 267, 266, 268, 267, 264, 266, 265, 263, 264, 265, 266, 268, 267,
    264, 263, 266, 262, 263, 264, 262, 263, 264, 263, 263, 265, 265, 264,
    263, 265, 267, 262, 267, 265, 265, 266, 264, 264, 264, 266, 264, 264,
    264, 262, 264, 262, 260, 265, 264, 263, 265, 261, 263, 265, 259, 261,
    262, 260, 260, 260, 264 ]
headPositionsY: [ 73, 72, 76, 72, 75, 71, 76, 76, 72, 72, 74, 76, 72, 74,
    75, 74, 73, 75, 73, 75, 75, 77, 77, 78, 76, 73, 74, 76, 77, 76, 74,
    78, 75, 77, 80, 79, 78, 79, 80, 78, 79, 75, 79, 79, 76, 75, 77, 78,
    77, 79, 79, 83, 84, 81, 86, 83, 82, 77, 76, 74, 74, 78, 79, 87, 85,
    86, 87, 80, 77, 74, 76, 77, 79, 82, 85, 83, 86, 82, 84, 78, 74, 73,
    75, 75, 74, 78, 77, 82, 83, 78, 81, 78, 77, 72, 72, 72, 74, 76, 72,
    73 ]
