%YAML:1.0
---
videoName: "headNod42.mp4"
gestureLabel: 202
fps: 30
pixelSizeInCmTemp: 3.0316455696202532e-01
faceCenterPointX: 265
faceCenterPointY: 77
headPositionsX: [ 264, 270, 269, 266, 271, 267, 270, 268, 267, 271, 270,
    270, 270, 266, 267, 272, 272, 269, 269, 267, 270, 269, 269, 268, 270,
    270, 267, 268, 267, 267, 264, 264, 266, 265, 268, 264, 266, 264, 265,
    265, 265, 263, 267, 262, 264, 266, 264, 266, 264, 266, 266, 263, 266,
    265, 266, 267, 264, 267, 265, 263, 266, 266, 265, 263, 267, 267, 268,
    266, 267, 265, 265, 264, 265, 265, 267, 267, 266, 264, 265, 266, 264,
    266, 264, 268, 269, 267, 267, 266, 266, 263, 266, 267, 263, 265, 264,
    264, 268, 264, 266, 266 ]
headPositionsY: [ 78, 73, 73, 78, 77, 77, 77, 75, 78, 79, 79, 78, 76, 78,
    76, 70, 70, 63, 67, 65, 65, 70, 69, 74, 77, 84, 88, 91, 93, 88, 89,
    84, 80, 76, 78, 67, 69, 71, 71, 70, 74, 80, 82, 81, 86, 83, 79, 78,
    72, 72, 72, 71, 72, 74, 75, 79, 81, 86, 84, 86, 84, 84, 82, 77, 78,
    73, 73, 74, 73, 77, 77, 81, 81, 81, 81, 77, 76, 77, 76, 75, 72, 76,
    74, 78, 81, 80, 78, 80, 79, 80, 82, 80, 78, 76, 80, 75, 79, 76, 78,
    80 ]
