%YAML:1.0
---
videoName: "headNod6.mp4"
gestureLabel: 202
fps: 29
pixelSizeInCmTemp: 3.1513157894736843e-01
faceCenterPointX: 262
faceCenterPointY: 73
headPositionsX: [ 261, 263, 261, 263, 262, 261, 262, 263, 261, 261, 263,
    262, 263, 264, 263, 261, 265, 260, 264, 260, 261, 261, 260, 263, 263,
    264, 261, 263, 261, 261, 263, 261, 262, 265, 262, 265, 261, 263, 264,
    263, 264, 263, 262, 260, 261, 260, 261, 260, 259, 259, 263, 259, 261,
    261, 262, 263, 260, 261, 263, 261, 262, 262, 259, 260, 261, 258, 261,
    260, 262, 258, 259, 259, 263, 262, 262, 261, 260, 261, 260, 259, 260,
    264, 262, 260, 263, 262, 259, 264, 264, 260, 262, 262, 262, 263, 259,
    259, 264, 263, 262, 263 ]
headPositionsY: [ 75, 73, 75, 76, 76, 75, 74, 73, 76, 73, 71, 75, 71, 72,
    73, 75, 76, 73, 74, 72, 73, 72, 72, 72, 76, 75, 75, 75, 75, 76, 76,
    74, 70, 69, 69, 64, 67, 66, 68, 69, 71, 75, 83, 81, 83, 83, 76, 74,
    70, 69, 68, 67, 70, 75, 79, 84, 85, 80, 78, 74, 71, 68, 69, 71, 69,
    76, 76, 81, 85, 80, 77, 73, 74, 66, 68, 66, 68, 69, 73, 76, 78, 83,
    86, 81, 79, 81, 76, 75, 72, 72, 71, 69, 70, 72, 74, 70, 74, 73, 70,
    70 ]
