%YAML:1.0
---
videoName: "headNod26.mp4"
gestureLabel: 202
fps: 29
pixelSizeInCmTemp: 3.1513157894736843e-01
faceCenterPointX: 271
faceCenterPointY: 78
headPositionsX: [ 270, 274, 270, 273, 270, 270, 271, 269, 271, 274, 270,
    272, 274, 274, 275, 273, 272, 270, 275, 274, 270, 274, 273, 272, 273,
    270, 272, 274, 269, 273, 270, 273, 272, 271, 274, 270, 271, 274, 270,
    270, 269, 272, 270, 272, 271, 270, 271, 273, 271, 271, 272, 272, 274,
    270, 269, 273, 270, 272, 274, 270, 273, 274, 274, 271, 270, 271, 274,
    274, 272, 273, 270, 271, 273, 272, 274, 272, 269, 271, 269, 271, 271,
    273, 270, 268, 272, 270, 268, 269, 269, 273, 270, 273, 269, 270, 269,
    268, 270, 268, 273, 269 ]
headPositionsY: [ 78, 74, 72, 72, 76, 73, 71, 70, 70, 68, 66, 67, 65, 63,
    68, 67, 69, 70, 72, 76, 79, 80, 85, 82, 84, 78, 78, 76, 70, 72, 69,
    68, 68, 67, 68, 71, 74, 73, 79, 80, 81, 79, 77, 73, 74, 72, 71, 69,
    67, 69, 70, 73, 71, 73, 77, 75, 77, 74, 75, 73, 72, 68, 65, 67, 67,
    70, 67, 71, 69, 72, 76, 76, 78, 78, 75, 74, 73, 70, 70, 70, 69, 68,
    69, 70, 73, 72, 75, 76, 77, 77, 78, 80, 79, 81, 79, 76, 79, 80, 79,
    80 ]
