%YAML:1.0
---
videoName: "headNod14.mp4"
gestureLabel: 202
fps: 29
pixelSizeInCmTemp: 3.2808219178082193e-01
faceCenterPointX: 257
faceCenterPointY: 71
headPositionsX: [ 258, 256, 259, 256, 260, 255, 260, 258, 255, 257, 259,
    257, 260, 259, 257, 258, 257, 261, 259, 259, 261, 260, 257, 258, 260,
    257, 259, 260, 257, 261, 258, 260, 259, 259, 259, 257, 260, 258, 257,
    257, 257, 259, 260, 260, 262, 259, 261, 260, 257, 258, 260, 256, 257,
    259, 257, 259, 258, 259, 259, 259, 259, 260, 257, 259, 259, 260, 257,
    259, 261, 257, 258, 260, 259, 256, 258, 256, 258, 258, 255, 260, 257,
    259, 259, 258, 257, 259, 259, 255, 256, 255, 257, 255, 258, 258, 259,
    255, 258, 255, 258, 259 ]
headPositionsY: [ 72, 76, 76, 79, 76, 76, 75, 77, 79, 75, 75, 80, 78, 77,
    79, 76, 75, 79, 78, 79, 78, 78, 77, 79, 76, 80, 79, 75, 77, 79, 78,
    76, 78, 78, 76, 78, 79, 80, 78, 73, 74, 70, 69, 68, 70, 68, 68, 72,
    71, 75, 76, 79, 82, 81, 83, 83, 79, 82, 75, 77, 71, 68, 70, 71, 72,
    72, 75, 78, 79, 80, 83, 84, 82, 79, 73, 71, 69, 69, 70, 71, 70, 72,
    77, 80, 79, 82, 78, 76, 76, 73, 71, 73, 68, 69, 69, 68, 70, 69, 73,
    72 ]
