%YAML:1.0
---
videoName: "headNod5.mp4"
gestureLabel: 202
fps: 29
pixelSizeInCmTemp: 3.1513157894736843e-01
faceCenterPointX: 263
faceCenterPointY: 75
headPositionsX: [ 263, 262, 262, 262, 263, 262, 263, 261, 260, 263, 262,
    261, 261, 265, 263, 262, 265, 266, 264, 262, 266, 265, 265, 263, 265,
    263, 266, 263, 266, 263, 266, 268, 266, 266, 265, 266, 268, 264, 266,
    268, 268, 265, 266, 267, 265, 265, 265, 265, 267, 266, 264, 265, 264,
    265, 265, 262, 266, 262, 265, 262, 266, 263, 262, 265, 264, 267, 265,
    266, 263, 266, 263, 267, 264, 263, 264, 264, 265, 264, 263, 265, 264,
    264, 263, 262, 266, 263, 264, 261, 265, 263, 265, 263, 263, 260, 262,
    263, 264, 263, 262, 265 ]
headPositionsY: [ 75, 73, 73, 75, 75, 74, 73, 72, 74, 73, 77, 75, 74, 77,
    73, 77, 73, 75, 76, 75, 76, 75, 76, 74, 73, 75, 77, 78, 77, 78, 75,
    78, 77, 74, 80, 77, 79, 77, 77, 74, 77, 76, 76, 76, 78, 79, 76, 78,
    78, 79, 79, 79, 85, 81, 83, 85, 80, 77, 77, 75, 78, 76, 82, 86, 88,
    87, 85, 84, 81, 73, 75, 76, 79, 78, 81, 87, 85, 82, 83, 78, 77, 75,
    72, 74, 75, 80, 77, 83, 84, 80, 80, 77, 77, 73, 75, 75, 74, 76, 73,
    74 ]
