%YAML:1.0
---
videoName: "headNod46.mp4"
gestureLabel: 202
fps: 30
pixelSizeInCmTemp: 2.8511904761904761e-01
faceCenterPointX: 264
faceCenterPointY: 72
headPositionsX: [ 262, 265, 263, 263, 262, 264, 264, 265, 263, 262, 262,
    262, 264, 266, 264, 264, 265, 265, 263, 263, 262, 266, 263, 268, 267,
    267, 266, 265, 265, 267, 267, 267, 266, 263, 263, 264, 260, 261, 264,
    260, 263, 262, 264, 263, 264, 261, 264, 262, 264, 261, 263, 263, 263,
    264, 262, 265, 262, 263, 262, 265, 262, 264, 265, 264, 265, 262, 263,
    263, 264, 262, 264, 266, 265, 263, 265, 264, 265, 262, 266, 265, 263,
    261, 262, 263, 262, 265, 263, 261, 261, 263, 262, 263, 262, 264, 262,
    263, 265, 266, 263, 266 ]
headPositionsY: [ 74, 68, 67, 70, 68, 71, 70, 73, 72, 74, 77, 76, 79, 84,
    89, 87, 91, 89, 84, 83, 81, 75, 73, 69, 72, 69, 71, 71, 73, 74, 80,
    84, 87, 91, 89, 85, 79, 75, 76, 69, 69, 69, 68, 72, 76, 76, 79, 82,
    87, 81, 83, 78, 75, 70, 66, 65, 67, 65, 67, 71, 75, 78, 78, 78, 74,
    73, 72, 72, 67, 70, 66, 68, 69, 72, 73, 73, 76, 73, 71, 69, 72, 70,
    69, 71, 71, 74, 74, 74, 75, 75, 71, 71, 69, 71, 70, 72, 74, 73, 70,
    70 ]
