%YAML:1.0
---
videoName: "headNod14.mp4"
gestureLabel: 202
fps: 29
pixelSizeInCmTemp: 3.2808219178082193e-01
faceCenterPointX: 257
faceCenterPointY: 71
headPositionsX: [ 258, 259, 256, 260, 258, 258, 257, 259, 256, 260, 260,
    260, 257, 259, 259, 259, 256, 257, 258, 256, 258, 256, 256, 259, 260,
    260, 257, 257, 260, 260, 258, 256, 259, 258, 259, 260, 256, 257, 258,
    257, 261, 261, 261, 260, 258, 259, 258, 258, 261, 258, 258, 257, 259,
    257, 259, 260, 258, 258, 260, 260, 257, 259, 261, 260, 258, 261, 258,
    258, 258, 256, 258, 258, 260, 258, 258, 257, 255, 257, 256, 257, 257,
    256, 256, 259, 258, 258, 257, 256, 257, 254, 255, 259, 258, 257, 256,
    255, 255, 257, 259, 255 ]
headPositionsY: [ 73, 79, 77, 77, 76, 76, 78, 79, 79, 77, 77, 78, 79, 78,
    77, 77, 77, 78, 76, 77, 80, 77, 78, 79, 77, 80, 80, 76, 79, 77, 78,
    79, 76, 78, 76, 79, 77, 77, 79, 73, 72, 73, 71, 68, 69, 66, 72, 69,
    70, 71, 74, 77, 79, 82, 80, 81, 81, 82, 78, 77, 71, 72, 69, 68, 73,
    69, 76, 75, 79, 78, 81, 83, 82, 76, 75, 70, 68, 66, 68, 69, 70, 75,
    73, 78, 79, 78, 82, 78, 78, 76, 74, 72, 69, 69, 70, 70, 72, 69, 72,
    73 ]
