%YAML:1.0
---
videoName: "headNod2.mp4"
gestureLabel: 202
fps: 29
pixelSizeInCmTemp: 3.2364864864864862e-01
faceCenterPointX: 263
faceCenterPointY: 70
headPositionsX: [ 265, 262, 264, 263, 263, 261, 261, 264, 264, 264, 262,
    263, 264, 264, 264, 263, 262, 262, 263, 262, 265, 261, 264, 263, 263,
    265, 265, 264, 261, 262, 263, 263, 261, 261, 262, 264, 260, 263, 262,
    263, 263, 260, 261, 261, 262, 260, 261, 260, 260, 261, 260, 262, 264,
    260, 260, 261, 264, 263, 260, 260, 260, 262, 262, 263, 260, 260, 263,
    264, 262, 260, 261, 264, 262, 265, 261, 263, 263, 262, 265, 263, 261,
    263, 263, 266, 261, 264, 264, 263, 265, 262, 266, 264, 263, 263, 262,
    266, 261, 265, 265, 266 ]
headPositionsY: [ 71, 74, 78, 77, 75, 74, 76, 75, 78, 77, 77, 76, 76, 73,
    76, 77, 76, 73, 77, 75, 73, 75, 74, 77, 74, 73, 75, 75, 74, 73, 73,
    75, 75, 72, 75, 76, 76, 73, 76, 76, 76, 75, 76, 74, 75, 74, 74, 76,
    74, 74, 70, 71, 69, 72, 77, 76, 79, 78, 76, 74, 71, 70, 70, 72, 73,
    73, 73, 69, 71, 69, 72, 73, 72, 76, 77, 76, 73, 72, 73, 70, 71, 73,
    76, 75, 77, 75, 70, 70, 68, 70, 72, 73, 70, 71, 73, 69, 68, 72, 72,
    68 ]
