%YAML:1.0
---
videoName: "headNod49.mp4"
gestureLabel: 202
fps: 29
pixelSizeInCmTemp: 2.9207317073170730e-01
faceCenterPointX: 263
faceCenterPointY: 74
headPositionsX: [ 263, 267, 263, 265, 268, 263, 266, 265, 265, 265, 264,
    264, 264, 265, 266, 262, 265, 263, 265, 266, 264, 263, 263, 263, 263,
    266, 263, 264, 263, 264, 266, 263, 264, 265, 261, 264, 266, 265, 266,
    266, 263, 266, 263, 261, 264, 261, 260, 263, 261, 264, 263, 261, 265,
    264, 265, 265, 264, 263, 262, 264, 264, 265, 266, 263, 266, 262, 265,
    266, 264, 262, 266, 264, 263, 265, 265, 264, 263, 264, 264, 264, 263,
    265, 262, 264, 261, 260, 264, 261, 260, 261, 262, 261, 261, 265, 262,
    265, 264, 264, 264, 263 ]
headPositionsY: [ 73, 71, 70, 71, 70, 71, 73, 72, 75, 72, 70, 69, 73, 69,
    66, 69, 66, 70, 67, 69, 67, 68, 73, 76, 79, 76, 77, 79, 76, 72, 72,
    72, 71, 68, 67, 68, 71, 75, 74, 78, 81, 79, 77, 78, 75, 73, 72, 70,
    70, 73, 73, 73, 77, 79, 76, 77, 75, 79, 77, 74, 75, 72, 73, 72, 75,
    74, 77, 78, 79, 80, 78, 76, 76, 75, 77, 74, 74, 74, 77, 77, 76, 75,
    78, 75, 73, 74, 73, 73, 75, 73, 72, 75, 73, 75, 75, 77, 73, 76, 73,
    74 ]
