%YAML:1.0
---
videoName: "headNod48.mp4"
gestureLabel: 202
fps: 29
pixelSizeInCmTemp: 2.8855421686746985e-01
faceCenterPointX: 264
faceCenterPointY: 72
headPositionsX: [ 263, 265, 264, 265, 263, 263, 267, 266, 265, 265, 265,
    262, 267, 262, 263, 261, 262, 260, 260, 260, 261, 259, 260, 262, 259,
    261, 260, 259, 262, 263, 262, 261, 261, 260, 264, 264, 263, 264, 262,
    264, 260, 263, 261, 262, 262, 259, 263, 261, 261, 261, 263, 260, 263,
    259, 261, 263, 260, 261, 262, 260, 261, 260, 261, 264, 262, 265, 265,
    264, 265, 266, 262, 265, 265, 262, 266, 266, 266, 267, 262, 264, 263,
    264, 267, 263, 267, 266, 267, 265, 264, 267, 266, 265, 268, 268, 268,
    266, 264, 265, 266, 265 ]
headPositionsY: [ 71, 75, 79, 76, 80, 77, 74, 72, 69, 65, 62, 63, 63, 64,
    69, 72, 77, 79, 84, 86, 85, 87, 84, 81, 77, 74, 70, 71, 64, 64, 61,
    64, 65, 63, 69, 70, 74, 78, 83, 81, 80, 84, 81, 80, 78, 74, 74, 72,
    73, 73, 70, 76, 75, 78, 82, 81, 75, 78, 75, 70, 70, 69, 71, 70, 74,
    74, 75, 76, 78, 78, 75, 75, 74, 70, 73, 70, 68, 68, 70, 73, 72, 77,
    75, 72, 73, 74, 72, 68, 72, 72, 75, 73, 76, 76, 73, 73, 75, 71, 73,
    73 ]
