%YAML:1.0
---
videoName: "headNod4.mp4"
gestureLabel: 202
fps: 29
pixelSizeInCmTemp: 3.2808219178082193e-01
faceCenterPointX: 264
faceCenterPointY: 72
headPositionsX: [ 262, 268, 267, 268, 268, 268, 270, 269, 271, 271, 269,
    270, 272, 270, 270, 267, 268, 268, 267, 266, 268, 268, 269, 268, 266,
    267, 270, 269, 266, 268, 265, 268, 266, 269, 266, 265, 265, 268, 270,
    267, 266, 267, 267, 270, 266, 266, 265, 270, 269, 270, 269, 269, 268,
    268, 267, 266, 266, 264, 265, 268, 265, 267, 265, 268, 267, 267, 265,
    263, 266, 263, 265, 263, 267, 264, 262, 263, 266, 263, 265, 264, 264,
    264, 263, 265, 266, 267, 263, 264, 262, 265, 262, 264, 263, 265, 263,
    263, 263, 265, 263, 265 ]
headPositionsY: [ 70, 75, 76, 75, 73, 72, 74, 75, 74, 73, 76, 76, 73, 75,
    75, 73, 72, 75, 76, 76, 72, 73, 74, 74, 74, 74, 73, 74, 73, 73, 74,
    74, 74, 73, 73, 76, 73, 73, 75, 75, 74, 73, 75, 73, 71, 70, 68, 65,
    66, 65, 68, 70, 70, 75, 78, 80, 81, 84, 82, 76, 74, 73, 71, 71, 71,
    70, 72, 74, 81, 80, 82, 80, 81, 78, 77, 73, 71, 69, 68, 70, 68, 72,
    72, 75, 78, 81, 84, 82, 84, 84, 83, 78, 77, 76, 77, 76, 77, 75, 73,
    73 ]
