%YAML:1.0
---
videoName: "headNod45.mp4"
gestureLabel: 202
fps: 30
pixelSizeInCmTemp: 3.0316455696202532e-01
faceCenterPointX: 265
faceCenterPointY: 77
headPositionsX: [ 265, 267, 266, 267, 269, 267, 269, 267, 270, 268, 267,
    269, 269, 269, 268, 269, 266, 266, 269, 269, 270, 268, 268, 267, 267,
    266, 267, 267, 268, 267, 268, 265, 264, 264, 265, 267, 264, 263, 264,
    267, 264, 263, 265, 267, 267, 264, 264, 265, 267, 267, 264, 265, 268,
    267, 266, 265, 267, 269, 267, 264, 266, 267, 264, 265, 263, 267, 268,
    265, 267, 266, 264, 265, 265, 267, 264, 264, 264, 266, 266, 265, 267,
    266, 265, 267, 266, 265, 268, 266, 267, 267, 267, 267, 265, 268, 264,
    267, 265, 263, 264, 264 ]
headPositionsY: [ 79, 74, 73, 76, 77, 78, 73, 77, 76, 75, 74, 74, 75, 73,
    76, 76, 78, 76, 79, 80, 83, 87, 93, 95, 91, 91, 89, 87, 79, 77, 71,
    73, 68, 67, 66, 68, 65, 69, 71, 77, 82, 87, 89, 91, 91, 90, 87, 83,
    80, 76, 73, 73, 72, 73, 72, 73, 76, 82, 86, 85, 86, 83, 80, 77, 78,
    73, 74, 71, 74, 75, 77, 78, 84, 85, 87, 86, 86, 83, 82, 80, 77, 74,
    75, 77, 75, 78, 80, 78, 80, 78, 78, 76, 79, 76, 76, 79, 78, 80, 77,
    80 ]
