%YAML:1.0
---
videoName: "headNod44.mp4"
gestureLabel: 202
fps: 29
pixelSizeInCmTemp: 2.9567901234567900e-01
faceCenterPointX: 268
faceCenterPointY: 78
headPositionsX: [ 267, 268, 269, 270, 269, 267, 271, 268, 272, 267, 270,
    269, 268, 268, 269, 267, 272, 267, 267, 271, 267, 271, 268, 267, 269,
    270, 269, 266, 268, 268, 268, 266, 269, 268, 268, 267, 268, 267, 267,
    265, 266, 267, 264, 267, 264, 265, 269, 270, 268, 267, 267, 266, 267,
    266, 269, 270, 269, 269, 266, 266, 266, 268, 265, 266, 267, 265, 267,
    267, 266, 267, 267, 270, 272, 270, 270, 269, 270, 271, 269, 268, 270,
    267, 270, 267, 268, 270, 266, 270, 266, 270, 269, 266, 268, 268, 269,
    269, 265, 268, 266, 270 ]
headPositionsY: [ 77, 72, 76, 74, 77, 74, 74, 76, 72, 72, 72, 73, 76, 76,
    75, 75, 75, 76, 80, 84, 83, 88, 92, 95, 97, 95, 90, 87, 82, 76, 71,
    72, 67, 70, 70, 74, 77, 82, 84, 88, 85, 84, 81, 75, 74, 71, 72, 75,
    74, 82, 86, 89, 93, 89, 88, 81, 77, 76, 73, 72, 75, 77, 81, 80, 83,
    83, 85, 81, 78, 76, 76, 76, 78, 78, 77, 83, 83, 85, 88, 86, 83, 82,
    82, 81, 79, 79, 75, 80, 75, 79, 75, 79, 80, 76, 79, 79, 78, 77, 77,
    75 ]
