%YAML:1.0
---
videoName: "headNod26.mp4"
gestureLabel: 202
fps: 29
pixelSizeInCmTemp: 3.1513157894736843e-01
faceCenterPointX: 271
faceCenterPointY: 78
headPositionsX: [ 270, 272, 271, 272, 272, 274, 271, 270, 270, 273, 273,
    271, 274, 274, 272, 274, 272, 274, 275, 272, 272, 274, 272, 274, 274,
    274, 270, 272, 273, 273, 274, 269, 272, 269, 272, 274, 273, 273, 271,
    269, 273, 270, 273, 274, 270, 274, 270, 271, 269, 272, 273, 273, 270,
    273, 270, 270, 273, 270, 271, 273, 272, 273, 273, 273, 271, 274, 270,
    271, 272, 272, 273, 274, 272, 273, 270, 271, 271, 271, 271, 272, 271,
    270, 271, 270, 270, 270, 272, 270, 269, 270, 271, 274, 269, 270, 269,
    269, 273, 270, 273, 270 ]
headPositionsY: [ 78, 71, 75, 74, 72, 72, 71, 71, 67, 66, 67, 66, 63, 66,
    65, 69, 68, 71, 72, 77, 76, 80, 84, 86, 84, 80, 78, 76, 74, 71, 70,
    70, 69, 68, 72, 73, 71, 76, 76, 80, 80, 78, 77, 76, 72, 71, 68, 68,
    70, 67, 67, 72, 75, 74, 76, 79, 74, 77, 75, 72, 70, 69, 68, 65, 70,
    67, 67, 72, 71, 72, 76, 76, 76, 74, 78, 75, 70, 72, 69, 71, 66, 71,
    71, 68, 70, 72, 77, 77, 76, 81, 79, 79, 78, 81, 77, 77, 79, 76, 76,
    80 ]
