%YAML:1.0
---
videoName: "headNod43.mp4"
gestureLabel: 202
fps: 29
pixelSizeInCmTemp: 2.8855421686746985e-01
faceCenterPointX: 268
faceCenterPointY: 74
headPositionsX: [ 268, 273, 270, 268, 270, 272, 272, 270, 271, 269, 268,
    267, 267, 266, 271, 268, 266, 267, 269, 270, 267, 268, 270, 267, 267,
    265, 268, 269, 266, 266, 263, 265, 265, 264, 266, 266, 265, 263, 264,
    264, 263, 262, 267, 263, 267, 266, 264, 269, 268, 265, 263, 263, 263,
    264, 265, 261, 262, 264, 262, 263, 265, 266, 263, 265, 266, 266, 264,
    264, 268, 267, 268, 267, 270, 269, 267, 265, 270, 268, 269, 269, 268,
    268, 267, 269, 268, 270, 269, 269, 267, 271, 269, 271, 267, 267, 271,
    271, 266, 267, 271, 266 ]
headPositionsY: [ 72, 76, 78, 76, 74, 76, 77, 76, 76, 76, 77, 74, 73, 74,
    74, 77, 73, 75, 77, 77, 75, 75, 76, 75, 77, 78, 78, 84, 88, 89, 91,
    87, 89, 83, 78, 80, 76, 82, 81, 86, 88, 91, 92, 88, 83, 83, 81, 82,
    80, 86, 86, 90, 89, 89, 89, 87, 81, 80, 82, 87, 89, 89, 90, 92, 92,
    88, 85, 83, 79, 77, 78, 81, 83, 86, 91, 91, 89, 90, 85, 82, 80, 73,
    76, 74, 73, 72, 74, 71, 73, 75, 75, 74, 73, 73, 71, 72, 72, 75, 72,
    72 ]
