%YAML:1.0
---
videoName: "headNod36.mp4"
gestureLabel: 202
fps: 29
pixelSizeInCmTemp: 2.8176470588235292e-01
faceCenterPointX: 269
faceCenterPointY: 75
headPositionsX: [ 268, 268, 272, 269, 273, 272, 269, 269, 270, 270, 271,
    270, 271, 272, 270, 269, 271, 272, 267, 269, 271, 272, 269, 271, 270,
    270, 271, 267, 272, 269, 272, 268, 270, 270, 271, 269, 271, 266, 267,
    266, 268, 266, 270, 269, 272, 269, 271, 269, 271, 269, 271, 268, 273,
    272, 271, 270, 271, 267, 267, 269, 270, 270, 271, 269, 269, 268, 267,
    269, 270, 268, 266, 267, 268, 266, 266, 270, 268, 269, 267, 270, 270,
    271, 267, 267, 270, 269, 270, 271, 272, 271, 269, 268, 271, 267, 271,
    269, 268, 268, 267, 271 ]
headPositionsY: [ 74, 72, 73, 73, 76, 74, 75, 73, 77, 73, 77, 74, 74, 73,
    72, 74, 73, 75, 73, 75, 76, 77, 80, 77, 74, 77, 68, 67, 64, 63, 63,
    65, 71, 75, 81, 84, 88, 91, 88, 86, 83, 81, 76, 75, 71, 68, 66, 66,
    66, 69, 67, 72, 76, 83, 86, 88, 87, 85, 85, 84, 81, 74, 75, 74, 75,
    73, 74, 79, 82, 82, 83, 80, 79, 76, 78, 73, 74, 72, 79, 78, 79, 83,
    82, 85, 82, 81, 79, 78, 80, 78, 77, 74, 74, 76, 75, 73, 77, 76, 74,
    77 ]
