%YAML:1.0
---
videoName: "headNod21.mp4"
gestureLabel: 202
fps: 29
pixelSizeInCmTemp: 3.2808219178082193e-01
faceCenterPointX: 253
faceCenterPointY: 78
headPositionsX: [ 254, 258, 254, 257, 254, 254, 253, 256, 256, 253, 253,
    254, 254, 253, 257, 255, 256, 257, 256, 254, 254, 253, 257, 254, 253,
    256, 256, 255, 255, 256, 254, 258, 256, 257, 258, 258, 255, 255, 255,
    258, 254, 254, 256, 258, 254, 255, 255, 256, 257, 252, 256, 255, 256,
    255, 256, 252, 253, 252, 255, 254, 254, 255, 255, 252, 250, 252, 249,
    252, 252, 251, 254, 251, 250, 249, 248, 251, 251, 248, 247, 251, 248,
    253, 250, 252, 249, 251, 252, 254, 251, 251, 255, 251, 252, 252, 256,
    256, 252, 254, 255, 254 ]
headPositionsY: [ 78, 80, 80, 77, 79, 76, 80, 79, 77, 78, 79, 77, 78, 80,
    77, 80, 81, 81, 78, 79, 79, 79, 80, 77, 80, 79, 78, 81, 79, 81, 81,
    81, 81, 80, 79, 75, 76, 77, 73, 77, 78, 83, 82, 86, 84, 79, 78, 78,
    78, 79, 78, 83, 86, 83, 83, 79, 78, 78, 77, 77, 78, 83, 81, 84, 82,
    83, 78, 76, 76, 75, 75, 77, 78, 78, 80, 85, 81, 81, 79, 79, 77, 78,
    77, 77, 77, 80, 78, 80, 80, 78, 79, 76, 76, 81, 78, 82, 78, 77, 81,
    80 ]
