%YAML:1.0
---
videoName: "headNod20.mp4"
gestureLabel: 202
fps: 30
pixelSizeInCmTemp: 3.2808219178082193e-01
faceCenterPointX: 253
faceCenterPointY: 80
headPositionsX: [ 253, 255, 256, 258, 257, 254, 255, 254, 256, 254, 254,
    256, 255, 256, 258, 256, 254, 254, 253, 255, 257, 253, 257, 253, 257,
    253, 256, 255, 256, 258, 256, 253, 256, 254, 257, 256, 252, 253, 252,
    253, 252, 255, 253, 251, 254, 254, 256, 254, 254, 252, 252, 253, 250,
    250, 250, 250, 251, 250, 252, 251, 253, 254, 252, 250, 251, 255, 254,
    254, 253, 255, 251, 255, 255, 254, 253, 255, 252, 254, 251, 253, 251,
    253, 253, 253, 255, 253, 253, 253, 254, 254, 254, 255, 253, 255, 255,
    252, 252, 255, 254, 252 ]
headPositionsY: [ 80, 78, 78, 76, 76, 77, 80, 78, 77, 79, 77, 76, 80, 79,
    78, 75, 77, 80, 77, 77, 80, 78, 79, 78, 80, 77, 77, 78, 79, 83, 84,
    82, 84, 85, 88, 82, 82, 77, 76, 74, 74, 72, 72, 75, 77, 79, 86, 88,
    89, 86, 86, 84, 80, 79, 79, 76, 76, 81, 82, 82, 81, 81, 79, 79, 78,
    78, 79, 80, 83, 82, 81, 81, 80, 76, 80, 80, 79, 79, 80, 84, 79, 82,
    78, 80, 81, 78, 79, 81, 83, 82, 79, 80, 80, 80, 79, 78, 79, 82, 81,
    82 ]
