%YAML:1.0
---
videoName: "headNod9.mp4"
gestureLabel: 202
fps: 29
pixelSizeInCmTemp: 3.1513157894736843e-01
faceCenterPointX: 261
faceCenterPointY: 75
headPositionsX: [ 263, 262, 262, 263, 263, 263, 260, 260, 259, 261, 261,
    261, 263, 262, 262, 260, 259, 262, 260, 261, 261, 259, 260, 262, 258,
    261, 260, 261, 262, 259, 260, 259, 263, 260, 260, 259, 259, 262, 263,
    259, 263, 259, 261, 261, 259, 261, 261, 261, 260, 257, 261, 262, 258,
    258, 263, 262, 262, 260, 260, 258, 259, 262, 258, 261, 260, 259, 260,
    259, 261, 258, 261, 260, 258, 259, 258, 262, 257, 259, 259, 259, 260,
    260, 256, 257, 258, 256, 259, 258, 256, 261, 258, 259, 260, 261, 260,
    262, 258, 259, 261, 258 ]
headPositionsY: [ 77, 73, 76, 75, 76, 75, 76, 77, 76, 75, 77, 75, 75, 74,
    75, 74, 74, 73, 73, 73, 74, 77, 73, 74, 76, 73, 76, 77, 76, 76, 75,
    76, 77, 82, 79, 78, 80, 77, 73, 74, 73, 75, 76, 80, 82, 89, 86, 85,
    79, 80, 76, 76, 78, 76, 82, 82, 85, 81, 81, 80, 74, 72, 72, 72, 78,
    78, 80, 86, 82, 80, 79, 76, 73, 73, 73, 74, 72, 73, 78, 77, 83, 83,
    84, 81, 79, 76, 75, 73, 75, 73, 74, 72, 74, 72, 73, 72, 75, 75, 76,
    73 ]
