%YAML:1.0
---
videoName: "headNod32.mp4"
gestureLabel: 202
fps: 29
pixelSizeInCmTemp: 2.8855421686746985e-01
faceCenterPointX: 266
faceCenterPointY: 74
headPositionsX: [ 264, 270, 267, 269, 268, 267, 265, 265, 265, 265, 267,
    265, 267, 265, 267, 266, 269, 265, 268, 267, 268, 265, 264, 264, 268,
    267, 268, 265, 268, 268, 269, 265, 264, 269, 268, 265, 265, 268, 267,
    266, 270, 269, 265, 265, 270, 266, 268, 267, 270, 269, 266, 267, 266,
    268, 266, 266, 268, 268, 268, 267, 269, 266, 266, 267, 268, 267, 270,
    265, 265, 267, 264, 268, 265, 266, 265, 267, 266, 266, 264, 264, 267,
    266, 267, 267, 264, 265, 267, 266, 269, 265, 265, 266, 268, 264, 265,
    265, 268, 264, 267, 266 ]
headPositionsY: [ 72, 76, 78, 80, 77, 78, 76, 77, 76, 80, 78, 80, 80, 79,
    79, 78, 77, 79, 78, 78, 77, 76, 78, 77, 79, 76, 76, 76, 77, 76, 77,
    76, 76, 75, 79, 75, 77, 78, 78, 77, 76, 80, 77, 75, 76, 77, 80, 78,
    78, 77, 80, 77, 80, 75, 76, 75, 75, 74, 73, 74, 68, 70, 67, 66, 66,
    70, 69, 73, 78, 82, 85, 86, 86, 87, 85, 82, 76, 73, 73, 71, 70, 73,
    71, 70, 72, 75, 72, 75, 76, 75, 74, 76, 74, 76, 75, 73, 76, 76, 77,
    72 ]
