%YAML:1.0
---
videoName: "headNod47.mp4"
gestureLabel: 202
fps: 29
pixelSizeInCmTemp: 3.0316455696202532e-01
faceCenterPointX: 266
faceCenterPointY: 70
headPositionsX: [ 265, 269, 266, 266, 267, 269, 265, 266, 264, 266, 266,
    266, 265, 266, 266, 262, 264, 262, 263, 265, 263, 266, 267, 266, 266,
    265, 268, 269, 267, 265, 267, 268, 266, 269, 266, 265, 268, 267, 268,
    266, 268, 265, 270, 267, 268, 268, 264, 265, 265, 268, 266, 265, 267,
    265, 265, 268, 269, 266, 266, 267, 265, 265, 269, 264, 267, 267, 266,
    269, 265, 264, 265, 267, 267, 267, 268, 269, 267, 265, 265, 267, 267,
    267, 266, 267, 267, 267, 266, 263, 269, 266, 266, 264, 266, 263, 265,
    268, 265, 268, 267, 267 ]
headPositionsY: [ 68, 62, 59, 60, 60, 58, 61, 62, 66, 66, 73, 78, 79, 80,
    82, 77, 76, 73, 70, 66, 65, 63, 67, 68, 69, 74, 78, 76, 79, 74, 73,
    72, 70, 69, 66, 69, 68, 73, 72, 73, 77, 81, 79, 78, 77, 72, 71, 71,
    66, 69, 71, 70, 72, 71, 76, 76, 75, 70, 72, 72, 67, 66, 66, 70, 68,
    69, 72, 72, 75, 75, 75, 75, 71, 71, 69, 71, 70, 68, 71, 72, 71, 76,
    72, 75, 72, 71, 73, 69, 72, 68, 70, 69, 72, 72, 70, 71, 71, 69, 71,
    72 ]
