%YAML:1.0
---
videoName: "headNod31.mp4"
gestureLabel: 202
fps: 29
pixelSizeInCmTemp: 2.8855421686746985e-01
faceCenterPointX: 267
faceCenterPointY: 75
headPositionsX: [ 269, 269, 271, 271, 269, 270, 270, 271, 270, 272, 269,
    270, 270, 272, 270, 270, 269, 268, 270, 268, 265, 267, 265, 268, 268,
    265, 265, 268, 269, 267, 266, 266, 268, 270, 267, 270, 268, 268, 267,
    267, 269, 267, 268, 268, 265, 266, 266, 266, 270, 269, 265, 266, 264,
    266, 265, 266, 265, 264, 269, 266, 266, 268, 268, 268, 269, 270, 264,
    269, 268, 267, 268, 267, 266, 268, 265, 266, 264, 265, 265, 265, 269,
    266, 265, 265, 267, 264, 268, 267, 267, 268, 269, 268, 268, 267, 269,
    267, 267, 268, 266, 267 ]
headPositionsY: [ 76, 76, 72, 72, 75, 73, 76, 65, 67, 66, 65, 68, 67, 64,
    75, 82, 80, 87, 86, 87, 85, 82, 81, 76, 76, 72, 73, 74, 70, 70, 69,
    69, 73, 74, 76, 80, 85, 87, 88, 86, 85, 83, 80, 79, 75, 73, 72, 73,
    75, 80, 81, 83, 82, 84, 81, 79, 77, 73, 71, 73, 69, 68, 70, 68, 72,
    72, 76, 76, 81, 83, 79, 80, 79, 76, 77, 75, 73, 69, 69, 74, 74, 76,
    76, 75, 76, 78, 75, 75, 77, 76, 74, 73, 75, 77, 77, 74, 78, 76, 76,
    73 ]
