%YAML:1.0
---
videoName: "headNod38.mp4"
gestureLabel: 202
fps: 29
pixelSizeInCmTemp: 2.9937500000000000e-01
faceCenterPointX: 267
faceCenterPointY: 73
headPositionsX: [ 269, 267, 269, 265, 265, 265, 266, 266, 267, 266, 264,
    266, 267, 265, 266, 268, 268, 268, 265, 269, 267, 266, 266, 267, 268,
    264, 264, 266, 264, 262, 264, 267, 265, 264, 266, 262, 266, 263, 267,
    266, 268, 268, 268, 265, 268, 266, 266, 269, 270, 265, 270, 269, 270,
    266, 267, 267, 270, 266, 267, 266, 266, 267, 267, 270, 270, 271, 268,
    269, 266, 268, 267, 268, 266, 269, 268, 270, 267, 269, 269, 269, 265,
    267, 267, 265, 269, 267, 268, 270, 266, 269, 267, 268, 268, 268, 268,
    266, 267, 268, 268, 269 ]
headPositionsY: [ 74, 76, 73, 76, 77, 83, 82, 88, 88, 81, 80, 76, 77, 74,
    77, 79, 82, 84, 85, 87, 82, 79, 73, 74, 75, 79, 80, 86, 90, 88, 91,
    84, 81, 79, 78, 73, 75, 72, 76, 78, 80, 86, 88, 90, 85, 85, 78, 77,
    74, 70, 71, 70, 73, 75, 78, 81, 86, 84, 87, 85, 82, 77, 78, 77, 74,
    71, 71, 76, 75, 75, 77, 81, 85, 84, 84, 82, 84, 81, 77, 76, 74, 73,
    72, 70, 72, 70, 73, 74, 73, 71, 71, 71, 73, 75, 71, 72, 74, 71, 72,
    75 ]
