%YAML:1.0
---
videoName: "headNod7.mp4"
gestureLabel: 202
fps: 29
pixelSizeInCmTemp: 3.2808219178082193e-01
faceCenterPointX: 261
faceCenterPointY: 71
headPositionsX: [ 259, 264, 264, 265, 268, 264, 263, 265, 265, 261, 264,
    261, 263, 265, 264, 263, 260, 265, 262, 263, 261, 261, 264, 263, 261,
    264, 261, 263, 263, 262, 263, 260, 259, 262, 261, 263, 260, 259, 260,
    261, 259, 261, 263, 262, 262, 260, 259, 260, 263, 260, 260, 261, 262,
    260, 263, 259, 263, 262, 264, 264, 262, 261, 262, 262, 260, 260, 261,
    261, 263, 260, 260, 261, 259, 260, 260, 262, 262, 261, 262, 262, 263,
    261, 262, 262, 262, 261, 259, 263, 260, 259, 262, 262, 263, 262, 260,
    259, 262, 259, 260, 263 ]
headPositionsY: [ 72, 76, 74, 75, 76, 72, 77, 73, 75, 74, 76, 70, 72, 74,
    74, 75, 73, 77, 73, 75, 74, 76, 73, 73, 75, 78, 75, 78, 76, 75, 76,
    73, 76, 75, 76, 73, 74, 73, 77, 74, 74, 75, 76, 76, 78, 76, 76, 76,
    75, 72, 71, 71, 69, 71, 71, 73, 77, 81, 79, 79, 77, 73, 70, 69, 72,
    72, 73, 75, 79, 79, 78, 74, 72, 72, 72, 68, 71, 71, 73, 71, 75, 77,
    80, 79, 77, 79, 74, 74, 74, 74, 72, 71, 68, 68, 70, 71, 74, 69, 70,
    69 ]
