%YAML:1.0
---
videoName: "headNod35.mp4"
gestureLabel: 202
fps: 30
pixelSizeInCmTemp: 2.9937500000000000e-01
faceCenterPointX: 268
faceCenterPointY: 78
headPositionsX: [ 270, 269, 266, 267, 267, 268, 269, 271, 268, 270, 269,
    270, 272, 270, 270, 271, 270, 272, 272, 272, 268, 268, 270, 271, 270,
    272, 270, 268, 271, 272, 272, 269, 269, 270, 270, 270, 272, 267, 269,
    267, 270, 265, 269, 265, 267, 267, 268, 271, 270, 270, 271, 267, 268,
    267, 267, 269, 269, 269, 268, 269, 266, 267, 268, 267, 270, 271, 270,
    269, 267, 269, 270, 269, 270, 271, 266, 268, 268, 269, 269, 268, 270,
    269, 267, 270, 268, 266, 266, 266, 264, 264, 267, 269, 265, 269, 266,
    269, 267, 269, 266, 267 ]
headPositionsY: [ 80, 76, 73, 77, 74, 76, 75, 76, 75, 77, 77, 79, 77, 77,
    74, 75, 76, 78, 75, 74, 77, 77, 75, 77, 76, 76, 74, 72, 70, 71, 69,
    65, 67, 72, 71, 76, 81, 82, 87, 90, 92, 91, 86, 82, 82, 75, 73, 74,
    73, 75, 78, 80, 85, 89, 87, 90, 87, 84, 79, 80, 72, 73, 71, 74, 75,
    74, 76, 79, 86, 85, 85, 85, 81, 77, 78, 75, 75, 74, 76, 78, 80, 84,
    85, 87, 85, 87, 83, 83, 79, 82, 80, 78, 78, 77, 79, 77, 80, 78, 78,
    77 ]
