%YAML:1.0
---
videoName: "headNod39.mp4"
gestureLabel: 202
fps: 29
pixelSizeInCmTemp: 2.9937500000000000e-01
faceCenterPointX: 268
faceCenterPointY: 78
headPositionsX: [ 266, 268, 267, 269, 269, 267, 268, 265, 270, 270, 268,
    268, 269, 269, 267, 268, 268, 267, 267, 269, 267, 268, 269, 269, 270,
    269, 269, 270, 269, 271, 267, 267, 267, 270, 271, 269, 268, 271, 267,
    268, 271, 266, 268, 270, 266, 267, 270, 267, 268, 265, 267, 268, 268,
    268, 266, 268, 269, 266, 264, 268, 268, 264, 264, 268, 268, 268, 266,
    268, 268, 265, 264, 266, 269, 268, 269, 265, 266, 267, 267, 269, 269,
    267, 267, 265, 268, 266, 266, 266, 269, 266, 268, 269, 267, 267, 269,
    269, 267, 265, 268, 268 ]
headPositionsY: [ 79, 78, 75, 76, 74, 76, 76, 75, 76, 77, 74, 74, 74, 77,
    77, 75, 73, 77, 76, 75, 78, 78, 76, 78, 77, 74, 76, 76, 77, 76, 78,
    78, 75, 75, 76, 76, 79, 80, 79, 78, 80, 83, 87, 84, 86, 80, 80, 74,
    73, 76, 75, 73, 76, 74, 79, 86, 86, 89, 89, 91, 87, 82, 77, 77, 75,
    71, 74, 73, 77, 81, 80, 82, 84, 82, 76, 76, 76, 76, 74, 75, 76, 81,
    77, 80, 78, 80, 81, 81, 79, 78, 79, 78, 78, 79, 79, 78, 79, 78, 77,
    78 ]
