%YAML:1.0
---
videoName: "headNod15.mp4"
gestureLabel: 202
fps: 29
pixelSizeInCmTemp: 3.1933333333333330e-01
faceCenterPointX: 255
faceCenterPointY: 74
headPositionsX: [ 255, 257, 257, 254, 258, 258, 259, 257, 255, 255, 258,
    256, 256, 257, 257, 256, 255, 257, 253, 255, 257, 254, 254, 254, 256,
    255, 256, 254, 254, 255, 255, 257, 257, 254, 256, 256, 254, 255, 256,
    257, 255, 253, 255, 255, 254, 253, 253, 254, 255, 255, 254, 254, 255,
    254, 257, 253, 254, 252, 257, 256, 256, 257, 255, 254, 257, 256, 259,
    258, 256, 253, 255, 253, 255, 253, 252, 254, 252, 251, 253, 252, 254,
    255, 253, 256, 253, 255, 255, 254, 255, 254, 252, 254, 251, 256, 252,
    253, 255, 254, 256, 256 ]
headPositionsY: [ 76, 72, 76, 72, 73, 75, 72, 73, 74, 74, 74, 76, 75, 72,
    74, 73, 75, 74, 71, 72, 76, 74, 71, 71, 75, 74, 74, 71, 73, 71, 75,
    75, 74, 74, 75, 76, 78, 80, 79, 81, 82, 83, 80, 78, 77, 71, 73, 72,
    73, 74, 76, 80, 81, 83, 77, 80, 74, 72, 73, 69, 72, 75, 76, 77, 79,
    81, 81, 80, 81, 74, 71, 70, 72, 73, 71, 74, 78, 77, 78, 76, 72, 70,
    72, 72, 72, 69, 73, 70, 73, 72, 76, 76, 75, 70, 73, 73, 73, 74, 74,
    75 ]
