%YAML:1.0
---
videoName: "headNod2.mp4"
gestureLabel: 202
fps: 29
pixelSizeInCmTemp: 3.2364864864864862e-01
faceCenterPointX: 263
faceCenterPointY: 70
headPositionsX: [ 263, 263, 260, 261, 261, 264, 265, 262, 261, 265, 265,
    263, 262, 265, 264, 263, 263, 263, 266, 266, 265, 264, 263, 264, 261,
    263, 265, 260, 262, 262, 264, 261, 263, 264, 263, 264, 260, 264, 262,
    263, 263, 261, 259, 261, 260, 263, 264, 262, 260, 262, 260, 261, 264,
    263, 260, 264, 264, 262, 260, 263, 263, 263, 264, 260, 264, 263, 263,
    262, 261, 261, 261, 260, 261, 264, 264, 262, 264, 264, 262, 263, 262,
    264, 265, 265, 263, 264, 264, 261, 265, 261, 262, 261, 265, 264, 263,
    266, 263, 266, 262, 262 ]
headPositionsY: [ 68, 76, 74, 74, 74, 73, 73, 77, 78, 76, 74, 77, 73, 75,
    76, 77, 75, 76, 77, 74, 77, 75, 75, 75, 76, 77, 76, 74, 77, 74, 72,
    73, 73, 72, 74, 74, 74, 74, 73, 74, 72, 76, 72, 76, 76, 73, 74, 75,
    73, 74, 70, 71, 70, 74, 74, 78, 77, 79, 78, 71, 72, 74, 71, 73, 73,
    73, 71, 71, 68, 70, 69, 70, 75, 78, 76, 77, 75, 71, 70, 71, 75, 72,
    73, 79, 76, 75, 70, 71, 69, 70, 69, 71, 73, 69, 73, 70, 71, 72, 72,
    70 ]
