%YAML:1.0
---
videoName: "headNod16.mp4"
gestureLabel: 202
fps: 29
pixelSizeInCmTemp: 3.3263888888888887e-01
faceCenterPointX: 255
faceCenterPointY: 77
headPositionsX: [ 257, 261, 261, 259, 260, 259, 261, 261, 258, 261, 260,
    257, 260, 261, 261, 259, 261, 259, 259, 256, 259, 258, 260, 257, 260,
    258, 261, 257, 260, 258, 259, 256, 259, 256, 257, 257, 259, 261, 262,
    257, 258, 257, 260, 259, 262, 258, 259, 259, 260, 258, 258, 257, 258,
    256, 258, 257, 258, 260, 257, 258, 255, 256, 257, 258, 257, 256, 256,
    254, 255, 254, 257, 254, 256, 253, 256, 255, 252, 255, 255, 253, 257,
    256, 252, 256, 255, 253, 257, 253, 255, 255, 253, 258, 254, 257, 252,
    254, 255, 256, 256, 255 ]
headPositionsY: [ 75, 75, 75, 73, 74, 76, 76, 76, 73, 76, 76, 75, 73, 75,
    76, 74, 74, 73, 75, 76, 75, 73, 74, 77, 78, 73, 73, 75, 76, 74, 73,
    76, 74, 73, 75, 75, 73, 72, 70, 67, 67, 68, 73, 74, 78, 77, 79, 80,
    80, 80, 77, 76, 69, 68, 69, 69, 71, 75, 75, 82, 83, 82, 83, 79, 79,
    77, 71, 69, 68, 69, 71, 75, 74, 79, 81, 78, 82, 78, 74, 72, 70, 70,
    71, 71, 71, 74, 76, 79, 77, 79, 78, 75, 78, 77, 73, 78, 78, 78, 77,
    75 ]
