%YAML:1.0
---
videoName: "headNod10.mp4"
gestureLabel: 202
fps: 29
pixelSizeInCmTemp: 3.2808219178082193e-01
faceCenterPointX: 260
faceCenterPointY: 67
headPositionsX: [ 261, 260, 259, 257, 256, 259, 260, 256, 256, 258, 258,
    257, 259, 260, 256, 259, 256, 258, 259, 256, 256, 256, 258, 259, 257,
    261, 258, 261, 256, 259, 260, 257, 258, 259, 260, 258, 257, 257, 261,
    261, 257, 261, 261, 260, 262, 260, 258, 262, 260, 262, 259, 262, 259,
    260, 260, 257, 259, 260, 259, 259, 259, 262, 262, 261, 260, 259, 261,
    261, 258, 260, 256, 256, 258, 257, 257, 257, 258, 259, 257, 260, 260,
    261, 260, 261, 257, 257, 258, 260, 260, 260, 257, 260, 261, 261, 258,
    260, 260, 263, 260, 259 ]
headPositionsY: [ 68, 73, 72, 68, 71, 72, 70, 70, 70, 69, 69, 68, 68, 70,
    68, 67, 72, 71, 71, 69, 69, 69, 71, 68, 72, 70, 68, 72, 68, 68, 71,
    69, 72, 70, 71, 71, 72, 69, 69, 73, 72, 71, 71, 71, 66, 66, 63, 60,
    62, 65, 63, 65, 67, 72, 74, 74, 71, 73, 70, 68, 66, 64, 64, 66, 68,
    71, 72, 73, 75, 77, 74, 72, 71, 66, 67, 67, 66, 68, 69, 74, 77, 77,
    73, 74, 71, 73, 70, 65, 68, 69, 68, 67, 68, 64, 65, 65, 67, 67, 68,
    67 ]
