%YAML:1.0
---
videoName: "headNod17.mp4"
gestureLabel: 202
fps: 30
pixelSizeInCmTemp: 3.2808219178082193e-01
faceCenterPointX: 253
faceCenterPointY: 76
headPositionsX: [ 251, 255, 256, 256, 254, 257, 255, 254, 257, 257, 255,
    256, 256, 255, 255, 253, 254, 254, 253, 257, 256, 254, 254, 255, 254,
    255, 256, 254, 257, 257, 255, 258, 255, 254, 256, 253, 254, 254, 255,
    257, 252, 254, 253, 255, 253, 251, 255, 255, 252, 253, 251, 255, 254,
    256, 254, 254, 256, 255, 254, 253, 255, 253, 253, 257, 256, 256, 254,
    254, 256, 252, 253, 254, 252, 252, 253, 254, 255, 254, 251, 252, 255,
    256, 253, 253, 257, 254, 257, 254, 255, 254, 255, 255, 253, 256, 255,
    252, 256, 254, 254, 256 ]
headPositionsY: [ 76, 77, 76, 75, 76, 76, 77, 78, 76, 75, 76, 76, 76, 76,
    76, 77, 79, 78, 80, 76, 78, 74, 72, 71, 74, 71, 67, 67, 69, 69, 68,
    64, 68, 68, 67, 71, 70, 72, 77, 76, 77, 83, 82, 85, 86, 84, 84, 82,
    81, 78, 78, 77, 74, 71, 73, 71, 71, 68, 71, 71, 69, 72, 75, 75, 79,
    78, 80, 78, 78, 77, 80, 78, 78, 78, 78, 79, 79, 80, 80, 80, 78, 76,
    74, 73, 77, 77, 78, 78, 77, 80, 79, 75, 75, 76, 80, 74, 79, 75, 74,
    78 ]
