%YAML:1.0
---
videoName: "headNod24.mp4"
gestureLabel: 202
fps: 29
pixelSizeInCmTemp: 3.1513157894736843e-01
faceCenterPointX: 272
faceCenterPointY: 72
headPositionsX: [ 270, 277, 274, 277, 272, 275, 272, 273, 276, 276, 273,
    277, 275, 274, 275, 274, 274, 276, 276, 273, 275, 274, 273, 274, 272,
    271, 272, 274, 272, 274, 273, 275, 272, 271, 275, 276, 275, 275, 275,
    275, 274, 271, 273, 275, 270, 271, 271, 272, 272, 273, 275, 274, 272,
    274, 274, 270, 272, 271, 274, 270, 273, 272, 269, 271, 271, 271, 271,
    270, 269, 273, 271, 270, 270, 271, 272, 269, 270, 269, 273, 268, 271,
    271, 270, 268, 268, 271, 272, 270, 268, 271, 272, 272, 269, 272, 269,
    271, 270, 271, 274, 270 ]
headPositionsY: [ 71, 73, 75, 71, 71, 71, 72, 74, 74, 75, 72, 74, 72, 71,
    73, 76, 75, 74, 71, 73, 72, 71, 71, 74, 71, 72, 76, 73, 74, 72, 75,
    74, 71, 75, 75, 71, 73, 72, 69, 68, 69, 71, 75, 81, 82, 80, 80, 76,
    71, 67, 67, 66, 68, 71, 77, 73, 75, 71, 70, 70, 67, 67, 66, 67, 73,
    72, 75, 78, 73, 74, 74, 68, 68, 69, 71, 71, 70, 73, 77, 73, 74, 76,
    75, 69, 71, 72, 71, 70, 69, 72, 70, 71, 75, 71, 71, 75, 74, 73, 73,
    71 ]
