%YAML:1.0
---
videoName: "headNod43.mp4"
gestureLabel: 202
fps: 29
pixelSizeInCmTemp: 2.8855421686746985e-01
faceCenterPointX: 268
faceCenterPointY: 74
headPositionsX: [ 268, 270, 269, 270, 269, 271, 269, 268, 269, 267, 266,
    270, 270, 266, 269, 269, 270, 266, 269, 268, 270, 270, 270, 268, 269,
    267, 269, 269, 267, 267, 263, 266, 265, 263, 268, 265, 264, 265, 267,
    266, 265, 264, 267, 265, 263, 263, 264, 266, 266, 267, 266, 263, 263,
    263, 263, 261, 265, 267, 266, 263, 264, 264, 263, 262, 265, 262, 268,
    264, 266, 269, 268, 266, 267, 270, 269, 267, 269, 266, 267, 267, 267,
    271, 269, 269, 268, 270, 270, 267, 268, 267, 268, 269, 270, 269, 269,
    271, 269, 268, 269, 270 ]
headPositionsY: [ 72, 75, 75, 76, 78, 78, 77, 75, 76, 75, 73, 74, 76, 72,
    78, 76, 74, 77, 77, 74, 76, 76, 73, 77, 74, 77, 78, 82, 87, 88, 91,
    88, 85, 83, 79, 77, 78, 78, 80, 86, 87, 93, 89, 89, 85, 80, 80, 84,
    81, 85, 86, 91, 89, 89, 89, 84, 81, 81, 81, 87, 87, 88, 89, 92, 89,
    85, 86, 80, 80, 78, 77, 83, 83, 85, 89, 91, 90, 87, 82, 80, 80, 77,
    75, 75, 72, 73, 73, 75, 75, 71, 71, 73, 76, 72, 74, 73, 73, 72, 73,
    72 ]
