%YAML:1.0
---
videoName: "headNod2.mp4"
gestureLabel: 202
fps: 29
pixelSizeInCmTemp: 3.2364864864864862e-01
faceCenterPointX: 263
faceCenterPointY: 70
headPositionsX: [ 265, 261, 260, 260, 263, 260, 262, 264, 265, 263, 265,
    263, 264, 263, 264, 262, 266, 265, 264, 266, 264, 261, 261, 265, 262,
    265, 264, 261, 265, 261, 261, 262, 263, 260, 264, 260, 263, 261, 261,
    260, 260, 264, 263, 264, 260, 262, 261, 260, 262, 263, 261, 260, 263,
    261, 261, 261, 263, 262, 264, 262, 261, 264, 263, 260, 264, 260, 264,
    261, 262, 261, 260, 261, 263, 262, 261, 263, 261, 263, 262, 260, 262,
    261, 261, 264, 260, 264, 261, 261, 263, 261, 262, 264, 263, 265, 263,
    265, 262, 266, 263, 265 ]
headPositionsY: [ 72, 75, 74, 76, 74, 73, 76, 74, 76, 77, 77, 75, 77, 76,
    77, 75, 74, 73, 74, 73, 73, 76, 74, 75, 74, 77, 73, 73, 75, 74, 76,
    76, 76, 74, 76, 76, 76, 74, 73, 75, 73, 76, 76, 76, 76, 74, 73, 75,
    71, 71, 71, 71, 72, 74, 76, 76, 78, 80, 76, 74, 73, 74, 70, 76, 73,
    75, 73, 70, 70, 68, 72, 72, 74, 77, 77, 77, 72, 71, 73, 69, 75, 73,
    73, 79, 76, 73, 72, 69, 71, 70, 72, 69, 72, 71, 72, 72, 69, 69, 72,
    69 ]
