%YAML:1.0
---
videoName: "headNod25.mp4"
gestureLabel: 202
fps: 29
pixelSizeInCmTemp: 3.1933333333333330e-01
faceCenterPointX: 270
faceCenterPointY: 75
headPositionsX: [ 268, 273, 271, 271, 270, 272, 269, 268, 272, 271, 271,
    268, 268, 268, 268, 268, 272, 271, 272, 272, 274, 269, 271, 273, 274,
    271, 273, 271, 271, 271, 274, 274, 273, 272, 275, 271, 270, 270, 271,
    271, 273, 271, 273, 272, 270, 272, 269, 270, 273, 269, 273, 273, 273,
    273, 271, 272, 272, 271, 272, 271, 273, 272, 270, 269, 273, 273, 269,
    270, 271, 272, 270, 269, 271, 270, 269, 269, 271, 270, 271, 271, 271,
    269, 271, 268, 270, 268, 273, 271, 271, 270, 273, 270, 270, 271, 268,
    269, 268, 268, 270, 269 ]
headPositionsY: [ 73, 72, 75, 76, 72, 71, 74, 74, 76, 76, 73, 72, 76, 73,
    72, 75, 74, 72, 73, 74, 75, 74, 76, 77, 73, 74, 76, 72, 75, 75, 76,
    76, 75, 75, 75, 76, 73, 73, 73, 74, 75, 77, 75, 75, 75, 75, 73, 77,
    76, 73, 69, 68, 66, 66, 62, 64, 68, 65, 68, 71, 72, 77, 79, 81, 86,
    89, 87, 85, 85, 81, 79, 74, 70, 72, 68, 68, 67, 69, 69, 70, 72, 79,
    77, 79, 83, 79, 77, 78, 76, 75, 77, 78, 74, 76, 75, 74, 74, 75, 75,
    74 ]
