%YAML:1.0
---
videoName: "headNod18.mp4"
gestureLabel: 202
fps: 29
pixelSizeInCmTemp: 3.3263888888888887e-01
faceCenterPointX: 255
faceCenterPointY: 77
headPositionsX: [ 254, 256, 258, 256, 259, 255, 257, 258, 255, 258, 254,
    259, 254, 258, 254, 254, 257, 257, 257, 255, 255, 253, 252, 253, 255,
    255, 256, 256, 257, 252, 258, 257, 256, 255, 257, 258, 257, 258, 254,
    253, 257, 254, 254, 255, 255, 257, 257, 256, 254, 256, 252, 256, 252,
    257, 252, 252, 256, 253, 256, 253, 253, 253, 254, 255, 253, 255, 254,
    252, 255, 253, 254, 256, 253, 256, 252, 254, 253, 256, 254, 252, 256,
    257, 251, 256, 255, 256, 257, 256, 256, 256, 254, 256, 252, 254, 252,
    256, 257, 252, 253, 254 ]
headPositionsY: [ 78, 78, 76, 78, 78, 76, 78, 78, 78, 75, 78, 77, 75, 78,
    79, 76, 80, 78, 76, 77, 75, 77, 79, 79, 76, 76, 78, 76, 78, 76, 78,
    79, 80, 77, 80, 77, 80, 80, 75, 76, 77, 72, 70, 72, 71, 73, 72, 73,
    74, 76, 76, 81, 77, 81, 78, 78, 76, 73, 71, 72, 71, 75, 78, 78, 84,
    84, 78, 80, 74, 73, 73, 73, 78, 82, 81, 85, 84, 81, 78, 78, 75, 78,
    73, 77, 79, 84, 83, 81, 79, 78, 81, 78, 76, 77, 77, 76, 78, 76, 76,
    76 ]
