%YAML:1.0
---
videoName: "headNod48.mp4"
gestureLabel: 202
fps: 29
pixelSizeInCmTemp: 2.8855421686746985e-01
faceCenterPointX: 264
faceCenterPointY: 72
headPositionsX: [ 263, 265, 263, 267, 266, 265, 266, 263, 265, 262, 266,
    264, 267, 262, 262, 263, 262, 259, 260, 263, 262, 260, 260, 261, 260,
    259, 260, 259, 260, 259, 263, 261, 263, 261, 263, 262, 262, 260, 262,
    263, 261, 261, 261, 261, 259, 261, 262, 262, 260, 260, 261, 262, 261,
    260, 262, 259, 259, 260, 263, 263, 260, 264, 265, 262, 261, 262, 263,
    262, 263, 262, 264, 262, 267, 264, 262, 265, 266, 265, 262, 265, 266,
    264, 265, 267, 265, 265, 263, 266, 264, 265, 268, 263, 268, 267, 264,
    266, 268, 266, 264, 266 ]
headPositionsY: [ 71, 77, 79, 77, 77, 77, 72, 69, 66, 63, 63, 64, 63, 64,
    66, 72, 77, 79, 85, 86, 87, 89, 82, 82, 79, 76, 72, 69, 66, 65, 62,
    68, 63, 66, 69, 71, 73, 78, 79, 82, 84, 82, 80, 80, 76, 73, 73, 74,
    71, 70, 74, 75, 76, 80, 79, 77, 75, 77, 76, 72, 70, 72, 69, 72, 71,
    77, 76, 79, 75, 77, 77, 74, 71, 72, 73, 69, 69, 68, 71, 73, 73, 73,
    76, 76, 76, 72, 71, 72, 70, 71, 75, 75, 74, 76, 71, 71, 74, 72, 74,
    72 ]
