%YAML:1.0
---
videoName: "headNod22.mp4"
gestureLabel: 202
fps: 29
pixelSizeInCmTemp: 3.1513157894736843e-01
faceCenterPointX: 252
faceCenterPointY: 80
headPositionsX: [ 250, 253, 255, 250, 254, 251, 250, 254, 252, 252, 251,
    254, 252, 255, 252, 251, 256, 252, 255, 255, 255, 255, 255, 253, 254,
    251, 255, 254, 255, 256, 251, 253, 253, 253, 256, 257, 253, 257, 256,
    255, 256, 253, 255, 256, 253, 255, 254, 252, 255, 251, 250, 253, 250,
    251, 253, 254, 252, 252, 251, 252, 253, 252, 255, 251, 254, 252, 252,
    252, 253, 250, 255, 253, 251, 251, 253, 250, 252, 252, 254, 255, 250,
    252, 251, 253, 250, 252, 254, 249, 253, 254, 251, 253, 254, 253, 251,
    253, 250, 249, 251, 249 ]
headPositionsY: [ 81, 80, 81, 79, 79, 78, 79, 79, 76, 77, 80, 77, 77, 79,
    80, 77, 77, 79, 80, 77, 80, 78, 81, 79, 81, 85, 85, 84, 82, 77, 74,
    76, 72, 70, 71, 71, 75, 76, 82, 81, 85, 84, 79, 75, 74, 72, 70, 70,
    70, 72, 74, 78, 81, 82, 86, 85, 80, 79, 76, 76, 71, 73, 75, 72, 78,
    79, 79, 81, 79, 79, 78, 73, 76, 76, 78, 78, 81, 80, 78, 78, 77, 74,
    75, 79, 77, 81, 82, 82, 82, 77, 79, 79, 77, 76, 82, 80, 82, 82, 81,
    80 ]
