%YAML:1.0
---
videoName: "headNod26.mp4"
gestureLabel: 202
fps: 29
pixelSizeInCmTemp: 3.1513157894736843e-01
faceCenterPointX: 271
faceCenterPointY: 78
headPositionsX: [ 272, 272, 270, 269, 270, 273, 270, 272, 270, 270, 273,
    275, 274, 273, 275, 274, 273, 270, 274, 272, 270, 275, 272, 270, 274,
    271, 271, 271, 269, 272, 270, 273, 271, 273, 272, 272, 271, 271, 273,
    270, 272, 270, 274, 270, 272, 274, 269, 271, 272, 274, 269, 272, 270,
    271, 272, 271, 274, 273, 274, 270, 274, 271, 272, 271, 271, 271, 270,
    271, 271, 274, 274, 271, 272, 273, 273, 273, 270, 270, 270, 271, 272,
    273, 269, 268, 273, 269, 271, 272, 270, 274, 269, 270, 273, 271, 271,
    271, 270, 270, 269, 270 ]
headPositionsY: [ 78, 75, 72, 71, 75, 72, 71, 69, 66, 69, 68, 66, 65, 67,
    69, 69, 72, 70, 71, 77, 79, 81, 84, 82, 82, 79, 80, 72, 74, 72, 68,
    68, 67, 70, 72, 73, 71, 77, 76, 79, 77, 78, 76, 74, 75, 71, 67, 71,
    69, 70, 67, 70, 75, 76, 76, 76, 78, 73, 72, 73, 71, 67, 65, 69, 67,
    70, 66, 68, 70, 73, 76, 74, 74, 74, 75, 72, 73, 70, 71, 71, 69, 71,
    70, 72, 70, 75, 76, 75, 77, 79, 80, 79, 80, 79, 77, 77, 76, 79, 78,
    80 ]
