%YAML:1.0
---
videoName: "headNod3.mp4"
gestureLabel: 202
fps: 29
pixelSizeInCmTemp: 3.1933333333333330e-01
faceCenterPointX: 264
faceCenterPointY: 76
headPositionsX: [ 263, 263, 262, 264, 266, 262, 266, 265, 264, 267, 265,
    266, 266, 268, 268, 265, 265, 264, 266, 265, 263, 264, 267, 264, 264,
    266, 266, 264, 264, 267, 267, 266, 264, 267, 267, 264, 268, 266, 267,
    264, 266, 267, 266, 264, 267, 264, 264, 267, 268, 266, 267, 267, 264,
    267, 262, 262, 265, 262, 262, 264, 262, 262, 262, 265, 265, 264, 265,
    266, 264, 265, 265, 265, 265, 265, 261, 265, 262, 265, 263, 262, 261,
    265, 263, 264, 265, 261, 262, 262, 262, 262, 263, 264, 261, 265, 265,
    262, 263, 264, 265, 263 ]
headPositionsY: [ 74, 75, 78, 74, 79, 75, 78, 78, 74, 72, 73, 73, 73, 74,
    72, 74, 75, 72, 75, 72, 74, 74, 71, 71, 73, 72, 76, 72, 73, 74, 75,
    74, 73, 76, 73, 76, 74, 73, 76, 74, 76, 74, 73, 71, 70, 67, 66, 65,
    66, 67, 66, 67, 70, 75, 77, 79, 82, 84, 82, 77, 77, 74, 68, 70, 66,
    69, 68, 71, 76, 76, 82, 80, 80, 79, 78, 73, 72, 68, 66, 68, 65, 65,
    68, 73, 73, 75, 77, 78, 78, 81, 80, 80, 79, 79, 75, 79, 77, 74, 74,
    76 ]
