%YAML:1.0
---
videoName: "headNod39.mp4"
gestureLabel: 202
fps: 29
pixelSizeInCmTemp: 2.9937500000000000e-01
faceCenterPointX: 268
faceCenterPointY: 78
headPositionsX: [ 268, 267, 265, 269, 266, 271, 269, 267, 267, 266, 267,
    269, 266, 269, 271, 271, 270, 270, 270, 267, 268, 267, 270, 270, 269,
    267, 269, 271, 269, 268, 270, 270, 269, 267, 270, 269, 268, 267, 267,
    267, 270, 269, 267, 270, 268, 266, 267, 266, 269, 269, 266, 269, 267,
    268, 269, 266, 268, 267, 268, 267, 268, 266, 265, 269, 265, 266, 269,
    265, 267, 265, 267, 268, 267, 269, 265, 267, 268, 266, 269, 265, 265,
    266, 266, 266, 267, 269, 267, 268, 268, 270, 267, 268, 266, 269, 268,
    269, 269, 269, 267, 265 ]
headPositionsY: [ 77, 77, 74, 74, 77, 75, 76, 75, 75, 76, 77, 77, 76, 75,
    75, 78, 76, 79, 77, 78, 75, 76, 78, 76, 74, 77, 77, 76, 75, 77, 75,
    78, 77, 75, 78, 78, 78, 80, 80, 81, 82, 83, 86, 85, 84, 81, 79, 77,
    77, 73, 73, 73, 73, 73, 78, 84, 86, 89, 90, 89, 83, 82, 79, 73, 71,
    73, 72, 75, 77, 78, 84, 84, 84, 83, 76, 75, 77, 77, 75, 75, 76, 79,
    80, 79, 79, 82, 77, 79, 80, 80, 79, 78, 76, 80, 78, 79, 77, 79, 76,
    78 ]
