%YAML:1.0
---
videoName: "headNod27.mp4"
gestureLabel: 202
fps: 29
pixelSizeInCmTemp: 3.0705128205128202e-01
faceCenterPointX: 271
faceCenterPointY: 77
headPositionsX: [ 272, 273, 274, 269, 274, 273, 271, 271, 273, 275, 270,
    271, 273, 272, 273, 273, 272, 273, 273, 272, 272, 273, 273, 270, 270,
    273, 273, 271, 273, 274, 272, 269, 269, 269, 268, 268, 269, 268, 267,
    270, 269, 269, 271, 271, 268, 271, 268, 268, 270, 271, 270, 270, 269,
    270, 267, 271, 270, 268, 271, 272, 268, 272, 267, 270, 267, 269, 269,
    266, 269, 269, 267, 269, 267, 269, 270, 267, 268, 268, 269, 270, 267,
    266, 269, 270, 269, 270, 268, 268, 269, 268, 270, 273, 271, 270, 272,
    270, 268, 270, 272, 272 ]
headPositionsY: [ 77, 74, 75, 75, 71, 75, 72, 73, 73, 73, 72, 75, 75, 72,
    74, 76, 72, 73, 73, 76, 72, 72, 71, 65, 67, 62, 66, 63, 64, 67, 68,
    75, 79, 84, 83, 81, 80, 76, 73, 71, 70, 68, 66, 67, 68, 72, 75, 77,
    78, 82, 80, 78, 74, 70, 68, 71, 73, 71, 75, 76, 79, 80, 82, 83, 79,
    78, 73, 75, 72, 74, 71, 70, 75, 77, 79, 81, 77, 77, 77, 71, 74, 70,
    72, 69, 72, 74, 75, 79, 77, 79, 81, 81, 77, 78, 79, 78, 78, 76, 77,
    76 ]
