%YAML:1.0
---
videoName: "headNod3.mp4"
gestureLabel: 202
fps: 29
pixelSizeInCmTemp: 3.1933333333333330e-01
faceCenterPointX: 264
faceCenterPointY: 76
headPositionsX: [ 262, 264, 264, 262, 264, 264, 266, 266, 266, 265, 266,
    265, 267, 268, 267, 265, 266, 268, 267, 265, 266, 264, 266, 265, 265,
    266, 265, 263, 265, 264, 263, 267, 264, 268, 263, 265, 268, 268, 264,
    268, 265, 266, 266, 264, 264, 267, 265, 263, 265, 264, 265, 263, 266,
    266, 264, 262, 265, 262, 261, 263, 264, 264, 262, 266, 261, 264, 263,
    265, 265, 266, 263, 265, 265, 263, 264, 261, 265, 266, 262, 265, 261,
    264, 263, 264, 266, 262, 263, 265, 264, 263, 262, 264, 264, 263, 261,
    266, 262, 267, 266, 267 ]
headPositionsY: [ 75, 75, 78, 78, 78, 78, 78, 75, 77, 76, 75, 75, 72, 71,
    71, 73, 71, 71, 73, 74, 73, 74, 72, 72, 72, 71, 74, 76, 73, 75, 72,
    72, 77, 73, 75, 74, 73, 73, 75, 74, 75, 72, 76, 75, 70, 69, 68, 65,
    65, 67, 69, 70, 71, 75, 80, 81, 84, 82, 82, 77, 78, 70, 68, 69, 65,
    66, 71, 72, 73, 80, 81, 82, 83, 78, 76, 75, 71, 69, 69, 66, 65, 68,
    70, 72, 74, 73, 78, 80, 78, 82, 80, 76, 79, 79, 78, 79, 74, 77, 73,
    74 ]
