%YAML:1.0
---
videoName: "headNod4.mp4"
gestureLabel: 202
fps: 29
pixelSizeInCmTemp: 3.2808219178082193e-01
faceCenterPointX: 264
faceCenterPointY: 72
headPositionsX: [ 263, 267, 271, 271, 271, 270, 269, 270, 269, 271, 271,
    271, 271, 266, 271, 269, 270, 269, 268, 270, 270, 268, 267, 270, 267,
    269, 269, 266, 265, 269, 269, 268, 270, 265, 265, 265, 268, 269, 267,
    267, 269, 269, 266, 268, 269, 269, 269, 270, 270, 270, 269, 269, 267,
    266, 268, 264, 266, 267, 266, 266, 263, 265, 266, 264, 263, 263, 263,
    264, 266, 264, 265, 266, 263, 263, 264, 265, 262, 266, 264, 264, 263,
    262, 266, 263, 267, 265, 264, 268, 265, 263, 266, 263, 264, 262, 265,
    265, 262, 266, 262, 263 ]
headPositionsY: [ 72, 74, 72, 76, 74, 72, 74, 72, 74, 75, 74, 76, 75, 75,
    76, 74, 76, 74, 72, 76, 75, 73, 72, 77, 71, 75, 75, 75, 72, 73, 75,
    76, 73, 73, 77, 77, 75, 72, 76, 72, 73, 76, 73, 74, 72, 68, 67, 67,
    64, 65, 64, 67, 73, 75, 78, 79, 80, 84, 80, 79, 72, 70, 68, 69, 69,
    69, 76, 76, 82, 79, 84, 81, 79, 80, 75, 71, 68, 70, 67, 67, 71, 70,
    75, 75, 77, 80, 83, 83, 83, 82, 82, 81, 81, 78, 78, 75, 77, 75, 75,
    72 ]
