%YAML:1.0
---
videoName: "headNod0.mp4"
gestureLabel: 202
fps: 29
pixelSizeInCmTemp: 3.2364864864864862e-01
faceCenterPointX: 264
faceCenterPointY: 76
headPositionsX: [ 264, 268, 268, 267, 269, 268, 268, 267, 267, 267, 264,
    265, 265, 264, 264, 266, 264, 267, 266, 263, 264, 268, 263, 268, 266,
    264, 267, 265, 264, 267, 264, 267, 267, 267, 268, 265, 268, 268, 265,
    266, 264, 267, 266, 263, 266, 266, 267, 262, 264, 265, 264, 264, 262,
    268, 267, 263, 266, 266, 264, 266, 264, 266, 268, 265, 268, 264, 264,
    263, 264, 264, 266, 267, 263, 263, 262, 265, 266, 262, 264, 263, 265,
    265, 265, 267, 263, 265, 263, 263, 266, 262, 263, 266, 264, 265, 265,
    266, 264, 265, 263, 262 ]
headPositionsY: [ 74, 74, 70, 71, 70, 74, 71, 72, 74, 71, 75, 75, 72, 74,
    72, 72, 72, 72, 74, 75, 75, 72, 74, 72, 75, 73, 72, 72, 73, 70, 71,
    66, 65, 62, 64, 61, 62, 63, 66, 68, 67, 71, 75, 75, 78, 83, 82, 82,
    80, 78, 76, 76, 73, 73, 68, 66, 67, 66, 66, 66, 72, 73, 72, 75, 76,
    80, 79, 79, 78, 77, 75, 73, 71, 72, 68, 67, 65, 68, 66, 68, 69, 71,
    75, 72, 75, 77, 77, 77, 79, 79, 77, 78, 79, 75, 77, 76, 75, 73, 74,
    76 ]
