%YAML:1.0
---
videoName: "headNod36.mp4"
gestureLabel: 202
fps: 29
pixelSizeInCmTemp: 2.8176470588235292e-01
faceCenterPointX: 269
faceCenterPointY: 75
headPositionsX: [ 267, 272, 269, 269, 271, 269, 268, 269, 272, 271, 270,
    273, 269, 272, 270, 268, 273, 273, 271, 273, 268, 268, 269, 272, 271,
    269, 267, 267, 271, 268, 270, 271, 271, 269, 272, 267, 268, 268, 268,
    266, 270, 268, 270, 270, 269, 271, 268, 272, 272, 269, 269, 272, 271,
    273, 271, 272, 270, 269, 269, 270, 268, 269, 268, 267, 266, 267, 268,
    268, 266, 268, 270, 266, 266, 265, 267, 267, 270, 267, 268, 270, 270,
    269, 270, 269, 269, 268, 270, 267, 271, 268, 272, 270, 272, 269, 268,
    272, 271, 270, 270, 270 ]
headPositionsY: [ 76, 75, 75, 76, 73, 73, 76, 73, 73, 72, 77, 73, 72, 73,
    74, 72, 73, 75, 77, 74, 76, 76, 80, 78, 73, 76, 69, 70, 68, 66, 65,
    65, 71, 74, 81, 83, 89, 89, 91, 88, 86, 77, 76, 73, 71, 68, 66, 68,
    67, 69, 68, 74, 77, 83, 83, 87, 87, 88, 84, 82, 80, 75, 76, 73, 73,
    72, 78, 78, 83, 82, 84, 82, 82, 79, 77, 75, 77, 74, 78, 81, 83, 84,
    86, 84, 84, 82, 79, 80, 76, 75, 74, 74, 77, 73, 75, 75, 75, 78, 77,
    77 ]
