%YAML:1.0
---
videoName: "headNod21.mp4"
gestureLabel: 202
fps: 29
pixelSizeInCmTemp: 3.2808219178082193e-01
faceCenterPointX: 253
faceCenterPointY: 78
headPositionsX: [ 251, 258, 255, 254, 254, 257, 255, 256, 254, 257, 253,
    255, 257, 253, 254, 254, 257, 253, 256, 253, 253, 254, 257, 256, 255,
    254, 257, 254, 254, 254, 257, 254, 256, 257, 254, 255, 255, 254, 257,
    256, 254, 257, 258, 256, 255, 257, 254, 254, 255, 254, 253, 255, 256,
    253, 254, 255, 255, 254, 252, 253, 256, 251, 252, 255, 250, 254, 250,
    253, 253, 251, 252, 253, 251, 248, 248, 250, 248, 250, 249, 249, 250,
    250, 249, 249, 249, 250, 252, 252, 254, 254, 251, 250, 252, 254, 253,
    255, 253, 253, 252, 257 ]
headPositionsY: [ 80, 78, 81, 78, 79, 80, 78, 76, 78, 79, 80, 79, 77, 77,
    79, 77, 80, 77, 77, 77, 79, 79, 77, 79, 82, 81, 78, 81, 82, 79, 82,
    84, 81, 78, 80, 79, 74, 74, 77, 77, 79, 82, 83, 83, 83, 82, 78, 76,
    78, 79, 79, 84, 85, 85, 82, 83, 80, 75, 75, 77, 81, 82, 80, 85, 85,
    81, 80, 78, 79, 75, 77, 79, 79, 78, 80, 84, 79, 79, 78, 79, 76, 78,
    76, 78, 77, 81, 82, 77, 80, 80, 80, 78, 76, 80, 78, 81, 79, 81, 78,
    81 ]
