%YAML:1.0
---
videoName: "headNod4.mp4"
gestureLabel: 202
fps: 29
pixelSizeInCmTemp: 3.2808219178082193e-01
faceCenterPointX: 264
faceCenterPointY: 72
headPositionsX: [ 264, 267, 271, 271, 270, 269, 268, 269, 273, 272, 268,
    267, 271, 268, 270, 270, 267, 268, 269, 268, 268, 270, 268, 266, 265,
    269, 268, 269, 266, 269, 268, 267, 270, 269, 268, 267, 265, 266, 270,
    265, 267, 268, 264, 270, 268, 267, 265, 266, 266, 266, 268, 270, 268,
    269, 265, 266, 265, 267, 264, 264, 265, 265, 265, 264, 267, 266, 266,
    267, 267, 267, 266, 263, 266, 265, 264, 263, 264, 262, 266, 265, 264,
    266, 266, 264, 263, 266, 265, 264, 266, 264, 266, 264, 267, 264, 264,
    263, 262, 264, 265, 264 ]
headPositionsY: [ 70, 75, 74, 77, 76, 72, 76, 72, 77, 74, 73, 75, 74, 73,
    72, 75, 72, 76, 76, 72, 72, 72, 73, 76, 75, 76, 73, 77, 74, 74, 73,
    76, 76, 75, 77, 74, 73, 74, 73, 72, 73, 72, 74, 76, 72, 71, 68, 64,
    64, 66, 65, 67, 71, 77, 77, 79, 81, 81, 81, 76, 72, 71, 71, 71, 69,
    71, 76, 77, 82, 79, 82, 83, 80, 80, 77, 73, 69, 68, 70, 69, 67, 70,
    73, 74, 81, 81, 84, 82, 82, 80, 82, 79, 78, 76, 77, 76, 77, 76, 73,
    75 ]
