%YAML:1.0
---
videoName: "headNod3.mp4"
gestureLabel: 202
fps: 29
pixelSizeInCmTemp: 3.1933333333333330e-01
faceCenterPointX: 264
faceCenterPointY: 76
headPositionsX: [ 265, 264, 262, 261, 266, 263, 265, 264, 267, 264, 266,
    264, 264, 264, 266, 264, 266, 266, 264, 264, 263, 267, 263, 267, 267,
    263, 263, 266, 265, 267, 267, 268, 265, 267, 263, 268, 265, 265, 264,
    268, 268, 263, 265, 263, 266, 263, 263, 264, 264, 266, 265, 263, 268,
    267, 266, 263, 264, 262, 265, 263, 264, 265, 264, 265, 261, 263, 266,
    265, 265, 262, 264, 263, 261, 263, 262, 263, 263, 263, 264, 262, 263,
    264, 266, 262, 266, 261, 262, 265, 266, 265, 264, 263, 262, 264, 261,
    264, 265, 264, 262, 267 ]
headPositionsY: [ 78, 78, 75, 74, 77, 75, 76, 75, 76, 72, 77, 75, 71, 72,
    74, 73, 71, 75, 72, 75, 73, 70, 72, 74, 71, 72, 72, 73, 73, 75, 73,
    76, 76, 74, 73, 73, 73, 77, 76, 76, 75, 76, 76, 73, 71, 70, 69, 65,
    67, 66, 69, 71, 72, 73, 77, 82, 82, 85, 80, 80, 77, 71, 67, 69, 66,
    69, 67, 74, 73, 76, 79, 84, 79, 81, 77, 74, 73, 67, 68, 68, 66, 67,
    67, 73, 71, 77, 76, 81, 80, 78, 76, 78, 76, 78, 76, 75, 78, 75, 75,
    74 ]
