%YAML:1.0
---
videoName: "headNod15.mp4"
gestureLabel: 202
fps: 29
pixelSizeInCmTemp: 3.1933333333333330e-01
faceCenterPointX: 255
faceCenterPointY: 74
headPositionsX: [ 253, 257, 259, 258, 258, 259, 259, 257, 255, 255, 256,
    257, 254, 256, 257, 258, 257, 257, 253, 257, 258, 258, 255, 257, 258,
    253, 256, 254, 256, 254, 253, 254, 258, 256, 255, 257, 255, 257, 257,
    257, 256, 256, 256, 253, 257, 255, 253, 254, 256, 253, 255, 257, 256,
    256, 255, 254, 256, 256, 254, 253, 254, 256, 252, 257, 254, 258, 259,
    256, 257, 253, 256, 256, 257, 253, 253, 254, 253, 251, 251, 253, 253,
    253, 256, 254, 256, 256, 253, 255, 252, 254, 255, 256, 252, 253, 254,
    255, 254, 256, 252, 256 ]
headPositionsY: [ 75, 74, 73, 72, 75, 72, 73, 75, 71, 75, 72, 74, 71, 74,
    73, 74, 74, 76, 72, 74, 76, 74, 74, 73, 74, 73, 72, 71, 75, 74, 71,
    74, 74, 73, 72, 74, 78, 80, 78, 79, 84, 82, 81, 76, 76, 72, 71, 70,
    69, 75, 76, 81, 83, 84, 79, 78, 76, 73, 69, 71, 68, 75, 74, 79, 79,
    81, 83, 80, 77, 77, 73, 72, 68, 72, 72, 76, 77, 76, 79, 76, 74, 69,
    72, 71, 71, 68, 72, 71, 71, 72, 74, 72, 75, 73, 72, 71, 71, 70, 72,
    73 ]
