%YAML:1.0
---
videoName: "headNod27.mp4"
gestureLabel: 202
fps: 29
pixelSizeInCmTemp: 3.0705128205128202e-01
faceCenterPointX: 271
faceCenterPointY: 77
headPositionsX: [ 270, 272, 273, 273, 273, 272, 272, 274, 273, 274, 270,
    274, 271, 269, 274, 274, 270, 269, 270, 271, 275, 270, 270, 272, 272,
    273, 275, 272, 271, 272, 270, 273, 270, 272, 268, 270, 270, 270, 270,
    268, 271, 268, 272, 267, 270, 269, 272, 267, 267, 268, 271, 271, 270,
    268, 267, 268, 270, 271, 269, 271, 268, 272, 268, 269, 269, 269, 267,
    269, 271, 266, 267, 271, 267, 268, 268, 269, 269, 267, 268, 269, 271,
    270, 267, 269, 268, 269, 269, 269, 271, 268, 273, 269, 269, 270, 270,
    271, 272, 272, 270, 270 ]
headPositionsY: [ 77, 75, 74, 75, 73, 75, 73, 72, 75, 76, 71, 72, 74, 73,
    74, 74, 75, 74, 76, 77, 74, 69, 68, 66, 63, 62, 63, 63, 66, 69, 69,
    79, 83, 85, 85, 82, 80, 77, 73, 71, 69, 68, 69, 67, 72, 73, 77, 75,
    80, 80, 78, 76, 74, 74, 71, 68, 71, 72, 74, 74, 78, 81, 81, 84, 81,
    77, 74, 74, 73, 73, 74, 70, 72, 78, 76, 81, 77, 80, 74, 71, 72, 71,
    72, 68, 73, 72, 77, 76, 81, 79, 79, 77, 78, 77, 77, 76, 74, 76, 78,
    75 ]
