%YAML:1.0
---
videoName: "headNod31.mp4"
gestureLabel: 202
fps: 29
pixelSizeInCmTemp: 2.8855421686746985e-01
faceCenterPointX: 267
faceCenterPointY: 75
headPositionsX: [ 269, 268, 269, 270, 270, 268, 268, 270, 272, 271, 268,
    272, 271, 270, 267, 269, 267, 267, 266, 269, 269, 264, 268, 264, 264,
    268, 265, 266, 270, 266, 269, 266, 268, 271, 270, 269, 269, 267, 269,
    269, 266, 267, 269, 265, 265, 269, 268, 268, 270, 268, 269, 266, 268,
    266, 267, 266, 267, 264, 268, 267, 264, 269, 265, 265, 265, 269, 266,
    269, 267, 267, 264, 266, 265, 268, 268, 266, 264, 267, 266, 265, 268,
    266, 265, 268, 267, 265, 265, 266, 267, 265, 265, 269, 265, 266, 266,
    266, 267, 269, 268, 268 ]
headPositionsY: [ 73, 72, 73, 76, 72, 76, 76, 66, 68, 64, 66, 65, 66, 65,
    77, 82, 84, 84, 87, 87, 86, 84, 79, 77, 75, 70, 74, 70, 67, 68, 70,
    70, 73, 76, 80, 81, 85, 84, 89, 85, 83, 81, 79, 77, 73, 75, 72, 73,
    76, 79, 83, 83, 86, 85, 82, 78, 76, 73, 71, 70, 73, 71, 70, 68, 70,
    73, 76, 78, 77, 81, 80, 78, 80, 76, 76, 72, 70, 70, 71, 70, 72, 73,
    74, 75, 79, 78, 75, 77, 74, 76, 74, 76, 73, 76, 77, 74, 78, 76, 77,
    74 ]
