%YAML:1.0
---
videoName: "headNod23.mp4"
gestureLabel: 202
fps: 29
pixelSizeInCmTemp: 3.1933333333333330e-01
faceCenterPointX: 273
faceCenterPointY: 75
headPositionsX: [ 272, 272, 273, 274, 275, 276, 274, 275, 275, 273, 273,
    275, 274, 276, 273, 275, 275, 275, 273, 272, 273, 275, 274, 276, 275,
    277, 273, 275, 274, 277, 274, 277, 275, 277, 274, 273, 276, 274, 275,
    272, 271, 273, 274, 273, 273, 271, 270, 273, 273, 272, 273, 276, 273,
    274, 276, 272, 272, 273, 271, 275, 276, 274, 274, 276, 273, 275, 272,
    274, 275, 272, 275, 275, 272, 274, 273, 273, 271, 273, 271, 274, 275,
    271, 275, 275, 273, 275, 273, 274, 272, 276, 276, 272, 273, 275, 271,
    274, 275, 275, 275, 275 ]
headPositionsY: [ 73, 75, 75, 77, 77, 74, 74, 77, 76, 76, 77, 74, 76, 75,
    75, 76, 77, 77, 76, 75, 76, 77, 75, 77, 73, 72, 71, 69, 68, 66, 63,
    65, 66, 67, 70, 71, 71, 76, 77, 81, 81, 80, 81, 78, 79, 73, 71, 70,
    66, 66, 68, 68, 71, 70, 71, 75, 75, 78, 77, 79, 76, 74, 74, 73, 69,
    68, 70, 71, 69, 72, 69, 74, 76, 78, 78, 79, 80, 80, 78, 76, 75, 77,
    77, 75, 75, 74, 73, 75, 71, 72, 72, 75, 74, 77, 77, 74, 77, 73, 74,
    77 ]
