%YAML:1.0
---
videoName: "headNod12.mp4"
gestureLabel: 202
fps: 29
pixelSizeInCmTemp: 3.2808219178082193e-01
faceCenterPointX: 254
faceCenterPointY: 69
headPositionsX: [ 255, 252, 252, 256, 251, 255, 252, 251, 255, 256, 256,
    257, 256, 256, 255, 257, 255, 255, 254, 255, 255, 256, 255, 253, 254,
    254, 255, 258, 254, 254, 258, 253, 254, 252, 253, 252, 254, 255, 255,
    252, 255, 254, 257, 254, 252, 254, 257, 252, 253, 253, 252, 256, 252,
    256, 254, 254, 254, 255, 255, 256, 255, 255, 255, 255, 256, 253, 257,
    254, 253, 255, 255, 254, 254, 256, 252, 256, 255, 254, 255, 253, 254,
    253, 256, 257, 254, 256, 255, 258, 254, 255, 253, 255, 255, 254, 255,
    255, 253, 253, 255, 254 ]
headPositionsY: [ 69, 76, 71, 76, 71, 73, 74, 71, 76, 73, 75, 75, 72, 74,
    72, 75, 71, 71, 72, 73, 75, 73, 76, 74, 76, 73, 76, 73, 73, 74, 77,
    74, 72, 71, 74, 71, 69, 69, 66, 63, 62, 61, 61, 61, 64, 68, 68, 72,
    74, 74, 76, 81, 76, 77, 77, 74, 71, 68, 68, 64, 63, 63, 63, 65, 65,
    67, 70, 69, 71, 73, 74, 75, 76, 75, 71, 71, 68, 66, 70, 67, 64, 65,
    65, 66, 66, 69, 70, 72, 73, 74, 75, 73, 71, 74, 71, 73, 71, 70, 70,
    68 ]
