%YAML:1.0
---
videoName: "headNod45.mp4"
gestureLabel: 202
fps: 30
pixelSizeInCmTemp: 3.0316455696202532e-01
faceCenterPointX: 265
faceCenterPointY: 77
headPositionsX: [ 263, 268, 266, 266, 267, 267, 270, 270, 270, 267, 268,
    266, 265, 268, 267, 268, 268, 268, 269, 265, 270, 267, 265, 270, 268,
    267, 269, 264, 265, 264, 268, 266, 263, 266, 264, 264, 264, 263, 267,
    264, 266, 266, 264, 263, 264, 265, 265, 267, 265, 268, 267, 265, 265,
    267, 269, 266, 267, 268, 268, 266, 269, 267, 266, 265, 263, 267, 264,
    265, 268, 269, 268, 266, 264, 266, 265, 266, 264, 269, 264, 264, 265,
    264, 266, 264, 267, 266, 269, 266, 264, 264, 263, 268, 268, 266, 266,
    266, 263, 267, 265, 267 ]
headPositionsY: [ 76, 76, 73, 75, 75, 78, 76, 73, 78, 75, 74, 76, 73, 76,
    75, 74, 77, 76, 81, 79, 86, 89, 92, 96, 93, 92, 92, 88, 81, 79, 73,
    72, 66, 65, 68, 69, 69, 71, 75, 76, 80, 85, 92, 89, 90, 89, 85, 85,
    79, 76, 75, 71, 72, 73, 72, 74, 78, 83, 84, 87, 86, 85, 79, 77, 77,
    76, 72, 71, 76, 77, 77, 79, 82, 86, 88, 86, 86, 83, 81, 80, 76, 77,
    74, 77, 78, 81, 80, 81, 80, 77, 80, 79, 78, 76, 78, 79, 77, 77, 79,
    80 ]
