%YAML:1.0
---
videoName: "headNod39.mp4"
gestureLabel: 202
fps: 29
pixelSizeInCmTemp: 2.9937500000000000e-01
faceCenterPointX: 268
faceCenterPointY: 78
headPositionsX: [ 270, 269, 265, 265, 266, 270, 270, 265, 270, 268, 269,
    269, 267, 270, 270, 267, 269, 270, 267, 267, 270, 271, 270, 270, 269,
    268, 269, 268, 268, 269, 267, 270, 270, 269, 268, 270, 266, 268, 271,
    267, 268, 269, 266, 266, 265, 268, 266, 265, 267, 266, 267, 269, 268,
    268, 268, 269, 265, 264, 266, 266, 266, 265, 264, 265, 267, 269, 269,
    269, 267, 264, 267, 267, 267, 266, 269, 265, 268, 267, 268, 269, 265,
    266, 265, 269, 267, 269, 268, 265, 270, 270, 268, 265, 267, 269, 267,
    269, 269, 269, 269, 265 ]
headPositionsY: [ 77, 76, 75, 75, 78, 75, 76, 75, 76, 75, 76, 75, 74, 76,
    77, 75, 73, 76, 78, 78, 77, 78, 78, 74, 74, 77, 77, 78, 78, 76, 77,
    77, 78, 77, 78, 75, 78, 77, 80, 82, 84, 82, 84, 87, 83, 80, 79, 76,
    74, 74, 76, 76, 73, 73, 79, 82, 90, 89, 93, 88, 85, 80, 80, 76, 71,
    72, 71, 73, 79, 80, 81, 84, 84, 81, 78, 75, 77, 74, 76, 78, 77, 78,
    77, 82, 81, 79, 80, 79, 81, 77, 79, 79, 80, 79, 80, 80, 76, 80, 79,
    77 ]
