%YAML:1.0
---
videoName: "headNod28.mp4"
gestureLabel: 202
fps: 30
pixelSizeInCmTemp: 3.2364864864864862e-01
faceCenterPointX: 270
faceCenterPointY: 76
headPositionsX: [ 268, 270, 270, 269, 269, 270, 271, 271, 273, 271, 271,
    271, 270, 269, 270, 273, 268, 272, 269, 267, 272, 268, 272, 272, 270,
    272, 268, 271, 271, 271, 272, 271, 271, 271, 272, 270, 272, 267, 271,
    272, 270, 273, 271, 271, 271, 270, 268, 269, 268, 271, 268, 269, 268,
    271, 270, 273, 270, 273, 268, 269, 271, 268, 269, 272, 273, 273, 268,
    272, 271, 270, 269, 273, 271, 269, 273, 270, 272, 273, 272, 269, 271,
    270, 271, 273, 271, 270, 270, 270, 270, 273, 271, 273, 274, 271, 270,
    271, 268, 271, 268, 268 ]
headPositionsY: [ 77, 74, 74, 72, 77, 73, 74, 74, 74, 74, 73, 74, 77, 75,
    76, 76, 74, 73, 76, 73, 74, 74, 77, 73, 76, 72, 74, 77, 73, 76, 77,
    74, 73, 75, 72, 73, 75, 74, 74, 76, 72, 79, 77, 80, 82, 81, 83, 81,
    77, 75, 72, 72, 74, 71, 70, 73, 74, 76, 74, 78, 80, 83, 82, 81, 78,
    75, 73, 72, 70, 73, 75, 74, 76, 81, 81, 82, 79, 75, 73, 71, 72, 71,
    71, 77, 75, 78, 80, 76, 76, 77, 76, 74, 78, 76, 76, 77, 74, 76, 77,
    76 ]
