%YAML:1.0
---
videoName: "headNod17.mp4"
gestureLabel: 202
fps: 30
pixelSizeInCmTemp: 3.2808219178082193e-01
faceCenterPointX: 253
faceCenterPointY: 76
headPositionsX: [ 251, 257, 257, 257, 255, 256, 256, 253, 254, 257, 254,
    256, 254, 256, 257, 253, 257, 255, 254, 258, 256, 254, 254, 253, 255,
    254, 253, 258, 254, 257, 256, 258, 254, 254, 255, 257, 253, 253, 253,
    257, 254, 253, 251, 251, 255, 252, 253, 252, 253, 252, 251, 253, 254,
    255, 253, 252, 256, 254, 257, 257, 254, 254, 256, 255, 255, 257, 253,
    254, 254, 252, 255, 253, 255, 256, 253, 252, 255, 254, 251, 255, 254,
    253, 254, 255, 255, 255, 254, 256, 255, 256, 254, 256, 256, 254, 255,
    255, 255, 256, 253, 255 ]
headPositionsY: [ 78, 78, 78, 78, 76, 80, 75, 80, 77, 75, 75, 76, 76, 78,
    78, 80, 78, 75, 77, 75, 75, 77, 73, 73, 72, 72, 70, 70, 69, 65, 65,
    64, 70, 70, 71, 72, 70, 73, 75, 76, 79, 83, 84, 85, 86, 86, 84, 83,
    79, 78, 77, 78, 73, 74, 70, 68, 71, 70, 70, 68, 69, 69, 74, 74, 77,
    79, 83, 79, 82, 79, 76, 79, 75, 78, 75, 77, 77, 80, 81, 76, 77, 78,
    78, 73, 77, 77, 79, 79, 78, 77, 78, 77, 79, 73, 79, 78, 80, 79, 75,
    76 ]
