%YAML:1.0
---
videoName: "headNod37.mp4"
gestureLabel: 202
fps: 29
pixelSizeInCmTemp: 2.9207317073170730e-01
faceCenterPointX: 269
faceCenterPointY: 78
headPositionsX: [ 270, 272, 273, 273, 271, 268, 271, 270, 268, 267, 269,
    269, 273, 270, 269, 270, 271, 267, 270, 269, 272, 269, 270, 266, 271,
    269, 272, 272, 268, 269, 270, 272, 270, 271, 267, 271, 268, 268, 271,
    272, 268, 270, 267, 269, 267, 268, 270, 267, 272, 271, 267, 267, 269,
    272, 272, 272, 269, 270, 269, 268, 269, 267, 269, 270, 269, 267, 264,
    268, 265, 265, 266, 268, 268, 270, 266, 267, 269, 268, 267, 270, 268,
    270, 269, 269, 271, 272, 270, 270, 272, 268, 272, 268, 269, 271, 270,
    271, 269, 269, 267, 269 ]
headPositionsY: [ 76, 77, 77, 74, 76, 74, 76, 76, 74, 76, 73, 77, 73, 73,
    75, 76, 75, 74, 75, 75, 74, 76, 74, 77, 77, 73, 76, 74, 73, 74, 78,
    77, 75, 75, 75, 77, 77, 74, 73, 75, 77, 77, 75, 73, 77, 76, 77, 74,
    77, 78, 75, 76, 71, 69, 65, 67, 66, 68, 67, 68, 71, 71, 81, 86, 86,
    87, 86, 88, 85, 80, 76, 74, 70, 69, 67, 65, 64, 65, 65, 67, 72, 76,
    77, 81, 80, 80, 83, 80, 80, 80, 80, 78, 78, 78, 79, 78, 76, 76, 80,
    78 ]
