%YAML:1.0
---
videoName: "headNod31.mp4"
gestureLabel: 202
fps: 29
pixelSizeInCmTemp: 2.8855421686746985e-01
faceCenterPointX: 267
faceCenterPointY: 75
headPositionsX: [ 265, 270, 268, 272, 271, 271, 268, 269, 271, 269, 269,
    268, 271, 271, 268, 269, 270, 269, 269, 266, 265, 266, 267, 268, 264,
    264, 265, 264, 267, 268, 270, 266, 272, 271, 271, 267, 268, 269, 270,
    269, 270, 268, 268, 268, 268, 265, 268, 265, 267, 267, 265, 266, 268,
    268, 266, 263, 266, 267, 266, 267, 264, 269, 264, 264, 265, 266, 266,
    265, 267, 268, 266, 265, 264, 268, 266, 268, 266, 268, 266, 265, 270,
    264, 264, 265, 266, 266, 265, 267, 265, 266, 265, 265, 265, 268, 265,
    265, 268, 267, 267, 264 ]
headPositionsY: [ 76, 74, 74, 75, 74, 73, 73, 69, 68, 65, 66, 64, 67, 65,
    77, 81, 81, 83, 85, 84, 83, 83, 83, 76, 74, 74, 70, 71, 66, 70, 68,
    71, 72, 74, 80, 81, 82, 84, 86, 87, 85, 83, 79, 79, 72, 73, 76, 72,
    76, 78, 80, 84, 83, 85, 83, 80, 80, 73, 72, 71, 72, 70, 71, 71, 74,
    71, 73, 79, 78, 82, 78, 78, 76, 74, 74, 73, 73, 73, 70, 71, 76, 74,
    74, 76, 77, 76, 76, 74, 77, 72, 73, 72, 76, 74, 74, 78, 77, 76, 74,
    77 ]
