%YAML:1.0
---
videoName: "headNod18.mp4"
gestureLabel: 202
fps: 29
pixelSizeInCmTemp: 3.3263888888888887e-01
faceCenterPointX: 255
faceCenterPointY: 77
headPositionsX: [ 257, 259, 258, 256, 257, 257, 259, 256, 257, 257, 257,
    259, 258, 258, 257, 257, 253, 255, 253, 252, 255, 255, 255, 257, 256,
    255, 255, 254, 258, 254, 254, 254, 253, 255, 256, 257, 254, 258, 253,
    255, 256, 253, 256, 254, 254, 254, 254, 253, 254, 256, 252, 257, 255,
    253, 254, 252, 254, 252, 254, 255, 256, 252, 255, 254, 253, 256, 253,
    253, 252, 252, 256, 253, 253, 253, 255, 253, 253, 254, 256, 255, 255,
    257, 255, 252, 253, 255, 257, 256, 254, 254, 255, 255, 255, 254, 252,
    255, 255, 252, 257, 255 ]
headPositionsY: [ 78, 79, 76, 78, 78, 78, 79, 78, 77, 79, 75, 77, 78, 79,
    76, 79, 76, 76, 78, 80, 76, 78, 78, 80, 76, 77, 78, 80, 78, 75, 80,
    80, 78, 80, 76, 78, 76, 80, 76, 79, 77, 76, 71, 73, 72, 73, 70, 74,
    74, 76, 74, 79, 77, 82, 78, 79, 76, 72, 71, 73, 73, 73, 78, 78, 80,
    85, 79, 79, 77, 76, 74, 77, 78, 79, 84, 82, 83, 80, 79, 74, 77, 76,
    76, 79, 77, 81, 81, 80, 79, 79, 78, 78, 79, 75, 77, 78, 80, 79, 79,
    78 ]
