%YAML:1.0
---
videoName: "headNod2.mp4"
gestureLabel: 202
fps: 29
pixelSizeInCmTemp: 3.2364864864864862e-01
faceCenterPointX: 263
faceCenterPointY: 70
headPositionsX: [ 261, 263, 262, 260, 262, 263, 263, 262, 261, 264, 263,
    265, 265, 262, 264, 265, 263, 263, 264, 264, 262, 265, 261, 265, 260,
    265, 265, 260, 261, 263, 262, 261, 261, 264, 264, 260, 262, 260, 261,
    260, 261, 264, 260, 260, 262, 262, 260, 263, 263, 264, 262, 263, 260,
    264, 261, 262, 263, 263, 262, 260, 263, 262, 262, 263, 262, 261, 261,
    262, 264, 264, 264, 263, 264, 261, 261, 261, 264, 263, 263, 261, 263,
    262, 264, 265, 263, 262, 264, 262, 263, 261, 263, 265, 263, 262, 264,
    264, 261, 263, 263, 262 ]
headPositionsY: [ 70, 77, 78, 77, 76, 75, 77, 77, 78, 76, 77, 74, 73, 74,
    73, 78, 74, 74, 74, 73, 74, 76, 77, 73, 74, 77, 77, 73, 75, 75, 75,
    75, 74, 73, 74, 74, 75, 73, 76, 75, 72, 75, 75, 75, 75, 76, 74, 72,
    75, 70, 69, 70, 71, 71, 76, 75, 79, 76, 76, 70, 73, 70, 74, 74, 75,
    74, 73, 69, 71, 68, 72, 73, 72, 76, 73, 76, 74, 73, 72, 72, 73, 75,
    75, 78, 73, 75, 74, 71, 70, 71, 71, 69, 69, 73, 71, 72, 70, 70, 68,
    69 ]
