%YAML:1.0
---
videoName: "headNod24.mp4"
gestureLabel: 202
fps: 29
pixelSizeInCmTemp: 3.1513157894736843e-01
faceCenterPointX: 272
faceCenterPointY: 72
headPositionsX: [ 272, 273, 272, 274, 273, 276, 274, 276, 277, 273, 274,
    276, 275, 277, 276, 273, 273, 272, 275, 274, 272, 272, 271, 272, 272,
    273, 273, 275, 273, 274, 272, 271, 274, 274, 274, 274, 273, 273, 274,
    272, 272, 274, 273, 271, 272, 273, 273, 271, 274, 274, 271, 272, 272,
    274, 274, 270, 274, 274, 273, 274, 269, 274, 272, 269, 271, 270, 271,
    271, 271, 273, 274, 272, 270, 271, 269, 269, 269, 272, 270, 272, 270,
    267, 269, 272, 267, 272, 268, 271, 272, 273, 273, 271, 271, 270, 271,
    270, 272, 274, 272, 271 ]
headPositionsY: [ 72, 74, 71, 75, 75, 71, 73, 73, 76, 71, 75, 75, 71, 71,
    71, 76, 72, 72, 75, 74, 72, 74, 75, 73, 73, 74, 73, 75, 74, 76, 73,
    74, 72, 73, 76, 75, 73, 73, 71, 71, 71, 75, 78, 79, 82, 82, 81, 76,
    70, 65, 69, 67, 69, 74, 73, 74, 73, 75, 69, 67, 68, 65, 68, 67, 72,
    74, 76, 74, 75, 75, 73, 68, 67, 70, 70, 71, 72, 73, 75, 76, 74, 74,
    72, 71, 71, 72, 72, 69, 68, 72, 72, 70, 73, 74, 73, 75, 73, 71, 72,
    70 ]
