%YAML:1.0
---
videoName: "headNod20.mp4"
gestureLabel: 202
fps: 30
pixelSizeInCmTemp: 3.2808219178082193e-01
faceCenterPointX: 253
faceCenterPointY: 80
headPositionsX: [ 253, 257, 257, 255, 254, 254, 253, 254, 255, 257, 256,
    253, 253, 254, 257, 254, 256, 255, 256, 257, 256, 256, 256, 255, 254,
    253, 258, 256, 256, 257, 257, 257, 255, 256, 257, 254, 253, 253, 255,
    254, 254, 251, 256, 252, 253, 253, 253, 254, 255, 252, 253, 251, 251,
    253, 251, 253, 250, 253, 252, 249, 251, 254, 251, 251, 251, 255, 252,
    255, 252, 252, 253, 252, 251, 250, 251, 255, 254, 254, 250, 250, 251,
    253, 252, 252, 253, 254, 251, 254, 253, 254, 253, 253, 253, 253, 254,
    253, 254, 253, 255, 253 ]
headPositionsY: [ 82, 79, 79, 76, 79, 80, 80, 79, 77, 78, 80, 76, 80, 80,
    81, 78, 78, 80, 80, 79, 78, 78, 80, 78, 79, 80, 77, 78, 81, 84, 85,
    86, 84, 86, 88, 83, 78, 78, 76, 70, 73, 72, 72, 72, 78, 81, 85, 86,
    88, 90, 87, 84, 83, 77, 77, 75, 79, 79, 82, 84, 85, 81, 81, 79, 78,
    80, 81, 82, 79, 83, 84, 79, 76, 76, 78, 77, 79, 80, 81, 83, 79, 79,
    78, 80, 80, 80, 83, 82, 82, 79, 80, 80, 80, 80, 80, 82, 81, 81, 82,
    81 ]
