%YAML:1.0
---
videoName: "headNod41.mp4"
gestureLabel: 202
fps: 29
pixelSizeInCmTemp: 2.9937500000000000e-01
faceCenterPointX: 267
faceCenterPointY: 76
headPositionsX: [ 268, 269, 271, 269, 268, 269, 268, 269, 269, 271, 268,
    268, 271, 269, 272, 270, 268, 271, 269, 272, 271, 269, 270, 272, 270,
    270, 267, 270, 269, 268, 268, 271, 269, 269, 271, 270, 268, 272, 268,
    270, 268, 272, 267, 271, 271, 269, 271, 268, 267, 266, 268, 268, 270,
    268, 269, 267, 270, 271, 271, 270, 270, 269, 269, 269, 268, 268, 267,
    266, 268, 270, 270, 265, 269, 268, 267, 268, 265, 265, 269, 269, 267,
    267, 267, 265, 265, 268, 267, 267, 268, 266, 267, 267, 267, 267, 265,
    267, 267, 267, 266, 266 ]
headPositionsY: [ 75, 69, 73, 71, 72, 74, 75, 75, 74, 73, 73, 73, 74, 73,
    72, 74, 72, 75, 76, 73, 76, 73, 72, 72, 72, 74, 72, 75, 75, 73, 73,
    76, 76, 74, 73, 76, 73, 77, 77, 78, 82, 84, 88, 87, 91, 94, 91, 85,
    82, 79, 76, 71, 69, 65, 63, 65, 64, 71, 72, 79, 80, 87, 94, 94, 91,
    88, 87, 83, 76, 72, 74, 72, 71, 69, 69, 76, 78, 85, 81, 82, 80, 80,
    76, 75, 75, 75, 72, 74, 75, 72, 79, 81, 78, 80, 77, 77, 76, 79, 75,
    77 ]
