%YAML:1.0
---
videoName: "headNod34.mp4"
gestureLabel: 202
fps: 29
pixelSizeInCmTemp: 2.9567901234567900e-01
faceCenterPointX: 266
faceCenterPointY: 78
headPositionsX: [ 264, 269, 270, 266, 269, 271, 269, 271, 269, 267, 267,
    266, 270, 271, 268, 268, 268, 270, 272, 270, 267, 270, 270, 271, 269,
    271, 268, 271, 268, 271, 271, 267, 268, 271, 269, 268, 271, 272, 272,
    272, 268, 269, 268, 269, 269, 270, 268, 268, 270, 269, 270, 271, 270,
    267, 270, 267, 269, 271, 269, 269, 272, 269, 269, 272, 270, 272, 269,
    269, 270, 270, 268, 266, 266, 268, 265, 268, 268, 264, 265, 265, 264,
    268, 266, 268, 263, 267, 267, 264, 268, 264, 267, 266, 265, 268, 264,
    265, 268, 265, 267, 266 ]
headPositionsY: [ 79, 78, 76, 76, 79, 74, 77, 77, 75, 74, 76, 78, 78, 74,
    76, 75, 78, 75, 75, 76, 79, 75, 77, 75, 78, 77, 77, 78, 76, 76, 76,
    75, 76, 76, 75, 76, 74, 72, 72, 73, 73, 70, 76, 72, 82, 84, 87, 86,
    85, 82, 82, 73, 74, 72, 73, 73, 72, 77, 79, 80, 83, 85, 82, 80, 81,
    80, 77, 78, 79, 82, 85, 82, 87, 84, 80, 80, 77, 79, 76, 77, 77, 81,
    83, 83, 85, 82, 81, 80, 78, 80, 78, 78, 77, 79, 80, 80, 79, 81, 79,
    80 ]
