%YAML:1.0
---
videoName: "headNod14.mp4"
gestureLabel: 202
fps: 29
pixelSizeInCmTemp: 3.2808219178082193e-01
faceCenterPointX: 257
faceCenterPointY: 71
headPositionsX: [ 256, 260, 260, 259, 259, 259, 258, 259, 259, 259, 257,
    260, 258, 260, 259, 256, 258, 257, 260, 259, 260, 260, 257, 258, 258,
    259, 261, 257, 261, 260, 259, 258, 257, 258, 260, 261, 260, 259, 258,
    260, 261, 261, 258, 259, 258, 258, 261, 259, 260, 257, 258, 259, 261,
    258, 256, 257, 257, 258, 257, 259, 258, 259, 259, 261, 259, 260, 260,
    258, 257, 258, 257, 260, 258, 256, 257, 259, 258, 258, 259, 258, 259,
    260, 258, 258, 259, 259, 260, 258, 257, 257, 258, 257, 260, 258, 258,
    256, 257, 255, 255, 259 ]
headPositionsY: [ 70, 79, 74, 76, 77, 74, 78, 79, 76, 78, 76, 77, 76, 76,
    79, 78, 78, 79, 77, 75, 76, 75, 77, 79, 75, 78, 78, 78, 80, 79, 79,
    76, 80, 78, 77, 76, 79, 77, 78, 75, 76, 70, 70, 68, 71, 68, 69, 69,
    71, 74, 76, 75, 81, 80, 84, 81, 81, 78, 75, 77, 73, 71, 71, 70, 73,
    70, 74, 76, 77, 80, 81, 82, 79, 79, 74, 70, 70, 70, 69, 70, 72, 75,
    75, 80, 79, 78, 79, 75, 76, 74, 70, 71, 70, 68, 69, 68, 71, 69, 71,
    71 ]
