%YAML:1.0
---
videoName: "headNod8.mp4"
gestureLabel: 202
fps: 29
pixelSizeInCmTemp: 3.1933333333333330e-01
faceCenterPointX: 262
faceCenterPointY: 74
headPositionsX: [ 264, 260, 261, 259, 263, 259, 259, 263, 260, 259, 263,
    261, 263, 261, 263, 262, 259, 262, 261, 261, 260, 261, 262, 264, 261,
    261, 262, 262, 261, 261, 262, 261, 262, 263, 260, 262, 259, 260, 263,
    262, 263, 260, 263, 263, 263, 261, 261, 263, 262, 263, 259, 262, 260,
    263, 259, 259, 261, 260, 263, 259, 262, 262, 262, 262, 263, 264, 259,
    259, 259, 263, 262, 258, 261, 259, 260, 262, 260, 261, 259, 261, 263,
    263, 262, 262, 262, 260, 262, 260, 265, 261, 264, 262, 262, 263, 263,
    262, 263, 264, 264, 262 ]
headPositionsY: [ 74, 77, 76, 75, 78, 76, 75, 79, 75, 75, 76, 75, 76, 76,
    77, 77, 78, 76, 74, 75, 76, 77, 78, 76, 78, 76, 75, 78, 78, 78, 75,
    79, 75, 78, 78, 77, 74, 76, 75, 73, 74, 72, 70, 66, 66, 69, 70, 68,
    71, 74, 75, 78, 81, 85, 82, 79, 76, 74, 73, 72, 68, 69, 72, 73, 78,
    83, 81, 85, 84, 82, 76, 76, 72, 68, 71, 71, 73, 74, 77, 79, 81, 83,
    82, 80, 76, 72, 71, 74, 70, 72, 76, 77, 76, 76, 79, 80, 80, 78, 74,
    74 ]
