%YAML:1.0
---
videoName: "headNod26.mp4"
gestureLabel: 202
fps: 29
pixelSizeInCmTemp: 3.1513157894736843e-01
faceCenterPointX: 271
faceCenterPointY: 78
headPositionsX: [ 272, 272, 272, 269, 274, 273, 272, 272, 274, 271, 271,
    275, 271, 271, 275, 270, 272, 273, 272, 270, 273, 275, 272, 274, 273,
    273, 270, 273, 269, 272, 270, 273, 271, 270, 273, 270, 270, 271, 269,
    271, 269, 270, 271, 274, 274, 272, 272, 271, 268, 272, 270, 275, 273,
    271, 269, 273, 272, 271, 274, 272, 273, 270, 271, 274, 271, 274, 272,
    272, 273, 270, 271, 272, 272, 269, 274, 269, 270, 271, 269, 270, 272,
    273, 271, 272, 269, 271, 269, 273, 268, 271, 271, 270, 271, 270, 272,
    269, 269, 268, 270, 269 ]
headPositionsY: [ 78, 71, 73, 75, 73, 74, 69, 69, 66, 69, 66, 63, 63, 64,
    66, 69, 72, 73, 74, 73, 80, 80, 81, 82, 84, 82, 79, 73, 71, 69, 70,
    66, 69, 66, 68, 73, 75, 75, 80, 79, 77, 80, 79, 76, 75, 71, 71, 68,
    70, 70, 69, 70, 75, 74, 75, 76, 75, 75, 73, 71, 72, 68, 68, 68, 70,
    70, 66, 69, 73, 71, 74, 76, 74, 78, 77, 76, 74, 72, 67, 70, 67, 70,
    70, 69, 72, 76, 76, 79, 76, 77, 79, 80, 79, 79, 76, 76, 80, 79, 77,
    79 ]
