%YAML:1.0
---
videoName: "headNod3.mp4"
gestureLabel: 202
fps: 29
pixelSizeInCmTemp: 3.1933333333333330e-01
faceCenterPointX: 264
faceCenterPointY: 76
headPositionsX: [ 264, 264, 266, 265, 262, 262, 265, 263, 263, 264, 269,
    264, 266, 264, 267, 264, 266, 265, 266, 264, 265, 263, 263, 267, 267,
    264, 265, 267, 266, 266, 266, 266, 265, 264, 264, 268, 267, 268, 266,
    265, 266, 266, 268, 264, 266, 265, 264, 264, 266, 264, 266, 263, 264,
    264, 265, 261, 265, 265, 263, 265, 266, 262, 262, 266, 263, 266, 265,
    264, 261, 266, 265, 263, 264, 262, 264, 265, 265, 264, 265, 266, 264,
    263, 265, 265, 264, 263, 263, 264, 264, 266, 262, 263, 262, 263, 261,
    264, 265, 264, 263, 263 ]
headPositionsY: [ 76, 75, 77, 76, 78, 78, 78, 76, 77, 76, 74, 75, 72, 75,
    72, 72, 73, 75, 71, 74, 70, 70, 73, 71, 71, 73, 72, 73, 76, 76, 74,
    76, 73, 72, 77, 75, 75, 76, 76, 72, 77, 73, 77, 74, 71, 71, 69, 64,
    65, 65, 68, 67, 74, 76, 78, 80, 83, 85, 84, 79, 75, 71, 70, 71, 66,
    68, 68, 72, 76, 77, 82, 80, 82, 82, 78, 72, 72, 67, 65, 68, 67, 66,
    69, 70, 73, 74, 79, 81, 78, 78, 80, 79, 78, 79, 77, 77, 75, 77, 76,
    74 ]
