%YAML:1.0
---
videoName: "headNod45.mp4"
gestureLabel: 202
fps: 30
pixelSizeInCmTemp: 3.0316455696202532e-01
faceCenterPointX: 265
faceCenterPointY: 77
headPositionsX: [ 264, 269, 269, 270, 267, 266, 266, 267, 270, 269, 270,
    268, 267, 267, 267, 269, 269, 265, 266, 265, 270, 269, 266, 267, 269,
    265, 265, 266, 266, 268, 268, 266, 263, 268, 266, 264, 267, 264, 268,
    267, 266, 265, 265, 265, 266, 264, 265, 264, 266, 266, 267, 265, 267,
    267, 269, 268, 267, 269, 265, 265, 265, 267, 266, 267, 267, 269, 266,
    267, 265, 267, 264, 265, 267, 265, 266, 265, 266, 265, 264, 267, 268,
    263, 266, 266, 266, 266, 267, 267, 264, 266, 267, 266, 265, 266, 267,
    267, 266, 264, 266, 268 ]
headPositionsY: [ 76, 74, 75, 76, 74, 75, 74, 73, 77, 74, 74, 76, 74, 76,
    77, 76, 74, 78, 81, 81, 87, 89, 92, 95, 90, 93, 92, 86, 82, 77, 74,
    75, 70, 64, 66, 67, 68, 68, 75, 80, 80, 89, 90, 93, 92, 92, 87, 84,
    82, 79, 73, 75, 73, 73, 72, 77, 76, 80, 84, 87, 85, 84, 79, 80, 77,
    72, 75, 74, 74, 75, 78, 80, 84, 86, 90, 88, 85, 85, 83, 81, 79, 78,
    75, 75, 75, 81, 82, 80, 81, 81, 79, 79, 78, 76, 80, 76, 78, 80, 77,
    79 ]
