%YAML:1.0
---
videoName: "headNod47.mp4"
gestureLabel: 202
fps: 29
pixelSizeInCmTemp: 3.0316455696202532e-01
faceCenterPointX: 266
faceCenterPointY: 70
headPositionsX: [ 268, 268, 265, 267, 266, 265, 264, 267, 266, 265, 265,
    266, 266, 263, 266, 265, 267, 266, 262, 266, 263, 263, 265, 268, 267,
    266, 268, 265, 264, 269, 266, 267, 270, 267, 268, 266, 267, 270, 267,
    267, 269, 268, 270, 266, 267, 267, 267, 267, 268, 265, 265, 267, 265,
    265, 265, 267, 268, 266, 269, 269, 268, 265, 265, 265, 268, 265, 265,
    266, 265, 265, 265, 266, 266, 264, 265, 266, 265, 267, 267, 267, 267,
    267, 265, 266, 268, 266, 268, 267, 265, 264, 265, 268, 266, 267, 263,
    268, 268, 265, 268, 266 ]
headPositionsY: [ 71, 62, 59, 61, 57, 56, 61, 60, 63, 65, 71, 77, 78, 81,
    79, 76, 72, 73, 69, 66, 68, 66, 65, 67, 72, 76, 77, 80, 78, 74, 73,
    73, 69, 70, 69, 69, 70, 71, 71, 73, 79, 77, 81, 80, 76, 75, 70, 68,
    70, 69, 68, 69, 70, 72, 76, 77, 76, 71, 73, 71, 66, 65, 69, 70, 70,
    70, 70, 74, 75, 73, 74, 72, 72, 73, 69, 68, 69, 67, 70, 70, 73, 73,
    74, 72, 71, 69, 69, 69, 71, 69, 71, 69, 73, 72, 71, 71, 72, 72, 68,
    70 ]
