%YAML:1.0
---
videoName: "headNod45.mp4"
gestureLabel: 202
fps: 30
pixelSizeInCmTemp: 3.0316455696202532e-01
faceCenterPointX: 265
faceCenterPointY: 77
headPositionsX: [ 265, 269, 267, 267, 269, 268, 268, 267, 270, 269, 268,
    269, 266, 269, 269, 268, 269, 267, 268, 266, 267, 265, 269, 270, 266,
    265, 267, 264, 267, 267, 267, 264, 267, 265, 267, 266, 265, 264, 266,
    264, 265, 265, 267, 265, 263, 265, 263, 267, 267, 267, 264, 265, 265,
    270, 265, 265, 269, 265, 266, 266, 265, 268, 263, 267, 265, 269, 265,
    267, 265, 268, 265, 266, 265, 267, 266, 265, 266, 267, 264, 267, 265,
    264, 265, 267, 268, 266, 267, 266, 266, 264, 263, 267, 266, 267, 264,
    264, 265, 264, 264, 268 ]
headPositionsY: [ 77, 73, 76, 77, 76, 78, 73, 73, 76, 74, 74, 76, 73, 74,
    78, 78, 77, 79, 80, 79, 86, 86, 92, 94, 93, 93, 89, 85, 81, 77, 74,
    73, 66, 68, 67, 68, 66, 70, 73, 78, 82, 87, 89, 89, 92, 89, 88, 84,
    79, 77, 77, 74, 74, 72, 76, 74, 78, 80, 86, 87, 86, 82, 82, 80, 77,
    72, 72, 73, 76, 76, 77, 78, 83, 85, 88, 88, 87, 86, 83, 78, 78, 74,
    78, 76, 76, 77, 81, 80, 79, 80, 81, 76, 80, 78, 76, 80, 77, 78, 77,
    76 ]
