%YAML:1.0
---
videoName: "headNod28.mp4"
gestureLabel: 202
fps: 30
pixelSizeInCmTemp: 3.2364864864864862e-01
faceCenterPointX: 270
faceCenterPointY: 76
headPositionsX: [ 270, 270, 272, 271, 272, 272, 272, 273, 269, 270, 269,
    272, 270, 270, 268, 269, 270, 270, 272, 271, 271, 272, 268, 272, 270,
    272, 272, 271, 269, 272, 270, 273, 271, 271, 271, 271, 273, 270, 274,
    268, 271, 270, 268, 269, 267, 268, 268, 270, 269, 270, 268, 270, 268,
    269, 270, 271, 269, 270, 268, 270, 272, 269, 269, 271, 271, 270, 272,
    272, 271, 273, 273, 270, 272, 270, 271, 271, 275, 269, 268, 271, 270,
    273, 271, 269, 269, 272, 271, 273, 273, 272, 269, 274, 273, 270, 271,
    272, 270, 273, 270, 269 ]
headPositionsY: [ 78, 74, 74, 73, 74, 76, 75, 72, 77, 77, 77, 76, 75, 76,
    76, 74, 73, 76, 75, 73, 76, 77, 75, 76, 73, 76, 75, 74, 75, 73, 75,
    75, 74, 74, 75, 76, 77, 73, 73, 75, 74, 78, 76, 80, 83, 83, 83, 79,
    77, 75, 72, 72, 70, 74, 72, 69, 71, 75, 74, 77, 80, 82, 80, 81, 76,
    73, 71, 71, 72, 70, 75, 74, 79, 82, 79, 80, 82, 78, 73, 72, 72, 71,
    71, 77, 76, 79, 78, 77, 77, 78, 78, 77, 75, 73, 77, 78, 78, 77, 77,
    76 ]
