%YAML:1.0
---
videoName: "headNod29.mp4"
gestureLabel: 202
fps: 29
pixelSizeInCmTemp: 3.1933333333333330e-01
faceCenterPointX: 271
faceCenterPointY: 70
headPositionsX: [ 269, 271, 272, 271, 272, 276, 271, 273, 275, 275, 272,
    271, 274, 275, 274, 272, 270, 271, 271, 271, 270, 275, 274, 274, 270,
    270, 274, 270, 272, 273, 273, 269, 269, 272, 270, 270, 269, 268, 273,
    271, 270, 270, 268, 270, 273, 270, 271, 273, 271, 269, 269, 273, 272,
    270, 271, 273, 268, 273, 268, 271, 268, 268, 271, 270, 272, 271, 270,
    269, 270, 270, 268, 273, 271, 273, 271, 271, 271, 269, 271, 272, 272,
    270, 269, 270, 273, 272, 273, 273, 270, 270, 272, 271, 269, 270, 270,
    271, 272, 272, 269, 273 ]
headPositionsY: [ 72, 71, 75, 72, 74, 77, 76, 80, 79, 82, 80, 80, 75, 75,
    72, 70, 67, 65, 65, 69, 69, 69, 69, 73, 74, 73, 78, 82, 81, 79, 77,
    76, 76, 75, 70, 72, 72, 68, 71, 71, 76, 77, 80, 81, 78, 79, 75, 75,
    74, 74, 73, 73, 76, 80, 82, 81, 80, 78, 77, 75, 77, 75, 74, 78, 78,
    77, 81, 77, 74, 76, 70, 70, 70, 71, 71, 72, 70, 76, 74, 77, 76, 77,
    72, 72, 74, 72, 71, 69, 70, 70, 67, 68, 72, 72, 69, 72, 70, 69, 69,
    72 ]
