%YAML:1.0
---
videoName: "headNod23.mp4"
gestureLabel: 202
fps: 29
pixelSizeInCmTemp: 3.1933333333333330e-01
faceCenterPointX: 273
faceCenterPointY: 75
headPositionsX: [ 271, 273, 276, 274, 275, 273, 273, 276, 272, 273, 272,
    276, 272, 275, 275, 275, 272, 272, 276, 273, 275, 274, 276, 275, 273,
    277, 272, 276, 273, 276, 276, 274, 276, 277, 274, 275, 273, 274, 272,
    271, 274, 273, 270, 272, 274, 274, 273, 270, 273, 275, 273, 272, 272,
    276, 274, 276, 271, 272, 275, 272, 276, 272, 272, 275, 271, 275, 274,
    275, 276, 273, 273, 276, 273, 276, 274, 275, 272, 272, 272, 276, 275,
    273, 276, 271, 272, 275, 273, 273, 274, 272, 276, 274, 274, 272, 275,
    275, 276, 273, 274, 273 ]
headPositionsY: [ 77, 77, 75, 78, 76, 76, 75, 76, 75, 78, 75, 78, 75, 76,
    75, 76, 79, 78, 77, 79, 75, 75, 77, 75, 73, 72, 70, 67, 64, 67, 66,
    66, 67, 68, 70, 72, 71, 76, 77, 83, 81, 83, 79, 77, 79, 76, 72, 67,
    69, 66, 67, 71, 69, 69, 72, 77, 74, 76, 80, 79, 77, 76, 74, 74, 70,
    69, 69, 70, 70, 70, 70, 73, 76, 75, 80, 80, 81, 77, 77, 75, 74, 76,
    76, 73, 73, 71, 72, 73, 72, 71, 72, 74, 73, 75, 75, 75, 76, 74, 78,
    74 ]
