%YAML:1.0
---
videoName: "headNod22.mp4"
gestureLabel: 202
fps: 29
pixelSizeInCmTemp: 3.1513157894736843e-01
faceCenterPointX: 252
faceCenterPointY: 80
headPositionsX: [ 253, 250, 253, 254, 255, 253, 254, 252, 254, 250, 255,
    252, 254, 251, 253, 251, 252, 255, 253, 253, 254, 252, 253, 251, 253,
    253, 254, 252, 255, 256, 250, 254, 252, 255, 252, 255, 253, 253, 253,
    252, 252, 256, 252, 252, 252, 253, 254, 254, 252, 251, 250, 254, 254,
    249, 254, 254, 251, 251, 253, 252, 253, 253, 254, 251, 253, 251, 252,
    250, 253, 252, 252, 252, 251, 255, 252, 253, 253, 250, 254, 253, 252,
    253, 251, 253, 251, 254, 250, 252, 250, 254, 249, 254, 253, 252, 250,
    253, 249, 251, 253, 250 ]
headPositionsY: [ 82, 78, 77, 79, 77, 78, 78, 77, 80, 77, 76, 81, 80, 80,
    78, 80, 81, 78, 81, 79, 78, 81, 79, 79, 83, 84, 82, 84, 80, 80, 75,
    73, 72, 73, 70, 75, 75, 76, 78, 81, 84, 83, 81, 79, 73, 72, 71, 69,
    70, 74, 77, 80, 80, 86, 88, 84, 80, 80, 73, 73, 74, 71, 73, 74, 75,
    79, 78, 79, 78, 75, 76, 76, 75, 76, 76, 77, 78, 79, 79, 82, 80, 74,
    76, 77, 79, 78, 80, 79, 82, 80, 79, 79, 79, 80, 82, 79, 81, 79, 81,
    79 ]
