%YAML:1.0
---
videoName: "headNod22.mp4"
gestureLabel: 202
fps: 29
pixelSizeInCmTemp: 3.1513157894736843e-01
faceCenterPointX: 252
faceCenterPointY: 80
headPositionsX: [ 251, 250, 254, 250, 254, 254, 252, 254, 255, 250, 254,
    254, 251, 254, 255, 253, 252, 253, 253, 253, 255, 251, 253, 253, 255,
    252, 251, 253, 256, 253, 254, 253, 255, 254, 254, 255, 254, 253, 257,
    254, 255, 252, 252, 255, 254, 255, 251, 255, 252, 250, 254, 255, 250,
    253, 253, 250, 251, 250, 250, 254, 252, 255, 251, 252, 252, 254, 253,
    250, 252, 252, 254, 251, 250, 253, 253, 251, 252, 254, 250, 254, 252,
    250, 250, 253, 253, 251, 251, 250, 251, 252, 252, 255, 251, 249, 251,
    251, 251, 249, 251, 251 ]
headPositionsY: [ 79, 77, 77, 78, 77, 76, 78, 80, 77, 79, 76, 81, 78, 80,
    79, 77, 80, 77, 80, 81, 78, 82, 79, 79, 80, 82, 82, 81, 79, 78, 78,
    72, 72, 70, 73, 73, 73, 78, 81, 83, 86, 82, 79, 78, 76, 71, 69, 72,
    70, 75, 78, 82, 84, 83, 84, 82, 80, 80, 75, 74, 74, 74, 74, 72, 78,
    79, 81, 79, 80, 75, 74, 76, 76, 73, 79, 78, 78, 80, 82, 79, 80, 74,
    73, 78, 75, 78, 81, 81, 80, 80, 76, 81, 79, 77, 79, 81, 83, 80, 78,
    81 ]
