%YAML:1.0
---
videoName: "headNod21.mp4"
gestureLabel: 202
fps: 29
pixelSizeInCmTemp: 3.2808219178082193e-01
faceCenterPointX: 253
faceCenterPointY: 78
headPositionsX: [ 252, 254, 255, 254, 257, 257, 257, 253, 257, 254, 256,
    257, 255, 256, 253, 255, 257, 255, 256, 252, 257, 254, 256, 257, 255,
    256, 257, 252, 256, 253, 257, 258, 258, 257, 254, 254, 255, 257, 255,
    257, 256, 255, 254, 256, 254, 257, 255, 254, 254, 255, 254, 255, 253,
    253, 254, 253, 252, 255, 252, 253, 255, 252, 253, 254, 252, 250, 253,
    249, 250, 250, 252, 253, 251, 249, 250, 251, 249, 252, 251, 253, 251,
    253, 250, 253, 250, 252, 253, 254, 252, 253, 253, 250, 254, 255, 253,
    252, 252, 255, 253, 256 ]
headPositionsY: [ 77, 81, 80, 80, 80, 78, 80, 77, 79, 77, 78, 80, 79, 77,
    78, 81, 78, 79, 78, 80, 79, 77, 79, 78, 81, 80, 78, 79, 78, 79, 81,
    81, 84, 78, 80, 78, 74, 74, 74, 78, 77, 81, 85, 82, 80, 81, 75, 78,
    79, 75, 78, 83, 83, 85, 85, 80, 82, 77, 77, 76, 79, 83, 83, 83, 83,
    82, 78, 76, 75, 77, 76, 79, 81, 80, 84, 85, 81, 80, 77, 77, 75, 76,
    77, 77, 77, 77, 79, 81, 80, 76, 81, 80, 79, 78, 78, 78, 76, 81, 77,
    78 ]
