%YAML:1.0
---
videoName: "headNod46.mp4"
gestureLabel: 202
fps: 30
pixelSizeInCmTemp: 2.8511904761904761e-01
faceCenterPointX: 264
faceCenterPointY: 72
headPositionsX: [ 265, 266, 266, 267, 263, 264, 263, 265, 264, 264, 264,
    262, 263, 262, 264, 264, 263, 266, 262, 263, 262, 262, 262, 265, 264,
    267, 264, 268, 268, 269, 268, 265, 264, 261, 263, 263, 262, 263, 260,
    264, 261, 263, 265, 265, 261, 263, 260, 264, 262, 261, 260, 263, 263,
    260, 261, 262, 265, 265, 263, 261, 261, 261, 261, 262, 265, 262, 262,
    261, 265, 262, 261, 263, 264, 264, 264, 264, 266, 263, 263, 264, 265,
    262, 262, 264, 263, 263, 263, 261, 260, 264, 264, 265, 264, 265, 261,
    265, 262, 263, 262, 263 ]
headPositionsY: [ 70, 66, 68, 68, 67, 71, 71, 73, 71, 74, 75, 76, 82, 81,
    86, 91, 87, 90, 84, 83, 79, 77, 77, 70, 71, 71, 68, 72, 71, 77, 79,
    84, 87, 89, 90, 82, 78, 77, 77, 70, 68, 67, 69, 69, 76, 78, 78, 85,
    83, 85, 79, 81, 75, 70, 70, 66, 66, 68, 67, 70, 72, 76, 76, 77, 76,
    73, 71, 72, 70, 68, 66, 71, 69, 75, 74, 72, 73, 75, 71, 69, 69, 71,
    69, 71, 73, 75, 73, 75, 76, 71, 71, 69, 71, 73, 71, 70, 73, 74, 71,
    74 ]
