%YAML:1.0
---
videoName: "headNod38.mp4"
gestureLabel: 202
fps: 29
pixelSizeInCmTemp: 2.9937500000000000e-01
faceCenterPointX: 267
faceCenterPointY: 73
headPositionsX: [ 265, 265, 266, 268, 265, 268, 265, 267, 266, 268, 265,
    264, 264, 266, 267, 265, 265, 268, 267, 266, 268, 269, 264, 264, 265,
    264, 268, 266, 265, 263, 266, 264, 266, 267, 266, 264, 264, 267, 266,
    267, 268, 267, 268, 268, 267, 265, 265, 265, 270, 265, 266, 267, 266,
    265, 266, 269, 270, 267, 267, 267, 266, 267, 269, 268, 270, 268, 270,
    271, 268, 266, 269, 267, 266, 268, 266, 269, 267, 270, 270, 268, 268,
    266, 268, 266, 269, 267, 268, 269, 269, 266, 268, 269, 265, 268, 269,
    265, 265, 266, 270, 265 ]
headPositionsY: [ 71, 75, 73, 75, 78, 83, 81, 84, 87, 82, 79, 75, 77, 75,
    77, 82, 81, 85, 84, 87, 80, 78, 77, 74, 77, 77, 83, 86, 89, 89, 89,
    84, 84, 81, 75, 74, 72, 74, 77, 77, 81, 85, 89, 90, 85, 84, 81, 76,
    72, 72, 71, 69, 75, 76, 79, 81, 82, 88, 86, 82, 81, 76, 79, 75, 73,
    74, 72, 74, 76, 75, 79, 80, 86, 86, 83, 85, 82, 80, 77, 78, 76, 71,
    72, 73, 73, 70, 74, 70, 74, 72, 74, 72, 71, 71, 71, 75, 74, 73, 72,
    76 ]
