%YAML:1.0
---
videoName: "headNod37.mp4"
gestureLabel: 202
fps: 29
pixelSizeInCmTemp: 2.9207317073170730e-01
faceCenterPointX: 269
faceCenterPointY: 78
headPositionsX: [ 267, 273, 273, 270, 271, 270, 273, 267, 270, 270, 272,
    269, 272, 269, 272, 272, 271, 267, 267, 270, 268, 268, 270, 266, 267,
    267, 272, 271, 270, 271, 269, 268, 270, 268, 269, 267, 271, 271, 271,
    270, 269, 270, 271, 270, 267, 270, 270, 269, 273, 271, 269, 269, 271,
    272, 272, 272, 270, 270, 270, 268, 268, 270, 266, 268, 268, 266, 264,
    268, 264, 266, 269, 268, 266, 270, 266, 267, 270, 270, 271, 268, 270,
    272, 271, 268, 269, 271, 268, 271, 271, 267, 272, 268, 270, 267, 267,
    269, 266, 267, 267, 269 ]
headPositionsY: [ 78, 76, 77, 74, 75, 73, 74, 73, 77, 73, 75, 78, 73, 74,
    74, 77, 77, 73, 74, 75, 74, 77, 74, 76, 77, 73, 75, 76, 77, 75, 77,
    75, 73, 76, 78, 74, 73, 78, 73, 77, 76, 74, 78, 73, 78, 75, 75, 76,
    77, 77, 76, 73, 73, 71, 69, 69, 65, 68, 65, 67, 72, 72, 80, 85, 89,
    89, 88, 84, 82, 80, 73, 71, 71, 66, 66, 66, 63, 67, 67, 69, 74, 76,
    80, 82, 83, 83, 82, 84, 79, 80, 78, 77, 76, 75, 76, 79, 77, 76, 79,
    76 ]
