%YAML:1.0
---
videoName: "headNod24.mp4"
gestureLabel: 202
fps: 29
pixelSizeInCmTemp: 3.1513157894736843e-01
faceCenterPointX: 272
faceCenterPointY: 72
headPositionsX: [ 271, 273, 272, 274, 276, 272, 272, 272, 274, 277, 275,
    277, 275, 274, 274, 274, 273, 274, 275, 273, 273, 273, 273, 272, 274,
    273, 274, 272, 274, 275, 272, 273, 275, 271, 271, 273, 271, 273, 272,
    273, 272, 273, 272, 271, 273, 271, 275, 274, 273, 273, 275, 274, 273,
    271, 274, 271, 272, 270, 271, 272, 273, 271, 269, 273, 269, 268, 271,
    273, 270, 273, 272, 269, 270, 268, 269, 270, 271, 272, 271, 271, 270,
    268, 268, 269, 267, 271, 270, 272, 269, 269, 272, 269, 273, 274, 272,
    273, 271, 272, 273, 271 ]
headPositionsY: [ 72, 74, 75, 72, 73, 72, 75, 72, 76, 75, 74, 73, 71, 71,
    75, 74, 72, 73, 72, 74, 72, 71, 71, 71, 71, 73, 75, 74, 75, 72, 71,
    74, 72, 75, 76, 72, 72, 72, 69, 72, 72, 75, 76, 78, 80, 83, 77, 73,
    68, 65, 69, 66, 67, 71, 75, 76, 73, 75, 68, 69, 67, 66, 65, 70, 71,
    75, 73, 76, 73, 73, 70, 69, 70, 69, 67, 71, 72, 73, 74, 77, 74, 72,
    73, 72, 69, 72, 70, 68, 68, 70, 73, 71, 75, 75, 71, 74, 73, 71, 72,
    70 ]
