%YAML:1.0
---
videoName: "headNod27.mp4"
gestureLabel: 202
fps: 29
pixelSizeInCmTemp: 3.0705128205128202e-01
faceCenterPointX: 271
faceCenterPointY: 77
headPositionsX: [ 270, 271, 274, 270, 270, 273, 271, 270, 271, 271, 273,
    274, 271, 270, 273, 272, 272, 273, 270, 270, 271, 271, 272, 273, 273,
    275, 274, 271, 274, 270, 271, 269, 269, 271, 271, 271, 271, 270, 270,
    266, 270, 271, 271, 268, 269, 271, 270, 270, 270, 271, 268, 267, 268,
    269, 268, 271, 271, 269, 270, 271, 271, 269, 267, 267, 268, 266, 265,
    268, 267, 270, 266, 269, 268, 267, 269, 269, 268, 270, 269, 266, 269,
    266, 268, 266, 271, 270, 269, 269, 269, 271, 269, 272, 269, 270, 271,
    269, 270, 268, 272, 272 ]
headPositionsY: [ 79, 72, 71, 75, 72, 72, 74, 74, 73, 74, 71, 75, 74, 74,
    72, 74, 76, 74, 75, 76, 71, 69, 70, 66, 65, 65, 65, 64, 64, 67, 67,
    78, 83, 85, 85, 85, 81, 78, 75, 72, 68, 67, 70, 70, 70, 70, 75, 78,
    79, 81, 80, 76, 73, 74, 70, 68, 69, 71, 74, 76, 77, 79, 81, 82, 83,
    77, 77, 72, 71, 73, 74, 71, 73, 76, 77, 79, 80, 78, 78, 74, 74, 69,
    69, 68, 73, 74, 75, 76, 80, 77, 80, 77, 77, 76, 77, 78, 76, 75, 79,
    74 ]
