%YAML:1.0
---
videoName: "headNod2.mp4"
gestureLabel: 202
fps: 29
pixelSizeInCmTemp: 3.2364864864864862e-01
faceCenterPointX: 263
faceCenterPointY: 70
headPositionsX: [ 263, 260, 264, 261, 263, 263, 264, 264, 263, 264, 263,
    265, 262, 265, 263, 266, 263, 262, 263, 263, 263, 261, 261, 264, 261,
    262, 263, 260, 262, 261, 264, 260, 261, 261, 261, 264, 261, 263, 264,
    260, 263, 263, 260, 261, 264, 263, 264, 264, 260, 261, 262, 263, 260,
    264, 260, 263, 261, 261, 262, 259, 262, 264, 264, 260, 264, 260, 265,
    264, 262, 261, 260, 264, 261, 261, 263, 263, 265, 261, 263, 260, 264,
    261, 263, 264, 263, 262, 262, 262, 261, 263, 263, 265, 264, 265, 264,
    262, 264, 262, 264, 262 ]
headPositionsY: [ 72, 73, 78, 78, 76, 76, 73, 74, 75, 74, 74, 74, 73, 73,
    75, 78, 74, 76, 74, 77, 76, 75, 76, 77, 72, 76, 73, 75, 73, 73, 72,
    75, 75, 73, 75, 75, 77, 76, 73, 73, 72, 76, 76, 73, 75, 75, 75, 74,
    71, 73, 73, 68, 70, 73, 75, 77, 78, 79, 75, 70, 69, 72, 71, 74, 73,
    76, 73, 69, 72, 72, 69, 71, 76, 75, 76, 73, 75, 70, 72, 69, 71, 74,
    75, 78, 74, 73, 70, 71, 71, 68, 73, 72, 72, 71, 69, 71, 72, 68, 69,
    69 ]
