%YAML:1.0
---
videoName: "headNod48.mp4"
gestureLabel: 202
fps: 29
pixelSizeInCmTemp: 2.8855421686746985e-01
faceCenterPointX: 264
faceCenterPointY: 72
headPositionsX: [ 265, 263, 264, 265, 263, 266, 267, 263, 263, 262, 264,
    263, 264, 264, 265, 265, 264, 261, 263, 260, 263, 258, 260, 258, 262,
    260, 261, 261, 262, 261, 259, 261, 263, 264, 264, 265, 265, 260, 265,
    261, 262, 263, 260, 261, 260, 260, 260, 259, 264, 264, 260, 263, 259,
    261, 261, 260, 262, 263, 263, 262, 263, 261, 264, 262, 261, 263, 261,
    261, 265, 264, 262, 265, 263, 262, 263, 264, 265, 267, 262, 264, 266,
    266, 265, 267, 266, 264, 267, 265, 265, 267, 268, 266, 267, 266, 266,
    262, 268, 267, 265, 267 ]
headPositionsY: [ 71, 75, 79, 80, 76, 76, 76, 73, 68, 64, 63, 62, 61, 62,
    68, 68, 73, 77, 84, 90, 86, 89, 84, 80, 78, 74, 68, 68, 65, 63, 63,
    64, 67, 66, 67, 72, 75, 76, 80, 84, 83, 81, 80, 79, 75, 77, 73, 73,
    71, 72, 71, 73, 75, 78, 78, 80, 79, 76, 74, 69, 69, 68, 72, 73, 70,
    73, 74, 76, 75, 78, 77, 73, 71, 72, 70, 70, 68, 71, 71, 75, 75, 77,
    76, 72, 75, 71, 74, 70, 71, 72, 73, 71, 75, 73, 72, 70, 71, 72, 71,
    73 ]
