%YAML:1.0
---
videoName: "headNod23.mp4"
gestureLabel: 202
fps: 29
pixelSizeInCmTemp: 3.1933333333333330e-01
faceCenterPointX: 273
faceCenterPointY: 75
headPositionsX: [ 272, 271, 275, 273, 276, 272, 272, 274, 275, 272, 272,
    274, 274, 273, 273, 276, 275, 272, 275, 272, 274, 274, 274, 273, 272,
    274, 276, 275, 273, 276, 277, 273, 273, 275, 275, 275, 274, 273, 273,
    271, 272, 273, 274, 273, 270, 272, 271, 271, 274, 273, 275, 273, 273,
    273, 274, 275, 272, 276, 274, 273, 273, 276, 275, 276, 274, 272, 272,
    273, 277, 272, 273, 273, 274, 276, 273, 273, 274, 275, 270, 276, 271,
    275, 276, 275, 276, 272, 275, 277, 275, 276, 274, 272, 275, 274, 275,
    273, 274, 275, 273, 273 ]
headPositionsY: [ 77, 77, 78, 76, 76, 74, 74, 75, 75, 75, 77, 74, 79, 78,
    79, 76, 78, 74, 76, 78, 77, 75, 78, 75, 74, 70, 68, 66, 68, 67, 62,
    66, 67, 64, 68, 71, 72, 77, 79, 81, 84, 84, 80, 80, 75, 75, 72, 69,
    69, 67, 67, 68, 68, 71, 70, 74, 74, 80, 79, 77, 78, 77, 75, 74, 69,
    67, 67, 71, 68, 72, 72, 72, 73, 78, 77, 80, 78, 79, 79, 77, 77, 73,
    73, 75, 72, 70, 72, 74, 75, 71, 72, 74, 75, 78, 73, 78, 74, 77, 76,
    76 ]
