%YAML:1.0
---
videoName: "headNod37.mp4"
gestureLabel: 202
fps: 29
pixelSizeInCmTemp: 2.9207317073170730e-01
faceCenterPointX: 269
faceCenterPointY: 78
headPositionsX: [ 268, 270, 273, 270, 270, 269, 272, 270, 270, 271, 271,
    270, 273, 272, 271, 271, 271, 270, 267, 268, 272, 270, 271, 266, 271,
    268, 271, 271, 268, 271, 272, 272, 268, 270, 269, 271, 271, 271, 270,
    271, 269, 267, 271, 270, 270, 270, 272, 268, 273, 271, 271, 267, 268,
    271, 268, 272, 268, 270, 267, 267, 271, 267, 270, 269, 265, 264, 266,
    268, 268, 266, 269, 266, 267, 266, 269, 269, 269, 269, 270, 268, 271,
    271, 269, 268, 269, 268, 269, 272, 270, 271, 269, 271, 271, 268, 268,
    268, 266, 270, 268, 267 ]
headPositionsY: [ 76, 75, 74, 75, 75, 75, 77, 75, 76, 76, 75, 78, 73, 74,
    74, 73, 77, 73, 73, 75, 75, 76, 76, 76, 75, 77, 74, 74, 77, 75, 77,
    76, 76, 75, 75, 75, 77, 74, 77, 76, 75, 75, 78, 74, 76, 78, 77, 78,
    77, 78, 74, 72, 74, 70, 65, 65, 63, 64, 66, 69, 73, 70, 80, 85, 85,
    88, 86, 88, 85, 80, 76, 74, 71, 65, 68, 65, 64, 65, 69, 69, 70, 73,
    76, 79, 82, 82, 82, 80, 81, 79, 78, 81, 80, 77, 77, 79, 78, 76, 77,
    80 ]
