%YAML:1.0
---
videoName: "headNod4.mp4"
gestureLabel: 202
fps: 29
pixelSizeInCmTemp: 3.2808219178082193e-01
faceCenterPointX: 264
faceCenterPointY: 72
headPositionsX: [ 263, 267, 267, 271, 270, 270, 272, 268, 273, 271, 268,
    271, 270, 268, 270, 266, 267, 270, 269, 268, 270, 268, 268, 266, 265,
    267, 266, 267, 266, 269, 269, 268, 266, 266, 267, 268, 268, 268, 267,
    269, 269, 268, 266, 269, 269, 267, 265, 267, 268, 267, 267, 269, 269,
    269, 265, 268, 266, 264, 268, 264, 266, 264, 267, 267, 266, 265, 267,
    265, 264, 265, 267, 263, 267, 262, 265, 264, 264, 262, 264, 266, 264,
    264, 264, 266, 265, 265, 266, 265, 262, 263, 265, 266, 267, 262, 264,
    265, 263, 264, 266, 265 ]
headPositionsY: [ 73, 76, 76, 73, 72, 76, 75, 75, 74, 74, 76, 76, 76, 73,
    72, 74, 75, 76, 75, 76, 72, 76, 74, 75, 72, 76, 77, 76, 74, 75, 75,
    75, 76, 75, 76, 75, 74, 73, 75, 74, 75, 75, 76, 74, 72, 71, 70, 65,
    64, 67, 66, 70, 72, 74, 77, 82, 83, 81, 78, 77, 72, 72, 67, 71, 70,
    72, 72, 77, 81, 81, 82, 82, 81, 77, 74, 71, 71, 69, 68, 68, 67, 71,
    73, 75, 79, 83, 84, 83, 81, 83, 79, 81, 77, 79, 76, 75, 74, 73, 71,
    72 ]
