%YAML:1.0
---
videoName: "headNod1.mp4"
gestureLabel: 202
fps: 29
pixelSizeInCmTemp: 3.2808219178082193e-01
faceCenterPointX: 263
faceCenterPointY: 78
headPositionsX: [ 263, 262, 263, 262, 262, 265, 264, 266, 262, 265, 260,
    266, 262, 262, 261, 262, 261, 263, 262, 263, 263, 262, 265, 266, 266,
    262, 263, 264, 262, 263, 263, 264, 262, 266, 264, 265, 266, 265, 266,
    265, 267, 263, 265, 265, 266, 267, 263, 266, 265, 262, 266, 263, 266,
    265, 263, 261, 264, 264, 261, 262, 262, 262, 265, 263, 261, 263, 266,
    264, 265, 265, 262, 264, 262, 265, 265, 260, 263, 261, 263, 264, 261,
    261, 261, 264, 261, 260, 263, 264, 263, 260, 261, 261, 262, 260, 264,
    262, 261, 261, 264, 264 ]
headPositionsY: [ 80, 73, 76, 74, 75, 73, 77, 74, 76, 74, 77, 73, 76, 76,
    76, 76, 75, 72, 76, 77, 76, 76, 74, 74, 75, 75, 76, 77, 76, 74, 77,
    75, 76, 74, 74, 73, 71, 66, 65, 62, 63, 63, 62, 62, 64, 66, 70, 72,
    73, 76, 78, 81, 81, 84, 81, 83, 79, 77, 76, 72, 72, 70, 68, 64, 64,
    69, 69, 72, 73, 75, 80, 80, 76, 75, 72, 70, 67, 67, 65, 67, 65, 67,
    70, 73, 76, 77, 76, 81, 82, 81, 83, 81, 81, 82, 78, 79, 78, 77, 79,
    80 ]
