%YAML:1.0
---
videoName: "headNod33.mp4"
gestureLabel: 202
fps: 29
pixelSizeInCmTemp: 2.9567901234567900e-01
faceCenterPointX: 268
faceCenterPointY: 74
headPositionsX: [ 266, 266, 270, 267, 268, 269, 268, 272, 272, 268, 271,
    272, 269, 271, 268, 273, 269, 270, 268, 272, 271, 271, 271, 267, 268,
    269, 268, 271, 269, 268, 268, 271, 269, 267, 269, 271, 271, 270, 270,
    272, 269, 267, 270, 269, 268, 270, 269, 268, 269, 270, 269, 269, 269,
    266, 267, 266, 265, 266, 266, 269, 265, 265, 265, 270, 265, 265, 266,
    267, 266, 270, 265, 268, 265, 270, 268, 269, 270, 271, 270, 269, 268,
    271, 269, 269, 270, 266, 267, 267, 265, 266, 268, 267, 266, 267, 268,
    269, 267, 270, 266, 269 ]
headPositionsY: [ 73, 71, 73, 73, 73, 72, 72, 73, 74, 69, 71, 73, 71, 72,
    72, 71, 70, 70, 73, 68, 74, 69, 71, 70, 69, 72, 70, 70, 71, 72, 70,
    73, 74, 74, 75, 78, 78, 77, 74, 71, 68, 69, 64, 67, 65, 66, 73, 74,
    78, 79, 84, 84, 80, 79, 77, 75, 70, 70, 70, 72, 68, 72, 73, 73, 73,
    74, 77, 80, 77, 75, 74, 75, 72, 71, 73, 70, 69, 70, 74, 74, 75, 77,
    79, 76, 79, 77, 78, 77, 76, 76, 76, 73, 77, 73, 76, 75, 73, 73, 76,
    74 ]
