%YAML:1.0
---
videoName: "headNod26.mp4"
gestureLabel: 202
fps: 29
pixelSizeInCmTemp: 3.1513157894736843e-01
faceCenterPointX: 271
faceCenterPointY: 78
headPositionsX: [ 271, 271, 271, 271, 274, 273, 273, 272, 274, 271, 270,
    271, 274, 270, 273, 271, 272, 272, 272, 271, 272, 274, 273, 274, 273,
    272, 273, 270, 273, 271, 270, 273, 273, 269, 272, 274, 269, 273, 272,
    272, 272, 269, 274, 273, 271, 273, 272, 273, 268, 270, 273, 274, 270,
    271, 269, 274, 273, 271, 275, 273, 274, 272, 271, 274, 273, 273, 271,
    273, 273, 273, 272, 270, 270, 269, 271, 270, 269, 270, 271, 273, 270,
    269, 269, 271, 269, 270, 272, 271, 269, 274, 272, 273, 272, 270, 268,
    270, 273, 272, 271, 272 ]
headPositionsY: [ 77, 71, 74, 72, 74, 71, 70, 69, 68, 65, 66, 63, 66, 67,
    69, 67, 68, 72, 71, 76, 76, 84, 83, 82, 83, 79, 79, 75, 72, 72, 69,
    68, 66, 66, 72, 72, 72, 76, 78, 81, 79, 79, 79, 72, 75, 71, 71, 69,
    69, 70, 67, 70, 74, 75, 73, 77, 78, 77, 76, 73, 72, 67, 67, 65, 70,
    68, 66, 72, 70, 72, 72, 76, 77, 74, 77, 76, 72, 71, 69, 70, 68, 69,
    68, 70, 70, 73, 74, 77, 76, 81, 78, 78, 78, 78, 75, 79, 80, 78, 80,
    77 ]
