%YAML:1.0
---
videoName: "headNod8.mp4"
gestureLabel: 202
fps: 29
pixelSizeInCmTemp: 3.1933333333333330e-01
faceCenterPointX: 262
faceCenterPointY: 74
headPositionsX: [ 263, 264, 261, 259, 263, 262, 260, 261, 259, 259, 263,
    264, 264, 259, 260, 261, 259, 260, 263, 263, 263, 263, 260, 262, 260,
    258, 260, 259, 263, 259, 259, 262, 262, 260, 263, 259, 259, 264, 260,
    264, 260, 263, 261, 260, 262, 262, 264, 263, 261, 264, 261, 262, 264,
    261, 260, 260, 262, 261, 263, 260, 261, 258, 260, 260, 260, 260, 262,
    261, 261, 260, 260, 262, 260, 262, 262, 260, 262, 261, 262, 263, 263,
    262, 265, 264, 261, 260, 262, 261, 264, 262, 261, 262, 264, 264, 262,
    263, 263, 265, 263, 262 ]
headPositionsY: [ 74, 76, 75, 78, 74, 78, 76, 78, 75, 74, 78, 76, 78, 78,
    77, 76, 76, 77, 78, 78, 78, 74, 78, 77, 77, 76, 76, 77, 75, 74, 78,
    76, 77, 77, 76, 78, 76, 75, 74, 75, 74, 72, 68, 70, 66, 69, 69, 70,
    71, 73, 75, 78, 84, 84, 82, 81, 77, 76, 71, 71, 71, 70, 71, 72, 77,
    79, 83, 84, 80, 79, 78, 76, 73, 72, 69, 71, 75, 77, 79, 82, 83, 83,
    80, 79, 75, 73, 70, 70, 74, 72, 75, 75, 74, 77, 80, 80, 76, 79, 77,
    75 ]
