%YAML:1.0
---
videoName: "headNod26.mp4"
gestureLabel: 202
fps: 29
pixelSizeInCmTemp: 3.1513157894736843e-01
faceCenterPointX: 271
faceCenterPointY: 78
headPositionsX: [ 272, 271, 272, 270, 271, 273, 272, 269, 273, 271, 273,
    271, 271, 272, 275, 270, 273, 273, 275, 270, 271, 273, 275, 274, 271,
    273, 271, 272, 270, 273, 272, 270, 270, 273, 274, 271, 270, 270, 270,
    272, 272, 272, 272, 271, 270, 274, 270, 273, 268, 270, 270, 274, 274,
    273, 273, 271, 274, 270, 275, 272, 272, 272, 270, 274, 274, 272, 272,
    270, 273, 270, 272, 270, 271, 269, 271, 270, 273, 269, 268, 273, 269,
    271, 271, 272, 272, 272, 268, 269, 271, 271, 269, 273, 269, 269, 272,
    269, 271, 269, 271, 272 ]
headPositionsY: [ 78, 71, 75, 73, 73, 70, 72, 72, 68, 68, 67, 64, 65, 66,
    67, 68, 68, 69, 74, 75, 76, 84, 82, 82, 84, 79, 77, 72, 71, 71, 67,
    67, 66, 67, 71, 72, 74, 74, 78, 78, 77, 76, 80, 73, 76, 69, 71, 68,
    68, 71, 67, 70, 72, 75, 75, 78, 76, 77, 73, 72, 72, 67, 68, 67, 68,
    68, 70, 72, 70, 73, 72, 73, 74, 74, 77, 74, 72, 70, 68, 67, 66, 70,
    68, 69, 71, 72, 75, 79, 76, 81, 81, 78, 80, 78, 77, 75, 76, 76, 77,
    79 ]
