%YAML:1.0
---
videoName: "headNod9.mp4"
gestureLabel: 202
fps: 29
pixelSizeInCmTemp: 3.1513157894736843e-01
faceCenterPointX: 261
faceCenterPointY: 75
headPositionsX: [ 263, 261, 262, 259, 262, 262, 260, 260, 262, 263, 260,
    260, 260, 259, 261, 260, 261, 261, 261, 259, 262, 259, 260, 259, 261,
    259, 263, 260, 263, 260, 259, 258, 260, 262, 263, 262, 263, 260, 263,
    260, 261, 263, 261, 262, 262, 260, 259, 258, 261, 258, 261, 258, 261,
    258, 262, 261, 259, 262, 259, 258, 261, 259, 261, 261, 259, 261, 260,
    263, 260, 259, 262, 258, 261, 257, 260, 262, 261, 258, 259, 258, 257,
    260, 259, 259, 260, 256, 256, 259, 257, 258, 259, 261, 262, 258, 262,
    261, 260, 258, 258, 258 ]
headPositionsY: [ 76, 76, 76, 76, 73, 75, 77, 75, 77, 75, 76, 77, 76, 77,
    77, 73, 73, 76, 75, 76, 77, 77, 77, 78, 76, 73, 74, 73, 76, 74, 78,
    77, 77, 82, 82, 82, 78, 77, 74, 74, 73, 72, 76, 79, 84, 88, 84, 83,
    79, 79, 78, 77, 78, 79, 83, 86, 84, 83, 82, 80, 74, 75, 75, 72, 75,
    77, 82, 84, 85, 81, 80, 74, 74, 72, 69, 74, 70, 75, 77, 81, 80, 84,
    83, 83, 79, 77, 78, 74, 75, 74, 72, 74, 74, 73, 73, 76, 76, 75, 73,
    75 ]
