%YAML:1.0
---
videoName: "headNod28.mp4"
gestureLabel: 202
fps: 30
pixelSizeInCmTemp: 3.2364864864864862e-01
faceCenterPointX: 270
faceCenterPointY: 76
headPositionsX: [ 272, 272, 274, 273, 272, 271, 270, 271, 272, 272, 273,
    273, 271, 268, 272, 272, 268, 272, 271, 269, 270, 268, 268, 270, 270,
    269, 269, 268, 268, 271, 270, 272, 268, 272, 270, 269, 269, 267, 270,
    271, 268, 269, 271, 268, 270, 271, 268, 268, 272, 268, 268, 268, 271,
    271, 269, 269, 269, 272, 271, 272, 270, 272, 273, 271, 273, 273, 269,
    270, 269, 270, 271, 270, 273, 271, 269, 272, 271, 269, 269, 272, 273,
    269, 273, 272, 272, 271, 273, 271, 272, 270, 269, 271, 273, 271, 270,
    272, 269, 271, 270, 272 ]
headPositionsY: [ 75, 73, 74, 76, 73, 76, 72, 75, 73, 75, 73, 74, 75, 72,
    77, 73, 75, 76, 77, 75, 73, 76, 77, 75, 74, 75, 76, 73, 76, 76, 74,
    74, 77, 75, 76, 75, 76, 72, 76, 76, 76, 79, 76, 78, 83, 84, 81, 81,
    77, 79, 75, 71, 70, 73, 69, 69, 70, 75, 76, 76, 79, 80, 78, 78, 77,
    75, 74, 73, 72, 70, 73, 75, 79, 81, 78, 80, 80, 76, 73, 75, 72, 75,
    72, 76, 74, 76, 77, 79, 75, 76, 75, 73, 75, 77, 76, 75, 75, 77, 76,
    78 ]
