%YAML:1.0
---
videoName: "headNod46.mp4"
gestureLabel: 202
fps: 30
pixelSizeInCmTemp: 2.8511904761904761e-01
faceCenterPointX: 264
faceCenterPointY: 72
headPositionsX: [ 264, 263, 266, 265, 266, 265, 265, 265, 264, 265, 263,
    261, 265, 265, 266, 264, 265, 264, 265, 263, 266, 265, 266, 264, 266,
    265, 266, 264, 267, 266, 266, 263, 265, 261, 264, 261, 260, 260, 261,
    264, 260, 262, 262, 262, 263, 263, 261, 264, 263, 260, 262, 263, 261,
    261, 262, 265, 265, 264, 265, 264, 264, 264, 264, 265, 265, 263, 265,
    263, 263, 264, 264, 266, 267, 267, 264, 265, 263, 264, 263, 266, 263,
    265, 266, 262, 265, 263, 263, 263, 261, 261, 263, 262, 262, 262, 263,
    261, 261, 266, 264, 266 ]
headPositionsY: [ 71, 70, 71, 67, 68, 68, 67, 71, 73, 74, 78, 80, 79, 82,
    88, 88, 89, 89, 85, 82, 81, 73, 73, 69, 70, 69, 72, 71, 73, 76, 78,
    87, 86, 92, 89, 83, 82, 75, 78, 66, 66, 68, 68, 70, 73, 78, 78, 82,
    84, 85, 80, 79, 76, 70, 70, 65, 69, 69, 68, 69, 72, 75, 77, 77, 75,
    73, 73, 68, 69, 69, 70, 68, 71, 72, 76, 73, 73, 73, 72, 73, 70, 68,
    73, 71, 71, 76, 77, 73, 75, 74, 72, 73, 69, 71, 73, 72, 73, 72, 74,
    72 ]
