%YAML:1.0
---
videoName: "headNod35.mp4"
gestureLabel: 202
fps: 30
pixelSizeInCmTemp: 2.9937500000000000e-01
faceCenterPointX: 268
faceCenterPointY: 78
headPositionsX: [ 266, 269, 269, 268, 267, 268, 269, 270, 271, 272, 268,
    269, 272, 269, 271, 271, 272, 268, 269, 270, 267, 270, 268, 272, 270,
    268, 268, 271, 268, 271, 272, 273, 271, 269, 271, 270, 268, 267, 268,
    268, 268, 266, 269, 268, 270, 268, 268, 271, 268, 269, 270, 270, 268,
    269, 267, 269, 271, 266, 270, 267, 269, 266, 268, 269, 271, 270, 267,
    269, 269, 268, 270, 269, 268, 268, 269, 268, 267, 268, 269, 271, 268,
    269, 268, 267, 267, 266, 268, 269, 264, 266, 265, 269, 266, 268, 267,
    267, 269, 269, 266, 269 ]
headPositionsY: [ 78, 76, 77, 78, 77, 74, 74, 77, 77, 78, 77, 75, 78, 76,
    77, 74, 75, 78, 78, 75, 76, 76, 77, 79, 77, 76, 75, 71, 70, 67, 67,
    68, 69, 69, 71, 75, 79, 82, 90, 94, 92, 93, 89, 86, 81, 75, 74, 72,
    73, 76, 79, 80, 85, 85, 91, 91, 88, 82, 80, 81, 73, 70, 70, 73, 71,
    75, 77, 80, 83, 88, 86, 83, 80, 79, 78, 78, 73, 75, 76, 78, 79, 83,
    85, 87, 88, 87, 83, 84, 79, 78, 78, 79, 77, 79, 80, 78, 79, 77, 81,
    80 ]
