%YAML:1.0
---
videoName: "headNod28.mp4"
gestureLabel: 202
fps: 30
pixelSizeInCmTemp: 3.2364864864864862e-01
faceCenterPointX: 270
faceCenterPointY: 76
headPositionsX: [ 268, 272, 274, 273, 272, 270, 273, 269, 269, 272, 272,
    272, 272, 268, 271, 269, 267, 268, 272, 271, 272, 270, 271, 271, 272,
    272, 272, 269, 272, 269, 268, 270, 269, 272, 269, 273, 270, 268, 272,
    269, 269, 269, 272, 268, 268, 269, 268, 268, 270, 270, 267, 271, 268,
    273, 269, 271, 268, 270, 271, 272, 268, 268, 273, 271, 270, 271, 268,
    271, 270, 273, 273, 270, 271, 271, 270, 273, 273, 270, 268, 271, 270,
    270, 273, 270, 269, 268, 273, 270, 273, 269, 271, 274, 272, 272, 271,
    272, 272, 269, 271, 270 ]
headPositionsY: [ 75, 77, 76, 75, 73, 76, 73, 75, 73, 73, 75, 77, 73, 74,
    75, 76, 76, 76, 75, 76, 77, 75, 73, 77, 73, 75, 75, 75, 73, 77, 76,
    74, 74, 76, 76, 75, 77, 76, 73, 76, 76, 75, 77, 81, 82, 85, 81, 79,
    78, 75, 75, 72, 72, 72, 69, 69, 71, 75, 73, 80, 81, 79, 78, 80, 76,
    74, 74, 70, 72, 70, 73, 75, 77, 81, 79, 78, 80, 79, 73, 73, 74, 71,
    72, 73, 77, 80, 77, 79, 75, 76, 75, 77, 77, 74, 74, 76, 78, 78, 75,
    78 ]
