%YAML:1.0
---
videoName: "headNod13.mp4"
gestureLabel: 202
fps: 29
pixelSizeInCmTemp: 3.2364864864864862e-01
faceCenterPointX: 253
faceCenterPointY: 79
headPositionsX: [ 254, 252, 253, 251, 251, 253, 252, 255, 253, 254, 255,
    255, 255, 257, 254, 256, 253, 255, 253, 257, 256, 253, 256, 255, 256,
    252, 256, 255, 252, 252, 252, 253, 253, 256, 255, 255, 253, 255, 251,
    253, 254, 251, 250, 254, 253, 252, 250, 252, 255, 254, 255, 252, 255,
    253, 255, 254, 253, 255, 255, 254, 255, 252, 255, 253, 253, 255, 251,
    255, 252, 254, 252, 252, 252, 253, 257, 254, 256, 252, 256, 254, 255,
    253, 256, 256, 255, 253, 257, 256, 252, 253, 256, 254, 254, 255, 251,
    252, 253, 254, 253, 253 ]
headPositionsY: [ 81, 73, 74, 75, 75, 75, 73, 74, 71, 72, 75, 71, 72, 74,
    76, 73, 73, 73, 75, 76, 75, 72, 71, 73, 76, 76, 75, 74, 73, 72, 74,
    72, 73, 73, 75, 74, 72, 75, 76, 74, 75, 76, 73, 74, 73, 72, 72, 75,
    72, 71, 68, 69, 67, 67, 66, 71, 74, 72, 78, 78, 77, 78, 75, 76, 72,
    72, 72, 71, 70, 71, 73, 74, 77, 74, 78, 77, 81, 78, 75, 78, 73, 74,
    75, 73, 75, 77, 75, 76, 77, 82, 79, 78, 81, 82, 80, 81, 78, 78, 80,
    77 ]
