%YAML:1.0
---
videoName: "headNod46.mp4"
gestureLabel: 202
fps: 30
pixelSizeInCmTemp: 2.8511904761904761e-01
faceCenterPointX: 264
faceCenterPointY: 72
headPositionsX: [ 265, 266, 266, 265, 264, 263, 265, 266, 265, 262, 264,
    264, 263, 263, 265, 265, 265, 263, 262, 262, 265, 264, 264, 266, 266,
    268, 267, 268, 269, 267, 267, 263, 263, 264, 265, 261, 261, 260, 264,
    264, 262, 264, 263, 265, 263, 262, 260, 264, 264, 260, 260, 265, 261,
    262, 263, 264, 266, 263, 262, 264, 263, 263, 262, 262, 263, 265, 266,
    265, 266, 265, 265, 266, 266, 265, 263, 263, 264, 266, 263, 267, 266,
    261, 266, 263, 261, 265, 265, 264, 263, 260, 264, 261, 265, 263, 261,
    265, 264, 264, 263, 263 ]
headPositionsY: [ 73, 66, 69, 67, 66, 68, 70, 70, 71, 72, 77, 78, 80, 82,
    87, 91, 88, 90, 86, 83, 82, 74, 77, 70, 68, 72, 68, 71, 73, 74, 78,
    83, 88, 88, 90, 85, 81, 75, 75, 67, 66, 69, 67, 71, 72, 78, 82, 86,
    84, 83, 79, 79, 74, 70, 66, 68, 65, 66, 68, 71, 74, 75, 79, 80, 75,
    75, 73, 70, 69, 67, 70, 68, 70, 74, 75, 76, 76, 75, 74, 69, 69, 70,
    70, 72, 72, 74, 74, 72, 73, 74, 71, 73, 70, 72, 71, 69, 73, 74, 73,
    74 ]
