%YAML:1.0
---
videoName: "headNod10.mp4"
gestureLabel: 202
fps: 29
pixelSizeInCmTemp: 3.2808219178082193e-01
faceCenterPointX: 260
faceCenterPointY: 67
headPositionsX: [ 258, 258, 259, 260, 258, 256, 257, 258, 260, 257, 259,
    259, 261, 260, 259, 259, 260, 258, 258, 259, 258, 260, 261, 257, 260,
    261, 260, 260, 260, 260, 261, 259, 258, 258, 258, 259, 257, 259, 258,
    259, 256, 260, 257, 261, 261, 260, 258, 262, 260, 261, 263, 260, 258,
    262, 261, 261, 258, 260, 257, 260, 262, 259, 262, 263, 258, 258, 258,
    257, 257, 260, 260, 256, 257, 259, 259, 257, 259, 260, 260, 259, 258,
    257, 257, 259, 258, 259, 257, 258, 261, 259, 257, 261, 258, 262, 259,
    258, 258, 259, 261, 263 ]
headPositionsY: [ 67, 72, 68, 70, 68, 71, 71, 71, 70, 70, 72, 69, 68, 70,
    69, 67, 69, 72, 68, 71, 69, 71, 71, 70, 72, 69, 70, 68, 68, 69, 71,
    72, 73, 69, 71, 73, 69, 69, 72, 71, 71, 73, 72, 69, 67, 67, 66, 64,
    62, 63, 66, 67, 69, 73, 76, 76, 72, 73, 71, 65, 66, 65, 65, 67, 68,
    69, 71, 74, 76, 78, 74, 72, 69, 65, 63, 64, 63, 68, 70, 74, 74, 74,
    73, 75, 71, 70, 68, 65, 69, 68, 67, 65, 65, 65, 69, 68, 66, 66, 69,
    70 ]
