%YAML:1.0
---
videoName: "headNod23.mp4"
gestureLabel: 202
fps: 29
pixelSizeInCmTemp: 3.1933333333333330e-01
faceCenterPointX: 273
faceCenterPointY: 75
headPositionsX: [ 271, 273, 274, 273, 272, 272, 275, 275, 274, 273, 274,
    277, 272, 277, 274, 274, 275, 276, 275, 273, 275, 273, 275, 275, 271,
    277, 275, 274, 274, 274, 276, 277, 276, 273, 273, 273, 274, 275, 275,
    272, 272, 272, 273, 274, 274, 271, 271, 274, 271, 275, 276, 273, 274,
    272, 272, 276, 272, 272, 272, 271, 274, 272, 273, 272, 271, 275, 272,
    275, 274, 275, 275, 274, 275, 272, 275, 273, 271, 272, 272, 274, 271,
    275, 272, 271, 272, 274, 275, 277, 276, 276, 272, 271, 273, 274, 275,
    272, 273, 271, 273, 275 ]
headPositionsY: [ 73, 75, 74, 76, 79, 75, 74, 77, 76, 78, 76, 75, 75, 77,
    77, 77, 79, 77, 74, 77, 76, 79, 79, 74, 71, 72, 68, 68, 68, 64, 62,
    65, 66, 66, 69, 72, 72, 74, 81, 81, 83, 82, 82, 78, 77, 74, 70, 68,
    67, 70, 66, 69, 68, 69, 70, 75, 77, 77, 80, 78, 76, 74, 74, 71, 69,
    70, 68, 69, 68, 73, 71, 73, 73, 78, 79, 77, 81, 81, 79, 78, 78, 73,
    73, 74, 75, 72, 74, 71, 71, 75, 72, 73, 74, 78, 77, 74, 77, 76, 77,
    73 ]
