%YAML:1.0
---
videoName: "headNod20.mp4"
gestureLabel: 202
fps: 30
pixelSizeInCmTemp: 3.2808219178082193e-01
faceCenterPointX: 253
faceCenterPointY: 80
headPositionsX: [ 253, 257, 254, 258, 256, 254, 256, 256, 255, 256, 256,
    255, 256, 257, 254, 254, 254, 258, 254, 256, 254, 255, 257, 256, 254,
    255, 255, 254, 257, 257, 254, 257, 257, 256, 256, 254, 252, 256, 255,
    256, 255, 255, 255, 251, 253, 255, 255, 251, 253, 254, 251, 253, 252,
    249, 252, 252, 251, 250, 249, 252, 250, 251, 254, 252, 250, 254, 252,
    252, 250, 253, 254, 251, 253, 253, 253, 251, 252, 251, 250, 254, 251,
    254, 254, 254, 251, 250, 251, 255, 253, 254, 251, 255, 250, 251, 255,
    254, 252, 252, 252, 254 ]
headPositionsY: [ 81, 76, 76, 79, 78, 77, 77, 76, 76, 79, 76, 80, 76, 80,
    79, 79, 81, 80, 77, 78, 76, 78, 78, 79, 81, 77, 81, 77, 82, 80, 85,
    83, 87, 87, 85, 84, 82, 78, 75, 72, 71, 69, 71, 74, 78, 82, 85, 85,
    87, 86, 88, 85, 80, 77, 76, 78, 77, 77, 78, 80, 81, 84, 81, 79, 78,
    80, 78, 81, 79, 84, 83, 80, 79, 76, 79, 79, 81, 81, 84, 80, 80, 80,
    82, 80, 80, 80, 80, 82, 82, 82, 78, 81, 82, 81, 78, 78, 82, 81, 79,
    83 ]
