%YAML:1.0
---
videoName: "headNod29.mp4"
gestureLabel: 202
fps: 29
pixelSizeInCmTemp: 3.1933333333333330e-01
faceCenterPointX: 271
faceCenterPointY: 70
headPositionsX: [ 271, 275, 273, 274, 273, 273, 272, 274, 274, 274, 272,
    275, 274, 273, 273, 274, 274, 271, 275, 273, 271, 273, 273, 275, 272,
    271, 274, 273, 272, 271, 272, 268, 271, 271, 270, 271, 268, 271, 271,
    271, 269, 270, 268, 272, 273, 271, 271, 271, 269, 270, 271, 271, 270,
    272, 271, 272, 271, 270, 269, 269, 272, 268, 269, 272, 268, 269, 269,
    268, 269, 272, 271, 270, 271, 269, 273, 271, 272, 269, 269, 270, 269,
    271, 271, 273, 271, 272, 271, 272, 271, 273, 271, 269, 269, 272, 270,
    270, 270, 271, 270, 274 ]
headPositionsY: [ 69, 71, 73, 72, 74, 78, 79, 78, 78, 81, 79, 80, 76, 74,
    72, 72, 69, 69, 69, 68, 69, 67, 66, 69, 75, 76, 79, 81, 77, 79, 78,
    76, 76, 74, 70, 70, 72, 72, 74, 73, 74, 79, 78, 80, 77, 77, 78, 74,
    73, 73, 75, 76, 77, 78, 83, 84, 79, 78, 77, 74, 74, 72, 73, 77, 77,
    78, 80, 79, 73, 74, 72, 69, 70, 70, 70, 70, 74, 74, 75, 78, 76, 74,
    76, 72, 72, 70, 72, 69, 72, 67, 67, 67, 72, 73, 69, 68, 71, 70, 68,
    69 ]
