%YAML:1.0
---
videoName: "headNod49.mp4"
gestureLabel: 202
fps: 29
pixelSizeInCmTemp: 2.9207317073170730e-01
faceCenterPointX: 263
faceCenterPointY: 74
headPositionsX: [ 262, 266, 263, 267, 265, 264, 266, 265, 266, 265, 263,
    266, 264, 263, 262, 264, 266, 265, 264, 267, 263, 265, 263, 267, 267,
    264, 266, 266, 262, 266, 266, 265, 263, 265, 262, 262, 262, 263, 263,
    265, 265, 263, 265, 265, 265, 261, 260, 261, 262, 263, 262, 262, 261,
    264, 263, 261, 265, 265, 263, 264, 264, 266, 265, 265, 266, 266, 265,
    262, 265, 266, 263, 263, 263, 263, 262, 265, 263, 261, 265, 262, 262,
    263, 261, 261, 260, 263, 262, 260, 262, 260, 261, 264, 264, 263, 265,
    263, 262, 260, 264, 263 ]
headPositionsY: [ 76, 70, 73, 72, 70, 72, 70, 72, 71, 72, 71, 69, 70, 69,
    69, 69, 69, 67, 68, 71, 69, 70, 72, 75, 76, 76, 80, 76, 73, 76, 70,
    73, 69, 70, 70, 68, 73, 73, 73, 79, 77, 76, 78, 75, 76, 73, 70, 70,
    70, 69, 72, 72, 74, 75, 76, 78, 76, 79, 76, 75, 76, 74, 74, 72, 73,
    77, 77, 79, 78, 79, 79, 76, 78, 73, 77, 76, 72, 76, 74, 73, 77, 73,
    76, 76, 75, 74, 74, 76, 73, 76, 75, 74, 76, 75, 71, 75, 72, 74, 74,
    76 ]
