%YAML:1.0
---
videoName: "headNod39.mp4"
gestureLabel: 202
fps: 29
pixelSizeInCmTemp: 2.9937500000000000e-01
faceCenterPointX: 268
faceCenterPointY: 78
headPositionsX: [ 267, 269, 266, 269, 266, 268, 268, 266, 270, 268, 266,
    267, 266, 270, 269, 269, 267, 267, 269, 268, 270, 269, 270, 266, 270,
    270, 269, 270, 266, 269, 271, 267, 269, 271, 267, 269, 269, 271, 270,
    267, 268, 270, 266, 269, 268, 269, 269, 268, 268, 265, 267, 267, 266,
    267, 268, 265, 267, 268, 267, 264, 266, 267, 267, 266, 268, 269, 267,
    265, 264, 265, 267, 267, 267, 268, 269, 265, 269, 269, 267, 265, 267,
    270, 269, 267, 266, 267, 270, 265, 269, 268, 269, 267, 267, 268, 266,
    267, 266, 266, 268, 266 ]
headPositionsY: [ 79, 76, 74, 78, 77, 76, 79, 74, 77, 75, 76, 75, 75, 76,
    78, 77, 75, 77, 77, 78, 79, 77, 77, 74, 78, 77, 75, 78, 76, 76, 78,
    77, 75, 79, 78, 75, 75, 76, 77, 79, 83, 83, 84, 87, 86, 82, 78, 73,
    74, 75, 73, 75, 77, 74, 79, 83, 89, 91, 90, 87, 85, 81, 78, 77, 75,
    71, 75, 73, 77, 82, 81, 85, 82, 82, 76, 75, 73, 73, 73, 74, 79, 79,
    78, 80, 80, 80, 78, 80, 77, 79, 80, 80, 78, 76, 77, 77, 76, 79, 78,
    77 ]
