%YAML:1.0
---
videoName: "headNod14.mp4"
gestureLabel: 202
fps: 29
pixelSizeInCmTemp: 3.2808219178082193e-01
faceCenterPointX: 257
faceCenterPointY: 71
headPositionsX: [ 258, 256, 258, 257, 259, 259, 259, 259, 255, 258, 259,
    257, 258, 256, 260, 259, 256, 259, 258, 259, 259, 256, 257, 260, 257,
    257, 259, 259, 257, 257, 258, 260, 258, 261, 260, 259, 257, 260, 260,
    257, 258, 259, 258, 256, 261, 260, 260, 258, 257, 257, 258, 257, 261,
    256, 257, 256, 260, 257, 259, 259, 261, 257, 258, 261, 259, 259, 259,
    259, 258, 256, 259, 260, 257, 256, 259, 257, 258, 257, 257, 258, 258,
    257, 259, 257, 258, 258, 260, 257, 256, 255, 259, 256, 258, 255, 259,
    257, 258, 258, 255, 258 ]
headPositionsY: [ 73, 76, 78, 75, 77, 75, 77, 78, 78, 76, 76, 80, 78, 76,
    75, 78, 76, 75, 78, 76, 77, 77, 79, 76, 75, 76, 78, 77, 77, 80, 80,
    79, 79, 80, 79, 78, 78, 80, 75, 75, 72, 72, 69, 70, 71, 66, 70, 72,
    73, 74, 75, 78, 81, 80, 81, 81, 78, 79, 79, 77, 75, 71, 71, 72, 71,
    73, 74, 78, 78, 81, 83, 80, 82, 75, 77, 74, 69, 70, 69, 70, 70, 71,
    77, 76, 80, 81, 78, 75, 78, 77, 71, 73, 67, 70, 72, 72, 70, 71, 70,
    69 ]
