%YAML:1.0
---
videoName: "headNod9.mp4"
gestureLabel: 202
fps: 29
pixelSizeInCmTemp: 3.1513157894736843e-01
faceCenterPointX: 261
faceCenterPointY: 75
headPositionsX: [ 261, 259, 262, 261, 259, 259, 260, 259, 261, 261, 258,
    259, 261, 260, 258, 259, 263, 258, 259, 259, 261, 263, 261, 259, 259,
    260, 260, 260, 260, 261, 260, 259, 263, 262, 261, 259, 261, 259, 260,
    260, 262, 262, 259, 259, 262, 261, 260, 258, 260, 261, 259, 262, 262,
    261, 263, 261, 263, 260, 260, 260, 260, 258, 262, 261, 263, 259, 261,
    259, 259, 261, 259, 260, 257, 259, 258, 258, 257, 259, 259, 261, 258,
    260, 258, 256, 260, 257, 259, 258, 257, 261, 262, 261, 259, 261, 259,
    260, 258, 261, 261, 261 ]
headPositionsY: [ 75, 74, 77, 74, 77, 76, 73, 77, 76, 74, 75, 74, 75, 74,
    77, 76, 74, 74, 74, 76, 76, 73, 73, 74, 77, 74, 73, 75, 76, 74, 75,
    78, 80, 79, 81, 80, 80, 75, 74, 72, 71, 74, 79, 81, 83, 89, 84, 82,
    83, 80, 76, 74, 75, 78, 81, 83, 87, 81, 83, 80, 75, 71, 74, 75, 77,
    78, 84, 83, 82, 84, 80, 75, 74, 72, 73, 71, 72, 76, 75, 78, 82, 84,
    83, 79, 82, 78, 77, 73, 76, 75, 72, 73, 70, 73, 74, 74, 76, 73, 73,
    76 ]
