%YAML:1.0
---
videoName: "headNod41.mp4"
gestureLabel: 202
fps: 29
pixelSizeInCmTemp: 2.9937500000000000e-01
faceCenterPointX: 267
faceCenterPointY: 76
headPositionsX: [ 268, 268, 272, 271, 269, 270, 272, 269, 270, 268, 268,
    270, 268, 272, 269, 272, 272, 269, 272, 271, 269, 269, 271, 271, 269,
    271, 268, 269, 268, 270, 268, 271, 270, 269, 270, 268, 270, 270, 268,
    268, 269, 271, 268, 268, 268, 268, 270, 268, 269, 267, 267, 268, 268,
    269, 270, 271, 270, 267, 271, 268, 270, 266, 270, 270, 269, 267, 269,
    268, 269, 269, 268, 266, 267, 267, 270, 269, 269, 269, 267, 268, 269,
    267, 268, 268, 267, 267, 266, 268, 269, 266, 270, 269, 266, 269, 269,
    268, 270, 265, 268, 268 ]
headPositionsY: [ 74, 72, 74, 72, 75, 71, 73, 73, 75, 74, 73, 74, 76, 73,
    75, 73, 71, 76, 75, 75, 74, 72, 75, 74, 73, 75, 73, 76, 76, 73, 73,
    73, 75, 75, 72, 73, 76, 76, 78, 76, 78, 81, 87, 88, 93, 93, 88, 85,
    82, 78, 76, 71, 69, 67, 65, 64, 64, 71, 74, 76, 79, 86, 93, 93, 93,
    91, 88, 81, 77, 75, 76, 70, 73, 71, 71, 75, 81, 85, 84, 85, 82, 81,
    78, 74, 72, 72, 72, 75, 73, 74, 79, 78, 77, 78, 77, 80, 77, 75, 75,
    75 ]
