%YAML:1.0
---
videoName: "headNod47.mp4"
gestureLabel: 202
fps: 29
pixelSizeInCmTemp: 3.0316455696202532e-01
faceCenterPointX: 266
faceCenterPointY: 70
headPositionsX: [ 266, 269, 269, 269, 269, 269, 266, 268, 267, 269, 265,
    265, 267, 266, 262, 265, 263, 266, 263, 266, 264, 264, 263, 268, 267,
    266, 266, 267, 268, 269, 267, 267, 266, 265, 265, 265, 266, 268, 266,
    266, 267, 268, 266, 270, 268, 265, 267, 264, 267, 267, 266, 266, 268,
    265, 269, 268, 267, 269, 269, 269, 268, 268, 268, 264, 264, 265, 266,
    265, 267, 267, 267, 269, 266, 266, 267, 268, 264, 268, 265, 267, 265,
    268, 267, 267, 265, 266, 264, 264, 268, 267, 267, 268, 268, 267, 267,
    267, 267, 264, 265, 267 ]
headPositionsY: [ 70, 62, 61, 61, 59, 56, 59, 60, 64, 65, 69, 74, 80, 81,
    79, 78, 75, 70, 70, 67, 65, 63, 68, 68, 69, 75, 77, 78, 77, 77, 73,
    72, 71, 67, 67, 66, 67, 69, 72, 74, 79, 78, 77, 78, 78, 75, 71, 70,
    67, 68, 69, 67, 72, 75, 77, 77, 76, 73, 72, 70, 66, 67, 66, 68, 70,
    70, 70, 75, 72, 72, 72, 73, 70, 72, 68, 69, 67, 66, 69, 70, 72, 74,
    71, 75, 70, 71, 72, 72, 68, 69, 72, 70, 70, 68, 71, 69, 72, 72, 68,
    69 ]
