%YAML:1.0
---
videoName: "headNod8.mp4"
gestureLabel: 202
fps: 29
pixelSizeInCmTemp: 3.1933333333333330e-01
faceCenterPointX: 262
faceCenterPointY: 74
headPositionsX: [ 260, 263, 262, 259, 260, 259, 260, 260, 261, 261, 259,
    261, 264, 261, 259, 260, 260, 262, 261, 262, 261, 264, 262, 263, 259,
    259, 259, 263, 264, 263, 262, 260, 264, 261, 260, 259, 259, 264, 263,
    262, 261, 261, 260, 261, 260, 260, 263, 264, 264, 264, 261, 263, 262,
    263, 263, 260, 262, 259, 260, 260, 263, 259, 262, 259, 262, 262, 261,
    259, 261, 259, 260, 262, 259, 262, 263, 262, 259, 260, 258, 259, 262,
    264, 264, 264, 259, 260, 264, 262, 261, 261, 264, 265, 261, 263, 262,
    263, 264, 262, 262, 265 ]
headPositionsY: [ 74, 75, 76, 75, 76, 75, 77, 76, 76, 76, 74, 77, 76, 77,
    75, 74, 75, 75, 75, 75, 75, 77, 77, 75, 75, 74, 74, 75, 79, 74, 78,
    75, 76, 77, 76, 76, 76, 78, 76, 74, 73, 72, 69, 66, 68, 67, 70, 68,
    69, 74, 76, 80, 83, 82, 83, 80, 80, 73, 74, 70, 72, 68, 71, 76, 79,
    83, 82, 86, 83, 80, 75, 73, 70, 71, 68, 72, 72, 76, 78, 81, 83, 81,
    79, 79, 74, 72, 74, 72, 71, 70, 75, 76, 74, 80, 79, 78, 78, 75, 77,
    76 ]
