%YAML:1.0
---
videoName: "headNod13.mp4"
gestureLabel: 202
fps: 29
pixelSizeInCmTemp: 3.2364864864864862e-01
faceCenterPointX: 253
faceCenterPointY: 79
headPositionsX: [ 252, 253, 253, 254, 250, 252, 254, 251, 251, 253, 253,
    253, 253, 255, 256, 253, 255, 253, 256, 254, 255, 252, 253, 254, 253,
    255, 255, 254, 253, 252, 255, 256, 253, 252, 256, 256, 254, 252, 254,
    253, 255, 253, 253, 254, 253, 251, 254, 252, 252, 255, 253, 256, 253,
    253, 254, 252, 254, 252, 252, 252, 252, 252, 251, 254, 254, 253, 253,
    254, 252, 254, 256, 252, 253, 252, 255, 254, 256, 256, 254, 255, 256,
    256, 258, 255, 252, 257, 254, 255, 252, 253, 254, 253, 254, 256, 251,
    254, 252, 253, 251, 252 ]
headPositionsY: [ 80, 74, 71, 72, 73, 73, 72, 71, 72, 76, 72, 71, 72, 75,
    75, 72, 72, 72, 74, 74, 76, 72, 72, 72, 75, 72, 76, 72, 74, 73, 71,
    76, 74, 72, 75, 75, 73, 75, 73, 71, 72, 74, 76, 75, 74, 75, 73, 73,
    75, 72, 70, 70, 67, 65, 69, 69, 74, 74, 78, 76, 79, 79, 77, 78, 71,
    72, 70, 67, 67, 70, 71, 72, 73, 75, 76, 80, 78, 80, 76, 74, 73, 74,
    73, 71, 73, 74, 74, 79, 81, 79, 78, 79, 78, 81, 76, 77, 79, 80, 77,
    76 ]
