%YAML:1.0
---
videoName: "headNod30.mp4"
gestureLabel: 202
fps: 29
pixelSizeInCmTemp: 3.2364864864864862e-01
faceCenterPointX: 271
faceCenterPointY: 72
headPositionsX: [ 271, 271, 270, 271, 270, 269, 273, 272, 274, 271, 274,
    269, 274, 274, 272, 271, 271, 273, 273, 273, 271, 269, 271, 273, 273,
    273, 273, 273, 274, 270, 272, 274, 271, 271, 271, 268, 272, 269, 270,
    270, 271, 269, 268, 268, 268, 270, 267, 268, 270, 268, 269, 269, 267,
    270, 273, 270, 268, 272, 271, 270, 270, 273, 269, 272, 272, 270, 269,
    272, 273, 271, 269, 272, 269, 270, 271, 271, 271, 269, 270, 272, 272,
    271, 271, 271, 270, 273, 272, 272, 273, 270, 274, 270, 272, 272, 270,
    273, 271, 272, 272, 270 ]
headPositionsY: [ 74, 74, 74, 73, 77, 74, 76, 74, 77, 75, 76, 75, 73, 76,
    74, 78, 78, 76, 75, 76, 74, 73, 74, 68, 69, 68, 66, 67, 70, 72, 72,
    75, 80, 83, 83, 79, 81, 78, 76, 72, 69, 71, 72, 70, 76, 78, 80, 78,
    79, 79, 79, 77, 73, 70, 73, 73, 69, 70, 74, 77, 76, 77, 74, 75, 72,
    72, 69, 70, 72, 71, 69, 70, 73, 73, 76, 74, 76, 77, 76, 71, 72, 72,
    70, 71, 70, 69, 69, 71, 73, 72, 73, 75, 75, 72, 73, 72, 73, 73, 73,
    72 ]
