%YAML:1.0
---
videoName: "headNod35.mp4"
gestureLabel: 202
fps: 30
pixelSizeInCmTemp: 2.9937500000000000e-01
faceCenterPointX: 268
faceCenterPointY: 78
headPositionsX: [ 269, 266, 268, 267, 268, 269, 270, 271, 267, 271, 268,
    272, 272, 269, 269, 268, 272, 268, 270, 272, 267, 270, 272, 271, 270,
    272, 270, 270, 271, 272, 270, 271, 272, 268, 269, 269, 268, 269, 269,
    270, 270, 268, 266, 268, 266, 266, 267, 267, 271, 267, 269, 269, 270,
    270, 269, 268, 269, 269, 266, 269, 268, 270, 269, 271, 267, 271, 269,
    269, 271, 270, 269, 270, 268, 269, 266, 266, 267, 269, 269, 268, 268,
    267, 265, 267, 266, 267, 264, 267, 268, 266, 266, 265, 266, 266, 267,
    267, 269, 265, 267, 269 ]
headPositionsY: [ 76, 78, 75, 77, 77, 78, 76, 78, 77, 77, 75, 79, 79, 78,
    78, 78, 79, 76, 75, 76, 78, 75, 75, 79, 77, 78, 76, 73, 68, 69, 69,
    66, 69, 70, 72, 77, 80, 82, 87, 90, 94, 89, 90, 82, 79, 78, 77, 76,
    74, 74, 78, 81, 86, 87, 91, 87, 88, 84, 81, 81, 74, 72, 71, 71, 74,
    77, 79, 82, 82, 84, 87, 85, 83, 78, 76, 74, 73, 76, 78, 80, 79, 83,
    88, 86, 85, 85, 81, 81, 81, 79, 81, 82, 81, 77, 79, 76, 77, 76, 79,
    77 ]
