%YAML:1.0
---
videoName: "headNod41.mp4"
gestureLabel: 202
fps: 29
pixelSizeInCmTemp: 2.9937500000000000e-01
faceCenterPointX: 267
faceCenterPointY: 76
headPositionsX: [ 268, 271, 269, 271, 269, 269, 272, 269, 269, 271, 272,
    271, 272, 268, 269, 272, 271, 271, 273, 270, 269, 270, 270, 273, 272,
    267, 267, 269, 271, 268, 268, 272, 272, 268, 271, 267, 271, 271, 269,
    268, 268, 269, 270, 271, 271, 270, 267, 269, 267, 265, 267, 268, 270,
    270, 268, 267, 269, 269, 267, 270, 269, 267, 269, 269, 266, 269, 270,
    267, 270, 268, 266, 268, 268, 269, 269, 267, 269, 266, 269, 266, 270,
    268, 268, 268, 268, 267, 265, 269, 266, 266, 269, 269, 269, 265, 269,
    265, 269, 265, 267, 267 ]
headPositionsY: [ 75, 70, 73, 71, 71, 73, 73, 74, 71, 72, 71, 71, 76, 76,
    72, 73, 72, 72, 72, 72, 72, 75, 73, 72, 73, 72, 74, 72, 74, 76, 72,
    72, 75, 74, 72, 73, 75, 75, 74, 78, 80, 83, 85, 89, 92, 93, 90, 86,
    85, 78, 76, 71, 72, 68, 65, 64, 65, 70, 73, 75, 83, 87, 92, 95, 91,
    91, 85, 82, 79, 76, 72, 72, 73, 69, 71, 75, 81, 81, 85, 84, 83, 81,
    78, 72, 75, 76, 75, 76, 74, 76, 80, 81, 79, 78, 77, 77, 78, 78, 74,
    78 ]
