%YAML:1.0
---
videoName: "headNod44.mp4"
gestureLabel: 202
fps: 29
pixelSizeInCmTemp: 2.9567901234567900e-01
faceCenterPointX: 268
faceCenterPointY: 78
headPositionsX: [ 268, 270, 271, 270, 269, 270, 268, 269, 270, 268, 268,
    271, 267, 268, 269, 267, 272, 270, 271, 269, 271, 268, 269, 267, 266,
    270, 270, 266, 268, 269, 266, 267, 269, 265, 266, 270, 266, 267, 268,
    266, 266, 267, 265, 267, 265, 265, 269, 268, 269, 266, 268, 269, 266,
    269, 269, 266, 268, 269, 268, 268, 269, 268, 267, 267, 267, 265, 269,
    267, 268, 269, 270, 269, 269, 268, 271, 267, 269, 269, 267, 267, 271,
    271, 269, 267, 268, 267, 267, 267, 268, 270, 270, 270, 270, 269, 265,
    270, 266, 268, 266, 268 ]
headPositionsY: [ 76, 75, 73, 73, 76, 74, 73, 72, 74, 75, 73, 75, 74, 74,
    77, 73, 73, 75, 79, 80, 83, 90, 93, 93, 94, 93, 92, 83, 78, 76, 73,
    71, 68, 72, 71, 77, 78, 85, 88, 87, 85, 84, 81, 78, 75, 73, 72, 76,
    77, 80, 86, 89, 92, 88, 88, 81, 78, 77, 73, 75, 77, 75, 81, 81, 86,
    86, 86, 82, 77, 77, 77, 79, 74, 80, 78, 82, 86, 87, 86, 87, 86, 84,
    78, 81, 77, 76, 77, 80, 77, 76, 79, 80, 78, 78, 75, 79, 75, 75, 77,
    76 ]
