%YAML:1.0
---
videoName: "headNod48.mp4"
gestureLabel: 202
fps: 29
pixelSizeInCmTemp: 2.8855421686746985e-01
faceCenterPointX: 264
faceCenterPointY: 72
headPositionsX: [ 263, 264, 264, 263, 264, 264, 266, 265, 265, 265, 264,
    266, 267, 263, 263, 262, 263, 261, 262, 262, 263, 259, 259, 261, 261,
    261, 258, 259, 264, 263, 259, 262, 263, 262, 263, 263, 262, 261, 264,
    263, 263, 260, 260, 262, 261, 259, 259, 260, 262, 262, 262, 261, 260,
    262, 259, 260, 263, 263, 264, 263, 263, 261, 262, 265, 265, 263, 264,
    264, 266, 262, 264, 266, 265, 263, 266, 265, 264, 267, 266, 267, 265,
    263, 263, 267, 267, 267, 266, 267, 265, 266, 264, 267, 265, 267, 264,
    263, 267, 267, 264, 265 ]
headPositionsY: [ 70, 74, 76, 78, 79, 78, 75, 69, 68, 63, 62, 62, 61, 63,
    65, 71, 77, 80, 83, 88, 86, 87, 85, 79, 76, 73, 70, 68, 65, 63, 63,
    68, 65, 64, 67, 73, 76, 76, 82, 83, 81, 80, 80, 80, 75, 73, 75, 72,
    71, 71, 71, 72, 75, 76, 78, 79, 76, 77, 74, 70, 73, 70, 70, 72, 73,
    74, 75, 75, 77, 75, 75, 75, 73, 71, 73, 71, 71, 69, 73, 72, 73, 73,
    75, 72, 75, 74, 70, 68, 71, 69, 72, 72, 75, 75, 75, 74, 74, 71, 72,
    74 ]
