%YAML:1.0
---
videoName: "headNod19.mp4"
gestureLabel: 202
fps: 29
pixelSizeInCmTemp: 3.1933333333333330e-01
faceCenterPointX: 255
faceCenterPointY: 81
headPositionsX: [ 254, 258, 257, 257, 258, 254, 257, 254, 255, 258, 254,
    256, 254, 255, 257, 256, 251, 255, 252, 251, 250, 250, 250, 251, 251,
    251, 250, 251, 248, 253, 252, 252, 252, 255, 252, 255, 255, 253, 256,
    252, 253, 257, 256, 254, 255, 256, 255, 258, 257, 256, 254, 258, 254,
    257, 258, 255, 255, 256, 256, 254, 258, 253, 257, 255, 254, 254, 256,
    257, 255, 258, 257, 256, 256, 257, 258, 257, 256, 257, 254, 253, 253,
    256, 254, 253, 257, 255, 257, 253, 257, 255, 257, 255, 253, 254, 254,
    254, 254, 256, 256, 254 ]
headPositionsY: [ 80, 82, 84, 82, 80, 77, 77, 75, 78, 79, 74, 74, 76, 76,
    75, 76, 78, 80, 78, 80, 77, 79, 76, 78, 77, 78, 81, 77, 79, 80, 79,
    81, 76, 80, 81, 80, 80, 78, 76, 81, 80, 79, 78, 80, 80, 81, 80, 77,
    78, 80, 77, 81, 76, 77, 80, 77, 78, 78, 76, 77, 82, 78, 81, 79, 80,
    81, 79, 76, 77, 76, 73, 76, 77, 77, 78, 82, 85, 86, 79, 78, 76, 76,
    79, 80, 82, 82, 85, 85, 82, 84, 83, 82, 83, 81, 84, 81, 84, 80, 83,
    83 ]
