%YAML:1.0
---
videoName: "headNod4.mp4"
gestureLabel: 202
fps: 29
pixelSizeInCmTemp: 3.2808219178082193e-01
faceCenterPointX: 264
faceCenterPointY: 72
headPositionsX: [ 262, 269, 268, 269, 270, 271, 272, 270, 272, 273, 268,
    268, 272, 269, 269, 269, 267, 271, 266, 267, 266, 266, 266, 269, 268,
    269, 266, 267, 269, 270, 265, 268, 269, 266, 266, 267, 268, 265, 266,
    266, 270, 266, 266, 270, 269, 266, 267, 267, 270, 268, 267, 268, 268,
    265, 268, 266, 265, 267, 266, 265, 264, 265, 265, 266, 264, 267, 267,
    266, 265, 263, 264, 264, 267, 266, 265, 265, 264, 263, 265, 266, 267,
    262, 264, 263, 265, 264, 263, 265, 264, 266, 264, 263, 267, 264, 265,
    266, 263, 262, 266, 266 ]
headPositionsY: [ 72, 75, 73, 74, 72, 76, 72, 76, 76, 73, 74, 72, 75, 75,
    75, 76, 73, 73, 75, 76, 76, 73, 75, 75, 74, 76, 75, 73, 75, 76, 73,
    75, 73, 74, 77, 74, 74, 72, 74, 76, 73, 75, 74, 76, 70, 70, 70, 68,
    65, 64, 66, 69, 70, 75, 78, 81, 82, 81, 81, 75, 74, 70, 68, 67, 68,
    71, 72, 78, 80, 82, 85, 79, 80, 77, 74, 72, 68, 66, 67, 70, 67, 71,
    73, 74, 77, 79, 82, 84, 82, 84, 79, 80, 81, 80, 78, 78, 73, 73, 74,
    76 ]
