%YAML:1.0
---
videoName: "headNod22.mp4"
gestureLabel: 202
fps: 29
pixelSizeInCmTemp: 3.1513157894736843e-01
faceCenterPointX: 252
faceCenterPointY: 80
headPositionsX: [ 251, 252, 252, 250, 254, 253, 253, 254, 254, 250, 252,
    254, 251, 253, 254, 253, 254, 253, 253, 251, 252, 253, 253, 252, 254,
    251, 255, 255, 256, 256, 254, 252, 255, 253, 255, 256, 254, 256, 255,
    252, 256, 255, 252, 253, 253, 255, 255, 252, 254, 253, 250, 252, 251,
    252, 254, 251, 250, 249, 252, 251, 251, 253, 252, 253, 252, 251, 253,
    252, 250, 251, 252, 253, 254, 251, 250, 254, 253, 251, 251, 254, 250,
    254, 251, 252, 251, 254, 252, 252, 250, 250, 249, 253, 250, 249, 250,
    253, 252, 251, 254, 252 ]
headPositionsY: [ 78, 78, 78, 78, 80, 76, 80, 77, 79, 77, 78, 80, 80, 78,
    80, 79, 81, 76, 81, 81, 80, 82, 82, 78, 80, 85, 85, 84, 82, 81, 76,
    72, 71, 73, 72, 71, 72, 78, 78, 83, 84, 85, 82, 78, 76, 73, 70, 71,
    72, 76, 76, 79, 80, 83, 87, 84, 80, 78, 73, 76, 72, 74, 74, 73, 78,
    80, 79, 78, 79, 77, 78, 75, 73, 75, 78, 77, 80, 81, 78, 78, 80, 78,
    76, 75, 79, 78, 79, 82, 80, 79, 80, 81, 76, 76, 82, 82, 83, 80, 78,
    79 ]
