%YAML:1.0
---
videoName: "headNod0.mp4"
gestureLabel: 202
fps: 29
pixelSizeInCmTemp: 3.2364864864864862e-01
faceCenterPointX: 264
faceCenterPointY: 76
headPositionsX: [ 262, 266, 269, 268, 270, 265, 265, 268, 267, 269, 266,
    269, 268, 266, 268, 263, 265, 266, 266, 264, 267, 265, 263, 264, 265,
    264, 263, 263, 267, 265, 263, 264, 265, 268, 267, 265, 267, 265, 265,
    267, 268, 267, 266, 265, 267, 263, 267, 262, 265, 263, 265, 264, 265,
    264, 265, 265, 264, 266, 264, 267, 264, 263, 265, 268, 265, 264, 264,
    263, 267, 267, 263, 264, 266, 263, 266, 262, 266, 263, 263, 263, 264,
    265, 262, 264, 262, 262, 265, 263, 267, 262, 267, 262, 265, 267, 263,
    266, 265, 264, 263, 264 ]
headPositionsY: [ 75, 74, 74, 71, 72, 71, 75, 73, 73, 72, 75, 74, 73, 72,
    75, 75, 75, 73, 72, 72, 71, 75, 73, 73, 73, 75, 75, 71, 75, 69, 68,
    68, 64, 66, 65, 64, 61, 64, 64, 67, 66, 73, 71, 77, 76, 83, 80, 80,
    79, 78, 76, 73, 71, 73, 67, 65, 67, 66, 67, 67, 68, 73, 75, 72, 79,
    78, 80, 78, 80, 78, 77, 73, 72, 69, 68, 69, 67, 68, 70, 70, 68, 73,
    74, 72, 77, 76, 77, 80, 78, 78, 79, 76, 77, 76, 74, 77, 73, 73, 77,
    75 ]
