%YAML:1.0
---
videoName: "headNod13.mp4"
gestureLabel: 202
fps: 29
pixelSizeInCmTemp: 3.2364864864864862e-01
faceCenterPointX: 253
faceCenterPointY: 79
headPositionsX: [ 251, 250, 254, 253, 254, 252, 253, 252, 253, 255, 253,
    253, 255, 257, 257, 253, 256, 254, 254, 253, 253, 254, 256, 254, 255,
    256, 255, 252, 254, 251, 255, 256, 254, 254, 255, 252, 253, 254, 252,
    252, 255, 251, 251, 252, 255, 253, 252, 255, 253, 251, 252, 253, 255,
    254, 254, 255, 253, 251, 255, 254, 255, 254, 255, 252, 251, 254, 255,
    252, 255, 252, 253, 254, 254, 254, 255, 257, 256, 253, 255, 252, 256,
    257, 255, 256, 252, 256, 253, 254, 254, 256, 255, 256, 254, 252, 255,
    253, 254, 252, 252, 254 ]
headPositionsY: [ 81, 71, 71, 76, 74, 72, 76, 73, 71, 75, 72, 73, 74, 71,
    76, 72, 76, 72, 74, 76, 75, 74, 74, 74, 76, 72, 75, 74, 71, 74, 73,
    76, 72, 72, 72, 72, 74, 74, 76, 73, 75, 76, 74, 75, 74, 74, 72, 72,
    71, 73, 71, 69, 67, 67, 66, 69, 72, 76, 75, 77, 77, 78, 79, 74, 72,
    73, 72, 67, 69, 69, 74, 71, 75, 78, 78, 77, 79, 79, 78, 77, 72, 71,
    73, 71, 75, 76, 74, 76, 78, 78, 82, 80, 78, 80, 78, 78, 81, 80, 79,
    79 ]
