%YAML:1.0
---
videoName: "headNod31.mp4"
gestureLabel: 202
fps: 29
pixelSizeInCmTemp: 2.8855421686746985e-01
faceCenterPointX: 267
faceCenterPointY: 75
headPositionsX: [ 269, 268, 271, 269, 271, 271, 271, 268, 268, 272, 268,
    271, 270, 272, 268, 268, 266, 268, 269, 268, 267, 264, 267, 268, 268,
    268, 265, 264, 266, 266, 269, 268, 270, 267, 270, 270, 271, 269, 270,
    267, 270, 266, 266, 265, 267, 267, 270, 268, 270, 268, 266, 266, 264,
    268, 265, 266, 265, 268, 269, 268, 268, 265, 264, 264, 265, 267, 264,
    268, 269, 266, 267, 264, 265, 267, 267, 266, 266, 264, 266, 265, 270,
    268, 267, 264, 267, 267, 264, 266, 266, 264, 265, 267, 265, 269, 268,
    268, 269, 269, 268, 268 ]
headPositionsY: [ 77, 72, 74, 76, 76, 74, 72, 66, 64, 68, 66, 64, 68, 68,
    77, 78, 82, 83, 88, 84, 86, 83, 81, 75, 75, 72, 70, 72, 68, 66, 67,
    68, 71, 73, 77, 84, 83, 87, 88, 87, 86, 84, 78, 79, 72, 75, 72, 73,
    76, 77, 81, 83, 85, 84, 85, 80, 80, 77, 74, 72, 70, 69, 71, 69, 71,
    71, 75, 76, 79, 81, 79, 80, 76, 77, 75, 73, 69, 73, 72, 73, 72, 77,
    74, 77, 79, 78, 78, 76, 74, 73, 73, 72, 74, 76, 74, 74, 75, 78, 75,
    75 ]
