%YAML:1.0
---
videoName: "headNod33.mp4"
gestureLabel: 202
fps: 29
pixelSizeInCmTemp: 2.9567901234567900e-01
faceCenterPointX: 268
faceCenterPointY: 74
headPositionsX: [ 267, 266, 270, 270, 268, 270, 269, 272, 268, 271, 269,
    272, 268, 270, 269, 270, 273, 271, 270, 271, 273, 273, 272, 269, 271,
    269, 270, 272, 271, 267, 268, 267, 272, 267, 271, 271, 268, 267, 268,
    272, 270, 270, 268, 271, 267, 269, 271, 269, 268, 269, 267, 268, 270,
    269, 269, 270, 267, 266, 266, 267, 268, 267, 266, 268, 267, 267, 268,
    269, 270, 269, 265, 269, 268, 266, 269, 270, 269, 271, 271, 268, 267,
    270, 266, 266, 268, 267, 268, 266, 266, 265, 270, 267, 269, 269, 269,
    267, 269, 267, 270, 269 ]
headPositionsY: [ 75, 70, 70, 73, 73, 69, 74, 73, 70, 72, 73, 73, 71, 70,
    73, 71, 70, 73, 73, 72, 73, 69, 72, 70, 73, 73, 69, 73, 70, 72, 72,
    75, 71, 76, 76, 77, 77, 75, 74, 72, 66, 69, 63, 67, 68, 66, 70, 74,
    77, 80, 83, 80, 79, 79, 73, 73, 71, 68, 72, 70, 69, 72, 73, 72, 76,
    74, 77, 78, 76, 78, 72, 74, 72, 71, 69, 70, 69, 72, 74, 76, 76, 78,
    76, 76, 80, 78, 79, 74, 76, 74, 76, 74, 77, 76, 74, 76, 74, 77, 75,
    74 ]
