%YAML:1.0
---
videoName: "headNod11.mp4"
gestureLabel: 202
fps: 29
pixelSizeInCmTemp: 3.2364864864864862e-01
faceCenterPointX: 261
faceCenterPointY: 75
headPositionsX: [ 260, 259, 262, 259, 261, 257, 258, 258, 256, 260, 261,
    259, 261, 262, 257, 261, 257, 258, 258, 257, 262, 258, 260, 259, 263,
    263, 261, 259, 262, 260, 261, 259, 262, 261, 258, 259, 260, 262, 260,
    259, 261, 262, 261, 261, 262, 259, 260, 262, 261, 260, 263, 259, 263,
    262, 262, 260, 260, 263, 260, 259, 261, 259, 258, 257, 259, 257, 260,
    260, 258, 259, 257, 256, 257, 260, 257, 255, 259, 259, 259, 257, 260,
    258, 260, 261, 257, 259, 258, 261, 261, 257, 261, 262, 258, 257, 262,
    262, 261, 262, 261, 259 ]
headPositionsY: [ 77, 75, 76, 74, 73, 74, 74, 76, 73, 76, 72, 76, 76, 75,
    76, 76, 76, 72, 74, 75, 76, 75, 75, 75, 75, 75, 75, 77, 73, 74, 74,
    73, 77, 76, 74, 75, 76, 73, 77, 77, 76, 76, 74, 73, 77, 73, 76, 75,
    74, 72, 70, 66, 69, 67, 71, 73, 76, 75, 78, 81, 82, 79, 75, 73, 72,
    70, 70, 70, 72, 72, 75, 76, 78, 79, 80, 79, 78, 76, 77, 73, 73, 71,
    69, 71, 77, 76, 80, 80, 79, 79, 78, 78, 75, 78, 78, 75, 74, 78, 77,
    74 ]
