%YAML:1.0
---
videoName: "headNod22.mp4"
gestureLabel: 202
fps: 29
pixelSizeInCmTemp: 3.1513157894736843e-01
faceCenterPointX: 252
faceCenterPointY: 80
headPositionsX: [ 251, 252, 253, 253, 251, 251, 252, 256, 255, 253, 252,
    255, 253, 251, 253, 253, 256, 254, 253, 253, 252, 253, 254, 252, 254,
    251, 253, 252, 255, 252, 250, 256, 253, 253, 252, 257, 251, 256, 254,
    251, 252, 255, 252, 253, 250, 253, 251, 255, 251, 250, 254, 253, 253,
    253, 253, 250, 253, 253, 249, 255, 251, 252, 254, 253, 254, 253, 250,
    251, 251, 252, 252, 252, 253, 252, 250, 254, 250, 254, 254, 251, 254,
    254, 250, 253, 250, 255, 250, 248, 250, 254, 251, 253, 254, 252, 249,
    252, 248, 250, 250, 250 ]
headPositionsY: [ 79, 77, 79, 79, 76, 76, 79, 76, 79, 76, 77, 78, 77, 81,
    78, 77, 77, 79, 77, 77, 79, 78, 82, 80, 80, 82, 84, 84, 81, 77, 78,
    74, 72, 73, 69, 71, 73, 78, 79, 80, 87, 85, 80, 79, 75, 74, 73, 71,
    70, 72, 75, 79, 82, 84, 87, 83, 80, 77, 74, 75, 72, 70, 75, 75, 78,
    76, 82, 81, 77, 75, 76, 75, 75, 77, 78, 79, 79, 81, 80, 79, 77, 78,
    75, 77, 78, 78, 82, 82, 82, 79, 78, 79, 78, 78, 80, 79, 81, 82, 79,
    79 ]
