%YAML:1.0
---
videoName: "headNod48.mp4"
gestureLabel: 202
fps: 29
pixelSizeInCmTemp: 2.8855421686746985e-01
faceCenterPointX: 264
faceCenterPointY: 72
headPositionsX: [ 266, 264, 263, 267, 265, 266, 266, 267, 265, 262, 264,
    264, 265, 262, 266, 263, 265, 259, 264, 263, 260, 262, 260, 262, 261,
    259, 260, 263, 264, 261, 262, 263, 262, 261, 261, 261, 265, 264, 263,
    262, 260, 262, 262, 263, 261, 260, 262, 263, 260, 264, 263, 263, 259,
    258, 263, 259, 259, 260, 262, 259, 262, 263, 261, 264, 261, 264, 261,
    264, 263, 263, 263, 262, 264, 265, 265, 267, 266, 263, 262, 263, 267,
    264, 265, 267, 268, 263, 265, 267, 264, 263, 266, 263, 268, 267, 264,
    264, 265, 264, 264, 263 ]
headPositionsY: [ 70, 77, 76, 78, 77, 74, 75, 69, 69, 63, 63, 62, 60, 63,
    66, 72, 77, 81, 82, 86, 86, 85, 85, 80, 76, 77, 68, 68, 66, 62, 64,
    67, 64, 67, 66, 74, 73, 77, 80, 84, 81, 80, 82, 80, 78, 76, 74, 74,
    72, 71, 73, 73, 76, 79, 81, 81, 76, 75, 73, 69, 71, 70, 72, 72, 73,
    73, 76, 76, 77, 78, 78, 72, 71, 72, 69, 68, 70, 69, 72, 75, 74, 74,
    72, 74, 75, 72, 71, 70, 70, 71, 74, 75, 74, 73, 71, 71, 73, 74, 71,
    73 ]
