%YAML:1.0
---
videoName: "headNod42.mp4"
gestureLabel: 202
fps: 30
pixelSizeInCmTemp: 3.0316455696202532e-01
faceCenterPointX: 265
faceCenterPointY: 77
headPositionsX: [ 264, 266, 270, 267, 271, 267, 271, 267, 269, 269, 268,
    270, 268, 267, 269, 269, 268, 270, 269, 270, 267, 270, 270, 268, 266,
    270, 265, 266, 265, 268, 264, 266, 266, 265, 266, 264, 264, 264, 266,
    267, 264, 263, 263, 265, 266, 264, 264, 265, 264, 263, 264, 265, 267,
    262, 264, 266, 264, 266, 266, 266, 268, 265, 266, 265, 266, 267, 268,
    266, 265, 266, 263, 266, 264, 265, 265, 264, 268, 267, 265, 268, 265,
    265, 265, 265, 267, 267, 265, 268, 267, 266, 264, 263, 267, 268, 264,
    265, 266, 265, 263, 265 ]
headPositionsY: [ 76, 75, 74, 74, 79, 75, 77, 78, 75, 78, 79, 76, 77, 78,
    75, 70, 66, 65, 64, 66, 67, 71, 67, 75, 78, 82, 89, 90, 93, 90, 89,
    83, 77, 76, 75, 69, 71, 71, 67, 72, 73, 76, 83, 81, 84, 84, 79, 78,
    75, 74, 70, 71, 69, 74, 76, 76, 83, 85, 84, 84, 86, 80, 79, 79, 78,
    72, 73, 74, 73, 73, 73, 78, 79, 82, 81, 78, 77, 78, 78, 73, 73, 72,
    74, 79, 79, 82, 81, 84, 80, 81, 80, 81, 79, 77, 78, 76, 78, 79, 75,
    76 ]
