%YAML:1.0
---
videoName: "headNod15.mp4"
gestureLabel: 202
fps: 29
pixelSizeInCmTemp: 3.1933333333333330e-01
faceCenterPointX: 255
faceCenterPointY: 74
headPositionsX: [ 253, 255, 260, 257, 255, 258, 257, 256, 256, 259, 258,
    259, 253, 258, 257, 258, 257, 257, 254, 255, 256, 255, 255, 254, 258,
    254, 255, 256, 254, 256, 257, 256, 257, 254, 254, 255, 253, 256, 255,
    257, 258, 254, 255, 255, 253, 252, 256, 257, 252, 256, 253, 254, 255,
    255, 257, 256, 255, 252, 255, 257, 255, 255, 256, 257, 254, 255, 259,
    254, 255, 256, 254, 255, 257, 257, 255, 251, 252, 254, 251, 255, 254,
    251, 253, 255, 255, 253, 256, 256, 254, 253, 256, 254, 255, 255, 254,
    254, 253, 255, 255, 255 ]
headPositionsY: [ 75, 74, 73, 73, 72, 72, 73, 73, 74, 73, 73, 72, 72, 76,
    73, 75, 71, 73, 71, 74, 74, 74, 75, 75, 76, 75, 74, 75, 72, 72, 73,
    72, 75, 73, 75, 76, 76, 78, 80, 81, 84, 84, 79, 77, 73, 73, 69, 72,
    70, 72, 78, 79, 84, 84, 78, 79, 74, 73, 69, 71, 69, 74, 72, 81, 83,
    82, 82, 83, 78, 74, 75, 70, 69, 71, 70, 72, 76, 79, 77, 74, 72, 72,
    73, 71, 71, 72, 71, 73, 72, 76, 72, 72, 75, 73, 74, 75, 71, 74, 71,
    73 ]
