%YAML:1.0
---
videoName: "headNod8.mp4"
gestureLabel: 202
fps: 29
pixelSizeInCmTemp: 3.1933333333333330e-01
faceCenterPointX: 262
faceCenterPointY: 74
headPositionsX: [ 264, 260, 263, 259, 263, 261, 261, 263, 260, 262, 260,
    264, 264, 263, 260, 261, 261, 259, 262, 259, 261, 261, 264, 264, 263,
    262, 263, 263, 263, 259, 261, 260, 263, 260, 262, 263, 262, 260, 259,
    261, 263, 263, 261, 263, 264, 261, 262, 261, 264, 262, 263, 261, 263,
    261, 261, 262, 260, 257, 262, 258, 263, 261, 259, 261, 263, 263, 261,
    263, 259, 259, 261, 259, 262, 259, 259, 261, 258, 259, 260, 261, 260,
    264, 265, 260, 262, 263, 264, 262, 261, 264, 264, 265, 261, 264, 260,
    263, 261, 265, 263, 262 ]
headPositionsY: [ 72, 77, 75, 78, 76, 75, 78, 76, 78, 75, 74, 74, 75, 76,
    78, 77, 76, 76, 75, 78, 78, 77, 78, 74, 78, 73, 78, 75, 77, 76, 77,
    76, 75, 79, 75, 77, 77, 77, 77, 77, 73, 73, 70, 66, 68, 69, 68, 72,
    73, 77, 79, 81, 82, 83, 83, 80, 80, 73, 71, 68, 68, 70, 73, 73, 77,
    79, 85, 84, 81, 80, 76, 76, 72, 69, 69, 72, 75, 76, 78, 82, 82, 81,
    81, 79, 73, 73, 73, 73, 74, 74, 74, 76, 76, 78, 78, 80, 78, 78, 74,
    75 ]
