%YAML:1.0
---
videoName: "headNod29.mp4"
gestureLabel: 202
fps: 29
pixelSizeInCmTemp: 3.1933333333333330e-01
faceCenterPointX: 271
faceCenterPointY: 70
headPositionsX: [ 273, 274, 274, 274, 276, 273, 272, 275, 274, 275, 275,
    271, 274, 272, 270, 270, 274, 273, 272, 273, 273, 271, 270, 272, 274,
    272, 273, 273, 271, 272, 270, 270, 269, 272, 271, 272, 269, 269, 272,
    271, 272, 270, 270, 271, 269, 271, 272, 271, 272, 271, 269, 274, 270,
    273, 269, 272, 271, 269, 271, 271, 268, 269, 269, 270, 271, 269, 271,
    271, 271, 272, 270, 271, 270, 269, 269, 273, 270, 269, 269, 272, 271,
    271, 273, 270, 271, 272, 272, 271, 273, 269, 272, 273, 272, 271, 268,
    272, 271, 270, 272, 271 ]
headPositionsY: [ 72, 73, 73, 73, 74, 76, 75, 78, 80, 79, 82, 80, 75, 75,
    72, 72, 69, 67, 67, 66, 65, 66, 66, 73, 73, 74, 77, 81, 79, 79, 78,
    75, 75, 75, 74, 70, 70, 70, 70, 71, 75, 76, 81, 81, 79, 81, 78, 76,
    73, 75, 71, 73, 75, 77, 80, 84, 83, 78, 79, 73, 75, 73, 72, 74, 79,
    78, 79, 78, 77, 75, 73, 69, 69, 68, 68, 72, 72, 73, 77, 79, 78, 73,
    73, 72, 74, 73, 71, 69, 72, 68, 70, 71, 70, 71, 68, 70, 68, 72, 70,
    69 ]
