%YAML:1.0
---
videoName: "headNod11.mp4"
gestureLabel: 202
fps: 29
pixelSizeInCmTemp: 3.2364864864864862e-01
faceCenterPointX: 261
faceCenterPointY: 75
headPositionsX: [ 263, 260, 259, 259, 261, 258, 260, 261, 259, 260, 258,
    261, 257, 258, 261, 261, 258, 260, 261, 261, 259, 261, 260, 263, 260,
    261, 260, 262, 260, 262, 258, 259, 261, 257, 261, 258, 261, 262, 262,
    260, 259, 259, 260, 260, 261, 260, 260, 262, 258, 259, 260, 261, 263,
    259, 263, 263, 260, 260, 261, 262, 257, 261, 259, 256, 261, 256, 256,
    259, 257, 256, 255, 259, 259, 260, 256, 257, 258, 257, 256, 259, 260,
    260, 260, 262, 261, 257, 257, 259, 259, 259, 259, 260, 259, 259, 258,
    259, 260, 261, 258, 260 ]
headPositionsY: [ 75, 72, 74, 74, 77, 76, 75, 75, 76, 73, 76, 73, 72, 77,
    73, 74, 72, 72, 74, 76, 76, 73, 74, 77, 73, 74, 74, 76, 76, 78, 75,
    73, 76, 76, 75, 75, 78, 76, 75, 76, 77, 76, 76, 73, 76, 76, 75, 72,
    72, 69, 69, 67, 66, 66, 71, 70, 73, 76, 77, 78, 81, 78, 76, 72, 69,
    71, 67, 67, 71, 70, 72, 75, 79, 79, 83, 80, 77, 75, 74, 74, 73, 70,
    69, 72, 75, 75, 77, 80, 82, 79, 77, 77, 75, 75, 78, 77, 75, 77, 78,
    74 ]
