%YAML:1.0
---
videoName: "headNod8.mp4"
gestureLabel: 202
fps: 29
pixelSizeInCmTemp: 3.1933333333333330e-01
faceCenterPointX: 262
faceCenterPointY: 74
headPositionsX: [ 264, 263, 261, 259, 262, 262, 260, 260, 259, 259, 262,
    264, 262, 262, 259, 261, 259, 261, 259, 260, 262, 261, 260, 260, 261,
    261, 259, 259, 262, 262, 261, 260, 263, 260, 261, 262, 259, 262, 259,
    262, 263, 261, 260, 263, 260, 261, 264, 263, 262, 263, 262, 259, 264,
    260, 261, 263, 259, 257, 261, 259, 262, 260, 263, 259, 262, 261, 262,
    261, 259, 260, 259, 260, 261, 259, 259, 261, 258, 260, 261, 263, 259,
    260, 265, 261, 260, 261, 261, 260, 261, 261, 264, 264, 263, 261, 261,
    262, 261, 261, 263, 263 ]
headPositionsY: [ 74, 75, 77, 74, 78, 77, 79, 79, 76, 78, 78, 74, 74, 75,
    74, 77, 76, 74, 78, 74, 78, 77, 75, 75, 74, 77, 75, 78, 76, 76, 76,
    79, 79, 77, 76, 79, 76, 76, 77, 75, 70, 71, 69, 69, 69, 65, 66, 72,
    70, 74, 76, 79, 84, 84, 80, 81, 77, 73, 73, 71, 68, 69, 69, 73, 78,
    80, 81, 85, 84, 80, 79, 72, 69, 69, 71, 70, 71, 78, 77, 81, 85, 82,
    81, 80, 76, 74, 73, 74, 70, 71, 72, 75, 75, 76, 76, 81, 77, 77, 77,
    76 ]
