%YAML:1.0
---
videoName: "headNod36.mp4"
gestureLabel: 202
fps: 29
pixelSizeInCmTemp: 2.8176470588235292e-01
faceCenterPointX: 269
faceCenterPointY: 75
headPositionsX: [ 271, 272, 272, 268, 272, 268, 268, 268, 269, 272, 272,
    272, 272, 269, 271, 270, 272, 273, 269, 271, 271, 272, 273, 271, 271,
    271, 268, 270, 268, 268, 270, 270, 272, 268, 270, 267, 270, 269, 269,
    265, 266, 267, 267, 269, 270, 271, 271, 269, 270, 270, 273, 269, 271,
    273, 268, 270, 270, 269, 268, 270, 267, 270, 270, 269, 269, 268, 270,
    269, 268, 268, 269, 266, 269, 268, 265, 267, 270, 270, 266, 270, 271,
    270, 269, 268, 267, 271, 271, 270, 269, 268, 271, 268, 271, 267, 269,
    270, 268, 271, 270, 271 ]
headPositionsY: [ 73, 76, 76, 73, 72, 74, 75, 74, 76, 73, 75, 76, 72, 72,
    75, 73, 72, 78, 74, 78, 76, 78, 78, 80, 74, 74, 70, 69, 65, 65, 64,
    63, 73, 74, 77, 83, 88, 87, 91, 86, 83, 80, 74, 74, 75, 69, 67, 70,
    69, 69, 68, 72, 79, 81, 85, 88, 87, 88, 85, 80, 80, 77, 75, 73, 74,
    75, 74, 75, 81, 84, 83, 81, 80, 80, 78, 74, 73, 75, 75, 78, 79, 81,
    85, 82, 82, 83, 81, 81, 79, 76, 77, 76, 77, 76, 77, 73, 75, 78, 73,
    77 ]
