%YAML:1.0
---
videoName: "headNod6.mp4"
gestureLabel: 202
fps: 29
pixelSizeInCmTemp: 3.1513157894736843e-01
faceCenterPointX: 262
faceCenterPointY: 73
headPositionsX: [ 264, 261, 262, 261, 260, 260, 261, 263, 262, 261, 263,
    264, 260, 262, 262, 265, 262, 260, 265, 263, 261, 261, 262, 263, 261,
    264, 260, 264, 262, 264, 260, 263, 261, 265, 263, 263, 261, 264, 262,
    265, 261, 263, 263, 261, 262, 261, 260, 261, 260, 259, 263, 263, 262,
    263, 261, 264, 259, 260, 262, 260, 258, 262, 260, 261, 261, 262, 258,
    259, 260, 261, 261, 258, 262, 261, 261, 259, 262, 258, 263, 261, 261,
    264, 260, 262, 260, 262, 263, 263, 261, 261, 264, 260, 263, 263, 260,
    263, 262, 264, 259, 263 ]
headPositionsY: [ 73, 72, 73, 75, 73, 72, 74, 74, 76, 73, 72, 73, 71, 75,
    75, 73, 73, 73, 74, 75, 72, 74, 76, 75, 73, 74, 72, 74, 76, 75, 72,
    74, 70, 69, 66, 64, 66, 64, 64, 71, 74, 75, 83, 85, 82, 79, 76, 75,
    69, 66, 69, 71, 73, 75, 80, 82, 83, 80, 79, 75, 68, 69, 66, 67, 70,
    73, 75, 81, 82, 79, 81, 72, 72, 69, 66, 66, 67, 67, 70, 75, 79, 84,
    83, 82, 81, 81, 73, 75, 72, 71, 72, 67, 70, 72, 74, 70, 73, 73, 73,
    71 ]
