%YAML:1.0
---
videoName: "headNod17.mp4"
gestureLabel: 202
fps: 30
pixelSizeInCmTemp: 3.2808219178082193e-01
faceCenterPointX: 253
faceCenterPointY: 76
headPositionsX: [ 253, 255, 253, 253, 254, 257, 253, 253, 253, 253, 256,
    257, 257, 255, 253, 253, 256, 254, 257, 255, 255, 257, 252, 255, 253,
    257, 257, 258, 257, 255, 256, 257, 253, 258, 257, 254, 255, 257, 257,
    253, 255, 251, 252, 252, 255, 254, 251, 255, 254, 254, 254, 254, 254,
    253, 255, 251, 255, 255, 253, 256, 256, 253, 254, 254, 257, 257, 254,
    255, 255, 254, 252, 254, 253, 255, 255, 254, 254, 253, 253, 253, 251,
    255, 256, 256, 256, 255, 254, 256, 254, 254, 252, 255, 254, 256, 257,
    254, 255, 254, 253, 255 ]
headPositionsY: [ 76, 79, 76, 77, 79, 77, 78, 77, 74, 79, 79, 79, 79, 79,
    79, 76, 79, 78, 77, 79, 74, 78, 75, 75, 74, 69, 67, 71, 70, 66, 67,
    68, 70, 70, 68, 70, 70, 71, 74, 78, 79, 83, 81, 84, 84, 84, 81, 81,
    81, 81, 79, 76, 72, 72, 70, 70, 70, 67, 69, 69, 70, 73, 72, 73, 80,
    78, 83, 79, 82, 77, 78, 75, 78, 76, 75, 76, 79, 78, 77, 77, 78, 78,
    78, 76, 77, 76, 75, 78, 79, 80, 76, 76, 77, 75, 79, 77, 76, 75, 77,
    77 ]
