%YAML:1.0
---
videoName: "headNod5.mp4"
gestureLabel: 202
fps: 29
pixelSizeInCmTemp: 3.1513157894736843e-01
faceCenterPointX: 263
faceCenterPointY: 75
headPositionsX: [ 263, 263, 263, 261, 261, 263, 260, 265, 262, 264, 262,
    263, 262, 263, 262, 261, 262, 265, 263, 264, 265, 266, 263, 264, 265,
    266, 262, 266, 267, 265, 268, 267, 264, 263, 266, 265, 265, 264, 266,
    268, 267, 265, 264, 266, 266, 268, 267, 263, 265, 266, 265, 266, 264,
    264, 265, 265, 266, 264, 263, 264, 264, 263, 262, 264, 263, 263, 265,
    263, 265, 263, 264, 263, 266, 266, 266, 266, 264, 266, 264, 265, 263,
    266, 265, 262, 265, 261, 264, 264, 264, 263, 263, 265, 265, 259, 262,
    262, 260, 260, 261, 265 ]
headPositionsY: [ 75, 74, 74, 74, 74, 72, 73, 74, 74, 76, 73, 72, 73, 76,
    75, 74, 74, 73, 75, 77, 74, 75, 74, 76, 76, 76, 74, 74, 78, 77, 77,
    75, 78, 73, 78, 75, 76, 79, 79, 76, 79, 75, 78, 75, 78, 79, 80, 78,
    79, 78, 77, 79, 81, 81, 84, 81, 81, 78, 75, 76, 74, 78, 82, 87, 87,
    90, 85, 80, 81, 77, 73, 74, 75, 81, 85, 83, 84, 84, 82, 78, 76, 73,
    74, 74, 76, 78, 78, 80, 83, 82, 79, 79, 74, 75, 73, 73, 76, 73, 76,
    74 ]
