%YAML:1.0
---
videoName: "headNod43.mp4"
gestureLabel: 202
fps: 29
pixelSizeInCmTemp: 2.8855421686746985e-01
faceCenterPointX: 268
faceCenterPointY: 74
headPositionsX: [ 268, 269, 269, 272, 270, 269, 270, 269, 268, 269, 269,
    270, 269, 267, 267, 269, 269, 270, 270, 268, 268, 271, 270, 270, 265,
    266, 265, 269, 265, 264, 267, 264, 267, 263, 264, 265, 264, 267, 266,
    263, 263, 265, 265, 265, 264, 267, 265, 266, 266, 267, 263, 265, 265,
    262, 265, 264, 264, 266, 262, 263, 265, 262, 263, 264, 265, 263, 267,
    264, 264, 266, 267, 268, 268, 270, 269, 268, 270, 267, 267, 268, 271,
    270, 269, 268, 269, 268, 268, 266, 269, 268, 269, 270, 270, 269, 270,
    271, 267, 269, 267, 267 ]
headPositionsY: [ 76, 79, 76, 74, 75, 74, 74, 73, 74, 75, 77, 76, 75, 74,
    75, 77, 73, 73, 77, 74, 75, 76, 73, 78, 74, 76, 82, 82, 85, 89, 92,
    87, 85, 83, 79, 80, 80, 81, 83, 87, 90, 93, 90, 85, 86, 83, 82, 81,
    80, 87, 90, 93, 92, 89, 89, 84, 83, 83, 80, 87, 86, 91, 92, 88, 88,
    88, 83, 82, 78, 76, 80, 79, 83, 86, 89, 92, 90, 88, 85, 81, 78, 77,
    72, 71, 74, 70, 75, 74, 74, 71, 74, 75, 73, 76, 72, 72, 73, 76, 73,
    75 ]
