%YAML:1.0
---
videoName: "headNod49.mp4"
gestureLabel: 202
fps: 29
pixelSizeInCmTemp: 2.9207317073170730e-01
faceCenterPointX: 263
faceCenterPointY: 74
headPositionsX: [ 261, 264, 265, 264, 265, 264, 263, 264, 263, 264, 264,
    262, 263, 262, 265, 264, 266, 265, 262, 263, 265, 262, 264, 263, 263,
    264, 264, 264, 264, 264, 263, 262, 264, 264, 263, 265, 265, 262, 262,
    262, 264, 265, 263, 264, 265, 261, 264, 265, 262, 262, 264, 262, 262,
    263, 262, 264, 262, 265, 262, 263, 261, 266, 265, 263, 266, 262, 263,
    264, 263, 263, 263, 264, 265, 264, 265, 263, 261, 265, 262, 261, 263,
    263, 261, 264, 262, 264, 263, 264, 261, 262, 264, 263, 261, 264, 262,
    264, 263, 262, 264, 264 ]
headPositionsY: [ 74, 69, 69, 71, 70, 72, 70, 74, 71, 71, 72, 73, 69, 69,
    66, 67, 70, 68, 68, 70, 68, 70, 72, 72, 77, 78, 76, 79, 76, 72, 74,
    72, 69, 72, 67, 68, 73, 71, 74, 79, 80, 79, 76, 77, 76, 73, 74, 69,
    73, 73, 71, 74, 75, 76, 77, 79, 77, 75, 77, 72, 72, 71, 74, 73, 75,
    74, 75, 76, 80, 77, 78, 75, 77, 76, 73, 74, 74, 76, 75, 73, 74, 74,
    75, 77, 75, 75, 72, 72, 76, 73, 72, 77, 73, 77, 71, 73, 75, 76, 74,
    72 ]
