%YAML:1.0
---
videoName: "headNod30.mp4"
gestureLabel: 202
fps: 29
pixelSizeInCmTemp: 3.2364864864864862e-01
faceCenterPointX: 271
faceCenterPointY: 72
headPositionsX: [ 270, 274, 272, 273, 272, 269, 269, 270, 271, 271, 273,
    271, 271, 270, 271, 270, 272, 270, 270, 271, 273, 273, 270, 274, 270,
    270, 272, 273, 270, 273, 274, 274, 271, 274, 270, 268, 273, 270, 271,
    272, 268, 272, 271, 269, 269, 267, 267, 270, 271, 270, 267, 269, 270,
    270, 271, 269, 268, 272, 273, 272, 269, 270, 273, 270, 270, 273, 269,
    271, 271, 268, 271, 274, 271, 271, 271, 271, 270, 270, 270, 272, 272,
    271, 271, 271, 269, 271, 272, 273, 270, 274, 270, 270, 270, 270, 272,
    271, 270, 273, 272, 270 ]
headPositionsY: [ 74, 77, 74, 77, 74, 74, 75, 77, 74, 77, 73, 73, 75, 77,
    77, 77, 74, 76, 78, 73, 73, 73, 74, 69, 66, 68, 69, 69, 69, 73, 73,
    74, 78, 84, 82, 79, 81, 76, 74, 75, 69, 71, 73, 70, 74, 78, 78, 78,
    77, 77, 77, 76, 72, 72, 73, 71, 71, 71, 74, 74, 74, 75, 78, 75, 74,
    73, 70, 71, 71, 68, 67, 73, 73, 75, 73, 74, 74, 74, 72, 70, 69, 69,
    70, 68, 68, 69, 72, 71, 71, 74, 75, 75, 72, 71, 74, 75, 72, 74, 72,
    71 ]
