%YAML:1.0
---
videoName: "headNod23.mp4"
gestureLabel: 202
fps: 29
pixelSizeInCmTemp: 3.1933333333333330e-01
faceCenterPointX: 273
faceCenterPointY: 75
headPositionsX: [ 272, 273, 276, 273, 274, 272, 274, 275, 274, 274, 276,
    273, 273, 273, 272, 276, 275, 276, 274, 272, 276, 275, 274, 275, 273,
    276, 275, 276, 273, 274, 274, 275, 273, 274, 275, 275, 276, 276, 274,
    274, 271, 272, 271, 273, 272, 273, 273, 274, 273, 275, 276, 272, 272,
    276, 274, 275, 272, 273, 275, 273, 276, 273, 275, 273, 275, 271, 272,
    272, 275, 275, 275, 276, 276, 275, 274, 273, 273, 275, 272, 272, 273,
    271, 273, 275, 275, 276, 276, 275, 274, 273, 272, 275, 272, 274, 272,
    274, 272, 271, 276, 274 ]
headPositionsY: [ 76, 74, 75, 77, 76, 75, 78, 78, 78, 78, 77, 75, 77, 75,
    79, 78, 79, 77, 77, 79, 75, 76, 76, 75, 73, 73, 67, 67, 67, 65, 63,
    64, 64, 64, 69, 71, 73, 76, 79, 82, 84, 80, 82, 79, 75, 74, 69, 71,
    66, 66, 67, 71, 69, 71, 72, 73, 74, 79, 77, 78, 75, 78, 73, 70, 68,
    71, 70, 69, 68, 69, 72, 73, 74, 76, 78, 81, 81, 80, 77, 78, 75, 77,
    74, 71, 76, 70, 74, 75, 72, 75, 73, 74, 74, 78, 76, 77, 77, 77, 77,
    73 ]
