%YAML:1.0
---
videoName: "headNod29.mp4"
gestureLabel: 202
fps: 29
pixelSizeInCmTemp: 3.1933333333333330e-01
faceCenterPointX: 271
faceCenterPointY: 70
headPositionsX: [ 271, 271, 274, 274, 272, 274, 273, 273, 273, 275, 274,
    275, 271, 273, 274, 270, 271, 270, 273, 272, 270, 272, 272, 274, 274,
    270, 271, 270, 271, 270, 271, 269, 270, 272, 272, 269, 271, 271, 272,
    269, 269, 271, 271, 271, 271, 270, 269, 272, 270, 271, 270, 274, 272,
    270, 270, 271, 270, 270, 269, 272, 270, 270, 270, 270, 268, 268, 272,
    272, 267, 269, 269, 269, 271, 270, 273, 273, 272, 273, 269, 271, 273,
    272, 270, 271, 273, 271, 271, 270, 270, 272, 273, 272, 270, 271, 271,
    272, 272, 270, 270, 273 ]
headPositionsY: [ 68, 75, 73, 75, 76, 78, 75, 77, 82, 79, 80, 79, 76, 73,
    73, 72, 68, 65, 66, 67, 66, 68, 69, 73, 73, 73, 78, 80, 77, 78, 79,
    76, 78, 71, 70, 73, 71, 70, 72, 73, 75, 79, 78, 81, 77, 79, 76, 75,
    75, 75, 73, 74, 74, 77, 80, 84, 80, 80, 79, 74, 77, 76, 73, 76, 75,
    76, 78, 77, 74, 74, 74, 72, 70, 69, 69, 72, 74, 76, 75, 76, 75, 77,
    72, 72, 71, 73, 71, 68, 68, 69, 71, 68, 71, 72, 69, 72, 70, 71, 69,
    69 ]
