%YAML:1.0
---
videoName: "headNod47.mp4"
gestureLabel: 202
fps: 29
pixelSizeInCmTemp: 3.0316455696202532e-01
faceCenterPointX: 266
faceCenterPointY: 70
headPositionsX: [ 265, 267, 269, 266, 266, 267, 266, 264, 265, 269, 265,
    268, 266, 263, 262, 263, 264, 263, 266, 265, 263, 264, 264, 268, 266,
    267, 268, 265, 266, 268, 266, 269, 266, 269, 265, 265, 266, 270, 268,
    268, 265, 269, 268, 269, 270, 267, 267, 265, 264, 268, 265, 269, 267,
    265, 267, 268, 267, 269, 266, 265, 267, 266, 265, 268, 266, 266, 266,
    266, 267, 267, 264, 265, 268, 265, 265, 266, 267, 268, 267, 268, 267,
    267, 264, 264, 265, 264, 268, 263, 266, 268, 265, 267, 264, 266, 266,
    268, 264, 264, 265, 266 ]
headPositionsY: [ 71, 64, 58, 57, 57, 56, 57, 59, 64, 67, 69, 74, 78, 84,
    82, 77, 73, 73, 69, 67, 65, 66, 67, 69, 72, 74, 75, 76, 79, 76, 76,
    73, 69, 69, 67, 67, 67, 72, 71, 73, 79, 80, 79, 78, 77, 72, 72, 67,
    66, 70, 68, 68, 70, 73, 75, 75, 72, 74, 69, 69, 69, 68, 70, 70, 70,
    67, 73, 72, 74, 75, 73, 72, 72, 71, 68, 70, 68, 68, 68, 70, 75, 76,
    73, 76, 74, 69, 70, 70, 72, 72, 69, 69, 71, 70, 73, 73, 73, 69, 72,
    69 ]
