%YAML:1.0
---
videoName: "headNod15.mp4"
gestureLabel: 202
fps: 29
pixelSizeInCmTemp: 3.1933333333333330e-01
faceCenterPointX: 255
faceCenterPointY: 74
headPositionsX: [ 254, 255, 258, 257, 255, 258, 257, 258, 257, 258, 257,
    258, 254, 258, 257, 254, 255, 258, 256, 257, 255, 258, 257, 256, 254,
    257, 258, 257, 257, 254, 254, 257, 254, 252, 253, 258, 257, 255, 258,
    254, 254, 257, 253, 255, 253, 256, 253, 256, 252, 254, 257, 255, 257,
    257, 256, 255, 252, 254, 253, 253, 254, 254, 253, 256, 253, 255, 256,
    256, 256, 253, 254, 254, 256, 257, 252, 252, 255, 253, 252, 255, 255,
    251, 256, 254, 255, 252, 255, 256, 253, 257, 252, 252, 252, 254, 256,
    255, 252, 253, 252, 255 ]
headPositionsY: [ 75, 73, 75, 73, 73, 75, 72, 71, 72, 76, 74, 73, 73, 75,
    73, 74, 75, 72, 71, 75, 72, 75, 71, 71, 75, 74, 72, 74, 76, 74, 74,
    76, 76, 71, 74, 74, 76, 76, 82, 83, 81, 80, 80, 76, 73, 70, 71, 71,
    72, 73, 75, 78, 84, 84, 79, 77, 74, 71, 71, 69, 72, 71, 73, 78, 81,
    85, 82, 80, 79, 74, 74, 73, 69, 72, 71, 74, 77, 76, 76, 77, 72, 69,
    72, 68, 72, 70, 69, 73, 74, 72, 74, 73, 74, 70, 75, 73, 75, 73, 73,
    73 ]
