%YAML:1.0
---
videoName: "headNod23.mp4"
gestureLabel: 202
fps: 29
pixelSizeInCmTemp: 3.1933333333333330e-01
faceCenterPointX: 273
faceCenterPointY: 75
headPositionsX: [ 273, 273, 273, 274, 276, 272, 273, 272, 276, 272, 272,
    275, 273, 276, 276, 272, 272, 274, 276, 276, 273, 276, 272, 275, 271,
    277, 272, 276, 273, 277, 274, 277, 277, 276, 276, 275, 273, 272, 275,
    274, 271, 270, 272, 272, 274, 274, 270, 273, 275, 276, 272, 274, 274,
    276, 272, 273, 271, 272, 272, 272, 275, 274, 271, 276, 271, 271, 275,
    274, 277, 276, 273, 274, 273, 274, 275, 271, 273, 272, 270, 275, 273,
    273, 274, 272, 276, 272, 274, 274, 274, 274, 272, 274, 275, 273, 272,
    276, 272, 275, 273, 274 ]
headPositionsY: [ 74, 76, 74, 75, 78, 77, 74, 75, 77, 78, 77, 77, 77, 78,
    75, 78, 77, 74, 77, 79, 78, 78, 76, 73, 75, 71, 68, 67, 64, 68, 65,
    64, 65, 66, 66, 69, 71, 75, 78, 80, 82, 83, 79, 80, 76, 76, 70, 70,
    68, 67, 69, 67, 71, 70, 73, 76, 74, 80, 77, 75, 77, 75, 73, 74, 70,
    68, 69, 70, 69, 69, 70, 72, 73, 76, 78, 81, 80, 77, 77, 78, 77, 77,
    74, 71, 75, 73, 73, 73, 75, 74, 73, 72, 73, 75, 76, 77, 75, 73, 74,
    74 ]
