%YAML:1.0
---
videoName: "headNod19.mp4"
gestureLabel: 202
fps: 29
pixelSizeInCmTemp: 3.1933333333333330e-01
faceCenterPointX: 255
faceCenterPointY: 81
headPositionsX: [ 257, 259, 258, 259, 259, 255, 255, 258, 255, 258, 256,
    258, 256, 253, 256, 256, 253, 252, 252, 252, 252, 252, 251, 250, 249,
    252, 249, 252, 252, 252, 249, 253, 250, 255, 255, 251, 253, 255, 254,
    252, 252, 253, 257, 254, 257, 256, 255, 256, 254, 257, 255, 254, 253,
    254, 255, 254, 258, 256, 253, 256, 254, 252, 256, 254, 254, 254, 256,
    258, 257, 254, 257, 255, 256, 255, 257, 255, 258, 257, 254, 255, 256,
    255, 254, 254, 258, 254, 253, 254, 253, 255, 255, 256, 255, 258, 256,
    257, 255, 254, 254, 254 ]
headPositionsY: [ 83, 86, 85, 83, 80, 77, 75, 79, 76, 75, 78, 77, 78, 76,
    79, 75, 77, 79, 76, 79, 79, 77, 76, 79, 78, 77, 79, 77, 77, 82, 77,
    81, 77, 77, 78, 78, 77, 77, 78, 77, 77, 81, 79, 78, 79, 77, 77, 77,
    77, 78, 81, 77, 76, 77, 81, 81, 77, 77, 77, 79, 80, 77, 80, 78, 80,
    78, 80, 75, 75, 73, 72, 76, 73, 77, 79, 82, 86, 83, 81, 77, 77, 74,
    75, 80, 81, 83, 84, 82, 85, 83, 82, 81, 80, 84, 81, 84, 84, 82, 81,
    79 ]
