%YAML:1.0
---
videoName: "headNod37.mp4"
gestureLabel: 202
fps: 29
pixelSizeInCmTemp: 2.9207317073170730e-01
faceCenterPointX: 269
faceCenterPointY: 78
headPositionsX: [ 271, 273, 270, 272, 272, 270, 270, 269, 268, 268, 271,
    271, 273, 271, 272, 269, 268, 270, 267, 268, 271, 268, 267, 268, 271,
    271, 272, 269, 266, 270, 272, 270, 271, 269, 269, 268, 270, 270, 271,
    271, 268, 267, 270, 267, 267, 267, 268, 268, 269, 270, 267, 268, 269,
    272, 272, 271, 268, 271, 267, 269, 269, 268, 269, 266, 267, 267, 267,
    265, 267, 266, 268, 268, 269, 267, 269, 270, 268, 271, 269, 269, 269,
    271, 271, 268, 271, 271, 271, 272, 271, 267, 271, 269, 270, 271, 267,
    268, 270, 270, 269, 270 ]
headPositionsY: [ 79, 76, 73, 77, 73, 74, 74, 77, 77, 76, 72, 76, 75, 74,
    75, 77, 73, 74, 75, 77, 74, 76, 75, 77, 74, 77, 77, 75, 74, 74, 75,
    77, 73, 75, 78, 76, 73, 78, 75, 75, 78, 75, 74, 77, 74, 74, 76, 77,
    75, 75, 75, 75, 72, 71, 65, 69, 63, 66, 68, 68, 71, 73, 79, 84, 88,
    88, 85, 88, 81, 79, 75, 70, 71, 67, 65, 64, 67, 65, 68, 70, 70, 76,
    76, 82, 84, 82, 82, 81, 82, 81, 81, 77, 77, 76, 76, 77, 77, 79, 80,
    79 ]
