%YAML:1.0
---
videoName: "headNod27.mp4"
gestureLabel: 202
fps: 29
pixelSizeInCmTemp: 3.0705128205128202e-01
faceCenterPointX: 271
faceCenterPointY: 77
headPositionsX: [ 270, 273, 273, 271, 270, 270, 272, 273, 273, 272, 271,
    274, 273, 269, 273, 273, 272, 271, 272, 273, 272, 272, 271, 271, 274,
    273, 272, 271, 271, 273, 272, 269, 270, 269, 270, 267, 267, 269, 267,
    268, 268, 269, 272, 271, 272, 272, 271, 270, 268, 272, 270, 271, 269,
    269, 270, 269, 271, 270, 270, 272, 272, 270, 271, 269, 268, 269, 266,
    267, 270, 267, 268, 269, 266, 271, 266, 270, 269, 269, 268, 270, 268,
    268, 271, 267, 270, 272, 271, 268, 273, 271, 271, 270, 271, 269, 268,
    269, 270, 269, 270, 270 ]
headPositionsY: [ 75, 75, 75, 75, 75, 75, 74, 76, 72, 75, 73, 75, 75, 74,
    74, 73, 72, 74, 73, 74, 73, 72, 71, 66, 67, 63, 66, 63, 64, 69, 69,
    78, 83, 81, 83, 85, 80, 78, 73, 70, 66, 70, 70, 69, 70, 73, 73, 77,
    78, 79, 81, 75, 75, 70, 70, 68, 69, 69, 75, 73, 77, 82, 80, 82, 83,
    80, 75, 76, 75, 70, 74, 70, 74, 78, 78, 79, 77, 80, 76, 75, 73, 70,
    73, 72, 70, 75, 75, 78, 78, 77, 81, 79, 76, 76, 78, 75, 75, 76, 75,
    74 ]
