%YAML:1.0
---
videoName: "headNod19.mp4"
gestureLabel: 202
fps: 29
pixelSizeInCmTemp: 3.1933333333333330e-01
faceCenterPointX: 255
faceCenterPointY: 81
headPositionsX: [ 254, 260, 258, 255, 256, 254, 258, 257, 255, 256, 253,
    258, 258, 256, 254, 254, 253, 251, 251, 252, 252, 254, 251, 249, 250,
    248, 250, 250, 248, 253, 248, 251, 253, 253, 252, 252, 252, 256, 254,
    252, 255, 256, 257, 254, 253, 257, 256, 259, 254, 255, 256, 254, 256,
    255, 254, 255, 255, 258, 253, 255, 258, 255, 253, 256, 253, 255, 254,
    256, 255, 255, 257, 256, 255, 256, 258, 255, 255, 257, 254, 256, 257,
    256, 255, 257, 258, 254, 255, 254, 255, 253, 256, 258, 257, 254, 258,
    255, 255, 254, 255, 254 ]
headPositionsY: [ 83, 84, 82, 83, 81, 78, 75, 75, 75, 79, 75, 77, 75, 77,
    76, 77, 76, 79, 80, 77, 78, 77, 76, 79, 77, 77, 81, 77, 77, 79, 80,
    81, 76, 81, 80, 80, 77, 77, 80, 81, 80, 81, 80, 78, 78, 81, 77, 78,
    77, 77, 77, 78, 76, 80, 78, 77, 76, 79, 76, 78, 79, 80, 78, 77, 83,
    81, 80, 77, 77, 76, 74, 75, 73, 77, 82, 84, 82, 84, 80, 80, 76, 76,
    79, 78, 85, 83, 82, 85, 86, 81, 82, 80, 84, 80, 80, 82, 81, 80, 83,
    80 ]
