%YAML:1.0
---
videoName: "headNod44.mp4"
gestureLabel: 202
fps: 29
pixelSizeInCmTemp: 2.9567901234567900e-01
faceCenterPointX: 268
faceCenterPointY: 78
headPositionsX: [ 266, 271, 270, 270, 269, 267, 268, 266, 269, 270, 268,
    269, 267, 270, 269, 269, 272, 268, 267, 270, 268, 270, 268, 268, 268,
    267, 269, 267, 269, 266, 267, 267, 268, 269, 268, 266, 265, 269, 266,
    267, 264, 265, 265, 264, 265, 266, 266, 268, 267, 266, 268, 266, 267,
    268, 268, 267, 267, 270, 266, 266, 267, 269, 266, 268, 266, 265, 266,
    266, 268, 266, 269, 270, 272, 266, 270, 267, 267, 271, 269, 267, 267,
    269, 270, 270, 266, 270, 268, 268, 266, 270, 266, 268, 266, 265, 266,
    270, 266, 266, 266, 269 ]
headPositionsY: [ 77, 72, 76, 72, 74, 77, 76, 73, 73, 73, 73, 72, 75, 74,
    77, 73, 76, 77, 78, 82, 83, 87, 94, 92, 93, 91, 89, 87, 78, 74, 73,
    71, 70, 72, 72, 76, 80, 85, 88, 87, 86, 85, 81, 79, 72, 73, 73, 73,
    74, 80, 87, 88, 93, 90, 87, 82, 78, 77, 74, 73, 73, 77, 80, 83, 87,
    87, 86, 79, 78, 76, 77, 76, 78, 80, 81, 82, 82, 86, 87, 84, 86, 80,
    78, 80, 79, 76, 74, 80, 79, 78, 76, 77, 76, 79, 75, 79, 76, 77, 76,
    77 ]
