%YAML:1.0
---
videoName: "headNod35.mp4"
gestureLabel: 202
fps: 30
pixelSizeInCmTemp: 2.9937500000000000e-01
faceCenterPointX: 268
faceCenterPointY: 78
headPositionsX: [ 267, 269, 267, 269, 271, 268, 271, 270, 269, 271, 272,
    268, 272, 269, 269, 268, 272, 272, 271, 268, 270, 271, 271, 272, 268,
    270, 268, 271, 272, 272, 271, 269, 271, 271, 268, 271, 268, 267, 266,
    268, 268, 269, 267, 265, 269, 266, 269, 269, 268, 267, 270, 268, 271,
    270, 267, 268, 269, 270, 269, 269, 269, 266, 269, 270, 267, 271, 268,
    266, 269, 268, 271, 267, 267, 268, 268, 267, 266, 267, 268, 269, 268,
    268, 267, 269, 267, 268, 266, 266, 268, 268, 269, 268, 268, 265, 264,
    267, 266, 268, 268, 268 ]
headPositionsY: [ 79, 77, 77, 76, 76, 76, 74, 78, 74, 79, 78, 79, 76, 77,
    74, 74, 75, 78, 76, 76, 75, 75, 76, 79, 77, 76, 76, 73, 69, 71, 67,
    65, 69, 72, 68, 77, 80, 85, 88, 91, 94, 91, 89, 85, 80, 77, 77, 74,
    76, 73, 76, 79, 82, 86, 89, 88, 87, 84, 81, 82, 72, 71, 72, 74, 74,
    75, 79, 79, 84, 87, 87, 84, 83, 77, 74, 78, 75, 73, 78, 79, 81, 81,
    86, 87, 87, 84, 84, 81, 80, 80, 80, 81, 79, 78, 79, 78, 79, 75, 77,
    80 ]
