%YAML:1.0
---
videoName: "headNod0.mp4"
gestureLabel: 202
fps: 29
pixelSizeInCmTemp: 3.2364864864864862e-01
faceCenterPointX: 264
faceCenterPointY: 76
headPositionsX: [ 266, 266, 266, 267, 267, 268, 268, 269, 267, 268, 267,
    267, 268, 266, 264, 267, 263, 266, 263, 267, 266, 268, 263, 266, 267,
    265, 264, 267, 268, 267, 265, 266, 264, 268, 268, 265, 267, 264, 266,
    264, 267, 265, 268, 263, 265, 263, 264, 264, 264, 263, 265, 264, 265,
    265, 264, 263, 263, 267, 263, 263, 264, 263, 265, 266, 266, 265, 265,
    265, 265, 265, 265, 266, 265, 263, 263, 266, 266, 263, 264, 265, 261,
    264, 262, 263, 263, 266, 266, 262, 267, 266, 264, 264, 267, 267, 264,
    262, 262, 263, 265, 265 ]
headPositionsY: [ 74, 74, 74, 72, 70, 71, 74, 71, 74, 72, 73, 72, 71, 71,
    73, 73, 72, 71, 74, 73, 72, 74, 76, 76, 72, 75, 73, 74, 71, 70, 69,
    66, 67, 63, 64, 65, 64, 62, 64, 68, 67, 72, 71, 73, 79, 82, 82, 81,
    80, 82, 79, 73, 74, 73, 70, 65, 66, 64, 68, 68, 72, 70, 75, 76, 75,
    79, 79, 80, 81, 79, 76, 74, 73, 72, 66, 66, 68, 69, 68, 71, 71, 70,
    71, 76, 76, 77, 76, 80, 77, 78, 80, 76, 76, 79, 76, 75, 76, 73, 78,
    76 ]
