%YAML:1.0
---
videoName: "headNod10.mp4"
gestureLabel: 202
fps: 29
pixelSizeInCmTemp: 3.2808219178082193e-01
faceCenterPointX: 260
faceCenterPointY: 67
headPositionsX: [ 261, 260, 260, 256, 256, 259, 259, 256, 256, 259, 260,
    258, 257, 257, 256, 260, 256, 260, 257, 260, 259, 256, 257, 261, 258,
    259, 261, 261, 258, 259, 261, 260, 261, 261, 258, 258, 261, 257, 259,
    260, 258, 261, 257, 258, 260, 263, 260, 262, 261, 261, 260, 262, 261,
    260, 259, 261, 259, 257, 261, 258, 261, 258, 262, 259, 259, 258, 259,
    261, 259, 262, 258, 257, 259, 260, 258, 259, 257, 257, 259, 259, 260,
    261, 256, 261, 258, 258, 261, 261, 262, 259, 259, 261, 260, 259, 258,
    261, 258, 261, 261, 262 ]
headPositionsY: [ 69, 73, 71, 71, 70, 71, 72, 70, 72, 69, 70, 71, 71, 68,
    72, 68, 69, 70, 72, 69, 72, 70, 68, 69, 68, 71, 72, 72, 70, 70, 69,
    71, 73, 72, 68, 70, 71, 70, 72, 73, 71, 73, 71, 70, 68, 66, 67, 61,
    64, 65, 66, 68, 68, 74, 73, 72, 71, 73, 69, 66, 63, 66, 61, 65, 65,
    69, 72, 74, 75, 76, 75, 73, 71, 67, 65, 63, 65, 66, 70, 73, 77, 77,
    76, 75, 73, 69, 70, 66, 66, 67, 68, 64, 65, 65, 66, 67, 69, 69, 67,
    69 ]
