%YAML:1.0
---
videoName: "headNod49.mp4"
gestureLabel: 202
fps: 29
pixelSizeInCmTemp: 2.9207317073170730e-01
faceCenterPointX: 263
faceCenterPointY: 74
headPositionsX: [ 263, 267, 267, 264, 268, 267, 264, 265, 263, 262, 265,
    265, 263, 264, 265, 266, 263, 266, 263, 266, 265, 265, 264, 267, 266,
    262, 263, 266, 264, 266, 262, 263, 262, 266, 265, 263, 263, 263, 266,
    263, 264, 265, 265, 265, 265, 261, 262, 263, 261, 263, 261, 261, 263,
    262, 262, 264, 264, 265, 264, 262, 263, 265, 262, 266, 265, 265, 263,
    265, 264, 262, 264, 263, 265, 265, 262, 263, 263, 264, 265, 265, 264,
    263, 263, 263, 264, 264, 263, 263, 264, 260, 263, 265, 263, 262, 265,
    265, 264, 260, 262, 262 ]
headPositionsY: [ 76, 69, 72, 74, 69, 72, 73, 73, 75, 74, 72, 72, 71, 67,
    66, 69, 67, 69, 69, 67, 68, 70, 70, 75, 76, 78, 78, 78, 77, 73, 73,
    69, 71, 69, 67, 70, 73, 72, 74, 76, 80, 78, 78, 76, 74, 70, 73, 69,
    73, 71, 70, 75, 73, 79, 76, 75, 78, 75, 77, 73, 73, 72, 71, 73, 71,
    76, 73, 77, 77, 78, 79, 78, 77, 75, 77, 72, 76, 72, 75, 77, 74, 77,
    75, 76, 74, 77, 75, 75, 76, 76, 72, 77, 74, 76, 74, 76, 75, 74, 72,
    75 ]
