%YAML:1.0
---
videoName: "headNod12.mp4"
gestureLabel: 202
fps: 29
pixelSizeInCmTemp: 3.2808219178082193e-01
faceCenterPointX: 254
faceCenterPointY: 69
headPositionsX: [ 254, 252, 253, 255, 253, 253, 254, 255, 254, 257, 256,
    259, 254, 254, 258, 258, 255, 258, 256, 257, 253, 254, 256, 254, 255,
    258, 255, 255, 256, 256, 258, 253, 256, 255, 253, 253, 253, 253, 256,
    254, 252, 256, 257, 254, 256, 256, 257, 255, 252, 254, 254, 256, 252,
    255, 256, 251, 254, 255, 254, 256, 255, 256, 254, 256, 254, 252, 257,
    254, 252, 253, 254, 256, 256, 253, 255, 252, 252, 257, 255, 257, 253,
    253, 254, 257, 256, 255, 255, 254, 253, 253, 255, 257, 257, 256, 254,
    255, 254, 254, 253, 255 ]
headPositionsY: [ 69, 76, 72, 72, 72, 73, 76, 70, 75, 74, 73, 74, 72, 71,
    73, 71, 73, 75, 73, 71, 72, 71, 73, 72, 74, 74, 75, 76, 73, 73, 74,
    74, 73, 74, 73, 72, 69, 66, 66, 63, 61, 62, 63, 64, 64, 68, 67, 69,
    73, 75, 76, 77, 79, 77, 77, 74, 70, 69, 67, 67, 63, 64, 65, 66, 63,
    70, 70, 69, 73, 74, 78, 74, 78, 73, 73, 68, 71, 66, 70, 66, 65, 64,
    66, 68, 67, 71, 67, 70, 72, 71, 76, 75, 72, 70, 70, 73, 69, 70, 68,
    69 ]
