%YAML:1.0
---
videoName: "headNod27.mp4"
gestureLabel: 202
fps: 29
pixelSizeInCmTemp: 3.0705128205128202e-01
faceCenterPointX: 271
faceCenterPointY: 77
headPositionsX: [ 273, 270, 274, 273, 274, 273, 274, 270, 271, 271, 269,
    275, 272, 270, 271, 274, 270, 272, 273, 270, 273, 272, 270, 274, 272,
    271, 274, 270, 273, 273, 270, 270, 272, 273, 271, 268, 267, 267, 269,
    269, 271, 270, 268, 269, 270, 270, 268, 267, 268, 268, 269, 267, 271,
    270, 267, 271, 269, 268, 270, 269, 268, 272, 269, 268, 270, 268, 266,
    267, 270, 266, 266, 269, 268, 271, 269, 268, 269, 268, 270, 269, 270,
    267, 270, 267, 270, 272, 270, 268, 273, 269, 269, 273, 271, 273, 272,
    269, 270, 272, 271, 270 ]
headPositionsY: [ 75, 75, 75, 75, 74, 75, 71, 76, 72, 72, 74, 74, 72, 75,
    72, 75, 76, 72, 74, 73, 72, 70, 70, 65, 63, 65, 64, 63, 65, 65, 71,
    75, 80, 83, 84, 83, 81, 76, 73, 71, 70, 69, 68, 67, 69, 73, 73, 76,
    82, 82, 77, 76, 72, 72, 70, 72, 71, 73, 73, 76, 76, 83, 80, 83, 81,
    76, 77, 73, 71, 71, 74, 71, 72, 79, 77, 80, 77, 79, 74, 74, 71, 72,
    71, 68, 73, 73, 77, 78, 80, 79, 81, 77, 79, 75, 77, 76, 78, 78, 76,
    78 ]
