%YAML:1.0
---
videoName: "headNod7.mp4"
gestureLabel: 202
fps: 29
pixelSizeInCmTemp: 3.2808219178082193e-01
faceCenterPointX: 261
faceCenterPointY: 71
headPositionsX: [ 259, 264, 266, 263, 266, 264, 264, 265, 266, 263, 264,
    264, 264, 262, 262, 262, 260, 265, 264, 262, 261, 264, 262, 263, 263,
    265, 260, 264, 263, 260, 262, 264, 262, 264, 264, 261, 262, 260, 261,
    259, 261, 261, 261, 260, 261, 263, 259, 260, 263, 264, 264, 260, 261,
    261, 265, 260, 263, 260, 262, 261, 264, 260, 261, 261, 264, 260, 262,
    260, 262, 261, 261, 260, 259, 259, 260, 259, 262, 263, 264, 260, 262,
    260, 261, 262, 262, 264, 259, 262, 259, 259, 263, 262, 262, 263, 264,
    260, 261, 259, 260, 261 ]
headPositionsY: [ 69, 73, 72, 75, 77, 72, 73, 74, 73, 75, 74, 72, 75, 73,
    71, 72, 75, 74, 77, 73, 73, 74, 73, 73, 75, 74, 76, 74, 78, 77, 78,
    77, 73, 74, 75, 77, 74, 77, 77, 73, 73, 75, 74, 74, 77, 76, 77, 78,
    73, 72, 71, 72, 71, 68, 71, 72, 76, 81, 78, 78, 76, 73, 72, 70, 70,
    73, 72, 79, 81, 80, 76, 77, 74, 72, 69, 68, 69, 69, 70, 74, 77, 79,
    77, 79, 79, 79, 74, 74, 72, 74, 73, 71, 71, 68, 73, 69, 70, 71, 71,
    69 ]
