%YAML:1.0
---
videoName: "headNod18.mp4"
gestureLabel: 202
fps: 29
pixelSizeInCmTemp: 3.3263888888888887e-01
faceCenterPointX: 255
faceCenterPointY: 77
headPositionsX: [ 256, 259, 254, 258, 259, 254, 256, 254, 257, 256, 258,
    255, 257, 257, 253, 257, 255, 256, 257, 254, 254, 256, 252, 257, 255,
    254, 258, 253, 258, 253, 256, 255, 253, 256, 257, 257, 257, 256, 255,
    257, 255, 254, 253, 253, 256, 256, 254, 257, 254, 256, 256, 256, 252,
    256, 254, 256, 253, 254, 252, 254, 256, 253, 254, 255, 253, 253, 252,
    256, 254, 252, 255, 254, 253, 256, 255, 253, 252, 254, 255, 254, 254,
    257, 252, 254, 252, 252, 254, 257, 253, 253, 254, 254, 253, 256, 253,
    255, 258, 256, 253, 256 ]
headPositionsY: [ 79, 80, 77, 76, 77, 78, 77, 78, 77, 79, 75, 76, 77, 80,
    78, 76, 76, 76, 76, 80, 79, 76, 76, 79, 77, 79, 81, 78, 78, 79, 77,
    77, 78, 78, 78, 80, 79, 78, 79, 77, 77, 76, 73, 74, 71, 74, 71, 70,
    74, 74, 76, 78, 77, 84, 82, 82, 79, 74, 74, 72, 75, 76, 75, 80, 80,
    84, 81, 80, 74, 74, 73, 77, 80, 79, 85, 82, 83, 79, 77, 78, 74, 76,
    75, 76, 80, 84, 81, 83, 80, 80, 79, 75, 79, 76, 76, 78, 77, 79, 76,
    79 ]
