%YAML:1.0
---
videoName: "headNod20.mp4"
gestureLabel: 202
fps: 30
pixelSizeInCmTemp: 3.2808219178082193e-01
faceCenterPointX: 253
faceCenterPointY: 80
headPositionsX: [ 253, 256, 254, 254, 257, 257, 256, 255, 258, 257, 257,
    257, 255, 257, 254, 253, 257, 258, 255, 254, 257, 255, 255, 254, 255,
    257, 257, 253, 254, 258, 258, 257, 254, 254, 255, 254, 253, 256, 254,
    252, 253, 254, 252, 255, 255, 255, 254, 250, 251, 253, 251, 250, 254,
    253, 249, 251, 250, 252, 253, 250, 251, 254, 253, 254, 253, 251, 253,
    251, 250, 253, 253, 251, 254, 250, 253, 254, 253, 255, 250, 253, 250,
    252, 255, 251, 251, 252, 252, 251, 255, 255, 255, 251, 252, 252, 252,
    253, 253, 254, 252, 255 ]
headPositionsY: [ 82, 77, 76, 77, 77, 76, 78, 78, 80, 80, 80, 77, 77, 80,
    80, 79, 81, 80, 80, 76, 78, 79, 78, 76, 79, 77, 80, 81, 78, 80, 82,
    84, 87, 89, 84, 84, 81, 78, 74, 71, 73, 72, 72, 76, 77, 82, 86, 88,
    88, 89, 89, 85, 82, 78, 76, 75, 78, 78, 82, 80, 85, 83, 82, 79, 76,
    78, 79, 79, 81, 82, 84, 78, 79, 77, 76, 78, 83, 78, 83, 84, 81, 79,
    81, 80, 80, 80, 82, 81, 80, 83, 79, 79, 78, 78, 79, 81, 79, 79, 81,
    83 ]
