%YAML:1.0
---
videoName: "headNod20.mp4"
gestureLabel: 202
fps: 30
pixelSizeInCmTemp: 3.2808219178082193e-01
faceCenterPointX: 253
faceCenterPointY: 80
headPositionsX: [ 251, 258, 256, 254, 255, 257, 256, 258, 257, 255, 255,
    253, 253, 255, 255, 256, 256, 256, 253, 256, 256, 254, 254, 257, 258,
    257, 254, 256, 254, 258, 258, 257, 253, 258, 254, 253, 256, 254, 252,
    254, 254, 253, 255, 254, 252, 255, 252, 250, 253, 254, 255, 251, 252,
    253, 251, 252, 252, 251, 252, 252, 251, 255, 252, 251, 252, 252, 255,
    251, 250, 254, 253, 252, 252, 254, 254, 255, 255, 251, 252, 252, 252,
    251, 251, 254, 252, 254, 252, 251, 255, 252, 255, 253, 252, 252, 255,
    251, 254, 251, 254, 256 ]
headPositionsY: [ 79, 77, 79, 76, 80, 77, 77, 77, 76, 79, 78, 77, 78, 78,
    77, 79, 81, 80, 78, 80, 78, 76, 78, 80, 77, 77, 77, 77, 81, 81, 82,
    86, 88, 88, 86, 84, 81, 77, 76, 72, 74, 72, 70, 76, 77, 79, 82, 87,
    90, 87, 87, 83, 80, 77, 76, 75, 77, 79, 82, 80, 83, 82, 83, 81, 78,
    78, 80, 80, 80, 84, 84, 78, 80, 76, 80, 78, 80, 78, 83, 81, 80, 80,
    79, 81, 79, 81, 83, 79, 82, 82, 78, 80, 78, 82, 78, 78, 78, 79, 81,
    83 ]
