%YAML:1.0
---
videoName: "headNod49.mp4"
gestureLabel: 202
fps: 29
pixelSizeInCmTemp: 2.9207317073170730e-01
faceCenterPointX: 263
faceCenterPointY: 74
headPositionsX: [ 262, 266, 265, 266, 266, 267, 266, 266, 266, 264, 264,
    265, 266, 264, 262, 266, 265, 265, 264, 263, 263, 266, 263, 264, 267,
    266, 265, 267, 263, 262, 264, 262, 265, 263, 262, 264, 263, 266, 266,
    263, 265, 265, 264, 265, 265, 265, 263, 263, 261, 265, 265, 262, 263,
    263, 262, 264, 264, 265, 265, 264, 264, 266, 265, 262, 265, 263, 262,
    266, 266, 266, 263, 264, 265, 262, 266, 265, 261, 264, 265, 265, 265,
    263, 265, 265, 262, 262, 263, 262, 264, 264, 264, 262, 265, 263, 263,
    264, 264, 263, 264, 264 ]
headPositionsY: [ 72, 71, 71, 74, 72, 71, 70, 73, 72, 73, 73, 73, 72, 71,
    69, 69, 68, 66, 70, 67, 70, 68, 72, 76, 78, 79, 78, 79, 75, 76, 73,
    72, 70, 72, 71, 69, 72, 71, 75, 76, 77, 76, 80, 77, 74, 70, 70, 72,
    70, 69, 72, 71, 75, 76, 77, 77, 79, 76, 77, 72, 76, 71, 72, 75, 74,
    75, 75, 77, 80, 76, 79, 77, 77, 74, 74, 74, 72, 74, 77, 75, 77, 73,
    78, 75, 72, 77, 72, 76, 76, 74, 73, 75, 73, 74, 75, 77, 75, 75, 74,
    74 ]
