%YAML:1.0
---
videoName: "headNod0.mp4"
gestureLabel: 202
fps: 29
pixelSizeInCmTemp: 3.2364864864864862e-01
faceCenterPointX: 264
faceCenterPointY: 76
headPositionsX: [ 266, 265, 266, 270, 266, 269, 268, 269, 268, 270, 265,
    269, 266, 266, 265, 266, 265, 267, 267, 263, 265, 264, 265, 268, 263,
    267, 267, 264, 267, 265, 267, 266, 266, 266, 266, 265, 266, 268, 266,
    264, 268, 266, 266, 265, 265, 265, 265, 266, 266, 266, 263, 263, 263,
    265, 266, 262, 266, 263, 262, 266, 263, 263, 265, 267, 264, 265, 264,
    267, 265, 266, 263, 266, 262, 264, 262, 263, 266, 264, 266, 265, 265,
    262, 266, 264, 263, 262, 262, 264, 264, 263, 266, 263, 266, 264, 265,
    265, 264, 262, 263, 263 ]
headPositionsY: [ 75, 74, 74, 73, 73, 73, 74, 72, 75, 73, 72, 71, 75, 72,
    73, 73, 71, 73, 73, 75, 73, 71, 72, 74, 76, 75, 73, 73, 73, 72, 70,
    68, 64, 66, 62, 63, 65, 65, 64, 68, 66, 69, 74, 75, 80, 83, 81, 84,
    79, 82, 77, 74, 74, 73, 69, 65, 69, 63, 65, 66, 69, 71, 73, 75, 76,
    76, 81, 81, 78, 78, 75, 73, 73, 70, 67, 70, 65, 69, 67, 68, 72, 74,
    74, 73, 77, 76, 77, 80, 77, 76, 80, 76, 77, 77, 78, 74, 73, 74, 76,
    74 ]
