%YAML:1.0
---
videoName: "headNod17.mp4"
gestureLabel: 202
fps: 30
pixelSizeInCmTemp: 3.2808219178082193e-01
faceCenterPointX: 253
faceCenterPointY: 76
headPositionsX: [ 254, 254, 253, 254, 255, 255, 254, 257, 253, 255, 255,
    254, 256, 257, 255, 255, 254, 254, 255, 254, 254, 257, 252, 254, 253,
    256, 254, 257, 257, 257, 254, 254, 255, 254, 256, 256, 253, 257, 254,
    257, 253, 251, 254, 255, 252, 252, 255, 251, 253, 255, 253, 255, 254,
    252, 255, 253, 257, 254, 256, 256, 254, 255, 255, 256, 254, 257, 255,
    256, 257, 254, 253, 255, 255, 252, 253, 256, 255, 252, 252, 255, 255,
    254, 255, 254, 253, 256, 255, 257, 256, 254, 255, 253, 253, 254, 255,
    255, 257, 256, 252, 253 ]
headPositionsY: [ 77, 80, 77, 75, 77, 80, 76, 78, 78, 79, 76, 78, 75, 76,
    77, 78, 76, 76, 76, 78, 76, 76, 76, 71, 74, 70, 70, 67, 66, 68, 67,
    66, 70, 67, 71, 71, 69, 71, 77, 77, 79, 79, 85, 87, 86, 87, 81, 84,
    82, 77, 78, 74, 76, 74, 70, 68, 71, 66, 69, 70, 69, 73, 74, 74, 79,
    81, 81, 82, 82, 77, 79, 75, 76, 77, 79, 80, 77, 79, 77, 77, 74, 75,
    78, 75, 78, 78, 77, 76, 77, 77, 76, 75, 77, 77, 79, 76, 80, 79, 77,
    76 ]
