%YAML:1.0
---
videoName: "headNod16.mp4"
gestureLabel: 202
fps: 29
pixelSizeInCmTemp: 3.3263888888888887e-01
faceCenterPointX: 255
faceCenterPointY: 77
headPositionsX: [ 257, 259, 259, 259, 259, 261, 258, 258, 257, 257, 262,
    259, 261, 257, 260, 260, 257, 258, 258, 256, 259, 256, 260, 256, 257,
    256, 260, 259, 259, 261, 258, 258, 257, 257, 260, 258, 261, 257, 262,
    260, 257, 260, 260, 259, 261, 257, 257, 260, 257, 258, 255, 259, 257,
    257, 258, 260, 255, 260, 259, 255, 259, 258, 256, 254, 255, 254, 253,
    256, 256, 254, 254, 257, 255, 253, 254, 256, 256, 256, 255, 253, 254,
    252, 256, 255, 256, 254, 257, 256, 256, 255, 255, 258, 254, 256, 254,
    256, 254, 254, 254, 254 ]
headPositionsY: [ 78, 75, 76, 73, 73, 72, 77, 72, 76, 74, 74, 77, 76, 73,
    77, 72, 75, 72, 75, 74, 77, 72, 77, 73, 76, 73, 74, 74, 75, 76, 74,
    75, 77, 72, 74, 71, 70, 70, 66, 69, 71, 71, 69, 72, 78, 76, 79, 82,
    81, 80, 74, 76, 71, 70, 68, 69, 72, 74, 78, 80, 83, 84, 83, 81, 80,
    75, 75, 72, 69, 71, 72, 72, 75, 80, 81, 81, 78, 75, 77, 71, 73, 70,
    69, 68, 74, 74, 74, 80, 78, 75, 79, 79, 76, 79, 76, 75, 76, 77, 75,
    78 ]
