%YAML:1.0
---
videoName: "headNod36.mp4"
gestureLabel: 202
fps: 29
pixelSizeInCmTemp: 2.8176470588235292e-01
faceCenterPointX: 269
faceCenterPointY: 75
headPositionsX: [ 271, 269, 272, 268, 270, 270, 270, 271, 269, 269, 270,
    269, 269, 268, 270, 268, 271, 271, 267, 271, 268, 271, 270, 269, 271,
    269, 270, 269, 270, 270, 268, 271, 272, 271, 271, 271, 267, 266, 268,
    266, 268, 269, 269, 272, 272, 268, 269, 270, 269, 270, 272, 268, 271,
    270, 271, 271, 271, 267, 270, 270, 267, 270, 267, 269, 267, 270, 269,
    267, 269, 269, 269, 266, 266, 268, 266, 270, 268, 268, 269, 268, 270,
    267, 269, 270, 271, 267, 269, 268, 268, 269, 270, 269, 271, 266, 267,
    270, 267, 268, 267, 268 ]
headPositionsY: [ 75, 75, 75, 75, 72, 75, 75, 74, 77, 73, 77, 73, 75, 72,
    76, 72, 76, 76, 75, 74, 76, 79, 79, 79, 74, 77, 66, 69, 68, 62, 66,
    64, 70, 72, 81, 83, 89, 87, 89, 89, 84, 80, 78, 71, 74, 70, 68, 67,
    68, 69, 70, 73, 76, 80, 84, 85, 85, 88, 83, 81, 81, 75, 72, 71, 74,
    73, 78, 79, 79, 82, 86, 80, 82, 80, 78, 75, 73, 75, 78, 80, 83, 82,
    83, 83, 83, 85, 79, 78, 78, 79, 74, 74, 78, 77, 75, 77, 73, 77, 77,
    76 ]
