%YAML:1.0
---
videoName: "headNod0.mp4"
gestureLabel: 202
fps: 29
pixelSizeInCmTemp: 3.2364864864864862e-01
faceCenterPointX: 264
faceCenterPointY: 76
headPositionsX: [ 264, 268, 267, 267, 266, 268, 267, 268, 266, 267, 265,
    268, 268, 268, 268, 265, 263, 265, 266, 266, 266, 267, 263, 268, 266,
    264, 266, 265, 267, 266, 266, 264, 268, 264, 268, 268, 267, 265, 268,
    266, 264, 267, 265, 264, 264, 264, 267, 263, 264, 262, 264, 263, 265,
    265, 264, 264, 262, 267, 265, 267, 265, 263, 264, 268, 268, 265, 267,
    267, 265, 265, 266, 264, 263, 265, 262, 266, 266, 262, 264, 265, 263,
    266, 265, 264, 262, 263, 265, 266, 267, 265, 264, 262, 263, 263, 266,
    262, 266, 262, 267, 262 ]
headPositionsY: [ 77, 71, 72, 74, 73, 71, 72, 71, 73, 75, 71, 75, 75, 74,
    73, 75, 75, 71, 73, 72, 73, 72, 72, 75, 75, 72, 74, 73, 74, 69, 68,
    66, 64, 64, 65, 62, 64, 62, 66, 68, 67, 69, 72, 76, 76, 79, 81, 83,
    83, 82, 80, 73, 74, 71, 68, 65, 70, 65, 66, 67, 69, 69, 75, 74, 77,
    80, 78, 79, 77, 77, 76, 77, 73, 72, 70, 68, 65, 67, 67, 72, 68, 74,
    74, 76, 77, 77, 79, 79, 78, 79, 76, 77, 78, 77, 75, 77, 76, 77, 78,
    76 ]
