%YAML:1.0
---
videoName: "headNod0.mp4"
gestureLabel: 202
fps: 29
pixelSizeInCmTemp: 3.2364864864864862e-01
faceCenterPointX: 264
faceCenterPointY: 76
headPositionsX: [ 266, 268, 266, 269, 266, 268, 265, 269, 265, 267, 267,
    266, 269, 264, 268, 266, 267, 266, 266, 264, 263, 267, 267, 268, 267,
    264, 263, 263, 265, 266, 264, 266, 268, 268, 265, 266, 268, 268, 266,
    265, 268, 264, 267, 266, 265, 267, 264, 263, 266, 262, 264, 265, 262,
    268, 263, 263, 262, 266, 262, 266, 263, 263, 264, 267, 264, 263, 267,
    263, 267, 265, 266, 266, 262, 264, 265, 264, 262, 265, 264, 263, 265,
    262, 264, 265, 262, 262, 264, 264, 264, 265, 265, 263, 267, 264, 262,
    263, 265, 264, 264, 263 ]
headPositionsY: [ 74, 75, 70, 75, 72, 71, 71, 74, 74, 72, 72, 75, 75, 71,
    75, 73, 75, 72, 75, 71, 74, 73, 72, 72, 72, 74, 71, 75, 75, 69, 68,
    69, 67, 65, 63, 64, 62, 61, 63, 68, 67, 71, 72, 76, 78, 82, 82, 84,
    82, 78, 76, 74, 72, 69, 70, 67, 68, 63, 68, 70, 70, 70, 72, 76, 78,
    80, 79, 78, 80, 79, 76, 75, 71, 71, 66, 69, 68, 67, 66, 69, 68, 70,
    75, 76, 74, 79, 80, 80, 78, 78, 78, 75, 78, 75, 78, 75, 74, 77, 76,
    77 ]
