%YAML:1.0
---
videoName: "headNod21.mp4"
gestureLabel: 202
fps: 29
pixelSizeInCmTemp: 3.2808219178082193e-01
faceCenterPointX: 253
faceCenterPointY: 78
headPositionsX: [ 253, 258, 255, 254, 253, 255, 256, 254, 253, 255, 255,
    253, 254, 254, 256, 253, 256, 256, 255, 252, 255, 255, 254, 253, 257,
    255, 257, 254, 258, 255, 254, 255, 258, 257, 258, 255, 256, 254, 256,
    254, 255, 254, 255, 254, 256, 253, 253, 253, 254, 256, 256, 256, 256,
    253, 253, 252, 254, 254, 256, 251, 252, 251, 255, 255, 253, 251, 250,
    252, 251, 251, 253, 250, 253, 249, 251, 252, 247, 252, 249, 249, 251,
    250, 248, 253, 250, 250, 252, 250, 252, 251, 251, 250, 255, 255, 252,
    253, 252, 255, 254, 257 ]
headPositionsY: [ 76, 77, 79, 77, 76, 80, 78, 76, 81, 77, 80, 80, 77, 79,
    80, 77, 81, 78, 80, 79, 77, 79, 76, 79, 80, 79, 82, 78, 82, 82, 82,
    84, 80, 79, 78, 77, 74, 73, 74, 77, 77, 81, 85, 82, 81, 82, 76, 77,
    79, 77, 78, 83, 85, 84, 84, 79, 81, 76, 77, 76, 80, 82, 84, 85, 82,
    81, 81, 76, 77, 77, 76, 77, 80, 80, 83, 85, 80, 81, 81, 79, 75, 76,
    76, 77, 77, 78, 78, 78, 78, 80, 80, 78, 79, 79, 78, 79, 79, 77, 81,
    81 ]
