%YAML:1.0
---
videoName: "headNod38.mp4"
gestureLabel: 202
fps: 29
pixelSizeInCmTemp: 2.9937500000000000e-01
faceCenterPointX: 267
faceCenterPointY: 73
headPositionsX: [ 269, 269, 266, 267, 266, 265, 268, 267, 265, 265, 265,
    267, 267, 268, 266, 268, 265, 268, 266, 266, 265, 265, 266, 265, 267,
    265, 264, 264, 266, 262, 267, 265, 267, 266, 266, 263, 264, 264, 268,
    264, 265, 266, 264, 268, 266, 269, 264, 265, 268, 269, 269, 269, 266,
    266, 270, 268, 268, 266, 267, 266, 267, 266, 266, 268, 268, 267, 270,
    271, 268, 267, 270, 270, 266, 267, 265, 266, 268, 268, 267, 265, 266,
    268, 267, 265, 265, 266, 266, 269, 269, 266, 269, 265, 269, 267, 268,
    269, 265, 265, 268, 268 ]
headPositionsY: [ 74, 73, 75, 75, 76, 83, 84, 85, 84, 85, 78, 79, 75, 73,
    76, 80, 83, 86, 87, 85, 80, 79, 73, 76, 76, 79, 82, 87, 88, 89, 90,
    87, 81, 80, 75, 75, 76, 76, 75, 77, 81, 85, 86, 87, 88, 83, 80, 76,
    75, 70, 70, 72, 75, 75, 78, 81, 83, 85, 85, 83, 82, 76, 79, 76, 76,
    75, 72, 73, 74, 78, 79, 80, 82, 86, 83, 84, 86, 83, 81, 78, 76, 72,
    71, 70, 70, 74, 74, 71, 72, 74, 74, 74, 72, 71, 75, 74, 71, 73, 71,
    74 ]
