%YAML:1.0
---
videoName: "headNod22.mp4"
gestureLabel: 202
fps: 29
pixelSizeInCmTemp: 3.1513157894736843e-01
faceCenterPointX: 252
faceCenterPointY: 80
headPositionsX: [ 253, 252, 254, 253, 255, 252, 252, 253, 254, 254, 252,
    251, 252, 252, 254, 250, 253, 253, 252, 253, 255, 253, 255, 255, 252,
    253, 252, 254, 256, 253, 251, 252, 255, 255, 255, 253, 251, 255, 254,
    254, 254, 255, 252, 256, 253, 252, 255, 255, 252, 251, 251, 251, 251,
    253, 251, 252, 252, 251, 252, 253, 252, 254, 255, 253, 251, 250, 254,
    251, 253, 253, 255, 253, 254, 255, 253, 251, 253, 254, 252, 254, 252,
    254, 251, 254, 249, 252, 252, 252, 254, 250, 253, 252, 252, 249, 253,
    249, 250, 253, 251, 253 ]
headPositionsY: [ 82, 77, 78, 76, 76, 76, 79, 78, 80, 80, 79, 79, 79, 79,
    78, 78, 80, 78, 77, 80, 77, 82, 78, 78, 80, 81, 84, 84, 80, 77, 76,
    73, 71, 69, 73, 73, 73, 78, 82, 83, 86, 85, 82, 77, 74, 71, 71, 69,
    73, 74, 75, 80, 81, 86, 85, 84, 81, 79, 75, 75, 75, 71, 72, 74, 78,
    78, 80, 78, 81, 76, 74, 74, 76, 74, 79, 76, 81, 82, 81, 79, 76, 78,
    77, 79, 77, 80, 80, 82, 80, 80, 76, 78, 77, 76, 82, 78, 82, 83, 81,
    78 ]
