%YAML:1.0
---
videoName: "headNod31.mp4"
gestureLabel: 202
fps: 29
pixelSizeInCmTemp: 2.8855421686746985e-01
faceCenterPointX: 267
faceCenterPointY: 75
headPositionsX: [ 268, 269, 268, 271, 268, 268, 271, 269, 269, 272, 270,
    272, 268, 272, 268, 269, 267, 268, 270, 266, 267, 264, 266, 267, 264,
    264, 267, 268, 270, 268, 266, 268, 268, 270, 270, 268, 271, 268, 269,
    267, 268, 267, 266, 269, 265, 268, 266, 266, 269, 266, 267, 268, 268,
    264, 268, 265, 265, 266, 268, 268, 265, 265, 266, 265, 265, 266, 266,
    265, 267, 267, 268, 268, 264, 267, 265, 268, 264, 264, 267, 267, 268,
    266, 265, 265, 265, 264, 267, 267, 269, 265, 269, 267, 268, 269, 268,
    266, 269, 269, 268, 265 ]
headPositionsY: [ 76, 74, 72, 74, 73, 73, 76, 69, 67, 65, 64, 68, 64, 65,
    78, 80, 80, 87, 87, 83, 87, 85, 80, 76, 76, 74, 73, 71, 69, 68, 68,
    71, 72, 74, 80, 84, 84, 88, 86, 87, 83, 81, 79, 77, 73, 73, 74, 74,
    76, 79, 79, 85, 85, 86, 81, 80, 79, 76, 71, 72, 72, 69, 69, 69, 72,
    72, 76, 79, 81, 80, 80, 81, 76, 74, 75, 71, 72, 73, 69, 71, 73, 77,
    77, 76, 76, 77, 79, 74, 76, 75, 76, 75, 76, 76, 77, 78, 76, 75, 74,
    74 ]
