%YAML:1.0
---
videoName: "headNod34.mp4"
gestureLabel: 202
fps: 29
pixelSizeInCmTemp: 2.9567901234567900e-01
faceCenterPointX: 266
faceCenterPointY: 78
headPositionsX: [ 266, 268, 270, 268, 268, 271, 268, 271, 268, 266, 267,
    270, 267, 269, 267, 270, 267, 271, 269, 269, 270, 267, 268, 271, 271,
    268, 272, 269, 271, 267, 270, 271, 271, 272, 269, 270, 269, 269, 268,
    270, 271, 271, 269, 270, 272, 269, 269, 267, 269, 268, 269, 268, 271,
    268, 270, 267, 272, 270, 270, 272, 271, 271, 268, 272, 269, 270, 272,
    271, 268, 268, 271, 270, 266, 268, 265, 269, 267, 266, 264, 265, 268,
    266, 263, 266, 266, 264, 265, 266, 264, 266, 265, 267, 263, 266, 264,
    266, 265, 266, 266, 269 ]
headPositionsY: [ 77, 77, 74, 74, 75, 77, 77, 77, 77, 75, 79, 74, 76, 78,
    75, 77, 76, 75, 79, 75, 77, 76, 76, 77, 79, 79, 78, 76, 77, 78, 76,
    74, 76, 75, 78, 75, 76, 75, 70, 72, 73, 73, 76, 76, 79, 82, 91, 86,
    84, 84, 82, 77, 73, 74, 74, 75, 75, 75, 82, 83, 83, 85, 79, 79, 81,
    77, 74, 77, 80, 79, 84, 83, 85, 85, 83, 78, 77, 78, 76, 80, 80, 79,
    80, 83, 83, 79, 80, 78, 77, 79, 76, 77, 79, 80, 80, 80, 80, 80, 79,
    81 ]
