%YAML:1.0
---
videoName: "headNod8.mp4"
gestureLabel: 202
fps: 29
pixelSizeInCmTemp: 3.1933333333333330e-01
faceCenterPointX: 262
faceCenterPointY: 74
headPositionsX: [ 262, 262, 260, 261, 260, 263, 259, 262, 261, 262, 259,
    261, 260, 262, 261, 260, 259, 261, 260, 260, 259, 261, 263, 262, 259,
    262, 262, 261, 260, 261, 260, 262, 261, 261, 261, 261, 261, 264, 261,
    263, 260, 263, 262, 260, 264, 262, 263, 262, 260, 264, 261, 263, 262,
    263, 263, 263, 263, 260, 261, 260, 263, 262, 260, 263, 260, 262, 259,
    263, 263, 260, 261, 260, 263, 259, 263, 260, 261, 260, 260, 260, 260,
    264, 264, 264, 259, 263, 262, 262, 265, 263, 260, 265, 264, 264, 264,
    264, 262, 261, 261, 265 ]
headPositionsY: [ 73, 79, 75, 74, 77, 77, 77, 77, 75, 77, 74, 75, 77, 77,
    75, 74, 75, 74, 75, 78, 78, 74, 76, 78, 74, 73, 77, 74, 78, 75, 74,
    78, 75, 75, 74, 79, 75, 74, 74, 75, 74, 71, 68, 66, 69, 68, 69, 68,
    70, 74, 77, 78, 85, 84, 84, 79, 76, 75, 71, 69, 71, 71, 71, 73, 79,
    81, 85, 86, 83, 80, 77, 76, 70, 69, 69, 71, 72, 78, 79, 82, 81, 84,
    83, 78, 77, 74, 71, 70, 72, 73, 73, 77, 77, 78, 80, 81, 78, 76, 75,
    75 ]
