%YAML:1.0
---
videoName: "headNod22.mp4"
gestureLabel: 202
fps: 29
pixelSizeInCmTemp: 3.1513157894736843e-01
faceCenterPointX: 252
faceCenterPointY: 80
headPositionsX: [ 252, 254, 252, 252, 255, 251, 250, 252, 253, 251, 251,
    251, 254, 254, 255, 253, 252, 254, 253, 251, 253, 251, 251, 252, 253,
    252, 254, 253, 253, 256, 250, 254, 254, 256, 256, 253, 255, 257, 255,
    251, 254, 253, 255, 254, 250, 255, 253, 251, 254, 253, 250, 255, 252,
    250, 251, 254, 253, 249, 253, 253, 250, 252, 252, 252, 252, 251, 253,
    251, 253, 254, 255, 253, 252, 253, 252, 250, 253, 251, 253, 252, 252,
    253, 250, 252, 253, 252, 250, 252, 254, 254, 251, 255, 253, 252, 253,
    251, 251, 252, 250, 249 ]
headPositionsY: [ 81, 78, 78, 77, 79, 77, 77, 77, 80, 76, 78, 80, 77, 77,
    76, 76, 77, 80, 80, 80, 78, 81, 82, 79, 83, 81, 82, 85, 82, 77, 77,
    74, 70, 72, 73, 71, 76, 77, 79, 80, 85, 81, 81, 79, 72, 70, 73, 72,
    72, 74, 75, 82, 83, 84, 87, 83, 79, 79, 76, 74, 71, 73, 71, 75, 78,
    77, 82, 80, 80, 79, 75, 74, 74, 73, 78, 77, 82, 80, 78, 81, 80, 75,
    74, 77, 77, 81, 79, 83, 79, 79, 78, 77, 79, 80, 79, 79, 80, 82, 82,
    81 ]
