%YAML:1.0
---
videoName: "headNod31.mp4"
gestureLabel: 202
fps: 29
pixelSizeInCmTemp: 2.8855421686746985e-01
faceCenterPointX: 267
faceCenterPointY: 75
headPositionsX: [ 268, 270, 269, 268, 271, 270, 271, 271, 268, 272, 272,
    269, 270, 272, 268, 268, 267, 266, 268, 267, 266, 265, 265, 265, 266,
    265, 267, 264, 270, 269, 268, 269, 272, 270, 269, 269, 267, 268, 269,
    270, 268, 269, 268, 268, 266, 265, 268, 265, 270, 269, 266, 266, 266,
    266, 268, 267, 265, 268, 267, 265, 264, 266, 265, 267, 269, 269, 268,
    269, 266, 266, 267, 267, 268, 265, 264, 269, 267, 266, 264, 268, 267,
    266, 264, 264, 265, 264, 267, 266, 269, 268, 266, 268, 267, 269, 266,
    269, 265, 266, 265, 268 ]
headPositionsY: [ 74, 75, 75, 72, 76, 73, 73, 67, 68, 67, 67, 66, 67, 67,
    78, 78, 80, 87, 85, 84, 87, 85, 81, 79, 72, 74, 72, 73, 66, 68, 71,
    67, 75, 73, 80, 81, 82, 88, 85, 85, 85, 82, 81, 78, 76, 75, 72, 72,
    77, 78, 80, 83, 86, 86, 83, 79, 76, 77, 73, 70, 69, 70, 68, 69, 74,
    71, 73, 77, 80, 82, 80, 80, 80, 75, 74, 72, 70, 71, 71, 71, 72, 74,
    76, 77, 79, 77, 76, 77, 77, 74, 73, 74, 74, 73, 75, 77, 78, 74, 77,
    73 ]
