%YAML:1.0
---
videoName: "headNod44.mp4"
gestureLabel: 202
fps: 29
pixelSizeInCmTemp: 2.9567901234567900e-01
faceCenterPointX: 268
faceCenterPointY: 78
headPositionsX: [ 269, 270, 269, 269, 268, 270, 267, 267, 269, 271, 269,
    271, 268, 270, 270, 270, 269, 269, 270, 268, 269, 269, 267, 269, 267,
    269, 270, 268, 267, 269, 269, 269, 267, 265, 266, 268, 265, 268, 265,
    268, 265, 267, 265, 266, 265, 268, 268, 269, 268, 269, 266, 269, 268,
    268, 269, 267, 266, 269, 270, 267, 266, 271, 267, 269, 269, 269, 269,
    265, 270, 269, 271, 270, 268, 269, 271, 268, 271, 269, 271, 270, 270,
    270, 270, 270, 269, 266, 267, 269, 268, 268, 267, 269, 267, 267, 265,
    267, 265, 268, 266, 270 ]
headPositionsY: [ 78, 75, 77, 74, 75, 73, 74, 75, 74, 75, 76, 74, 73, 74,
    77, 74, 76, 75, 81, 84, 84, 89, 90, 93, 95, 91, 89, 83, 79, 77, 74,
    69, 68, 71, 74, 74, 77, 85, 88, 87, 86, 85, 82, 76, 72, 74, 72, 75,
    75, 79, 86, 87, 89, 86, 85, 80, 77, 77, 76, 72, 73, 79, 81, 83, 85,
    87, 83, 79, 80, 78, 78, 76, 77, 80, 79, 81, 85, 89, 86, 84, 84, 84,
    80, 81, 76, 78, 78, 78, 79, 77, 78, 80, 76, 77, 75, 76, 76, 78, 76,
    79 ]
