%YAML:1.0
---
videoName: "headNod2.mp4"
gestureLabel: 202
fps: 29
pixelSizeInCmTemp: 3.2364864864864862e-01
faceCenterPointX: 263
faceCenterPointY: 70
headPositionsX: [ 263, 261, 261, 262, 262, 262, 262, 265, 264, 261, 261,
    262, 263, 265, 263, 264, 265, 266, 264, 264, 263, 265, 263, 264, 263,
    261, 263, 263, 265, 261, 262, 260, 264, 262, 264, 261, 263, 264, 262,
    263, 261, 264, 262, 261, 261, 260, 264, 263, 262, 263, 261, 262, 261,
    260, 264, 262, 261, 260, 260, 259, 262, 262, 264, 261, 264, 264, 262,
    264, 261, 260, 262, 264, 262, 265, 264, 264, 261, 263, 263, 262, 262,
    264, 264, 263, 261, 262, 263, 262, 265, 261, 266, 263, 264, 261, 262,
    264, 264, 262, 266, 263 ]
headPositionsY: [ 68, 77, 76, 75, 74, 73, 73, 77, 77, 75, 74, 78, 73, 74,
    77, 75, 73, 75, 75, 75, 76, 73, 77, 75, 73, 73, 73, 76, 75, 75, 72,
    72, 73, 76, 72, 73, 76, 74, 72, 75, 73, 74, 72, 74, 75, 72, 75, 75,
    71, 73, 70, 68, 70, 74, 73, 79, 78, 77, 75, 72, 69, 72, 74, 76, 77,
    76, 74, 70, 69, 68, 68, 73, 73, 75, 73, 73, 74, 73, 72, 69, 75, 75,
    74, 78, 75, 76, 71, 71, 67, 70, 73, 71, 72, 69, 73, 70, 71, 69, 72,
    70 ]
