%YAML:1.0
---
videoName: "headNod14.mp4"
gestureLabel: 202
fps: 29
pixelSizeInCmTemp: 3.2808219178082193e-01
faceCenterPointX: 257
faceCenterPointY: 71
headPositionsX: [ 255, 256, 258, 260, 259, 256, 256, 258, 259, 258, 260,
    256, 261, 260, 257, 258, 258, 261, 257, 256, 259, 257, 259, 260, 259,
    261, 260, 260, 257, 257, 259, 260, 259, 260, 259, 260, 258, 260, 259,
    259, 257, 258, 259, 257, 260, 257, 261, 258, 261, 261, 257, 258, 257,
    260, 260, 257, 259, 259, 259, 258, 257, 257, 258, 257, 261, 258, 261,
    259, 261, 256, 260, 261, 259, 259, 255, 256, 255, 258, 258, 260, 259,
    260, 258, 258, 257, 259, 257, 256, 257, 257, 258, 259, 257, 254, 258,
    257, 256, 255, 258, 259 ]
headPositionsY: [ 72, 79, 74, 75, 78, 78, 79, 78, 76, 75, 78, 79, 76, 76,
    79, 78, 74, 77, 76, 77, 79, 79, 75, 80, 79, 78, 77, 76, 77, 78, 80,
    76, 79, 79, 76, 80, 79, 80, 79, 75, 75, 73, 72, 70, 70, 69, 70, 71,
    73, 71, 76, 75, 82, 79, 80, 81, 82, 79, 75, 77, 71, 69, 70, 69, 70,
    71, 74, 77, 77, 80, 82, 82, 80, 78, 75, 72, 69, 68, 66, 72, 71, 73,
    77, 80, 79, 82, 81, 78, 75, 76, 73, 71, 71, 70, 71, 70, 71, 73, 69,
    72 ]
