%YAML:1.0
---
videoName: "headNod45.mp4"
gestureLabel: 202
fps: 30
pixelSizeInCmTemp: 3.0316455696202532e-01
faceCenterPointX: 265
faceCenterPointY: 77
headPositionsX: [ 267, 268, 266, 270, 269, 269, 266, 269, 268, 268, 268,
    270, 265, 268, 269, 265, 267, 266, 267, 265, 267, 265, 269, 266, 268,
    265, 269, 264, 264, 268, 265, 265, 264, 266, 266, 267, 263, 266, 268,
    266, 265, 267, 267, 267, 264, 267, 263, 264, 267, 264, 264, 265, 268,
    266, 267, 266, 269, 266, 269, 266, 269, 269, 265, 263, 267, 265, 266,
    265, 267, 267, 266, 265, 267, 265, 268, 266, 268, 268, 268, 263, 264,
    264, 267, 265, 265, 266, 267, 264, 264, 266, 266, 266, 265, 264, 264,
    264, 263, 265, 265, 267 ]
headPositionsY: [ 77, 74, 74, 74, 73, 75, 77, 73, 77, 73, 77, 76, 75, 74,
    76, 77, 75, 78, 81, 79, 87, 89, 92, 94, 92, 92, 90, 87, 81, 79, 72,
    72, 70, 67, 66, 66, 69, 69, 71, 77, 82, 87, 92, 91, 94, 88, 85, 85,
    81, 77, 75, 71, 71, 70, 73, 76, 76, 83, 82, 87, 87, 86, 82, 77, 77,
    72, 71, 74, 75, 74, 79, 79, 83, 88, 90, 86, 86, 83, 81, 77, 77, 78,
    75, 75, 75, 80, 80, 82, 82, 79, 78, 78, 81, 80, 79, 76, 76, 76, 77,
    76 ]
