%YAML:1.0
---
videoName: "headNod29.mp4"
gestureLabel: 202
fps: 29
pixelSizeInCmTemp: 3.1933333333333330e-01
faceCenterPointX: 271
faceCenterPointY: 70
headPositionsX: [ 270, 271, 274, 274, 276, 273, 272, 273, 274, 275, 271,
    274, 274, 272, 274, 274, 271, 269, 274, 270, 270, 275, 274, 272, 271,
    274, 273, 273, 272, 273, 269, 272, 272, 273, 271, 269, 272, 271, 272,
    269, 270, 272, 271, 269, 272, 270, 269, 269, 271, 270, 269, 273, 272,
    273, 269, 272, 272, 270, 271, 271, 270, 269, 271, 269, 272, 269, 270,
    271, 267, 270, 267, 272, 270, 271, 273, 272, 270, 273, 273, 273, 272,
    269, 272, 273, 272, 270, 273, 271, 269, 271, 272, 270, 270, 273, 272,
    273, 272, 272, 270, 273 ]
headPositionsY: [ 69, 71, 73, 71, 74, 76, 75, 80, 80, 82, 80, 79, 78, 77,
    74, 70, 69, 68, 67, 68, 69, 68, 69, 72, 72, 73, 77, 79, 79, 80, 77,
    75, 74, 71, 74, 70, 72, 71, 70, 74, 76, 79, 77, 77, 78, 77, 77, 77,
    74, 75, 73, 76, 74, 79, 82, 83, 83, 80, 76, 74, 75, 72, 74, 76, 77,
    75, 80, 76, 74, 75, 71, 73, 69, 72, 68, 72, 71, 76, 74, 77, 78, 75,
    75, 71, 70, 72, 73, 72, 70, 70, 69, 67, 71, 72, 70, 68, 72, 71, 71,
    73 ]
