%YAML:1.0
---
videoName: "headNod13.mp4"
gestureLabel: 202
fps: 29
pixelSizeInCmTemp: 3.2364864864864862e-01
faceCenterPointX: 253
faceCenterPointY: 79
headPositionsX: [ 255, 249, 252, 252, 251, 252, 251, 251, 254, 254, 252,
    253, 254, 255, 254, 254, 257, 257, 257, 254, 256, 255, 255, 255, 254,
    254, 255, 254, 255, 253, 256, 255, 253, 253, 252, 252, 255, 253, 254,
    255, 251, 254, 253, 253, 251, 254, 252, 254, 252, 254, 252, 256, 253,
    252, 256, 255, 254, 251, 253, 254, 256, 254, 254, 255, 253, 251, 252,
    256, 255, 251, 255, 254, 256, 253, 257, 253, 252, 256, 254, 253, 256,
    254, 256, 252, 253, 256, 254, 254, 253, 253, 255, 254, 255, 256, 254,
    254, 253, 254, 250, 250 ]
headPositionsY: [ 81, 71, 73, 76, 72, 75, 72, 75, 72, 72, 75, 73, 74, 73,
    74, 73, 75, 76, 76, 72, 75, 74, 72, 73, 73, 76, 75, 72, 75, 73, 73,
    72, 72, 73, 76, 74, 72, 73, 76, 74, 74, 72, 74, 74, 74, 74, 74, 73,
    71, 74, 72, 67, 66, 66, 67, 70, 73, 75, 78, 75, 79, 81, 75, 75, 74,
    69, 71, 68, 70, 68, 73, 71, 76, 78, 80, 77, 81, 80, 79, 75, 72, 74,
    75, 71, 72, 78, 76, 78, 77, 78, 82, 81, 82, 79, 79, 78, 81, 79, 79,
    80 ]
