%YAML:1.0
---
videoName: "headNod21.mp4"
gestureLabel: 202
fps: 29
pixelSizeInCmTemp: 3.2808219178082193e-01
faceCenterPointX: 253
faceCenterPointY: 78
headPositionsX: [ 251, 255, 255, 257, 257, 255, 254, 255, 254, 255, 257,
    254, 257, 257, 253, 255, 257, 255, 256, 253, 257, 255, 257, 255, 257,
    257, 253, 254, 258, 254, 257, 254, 258, 257, 256, 255, 254, 257, 256,
    258, 256, 254, 256, 256, 254, 255, 256, 256, 254, 256, 253, 252, 253,
    252, 254, 254, 253, 253, 253, 251, 252, 252, 251, 252, 254, 251, 250,
    252, 252, 252, 253, 250, 253, 252, 248, 249, 250, 249, 248, 251, 251,
    252, 249, 250, 249, 250, 252, 251, 251, 251, 255, 254, 255, 254, 255,
    253, 254, 253, 256, 254 ]
headPositionsY: [ 76, 79, 78, 79, 79, 77, 80, 80, 80, 79, 77, 80, 80, 77,
    80, 78, 80, 77, 78, 77, 80, 79, 76, 78, 79, 79, 82, 80, 82, 80, 81,
    82, 84, 81, 76, 78, 76, 73, 73, 78, 79, 80, 86, 84, 83, 80, 75, 75,
    79, 78, 79, 83, 86, 82, 86, 80, 82, 78, 77, 76, 78, 82, 84, 81, 84,
    79, 77, 77, 79, 76, 75, 77, 79, 81, 80, 85, 82, 80, 79, 79, 76, 80,
    79, 78, 77, 81, 80, 80, 81, 80, 77, 79, 80, 77, 76, 82, 79, 80, 80,
    79 ]
