%YAML:1.0
---
videoName: "headNod49.mp4"
gestureLabel: 202
fps: 29
pixelSizeInCmTemp: 2.9207317073170730e-01
faceCenterPointX: 263
faceCenterPointY: 74
headPositionsX: [ 263, 267, 265, 264, 266, 263, 262, 264, 266, 263, 264,
    264, 264, 264, 263, 266, 266, 262, 265, 266, 264, 262, 262, 265, 265,
    264, 266, 264, 262, 262, 266, 262, 261, 266, 261, 263, 265, 266, 262,
    266, 263, 266, 265, 262, 265, 262, 264, 263, 262, 264, 264, 264, 261,
    263, 264, 262, 265, 263, 266, 265, 263, 263, 264, 266, 262, 266, 262,
    265, 265, 264, 262, 266, 263, 264, 262, 264, 263, 263, 263, 263, 264,
    262, 265, 263, 260, 260, 262, 262, 261, 261, 261, 262, 264, 265, 264,
    265, 261, 261, 261, 263 ]
headPositionsY: [ 75, 72, 72, 70, 73, 72, 71, 72, 74, 72, 70, 70, 70, 67,
    66, 69, 70, 66, 68, 68, 68, 70, 70, 73, 78, 77, 79, 78, 77, 72, 71,
    72, 68, 69, 70, 71, 73, 71, 76, 77, 80, 79, 80, 77, 77, 71, 73, 68,
    73, 69, 73, 74, 73, 79, 77, 77, 78, 78, 78, 76, 74, 71, 72, 73, 72,
    73, 77, 76, 81, 79, 78, 78, 74, 76, 74, 74, 73, 76, 77, 73, 73, 77,
    76, 75, 74, 76, 73, 75, 74, 74, 75, 73, 76, 77, 71, 77, 74, 75, 73,
    76 ]
