%YAML:1.0
---
videoName: "headNod12.mp4"
gestureLabel: 202
fps: 29
pixelSizeInCmTemp: 3.2808219178082193e-01
faceCenterPointX: 254
faceCenterPointY: 69
headPositionsX: [ 254, 254, 251, 256, 255, 255, 256, 252, 257, 256, 254,
    258, 254, 257, 256, 258, 257, 256, 254, 257, 255, 254, 258, 255, 258,
    258, 258, 254, 254, 255, 258, 256, 254, 252, 255, 252, 255, 256, 252,
    256, 256, 255, 257, 253, 256, 257, 254, 253, 252, 257, 256, 255, 253,
    254, 256, 253, 254, 254, 256, 255, 256, 254, 254, 254, 253, 254, 256,
    253, 256, 251, 256, 254, 253, 254, 256, 255, 253, 254, 252, 255, 254,
    257, 257, 256, 253, 255, 252, 255, 255, 255, 255, 255, 256, 256, 253,
    254, 254, 252, 253, 252 ]
headPositionsY: [ 68, 73, 71, 73, 71, 74, 73, 71, 72, 72, 75, 77, 74, 72,
    74, 75, 74, 74, 73, 72, 74, 75, 76, 71, 74, 75, 73, 76, 73, 73, 75,
    73, 72, 72, 75, 72, 68, 68, 64, 66, 65, 62, 61, 60, 63, 68, 70, 72,
    71, 77, 78, 80, 80, 78, 76, 72, 72, 65, 65, 67, 62, 62, 64, 64, 64,
    66, 71, 73, 73, 73, 78, 73, 76, 74, 71, 72, 68, 67, 66, 67, 67, 65,
    68, 68, 66, 71, 68, 70, 73, 74, 74, 75, 74, 74, 74, 71, 69, 68, 71,
    69 ]
