%YAML:1.0
---
videoName: "headNod5.mp4"
gestureLabel: 202
fps: 29
pixelSizeInCmTemp: 3.1513157894736843e-01
faceCenterPointX: 263
faceCenterPointY: 75
headPositionsX: [ 265, 265, 264, 265, 261, 264, 261, 262, 261, 260, 263,
    263, 264, 263, 261, 263, 265, 262, 263, 263, 264, 264, 267, 266, 266,
    267, 264, 263, 264, 266, 266, 265, 264, 265, 268, 265, 268, 267, 268,
    265, 266, 266, 265, 264, 264, 267, 264, 264, 265, 264, 266, 268, 264,
    265, 263, 263, 266, 262, 262, 264, 262, 263, 265, 263, 264, 263, 263,
    266, 264, 266, 263, 264, 263, 266, 262, 266, 262, 262, 264, 264, 264,
    265, 261, 261, 263, 264, 265, 263, 265, 263, 264, 263, 263, 260, 264,
    262, 260, 264, 259, 264 ]
headPositionsY: [ 76, 73, 72, 75, 74, 71, 75, 74, 75, 74, 77, 72, 72, 73,
    72, 77, 77, 74, 74, 73, 77, 78, 78, 74, 75, 77, 77, 74, 75, 78, 74,
    79, 78, 75, 77, 79, 79, 79, 77, 78, 75, 78, 79, 77, 76, 79, 80, 80,
    77, 78, 80, 82, 82, 83, 84, 82, 82, 78, 73, 76, 75, 80, 82, 86, 89,
    88, 83, 81, 80, 77, 76, 73, 78, 78, 84, 86, 85, 86, 82, 80, 74, 73,
    76, 73, 73, 80, 77, 81, 81, 82, 81, 78, 73, 72, 73, 72, 72, 77, 73,
    74 ]
