%YAML:1.0
---
videoName: "headNod39.mp4"
gestureLabel: 202
fps: 29
pixelSizeInCmTemp: 2.9937500000000000e-01
faceCenterPointX: 268
faceCenterPointY: 78
headPositionsX: [ 268, 266, 269, 269, 267, 268, 270, 265, 270, 269, 266,
    270, 267, 271, 270, 271, 269, 268, 269, 268, 268, 267, 270, 270, 267,
    270, 269, 267, 269, 271, 268, 270, 266, 267, 270, 268, 270, 270, 271,
    271, 267, 270, 267, 268, 266, 268, 266, 269, 266, 269, 268, 267, 268,
    266, 265, 268, 268, 268, 264, 268, 267, 268, 264, 265, 268, 266, 266,
    268, 264, 264, 265, 266, 266, 269, 266, 267, 265, 266, 268, 265, 267,
    266, 268, 267, 269, 266, 270, 268, 267, 268, 265, 266, 269, 266, 268,
    266, 267, 269, 270, 268 ]
headPositionsY: [ 79, 77, 74, 76, 78, 76, 75, 78, 77, 76, 75, 77, 76, 74,
    75, 76, 74, 75, 77, 75, 77, 75, 76, 74, 78, 74, 79, 79, 74, 77, 76,
    75, 78, 79, 76, 78, 77, 76, 78, 82, 81, 85, 87, 88, 82, 80, 77, 73,
    75, 74, 75, 73, 74, 74, 78, 85, 87, 90, 89, 89, 86, 81, 77, 76, 72,
    71, 72, 77, 79, 78, 81, 84, 80, 83, 80, 75, 73, 77, 77, 78, 79, 79,
    80, 82, 80, 82, 81, 81, 81, 79, 77, 76, 77, 77, 79, 80, 78, 80, 77,
    79 ]
