%YAML:1.0
---
videoName: "headNod42.mp4"
gestureLabel: 202
fps: 30
pixelSizeInCmTemp: 3.0316455696202532e-01
faceCenterPointX: 265
faceCenterPointY: 77
headPositionsX: [ 265, 266, 267, 270, 270, 268, 269, 271, 271, 269, 269,
    266, 269, 267, 267, 270, 271, 269, 268, 269, 268, 271, 268, 269, 267,
    268, 268, 268, 267, 265, 264, 266, 267, 267, 267, 266, 268, 268, 268,
    267, 266, 263, 267, 264, 263, 263, 264, 267, 265, 264, 266, 263, 265,
    262, 265, 264, 265, 266, 263, 266, 264, 266, 263, 266, 263, 265, 264,
    266, 264, 265, 264, 265, 265, 267, 267, 267, 264, 267, 267, 268, 268,
    264, 265, 267, 269, 266, 266, 267, 264, 266, 264, 264, 266, 265, 267,
    267, 265, 264, 263, 266 ]
headPositionsY: [ 79, 76, 77, 77, 79, 75, 78, 77, 75, 78, 76, 78, 75, 76,
    74, 69, 67, 66, 64, 67, 69, 71, 71, 73, 77, 84, 86, 91, 92, 90, 87,
    85, 78, 75, 77, 71, 68, 71, 71, 70, 77, 78, 80, 81, 86, 81, 78, 78,
    74, 73, 70, 69, 73, 74, 75, 77, 81, 83, 84, 84, 82, 82, 78, 79, 76,
    72, 72, 76, 75, 76, 74, 78, 80, 80, 80, 80, 78, 75, 78, 75, 75, 75,
    73, 76, 80, 82, 78, 83, 79, 81, 82, 77, 78, 76, 80, 76, 77, 75, 77,
    77 ]
