%YAML:1.0
---
videoName: "headNod26.mp4"
gestureLabel: 202
fps: 29
pixelSizeInCmTemp: 3.1513157894736843e-01
faceCenterPointX: 271
faceCenterPointY: 78
headPositionsX: [ 269, 273, 272, 270, 274, 274, 272, 272, 274, 271, 274,
    273, 275, 271, 272, 271, 275, 272, 273, 273, 273, 275, 273, 271, 274,
    274, 273, 274, 271, 272, 272, 272, 273, 269, 274, 274, 270, 273, 272,
    270, 272, 269, 271, 270, 272, 271, 269, 271, 268, 274, 273, 271, 272,
    274, 271, 271, 271, 269, 274, 272, 272, 271, 272, 274, 274, 271, 271,
    271, 272, 270, 274, 271, 269, 270, 273, 271, 273, 270, 269, 269, 270,
    271, 272, 269, 270, 272, 272, 270, 271, 274, 270, 271, 271, 271, 268,
    269, 271, 270, 272, 271 ]
headPositionsY: [ 80, 72, 76, 72, 76, 71, 69, 68, 68, 68, 65, 63, 66, 65,
    65, 66, 72, 69, 73, 76, 77, 84, 83, 84, 83, 80, 76, 74, 70, 72, 70,
    69, 66, 66, 70, 71, 74, 77, 78, 81, 77, 79, 79, 72, 72, 71, 68, 68,
    66, 68, 69, 69, 72, 76, 76, 78, 77, 75, 76, 69, 69, 68, 65, 69, 70,
    71, 68, 69, 72, 73, 75, 75, 74, 75, 77, 72, 72, 72, 70, 68, 67, 68,
    69, 68, 72, 73, 75, 78, 76, 77, 80, 78, 80, 79, 77, 77, 76, 77, 78,
    77 ]
