%YAML:1.0
---
videoName: "headNod29.mp4"
gestureLabel: 202
fps: 29
pixelSizeInCmTemp: 3.1933333333333330e-01
faceCenterPointX: 271
faceCenterPointY: 70
headPositionsX: [ 273, 274, 275, 273, 274, 275, 272, 275, 275, 275, 273,
    273, 275, 273, 272, 273, 272, 273, 274, 271, 273, 275, 274, 274, 273,
    270, 274, 274, 271, 273, 270, 268, 271, 272, 269, 273, 272, 270, 272,
    269, 271, 269, 269, 269, 271, 273, 273, 272, 273, 271, 270, 273, 273,
    273, 272, 270, 272, 273, 272, 269, 272, 270, 269, 273, 268, 270, 271,
    270, 271, 269, 269, 272, 270, 271, 269, 270, 271, 273, 270, 271, 273,
    273, 271, 271, 273, 272, 271, 272, 273, 273, 271, 270, 269, 271, 270,
    272, 271, 271, 270, 274 ]
headPositionsY: [ 71, 74, 72, 75, 73, 76, 75, 77, 80, 79, 82, 81, 79, 75,
    73, 72, 69, 69, 68, 65, 66, 67, 67, 69, 75, 74, 79, 78, 78, 79, 79,
    75, 75, 71, 72, 71, 69, 72, 74, 75, 76, 79, 77, 77, 77, 77, 75, 74,
    74, 71, 73, 72, 76, 81, 79, 83, 79, 78, 79, 77, 74, 76, 75, 75, 77,
    75, 81, 76, 76, 76, 72, 69, 70, 72, 70, 69, 74, 73, 76, 77, 78, 73,
    73, 72, 70, 72, 69, 68, 69, 69, 69, 71, 69, 69, 72, 70, 70, 70, 70,
    69 ]
