%YAML:1.0
---
videoName: "headNod2.mp4"
gestureLabel: 202
fps: 29
pixelSizeInCmTemp: 3.2364864864864862e-01
faceCenterPointX: 263
faceCenterPointY: 70
headPositionsX: [ 262, 262, 263, 263, 263, 263, 262, 263, 262, 263, 262,
    264, 265, 263, 263, 265, 266, 264, 264, 264, 264, 261, 263, 261, 264,
    261, 262, 260, 261, 262, 262, 261, 260, 263, 261, 260, 262, 261, 264,
    262, 261, 261, 262, 260, 263, 261, 262, 260, 260, 261, 260, 264, 261,
    262, 263, 264, 261, 263, 261, 260, 262, 262, 263, 262, 260, 263, 263,
    260, 261, 260, 264, 260, 263, 264, 262, 262, 263, 265, 263, 260, 262,
    262, 263, 262, 263, 264, 261, 261, 261, 264, 262, 262, 264, 265, 261,
    264, 263, 262, 262, 265 ]
headPositionsY: [ 72, 74, 75, 76, 75, 75, 74, 78, 74, 76, 75, 77, 73, 75,
    75, 76, 77, 74, 77, 73, 75, 73, 75, 76, 73, 73, 75, 74, 76, 75, 74,
    74, 73, 76, 73, 75, 76, 72, 72, 75, 74, 74, 72, 73, 74, 74, 73, 72,
    75, 71, 71, 70, 69, 72, 76, 78, 78, 76, 74, 71, 69, 73, 70, 74, 77,
    77, 74, 72, 71, 71, 69, 74, 74, 77, 74, 76, 75, 73, 73, 69, 74, 73,
    73, 79, 73, 74, 72, 69, 68, 68, 73, 71, 70, 73, 71, 73, 68, 70, 71,
    68 ]
