%YAML:1.0
---
videoName: "headNod2.mp4"
gestureLabel: 202
fps: 29
pixelSizeInCmTemp: 3.2364864864864862e-01
faceCenterPointX: 263
faceCenterPointY: 70
headPositionsX: [ 263, 261, 261, 264, 263, 263, 263, 264, 262, 265, 263,
    263, 264, 264, 262, 265, 264, 266, 264, 263, 264, 265, 263, 261, 263,
    264, 264, 260, 262, 263, 264, 262, 261, 262, 260, 260, 264, 261, 264,
    259, 263, 261, 260, 264, 263, 262, 263, 260, 261, 261, 263, 261, 262,
    263, 264, 264, 265, 264, 263, 259, 264, 265, 261, 260, 263, 261, 261,
    262, 263, 263, 262, 261, 263, 265, 260, 261, 261, 262, 265, 260, 262,
    263, 261, 264, 260, 265, 263, 263, 261, 263, 265, 265, 263, 261, 263,
    262, 262, 265, 266, 262 ]
headPositionsY: [ 68, 77, 74, 74, 74, 76, 74, 76, 74, 73, 76, 75, 76, 76,
    76, 76, 77, 77, 73, 77, 77, 73, 75, 75, 76, 75, 77, 76, 73, 74, 75,
    76, 76, 76, 75, 75, 73, 74, 76, 74, 73, 75, 73, 76, 73, 72, 74, 76,
    72, 70, 73, 69, 71, 74, 77, 75, 77, 80, 76, 70, 72, 73, 74, 76, 75,
    76, 71, 70, 71, 72, 70, 71, 74, 75, 76, 75, 73, 73, 73, 73, 71, 75,
    76, 79, 75, 76, 71, 73, 68, 69, 69, 72, 72, 71, 71, 71, 71, 68, 71,
    72 ]
