%YAML:1.0
---
videoName: "headNod15.mp4"
gestureLabel: 202
fps: 29
pixelSizeInCmTemp: 3.1933333333333330e-01
faceCenterPointX: 255
faceCenterPointY: 74
headPositionsX: [ 257, 256, 256, 255, 256, 256, 256, 259, 255, 258, 254,
    256, 256, 257, 255, 257, 256, 255, 253, 255, 257, 258, 256, 257, 256,
    256, 255, 253, 255, 255, 253, 256, 255, 252, 253, 258, 254, 253, 255,
    257, 256, 256, 257, 255, 255, 255, 256, 257, 253, 257, 255, 254, 255,
    254, 257, 256, 252, 255, 253, 256, 254, 257, 253, 255, 257, 254, 255,
    257, 253, 255, 256, 254, 255, 253, 254, 251, 253, 253, 254, 254, 255,
    251, 256, 254, 255, 253, 256, 254, 256, 256, 253, 253, 255, 256, 252,
    257, 256, 252, 253, 256 ]
headPositionsY: [ 76, 76, 76, 73, 72, 75, 73, 73, 71, 72, 70, 72, 71, 73,
    71, 75, 74, 76, 72, 74, 75, 74, 73, 75, 73, 72, 74, 75, 74, 75, 72,
    76, 75, 73, 76, 77, 75, 77, 78, 83, 81, 82, 77, 75, 73, 74, 73, 69,
    72, 73, 76, 79, 84, 82, 79, 80, 77, 74, 70, 70, 71, 74, 74, 78, 83,
    83, 81, 79, 80, 75, 73, 70, 72, 72, 72, 73, 74, 79, 76, 77, 75, 73,
    71, 69, 70, 69, 70, 74, 71, 76, 74, 76, 73, 72, 75, 72, 75, 72, 73,
    73 ]
