%YAML:1.0
---
videoName: "headNod2.mp4"
gestureLabel: 202
fps: 29
pixelSizeInCmTemp: 3.2364864864864862e-01
faceCenterPointX: 263
faceCenterPointY: 70
headPositionsX: [ 261, 263, 262, 262, 261, 264, 264, 264, 261, 265, 263,
    266, 266, 265, 264, 266, 264, 265, 265, 263, 266, 262, 262, 262, 263,
    262, 261, 261, 264, 260, 261, 261, 261, 260, 262, 262, 263, 260, 263,
    261, 262, 262, 262, 260, 261, 260, 263, 261, 264, 263, 261, 263, 264,
    260, 262, 260, 265, 261, 262, 260, 263, 264, 263, 261, 260, 262, 262,
    262, 265, 263, 262, 263, 261, 261, 260, 262, 261, 261, 261, 264, 264,
    261, 262, 263, 264, 261, 261, 261, 264, 261, 263, 261, 262, 261, 262,
    264, 262, 262, 262, 262 ]
headPositionsY: [ 69, 76, 77, 76, 78, 73, 75, 77, 76, 77, 73, 76, 76, 77,
    73, 77, 73, 75, 73, 77, 76, 73, 75, 74, 75, 74, 77, 76, 74, 73, 72,
    73, 74, 75, 76, 76, 75, 76, 74, 76, 76, 72, 73, 73, 75, 73, 74, 72,
    75, 71, 73, 72, 72, 73, 74, 75, 80, 79, 78, 74, 73, 70, 74, 76, 74,
    77, 74, 71, 69, 71, 71, 71, 74, 78, 75, 73, 74, 71, 71, 73, 72, 73,
    75, 77, 76, 73, 72, 69, 69, 72, 70, 71, 69, 70, 72, 73, 68, 69, 72,
    69 ]
