%YAML:1.0
---
videoName: "headNod22.mp4"
gestureLabel: 202
fps: 29
pixelSizeInCmTemp: 3.1513157894736843e-01
faceCenterPointX: 252
faceCenterPointY: 80
headPositionsX: [ 252, 252, 252, 253, 254, 253, 254, 253, 253, 252, 252,
    253, 252, 252, 252, 254, 252, 253, 253, 253, 251, 252, 253, 252, 255,
    252, 254, 252, 255, 255, 254, 254, 253, 256, 256, 256, 254, 254, 256,
    252, 256, 254, 252, 254, 250, 255, 253, 255, 255, 250, 250, 252, 251,
    252, 253, 250, 253, 249, 251, 253, 253, 254, 251, 254, 251, 251, 252,
    254, 254, 251, 253, 253, 250, 251, 254, 253, 251, 250, 254, 251, 252,
    253, 252, 251, 249, 252, 252, 250, 250, 252, 250, 254, 250, 250, 251,
    250, 250, 251, 253, 250 ]
headPositionsY: [ 78, 79, 79, 79, 79, 78, 78, 77, 80, 76, 80, 77, 78, 78,
    80, 77, 78, 77, 81, 80, 80, 79, 79, 81, 81, 83, 81, 85, 80, 81, 77,
    72, 70, 69, 73, 75, 76, 76, 82, 82, 86, 81, 78, 76, 73, 70, 72, 69,
    71, 73, 75, 81, 81, 86, 88, 82, 83, 79, 73, 75, 74, 74, 74, 72, 78,
    76, 80, 79, 80, 78, 78, 74, 77, 74, 77, 77, 81, 81, 81, 82, 77, 77,
    73, 78, 76, 81, 79, 81, 81, 78, 80, 79, 77, 79, 82, 78, 81, 81, 80,
    77 ]
