%YAML:1.0
---
videoName: "headNod30.mp4"
gestureLabel: 202
fps: 29
pixelSizeInCmTemp: 3.2364864864864862e-01
faceCenterPointX: 271
faceCenterPointY: 72
headPositionsX: [ 269, 271, 273, 270, 272, 272, 273, 274, 270, 271, 272,
    272, 272, 273, 274, 274, 272, 269, 271, 270, 270, 273, 274, 271, 273,
    274, 275, 274, 270, 273, 275, 273, 273, 271, 271, 272, 272, 272, 268,
    269, 268, 271, 270, 270, 269, 268, 270, 267, 269, 272, 271, 272, 270,
    269, 272, 269, 272, 269, 270, 269, 271, 269, 270, 269, 270, 272, 268,
    273, 273, 269, 271, 272, 269, 272, 272, 272, 270, 269, 272, 274, 272,
    270, 272, 271, 270, 269, 269, 273, 273, 273, 274, 273, 270, 272, 270,
    274, 273, 274, 269, 271 ]
headPositionsY: [ 72, 73, 73, 74, 78, 77, 77, 78, 76, 77, 73, 74, 76, 77,
    77, 77, 74, 75, 77, 77, 75, 73, 72, 69, 68, 69, 65, 68, 70, 71, 73,
    78, 80, 81, 83, 83, 78, 76, 73, 75, 73, 72, 73, 74, 74, 75, 79, 82,
    81, 78, 77, 77, 73, 72, 71, 71, 70, 70, 72, 76, 77, 77, 77, 76, 73,
    74, 72, 70, 68, 68, 69, 71, 70, 73, 73, 73, 77, 74, 74, 73, 71, 73,
    71, 69, 68, 70, 71, 72, 73, 71, 75, 74, 75, 72, 74, 72, 75, 74, 70,
    71 ]
