%YAML:1.0
---
videoName: "headNod17.mp4"
gestureLabel: 202
fps: 30
pixelSizeInCmTemp: 3.2808219178082193e-01
faceCenterPointX: 253
faceCenterPointY: 76
headPositionsX: [ 255, 255, 257, 257, 257, 253, 257, 257, 255, 257, 253,
    257, 256, 255, 256, 255, 253, 253, 255, 254, 253, 254, 256, 256, 254,
    256, 257, 254, 258, 257, 253, 257, 255, 255, 253, 254, 254, 257, 253,
    254, 253, 254, 253, 253, 252, 254, 254, 254, 254, 252, 254, 253, 252,
    254, 253, 255, 255, 256, 255, 253, 254, 256, 254, 253, 253, 254, 253,
    255, 256, 255, 254, 254, 254, 255, 255, 255, 253, 256, 252, 253, 252,
    254, 255, 254, 253, 253, 253, 253, 254, 253, 256, 253, 253, 254, 257,
    254, 253, 253, 252, 256 ]
headPositionsY: [ 76, 79, 75, 78, 78, 80, 75, 80, 75, 77, 78, 76, 76, 78,
    76, 77, 77, 76, 76, 75, 77, 78, 74, 74, 73, 72, 70, 71, 66, 69, 64,
    68, 70, 71, 67, 68, 69, 73, 75, 77, 80, 83, 84, 83, 85, 87, 82, 84,
    83, 77, 79, 76, 74, 70, 69, 72, 68, 69, 69, 71, 72, 70, 72, 76, 79,
    78, 83, 80, 81, 79, 78, 79, 75, 75, 75, 77, 79, 77, 81, 76, 78, 78,
    76, 77, 76, 78, 76, 78, 77, 76, 78, 78, 79, 76, 77, 77, 78, 78, 77,
    78 ]
