%YAML:1.0
---
videoName: "headNod14.mp4"
gestureLabel: 202
fps: 29
pixelSizeInCmTemp: 3.2808219178082193e-01
faceCenterPointX: 257
faceCenterPointY: 71
headPositionsX: [ 257, 260, 256, 259, 258, 258, 257, 257, 258, 258, 259,
    259, 257, 256, 258, 260, 258, 260, 260, 257, 260, 256, 260, 261, 259,
    259, 259, 257, 260, 257, 257, 260, 258, 261, 258, 261, 258, 259, 258,
    258, 259, 258, 260, 259, 259, 261, 262, 262, 257, 258, 259, 260, 260,
    260, 259, 259, 260, 256, 260, 259, 259, 260, 259, 257, 258, 258, 257,
    258, 260, 257, 261, 261, 258, 259, 255, 256, 259, 256, 259, 257, 257,
    256, 259, 257, 259, 256, 259, 254, 257, 255, 257, 255, 260, 257, 256,
    256, 255, 257, 259, 258 ]
headPositionsY: [ 72, 75, 74, 75, 76, 74, 79, 77, 77, 76, 75, 76, 78, 78,
    76, 78, 78, 75, 76, 75, 79, 76, 78, 78, 76, 77, 77, 78, 76, 78, 76,
    78, 80, 78, 75, 79, 75, 78, 77, 75, 73, 70, 73, 67, 70, 69, 68, 72,
    70, 72, 75, 79, 81, 79, 82, 83, 78, 78, 78, 75, 71, 68, 70, 69, 72,
    69, 72, 76, 77, 79, 82, 80, 79, 77, 76, 70, 69, 70, 70, 70, 72, 73,
    73, 76, 79, 82, 79, 76, 79, 74, 71, 71, 69, 69, 72, 71, 72, 69, 69,
    71 ]
