%YAML:1.0
---
videoName: "headNod39.mp4"
gestureLabel: 202
fps: 29
pixelSizeInCmTemp: 2.9937500000000000e-01
faceCenterPointX: 268
faceCenterPointY: 78
headPositionsX: [ 269, 268, 269, 265, 266, 270, 268, 269, 268, 270, 269,
    267, 268, 270, 269, 267, 271, 268, 267, 267, 268, 268, 267, 266, 271,
    268, 270, 271, 267, 268, 269, 268, 269, 270, 269, 269, 266, 271, 267,
    267, 267, 270, 266, 267, 266, 270, 270, 268, 269, 268, 265, 266, 268,
    266, 268, 268, 265, 265, 268, 264, 268, 265, 267, 268, 265, 268, 265,
    268, 266, 265, 264, 265, 268, 267, 269, 269, 265, 269, 268, 268, 266,
    268, 265, 265, 268, 267, 268, 264, 266, 268, 269, 268, 269, 268, 269,
    270, 268, 268, 267, 265 ]
headPositionsY: [ 76, 79, 74, 75, 75, 77, 75, 74, 74, 76, 75, 77, 74, 76,
    76, 75, 76, 75, 77, 77, 77, 79, 74, 75, 75, 75, 75, 79, 77, 76, 75,
    75, 74, 78, 77, 76, 78, 79, 79, 81, 82, 84, 86, 88, 85, 81, 78, 75,
    77, 76, 74, 75, 73, 77, 76, 82, 90, 89, 91, 87, 83, 79, 77, 77, 73,
    74, 73, 76, 79, 78, 80, 81, 84, 83, 77, 75, 74, 74, 76, 77, 77, 81,
    79, 82, 79, 82, 81, 80, 81, 76, 79, 76, 78, 78, 78, 77, 80, 76, 76,
    79 ]
