%YAML:1.0
---
videoName: "headNod12.mp4"
gestureLabel: 202
fps: 29
pixelSizeInCmTemp: 3.2808219178082193e-01
faceCenterPointX: 254
faceCenterPointY: 69
headPositionsX: [ 252, 255, 253, 256, 252, 255, 252, 252, 254, 255, 257,
    258, 256, 254, 257, 258, 255, 254, 254, 258, 253, 256, 259, 255, 254,
    258, 255, 254, 255, 255, 258, 253, 257, 254, 255, 254, 253, 255, 254,
    252, 252, 254, 256, 256, 256, 258, 257, 253, 256, 254, 255, 254, 253,
    253, 252, 254, 253, 252, 255, 254, 256, 254, 255, 255, 256, 254, 256,
    253, 255, 253, 255, 254, 255, 253, 253, 253, 252, 253, 253, 257, 252,
    257, 254, 255, 255, 256, 252, 255, 252, 253, 253, 255, 253, 256, 257,
    254, 256, 252, 254, 254 ]
headPositionsY: [ 68, 74, 71, 72, 72, 72, 73, 70, 76, 74, 76, 74, 72, 73,
    74, 73, 70, 75, 72, 74, 71, 72, 75, 73, 75, 73, 75, 73, 73, 75, 73,
    73, 73, 73, 71, 72, 69, 68, 68, 62, 63, 60, 62, 64, 64, 67, 66, 69,
    71, 75, 78, 80, 79, 79, 78, 73, 69, 68, 65, 65, 62, 64, 62, 64, 67,
    70, 71, 69, 72, 74, 76, 75, 74, 73, 72, 68, 68, 68, 66, 68, 68, 65,
    67, 66, 68, 70, 67, 70, 71, 74, 75, 76, 71, 74, 70, 73, 72, 70, 68,
    69 ]
