%YAML:1.0
---
videoName: "headNod19.mp4"
gestureLabel: 202
fps: 29
pixelSizeInCmTemp: 3.1933333333333330e-01
faceCenterPointX: 255
faceCenterPointY: 81
headPositionsX: [ 257, 258, 259, 259, 258, 254, 257, 254, 256, 257, 256,
    257, 256, 254, 256, 254, 251, 254, 252, 251, 251, 253, 248, 251, 249,
    251, 250, 252, 250, 252, 249, 253, 251, 253, 252, 251, 254, 254, 252,
    252, 254, 253, 254, 256, 253, 255, 254, 257, 254, 253, 256, 258, 253,
    255, 254, 253, 258, 255, 255, 254, 258, 255, 256, 258, 253, 257, 254,
    254, 254, 255, 254, 254, 256, 256, 258, 255, 254, 257, 257, 256, 254,
    257, 256, 257, 258, 254, 255, 256, 253, 253, 256, 255, 253, 254, 255,
    257, 256, 253, 256, 254 ]
headPositionsY: [ 80, 82, 84, 82, 83, 76, 77, 77, 76, 77, 78, 78, 78, 76,
    79, 75, 76, 79, 78, 79, 79, 79, 80, 77, 78, 76, 81, 76, 81, 80, 80,
    79, 76, 78, 80, 76, 81, 78, 76, 77, 78, 80, 81, 76, 81, 81, 78, 77,
    80, 79, 78, 80, 77, 77, 79, 78, 78, 77, 78, 77, 80, 77, 78, 79, 83,
    80, 78, 77, 76, 72, 71, 74, 77, 75, 81, 82, 82, 84, 80, 81, 78, 78,
    79, 78, 84, 85, 82, 82, 84, 84, 82, 84, 80, 83, 83, 84, 85, 79, 81,
    83 ]
