%YAML:1.0
---
videoName: "headNod34.mp4"
gestureLabel: 202
fps: 29
pixelSizeInCmTemp: 2.9567901234567900e-01
faceCenterPointX: 266
faceCenterPointY: 78
headPositionsX: [ 268, 269, 270, 268, 269, 269, 271, 269, 270, 268, 267,
    268, 269, 269, 271, 271, 268, 268, 271, 266, 271, 271, 270, 272, 272,
    271, 268, 270, 269, 267, 272, 269, 271, 272, 271, 270, 271, 270, 268,
    271, 270, 269, 268, 270, 269, 271, 271, 271, 269, 267, 268, 268, 270,
    269, 271, 267, 272, 271, 269, 271, 271, 271, 271, 271, 268, 268, 272,
    270, 269, 270, 271, 269, 266, 269, 268, 268, 268, 265, 265, 268, 265,
    268, 265, 267, 267, 267, 264, 267, 266, 267, 264, 266, 266, 265, 264,
    266, 265, 265, 264, 268 ]
headPositionsY: [ 77, 75, 75, 75, 77, 76, 78, 74, 78, 77, 76, 78, 79, 75,
    74, 78, 75, 75, 76, 75, 76, 74, 78, 76, 77, 78, 77, 77, 77, 74, 78,
    75, 75, 78, 75, 76, 77, 75, 73, 72, 71, 71, 74, 75, 83, 82, 88, 87,
    85, 83, 80, 73, 73, 70, 72, 72, 72, 75, 82, 83, 81, 81, 78, 78, 81,
    81, 78, 80, 77, 79, 84, 86, 85, 82, 84, 81, 78, 75, 79, 80, 80, 81,
    80, 86, 83, 83, 82, 78, 81, 80, 80, 77, 76, 79, 82, 82, 78, 81, 77,
    81 ]
