%YAML:1.0
---
videoName: "headNod13.mp4"
gestureLabel: 202
fps: 29
pixelSizeInCmTemp: 3.2364864864864862e-01
faceCenterPointX: 253
faceCenterPointY: 79
headPositionsX: [ 255, 253, 254, 251, 250, 254, 254, 252, 252, 253, 255,
    253, 254, 255, 253, 255, 256, 254, 257, 257, 254, 253, 252, 252, 253,
    253, 252, 253, 253, 255, 252, 252, 254, 253, 255, 253, 253, 252, 251,
    253, 254, 251, 251, 254, 254, 254, 252, 251, 255, 254, 254, 255, 252,
    256, 254, 254, 255, 252, 255, 252, 256, 253, 253, 251, 255, 254, 251,
    254, 253, 255, 256, 252, 252, 256, 254, 257, 255, 255, 255, 256, 254,
    256, 256, 255, 253, 253, 256, 255, 255, 257, 256, 255, 255, 253, 253,
    254, 253, 252, 253, 252 ]
headPositionsY: [ 81, 73, 71, 75, 73, 74, 72, 71, 73, 72, 74, 73, 71, 75,
    77, 71, 75, 73, 75, 75, 75, 72, 72, 76, 75, 74, 75, 71, 75, 76, 72,
    74, 76, 73, 73, 74, 74, 76, 73, 73, 76, 76, 72, 75, 74, 74, 73, 73,
    73, 74, 69, 71, 70, 67, 69, 70, 73, 76, 78, 75, 80, 79, 75, 75, 73,
    73, 71, 68, 67, 70, 72, 71, 75, 76, 76, 79, 81, 78, 76, 75, 74, 74,
    74, 74, 75, 76, 78, 77, 79, 79, 79, 78, 81, 81, 76, 79, 81, 78, 77,
    80 ]
