%YAML:1.0
---
videoName: "headNod36.mp4"
gestureLabel: 202
fps: 29
pixelSizeInCmTemp: 2.8176470588235292e-01
faceCenterPointX: 269
faceCenterPointY: 75
headPositionsX: [ 269, 269, 271, 268, 272, 270, 272, 268, 271, 269, 268,
    271, 269, 272, 272, 270, 269, 272, 268, 271, 268, 270, 270, 269, 269,
    271, 271, 269, 269, 270, 270, 268, 270, 268, 272, 270, 267, 267, 268,
    269, 269, 269, 266, 270, 268, 271, 271, 270, 272, 272, 270, 270, 272,
    271, 272, 269, 270, 268, 267, 270, 270, 268, 271, 267, 270, 266, 266,
    265, 266, 267, 270, 266, 267, 268, 269, 266, 269, 269, 269, 266, 270,
    271, 270, 269, 267, 268, 271, 268, 268, 267, 271, 268, 268, 267, 267,
    268, 268, 272, 270, 267 ]
headPositionsY: [ 76, 75, 75, 76, 75, 75, 73, 76, 75, 72, 77, 77, 75, 73,
    75, 73, 74, 77, 75, 77, 79, 76, 78, 80, 75, 74, 66, 69, 64, 65, 62,
    65, 71, 73, 78, 85, 86, 90, 91, 85, 84, 78, 76, 71, 72, 68, 69, 68,
    69, 71, 67, 72, 80, 81, 85, 87, 87, 85, 85, 80, 80, 74, 74, 73, 71,
    71, 75, 79, 79, 83, 82, 83, 81, 79, 80, 73, 73, 74, 78, 80, 83, 81,
    83, 84, 84, 84, 83, 80, 77, 76, 74, 74, 75, 73, 77, 73, 76, 74, 75,
    75 ]
