%YAML:1.0
---
videoName: "headNod19.mp4"
gestureLabel: 202
fps: 29
pixelSizeInCmTemp: 3.1933333333333330e-01
faceCenterPointX: 255
faceCenterPointY: 81
headPositionsX: [ 256, 256, 258, 258, 256, 254, 255, 255, 256, 257, 257,
    255, 255, 254, 254, 254, 254, 253, 250, 255, 251, 254, 248, 250, 251,
    251, 249, 251, 250, 253, 250, 249, 250, 252, 252, 251, 255, 253, 256,
    253, 252, 255, 257, 257, 257, 256, 257, 258, 256, 256, 254, 255, 256,
    254, 255, 256, 258, 254, 254, 257, 256, 254, 256, 257, 256, 257, 255,
    255, 253, 258, 254, 255, 256, 257, 258, 254, 255, 254, 256, 254, 253,
    253, 258, 256, 258, 255, 257, 256, 253, 254, 256, 257, 253, 254, 254,
    254, 255, 253, 258, 255 ]
headPositionsY: [ 82, 83, 86, 84, 83, 78, 77, 78, 76, 77, 75, 77, 76, 78,
    79, 77, 79, 78, 80, 76, 76, 78, 76, 80, 80, 80, 80, 80, 79, 82, 78,
    79, 78, 81, 80, 77, 80, 77, 77, 81, 79, 81, 78, 79, 79, 77, 76, 81,
    81, 78, 81, 79, 79, 77, 78, 78, 77, 79, 76, 77, 79, 79, 78, 77, 80,
    82, 80, 75, 75, 75, 74, 73, 74, 74, 81, 82, 82, 82, 82, 77, 74, 78,
    75, 79, 81, 83, 82, 82, 84, 84, 81, 80, 82, 81, 84, 81, 84, 80, 84,
    81 ]
