%YAML:1.0
---
videoName: "headNod13.mp4"
gestureLabel: 202
fps: 29
pixelSizeInCmTemp: 3.2364864864864862e-01
faceCenterPointX: 253
faceCenterPointY: 79
headPositionsX: [ 254, 250, 252, 255, 254, 250, 254, 252, 254, 254, 255,
    253, 256, 255, 254, 256, 253, 253, 253, 253, 255, 253, 255, 255, 255,
    255, 255, 251, 251, 254, 255, 254, 254, 256, 255, 253, 255, 253, 252,
    253, 253, 255, 250, 251, 252, 251, 251, 253, 253, 253, 253, 252, 254,
    252, 253, 252, 255, 251, 253, 252, 255, 256, 254, 254, 255, 253, 255,
    253, 253, 251, 256, 253, 253, 255, 256, 257, 256, 254, 253, 254, 256,
    256, 255, 256, 254, 255, 254, 256, 253, 253, 256, 252, 252, 255, 251,
    255, 253, 251, 254, 254 ]
headPositionsY: [ 81, 75, 72, 74, 73, 74, 72, 75, 75, 74, 72, 72, 75, 71,
    77, 73, 76, 72, 73, 76, 72, 76, 75, 72, 73, 75, 73, 71, 74, 72, 75,
    72, 72, 76, 73, 72, 74, 76, 72, 71, 72, 75, 76, 74, 76, 76, 72, 76,
    74, 71, 68, 70, 69, 66, 70, 71, 70, 76, 78, 75, 77, 77, 76, 75, 74,
    70, 70, 68, 68, 68, 70, 75, 77, 74, 76, 78, 79, 76, 75, 76, 73, 70,
    73, 71, 72, 77, 75, 77, 80, 82, 82, 81, 80, 80, 80, 79, 80, 78, 79,
    76 ]
