%YAML:1.0
---
videoName: "headNod27.mp4"
gestureLabel: 202
fps: 29
pixelSizeInCmTemp: 3.0705128205128202e-01
faceCenterPointX: 271
faceCenterPointY: 77
headPositionsX: [ 270, 272, 273, 272, 273, 273, 274, 270, 273, 271, 272,
    271, 270, 270, 274, 273, 269, 271, 271, 271, 272, 273, 273, 271, 270,
    273, 272, 273, 274, 273, 269, 272, 271, 272, 268, 269, 268, 267, 270,
    267, 269, 268, 268, 269, 269, 272, 270, 271, 271, 269, 268, 270, 267,
    270, 271, 269, 272, 271, 272, 269, 272, 271, 267, 267, 266, 265, 269,
    265, 268, 270, 267, 269, 267, 268, 266, 268, 269, 268, 267, 266, 271,
    268, 270, 266, 269, 268, 270, 269, 273, 272, 272, 271, 270, 272, 270,
    272, 271, 269, 269, 268 ]
headPositionsY: [ 76, 71, 73, 74, 72, 73, 73, 76, 76, 75, 74, 73, 75, 74,
    72, 76, 73, 75, 75, 77, 74, 70, 67, 66, 64, 62, 63, 64, 66, 68, 67,
    77, 80, 85, 82, 83, 83, 78, 72, 71, 70, 66, 70, 66, 72, 71, 73, 75,
    80, 79, 77, 77, 74, 71, 69, 71, 70, 70, 75, 73, 80, 82, 84, 84, 82,
    77, 75, 72, 73, 74, 70, 70, 76, 77, 79, 77, 79, 79, 76, 74, 70, 71,
    71, 69, 71, 73, 73, 76, 80, 78, 79, 77, 80, 75, 75, 76, 77, 77, 76,
    78 ]
