%YAML:1.0
---
videoName: "headNod8.mp4"
gestureLabel: 202
fps: 29
pixelSizeInCmTemp: 3.1933333333333330e-01
faceCenterPointX: 262
faceCenterPointY: 74
headPositionsX: [ 261, 261, 259, 261, 261, 263, 261, 262, 260, 263, 263,
    261, 264, 263, 261, 263, 259, 262, 260, 263, 262, 260, 262, 260, 263,
    259, 262, 263, 261, 263, 260, 263, 261, 260, 261, 260, 261, 264, 261,
    263, 260, 261, 263, 260, 263, 260, 262, 263, 264, 264, 259, 263, 262,
    262, 262, 259, 260, 257, 261, 259, 263, 259, 259, 260, 262, 262, 262,
    261, 262, 262, 262, 260, 259, 258, 263, 259, 258, 262, 258, 260, 259,
    263, 265, 262, 261, 261, 263, 262, 264, 265, 260, 264, 262, 262, 262,
    265, 264, 262, 262, 261 ]
headPositionsY: [ 72, 77, 77, 77, 76, 78, 78, 75, 76, 75, 78, 74, 77, 78,
    76, 75, 79, 77, 77, 78, 75, 78, 78, 77, 75, 74, 74, 78, 77, 75, 78,
    76, 79, 78, 75, 75, 77, 74, 73, 74, 72, 70, 70, 67, 67, 68, 70, 70,
    70, 77, 76, 81, 85, 84, 80, 80, 77, 74, 75, 68, 71, 71, 69, 73, 79,
    83, 83, 84, 80, 81, 79, 74, 69, 68, 71, 71, 75, 77, 81, 80, 81, 84,
    80, 80, 74, 73, 74, 71, 72, 70, 75, 75, 75, 76, 80, 77, 80, 77, 77,
    74 ]
