%YAML:1.0
---
videoName: "headNod38.mp4"
gestureLabel: 202
fps: 29
pixelSizeInCmTemp: 2.9937500000000000e-01
faceCenterPointX: 267
faceCenterPointY: 73
headPositionsX: [ 268, 269, 266, 266, 267, 269, 265, 266, 265, 266, 267,
    264, 267, 265, 265, 265, 265, 265, 265, 268, 267, 268, 266, 266, 265,
    265, 267, 268, 263, 263, 263, 266, 266, 267, 263, 266, 267, 267, 266,
    267, 266, 264, 264, 268, 265, 267, 266, 267, 268, 268, 270, 269, 266,
    267, 268, 269, 266, 269, 268, 266, 266, 267, 266, 267, 269, 267, 267,
    268, 268, 268, 271, 268, 270, 269, 266, 269, 268, 269, 266, 269, 267,
    266, 268, 269, 265, 266, 266, 267, 268, 267, 269, 267, 266, 267, 269,
    269, 269, 266, 270, 265 ]
headPositionsY: [ 75, 73, 76, 74, 79, 80, 83, 85, 84, 81, 79, 78, 78, 77,
    79, 80, 85, 83, 88, 85, 80, 81, 76, 74, 77, 79, 80, 84, 86, 90, 90,
    84, 81, 77, 78, 75, 76, 75, 76, 76, 84, 88, 86, 91, 88, 81, 78, 77,
    71, 73, 70, 69, 71, 76, 80, 80, 84, 87, 84, 85, 83, 80, 79, 77, 76,
    75, 72, 76, 75, 77, 78, 80, 86, 85, 86, 85, 86, 79, 78, 77, 76, 75,
    71, 74, 73, 73, 74, 72, 71, 71, 71, 72, 74, 73, 73, 75, 72, 71, 75,
    73 ]
