%YAML:1.0
---
videoName: "headNod20.mp4"
gestureLabel: 202
fps: 30
pixelSizeInCmTemp: 3.2808219178082193e-01
faceCenterPointX: 253
faceCenterPointY: 80
headPositionsX: [ 253, 255, 253, 257, 255, 254, 254, 256, 257, 256, 256,
    256, 254, 256, 254, 256, 256, 258, 254, 255, 255, 256, 257, 254, 255,
    256, 254, 256, 258, 256, 258, 254, 257, 256, 258, 254, 254, 254, 253,
    254, 253, 251, 255, 253, 254, 255, 255, 250, 253, 252, 252, 250, 252,
    253, 251, 251, 250, 250, 250, 249, 251, 254, 254, 254, 254, 254, 254,
    253, 254, 255, 252, 255, 253, 254, 251, 252, 253, 254, 250, 251, 252,
    252, 255, 251, 254, 252, 253, 255, 251, 256, 252, 251, 253, 254, 251,
    253, 253, 255, 254, 254 ]
headPositionsY: [ 81, 80, 76, 78, 80, 80, 80, 80, 76, 76, 80, 76, 77, 77,
    79, 76, 77, 80, 78, 80, 78, 77, 81, 79, 80, 80, 80, 77, 82, 84, 85,
    86, 84, 85, 88, 81, 81, 79, 74, 74, 73, 73, 71, 72, 79, 78, 84, 85,
    87, 86, 89, 85, 80, 78, 77, 74, 76, 79, 81, 83, 85, 81, 81, 81, 80,
    79, 82, 80, 83, 81, 82, 82, 77, 80, 77, 80, 80, 81, 80, 81, 83, 80,
    81, 78, 80, 82, 82, 81, 83, 80, 82, 83, 79, 79, 82, 80, 78, 80, 81,
    83 ]
