%YAML:1.0
---
videoName: "headNod10.mp4"
gestureLabel: 202
fps: 29
pixelSizeInCmTemp: 3.2808219178082193e-01
faceCenterPointX: 260
faceCenterPointY: 67
headPositionsX: [ 258, 258, 260, 257, 256, 259, 257, 256, 257, 259, 257,
    258, 260, 260, 258, 256, 257, 259, 257, 259, 260, 257, 260, 259, 258,
    261, 260, 259, 260, 258, 258, 257, 259, 257, 260, 257, 259, 258, 259,
    261, 256, 257, 260, 257, 259, 259, 261, 260, 259, 259, 260, 259, 259,
    261, 262, 257, 256, 261, 259, 261, 260, 259, 260, 263, 259, 261, 262,
    259, 257, 259, 256, 258, 258, 259, 257, 259, 260, 261, 257, 260, 258,
    261, 256, 259, 259, 259, 260, 259, 259, 261, 259, 259, 260, 262, 258,
    259, 259, 259, 258, 262 ]
headPositionsY: [ 66, 69, 71, 69, 71, 71, 72, 69, 71, 70, 70, 69, 72, 72,
    68, 70, 69, 69, 72, 72, 70, 68, 71, 72, 68, 70, 72, 72, 70, 68, 70,
    72, 72, 72, 69, 72, 70, 68, 70, 70, 70, 72, 72, 70, 67, 68, 66, 63,
    61, 62, 63, 65, 67, 74, 73, 74, 71, 71, 68, 65, 66, 66, 61, 67, 68,
    71, 73, 74, 78, 78, 76, 75, 71, 68, 64, 66, 63, 68, 69, 70, 77, 75,
    73, 74, 71, 71, 66, 65, 68, 67, 66, 65, 67, 64, 68, 67, 68, 66, 69,
    67 ]
