%YAML:1.0
---
videoName: "headNod2.mp4"
gestureLabel: 202
fps: 29
pixelSizeInCmTemp: 3.2364864864864862e-01
faceCenterPointX: 263
faceCenterPointY: 70
headPositionsX: [ 261, 260, 262, 260, 260, 261, 262, 265, 264, 261, 265,
    262, 265, 265, 264, 263, 264, 264, 266, 265, 262, 263, 265, 265, 262,
    264, 261, 262, 262, 264, 262, 263, 260, 261, 262, 263, 264, 261, 262,
    261, 262, 264, 261, 263, 263, 261, 262, 261, 262, 261, 263, 264, 264,
    264, 263, 261, 265, 263, 260, 260, 260, 265, 261, 260, 261, 264, 265,
    263, 265, 263, 260, 263, 261, 264, 264, 263, 261, 264, 265, 261, 264,
    262, 264, 265, 262, 262, 264, 265, 265, 262, 264, 264, 265, 263, 261,
    264, 264, 263, 265, 265 ]
headPositionsY: [ 71, 74, 74, 74, 75, 76, 75, 78, 76, 73, 74, 76, 77, 73,
    76, 78, 73, 74, 74, 76, 74, 75, 77, 74, 74, 76, 74, 72, 73, 75, 74,
    74, 75, 75, 72, 75, 73, 75, 73, 72, 73, 73, 72, 76, 72, 75, 74, 73,
    71, 70, 73, 68, 71, 70, 76, 75, 78, 76, 75, 70, 71, 70, 72, 73, 75,
    75, 72, 70, 71, 71, 70, 71, 73, 76, 76, 76, 75, 70, 69, 70, 75, 75,
    75, 76, 77, 75, 72, 70, 68, 68, 70, 73, 72, 71, 69, 72, 69, 69, 72,
    69 ]
