%YAML:1.0
---
videoName: "headNod2.mp4"
gestureLabel: 202
fps: 29
pixelSizeInCmTemp: 3.2364864864864862e-01
faceCenterPointX: 263
faceCenterPointY: 70
headPositionsX: [ 264, 260, 260, 264, 261, 262, 265, 264, 261, 263, 261,
    262, 266, 265, 264, 266, 262, 265, 263, 265, 262, 263, 264, 265, 261,
    265, 265, 263, 265, 263, 262, 262, 263, 260, 262, 262, 264, 262, 261,
    259, 262, 264, 259, 262, 260, 260, 261, 264, 261, 262, 262, 261, 260,
    260, 260, 263, 262, 263, 261, 263, 262, 263, 264, 263, 262, 263, 264,
    262, 261, 263, 262, 262, 262, 262, 260, 262, 264, 262, 264, 262, 264,
    262, 261, 262, 262, 262, 264, 263, 264, 262, 263, 262, 264, 262, 265,
    263, 264, 263, 263, 262 ]
headPositionsY: [ 71, 77, 77, 75, 77, 77, 75, 76, 75, 73, 74, 74, 75, 76,
    74, 78, 77, 77, 74, 76, 75, 73, 75, 76, 74, 75, 76, 74, 73, 73, 74,
    72, 74, 75, 75, 72, 73, 72, 76, 75, 75, 72, 75, 74, 75, 74, 76, 74,
    71, 71, 73, 68, 69, 74, 73, 78, 78, 79, 78, 72, 69, 71, 71, 75, 74,
    76, 72, 72, 69, 69, 71, 70, 76, 77, 75, 77, 75, 72, 72, 69, 72, 73,
    76, 77, 77, 74, 74, 72, 68, 69, 72, 70, 73, 69, 72, 72, 72, 72, 71,
    69 ]
