%YAML:1.0
---
videoName: "headNod40.mp4"
gestureLabel: 202
fps: 29
pixelSizeInCmTemp: 2.8511904761904761e-01
faceCenterPointX: 267
faceCenterPointY: 78
headPositionsX: [ 268, 268, 267, 267, 267, 269, 266, 269, 269, 266, 267,
    265, 270, 270, 266, 268, 269, 269, 270, 268, 266, 267, 269, 266, 269,
    270, 267, 266, 265, 267, 269, 270, 266, 270, 270, 270, 267, 267, 270,
    270, 269, 269, 265, 268, 264, 264, 266, 267, 265, 267, 264, 267, 268,
    263, 267, 264, 267, 264, 264, 264, 265, 268, 267, 265, 266, 266, 265,
    264, 267, 265, 267, 267, 269, 266, 270, 270, 268, 265, 267, 269, 266,
    268, 267, 269, 268, 265, 267, 265, 268, 269, 264, 265, 267, 266, 267,
    265, 264, 268, 267, 266 ]
headPositionsY: [ 77, 74, 74, 75, 75, 77, 78, 74, 76, 77, 77, 76, 78, 73,
    76, 77, 77, 77, 78, 76, 78, 74, 74, 77, 77, 75, 77, 73, 74, 73, 73,
    74, 74, 74, 77, 76, 77, 73, 77, 73, 83, 87, 92, 97, 95, 97, 92, 90,
    88, 80, 78, 79, 79, 69, 68, 68, 69, 70, 70, 75, 81, 83, 85, 87, 85,
    80, 80, 77, 74, 75, 74, 73, 71, 76, 74, 73, 82, 81, 79, 78, 78, 80,
    80, 77, 79, 79, 79, 77, 77, 80, 79, 76, 77, 77, 79, 77, 76, 79, 76,
    78 ]
