%YAML:1.0
---
videoName: "headNod13.mp4"
gestureLabel: 202
fps: 29
pixelSizeInCmTemp: 3.2364864864864862e-01
faceCenterPointX: 253
faceCenterPointY: 79
headPositionsX: [ 254, 250, 252, 254, 254, 251, 253, 255, 252, 253, 253,
    254, 256, 253, 256, 255, 257, 255, 255, 254, 256, 254, 254, 254, 256,
    252, 254, 254, 253, 251, 256, 254, 253, 254, 252, 255, 255, 255, 250,
    252, 251, 253, 253, 254, 252, 251, 250, 252, 252, 254, 253, 254, 254,
    254, 256, 256, 256, 254, 255, 251, 253, 253, 253, 254, 252, 254, 254,
    252, 256, 255, 253, 254, 253, 253, 256, 253, 255, 254, 256, 252, 252,
    257, 257, 253, 252, 256, 256, 257, 255, 255, 257, 255, 253, 253, 252,
    254, 251, 254, 253, 254 ]
headPositionsY: [ 77, 71, 75, 73, 72, 74, 75, 71, 72, 72, 71, 73, 74, 72,
    73, 74, 72, 76, 75, 73, 76, 73, 73, 76, 74, 72, 72, 71, 75, 76, 73,
    73, 73, 75, 72, 73, 74, 72, 72, 75, 74, 72, 72, 74, 73, 74, 76, 75,
    72, 70, 69, 70, 66, 66, 68, 71, 73, 72, 78, 77, 78, 81, 77, 76, 71,
    70, 71, 68, 71, 67, 71, 71, 77, 78, 77, 78, 82, 80, 78, 77, 72, 70,
    73, 73, 72, 78, 74, 76, 77, 82, 81, 81, 80, 78, 78, 81, 77, 76, 81,
    76 ]
