%YAML:1.0
---
videoName: "headNod36.mp4"
gestureLabel: 202
fps: 29
pixelSizeInCmTemp: 2.8176470588235292e-01
faceCenterPointX: 269
faceCenterPointY: 75
headPositionsX: [ 270, 272, 272, 272, 273, 269, 271, 269, 271, 271, 271,
    272, 271, 269, 269, 270, 271, 270, 271, 273, 269, 268, 271, 273, 269,
    272, 270, 271, 269, 270, 272, 272, 272, 271, 268, 268, 271, 265, 267,
    269, 268, 267, 268, 271, 271, 272, 269, 269, 270, 273, 269, 270, 272,
    269, 271, 271, 272, 270, 269, 268, 271, 271, 267, 269, 269, 268, 269,
    268, 269, 271, 267, 268, 268, 266, 267, 268, 268, 270, 268, 270, 267,
    271, 271, 271, 267, 269, 269, 269, 268, 270, 271, 271, 272, 267, 269,
    272, 268, 269, 267, 268 ]
headPositionsY: [ 77, 76, 73, 74, 72, 76, 75, 74, 77, 74, 75, 73, 76, 76,
    74, 72, 74, 76, 77, 76, 77, 78, 79, 79, 73, 76, 70, 70, 67, 64, 63,
    62, 69, 72, 77, 86, 89, 90, 88, 88, 87, 77, 77, 71, 72, 68, 68, 69,
    70, 68, 70, 72, 76, 81, 84, 85, 87, 88, 82, 82, 80, 75, 73, 72, 71,
    71, 77, 79, 81, 83, 85, 84, 81, 80, 78, 74, 74, 73, 79, 81, 79, 81,
    85, 86, 86, 83, 79, 79, 77, 78, 74, 75, 77, 73, 75, 73, 77, 76, 76,
    75 ]
