%YAML:1.0
---
videoName: "headNod29.mp4"
gestureLabel: 202
fps: 29
pixelSizeInCmTemp: 3.1933333333333330e-01
faceCenterPointX: 271
faceCenterPointY: 70
headPositionsX: [ 269, 275, 273, 273, 276, 273, 274, 273, 275, 271, 273,
    273, 274, 275, 272, 270, 271, 271, 275, 274, 274, 275, 274, 271, 270,
    273, 274, 271, 272, 271, 273, 272, 272, 271, 272, 270, 268, 271, 273,
    270, 273, 269, 272, 269, 271, 273, 269, 270, 272, 271, 272, 272, 271,
    271, 269, 272, 272, 272, 268, 270, 271, 271, 270, 270, 270, 268, 270,
    270, 270, 272, 270, 273, 270, 271, 273, 272, 273, 272, 269, 273, 273,
    270, 272, 273, 272, 271, 271, 273, 273, 270, 270, 269, 270, 269, 272,
    271, 269, 269, 268, 274 ]
headPositionsY: [ 69, 71, 74, 72, 76, 78, 76, 77, 80, 78, 78, 81, 77, 75,
    74, 71, 68, 65, 66, 69, 66, 67, 66, 73, 71, 73, 79, 82, 78, 78, 80,
    77, 76, 75, 71, 71, 73, 72, 70, 73, 77, 76, 77, 81, 80, 78, 77, 76,
    76, 75, 72, 72, 74, 80, 81, 84, 82, 79, 77, 75, 75, 76, 74, 78, 76,
    76, 81, 79, 75, 73, 73, 72, 71, 72, 69, 71, 71, 76, 76, 76, 76, 77,
    75, 70, 73, 73, 72, 71, 72, 67, 67, 68, 71, 71, 72, 71, 69, 68, 71,
    72 ]
