%YAML:1.0
---
videoName: "headNod21.mp4"
gestureLabel: 202
fps: 29
pixelSizeInCmTemp: 3.2808219178082193e-01
faceCenterPointX: 253
faceCenterPointY: 78
headPositionsX: [ 251, 257, 256, 253, 254, 255, 254, 254, 256, 255, 256,
    255, 254, 257, 254, 255, 257, 253, 255, 256, 257, 255, 257, 256, 253,
    256, 253, 252, 256, 253, 255, 256, 258, 257, 254, 255, 254, 256, 256,
    254, 256, 254, 256, 258, 254, 256, 253, 253, 257, 255, 252, 252, 253,
    256, 253, 255, 254, 255, 255, 251, 254, 252, 253, 252, 253, 252, 253,
    251, 253, 252, 254, 249, 249, 252, 249, 250, 251, 252, 248, 251, 249,
    250, 251, 253, 249, 252, 254, 252, 251, 254, 251, 254, 254, 255, 255,
    255, 252, 253, 255, 255 ]
headPositionsY: [ 77, 81, 78, 79, 79, 79, 76, 77, 77, 78, 80, 80, 76, 79,
    78, 79, 77, 81, 80, 81, 80, 79, 80, 78, 80, 78, 82, 77, 78, 83, 80,
    83, 82, 79, 80, 75, 73, 76, 76, 78, 80, 81, 83, 84, 80, 81, 79, 78,
    75, 78, 82, 82, 86, 83, 82, 82, 80, 75, 77, 75, 78, 79, 81, 82, 84,
    82, 79, 79, 79, 74, 78, 76, 79, 79, 81, 82, 83, 82, 78, 76, 77, 76,
    78, 81, 80, 77, 79, 78, 81, 80, 81, 78, 77, 78, 76, 78, 79, 77, 80,
    81 ]
