%YAML:1.0
---
videoName: "headNod32.mp4"
gestureLabel: 202
fps: 29
pixelSizeInCmTemp: 2.8855421686746985e-01
faceCenterPointX: 266
faceCenterPointY: 74
headPositionsX: [ 268, 270, 269, 267, 270, 265, 267, 266, 267, 266, 264,
    265, 267, 263, 264, 264, 269, 264, 265, 264, 266, 264, 265, 266, 265,
    265, 265, 266, 266, 264, 265, 266, 265, 265, 266, 266, 268, 269, 270,
    266, 269, 266, 268, 268, 266, 267, 269, 269, 269, 267, 269, 266, 269,
    269, 269, 268, 265, 266, 266, 267, 268, 265, 269, 269, 268, 266, 267,
    267, 265, 266, 267, 265, 266, 264, 265, 268, 265, 265, 268, 267, 266,
    265, 266, 263, 267, 267, 267, 265, 269, 268, 266, 269, 270, 268, 267,
    267, 266, 265, 266, 267 ]
headPositionsY: [ 73, 77, 80, 77, 80, 76, 76, 76, 79, 76, 77, 77, 80, 76,
    78, 80, 78, 76, 76, 76, 79, 75, 75, 75, 79, 78, 77, 75, 79, 76, 77,
    79, 78, 76, 79, 78, 80, 77, 76, 78, 78, 78, 76, 77, 77, 78, 78, 78,
    79, 75, 78, 78, 77, 76, 75, 77, 75, 75, 74, 74, 70, 68, 64, 65, 66,
    66, 69, 72, 80, 81, 89, 88, 90, 85, 85, 80, 76, 74, 70, 71, 71, 69,
    70, 70, 70, 73, 76, 72, 73, 74, 74, 74, 74, 74, 74, 74, 77, 76, 75,
    75 ]
