%YAML:1.0
---
videoName: "headNod20.mp4"
gestureLabel: 202
fps: 30
pixelSizeInCmTemp: 3.2808219178082193e-01
faceCenterPointX: 253
faceCenterPointY: 80
headPositionsX: [ 255, 256, 255, 257, 255, 254, 255, 255, 255, 257, 256,
    254, 253, 254, 257, 256, 256, 254, 253, 255, 255, 253, 256, 257, 258,
    255, 256, 253, 256, 256, 256, 257, 254, 258, 258, 256, 254, 255, 256,
    254, 256, 252, 253, 255, 255, 255, 254, 254, 252, 253, 251, 253, 251,
    253, 250, 249, 253, 251, 252, 251, 253, 252, 254, 253, 252, 254, 252,
    252, 252, 252, 253, 252, 255, 251, 253, 253, 253, 255, 251, 250, 250,
    252, 252, 253, 253, 250, 251, 253, 254, 254, 254, 252, 253, 252, 252,
    254, 252, 254, 254, 254 ]
headPositionsY: [ 78, 79, 79, 76, 78, 76, 77, 78, 78, 78, 79, 79, 80, 80,
    77, 75, 78, 76, 76, 79, 78, 77, 78, 76, 77, 78, 78, 81, 82, 84, 84,
    84, 85, 89, 85, 85, 80, 75, 73, 70, 71, 73, 72, 75, 79, 81, 83, 87,
    89, 88, 87, 83, 79, 80, 76, 76, 79, 78, 80, 80, 82, 85, 80, 78, 79,
    78, 82, 78, 81, 84, 82, 82, 79, 79, 77, 78, 79, 78, 81, 82, 79, 79,
    82, 81, 81, 80, 83, 83, 81, 82, 78, 83, 80, 80, 79, 81, 81, 81, 81,
    82 ]
