%YAML:1.0
---
videoName: "headNod19.mp4"
gestureLabel: 202
fps: 29
pixelSizeInCmTemp: 3.1933333333333330e-01
faceCenterPointX: 255
faceCenterPointY: 81
headPositionsX: [ 256, 257, 258, 258, 255, 254, 259, 257, 257, 256, 254,
    256, 256, 252, 254, 254, 253, 255, 250, 251, 253, 251, 248, 249, 252,
    252, 248, 251, 250, 254, 252, 249, 254, 251, 252, 253, 253, 254, 252,
    256, 253, 257, 254, 255, 256, 254, 257, 256, 255, 254, 255, 255, 256,
    255, 257, 254, 254, 254, 253, 253, 255, 253, 254, 257, 253, 255, 254,
    254, 257, 255, 257, 256, 258, 254, 257, 254, 255, 253, 254, 256, 253,
    256, 257, 255, 255, 254, 257, 255, 256, 256, 254, 254, 255, 255, 256,
    256, 257, 254, 258, 253 ]
headPositionsY: [ 80, 85, 82, 81, 79, 79, 78, 77, 78, 79, 77, 77, 77, 76,
    76, 76, 78, 77, 77, 79, 79, 79, 76, 77, 81, 77, 81, 79, 81, 81, 80,
    78, 78, 81, 79, 77, 77, 80, 78, 79, 80, 77, 80, 80, 80, 77, 80, 81,
    81, 80, 77, 78, 77, 77, 80, 77, 77, 81, 80, 79, 78, 77, 80, 78, 83,
    79, 79, 77, 76, 76, 73, 74, 74, 74, 78, 83, 84, 86, 80, 77, 77, 76,
    79, 78, 85, 86, 86, 84, 82, 82, 80, 80, 81, 82, 80, 81, 85, 80, 84,
    83 ]
