%YAML:1.0
---
videoName: "headNod42.mp4"
gestureLabel: 202
fps: 30
pixelSizeInCmTemp: 3.0316455696202532e-01
faceCenterPointX: 265
faceCenterPointY: 77
headPositionsX: [ 267, 267, 269, 268, 267, 269, 270, 271, 268, 268, 269,
    268, 267, 267, 270, 271, 268, 269, 269, 270, 266, 269, 267, 269, 270,
    266, 264, 267, 264, 267, 263, 266, 264, 264, 267, 266, 268, 266, 265,
    265, 266, 266, 267, 262, 266, 266, 265, 263, 265, 266, 266, 262, 266,
    264, 264, 267, 266, 263, 264, 266, 267, 263, 262, 266, 263, 267, 266,
    263, 265, 266, 267, 267, 268, 266, 267, 268, 265, 268, 267, 266, 265,
    265, 266, 266, 266, 267, 265, 267, 265, 266, 264, 267, 265, 265, 263,
    267, 266, 268, 267, 265 ]
headPositionsY: [ 77, 76, 75, 74, 76, 76, 77, 76, 77, 78, 75, 78, 77, 74,
    76, 71, 66, 67, 63, 67, 69, 69, 71, 76, 80, 83, 86, 93, 93, 89, 90,
    86, 77, 74, 78, 67, 69, 67, 69, 72, 74, 77, 82, 82, 82, 85, 82, 76,
    75, 74, 69, 69, 70, 74, 73, 78, 79, 84, 82, 85, 86, 83, 80, 78, 77,
    74, 74, 76, 72, 76, 74, 80, 80, 83, 80, 79, 78, 76, 78, 72, 73, 74,
    73, 75, 77, 79, 82, 84, 82, 80, 82, 79, 78, 78, 79, 75, 78, 77, 75,
    76 ]
