%YAML:1.0
---
videoName: "headNod18.mp4"
gestureLabel: 202
fps: 29
pixelSizeInCmTemp: 3.3263888888888887e-01
faceCenterPointX: 255
faceCenterPointY: 77
headPositionsX: [ 257, 256, 258, 257, 256, 256, 255, 254, 256, 257, 255,
    258, 256, 255, 257, 256, 254, 254, 255, 253, 257, 256, 255, 254, 255,
    257, 256, 257, 255, 255, 254, 255, 256, 256, 256, 257, 254, 256, 253,
    256, 257, 256, 256, 254, 253, 254, 258, 257, 254, 255, 254, 255, 252,
    255, 253, 254, 252, 252, 252, 254, 256, 254, 254, 253, 257, 253, 255,
    254, 256, 252, 254, 256, 256, 256, 255, 254, 255, 253, 253, 255, 253,
    254, 251, 253, 256, 253, 255, 253, 254, 254, 253, 252, 253, 255, 256,
    255, 257, 255, 253, 257 ]
headPositionsY: [ 77, 77, 78, 76, 80, 79, 76, 79, 75, 79, 78, 77, 77, 76,
    77, 75, 80, 76, 77, 76, 78, 78, 78, 80, 80, 76, 78, 78, 81, 79, 78,
    77, 79, 80, 79, 80, 78, 80, 77, 79, 73, 74, 72, 73, 73, 74, 70, 70,
    73, 75, 74, 81, 77, 82, 80, 81, 79, 74, 73, 74, 73, 74, 76, 77, 81,
    84, 82, 77, 77, 75, 76, 76, 77, 80, 81, 83, 84, 79, 78, 74, 76, 76,
    73, 75, 80, 81, 81, 80, 82, 78, 80, 77, 79, 78, 78, 79, 79, 80, 79,
    78 ]
