%YAML:1.0
---
videoName: "headNod43.mp4"
gestureLabel: 202
fps: 29
pixelSizeInCmTemp: 2.8855421686746985e-01
faceCenterPointX: 268
faceCenterPointY: 74
headPositionsX: [ 269, 270, 269, 268, 271, 270, 268, 270, 270, 268, 269,
    267, 270, 267, 270, 266, 267, 268, 269, 266, 270, 271, 266, 269, 268,
    267, 266, 265, 266, 264, 266, 267, 266, 263, 267, 267, 265, 263, 265,
    265, 263, 262, 267, 262, 265, 264, 268, 267, 268, 267, 267, 264, 266,
    265, 262, 264, 264, 264, 263, 264, 265, 264, 262, 265, 267, 263, 268,
    267, 264, 270, 266, 269, 268, 266, 265, 265, 267, 267, 269, 267, 271,
    268, 267, 270, 269, 267, 269, 270, 269, 267, 269, 267, 266, 267, 268,
    270, 268, 267, 268, 269 ]
headPositionsY: [ 75, 76, 75, 76, 78, 77, 75, 74, 77, 77, 77, 76, 76, 74,
    76, 74, 76, 76, 77, 76, 76, 76, 73, 77, 76, 77, 82, 84, 88, 88, 92,
    89, 89, 84, 77, 79, 77, 81, 80, 85, 90, 90, 89, 89, 84, 81, 79, 81,
    82, 85, 90, 92, 91, 90, 90, 87, 85, 80, 80, 83, 89, 88, 92, 91, 90,
    85, 83, 82, 79, 80, 81, 82, 85, 88, 92, 89, 90, 87, 86, 79, 80, 75,
    73, 73, 74, 70, 74, 75, 76, 74, 73, 75, 74, 75, 74, 76, 74, 74, 73,
    74 ]
