%YAML:1.0
---
videoName: "headNod15.mp4"
gestureLabel: 202
fps: 29
pixelSizeInCmTemp: 3.1933333333333330e-01
faceCenterPointX: 255
faceCenterPointY: 74
headPositionsX: [ 256, 259, 257, 256, 258, 259, 256, 259, 256, 256, 258,
    255, 255, 256, 254, 255, 256, 255, 253, 257, 258, 255, 254, 258, 257,
    256, 256, 255, 254, 256, 257, 255, 258, 256, 253, 254, 253, 255, 254,
    255, 256, 255, 253, 255, 256, 255, 254, 254, 253, 254, 253, 255, 256,
    254, 257, 256, 252, 255, 257, 256, 256, 254, 254, 255, 257, 256, 259,
    258, 254, 256, 253, 257, 254, 254, 252, 254, 251, 253, 252, 252, 254,
    255, 253, 254, 256, 254, 255, 254, 252, 253, 254, 252, 254, 256, 255,
    256, 255, 252, 252, 252 ]
headPositionsY: [ 74, 72, 72, 72, 74, 76, 74, 74, 75, 73, 71, 72, 72, 75,
    71, 75, 71, 72, 75, 74, 73, 72, 72, 73, 75, 73, 75, 72, 72, 73, 75,
    75, 74, 74, 72, 77, 75, 79, 82, 81, 82, 82, 80, 78, 73, 71, 73, 70,
    71, 73, 77, 81, 83, 80, 78, 76, 75, 71, 71, 71, 68, 71, 72, 77, 81,
    85, 82, 80, 78, 78, 71, 70, 70, 70, 72, 74, 75, 76, 79, 74, 74, 71,
    71, 69, 71, 68, 71, 71, 74, 73, 76, 74, 75, 74, 72, 73, 75, 70, 75,
    75 ]
