%YAML:1.0
---
videoName: "headNod42.mp4"
gestureLabel: 202
fps: 30
pixelSizeInCmTemp: 3.0316455696202532e-01
faceCenterPointX: 265
faceCenterPointY: 77
headPositionsX: [ 266, 268, 269, 266, 270, 269, 269, 270, 271, 271, 267,
    268, 267, 268, 270, 272, 270, 270, 268, 271, 267, 268, 270, 266, 267,
    267, 264, 267, 266, 267, 267, 266, 267, 267, 268, 266, 265, 268, 265,
    266, 264, 267, 263, 264, 267, 264, 262, 266, 267, 263, 268, 265, 266,
    266, 263, 263, 263, 264, 264, 264, 265, 265, 266, 267, 267, 267, 268,
    265, 263, 267, 267, 263, 264, 264, 263, 267, 268, 264, 266, 267, 266,
    263, 268, 268, 268, 268, 266, 267, 265, 265, 267, 264, 267, 264, 264,
    263, 268, 266, 267, 265 ]
headPositionsY: [ 78, 74, 77, 75, 75, 74, 76, 76, 76, 79, 79, 77, 78, 76,
    76, 71, 69, 65, 66, 66, 69, 69, 67, 74, 81, 84, 90, 93, 89, 89, 89,
    83, 81, 76, 75, 68, 69, 69, 67, 73, 73, 77, 79, 82, 86, 83, 81, 78,
    73, 72, 72, 72, 69, 73, 75, 76, 81, 85, 82, 86, 82, 84, 80, 78, 77,
    72, 76, 73, 75, 74, 77, 80, 83, 83, 78, 77, 78, 74, 76, 74, 76, 76,
    77, 78, 78, 81, 79, 82, 82, 80, 79, 79, 76, 79, 80, 76, 78, 79, 77,
    78 ]
