%YAML:1.0
---
videoName: "headNod34.mp4"
gestureLabel: 202
fps: 29
pixelSizeInCmTemp: 2.9567901234567900e-01
faceCenterPointX: 266
faceCenterPointY: 78
headPositionsX: [ 264, 268, 268, 266, 271, 267, 270, 271, 270, 268, 270,
    266, 268, 271, 271, 267, 269, 271, 272, 266, 269, 270, 269, 270, 270,
    270, 269, 270, 270, 271, 269, 270, 269, 268, 271, 271, 271, 272, 270,
    272, 271, 268, 269, 272, 270, 269, 271, 267, 270, 270, 268, 270, 270,
    269, 267, 269, 270, 270, 271, 272, 269, 272, 272, 269, 268, 272, 271,
    270, 270, 269, 269, 266, 267, 267, 264, 267, 265, 266, 265, 268, 266,
    264, 266, 266, 265, 266, 267, 268, 265, 267, 265, 268, 265, 266, 266,
    264, 265, 266, 265, 269 ]
headPositionsY: [ 76, 78, 75, 74, 75, 76, 75, 75, 76, 77, 79, 76, 78, 77,
    75, 77, 75, 78, 75, 73, 75, 78, 79, 77, 78, 79, 75, 75, 76, 74, 77,
    78, 76, 76, 75, 77, 78, 73, 74, 72, 71, 73, 73, 74, 79, 83, 91, 87,
    85, 84, 81, 77, 72, 71, 72, 71, 74, 78, 80, 82, 83, 83, 82, 79, 78,
    80, 76, 78, 81, 79, 81, 85, 84, 82, 83, 81, 77, 79, 75, 78, 81, 81,
    81, 85, 85, 83, 81, 78, 80, 79, 78, 81, 79, 78, 78, 80, 79, 79, 80,
    79 ]
