%YAML:1.0
---
videoName: "headNod35.mp4"
gestureLabel: 202
fps: 30
pixelSizeInCmTemp: 2.9937500000000000e-01
faceCenterPointX: 268
faceCenterPointY: 78
headPositionsX: [ 268, 265, 268, 270, 268, 270, 271, 270, 269, 270, 272,
    272, 272, 267, 268, 270, 272, 271, 270, 272, 267, 270, 269, 269, 267,
    271, 269, 271, 269, 272, 272, 272, 271, 271, 268, 268, 270, 271, 269,
    268, 268, 267, 269, 268, 270, 270, 268, 269, 270, 270, 272, 268, 271,
    270, 266, 267, 269, 267, 268, 266, 268, 266, 270, 271, 271, 267, 270,
    270, 267, 269, 271, 268, 270, 271, 269, 270, 269, 268, 268, 270, 266,
    269, 269, 269, 268, 265, 264, 267, 267, 264, 268, 268, 269, 266, 264,
    268, 265, 265, 270, 268 ]
headPositionsY: [ 77, 78, 77, 77, 73, 78, 77, 74, 76, 75, 78, 77, 75, 76,
    77, 75, 76, 76, 75, 74, 77, 77, 77, 77, 74, 74, 78, 74, 71, 67, 70,
    68, 71, 71, 71, 76, 79, 83, 91, 91, 91, 92, 89, 85, 80, 78, 75, 72,
    74, 74, 77, 78, 85, 87, 89, 88, 87, 86, 79, 83, 73, 70, 72, 75, 72,
    75, 78, 79, 84, 87, 88, 86, 82, 80, 74, 78, 76, 75, 74, 79, 82, 82,
    88, 88, 86, 83, 84, 84, 81, 82, 81, 79, 81, 77, 77, 77, 79, 78, 78,
    77 ]
