%YAML:1.0
---
videoName: "headNod38.mp4"
gestureLabel: 202
fps: 29
pixelSizeInCmTemp: 2.9937500000000000e-01
faceCenterPointX: 267
faceCenterPointY: 73
headPositionsX: [ 265, 266, 266, 264, 266, 265, 267, 268, 266, 265, 268,
    264, 266, 266, 266, 267, 266, 266, 265, 268, 268, 266, 264, 265, 266,
    267, 268, 264, 264, 265, 264, 263, 267, 265, 263, 265, 265, 264, 266,
    264, 267, 264, 265, 266, 265, 265, 266, 267, 269, 265, 268, 265, 266,
    269, 268, 269, 266, 268, 269, 267, 269, 269, 269, 270, 270, 270, 266,
    271, 266, 269, 269, 267, 269, 268, 265, 266, 268, 266, 268, 266, 266,
    268, 267, 269, 269, 267, 268, 266, 269, 266, 269, 269, 267, 267, 266,
    265, 266, 266, 267, 266 ]
headPositionsY: [ 73, 74, 72, 75, 77, 79, 84, 86, 85, 85, 81, 76, 76, 76,
    76, 82, 83, 84, 88, 85, 81, 81, 76, 73, 77, 77, 81, 86, 87, 86, 88,
    86, 80, 81, 75, 74, 74, 75, 75, 79, 84, 88, 86, 88, 87, 81, 78, 75,
    75, 70, 70, 70, 72, 76, 79, 80, 85, 87, 86, 81, 80, 76, 77, 75, 76,
    75, 71, 73, 73, 77, 79, 83, 82, 83, 86, 83, 86, 82, 77, 78, 73, 75,
    72, 72, 72, 73, 73, 73, 75, 70, 73, 75, 72, 73, 71, 71, 75, 73, 71,
    72 ]
