%YAML:1.0
---
videoName: "headNod11.mp4"
gestureLabel: 202
fps: 29
pixelSizeInCmTemp: 3.2364864864864862e-01
faceCenterPointX: 261
faceCenterPointY: 75
headPositionsX: [ 260, 259, 260, 258, 258, 258, 258, 258, 257, 261, 259,
    257, 259, 262, 260, 259, 260, 262, 260, 261, 261, 258, 258, 260, 260,
    259, 262, 259, 261, 261, 259, 260, 262, 261, 258, 260, 263, 260, 261,
    258, 258, 258, 262, 262, 259, 259, 259, 262, 262, 259, 261, 259, 262,
    261, 262, 263, 261, 260, 261, 262, 257, 259, 261, 257, 258, 258, 260,
    259, 256, 259, 256, 255, 260, 260, 257, 257, 256, 256, 257, 257, 256,
    260, 260, 261, 257, 258, 259, 260, 259, 259, 262, 259, 257, 257, 259,
    261, 258, 260, 259, 258 ]
headPositionsY: [ 74, 75, 76, 74, 76, 75, 76, 74, 73, 75, 73, 74, 76, 76,
    72, 73, 72, 76, 74, 73, 73, 75, 74, 76, 76, 73, 75, 75, 74, 77, 74,
    76, 77, 72, 74, 74, 77, 75, 73, 74, 75, 75, 73, 74, 73, 77, 75, 72,
    71, 71, 68, 69, 68, 70, 71, 73, 75, 74, 75, 78, 80, 79, 75, 73, 72,
    70, 66, 69, 72, 74, 73, 76, 76, 79, 84, 82, 81, 75, 78, 72, 72, 69,
    69, 71, 76, 76, 76, 81, 78, 80, 78, 76, 76, 75, 74, 75, 77, 77, 75,
    73 ]
