%YAML:1.0
---
videoName: "headNod32.mp4"
gestureLabel: 202
fps: 29
pixelSizeInCmTemp: 2.8855421686746985e-01
faceCenterPointX: 266
faceCenterPointY: 74
headPositionsX: [ 268, 268, 270, 266, 270, 268, 266, 267, 265, 268, 265,
    263, 265, 265, 264, 265, 266, 265, 265, 264, 266, 265, 267, 265, 267,
    268, 265, 267, 266, 264, 266, 267, 266, 266, 268, 268, 267, 266, 269,
    267, 267, 270, 267, 269, 268, 265, 270, 270, 269, 269, 266, 269, 265,
    266, 267, 268, 267, 269, 266, 266, 268, 269, 268, 268, 265, 267, 269,
    265, 265, 268, 265, 268, 265, 266, 264, 266, 265, 264, 264, 265, 263,
    265, 263, 266, 265, 266, 269, 267, 267, 265, 266, 268, 270, 267, 268,
    266, 265, 266, 268, 264 ]
headPositionsY: [ 73, 76, 76, 76, 77, 80, 77, 79, 79, 79, 77, 77, 80, 76,
    79, 79, 75, 76, 79, 77, 78, 78, 78, 76, 75, 79, 76, 78, 80, 78, 78,
    80, 78, 76, 78, 79, 79, 79, 77, 78, 79, 78, 79, 75, 78, 76, 77, 79,
    78, 76, 80, 76, 79, 79, 76, 75, 76, 76, 74, 74, 66, 66, 65, 64, 67,
    67, 66, 75, 76, 81, 85, 87, 89, 86, 83, 78, 74, 75, 72, 71, 71, 71,
    71, 70, 71, 74, 73, 73, 75, 74, 74, 77, 77, 74, 75, 74, 73, 72, 73,
    72 ]
