%YAML:1.0
---
videoName: "headNod31.mp4"
gestureLabel: 202
fps: 29
pixelSizeInCmTemp: 2.8855421686746985e-01
faceCenterPointX: 267
faceCenterPointY: 75
headPositionsX: [ 268, 272, 271, 270, 272, 272, 272, 272, 269, 269, 272,
    272, 269, 272, 269, 269, 269, 266, 266, 269, 266, 265, 267, 264, 265,
    268, 267, 266, 270, 266, 270, 266, 272, 269, 269, 268, 267, 267, 266,
    267, 270, 268, 270, 267, 264, 265, 267, 267, 270, 266, 266, 269, 266,
    268, 267, 264, 266, 264, 268, 268, 267, 268, 268, 267, 269, 266, 266,
    269, 269, 268, 266, 268, 266, 268, 265, 265, 268, 266, 264, 265, 270,
    264, 265, 267, 269, 264, 265, 265, 265, 264, 266, 269, 265, 269, 268,
    269, 265, 267, 266, 268 ]
headPositionsY: [ 74, 75, 75, 74, 76, 75, 73, 65, 64, 68, 64, 65, 64, 68,
    77, 78, 83, 83, 88, 83, 84, 82, 79, 77, 76, 72, 73, 74, 68, 70, 70,
    71, 74, 75, 77, 84, 83, 86, 86, 87, 85, 83, 79, 76, 73, 72, 72, 74,
    76, 78, 83, 82, 86, 82, 85, 78, 80, 74, 71, 72, 71, 72, 67, 71, 71,
    73, 75, 77, 80, 80, 82, 79, 79, 76, 73, 74, 70, 73, 72, 70, 75, 74,
    73, 77, 77, 78, 79, 74, 74, 72, 76, 73, 76, 74, 75, 75, 74, 75, 77,
    74 ]
