%YAML:1.0
---
videoName: "headNod10.mp4"
gestureLabel: 202
fps: 29
pixelSizeInCmTemp: 3.2808219178082193e-01
faceCenterPointX: 260
faceCenterPointY: 67
headPositionsX: [ 262, 260, 260, 258, 257, 259, 257, 256, 257, 256, 258,
    258, 257, 257, 258, 257, 260, 258, 257, 259, 260, 259, 260, 257, 257,
    261, 259, 261, 260, 257, 259, 261, 261, 259, 257, 257, 258, 260, 260,
    260, 257, 257, 260, 260, 260, 259, 258, 262, 261, 263, 263, 261, 258,
    260, 262, 260, 260, 261, 260, 258, 263, 262, 259, 261, 258, 259, 262,
    257, 259, 262, 258, 256, 260, 259, 259, 261, 257, 257, 260, 261, 258,
    260, 257, 257, 257, 257, 259, 259, 262, 261, 260, 261, 259, 261, 259,
    258, 259, 261, 258, 263 ]
headPositionsY: [ 69, 70, 69, 71, 71, 68, 68, 68, 69, 69, 69, 71, 68, 72,
    70, 67, 72, 72, 72, 68, 72, 70, 71, 72, 68, 70, 72, 69, 72, 69, 70,
    70, 72, 70, 71, 73, 72, 68, 70, 71, 72, 75, 69, 69, 67, 66, 63, 63,
    61, 62, 65, 66, 68, 73, 73, 76, 74, 73, 67, 64, 64, 62, 64, 67, 65,
    68, 69, 74, 78, 74, 76, 74, 71, 68, 66, 64, 67, 66, 70, 74, 74, 77,
    73, 76, 69, 72, 68, 68, 69, 65, 65, 65, 67, 68, 69, 64, 65, 66, 68,
    70 ]
