%YAML:1.0
---
videoName: "headNod41.mp4"
gestureLabel: 202
fps: 29
pixelSizeInCmTemp: 2.9937500000000000e-01
faceCenterPointX: 267
faceCenterPointY: 76
headPositionsX: [ 266, 270, 271, 272, 269, 271, 272, 270, 269, 271, 269,
    267, 272, 271, 272, 269, 271, 272, 270, 270, 270, 271, 273, 272, 269,
    270, 271, 270, 271, 272, 268, 269, 271, 271, 268, 268, 272, 270, 268,
    270, 270, 268, 267, 267, 271, 267, 268, 270, 270, 266, 265, 267, 268,
    270, 270, 267, 266, 271, 268, 267, 268, 266, 269, 267, 268, 267, 268,
    267, 270, 267, 267, 268, 266, 269, 269, 265, 268, 268, 265, 269, 268,
    268, 268, 267, 268, 269, 268, 266, 269, 268, 266, 268, 269, 265, 269,
    266, 267, 265, 268, 268 ]
headPositionsY: [ 76, 69, 74, 71, 73, 73, 72, 75, 73, 73, 72, 75, 73, 72,
    76, 72, 73, 72, 72, 75, 74, 72, 74, 75, 74, 73, 75, 73, 76, 72, 71,
    74, 75, 73, 72, 76, 76, 73, 75, 76, 82, 82, 87, 89, 90, 90, 91, 89,
    86, 77, 76, 71, 69, 67, 66, 64, 67, 71, 70, 79, 79, 85, 94, 95, 93,
    89, 87, 82, 76, 73, 73, 71, 73, 73, 71, 76, 81, 83, 81, 86, 80, 78,
    75, 72, 74, 75, 74, 74, 75, 73, 79, 81, 79, 79, 81, 78, 78, 76, 75,
    76 ]
