%YAML:1.0
---
videoName: "headNod8.mp4"
gestureLabel: 202
fps: 29
pixelSizeInCmTemp: 3.1933333333333330e-01
faceCenterPointX: 262
faceCenterPointY: 74
headPositionsX: [ 260, 261, 261, 260, 259, 263, 260, 260, 262, 263, 260,
    261, 264, 263, 259, 262, 259, 261, 263, 262, 260, 261, 264, 264, 262,
    262, 263, 261, 261, 261, 262, 259, 261, 263, 260, 261, 261, 263, 262,
    263, 262, 260, 263, 261, 263, 263, 264, 261, 260, 261, 263, 259, 264,
    261, 262, 261, 262, 260, 262, 259, 263, 261, 259, 261, 259, 260, 261,
    263, 263, 263, 263, 261, 259, 260, 261, 258, 258, 260, 259, 263, 261,
    261, 264, 262, 263, 260, 260, 260, 261, 261, 263, 265, 264, 263, 261,
    262, 263, 265, 264, 261 ]
headPositionsY: [ 76, 75, 74, 76, 77, 78, 78, 78, 76, 76, 76, 77, 75, 77,
    77, 78, 78, 77, 75, 76, 77, 78, 78, 75, 74, 73, 75, 75, 75, 75, 75,
    78, 76, 77, 77, 76, 76, 77, 73, 77, 74, 72, 71, 69, 68, 69, 66, 72,
    69, 73, 76, 82, 81, 84, 83, 78, 76, 75, 71, 72, 72, 67, 70, 76, 76,
    81, 82, 82, 81, 79, 76, 73, 72, 69, 68, 72, 72, 75, 77, 82, 84, 81,
    81, 79, 76, 72, 72, 74, 70, 73, 74, 73, 78, 79, 78, 77, 80, 76, 77,
    77 ]
