%YAML:1.0
---
videoName: "headNod37.mp4"
gestureLabel: 202
fps: 29
pixelSizeInCmTemp: 2.9207317073170730e-01
faceCenterPointX: 269
faceCenterPointY: 78
headPositionsX: [ 268, 272, 269, 273, 271, 270, 272, 268, 270, 269, 272,
    269, 273, 270, 271, 268, 271, 267, 268, 268, 270, 271, 268, 268, 269,
    267, 270, 268, 268, 270, 270, 269, 268, 272, 267, 269, 268, 270, 271,
    271, 269, 270, 267, 270, 271, 267, 268, 269, 271, 269, 267, 271, 270,
    269, 270, 270, 272, 271, 269, 271, 268, 269, 266, 268, 267, 267, 265,
    268, 264, 267, 269, 265, 268, 267, 267, 268, 270, 270, 267, 272, 270,
    271, 269, 270, 268, 272, 267, 271, 268, 271, 271, 269, 271, 271, 271,
    271, 268, 270, 267, 268 ]
headPositionsY: [ 77, 74, 77, 77, 74, 75, 74, 77, 77, 73, 74, 77, 74, 73,
    76, 77, 75, 75, 77, 74, 78, 76, 78, 76, 74, 75, 73, 75, 77, 75, 74,
    77, 77, 79, 74, 73, 74, 74, 76, 76, 78, 77, 77, 73, 74, 78, 76, 74,
    78, 76, 75, 75, 73, 71, 65, 66, 63, 68, 68, 67, 73, 71, 81, 82, 89,
    86, 89, 84, 84, 78, 74, 71, 69, 67, 66, 65, 63, 68, 69, 69, 71, 74,
    77, 78, 82, 83, 82, 84, 81, 80, 79, 80, 78, 76, 79, 79, 79, 76, 76,
    77 ]
