%YAML:1.0
---
videoName: "headNod29.mp4"
gestureLabel: 202
fps: 29
pixelSizeInCmTemp: 3.1933333333333330e-01
faceCenterPointX: 271
faceCenterPointY: 70
headPositionsX: [ 270, 275, 275, 274, 274, 273, 272, 275, 275, 275, 271,
    275, 275, 271, 270, 274, 272, 270, 275, 270, 270, 271, 274, 274, 271,
    274, 273, 272, 272, 269, 270, 269, 272, 269, 270, 269, 269, 270, 274,
    271, 272, 272, 272, 273, 269, 273, 269, 272, 272, 272, 271, 270, 272,
    270, 273, 271, 268, 270, 269, 272, 271, 271, 268, 273, 270, 270, 272,
    272, 268, 270, 268, 273, 272, 273, 269, 271, 272, 273, 273, 271, 271,
    269, 273, 270, 271, 270, 273, 269, 269, 270, 273, 269, 273, 272, 268,
    270, 273, 270, 270, 270 ]
headPositionsY: [ 70, 71, 72, 75, 76, 77, 78, 78, 79, 78, 80, 81, 75, 77,
    72, 68, 70, 67, 69, 66, 68, 68, 67, 73, 75, 74, 79, 81, 77, 80, 80,
    75, 77, 71, 71, 71, 73, 72, 74, 73, 74, 77, 78, 77, 79, 78, 75, 74,
    73, 72, 75, 72, 75, 77, 80, 80, 83, 80, 78, 76, 75, 73, 72, 74, 75,
    78, 78, 79, 74, 76, 74, 70, 68, 72, 69, 71, 70, 72, 76, 77, 77, 75,
    73, 70, 74, 69, 73, 69, 70, 71, 69, 67, 70, 71, 72, 69, 69, 72, 71,
    70 ]
