%YAML:1.0
---
videoName: "headNod15.mp4"
gestureLabel: 202
fps: 29
pixelSizeInCmTemp: 3.1933333333333330e-01
faceCenterPointX: 255
faceCenterPointY: 74
headPositionsX: [ 254, 257, 260, 254, 258, 256, 257, 255, 257, 257, 254,
    259, 257, 257, 256, 256, 258, 254, 256, 258, 257, 255, 254, 254, 254,
    257, 257, 257, 255, 257, 256, 256, 256, 253, 253, 254, 254, 256, 255,
    255, 255, 255, 257, 253, 253, 253, 254, 254, 255, 255, 254, 254, 255,
    255, 254, 253, 254, 256, 256, 257, 252, 257, 252, 257, 257, 256, 255,
    258, 255, 253, 253, 253, 255, 255, 253, 255, 252, 252, 251, 253, 252,
    253, 252, 252, 256, 256, 256, 253, 252, 257, 254, 256, 254, 252, 253,
    253, 254, 252, 255, 256 ]
headPositionsY: [ 76, 76, 74, 75, 74, 76, 72, 75, 73, 74, 71, 75, 74, 73,
    71, 72, 71, 73, 71, 71, 72, 72, 71, 72, 72, 72, 71, 73, 76, 72, 74,
    73, 74, 75, 75, 74, 79, 80, 80, 79, 83, 83, 77, 75, 76, 73, 73, 71,
    69, 73, 77, 79, 82, 82, 81, 78, 74, 72, 72, 71, 70, 72, 75, 81, 82,
    82, 83, 83, 77, 74, 71, 69, 69, 73, 72, 76, 75, 77, 76, 76, 75, 73,
    69, 71, 72, 69, 71, 72, 71, 74, 76, 72, 74, 71, 75, 73, 72, 73, 74,
    74 ]
