%YAML:1.0
---
videoName: "headNod6.mp4"
gestureLabel: 202
fps: 29
pixelSizeInCmTemp: 3.1513157894736843e-01
faceCenterPointX: 262
faceCenterPointY: 73
headPositionsX: [ 262, 263, 261, 262, 260, 261, 263, 262, 263, 263, 262,
    260, 264, 260, 264, 265, 261, 259, 262, 263, 264, 264, 264, 260, 264,
    263, 261, 260, 265, 260, 263, 264, 261, 262, 262, 264, 264, 264, 261,
    265, 262, 265, 261, 263, 260, 262, 260, 260, 260, 259, 263, 260, 262,
    263, 260, 264, 262, 261, 260, 258, 258, 261, 260, 261, 261, 259, 259,
    260, 259, 258, 263, 258, 259, 259, 262, 263, 259, 260, 262, 263, 263,
    262, 261, 262, 260, 259, 259, 262, 260, 264, 263, 263, 260, 263, 261,
    263, 261, 263, 259, 263 ]
headPositionsY: [ 73, 74, 74, 73, 76, 71, 72, 73, 72, 73, 73, 73, 75, 72,
    72, 75, 73, 74, 72, 72, 73, 73, 72, 74, 75, 74, 74, 75, 76, 72, 75,
    76, 73, 67, 69, 67, 64, 65, 65, 71, 73, 75, 80, 82, 83, 79, 77, 75,
    70, 67, 69, 71, 71, 76, 78, 83, 81, 82, 77, 72, 70, 70, 67, 70, 70,
    75, 79, 82, 82, 79, 80, 75, 73, 69, 67, 67, 67, 69, 72, 75, 77, 83,
    84, 84, 82, 80, 73, 73, 72, 70, 68, 70, 69, 70, 72, 71, 74, 75, 72,
    74 ]
