%YAML:1.0
---
videoName: "headNod3.mp4"
gestureLabel: 202
fps: 29
pixelSizeInCmTemp: 3.1933333333333330e-01
faceCenterPointX: 264
faceCenterPointY: 76
headPositionsX: [ 266, 264, 265, 263, 266, 265, 267, 262, 267, 265, 267,
    267, 264, 265, 264, 266, 266, 267, 265, 266, 264, 266, 267, 263, 264,
    264, 265, 266, 267, 266, 267, 265, 266, 268, 265, 268, 264, 266, 267,
    267, 264, 264, 266, 265, 265, 267, 265, 265, 265, 264, 267, 265, 266,
    265, 266, 265, 265, 265, 261, 265, 265, 263, 263, 262, 262, 263, 262,
    267, 261, 265, 262, 266, 263, 264, 264, 261, 261, 266, 261, 262, 263,
    263, 265, 263, 262, 265, 263, 263, 264, 266, 265, 264, 261, 264, 265,
    265, 266, 267, 262, 263 ]
headPositionsY: [ 78, 78, 75, 75, 79, 75, 75, 77, 75, 72, 77, 76, 74, 74,
    72, 75, 74, 74, 72, 72, 74, 70, 73, 72, 72, 72, 73, 74, 75, 74, 75,
    75, 75, 76, 77, 77, 73, 77, 73, 75, 73, 75, 74, 75, 71, 70, 68, 68,
    65, 68, 69, 70, 70, 76, 77, 82, 83, 82, 82, 80, 77, 70, 71, 68, 69,
    68, 69, 70, 76, 76, 80, 80, 79, 82, 78, 74, 72, 67, 67, 66, 64, 68,
    67, 72, 74, 74, 79, 77, 81, 82, 77, 77, 76, 75, 77, 76, 78, 75, 76,
    76 ]
