%YAML:1.0
---
videoName: "headNod26.mp4"
gestureLabel: 202
fps: 29
pixelSizeInCmTemp: 3.1513157894736843e-01
faceCenterPointX: 271
faceCenterPointY: 78
headPositionsX: [ 273, 272, 270, 270, 273, 272, 272, 272, 273, 274, 272,
    271, 271, 271, 272, 273, 274, 272, 273, 274, 274, 272, 272, 274, 271,
    272, 271, 270, 271, 274, 273, 272, 271, 273, 272, 270, 271, 270, 271,
    269, 273, 269, 271, 274, 273, 272, 269, 270, 268, 270, 270, 274, 272,
    274, 270, 273, 272, 271, 275, 272, 271, 273, 273, 273, 273, 274, 271,
    272, 272, 272, 272, 271, 270, 271, 273, 273, 272, 268, 272, 270, 269,
    269, 270, 270, 273, 273, 271, 270, 268, 272, 273, 272, 270, 270, 270,
    268, 273, 271, 273, 271 ]
headPositionsY: [ 80, 71, 72, 75, 72, 72, 71, 70, 68, 66, 67, 65, 63, 66,
    65, 65, 69, 70, 75, 73, 78, 83, 83, 84, 82, 80, 77, 74, 71, 68, 68,
    67, 68, 67, 70, 73, 73, 73, 78, 80, 77, 78, 77, 73, 72, 71, 70, 71,
    70, 69, 67, 73, 74, 77, 75, 79, 78, 76, 73, 71, 71, 70, 69, 65, 68,
    71, 66, 68, 71, 73, 75, 73, 74, 74, 74, 73, 70, 70, 70, 71, 67, 71,
    69, 71, 73, 72, 77, 77, 77, 80, 80, 78, 80, 81, 78, 78, 77, 76, 79,
    76 ]
