%YAML:1.0
---
videoName: "headNod30.mp4"
gestureLabel: 202
fps: 29
pixelSizeInCmTemp: 3.2364864864864862e-01
faceCenterPointX: 271
faceCenterPointY: 72
headPositionsX: [ 271, 270, 271, 272, 273, 272, 270, 272, 273, 272, 271,
    270, 273, 274, 270, 273, 273, 273, 273, 271, 271, 273, 272, 271, 274,
    270, 274, 273, 271, 274, 272, 273, 269, 273, 272, 269, 273, 273, 270,
    270, 269, 271, 272, 269, 268, 271, 269, 267, 271, 268, 268, 272, 269,
    268, 270, 272, 268, 271, 271, 272, 269, 273, 271, 272, 269, 271, 269,
    272, 269, 268, 269, 273, 271, 272, 269, 272, 269, 271, 269, 271, 268,
    273, 272, 273, 271, 271, 271, 271, 271, 272, 270, 272, 273, 273, 273,
    271, 274, 274, 273, 272 ]
headPositionsY: [ 70, 73, 76, 75, 76, 74, 75, 77, 73, 77, 75, 75, 77, 78,
    78, 78, 74, 76, 76, 75, 76, 74, 70, 71, 66, 67, 65, 70, 69, 71, 75,
    77, 80, 83, 80, 81, 81, 78, 76, 72, 72, 71, 70, 73, 75, 74, 79, 78,
    79, 80, 78, 76, 74, 72, 72, 72, 73, 73, 72, 77, 74, 78, 76, 77, 72,
    72, 71, 68, 70, 70, 68, 73, 71, 74, 75, 73, 76, 75, 74, 70, 71, 69,
    70, 68, 68, 73, 69, 70, 73, 74, 75, 72, 74, 74, 73, 72, 74, 71, 72,
    72 ]
