%YAML:1.0
---
videoName: "headNod33.mp4"
gestureLabel: 202
fps: 29
pixelSizeInCmTemp: 2.9567901234567900e-01
faceCenterPointX: 268
faceCenterPointY: 74
headPositionsX: [ 270, 266, 268, 269, 266, 271, 269, 268, 272, 268, 268,
    270, 272, 272, 270, 272, 272, 271, 271, 268, 271, 272, 269, 268, 271,
    271, 268, 270, 267, 269, 270, 269, 268, 268, 268, 269, 267, 268, 268,
    271, 271, 270, 272, 268, 267, 270, 269, 269, 269, 267, 267, 270, 266,
    267, 266, 266, 266, 270, 265, 265, 268, 268, 265, 267, 266, 267, 267,
    268, 267, 269, 265, 268, 265, 266, 268, 269, 271, 268, 270, 268, 269,
    271, 268, 269, 266, 267, 269, 268, 269, 269, 269, 269, 269, 268, 266,
    268, 268, 270, 266, 267 ]
headPositionsY: [ 74, 72, 73, 70, 71, 71, 71, 70, 72, 71, 74, 70, 70, 72,
    71, 73, 72, 69, 72, 69, 75, 70, 73, 73, 72, 72, 71, 74, 74, 73, 73,
    72, 71, 75, 76, 76, 75, 77, 74, 69, 66, 66, 67, 65, 66, 64, 73, 73,
    78, 82, 85, 81, 82, 79, 74, 75, 71, 71, 70, 70, 70, 70, 74, 73, 73,
    78, 76, 78, 76, 77, 73, 74, 75, 71, 69, 69, 69, 72, 73, 75, 76, 75,
    78, 76, 78, 79, 77, 76, 74, 78, 75, 77, 76, 77, 76, 74, 77, 75, 76,
    75 ]
