%YAML:1.0
---
videoName: "headNod22.mp4"
gestureLabel: 202
fps: 29
pixelSizeInCmTemp: 3.1513157894736843e-01
faceCenterPointX: 252
faceCenterPointY: 80
headPositionsX: [ 250, 254, 252, 252, 251, 251, 253, 254, 251, 254, 252,
    253, 253, 252, 253, 254, 253, 252, 253, 254, 253, 251, 254, 255, 255,
    255, 252, 252, 253, 253, 253, 254, 254, 252, 255, 256, 251, 253, 257,
    255, 253, 254, 252, 254, 250, 252, 255, 255, 253, 253, 253, 251, 250,
    253, 254, 252, 251, 253, 253, 252, 251, 254, 255, 250, 251, 251, 251,
    251, 253, 252, 253, 253, 250, 254, 253, 251, 250, 251, 251, 255, 253,
    251, 250, 252, 250, 251, 253, 252, 253, 252, 249, 252, 251, 250, 249,
    249, 251, 250, 254, 253 ]
headPositionsY: [ 82, 80, 78, 77, 76, 78, 78, 76, 80, 79, 76, 79, 78, 80,
    79, 79, 81, 77, 80, 79, 79, 81, 79, 79, 82, 84, 82, 81, 83, 77, 77,
    75, 74, 71, 70, 75, 75, 80, 79, 80, 87, 81, 80, 79, 75, 73, 71, 72,
    73, 74, 76, 78, 81, 82, 85, 84, 83, 77, 73, 73, 71, 70, 74, 72, 78,
    77, 79, 79, 77, 76, 75, 76, 73, 74, 75, 79, 79, 82, 78, 82, 79, 74,
    76, 79, 78, 81, 81, 79, 79, 80, 78, 79, 80, 77, 82, 79, 81, 82, 81,
    80 ]
