%YAML:1.0
---
videoName: "headNod11.mp4"
gestureLabel: 202
fps: 29
pixelSizeInCmTemp: 3.2364864864864862e-01
faceCenterPointX: 261
faceCenterPointY: 75
headPositionsX: [ 260, 257, 260, 258, 258, 261, 258, 261, 257, 258, 258,
    258, 257, 260, 260, 259, 261, 258, 259, 261, 260, 259, 259, 260, 260,
    260, 259, 261, 261, 260, 258, 260, 263, 258, 259, 262, 262, 261, 259,
    261, 260, 261, 262, 259, 258, 260, 259, 261, 260, 263, 260, 258, 262,
    262, 260, 259, 261, 263, 260, 262, 258, 258, 259, 259, 260, 257, 258,
    257, 257, 256, 257, 258, 258, 259, 256, 256, 259, 258, 257, 257, 259,
    260, 260, 260, 258, 260, 258, 258, 257, 260, 259, 262, 260, 260, 262,
    259, 258, 259, 262, 258 ]
headPositionsY: [ 76, 76, 74, 74, 74, 76, 74, 74, 74, 74, 74, 74, 73, 75,
    76, 76, 76, 75, 76, 74, 75, 75, 74, 74, 75, 73, 73, 77, 73, 77, 77,
    76, 73, 74, 73, 76, 76, 76, 73, 77, 74, 76, 77, 75, 77, 73, 74, 73,
    74, 73, 70, 69, 67, 70, 70, 71, 74, 78, 77, 81, 80, 80, 75, 73, 71,
    69, 67, 69, 70, 72, 72, 74, 77, 80, 82, 83, 80, 77, 77, 74, 72, 71,
    69, 72, 77, 75, 80, 82, 81, 81, 80, 79, 76, 79, 78, 77, 78, 78, 76,
    76 ]
