%YAML:1.0
---
videoName: "headNod29.mp4"
gestureLabel: 202
fps: 29
pixelSizeInCmTemp: 3.1933333333333330e-01
faceCenterPointX: 271
faceCenterPointY: 70
headPositionsX: [ 273, 271, 275, 270, 274, 276, 275, 275, 274, 271, 274,
    275, 275, 272, 274, 274, 273, 273, 271, 270, 274, 272, 272, 272, 273,
    273, 270, 273, 272, 272, 271, 269, 272, 271, 271, 271, 268, 272, 273,
    271, 270, 270, 270, 272, 271, 269, 273, 273, 271, 270, 272, 270, 271,
    270, 272, 270, 269, 272, 268, 271, 269, 272, 267, 273, 269, 271, 272,
    272, 271, 270, 269, 271, 273, 270, 272, 271, 272, 269, 272, 271, 273,
    269, 272, 273, 274, 273, 270, 270, 269, 271, 273, 273, 270, 269, 270,
    272, 270, 273, 270, 274 ]
headPositionsY: [ 68, 73, 71, 74, 73, 78, 78, 77, 82, 80, 81, 77, 79, 77,
    71, 69, 68, 65, 69, 65, 69, 68, 68, 73, 72, 76, 77, 78, 77, 78, 78,
    75, 74, 73, 72, 72, 72, 68, 74, 74, 76, 78, 81, 77, 80, 81, 78, 77,
    75, 72, 71, 74, 74, 78, 79, 83, 82, 80, 79, 77, 76, 73, 76, 74, 78,
    75, 81, 79, 74, 76, 70, 72, 72, 72, 70, 71, 71, 72, 74, 76, 75, 74,
    75, 71, 74, 70, 70, 71, 68, 70, 70, 67, 71, 73, 72, 69, 69, 71, 68,
    72 ]
