%YAML:1.0
---
videoName: "headNod19.mp4"
gestureLabel: 202
fps: 29
pixelSizeInCmTemp: 3.1933333333333330e-01
faceCenterPointX: 255
faceCenterPointY: 81
headPositionsX: [ 257, 260, 259, 259, 257, 256, 255, 255, 254, 255, 254,
    254, 254, 254, 254, 255, 252, 255, 254, 252, 250, 252, 252, 252, 253,
    250, 252, 252, 250, 252, 248, 252, 252, 251, 251, 251, 251, 253, 255,
    254, 255, 255, 254, 256, 255, 255, 254, 255, 256, 255, 254, 256, 254,
    255, 256, 257, 256, 254, 255, 253, 258, 255, 254, 257, 254, 256, 255,
    258, 257, 255, 258, 254, 256, 254, 255, 257, 257, 256, 253, 255, 254,
    254, 257, 254, 254, 257, 253, 257, 255, 253, 253, 257, 254, 254, 255,
    256, 254, 254, 255, 254 ]
headPositionsY: [ 80, 85, 83, 80, 79, 78, 76, 76, 76, 76, 76, 76, 76, 75,
    78, 78, 77, 80, 78, 80, 79, 78, 79, 80, 81, 78, 78, 76, 79, 79, 79,
    80, 78, 81, 80, 80, 79, 80, 80, 78, 81, 79, 80, 77, 81, 79, 78, 77,
    77, 79, 79, 80, 78, 77, 78, 79, 79, 78, 77, 77, 81, 78, 77, 81, 79,
    81, 79, 75, 73, 76, 74, 75, 77, 75, 78, 80, 84, 85, 82, 79, 74, 78,
    76, 76, 84, 86, 86, 82, 83, 82, 82, 82, 84, 83, 81, 83, 82, 81, 82,
    80 ]
