%YAML:1.0
---
videoName: "headNod21.mp4"
gestureLabel: 202
fps: 29
pixelSizeInCmTemp: 3.2808219178082193e-01
faceCenterPointX: 253
faceCenterPointY: 78
headPositionsX: [ 254, 254, 257, 253, 256, 255, 256, 256, 254, 253, 255,
    255, 254, 255, 255, 256, 253, 256, 252, 252, 256, 255, 254, 255, 257,
    253, 254, 256, 254, 252, 257, 254, 255, 256, 256, 254, 256, 258, 257,
    258, 253, 256, 257, 254, 254, 257, 252, 255, 257, 252, 254, 256, 254,
    253, 253, 254, 254, 253, 253, 255, 255, 254, 253, 252, 251, 250, 252,
    251, 254, 253, 253, 252, 253, 249, 252, 248, 247, 252, 249, 249, 249,
    249, 250, 250, 251, 252, 252, 253, 255, 252, 253, 253, 252, 254, 252,
    253, 254, 256, 253, 253 ]
headPositionsY: [ 79, 78, 79, 77, 77, 80, 78, 79, 80, 78, 76, 80, 76, 79,
    80, 79, 79, 81, 77, 79, 80, 78, 79, 81, 80, 77, 79, 79, 79, 83, 82,
    85, 84, 78, 79, 78, 77, 74, 75, 78, 81, 83, 86, 85, 84, 82, 77, 78,
    78, 75, 79, 81, 86, 81, 85, 83, 81, 75, 75, 75, 80, 81, 81, 84, 85,
    82, 81, 79, 77, 78, 78, 78, 78, 82, 82, 82, 80, 82, 79, 76, 78, 78,
    77, 80, 79, 78, 82, 80, 77, 77, 80, 77, 77, 79, 76, 81, 79, 77, 77,
    79 ]
