%YAML:1.0
---
videoName: "headNod46.mp4"
gestureLabel: 202
fps: 30
pixelSizeInCmTemp: 2.8511904761904761e-01
faceCenterPointX: 264
faceCenterPointY: 72
headPositionsX: [ 265, 262, 266, 267, 263, 265, 264, 266, 266, 264, 264,
    262, 262, 263, 264, 265, 263, 263, 266, 264, 266, 265, 263, 264, 264,
    268, 265, 265, 266, 265, 265, 266, 267, 261, 262, 260, 262, 262, 263,
    262, 262, 265, 262, 265, 263, 263, 262, 263, 264, 260, 264, 263, 263,
    263, 263, 264, 266, 265, 264, 262, 262, 263, 264, 265, 266, 261, 262,
    265, 265, 265, 263, 265, 263, 263, 263, 264, 263, 265, 267, 267, 265,
    264, 263, 266, 261, 262, 265, 262, 261, 263, 263, 261, 264, 265, 263,
    262, 261, 266, 262, 263 ]
headPositionsY: [ 73, 66, 71, 69, 67, 70, 70, 69, 74, 74, 75, 77, 82, 84,
    85, 88, 89, 90, 85, 84, 80, 74, 76, 69, 71, 70, 72, 70, 70, 73, 79,
    87, 88, 91, 89, 86, 78, 78, 76, 70, 68, 66, 69, 71, 72, 79, 78, 84,
    84, 84, 81, 77, 75, 71, 69, 66, 69, 69, 70, 72, 72, 78, 80, 78, 75,
    72, 71, 72, 69, 67, 70, 72, 70, 72, 77, 76, 73, 75, 70, 72, 71, 69,
    71, 71, 73, 72, 74, 72, 74, 73, 74, 73, 69, 71, 72, 73, 71, 71, 71,
    71 ]
