%YAML:1.0
---
videoName: "headNod26.mp4"
gestureLabel: 202
fps: 29
pixelSizeInCmTemp: 3.1513157894736843e-01
faceCenterPointX: 271
faceCenterPointY: 78
headPositionsX: [ 269, 270, 274, 272, 271, 271, 271, 272, 270, 272, 271,
    273, 273, 270, 272, 270, 271, 271, 274, 274, 270, 275, 275, 273, 270,
    272, 269, 272, 272, 270, 274, 272, 271, 269, 274, 271, 272, 271, 271,
    273, 270, 271, 271, 271, 270, 274, 271, 273, 272, 273, 269, 272, 270,
    273, 272, 272, 271, 272, 274, 273, 271, 272, 270, 270, 272, 272, 274,
    274, 272, 274, 274, 272, 271, 270, 270, 273, 272, 270, 269, 272, 268,
    272, 269, 268, 272, 269, 269, 271, 270, 271, 272, 273, 270, 272, 270,
    269, 272, 272, 270, 270 ]
headPositionsY: [ 78, 73, 72, 75, 76, 71, 72, 68, 66, 69, 66, 65, 67, 63,
    65, 66, 70, 71, 75, 77, 76, 81, 83, 83, 82, 80, 77, 74, 71, 72, 71,
    68, 66, 68, 72, 73, 74, 76, 79, 78, 79, 78, 77, 74, 76, 72, 70, 71,
    67, 71, 69, 72, 73, 73, 76, 75, 76, 74, 76, 72, 72, 67, 69, 65, 66,
    70, 68, 71, 69, 71, 76, 75, 78, 77, 78, 73, 72, 68, 67, 69, 67, 70,
    69, 68, 73, 75, 76, 77, 77, 80, 77, 79, 79, 80, 75, 76, 79, 78, 79,
    76 ]
