%YAML:1.0
---
videoName: "headNod43.mp4"
gestureLabel: 202
fps: 29
pixelSizeInCmTemp: 2.8855421686746985e-01
faceCenterPointX: 268
faceCenterPointY: 74
headPositionsX: [ 269, 270, 269, 272, 269, 270, 272, 269, 271, 267, 269,
    267, 269, 270, 271, 267, 269, 268, 269, 267, 266, 268, 269, 270, 268,
    268, 265, 268, 265, 264, 264, 264, 264, 265, 267, 265, 264, 267, 263,
    267, 262, 262, 266, 262, 264, 263, 264, 269, 268, 266, 264, 266, 262,
    263, 264, 264, 266, 265, 265, 266, 263, 262, 266, 265, 266, 264, 267,
    268, 264, 269, 265, 269, 270, 266, 266, 266, 270, 269, 267, 267, 270,
    267, 268, 268, 269, 268, 267, 267, 269, 271, 269, 271, 267, 270, 267,
    271, 267, 268, 268, 268 ]
headPositionsY: [ 76, 77, 77, 76, 74, 74, 77, 77, 77, 76, 76, 74, 74, 72,
    77, 76, 75, 73, 73, 76, 75, 75, 76, 77, 76, 77, 78, 84, 87, 91, 89,
    90, 87, 85, 79, 78, 77, 82, 83, 85, 90, 90, 90, 87, 86, 79, 80, 81,
    80, 85, 90, 91, 90, 91, 87, 83, 82, 84, 80, 84, 87, 89, 89, 90, 90,
    88, 86, 80, 79, 78, 79, 81, 83, 89, 92, 92, 88, 87, 84, 81, 76, 76,
    74, 72, 71, 72, 75, 71, 74, 73, 71, 73, 73, 73, 73, 75, 74, 75, 73,
    75 ]
