%YAML:1.0
---
videoName: "headNod24.mp4"
gestureLabel: 202
fps: 29
pixelSizeInCmTemp: 3.1513157894736843e-01
faceCenterPointX: 272
faceCenterPointY: 72
headPositionsX: [ 270, 275, 273, 275, 272, 272, 272, 276, 275, 275, 277,
    276, 275, 273, 273, 275, 275, 273, 274, 272, 274, 275, 271, 273, 273,
    274, 275, 275, 273, 273, 272, 275, 271, 275, 275, 275, 272, 274, 274,
    275, 275, 271, 270, 271, 271, 275, 273, 272, 271, 271, 274, 275, 275,
    271, 271, 271, 271, 272, 270, 274, 272, 272, 271, 273, 273, 270, 273,
    270, 271, 270, 270, 269, 271, 272, 269, 273, 269, 268, 271, 271, 270,
    269, 272, 272, 271, 268, 270, 270, 270, 272, 272, 268, 271, 273, 269,
    272, 273, 270, 272, 270 ]
headPositionsY: [ 73, 71, 73, 71, 74, 75, 73, 73, 76, 71, 72, 75, 75, 74,
    74, 75, 75, 72, 72, 74, 74, 71, 72, 72, 72, 74, 73, 72, 75, 74, 75,
    73, 75, 72, 75, 71, 69, 72, 67, 71, 68, 73, 76, 78, 80, 83, 78, 73,
    69, 68, 66, 67, 70, 72, 74, 77, 73, 71, 68, 68, 65, 68, 64, 70, 69,
    71, 74, 76, 74, 72, 70, 69, 70, 70, 71, 71, 73, 74, 76, 75, 72, 72,
    74, 69, 68, 72, 69, 70, 72, 69, 69, 70, 71, 72, 72, 71, 73, 71, 73,
    70 ]
