%YAML:1.0
---
videoName: "headNod28.mp4"
gestureLabel: 202
fps: 30
pixelSizeInCmTemp: 3.2364864864864862e-01
faceCenterPointX: 270
faceCenterPointY: 76
headPositionsX: [ 271, 270, 271, 271, 269, 270, 273, 270, 270, 270, 271,
    273, 271, 271, 272, 273, 271, 272, 273, 267, 270, 270, 268, 268, 269,
    269, 268, 271, 270, 268, 270, 273, 269, 272, 269, 271, 270, 270, 271,
    269, 271, 271, 268, 269, 271, 271, 269, 270, 268, 268, 270, 271, 269,
    269, 272, 271, 270, 269, 270, 270, 269, 268, 270, 270, 270, 269, 270,
    271, 269, 269, 270, 273, 272, 272, 270, 271, 272, 273, 272, 273, 273,
    272, 273, 272, 270, 272, 272, 272, 272, 273, 271, 272, 274, 272, 274,
    270, 271, 269, 271, 271 ]
headPositionsY: [ 77, 77, 77, 72, 74, 77, 75, 72, 76, 73, 77, 77, 75, 74,
    73, 74, 72, 75, 76, 76, 76, 75, 77, 73, 73, 75, 74, 73, 75, 77, 76,
    73, 76, 75, 72, 76, 77, 72, 75, 74, 74, 75, 80, 81, 83, 82, 83, 80,
    80, 77, 74, 72, 70, 71, 72, 69, 70, 76, 73, 80, 81, 80, 78, 80, 75,
    75, 71, 71, 74, 71, 74, 74, 77, 82, 79, 78, 82, 76, 74, 72, 74, 73,
    71, 77, 73, 78, 79, 79, 77, 77, 74, 74, 76, 74, 74, 78, 75, 79, 77,
    75 ]
