%YAML:1.0
---
videoName: "headNod12.mp4"
gestureLabel: 202
fps: 29
pixelSizeInCmTemp: 3.2808219178082193e-01
faceCenterPointX: 254
faceCenterPointY: 69
headPositionsX: [ 253, 254, 252, 252, 252, 253, 254, 253, 254, 257, 253,
    258, 254, 256, 257, 259, 253, 256, 257, 258, 253, 256, 257, 254, 256,
    257, 255, 257, 255, 256, 258, 255, 256, 255, 253, 252, 253, 257, 253,
    254, 252, 255, 255, 253, 254, 258, 256, 252, 255, 257, 255, 253, 253,
    255, 255, 252, 253, 255, 252, 254, 256, 253, 255, 253, 252, 255, 255,
    255, 255, 254, 255, 255, 253, 256, 255, 256, 252, 255, 255, 255, 254,
    254, 257, 255, 255, 254, 253, 258, 255, 253, 253, 255, 255, 257, 256,
    252, 256, 252, 252, 256 ]
headPositionsY: [ 70, 75, 74, 72, 71, 72, 74, 72, 76, 76, 73, 75, 73, 72,
    75, 73, 72, 71, 75, 74, 75, 72, 76, 74, 74, 73, 72, 75, 73, 72, 77,
    75, 75, 71, 73, 69, 69, 69, 66, 64, 64, 62, 65, 61, 66, 66, 67, 69,
    72, 77, 78, 78, 77, 75, 76, 74, 70, 68, 66, 65, 64, 65, 62, 64, 64,
    68, 71, 73, 75, 76, 74, 73, 77, 73, 75, 71, 70, 66, 67, 66, 68, 67,
    66, 66, 67, 69, 70, 71, 73, 73, 72, 75, 71, 73, 71, 70, 72, 70, 72,
    68 ]
