%YAML:1.0
---
videoName: "headNod3.mp4"
gestureLabel: 202
fps: 29
pixelSizeInCmTemp: 3.1933333333333330e-01
faceCenterPointX: 264
faceCenterPointY: 76
headPositionsX: [ 264, 263, 264, 262, 262, 265, 266, 265, 264, 265, 266,
    268, 267, 265, 268, 265, 263, 264, 266, 267, 264, 263, 266, 266, 267,
    263, 264, 264, 264, 267, 263, 268, 266, 264, 267, 266, 264, 266, 265,
    267, 266, 265, 266, 263, 266, 265, 263, 265, 268, 264, 265, 266, 266,
    266, 262, 262, 264, 263, 263, 263, 264, 262, 263, 265, 264, 264, 264,
    263, 262, 263, 264, 265, 261, 264, 261, 261, 264, 264, 265, 265, 264,
    263, 265, 264, 264, 264, 263, 261, 262, 263, 263, 266, 264, 264, 265,
    264, 264, 263, 265, 265 ]
headPositionsY: [ 75, 76, 79, 74, 79, 76, 77, 75, 74, 74, 77, 73, 72, 73,
    74, 75, 71, 71, 74, 74, 73, 72, 71, 72, 72, 72, 72, 73, 76, 73, 75,
    72, 75, 76, 75, 76, 72, 73, 77, 73, 75, 75, 74, 75, 70, 67, 69, 65,
    67, 66, 70, 71, 74, 77, 77, 80, 81, 85, 83, 78, 74, 72, 68, 68, 68,
    68, 71, 73, 75, 79, 83, 84, 82, 82, 78, 73, 70, 69, 69, 68, 64, 65,
    69, 72, 74, 74, 76, 78, 81, 82, 78, 78, 76, 75, 77, 79, 76, 76, 76,
    76 ]
