%YAML:1.0
---
videoName: "headNod10.mp4"
gestureLabel: 202
fps: 29
pixelSizeInCmTemp: 3.2808219178082193e-01
faceCenterPointX: 260
faceCenterPointY: 67
headPositionsX: [ 261, 257, 257, 256, 259, 256, 257, 257, 260, 259, 258,
    256, 259, 260, 259, 256, 258, 256, 259, 260, 257, 256, 260, 258, 258,
    259, 258, 261, 260, 259, 261, 257, 258, 258, 256, 259, 257, 261, 261,
    257, 256, 259, 261, 258, 258, 261, 261, 258, 263, 262, 261, 260, 259,
    262, 260, 261, 258, 258, 260, 258, 261, 261, 262, 260, 258, 259, 259,
    261, 260, 262, 257, 259, 257, 260, 258, 260, 258, 260, 259, 259, 257,
    260, 258, 259, 256, 259, 261, 259, 260, 260, 259, 260, 257, 258, 262,
    259, 260, 263, 258, 260 ]
headPositionsY: [ 66, 69, 72, 69, 68, 71, 72, 70, 70, 69, 72, 72, 72, 68,
    72, 68, 70, 70, 69, 71, 69, 70, 70, 70, 69, 70, 69, 71, 70, 72, 69,
    70, 70, 72, 68, 69, 72, 71, 71, 72, 72, 72, 73, 72, 66, 69, 65, 64,
    61, 62, 64, 64, 66, 74, 76, 72, 71, 72, 70, 64, 67, 65, 62, 63, 68,
    70, 73, 76, 76, 74, 76, 71, 72, 64, 63, 67, 63, 66, 68, 70, 74, 77,
    73, 74, 72, 71, 70, 67, 65, 66, 66, 64, 66, 68, 68, 67, 69, 66, 69,
    66 ]
