%YAML:1.0
---
videoName: "headNod30.mp4"
gestureLabel: 202
fps: 29
pixelSizeInCmTemp: 3.2364864864864862e-01
faceCenterPointX: 271
faceCenterPointY: 72
headPositionsX: [ 270, 273, 269, 271, 274, 271, 272, 270, 272, 271, 271,
    271, 270, 274, 270, 273, 273, 270, 269, 272, 271, 273, 274, 274, 272,
    271, 275, 274, 272, 273, 272, 272, 271, 273, 270, 268, 271, 269, 268,
    269, 271, 269, 271, 268, 271, 270, 269, 269, 267, 272, 268, 271, 270,
    268, 272, 270, 272, 269, 269, 270, 273, 270, 273, 271, 269, 270, 272,
    273, 273, 268, 270, 271, 270, 274, 272, 271, 270, 269, 270, 270, 271,
    269, 270, 273, 272, 271, 272, 270, 270, 270, 273, 273, 273, 270, 270,
    271, 274, 271, 271, 272 ]
headPositionsY: [ 70, 77, 73, 75, 76, 75, 73, 75, 77, 77, 73, 76, 77, 78,
    74, 74, 76, 73, 75, 74, 76, 74, 71, 70, 68, 65, 65, 66, 67, 72, 72,
    75, 80, 82, 83, 80, 81, 76, 73, 74, 70, 71, 72, 74, 74, 74, 76, 78,
    81, 80, 78, 74, 74, 73, 71, 71, 73, 72, 73, 75, 74, 77, 78, 74, 75,
    74, 72, 70, 70, 67, 69, 69, 72, 74, 76, 76, 75, 73, 75, 69, 70, 71,
    71, 71, 69, 71, 70, 72, 73, 75, 72, 72, 72, 71, 72, 75, 73, 72, 71,
    71 ]
