%YAML:1.0
---
videoName: "headNod24.mp4"
gestureLabel: 202
fps: 29
pixelSizeInCmTemp: 3.1513157894736843e-01
faceCenterPointX: 272
faceCenterPointY: 72
headPositionsX: [ 271, 274, 275, 274, 273, 276, 274, 274, 273, 275, 273,
    273, 276, 275, 275, 275, 275, 273, 272, 276, 275, 275, 273, 275, 275,
    274, 271, 274, 274, 272, 271, 271, 273, 271, 274, 274, 273, 275, 275,
    276, 272, 274, 274, 275, 271, 272, 275, 275, 271, 272, 273, 274, 275,
    272, 275, 274, 274, 273, 274, 270, 269, 271, 269, 273, 270, 271, 269,
    273, 269, 272, 271, 271, 269, 270, 270, 273, 271, 268, 269, 272, 269,
    269, 272, 270, 270, 271, 268, 270, 270, 273, 269, 269, 273, 271, 270,
    273, 273, 274, 274, 274 ]
headPositionsY: [ 71, 72, 72, 71, 73, 73, 73, 73, 72, 73, 74, 73, 73, 75,
    75, 74, 72, 75, 74, 75, 75, 72, 74, 71, 74, 75, 73, 75, 75, 75, 75,
    76, 72, 74, 76, 73, 71, 70, 69, 69, 69, 71, 78, 79, 81, 83, 81, 74,
    68, 69, 68, 68, 67, 70, 77, 73, 75, 73, 70, 67, 66, 66, 65, 67, 70,
    73, 76, 76, 74, 71, 71, 67, 69, 70, 69, 73, 72, 73, 74, 73, 76, 73,
    76, 70, 72, 68, 71, 71, 70, 71, 72, 70, 73, 72, 75, 71, 73, 70, 73,
    70 ]
