%YAML:1.0
---
videoName: "headNod41.mp4"
gestureLabel: 202
fps: 29
pixelSizeInCmTemp: 2.9937500000000000e-01
faceCenterPointX: 267
faceCenterPointY: 76
headPositionsX: [ 268, 268, 270, 269, 270, 269, 268, 269, 269, 268, 271,
    269, 269, 269, 269, 269, 269, 273, 272, 270, 269, 270, 269, 269, 271,
    269, 269, 267, 267, 268, 269, 272, 272, 270, 268, 270, 271, 272, 270,
    270, 270, 271, 271, 270, 267, 270, 271, 270, 267, 265, 266, 271, 269,
    271, 267, 268, 267, 270, 270, 268, 267, 266, 271, 267, 270, 268, 266,
    267, 269, 266, 269, 266, 270, 270, 267, 269, 265, 266, 267, 266, 266,
    268, 267, 266, 267, 265, 269, 265, 266, 266, 266, 268, 268, 268, 269,
    268, 268, 268, 266, 268 ]
headPositionsY: [ 76, 72, 71, 74, 71, 72, 73, 72, 72, 72, 72, 73, 73, 73,
    72, 76, 74, 76, 74, 74, 74, 75, 72, 76, 75, 72, 74, 74, 73, 76, 74,
    72, 73, 71, 74, 76, 76, 75, 78, 76, 80, 84, 85, 87, 90, 93, 88, 86,
    84, 76, 77, 69, 72, 68, 64, 64, 64, 70, 71, 79, 79, 84, 90, 92, 90,
    89, 87, 79, 80, 73, 76, 69, 69, 71, 72, 75, 82, 83, 82, 83, 82, 79,
    78, 74, 75, 76, 76, 73, 72, 76, 79, 78, 77, 79, 77, 80, 76, 77, 77,
    78 ]
