%YAML:1.0
---
videoName: "headNod38.mp4"
gestureLabel: 202
fps: 29
pixelSizeInCmTemp: 2.9937500000000000e-01
faceCenterPointX: 267
faceCenterPointY: 73
headPositionsX: [ 268, 265, 265, 268, 265, 267, 264, 267, 268, 265, 268,
    265, 265, 267, 268, 267, 268, 265, 264, 265, 264, 267, 264, 268, 266,
    264, 266, 266, 267, 266, 266, 263, 263, 267, 267, 262, 266, 265, 267,
    264, 265, 268, 265, 265, 267, 269, 265, 269, 270, 267, 267, 267, 267,
    267, 270, 271, 269, 267, 268, 270, 270, 266, 266, 268, 271, 267, 269,
    271, 268, 270, 269, 268, 267, 270, 268, 268, 267, 266, 270, 265, 268,
    269, 266, 266, 266, 267, 269, 268, 268, 266, 269, 269, 267, 271, 269,
    267, 268, 268, 267, 267 ]
headPositionsY: [ 72, 74, 75, 73, 77, 82, 82, 88, 86, 83, 81, 77, 74, 74,
    78, 80, 83, 86, 86, 86, 81, 77, 74, 77, 75, 79, 82, 83, 90, 90, 87,
    86, 81, 77, 76, 72, 75, 72, 76, 77, 83, 84, 87, 89, 84, 81, 79, 77,
    75, 72, 73, 71, 75, 73, 78, 81, 83, 86, 86, 83, 80, 80, 77, 75, 74,
    72, 69, 73, 72, 75, 77, 82, 82, 86, 84, 83, 84, 80, 80, 78, 74, 71,
    70, 74, 74, 74, 70, 70, 72, 70, 73, 71, 75, 75, 73, 74, 72, 71, 71,
    73 ]
