%YAML:1.0
---
videoName: "headNod48.mp4"
gestureLabel: 202
fps: 29
pixelSizeInCmTemp: 2.8855421686746985e-01
faceCenterPointX: 264
faceCenterPointY: 72
headPositionsX: [ 262, 267, 266, 263, 265, 267, 266, 263, 264, 264, 266,
    263, 267, 265, 263, 264, 262, 262, 260, 260, 262, 258, 259, 259, 262,
    258, 262, 260, 261, 263, 261, 262, 261, 264, 263, 263, 264, 261, 261,
    265, 260, 261, 263, 260, 259, 261, 259, 260, 260, 263, 262, 263, 259,
    261, 260, 259, 259, 263, 261, 260, 264, 262, 263, 266, 262, 265, 262,
    263, 263, 266, 266, 264, 265, 262, 266, 264, 266, 264, 264, 264, 264,
    263, 266, 265, 265, 263, 264, 268, 267, 266, 266, 267, 264, 267, 265,
    262, 268, 264, 264, 267 ]
headPositionsY: [ 73, 76, 76, 77, 76, 75, 76, 69, 66, 64, 65, 62, 64, 64,
    65, 70, 77, 81, 85, 87, 88, 87, 83, 79, 78, 74, 72, 68, 66, 63, 61,
    66, 63, 64, 67, 72, 72, 76, 82, 82, 83, 83, 79, 80, 79, 73, 72, 75,
    72, 70, 73, 73, 78, 79, 82, 77, 79, 77, 73, 73, 73, 71, 69, 73, 74,
    74, 73, 78, 78, 74, 74, 73, 75, 73, 71, 69, 72, 72, 69, 73, 74, 76,
    74, 72, 75, 75, 71, 72, 74, 72, 72, 71, 72, 76, 72, 70, 73, 74, 72,
    71 ]
