%YAML:1.0
---
videoName: "headNod34.mp4"
gestureLabel: 202
fps: 29
pixelSizeInCmTemp: 2.9567901234567900e-01
faceCenterPointX: 266
faceCenterPointY: 78
headPositionsX: [ 268, 267, 269, 267, 268, 267, 269, 267, 271, 270, 269,
    270, 270, 268, 270, 268, 270, 268, 268, 269, 271, 270, 270, 271, 268,
    270, 272, 272, 268, 269, 271, 270, 269, 268, 268, 269, 270, 272, 270,
    271, 270, 270, 268, 272, 272, 269, 272, 269, 270, 269, 268, 269, 270,
    271, 267, 267, 272, 268, 270, 270, 268, 269, 269, 272, 269, 270, 270,
    272, 272, 271, 270, 266, 266, 266, 266, 266, 267, 268, 267, 266, 264,
    268, 267, 266, 267, 267, 266, 265, 265, 264, 268, 264, 266, 264, 266,
    266, 264, 265, 267, 268 ]
headPositionsY: [ 76, 78, 75, 78, 75, 77, 77, 75, 78, 75, 75, 77, 77, 76,
    77, 78, 76, 74, 77, 76, 76, 75, 79, 76, 79, 75, 75, 76, 77, 77, 74,
    75, 77, 78, 78, 75, 78, 76, 73, 69, 69, 69, 75, 74, 83, 84, 89, 88,
    87, 85, 78, 76, 74, 73, 72, 74, 74, 75, 78, 83, 84, 84, 78, 80, 81,
    80, 74, 80, 77, 79, 83, 84, 84, 84, 84, 81, 80, 79, 77, 76, 80, 81,
    83, 84, 84, 83, 80, 79, 79, 80, 77, 79, 76, 78, 82, 78, 78, 81, 79,
    80 ]
