%YAML:1.0
---
videoName: "headNod2.mp4"
gestureLabel: 202
fps: 29
pixelSizeInCmTemp: 3.2364864864864862e-01
faceCenterPointX: 263
faceCenterPointY: 70
headPositionsX: [ 262, 264, 264, 263, 264, 260, 263, 262, 263, 265, 264,
    266, 265, 263, 265, 263, 262, 264, 264, 265, 265, 261, 262, 265, 262,
    264, 261, 262, 262, 263, 263, 264, 262, 260, 260, 262, 264, 260, 264,
    262, 262, 261, 261, 264, 260, 263, 261, 260, 260, 262, 264, 261, 260,
    262, 263, 260, 264, 264, 262, 259, 260, 264, 263, 262, 263, 260, 265,
    261, 264, 264, 263, 264, 265, 265, 261, 263, 264, 263, 265, 260, 264,
    262, 261, 262, 260, 265, 264, 262, 263, 261, 265, 265, 264, 265, 262,
    263, 263, 265, 265, 264 ]
headPositionsY: [ 68, 73, 78, 77, 78, 76, 73, 74, 75, 75, 77, 75, 77, 73,
    76, 76, 74, 76, 75, 76, 74, 74, 74, 74, 74, 74, 73, 73, 73, 73, 76,
    76, 76, 73, 75, 75, 74, 74, 73, 75, 73, 76, 74, 72, 75, 72, 73, 75,
    74, 73, 73, 71, 72, 71, 76, 79, 79, 78, 77, 70, 73, 74, 70, 72, 76,
    73, 72, 72, 70, 69, 69, 70, 75, 78, 77, 74, 75, 72, 69, 72, 71, 74,
    73, 75, 77, 75, 73, 73, 67, 68, 70, 69, 71, 70, 69, 71, 72, 70, 68,
    70 ]
