%YAML:1.0
---
videoName: "headNod41.mp4"
gestureLabel: 202
fps: 29
pixelSizeInCmTemp: 2.9937500000000000e-01
faceCenterPointX: 267
faceCenterPointY: 76
headPositionsX: [ 267, 268, 268, 271, 269, 270, 271, 271, 271, 271, 269,
    271, 272, 269, 272, 272, 271, 272, 272, 270, 272, 270, 271, 271, 268,
    267, 270, 268, 270, 269, 268, 270, 269, 272, 270, 269, 270, 268, 272,
    270, 271, 269, 269, 271, 270, 267, 270, 269, 268, 267, 268, 269, 267,
    271, 267, 271, 268, 269, 268, 269, 267, 266, 268, 269, 269, 268, 266,
    270, 268, 269, 270, 269, 267, 267, 270, 268, 269, 268, 267, 267, 266,
    269, 270, 266, 269, 267, 265, 265, 269, 268, 267, 267, 267, 269, 267,
    269, 270, 266, 267, 270 ]
headPositionsY: [ 78, 70, 71, 71, 71, 73, 74, 73, 71, 71, 75, 75, 75, 76,
    76, 75, 73, 76, 73, 73, 76, 72, 76, 72, 75, 75, 73, 74, 75, 73, 72,
    74, 72, 72, 73, 76, 72, 74, 78, 77, 80, 83, 88, 90, 92, 92, 90, 88,
    82, 80, 77, 72, 71, 66, 66, 65, 64, 71, 71, 76, 83, 88, 94, 92, 94,
    89, 87, 79, 78, 76, 73, 73, 71, 73, 72, 78, 81, 81, 84, 85, 82, 80,
    74, 73, 73, 74, 72, 74, 73, 72, 80, 78, 77, 78, 80, 80, 80, 77, 78,
    79 ]
