%YAML:1.0
---
videoName: "headNod45.mp4"
gestureLabel: 202
fps: 30
pixelSizeInCmTemp: 3.0316455696202532e-01
faceCenterPointX: 265
faceCenterPointY: 77
headPositionsX: [ 267, 268, 265, 267, 266, 266, 267, 269, 266, 270, 268,
    266, 266, 268, 268, 268, 267, 269, 266, 265, 268, 269, 266, 267, 267,
    269, 268, 267, 265, 268, 267, 264, 263, 264, 267, 264, 267, 264, 264,
    268, 264, 267, 266, 265, 267, 267, 266, 266, 267, 267, 264, 267, 267,
    267, 266, 265, 265, 267, 266, 267, 268, 268, 263, 266, 267, 269, 267,
    269, 269, 268, 265, 266, 265, 266, 268, 263, 264, 265, 267, 264, 264,
    264, 266, 265, 264, 268, 268, 264, 266, 265, 266, 266, 267, 267, 266,
    265, 265, 265, 265, 266 ]
headPositionsY: [ 77, 75, 73, 76, 74, 78, 73, 75, 75, 75, 77, 76, 74, 74,
    74, 78, 74, 79, 77, 79, 86, 89, 91, 96, 92, 91, 90, 88, 82, 75, 71,
    75, 69, 64, 64, 65, 66, 72, 73, 77, 80, 89, 92, 91, 91, 89, 85, 83,
    82, 78, 75, 75, 72, 71, 75, 77, 76, 80, 83, 86, 83, 85, 81, 79, 74,
    76, 73, 70, 74, 75, 79, 79, 82, 86, 88, 88, 85, 85, 84, 81, 77, 75,
    77, 76, 78, 78, 79, 80, 82, 80, 79, 80, 78, 77, 78, 78, 77, 79, 76,
    77 ]
