%YAML:1.0
---
videoName: "headNod9.mp4"
gestureLabel: 202
fps: 29
pixelSizeInCmTemp: 3.1513157894736843e-01
faceCenterPointX: 261
faceCenterPointY: 75
headPositionsX: [ 260, 263, 261, 262, 261, 261, 261, 259, 260, 263, 262,
    263, 260, 258, 258, 261, 262, 259, 261, 262, 261, 262, 263, 259, 261,
    258, 263, 262, 259, 262, 262, 262, 260, 260, 259, 263, 262, 259, 263,
    261, 263, 261, 261, 262, 259, 261, 257, 259, 262, 259, 260, 261, 262,
    258, 260, 260, 262, 259, 261, 258, 261, 261, 261, 261, 260, 259, 259,
    260, 259, 260, 259, 261, 257, 260, 258, 262, 258, 259, 260, 259, 256,
    261, 257, 259, 258, 257, 260, 260, 259, 260, 258, 261, 261, 261, 259,
    261, 259, 259, 262, 258 ]
headPositionsY: [ 73, 75, 76, 76, 77, 75, 74, 75, 74, 77, 77, 77, 77, 77,
    75, 77, 76, 76, 75, 77, 77, 76, 75, 75, 78, 76, 75, 75, 74, 76, 78,
    77, 81, 81, 81, 81, 81, 76, 76, 75, 75, 73, 77, 83, 82, 85, 88, 82,
    81, 80, 76, 75, 77, 79, 81, 86, 87, 81, 80, 76, 72, 75, 75, 75, 77,
    80, 83, 86, 84, 82, 79, 75, 75, 72, 71, 70, 74, 75, 77, 80, 83, 84,
    81, 83, 78, 77, 78, 74, 75, 74, 73, 73, 74, 73, 73, 72, 74, 73, 76,
    74 ]
