%YAML:1.0
---
videoName: "headNod11.mp4"
gestureLabel: 202
fps: 29
pixelSizeInCmTemp: 3.2364864864864862e-01
faceCenterPointX: 261
faceCenterPointY: 75
headPositionsX: [ 259, 259, 261, 257, 259, 259, 260, 258, 256, 259, 258,
    258, 259, 262, 257, 257, 261, 258, 260, 258, 259, 258, 260, 262, 259,
    260, 262, 260, 259, 263, 262, 259, 260, 259, 260, 260, 263, 259, 258,
    262, 261, 262, 260, 260, 262, 262, 261, 262, 258, 259, 262, 258, 262,
    259, 261, 262, 262, 261, 258, 261, 260, 260, 259, 259, 261, 257, 260,
    257, 255, 258, 258, 256, 259, 257, 257, 257, 257, 257, 255, 258, 257,
    259, 260, 261, 257, 259, 261, 260, 259, 257, 258, 258, 258, 258, 259,
    261, 261, 260, 258, 258 ]
headPositionsY: [ 75, 74, 74, 75, 75, 74, 72, 74, 72, 75, 73, 74, 76, 73,
    76, 76, 73, 75, 72, 74, 74, 74, 74, 74, 73, 75, 76, 75, 73, 74, 74,
    76, 75, 74, 77, 76, 78, 73, 74, 74, 75, 75, 75, 76, 77, 74, 74, 74,
    72, 69, 69, 67, 68, 70, 68, 71, 74, 77, 77, 79, 82, 78, 76, 71, 71,
    71, 66, 69, 71, 74, 75, 74, 77, 80, 84, 79, 81, 77, 78, 74, 70, 68,
    69, 74, 73, 74, 80, 79, 78, 78, 81, 77, 77, 79, 75, 77, 74, 78, 77,
    76 ]
