%YAML:1.0
---
videoName: "headNod41.mp4"
gestureLabel: 202
fps: 29
pixelSizeInCmTemp: 2.9937500000000000e-01
faceCenterPointX: 267
faceCenterPointY: 76
headPositionsX: [ 268, 271, 268, 268, 272, 272, 268, 270, 270, 272, 270,
    268, 268, 270, 270, 269, 268, 269, 272, 270, 271, 270, 271, 273, 269,
    267, 267, 271, 269, 269, 270, 272, 269, 268, 270, 268, 269, 268, 271,
    270, 268, 270, 269, 271, 270, 271, 271, 266, 270, 267, 266, 269, 270,
    270, 270, 269, 268, 269, 267, 271, 268, 267, 271, 270, 266, 268, 268,
    266, 268, 266, 266, 269, 269, 270, 270, 269, 265, 267, 269, 265, 266,
    265, 270, 269, 268, 268, 268, 268, 267, 268, 268, 266, 266, 269, 269,
    266, 269, 268, 269, 267 ]
headPositionsY: [ 75, 69, 75, 72, 72, 71, 74, 74, 72, 73, 75, 74, 76, 73,
    75, 75, 73, 74, 73, 73, 73, 75, 72, 72, 74, 74, 74, 76, 74, 76, 72,
    72, 74, 71, 73, 74, 74, 73, 74, 77, 78, 82, 87, 90, 93, 90, 92, 87,
    84, 80, 79, 70, 70, 66, 63, 64, 66, 70, 71, 77, 79, 84, 94, 91, 90,
    88, 88, 82, 77, 73, 75, 72, 72, 73, 73, 79, 79, 83, 81, 86, 84, 78,
    76, 72, 76, 74, 76, 75, 73, 75, 77, 81, 81, 82, 81, 77, 76, 79, 77,
    77 ]
