%YAML:1.0
---
videoName: "headNod31.mp4"
gestureLabel: 202
fps: 29
pixelSizeInCmTemp: 2.8855421686746985e-01
faceCenterPointX: 267
faceCenterPointY: 75
headPositionsX: [ 269, 269, 271, 272, 270, 270, 270, 272, 268, 271, 271,
    269, 270, 269, 267, 268, 266, 267, 267, 267, 266, 266, 265, 264, 264,
    268, 265, 266, 270, 269, 266, 266, 271, 268, 267, 269, 269, 268, 268,
    269, 269, 265, 266, 265, 265, 266, 269, 267, 270, 265, 267, 267, 264,
    265, 266, 267, 266, 266, 266, 267, 265, 268, 268, 267, 267, 266, 268,
    267, 268, 266, 267, 265, 266, 268, 264, 265, 266, 265, 265, 269, 266,
    268, 264, 268, 269, 267, 266, 268, 269, 265, 266, 266, 265, 269, 268,
    269, 266, 269, 267, 266 ]
headPositionsY: [ 75, 73, 76, 72, 73, 76, 73, 66, 66, 65, 67, 66, 67, 64,
    77, 80, 81, 86, 84, 83, 83, 84, 80, 78, 74, 70, 71, 74, 70, 66, 67,
    69, 72, 77, 76, 83, 85, 86, 89, 89, 86, 80, 80, 77, 74, 76, 76, 74,
    74, 79, 80, 82, 86, 86, 81, 79, 76, 76, 71, 72, 69, 69, 69, 68, 72,
    75, 74, 78, 77, 79, 80, 80, 76, 76, 76, 71, 73, 72, 71, 74, 74, 77,
    73, 78, 77, 75, 75, 78, 74, 76, 75, 76, 72, 73, 73, 76, 78, 76, 76,
    75 ]
