%YAML:1.0
---
videoName: "headNod43.mp4"
gestureLabel: 202
fps: 29
pixelSizeInCmTemp: 2.8855421686746985e-01
faceCenterPointX: 268
faceCenterPointY: 74
headPositionsX: [ 268, 273, 268, 268, 271, 268, 270, 271, 271, 271, 268,
    267, 271, 267, 269, 269, 270, 266, 267, 268, 267, 271, 270, 270, 265,
    265, 265, 265, 268, 268, 263, 264, 263, 265, 264, 267, 264, 265, 263,
    263, 262, 263, 265, 264, 264, 266, 266, 266, 267, 264, 265, 263, 266,
    265, 266, 261, 262, 264, 266, 264, 267, 264, 265, 262, 265, 264, 264,
    264, 264, 268, 265, 267, 269, 266, 267, 268, 268, 268, 269, 267, 267,
    270, 268, 267, 270, 267, 267, 267, 268, 269, 269, 268, 266, 268, 268,
    271, 270, 267, 269, 269 ]
headPositionsY: [ 73, 75, 78, 76, 74, 77, 74, 77, 77, 75, 74, 74, 73, 73,
    74, 77, 73, 75, 76, 75, 75, 77, 73, 77, 74, 78, 78, 83, 86, 88, 92,
    89, 85, 82, 78, 79, 76, 79, 84, 88, 87, 89, 92, 86, 86, 80, 78, 84,
    83, 87, 88, 90, 92, 91, 86, 83, 82, 82, 80, 83, 85, 90, 89, 92, 88,
    85, 83, 80, 78, 80, 78, 79, 81, 87, 90, 88, 89, 90, 86, 79, 80, 77,
    76, 75, 72, 73, 72, 72, 76, 72, 71, 74, 74, 75, 73, 74, 74, 72, 76,
    75 ]
