%YAML:1.0
---
videoName: "headNod48.mp4"
gestureLabel: 202
fps: 29
pixelSizeInCmTemp: 2.8855421686746985e-01
faceCenterPointX: 264
faceCenterPointY: 72
headPositionsX: [ 265, 264, 263, 266, 264, 266, 265, 266, 263, 262, 267,
    264, 263, 264, 266, 265, 261, 259, 260, 262, 263, 260, 262, 261, 262,
    258, 261, 263, 263, 259, 259, 264, 264, 260, 263, 265, 263, 264, 263,
    262, 262, 260, 260, 262, 263, 262, 261, 261, 260, 264, 259, 260, 259,
    262, 261, 259, 260, 261, 263, 259, 262, 261, 261, 262, 261, 265, 261,
    262, 263, 265, 263, 264, 267, 265, 266, 267, 266, 265, 265, 264, 265,
    265, 263, 263, 266, 265, 267, 266, 263, 267, 265, 263, 267, 265, 264,
    266, 266, 267, 264, 265 ]
headPositionsY: [ 71, 73, 75, 78, 76, 76, 74, 73, 67, 67, 61, 63, 62, 66,
    68, 70, 73, 77, 82, 90, 89, 88, 86, 81, 79, 76, 72, 68, 64, 63, 61,
    66, 65, 65, 68, 71, 75, 78, 80, 81, 83, 82, 78, 77, 77, 77, 74, 74,
    73, 72, 72, 72, 74, 76, 79, 78, 75, 75, 74, 73, 70, 69, 69, 70, 74,
    75, 73, 75, 76, 76, 75, 72, 75, 72, 73, 69, 69, 72, 70, 73, 73, 73,
    76, 72, 72, 72, 73, 68, 73, 72, 72, 73, 75, 72, 73, 71, 72, 73, 70,
    74 ]
