%YAML:1.0
---
videoName: "headNod5.mp4"
gestureLabel: 202
fps: 29
pixelSizeInCmTemp: 3.1513157894736843e-01
faceCenterPointX: 263
faceCenterPointY: 75
headPositionsX: [ 264, 266, 262, 262, 264, 263, 260, 263, 261, 261, 262,
    262, 265, 264, 265, 263, 266, 262, 262, 266, 264, 264, 264, 266, 265,
    263, 265, 265, 266, 263, 264, 264, 267, 266, 265, 268, 266, 266, 268,
    267, 266, 268, 265, 265, 267, 268, 267, 263, 267, 263, 267, 268, 264,
    262, 262, 264, 265, 262, 265, 264, 265, 262, 262, 265, 265, 264, 262,
    264, 265, 263, 265, 264, 263, 265, 264, 267, 262, 264, 262, 264, 262,
    265, 264, 262, 262, 262, 263, 262, 264, 262, 264, 263, 265, 262, 261,
    262, 261, 262, 262, 262 ]
headPositionsY: [ 73, 72, 72, 73, 71, 74, 75, 75, 72, 72, 77, 76, 76, 74,
    75, 73, 75, 74, 77, 74, 73, 74, 74, 78, 75, 77, 76, 78, 78, 75, 77,
    79, 77, 76, 80, 78, 79, 77, 79, 77, 79, 77, 78, 79, 78, 75, 80, 80,
    77, 76, 77, 82, 84, 81, 82, 82, 79, 77, 77, 74, 76, 76, 82, 86, 89,
    87, 87, 80, 77, 75, 77, 73, 76, 81, 82, 83, 84, 82, 81, 76, 76, 73,
    74, 76, 73, 77, 79, 81, 81, 81, 81, 77, 75, 76, 72, 74, 76, 75, 76,
    76 ]
