%YAML:1.0
---
videoName: "headNod1.mp4"
gestureLabel: 202
fps: 29
pixelSizeInCmTemp: 3.2808219178082193e-01
faceCenterPointX: 263
faceCenterPointY: 78
headPositionsX: [ 265, 264, 262, 262, 262, 263, 261, 262, 263, 263, 260,
    264, 261, 263, 261, 266, 262, 263, 264, 262, 265, 262, 266, 266, 265,
    265, 266, 264, 262, 262, 262, 263, 263, 265, 262, 264, 266, 264, 262,
    267, 266, 265, 267, 267, 264, 264, 263, 265, 266, 263, 266, 262, 266,
    262, 262, 265, 261, 261, 261, 262, 261, 263, 263, 265, 262, 266, 264,
    266, 265, 263, 260, 265, 261, 263, 263, 260, 261, 259, 262, 261, 259,
    264, 261, 263, 260, 264, 261, 263, 266, 260, 261, 261, 260, 264, 260,
    261, 264, 261, 261, 262 ]
headPositionsY: [ 80, 75, 72, 72, 72, 77, 77, 76, 73, 74, 75, 77, 75, 73,
    75, 77, 76, 73, 76, 73, 76, 76, 77, 74, 77, 74, 75, 77, 76, 76, 73,
    77, 75, 75, 73, 73, 67, 66, 66, 65, 65, 64, 65, 64, 66, 64, 66, 70,
    71, 75, 77, 81, 81, 84, 84, 81, 77, 76, 74, 71, 68, 68, 68, 67, 67,
    68, 71, 72, 75, 78, 78, 79, 76, 75, 71, 68, 69, 66, 64, 64, 67, 69,
    68, 73, 75, 77, 76, 78, 81, 82, 84, 84, 78, 78, 78, 78, 80, 76, 80,
    76 ]
