%YAML:1.0
---
videoName: "headNod25.mp4"
gestureLabel: 202
fps: 29
pixelSizeInCmTemp: 3.1933333333333330e-01
faceCenterPointX: 270
faceCenterPointY: 75
headPositionsX: [ 269, 270, 272, 272, 274, 270, 272, 270, 270, 269, 267,
    269, 267, 268, 270, 271, 269, 270, 271, 269, 270, 272, 273, 274, 273,
    272, 275, 272, 274, 272, 271, 274, 270, 270, 275, 275, 274, 273, 274,
    273, 271, 270, 269, 274, 271, 274, 272, 272, 274, 270, 273, 271, 271,
    273, 270, 270, 270, 274, 272, 271, 269, 270, 270, 271, 273, 272, 271,
    272, 268, 272, 268, 270, 272, 269, 270, 272, 268, 269, 270, 269, 270,
    273, 272, 268, 268, 270, 273, 273, 269, 270, 269, 273, 273, 271, 269,
    269, 270, 268, 272, 272 ]
headPositionsY: [ 74, 73, 74, 72, 71, 71, 74, 76, 73, 75, 75, 75, 76, 75,
    75, 72, 76, 73, 73, 74, 77, 72, 76, 77, 72, 72, 76, 76, 74, 74, 76,
    74, 74, 72, 76, 73, 75, 74, 76, 75, 73, 77, 73, 74, 76, 76, 72, 73,
    76, 70, 72, 70, 66, 67, 66, 63, 64, 67, 69, 69, 72, 74, 80, 85, 88,
    88, 86, 84, 82, 81, 79, 77, 71, 72, 71, 66, 68, 69, 72, 69, 76, 77,
    80, 79, 83, 82, 81, 76, 79, 75, 74, 78, 74, 77, 76, 78, 76, 75, 74,
    73 ]
