%YAML:1.0
---
videoName: "headNod36.mp4"
gestureLabel: 202
fps: 29
pixelSizeInCmTemp: 2.8176470588235292e-01
faceCenterPointX: 269
faceCenterPointY: 75
headPositionsX: [ 269, 270, 272, 268, 270, 268, 270, 270, 269, 269, 271,
    269, 268, 271, 269, 272, 269, 273, 267, 269, 269, 268, 272, 270, 272,
    270, 269, 268, 272, 269, 269, 270, 272, 272, 269, 269, 269, 269, 269,
    266, 267, 269, 267, 271, 272, 268, 270, 270, 272, 272, 273, 270, 273,
    269, 271, 270, 272, 271, 271, 268, 268, 269, 268, 268, 266, 270, 269,
    265, 267, 268, 270, 269, 268, 267, 269, 268, 266, 269, 269, 267, 269,
    270, 268, 270, 270, 267, 268, 270, 269, 268, 269, 269, 269, 267, 267,
    272, 267, 271, 269, 267 ]
headPositionsY: [ 77, 75, 74, 76, 72, 75, 74, 72, 77, 72, 76, 74, 72, 73,
    74, 72, 72, 76, 75, 75, 77, 76, 81, 78, 73, 77, 67, 66, 65, 66, 63,
    66, 71, 75, 77, 84, 87, 91, 92, 85, 84, 81, 75, 72, 75, 68, 68, 70,
    69, 70, 70, 74, 78, 80, 84, 86, 86, 87, 83, 83, 78, 76, 76, 72, 73,
    73, 78, 77, 80, 82, 84, 83, 80, 77, 76, 72, 75, 73, 75, 78, 81, 85,
    85, 83, 85, 82, 79, 80, 76, 76, 77, 76, 74, 75, 73, 76, 75, 76, 73,
    73 ]
