%YAML:1.0
---
videoName: "headNod47.mp4"
gestureLabel: 202
fps: 29
pixelSizeInCmTemp: 3.0316455696202532e-01
faceCenterPointX: 266
faceCenterPointY: 70
headPositionsX: [ 265, 265, 268, 267, 268, 269, 267, 264, 266, 265, 267,
    266, 263, 263, 265, 263, 266, 266, 264, 263, 267, 267, 263, 265, 266,
    266, 268, 267, 264, 269, 268, 269, 269, 268, 266, 268, 266, 266, 269,
    268, 266, 265, 270, 270, 269, 267, 268, 268, 267, 264, 267, 265, 265,
    265, 265, 269, 267, 266, 266, 266, 264, 266, 265, 265, 267, 268, 264,
    267, 267, 268, 268, 268, 267, 266, 268, 269, 264, 266, 264, 268, 268,
    265, 264, 268, 266, 263, 267, 265, 268, 264, 267, 266, 268, 264, 265,
    268, 265, 265, 265, 268 ]
headPositionsY: [ 69, 63, 58, 61, 57, 60, 59, 63, 66, 67, 72, 74, 81, 80,
    83, 75, 75, 71, 66, 66, 66, 64, 67, 70, 71, 74, 74, 76, 75, 75, 76,
    71, 69, 69, 65, 69, 69, 73, 71, 75, 76, 80, 77, 76, 74, 71, 72, 70,
    70, 70, 70, 69, 72, 72, 73, 77, 73, 74, 70, 71, 67, 67, 69, 67, 69,
    71, 73, 72, 75, 75, 72, 74, 70, 72, 69, 68, 71, 68, 69, 73, 71, 75,
    74, 76, 74, 69, 72, 71, 70, 68, 70, 72, 70, 69, 70, 72, 71, 72, 72,
    72 ]
