%YAML:1.0
---
videoName: "headNod19.mp4"
gestureLabel: 202
fps: 29
pixelSizeInCmTemp: 3.1933333333333330e-01
faceCenterPointX: 255
faceCenterPointY: 81
headPositionsX: [ 253, 258, 259, 257, 255, 254, 259, 256, 254, 258, 257,
    256, 258, 252, 255, 253, 254, 252, 251, 251, 253, 253, 249, 253, 249,
    249, 251, 252, 249, 254, 249, 250, 253, 251, 254, 254, 255, 254, 254,
    255, 252, 256, 256, 253, 257, 254, 255, 258, 256, 257, 254, 256, 256,
    258, 254, 257, 258, 258, 257, 254, 256, 256, 254, 256, 253, 258, 254,
    257, 253, 254, 257, 255, 257, 256, 258, 254, 254, 253, 254, 257, 253,
    257, 256, 257, 254, 257, 257, 254, 253, 255, 255, 257, 253, 258, 256,
    255, 256, 255, 258, 255 ]
headPositionsY: [ 79, 85, 84, 84, 81, 77, 77, 76, 76, 79, 76, 78, 78, 77,
    76, 77, 78, 79, 80, 80, 76, 80, 77, 79, 77, 80, 79, 79, 77, 79, 79,
    78, 80, 81, 80, 76, 80, 80, 76, 80, 79, 77, 78, 78, 78, 77, 77, 78,
    80, 76, 77, 78, 77, 77, 78, 81, 78, 81, 80, 80, 81, 77, 79, 80, 80,
    79, 77, 78, 77, 72, 74, 76, 77, 75, 80, 80, 85, 82, 82, 81, 77, 77,
    76, 79, 85, 84, 86, 85, 82, 80, 81, 82, 84, 84, 80, 81, 84, 79, 82,
    81 ]
