%YAML:1.0
---
videoName: "headNod14.mp4"
gestureLabel: 202
fps: 29
pixelSizeInCmTemp: 3.2808219178082193e-01
faceCenterPointX: 257
faceCenterPointY: 71
headPositionsX: [ 257, 256, 258, 258, 258, 257, 256, 258, 259, 258, 259,
    259, 257, 258, 259, 256, 256, 260, 259, 259, 261, 259, 256, 258, 260,
    258, 259, 260, 257, 258, 257, 256, 257, 258, 257, 259, 260, 261, 258,
    257, 258, 258, 261, 257, 258, 258, 260, 262, 259, 260, 260, 260, 257,
    260, 260, 258, 258, 256, 260, 256, 260, 257, 258, 260, 259, 260, 261,
    259, 261, 259, 259, 258, 258, 259, 255, 256, 259, 258, 255, 256, 258,
    256, 256, 256, 256, 258, 256, 255, 258, 256, 259, 256, 256, 256, 259,
    257, 256, 256, 256, 258 ]
headPositionsY: [ 71, 76, 75, 78, 80, 76, 75, 76, 79, 78, 75, 77, 79, 77,
    77, 77, 77, 75, 75, 77, 76, 77, 75, 78, 77, 77, 80, 77, 76, 78, 76,
    79, 80, 78, 78, 77, 75, 76, 79, 75, 72, 70, 71, 71, 71, 67, 68, 70,
    70, 72, 75, 79, 82, 81, 81, 83, 82, 79, 79, 77, 71, 71, 70, 72, 72,
    72, 76, 75, 79, 82, 82, 81, 82, 79, 73, 74, 72, 68, 66, 68, 73, 73,
    73, 80, 79, 80, 80, 78, 78, 76, 73, 70, 67, 71, 72, 69, 69, 70, 70,
    72 ]
