%YAML:1.0
---
videoName: "headNod11.mp4"
gestureLabel: 202
fps: 29
pixelSizeInCmTemp: 3.2364864864864862e-01
faceCenterPointX: 261
faceCenterPointY: 75
headPositionsX: [ 263, 258, 258, 259, 260, 259, 260, 258, 259, 257, 261,
    259, 261, 262, 261, 261, 260, 261, 262, 259, 262, 259, 259, 260, 259,
    263, 258, 260, 262, 259, 262, 260, 260, 258, 262, 262, 262, 261, 260,
    260, 259, 258, 260, 259, 258, 259, 263, 258, 260, 261, 260, 260, 263,
    262, 262, 259, 260, 260, 260, 258, 258, 261, 261, 259, 260, 257, 259,
    256, 255, 258, 259, 257, 260, 256, 257, 256, 258, 259, 255, 256, 256,
    257, 258, 258, 259, 261, 259, 260, 258, 259, 258, 259, 260, 259, 262,
    260, 258, 258, 261, 259 ]
headPositionsY: [ 73, 72, 76, 73, 73, 75, 72, 76, 73, 73, 72, 75, 76, 76,
    73, 76, 72, 76, 74, 76, 73, 72, 76, 73, 74, 77, 75, 76, 76, 78, 74,
    76, 74, 74, 76, 74, 74, 77, 75, 75, 73, 77, 77, 74, 74, 75, 75, 73,
    71, 72, 67, 70, 66, 70, 70, 73, 72, 78, 79, 79, 81, 78, 76, 71, 71,
    71, 70, 69, 70, 74, 74, 74, 76, 78, 84, 82, 81, 76, 76, 72, 71, 72,
    73, 73, 77, 74, 76, 81, 81, 82, 78, 80, 76, 79, 75, 74, 75, 75, 74,
    77 ]
