%YAML:1.0
---
videoName: "headNod4.mp4"
gestureLabel: 202
fps: 29
pixelSizeInCmTemp: 3.2808219178082193e-01
faceCenterPointX: 264
faceCenterPointY: 72
headPositionsX: [ 262, 268, 271, 272, 271, 270, 269, 270, 272, 269, 271,
    271, 268, 266, 269, 270, 267, 268, 266, 270, 269, 267, 268, 270, 268,
    269, 268, 270, 269, 269, 265, 267, 268, 267, 268, 269, 269, 269, 267,
    266, 270, 267, 268, 270, 267, 267, 265, 267, 266, 266, 269, 268, 267,
    269, 267, 268, 268, 264, 265, 264, 263, 265, 265, 268, 264, 267, 266,
    264, 265, 267, 263, 266, 265, 262, 266, 264, 262, 263, 268, 267, 267,
    265, 267, 266, 265, 264, 264, 266, 264, 266, 263, 267, 266, 264, 266,
    263, 264, 265, 263, 266 ]
headPositionsY: [ 70, 76, 73, 74, 76, 73, 73, 73, 76, 75, 76, 74, 73, 75,
    76, 73, 76, 73, 74, 75, 73, 74, 73, 77, 73, 74, 76, 73, 75, 75, 74,
    73, 74, 72, 75, 73, 75, 72, 75, 73, 76, 74, 73, 76, 71, 71, 70, 68,
    66, 67, 68, 70, 71, 77, 76, 82, 83, 80, 81, 75, 75, 70, 67, 68, 70,
    72, 74, 77, 82, 81, 83, 81, 82, 78, 74, 71, 68, 67, 68, 70, 70, 69,
    73, 75, 78, 83, 81, 85, 84, 81, 80, 82, 80, 79, 76, 77, 74, 76, 74,
    76 ]
