%YAML:1.0
---
videoName: "headNod36.mp4"
gestureLabel: 202
fps: 29
pixelSizeInCmTemp: 2.8176470588235292e-01
faceCenterPointX: 269
faceCenterPointY: 75
headPositionsX: [ 269, 268, 269, 269, 270, 268, 271, 269, 271, 270, 271,
    269, 270, 269, 268, 270, 269, 269, 267, 273, 272, 271, 271, 273, 270,
    269, 271, 267, 271, 271, 272, 270, 272, 269, 272, 267, 267, 267, 267,
    268, 267, 268, 266, 270, 269, 269, 269, 272, 272, 273, 270, 270, 270,
    273, 269, 268, 272, 268, 268, 272, 269, 270, 267, 266, 266, 267, 266,
    265, 266, 270, 268, 270, 265, 268, 268, 270, 268, 268, 266, 270, 268,
    271, 268, 267, 269, 268, 270, 267, 270, 267, 268, 270, 270, 270, 268,
    270, 267, 270, 268, 270 ]
headPositionsY: [ 75, 75, 74, 75, 76, 72, 74, 76, 76, 73, 74, 77, 73, 72,
    73, 76, 75, 76, 77, 75, 80, 76, 80, 79, 77, 75, 70, 68, 64, 62, 62,
    64, 70, 76, 78, 83, 89, 88, 89, 85, 85, 80, 77, 73, 75, 67, 66, 68,
    67, 69, 68, 72, 79, 81, 83, 88, 89, 84, 84, 80, 78, 75, 73, 74, 71,
    73, 77, 77, 83, 84, 82, 84, 81, 80, 80, 75, 73, 74, 77, 81, 83, 84,
    85, 83, 86, 85, 82, 77, 76, 79, 76, 74, 78, 74, 75, 74, 75, 74, 75,
    75 ]
