%YAML:1.0
---
videoName: "headNod49.mp4"
gestureLabel: 202
fps: 29
pixelSizeInCmTemp: 2.9207317073170730e-01
faceCenterPointX: 263
faceCenterPointY: 74
headPositionsX: [ 261, 263, 264, 267, 267, 263, 263, 265, 263, 266, 265,
    265, 265, 262, 266, 262, 266, 266, 265, 265, 265, 262, 266, 266, 264,
    263, 264, 265, 261, 263, 265, 265, 263, 266, 263, 265, 262, 262, 264,
    263, 265, 265, 265, 263, 262, 264, 261, 262, 261, 265, 262, 261, 264,
    263, 261, 263, 265, 262, 266, 265, 262, 262, 266, 265, 265, 265, 264,
    263, 265, 265, 264, 262, 265, 266, 265, 265, 264, 264, 265, 264, 265,
    265, 261, 263, 263, 260, 263, 264, 262, 262, 262, 262, 263, 264, 262,
    262, 262, 260, 262, 262 ]
headPositionsY: [ 75, 70, 72, 71, 73, 74, 72, 72, 73, 73, 71, 71, 70, 70,
    70, 69, 66, 66, 67, 67, 70, 70, 73, 75, 79, 76, 77, 78, 74, 75, 74,
    73, 72, 72, 68, 72, 72, 75, 76, 76, 80, 76, 76, 76, 76, 74, 73, 70,
    71, 69, 72, 71, 77, 77, 77, 78, 79, 76, 76, 75, 75, 73, 71, 72, 71,
    75, 77, 77, 79, 79, 78, 75, 76, 74, 73, 72, 76, 75, 75, 73, 77, 74,
    76, 77, 73, 77, 75, 74, 72, 72, 72, 76, 74, 73, 71, 74, 73, 75, 76,
    76 ]
