%YAML:1.0
---
videoName: "headNod8.mp4"
gestureLabel: 202
fps: 29
pixelSizeInCmTemp: 3.1933333333333330e-01
faceCenterPointX: 262
faceCenterPointY: 74
headPositionsX: [ 263, 263, 263, 260, 262, 262, 260, 261, 259, 260, 261,
    263, 261, 263, 259, 263, 260, 263, 259, 259, 259, 260, 264, 261, 261,
    258, 260, 261, 263, 263, 263, 262, 262, 261, 263, 261, 262, 261, 260,
    260, 260, 260, 259, 261, 264, 262, 261, 263, 264, 260, 260, 259, 264,
    263, 260, 262, 263, 258, 263, 262, 261, 261, 262, 261, 261, 263, 261,
    259, 261, 262, 259, 260, 259, 261, 262, 262, 261, 258, 258, 261, 261,
    260, 261, 264, 259, 263, 262, 263, 262, 263, 263, 261, 263, 264, 262,
    264, 263, 261, 263, 261 ]
headPositionsY: [ 76, 78, 76, 75, 74, 75, 78, 76, 79, 75, 78, 74, 76, 76,
    75, 75, 78, 75, 75, 74, 75, 74, 78, 75, 77, 73, 74, 75, 77, 74, 76,
    75, 78, 79, 77, 75, 75, 74, 74, 74, 70, 72, 71, 70, 66, 65, 67, 68,
    71, 77, 76, 79, 83, 82, 80, 82, 77, 76, 72, 71, 69, 67, 73, 75, 79,
    81, 81, 86, 81, 82, 76, 74, 73, 68, 70, 73, 74, 78, 77, 83, 82, 80,
    79, 78, 77, 75, 73, 71, 72, 74, 76, 75, 76, 76, 80, 77, 78, 75, 78,
    74 ]
