%YAML:1.0
---
videoName: "headNod48.mp4"
gestureLabel: 202
fps: 29
pixelSizeInCmTemp: 2.8855421686746985e-01
faceCenterPointX: 264
faceCenterPointY: 72
headPositionsX: [ 265, 263, 266, 264, 266, 266, 265, 267, 265, 264, 265,
    263, 267, 264, 263, 265, 261, 260, 264, 262, 261, 261, 262, 258, 259,
    260, 262, 262, 262, 262, 259, 260, 260, 260, 264, 263, 265, 261, 261,
    265, 260, 262, 263, 262, 262, 260, 262, 259, 264, 261, 259, 260, 259,
    262, 261, 261, 262, 262, 261, 259, 262, 263, 262, 263, 265, 263, 261,
    261, 264, 265, 262, 266, 265, 266, 264, 263, 265, 264, 262, 264, 267,
    266, 264, 264, 267, 266, 263, 264, 265, 267, 267, 267, 268, 265, 266,
    262, 264, 266, 266, 265 ]
headPositionsY: [ 72, 73, 79, 77, 79, 78, 74, 71, 66, 64, 65, 60, 64, 62,
    68, 68, 74, 81, 82, 87, 88, 85, 82, 80, 77, 73, 70, 69, 66, 65, 64,
    64, 65, 67, 67, 74, 76, 77, 81, 81, 82, 84, 81, 79, 77, 77, 71, 75,
    70, 69, 73, 73, 76, 79, 81, 80, 76, 75, 73, 70, 69, 69, 72, 71, 72,
    74, 75, 77, 79, 74, 75, 73, 72, 70, 72, 68, 68, 71, 70, 75, 75, 75,
    73, 74, 73, 73, 71, 71, 72, 72, 71, 74, 72, 73, 73, 74, 75, 72, 74,
    73 ]
