%YAML:1.0
---
videoName: "headNod24.mp4"
gestureLabel: 202
fps: 29
pixelSizeInCmTemp: 3.1513157894736843e-01
faceCenterPointX: 272
faceCenterPointY: 72
headPositionsX: [ 270, 273, 275, 275, 273, 273, 272, 272, 277, 274, 275,
    273, 274, 276, 274, 273, 277, 274, 272, 273, 271, 273, 275, 275, 272,
    271, 271, 274, 274, 271, 270, 272, 273, 274, 274, 275, 272, 274, 275,
    274, 274, 273, 270, 275, 271, 273, 275, 271, 275, 273, 271, 276, 275,
    275, 272, 271, 273, 272, 271, 270, 269, 271, 269, 269, 271, 271, 273,
    272, 269, 273, 273, 269, 272, 271, 268, 273, 269, 268, 270, 272, 272,
    271, 268, 269, 271, 270, 270, 270, 271, 273, 272, 272, 269, 272, 272,
    270, 270, 272, 271, 270 ]
headPositionsY: [ 71, 72, 75, 71, 72, 72, 75, 72, 74, 72, 72, 76, 74, 74,
    71, 76, 72, 73, 71, 74, 74, 71, 74, 72, 71, 75, 75, 76, 73, 73, 74,
    76, 71, 72, 75, 73, 73, 73, 70, 71, 72, 75, 78, 79, 81, 79, 81, 73,
    69, 66, 69, 66, 70, 74, 76, 75, 73, 71, 70, 69, 65, 66, 65, 71, 70,
    75, 75, 77, 75, 75, 72, 68, 71, 67, 69, 69, 73, 75, 74, 77, 75, 76,
    72, 72, 70, 69, 68, 70, 72, 71, 70, 72, 71, 71, 75, 75, 75, 70, 71,
    72 ]
