%YAML:1.0
---
videoName: "headNod15.mp4"
gestureLabel: 202
fps: 29
pixelSizeInCmTemp: 3.1933333333333330e-01
faceCenterPointX: 255
faceCenterPointY: 74
headPositionsX: [ 253, 259, 256, 258, 255, 256, 255, 258, 258, 256, 257,
    256, 255, 259, 254, 257, 256, 257, 254, 257, 254, 257, 255, 257, 254,
    253, 255, 255, 257, 254, 257, 253, 254, 256, 255, 254, 254, 257, 258,
    253, 256, 253, 256, 255, 257, 256, 257, 254, 255, 256, 254, 255, 253,
    254, 257, 252, 254, 253, 256, 257, 255, 254, 253, 253, 257, 256, 257,
    258, 256, 255, 253, 255, 257, 253, 253, 251, 254, 254, 254, 252, 252,
    254, 254, 252, 255, 254, 253, 254, 253, 255, 256, 253, 252, 255, 254,
    256, 254, 255, 255, 255 ]
headPositionsY: [ 76, 74, 72, 74, 73, 74, 71, 72, 71, 76, 71, 72, 72, 74,
    71, 75, 71, 73, 72, 74, 73, 73, 71, 75, 76, 73, 74, 74, 73, 73, 71,
    76, 76, 73, 73, 73, 78, 78, 78, 80, 82, 83, 77, 78, 74, 70, 73, 68,
    72, 75, 76, 80, 82, 80, 80, 80, 76, 72, 73, 70, 72, 71, 75, 80, 79,
    81, 82, 81, 77, 74, 73, 70, 70, 69, 72, 76, 78, 77, 78, 77, 74, 69,
    72, 69, 69, 70, 71, 74, 73, 75, 74, 72, 71, 71, 72, 73, 73, 73, 73,
    75 ]
