%YAML:1.0
---
videoName: "headNod42.mp4"
gestureLabel: 202
fps: 30
pixelSizeInCmTemp: 3.0316455696202532e-01
faceCenterPointX: 265
faceCenterPointY: 77
headPositionsX: [ 265, 266, 267, 268, 271, 270, 271, 269, 267, 267, 269,
    267, 266, 268, 266, 271, 272, 270, 267, 271, 269, 270, 270, 267, 268,
    267, 266, 268, 265, 265, 267, 265, 265, 265, 264, 266, 268, 264, 265,
    264, 266, 266, 264, 263, 264, 265, 266, 267, 265, 264, 266, 263, 263,
    265, 263, 264, 265, 267, 263, 266, 265, 263, 263, 265, 264, 264, 264,
    265, 267, 264, 264, 263, 266, 266, 263, 268, 267, 264, 266, 268, 265,
    267, 264, 265, 265, 268, 265, 268, 263, 264, 267, 266, 263, 266, 267,
    266, 266, 267, 263, 265 ]
headPositionsY: [ 77, 76, 75, 77, 78, 78, 74, 76, 78, 75, 76, 79, 74, 76,
    76, 70, 68, 65, 66, 67, 66, 69, 69, 74, 81, 83, 89, 91, 92, 89, 88,
    85, 81, 78, 75, 70, 70, 68, 70, 73, 75, 78, 83, 83, 84, 83, 81, 76,
    75, 72, 70, 71, 71, 72, 72, 75, 83, 84, 83, 87, 84, 84, 80, 76, 78,
    73, 76, 77, 73, 77, 76, 79, 82, 83, 79, 81, 77, 78, 76, 75, 76, 74,
    73, 75, 81, 78, 82, 81, 79, 81, 79, 78, 76, 79, 80, 78, 80, 78, 77,
    77 ]
