%YAML:1.0
---
videoName: "headNod2.mp4"
gestureLabel: 202
fps: 29
pixelSizeInCmTemp: 3.2364864864864862e-01
faceCenterPointX: 263
faceCenterPointY: 70
headPositionsX: [ 262, 262, 261, 262, 262, 261, 265, 265, 262, 262, 263,
    263, 265, 265, 265, 265, 262, 262, 263, 264, 264, 265, 261, 264, 261,
    263, 263, 263, 261, 264, 264, 263, 260, 261, 262, 260, 263, 262, 260,
    263, 263, 262, 259, 260, 261, 259, 261, 263, 260, 265, 264, 260, 261,
    262, 260, 262, 265, 262, 260, 260, 264, 263, 260, 261, 264, 260, 262,
    262, 261, 264, 261, 264, 261, 261, 260, 264, 264, 261, 265, 262, 264,
    264, 264, 265, 261, 263, 262, 264, 261, 261, 262, 263, 264, 261, 261,
    263, 265, 265, 264, 265 ]
headPositionsY: [ 68, 73, 77, 74, 74, 74, 77, 76, 75, 75, 75, 75, 74, 76,
    76, 74, 73, 74, 75, 77, 75, 76, 75, 77, 75, 73, 74, 73, 73, 74, 76,
    75, 72, 75, 76, 74, 73, 74, 75, 75, 75, 73, 74, 74, 75, 75, 73, 72,
    72, 73, 69, 70, 72, 74, 73, 76, 79, 76, 75, 72, 69, 74, 74, 72, 75,
    76, 75, 69, 72, 71, 72, 70, 75, 77, 75, 73, 74, 69, 73, 69, 71, 75,
    74, 79, 75, 72, 74, 72, 68, 71, 72, 69, 73, 73, 69, 69, 70, 68, 72,
    72 ]
