%YAML:1.0
---
videoName: "headNod23.mp4"
gestureLabel: 202
fps: 29
pixelSizeInCmTemp: 3.1933333333333330e-01
faceCenterPointX: 273
faceCenterPointY: 75
headPositionsX: [ 271, 272, 277, 275, 273, 272, 272, 274, 272, 276, 274,
    274, 274, 275, 275, 275, 272, 274, 273, 273, 273, 276, 272, 273, 274,
    277, 274, 273, 274, 275, 275, 276, 276, 277, 275, 273, 274, 272, 272,
    270, 270, 269, 272, 274, 271, 271, 272, 271, 271, 272, 273, 275, 275,
    275, 275, 275, 271, 272, 272, 273, 272, 272, 274, 272, 271, 274, 274,
    275, 274, 275, 272, 272, 273, 272, 274, 271, 274, 276, 272, 274, 274,
    271, 276, 275, 273, 272, 275, 275, 274, 273, 275, 275, 273, 274, 273,
    272, 276, 274, 274, 274 ]
headPositionsY: [ 75, 75, 78, 77, 75, 75, 75, 76, 78, 74, 74, 74, 78, 75,
    76, 79, 77, 74, 74, 75, 76, 79, 75, 75, 72, 74, 71, 66, 64, 64, 62,
    63, 66, 66, 69, 72, 75, 77, 79, 82, 84, 84, 81, 81, 79, 75, 72, 67,
    66, 68, 67, 67, 68, 72, 73, 75, 75, 78, 80, 76, 78, 74, 72, 73, 70,
    68, 70, 68, 71, 71, 71, 72, 73, 79, 76, 81, 77, 79, 79, 79, 75, 77,
    73, 72, 73, 74, 73, 71, 72, 74, 72, 75, 73, 76, 73, 75, 75, 73, 77,
    75 ]
