%YAML:1.0
---
videoName: "headNod20.mp4"
gestureLabel: 202
fps: 30
pixelSizeInCmTemp: 3.2808219178082193e-01
faceCenterPointX: 253
faceCenterPointY: 80
headPositionsX: [ 253, 258, 255, 254, 254, 257, 256, 258, 258, 254, 254,
    255, 255, 254, 257, 254, 255, 258, 254, 254, 253, 255, 256, 253, 257,
    253, 255, 254, 255, 256, 257, 257, 253, 254, 257, 255, 256, 256, 256,
    255, 253, 254, 254, 255, 255, 251, 252, 250, 251, 251, 252, 252, 252,
    253, 251, 252, 250, 254, 251, 251, 253, 253, 251, 251, 250, 251, 254,
    252, 254, 252, 251, 254, 253, 251, 253, 252, 255, 252, 254, 254, 254,
    254, 254, 255, 255, 250, 252, 251, 254, 253, 251, 251, 252, 255, 253,
    254, 254, 251, 251, 252 ]
headPositionsY: [ 82, 79, 75, 79, 76, 80, 79, 80, 79, 79, 79, 79, 77, 77,
    78, 75, 80, 79, 78, 76, 76, 77, 81, 80, 78, 77, 77, 79, 81, 82, 84,
    82, 85, 88, 87, 84, 81, 77, 77, 71, 71, 70, 71, 72, 80, 81, 84, 85,
    88, 90, 89, 83, 81, 77, 76, 76, 77, 79, 79, 84, 83, 85, 80, 81, 76,
    76, 79, 80, 80, 83, 81, 78, 80, 77, 76, 81, 83, 78, 81, 81, 81, 78,
    80, 79, 79, 81, 79, 81, 83, 79, 78, 83, 78, 82, 82, 82, 78, 82, 82,
    82 ]
