%YAML:1.0
---
videoName: "headNod1.mp4"
gestureLabel: 202
fps: 29
pixelSizeInCmTemp: 3.2808219178082193e-01
faceCenterPointX: 263
faceCenterPointY: 78
headPositionsX: [ 261, 261, 262, 263, 263, 262, 264, 264, 262, 261, 261,
    265, 262, 264, 262, 264, 263, 265, 264, 264, 265, 262, 267, 262, 263,
    266, 267, 266, 265, 264, 264, 262, 262, 264, 263, 265, 263, 265, 264,
    266, 268, 266, 266, 263, 267, 264, 266, 266, 264, 262, 262, 265, 264,
    263, 261, 264, 262, 264, 263, 263, 261, 264, 261, 265, 261, 263, 264,
    266, 261, 263, 261, 261, 262, 265, 264, 263, 264, 262, 260, 264, 260,
    261, 260, 260, 262, 262, 263, 262, 263, 263, 264, 260, 262, 262, 264,
    264, 262, 263, 261, 262 ]
headPositionsY: [ 79, 76, 75, 74, 75, 74, 76, 73, 73, 77, 76, 73, 73, 76,
    76, 76, 73, 72, 73, 74, 76, 75, 73, 74, 75, 76, 74, 73, 77, 74, 75,
    76, 73, 73, 73, 69, 70, 69, 65, 65, 65, 61, 62, 64, 63, 67, 66, 68,
    69, 75, 75, 80, 80, 82, 84, 82, 81, 76, 75, 74, 72, 70, 67, 66, 63,
    68, 69, 72, 74, 78, 76, 77, 75, 74, 71, 72, 68, 64, 67, 65, 66, 67,
    69, 69, 76, 76, 76, 82, 79, 81, 81, 84, 82, 81, 80, 77, 79, 78, 80,
    76 ]
