%YAML:1.0
---
videoName: "headNod0.mp4"
gestureLabel: 202
fps: 29
pixelSizeInCmTemp: 3.2364864864864862e-01
faceCenterPointX: 264
faceCenterPointY: 76
headPositionsX: [ 263, 268, 269, 270, 270, 267, 265, 268, 267, 269, 267,
    266, 267, 267, 268, 264, 267, 265, 265, 266, 263, 264, 266, 268, 266,
    265, 267, 264, 264, 263, 266, 266, 268, 266, 266, 267, 269, 267, 267,
    265, 268, 267, 266, 266, 266, 263, 265, 263, 265, 266, 267, 265, 262,
    267, 265, 263, 262, 263, 263, 267, 263, 266, 266, 267, 267, 267, 266,
    267, 266, 266, 266, 267, 263, 266, 265, 266, 262, 262, 265, 265, 263,
    264, 262, 264, 263, 265, 266, 266, 265, 266, 264, 263, 266, 265, 264,
    265, 266, 266, 263, 263 ]
headPositionsY: [ 75, 72, 73, 73, 73, 75, 73, 74, 74, 74, 71, 74, 74, 72,
    71, 75, 74, 75, 74, 71, 73, 75, 75, 75, 74, 76, 74, 72, 72, 71, 68,
    66, 64, 65, 62, 62, 65, 61, 62, 67, 67, 72, 73, 77, 80, 79, 83, 83,
    83, 79, 80, 74, 73, 69, 68, 69, 69, 64, 64, 70, 70, 69, 73, 73, 77,
    78, 77, 81, 81, 76, 77, 73, 70, 69, 70, 67, 66, 68, 68, 71, 71, 74,
    72, 72, 76, 76, 76, 77, 79, 80, 80, 78, 75, 77, 75, 75, 77, 76, 76,
    74 ]
