%YAML:1.0
---
videoName: "headNod9.mp4"
gestureLabel: 202
fps: 29
pixelSizeInCmTemp: 3.1513157894736843e-01
faceCenterPointX: 261
faceCenterPointY: 75
headPositionsX: [ 260, 259, 260, 260, 260, 261, 258, 263, 263, 259, 259,
    263, 260, 260, 259, 261, 262, 260, 260, 259, 263, 262, 259, 262, 258,
    260, 261, 261, 261, 261, 259, 262, 263, 263, 260, 260, 259, 261, 263,
    262, 262, 260, 259, 262, 263, 262, 260, 258, 260, 261, 260, 259, 259,
    260, 261, 262, 263, 258, 262, 261, 259, 259, 261, 262, 259, 261, 263,
    262, 259, 258, 259, 259, 257, 257, 260, 258, 257, 261, 259, 261, 258,
    260, 257, 257, 257, 259, 259, 257, 257, 260, 258, 259, 261, 257, 259,
    260, 261, 262, 262, 259 ]
headPositionsY: [ 74, 74, 75, 74, 75, 74, 77, 77, 76, 75, 75, 77, 78, 73,
    73, 74, 77, 77, 76, 74, 74, 73, 77, 76, 75, 75, 77, 75, 74, 77, 75,
    77, 81, 82, 79, 82, 78, 74, 75, 75, 74, 72, 75, 83, 84, 85, 87, 84,
    80, 77, 77, 78, 78, 80, 81, 83, 83, 82, 79, 80, 74, 72, 75, 72, 75,
    78, 82, 83, 84, 81, 78, 77, 74, 74, 72, 73, 70, 75, 79, 78, 81, 82,
    83, 81, 82, 76, 76, 74, 74, 75, 74, 74, 70, 75, 77, 73, 74, 75, 76,
    76 ]
