%YAML:1.0
---
videoName: "headNod43.mp4"
gestureLabel: 202
fps: 29
pixelSizeInCmTemp: 2.8855421686746985e-01
faceCenterPointX: 268
faceCenterPointY: 74
headPositionsX: [ 266, 272, 272, 272, 271, 271, 270, 267, 272, 271, 267,
    269, 271, 266, 271, 267, 268, 266, 268, 266, 269, 267, 267, 266, 267,
    267, 269, 269, 264, 265, 265, 266, 265, 265, 264, 265, 267, 263, 264,
    265, 264, 266, 263, 263, 265, 266, 267, 265, 268, 264, 266, 262, 264,
    262, 266, 261, 265, 263, 265, 266, 265, 263, 264, 264, 265, 264, 268,
    264, 268, 268, 269, 267, 268, 266, 269, 266, 267, 266, 269, 267, 269,
    269, 269, 267, 270, 266, 267, 269, 268, 270, 269, 270, 267, 267, 268,
    269, 270, 267, 270, 267 ]
headPositionsY: [ 74, 79, 78, 75, 76, 77, 76, 77, 76, 76, 75, 74, 76, 72,
    76, 76, 74, 75, 73, 77, 73, 77, 77, 78, 75, 78, 81, 84, 89, 88, 88,
    87, 88, 82, 77, 80, 78, 81, 84, 87, 88, 93, 90, 85, 83, 80, 80, 81,
    80, 84, 86, 90, 92, 90, 86, 85, 81, 82, 84, 85, 88, 91, 93, 88, 89,
    87, 82, 81, 79, 77, 78, 83, 83, 88, 90, 91, 88, 87, 82, 79, 79, 77,
    74, 74, 72, 71, 73, 72, 75, 71, 72, 75, 74, 73, 72, 75, 75, 73, 72,
    73 ]
