%YAML:1.0
---
videoName: "headNod0.mp4"
gestureLabel: 202
fps: 29
pixelSizeInCmTemp: 3.2364864864864862e-01
faceCenterPointX: 264
faceCenterPointY: 76
headPositionsX: [ 262, 265, 268, 267, 270, 265, 266, 265, 268, 266, 268,
    265, 267, 267, 265, 267, 263, 264, 263, 264, 265, 267, 265, 268, 265,
    264, 267, 265, 267, 266, 266, 265, 264, 267, 267, 266, 268, 268, 266,
    264, 267, 266, 264, 266, 267, 265, 264, 265, 263, 262, 267, 266, 266,
    264, 266, 266, 262, 267, 262, 263, 266, 265, 265, 266, 267, 266, 264,
    265, 265, 267, 265, 267, 266, 267, 262, 265, 262, 265, 263, 263, 262,
    265, 263, 267, 262, 262, 265, 266, 266, 264, 265, 266, 267, 266, 263,
    263, 264, 265, 265, 262 ]
headPositionsY: [ 78, 75, 73, 74, 72, 72, 75, 73, 73, 74, 74, 74, 73, 75,
    73, 73, 71, 75, 73, 73, 71, 71, 73, 76, 76, 72, 73, 74, 72, 73, 70,
    68, 63, 66, 61, 63, 63, 63, 64, 65, 67, 70, 73, 77, 76, 79, 81, 81,
    83, 79, 78, 73, 70, 71, 67, 68, 68, 66, 64, 70, 70, 71, 71, 73, 76,
    79, 77, 80, 78, 80, 77, 77, 71, 70, 66, 66, 66, 68, 69, 69, 69, 74,
    72, 72, 76, 75, 79, 79, 79, 76, 78, 78, 79, 79, 77, 76, 77, 74, 77,
    78 ]
