%YAML:1.0
---
videoName: "headNod12.mp4"
gestureLabel: 202
fps: 29
pixelSizeInCmTemp: 3.2808219178082193e-01
faceCenterPointX: 254
faceCenterPointY: 69
headPositionsX: [ 254, 253, 252, 252, 254, 252, 254, 253, 253, 256, 257,
    256, 255, 257, 256, 257, 254, 257, 257, 256, 257, 254, 258, 254, 254,
    256, 256, 258, 256, 255, 256, 253, 258, 252, 253, 252, 255, 253, 255,
    255, 255, 255, 254, 253, 252, 254, 253, 253, 254, 255, 252, 256, 253,
    255, 254, 255, 255, 255, 253, 252, 256, 252, 254, 256, 254, 252, 254,
    255, 255, 251, 254, 254, 253, 255, 252, 255, 256, 256, 253, 254, 256,
    257, 256, 253, 254, 255, 254, 257, 254, 257, 255, 255, 255, 256, 253,
    256, 252, 256, 256, 254 ]
headPositionsY: [ 69, 75, 70, 73, 70, 73, 76, 73, 73, 74, 74, 74, 72, 72,
    71, 75, 71, 75, 72, 71, 73, 74, 74, 72, 75, 72, 75, 75, 75, 73, 74,
    72, 73, 73, 72, 71, 69, 70, 68, 66, 65, 61, 64, 64, 62, 65, 69, 69,
    72, 77, 77, 81, 79, 78, 78, 75, 72, 68, 68, 67, 63, 65, 62, 65, 66,
    66, 68, 70, 75, 76, 76, 75, 76, 76, 74, 71, 68, 70, 68, 64, 67, 67,
    64, 64, 69, 70, 71, 72, 72, 74, 74, 73, 75, 72, 74, 73, 71, 72, 69,
    72 ]
