%YAML:1.0
---
videoName: "headNod15.mp4"
gestureLabel: 202
fps: 29
pixelSizeInCmTemp: 3.1933333333333330e-01
faceCenterPointX: 255
faceCenterPointY: 74
headPositionsX: [ 256, 256, 259, 256, 255, 257, 255, 259, 255, 257, 258,
    255, 257, 257, 256, 255, 254, 256, 255, 257, 258, 254, 253, 256, 254,
    253, 254, 257, 257, 254, 256, 257, 257, 253, 257, 254, 255, 254, 254,
    253, 257, 254, 253, 256, 254, 253, 255, 254, 252, 256, 255, 255, 255,
    257, 256, 256, 255, 256, 255, 253, 254, 257, 252, 254, 257, 258, 255,
    255, 254, 254, 253, 253, 256, 254, 256, 251, 253, 255, 253, 251, 254,
    255, 256, 254, 256, 256, 253, 254, 254, 255, 252, 252, 254, 255, 256,
    255, 255, 254, 255, 252 ]
headPositionsY: [ 72, 75, 75, 75, 74, 75, 71, 75, 75, 73, 70, 73, 75, 72,
    73, 73, 73, 74, 74, 72, 76, 73, 73, 75, 73, 71, 74, 71, 73, 75, 74,
    72, 74, 75, 74, 76, 76, 80, 80, 82, 84, 82, 81, 78, 76, 70, 70, 71,
    72, 75, 76, 80, 84, 84, 77, 76, 76, 73, 70, 72, 68, 74, 75, 80, 81,
    81, 85, 82, 79, 76, 71, 71, 68, 69, 70, 75, 78, 79, 77, 74, 73, 72,
    72, 71, 68, 72, 73, 70, 74, 75, 75, 73, 72, 70, 72, 74, 71, 73, 72,
    71 ]
