%YAML:1.0
---
videoName: "headNod37.mp4"
gestureLabel: 202
fps: 29
pixelSizeInCmTemp: 2.9207317073170730e-01
faceCenterPointX: 269
faceCenterPointY: 78
headPositionsX: [ 267, 269, 270, 272, 268, 271, 270, 269, 270, 270, 271,
    268, 273, 270, 272, 269, 271, 267, 270, 268, 269, 267, 268, 270, 271,
    267, 269, 268, 269, 272, 272, 272, 269, 272, 268, 270, 269, 269, 271,
    271, 272, 269, 270, 271, 268, 271, 270, 267, 271, 268, 271, 268, 270,
    272, 271, 271, 272, 267, 269, 268, 270, 271, 266, 268, 268, 264, 266,
    266, 266, 266, 266, 267, 269, 269, 269, 269, 266, 268, 268, 268, 272,
    271, 272, 270, 270, 269, 271, 270, 271, 267, 268, 267, 270, 268, 270,
    268, 269, 269, 268, 268 ]
headPositionsY: [ 77, 77, 73, 75, 77, 76, 78, 75, 75, 75, 72, 76, 76, 73,
    77, 76, 73, 75, 75, 73, 77, 73, 76, 76, 74, 77, 77, 74, 73, 75, 75,
    76, 74, 78, 74, 73, 74, 75, 73, 74, 75, 75, 78, 77, 74, 77, 78, 76,
    77, 77, 77, 76, 71, 69, 65, 69, 64, 66, 67, 67, 71, 73, 79, 82, 85,
    86, 86, 85, 82, 81, 73, 72, 69, 66, 65, 65, 64, 67, 68, 67, 73, 76,
    78, 82, 82, 80, 83, 83, 80, 82, 77, 78, 77, 76, 79, 76, 77, 76, 76,
    79 ]
