%YAML:1.0
---
videoName: "headNod7.mp4"
gestureLabel: 202
fps: 29
pixelSizeInCmTemp: 3.2808219178082193e-01
faceCenterPointX: 261
faceCenterPointY: 71
headPositionsX: [ 261, 267, 263, 267, 268, 266, 265, 262, 264, 264, 262,
    264, 262, 262, 261, 263, 262, 262, 263, 264, 262, 263, 264, 263, 261,
    263, 264, 264, 264, 262, 262, 262, 259, 261, 260, 260, 263, 260, 262,
    261, 260, 261, 261, 260, 260, 261, 261, 261, 262, 260, 263, 260, 262,
    264, 261, 262, 260, 262, 264, 261, 263, 263, 260, 262, 260, 260, 262,
    261, 260, 258, 258, 261, 261, 260, 262, 263, 261, 260, 264, 259, 262,
    260, 260, 260, 263, 260, 260, 262, 261, 261, 261, 260, 259, 259, 260,
    259, 260, 261, 264, 263 ]
headPositionsY: [ 69, 75, 74, 76, 73, 73, 76, 73, 76, 75, 73, 74, 76, 76,
    75, 74, 75, 76, 77, 74, 75, 74, 73, 75, 75, 76, 75, 78, 76, 75, 78,
    75, 73, 76, 74, 73, 75, 73, 77, 75, 74, 74, 76, 76, 76, 75, 77, 74,
    73, 71, 68, 72, 68, 68, 73, 75, 76, 80, 82, 75, 77, 72, 70, 71, 69,
    73, 75, 77, 79, 78, 80, 75, 72, 72, 71, 68, 70, 70, 73, 72, 75, 75,
    77, 77, 78, 77, 78, 73, 72, 71, 71, 69, 72, 68, 72, 72, 72, 69, 74,
    71 ]
