%YAML:1.0
---
videoName: "headNod17.mp4"
gestureLabel: 202
fps: 30
pixelSizeInCmTemp: 3.2808219178082193e-01
faceCenterPointX: 253
faceCenterPointY: 76
headPositionsX: [ 252, 254, 254, 253, 254, 257, 257, 255, 253, 256, 257,
    256, 255, 256, 257, 255, 257, 255, 255, 254, 254, 256, 256, 254, 256,
    257, 255, 257, 258, 255, 255, 255, 253, 254, 256, 254, 255, 256, 253,
    254, 254, 253, 252, 254, 251, 252, 255, 252, 254, 253, 253, 253, 256,
    253, 255, 251, 253, 253, 257, 255, 256, 256, 255, 257, 254, 257, 254,
    255, 255, 256, 256, 254, 253, 255, 253, 252, 255, 252, 252, 254, 252,
    254, 252, 254, 253, 254, 254, 254, 256, 257, 254, 255, 252, 253, 253,
    254, 255, 254, 255, 254 ]
headPositionsY: [ 78, 80, 79, 76, 79, 78, 77, 79, 75, 79, 75, 77, 79, 78,
    76, 76, 78, 79, 78, 78, 78, 77, 72, 71, 74, 70, 67, 69, 70, 65, 64,
    64, 69, 69, 71, 71, 70, 73, 76, 77, 80, 80, 83, 84, 85, 85, 81, 85,
    79, 79, 76, 75, 75, 74, 70, 72, 69, 70, 71, 69, 69, 73, 76, 77, 77,
    79, 82, 80, 82, 79, 76, 75, 74, 76, 78, 78, 81, 77, 77, 77, 75, 77,
    77, 74, 76, 75, 77, 78, 78, 77, 79, 75, 76, 77, 78, 74, 77, 76, 77,
    77 ]
