%YAML:1.0
---
videoName: "headNod22.mp4"
gestureLabel: 202
fps: 29
pixelSizeInCmTemp: 3.1513157894736843e-01
faceCenterPointX: 252
faceCenterPointY: 80
headPositionsX: [ 254, 252, 255, 250, 255, 251, 253, 256, 255, 250, 254,
    251, 254, 251, 253, 254, 255, 255, 255, 253, 255, 251, 255, 252, 251,
    254, 252, 255, 253, 255, 253, 253, 251, 252, 254, 253, 254, 254, 254,
    253, 255, 253, 254, 256, 250, 253, 253, 251, 254, 252, 253, 255, 253,
    251, 250, 250, 249, 252, 249, 254, 250, 253, 255, 251, 251, 252, 252,
    253, 253, 254, 252, 250, 253, 253, 251, 250, 254, 250, 251, 251, 250,
    254, 249, 252, 252, 252, 254, 252, 252, 252, 250, 254, 253, 249, 252,
    249, 248, 253, 251, 251 ]
headPositionsY: [ 82, 78, 81, 80, 77, 77, 77, 80, 77, 78, 78, 77, 80, 81,
    77, 79, 78, 76, 78, 80, 79, 80, 78, 82, 83, 81, 83, 85, 82, 77, 74,
    72, 74, 70, 73, 74, 72, 78, 79, 83, 83, 81, 82, 76, 72, 74, 70, 69,
    73, 72, 78, 81, 84, 83, 84, 82, 80, 77, 75, 73, 72, 70, 74, 75, 77,
    79, 80, 78, 77, 77, 75, 76, 77, 73, 77, 80, 82, 78, 78, 82, 77, 75,
    76, 78, 79, 78, 78, 79, 80, 79, 77, 80, 79, 78, 79, 80, 82, 81, 81,
    79 ]
