%YAML:1.0
---
videoName: "headNod28.mp4"
gestureLabel: 202
fps: 30
pixelSizeInCmTemp: 3.2364864864864862e-01
faceCenterPointX: 270
faceCenterPointY: 76
headPositionsX: [ 270, 272, 272, 272, 269, 270, 271, 270, 272, 273, 270,
    269, 270, 271, 272, 272, 268, 272, 269, 271, 273, 271, 271, 271, 268,
    269, 269, 270, 269, 272, 268, 272, 270, 269, 269, 272, 270, 268, 270,
    269, 271, 273, 268, 268, 267, 268, 269, 269, 268, 272, 268, 269, 267,
    270, 272, 270, 269, 270, 272, 270, 272, 270, 269, 273, 273, 272, 268,
    269, 273, 273, 273, 269, 269, 271, 273, 269, 275, 270, 272, 270, 269,
    272, 271, 273, 272, 269, 271, 271, 272, 269, 270, 270, 270, 272, 273,
    269, 271, 271, 269, 269 ]
headPositionsY: [ 75, 76, 73, 76, 77, 74, 76, 75, 73, 75, 74, 76, 75, 73,
    74, 74, 75, 74, 75, 74, 73, 76, 74, 73, 76, 72, 75, 75, 74, 75, 73,
    77, 75, 74, 74, 73, 74, 75, 74, 73, 74, 77, 80, 80, 80, 81, 82, 78,
    80, 77, 72, 75, 70, 71, 73, 70, 71, 73, 77, 77, 79, 79, 82, 80, 76,
    73, 70, 71, 71, 71, 71, 75, 78, 80, 82, 81, 78, 77, 77, 74, 74, 72,
    73, 76, 75, 80, 80, 76, 78, 78, 77, 75, 75, 73, 75, 77, 75, 76, 76,
    76 ]
