%YAML:1.0
---
videoName: "headNod13.mp4"
gestureLabel: 202
fps: 29
pixelSizeInCmTemp: 3.2364864864864862e-01
faceCenterPointX: 253
faceCenterPointY: 79
headPositionsX: [ 254, 253, 254, 255, 253, 251, 252, 252, 253, 253, 252,
    253, 252, 256, 256, 252, 256, 256, 256, 257, 256, 252, 252, 252, 252,
    252, 254, 253, 253, 255, 253, 252, 253, 255, 252, 252, 251, 252, 254,
    254, 253, 254, 251, 251, 252, 255, 251, 253, 251, 251, 255, 255, 252,
    253, 256, 252, 256, 254, 255, 253, 256, 252, 252, 254, 254, 253, 251,
    255, 255, 254, 252, 254, 256, 252, 255, 256, 254, 256, 253, 253, 256,
    257, 256, 254, 252, 257, 256, 254, 256, 257, 255, 253, 256, 253, 254,
    251, 253, 251, 254, 251 ]
headPositionsY: [ 80, 72, 71, 74, 74, 71, 73, 74, 73, 73, 73, 71, 72, 74,
    75, 75, 76, 76, 74, 73, 74, 74, 71, 74, 72, 75, 74, 75, 73, 74, 75,
    73, 75, 74, 72, 74, 74, 75, 72, 75, 74, 73, 72, 74, 74, 72, 75, 74,
    74, 70, 70, 69, 68, 68, 67, 72, 72, 74, 78, 75, 77, 79, 79, 77, 72,
    73, 68, 69, 70, 69, 70, 73, 76, 76, 80, 80, 79, 77, 75, 76, 72, 73,
    73, 74, 75, 78, 76, 79, 77, 79, 78, 80, 78, 79, 77, 79, 78, 78, 78,
    79 ]
