%YAML:1.0
---
videoName: "headNod43.mp4"
gestureLabel: 202
fps: 29
pixelSizeInCmTemp: 2.8855421686746985e-01
faceCenterPointX: 268
faceCenterPointY: 74
headPositionsX: [ 266, 269, 272, 271, 268, 268, 268, 267, 271, 267, 269,
    271, 267, 266, 271, 268, 268, 269, 269, 270, 268, 268, 270, 266, 269,
    265, 267, 266, 268, 266, 265, 263, 265, 267, 266, 263, 265, 267, 263,
    264, 262, 263, 263, 264, 263, 264, 267, 269, 268, 265, 267, 266, 266,
    264, 262, 263, 265, 266, 265, 265, 265, 262, 266, 264, 266, 265, 267,
    268, 267, 267, 266, 266, 268, 270, 267, 268, 267, 265, 268, 266, 269,
    268, 266, 269, 269, 267, 268, 268, 269, 267, 267, 270, 266, 270, 271,
    267, 270, 269, 270, 270 ]
headPositionsY: [ 73, 77, 77, 75, 77, 75, 76, 73, 76, 76, 74, 76, 75, 73,
    76, 75, 74, 74, 77, 76, 75, 76, 75, 77, 77, 77, 80, 81, 86, 90, 89,
    87, 87, 81, 80, 78, 77, 82, 80, 85, 90, 90, 89, 89, 82, 80, 79, 81,
    80, 85, 88, 92, 89, 90, 88, 86, 83, 80, 83, 85, 88, 87, 92, 92, 92,
    88, 82, 82, 77, 80, 79, 81, 82, 88, 90, 89, 90, 89, 84, 79, 77, 76,
    73, 75, 72, 70, 74, 75, 75, 73, 72, 76, 73, 73, 74, 74, 72, 73, 72,
    75 ]
