%YAML:1.0
---
videoName: "headNod49.mp4"
gestureLabel: 202
fps: 29
pixelSizeInCmTemp: 2.9207317073170730e-01
faceCenterPointX: 263
faceCenterPointY: 74
headPositionsX: [ 265, 266, 266, 263, 264, 266, 265, 265, 263, 262, 265,
    265, 264, 262, 264, 262, 264, 265, 264, 267, 263, 265, 264, 266, 267,
    264, 266, 263, 265, 265, 262, 266, 264, 263, 264, 263, 263, 262, 264,
    262, 265, 264, 264, 265, 264, 265, 263, 261, 263, 263, 262, 262, 265,
    263, 264, 262, 263, 262, 263, 264, 263, 263, 265, 263, 266, 262, 262,
    266, 262, 262, 263, 266, 264, 266, 265, 265, 262, 262, 266, 262, 264,
    264, 261, 261, 262, 262, 261, 260, 262, 261, 261, 263, 261, 264, 264,
    264, 261, 260, 260, 264 ]
headPositionsY: [ 72, 70, 73, 73, 69, 72, 72, 72, 73, 70, 71, 70, 69, 71,
    68, 69, 68, 66, 70, 70, 68, 72, 73, 76, 79, 76, 77, 75, 75, 72, 73,
    71, 69, 71, 70, 71, 72, 72, 73, 79, 80, 76, 80, 78, 74, 74, 74, 72,
    69, 69, 70, 74, 76, 76, 76, 76, 79, 79, 74, 74, 74, 71, 71, 75, 74,
    74, 74, 78, 81, 77, 78, 78, 77, 73, 73, 74, 73, 75, 76, 74, 75, 76,
    77, 76, 75, 74, 75, 76, 76, 74, 74, 73, 75, 73, 75, 73, 72, 72, 72,
    73 ]
