%YAML:1.0
---
videoName: "headNod31.mp4"
gestureLabel: 202
fps: 29
pixelSizeInCmTemp: 2.8855421686746985e-01
faceCenterPointX: 267
faceCenterPointY: 75
headPositionsX: [ 265, 270, 271, 270, 268, 268, 271, 271, 272, 268, 270,
    271, 271, 270, 267, 267, 267, 268, 267, 265, 266, 264, 267, 267, 266,
    264, 268, 267, 266, 268, 270, 268, 269, 267, 267, 270, 270, 267, 269,
    268, 268, 267, 269, 267, 268, 269, 269, 266, 270, 268, 268, 265, 266,
    267, 267, 266, 267, 267, 265, 268, 264, 269, 264, 264, 267, 268, 265,
    268, 269, 267, 266, 268, 265, 264, 264, 269, 268, 267, 267, 269, 267,
    267, 263, 268, 269, 268, 264, 269, 267, 265, 265, 268, 267, 268, 269,
    267, 265, 268, 268, 266 ]
headPositionsY: [ 73, 76, 75, 75, 75, 74, 75, 69, 66, 66, 68, 68, 67, 64,
    76, 82, 81, 87, 85, 85, 85, 83, 82, 76, 74, 72, 70, 74, 70, 66, 70,
    69, 74, 74, 80, 80, 86, 88, 89, 86, 83, 83, 80, 77, 74, 76, 76, 72,
    78, 79, 82, 83, 86, 82, 83, 79, 76, 73, 71, 70, 73, 68, 71, 67, 71,
    71, 75, 75, 79, 83, 79, 80, 76, 75, 77, 75, 70, 69, 71, 70, 72, 76,
    74, 76, 79, 75, 79, 75, 74, 74, 73, 73, 72, 75, 74, 78, 75, 74, 78,
    73 ]
