%YAML:1.0
---
videoName: "headNod2.mp4"
gestureLabel: 202
fps: 29
pixelSizeInCmTemp: 3.2364864864864862e-01
faceCenterPointX: 263
faceCenterPointY: 70
headPositionsX: [ 265, 263, 261, 260, 262, 260, 263, 262, 265, 261, 262,
    264, 265, 264, 265, 266, 262, 263, 262, 262, 264, 264, 263, 262, 261,
    265, 264, 264, 264, 260, 260, 261, 261, 262, 263, 262, 262, 263, 263,
    261, 263, 264, 259, 262, 263, 259, 262, 260, 261, 264, 264, 263, 263,
    261, 260, 261, 262, 261, 260, 260, 263, 261, 262, 261, 262, 264, 262,
    263, 263, 263, 264, 260, 262, 262, 264, 262, 264, 262, 263, 264, 264,
    265, 261, 263, 263, 261, 261, 263, 262, 263, 264, 265, 263, 265, 261,
    263, 264, 265, 266, 262 ]
headPositionsY: [ 70, 75, 75, 74, 76, 77, 75, 77, 74, 74, 73, 76, 76, 74,
    74, 78, 76, 77, 74, 77, 73, 77, 76, 74, 75, 73, 76, 76, 75, 76, 73,
    75, 74, 75, 74, 75, 77, 72, 72, 72, 74, 75, 73, 75, 76, 72, 76, 73,
    71, 71, 69, 72, 72, 74, 76, 75, 81, 76, 78, 73, 72, 72, 72, 72, 76,
    74, 75, 70, 72, 68, 70, 74, 74, 77, 75, 73, 75, 71, 70, 69, 73, 73,
    75, 75, 73, 76, 70, 71, 68, 68, 69, 71, 72, 73, 69, 72, 71, 69, 69,
    72 ]
