%YAML:1.0
---
videoName: "headNod13.mp4"
gestureLabel: 202
fps: 29
pixelSizeInCmTemp: 3.2364864864864862e-01
faceCenterPointX: 253
faceCenterPointY: 79
headPositionsX: [ 254, 252, 251, 252, 251, 251, 252, 253, 255, 253, 256,
    256, 253, 254, 254, 253, 254, 257, 256, 253, 255, 254, 253, 252, 256,
    254, 253, 251, 253, 251, 255, 253, 256, 252, 252, 255, 251, 255, 251,
    252, 251, 252, 252, 255, 254, 252, 254, 251, 252, 253, 252, 252, 253,
    256, 253, 252, 253, 255, 253, 255, 253, 254, 253, 254, 255, 251, 255,
    256, 252, 253, 255, 253, 253, 256, 254, 253, 255, 252, 256, 253, 253,
    253, 257, 256, 254, 256, 255, 255, 252, 254, 257, 255, 256, 252, 252,
    254, 251, 254, 253, 250 ]
headPositionsY: [ 78, 72, 74, 74, 73, 73, 72, 71, 75, 76, 73, 71, 72, 73,
    77, 71, 75, 74, 74, 72, 76, 75, 73, 75, 72, 76, 73, 74, 71, 75, 72,
    73, 72, 74, 75, 76, 74, 74, 74, 75, 72, 72, 74, 75, 74, 74, 72, 73,
    71, 72, 72, 69, 67, 68, 67, 72, 73, 75, 77, 75, 81, 79, 78, 76, 73,
    73, 72, 70, 69, 69, 72, 72, 77, 75, 78, 80, 79, 78, 76, 78, 72, 74,
    71, 73, 73, 76, 78, 77, 77, 80, 80, 81, 79, 82, 78, 80, 79, 80, 79,
    77 ]
