%YAML:1.0
---
videoName: "headNod44.mp4"
gestureLabel: 202
fps: 29
pixelSizeInCmTemp: 2.9567901234567900e-01
faceCenterPointX: 268
faceCenterPointY: 78
headPositionsX: [ 270, 270, 268, 272, 271, 269, 267, 270, 271, 269, 266,
    269, 267, 267, 267, 271, 269, 267, 268, 271, 267, 269, 268, 267, 268,
    268, 267, 267, 266, 267, 268, 268, 265, 267, 267, 266, 267, 268, 264,
    265, 267, 267, 266, 268, 264, 268, 266, 268, 265, 265, 266, 269, 266,
    265, 266, 266, 269, 268, 270, 268, 268, 269, 267, 269, 266, 266, 267,
    269, 266, 267, 267, 266, 270, 270, 268, 269, 267, 271, 268, 268, 268,
    268, 266, 270, 269, 266, 267, 267, 269, 266, 266, 270, 269, 269, 268,
    268, 266, 270, 268, 267 ]
headPositionsY: [ 76, 73, 76, 72, 75, 73, 76, 73, 74, 74, 72, 76, 75, 74,
    76, 77, 76, 76, 77, 80, 86, 88, 94, 92, 95, 95, 90, 86, 78, 75, 73,
    72, 71, 70, 70, 73, 80, 85, 85, 88, 85, 82, 82, 75, 71, 74, 71, 77,
    74, 81, 83, 87, 89, 88, 88, 82, 77, 76, 77, 73, 73, 78, 79, 81, 85,
    85, 84, 79, 78, 77, 75, 79, 75, 77, 78, 84, 82, 87, 87, 88, 83, 82,
    82, 80, 78, 79, 78, 76, 77, 77, 78, 79, 77, 78, 76, 80, 78, 75, 76,
    75 ]
