%YAML:1.0
---
videoName: "headNod43.mp4"
gestureLabel: 202
fps: 29
pixelSizeInCmTemp: 2.8855421686746985e-01
faceCenterPointX: 268
faceCenterPointY: 74
headPositionsX: [ 267, 271, 268, 271, 271, 270, 269, 268, 268, 268, 266,
    268, 267, 268, 271, 268, 266, 266, 267, 266, 266, 270, 270, 268, 269,
    269, 265, 267, 267, 266, 264, 263, 266, 264, 267, 263, 266, 267, 267,
    267, 264, 263, 264, 264, 263, 266, 266, 269, 264, 264, 263, 263, 263,
    265, 266, 261, 265, 263, 265, 263, 266, 265, 262, 264, 267, 266, 267,
    264, 264, 269, 267, 269, 266, 267, 269, 265, 268, 266, 268, 266, 268,
    269, 268, 268, 269, 267, 268, 266, 270, 269, 271, 268, 266, 270, 271,
    270, 268, 267, 267, 268 ]
headPositionsY: [ 75, 75, 77, 77, 77, 76, 76, 76, 75, 73, 76, 74, 76, 73,
    78, 74, 77, 73, 75, 75, 77, 74, 74, 76, 75, 78, 80, 83, 85, 91, 90,
    88, 88, 85, 77, 77, 80, 79, 81, 87, 86, 90, 88, 86, 82, 83, 80, 82,
    84, 84, 86, 89, 90, 92, 87, 87, 83, 84, 80, 83, 86, 91, 91, 90, 88,
    87, 85, 83, 80, 76, 81, 83, 81, 85, 90, 90, 92, 86, 86, 82, 78, 77,
    75, 74, 75, 70, 71, 73, 76, 74, 71, 74, 75, 76, 75, 73, 75, 75, 73,
    76 ]
