%YAML:1.0
---
videoName: "headNod10.mp4"
gestureLabel: 202
fps: 29
pixelSizeInCmTemp: 3.2808219178082193e-01
faceCenterPointX: 260
faceCenterPointY: 67
headPositionsX: [ 258, 257, 260, 258, 260, 260, 260, 257, 257, 260, 256,
    256, 260, 258, 256, 259, 257, 258, 259, 257, 259, 257, 257, 259, 260,
    258, 259, 258, 259, 256, 259, 260, 259, 259, 259, 261, 258, 261, 257,
    258, 260, 260, 259, 259, 259, 262, 258, 259, 263, 259, 262, 260, 260,
    258, 261, 258, 256, 260, 257, 262, 262, 261, 260, 260, 260, 262, 261,
    259, 261, 262, 256, 256, 257, 256, 260, 261, 256, 257, 261, 259, 256,
    260, 260, 258, 260, 260, 259, 260, 259, 259, 261, 262, 261, 262, 261,
    258, 259, 259, 260, 259 ]
headPositionsY: [ 68, 72, 68, 68, 68, 70, 71, 69, 72, 69, 72, 70, 69, 69,
    71, 68, 71, 69, 68, 70, 70, 69, 67, 70, 72, 70, 71, 69, 68, 71, 69,
    70, 70, 72, 71, 73, 73, 70, 69, 69, 72, 71, 69, 70, 68, 68, 67, 61,
    62, 64, 63, 66, 69, 72, 73, 73, 72, 69, 71, 66, 66, 66, 65, 66, 68,
    69, 72, 73, 77, 74, 72, 73, 68, 65, 65, 67, 66, 69, 67, 70, 75, 78,
    77, 74, 72, 73, 70, 65, 69, 66, 68, 67, 66, 66, 66, 66, 67, 66, 65,
    67 ]
