%YAML:1.0
---
videoName: "headNod13.mp4"
gestureLabel: 202
fps: 29
pixelSizeInCmTemp: 3.2364864864864862e-01
faceCenterPointX: 253
faceCenterPointY: 79
headPositionsX: [ 253, 250, 251, 254, 252, 250, 255, 255, 252, 253, 256,
    252, 253, 256, 255, 255, 255, 256, 253, 254, 257, 252, 254, 253, 256,
    252, 256, 252, 254, 251, 253, 254, 255, 254, 255, 253, 251, 253, 252,
    254, 255, 255, 250, 253, 251, 255, 252, 253, 251, 253, 255, 254, 252,
    253, 255, 254, 254, 252, 253, 254, 254, 253, 251, 251, 252, 254, 252,
    256, 253, 253, 253, 255, 253, 253, 257, 256, 254, 252, 253, 255, 254,
    254, 256, 255, 253, 257, 253, 255, 255, 257, 253, 254, 253, 256, 254,
    255, 254, 255, 254, 251 ]
headPositionsY: [ 80, 72, 75, 75, 73, 73, 73, 74, 74, 76, 72, 71, 72, 74,
    73, 73, 73, 75, 76, 72, 72, 76, 73, 73, 74, 76, 76, 71, 73, 75, 71,
    75, 74, 76, 75, 76, 75, 72, 75, 71, 76, 75, 74, 72, 75, 76, 73, 72,
    72, 70, 70, 70, 70, 67, 67, 69, 70, 76, 78, 78, 79, 77, 76, 74, 73,
    69, 68, 70, 69, 70, 74, 71, 74, 76, 79, 79, 80, 79, 78, 75, 72, 73,
    71, 72, 72, 74, 77, 76, 77, 81, 79, 77, 80, 80, 80, 81, 77, 78, 78,
    79 ]
