%YAML:1.0
---
videoName: "headNod11.mp4"
gestureLabel: 202
fps: 29
pixelSizeInCmTemp: 3.2364864864864862e-01
faceCenterPointX: 261
faceCenterPointY: 75
headPositionsX: [ 263, 261, 260, 258, 261, 261, 258, 262, 258, 257, 261,
    258, 257, 258, 259, 258, 259, 258, 262, 259, 259, 261, 262, 263, 259,
    263, 260, 261, 258, 259, 261, 259, 260, 258, 259, 262, 260, 259, 259,
    259, 261, 260, 262, 262, 258, 260, 260, 258, 258, 261, 262, 259, 260,
    263, 261, 262, 262, 263, 258, 258, 259, 260, 259, 258, 260, 259, 257,
    257, 259, 259, 257, 258, 257, 258, 259, 258, 256, 255, 258, 257, 256,
    260, 259, 262, 258, 260, 261, 261, 257, 261, 259, 260, 259, 257, 259,
    258, 260, 261, 258, 260 ]
headPositionsY: [ 75, 74, 74, 75, 76, 73, 76, 74, 74, 74, 75, 74, 73, 73,
    74, 75, 76, 74, 76, 74, 72, 73, 74, 73, 74, 74, 73, 74, 75, 74, 75,
    75, 74, 72, 74, 73, 74, 77, 74, 77, 75, 77, 75, 77, 76, 76, 75, 74,
    72, 69, 70, 69, 67, 69, 71, 71, 73, 76, 75, 78, 81, 77, 75, 71, 70,
    68, 69, 67, 72, 71, 75, 74, 80, 80, 83, 79, 77, 75, 78, 73, 70, 68,
    69, 74, 74, 78, 78, 78, 78, 80, 80, 76, 78, 75, 75, 75, 76, 77, 74,
    73 ]
