%YAML:1.0
---
videoName: "headNod3.mp4"
gestureLabel: 202
fps: 29
pixelSizeInCmTemp: 3.1933333333333330e-01
faceCenterPointX: 264
faceCenterPointY: 76
headPositionsX: [ 263, 265, 264, 263, 264, 265, 266, 262, 266, 266, 267,
    267, 265, 266, 264, 263, 264, 266, 264, 264, 265, 265, 265, 265, 263,
    263, 265, 263, 267, 266, 264, 267, 266, 267, 267, 265, 268, 266, 265,
    264, 268, 264, 267, 266, 268, 267, 265, 267, 267, 263, 268, 265, 266,
    266, 265, 261, 266, 265, 263, 266, 265, 263, 264, 262, 263, 266, 265,
    263, 265, 264, 264, 265, 263, 266, 261, 261, 264, 263, 265, 263, 261,
    264, 264, 265, 265, 263, 266, 264, 263, 262, 262, 265, 263, 265, 262,
    265, 264, 267, 263, 265 ]
headPositionsY: [ 77, 75, 79, 77, 76, 78, 78, 74, 75, 73, 75, 73, 75, 71,
    72, 72, 75, 72, 74, 74, 73, 73, 70, 73, 72, 72, 72, 74, 75, 76, 76,
    74, 77, 73, 75, 73, 73, 75, 73, 74, 74, 75, 77, 75, 70, 70, 66, 66,
    68, 65, 68, 68, 74, 77, 79, 81, 82, 83, 82, 76, 74, 74, 68, 68, 65,
    65, 69, 74, 75, 77, 81, 83, 82, 78, 76, 74, 69, 68, 68, 64, 65, 68,
    69, 69, 73, 74, 76, 78, 81, 80, 76, 77, 79, 77, 77, 76, 77, 78, 73,
    75 ]
