%YAML:1.0
---
videoName: "headNod29.mp4"
gestureLabel: 202
fps: 29
pixelSizeInCmTemp: 3.1933333333333330e-01
faceCenterPointX: 271
faceCenterPointY: 70
headPositionsX: [ 270, 274, 272, 274, 274, 273, 272, 272, 274, 273, 271,
    274, 274, 271, 273, 271, 272, 271, 273, 273, 270, 275, 273, 271, 271,
    273, 270, 274, 273, 270, 272, 268, 269, 273, 269, 272, 270, 272, 271,
    272, 269, 268, 270, 272, 270, 269, 272, 272, 273, 270, 271, 273, 273,
    270, 272, 272, 272, 271, 270, 269, 268, 269, 267, 272, 268, 267, 272,
    268, 269, 272, 267, 271, 270, 269, 271, 273, 269, 271, 270, 273, 273,
    269, 270, 272, 270, 274, 273, 270, 270, 271, 272, 272, 270, 270, 269,
    270, 272, 269, 270, 273 ]
headPositionsY: [ 72, 73, 74, 73, 73, 77, 77, 77, 78, 79, 82, 81, 75, 77,
    72, 70, 68, 67, 69, 66, 68, 70, 67, 72, 74, 76, 77, 82, 78, 81, 80,
    75, 77, 73, 70, 72, 72, 69, 70, 74, 77, 75, 79, 81, 77, 77, 76, 73,
    72, 75, 75, 72, 75, 81, 82, 83, 81, 79, 80, 73, 73, 74, 72, 77, 75,
    79, 78, 77, 73, 74, 72, 73, 70, 70, 70, 70, 72, 75, 76, 75, 76, 77,
    76, 70, 71, 70, 73, 71, 72, 69, 68, 69, 72, 71, 71, 68, 71, 69, 71,
    69 ]
