%YAML:1.0
---
videoName: "headNod24.mp4"
gestureLabel: 202
fps: 29
pixelSizeInCmTemp: 3.1513157894736843e-01
faceCenterPointX: 272
faceCenterPointY: 72
headPositionsX: [ 272, 274, 273, 276, 273, 276, 272, 276, 276, 276, 275,
    277, 273, 273, 275, 272, 276, 274, 276, 273, 274, 273, 275, 272, 271,
    274, 274, 274, 274, 271, 272, 272, 273, 271, 274, 275, 271, 276, 272,
    276, 272, 273, 271, 272, 273, 274, 274, 272, 275, 272, 272, 272, 273,
    271, 271, 270, 274, 271, 270, 270, 272, 272, 271, 273, 273, 272, 269,
    272, 273, 273, 274, 270, 272, 272, 270, 272, 271, 272, 272, 268, 268,
    268, 272, 269, 270, 272, 270, 271, 271, 273, 269, 272, 270, 274, 271,
    270, 273, 272, 271, 274 ]
headPositionsY: [ 71, 71, 75, 75, 73, 75, 73, 72, 76, 71, 74, 75, 72, 72,
    72, 72, 72, 72, 71, 72, 73, 73, 75, 75, 72, 74, 72, 72, 74, 74, 71,
    75, 73, 76, 75, 71, 71, 73, 71, 72, 70, 73, 76, 80, 83, 82, 78, 74,
    71, 68, 67, 67, 67, 73, 73, 77, 74, 72, 70, 66, 64, 65, 68, 68, 70,
    73, 77, 74, 73, 74, 73, 67, 69, 70, 71, 73, 73, 73, 76, 76, 73, 75,
    74, 70, 72, 69, 69, 71, 70, 73, 71, 73, 71, 74, 74, 71, 75, 72, 72,
    71 ]
