%YAML:1.0
---
videoName: "headNod45.mp4"
gestureLabel: 202
fps: 30
pixelSizeInCmTemp: 3.0316455696202532e-01
faceCenterPointX: 265
faceCenterPointY: 77
headPositionsX: [ 263, 267, 268, 269, 267, 266, 266, 266, 270, 268, 266,
    266, 269, 269, 269, 265, 269, 268, 268, 269, 268, 265, 266, 270, 267,
    267, 269, 263, 265, 267, 267, 265, 264, 268, 264, 265, 266, 266, 267,
    264, 267, 263, 263, 264, 263, 266, 264, 264, 264, 264, 267, 265, 268,
    269, 265, 265, 267, 266, 269, 265, 268, 268, 265, 265, 267, 268, 265,
    268, 268, 268, 264, 268, 267, 264, 265, 263, 264, 266, 267, 266, 266,
    263, 268, 268, 267, 265, 266, 264, 266, 265, 266, 268, 264, 267, 264,
    268, 264, 267, 265, 266 ]
headPositionsY: [ 75, 74, 76, 76, 77, 74, 74, 77, 77, 74, 77, 77, 74, 75,
    75, 76, 75, 76, 81, 79, 84, 88, 93, 96, 92, 94, 91, 86, 81, 77, 75,
    74, 67, 67, 67, 68, 66, 71, 74, 77, 82, 85, 92, 93, 90, 92, 86, 83,
    79, 80, 75, 71, 74, 71, 72, 73, 76, 80, 82, 85, 85, 85, 82, 79, 74,
    76, 72, 71, 75, 76, 78, 81, 84, 89, 88, 88, 85, 83, 81, 79, 75, 78,
    76, 77, 78, 81, 82, 78, 79, 80, 77, 79, 81, 78, 76, 78, 76, 77, 78,
    77 ]
