%YAML:1.0
---
videoName: "headNod2.mp4"
gestureLabel: 202
fps: 29
pixelSizeInCmTemp: 3.2364864864864862e-01
faceCenterPointX: 263
faceCenterPointY: 70
headPositionsX: [ 265, 260, 262, 260, 260, 263, 265, 264, 265, 261, 265,
    264, 265, 266, 264, 264, 264, 263, 264, 263, 264, 263, 263, 263, 261,
    262, 262, 260, 262, 261, 261, 264, 263, 260, 261, 263, 263, 261, 261,
    260, 261, 261, 262, 260, 260, 263, 263, 264, 263, 262, 261, 262, 263,
    264, 262, 264, 262, 264, 260, 262, 262, 264, 260, 262, 260, 260, 262,
    262, 265, 260, 261, 261, 264, 265, 260, 262, 263, 261, 264, 262, 261,
    263, 262, 262, 260, 261, 262, 261, 263, 261, 263, 262, 261, 264, 261,
    264, 263, 263, 263, 265 ]
headPositionsY: [ 72, 75, 78, 76, 76, 75, 76, 78, 76, 73, 73, 76, 77, 77,
    73, 78, 76, 76, 74, 75, 77, 74, 76, 74, 72, 73, 75, 75, 77, 74, 75,
    76, 72, 73, 72, 72, 73, 72, 76, 75, 73, 74, 74, 76, 76, 76, 73, 74,
    73, 73, 73, 71, 71, 72, 75, 76, 78, 76, 76, 73, 73, 70, 72, 72, 77,
    76, 71, 70, 68, 69, 72, 70, 73, 77, 74, 73, 75, 72, 72, 71, 71, 75,
    76, 75, 73, 72, 70, 73, 69, 70, 73, 69, 71, 73, 70, 72, 68, 71, 70,
    70 ]
