%YAML:1.0
---
videoName: "headNod38.mp4"
gestureLabel: 202
fps: 29
pixelSizeInCmTemp: 2.9937500000000000e-01
faceCenterPointX: 267
faceCenterPointY: 73
headPositionsX: [ 266, 265, 268, 268, 268, 268, 264, 264, 267, 267, 268,
    265, 265, 267, 266, 268, 264, 265, 264, 269, 266, 267, 265, 267, 266,
    263, 265, 264, 266, 262, 267, 267, 263, 266, 266, 263, 263, 265, 268,
    264, 268, 265, 266, 265, 267, 265, 265, 268, 269, 265, 267, 269, 266,
    267, 267, 271, 270, 269, 269, 269, 270, 269, 269, 267, 268, 268, 267,
    267, 269, 267, 268, 271, 266, 266, 267, 268, 267, 266, 267, 266, 266,
    269, 265, 267, 265, 267, 267, 267, 269, 266, 268, 267, 266, 268, 267,
    269, 266, 266, 269, 265 ]
headPositionsY: [ 71, 76, 75, 74, 76, 80, 84, 84, 88, 84, 78, 79, 75, 73,
    77, 79, 84, 86, 87, 83, 81, 79, 73, 74, 77, 80, 81, 84, 87, 87, 88,
    85, 84, 77, 74, 72, 76, 76, 75, 78, 82, 84, 87, 90, 88, 85, 79, 78,
    73, 69, 71, 72, 74, 74, 80, 82, 82, 85, 83, 85, 83, 79, 79, 74, 75,
    73, 70, 75, 76, 77, 77, 83, 82, 85, 84, 84, 86, 82, 78, 74, 73, 74,
    70, 71, 71, 70, 70, 70, 73, 70, 75, 73, 75, 73, 74, 72, 72, 71, 73,
    76 ]
