%YAML:1.0
---
videoName: "headNod0.mp4"
gestureLabel: 202
fps: 29
pixelSizeInCmTemp: 3.2364864864864862e-01
faceCenterPointX: 264
faceCenterPointY: 76
headPositionsX: [ 265, 269, 266, 266, 270, 267, 269, 266, 265, 266, 264,
    266, 266, 265, 268, 265, 264, 264, 265, 267, 265, 267, 266, 267, 267,
    267, 264, 265, 264, 263, 263, 267, 268, 268, 265, 267, 266, 268, 266,
    268, 267, 265, 268, 263, 265, 263, 265, 263, 263, 264, 266, 262, 262,
    268, 266, 264, 263, 265, 263, 264, 264, 265, 265, 266, 267, 267, 266,
    264, 267, 264, 263, 265, 263, 264, 266, 262, 264, 264, 263, 264, 263,
    265, 262, 267, 262, 262, 263, 262, 267, 262, 264, 266, 265, 265, 263,
    262, 265, 262, 263, 266 ]
headPositionsY: [ 78, 74, 71, 73, 70, 74, 74, 72, 75, 72, 75, 72, 71, 71,
    72, 71, 73, 72, 71, 73, 71, 72, 75, 73, 76, 72, 74, 73, 75, 73, 70,
    68, 65, 63, 65, 64, 64, 62, 64, 65, 68, 73, 74, 74, 77, 82, 82, 80,
    81, 81, 77, 75, 70, 69, 67, 69, 70, 66, 67, 67, 71, 72, 71, 76, 78,
    78, 80, 81, 77, 76, 76, 75, 73, 69, 67, 66, 68, 70, 66, 72, 69, 72,
    71, 72, 75, 79, 80, 81, 78, 78, 77, 77, 79, 78, 75, 75, 76, 74, 76,
    74 ]
