%YAML:1.0
---
videoName: "headNod35.mp4"
gestureLabel: 202
fps: 30
pixelSizeInCmTemp: 2.9937500000000000e-01
faceCenterPointX: 268
faceCenterPointY: 78
headPositionsX: [ 269, 269, 267, 269, 271, 270, 268, 268, 270, 271, 269,
    268, 272, 267, 272, 271, 269, 270, 268, 272, 268, 267, 268, 272, 271,
    269, 269, 269, 272, 273, 270, 269, 268, 272, 271, 271, 270, 271, 265,
    269, 270, 266, 269, 265, 267, 266, 266, 270, 268, 268, 272, 270, 269,
    266, 268, 266, 271, 270, 267, 268, 267, 270, 270, 270, 269, 270, 269,
    270, 269, 271, 270, 267, 268, 271, 270, 267, 266, 270, 270, 270, 269,
    268, 266, 268, 265, 264, 264, 266, 264, 267, 265, 268, 265, 269, 264,
    265, 266, 265, 270, 267 ]
headPositionsY: [ 79, 74, 77, 76, 76, 78, 75, 78, 77, 77, 78, 79, 78, 76,
    76, 77, 79, 75, 76, 75, 77, 76, 78, 75, 74, 78, 75, 71, 72, 70, 69,
    68, 69, 70, 71, 77, 77, 84, 91, 91, 93, 91, 86, 83, 79, 77, 76, 75,
    74, 74, 76, 82, 84, 89, 91, 91, 90, 84, 79, 81, 76, 70, 70, 72, 72,
    76, 79, 82, 84, 85, 84, 84, 83, 79, 74, 76, 72, 74, 76, 79, 83, 81,
    88, 86, 84, 84, 85, 82, 82, 82, 78, 79, 79, 76, 76, 76, 77, 77, 78,
    77 ]
