%YAML:1.0
---
videoName: "headNod39.mp4"
gestureLabel: 202
fps: 29
pixelSizeInCmTemp: 2.9937500000000000e-01
faceCenterPointX: 268
faceCenterPointY: 78
headPositionsX: [ 267, 269, 266, 267, 269, 267, 271, 268, 270, 269, 266,
    270, 270, 267, 269, 267, 271, 267, 270, 271, 267, 267, 271, 267, 268,
    268, 271, 271, 267, 268, 269, 270, 267, 271, 271, 269, 270, 268, 271,
    267, 270, 266, 267, 270, 267, 269, 266, 265, 265, 267, 266, 267, 269,
    267, 268, 266, 265, 268, 267, 266, 268, 267, 268, 265, 268, 268, 265,
    265, 268, 268, 264, 269, 265, 269, 266, 269, 265, 269, 267, 269, 266,
    270, 266, 265, 268, 268, 267, 267, 267, 269, 265, 266, 267, 269, 265,
    270, 268, 266, 267, 265 ]
headPositionsY: [ 79, 75, 76, 75, 77, 76, 76, 78, 74, 78, 74, 75, 74, 76,
    77, 77, 77, 78, 78, 75, 79, 76, 75, 74, 75, 77, 78, 78, 75, 76, 76,
    74, 75, 77, 75, 77, 78, 78, 79, 80, 80, 85, 87, 87, 82, 81, 81, 76,
    76, 73, 76, 73, 76, 75, 76, 82, 86, 89, 89, 89, 86, 82, 79, 76, 72,
    72, 74, 73, 78, 79, 83, 83, 80, 82, 77, 78, 75, 76, 75, 74, 76, 80,
    80, 79, 79, 79, 80, 78, 81, 76, 80, 78, 77, 80, 78, 80, 78, 79, 80,
    76 ]
