%YAML:1.0
---
videoName: "headNod32.mp4"
gestureLabel: 202
fps: 29
pixelSizeInCmTemp: 2.8855421686746985e-01
faceCenterPointX: 266
faceCenterPointY: 74
headPositionsX: [ 266, 267, 268, 268, 269, 265, 267, 268, 267, 268, 265,
    267, 267, 264, 266, 265, 269, 265, 264, 266, 265, 268, 266, 267, 268,
    269, 266, 266, 267, 264, 267, 267, 264, 269, 265, 268, 268, 268, 270,
    267, 266, 270, 266, 268, 266, 267, 267, 268, 267, 266, 269, 267, 269,
    267, 265, 269, 268, 268, 269, 268, 268, 268, 267, 269, 269, 267, 268,
    267, 266, 266, 265, 267, 268, 267, 268, 266, 263, 264, 268, 264, 263,
    266, 264, 266, 266, 268, 268, 265, 267, 269, 267, 267, 266, 265, 266,
    268, 267, 266, 269, 266 ]
headPositionsY: [ 76, 78, 76, 77, 80, 77, 77, 76, 76, 80, 78, 77, 80, 80,
    78, 76, 79, 75, 75, 76, 78, 76, 79, 76, 78, 79, 77, 77, 77, 75, 81,
    78, 79, 77, 80, 78, 78, 79, 78, 80, 75, 77, 78, 76, 78, 75, 80, 75,
    78, 79, 80, 75, 76, 76, 77, 75, 75, 76, 75, 75, 66, 70, 64, 67, 66,
    66, 70, 75, 77, 83, 87, 87, 86, 85, 84, 80, 74, 72, 70, 69, 69, 70,
    69, 72, 73, 76, 75, 72, 72, 76, 74, 76, 78, 74, 73, 74, 74, 73, 74,
    73 ]
