%YAML:1.0
---
videoName: "headNod30.mp4"
gestureLabel: 202
fps: 29
pixelSizeInCmTemp: 3.2364864864864862e-01
faceCenterPointX: 271
faceCenterPointY: 72
headPositionsX: [ 273, 270, 271, 271, 270, 272, 273, 272, 271, 273, 272,
    270, 271, 270, 272, 273, 274, 270, 269, 273, 271, 271, 273, 272, 273,
    270, 273, 274, 274, 273, 273, 273, 273, 273, 270, 270, 271, 273, 268,
    269, 270, 270, 269, 269, 268, 271, 268, 270, 267, 268, 269, 270, 268,
    272, 269, 271, 269, 273, 271, 272, 270, 272, 272, 270, 270, 273, 269,
    272, 270, 272, 269, 272, 268, 271, 273, 268, 272, 270, 270, 271, 272,
    270, 273, 271, 273, 271, 269, 270, 270, 270, 273, 273, 271, 273, 271,
    274, 274, 270, 269, 272 ]
headPositionsY: [ 71, 75, 75, 77, 78, 73, 77, 75, 73, 73, 76, 75, 75, 76,
    75, 75, 75, 76, 76, 73, 77, 74, 74, 71, 67, 68, 65, 69, 69, 70, 75,
    74, 79, 82, 81, 82, 81, 76, 76, 74, 71, 69, 72, 71, 74, 75, 80, 79,
    80, 78, 79, 75, 72, 71, 73, 70, 72, 69, 72, 74, 75, 76, 74, 77, 75,
    75, 70, 67, 68, 67, 69, 72, 69, 74, 72, 76, 74, 75, 75, 69, 73, 69,
    71, 68, 68, 72, 71, 70, 73, 71, 75, 76, 76, 74, 71, 74, 73, 73, 73,
    73 ]
