%YAML:1.0
---
videoName: "headNod44.mp4"
gestureLabel: 202
fps: 29
pixelSizeInCmTemp: 2.9567901234567900e-01
faceCenterPointX: 268
faceCenterPointY: 78
headPositionsX: [ 266, 270, 268, 271, 268, 270, 271, 268, 269, 267, 266,
    268, 269, 267, 269, 271, 268, 270, 269, 267, 269, 271, 267, 269, 268,
    267, 266, 266, 267, 267, 267, 267, 266, 265, 268, 269, 268, 267, 266,
    269, 268, 267, 266, 265, 268, 266, 265, 266, 268, 265, 266, 269, 267,
    269, 269, 268, 268, 267, 267, 269, 267, 270, 267, 266, 269, 265, 270,
    269, 267, 267, 268, 269, 270, 269, 268, 269, 267, 271, 269, 271, 270,
    267, 269, 266, 267, 270, 269, 269, 266, 268, 267, 268, 268, 268, 269,
    267, 267, 267, 266, 270 ]
headPositionsY: [ 78, 75, 75, 72, 75, 73, 74, 76, 75, 74, 72, 76, 72, 76,
    76, 76, 74, 75, 81, 83, 83, 90, 93, 96, 93, 94, 88, 86, 81, 77, 70,
    69, 67, 72, 71, 75, 79, 85, 88, 87, 87, 82, 80, 75, 74, 72, 75, 76,
    75, 78, 85, 90, 91, 86, 87, 83, 76, 75, 76, 73, 73, 76, 81, 83, 84,
    83, 86, 80, 77, 77, 76, 76, 75, 78, 81, 82, 86, 88, 88, 84, 83, 82,
    78, 77, 77, 79, 77, 78, 76, 78, 77, 77, 79, 76, 76, 78, 77, 79, 80,
    79 ]
