%YAML:1.0
---
videoName: "headNod4.mp4"
gestureLabel: 202
fps: 29
pixelSizeInCmTemp: 3.2808219178082193e-01
faceCenterPointX: 264
faceCenterPointY: 72
headPositionsX: [ 265, 270, 270, 271, 271, 272, 271, 267, 269, 270, 270,
    270, 271, 268, 270, 270, 270, 267, 268, 266, 266, 266, 269, 268, 268,
    267, 270, 267, 269, 266, 268, 269, 270, 269, 265, 269, 269, 265, 268,
    269, 266, 268, 264, 267, 265, 265, 267, 267, 268, 270, 266, 270, 265,
    269, 265, 264, 268, 266, 264, 268, 267, 267, 264, 265, 265, 263, 264,
    267, 266, 263, 264, 264, 265, 265, 262, 266, 263, 266, 267, 263, 264,
    266, 265, 264, 263, 268, 263, 266, 263, 265, 266, 267, 264, 265, 266,
    266, 266, 266, 266, 265 ]
headPositionsY: [ 74, 74, 75, 77, 72, 74, 73, 74, 74, 73, 74, 73, 75, 72,
    75, 74, 74, 76, 76, 73, 72, 75, 76, 77, 71, 76, 77, 75, 75, 76, 73,
    72, 74, 76, 76, 74, 73, 73, 77, 76, 73, 74, 74, 73, 72, 71, 66, 67,
    66, 65, 66, 67, 70, 76, 77, 81, 82, 83, 78, 75, 73, 71, 68, 69, 69,
    70, 72, 74, 81, 80, 84, 83, 83, 78, 77, 73, 69, 68, 67, 66, 67, 69,
    73, 76, 78, 81, 83, 85, 80, 83, 82, 78, 81, 77, 78, 77, 75, 73, 74,
    75 ]
