%YAML:1.0
---
videoName: "headNod33.mp4"
gestureLabel: 202
fps: 29
pixelSizeInCmTemp: 2.9567901234567900e-01
faceCenterPointX: 268
faceCenterPointY: 74
headPositionsX: [ 269, 266, 269, 268, 270, 270, 268, 271, 271, 270, 270,
    271, 269, 270, 268, 271, 273, 269, 268, 271, 269, 270, 270, 269, 270,
    270, 267, 270, 268, 270, 270, 269, 270, 268, 268, 270, 271, 267, 268,
    272, 270, 267, 271, 268, 270, 271, 267, 271, 271, 267, 268, 268, 269,
    266, 267, 267, 268, 268, 269, 268, 266, 269, 268, 268, 267, 269, 265,
    268, 269, 269, 265, 266, 265, 268, 268, 267, 269, 267, 270, 270, 268,
    269, 268, 266, 266, 267, 267, 267, 268, 265, 267, 265, 265, 270, 268,
    267, 266, 269, 268, 269 ]
headPositionsY: [ 73, 73, 74, 69, 72, 69, 73, 73, 74, 73, 74, 71, 71, 70,
    74, 70, 71, 69, 71, 68, 75, 69, 70, 74, 70, 71, 69, 72, 72, 74, 71,
    71, 75, 75, 76, 78, 76, 74, 74, 72, 68, 67, 64, 66, 64, 65, 70, 75,
    80, 80, 85, 80, 80, 78, 76, 73, 73, 68, 71, 69, 68, 71, 72, 72, 76,
    75, 74, 79, 78, 76, 74, 74, 72, 71, 72, 69, 70, 73, 71, 73, 76, 78,
    76, 76, 79, 76, 77, 78, 74, 75, 74, 76, 75, 74, 74, 74, 75, 77, 73,
    73 ]
