%YAML:1.0
---
videoName: "headNod33.mp4"
gestureLabel: 202
fps: 29
pixelSizeInCmTemp: 2.9567901234567900e-01
faceCenterPointX: 268
faceCenterPointY: 74
headPositionsX: [ 267, 269, 268, 269, 270, 271, 269, 269, 272, 272, 268,
    270, 268, 270, 272, 270, 272, 273, 269, 269, 269, 269, 268, 271, 269,
    270, 267, 272, 267, 266, 269, 271, 271, 271, 269, 269, 270, 267, 269,
    271, 267, 271, 271, 271, 271, 269, 271, 270, 268, 266, 269, 267, 269,
    270, 270, 269, 265, 266, 266, 266, 265, 268, 268, 269, 269, 269, 269,
    268, 268, 266, 269, 266, 268, 268, 267, 268, 268, 267, 270, 270, 269,
    268, 268, 269, 270, 268, 269, 267, 269, 266, 266, 266, 269, 268, 267,
    267, 269, 268, 266, 265 ]
headPositionsY: [ 74, 69, 70, 71, 73, 73, 71, 73, 74, 73, 70, 70, 70, 68,
    74, 69, 73, 71, 74, 70, 75, 70, 70, 71, 70, 74, 70, 72, 73, 71, 73,
    74, 73, 76, 74, 75, 77, 78, 76, 71, 69, 70, 64, 65, 66, 65, 69, 74,
    76, 81, 83, 82, 80, 78, 75, 74, 72, 69, 68, 68, 68, 70, 74, 75, 72,
    77, 78, 77, 77, 78, 72, 75, 72, 70, 70, 70, 70, 70, 74, 73, 75, 74,
    80, 76, 76, 77, 77, 77, 76, 74, 74, 74, 73, 73, 74, 77, 76, 77, 77,
    76 ]
