%YAML:1.0
---
videoName: "headNod45.mp4"
gestureLabel: 202
fps: 30
pixelSizeInCmTemp: 3.0316455696202532e-01
faceCenterPointX: 265
faceCenterPointY: 77
headPositionsX: [ 266, 266, 266, 270, 268, 269, 268, 270, 268, 267, 267,
    270, 268, 267, 266, 269, 268, 267, 270, 269, 267, 267, 269, 270, 267,
    265, 266, 264, 267, 265, 265, 265, 265, 266, 266, 266, 265, 267, 264,
    267, 268, 264, 267, 267, 265, 266, 264, 264, 267, 267, 267, 265, 265,
    270, 268, 267, 269, 268, 267, 267, 265, 267, 265, 267, 265, 265, 266,
    267, 267, 269, 268, 265, 266, 268, 268, 264, 264, 268, 268, 265, 264,
    266, 266, 264, 268, 264, 269, 266, 267, 267, 264, 268, 268, 266, 267,
    264, 267, 264, 267, 266 ]
headPositionsY: [ 79, 75, 73, 76, 75, 74, 73, 74, 74, 73, 75, 76, 73, 74,
    78, 75, 76, 79, 77, 80, 86, 90, 89, 94, 94, 94, 88, 86, 82, 76, 71,
    71, 68, 66, 65, 65, 69, 71, 75, 79, 81, 88, 89, 91, 93, 90, 89, 82,
    80, 76, 73, 74, 72, 73, 74, 77, 79, 82, 86, 86, 85, 82, 83, 78, 74,
    73, 73, 73, 74, 76, 79, 82, 84, 86, 89, 86, 85, 85, 83, 78, 78, 76,
    76, 77, 79, 80, 80, 82, 79, 81, 77, 77, 78, 78, 76, 78, 77, 78, 80,
    80 ]
