%YAML:1.0
---
videoName: "headNod18.mp4"
gestureLabel: 202
fps: 29
pixelSizeInCmTemp: 3.3263888888888887e-01
faceCenterPointX: 255
faceCenterPointY: 77
headPositionsX: [ 255, 257, 256, 254, 255, 258, 259, 255, 256, 258, 254,
    259, 257, 257, 256, 257, 255, 257, 254, 255, 257, 255, 252, 255, 254,
    255, 258, 256, 254, 256, 254, 254, 254, 255, 254, 255, 254, 254, 255,
    257, 256, 255, 256, 256, 253, 255, 255, 256, 254, 255, 252, 253, 256,
    253, 253, 256, 253, 256, 255, 252, 255, 252, 254, 251, 255, 255, 252,
    253, 252, 256, 252, 254, 252, 256, 254, 252, 253, 257, 253, 253, 252,
    253, 252, 256, 254, 254, 255, 253, 253, 257, 256, 255, 254, 254, 252,
    253, 258, 255, 256, 253 ]
headPositionsY: [ 77, 76, 76, 78, 78, 77, 76, 79, 76, 78, 79, 78, 78, 78,
    77, 77, 77, 75, 77, 77, 76, 80, 78, 81, 78, 78, 80, 80, 78, 78, 78,
    76, 77, 79, 80, 76, 79, 77, 79, 77, 76, 74, 73, 70, 74, 72, 72, 74,
    76, 73, 77, 79, 79, 84, 80, 82, 78, 76, 71, 74, 74, 75, 75, 79, 82,
    85, 79, 79, 75, 75, 75, 74, 78, 80, 82, 82, 81, 78, 77, 75, 75, 76,
    73, 78, 79, 82, 83, 82, 82, 80, 78, 77, 75, 77, 76, 77, 80, 80, 76,
    80 ]
