%YAML:1.0
---
videoName: "headNod46.mp4"
gestureLabel: 202
fps: 30
pixelSizeInCmTemp: 2.8511904761904761e-01
faceCenterPointX: 264
faceCenterPointY: 72
headPositionsX: [ 264, 264, 263, 266, 263, 266, 262, 265, 266, 263, 266,
    264, 265, 264, 263, 264, 264, 264, 263, 265, 263, 264, 265, 266, 264,
    266, 267, 267, 265, 267, 265, 266, 265, 263, 263, 263, 260, 260, 262,
    260, 260, 261, 261, 263, 263, 261, 263, 264, 263, 261, 262, 261, 260,
    260, 264, 264, 262, 261, 266, 265, 264, 262, 265, 262, 264, 262, 265,
    264, 265, 263, 262, 266, 267, 266, 266, 263, 263, 266, 263, 263, 267,
    264, 262, 263, 262, 265, 264, 262, 260, 261, 263, 262, 264, 262, 263,
    262, 262, 263, 261, 263 ]
headPositionsY: [ 73, 70, 69, 67, 69, 69, 71, 72, 72, 73, 77, 78, 80, 83,
    85, 90, 89, 90, 85, 82, 82, 73, 76, 72, 72, 69, 70, 71, 72, 77, 80,
    83, 87, 88, 86, 86, 79, 78, 74, 70, 70, 67, 66, 69, 72, 75, 79, 85,
    84, 82, 82, 78, 74, 70, 70, 68, 68, 65, 70, 72, 72, 75, 78, 76, 76,
    76, 71, 69, 68, 66, 69, 72, 69, 76, 77, 73, 76, 72, 74, 70, 70, 68,
    72, 70, 74, 73, 77, 73, 76, 73, 74, 72, 72, 72, 71, 72, 72, 74, 70,
    71 ]
