%YAML:1.0
---
videoName: "headNod34.mp4"
gestureLabel: 202
fps: 29
pixelSizeInCmTemp: 2.9567901234567900e-01
faceCenterPointX: 266
faceCenterPointY: 78
headPositionsX: [ 267, 268, 271, 270, 268, 268, 270, 267, 270, 266, 270,
    268, 268, 269, 271, 271, 268, 270, 272, 266, 271, 271, 268, 271, 269,
    270, 268, 269, 269, 270, 271, 268, 270, 268, 270, 271, 267, 271, 271,
    270, 272, 268, 268, 272, 272, 269, 269, 268, 271, 270, 269, 267, 271,
    268, 268, 270, 270, 272, 272, 272, 272, 270, 269, 271, 269, 272, 268,
    272, 269, 269, 270, 269, 267, 266, 264, 267, 265, 268, 267, 264, 264,
    266, 264, 266, 263, 264, 267, 265, 266, 266, 268, 266, 263, 264, 268,
    268, 265, 267, 268, 267 ]
headPositionsY: [ 77, 76, 77, 75, 78, 76, 75, 74, 76, 74, 76, 75, 75, 76,
    77, 77, 75, 77, 78, 75, 79, 76, 75, 79, 75, 76, 75, 74, 77, 75, 74,
    76, 76, 75, 76, 78, 76, 73, 74, 71, 70, 70, 75, 76, 83, 86, 91, 86,
    84, 83, 79, 73, 73, 71, 73, 74, 75, 76, 82, 82, 83, 83, 82, 81, 77,
    77, 76, 77, 77, 80, 84, 84, 86, 85, 81, 79, 81, 75, 76, 77, 77, 80,
    81, 85, 81, 83, 81, 80, 78, 76, 76, 77, 79, 80, 82, 81, 78, 78, 78,
    82 ]
