%YAML:1.0
---
videoName: "headNod26.mp4"
gestureLabel: 202
fps: 29
pixelSizeInCmTemp: 3.1513157894736843e-01
faceCenterPointX: 271
faceCenterPointY: 78
headPositionsX: [ 269, 274, 270, 270, 272, 273, 273, 273, 271, 273, 273,
    274, 273, 270, 274, 272, 271, 272, 273, 270, 270, 271, 272, 270, 274,
    272, 272, 270, 271, 271, 271, 270, 272, 273, 270, 270, 271, 274, 272,
    269, 270, 269, 272, 272, 274, 274, 270, 272, 268, 273, 269, 275, 271,
    273, 269, 270, 272, 270, 273, 272, 271, 272, 272, 272, 270, 275, 274,
    271, 272, 274, 274, 273, 272, 273, 274, 272, 271, 269, 268, 270, 271,
    273, 269, 270, 273, 269, 269, 270, 272, 273, 270, 273, 272, 272, 270,
    268, 269, 269, 273, 269 ]
headPositionsY: [ 77, 75, 72, 71, 75, 71, 70, 69, 69, 69, 67, 63, 64, 67,
    69, 68, 68, 70, 72, 76, 77, 82, 81, 83, 83, 80, 78, 74, 74, 70, 71,
    70, 66, 66, 70, 71, 72, 77, 77, 78, 81, 78, 79, 75, 75, 72, 69, 67,
    68, 67, 70, 69, 71, 74, 77, 78, 78, 76, 76, 70, 72, 70, 65, 68, 70,
    67, 70, 68, 70, 70, 73, 74, 75, 77, 75, 73, 71, 72, 70, 70, 68, 71,
    70, 68, 73, 72, 76, 76, 78, 81, 78, 78, 79, 78, 75, 78, 79, 79, 77,
    76 ]
