%YAML:1.0
---
videoName: "headNod39.mp4"
gestureLabel: 202
fps: 29
pixelSizeInCmTemp: 2.9937500000000000e-01
faceCenterPointX: 268
faceCenterPointY: 78
headPositionsX: [ 267, 270, 268, 269, 267, 270, 271, 266, 269, 269, 268,
    266, 270, 270, 269, 267, 267, 270, 271, 267, 270, 271, 271, 268, 270,
    271, 268, 268, 266, 267, 271, 269, 269, 268, 267, 270, 267, 269, 271,
    269, 268, 268, 270, 270, 269, 267, 266, 269, 269, 268, 267, 265, 266,
    269, 265, 265, 267, 268, 264, 265, 268, 266, 266, 268, 268, 268, 268,
    269, 266, 267, 268, 265, 265, 265, 266, 268, 269, 269, 269, 267, 268,
    268, 267, 269, 265, 266, 269, 268, 267, 270, 269, 266, 269, 267, 268,
    270, 269, 267, 268, 264 ]
headPositionsY: [ 80, 78, 75, 75, 76, 77, 76, 74, 76, 74, 78, 74, 77, 75,
    74, 77, 74, 77, 76, 74, 76, 77, 76, 77, 78, 78, 76, 78, 78, 76, 76,
    74, 74, 75, 78, 75, 77, 77, 78, 80, 82, 82, 83, 85, 85, 83, 80, 74,
    74, 77, 73, 75, 74, 74, 79, 84, 88, 92, 92, 91, 85, 79, 77, 73, 71,
    71, 73, 73, 79, 80, 82, 85, 84, 82, 77, 76, 75, 76, 77, 77, 78, 81,
    77, 81, 82, 80, 77, 81, 78, 79, 79, 79, 76, 80, 80, 80, 78, 78, 76,
    80 ]
