%YAML:1.0
---
videoName: "headNod17.mp4"
gestureLabel: 202
fps: 30
pixelSizeInCmTemp: 3.2808219178082193e-01
faceCenterPointX: 253
faceCenterPointY: 76
headPositionsX: [ 252, 254, 253, 253, 255, 257, 255, 257, 253, 254, 255,
    257, 256, 256, 256, 256, 253, 255, 256, 257, 255, 253, 253, 254, 255,
    257, 253, 258, 257, 255, 255, 256, 256, 256, 253, 257, 253, 254, 254,
    256, 256, 254, 252, 255, 251, 253, 255, 251, 251, 252, 252, 256, 255,
    254, 256, 255, 257, 254, 256, 256, 253, 256, 257, 256, 255, 255, 254,
    254, 257, 254, 256, 255, 253, 253, 256, 255, 253, 252, 253, 253, 255,
    254, 256, 252, 257, 252, 253, 255, 256, 254, 253, 253, 253, 253, 253,
    252, 256, 254, 255, 254 ]
headPositionsY: [ 78, 76, 78, 77, 75, 78, 77, 77, 75, 75, 76, 78, 78, 80,
    78, 78, 75, 79, 77, 78, 78, 77, 75, 73, 70, 70, 70, 67, 70, 66, 64,
    68, 69, 69, 67, 69, 70, 72, 73, 77, 79, 79, 81, 87, 83, 86, 85, 83,
    80, 79, 77, 77, 72, 70, 70, 69, 68, 67, 68, 71, 72, 70, 72, 76, 78,
    77, 80, 82, 82, 80, 80, 79, 74, 77, 76, 76, 77, 81, 79, 76, 78, 78,
    77, 73, 76, 77, 79, 79, 79, 79, 76, 75, 79, 76, 79, 76, 78, 75, 74,
    75 ]
