%YAML:1.0
---
videoName: "headNod8.mp4"
gestureLabel: 202
fps: 29
pixelSizeInCmTemp: 3.1933333333333330e-01
faceCenterPointX: 262
faceCenterPointY: 74
headPositionsX: [ 264, 263, 263, 262, 259, 262, 261, 259, 261, 263, 263,
    262, 262, 263, 260, 259, 260, 263, 263, 263, 260, 261, 261, 262, 263,
    262, 260, 259, 261, 260, 261, 263, 264, 262, 260, 259, 263, 264, 260,
    261, 264, 261, 260, 264, 262, 260, 265, 260, 263, 263, 263, 262, 263,
    260, 259, 262, 260, 257, 263, 259, 259, 262, 260, 261, 260, 264, 263,
    262, 262, 261, 261, 261, 263, 261, 260, 260, 258, 261, 262, 260, 263,
    261, 264, 263, 259, 264, 260, 261, 265, 261, 261, 261, 264, 264, 263,
    264, 264, 263, 264, 261 ]
headPositionsY: [ 76, 77, 75, 76, 75, 74, 76, 76, 75, 78, 78, 75, 78, 75,
    74, 77, 75, 78, 76, 74, 76, 74, 77, 77, 76, 74, 77, 78, 75, 74, 77,
    77, 76, 78, 78, 79, 77, 78, 76, 73, 73, 73, 70, 70, 70, 69, 70, 71,
    69, 73, 77, 79, 81, 85, 83, 79, 77, 76, 73, 70, 72, 71, 70, 73, 75,
    82, 83, 85, 80, 82, 76, 74, 71, 68, 72, 70, 72, 77, 79, 83, 84, 82,
    80, 80, 73, 73, 73, 71, 70, 70, 76, 76, 75, 77, 76, 79, 80, 78, 76,
    73 ]
