%YAML:1.0
---
videoName: "headNod1.mp4"
gestureLabel: 202
fps: 29
pixelSizeInCmTemp: 3.2808219178082193e-01
faceCenterPointX: 263
faceCenterPointY: 78
headPositionsX: [ 262, 261, 263, 263, 265, 263, 263, 263, 262, 264, 260,
    265, 262, 261, 264, 266, 262, 264, 264, 263, 262, 262, 263, 262, 262,
    263, 266, 262, 264, 265, 263, 264, 262, 265, 263, 262, 263, 265, 262,
    264, 264, 264, 267, 264, 265, 265, 263, 267, 264, 263, 265, 262, 265,
    261, 262, 263, 261, 264, 263, 260, 262, 261, 261, 266, 261, 262, 265,
    266, 265, 265, 264, 265, 262, 263, 263, 261, 260, 262, 260, 264, 263,
    262, 261, 260, 260, 261, 264, 265, 265, 264, 264, 262, 264, 260, 263,
    263, 265, 264, 262, 262 ]
headPositionsY: [ 78, 75, 75, 73, 74, 77, 77, 75, 73, 76, 77, 74, 75, 75,
    75, 73, 76, 72, 76, 77, 73, 72, 76, 76, 75, 75, 77, 74, 76, 75, 73,
    77, 76, 73, 71, 72, 68, 70, 64, 65, 62, 62, 61, 62, 63, 64, 66, 72,
    70, 76, 75, 81, 82, 80, 80, 79, 81, 78, 73, 72, 72, 70, 67, 65, 67,
    66, 67, 74, 73, 76, 78, 76, 76, 78, 71, 72, 69, 65, 64, 67, 66, 69,
    70, 70, 74, 74, 80, 79, 81, 83, 80, 84, 80, 81, 78, 76, 78, 77, 81,
    78 ]
