%YAML:1.0
---
videoName: "headNod24.mp4"
gestureLabel: 202
fps: 29
pixelSizeInCmTemp: 3.1513157894736843e-01
faceCenterPointX: 272
faceCenterPointY: 72
headPositionsX: [ 270, 275, 274, 273, 272, 272, 272, 274, 276, 276, 274,
    277, 273, 273, 273, 275, 277, 273, 273, 274, 274, 273, 271, 275, 275,
    272, 271, 275, 273, 274, 272, 275, 272, 271, 271, 273, 273, 276, 272,
    273, 274, 273, 273, 275, 273, 274, 273, 274, 275, 273, 273, 273, 272,
    271, 272, 274, 273, 274, 273, 270, 271, 270, 268, 271, 273, 271, 270,
    272, 271, 274, 274, 268, 271, 270, 271, 272, 271, 271, 272, 269, 272,
    267, 268, 270, 267, 271, 268, 272, 268, 271, 269, 271, 270, 274, 273,
    272, 271, 270, 274, 271 ]
headPositionsY: [ 72, 75, 75, 72, 71, 75, 75, 72, 75, 75, 72, 74, 73, 73,
    71, 73, 73, 74, 75, 72, 72, 73, 75, 73, 71, 72, 75, 73, 73, 73, 71,
    76, 75, 75, 75, 75, 73, 72, 71, 68, 68, 74, 76, 78, 79, 79, 78, 73,
    68, 69, 66, 66, 67, 70, 75, 76, 73, 71, 70, 68, 68, 66, 67, 68, 71,
    74, 74, 75, 73, 72, 71, 69, 71, 67, 69, 69, 71, 74, 76, 77, 74, 73,
    75, 69, 72, 69, 68, 71, 72, 70, 72, 71, 72, 74, 73, 72, 74, 72, 69,
    69 ]
