%YAML:1.0
---
videoName: "headNod44.mp4"
gestureLabel: 202
fps: 29
pixelSizeInCmTemp: 2.9567901234567900e-01
faceCenterPointX: 268
faceCenterPointY: 78
headPositionsX: [ 267, 269, 269, 268, 267, 270, 270, 267, 272, 267, 268,
    267, 267, 269, 271, 267, 272, 269, 270, 269, 269, 267, 267, 270, 267,
    267, 266, 268, 268, 266, 268, 266, 266, 269, 270, 268, 269, 267, 265,
    267, 266, 267, 264, 264, 266, 267, 267, 268, 266, 269, 268, 270, 266,
    267, 267, 267, 265, 270, 266, 269, 267, 267, 265, 268, 270, 267, 267,
    267, 270, 266, 271, 269, 270, 269, 269, 267, 269, 267, 268, 267, 269,
    269, 269, 269, 268, 266, 266, 270, 266, 269, 267, 268, 270, 269, 269,
    270, 267, 266, 266, 270 ]
headPositionsY: [ 79, 73, 74, 72, 77, 74, 74, 74, 72, 74, 74, 73, 73, 76,
    77, 74, 75, 78, 77, 83, 84, 87, 90, 96, 93, 92, 92, 86, 78, 75, 70,
    71, 69, 72, 70, 77, 78, 81, 84, 90, 85, 85, 78, 77, 72, 73, 74, 73,
    74, 82, 83, 88, 89, 90, 85, 80, 80, 78, 73, 76, 76, 78, 79, 82, 84,
    86, 83, 81, 80, 80, 77, 76, 78, 79, 78, 80, 83, 85, 87, 88, 86, 80,
    80, 78, 78, 79, 78, 76, 75, 76, 75, 80, 78, 77, 79, 76, 79, 76, 78,
    75 ]
