%YAML:1.0
---
videoName: "headNod43.mp4"
gestureLabel: 202
fps: 29
pixelSizeInCmTemp: 2.8855421686746985e-01
faceCenterPointX: 268
faceCenterPointY: 74
headPositionsX: [ 269, 271, 272, 270, 269, 268, 271, 270, 271, 269, 268,
    267, 268, 269, 270, 267, 269, 267, 269, 267, 270, 269, 268, 270, 265,
    268, 268, 266, 267, 268, 266, 267, 265, 264, 266, 265, 267, 265, 267,
    265, 264, 266, 264, 266, 266, 267, 265, 269, 264, 264, 267, 262, 265,
    262, 263, 262, 263, 267, 263, 263, 264, 262, 262, 262, 267, 263, 266,
    264, 265, 267, 265, 270, 270, 270, 269, 264, 269, 269, 269, 265, 268,
    269, 270, 270, 269, 268, 269, 267, 270, 269, 269, 268, 269, 268, 269,
    270, 266, 269, 268, 270 ]
headPositionsY: [ 75, 77, 74, 74, 76, 78, 76, 76, 78, 73, 76, 78, 73, 75,
    74, 75, 77, 73, 74, 77, 77, 76, 76, 74, 74, 79, 80, 81, 86, 88, 88,
    86, 89, 81, 78, 77, 80, 82, 81, 87, 88, 89, 90, 88, 82, 79, 80, 83,
    82, 85, 87, 89, 91, 88, 87, 84, 83, 84, 81, 83, 89, 87, 89, 92, 89,
    87, 85, 83, 81, 79, 78, 80, 82, 86, 88, 92, 90, 86, 83, 79, 78, 73,
    74, 73, 75, 74, 73, 72, 75, 71, 74, 75, 73, 76, 72, 73, 74, 76, 74,
    75 ]
