%YAML:1.0
---
videoName: "headNod25.mp4"
gestureLabel: 202
fps: 29
pixelSizeInCmTemp: 3.1933333333333330e-01
faceCenterPointX: 270
faceCenterPointY: 75
headPositionsX: [ 268, 273, 271, 269, 272, 269, 272, 272, 271, 271, 270,
    268, 266, 270, 268, 269, 271, 271, 273, 271, 271, 272, 273, 273, 270,
    273, 272, 273, 271, 270, 272, 274, 271, 270, 275, 271, 274, 274, 274,
    271, 271, 272, 272, 272, 272, 271, 273, 274, 272, 272, 271, 271, 270,
    274, 271, 273, 271, 272, 271, 272, 269, 270, 272, 272, 271, 270, 270,
    268, 268, 270, 271, 272, 269, 272, 271, 270, 269, 269, 274, 272, 271,
    273, 269, 271, 268, 271, 271, 270, 271, 274, 270, 271, 270, 272, 270,
    271, 271, 269, 269, 269 ]
headPositionsY: [ 73, 75, 73, 75, 75, 75, 74, 72, 76, 75, 73, 73, 76, 74,
    76, 75, 75, 75, 73, 76, 76, 73, 72, 77, 72, 73, 74, 76, 74, 73, 74,
    76, 77, 76, 75, 75, 76, 77, 75, 74, 76, 74, 73, 75, 74, 76, 76, 73,
    74, 72, 71, 67, 68, 67, 63, 65, 65, 67, 68, 70, 71, 77, 79, 85, 89,
    90, 88, 88, 85, 83, 80, 73, 72, 73, 67, 70, 69, 71, 69, 71, 72, 75,
    77, 78, 79, 79, 77, 76, 78, 77, 74, 76, 75, 77, 77, 75, 74, 74, 76,
    75 ]
