%YAML:1.0
---
videoName: "headNod38.mp4"
gestureLabel: 202
fps: 29
pixelSizeInCmTemp: 2.9937500000000000e-01
faceCenterPointX: 267
faceCenterPointY: 73
headPositionsX: [ 266, 266, 265, 267, 269, 269, 268, 267, 268, 266, 268,
    268, 264, 269, 266, 266, 264, 268, 267, 267, 265, 267, 264, 264, 268,
    264, 265, 264, 266, 262, 267, 267, 266, 266, 263, 265, 266, 265, 266,
    267, 264, 265, 266, 266, 267, 266, 267, 266, 268, 269, 268, 267, 266,
    265, 270, 271, 269, 267, 270, 269, 268, 268, 266, 270, 271, 267, 270,
    269, 269, 269, 271, 268, 266, 269, 266, 270, 269, 269, 266, 269, 266,
    266, 267, 268, 268, 270, 266, 267, 266, 268, 267, 269, 265, 267, 265,
    269, 269, 266, 268, 268 ]
headPositionsY: [ 72, 73, 75, 74, 77, 83, 85, 87, 84, 85, 82, 76, 76, 75,
    76, 79, 85, 83, 88, 83, 81, 79, 76, 75, 76, 78, 83, 85, 88, 86, 87,
    86, 80, 81, 77, 75, 74, 73, 76, 78, 81, 84, 90, 89, 86, 83, 78, 77,
    72, 72, 73, 72, 73, 73, 79, 81, 86, 86, 85, 81, 79, 78, 76, 75, 73,
    72, 72, 73, 73, 77, 79, 81, 86, 85, 87, 82, 83, 82, 81, 75, 73, 72,
    72, 74, 71, 72, 71, 72, 72, 74, 73, 75, 71, 75, 75, 72, 74, 73, 75,
    74 ]
