%YAML:1.0
---
videoName: "headNod32.mp4"
gestureLabel: 202
fps: 29
pixelSizeInCmTemp: 2.8855421686746985e-01
faceCenterPointX: 266
faceCenterPointY: 74
headPositionsX: [ 266, 269, 269, 266, 268, 267, 266, 268, 266, 266, 268,
    265, 264, 263, 264, 266, 267, 266, 266, 266, 268, 268, 267, 267, 269,
    268, 267, 265, 266, 267, 269, 264, 264, 269, 268, 265, 266, 269, 269,
    268, 267, 268, 266, 268, 266, 267, 269, 267, 268, 266, 268, 269, 267,
    267, 267, 269, 266, 265, 267, 268, 269, 269, 268, 265, 267, 266, 270,
    265, 265, 265, 264, 267, 268, 267, 265, 267, 265, 268, 268, 264, 266,
    265, 264, 264, 267, 265, 269, 269, 267, 269, 268, 266, 266, 268, 266,
    268, 269, 268, 265, 266 ]
headPositionsY: [ 75, 78, 80, 80, 78, 78, 78, 80, 76, 76, 78, 78, 80, 78,
    77, 76, 78, 78, 76, 79, 76, 77, 77, 77, 75, 80, 76, 79, 76, 77, 78,
    80, 77, 75, 80, 78, 79, 76, 78, 76, 77, 80, 75, 76, 78, 77, 76, 77,
    78, 75, 77, 77, 80, 79, 74, 78, 73, 73, 74, 73, 69, 69, 65, 64, 64,
    70, 69, 75, 76, 82, 85, 89, 90, 87, 85, 81, 76, 72, 72, 69, 70, 70,
    71, 71, 72, 75, 75, 75, 73, 75, 77, 76, 78, 75, 72, 75, 77, 74, 74,
    75 ]
