%YAML:1.0
---
videoName: "headNod18.mp4"
gestureLabel: 202
fps: 29
pixelSizeInCmTemp: 3.3263888888888887e-01
faceCenterPointX: 255
faceCenterPointY: 77
headPositionsX: [ 255, 257, 258, 254, 259, 256, 255, 258, 257, 255, 255,
    257, 257, 254, 257, 256, 254, 255, 256, 256, 254, 254, 252, 257, 254,
    255, 258, 253, 258, 252, 254, 254, 257, 255, 254, 257, 254, 258, 257,
    257, 257, 256, 254, 255, 254, 257, 255, 254, 258, 257, 256, 254, 254,
    254, 252, 252, 253, 254, 253, 253, 253, 252, 253, 253, 257, 254, 254,
    256, 255, 255, 253, 256, 256, 254, 254, 253, 254, 257, 254, 256, 255,
    253, 254, 252, 252, 253, 256, 254, 255, 256, 252, 256, 252, 254, 255,
    256, 257, 254, 256, 256 ]
headPositionsY: [ 78, 76, 75, 76, 79, 77, 78, 77, 79, 79, 78, 78, 79, 78,
    78, 79, 77, 75, 80, 79, 75, 77, 79, 77, 79, 79, 77, 78, 79, 78, 78,
    76, 80, 76, 78, 80, 80, 78, 79, 75, 76, 72, 73, 73, 70, 70, 72, 70,
    76, 74, 75, 81, 78, 81, 78, 80, 75, 72, 70, 72, 74, 74, 79, 80, 80,
    85, 82, 80, 75, 73, 76, 75, 78, 80, 81, 81, 84, 82, 79, 74, 74, 74,
    75, 78, 77, 80, 84, 83, 79, 78, 77, 77, 75, 75, 75, 76, 77, 76, 78,
    80 ]
