%YAML:1.0
---
videoName: "headNod3.mp4"
gestureLabel: 202
fps: 29
pixelSizeInCmTemp: 3.1933333333333330e-01
faceCenterPointX: 264
faceCenterPointY: 76
headPositionsX: [ 266, 263, 265, 261, 265, 262, 263, 266, 264, 263, 268,
    266, 265, 266, 264, 265, 263, 266, 264, 267, 265, 263, 264, 264, 263,
    267, 267, 265, 263, 266, 264, 268, 265, 266, 266, 266, 264, 266, 267,
    265, 267, 264, 266, 264, 267, 264, 265, 263, 268, 263, 266, 267, 268,
    266, 266, 261, 263, 264, 261, 263, 266, 262, 262, 263, 265, 265, 265,
    265, 263, 265, 265, 264, 264, 266, 263, 265, 262, 265, 261, 265, 263,
    264, 262, 266, 263, 263, 262, 263, 266, 265, 265, 262, 265, 263, 264,
    264, 266, 266, 263, 265 ]
headPositionsY: [ 74, 74, 77, 75, 79, 75, 78, 78, 77, 73, 74, 72, 72, 74,
    73, 72, 74, 75, 72, 74, 70, 71, 74, 72, 72, 71, 73, 75, 72, 77, 72,
    72, 74, 75, 73, 76, 76, 77, 74, 73, 76, 74, 73, 74, 73, 68, 66, 66,
    68, 66, 70, 68, 72, 73, 77, 79, 84, 84, 84, 79, 74, 74, 69, 70, 67,
    67, 70, 71, 75, 78, 79, 84, 83, 79, 79, 75, 72, 71, 67, 65, 66, 68,
    67, 73, 74, 75, 78, 81, 79, 82, 76, 79, 78, 77, 78, 79, 77, 75, 76,
    78 ]
