%YAML:1.0
---
videoName: "headNod10.mp4"
gestureLabel: 202
fps: 29
pixelSizeInCmTemp: 3.2808219178082193e-01
faceCenterPointX: 260
faceCenterPointY: 67
headPositionsX: [ 261, 258, 261, 257, 256, 260, 259, 258, 257, 260, 257,
    257, 257, 259, 259, 257, 257, 256, 258, 256, 260, 257, 258, 259, 261,
    258, 260, 258, 258, 256, 261, 260, 261, 260, 258, 258, 260, 259, 258,
    259, 259, 260, 260, 261, 259, 259, 259, 259, 260, 259, 259, 259, 260,
    261, 259, 261, 258, 257, 259, 260, 260, 262, 260, 263, 260, 262, 258,
    258, 260, 258, 259, 259, 258, 257, 261, 257, 260, 258, 258, 259, 256,
    260, 258, 257, 260, 259, 258, 260, 259, 258, 257, 260, 260, 262, 258,
    261, 259, 259, 258, 263 ]
headPositionsY: [ 69, 72, 68, 72, 71, 72, 70, 70, 70, 69, 70, 71, 68, 70,
    69, 68, 69, 68, 72, 68, 68, 71, 67, 69, 69, 68, 70, 68, 71, 68, 68,
    72, 70, 69, 68, 70, 70, 71, 71, 73, 74, 74, 69, 68, 69, 65, 63, 60,
    61, 65, 64, 68, 68, 71, 74, 73, 70, 72, 68, 68, 65, 62, 62, 65, 66,
    69, 71, 74, 78, 76, 76, 74, 69, 64, 64, 66, 67, 67, 70, 71, 74, 78,
    73, 75, 70, 69, 67, 69, 69, 67, 66, 66, 66, 64, 66, 66, 66, 66, 67,
    66 ]
