%YAML:1.0
---
videoName: "headNod9.mp4"
gestureLabel: 202
fps: 29
pixelSizeInCmTemp: 3.1513157894736843e-01
faceCenterPointX: 261
faceCenterPointY: 75
headPositionsX: [ 260, 262, 263, 259, 259, 262, 259, 263, 259, 259, 258,
    259, 259, 260, 260, 261, 260, 262, 263, 258, 261, 260, 259, 258, 262,
    260, 261, 262, 263, 260, 260, 261, 263, 261, 263, 262, 262, 258, 261,
    260, 261, 262, 259, 262, 262, 260, 260, 261, 262, 259, 257, 260, 259,
    258, 263, 262, 259, 261, 262, 258, 260, 261, 260, 262, 262, 259, 263,
    263, 260, 260, 261, 261, 261, 261, 260, 260, 261, 260, 260, 259, 257,
    260, 258, 260, 261, 260, 258, 260, 257, 260, 259, 258, 262, 259, 261,
    259, 260, 262, 261, 262 ]
headPositionsY: [ 75, 75, 75, 73, 73, 75, 75, 74, 77, 75, 77, 74, 78, 75,
    77, 74, 73, 73, 77, 77, 75, 74, 77, 75, 77, 75, 77, 75, 73, 75, 76,
    77, 81, 78, 80, 78, 77, 77, 76, 71, 72, 75, 75, 83, 83, 86, 86, 83,
    81, 79, 76, 74, 78, 79, 83, 83, 86, 83, 80, 79, 73, 74, 75, 72, 79,
    81, 83, 84, 82, 83, 78, 74, 75, 71, 69, 74, 74, 75, 78, 78, 83, 81,
    83, 81, 81, 79, 74, 77, 75, 75, 74, 70, 71, 72, 75, 74, 73, 74, 75,
    72 ]
