%YAML:1.0
---
videoName: "headNod8.mp4"
gestureLabel: 202
fps: 29
pixelSizeInCmTemp: 3.1933333333333330e-01
faceCenterPointX: 262
faceCenterPointY: 74
headPositionsX: [ 260, 264, 261, 259, 259, 259, 260, 262, 260, 261, 260,
    264, 264, 260, 261, 262, 263, 263, 260, 260, 260, 260, 260, 262, 261,
    262, 260, 261, 261, 259, 260, 260, 263, 262, 263, 259, 259, 264, 263,
    262, 262, 262, 262, 260, 261, 263, 265, 263, 261, 261, 262, 259, 262,
    263, 259, 262, 262, 261, 263, 262, 263, 262, 259, 260, 262, 261, 263,
    262, 260, 262, 263, 262, 262, 262, 263, 261, 262, 258, 258, 263, 260,
    264, 265, 261, 260, 262, 260, 264, 264, 264, 262, 261, 264, 263, 262,
    265, 261, 263, 262, 264 ]
headPositionsY: [ 76, 77, 74, 74, 74, 77, 76, 78, 77, 74, 77, 74, 78, 77,
    78, 76, 78, 75, 77, 78, 75, 78, 78, 75, 78, 75, 76, 76, 78, 77, 74,
    75, 75, 75, 74, 76, 78, 76, 73, 77, 73, 72, 71, 68, 69, 67, 67, 71,
    71, 77, 75, 79, 83, 82, 80, 79, 80, 75, 75, 69, 72, 70, 71, 75, 76,
    82, 85, 85, 82, 80, 79, 74, 71, 71, 71, 73, 74, 78, 80, 80, 84, 84,
    83, 79, 74, 72, 72, 70, 74, 74, 73, 76, 77, 78, 76, 81, 79, 76, 76,
    74 ]
