%YAML:1.0
---
videoName: "headNod20.mp4"
gestureLabel: 202
fps: 30
pixelSizeInCmTemp: 3.2808219178082193e-01
faceCenterPointX: 253
faceCenterPointY: 80
headPositionsX: [ 254, 258, 257, 258, 254, 258, 254, 256, 256, 255, 255,
    255, 253, 254, 256, 253, 256, 258, 254, 258, 254, 257, 257, 257, 257,
    253, 256, 257, 256, 255, 258, 254, 255, 257, 255, 253, 252, 254, 254,
    253, 255, 255, 254, 252, 254, 253, 252, 254, 253, 251, 251, 254, 250,
    252, 252, 250, 250, 251, 251, 253, 252, 251, 253, 254, 253, 255, 253,
    251, 250, 251, 252, 255, 255, 250, 252, 255, 255, 255, 254, 253, 251,
    253, 254, 254, 255, 252, 251, 252, 255, 255, 254, 255, 252, 252, 251,
    251, 251, 253, 251, 252 ]
headPositionsY: [ 79, 76, 79, 80, 78, 80, 80, 80, 78, 76, 80, 79, 76, 79,
    79, 77, 81, 76, 78, 78, 77, 80, 78, 80, 79, 77, 78, 78, 82, 84, 85,
    85, 84, 86, 84, 83, 80, 79, 76, 72, 71, 71, 71, 72, 79, 82, 84, 87,
    87, 89, 86, 85, 79, 78, 75, 74, 75, 79, 78, 83, 82, 84, 82, 78, 77,
    76, 80, 80, 80, 85, 84, 79, 77, 76, 79, 81, 79, 79, 82, 81, 79, 80,
    81, 80, 82, 81, 80, 81, 80, 83, 82, 82, 80, 81, 80, 82, 82, 78, 82,
    81 ]
