%YAML:1.0
---
videoName: "headNod30.mp4"
gestureLabel: 202
fps: 29
pixelSizeInCmTemp: 3.2364864864864862e-01
faceCenterPointX: 271
faceCenterPointY: 72
headPositionsX: [ 273, 273, 270, 273, 272, 273, 271, 271, 274, 272, 271,
    271, 274, 274, 274, 272, 270, 270, 270, 272, 271, 271, 272, 272, 270,
    272, 273, 271, 273, 271, 271, 270, 269, 271, 273, 269, 272, 271, 272,
    270, 268, 269, 270, 269, 268, 271, 269, 267, 267, 268, 270, 271, 270,
    270, 269, 270, 268, 271, 270, 270, 273, 271, 269, 269, 271, 271, 270,
    269, 270, 269, 271, 272, 268, 273, 270, 271, 270, 269, 272, 270, 269,
    273, 270, 272, 270, 272, 272, 270, 273, 270, 270, 271, 271, 269, 269,
    273, 273, 271, 272, 272 ]
headPositionsY: [ 73, 73, 77, 74, 76, 73, 76, 75, 73, 77, 76, 73, 74, 78,
    78, 78, 76, 73, 78, 73, 73, 76, 74, 69, 69, 68, 66, 68, 68, 71, 71,
    78, 76, 80, 82, 82, 81, 78, 77, 75, 73, 70, 70, 70, 76, 74, 79, 78,
    80, 81, 79, 75, 74, 74, 70, 73, 71, 71, 73, 75, 74, 74, 75, 74, 73,
    72, 71, 71, 71, 71, 70, 70, 70, 71, 76, 72, 73, 76, 73, 71, 73, 70,
    68, 70, 69, 73, 70, 71, 74, 72, 74, 76, 75, 73, 71, 71, 74, 75, 73,
    72 ]
