%YAML:1.0
---
videoName: "headNod37.mp4"
gestureLabel: 202
fps: 29
pixelSizeInCmTemp: 2.9207317073170730e-01
faceCenterPointX: 269
faceCenterPointY: 78
headPositionsX: [ 270, 270, 269, 272, 270, 270, 272, 270, 271, 269, 271,
    271, 272, 268, 269, 268, 268, 269, 269, 271, 270, 271, 269, 266, 271,
    269, 269, 271, 268, 270, 271, 270, 269, 272, 270, 269, 267, 271, 268,
    272, 271, 269, 268, 270, 271, 270, 270, 268, 270, 269, 269, 267, 271,
    273, 268, 270, 271, 269, 267, 267, 267, 269, 266, 268, 267, 268, 264,
    268, 268, 267, 268, 266, 269, 268, 269, 267, 266, 267, 268, 271, 272,
    270, 272, 272, 269, 270, 267, 269, 270, 267, 268, 271, 271, 267, 270,
    269, 266, 267, 268, 267 ]
headPositionsY: [ 76, 78, 76, 78, 73, 76, 76, 75, 77, 75, 72, 78, 76, 76,
    77, 77, 75, 73, 76, 74, 78, 76, 77, 73, 75, 73, 76, 78, 73, 77, 76,
    76, 75, 76, 75, 73, 77, 76, 77, 76, 76, 74, 77, 77, 77, 76, 76, 74,
    75, 75, 74, 75, 72, 72, 68, 69, 64, 65, 67, 66, 72, 70, 80, 84, 86,
    88, 87, 85, 84, 81, 75, 74, 70, 67, 67, 64, 63, 65, 65, 71, 73, 74,
    76, 78, 80, 81, 84, 83, 79, 78, 80, 77, 76, 79, 80, 77, 77, 77, 78,
    79 ]
