%YAML:1.0
---
videoName: "headNod11.mp4"
gestureLabel: 202
fps: 29
pixelSizeInCmTemp: 3.2364864864864862e-01
faceCenterPointX: 261
faceCenterPointY: 75
headPositionsX: [ 261, 258, 260, 261, 259, 258, 258, 259, 256, 258, 257,
    257, 260, 260, 258, 257, 261, 259, 260, 261, 261, 261, 258, 262, 262,
    261, 261, 258, 262, 260, 260, 258, 262, 261, 260, 258, 262, 260, 260,
    260, 259, 258, 261, 259, 261, 260, 260, 258, 261, 259, 261, 261, 260,
    261, 261, 261, 260, 263, 258, 258, 258, 257, 257, 259, 260, 257, 259,
    256, 257, 257, 257, 258, 256, 260, 260, 256, 256, 255, 258, 257, 260,
    259, 256, 262, 259, 259, 257, 259, 258, 257, 258, 258, 258, 257, 258,
    262, 260, 261, 262, 261 ]
headPositionsY: [ 77, 73, 74, 74, 75, 73, 73, 76, 75, 72, 73, 76, 72, 77,
    75, 75, 76, 73, 76, 75, 76, 73, 76, 76, 74, 77, 76, 75, 75, 75, 73,
    75, 76, 73, 74, 75, 77, 74, 77, 76, 73, 76, 75, 74, 77, 76, 77, 71,
    74, 69, 70, 70, 68, 68, 69, 70, 72, 74, 78, 82, 80, 81, 78, 73, 71,
    69, 66, 71, 70, 71, 72, 76, 80, 78, 81, 79, 79, 79, 76, 71, 72, 72,
    69, 74, 76, 76, 78, 82, 82, 80, 80, 80, 79, 77, 77, 75, 76, 75, 78,
    73 ]
