%YAML:1.0
---
videoName: "StaticHandsUp03.mp4"
gestureLabel: 3
fps: 29
pixelSizeInCmTemp: 3.3732394366197183e-01
faceCenterPointX: 279
faceCenterPointY: 106
LHandPositionsX: [ 317, 320, 319, 316, 317, 319, 319, 320, 317, 317, 317,
    316, 317, 317, 316, 317, 318, 318, 316, 316, 320, 320, 319, 320, 320,
    320, 319, 318, 318, 320, 319, 317, 319, 318, 319, 318, 317, 316, 316,
    318, 318, 316, 316, 317, 319, 320, 317, 316, 315, 315, 315, 317, 319,
    318, 316, 316, 318, 315, 317, 316, 319, 316, 315, 316, 315, 318, 317,
    318, 315, 317, 316, 319, 316, 316, 315, 317, 316, 319, 317, 316, 319,
    316, 316, 315, 318, 316, 318, 317 ]
LHandPositionsY: [ 53, 53, 55, 54, 57, 53, 55, 55, 56, 57, 54, 54, 54,
    56, 55, 55, 57, 56, 56, 54, 56, 55, 55, 56, 57, 54, 54, 56, 55, 54,
    57, 56, 55, 56, 57, 53, 54, 53, 53, 53, 54, 54, 52, 52, 51, 52, 51,
    52, 50, 50, 51, 49, 49, 49, 48, 48, 46, 47, 47, 46, 46, 48, 46, 45,
    48, 45, 46, 48, 48, 47, 45, 48, 45, 45, 45, 44, 47, 43, 47, 43, 43,
    43, 45, 45, 43, 47, 45, 43 ]
RHandPositionsX: [ 201, 202, 204, 203, 201, 204, 203, 200, 200, 203, 201,
    202, 204, 200, 203, 204, 202, 204, 200, 204, 200, 200, 200, 204, 202,
    200, 203, 201, 201, 201, 203, 203, 202, 201, 203, 200, 200, 203, 202,
    201, 201, 202, 202, 204, 202, 202, 204, 204, 200, 203, 204, 203, 202,
    199, 201, 202, 200, 200, 200, 203, 200, 201, 203, 200, 202, 199, 202,
    201, 202, 201, 202, 203, 201, 199, 201, 202, 202, 200, 199, 201, 199,
    203, 203, 201, 202, 203, 203, 202 ]
RHandPositionsY: [ 37, 39, 39, 38, 38, 38, 39, 38, 36, 36, 38, 37, 37,
    40, 38, 40, 37, 39, 40, 37, 39, 39, 39, 39, 37, 36, 39, 39, 37, 37,
    36, 38, 40, 40, 39, 37, 37, 40, 40, 38, 36, 39, 39, 36, 34, 35, 38,
    34, 34, 34, 34, 35, 35, 36, 38, 36, 34, 37, 34, 35, 35, 34, 37, 37,
    35, 37, 38, 34, 37, 34, 36, 38, 37, 36, 33, 31, 34, 32, 33, 32, 31,
    32, 34, 34, 31, 35, 31, 33 ]
