%YAML:1.0
---
videoName: "StaticHandsUp03.mp4"
gestureLabel: 3
fps: 29
pixelSizeInCmTemp: 3.3732394366197183e-01
faceCenterPointX: 279
faceCenterPointY: 106
LHandPositionsX: [ 316, 317, 318, 318, 316, 320, 318, 318, 318, 316, 316,
    318, 317, 320, 318, 319, 318, 317, 317, 319, 320, 320, 316, 318, 318,
    319, 319, 316, 320, 318, 319, 318, 317, 319, 320, 317, 319, 316, 318,
    320, 317, 319, 316, 316, 316, 318, 319, 318, 317, 318, 316, 317, 318,
    315, 316, 318, 318, 317, 315, 315, 317, 315, 319, 317, 316, 316, 316,
    319, 318, 315, 317, 317, 315, 319, 318, 316, 316, 316, 316, 315, 318,
    319, 317, 316, 316, 316, 315, 315 ]
LHandPositionsY: [ 53, 57, 53, 53, 54, 54, 53, 53, 57, 56, 56, 57, 53,
    56, 57, 53, 57, 53, 57, 53, 56, 54, 53, 54, 56, 55, 53, 57, 56, 57,
    57, 55, 55, 53, 56, 56, 55, 54, 55, 55, 55, 51, 54, 51, 54, 50, 51,
    51, 52, 50, 52, 49, 49, 48, 48, 49, 47, 47, 50, 47, 45, 46, 48, 49,
    48, 45, 45, 47, 46, 46, 44, 44, 46, 45, 46, 47, 47, 45, 44, 46, 46,
    46, 44, 45, 44, 47, 46, 45 ]
RHandPositionsX: [ 200, 204, 203, 204, 201, 200, 203, 200, 200, 202, 203,
    200, 200, 203, 201, 202, 203, 200, 203, 201, 203, 204, 202, 203, 202,
    203, 204, 201, 203, 200, 201, 202, 201, 200, 204, 201, 201, 201, 201,
    203, 200, 202, 204, 203, 200, 201, 203, 203, 201, 201, 202, 201, 199,
    199, 200, 201, 203, 202, 202, 203, 201, 200, 199, 200, 202, 203, 202,
    199, 201, 200, 203, 202, 200, 202, 199, 203, 201, 201, 200, 201, 203,
    199, 202, 199, 200, 199, 200, 200 ]
RHandPositionsY: [ 38, 39, 39, 40, 39, 37, 38, 36, 37, 37, 39, 39, 40,
    37, 40, 37, 40, 36, 40, 39, 37, 38, 36, 39, 38, 36, 38, 36, 38, 38,
    39, 38, 37, 36, 37, 37, 39, 39, 37, 38, 36, 35, 37, 37, 37, 35, 34,
    36, 36, 35, 37, 38, 34, 38, 37, 36, 35, 35, 36, 38, 36, 34, 37, 35,
    35, 38, 34, 38, 36, 34, 38, 34, 36, 32, 34, 31, 35, 32, 31, 34, 31,
    34, 32, 32, 35, 35, 31, 32 ]
