%YAML:1.0
---
videoName: "StaticHandsUp03.mp4"
gestureLabel: 3
fps: 29
pixelSizeInCmTemp: 3.3732394366197183e-01
faceCenterPointX: 279
faceCenterPointY: 106
LHandPositionsX: [ 316, 316, 317, 317, 320, 319, 320, 320, 320, 316, 319,
    317, 317, 316, 319, 318, 316, 320, 319, 318, 318, 318, 316, 316, 317,
    319, 317, 320, 319, 317, 320, 316, 319, 317, 316, 316, 316, 320, 319,
    317, 320, 319, 319, 318, 317, 317, 320, 317, 316, 317, 319, 315, 317,
    318, 316, 315, 317, 316, 316, 319, 318, 316, 317, 315, 316, 317, 318,
    318, 319, 317, 319, 316, 316, 317, 318, 317, 318, 315, 317, 318, 319,
    317, 318, 318, 316, 315, 316, 315 ]
LHandPositionsY: [ 57, 53, 57, 53, 53, 53, 56, 56, 56, 56, 55, 54, 53,
    54, 54, 54, 56, 54, 54, 54, 53, 53, 56, 56, 54, 54, 55, 55, 54, 56,
    57, 53, 55, 53, 53, 56, 57, 52, 54, 55, 52, 54, 53, 50, 54, 52, 50,
    51, 52, 48, 48, 52, 49, 47, 51, 50, 50, 49, 49, 46, 48, 48, 48, 49,
    49, 48, 49, 46, 49, 47, 47, 44, 48, 44, 44, 43, 45, 45, 45, 47, 45,
    45, 43, 45, 44, 46, 45, 47 ]
RHandPositionsX: [ 203, 201, 204, 201, 204, 204, 204, 201, 201, 204, 200,
    204, 200, 204, 200, 204, 203, 203, 200, 204, 202, 201, 202, 201, 204,
    203, 202, 200, 202, 201, 200, 204, 201, 202, 202, 203, 203, 204, 201,
    204, 204, 203, 201, 200, 200, 202, 200, 202, 201, 202, 203, 200, 200,
    201, 200, 199, 201, 199, 200, 203, 200, 202, 201, 199, 201, 202, 200,
    199, 199, 201, 200, 203, 199, 200, 202, 202, 199, 199, 202, 201, 199,
    203, 203, 200, 203, 199, 202, 201 ]
RHandPositionsY: [ 39, 37, 40, 39, 36, 37, 40, 37, 36, 36, 37, 38, 37,
    36, 37, 38, 36, 36, 36, 40, 36, 37, 36, 37, 38, 36, 40, 40, 36, 38,
    37, 40, 40, 38, 37, 39, 38, 40, 38, 40, 35, 37, 37, 37, 35, 35, 37,
    35, 36, 34, 35, 36, 36, 37, 34, 37, 37, 34, 35, 38, 35, 36, 36, 38,
    34, 34, 34, 37, 38, 34, 38, 34, 33, 33, 31, 35, 34, 32, 33, 35, 35,
    35, 32, 34, 31, 34, 35, 32 ]
