%YAML:1.0
---
videoName: "StaticHandsUp03.mp4"
gestureLabel: 3
fps: 29
pixelSizeInCmTemp: 3.3732394366197183e-01
faceCenterPointX: 279
faceCenterPointY: 106
LHandPositionsX: [ 317, 320, 318, 316, 317, 318, 320, 316, 320, 320, 319,
    320, 319, 317, 316, 316, 318, 319, 317, 317, 320, 320, 320, 320, 318,
    319, 318, 319, 320, 316, 317, 318, 318, 319, 318, 319, 319, 317, 320,
    320, 320, 318, 317, 317, 317, 320, 317, 317, 316, 319, 319, 319, 315,
    318, 318, 315, 318, 317, 315, 318, 315, 319, 317, 318, 317, 316, 316,
    315, 316, 319, 318, 319, 317, 317, 317, 316, 315, 319, 315, 316, 318,
    315, 315, 318, 318, 319, 315, 318 ]
LHandPositionsY: [ 56, 55, 57, 54, 55, 53, 54, 55, 53, 54, 53, 55, 56,
    54, 55, 53, 53, 53, 53, 54, 55, 54, 54, 56, 56, 57, 55, 53, 55, 53,
    57, 57, 53, 57, 57, 57, 55, 55, 56, 55, 51, 55, 53, 51, 51, 50, 51,
    53, 53, 52, 51, 48, 48, 50, 49, 51, 46, 48, 46, 48, 48, 46, 45, 47,
    46, 46, 45, 46, 48, 46, 47, 44, 44, 46, 44, 45, 45, 45, 43, 43, 45,
    45, 44, 44, 46, 46, 44, 45 ]
RHandPositionsX: [ 203, 203, 201, 202, 203, 204, 202, 203, 203, 202, 204,
    201, 202, 200, 203, 200, 203, 202, 203, 202, 204, 201, 200, 203, 202,
    204, 203, 203, 201, 202, 201, 203, 200, 203, 204, 200, 200, 202, 201,
    204, 202, 203, 204, 200, 203, 201, 201, 204, 202, 202, 203, 202, 203,
    203, 199, 202, 201, 199, 199, 202, 200, 202, 199, 203, 202, 201, 199,
    202, 201, 203, 203, 203, 201, 202, 201, 202, 201, 202, 201, 199, 199,
    202, 202, 201, 200, 199, 202, 201 ]
RHandPositionsY: [ 38, 39, 38, 37, 37, 39, 36, 36, 39, 37, 40, 36, 40,
    39, 40, 38, 38, 38, 38, 36, 38, 36, 36, 39, 39, 38, 40, 40, 40, 37,
    38, 39, 39, 37, 38, 40, 38, 37, 38, 38, 37, 38, 35, 38, 36, 37, 34,
    34, 34, 38, 36, 34, 36, 35, 38, 36, 38, 34, 34, 38, 36, 35, 38, 38,
    38, 35, 36, 35, 34, 36, 34, 37, 37, 33, 33, 34, 35, 32, 34, 34, 35,
    34, 35, 35, 34, 32, 32, 35 ]
