%YAML:1.0
---
videoName: "StaticHandsUp00.mp4"
gestureLabel: 3
fps: 29
pixelSizeInCmTemp: 3.4710144927536229e-01
faceCenterPointX: 281
faceCenterPointY: 110
LHandPositionsX: [ 386, 388, 385, 387, 385, 385, 388, 384, 388, 386, 384,
    384, 386, 384, 388, 388, 388, 388, 384, 385, 386, 385, 386, 384, 387,
    386, 386, 387, 384, 387, 388, 385, 387, 385, 384, 386, 387, 387, 386,
    384, 388, 388, 388, 385, 385, 387, 388, 387, 387, 387, 384, 386, 386,
    387, 384, 384, 388, 385, 385, 385, 385, 385, 384, 387, 387, 386, 386,
    387, 385, 387, 386, 384, 388, 387, 388, 385, 387, 385, 387, 386, 388,
    387, 388, 384, 385, 387, 388, 387 ]
LHandPositionsY: [ 39, 40, 40, 41, 40, 40, 38, 41, 40, 40, 42, 38, 42,
    39, 40, 38, 40, 40, 41, 40, 40, 38, 41, 42, 40, 42, 42, 41, 39, 39,
    38, 41, 40, 39, 42, 40, 42, 42, 42, 40, 41, 42, 42, 40, 42, 38, 40,
    39, 39, 39, 38, 39, 41, 41, 41, 39, 38, 39, 42, 39, 39, 39, 39, 42,
    39, 42, 39, 39, 40, 41, 40, 38, 41, 41, 40, 40, 42, 41, 42, 38, 38,
    39, 41, 42, 38, 38, 40, 42 ]
RHandPositionsX: [ 163, 167, 166, 165, 167, 167, 163, 167, 163, 166, 166,
    163, 165, 166, 164, 163, 167, 163, 167, 166, 165, 163, 165, 167, 163,
    163, 164, 164, 167, 164, 163, 166, 167, 164, 165, 166, 163, 164, 165,
    165, 165, 166, 167, 163, 163, 164, 167, 167, 165, 166, 167, 163, 165,
    163, 163, 163, 163, 167, 167, 165, 167, 163, 166, 166, 166, 163, 166,
    165, 165, 164, 164, 166, 166, 164, 165, 166, 166, 163, 165, 164, 164,
    165, 164, 167, 167, 165, 166, 167 ]
RHandPositionsY: [ 37, 37, 36, 34, 33, 34, 36, 33, 34, 35, 37, 37, 33,
    34, 33, 37, 34, 36, 35, 37, 35, 36, 33, 36, 33, 33, 36, 36, 34, 34,
    36, 35, 33, 37, 37, 35, 37, 36, 33, 36, 33, 34, 36, 34, 37, 34, 35,
    37, 37, 35, 34, 33, 34, 34, 35, 37, 35, 33, 35, 35, 35, 36, 33, 33,
    34, 37, 36, 35, 36, 37, 35, 36, 33, 34, 35, 34, 37, 33, 36, 34, 37,
    36, 37, 34, 34, 34, 35, 34 ]
