%YAML:1.0
---
videoName: "StaticHandsUp03.mp4"
gestureLabel: 3
fps: 29
pixelSizeInCmTemp: 3.3732394366197183e-01
faceCenterPointX: 279
faceCenterPointY: 106
LHandPositionsX: [ 319, 319, 319, 317, 318, 319, 317, 320, 317, 319, 320,
    316, 316, 317, 316, 316, 319, 319, 316, 318, 316, 317, 318, 319, 320,
    316, 316, 317, 316, 318, 320, 317, 318, 316, 318, 319, 317, 316, 319,
    316, 320, 317, 318, 317, 319, 316, 317, 316, 317, 317, 316, 317, 316,
    317, 319, 318, 315, 316, 315, 316, 319, 315, 315, 315, 319, 316, 317,
    317, 319, 316, 319, 318, 316, 315, 315, 316, 316, 319, 315, 319, 317,
    316, 319, 316, 315, 318, 316, 317 ]
LHandPositionsY: [ 56, 53, 55, 56, 56, 55, 56, 56, 55, 54, 56, 56, 54,
    54, 53, 56, 54, 53, 53, 53, 55, 56, 57, 53, 54, 54, 57, 56, 57, 56,
    56, 56, 56, 54, 57, 53, 53, 55, 55, 55, 52, 51, 53, 52, 52, 53, 49,
    50, 51, 49, 49, 51, 49, 49, 49, 49, 47, 49, 50, 50, 49, 45, 48, 47,
    49, 49, 49, 46, 48, 44, 45, 47, 46, 45, 44, 47, 47, 44, 45, 47, 46,
    46, 47, 43, 46, 44, 45, 47 ]
RHandPositionsX: [ 200, 200, 201, 202, 204, 201, 200, 201, 203, 203, 201,
    201, 202, 204, 202, 203, 203, 201, 201, 202, 201, 202, 203, 200, 204,
    201, 201, 203, 200, 203, 200, 200, 202, 201, 203, 202, 201, 200, 203,
    202, 201, 201, 201, 204, 204, 200, 200, 200, 200, 200, 204, 202, 200,
    201, 200, 199, 200, 201, 203, 203, 199, 203, 203, 203, 202, 199, 200,
    202, 201, 203, 201, 203, 202, 202, 203, 202, 202, 200, 200, 201, 199,
    199, 199, 202, 199, 199, 199, 199 ]
RHandPositionsY: [ 36, 37, 39, 37, 36, 39, 40, 37, 39, 40, 38, 37, 37,
    38, 37, 36, 40, 38, 36, 38, 40, 36, 40, 37, 36, 38, 37, 39, 38, 39,
    39, 37, 38, 40, 38, 36, 37, 39, 37, 40, 37, 36, 35, 37, 37, 38, 36,
    35, 35, 36, 37, 36, 35, 35, 34, 34, 38, 35, 35, 34, 38, 38, 36, 34,
    37, 38, 37, 38, 37, 36, 34, 38, 36, 33, 34, 32, 32, 31, 32, 35, 31,
    35, 32, 34, 33, 33, 33, 31 ]
