%YAML:1.0
---
videoName: "StaticHandsUp03.mp4"
gestureLabel: 3
fps: 29
pixelSizeInCmTemp: 3.3732394366197183e-01
faceCenterPointX: 279
faceCenterPointY: 106
LHandPositionsX: [ 320, 318, 316, 320, 317, 316, 319, 316, 320, 320, 320,
    320, 316, 316, 318, 316, 316, 318, 316, 317, 317, 319, 319, 318, 318,
    318, 319, 320, 316, 316, 318, 317, 317, 319, 317, 319, 317, 320, 316,
    316, 317, 316, 316, 320, 316, 318, 319, 317, 318, 317, 319, 319, 316,
    319, 317, 319, 316, 319, 319, 319, 317, 316, 316, 315, 316, 317, 315,
    317, 317, 315, 316, 318, 315, 317, 317, 315, 318, 318, 318, 317, 316,
    315, 315, 315, 317, 318, 317, 317 ]
LHandPositionsY: [ 57, 53, 54, 54, 53, 54, 55, 57, 54, 54, 55, 53, 55,
    57, 57, 54, 56, 56, 56, 57, 55, 55, 56, 56, 54, 57, 57, 54, 54, 56,
    53, 54, 57, 57, 57, 56, 56, 56, 56, 52, 52, 51, 54, 51, 54, 54, 49,
    53, 53, 52, 50, 51, 51, 48, 50, 51, 46, 50, 48, 47, 45, 45, 48, 46,
    46, 48, 48, 48, 47, 46, 44, 47, 47, 43, 44, 46, 44, 47, 47, 45, 44,
    47, 47, 46, 44, 44, 43, 47 ]
RHandPositionsX: [ 204, 202, 204, 202, 201, 204, 201, 200, 200, 204, 202,
    202, 202, 204, 204, 204, 203, 203, 202, 203, 200, 204, 201, 203, 200,
    202, 202, 204, 200, 204, 200, 203, 202, 204, 204, 204, 201, 204, 200,
    201, 204, 203, 203, 202, 201, 204, 204, 203, 204, 202, 200, 199, 202,
    203, 200, 199, 199, 199, 203, 202, 202, 199, 200, 201, 202, 199, 201,
    201, 202, 199, 201, 203, 201, 202, 201, 203, 203, 202, 203, 200, 203,
    203, 200, 199, 202, 203, 203, 199 ]
RHandPositionsY: [ 39, 38, 38, 38, 39, 36, 36, 37, 38, 36, 39, 37, 39,
    39, 40, 39, 40, 37, 39, 36, 36, 39, 36, 39, 40, 36, 36, 36, 40, 40,
    39, 37, 37, 38, 39, 38, 36, 36, 38, 36, 38, 37, 39, 34, 34, 35, 34,
    37, 35, 36, 36, 37, 37, 38, 37, 36, 36, 35, 36, 34, 34, 36, 37, 34,
    37, 34, 34, 37, 38, 35, 38, 34, 36, 32, 34, 34, 31, 31, 32, 31, 35,
    31, 35, 31, 34, 31, 32, 35 ]
