%YAML:1.0
---
videoName: "StaticHandsUp03.mp4"
gestureLabel: 3
fps: 29
pixelSizeInCmTemp: 3.3732394366197183e-01
faceCenterPointX: 279
faceCenterPointY: 106
LHandPositionsX: [ 318, 319, 320, 317, 316, 318, 318, 319, 318, 318, 316,
    318, 319, 317, 317, 317, 317, 320, 320, 317, 319, 317, 318, 319, 318,
    319, 320, 319, 319, 318, 319, 320, 317, 320, 316, 316, 317, 316, 318,
    318, 320, 320, 316, 318, 317, 317, 317, 319, 319, 316, 319, 317, 317,
    319, 316, 316, 318, 315, 319, 315, 317, 316, 318, 319, 319, 316, 317,
    317, 318, 317, 317, 317, 319, 318, 316, 315, 317, 315, 317, 315, 316,
    315, 315, 318, 317, 315, 319, 315 ]
LHandPositionsY: [ 54, 53, 57, 56, 57, 55, 55, 56, 57, 57, 55, 53, 56,
    53, 56, 53, 56, 56, 53, 56, 56, 57, 53, 55, 55, 56, 55, 53, 54, 54,
    56, 55, 54, 54, 56, 56, 53, 56, 56, 54, 52, 51, 53, 51, 52, 50, 50,
    50, 52, 51, 50, 52, 48, 49, 47, 48, 46, 46, 48, 46, 48, 49, 46, 47,
    47, 48, 45, 45, 46, 46, 46, 48, 44, 47, 43, 44, 43, 43, 46, 46, 44,
    44, 46, 43, 46, 46, 45, 47 ]
RHandPositionsX: [ 202, 201, 203, 202, 204, 202, 203, 203, 203, 203, 201,
    203, 204, 202, 201, 203, 200, 200, 204, 200, 200, 200, 204, 201, 203,
    204, 201, 200, 203, 201, 202, 202, 200, 201, 201, 203, 203, 202, 201,
    200, 203, 202, 204, 201, 204, 200, 203, 203, 200, 204, 202, 201, 200,
    199, 200, 199, 199, 200, 201, 200, 203, 200, 200, 203, 200, 203, 202,
    201, 202, 200, 202, 200, 201, 203, 203, 199, 200, 199, 199, 203, 201,
    200, 201, 201, 199, 200, 202, 199 ]
RHandPositionsY: [ 38, 39, 39, 39, 39, 36, 39, 38, 36, 37, 38, 38, 40,
    37, 39, 40, 39, 39, 38, 36, 39, 39, 36, 40, 37, 40, 39, 38, 36, 40,
    38, 37, 40, 40, 39, 40, 38, 37, 36, 37, 37, 37, 39, 36, 37, 35, 35,
    35, 37, 36, 36, 38, 35, 38, 34, 37, 37, 35, 38, 36, 37, 38, 35, 36,
    37, 37, 35, 38, 37, 35, 34, 36, 35, 35, 31, 31, 32, 34, 35, 34, 33,
    31, 35, 34, 33, 33, 33, 32 ]
