%YAML:1.0
---
videoName: "StaticHandsUp03.mp4"
gestureLabel: 3
fps: 29
pixelSizeInCmTemp: 3.3732394366197183e-01
faceCenterPointX: 279
faceCenterPointY: 106
LHandPositionsX: [ 318, 316, 320, 319, 317, 319, 318, 319, 320, 318, 316,
    320, 316, 319, 319, 318, 316, 316, 319, 317, 320, 318, 318, 317, 320,
    319, 319, 318, 320, 316, 316, 319, 317, 320, 319, 316, 316, 317, 319,
    317, 319, 320, 320, 318, 320, 318, 319, 316, 317, 316, 318, 318, 317,
    319, 316, 317, 319, 318, 315, 315, 319, 315, 315, 315, 318, 319, 319,
    317, 318, 315, 315, 316, 316, 315, 319, 315, 317, 319, 315, 316, 316,
    317, 316, 316, 315, 315, 315, 319 ]
LHandPositionsY: [ 54, 54, 56, 57, 56, 54, 55, 57, 56, 54, 53, 53, 57,
    56, 54, 54, 53, 57, 54, 54, 55, 57, 56, 56, 57, 53, 54, 57, 56, 54,
    54, 55, 53, 54, 57, 54, 57, 53, 55, 56, 52, 52, 55, 51, 53, 53, 50,
    50, 51, 48, 51, 50, 48, 51, 50, 49, 47, 47, 46, 46, 45, 49, 45, 46,
    49, 45, 45, 48, 45, 47, 45, 48, 44, 46, 46, 44, 43, 46, 43, 45, 45,
    46, 44, 45, 45, 45, 45, 45 ]
RHandPositionsX: [ 203, 202, 204, 202, 203, 201, 202, 202, 200, 204, 204,
    200, 203, 201, 200, 203, 200, 204, 202, 203, 203, 201, 204, 203, 202,
    201, 203, 200, 202, 204, 203, 202, 203, 201, 200, 204, 204, 203, 204,
    202, 200, 204, 202, 204, 201, 204, 200, 200, 203, 203, 200, 199, 199,
    199, 202, 199, 201, 203, 203, 200, 201, 202, 201, 199, 200, 203, 201,
    201, 203, 203, 199, 199, 200, 202, 199, 199, 202, 203, 199, 203, 202,
    201, 199, 199, 201, 201, 202, 200 ]
RHandPositionsY: [ 40, 39, 40, 39, 36, 39, 38, 38, 36, 38, 37, 37, 37,
    36, 39, 37, 38, 37, 37, 38, 36, 40, 40, 37, 36, 37, 38, 36, 36, 40,
    40, 40, 39, 38, 37, 36, 36, 40, 39, 36, 39, 36, 35, 35, 36, 35, 34,
    38, 38, 35, 34, 35, 37, 36, 36, 36, 37, 37, 37, 34, 35, 35, 38, 34,
    36, 37, 36, 36, 34, 34, 36, 35, 34, 34, 31, 32, 34, 32, 33, 31, 31,
    31, 34, 33, 35, 34, 32, 31 ]
