%YAML:1.0
---
videoName: "StaticHandsUp01.mp4"
gestureLabel: 3
fps: 29
pixelSizeInCmTemp: 3.5220588235294115e-01
faceCenterPointX: 273
faceCenterPointY: 96
LHandPositionsX: [ 413, 410, 411, 410, 412, 412, 412, 412, 412, 413, 411,
    410, 412, 413, 410, 410, 410, 413, 412, 414, 412, 413, 414, 414, 413,
    412, 411, 410, 411, 412, 412, 412, 410, 413, 413, 414, 414, 410, 414,
    412, 410, 414, 411, 414, 412, 412, 411, 413, 412, 411, 411, 411, 414,
    412, 414, 413, 411, 410, 413, 410, 410, 412, 412, 412, 413, 410, 413,
    412, 413, 414, 410, 413, 412, 412, 412, 410, 414, 412, 413, 410, 410,
    411, 411, 413, 414, 412, 411, 414 ]
LHandPositionsY: [ 44, 46, 45, 45, 45, 44, 43, 47, 43, 44, 44, 44, 47,
    46, 46, 43, 45, 46, 45, 45, 44, 45, 44, 44, 43, 43, 44, 46, 45, 45,
    43, 44, 43, 44, 46, 46, 44, 44, 44, 47, 46, 46, 46, 45, 43, 43, 43,
    47, 46, 47, 43, 46, 45, 46, 43, 45, 47, 46, 46, 46, 45, 47, 45, 45,
    43, 47, 46, 44, 46, 44, 45, 43, 43, 43, 43, 47, 43, 44, 45, 44, 45,
    44, 46, 47, 43, 47, 43, 44 ]
RHandPositionsX: [ 119, 116, 116, 116, 119, 117, 117, 119, 117, 118, 118,
    116, 118, 119, 116, 115, 116, 119, 116, 117, 115, 117, 115, 118, 115,
    115, 115, 115, 119, 119, 118, 119, 118, 119, 118, 117, 119, 119, 117,
    115, 116, 117, 116, 116, 117, 116, 116, 115, 116, 118, 117, 118, 118,
    119, 119, 115, 116, 117, 117, 117, 116, 116, 119, 118, 119, 117, 115,
    117, 117, 118, 116, 118, 119, 119, 115, 116, 117, 120, 116, 117, 117,
    117, 115, 116, 118, 116, 118, 116 ]
RHandPositionsY: [ 47, 46, 45, 43, 45, 45, 44, 45, 44, 46, 47, 43, 43,
    46, 44, 46, 46, 46, 44, 47, 45, 47, 46, 45, 44, 45, 47, 44, 45, 45,
    43, 44, 44, 43, 47, 44, 45, 44, 45, 45, 45, 46, 44, 47, 47, 46, 46,
    46, 47, 46, 47, 44, 47, 43, 44, 45, 45, 44, 45, 44, 43, 46, 44, 46,
    45, 43, 46, 46, 46, 45, 46, 43, 45, 43, 46, 43, 47, 47, 43, 46, 45,
    45, 45, 47, 47, 43, 43, 44 ]
