%YAML:1.0
---
videoName: "StaticHandsUp01.mp4"
gestureLabel: 3
fps: 29
pixelSizeInCmTemp: 3.5220588235294115e-01
faceCenterPointX: 273
faceCenterPointY: 96
LHandPositionsX: [ 412, 411, 410, 411, 414, 413, 411, 414, 414, 414, 414,
    414, 412, 414, 413, 414, 412, 413, 414, 412, 412, 414, 410, 411, 413,
    411, 414, 412, 411, 411, 413, 410, 414, 414, 414, 410, 412, 411, 413,
    412, 413, 413, 414, 412, 413, 410, 413, 414, 413, 410, 413, 413, 414,
    411, 410, 413, 414, 413, 413, 413, 412, 413, 413, 412, 411, 413, 410,
    412, 412, 411, 412, 411, 410, 412, 413, 414, 411, 410, 414, 413, 411,
    413, 412, 411, 413, 413, 411, 414 ]
LHandPositionsY: [ 44, 43, 44, 44, 46, 45, 47, 44, 43, 46, 43, 47, 46,
    44, 44, 44, 47, 45, 46, 46, 43, 46, 45, 44, 45, 47, 45, 43, 45, 46,
    44, 44, 47, 44, 44, 43, 44, 47, 47, 47, 44, 43, 45, 46, 45, 47, 43,
    46, 45, 45, 46, 45, 43, 46, 44, 47, 43, 45, 45, 45, 43, 46, 47, 44,
    44, 44, 45, 44, 45, 43, 44, 45, 44, 46, 43, 47, 45, 45, 43, 46, 44,
    43, 43, 44, 46, 45, 47, 47 ]
RHandPositionsX: [ 118, 119, 116, 116, 115, 118, 117, 116, 117, 118, 115,
    119, 118, 118, 119, 117, 118, 115, 116, 119, 117, 117, 117, 116, 117,
    116, 118, 119, 117, 119, 115, 116, 119, 115, 118, 118, 118, 119, 116,
    115, 116, 119, 116, 118, 118, 119, 116, 115, 118, 117, 118, 116, 117,
    119, 115, 116, 115, 115, 117, 117, 119, 115, 119, 116, 119, 117, 116,
    115, 115, 116, 118, 118, 116, 117, 115, 116, 117, 119, 117, 117, 118,
    119, 117, 119, 118, 115, 118, 115 ]
RHandPositionsY: [ 46, 46, 44, 47, 44, 46, 43, 45, 47, 47, 47, 43, 46,
    47, 43, 45, 47, 47, 44, 43, 46, 47, 46, 47, 47, 47, 43, 44, 44, 47,
    45, 46, 43, 46, 47, 45, 46, 44, 43, 45, 43, 45, 47, 47, 45, 45, 47,
    43, 46, 47, 43, 43, 46, 47, 47, 44, 43, 44, 47, 43, 47, 45, 43, 46,
    45, 43, 45, 44, 46, 45, 43, 43, 45, 46, 45, 44, 45, 46, 45, 47, 47,
    45, 46, 46, 46, 45, 43, 47 ]
