%YAML:1.0
---
videoName: "StaticHandsUp03.mp4"
gestureLabel: 3
fps: 29
pixelSizeInCmTemp: 3.3732394366197183e-01
faceCenterPointX: 279
faceCenterPointY: 106
LHandPositionsX: [ 317, 320, 318, 318, 316, 319, 318, 319, 318, 316, 317,
    320, 318, 318, 317, 318, 316, 318, 320, 319, 318, 316, 319, 319, 317,
    317, 319, 318, 318, 319, 319, 318, 320, 319, 317, 320, 317, 318, 317,
    316, 316, 320, 317, 317, 319, 319, 317, 315, 319, 315, 316, 319, 316,
    316, 319, 317, 319, 319, 317, 316, 316, 318, 315, 315, 316, 318, 318,
    317, 317, 319, 315, 316, 315, 319, 316, 319, 318, 319, 316, 315, 317,
    318, 317, 318, 315, 318, 317, 318 ]
LHandPositionsY: [ 57, 55, 53, 57, 56, 53, 55, 53, 54, 56, 56, 53, 57,
    55, 57, 53, 53, 57, 55, 53, 57, 55, 57, 56, 55, 54, 56, 56, 54, 55,
    56, 54, 53, 53, 55, 56, 57, 56, 52, 53, 51, 55, 55, 54, 52, 53, 50,
    53, 51, 52, 49, 50, 47, 50, 50, 49, 49, 48, 49, 50, 48, 45, 47, 47,
    45, 46, 46, 48, 45, 48, 48, 44, 48, 46, 43, 46, 43, 43, 43, 45, 45,
    45, 45, 45, 47, 47, 43, 45 ]
RHandPositionsX: [ 203, 204, 204, 201, 201, 200, 203, 203, 200, 200, 202,
    202, 200, 204, 202, 203, 200, 203, 201, 203, 203, 203, 201, 203, 200,
    204, 201, 201, 202, 201, 203, 203, 204, 200, 200, 202, 202, 201, 204,
    200, 201, 201, 203, 203, 201, 202, 200, 201, 204, 204, 203, 199, 200,
    199, 202, 203, 201, 202, 202, 200, 202, 201, 203, 202, 199, 202, 202,
    203, 202, 202, 199, 201, 201, 202, 203, 203, 202, 199, 201, 203, 201,
    199, 199, 199, 199, 203, 203, 201 ]
RHandPositionsY: [ 39, 40, 36, 37, 39, 37, 40, 38, 38, 38, 39, 40, 38,
    36, 38, 37, 36, 37, 40, 38, 40, 36, 38, 37, 36, 40, 40, 37, 36, 36,
    38, 36, 37, 38, 38, 37, 36, 39, 39, 40, 37, 37, 36, 36, 37, 38, 34,
    35, 37, 34, 36, 34, 36, 36, 38, 34, 36, 38, 38, 35, 35, 36, 35, 34,
    34, 38, 36, 37, 38, 35, 37, 37, 33, 35, 31, 33, 35, 35, 35, 35, 33,
    31, 35, 32, 35, 35, 34, 33 ]
