%YAML:1.0
---
videoName: "StaticHandsUp00.mp4"
gestureLabel: 3
fps: 29
pixelSizeInCmTemp: 3.4710144927536229e-01
faceCenterPointX: 281
faceCenterPointY: 110
LHandPositionsX: [ 384, 387, 388, 384, 385, 385, 385, 387, 388, 388, 384,
    388, 384, 388, 386, 384, 386, 384, 384, 386, 386, 386, 386, 384, 384,
    384, 386, 385, 387, 387, 387, 385, 387, 386, 387, 385, 387, 387, 384,
    387, 388, 386, 385, 388, 385, 385, 384, 385, 388, 384, 386, 386, 386,
    384, 387, 385, 386, 385, 388, 385, 384, 385, 387, 386, 387, 386, 388,
    385, 388, 387, 385, 384, 386, 388, 384, 384, 388, 384, 385, 385, 386,
    388, 384, 386, 386, 385, 387, 384 ]
LHandPositionsY: [ 42, 42, 40, 42, 42, 42, 42, 42, 42, 41, 39, 38, 41,
    42, 38, 40, 38, 42, 42, 41, 41, 40, 40, 42, 41, 40, 41, 40, 40, 40,
    40, 40, 40, 39, 39, 41, 39, 39, 42, 38, 39, 39, 41, 42, 39, 42, 41,
    39, 38, 39, 40, 40, 40, 41, 40, 42, 38, 41, 42, 42, 38, 42, 38, 42,
    40, 39, 41, 41, 38, 39, 42, 38, 42, 38, 41, 41, 39, 42, 39, 40, 40,
    41, 38, 42, 42, 41, 42, 41 ]
RHandPositionsX: [ 166, 165, 166, 166, 165, 166, 164, 166, 166, 167, 164,
    165, 166, 167, 165, 163, 164, 163, 164, 167, 166, 165, 165, 165, 164,
    166, 166, 163, 165, 166, 163, 166, 166, 165, 164, 164, 163, 167, 165,
    166, 164, 165, 166, 167, 165, 165, 167, 163, 167, 167, 165, 167, 163,
    166, 165, 163, 164, 166, 163, 166, 166, 165, 165, 166, 167, 166, 166,
    164, 165, 167, 167, 164, 167, 165, 166, 163, 163, 165, 164, 167, 164,
    163, 167, 166, 166, 164, 167, 166 ]
RHandPositionsY: [ 36, 34, 33, 34, 37, 37, 36, 33, 34, 33, 35, 35, 34,
    34, 34, 33, 33, 37, 37, 35, 36, 36, 36, 37, 36, 36, 34, 33, 36, 36,
    35, 34, 35, 35, 37, 36, 33, 35, 36, 37, 36, 37, 35, 37, 34, 37, 35,
    33, 36, 34, 37, 34, 33, 34, 36, 37, 37, 34, 35, 33, 36, 37, 34, 33,
    35, 36, 34, 37, 35, 34, 35, 35, 34, 36, 35, 37, 36, 35, 33, 33, 36,
    37, 37, 34, 36, 37, 35, 34 ]
