%YAML:1.0
---
videoName: "StaticHandsUp03.mp4"
gestureLabel: 3
fps: 29
pixelSizeInCmTemp: 3.3732394366197183e-01
faceCenterPointX: 279
faceCenterPointY: 106
LHandPositionsX: [ 316, 318, 317, 317, 316, 317, 317, 319, 317, 316, 318,
    317, 318, 316, 319, 318, 318, 319, 320, 318, 316, 316, 317, 316, 317,
    320, 317, 317, 320, 317, 319, 320, 320, 318, 316, 316, 320, 320, 319,
    318, 320, 317, 317, 318, 316, 318, 320, 318, 315, 319, 316, 317, 316,
    319, 318, 318, 317, 318, 318, 315, 317, 319, 316, 317, 315, 315, 315,
    316, 318, 319, 315, 315, 315, 315, 315, 315, 317, 316, 318, 318, 316,
    319, 319, 317, 319, 315, 318, 318 ]
LHandPositionsY: [ 57, 53, 55, 53, 56, 55, 56, 57, 53, 53, 56, 55, 57,
    53, 53, 56, 55, 56, 57, 53, 57, 54, 57, 53, 54, 56, 57, 57, 55, 57,
    57, 57, 53, 57, 57, 56, 57, 55, 55, 53, 51, 52, 52, 52, 51, 51, 53,
    50, 53, 48, 51, 51, 50, 51, 49, 47, 48, 47, 50, 48, 45, 47, 45, 45,
    47, 45, 45, 45, 48, 44, 48, 44, 47, 45, 45, 44, 47, 47, 47, 43, 43,
    43, 47, 44, 47, 43, 46, 45 ]
RHandPositionsX: [ 202, 201, 201, 201, 201, 204, 203, 200, 200, 201, 202,
    203, 204, 203, 204, 203, 203, 203, 202, 202, 204, 204, 201, 201, 200,
    204, 201, 203, 201, 203, 200, 203, 204, 202, 200, 202, 204, 204, 202,
    201, 204, 201, 200, 204, 201, 203, 202, 200, 203, 200, 204, 200, 199,
    199, 199, 202, 202, 200, 200, 200, 199, 203, 199, 200, 199, 200, 200,
    201, 203, 202, 201, 202, 202, 202, 201, 201, 202, 200, 199, 199, 200,
    201, 199, 202, 202, 202, 203, 202 ]
RHandPositionsY: [ 36, 36, 36, 40, 37, 37, 38, 38, 37, 38, 40, 40, 40,
    36, 39, 37, 39, 37, 38, 36, 38, 39, 40, 38, 36, 36, 36, 40, 38, 40,
    37, 40, 39, 40, 37, 39, 39, 37, 37, 38, 38, 39, 35, 38, 36, 35, 38,
    37, 37, 35, 38, 36, 34, 35, 38, 34, 35, 35, 35, 37, 35, 34, 37, 38,
    36, 34, 37, 35, 34, 35, 35, 34, 35, 32, 35, 33, 31, 32, 32, 33, 33,
    35, 32, 32, 31, 33, 35, 31 ]
