%YAML:1.0
---
videoName: "StaticHandsUp03.mp4"
gestureLabel: 3
fps: 29
pixelSizeInCmTemp: 3.3732394366197183e-01
faceCenterPointX: 279
faceCenterPointY: 106
LHandPositionsX: [ 317, 318, 320, 317, 317, 318, 316, 317, 317, 316, 316,
    318, 317, 320, 320, 317, 316, 316, 317, 316, 317, 320, 319, 317, 319,
    319, 319, 319, 316, 317, 317, 320, 317, 318, 319, 320, 320, 316, 316,
    316, 318, 319, 317, 318, 318, 317, 319, 316, 316, 319, 315, 319, 318,
    318, 319, 319, 317, 316, 319, 318, 316, 318, 319, 319, 318, 318, 318,
    317, 316, 315, 318, 318, 316, 318, 316, 315, 317, 317, 316, 319, 316,
    319, 318, 319, 316, 316, 315, 319 ]
LHandPositionsY: [ 53, 55, 53, 56, 53, 53, 56, 55, 54, 54, 54, 56, 55,
    53, 53, 53, 55, 53, 54, 53, 54, 53, 56, 56, 57, 55, 54, 55, 55, 54,
    53, 56, 56, 56, 56, 53, 56, 56, 55, 54, 51, 52, 53, 54, 53, 52, 52,
    53, 51, 50, 51, 50, 49, 48, 51, 49, 48, 47, 46, 49, 45, 47, 49, 46,
    47, 45, 48, 46, 48, 45, 48, 46, 48, 46, 43, 46, 44, 44, 46, 44, 45,
    43, 44, 44, 46, 43, 44, 44 ]
RHandPositionsX: [ 201, 201, 201, 200, 203, 202, 203, 204, 201, 200, 201,
    204, 201, 201, 203, 204, 200, 201, 201, 201, 204, 200, 203, 201, 203,
    200, 203, 200, 200, 202, 200, 203, 203, 200, 204, 201, 203, 201, 201,
    200, 203, 203, 204, 200, 203, 201, 201, 200, 201, 201, 201, 201, 199,
    203, 202, 203, 202, 199, 203, 200, 200, 200, 202, 199, 199, 203, 199,
    201, 201, 203, 203, 200, 203, 203, 201, 201, 202, 200, 199, 203, 202,
    203, 201, 199, 201, 199, 201, 200 ]
RHandPositionsY: [ 38, 39, 40, 38, 40, 36, 39, 40, 38, 38, 40, 39, 38,
    37, 37, 40, 37, 38, 39, 40, 40, 40, 36, 37, 38, 39, 40, 39, 39, 39,
    36, 36, 40, 38, 38, 37, 37, 37, 39, 39, 35, 36, 36, 35, 35, 38, 34,
    37, 38, 38, 36, 35, 35, 37, 35, 35, 38, 36, 37, 38, 37, 35, 38, 38,
    37, 35, 38, 36, 38, 36, 34, 34, 34, 34, 31, 32, 34, 32, 31, 32, 35,
    34, 34, 34, 35, 31, 35, 31 ]
