%YAML:1.0
---
videoName: "StaticHandsUp03.mp4"
gestureLabel: 3
fps: 29
pixelSizeInCmTemp: 3.3732394366197183e-01
faceCenterPointX: 279
faceCenterPointY: 106
LHandPositionsX: [ 320, 320, 318, 317, 318, 316, 320, 318, 320, 317, 316,
    317, 318, 317, 320, 317, 316, 318, 319, 319, 316, 320, 317, 319, 316,
    318, 317, 319, 318, 317, 318, 318, 319, 316, 316, 319, 320, 319, 316,
    317, 320, 318, 317, 319, 317, 316, 317, 316, 318, 316, 315, 319, 316,
    318, 315, 315, 316, 318, 315, 315, 319, 316, 316, 315, 315, 318, 317,
    318, 318, 316, 318, 316, 316, 318, 318, 316, 318, 316, 315, 317, 316,
    318, 316, 319, 316, 317, 319, 315 ]
LHandPositionsY: [ 56, 55, 56, 56, 57, 54, 54, 54, 53, 54, 56, 54, 53,
    55, 57, 54, 53, 55, 54, 53, 54, 56, 53, 57, 55, 57, 54, 53, 54, 57,
    57, 53, 55, 57, 53, 53, 57, 52, 53, 56, 54, 52, 54, 54, 51, 54, 53,
    49, 53, 52, 49, 50, 48, 49, 49, 48, 50, 49, 46, 46, 49, 46, 46, 47,
    48, 49, 48, 49, 46, 44, 47, 47, 44, 46, 45, 46, 46, 46, 47, 43, 47,
    44, 45, 43, 47, 45, 45, 46 ]
RHandPositionsX: [ 202, 202, 203, 202, 204, 201, 200, 202, 204, 202, 202,
    202, 204, 204, 201, 204, 201, 200, 204, 200, 200, 202, 204, 204, 201,
    202, 202, 204, 201, 202, 204, 202, 201, 201, 203, 203, 204, 203, 201,
    200, 203, 200, 203, 204, 202, 201, 200, 203, 202, 203, 200, 199, 201,
    201, 202, 202, 202, 202, 202, 202, 203, 199, 199, 200, 202, 199, 202,
    203, 203, 199, 200, 201, 199, 199, 199, 202, 201, 200, 203, 199, 202,
    203, 200, 199, 200, 202, 200, 202 ]
RHandPositionsY: [ 38, 39, 36, 39, 39, 38, 39, 38, 38, 38, 40, 36, 37,
    39, 37, 36, 37, 38, 39, 38, 37, 40, 36, 40, 39, 40, 39, 40, 39, 37,
    40, 40, 37, 37, 40, 40, 37, 39, 38, 40, 38, 37, 36, 34, 35, 34, 35,
    37, 37, 38, 35, 36, 37, 37, 35, 38, 34, 38, 34, 36, 38, 35, 37, 36,
    34, 38, 37, 34, 35, 38, 35, 35, 36, 33, 32, 34, 32, 33, 35, 31, 31,
    34, 33, 33, 35, 35, 34, 35 ]
