%YAML:1.0
---
videoName: "StaticHandsUp03.mp4"
gestureLabel: 3
fps: 29
pixelSizeInCmTemp: 3.3732394366197183e-01
faceCenterPointX: 279
faceCenterPointY: 106
LHandPositionsX: [ 319, 317, 316, 318, 320, 320, 320, 317, 317, 316, 316,
    320, 319, 318, 319, 317, 320, 317, 318, 318, 316, 317, 318, 318, 319,
    318, 317, 316, 317, 317, 318, 319, 317, 317, 320, 318, 316, 318, 317,
    319, 316, 320, 317, 317, 319, 320, 318, 319, 315, 319, 315, 318, 319,
    317, 319, 318, 319, 316, 318, 317, 317, 317, 315, 319, 318, 315, 318,
    319, 317, 315, 316, 317, 317, 316, 315, 319, 315, 319, 315, 319, 317,
    316, 315, 315, 319, 316, 317, 318 ]
LHandPositionsY: [ 55, 54, 57, 55, 54, 55, 53, 55, 55, 54, 54, 53, 55,
    54, 55, 54, 57, 56, 56, 54, 55, 54, 54, 55, 55, 53, 54, 54, 53, 55,
    55, 57, 56, 54, 57, 57, 56, 52, 55, 55, 52, 55, 52, 52, 54, 51, 49,
    52, 50, 52, 48, 52, 49, 49, 47, 48, 49, 49, 46, 50, 45, 49, 47, 47,
    49, 49, 48, 47, 46, 47, 48, 46, 48, 43, 46, 46, 46, 47, 46, 44, 44,
    44, 44, 46, 43, 47, 46, 45 ]
RHandPositionsX: [ 201, 200, 204, 202, 202, 204, 202, 201, 202, 200, 204,
    201, 203, 203, 203, 201, 204, 200, 201, 201, 201, 201, 202, 202, 203,
    203, 204, 201, 203, 201, 204, 202, 204, 204, 204, 202, 202, 200, 201,
    204, 204, 201, 204, 201, 203, 203, 201, 202, 201, 202, 202, 200, 202,
    199, 201, 201, 200, 201, 200, 199, 200, 201, 202, 202, 202, 200, 202,
    203, 199, 200, 203, 199, 200, 200, 199, 203, 201, 202, 203, 201, 199,
    199, 199, 199, 199, 200, 200, 201 ]
RHandPositionsY: [ 36, 36, 39, 36, 36, 39, 38, 37, 40, 39, 37, 36, 37,
    39, 38, 38, 37, 38, 38, 36, 39, 39, 38, 40, 38, 36, 40, 39, 40, 39,
    40, 36, 38, 40, 36, 39, 36, 39, 39, 37, 38, 36, 37, 34, 33, 35, 34,
    35, 34, 38, 36, 36, 37, 36, 35, 37, 38, 35, 35, 36, 37, 34, 37, 37,
    37, 36, 35, 36, 34, 36, 35, 38, 36, 32, 33, 32, 35, 34, 32, 35, 32,
    33, 34, 31, 32, 35, 34, 32 ]
