%YAML:1.0
---
videoName: "StaticHandsUp02.mp4"
gestureLabel: 3
fps: 29
pixelSizeInCmTemp: 3.5746268656716418e-01
faceCenterPointX: 284
faceCenterPointY: 111
LHandPositionsX: [ 385, 387, 386, 387, 385, 386, 386, 387, 387, 386, 386,
    387, 385, 387, 389, 389, 388, 388, 389, 389, 386, 388, 389, 389, 385,
    387, 389, 389, 386, 386, 389, 389, 387, 388, 385, 388, 385, 386, 386,
    385, 387, 387, 388, 388, 386, 387, 389, 386, 387, 389, 386, 385, 389,
    389, 386, 385, 385, 388, 385, 386, 388, 387, 388, 386, 387, 388, 389,
    385, 389, 387, 387, 387, 388, 388, 387, 386, 388, 386, 388, 385, 389,
    387, 389, 385, 385, 389, 386, 385 ]
LHandPositionsY: [ 46, 46, 45, 46, 45, 45, 46, 46, 49, 46, 47, 49, 49,
    48, 49, 46, 47, 49, 48, 49, 49, 47, 49, 47, 49, 45, 47, 48, 48, 47,
    45, 45, 48, 46, 45, 45, 47, 45, 45, 47, 46, 47, 48, 49, 47, 46, 45,
    48, 48, 48, 47, 45, 47, 48, 45, 49, 46, 46, 46, 48, 45, 49, 49, 48,
    48, 48, 48, 47, 47, 47, 48, 48, 44, 48, 48, 48, 44, 44, 48, 46, 48,
    45, 44, 48, 47, 47, 45, 44 ]
RHandPositionsX: [ 171, 173, 174, 173, 171, 171, 173, 172, 175, 173, 175,
    174, 172, 175, 172, 175, 173, 175, 172, 173, 174, 175, 174, 174, 174,
    172, 172, 174, 174, 174, 174, 172, 172, 174, 174, 171, 175, 172, 174,
    173, 172, 172, 173, 174, 171, 175, 172, 172, 171, 172, 175, 174, 173,
    171, 171, 175, 175, 172, 175, 172, 175, 174, 171, 172, 173, 173, 174,
    172, 174, 173, 173, 174, 172, 172, 171, 171, 172, 171, 172, 174, 171,
    174, 175, 174, 172, 173, 175, 173 ]
RHandPositionsY: [ 43, 42, 40, 40, 40, 40, 40, 42, 42, 44, 42, 40, 41,
    44, 40, 42, 41, 44, 42, 42, 42, 42, 44, 44, 43, 41, 42, 42, 40, 43,
    41, 42, 40, 43, 41, 44, 40, 44, 44, 42, 40, 41, 41, 40, 39, 43, 40,
    40, 41, 42, 40, 43, 41, 39, 39, 40, 41, 39, 39, 42, 41, 40, 43, 43,
    40, 41, 43, 40, 39, 41, 40, 42, 42, 40, 42, 42, 43, 43, 39, 42, 42,
    41, 41, 43, 40, 41, 40, 41 ]
