%YAML:1.0
---
videoName: "StaticHandsUp03.mp4"
gestureLabel: 3
fps: 29
pixelSizeInCmTemp: 3.3732394366197183e-01
faceCenterPointX: 279
faceCenterPointY: 106
LHandPositionsX: [ 318, 318, 319, 319, 318, 317, 316, 319, 317, 318, 320,
    316, 318, 318, 317, 317, 318, 316, 317, 320, 317, 317, 319, 320, 318,
    320, 319, 316, 316, 319, 318, 317, 320, 316, 316, 320, 319, 317, 317,
    320, 318, 320, 318, 317, 320, 316, 316, 317, 319, 319, 316, 319, 319,
    316, 317, 317, 318, 319, 317, 315, 315, 317, 316, 319, 316, 315, 317,
    315, 317, 317, 315, 316, 319, 316, 317, 317, 315, 316, 315, 317, 315,
    319, 317, 315, 316, 319, 318, 315 ]
LHandPositionsY: [ 55, 55, 53, 53, 53, 54, 53, 54, 53, 55, 55, 54, 54,
    53, 55, 54, 55, 56, 53, 54, 55, 54, 56, 55, 56, 57, 57, 57, 56, 54,
    54, 54, 54, 57, 53, 57, 56, 52, 54, 52, 53, 53, 55, 51, 53, 51, 53,
    53, 50, 48, 51, 50, 50, 50, 51, 47, 49, 48, 48, 47, 45, 49, 45, 46,
    45, 45, 48, 45, 47, 48, 46, 47, 45, 43, 44, 43, 44, 43, 46, 44, 43,
    47, 47, 43, 45, 43, 44, 45 ]
RHandPositionsX: [ 204, 201, 201, 202, 204, 204, 202, 201, 202, 204, 203,
    203, 202, 203, 200, 202, 201, 204, 203, 204, 201, 202, 202, 203, 202,
    203, 201, 202, 201, 203, 202, 200, 204, 200, 204, 204, 200, 204, 204,
    201, 203, 203, 204, 200, 203, 200, 201, 201, 204, 201, 201, 203, 201,
    201, 201, 203, 202, 201, 199, 200, 201, 199, 201, 201, 200, 200, 201,
    199, 202, 203, 203, 199, 199, 200, 200, 202, 199, 199, 201, 200, 202,
    199, 201, 200, 202, 203, 202, 199 ]
RHandPositionsY: [ 38, 39, 40, 40, 37, 38, 37, 39, 40, 36, 38, 36, 36,
    36, 40, 37, 38, 39, 39, 40, 39, 40, 36, 38, 37, 38, 36, 37, 38, 37,
    36, 37, 36, 37, 36, 38, 39, 37, 40, 36, 37, 39, 39, 38, 34, 34, 36,
    38, 35, 38, 34, 36, 36, 34, 36, 38, 34, 34, 34, 37, 36, 38, 36, 37,
    35, 36, 35, 35, 35, 37, 38, 35, 37, 32, 33, 32, 32, 31, 33, 31, 35,
    33, 34, 33, 34, 35, 31, 34 ]
