%YAML:1.0
---
videoName: "StaticHandsUp03.mp4"
gestureLabel: 3
fps: 29
pixelSizeInCmTemp: 3.3732394366197183e-01
faceCenterPointX: 279
faceCenterPointY: 106
LHandPositionsX: [ 317, 317, 317, 316, 318, 320, 318, 317, 320, 317, 320,
    319, 320, 319, 320, 319, 317, 320, 320, 318, 317, 320, 317, 316, 317,
    319, 316, 319, 319, 319, 319, 316, 319, 319, 316, 316, 317, 320, 319,
    320, 320, 319, 319, 320, 320, 317, 318, 316, 318, 318, 315, 319, 318,
    316, 316, 315, 315, 315, 317, 319, 315, 315, 318, 315, 315, 318, 315,
    318, 319, 315, 319, 319, 317, 316, 315, 319, 315, 318, 316, 319, 319,
    318, 318, 318, 318, 319, 318, 315 ]
LHandPositionsY: [ 54, 54, 54, 54, 56, 57, 53, 54, 54, 57, 55, 55, 53,
    57, 57, 56, 53, 57, 55, 54, 54, 57, 55, 56, 55, 55, 57, 54, 55, 57,
    55, 57, 57, 55, 54, 55, 56, 56, 53, 52, 51, 52, 51, 50, 51, 51, 49,
    49, 50, 48, 51, 49, 50, 49, 48, 47, 46, 50, 46, 48, 48, 47, 46, 49,
    45, 49, 46, 46, 47, 47, 44, 45, 44, 43, 47, 47, 46, 45, 45, 47, 43,
    44, 44, 43, 45, 45, 44, 45 ]
RHandPositionsX: [ 201, 204, 204, 200, 200, 203, 200, 202, 204, 203, 203,
    200, 201, 203, 203, 203, 201, 201, 202, 201, 203, 203, 201, 203, 204,
    200, 203, 200, 203, 202, 200, 203, 202, 201, 204, 204, 202, 202, 204,
    203, 204, 202, 200, 202, 203, 204, 204, 203, 202, 202, 200, 203, 199,
    199, 202, 201, 199, 201, 200, 203, 200, 201, 201, 199, 202, 202, 199,
    202, 203, 203, 201, 202, 202, 201, 201, 202, 199, 203, 200, 199, 199,
    203, 201, 201, 203, 200, 199, 202 ]
RHandPositionsY: [ 38, 38, 39, 40, 39, 37, 38, 36, 37, 40, 37, 38, 39,
    36, 38, 39, 38, 40, 38, 36, 40, 37, 38, 39, 39, 37, 39, 38, 39, 36,
    40, 36, 39, 39, 39, 40, 36, 40, 38, 36, 36, 38, 37, 36, 36, 34, 38,
    36, 34, 38, 35, 34, 34, 35, 35, 34, 35, 37, 37, 38, 34, 38, 38, 37,
    35, 34, 37, 36, 36, 35, 34, 34, 34, 36, 31, 32, 32, 33, 34, 33, 33,
    35, 34, 32, 33, 34, 33, 35 ]
