%YAML:1.0
---
videoName: "StaticHandsUp03.mp4"
gestureLabel: 3
fps: 29
pixelSizeInCmTemp: 3.3732394366197183e-01
faceCenterPointX: 279
faceCenterPointY: 106
LHandPositionsX: [ 317, 316, 316, 318, 316, 320, 320, 316, 320, 319, 317,
    320, 318, 317, 316, 316, 317, 318, 316, 319, 316, 317, 317, 320, 319,
    320, 318, 320, 319, 317, 320, 317, 320, 320, 317, 317, 316, 319, 319,
    318, 317, 320, 318, 319, 319, 317, 318, 315, 315, 315, 318, 317, 317,
    316, 317, 315, 319, 315, 317, 317, 316, 318, 319, 319, 318, 316, 317,
    318, 319, 315, 318, 317, 316, 317, 318, 318, 315, 318, 315, 317, 315,
    318, 318, 318, 315, 319, 318, 319 ]
LHandPositionsY: [ 56, 53, 54, 57, 55, 53, 53, 57, 56, 55, 55, 53, 56,
    54, 55, 57, 54, 54, 56, 54, 55, 54, 57, 55, 56, 57, 56, 53, 57, 53,
    54, 56, 57, 53, 54, 53, 56, 53, 56, 56, 54, 55, 54, 54, 52, 51, 49,
    52, 50, 48, 51, 50, 49, 49, 49, 51, 50, 48, 50, 46, 47, 47, 45, 49,
    47, 45, 46, 46, 48, 47, 45, 46, 47, 44, 43, 43, 45, 45, 46, 45, 47,
    44, 43, 44, 47, 43, 46, 44 ]
RHandPositionsX: [ 200, 202, 202, 203, 200, 201, 201, 202, 202, 204, 204,
    202, 202, 203, 203, 204, 200, 202, 204, 202, 202, 204, 204, 201, 203,
    202, 202, 202, 201, 203, 202, 204, 200, 201, 200, 200, 200, 203, 201,
    201, 200, 200, 201, 200, 200, 201, 200, 202, 202, 201, 204, 201, 199,
    201, 201, 200, 201, 199, 199, 203, 201, 202, 202, 200, 200, 201, 201,
    203, 200, 202, 199, 202, 200, 200, 202, 203, 202, 200, 199, 202, 202,
    202, 200, 200, 203, 201, 199, 202 ]
RHandPositionsY: [ 37, 39, 37, 40, 37, 40, 38, 37, 39, 37, 40, 38, 36,
    40, 37, 38, 36, 38, 39, 40, 40, 37, 39, 39, 39, 38, 39, 38, 36, 40,
    39, 36, 40, 36, 36, 36, 36, 38, 37, 36, 39, 37, 37, 34, 35, 37, 38,
    37, 38, 37, 36, 38, 35, 36, 35, 35, 34, 36, 35, 36, 37, 38, 35, 38,
    37, 36, 38, 37, 38, 34, 37, 38, 37, 32, 35, 32, 31, 34, 33, 33, 31,
    32, 33, 33, 32, 31, 35, 35 ]
