%YAML:1.0
---
videoName: "StaticHandsUp04.mp4"
gestureLabel: 3
fps: 29
pixelSizeInCmTemp: 3.4214285714285714e-01
faceCenterPointX: 286
faceCenterPointY: 105
LHandPositionsX: [ 447, 445, 443, 446, 444, 446, 445, 447, 447, 446, 443,
    447, 446, 443, 447, 447, 445, 445, 445, 443, 445, 446, 447, 444, 443,
    447, 446, 447, 443, 443, 445, 444, 446, 447, 443, 445, 443, 446, 443,
    445, 444, 445, 445, 443, 447, 444, 446, 446, 445, 447, 443, 443, 446,
    447, 447, 444, 443, 446, 446, 444, 447, 447, 444, 447, 446, 447, 445,
    446, 444, 444, 446, 446, 447, 446, 447, 446, 444, 443, 443, 447, 445,
    443, 443, 447, 445, 443, 447, 446 ]
LHandPositionsY: [ 65, 66, 63, 67, 63, 63, 64, 64, 64, 67, 66, 64, 67,
    65, 64, 66, 64, 67, 65, 67, 67, 65, 66, 67, 66, 64, 65, 65, 64, 64,
    67, 64, 64, 63, 66, 67, 63, 64, 67, 64, 67, 63, 65, 64, 63, 65, 64,
    67, 65, 66, 63, 66, 64, 65, 65, 65, 64, 67, 65, 63, 64, 64, 63, 64,
    67, 65, 64, 65, 65, 67, 65, 63, 65, 65, 63, 64, 67, 66, 63, 67, 66,
    66, 65, 64, 63, 63, 66, 64 ]
RHandPositionsX: [ 93, 92, 93, 90, 92, 90, 93, 93, 92, 91, 90, 92, 94,
    92, 94, 91, 90, 93, 93, 91, 93, 93, 92, 94, 94, 92, 90, 90, 91, 91,
    92, 93, 91, 92, 94, 91, 90, 93, 93, 92, 92, 91, 91, 91, 93, 94, 91,
    90, 93, 93, 90, 92, 94, 94, 92, 94, 91, 90, 93, 92, 91, 94, 91, 94,
    92, 92, 92, 91, 94, 94, 91, 92, 93, 93, 90, 94, 91, 90, 94, 92, 90,
    92, 92, 92, 94, 93, 93, 94 ]
RHandPositionsY: [ 44, 43, 44, 46, 45, 45, 44, 45, 43, 45, 43, 45, 43,
    44, 44, 44, 46, 43, 44, 45, 45, 45, 45, 45, 46, 45, 43, 44, 43, 43,
    44, 44, 46, 45, 47, 45, 45, 45, 44, 45, 47, 46, 46, 46, 46, 45, 46,
    46, 46, 43, 46, 46, 47, 43, 46, 45, 44, 46, 44, 48, 45, 48, 45, 45,
    48, 48, 48, 45, 47, 47, 47, 48, 46, 47, 46, 49, 45, 47, 45, 47, 48,
    47, 46, 48, 49, 49, 48, 46 ]
