%YAML:1.0
---
videoName: "StaticHandsUp03.mp4"
gestureLabel: 3
fps: 29
pixelSizeInCmTemp: 3.3732394366197183e-01
faceCenterPointX: 279
faceCenterPointY: 106
LHandPositionsX: [ 319, 320, 319, 316, 317, 319, 318, 320, 320, 320, 318,
    316, 320, 320, 318, 318, 319, 320, 319, 320, 319, 318, 316, 316, 319,
    318, 320, 317, 316, 317, 320, 316, 319, 317, 318, 319, 317, 317, 317,
    316, 319, 316, 320, 317, 316, 319, 320, 316, 315, 319, 315, 315, 319,
    315, 318, 319, 315, 318, 315, 317, 315, 318, 315, 319, 316, 318, 316,
    317, 316, 315, 318, 316, 315, 318, 317, 318, 316, 318, 319, 316, 318,
    316, 318, 315, 316, 315, 315, 319 ]
LHandPositionsY: [ 55, 54, 56, 57, 56, 54, 57, 57, 55, 56, 55, 57, 57,
    57, 56, 55, 55, 57, 54, 55, 55, 55, 57, 53, 56, 55, 53, 53, 53, 56,
    55, 56, 54, 54, 55, 57, 57, 56, 52, 54, 53, 51, 52, 53, 53, 51, 50,
    51, 51, 51, 48, 51, 48, 47, 51, 47, 49, 50, 47, 50, 47, 46, 46, 49,
    49, 48, 45, 48, 45, 46, 48, 48, 45, 43, 43, 45, 45, 46, 44, 44, 46,
    47, 43, 43, 43, 43, 46, 46 ]
RHandPositionsX: [ 200, 200, 202, 201, 204, 200, 204, 200, 200, 204, 201,
    201, 201, 203, 203, 200, 202, 201, 201, 201, 200, 200, 201, 203, 202,
    203, 203, 203, 203, 201, 204, 200, 200, 201, 201, 204, 202, 202, 204,
    200, 200, 203, 204, 202, 200, 202, 204, 204, 202, 201, 200, 199, 200,
    201, 201, 200, 203, 202, 203, 199, 203, 199, 199, 200, 201, 202, 202,
    201, 202, 201, 203, 199, 200, 199, 199, 199, 200, 200, 200, 201, 200,
    200, 200, 202, 203, 203, 203, 202 ]
RHandPositionsY: [ 38, 38, 39, 36, 39, 38, 37, 37, 38, 36, 36, 37, 38,
    37, 36, 40, 36, 40, 37, 36, 39, 39, 38, 36, 40, 37, 40, 37, 36, 36,
    40, 39, 36, 38, 40, 36, 38, 36, 36, 39, 37, 35, 35, 34, 37, 38, 37,
    35, 37, 36, 38, 38, 36, 37, 34, 35, 37, 36, 38, 35, 35, 35, 34, 34,
    38, 38, 37, 37, 35, 37, 38, 35, 37, 33, 33, 35, 32, 32, 31, 31, 32,
    34, 32, 31, 32, 35, 35, 33 ]
